707910 6 9 3 2 5 1 7 10 4 8  
707909 9 7 2 10 4 3 1 5 8 6  
707908 8 5 7 10 4 6 3 2 9 1  
707907 4 3 6 7 5 10 1 8 9 2  
707906 4 5 1 9 8 7 6 2 10 3  
707905 4 7 9 2 3 5 1 6 8 10  
707904 3 4 8 10 9 1 6 7 5 2  
707903 2 4 7 8 6 3 5 9 1 10  
707902 6 5 9 10 7 4 2 8 1 3  
707901 5 8 6 4 3 2 9 1 7 10  
707900 3 7 5 4 8 6 9 2 10 1  
707899 8 4 9 6 1 3 2 7 10 5  
707898 6 7 4 8 3 10 9 2 1 5  
707897 7 9 2 3 10 1 4 8 5 6  
707896 5 6 4 1 8 9 7 10 3 2  
707895 2 9 7 1 8 5 10 3 4 6  
707894 6 7 10 3 8 5 2 1 9 4  
707893 1 2 4 9 6 8 10 3 7 5  
707892 9 3 4 6 2 10 1 8 5 7  
707891 2 5 10 8 3 7 6 1 4 9  
707890 9 6 2 4 1 10 5 7 3 8  
707889 7 6 9 10 1 8 3 4 5 2  
707888 1 7 6 3 8 9 4 2 10 5  
707887 6 1 7 10 2 4 8 3 9 5  
707886 1 6 7 2 9 4 8 5 10 3  
707885 7 3 1 6 9 2 5 10 8 4  
707884 5 7 6 9 1 2 8 4 3 10  
707883 8 1 5 2 10 9 3 4 7 6  
707882 10 9 6 2 8 1 5 3 7 4  
707881 5 10 3 4 2 9 7 8 1 6  
707880 5 7 8 1 3 2 9 4 6 10  
707879 5 8 6 2 4 3 1 9 7 10  
707878 1 7 8 4 2 9 10 3 5 6  
707877 8 3 6 10 7 9 5 1 2 4  
707876 3 2 7 9 8 4 6 10 5 1  
707875 2 10 1 9 7 8 3 4 5 6  
707874 4 8 6 7 10 2 9 1 3 5  
707873 6 10 8 2 7 4 9 3 1 5  
707872 7 1 3 4 5 2 9 6 8 10  
707871 10 9 7 4 6 2 8 1 5 3  
707870 2 5 1 10 9 7 3 6 4 8  
707869 5 4 8 6 3 10 1 7 9 2  
707868 10 6 5 9 2 4 3 8 1 7  
707867 9 2 5 1 3 7 8 10 6 4  
707866 7 8 5 2 10 4 3 1 6 9  
707865 1 9 2 10 8 4 3 6 5 7  
707864 9 10 2 4 8 7 3 5 1 6  
707863 4 8 3 2 9 5 6 7 1 10  
707862 7 4 6 1 2 8 3 9 5 10  
707861 5 6 10 1 9 4 7 8 3 2  
707860 4 1 7 9 6 8 3 10 2 5  
707859 6 4 9 7 1 10 3 2 8 5  
707858 1 8 10 5 6 7 9 2 3 4  
707857 6 8 10 9 5 7 2 4 3 1  
707856 1 9 7 6 10 4 3 8 5 2  
707855 5 2 10 6 8 4 9 3 7 1  
707854 5 4 9 8 1 10 6 7 3 2  
707853 5 4 1 10 6 3 8 9 7 2  
707852 8 3 7 5 6 10 9 1 2 4  
707851 9 4 2 8 10 1 6 5 7 3  
707850 1 10 5 6 7 3 8 4 9 2  
707849 7 4 1 8 5 2 9 3 10 6  
707848 2 3 8 7 4 6 9 5 1 10  
707847 6 5 2 4 7 1 9 3 10 8  
707846 6 9 5 4 3 10 8 1 2 7  
707845 3 1 7 6 5 2 9 8 10 4  
707844 10 1 2 7 4 6 8 5 3 9  
707843 1 2 6 10 8 9 3 5 4 7  
707842 1 10 9 4 2 5 6 7 8 3  
707841 9 5 1 6 7 2 10 3 4 8  
707840 9 6 7 10 8 2 3 5 4 1  
707839 4 8 9 5 7 6 10 2 1 3  
707838 7 1 2 8 5 4 9 10 3 6  
707837 6 9 2 10 4 7 3 8 1 5  
707836 10 6 2 4 7 9 5 3 8 1  
707835 5 3 6 4 2 10 9 7 1 8  
707834 1 2 10 3 9 5 7 8 4 6  
707833 9 1 4 8 6 5 3 2 7 10  
707832 4 3 7 9 6 2 10 1 5 8  
707831 9 10 6 8 2 5 3 7 4 1  
707830 1 10 2 8 3 9 6 4 5 7  
707829 1 7 3 6 4 5 9 10 2 8  
707828 9 7 5 6 10 4 8 2 1 3  
707827 8 4 3 10 1 6 9 5 2 7  
707826 5 3 2 4 9 1 7 10 6 8  
707825 1 4 8 10 2 9 5 6 3 7  
707824 8 3 1 4 6 2 9 5 7 10  
707823 8 1 6 4 3 5 2 10 9 7  
707822 5 9 8 10 4 1 3 2 7 6  
707821 4 9 2 5 8 10 3 1 7 6  
707820 4 2 9 8 7 3 1 5 6 10  
707819 3 8 5 9 10 1 7 2 4 6  
707818 2 7 5 10 9 4 6 1 8 3  
707817 8 4 6 1 3 5 2 10 7 9  
707816 4 9 3 10 6 5 8 1 2 7  
707815 4 7 9 10 3 5 8 1 2 6  
707814 10 5 3 1 6 2 8 4 9 7  
707813 2 7 1 10 3 4 6 9 5 8  
707812 5 6 8 3 9 2 10 4 1 7  
707811 3 9 7 2 4 1 6 5 10 8  
