20181006-149 10 1 8 2 4 9 5 3 7 6  
20181006-148 5 4 1 2 6 3 10 8 7 9  
20181006-147 10 8 3 6 5 4 7 2 1 9  
20181006-146 8 7 1 10 4 3 5 9 6 2  
20181006-145 4 8 5 2 6 3 7 10 1 9  
20181006-144 9 7 5 3 4 6 2 1 8 10  
20181006-143 9 2 10 1 6 8 7 5 4 3  
20181006-142 10 5 2 7 8 4 6 3 1 9  
20181006-141 6 9 10 8 1 7 4 2 3 5  
20181006-140 10 4 7 2 8 5 3 6 1 9  
20181006-139 10 3 1 8 9 7 6 5 2 4  
20181006-138 5 9 4 8 3 6 2 7 1 10  
20181006-137 7 1 8 4 2 5 9 10 3 6  
20181006-136 10 6 8 5 2 7 9 3 1 4  
20181006-135 9 6 3 1 4 8 2 7 10 5  
20181006-134 7 10 1 6 3 8 4 5 2 9  
20181006-133 2 3 6 9 4 5 10 7 8 1  
20181006-132 3 6 10 7 4 5 9 2 1 8  
20181006-131 5 8 3 2 4 9 1 10 6 7  
20181006-130 7 9 10 1 4 3 8 5 2 6  
20181006-129 1 2 7 5 4 3 8 6 9 10  
20181006-128 6 5 3 4 9 8 7 10 2 1  
20181006-127 1 8 3 5 6 4 2 7 9 10  
20181006-126 3 2 1 7 10 9 4 6 5 8  
20181006-125 1 3 5 7 10 2 8 6 9 4  
20181006-124 1 6 9 7 3 5 8 4 2 10  
20181006-123 9 8 10 3 1 4 7 5 2 6  
20181006-122 5 4 7 8 1 2 3 9 6 10  
20181006-121 7 1 8 6 10 9 4 3 2 5  
20181006-120 5 7 3 9 8 4 10 1 6 2  
20181006-119 4 6 8 9 10 1 3 2 7 5  
20181006-118 1 9 7 4 5 6 2 8 10 3  
20181006-117 9 4 1 5 3 8 6 2 10 7  
20181006-116 7 3 6 9 5 10 1 8 4 2  
20181006-115 10 6 3 2 4 1 7 5 8 9  
20181006-114 3 4 8 7 9 1 6 10 5 2  
20181006-113 10 7 5 2 8 3 6 9 4 1  
20181006-112 10 5 3 9 2 7 4 8 1 6  
20181006-111 4 10 2 3 6 9 5 1 7 8  
20181006-110 10 8 4 7 3 6 1 5 9 2  
20181006-109 7 2 3 8 9 10 5 4 6 1  
20181006-108 10 3 8 4 6 7 2 5 9 1  
20181006-107 6 9 10 1 3 5 4 8 2 7  
20181006-106 3 9 5 8 10 6 4 1 7 2  
20181006-105 1 7 10 9 6 3 5 2 8 4  
20181006-104 6 10 5 2 3 9 1 4 8 7  
20181006-103 1 8 10 3 4 6 7 9 2 5  
20181006-102 6 5 8 7 3 10 2 4 9 1  
20181006-101 8 3 4 6 7 5 10 2 9 1  
20181006-100 6 9 1 4 7 5 10 8 3 2  
20181006-099 10 9 8 5 4 2 6 3 7 1  
20181006-098 5 1 4 2 9 3 10 8 6 7  
20181006-097 9 4 2 1 8 3 6 10 5 7  
20181006-096 4 5 3 9 10 8 7 6 2 1  
20181006-095 7 3 10 5 6 2 9 8 1 4  
20181006-094 4 2 6 1 9 10 7 5 8 3  
20181006-093 7 1 6 2 5 3 8 4 9 10  
20181006-092 4 7 9 3 10 6 5 8 2 1  
20181006-091 10 8 9 2 4 7 6 5 3 1  
20181006-090 9 8 6 4 5 7 3 2 10 1  
20181006-089 10 5 1 3 4 2 7 8 9 6  
20181006-088 1 4 10 9 3 7 2 8 5 6  
20181006-087 4 3 8 5 10 6 1 2 9 7  
20181006-086 10 6 9 3 1 2 8 4 5 7  
20181006-085 9 8 5 10 2 6 1 7 4 3  
20181006-084 1 10 5 9 3 7 8 2 4 6  
20181006-083 9 10 5 8 6 1 7 3 2 4  
20181006-082 8 2 4 9 10 5 6 7 1 3  
20181006-081 4 3 10 5 6 8 2 1 9 7  
20181006-080 8 1 9 2 3 7 4 6 5 10  
20181006-079 7 1 4 2 3 8 6 5 9 10  
20181006-078 7 2 4 5 6 9 8 10 1 3  
20181006-077 2 8 6 1 10 7 5 4 9 3  
20181006-076 1 9 2 4 6 5 10 3 8 7  
20181006-075 3 6 5 4 7 1 9 10 8 2  
20181006-074 1 2 10 4 3 6 5 7 9 8  
20181006-073 5 1 6 10 2 7 8 9 4 3  
20181006-072 8 2 6 3 10 1 4 5 9 7  
20181006-071 1 3 10 5 2 9 8 7 4 6  
20181006-070 4 3 9 10 2 8 5 1 7 6  
20181006-069 2 4 5 1 9 10 8 6 7 3  
20181006-068 2 1 9 6 10 5 7 4 8 3  
20181006-067 2 10 4 9 3 5 8 6 1 7  
20181006-066 10 6 5 8 4 1 2 3 7 9  
20181006-065 2 8 9 4 10 6 1 5 7 3  
20181006-064 2 7 5 3 9 4 6 8 1 10  
20181006-063 1 10 2 6 9 5 3 4 8 7  
20181006-062 7 5 6 3 10 9 2 8 4 1  
20181006-061 2 6 8 3 1 5 10 9 4 7  
20181006-060 5 6 8 2 1 10 4 9 3 7  
20181006-059 3 6 4 8 2 5 7 9 1 10  
20181006-058 1 10 2 6 9 3 5 4 7 8  
20181006-057 5 4 6 10 8 2 9 3 1 7  
20181006-056 5 7 1 2 6 10 4 3 8 9  
20181006-055 5 1 4 9 10 6 2 8 7 3  
20181006-054 8 4 7 3 2 1 5 10 6 9  
20181006-053 3 6 1 4 10 7 5 2 9 8  
20181006-052 5 2 8 6 1 9 10 7 3 4  
20181006-051 10 9 3 6 7 1 4 8 2 5  
20181006-050 7 10 9 3 4 8 6 1 5 2  
