20180717001 4 5 2 9 7 1 8 3 6 10 
20180717002 4 2 1 3 5 10 6 8 7 9 
20180717003 9 1 10 7 8 5 4 3 6 2 
20180717004 2 6 8 4 7 10 1 3 9 5 
20180717005 4 6 3 8 7 1 2 5 10 9 
20180717006 7 6 4 1 9 3 8 5 10 2 
20180717007 3 7 10 2 1 4 8 5 9 6 
20180717008 6 9 2 8 10 3 1 5 7 4 
20180717009 8 5 10 1 4 3 2 7 9 6 
20180717010 2 6 1 7 9 10 5 8 4 3 
20180717011 8 10 7 1 9 2 5 3 6 4 
20180717012 8 5 1 9 6 2 3 7 4 10 
20180717013 4 2 9 5 6 1 3 10 8 7 
20180717014 1 9 4 6 5 7 2 3 8 10 
20180717015 8 2 4 10 1 9 5 6 7 3 
20180717016 9 6 5 8 1 2 3 10 4 7 
20180717017 9 4 10 3 2 5 6 7 1 8 
20180717018 1 7 2 5 3 10 6 9 8 4 
20180717019 2 5 8 10 7 9 6 1 4 3 
20180717020 9 1 5 4 8 2 7 6 10 3 
20180717021 5 10 6 3 8 2 4 7 1 9 
20180717022 8 4 3 5 1 7 6 9 10 2 
20180717023 2 3 9 1 10 8 4 5 7 6 
20180717024 5 3 2 4 7 10 1 8 9 6 
20180717025 3 10 5 9 1 7 6 4 2 8 
20180717026 6 8 2 1 3 4 10 9 7 5 
20180717027 2 9 8 7 5 3 6 4 10 1 
20180717028 4 7 5 6 3 8 2 1 9 10 
20180717029 2 7 3 4 8 1 10 5 6 9 
20180717030 1 9 2 3 7 5 10 4 6 8 
20180717031 7 5 6 9 8 1 3 4 2 10 
20180717032 4 2 7 8 10 1 3 6 9 5 
20180717033 2 5 10 7 6 3 9 1 8 4 
20180717034 10 6 7 8 4 3 2 9 1 5 
20180717035 2 6 9 10 3 7 8 1 4 5 
20180717036 1 8 6 5 3 9 4 2 7 10 
20180717037 3 5 7 8 1 4 6 10 2 9 
20180717038 5 7 3 6 9 2 4 10 1 8 
20180717039 4 1 2 5 9 7 6 3 10 8 
20180717040 10 4 3 1 2 6 5 9 8 7 
20180717041 5 3 6 2 1 9 10 8 4 7 
20180717042 9 4 3 8 7 6 5 1 10 2 
20180717043 4 3 5 8 2 9 1 10 6 7 
20180717044 9 3 7 2 4 10 8 6 1 5 
20180717045 4 6 9 2 1 10 5 8 3 7 
20180717046 5 7 2 8 6 3 4 1 10 9 
20180717047 9 5 6 7 2 3 8 4 10 1 
20180717048 3 6 2 10 4 7 5 9 8 1 
20180717049 4 10 7 3 8 6 2 5 9 1 
20180717050 8 5 9 4 6 1 2 3 10 7 
20180717051 3 8 1 6 4 7 10 9 5 2 
20180717052 5 6 10 3 7 2 4 1 8 9 
20180717053 7 9 2 5 4 3 1 6 8 10 
20180717054 2 8 10 4 5 6 7 1 3 9 
20180717055 7 8 5 6 1 2 4 3 9 10 
20180717056 6 10 9 8 1 3 4 5 7 2 
20180717057 4 2 5 10 8 3 9 6 1 7 
20180717058 6 8 2 5 10 7 1 4 3 9 
20180717059 4 3 5 10 9 7 1 2 6 8 
20180717060 8 3 1 6 2 7 4 5 10 9 
20180717061 2 8 7 10 1 4 9 6 3 5 
20180717062 1 6 8 4 3 5 7 9 2 10 
20180717063 2 5 4 7 1 10 9 3 8 6 
20180717064 8 5 6 4 10 3 2 1 7 9 
20180717065 3 2 1 9 10 4 7 6 8 5 
20180717066 2 3 6 5 8 9 7 4 1 10 
20180717067 6 5 10 7 8 3 4 2 9 1 
20180717068 9 4 3 10 5 1 7 8 6 2 
20180717069 10 9 1 2 3 7 8 5 4 6 
20180717070 9 8 6 1 10 4 5 7 3 2 
20180717071 2 5 4 1 3 9 10 8 6 7 
20180717072 6 2 4 5 9 10 1 8 3 7 
20180717073 6 7 2 8 9 10 3 5 4 1 
20180717074 3 1 2 8 5 4 7 9 10 6 
20180717075 2 7 1 10 4 6 9 3 8 5 
20180717076 6 4 3 2 10 5 8 7 9 1 
20180717077 5 8 2 6 3 1 7 9 4 10 
20180717078 10 3 2 6 4 7 5 9 8 1 
20180717079 2 9 1 6 10 3 8 4 5 7 
20180717080 9 1 3 6 2 10 5 8 4 7 
20180717081 4 2 8 1 6 9 3 10 7 5 
20180717082 5 6 9 3 1 8 4 10 2 7 
20180717083 7 3 8 2 4 6 5 10 9 1 
20180717084 3 6 7 9 8 2 10 5 4 1 
20180717085 10 6 9 2 1 8 5 4 3 7 
20180717086 3 2 6 8 9 1 4 10 5 7 
20180717087 1 3 9 4 8 6 7 10 5 2 
20180717088 7 9 8 10 1 6 5 3 2 4 
20180717089 1 9 4 6 8 5 2 10 7 3 
20180717090 2 5 8 9 4 10 3 7 1 6 
20180717091 9 8 10 3 1 5 2 4 7 6 
20180717092 9 8 7 1 2 10 4 5 3 6 
20180717093 2 10 5 9 4 3 7 6 8 1 
20180717094 7 3 4 1 2 8 9 6 10 5 
20180717095 2 9 4 7 6 10 5 8 1 3 
20180717096 3 10 4 8 9 7 6 5 1 2 
20180717097 4 2 7 3 6 8 10 9 1 5 
20180717098 3 6 2 5 4 1 9 7 8 10 
20180717099 8 7 9 1 6 3 10 2 5 4 
20180717100 10 1 5 2 3 8 4 6 9 7 
20180717101 7 6 9 3 8 4 10 2 1 5 
20180717102 10 5 6 8 7 3 4 1 2 9 
20180717103 10 5 3 2 1 9 6 7 4 8 
20180717104 2 9 3 8 1 10 7 5 6 4 
20180717105 10 7 1 2 9 8 3 5 4 6 
20180717106 9 5 4 3 6 1 7 8 10 2 
20180717107 7 2 1 3 5 6 9 4 10 8 
20180717108 7 10 5 2 8 6 3 9 4 1 
20180717109 4 9 1 7 6 5 8 10 2 3 
20180717110 7 5 3 9 6 1 2 4 10 8 
20180717111 4 8 6 2 9 10 5 7 3 1 
20180717112 10 8 5 9 2 7 1 4 3 6 
20180717113 9 1 10 8 4 5 7 6 2 3 
20180717114 6 1 9 4 2 5 3 8 7 10 
20180717115 1 10 3 4 8 9 7 6 2 5 
20180717116 1 4 2 5 10 9 8 7 3 6 
20180717117 10 3 4 7 5 6 8 1 2 9 
20180717118 9 8 1 5 7 6 2 3 4 10 
20180717119 2 4 3 10 7 6 9 1 8 5 
20180717120 4 6 9 8 10 2 3 1 7 5 
20180717121 1 7 8 4 3 2 6 9 5 10 
20180717122 8 4 2 10 6 7 3 1 9 5 
20180717123 3 9 6 4 7 8 5 1 10 2 
20180717124 9 5 8 7 1 4 2 6 3 10 
20180717125 2 7 5 6 10 1 3 4 8 9 
20180717126 7 3 2 4 8 5 6 9 10 1 
20180717127 2 3 9 5 8 4 6 7 10 1 
20180717128 2 4 7 8 1 5 9 6 10 3 
20180717129 5 8 2 7 9 3 1 4 10 6 
20180717130 7 4 1 5 3 2 9 8 6 10 
20180717131 6 7 2 9 3 8 5 10 1 4 
20180717132 10 3 6 7 5 1 9 8 2 4 
20180717133 4 9 10 8 3 7 6 1 5 2 
20180717134 1 10 2 3 5 6 9 8 4 7 
20180717135 10 5 7 6 3 4 8 1 9 2 
20180717136 2 1 6 10 4 5 9 3 8 7 
20180717137 8 9 7 2 3 1 5 6 10 4 
20180717138 2 4 5 7 8 10 3 1 6 9 
20180717139 8 6 4 5 9 3 10 1 2 7 
20180717140 2 4 5 9 3 1 8 6 10 7 
20180717141 4 8 5 9 1 6 2 10 3 7 
20180717142 10 3 7 6 1 5 2 9 4 8 
20180717143 8 9 10 7 1 6 3 5 4 2 
20180717144 10 4 3 9 8 7 2 6 5 1 
20180717145 1 9 3 7 6 10 8 5 2 4 
20180717146 9 4 6 3 10 5 2 8 1 7 
20180717147 4 2 8 1 7 3 9 10 5 6 
20180717148 7 2 8 3 10 6 4 1 5 9 
20180717149 8 7 1 10 9 6 4 5 2 3 
20180717150 3 2 10 4 5 6 8 9 7 1 
20180717151 8 10 4 5 9 6 1 3 2 7 
20180717152 6 4 3 1 7 5 9 2 8 10 
20180717153 7 10 9 5 3 6 4 2 1 8 
20180717154 9 1 7 5 2 4 8 3 10 6 
20180717155 8 4 7 5 2 10 1 3 6 9 
20180717156 5 9 10 3 8 1 6 4 2 7 
20180717157 10 6 8 9 7 4 5 3 1 2 
20180717158 6 1 4 2 7 9 10 3 5 8 
20180717159 10 5 1 7 3 9 2 8 4 6 
20180717160 7 1 2 8 6 9 4 3 10 5 
20180717161 1 6 4 2 8 7 5 9 10 3 
20180717162 4 6 1 9 10 8 7 5 2 3 
20180717163 10 9 2 4 3 5 6 7 1 8 
20180717164 9 8 1 3 10 2 5 4 6 7 
20180717165 1 10 7 8 3 2 4 9 6 5 
20180717166 5 6 7 4 3 8 9 1 10 2 
20180717167 5 3 2 10 7 4 9 6 1 8 
20180717168 1 8 4 2 9 5 6 10 7 3 
20180717169 9 3 2 5 1 7 4 8 10 6 
20180717170 5 7 2 1 4 6 3 10 8 9 
20180717171 4 8 2 6 1 5 10 9 3 7 
20180717172 3 6 4 9 5 2 8 7 10 1 
20180717173 1 6 2 4 9 7 10 8 5 3 
20180717174 2 9 5 8 1 3 7 6 4 10 
20180717175 5 4 6 1 7 10 9 2 3 8 
20180717176 4 9 2 1 5 8 10 7 3 6 
20180717177 2 8 4 3 7 1 6 9 5 10 
20180717178 8 6 10 7 2 5 4 3 1 9 
20180717179 2 4 1 7 9 3 8 10 6 5 
20180717180 4 7 8 1 5 2 3 10 9 6 
20180717181 3 8 10 5 1 2 9 6 7 4 
20180717182 3 5 8 10 6 4 7 1 9 2 
20180717183 9 7 5 3 10 6 4 8 1 2 
20180717184 9 8 6 1 7 3 5 4 2 10 
20180717185 1 4 10 6 5 7 8 9 3 2 
20180717186 5 8 7 6 4 3 10 9 1 2 
20180717187 7 3 2 5 8 9 4 10 1 6 
20180717188 7 9 8 4 6 5 10 1 3 2 
20180717189 5 9 2 10 3 7 6 4 1 8 
20180717190 8 3 4 5 10 9 2 6 1 7 
20180717191 5 8 10 9 7 6 4 2 1 3 
20180717192 9 4 7 6 8 5 2 3 10 1 
20180717193 5 9 2 10 4 7 1 6 8 3 
20180717194 6 4 1 3 9 2 7 8 5 10 
20180717195 9 3 2 6 4 1 10 7 8 5 
20180717196 8 1 7 9 6 4 10 3 2 5 
20180717197 5 6 9 2 10 8 4 3 7 1 
20180717198 8 2 5 3 7 10 9 4 1 6 
20180717199 2 3 5 8 7 1 9 10 4 6 
20180717200 10 6 4 2 5 7 8 1 3 9 
20180717201 5 9 4 8 3 10 6 2 7 1 
20180717202 5 3 9 4 8 7 10 2 6 1 
20180717203 8 7 9 4 1 6 2 10 5 3 
20180717204 10 8 5 6 9 7 1 4 2 3 
20180717205 2 3 10 1 6 7 5 8 9 4 
20180717206 3 6 4 9 1 5 2 10 8 7 
20180717207 8 6 4 2 3 9 5 10 7 1 
20180717208 9 5 6 1 10 7 4 8 3 2 
20180717209 10 6 7 2 3 1 9 4 5 8 
20180717210 9 3 10 1 2 7 4 8 6 5 
20180717211 10 5 3 6 9 4 2 8 7 1 
20180717212 1 9 8 6 7 5 2 3 10 4 
20180717213 3 9 7 8 4 10 1 2 6 5 
20180717214 5 2 9 6 10 1 4 3 8 7 
20180717215 3 10 7 1 9 4 8 2 6 5 
20180717216 5 6 7 4 3 2 9 10 8 1 
20180717217 5 4 3 6 1 2 7 8 10 9 
20180717218 3 1 9 8 6 2 5 4 10 7 
20180717219 1 8 10 4 3 7 2 6 9 5 
20180717220 4 5 3 2 1 9 10 7 6 8 
20180717221 3 5 1 8 6 7 4 10 9 2 
20180717222 7 5 1 2 4 3 9 8 10 6 
20180717223 10 6 4 8 2 5 9 7 1 3 
20180717224 5 7 8 10 9 1 2 4 6 3 
20180717225 10 3 5 4 8 9 2 1 7 6 
20180717226 3 4 6 7 1 2 10 9 8 5 
20180717227 6 10 9 4 5 1 2 3 7 8 
20180717228 2 5 6 7 9 10 3 1 8 4 
20180717229 4 10 9 8 2 7 6 5 3 1 
20180717230 3 9 8 7 6 10 4 2 5 1 
20180717231 10 6 7 2 3 8 1 4 9 5 
20180717232 5 8 6 9 10 7 1 4 2 3 
20180717233 3 10 1 9 8 4 6 2 7 5 
20180717234 3 8 5 10 9 2 4 6 1 7 
20180717235 8 5 4 1 6 2 10 3 9 7 
20180717236 1 5 7 6 10 4 9 2 8 3 
20180717237 3 10 6 7 2 5 4 9 1 8 
20180717238 2 6 1 9 3 5 7 8 10 4 
20180717239 5 10 6 3 1 9 7 4 8 2 
20180717240 8 6 10 1 3 2 9 5 4 7 
20180717241 8 7 3 9 2 10 6 5 1 4 
20180717242 1 5 4 8 6 3 10 2 7 9 
20180717243 9 7 4 5 10 3 6 2 1 8 
20180717244 4 7 3 6 1 8 2 10 9 5 
20180717245 10 1 3 9 7 6 4 2 5 8 
20180717246 4 9 10 2 3 1 7 8 6 5 
20180717247 5 7 1 3 4 9 6 8 2 10 
20180717248 10 3 6 7 8 4 5 2 9 1 
20180717249 9 7 3 4 2 5 6 8 1 10 
20180717250 10 6 1 8 4 2 3 5 7 9 
20180717251 5 10 9 6 4 1 7 8 2 3 
20180717252 7 2 3 4 6 8 1 9 10 5 
20180717253 4 6 3 8 1 2 9 5 10 7 
20180717254 4 5 9 8 7 6 2 3 1 10 
20180717255 8 4 7 1 10 6 2 5 3 9 
20180717256 10 6 3 9 8 7 4 1 2 5 
20180717257 7 8 2 10 4 9 6 1 3 5 
20180717258 9 8 6 1 10 2 7 3 5 4 
20180717259 2 4 10 6 9 5 7 1 3 8 
20180717260 6 7 8 4 1 10 2 5 3 9 
20180717261 5 3 1 8 2 4 9 7 10 6 
20180717262 9 2 7 10 4 1 8 6 3 5 
20180717263 4 6 1 7 8 5 10 9 2 3 
20180717264 9 6 3 4 5 10 8 2 1 7 
20180717265 3 2 8 7 5 10 6 1 4 9 
20180717266 7 8 9 5 10 6 3 4 2 1 
20180717267 8 9 6 3 1 4 7 5 10 2 
20180717268 8 10 6 1 2 5 4 9 3 7 
20180717269 10 2 5 7 3 8 6 4 1 9 
20180717270 7 1 5 4 9 3 2 6 8 10 
20180717271 2 8 4 7 1 10 5 9 6 3 
20180717272 2 1 3 7 6 5 8 4 9 10 
20180717273 10 1 2 3 6 5 9 7 4 8 
20180717274 5 7 3 8 6 4 10 2 9 1 
20180717275 4 5 10 2 1 9 7 8 6 3 
20180717276 5 7 4 2 6 9 3 10 8 1 
20180717277 4 2 10 1 9 7 5 6 3 8 
20180717278 4 2 9 6 10 7 3 5 8 1 
20180717279 5 7 10 1 8 6 9 4 3 2 
20180717280 4 2 1 3 6 10 5 9 7 8 
20180717281 10 5 6 8 9 4 3 1 2 7 
20180717282 7 3 8 5 2 1 10 6 9 4 
20180717283 7 8 9 1 6 2 3 10 4 5 
20180717284 8 3 10 9 1 2 7 5 4 6 
20180717285 7 9 1 3 10 8 4 5 2 6 
20180717286 5 7 2 6 9 1 3 10 8 4 
20180717287 1 3 6 5 2 9 10 8 4 7 
20180717288 2 8 7 1 9 3 10 4 5 6 
20180717289 3 10 4 2 5 6 9 7 1 8 
20180717290 9 10 2 7 5 3 4 1 6 8 
20180717291 10 4 1 7 3 9 2 5 8 6 
20180717292 2 9 10 4 6 8 5 3 7 1 
20180717293 2 6 10 7 4 3 5 9 8 1 
20180717294 10 6 1 3 2 7 5 9 8 4 
20180717295 5 6 7 2 4 3 9 8 10 1 
20180717296 7 3 10 8 5 9 1 2 6 4 
20180717297 10 3 8 2 7 1 5 4 9 6 
20180717298 1 9 3 5 4 2 6 10 7 8 
20180717299 2 10 6 3 9 7 1 5 4 8 
20180717300 8 2 7 3 9 1 5 4 6 10 
20180717301 9 1 5 2 8 3 4 6 10 7 
20180717302 6 9 7 10 1 8 4 5 2 3 
20180717303 4 7 10 5 8 9 1 6 3 2 
20180717304 10 9 3 1 4 6 5 2 7 8 
20180717305 6 1 3 7 9 8 2 10 5 4 
20180717306 1 4 2 7 5 9 6 10 3 8 
20180717307 1 10 8 3 2 7 5 4 9 6 
20180717308 4 9 2 7 6 1 3 10 5 8 
20180717309 8 6 5 2 4 3 9 1 7 10 
20180717310 9 2 3 5 10 7 1 6 8 4 
20180717311 6 2 1 8 5 10 7 4 3 9 
20180717312 3 5 2 8 7 6 10 4 1 9 
20180717313 10 1 8 2 9 6 7 4 5 3 
20180717314 4 10 5 8 6 7 3 1 9 2 
20180717315 7 6 4 2 5 8 10 3 1 9 
20180717316 1 5 8 9 4 7 3 6 10 2 
20180717317 6 1 5 2 9 4 8 7 10 3 
20180717318 10 3 6 1 2 5 4 9 7 8 
20180717319 6 3 5 7 10 9 1 8 2 4 
20180717320 1 4 10 5 8 3 7 2 6 9 
20180717321 10 7 6 5 4 2 8 9 3 1 
20180717322 4 9 2 1 7 10 5 6 3 8 
20180717323 2 6 9 10 3 5 4 7 1 8 
20180717324 9 4 2 10 3 8 6 7 5 1 
20180717325 9 1 8 4 6 2 7 10 3 5 
20180717326 3 8 1 5 10 9 7 4 6 2 
20180717327 2 8 1 3 6 9 7 5 10 4 
20180717328 8 5 3 2 1 9 6 10 4 7 
20180717329 1 6 2 4 10 7 3 5 9 8 
20180717330 9 1 2 5 8 7 3 6 10 4 
20180717331 8 3 9 1 6 10 2 5 4 7 
20180717332 10 1 8 9 2 3 4 7 6 5 
20180717333 2 8 1 9 4 7 3 10 6 5 
20180717334 1 6 7 10 4 2 8 3 5 9 
20180717335 10 4 2 6 5 3 9 8 7 1 
20180717336 5 7 10 6 1 4 8 2 9 3 
20180717337 4 5 9 2 10 8 6 3 7 1 
20180717338 8 10 2 6 3 9 4 7 1 5 
20180717339 1 6 9 2 8 7 10 5 4 3 
20180717340 9 10 1 5 8 3 4 7 2 6 
20180717341 3 6 9 8 10 2 5 7 4 1 
20180717342 10 2 7 3 8 6 4 9 5 1 
20180717343 1 7 8 3 2 9 6 10 5 4 
20180717344 2 4 8 3 5 1 7 6 9 10 
20180717345 4 7 10 9 8 6 2 3 1 5 
20180717346 2 6 10 7 3 4 9 5 8 1 
20180717347 7 9 5 3 6 8 2 4 10 1 
20180717348 9 2 7 10 8 3 4 6 1 5 
20180717349 2 7 6 10 3 5 4 9 8 1 
20180717350 6 10 2 8 3 1 9 4 7 5 
20180717351 10 2 6 4 8 3 7 5 9 1 
20180717352 9 3 2 7 6 8 4 5 1 10 
20180717353 5 6 7 3 8 1 9 4 2 10 
20180717354 2 10 6 4 8 9 5 1 3 7 
20180717355 6 10 2 3 7 4 8 1 9 5 
20180717356 1 4 9 2 5 6 7 10 3 8 
20180717357 7 4 6 2 9 1 8 10 3 5 
20180717358 9 3 7 1 6 5 4 8 10 2 
20180717359 9 7 1 3 8 4 2 5 6 10 
20180717360 1 9 2 3 4 5 8 7 6 10 
20180717361 9 8 1 6 2 10 5 4 7 3 
20180717362 10 2 9 3 6 7 1 5 8 4 
20180717363 9 3 1 8 4 10 7 5 2 6 
20180717364 9 1 5 4 2 8 7 10 3 6 
20180717365 4 6 9 8 3 7 1 10 2 5 
20180717366 5 7 2 10 9 8 6 3 4 1 
20180717367 1 4 2 7 6 5 3 8 10 9 
20180717368 7 8 2 5 3 1 10 4 6 9 
20180717369 3 10 1 8 4 9 6 2 5 7 
20180717370 2 5 8 1 6 10 7 4 9 3 
20180717371 4 1 8 5 10 6 2 7 3 9 
20180717372 10 6 8 2 3 4 5 1 7 9 
20180717373 9 4 5 7 2 1 3 8 10 6 
20180717374 9 10 7 2 1 4 5 6 8 3 
20180717375 9 7 4 5 8 1 10 6 2 3 
20180717376 2 3 5 4 1 9 8 10 7 6 
20180717377 9 2 6 4 7 10 1 5 8 3 
20180717378 1 2 4 7 6 10 3 9 8 5 
20180717379 7 4 6 1 8 5 9 3 10 2 
20180717380 3 7 5 2 10 6 4 9 8 1 
20180717381 5 3 8 1 6 7 9 2 4 10 
20180717382 2 10 1 8 4 6 9 3 7 5 
20180717383 4 2 8 6 1 3 9 5 7 10 
20180717384 5 4 2 9 10 7 6 3 1 8 
20180717385 2 7 1 5 4 10 6 9 8 3 
20180717386 7 3 6 10 9 1 4 8 2 5 
20180717387 8 10 7 5 2 1 6 3 4 9 
20180717388 8 10 6 3 5 2 7 9 4 1 
20180717389 7 6 4 1 2 9 3 5 10 8 
20180717390 6 3 9 1 5 2 7 10 4 8 
20180717391 10 8 2 7 9 4 6 1 3 5 
20180717392 10 9 3 5 4 7 8 2 6 1 
20180717393 1 8 4 3 9 5 6 2 7 10 
20180717394 8 5 4 1 7 10 2 3 6 9 
20180717395 10 8 9 4 5 2 7 3 6 1 
20180717396 9 2 10 3 1 5 7 4 6 8 
20180717397 6 1 10 5 3 9 7 8 2 4 
20180717398 7 10 6 2 3 4 8 9 5 1 
20180717399 3 8 10 2 7 6 9 4 5 1 
20180717400 2 4 3 10 5 1 7 6 8 9 
20180717401 3 8 2 1 9 5 4 10 6 7 
20180717402 6 1 10 3 9 5 4 8 7 2 
20180717403 6 3 10 1 4 2 5 9 7 8 
20180717404 8 3 7 6 10 2 5 1 9 4 
20180717405 1 3 6 9 5 7 2 4 8 10 
20180717406 1 4 8 2 6 9 5 10 3 7 
20180717407 6 1 8 10 5 4 3 7 9 2 
20180717408 2 5 6 4 3 1 7 10 9 8 
20180717409 7 3 9 6 2 8 1 4 5 10 
20180717410 3 10 1 2 7 4 9 8 5 6 
20180717411 4 3 9 2 5 7 8 10 6 1 
20180717412 10 9 6 4 1 7 8 3 5 2 
20180717413 9 6 4 7 5 10 1 2 8 3 
20180717414 8 2 3 1 9 6 4 10 7 5 
20180717415 1 8 6 3 9 7 5 10 4 2 
20180717416 6 2 3 5 7 9 8 1 4 10 
20180717417 6 7 1 2 5 9 10 8 4 3 
20180717418 1 10 4 7 9 5 2 8 6 3 
20180717419 10 9 5 2 6 4 8 3 7 1 
20180717420 10 4 5 2 7 6 9 1 3 8 
20180717421 6 4 5 7 10 1 3 9 8 2 
20180717422 9 7 6 2 4 8 1 10 5 3 
20180717423 8 2 9 6 7 10 5 1 3 4 
20180717424 8 6 1 7 9 3 5 2 10 4 
20180717425 10 8 6 7 2 1 5 9 3 4 
20180717426 8 10 1 6 7 5 3 4 9 2 
20180717427 9 3 2 5 10 1 8 6 7 4 
20180717428 4 2 9 5 8 3 6 1 10 7 
20180717429 2 4 1 3 8 9 7 10 5 6 
20180717430 10 5 3 9 4 8 1 6 7 2 
20180717431 10 6 9 7 5 1 8 4 3 2 
20180717432 8 5 7 10 3 6 1 9 2 4 
20180717433 3 9 7 4 10 1 5 8 6 2 
20180717434 4 9 3 7 2 1 8 10 5 6 
20180717435 4 8 7 1 9 6 2 5 3 10 
20180717436 3 4 2 10 7 9 6 1 8 5 
20180717437 6 10 7 3 1 8 5 9 2 4 
20180717438 2 5 7 4 8 6 10 9 1 3 
20180717439 3 9 10 6 1 7 8 5 2 4 
20180717440 2 5 4 8 6 1 9 3 7 10 
20180717441 3 8 7 5 10 6 2 1 4 9 
20180717442 7 5 1 2 8 6 4 9 10 3 
20180717443 4 2 9 10 3 5 6 1 7 8 
20180717444 10 9 8 6 3 7 5 2 1 4 
20180717445 2 10 7 6 3 4 9 5 1 8 
20180717446 7 8 10 9 1 3 6 4 2 5 
20180717447 4 10 7 2 9 3 8 6 1 5 
20180717448 7 8 2 1 10 3 6 5 9 4 
20180717449 2 6 3 10 8 1 4 7 9 5 
20180717450 6 8 5 3 10 4 2 1 7 9 
20180717451 3 9 7 2 4 10 1 8 6 5 
20180717452 3 1 5 6 2 10 9 8 7 4 
20180717453 5 2 10 4 7 8 3 1 6 9 
20180717454 6 9 3 1 4 8 7 5 2 10 
20180717455 10 4 6 9 7 2 5 8 3 1 
20180717456 1 7 6 4 8 2 5 9 3 10 
20180717457 8 9 6 1 3 4 7 2 5 10 
20180717458 2 9 7 5 6 4 8 1 3 10 
20180717459 3 2 5 8 10 4 9 1 7 6 
20180717460 4 3 2 7 1 9 10 5 8 6 
20180717461 3 4 9 7 1 8 10 5 6 2 
20180717462 2 8 6 4 3 1 10 5 7 9 
20180717463 5 9 4 3 2 8 10 7 6 1 
20180717464 4 3 7 5 9 2 6 10 1 8 
20180717465 5 6 2 4 1 9 10 3 7 8 
20180717466 8 3 9 5 6 10 4 2 7 1 
20180717467 9 1 3 6 4 5 8 10 7 2 
20180717468 5 2 10 8 4 1 3 9 7 6 
20180717469 6 2 3 1 10 9 7 4 8 5 
20180717470 10 6 2 9 3 5 7 1 4 8 
20180717471 4 6 8 7 2 3 1 9 10 5 
20180717472 1 5 4 6 7 2 8 3 10 9 
20180717473 7 3 6 10 4 8 2 9 5 1 
20180717474 3 4 1 9 5 8 10 7 2 6 
20180717475 7 1 2 8 4 3 10 6 5 9 
20180717476 7 4 1 2 5 6 8 3 9 10 
20180717477 6 3 7 5 8 1 10 9 2 4 
20180717478 4 6 5 3 10 7 9 2 8 1 
20180717479 3 1 2 10 8 5 4 6 7 9 
20180717480 9 5 8 6 1 4 2 10 7 3 
20180717481 1 4 5 7 8 10 9 2 3 6 
20180717482 7 2 9 3 8 5 1 6 4 10 
20180717483 6 2 4 8 7 3 1 10 9 5 
20180717484 2 4 6 10 8 3 5 7 9 1 
20180717485 6 5 8 3 7 1 2 4 9 10 
20180717486 2 5 6 4 1 10 3 8 9 7 
20180717487 4 1 6 8 7 2 3 9 10 5 
20180717488 2 6 4 7 1 10 9 3 5 8 
20180717489 10 5 8 9 3 6 2 7 4 1 
20180717490 10 4 5 9 1 3 6 7 2 8 
20180717491 10 4 5 7 8 2 6 9 3 1 
20180717492 8 4 3 10 9 6 1 5 7 2 
20180717493 9 4 1 10 3 6 7 8 5 2 
20180717494 9 5 7 8 1 2 4 10 3 6 
20180717495 9 10 6 5 3 8 4 7 2 1 
20180717496 3 6 2 10 9 4 8 7 1 5 
20180717497 1 3 8 10 6 7 5 2 9 4 
20180717498 10 6 7 3 2 1 9 5 8 4 
20180717499 8 9 1 3 4 7 5 10 2 6 
20180717500 7 5 2 4 3 10 6 1 9 8 
20180717501 1 6 3 9 5 10 8 2 4 7 
20180717502 4 8 2 1 3 6 5 10 9 7 
20180717503 5 10 3 6 7 4 2 1 8 9 
20180717504 5 10 1 4 3 7 2 6 9 8 
20180717505 1 3 7 5 10 6 4 9 2 8 
20180717506 9 4 1 7 5 8 6 3 2 10 
20180717507 7 6 9 8 2 4 3 5 10 1 
20180717508 8 7 5 1 4 3 2 10 6 9 
20180717509 3 2 5 6 7 8 9 4 10 1 
20180717510 7 2 3 4 5 6 9 1 10 8 
20180717511 6 10 7 5 8 2 9 3 4 1 
20180717512 2 10 8 1 3 5 9 4 6 7 
20180717513 3 9 10 6 1 5 4 2 7 8 
20180717514 9 10 4 5 8 2 7 1 6 3 
20180717515 2 9 7 4 10 3 1 5 8 6 
20180717516 2 5 7 6 10 8 9 4 1 3 
20180717517 2 3 8 6 10 5 4 9 1 7 
20180717518 6 9 7 5 1 3 8 2 4 10 
20180717519 5 10 7 1 4 8 3 6 2 9 
20180717520 8 4 5 1 2 9 10 6 7 3 
20180717521 10 3 5 1 8 2 4 9 7 6 
20180717522 10 5 9 6 7 4 8 3 1 2 
20180717523 9 2 4 8 1 7 10 6 3 5 
20180717524 6 2 8 9 5 7 10 1 3 4 
20180717525 1 4 3 7 5 8 9 2 10 6 
20180717526 8 10 5 2 3 4 6 1 9 7 
20180717527 3 7 1 6 4 2 5 10 9 8 
20180717528 1 10 3 9 6 8 5 7 2 4 
20180717529 10 4 1 3 2 6 5 8 7 9 
20180717530 6 7 4 1 5 8 2 9 10 3 
20180717531 2 5 4 6 8 10 9 1 3 7 
20180717532 10 9 6 2 8 5 7 3 1 4 
20180717533 5 1 6 10 3 8 2 7 9 4 
20180717534 8 2 9 1 5 10 7 6 4 3 
20180717535 4 2 5 10 3 7 6 8 1 9 
20180717536 2 9 8 7 4 1 10 3 5 6 
20180717537 5 10 8 1 4 7 6 2 3 9 
20180717538 10 4 5 3 1 9 8 2 6 7 
20180717539 7 5 4 10 9 6 1 2 3 8 
20180717540 7 5 9 3 6 2 8 4 1 10 
20180717541 7 10 2 3 4 6 8 1 9 5 
20180717542 5 1 8 2 3 10 7 9 6 4 
20180717543 6 3 5 9 2 7 4 10 1 8 
20180717544 6 9 5 1 10 4 7 2 8 3 
20180717545 7 1 6 3 2 4 9 8 5 10 
20180717546 3 5 4 2 10 1 7 8 6 9 
20180717547 5 9 3 10 1 8 4 7 6 2 
20180717548 2 9 8 5 4 7 3 1 10 6 
20180717549 1 3 4 7 9 10 6 5 8 2 
20180717550 10 1 8 9 7 6 3 2 4 5 
20180717551 7 8 10 5 4 6 1 2 9 3 
20180717552 10 6 8 1 7 3 5 9 2 4 
20180717553 1 7 2 4 5 6 3 9 8 10 
20180717554 10 1 3 5 8 6 7 9 4 2 
20180717555 3 2 6 1 4 9 10 5 8 7 
20180717556 5 10 9 8 6 2 4 3 1 7 
20180717557 1 3 10 7 6 2 5 4 9 8 
20180717558 6 7 3 9 5 4 8 1 2 10 
20180717559 8 1 2 3 5 7 9 4 6 10 
20180717560 6 9 4 5 2 8 10 3 7 1 
20180717561 3 1 10 5 7 2 9 6 4 8 
20180717562 4 7 1 3 6 5 9 10 2 8 
20180717563 10 1 6 5 2 9 8 7 3 4 
20180717564 1 3 7 10 4 5 6 8 9 2 
20180717565 6 7 10 4 3 8 5 2 9 1 
20180717566 6 8 2 10 5 9 3 4 1 7 
20180717567 3 5 8 4 1 2 9 10 7 6 
20180717568 8 9 7 4 5 6 2 1 10 3 
20180717569 9 8 4 2 7 3 1 6 5 10 
20180717570 9 3 1 7 2 8 4 10 6 5 
20180717571 10 1 3 6 7 2 4 5 9 8 
20180717572 9 7 4 1 6 5 8 10 3 2 
20180717573 5 10 4 9 2 7 8 1 3 6 
20180717574 4 10 7 1 9 6 2 3 8 5 
20180717575 3 7 4 8 5 6 1 10 9 2 
20180717576 5 4 1 6 3 2 7 8 9 10 
20180717577 8 3 9 1 7 6 10 4 5 2 
20180717578 1 5 2 10 4 7 3 8 6 9 
20180717579 8 3 7 4 9 1 6 5 2 10 
20180717580 5 4 7 9 3 1 6 10 2 8 
20180717581 6 3 4 2 10 7 8 1 9 5 
20180717582 3 4 5 7 9 10 1 6 8 2 
20180717583 1 2 8 10 6 3 4 5 7 9 
20180717584 4 5 9 1 10 8 7 3 2 6 
20180717585 2 4 7 1 3 9 5 8 10 6 
20180717586 1 10 4 3 6 5 7 8 9 2 
20180717587 9 5 6 2 10 1 4 8 3 7 
20180717588 8 6 4 10 5 1 9 2 3 7 
20180717589 9 5 2 7 8 1 10 6 3 4 
20180717590 2 10 7 5 4 3 8 9 6 1 
20180717591 6 4 9 10 5 3 1 8 2 7 
20180717592 1 7 6 2 8 4 10 9 5 3 
20180717593 7 4 9 2 5 10 6 3 8 1 
20180717594 8 5 7 6 1 10 9 4 3 2 
20180717595 2 5 8 4 1 7 10 3 6 9 
20180717596 3 2 10 6 4 1 5 7 8 9 
20180717597 10 6 8 7 4 9 5 1 2 3 
20180717598 10 1 2 9 7 4 8 6 3 5 
20180717599 3 9 2 6 7 8 4 10 1 5 
20180717600 2 7 1 10 6 5 8 3 4 9 
20180717601 5 3 2 7 10 8 9 6 4 1 
20180717602 10 7 6 9 3 1 4 8 5 2 
20180717603 1 9 2 6 3 8 10 7 4 5 
20180717604 2 3 10 9 6 1 7 4 5 8 
20180717605 1 6 5 4 8 10 7 9 2 3 
20180717606 5 8 4 2 6 7 3 10 9 1 
20180717607 6 3 7 4 5 9 10 1 8 2 
20180717608 10 9 1 6 4 2 8 7 3 5 
20180717609 9 7 2 6 1 8 3 5 4 10 
20180717610 9 5 7 4 3 1 2 6 8 10 
20180717611 5 3 9 4 7 10 1 2 6 8 
20180717612 9 6 2 5 7 10 3 8 4 1 
20180717613 1 6 5 7 8 2 10 4 9 3 
20180717614 2 5 7 6 1 10 8 3 4 9 
20180717615 10 3 1 7 5 9 6 2 8 4 
20180717616 8 4 1 10 2 6 5 9 3 7 
20180717617 8 5 3 2 1 10 9 4 7 6 
20180717618 8 9 3 2 7 6 5 1 10 4 
20180717619 10 5 4 2 7 3 1 8 6 9 
20180717620 2 10 5 6 3 4 1 9 8 7 
20180717621 2 4 6 9 5 3 7 10 8 1 
20180717622 6 4 1 5 10 7 3 8 9 2 
20180717623 2 9 7 3 4 6 8 5 1 10 
20180717624 8 3 1 2 7 10 5 4 9 6 
20180717625 8 5 9 1 4 10 2 7 6 3 
20180717626 9 8 7 5 6 4 2 3 1 10 
20180717627 7 6 2 5 8 9 10 1 4 3 
20180717628 1 2 3 4 6 7 8 5 10 9 
20180717629 1 4 9 5 7 6 10 8 3 2 
20180717630 3 8 5 1 6 2 7 10 9 4 
20180717631 4 1 10 2 7 8 5 3 6 9 
20180717632 5 4 7 6 8 1 3 2 10 9 
20180717633 8 9 2 4 1 5 10 3 7 6 
20180717634 10 5 3 6 1 8 7 2 9 4 
20180717635 2 5 3 7 6 10 1 4 9 8 
20180717636 1 8 10 3 2 5 6 9 7 4 
20180717637 2 5 10 8 7 4 6 3 9 1 
20180717638 2 9 6 10 5 4 7 1 3 8 
20180717639 2 10 6 8 5 9 3 4 1 7 
20180717640 2 9 7 10 1 4 3 6 5 8 
20180717641 3 1 4 6 9 2 10 5 7 8 
20180717642 5 4 6 8 3 1 2 10 9 7 
20180717643 7 8 2 3 4 1 10 5 6 9 
20180717644 6 8 4 7 9 10 3 5 2 1 
20180717645 10 7 9 6 8 4 3 2 5 1 
20180717646 10 4 3 7 1 9 5 6 8 2 
20180717647 5 7 10 8 2 1 4 6 9 3 
20180717648 7 3 4 5 8 1 9 10 6 2 
20180717649 2 5 6 3 4 7 10 8 9 1 
20180717650 9 7 2 8 5 6 4 1 3 10 
20180717651 8 2 9 1 3 6 4 5 10 7 
20180717652 7 9 6 8 5 1 10 4 3 2 
20180717653 2 1 9 8 10 7 6 4 3 5 
20180717654 2 4 10 6 9 8 1 7 5 3 
20180717655 10 5 3 9 1 6 2 4 8 7 
20180717656 2 6 9 8 7 1 5 10 4 3 
20180717657 4 5 3 6 8 2 7 9 10 1 
20180717658 7 5 4 2 3 9 1 6 10 8 
20180717659 8 9 6 10 4 1 2 5 3 7 
20180717660 9 10 5 8 3 1 7 2 6 4 
20180717661 5 2 3 8 9 7 1 10 6 4 
20180717662 3 10 1 2 6 7 4 5 9 8 
20180717663 2 4 9 7 3 8 1 10 5 6 
20180717664 8 9 5 6 1 10 2 7 4 3 
20180717665 1 3 6 4 8 2 10 7 9 5 
20180717666 4 6 10 7 5 1 9 3 8 2 
20180717667 4 5 1 6 7 9 10 8 3 2 
20180717668 5 7 6 4 2 3 8 10 9 1 
20180717669 9 6 8 7 1 10 5 4 2 3 
20180717670 5 2 7 4 6 10 3 9 8 1 
20180717671 10 6 8 7 4 5 2 9 1 3 
20180717672 7 9 5 4 8 3 1 10 6 2 
20180717673 10 5 3 9 4 6 2 1 7 8 
20180717674 4 6 7 8 3 10 5 1 2 9 
20180717675 2 1 6 3 8 10 7 9 4 5 
20180717676 3 9 7 10 1 8 4 2 6 5 
20180717677 3 6 10 9 7 4 2 1 8 5 
20180717678 3 10 9 7 2 8 5 6 4 1 
20180717679 2 8 4 1 6 5 9 10 3 7 
20180717680 4 10 6 8 5 9 2 3 7 1 
20180717681 8 6 3 5 1 4 10 2 9 7 
20180717682 8 7 10 4 2 5 9 6 1 3 
20180717683 7 6 9 1 2 3 5 8 10 4 
20180717684 8 6 2 7 1 5 3 4 9 10 
20180717685 3 8 7 5 10 9 1 2 4 6 
20180717686 9 4 6 1 5 10 2 8 7 3 
20180717687 9 10 8 6 2 4 1 3 5 7 
20180717688 8 2 6 5 10 9 7 4 1 3 
20180717689 9 8 10 5 3 6 7 2 1 4 
20180717690 5 8 9 6 7 1 10 2 3 4 
20180717691 5 8 10 7 2 9 3 4 1 6 
20180717692 5 10 4 9 7 3 1 2 8 6 
20180717693 8 9 5 10 2 3 7 6 4 1 
20180717694 5 6 9 4 7 2 8 10 1 3 
20180717695 9 5 3 8 4 10 7 2 1 6 
20180717696 6 2 8 10 5 3 4 7 9 1 
20180717697 2 10 5 1 4 6 9 7 3 8 
20180717698 8 2 4 3 10 6 9 5 1 7 
20180717699 8 4 7 6 2 10 3 9 1 5 
20180717700 9 1 10 7 5 4 6 8 3 2 
20180717701 3 2 6 7 10 4 1 9 5 8 
20180717702 5 7 1 2 8 9 6 3 10 4 
20180717703 8 7 1 3 4 10 2 9 6 5 
20180717704 10 8 1 9 5 3 6 7 4 2 
20180717705 7 1 2 10 4 8 9 6 5 3 
20180717706 3 1 7 4 8 2 10 6 5 9 
20180717707 5 6 3 7 10 1 8 9 2 4 
20180717708 10 4 8 6 1 3 7 9 5 2 
20180717709 3 6 2 9 7 1 4 5 8 10 
20180717710 4 7 8 3 1 2 9 6 10 5 
20180717711 3 9 2 7 10 1 8 4 6 5 
20180717712 8 6 4 3 1 5 2 7 9 10 
20180717713 2 4 3 10 6 5 8 9 7 1 
20180717714 6 2 4 1 8 9 5 3 7 10 
20180717715 4 9 7 8 5 10 6 2 1 3 
20180717716 6 7 9 5 10 8 1 3 2 4 
20180717717 7 4 1 3 8 10 5 2 6 9 
20180717718 3 7 1 2 10 6 4 8 5 9 
20180717719 1 9 3 6 10 2 8 4 5 7 
20180717720 10 5 2 6 7 4 8 3 1 9 
20180717721 9 3 8 5 6 2 10 4 1 7 
20180717722 8 4 6 9 2 3 7 10 1 5 
20180717723 3 4 6 1 5 2 9 8 7 10 
20180717724 8 2 5 10 6 4 7 9 1 3 
20180717725 9 1 3 6 10 8 4 2 5 7 
20180717726 5 4 3 9 2 7 1 8 10 6 
20180717727 2 1 8 4 6 9 3 10 5 7 
20180717728 1 5 2 7 9 3 8 4 6 10 
20180717729 6 4 2 5 1 9 10 7 3 8 
20180717730 8 6 3 10 7 9 5 1 2 4 
20180717731 8 2 4 5 1 3 9 6 10 7 
20180717732 10 4 8 9 1 7 3 6 5 2 
20180717733 2 3 7 4 6 5 1 9 8 10 
20180717734 10 8 5 4 9 2 6 7 3 1 
20180717735 9 1 3 5 4 10 8 6 7 2 
20180717736 8 4 3 5 6 7 10 9 1 2 
20180717737 1 8 10 6 3 5 2 7 4 9 
20180717738 5 10 6 3 1 7 4 2 8 9 
20180717739 7 3 8 6 2 1 9 4 10 5 
20180717740 6 10 3 2 8 4 7 9 1 5 
20180717741 10 4 6 8 2 5 1 3 7 9 
20180717742 6 3 8 4 9 5 1 10 7 2 
20180717743 8 1 4 10 5 9 7 2 6 3 
20180717744 1 8 10 4 7 2 9 6 3 5 
20180717745 8 9 10 4 1 6 7 3 2 5 
20180717746 6 3 2 4 1 8 5 7 10 9 
20180717747 3 9 5 6 7 2 8 10 1 4 
20180717748 6 9 5 7 4 10 8 3 2 1 
20180717749 1 3 8 5 7 9 4 2 10 6 
20180717750 1 8 3 2 5 6 10 4 9 7 
20180717751 3 8 1 10 7 5 9 6 2 4 
20180717752 10 6 4 3 8 9 7 1 2 5 
20180717753 4 3 10 8 5 1 7 9 6 2 
20180717754 8 2 7 5 1 10 3 6 4 9 
20180717755 5 9 7 8 6 3 10 4 2 1 
20180717756 7 1 9 4 6 10 3 2 5 8 
20180717757 4 2 7 8 10 3 6 5 9 1 
20180717758 2 4 5 9 8 7 6 1 10 3 
20180717759 7 1 2 4 10 3 5 8 9 6 
20180717760 2 8 3 5 7 9 4 10 6 1 
20180717761 3 2 4 1 9 7 5 6 8 10 
20180717762 10 3 5 8 7 6 1 9 4 2 
20180717763 8 6 7 10 3 1 9 4 5 2 
20180717764 4 6 9 8 5 3 7 10 1 2 
20180717765 4 6 1 3 2 8 9 10 5 7 
20180717766 10 2 1 5 3 7 6 9 8 4 
20180717767 3 5 4 6 2 10 7 8 9 1 
20180717768 10 3 1 9 4 7 2 6 5 8 
20180717769 4 7 9 6 3 5 10 2 8 1 
20180717770 8 6 7 2 1 9 3 4 5 10 
20180717771 7 5 4 1 2 3 10 6 9 8 
20180717772 2 3 9 6 1 5 8 10 7 4 
20180717773 6 4 2 7 8 5 3 9 10 1 
20180717774 1 8 10 4 7 6 2 5 3 9 
20180717775 2 6 9 4 7 1 8 3 5 10 
20180717776 8 6 3 4 10 5 7 2 9 1 
20180717777 10 2 3 9 5 1 4 7 8 6 
20180717778 4 7 5 10 9 6 2 3 8 1 
20180717779 7 6 5 2 10 4 1 9 3 8 
20180717780 1 8 2 7 4 3 6 5 9 10 
20180717781 2 7 4 10 9 5 1 3 6 8 
20180717782 5 4 1 10 6 9 8 2 3 7 
20180717783 9 3 2 10 8 5 7 1 4 6 
20180717784 6 8 4 5 7 10 1 2 9 3 
20180717785 5 6 4 9 2 8 1 7 3 10 
20180717786 10 7 3 4 9 5 8 1 2 6 
20180717787 1 2 9 4 6 3 5 10 7 8 
20180717788 9 5 3 8 7 6 4 10 2 1 
20180717789 9 6 1 10 5 8 2 4 7 3 
20180717790 5 2 4 8 7 9 1 10 6 3 
20180717791 4 10 5 8 1 3 6 2 9 7 
20180717792 9 3 1 10 2 7 4 6 8 5 
20180717793 2 3 6 9 4 8 1 5 7 10 
20180717794 3 9 4 1 6 5 8 7 10 2 
20180717795 10 1 9 4 5 7 6 2 3 8 
20180717796 9 4 5 2 7 8 3 6 1 10 
20180717797 1 3 10 5 9 2 8 4 6 7 
20180717798 3 7 6 4 5 2 9 8 1 10 
20180717799 10 9 6 7 5 2 4 3 1 8 
20180717800 7 9 2 1 6 5 4 3 10 8 
20180717801 4 5 10 2 8 1 9 6 7 3 
20180717802 5 7 3 6 10 1 9 8 4 2 
20180717803 8 1 7 5 9 6 3 10 4 2 
20180717804 1 3 7 8 10 9 5 2 4 6 
20180717805 1 5 9 2 7 10 3 4 8 6 
20180717806 8 9 6 4 2 1 5 7 10 3 
20180717807 4 6 8 2 7 1 9 5 3 10 
20180717808 10 9 6 3 7 4 1 8 2 5 
20180717809 9 2 4 8 5 1 10 3 7 6 
20180717810 7 1 6 3 4 8 9 2 10 5 
20180717811 7 5 10 9 8 3 6 1 4 2 
20180717812 3 6 7 5 9 2 10 8 4 1 
20180717813 9 6 3 2 10 1 5 4 7 8 
20180717814 2 6 8 4 9 10 7 5 3 1 
20180717815 2 1 10 4 7 5 6 9 3 8 
20180717816 2 8 7 6 9 1 3 10 4 5 
20180717817 5 9 2 10 1 8 4 6 7 3 
20180717818 4 2 5 8 6 7 10 9 3 1 
20180717819 2 4 10 3 9 7 5 6 8 1 
20180717820 10 5 1 9 8 2 7 3 4 6 
20180717821 10 2 3 9 6 8 7 4 1 5 
20180717822 6 8 2 5 4 10 1 3 9 7 
20180717823 10 2 1 3 8 9 6 7 5 4 
20180717824 3 8 6 9 7 10 2 5 1 4 
20180717825 9 8 2 6 3 10 5 4 7 1 
20180717826 2 7 8 1 3 5 6 10 4 9 
20180717827 5 1 10 4 6 3 9 2 8 7 
20180717828 1 5 6 2 9 7 3 8 10 4 
20180717829 10 2 3 6 4 9 7 1 8 5 
20180717830 5 1 3 10 8 4 2 9 6 7 
20180717831 8 7 6 1 5 3 10 4 2 9 
20180717832 4 8 7 10 9 6 3 2 1 5 
20180717833 9 3 4 7 1 8 6 10 5 2 
20180717834 10 9 4 8 7 3 5 6 2 1 
20180717835 1 10 6 8 2 5 4 9 7 3 
20180717836 10 1 7 5 8 2 4 3 9 6 
20180717837 4 5 7 2 8 3 9 1 10 6 
20180717838 7 5 1 4 6 3 2 9 10 8 
20180717839 4 5 1 8 3 10 9 2 7 6 
20180717840 4 8 10 9 6 7 1 3 5 2 
20180717841 6 5 7 2 4 10 3 8 9 1 
20180717842 1 9 6 8 10 5 7 4 2 3 
20180717843 6 9 7 5 4 2 10 3 1 8 
20180717844 5 4 7 10 9 6 8 3 1 2 
20180717845 1 5 2 4 9 7 10 8 6 3 
20180717846 6 5 4 7 2 8 9 1 10 3 
20180717847 9 2 1 8 6 5 3 10 4 7 
20180717848 8 3 1 6 7 10 4 5 9 2 
20180717849 1 2 4 10 9 8 3 5 6 7 
20180717850 1 8 9 5 4 6 7 3 2 10 
20180717851 6 2 10 5 3 1 7 4 8 9 
20180717852 10 4 1 3 7 2 9 5 6 8 
20180717853 3 4 1 10 9 5 2 8 6 7 
20180717854 4 6 10 2 3 7 1 9 5 8 
20180717855 5 8 2 4 10 9 6 1 7 3 
20180717856 2 10 8 6 7 1 9 4 5 3 
20180717857 5 8 10 9 2 6 3 1 7 4 
20180717858 6 3 10 4 2 7 8 9 5 1 
20180717859 7 1 6 10 3 2 5 4 9 8 
20180717860 7 8 2 4 9 3 6 10 5 1 
20180717861 3 10 1 4 6 5 2 8 7 9 
20180717862 4 9 10 1 2 8 3 6 7 5 
20180717863 4 8 7 10 5 9 3 2 1 6 
20180717864 3 9 6 8 5 4 7 2 10 1 
20180717865 6 8 1 9 3 7 5 10 4 2 
20180717866 10 2 1 6 8 4 5 3 9 7 
20180717867 6 4 8 7 5 2 10 3 9 1 
20180717868 10 6 1 9 2 3 5 4 8 7 
20180717869 10 1 2 4 3 6 9 5 7 8 
20180717870 3 8 7 9 2 4 6 10 1 5 
20180717871 8 10 4 9 1 5 3 7 2 6 
20180717872 2 4 9 3 7 5 6 8 10 1 
20180717873 2 7 8 10 6 3 1 5 4 9 
20180717874 2 9 10 4 7 8 5 3 1 6 
20180717875 7 5 9 8 3 1 4 2 6 10 
20180717876 7 8 9 4 5 6 1 10 3 2 
20180717877 4 10 1 2 8 5 6 3 9 7 
20180717878 1 6 4 10 7 2 8 9 5 3 
20180717879 10 1 3 6 7 4 5 2 9 8 
20180717880 5 8 3 10 6 1 7 4 2 9 
20180717881 7 2 10 5 6 1 3 4 9 8 
20180717882 5 10 3 7 1 9 8 6 4 2 
20180717883 7 4 9 6 3 2 1 5 8 10 
20180717884 1 2 5 3 10 4 9 7 6 8 
20180717885 1 7 10 8 9 4 5 3 2 6 
20180717886 5 8 9 1 6 3 7 4 10 2 
20180717887 4 1 10 9 3 2 6 7 5 8 
20180717888 10 2 5 6 7 3 4 1 9 8 
20180717889 6 10 7 3 2 5 8 9 4 1 
20180717890 10 8 5 6 3 4 2 9 1 7 
20180717891 9 3 6 5 1 2 7 8 4 10 
20180717892 1 7 10 3 9 5 2 4 8 6 
20180717893 7 2 6 10 8 3 4 1 9 5 
20180717894 4 1 10 8 6 3 2 5 9 7 
20180717895 9 10 6 3 8 4 1 2 7 5 
20180717896 10 2 8 4 7 3 6 1 9 5 
20180717897 8 2 10 3 7 9 1 5 4 6 
20180717898 7 4 5 8 2 3 9 6 10 1 
20180717899 1 9 4 5 10 7 8 6 3 2 
20180717900 1 6 9 10 4 3 5 8 7 2 
20180717901 7 2 8 1 4 6 10 5 3 9 
20180717902 8 9 1 10 5 7 2 3 6 4 
20180717903 2 6 8 3 9 7 1 4 5 10 
20180717904 8 9 10 4 3 7 5 2 6 1 
20180717905 5 10 7 6 1 3 2 8 4 9 
20180717906 7 6 4 3 9 10 5 1 2 8 
20180717907 1 10 7 3 9 8 4 6 2 5 
20180717908 7 5 6 2 4 1 3 8 10 9 
20180717909 3 1 2 10 4 7 5 9 6 8 
20180717910 10 6 5 1 3 4 8 7 9 2 
20180717911 1 9 2 3 6 4 7 5 10 8 
20180717912 6 7 3 5 1 4 9 10 8 2 
20180717913 10 7 6 5 1 9 4 8 2 3 
20180717914 5 3 8 10 6 9 2 4 1 7 
20180717915 8 7 10 3 5 9 4 2 6 1 
20180717916 3 9 6 8 7 4 2 10 5 1 
20180717917 3 4 1 6 5 10 9 2 7 8 
20180717918 1 6 7 8 5 4 3 10 9 2 
20180717919 1 2 7 8 9 6 10 5 4 3 
20180717920 6 3 8 7 5 9 1 2 4 10 
20180717921 3 9 5 7 8 6 4 2 10 1 
20180717922 10 3 5 1 7 6 8 9 4 2 
20180717923 3 7 4 1 10 6 5 2 8 9 
20180717924 6 3 8 2 7 5 9 10 4 1 
20180717925 7 8 10 6 9 3 1 5 2 4 
20180717926 1 5 8 2 10 4 3 6 9 7 
20180717927 4 3 10 2 5 7 8 1 6 9 
20180717928 7 2 5 9 4 10 6 8 1 3 
20180717929 5 4 6 2 8 10 7 1 3 9 
20180717930 10 4 3 6 8 2 1 9 5 7 
20180717931 10 4 8 2 3 5 6 7 1 9 
20180717932 1 2 8 10 3 6 5 7 4 9 
20180717933 3 10 2 1 8 6 7 4 9 5 
20180717934 4 8 2 6 3 10 5 9 7 1 
20180717935 4 2 1 5 3 10 9 8 7 6 
20180717936 3 6 7 2 9 5 1 10 4 8 
20180717937 9 4 5 1 7 2 3 6 10 8 
20180717938 5 4 6 9 10 8 1 2 3 7 
20180717939 3 9 10 4 8 7 2 5 1 6 
20180717940 2 5 7 8 10 6 9 3 4 1 
20180717941 7 8 10 2 5 4 3 6 1 9 
20180717942 2 1 8 7 5 4 9 10 3 6 
20180717943 7 4 8 6 2 1 3 10 5 9 
20180717944 7 6 1 10 4 3 8 5 2 9 
20180717945 1 7 4 3 6 8 9 2 5 10 
20180717946 1 9 4 7 5 8 10 3 2 6 
20180717947 1 8 3 4 10 5 6 7 9 2 
20180717948 3 9 7 5 8 6 4 10 1 2 
20180717949 4 6 10 8 5 2 1 3 9 7 
20180717950 9 8 5 3 6 4 1 7 2 10 
20180717951 1 4 3 10 8 9 6 7 2 5 
20180717952 7 9 4 6 5 8 1 2 10 3 
20180717953 3 4 2 10 8 6 5 7 1 9 
20180717954 7 4 2 3 1 9 10 6 8 5 
20180717955 7 10 6 1 5 8 4 9 3 2 
20180717956 5 4 3 1 7 2 8 9 6 10 
20180717957 6 9 7 5 2 1 8 4 3 10 
20180717958 2 8 1 7 9 10 4 6 3 5 
20180717959 5 10 3 9 1 8 2 7 4 6 
20180717960 5 1 9 3 4 2 8 7 6 10 
20180717961 8 7 2 3 9 10 6 1 4 5 
20180717962 6 4 5 7 3 9 1 10 2 8 
20180717963 5 9 2 4 3 7 10 6 1 8 
20180717964 7 5 2 10 3 6 1 8 4 9 
20180717965 3 6 4 8 2 10 5 7 1 9 
20180717966 6 10 9 1 4 8 3 2 7 5 
20180717967 7 4 1 2 8 10 3 9 6 5 
20180717968 9 4 7 5 8 1 6 3 2 10 
20180717969 9 10 1 8 3 6 5 2 7 4 
20180717970 4 9 5 6 7 2 3 10 1 8 
20180717971 5 9 4 10 1 6 7 3 8 2 
20180717972 2 6 1 10 8 3 9 7 5 4 
20180717973 2 6 9 4 10 1 7 8 3 5 
20180717974 2 6 4 10 5 3 1 9 7 8 
20180717975 6 10 8 4 5 9 7 2 1 3 
20180717976 8 4 3 5 1 9 2 6 7 10 
20180717977 8 7 10 1 2 5 3 9 4 6 
20180717978 2 1 9 7 6 4 5 8 10 3 
20180717979 10 3 8 7 5 6 4 2 9 1 
20180717980 2 5 9 1 6 4 10 8 7 3 
20180717981 3 4 9 6 1 8 5 10 7 2 
20180717982 3 9 8 4 2 5 6 1 7 10 
20180717983 2 10 8 9 4 3 5 7 6 1 
20180717984 3 5 7 1 8 2 9 4 10 6 
20180717985 6 7 4 10 2 8 3 5 9 1 
