20180721001 7 10 3 5 9 8 6 1 4 2 
20180721002 1 7 10 6 9 8 2 5 3 4 
20180721003 6 8 4 9 7 5 1 2 3 10 
20180721004 8 4 7 1 5 9 10 3 6 2 
20180721005 8 10 5 1 6 3 2 9 4 7 
20180721006 5 4 10 8 3 9 6 7 1 2 
20180721007 3 4 6 10 2 5 7 1 9 8 
20180721008 4 9 6 7 8 5 1 10 3 2 
20180721009 3 5 1 9 4 7 2 10 8 6 
20180721010 1 7 3 8 4 5 9 10 6 2 
20180721011 10 1 9 2 3 6 7 5 8 4 
20180721012 10 9 2 1 3 4 5 6 8 7 
20180721013 6 2 9 3 5 7 10 1 8 4 
20180721014 9 3 5 8 2 4 7 6 1 10 
20180721015 9 7 2 1 4 3 10 5 6 8 
20180721016 9 3 4 10 1 2 7 8 6 5 
20180721017 7 3 10 6 9 1 4 2 5 8 
20180721018 6 3 1 8 2 7 10 9 4 5 
20180721019 4 5 10 6 3 8 2 9 7 1 
20180721020 8 9 2 10 7 5 6 4 1 3 
20180721021 9 5 1 8 2 6 10 4 7 3 
20180721022 5 10 1 3 2 6 8 4 7 9 
20180721023 1 10 6 7 9 3 4 8 5 2 
20180721024 6 8 3 1 7 10 4 9 2 5 
20180721025 5 1 7 9 8 3 4 10 6 2 
20180721026 7 9 10 4 1 8 2 5 6 3 
20180721027 4 9 1 3 8 5 2 7 10 6 
20180721028 9 1 7 5 4 8 3 2 10 6 
20180721029 9 10 8 7 3 1 6 2 5 4 
20180721030 2 5 8 9 3 10 7 4 1 6 
20180721031 4 1 6 2 8 5 3 9 7 10 
20180721032 2 10 7 6 3 5 4 9 8 1 
20180721033 5 4 3 10 8 7 2 1 6 9 
20180721034 1 3 9 8 10 5 2 7 4 6 
20180721035 5 6 9 3 10 1 7 8 4 2 
20180721036 8 7 10 5 6 9 1 2 4 3 
20180721037 3 1 7 4 8 10 2 6 9 5 
20180721038 9 7 1 3 6 2 5 10 4 8 
20180721039 3 9 1 5 7 4 2 8 6 10 
20180721040 5 9 7 10 6 4 8 3 1 2 
20180721041 9 4 3 5 6 10 7 2 8 1 
20180721042 4 1 7 9 3 2 6 5 8 10 
20180721043 8 5 10 1 2 6 4 3 9 7 
20180721044 9 1 10 3 5 7 8 2 4 6 
20180721045 3 8 4 6 7 2 5 9 1 10 
20180721046 9 5 7 2 1 10 8 4 3 6 
20180721047 5 6 1 8 3 7 9 4 2 10 
20180721048 9 8 7 5 4 3 10 2 6 1 
20180721049 5 2 7 10 1 8 3 9 6 4 
20180721050 8 3 6 10 1 2 4 5 9 7 
20180721051 4 2 5 8 1 6 9 10 3 7 
20180721052 5 9 3 10 2 6 7 1 8 4 
20180721053 3 6 1 8 9 10 2 5 7 4 
20180721054 3 5 4 6 7 8 2 1 10 9 
20180721055 4 1 5 6 2 8 3 10 7 9 
20180721056 1 9 6 2 10 7 8 4 5 3 
20180721057 9 4 7 8 1 5 6 10 3 2 
20180721058 10 5 7 4 6 1 9 8 2 3 
20180721059 1 3 5 10 7 8 2 4 9 6 
20180721060 2 10 8 6 7 4 9 3 1 5 
20180721061 4 9 1 7 8 2 10 6 5 3 
20180721062 10 6 3 7 5 2 9 4 8 1 
20180721063 6 4 7 2 5 9 1 3 8 10 
20180721064 4 9 3 6 5 1 2 8 7 10 
20180721065 6 2 9 5 1 4 8 3 7 10 
20180721066 9 7 4 10 2 8 6 5 3 1 
20180721067 1 5 4 9 10 8 2 7 6 3 
20180721068 4 3 1 7 2 10 9 5 6 8 
20180721069 6 9 3 4 5 10 7 8 2 1 
20180721070 9 1 5 4 2 10 8 7 6 3 
20180721071 6 4 1 10 7 5 9 2 8 3 
20180721072 7 6 9 10 1 4 8 3 5 2 
20180721073 10 6 7 3 5 1 4 8 9 2 
20180721074 6 4 5 8 7 1 10 9 3 2 
20180721075 3 9 10 6 5 8 7 1 2 4 
20180721076 1 7 6 3 10 2 5 4 9 8 
20180721077 10 1 8 4 7 6 2 9 3 5 
20180721078 3 2 4 1 9 5 8 6 7 10 
20180721079 2 8 3 4 7 1 5 10 9 6 
20180721080 2 3 9 6 10 4 7 5 1 8 
20180721081 9 6 10 5 8 4 3 2 1 7 
20180721082 6 10 5 9 7 8 4 3 1 2 
20180721083 8 3 10 7 1 5 9 6 2 4 
20180721084 10 9 4 7 5 3 8 2 1 6 
20180721085 8 1 3 10 6 5 4 2 7 9 
20180721086 9 2 3 8 7 4 5 6 1 10 
20180721087 3 7 10 4 9 1 6 8 2 5 
20180721088 5 7 10 1 8 9 2 6 3 4 
20180721089 7 4 3 2 8 5 10 6 1 9 
20180721090 8 10 3 2 7 9 6 5 4 1 
20180721091 3 8 6 5 9 7 1 2 10 4 
20180721092 2 6 8 3 4 1 10 9 5 7 
20180721093 3 4 9 1 5 2 6 10 7 8 
20180721094 1 6 10 7 4 3 8 2 9 5 
20180721095 8 5 3 7 9 2 6 1 10 4 
20180721096 6 2 10 7 4 8 3 1 9 5 
20180721097 7 8 10 3 5 1 9 2 4 6 
20180721098 3 9 4 6 1 5 8 7 2 10 
20180721099 2 6 7 3 9 10 8 1 4 5 
20180721100 1 8 6 4 9 3 2 7 5 10 
20180721101 10 9 5 8 7 3 6 2 4 1 
20180721102 2 8 3 9 10 4 6 1 7 5 
20180721103 6 7 3 9 1 4 10 8 2 5 
20180721104 9 6 2 3 10 5 1 4 8 7 
20180721105 8 10 3 7 9 4 1 2 5 6 
20180721106 8 4 5 3 6 9 7 2 10 1 
20180721107 6 1 7 10 5 8 4 3 2 9 
20180721108 5 9 4 3 6 2 8 10 7 1 
20180721109 7 5 1 9 10 4 6 3 2 8 
20180721110 4 2 6 7 8 10 3 1 9 5 
20180721111 6 9 10 2 5 4 7 8 1 3 
20180721112 8 10 9 4 3 5 1 2 6 7 
20180721113 5 1 8 2 10 4 9 3 6 7 
20180721114 5 3 2 10 1 8 6 9 7 4 
20180721115 8 9 3 1 5 10 2 7 6 4 
20180721116 6 8 3 1 5 9 7 2 4 10 
20180721117 8 7 1 6 3 10 5 2 9 4 
20180721118 2 10 6 8 7 3 5 4 1 9 
20180721119 2 1 9 10 7 4 8 3 6 5 
20180721120 8 7 10 6 1 4 2 5 3 9 
20180721121 9 2 1 7 10 5 6 4 8 3 
20180721122 3 6 10 7 5 2 4 9 8 1 
20180721123 8 1 5 3 7 6 4 9 2 10 
20180721124 3 2 4 6 8 10 7 5 9 1 
20180721125 1 7 8 9 5 6 2 10 3 4 
20180721126 8 1 5 4 2 7 6 3 10 9 
20180721127 2 9 10 4 8 3 1 6 7 5 
20180721128 3 8 5 6 10 4 7 2 9 1 
20180721129 2 3 8 7 5 6 4 10 9 1 
20180721130 10 2 4 8 1 9 6 3 7 5 
20180721131 7 10 2 8 5 4 3 6 1 9 
20180721132 8 3 10 9 1 6 5 4 7 2 
20180721133 9 1 6 8 5 3 4 2 10 7 
20180721134 9 6 7 1 3 8 5 2 10 4 
20180721135 1 10 6 5 8 9 4 2 7 3 
20180721136 6 8 5 2 3 9 10 4 7 1 
20180721137 3 2 5 10 9 1 6 7 8 4 
20180721138 7 4 9 3 10 1 2 5 6 8 
20180721139 5 9 4 1 7 6 10 2 8 3 
20180721140 4 3 6 7 10 8 1 9 5 2 
20180721141 10 4 8 9 1 6 7 2 3 5 
20180721142 9 3 7 1 8 4 5 2 10 6 
20180721143 8 7 10 6 9 2 3 1 4 5 
20180721144 10 2 9 7 4 5 3 6 1 8 
20180721145 6 4 3 9 10 2 5 7 1 8 
20180721146 9 6 2 3 4 5 10 8 7 1 
20180721147 10 2 8 3 5 7 6 4 1 9 
20180721148 6 4 2 3 5 10 7 1 8 9 
20180721149 5 6 4 9 2 10 1 3 8 7 
20180721150 7 1 5 8 10 6 3 2 9 4 
20180721151 9 5 3 10 8 6 4 1 2 7 
20180721152 1 7 8 4 6 2 9 5 10 3 
20180721153 2 9 5 10 8 1 3 4 6 7 
20180721154 1 7 9 2 5 10 3 6 8 4 
20180721155 8 7 2 6 4 5 3 10 9 1 
20180721156 4 6 7 2 9 10 8 5 3 1 
20180721157 1 10 9 7 5 2 4 8 3 6 
20180721158 7 2 8 1 4 6 5 3 10 9 
20180721159 10 4 8 6 7 2 5 9 3 1 
20180721160 2 7 10 6 4 1 8 9 5 3 
20180721161 4 1 2 8 6 7 5 9 3 10 
20180721162 2 9 6 7 8 1 4 5 10 3 
20180721163 6 2 9 4 7 10 3 5 1 8 
20180721164 1 10 3 5 8 6 2 9 4 7 
20180721165 9 10 5 4 2 6 3 7 1 8 
20180721166 2 6 8 1 4 9 3 5 10 7 
20180721167 1 4 5 7 9 10 2 8 3 6 
20180721168 5 7 9 10 3 8 2 6 1 4 
20180721169 2 1 6 10 3 4 9 7 5 8 
20180721170 2 1 4 3 5 8 6 7 9 10 
20180721171 5 1 6 10 3 2 8 9 7 4 
20180721172 1 10 9 7 5 6 2 4 3 8 
20180721173 10 4 5 3 1 8 7 2 9 6 
20180721174 8 7 2 1 3 4 10 6 5 9 
20180721175 5 10 9 8 7 6 4 3 2 1 
20180721176 5 8 1 9 6 7 2 10 4 3 
20180721177 8 3 5 7 10 1 6 4 2 9 
20180721178 6 4 8 5 3 7 9 2 10 1 
20180721179 8 1 9 5 4 6 2 10 3 7 
20180721180 8 10 4 1 9 3 2 6 5 7 
20180721181 9 7 6 4 10 1 2 5 3 8 
20180721182 1 9 3 7 6 8 4 2 5 10 
20180721183 5 6 2 8 9 4 3 10 1 7 
20180721184 7 4 10 6 2 3 5 8 9 1 
20180721185 7 8 9 6 3 10 1 4 5 2 
20180721186 7 8 1 9 10 5 3 2 4 6 
20180721187 10 1 7 2 3 8 6 4 5 9 
20180721188 5 7 3 9 4 10 6 2 1 8 
20180721189 3 1 7 6 5 4 10 8 2 9 
20180721190 4 2 3 1 8 5 10 9 6 7 
20180721191 7 8 2 6 5 10 3 4 9 1 
20180721192 4 2 3 7 8 5 9 10 6 1 
20180721193 6 8 9 7 3 2 5 1 4 10 
20180721194 1 9 3 5 7 10 8 4 2 6 
20180721195 10 7 6 2 8 4 5 9 3 1 
20180721196 10 7 5 4 6 8 3 2 9 1 
20180721197 3 8 6 4 10 2 7 5 1 9 
20180721198 7 6 8 2 1 4 3 9 5 10 
20180721199 10 8 3 4 2 5 1 9 7 6 
20180721200 1 6 8 4 5 2 7 3 9 10 
20180721201 9 4 7 6 5 1 2 8 3 10 
20180721202 8 6 4 7 5 9 3 2 10 1 
20180721203 8 6 2 7 10 5 1 3 4 9 
20180721204 8 2 6 5 10 9 4 1 3 7 
20180721205 9 7 5 8 2 1 6 4 3 10 
20180721206 8 4 1 10 2 3 9 6 5 7 
20180721207 1 2 10 8 5 4 9 6 7 3 
20180721208 1 7 5 10 2 6 8 3 9 4 
20180721209 8 2 3 6 1 9 10 7 4 5 
20180721210 4 6 9 8 2 5 3 7 10 1 
20180721211 5 2 4 8 3 6 1 10 7 9 
20180721212 9 8 5 1 4 7 2 6 3 10 
20180721213 8 1 10 7 5 2 6 3 9 4 
20180721214 1 7 3 2 5 10 9 6 8 4 
20180721215 6 2 5 7 1 8 9 3 4 10 
20180721216 6 9 3 1 8 7 10 4 2 5 
20180721217 2 8 4 5 10 6 9 7 3 1 
20180721218 1 8 4 7 6 5 2 10 3 9 
20180721219 3 10 5 2 4 7 8 9 6 1 
20180721220 4 10 6 7 5 3 1 9 2 8 
20180721221 4 5 9 8 3 7 1 6 2 10 
20180721222 7 9 8 10 4 2 6 1 5 3 
20180721223 5 7 10 6 1 2 9 4 3 8 
20180721224 5 10 8 2 7 3 9 6 4 1 
20180721225 9 4 1 6 7 5 10 3 2 8 
20180721226 4 1 6 9 5 7 2 8 10 3 
20180721227 9 1 2 4 7 8 10 3 5 6 
20180721228 5 6 8 2 4 9 1 7 10 3 
20180721229 7 5 2 3 8 4 6 10 9 1 
20180721230 2 5 7 9 3 4 6 10 1 8 
20180721231 4 10 7 1 9 6 3 8 2 5 
20180721232 2 6 9 8 5 4 1 7 3 10 
20180721233 4 7 6 5 3 2 8 10 1 9 
20180721234 5 4 9 8 10 7 6 2 1 3 
20180721235 8 5 1 10 7 6 4 3 2 9 
20180721236 2 9 7 10 6 4 8 3 1 5 
20180721237 2 10 7 5 4 3 9 1 6 8 
20180721238 9 7 10 4 8 5 3 6 1 2 
20180721239 7 3 1 5 10 8 4 2 6 9 
20180721240 6 5 4 2 9 3 1 7 10 8 
20180721241 4 7 9 3 10 5 8 6 2 1 
20180721242 4 10 6 1 3 9 8 7 5 2 
20180721243 6 2 7 5 3 10 8 1 9 4 
20180721244 6 9 8 4 3 5 2 7 10 1 
20180721245 3 9 7 8 6 2 1 4 5 10 
20180721246 9 7 3 1 10 4 6 8 2 5 
20180721247 10 6 9 2 5 8 1 7 4 3 
20180721248 6 10 9 7 2 5 1 4 8 3 
20180721249 6 1 3 9 8 4 5 7 10 2 
20180721250 4 6 8 5 9 10 2 1 3 7 
20180721251 9 7 8 5 10 1 4 6 2 3 
20180721252 1 10 4 5 9 2 7 3 8 6 
20180721253 3 7 2 6 9 8 5 10 4 1 
20180721254 1 10 9 3 5 2 7 4 8 6 
20180721255 10 5 9 6 4 1 8 2 7 3 
20180721256 7 4 1 8 2 6 3 10 9 5 
20180721257 3 9 8 6 4 10 1 7 2 5 
20180721258 2 7 8 1 4 3 10 6 5 9 
20180721259 10 4 3 2 5 1 9 8 6 7 
20180721260 10 2 9 7 4 1 5 6 3 8 
20180721261 8 4 2 9 1 7 10 5 3 6 
20180721262 1 8 10 6 9 5 4 7 2 3 
20180721263 1 2 5 7 9 10 8 4 6 3 
20180721264 8 5 4 6 10 2 3 1 9 7 
20180721265 7 6 4 2 1 9 5 8 10 3 
20180721266 9 4 6 2 8 3 5 1 10 7 
20180721267 3 5 2 10 9 6 8 7 1 4 
20180721268 5 10 8 2 3 4 9 7 1 6 
20180721269 5 2 10 4 7 9 8 1 3 6 
20180721270 4 10 2 1 7 3 9 6 5 8 
20180721271 6 1 9 8 10 3 2 7 4 5 
20180721272 1 6 10 7 8 4 2 5 9 3 
20180721273 8 2 1 5 7 3 9 4 10 6 
20180721274 7 8 6 10 5 1 2 9 4 3 
20180721275 5 2 3 8 6 7 10 9 4 1 
20180721276 3 6 9 7 1 4 8 10 2 5 
20180721277 5 1 7 10 6 3 9 8 4 2 
20180721278 2 1 4 3 5 7 6 9 8 10 
20180721279 1 6 8 5 10 3 4 9 2 7 
20180721280 3 2 10 8 4 5 6 7 9 1 
20180721281 9 10 1 7 5 8 4 2 6 3 
20180721282 10 4 6 1 8 5 3 7 9 2 
20180721283 2 9 6 3 1 10 5 4 7 8 
20180721284 8 10 1 3 2 7 5 9 4 6 
20180721285 5 3 4 1 7 9 8 6 10 2 
20180721286 7 3 5 9 2 8 6 1 4 10 
20180721287 3 10 7 2 6 4 9 5 1 8 
20180721288 5 9 6 10 7 3 8 1 4 2 
20180721289 1 8 5 2 7 9 3 10 4 6 
20180721290 6 10 3 4 7 8 9 2 5 1 
20180721291 1 9 3 2 10 8 4 7 6 5 
20180721292 10 6 1 4 2 5 3 8 9 7 
20180721293 8 2 1 3 7 6 10 4 5 9 
20180721294 5 2 6 7 9 3 1 8 10 4 
20180721295 7 1 4 10 8 3 5 6 2 9 
20180721296 4 8 1 9 5 10 3 7 2 6 
20180721297 7 8 9 2 3 10 5 1 6 4 
20180721298 3 6 10 5 9 2 8 4 1 7 
20180721299 3 8 2 6 1 5 9 7 10 4 
20180721300 1 7 5 2 9 6 8 3 10 4 
20180721301 9 5 1 3 4 10 8 7 2 6 
20180721302 10 5 3 4 6 7 9 1 8 2 
20180721303 8 7 10 2 3 1 5 9 4 6 
20180721304 5 8 4 10 3 6 7 1 9 2 
20180721305 8 10 6 7 9 2 1 3 4 5 
20180721306 6 5 9 10 1 7 4 2 3 8 
20180721307 9 2 7 10 1 6 4 3 8 5 
20180721308 9 10 5 2 4 8 3 7 6 1 
20180721309 7 4 1 2 10 3 6 5 9 8 
20180721310 2 1 7 8 10 9 3 6 5 4 
20180721311 5 2 8 6 1 9 7 3 4 10 
20180721312 8 7 9 4 5 10 3 2 6 1 
20180721313 5 3 9 6 10 4 7 1 8 2 
20180721314 6 5 3 2 7 1 9 4 8 10 
20180721315 5 4 10 8 9 6 7 1 3 2 
20180721316 6 4 2 1 10 7 8 9 3 5 
20180721317 1 2 10 3 7 4 5 6 8 9 
20180721318 1 8 7 6 9 2 3 4 10 5 
20180721319 3 2 10 8 4 7 1 9 6 5 
20180721320 7 1 8 9 2 6 3 10 5 4 
20180721321 1 7 10 8 5 6 3 4 2 9 
20180721322 5 9 3 2 8 4 7 10 1 6 
20180721323 3 5 2 1 7 9 6 10 4 8 
20180721324 8 4 6 5 1 3 7 9 10 2 
20180721325 5 2 8 10 1 9 7 4 3 6 
20180721326 4 10 6 1 5 2 7 3 8 9 
20180721327 2 10 3 1 6 9 4 8 7 5 
20180721328 9 3 6 4 1 2 5 8 7 10 
20180721329 3 7 5 8 2 9 4 10 6 1 
20180721330 7 8 1 5 10 3 6 2 9 4 
20180721331 4 9 10 2 6 7 5 8 1 3 
20180721332 10 7 2 9 4 3 6 5 1 8 
20180721333 5 1 10 7 2 9 3 8 6 4 
20180721334 7 5 2 1 3 10 4 9 6 8 
20180721335 6 5 9 8 10 2 1 7 4 3 
20180721336 6 2 7 8 3 1 4 9 10 5 
20180721337 6 8 9 3 10 7 2 4 1 5 
20180721338 5 4 9 2 10 7 3 1 8 6 
20180721339 3 6 8 2 1 9 4 10 5 7 
20180721340 7 3 5 6 4 9 2 10 8 1 
20180721341 1 10 9 5 3 8 6 4 7 2 
20180721342 10 6 7 2 4 3 5 1 9 8 
20180721343 2 8 4 6 1 10 5 3 9 7 
20180721344 10 2 3 9 5 6 7 4 1 8 
20180721345 9 7 3 8 2 5 10 6 4 1 
20180721346 10 4 2 8 6 9 5 3 1 7 
20180721347 1 6 10 9 7 3 8 2 5 4 
20180721348 2 6 4 3 7 10 8 1 9 5 
20180721349 2 8 3 4 5 1 10 9 7 6 
20180721350 2 10 4 9 1 7 5 3 6 8 
20180721351 9 3 7 8 2 6 4 10 1 5 
20180721352 4 8 7 2 10 6 9 3 1 5 
20180721353 7 2 8 9 6 5 3 10 4 1 
20180721354 9 6 8 4 2 7 3 5 1 10 
20180721355 2 7 5 1 8 6 9 4 3 10 
20180721356 7 6 2 8 3 1 9 10 5 4 
20180721357 3 9 5 7 2 6 1 10 4 8 
20180721358 5 8 3 7 4 6 10 2 1 9 
20180721359 6 4 7 2 5 9 3 10 1 8 
20180721360 2 7 6 5 3 4 8 10 9 1 
20180721361 5 6 2 7 3 9 1 4 10 8 
20180721362 5 9 10 3 7 1 4 2 6 8 
20180721363 6 1 7 3 4 2 9 8 5 10 
20180721364 1 5 6 3 8 7 4 2 10 9 
20180721365 8 10 5 4 2 6 1 3 9 7 
20180721366 2 4 8 3 6 10 7 9 1 5 
20180721367 3 5 4 9 6 10 7 8 2 1 
20180721368 2 9 6 10 5 3 8 1 7 4 
20180721369 9 1 5 4 7 3 8 6 10 2 
20180721370 7 5 4 9 8 2 10 3 6 1 
20180721371 9 4 1 6 2 7 10 5 8 3 
20180721372 2 7 10 9 8 5 3 6 1 4 
20180721373 9 6 8 1 7 2 5 3 10 4 
20180721374 3 5 8 6 7 9 1 2 10 4 
20180721375 5 9 10 8 3 2 1 7 4 6 
20180721376 4 10 2 9 7 6 5 3 1 8 
20180721377 2 8 10 4 7 6 9 5 1 3 
20180721378 6 4 2 1 7 5 9 8 3 10 
20180721379 1 8 9 3 10 6 7 4 2 5 
20180721380 10 8 9 5 1 4 3 7 2 6 
20180721381 9 7 8 4 3 6 5 1 2 10 
20180721382 1 3 4 8 2 5 10 7 9 6 
20180721383 3 10 9 1 7 8 6 4 2 5 
20180721384 10 2 3 7 8 1 6 4 5 9 
20180721385 8 4 3 10 7 5 2 1 9 6 
20180721386 8 3 10 6 5 1 7 4 2 9 
20180721387 3 2 8 7 10 6 9 4 1 5 
20180721388 2 7 8 4 6 1 5 10 9 3 
20180721389 6 3 5 8 10 7 4 9 2 1 
20180721390 7 3 2 10 6 4 8 5 1 9 
20180721391 4 5 7 10 6 2 9 3 1 8 
20180721392 2 8 9 10 3 6 5 1 4 7 
20180721393 1 9 8 3 10 7 4 2 5 6 
20180721394 8 1 10 7 4 9 6 3 2 5 
20180721395 9 4 2 5 8 7 1 3 10 6 
20180721396 1 4 6 9 2 7 8 3 5 10 
20180721397 10 9 1 8 6 5 4 2 3 7 
20180721398 3 2 1 10 7 9 6 8 4 5 
20180721399 1 7 6 10 5 2 8 4 9 3 
20180721400 7 6 8 10 4 2 3 1 9 5 
20180721401 5 4 2 10 1 8 6 3 9 7 
20180721402 2 10 7 6 4 8 3 1 9 5 
20180721403 5 7 10 3 1 8 9 6 2 4 
20180721404 4 8 3 5 6 7 2 10 9 1 
20180721405 2 7 9 8 1 10 5 6 4 3 
20180721406 10 5 1 3 8 6 7 9 2 4 
20180721407 4 7 3 1 9 6 8 5 10 2 
20180721408 9 2 3 5 8 4 6 7 10 1 
20180721409 10 4 6 2 1 8 7 9 5 3 
20180721410 7 9 10 2 6 5 1 4 8 3 
20180721411 4 6 2 7 5 9 1 3 8 10 
20180721412 10 7 2 8 6 3 9 5 4 1 
20180721413 10 5 6 8 9 2 3 7 4 1 
20180721414 3 4 10 2 1 9 6 7 5 8 
20180721415 5 6 9 4 7 2 3 10 8 1 
20180721416 10 4 3 9 6 7 2 8 5 1 
20180721417 3 2 1 6 5 4 8 9 7 10 
20180721418 5 1 10 7 2 4 8 9 6 3 
20180721419 10 4 1 9 2 8 7 3 6 5 
20180721420 6 3 1 2 4 5 9 8 10 7 
20180721421 4 1 10 6 5 9 8 2 7 3 
20180721422 10 9 7 2 6 3 8 1 4 5 
20180721423 5 1 10 9 7 2 6 3 4 8 
20180721424 9 1 4 2 6 10 7 8 5 3 
20180721425 2 4 3 1 10 6 8 9 5 7 
20180721426 7 4 1 5 3 6 9 2 8 10 
20180721427 7 8 2 6 5 1 3 4 9 10 
20180721428 9 10 1 6 3 8 5 4 7 2 
20180721429 6 2 7 3 9 5 8 4 10 1 
20180721430 7 10 6 3 8 1 5 4 9 2 
20180721431 6 1 10 5 9 2 8 4 3 7 
20180721432 9 6 4 7 3 8 1 10 2 5 
20180721433 9 6 4 1 10 5 8 2 3 7 
20180721434 7 1 4 6 3 2 8 5 9 10 
20180721435 3 5 10 1 2 9 7 4 8 6 
20180721436 8 9 4 2 10 3 5 6 7 1 
20180721437 4 5 10 2 3 9 6 7 1 8 
20180721438 9 10 6 5 3 1 8 7 4 2 
20180721439 3 4 5 9 6 2 1 7 10 8 
20180721440 10 9 4 1 3 7 8 6 2 5 
20180721441 8 4 9 5 1 3 10 6 7 2 
20180721442 3 9 4 10 1 5 6 2 7 8 
20180721443 8 4 5 9 1 10 3 2 7 6 
20180721444 1 4 7 2 10 6 5 9 8 3 
20180721445 9 7 1 5 2 4 10 3 8 6 
20180721446 8 2 7 10 3 1 9 6 4 5 
20180721447 10 5 3 9 2 6 1 7 4 8 
20180721448 3 8 1 7 6 2 10 5 4 9 
20180721449 7 1 10 8 4 5 3 2 9 6 
20180721450 5 8 7 2 3 1 4 6 9 10 
20180721451 2 10 9 5 3 1 6 8 4 7 
20180721452 3 6 10 4 1 2 5 8 7 9 
20180721453 2 1 5 9 6 10 8 7 4 3 
20180721454 5 2 6 7 4 1 9 3 8 10 
20180721455 10 9 1 7 2 5 8 4 3 6 
20180721456 1 4 10 3 6 2 9 5 7 8 
20180721457 8 7 10 3 9 5 2 4 6 1 
20180721458 1 5 7 10 8 4 9 3 6 2 
20180721459 4 8 3 6 2 7 9 10 5 1 
20180721460 1 3 9 4 7 2 6 8 10 5 
20180721461 3 1 6 10 5 8 4 9 7 2 
20180721462 10 4 1 5 8 2 3 6 7 9 
20180721463 2 6 7 9 5 8 3 1 10 4 
20180721464 10 1 8 5 3 2 4 9 6 7 
20180721465 4 5 7 3 8 10 1 9 2 6 
20180721466 4 6 1 5 2 8 7 9 10 3 
20180721467 1 9 6 4 10 5 8 3 2 7 
20180721468 4 3 9 5 8 6 7 10 2 1 
20180721469 5 7 8 10 9 6 3 4 2 1 
20180721470 9 10 7 1 6 4 8 5 2 3 
20180721471 5 7 4 8 1 3 2 6 10 9 
20180721472 2 4 10 1 3 8 9 6 5 7 
20180721473 7 3 6 10 5 1 4 9 2 8 
20180721474 5 8 3 1 2 4 6 10 9 7 
20180721475 7 5 1 4 3 2 9 6 10 8 
20180721476 5 3 4 8 9 6 2 7 1 10 
20180721477 9 2 5 8 4 7 1 6 10 3 
20180721478 3 7 2 10 8 1 4 5 6 9 
20180721479 3 6 1 9 4 2 8 10 5 7 
20180721480 7 2 6 9 3 10 4 8 1 5 
20180721481 8 10 2 9 1 5 7 6 3 4 
20180721482 2 7 10 5 3 8 4 9 1 6 
20180721483 8 4 5 7 3 2 9 10 6 1 
20180721484 6 4 7 5 3 9 8 1 10 2 
20180721485 3 10 1 6 4 2 9 5 7 8 
20180721486 9 3 7 1 2 4 10 6 8 5 
20180721487 2 5 1 8 10 9 4 7 3 6 
20180721488 10 5 4 8 1 3 6 7 2 9 
20180721489 2 7 4 8 5 10 1 6 9 3 
20180721490 9 4 2 5 7 10 3 6 1 8 
20180721491 8 3 1 7 9 4 2 5 10 6 
20180721492 7 2 6 10 9 3 4 8 5 1 
20180721493 8 6 4 7 1 5 10 3 2 9 
20180721494 7 4 2 5 1 10 6 3 9 8 
20180721495 6 1 7 2 9 5 8 10 4 3 
20180721496 8 9 3 6 10 4 5 2 7 1 
20180721497 8 1 3 7 6 4 10 5 2 9 
20180721498 10 8 3 4 2 7 1 5 6 9 
20180721499 5 2 10 6 4 9 8 3 1 7 
20180721500 8 6 2 9 5 1 4 3 10 7 
20180721501 1 10 7 4 9 6 3 2 5 8 
20180721502 6 4 10 2 3 7 8 5 9 1 
20180721503 5 1 6 7 2 10 3 4 8 9 
20180721504 9 5 3 2 10 8 4 6 1 7 
20180721505 7 3 8 6 2 10 5 4 9 1 
20180721506 3 9 4 6 5 10 2 8 7 1 
20180721507 10 4 2 6 8 5 7 9 1 3 
20180721508 2 5 6 1 4 8 9 10 3 7 
20180721509 4 1 9 10 2 8 6 7 5 3 
20180721510 8 3 2 7 5 6 9 10 4 1 
20180721511 1 7 9 5 3 6 4 8 2 10 
20180721512 6 10 7 8 2 3 4 1 9 5 
20180721513 6 4 5 9 10 3 2 1 8 7 
20180721514 6 5 2 7 4 3 9 10 1 8 
20180721515 4 6 3 7 9 1 8 5 10 2 
20180721516 5 10 2 3 6 9 4 8 1 7 
20180721517 4 2 7 5 8 3 9 1 10 6 
20180721518 6 7 8 1 2 4 5 3 10 9 
20180721519 10 1 6 3 8 2 9 5 4 7 
20180721520 3 1 2 7 5 9 10 6 8 4 
20180721521 8 7 9 5 2 4 6 10 3 1 
20180721522 10 3 6 1 8 4 7 5 2 9 
20180721523 1 2 7 9 5 10 6 8 4 3 
20180721524 1 8 2 10 4 6 9 3 7 5 
20180721525 1 6 8 4 9 5 10 2 7 3 
20180721526 7 5 6 1 2 10 9 4 3 8 
20180721527 5 10 1 7 4 8 6 2 3 9 
20180721528 2 9 3 5 4 10 1 8 6 7 
20180721529 5 9 6 8 3 2 4 10 1 7 
20180721530 2 1 7 6 10 9 3 8 5 4 
20180721531 8 4 6 9 1 5 10 3 7 2 
20180721532 7 8 2 3 6 5 4 1 10 9 
20180721533 2 3 1 8 10 6 5 7 9 4 
20180721534 5 1 3 7 6 9 10 8 2 4 
20180721535 4 7 9 6 3 2 10 5 8 1 
20180721536 10 1 8 4 3 9 5 6 2 7 
20180721537 10 9 1 6 4 8 2 3 7 5 
20180721538 4 2 8 9 10 3 1 6 5 7 
20180721539 7 10 2 9 1 4 6 3 8 5 
20180721540 6 2 7 5 10 4 9 8 1 3 
20180721541 1 5 8 6 9 7 2 10 4 3 
20180721542 3 8 2 10 6 1 9 4 5 7 
20180721543 3 5 4 9 6 2 1 7 8 10 
20180721544 4 2 9 6 10 8 7 5 3 1 
20180721545 2 7 1 10 9 6 3 4 8 5 
20180721546 4 5 2 9 1 3 8 6 10 7 
20180721547 8 3 6 10 7 2 9 1 4 5 
20180721548 2 4 3 7 5 9 10 8 1 6 
20180721549 6 2 10 7 4 8 1 5 3 9 
20180721550 1 8 4 2 6 3 5 9 10 7 
20180721551 8 9 10 1 3 7 6 5 2 4 
20180721552 10 7 5 9 3 4 8 2 1 6 
20180721553 3 2 10 1 5 4 8 7 6 9 
20180721554 10 1 7 3 8 2 4 6 5 9 
20180721555 5 4 3 6 8 9 7 2 10 1 
20180721556 10 3 4 6 1 2 8 9 7 5 
20180721557 6 4 5 3 8 2 7 9 1 10 
20180721558 10 6 2 4 5 9 8 7 1 3 
20180721559 3 7 1 8 4 10 5 2 6 9 
20180721560 4 10 1 7 2 9 8 5 6 3 
20180721561 8 7 9 3 5 10 1 2 6 4 
20180721562 3 10 2 8 7 4 9 1 5 6 
20180721563 8 10 9 3 6 2 4 1 7 5 
20180721564 1 2 4 6 10 7 9 3 8 5 
20180721565 1 7 6 5 9 8 10 3 4 2 
20180721566 5 8 3 4 7 1 10 6 9 2 
20180721567 3 10 2 1 8 4 9 7 6 5 
20180721568 2 6 8 7 3 10 4 5 9 1 
20180721569 6 4 2 7 9 3 1 5 8 10 
20180721570 6 9 7 1 2 10 5 4 8 3 
20180721571 4 10 9 3 5 6 7 8 2 1 
20180721572 5 1 8 6 7 9 4 3 10 2 
20180721573 3 9 6 10 4 1 5 2 8 7 
20180721574 2 8 4 7 10 1 6 9 3 5 
20180721575 6 1 3 4 7 10 8 5 2 9 
20180721576 1 2 6 5 4 8 7 10 9 3 
20180721577 4 8 10 6 9 5 3 2 1 7 
20180721578 3 10 2 5 9 4 7 6 1 8 
20180721579 2 10 1 9 7 4 5 3 8 6 
20180721580 4 6 10 8 3 2 9 1 5 7 
20180721581 2 8 1 7 10 9 5 6 4 3 
20180721582 1 10 8 6 9 5 3 4 2 7 
20180721583 4 1 7 5 2 9 6 8 10 3 
20180721584 9 8 3 5 6 1 4 10 7 2 
20180721585 5 10 9 1 8 6 4 2 7 3 
20180721586 7 1 9 5 3 4 10 2 8 6 
20180721587 4 5 7 6 9 2 1 3 10 8 
20180721588 8 3 7 2 10 5 6 1 9 4 
20180721589 5 4 8 2 6 7 9 1 10 3 
20180721590 5 6 4 10 1 3 8 9 7 2 
20180721591 9 1 5 8 3 10 6 7 4 2 
20180721592 7 2 10 8 3 5 4 6 9 1 
20180721593 6 3 10 5 1 8 2 7 9 4 
20180721594 10 7 5 9 1 6 4 2 3 8 
20180721595 1 6 10 3 5 2 7 9 4 8 
20180721596 8 6 4 10 3 2 5 1 7 9 
20180721597 2 3 4 8 5 1 6 7 10 9 
20180721598 9 2 1 7 3 8 6 4 5 10 
20180721599 6 10 8 1 4 5 2 9 3 7 
20180721600 1 7 8 9 4 5 3 10 2 6 
20180721601 2 10 7 1 3 5 6 8 9 4 
20180721602 3 4 9 2 10 8 1 5 6 7 
20180721603 6 9 3 5 1 10 4 7 8 2 
20180721604 8 4 3 1 7 6 9 10 5 2 
20180721605 8 9 4 7 3 5 6 1 10 2 
20180721606 9 10 5 1 3 8 2 6 4 7 
20180721607 6 3 4 1 8 10 9 2 7 5 
20180721608 9 3 7 1 5 6 2 8 10 4 
20180721609 4 1 7 10 9 2 5 6 3 8 
20180721610 2 10 4 7 8 6 9 3 5 1 
20180721611 5 9 6 2 10 3 1 8 7 4 
20180721612 8 9 2 4 6 3 5 10 1 7 
20180721613 9 2 6 8 5 1 7 3 4 10 
20180721614 10 1 2 3 8 7 4 6 9 5 
20180721615 8 7 6 9 1 3 10 4 5 2 
20180721616 7 5 9 6 4 3 2 8 10 1 
20180721617 7 9 6 10 8 3 1 5 2 4 
20180721618 10 2 4 9 5 7 3 6 8 1 
20180721619 4 10 1 6 2 8 9 7 3 5 
20180721620 8 2 1 10 7 9 3 5 6 4 
20180721621 5 10 7 9 8 6 1 2 4 3 
20180721622 5 9 4 7 6 2 10 8 3 1 
20180721623 5 10 3 1 8 9 7 6 4 2 
20180721624 9 7 8 1 6 3 5 4 10 2 
20180721625 6 9 10 5 3 1 4 2 8 7 
20180721626 7 6 5 4 10 2 9 1 3 8 
20180721627 3 6 4 9 1 10 8 7 2 5 
20180721628 1 3 5 8 7 6 4 9 2 10 
20180721629 7 9 8 6 2 10 5 3 1 4 
20180721630 8 9 3 6 10 2 1 7 5 4 
20180721631 3 4 10 2 6 9 5 8 7 1 
20180721632 7 4 9 6 8 3 2 10 5 1 
20180721633 9 2 3 6 1 7 8 4 5 10 
20180721634 6 9 5 3 8 7 4 2 1 10 
20180721635 9 7 6 10 3 5 8 2 1 4 
20180721636 2 9 7 10 4 8 5 3 6 1 
20180721637 6 5 9 10 2 1 8 7 3 4 
20180721638 10 2 8 5 4 6 1 7 9 3 
20180721639 7 2 4 1 3 5 6 8 10 9 
20180721640 9 6 8 5 3 7 4 10 2 1 
20180721641 8 9 6 3 2 1 5 4 7 10 
20180721642 1 10 2 6 5 3 9 7 4 8 
20180721643 9 4 8 2 1 6 10 7 3 5 
20180721644 2 9 3 10 4 1 7 6 5 8 
20180721645 4 5 10 9 1 7 6 2 8 3 
20180721646 4 6 7 3 8 1 5 10 9 2 
20180721647 2 10 7 5 3 9 1 8 6 4 
20180721648 3 8 7 6 2 4 10 9 1 5 
20180721649 7 5 4 1 8 10 9 6 3 2 
20180721650 5 1 2 6 9 4 10 7 3 8 
20180721651 4 8 1 7 2 5 10 9 6 3 
20180721652 7 5 3 10 4 9 2 1 8 6 
20180721653 1 9 3 8 6 10 4 5 7 2 
20180721654 3 7 2 1 6 8 10 5 9 4 
20180721655 7 6 10 3 9 2 5 1 8 4 
20180721656 9 5 10 3 7 8 1 2 6 4 
20180721657 10 2 5 1 3 7 4 9 8 6 
20180721658 9 4 6 8 10 5 3 2 1 7 
20180721659 2 8 3 7 9 10 6 1 5 4 
20180721660 9 8 1 10 7 5 3 2 4 6 
20180721661 3 7 9 1 6 10 2 4 5 8 
20180721662 6 2 7 10 3 9 1 8 5 4 
20180721663 8 1 7 9 10 6 3 5 4 2 
20180721664 10 6 3 5 4 2 9 1 8 7 
20180721665 7 9 3 2 4 6 5 1 10 8 
20180721666 5 9 4 7 6 1 2 8 3 10 
20180721667 2 4 6 8 1 9 5 7 3 10 
20180721668 10 5 6 3 9 8 4 1 2 7 
20180721669 4 6 9 5 3 1 8 2 10 7 
20180721670 6 5 7 8 10 4 3 2 1 9 
20180721671 9 7 3 4 6 1 2 10 8 5 
20180721672 7 4 5 1 2 10 3 8 6 9 
20180721673 1 7 3 9 8 10 2 6 5 4 
20180721674 6 3 9 5 2 1 8 7 10 4 
20180721675 4 3 6 2 5 9 1 7 8 10 
20180721676 7 2 5 3 9 6 10 4 8 1 
20180721677 4 8 9 5 6 7 1 2 3 10 
20180721678 5 6 4 8 7 2 9 10 1 3 
20180721679 4 8 10 3 1 2 7 5 6 9 
20180721680 10 7 5 9 4 6 2 8 1 3 
20180721681 9 6 4 7 2 3 5 1 10 8 
20180721682 4 10 7 1 9 6 2 5 8 3 
20180721683 5 8 7 4 6 2 10 1 9 3 
20180721684 8 10 2 7 1 3 9 6 5 4 
20180721685 9 2 3 4 6 8 1 5 10 7 
20180721686 5 9 7 3 4 6 2 8 10 1 
20180721687 3 2 7 10 5 8 4 1 6 9 
20180721688 6 4 7 8 2 10 9 3 5 1 
20180721689 8 4 10 1 7 3 6 9 5 2 
20180721690 9 8 6 4 7 2 10 3 1 5 
20180721691 7 1 5 10 9 6 4 8 3 2 
20180721692 4 9 6 10 8 2 3 5 1 7 
20180721693 10 3 2 9 5 7 1 4 6 8 
20180721694 9 10 7 1 6 4 8 2 5 3 
20180721695 6 1 5 7 4 9 10 2 8 3 
20180721696 10 8 4 2 3 7 1 9 5 6 
20180721697 6 8 2 1 4 9 3 10 5 7 
20180721698 8 5 9 6 10 4 2 1 7 3 
20180721699 1 2 7 4 8 6 3 9 5 10 
20180721700 2 6 9 4 3 5 8 7 1 10 
20180721701 7 1 3 2 8 5 9 10 6 4 
20180721702 6 5 1 8 7 9 4 2 10 3 
20180721703 1 8 4 9 2 10 3 5 6 7 
20180721704 8 5 1 3 2 9 7 10 6 4 
20180721705 6 3 9 7 4 10 2 1 5 8 
20180721706 4 9 1 8 5 3 10 2 7 6 
20180721707 2 1 5 7 6 3 10 9 8 4 
20180721708 2 6 4 8 3 1 5 10 7 9 
20180721709 6 2 3 5 4 1 9 7 10 8 
20180721710 6 2 5 8 10 9 3 7 1 4 
20180721711 3 1 7 6 9 4 8 10 2 5 
20180721712 10 2 3 7 9 1 6 4 8 5 
20180721713 4 3 6 1 10 9 5 7 2 8 
20180721714 7 4 2 5 8 9 3 6 1 10 
20180721715 10 4 2 1 8 5 6 7 9 3 
20180721716 3 6 4 9 10 1 8 2 7 5 
20180721717 9 6 8 4 5 2 10 3 7 1 
20180721718 5 1 9 7 6 4 8 10 2 3 
20180721719 10 1 7 9 5 8 6 4 3 2 
20180721720 7 10 2 3 8 6 1 9 4 5 
20180721721 5 4 7 8 2 9 6 1 3 10 
20180721722 7 4 9 1 3 6 10 5 8 2 
20180721723 6 8 7 9 5 2 3 1 10 4 
20180721724 4 9 10 1 8 2 5 3 7 6 
20180721725 10 6 2 1 3 8 9 5 4 7 
20180721726 6 2 9 4 7 3 5 8 10 1 
20180721727 6 1 2 7 3 10 5 9 8 4 
20180721728 10 1 2 9 6 7 4 8 5 3 
20180721729 9 10 4 2 1 3 8 6 5 7 
20180721730 8 7 5 1 2 6 3 4 9 10 
20180721731 1 10 9 7 8 3 6 2 5 4 
20180721732 4 2 10 8 6 5 7 3 1 9 
20180721733 2 4 3 7 1 6 10 5 9 8 
20180721734 8 9 3 10 5 1 7 6 2 4 
20180721735 2 8 3 7 1 6 10 5 4 9 
20180721736 9 3 5 2 6 4 10 7 1 8 
20180721737 10 6 5 7 9 1 4 3 8 2 
20180721738 8 5 9 1 4 10 2 7 6 3 
20180721739 6 5 2 4 3 8 9 1 10 7 
20180721740 8 4 1 3 2 7 9 10 6 5 
20180721741 10 7 3 4 9 8 2 1 6 5 
20180721742 2 9 6 1 5 10 4 3 8 7 
20180721743 3 5 1 8 6 7 9 10 4 2 
20180721744 10 9 5 6 4 2 8 1 7 3 
20180721745 4 8 7 3 5 1 9 6 2 10 
20180721746 1 8 4 7 10 3 9 5 2 6 
20180721747 10 2 4 7 9 6 8 1 5 3 
20180721748 7 10 5 4 8 2 9 3 6 1 
20180721749 5 2 9 4 7 6 10 3 1 8 
20180721750 7 10 8 4 2 9 3 5 6 1 
20180721751 10 5 3 7 2 4 6 1 9 8 
20180721752 10 4 7 1 5 2 9 3 6 8 
20180721753 1 2 8 5 7 6 10 3 4 9 
20180721754 9 7 1 3 10 5 6 4 2 8 
20180721755 4 7 1 10 6 9 3 5 2 8 
20180721756 6 9 5 10 1 8 3 7 2 4 
20180721757 2 7 3 9 5 4 10 8 1 6 
20180721758 8 10 6 4 2 9 5 1 7 3 
20180721759 10 4 9 1 7 8 6 2 5 3 
20180721760 7 3 2 6 4 9 8 1 5 10 
20180721761 1 3 7 2 8 9 4 10 5 6 
20180721762 4 10 7 8 2 3 6 1 9 5 
20180721763 2 5 1 8 3 4 7 9 6 10 
20180721764 9 1 10 4 8 6 3 7 5 2 
20180721765 5 3 10 7 9 4 2 6 1 8 
20180721766 1 10 5 9 4 2 6 7 8 3 
20180721767 6 5 7 2 10 1 4 9 3 8 
20180721768 10 9 7 1 5 2 3 8 6 4 
20180721769 2 8 10 1 4 9 3 5 6 7 
20180721770 8 4 7 5 10 9 6 3 1 2 
20180721771 9 6 3 10 8 5 4 7 2 1 
20180721772 4 1 6 5 2 10 7 8 9 3 
20180721773 6 4 10 8 3 9 1 7 5 2 
20180721774 8 6 4 9 2 10 3 7 5 1 
20180721775 1 3 6 7 4 8 2 10 5 9 
20180721776 7 9 1 4 10 2 6 3 5 8 
20180721777 9 2 1 10 7 4 5 8 3 6 
20180721778 3 5 1 10 6 2 7 8 4 9 
20180721779 9 1 8 5 6 2 7 10 4 3 
20180721780 5 2 8 9 1 10 7 6 4 3 
20180721781 3 5 10 6 1 2 7 9 8 4 
20180721782 5 4 2 3 1 8 7 10 6 9 
20180721783 2 5 4 6 10 7 3 1 8 9 
20180721784 6 4 5 2 10 9 3 8 1 7 
20180721785 9 7 2 4 10 6 8 5 3 1 
20180721786 7 2 1 3 10 4 6 5 9 8 
20180721787 9 4 7 10 8 2 6 5 3 1 
20180721788 8 9 10 5 2 3 4 6 1 7 
20180721789 8 5 6 2 10 4 3 7 9 1 
20180721790 3 2 10 5 4 8 6 7 1 9 
20180721791 10 1 8 3 5 2 7 6 4 9 
20180721792 9 2 5 6 3 4 8 7 10 1 
20180721793 6 2 10 5 3 7 1 4 8 9 
20180721794 4 3 8 2 10 9 6 5 1 7 
20180721795 9 10 6 2 7 1 3 5 8 4 
20180721796 8 2 1 4 6 10 3 5 9 7 
20180721797 5 8 1 6 10 7 9 2 4 3 
20180721798 4 5 10 1 8 9 2 3 7 6 
20180721799 9 7 5 2 6 4 10 1 8 3 
20180721800 7 5 9 6 10 4 3 2 8 1 
20180721801 1 8 9 3 6 4 5 7 2 10 
20180721802 10 5 3 6 7 8 4 1 2 9 
20180721803 8 5 9 3 2 1 7 4 10 6 
20180721804 3 9 6 1 2 7 5 4 8 10 
20180721805 4 3 10 9 2 1 8 5 6 7 
20180721806 7 3 2 1 6 5 9 8 10 4 
20180721807 4 8 10 1 9 7 6 3 5 2 
20180721808 5 3 2 1 7 4 6 8 9 10 
20180721809 7 1 4 6 3 9 2 5 10 8 
20180721810 8 10 6 9 2 7 5 3 4 1 
20180721811 7 10 9 5 3 8 6 1 2 4 
20180721812 7 8 1 5 4 9 10 6 3 2 
20180721813 10 5 6 1 2 7 8 4 9 3 
20180721814 6 10 8 3 2 7 4 9 5 1 
20180721815 6 7 9 1 2 4 3 8 5 10 
20180721816 9 8 5 6 10 4 3 1 7 2 
20180721817 6 4 8 3 9 7 10 5 1 2 
20180721818 7 10 9 4 2 8 5 1 3 6 
20180721819 9 4 5 7 3 6 2 1 10 8 
20180721820 6 1 8 4 3 10 7 2 5 9 
20180721821 3 4 7 2 5 10 8 1 6 9 
20180721822 4 10 7 5 2 8 6 9 3 1 
20180721823 4 8 3 5 9 1 7 6 10 2 
20180721824 4 2 7 9 10 6 1 3 5 8 
20180721825 9 8 1 2 10 5 4 6 7 3 
20180721826 1 6 4 9 7 10 5 2 3 8 
20180721827 6 1 10 7 4 8 2 5 3 9 
20180721828 7 10 9 4 2 8 1 3 6 5 
20180721829 4 5 1 7 9 10 2 8 3 6 
20180721830 5 8 9 4 10 6 1 7 3 2 
20180721831 7 2 3 9 1 6 10 8 4 5 
20180721832 7 5 9 10 8 4 6 1 3 2 
20180721833 9 7 10 6 5 3 8 2 4 1 
20180721834 5 9 2 3 8 10 1 7 6 4 
20180721835 1 7 5 6 3 8 2 10 9 4 
20180721836 3 2 8 5 6 9 10 1 7 4 
20180721837 5 7 1 10 6 2 8 4 9 3 
20180721838 6 1 9 2 7 5 10 4 3 8 
20180721839 8 3 5 10 1 4 9 2 6 7 
20180721840 4 1 3 9 10 2 7 8 5 6 
20180721841 2 5 8 3 6 4 7 1 9 10 
20180721842 6 7 9 3 10 4 1 2 8 5 
20180721843 4 8 6 5 2 3 10 7 1 9 
20180721844 3 1 2 9 4 5 8 6 7 10 
20180721845 9 1 4 10 7 3 8 6 2 5 
20180721846 3 1 10 5 8 9 6 2 7 4 
20180721847 2 5 7 6 3 9 1 8 4 10 
20180721848 10 7 4 8 3 5 1 2 9 6 
20180721849 4 5 6 2 9 10 7 8 1 3 
20180721850 5 10 9 3 4 6 8 7 2 1 
20180721851 8 6 9 4 2 5 1 7 10 3 
20180721852 2 9 3 8 10 5 6 1 4 7 
20180721853 9 3 4 7 8 1 2 6 5 10 
20180721854 10 5 2 1 8 4 6 7 3 9 
20180721855 1 8 5 3 10 9 7 6 4 2 
20180721856 3 9 7 6 1 4 8 2 5 10 
20180721857 8 1 6 3 2 4 10 5 9 7 
20180721858 4 1 7 2 10 3 5 9 6 8 
20180721859 8 4 10 7 3 2 9 1 6 5 
20180721860 9 5 4 8 6 10 2 3 7 1 
20180721861 9 3 6 10 2 7 8 4 5 1 
20180721862 6 8 10 7 2 3 9 5 1 4 
20180721863 3 4 9 6 10 2 1 8 5 7 
20180721864 2 7 1 10 5 3 9 6 8 4 
20180721865 3 5 9 2 10 6 4 8 7 1 
20180721866 2 1 7 9 8 10 4 3 6 5 
20180721867 5 2 10 6 3 7 8 9 1 4 
20180721868 8 9 7 1 3 4 2 6 10 5 
20180721869 4 9 5 10 1 3 2 8 6 7 
20180721870 6 4 8 7 2 9 10 3 1 5 
20180721871 9 6 4 7 10 5 3 8 1 2 
20180721872 4 1 5 9 6 3 7 8 2 10 
20180721873 10 2 3 7 6 4 8 9 5 1 
20180721874 4 2 7 6 3 5 9 10 1 8 
20180721875 6 5 9 4 2 3 8 1 10 7 
20180721876 7 3 2 8 1 6 4 9 5 10 
20180721877 3 5 6 4 7 8 1 10 2 9 
20180721878 8 10 7 2 3 4 9 1 6 5 
20180721879 2 10 8 1 4 5 9 6 3 7 
20180721880 2 7 6 3 9 10 8 1 4 5 
20180721881 1 5 6 8 7 4 2 3 9 10 
20180721882 7 3 9 6 4 10 8 5 2 1 
20180721883 4 10 5 2 9 3 8 7 1 6 
20180721884 9 4 2 8 7 1 6 5 3 10 
20180721885 7 6 10 5 1 4 8 3 9 2 
20180721886 7 6 4 5 3 1 9 8 10 2 
20180721887 3 7 6 1 5 9 2 10 8 4 
20180721888 4 8 5 1 10 7 2 6 9 3 
20180721889 8 7 6 3 4 9 2 10 5 1 
20180721890 5 4 2 6 3 7 9 1 8 10 
20180721891 5 3 10 1 7 4 6 9 8 2 
20180721892 3 9 5 4 10 2 8 1 6 7 
20180721893 2 10 3 5 4 7 1 9 8 6 
20180721894 5 6 3 10 7 2 1 8 9 4 
20180721895 10 8 4 3 2 7 9 1 5 6 
20180721896 5 1 9 4 3 2 8 10 6 7 
20180721897 1 9 4 5 8 2 7 10 6 3 
20180721898 10 5 9 6 4 2 1 8 3 7 
20180721899 7 1 8 5 10 3 6 2 4 9 
20180721900 8 1 10 5 7 4 3 9 2 6 
20180721901 2 10 7 4 3 1 5 9 8 6 
20180721902 10 5 1 9 3 6 8 4 7 2 
20180721903 6 10 2 8 9 1 5 7 4 3 
20180721904 2 8 5 9 3 1 6 7 4 10 
20180721905 2 1 5 3 9 6 8 7 10 4 
20180721906 9 7 3 4 10 2 8 6 5 1 
20180721907 8 9 7 4 2 5 10 1 6 3 
20180721908 6 9 1 4 2 7 10 3 8 5 
20180721909 10 1 7 6 3 8 2 9 5 4 
20180721910 10 3 2 5 6 7 9 4 1 8 
20180721911 6 3 7 8 1 10 4 2 9 5 
20180721912 3 9 4 6 10 5 2 1 7 8 
20180721913 1 3 8 7 2 4 9 10 5 6 
20180721914 1 10 9 4 3 2 8 6 7 5 
20180721915 9 10 4 2 3 1 5 8 7 6 
20180721916 3 8 7 5 6 9 4 1 2 10 
20180721917 1 2 5 10 4 9 7 8 6 3 
20180721918 10 4 8 9 5 1 3 7 2 6 
20180721919 8 9 3 10 5 7 4 2 6 1 
20180721920 3 9 5 8 10 7 4 6 2 1 
20180721921 3 2 6 5 7 10 9 8 1 4 
20180721922 4 5 9 3 1 2 6 7 8 10 
20180721923 2 9 6 10 8 4 3 1 5 7 
20180721924 1 8 3 5 10 2 9 6 7 4 
20180721925 2 9 1 7 10 6 5 4 8 3 
20180721926 6 1 2 7 4 9 3 10 8 5 
20180721927 4 10 1 9 5 8 7 2 6 3 
20180721928 6 3 9 7 10 4 8 1 5 2 
20180721929 10 5 8 9 1 7 3 4 2 6 
20180721930 4 5 10 3 1 6 7 8 9 2 
20180721931 8 5 3 9 10 4 6 1 7 2 
20180721932 9 6 8 1 7 3 4 10 5 2 
20180721933 4 7 10 2 6 1 5 9 8 3 
20180721934 9 2 10 5 6 8 4 7 3 1 
20180721935 7 2 6 1 9 5 8 4 10 3 
20180721936 1 6 10 3 7 8 2 9 4 5 
20180721937 6 10 8 1 9 3 4 5 7 2 
20180721938 10 4 6 3 9 2 5 8 1 7 
20180721939 3 7 1 9 2 10 6 8 5 4 
20180721940 6 1 10 7 8 4 9 3 5 2 
20180721941 2 7 1 10 9 3 6 4 5 8 
20180721942 10 2 5 4 1 8 6 3 7 9 
20180721943 5 7 2 1 3 4 6 10 9 8 
20180721944 6 9 10 1 7 3 4 2 8 5 
20180721945 1 9 10 2 8 4 3 7 5 6 
20180721946 4 9 3 5 2 8 7 10 1 6 
20180721947 1 9 4 3 5 2 7 8 6 10 
20180721948 1 6 9 8 10 4 2 3 5 7 
20180721949 10 8 4 9 5 7 2 6 1 3 
20180721950 5 4 9 8 6 10 1 7 2 3 
20180721951 3 7 5 9 1 2 10 8 6 4 
20180721952 2 1 7 8 3 5 9 4 10 6 
20180721953 3 8 1 4 5 10 7 2 9 6 
20180721954 2 4 1 6 8 9 3 5 10 7 
20180721955 5 10 2 7 4 8 1 3 9 6 
20180721956 7 1 10 8 9 2 3 5 6 4 
20180721957 5 2 9 8 1 6 3 7 4 10 
20180721958 10 1 9 4 5 7 2 3 6 8 
20180721959 4 7 10 1 6 8 2 3 5 9 
20180721960 10 7 2 4 3 1 5 6 8 9 
20180721961 5 6 3 8 4 1 2 9 7 10 
20180721962 3 8 10 1 6 7 2 4 9 5 
20180721963 7 6 1 8 3 4 9 2 5 10 
20180721964 4 9 1 10 8 7 5 6 2 3 
20180721965 5 6 7 10 9 3 4 8 2 1 
20180721966 7 1 5 6 2 9 4 10 3 8 
20180721967 7 3 5 4 2 1 10 8 9 6 
20180721968 10 8 9 4 1 6 2 5 7 3 
20180721969 7 8 6 9 1 4 2 10 3 5 
20180721970 3 4 2 9 1 8 10 7 6 5 
20180721971 7 6 5 8 1 4 10 2 9 3 
20180721972 6 2 3 8 9 5 10 1 7 4 
20180721973 4 9 5 8 6 1 7 10 2 3 
20180721974 9 10 5 8 6 4 7 1 2 3 
20180721975 2 9 8 3 5 7 4 10 6 1 
20180721976 2 6 3 4 7 5 1 8 9 10 
20180721977 10 4 3 9 8 1 2 5 7 6 
20180721978 7 9 4 6 1 5 8 3 2 10 
20180721979 5 10 1 2 3 6 4 8 9 7 
20180721980 7 10 3 2 4 5 6 8 1 9 
20180721981 3 10 4 2 5 9 7 1 8 6 
20180721982 3 10 7 8 4 2 6 1 5 9 
20180721983 2 6 5 4 1 10 9 3 7 8 
20180721984 1 10 8 5 7 4 2 9 6 3 
20180721985 6 10 7 4 5 9 1 3 2 8 
