20180701001 3 9 4 5 10 1 6 2 7 8 
20180701002 6 10 7 9 1 5 3 2 4 8 
20180701003 9 5 4 7 8 2 3 6 1 10 
20180701004 6 10 3 5 8 7 9 2 1 4 
20180701005 9 5 4 2 10 6 1 8 3 7 
20180701006 2 9 7 6 5 8 1 3 4 10 
20180701007 9 6 4 1 3 10 7 5 2 8 
20180701008 9 2 6 10 1 4 3 8 7 5 
20180701009 10 8 2 3 1 5 6 9 4 7 
20180701010 10 6 5 8 7 4 9 2 1 3 
20180701011 3 9 10 8 6 2 5 1 7 4 
20180701012 1 10 7 6 9 3 5 8 2 4 
20180701013 8 7 2 10 5 3 4 6 1 9 
20180701014 5 10 3 4 1 7 6 9 8 2 
20180701015 8 6 4 7 10 9 2 5 1 3 
20180701016 8 3 2 9 10 1 6 4 7 5 
20180701017 6 9 5 7 2 8 1 3 10 4 
20180701018 8 3 2 6 10 1 9 4 5 7 
20180701019 2 1 6 10 9 8 5 4 7 3 
20180701020 1 2 6 7 3 9 8 4 10 5 
20180701021 1 7 9 2 8 3 10 4 6 5 
20180701022 7 3 1 8 5 10 6 9 2 4 
20180701023 9 2 5 3 6 1 10 8 4 7 
20180701024 5 6 7 4 2 3 9 10 1 8 
20180701025 8 6 10 3 2 1 4 7 9 5 
20180701026 6 3 4 2 5 7 1 9 8 10 
20180701027 6 2 7 3 4 9 10 8 1 5 
20180701028 2 8 3 6 7 9 1 10 5 4 
20180701029 1 2 6 4 10 5 3 9 7 8 
20180701030 5 10 7 9 4 8 1 6 2 3 
20180701031 1 6 4 7 10 5 3 9 2 8 
20180701032 4 10 2 3 6 1 7 9 8 5 
20180701033 4 2 5 10 1 8 6 9 7 3 
20180701034 1 2 7 8 5 10 4 3 9 6 
20180701035 10 9 7 4 2 6 1 8 5 3 
20180701036 1 8 9 5 6 7 4 3 10 2 
20180701037 5 8 10 7 4 2 3 9 1 6 
20180701038 4 1 8 3 10 7 9 5 2 6 
20180701039 8 10 6 7 1 5 4 2 3 9 
20180701040 8 5 7 9 10 6 3 4 1 2 
20180701041 4 8 10 1 3 9 7 5 2 6 
20180701042 2 7 5 6 4 3 10 1 9 8 
20180701043 4 6 2 3 1 10 5 7 8 9 
20180701044 8 7 10 6 3 2 4 9 5 1 
20180701045 4 10 2 1 6 3 8 5 9 7 
20180701046 4 6 10 9 5 8 7 3 1 2 
20180701047 8 2 5 7 9 10 6 3 4 1 
20180701048 3 5 4 8 2 9 1 6 7 10 
20180701049 7 5 1 4 10 2 3 6 8 9 
20180701050 7 4 8 5 1 3 10 2 9 6 
20180701051 1 4 3 9 7 8 10 6 5 2 
20180701052 5 2 10 1 8 4 3 7 6 9 
20180701053 9 8 3 1 5 4 7 10 6 2 
20180701054 10 5 6 2 3 4 8 9 1 7 
20180701055 4 10 9 5 7 6 2 8 3 1 
20180701056 8 2 3 7 4 6 10 5 1 9 
20180701057 8 10 9 5 2 6 4 3 7 1 
20180701058 1 4 10 2 7 9 8 5 6 3 
20180701059 8 4 5 9 7 2 10 6 3 1 
20180701060 2 6 7 8 5 9 10 3 4 1 
20180701061 6 3 10 5 1 7 8 9 2 4 
20180701062 7 2 9 6 4 8 1 5 3 10 
20180701063 7 3 5 9 4 1 6 8 10 2 
20180701064 10 4 8 1 2 6 5 9 3 7 
20180701065 2 5 10 1 3 9 4 8 7 6 
20180701066 4 2 7 1 3 5 9 6 10 8 
20180701067 2 6 5 8 1 4 7 3 9 10 
20180701068 3 9 8 10 5 1 7 4 2 6 
20180701069 6 2 1 8 10 7 3 9 5 4 
20180701070 6 9 8 5 1 3 10 2 4 7 
20180701071 5 8 4 2 1 10 6 7 9 3 
20180701072 4 1 9 6 2 7 8 10 3 5 
20180701073 1 8 5 10 6 9 2 3 4 7 
20180701074 8 6 9 7 4 5 2 3 10 1 
20180701075 1 10 5 6 2 9 8 4 7 3 
20180701076 7 2 3 1 6 9 8 4 10 5 
20180701077 10 5 8 3 7 1 6 9 2 4 
20180701078 10 2 6 7 9 3 1 8 4 5 
20180701079 2 6 10 8 7 1 9 4 3 5 
20180701080 8 5 10 2 9 1 7 6 3 4 
20180701081 9 3 8 4 1 6 5 7 10 2 
20180701082 7 1 9 10 8 5 2 4 3 6 
20180701083 8 4 6 5 10 7 1 2 9 3 
20180701084 1 4 6 9 5 10 8 7 2 3 
20180701085 5 2 6 8 4 10 7 9 1 3 
20180701086 5 6 7 1 9 8 4 2 10 3 
20180701087 3 10 9 4 5 6 8 2 7 1 
20180701088 2 9 7 6 4 10 3 5 1 8 
20180701089 9 1 5 3 7 8 10 4 6 2 
20180701090 5 9 7 8 2 3 6 1 4 10 
20180701091 5 2 9 3 10 7 8 1 4 6 
20180701092 5 7 4 8 1 9 10 6 2 3 
20180701093 7 8 3 10 2 5 9 1 4 6 
20180701094 5 10 9 4 1 6 7 3 8 2 
20180701095 5 3 9 10 6 1 8 2 4 7 
20180701096 10 9 2 8 4 1 6 3 7 5 
20180701097 8 9 1 7 10 6 5 4 3 2 
20180701098 5 8 1 6 4 9 10 7 3 2 
20180701099 5 3 2 8 9 6 10 1 7 4 
20180701100 8 4 10 9 7 3 2 5 1 6 
20180701101 2 4 10 5 8 6 3 1 9 7 
20180701102 6 9 3 7 8 2 10 4 1 5 
20180701103 8 6 3 5 1 10 4 2 9 7 
20180701104 7 5 1 8 6 4 2 9 10 3 
20180701105 5 4 2 3 1 9 6 8 7 10 
20180701106 1 6 9 4 7 8 10 2 3 5 
20180701107 2 5 1 3 10 8 6 7 9 4 
20180701108 5 10 7 3 2 1 6 4 9 8 
20180701109 8 3 7 4 1 9 10 5 6 2 
20180701110 4 9 6 3 1 7 5 10 2 8 
20180701111 4 1 7 9 10 6 2 8 5 3 
20180701112 3 9 7 10 4 1 8 2 6 5 
20180701113 7 4 1 9 2 10 8 5 6 3 
20180701114 7 6 4 5 3 9 2 1 8 10 
20180701115 1 9 4 8 3 6 10 5 2 7 
20180701116 7 6 8 2 10 1 5 3 9 4 
20180701117 10 1 7 5 3 4 6 2 8 9 
20180701118 10 4 7 8 3 6 9 5 1 2 
20180701119 3 10 6 2 9 5 7 4 1 8 
20180701120 2 8 9 7 6 5 3 4 10 1 
20180701121 8 3 9 1 2 10 7 5 4 6 
20180701122 10 7 9 2 4 6 8 5 1 3 
20180701123 8 4 2 10 1 6 9 3 5 7 
20180701124 7 3 10 5 1 2 8 4 6 9 
20180701125 4 5 8 7 3 9 1 2 10 6 
20180701126 9 4 10 2 1 7 6 8 3 5 
20180701127 5 3 9 10 4 7 2 6 1 8 
20180701128 10 7 5 9 8 2 4 3 6 1 
20180701129 2 3 8 9 7 1 4 10 5 6 
20180701130 9 10 7 5 1 3 4 6 8 2 
20180701131 3 10 8 4 7 5 2 6 1 9 
20180701132 10 3 2 5 4 8 9 6 1 7 
20180701133 10 7 9 6 1 2 3 8 4 5 
20180701134 8 2 3 6 7 9 4 1 5 10 
20180701135 3 9 2 8 6 10 5 1 4 7 
20180701136 7 3 5 10 8 9 6 2 1 4 
20180701137 3 7 9 5 4 1 10 6 8 2 
20180701138 3 7 8 9 6 4 1 2 5 10 
20180701139 1 7 10 9 8 5 4 3 2 6 
20180701140 1 3 9 6 10 4 5 2 8 7 
20180701141 6 10 7 9 2 5 3 4 1 8 
20180701142 9 5 10 1 3 2 4 7 8 6 
20180701143 5 6 1 3 10 2 4 9 7 8 
20180701144 3 7 6 2 10 9 4 1 5 8 
20180701145 6 5 10 4 9 3 7 2 1 8 
20180701146 2 10 1 4 9 6 8 3 7 5 
20180701147 3 9 6 4 10 7 5 1 8 2 
20180701148 6 2 5 8 7 10 9 3 1 4 
20180701149 6 10 4 5 8 9 7 1 2 3 
20180701150 7 9 8 6 10 1 5 3 2 4 
20180701151 2 6 3 1 8 4 7 10 9 5 
20180701152 8 3 10 7 2 6 5 1 4 9 
20180701153 2 7 8 4 6 3 1 5 10 9 
20180701154 2 6 8 4 7 5 3 10 9 1 
20180701155 7 4 9 2 5 1 8 6 10 3 
20180701156 2 10 8 3 1 4 6 7 5 9 
20180701157 10 8 2 6 5 9 3 7 4 1 
20180701158 7 4 10 6 1 9 8 3 2 5 
20180701159 3 5 10 2 7 6 1 8 4 9 
20180701160 4 9 2 7 6 8 10 3 5 1 
20180701161 10 8 1 4 6 5 9 2 7 3 
20180701162 9 7 10 3 6 1 4 2 8 5 
20180701163 10 8 6 7 3 2 5 4 1 9 
20180701164 3 1 5 2 6 8 9 10 4 7 
20180701165 10 7 1 9 3 4 6 5 2 8 
20180701166 3 4 2 8 6 1 10 7 5 9 
20180701167 6 2 8 1 9 3 4 5 10 7 
20180701168 5 3 4 10 2 1 9 6 7 8 
20180701169 4 2 8 6 3 7 9 1 5 10 
20180701170 8 10 9 7 5 3 4 6 2 1 
20180701171 8 5 1 3 10 9 4 2 6 7 
20180701172 10 2 9 4 5 1 3 6 7 8 
20180701173 2 4 9 7 6 10 8 3 5 1 
20180701174 8 2 6 5 7 1 3 4 9 10 
20180701175 6 5 3 9 2 7 8 4 10 1 
20180701176 6 3 5 1 10 8 2 4 7 9 
20180701177 2 9 8 5 6 10 4 3 1 7 
20180701178 9 8 10 3 6 1 2 7 5 4 
20180701179 2 6 10 4 1 3 7 5 8 9 
20180701180 9 3 1 8 10 7 6 2 4 5 
20180701181 10 8 1 3 7 4 9 6 2 5 
20180701182 9 8 1 7 5 2 10 3 4 6 
20180701183 9 8 3 7 2 10 4 6 1 5 
20180701184 3 9 8 2 1 10 6 5 4 7 
20180701185 1 5 6 8 10 2 3 7 9 4 
20180701186 5 6 2 7 8 3 9 4 1 10 
20180701187 2 5 1 8 3 7 6 4 10 9 
20180701188 10 8 7 3 2 4 5 9 6 1 
20180701189 7 9 10 8 6 2 3 5 4 1 
20180701190 3 10 9 7 6 2 8 1 5 4 
20180701191 3 8 9 1 2 7 4 6 10 5 
20180701192 4 5 7 3 1 8 2 10 9 6 
20180701193 3 7 1 5 4 9 6 8 10 2 
20180701194 2 3 7 4 6 10 5 9 1 8 
20180701195 9 4 10 5 7 1 6 3 8 2 
20180701196 9 5 6 2 3 10 7 8 4 1 
20180701197 4 7 8 10 3 2 5 1 6 9 
20180701198 1 7 9 4 2 5 10 8 6 3 
20180701199 2 7 5 6 1 9 3 10 4 8 
20180701200 3 8 9 7 10 1 4 5 2 6 
20180701201 4 3 9 1 8 10 5 6 7 2 
20180701202 4 7 6 10 1 5 3 8 9 2 
20180701203 10 7 8 9 6 3 4 2 5 1 
20180701204 2 8 4 5 3 6 10 1 7 9 
20180701205 4 8 1 9 2 3 6 10 5 7 
20180701206 1 4 10 2 9 6 8 7 3 5 
20180701207 6 5 10 8 4 3 2 7 1 9 
20180701208 2 9 8 10 1 4 3 5 6 7 
20180701209 3 10 9 6 1 5 4 8 2 7 
20180701210 4 10 2 9 7 5 3 6 1 8 
20180701211 2 1 10 9 8 6 3 5 7 4 
20180701212 4 5 8 6 7 9 1 10 3 2 
20180701213 7 3 1 8 9 2 4 5 10 6 
20180701214 1 5 6 7 4 2 9 8 10 3 
20180701215 2 4 1 5 9 6 8 7 3 10 
20180701216 1 2 9 5 10 3 4 6 7 8 
20180701217 1 10 8 5 7 2 9 3 4 6 
20180701218 9 5 1 8 4 2 6 7 3 10 
20180701219 9 4 3 10 5 6 2 7 1 8 
20180701220 10 2 4 8 5 3 9 1 7 6 
20180701221 4 2 9 10 7 6 3 1 5 8 
20180701222 1 6 8 5 9 7 3 10 2 4 
20180701223 5 1 9 2 4 8 6 7 10 3 
20180701224 3 4 9 2 10 1 6 5 8 7 
20180701225 1 8 2 3 10 9 6 4 7 5 
20180701226 9 3 2 8 6 4 5 7 1 10 
20180701227 2 5 8 1 7 3 10 6 4 9 
20180701228 3 7 2 6 4 9 5 8 1 10 
20180701229 10 3 2 9 4 1 7 8 5 6 
20180701230 1 4 10 9 8 2 5 3 6 7 
20180701231 1 4 9 3 8 10 5 6 7 2 
20180701232 6 3 8 10 9 1 7 2 4 5 
20180701233 3 8 1 6 7 2 4 5 10 9 
20180701234 8 7 2 4 3 9 6 5 1 10 
20180701235 6 5 1 7 10 4 3 2 9 8 
20180701236 7 8 6 5 9 3 10 1 4 2 
20180701237 7 4 2 3 1 5 10 9 6 8 
20180701238 6 1 8 9 5 7 4 2 10 3 
20180701239 3 2 9 1 8 5 6 4 10 7 
20180701240 7 1 5 4 2 10 8 3 9 6 
20180701241 10 4 5 8 6 7 9 3 2 1 
20180701242 3 7 5 1 6 10 8 2 4 9 
20180701243 3 4 6 9 7 1 5 10 2 8 
20180701244 4 6 8 9 1 2 5 7 3 10 
20180701245 7 9 10 1 2 3 6 4 5 8 
20180701246 4 7 2 1 9 3 10 8 5 6 
20180701247 3 4 10 7 5 9 1 8 2 6 
20180701248 3 10 8 6 7 9 2 4 5 1 
20180701249 10 6 5 7 4 8 2 1 3 9 
20180701250 9 1 5 2 10 3 7 4 6 8 
20180701251 4 3 1 6 2 8 10 7 9 5 
20180701252 1 3 6 9 2 10 5 8 7 4 
20180701253 2 5 8 4 6 3 7 9 1 10 
20180701254 3 7 10 8 5 2 6 9 1 4 
20180701255 4 8 10 2 3 9 5 7 6 1 
20180701256 8 2 9 10 6 4 7 1 5 3 
20180701257 4 5 3 9 8 6 10 2 7 1 
20180701258 8 5 4 2 1 9 3 7 6 10 
20180701259 9 8 2 3 5 1 10 4 7 6 
20180701260 1 5 6 2 9 10 4 3 7 8 
20180701261 7 3 6 1 4 2 9 10 5 8 
20180701262 8 5 3 7 6 10 4 1 2 9 
20180701263 8 2 10 1 5 6 7 3 4 9 
20180701264 1 6 7 10 8 9 3 5 4 2 
20180701265 6 2 4 9 1 7 3 10 8 5 
20180701266 8 4 7 5 6 1 10 2 3 9 
20180701267 8 2 9 10 7 3 6 1 4 5 
20180701268 6 10 3 4 7 9 5 2 1 8 
20180701269 1 8 2 10 3 7 5 4 6 9 
20180701270 5 8 6 10 7 4 1 2 9 3 
20180701271 5 4 1 2 3 6 9 8 10 7 
20180701272 7 10 8 9 3 2 6 5 1 4 
20180701273 9 6 3 1 7 5 2 10 4 8 
20180701274 8 5 4 6 9 3 7 2 10 1 
20180701275 8 5 9 3 7 6 1 10 2 4 
20180701276 3 4 9 8 2 10 1 7 5 6 
20180701277 2 8 4 1 9 5 6 7 10 3 
20180701278 5 9 6 3 4 7 1 10 8 2 
20180701279 1 2 8 3 10 9 6 5 4 7 
20180701280 4 2 3 7 10 9 8 6 5 1 
20180701281 3 1 8 10 9 6 2 4 5 7 
20180701282 10 6 1 2 7 3 9 5 4 8 
20180701283 2 9 4 6 1 5 7 3 8 10 
20180701284 5 4 6 2 8 9 10 1 7 3 
20180701285 8 5 2 3 9 6 4 1 10 7 
20180701286 4 10 7 3 5 9 2 6 1 8 
20180701287 5 10 8 6 2 7 4 9 1 3 
20180701288 7 10 4 9 2 5 8 1 3 6 
20180701289 2 1 4 6 10 8 3 7 5 9 
20180701290 4 8 6 3 7 10 1 9 2 5 
20180701291 3 5 2 9 8 6 10 4 1 7 
20180701292 2 6 3 7 1 8 9 5 10 4 
20180701293 7 4 10 9 8 1 5 2 3 6 
20180701294 9 1 6 10 3 7 8 4 2 5 
20180701295 6 3 2 10 1 5 4 8 9 7 
20180701296 3 4 6 5 7 1 8 9 10 2 
20180701297 9 5 6 2 4 8 10 3 1 7 
20180701298 6 5 1 2 4 9 3 10 7 8 
20180701299 9 2 1 7 3 10 8 5 6 4 
20180701300 5 3 9 10 1 2 7 6 4 8 
20180701301 1 10 8 3 9 6 2 4 7 5 
20180701302 9 4 6 3 8 1 10 2 7 5 
20180701303 4 5 9 6 1 2 7 10 3 8 
20180701304 10 9 8 6 4 2 3 7 5 1 
20180701305 7 3 4 2 9 8 5 1 10 6 
20180701306 4 8 3 1 6 7 2 10 9 5 
20180701307 5 1 7 6 4 8 2 9 10 3 
20180701308 2 9 3 10 4 1 8 6 7 5 
20180701309 6 7 9 5 10 8 2 3 1 4 
20180701310 7 10 9 5 4 1 8 2 6 3 
20180701311 2 1 10 3 9 4 5 6 8 7 
20180701312 5 2 9 3 4 8 6 7 10 1 
20180701313 10 4 5 2 6 9 1 8 3 7 
20180701314 7 10 8 3 2 4 1 5 6 9 
20180701315 1 9 2 5 10 4 8 6 7 3 
20180701316 10 6 5 8 7 3 9 1 2 4 
20180701317 4 10 8 6 7 1 2 3 5 9 
20180701318 6 3 1 7 4 2 5 10 9 8 
20180701319 9 7 2 10 4 8 5 1 6 3 
20180701320 1 10 8 4 7 5 2 9 6 3 
20180701321 8 1 9 4 5 10 6 2 3 7 
20180701322 1 5 7 6 3 8 4 2 10 9 
20180701323 4 3 10 1 8 9 6 5 7 2 
20180701324 5 1 10 9 6 4 7 2 3 8 
20180701325 7 4 9 1 2 5 8 3 10 6 
20180701326 5 4 6 8 1 10 3 2 7 9 
20180701327 1 2 3 5 9 4 7 8 6 10 
20180701328 6 1 3 9 2 10 5 4 8 7 
20180701329 3 8 7 10 5 2 9 4 6 1 
20180701330 6 2 4 7 1 10 9 8 3 5 
20180701331 5 4 2 9 10 7 8 3 6 1 
20180701332 9 10 7 6 5 8 4 2 3 1 
20180701333 10 1 6 8 2 9 4 5 3 7 
20180701334 3 4 10 2 8 9 6 1 5 7 
20180701335 1 5 7 9 4 3 8 2 6 10 
20180701336 5 9 8 4 6 1 7 10 3 2 
20180701337 5 4 6 3 9 8 10 2 1 7 
20180701338 4 5 2 1 6 3 9 10 7 8 
20180701339 7 8 10 1 4 5 3 6 9 2 
20180701340 8 6 4 3 10 1 2 9 5 7 
20180701341 10 4 1 5 8 9 2 7 6 3 
20180701342 5 4 2 9 7 6 3 10 8 1 
20180701343 3 4 5 6 7 10 9 8 2 1 
20180701344 8 2 10 1 7 4 6 9 3 5 
20180701345 3 10 8 5 9 2 1 6 7 4 
20180701346 4 3 9 2 8 7 1 10 6 5 
20180701347 6 3 1 2 4 9 7 8 10 5 
20180701348 10 2 5 8 6 7 3 1 9 4 
20180701349 7 8 6 9 1 10 2 4 3 5 
20180701350 6 10 3 9 2 1 8 4 5 7 
20180701351 5 2 8 1 7 6 4 10 9 3 
20180701352 5 8 1 6 7 10 2 4 9 3 
20180701353 10 9 7 8 4 2 6 5 1 3 
20180701354 6 7 8 3 5 4 9 2 10 1 
20180701355 8 2 5 4 7 10 3 1 9 6 
20180701356 2 6 10 4 3 7 1 8 9 5 
20180701357 3 6 8 2 10 9 4 7 1 5 
20180701358 10 2 7 4 9 6 1 8 5 3 
20180701359 10 3 4 7 8 2 9 6 1 5 
20180701360 4 5 7 1 9 8 3 6 2 10 
20180701361 1 4 3 8 9 7 2 5 10 6 
20180701362 8 5 9 6 1 2 10 3 7 4 
20180701363 6 2 1 3 9 10 8 5 7 4 
20180701364 7 4 9 2 3 8 5 10 6 1 
20180701365 10 1 3 2 9 8 6 4 5 7 
20180701366 4 10 5 8 9 7 2 3 1 6 
20180701367 3 10 2 6 8 1 7 9 4 5 
20180701368 1 5 10 6 7 3 9 2 4 8 
20180701369 10 9 4 6 8 2 7 1 5 3 
20180701370 2 3 5 1 9 7 8 6 4 10 
20180701371 9 10 4 3 2 6 8 5 7 1 
20180701372 10 1 2 4 3 6 8 9 7 5 
20180701373 2 5 6 3 4 9 8 1 7 10 
20180701374 8 9 2 5 7 4 10 6 1 3 
20180701375 3 2 5 4 7 10 1 8 6 9 
20180701376 3 10 5 2 1 9 6 8 4 7 
20180701377 9 5 4 6 3 8 7 2 1 10 
20180701378 8 10 3 6 2 1 9 7 5 4 
20180701379 8 3 6 4 1 5 7 10 9 2 
20180701380 4 6 3 8 7 9 5 2 10 1 
20180701381 6 4 2 1 3 7 10 9 8 5 
20180701382 4 1 5 7 6 8 3 2 10 9 
20180701383 8 9 6 5 4 7 3 2 1 10 
20180701384 10 5 9 7 6 1 4 3 2 8 
20180701385 8 10 9 3 1 7 4 6 2 5 
20180701386 6 8 5 10 7 9 1 3 2 4 
20180701387 2 9 3 6 7 4 1 10 5 8 
20180701388 10 3 2 5 4 7 8 6 9 1 
20180701389 10 5 6 2 8 9 7 3 4 1 
20180701390 10 7 2 3 9 4 5 6 8 1 
20180701391 8 4 3 10 6 9 5 1 7 2 
20180701392 5 8 6 7 10 1 2 9 3 4 
20180701393 4 5 6 7 1 2 8 10 3 9 
20180701394 3 7 5 2 1 6 9 8 10 4 
20180701395 4 7 2 10 8 6 1 3 9 5 
20180701396 2 10 3 9 7 1 5 6 4 8 
20180701397 7 3 5 6 1 4 8 10 9 2 
20180701398 8 7 3 4 10 9 1 2 6 5 
20180701399 10 3 9 7 8 2 5 6 4 1 
20180701400 2 10 9 3 5 6 7 1 4 8 
20180701401 5 8 3 9 2 6 4 10 1 7 
20180701402 6 9 8 10 4 3 7 1 5 2 
20180701403 9 5 10 8 7 3 1 6 4 2 
20180701404 8 2 5 3 10 6 7 1 4 9 
20180701405 7 8 4 6 3 9 10 1 5 2 
20180701406 5 7 10 8 9 2 3 4 6 1 
20180701407 7 1 6 2 4 3 8 9 5 10 
20180701408 4 5 2 7 3 9 6 1 10 8 
20180701409 10 3 4 7 5 1 9 6 8 2 
20180701410 5 6 2 7 8 3 10 9 1 4 
20180701411 2 3 8 10 1 6 9 5 4 7 
20180701412 10 5 3 6 1 4 9 7 2 8 
20180701413 8 3 4 1 9 6 7 10 2 5 
20180701414 7 9 4 1 5 10 2 6 3 8 
20180701415 7 1 4 6 2 9 5 3 8 10 
20180701416 6 7 8 1 4 9 3 10 2 5 
20180701417 7 1 3 4 8 2 10 6 5 9 
20180701418 4 7 10 3 1 9 8 2 6 5 
20180701419 5 8 4 6 2 7 3 1 10 9 
20180701420 10 4 5 1 9 2 3 8 6 7 
20180701421 5 9 1 7 6 10 8 4 3 2 
20180701422 5 2 4 9 1 6 10 8 3 7 
20180701423 4 9 8 1 10 3 2 7 6 5 
20180701424 7 3 6 2 10 1 9 5 8 4 
20180701425 8 6 2 10 7 9 1 4 3 5 
20180701426 2 5 8 9 1 10 7 4 3 6 
20180701427 8 5 9 3 7 2 4 1 10 6 
20180701428 6 9 1 4 2 10 7 8 5 3 
20180701429 6 4 2 7 9 5 10 8 1 3 
20180701430 3 5 7 2 4 9 10 6 1 8 
20180701431 5 9 3 10 4 6 1 2 8 7 
20180701432 6 7 9 5 1 2 4 8 10 3 
20180701433 8 5 4 7 2 9 3 6 1 10 
20180701434 4 7 9 8 3 6 5 10 2 1 
20180701435 2 6 5 4 8 10 3 7 1 9 
20180701436 7 2 10 5 4 6 8 9 1 3 
20180701437 2 3 1 6 8 7 4 10 5 9 
20180701438 1 6 8 2 10 7 3 5 4 9 
20180701439 3 2 6 9 8 1 4 5 7 10 
20180701440 7 9 6 10 2 1 8 5 3 4 
20180701441 2 9 8 4 1 3 5 7 6 10 
20180701442 1 6 10 5 2 4 9 7 8 3 
20180701443 8 7 4 3 9 1 2 10 6 5 
20180701444 2 8 10 3 9 6 5 4 1 7 
20180701445 10 1 2 9 6 8 3 4 5 7 
20180701446 5 7 1 6 3 10 8 4 2 9 
20180701447 5 6 9 8 1 3 2 7 10 4 
20180701448 2 4 6 10 9 1 8 5 3 7 
20180701449 5 6 1 3 7 2 4 8 10 9 
20180701450 3 5 10 7 1 2 8 6 4 9 
20180701451 2 1 3 5 8 6 4 10 9 7 
20180701452 6 3 1 7 2 4 8 9 10 5 
20180701453 1 9 7 4 2 5 6 8 3 10 
20180701454 9 7 4 3 6 1 5 8 2 10 
20180701455 9 3 10 8 6 7 1 5 2 4 
20180701456 1 5 6 9 10 7 4 2 3 8 
20180701457 2 3 9 10 1 8 5 6 4 7 
20180701458 2 10 3 4 5 8 7 1 6 9 
20180701459 5 8 4 2 10 9 6 3 7 1 
20180701460 6 5 7 2 3 4 9 8 10 1 
20180701461 8 2 9 7 10 5 1 4 6 3 
20180701462 1 7 5 9 3 4 2 8 10 6 
20180701463 5 8 9 10 6 2 4 7 3 1 
20180701464 2 9 5 6 8 3 4 1 7 10 
20180701465 7 4 8 9 1 3 2 10 6 5 
20180701466 4 5 1 7 2 9 3 6 8 10 
20180701467 8 2 1 5 4 6 10 7 3 9 
20180701468 10 4 6 1 5 8 2 7 3 9 
20180701469 8 10 1 5 6 7 4 3 2 9 
20180701470 2 3 8 4 1 9 6 5 7 10 
20180701471 2 4 3 10 9 8 5 6 7 1 
20180701472 6 10 7 8 1 5 4 3 9 2 
20180701473 5 10 2 7 3 4 9 1 8 6 
20180701474 9 6 2 4 10 7 1 3 8 5 
20180701475 2 8 7 4 5 9 6 10 1 3 
20180701476 4 9 10 2 1 5 8 6 3 7 
20180701477 7 1 5 3 8 2 9 10 6 4 
20180701478 2 6 3 7 1 9 8 10 4 5 
20180701479 6 5 10 3 9 4 7 1 2 8 
20180701480 4 7 6 1 8 9 3 2 10 5 
20180701481 5 1 9 2 10 8 3 6 7 4 
20180701482 6 10 4 1 3 8 9 5 2 7 
20180701483 6 8 3 5 7 9 2 4 1 10 
20180701484 8 5 4 3 6 9 7 2 10 1 
20180701485 5 9 8 6 2 7 10 3 4 1 
20180701486 3 7 10 9 6 1 2 5 8 4 
20180701487 7 9 10 5 8 1 2 4 6 3 
20180701488 1 10 5 7 9 4 2 3 6 8 
20180701489 5 2 8 10 3 6 1 7 4 9 
20180701490 7 4 2 10 6 3 9 8 1 5 
20180701491 10 3 2 7 4 1 5 8 6 9 
20180701492 5 1 7 3 4 6 10 9 8 2 
20180701493 2 5 4 9 6 3 10 8 7 1 
20180701494 1 10 2 4 3 6 8 9 7 5 
20180701495 3 4 10 9 8 1 6 7 2 5 
20180701496 2 10 4 6 3 9 7 8 5 1 
20180701497 4 2 10 1 6 9 8 3 7 5 
20180701498 2 7 6 3 4 10 9 1 8 5 
20180701499 4 2 3 6 9 10 7 5 8 1 
20180701500 3 1 7 5 10 2 8 4 6 9 
20180701501 2 3 4 10 6 1 7 5 8 9 
20180701502 6 2 10 9 4 7 1 3 8 5 
20180701503 1 6 7 9 10 3 4 2 8 5 
20180701504 4 8 5 9 6 2 10 3 1 7 
20180701505 2 5 1 9 8 6 4 7 3 10 
20180701506 2 4 10 8 5 7 3 6 9 1 
20180701507 7 10 6 9 2 5 3 8 1 4 
20180701508 4 10 2 7 3 6 9 8 1 5 
20180701509 5 10 1 8 2 6 9 3 7 4 
20180701510 1 8 7 9 10 3 2 5 6 4 
20180701511 1 4 5 3 8 6 2 7 10 9 
20180701512 6 5 9 2 1 10 3 7 4 8 
20180701513 9 10 4 3 7 6 5 1 8 2 
20180701514 7 5 6 1 2 4 9 8 10 3 
20180701515 8 2 10 4 7 6 1 9 5 3 
20180701516 10 4 7 2 6 5 3 1 9 8 
20180701517 4 3 6 7 10 8 9 1 5 2 
20180701518 5 1 7 3 10 6 8 9 4 2 
20180701519 6 4 9 1 10 2 8 5 7 3 
20180701520 7 6 3 5 4 1 9 10 2 8 
20180701521 2 5 10 8 9 1 3 6 4 7 
20180701522 6 1 3 7 10 4 9 5 2 8 
20180701523 6 2 3 4 5 10 9 8 1 7 
20180701524 3 1 8 6 2 5 4 7 9 10 
20180701525 9 7 1 10 5 4 3 2 6 8 
20180701526 10 7 6 3 9 1 4 8 2 5 
20180701527 1 6 5 3 2 10 9 8 4 7 
20180701528 2 3 1 8 7 6 9 5 4 10 
20180701529 6 3 5 1 2 8 9 4 10 7 
20180701530 3 1 8 2 9 5 6 4 10 7 
20180701531 9 8 3 6 1 5 2 10 4 7 
20180701532 9 2 3 5 6 4 10 8 7 1 
20180701533 1 4 9 2 10 7 8 6 5 3 
20180701534 1 10 8 2 4 5 3 9 7 6 
20180701535 2 6 10 4 3 9 7 8 5 1 
20180701536 2 3 4 9 1 6 8 5 10 7 
20180701537 5 6 1 10 3 2 7 9 8 4 
20180701538 2 3 10 7 9 8 1 6 4 5 
20180701539 7 2 3 4 8 10 6 1 9 5 
20180701540 6 5 3 9 8 1 10 2 4 7 
20180701541 10 2 8 3 7 9 6 5 4 1 
20180701542 7 2 10 3 8 4 1 9 6 5 
20180701543 10 2 3 7 6 4 8 9 1 5 
20180701544 8 7 10 2 9 3 4 5 6 1 
20180701545 7 10 6 8 4 5 3 2 9 1 
20180701546 1 10 7 6 8 5 4 9 3 2 
20180701547 6 8 7 9 5 3 1 2 10 4 
20180701548 8 2 4 6 5 3 1 9 10 7 
20180701549 5 9 3 4 10 1 7 6 8 2 
20180701550 3 10 8 5 4 6 1 2 9 7 
20180701551 9 2 7 5 6 4 1 8 10 3 
20180701552 6 7 9 2 5 10 4 3 8 1 
20180701553 9 5 7 3 6 4 10 2 1 8 
20180701554 9 4 7 1 5 2 6 3 8 10 
20180701555 10 4 3 2 5 7 1 6 8 9 
20180701556 4 6 2 5 10 8 3 7 9 1 
20180701557 1 2 5 8 9 6 10 7 4 3 
20180701558 6 2 3 4 10 5 9 1 8 7 
20180701559 9 3 6 10 7 5 4 2 8 1 
20180701560 6 5 1 8 4 9 7 2 3 10 
20180701561 5 7 8 6 1 9 4 10 3 2 
20180701562 6 9 3 1 5 2 8 10 4 7 
20180701563 7 3 10 8 9 6 5 2 1 4 
20180701564 9 2 6 1 10 4 7 3 5 8 
20180701565 3 9 6 7 5 2 10 1 8 4 
20180701566 2 5 1 4 8 6 10 3 7 9 
20180701567 8 9 2 6 7 1 4 5 10 3 
20180701568 6 4 1 5 8 2 7 3 9 10 
20180701569 7 3 10 2 9 1 6 8 5 4 
20180701570 8 2 4 9 7 5 10 3 6 1 
20180701571 8 7 4 6 5 3 1 2 10 9 
20180701572 9 4 6 8 10 5 2 7 3 1 
20180701573 10 5 7 1 9 2 4 6 3 8 
20180701574 10 5 9 2 6 4 8 3 7 1 
20180701575 2 4 5 9 7 10 8 3 1 6 
20180701576 2 8 3 4 1 7 10 5 6 9 
20180701577 3 2 6 7 4 8 9 1 10 5 
20180701578 8 5 3 7 6 4 10 2 9 1 
20180701579 8 6 4 2 7 3 9 5 1 10 
20180701580 2 7 1 6 10 3 8 9 4 5 
20180701581 10 2 1 7 3 4 5 6 8 9 
20180701582 1 4 8 6 2 10 9 7 5 3 
20180701583 5 3 10 4 2 6 9 1 7 8 
20180701584 9 10 3 6 7 2 8 5 4 1 
20180701585 8 2 10 1 6 5 9 7 4 3 
20180701586 10 1 9 3 8 7 2 6 4 5 
20180701587 2 3 1 10 9 8 4 5 6 7 
20180701588 4 9 3 6 7 5 8 2 10 1 
20180701589 6 3 5 7 8 10 2 4 9 1 
20180701590 8 7 6 10 3 2 4 5 1 9 
20180701591 1 8 4 9 3 7 5 2 6 10 
20180701592 5 9 2 3 10 8 1 6 7 4 
20180701593 8 9 7 5 4 3 1 2 10 6 
20180701594 1 6 10 5 4 7 9 3 2 8 
20180701595 5 3 9 4 10 6 1 2 8 7 
20180701596 5 3 10 9 8 6 4 1 7 2 
20180701597 5 7 10 1 4 3 6 8 2 9 
20180701598 5 10 1 3 6 8 7 2 9 4 
20180701599 9 6 8 1 10 4 2 5 3 7 
20180701600 6 9 7 4 2 10 5 1 8 3 
20180701601 4 3 9 6 8 5 1 7 10 2 
20180701602 4 8 2 10 9 1 7 5 3 6 
20180701603 5 8 4 3 7 6 1 9 10 2 
20180701604 6 9 1 10 3 2 5 4 7 8 
20180701605 8 5 7 9 3 2 4 6 1 10 
20180701606 8 4 5 1 7 9 3 10 6 2 
20180701607 6 9 10 3 5 1 7 8 4 2 
20180701608 6 10 9 4 1 3 8 7 2 5 
20180701609 3 8 2 4 1 5 7 9 10 6 
20180701610 5 4 10 3 2 6 9 7 8 1 
20180701611 8 10 4 5 7 1 2 3 6 9 
20180701612 10 9 4 7 5 8 2 1 6 3 
20180701613 10 6 4 7 5 2 8 9 3 1 
20180701614 9 8 4 2 3 7 6 5 10 1 
20180701615 1 8 2 4 6 10 7 5 3 9 
20180701616 2 3 5 6 4 1 8 9 7 10 
20180701617 6 10 7 8 1 5 2 9 3 4 
20180701618 1 4 6 8 5 3 9 10 2 7 
20180701619 5 8 7 10 3 9 1 4 2 6 
20180701620 6 2 5 1 4 9 3 8 10 7 
20180701621 7 1 8 9 3 4 2 6 5 10 
20180701622 7 8 10 5 9 4 2 1 3 6 
20180701623 7 10 9 2 1 6 8 5 3 4 
20180701624 6 5 3 7 2 1 10 9 8 4 
20180701625 4 9 10 7 8 6 5 1 2 3 
20180701626 10 5 3 4 1 6 7 2 8 9 
20180701627 10 4 3 9 8 1 6 2 7 5 
20180701628 9 2 5 1 8 6 10 3 4 7 
20180701629 3 4 1 10 7 2 6 9 5 8 
20180701630 9 6 2 5 10 4 3 1 7 8 
20180701631 10 6 8 5 9 3 1 4 7 2 
20180701632 3 9 2 10 5 6 4 8 1 7 
20180701633 9 1 3 6 8 7 4 5 10 2 
20180701634 10 1 8 5 9 4 7 2 6 3 
20180701635 8 3 9 10 1 5 7 6 4 2 
20180701636 9 8 1 10 4 3 6 2 5 7 
20180701637 2 8 1 3 5 6 9 7 4 10 
20180701638 9 10 8 1 7 5 6 2 3 4 
20180701639 6 1 8 3 9 5 7 10 4 2 
20180701640 9 8 5 3 4 1 7 2 10 6 
20180701641 5 3 10 9 4 1 6 8 7 2 
20180701642 5 2 3 9 8 6 7 10 1 4 
20180701643 2 7 4 8 9 3 10 1 6 5 
20180701644 7 8 2 9 10 3 1 4 6 5 
20180701645 8 2 3 1 6 7 9 5 10 4 
20180701646 7 5 6 2 4 1 10 8 9 3 
20180701647 3 10 5 9 7 4 2 6 8 1 
20180701648 3 2 7 10 9 4 8 1 6 5 
20180701649 4 10 2 5 6 7 1 8 9 3 
20180701650 9 8 3 6 10 5 7 2 1 4 
20180701651 6 7 1 3 9 8 4 2 10 5 
20180701652 7 2 4 5 8 10 6 9 3 1 
20180701653 9 3 4 5 8 10 6 2 1 7 
20180701654 3 9 2 5 1 8 4 10 7 6 
20180701655 8 6 3 9 10 4 2 1 5 7 
20180701656 8 9 7 6 1 5 3 10 4 2 
20180701657 2 10 5 9 1 7 6 3 4 8 
20180701658 9 1 3 4 5 10 7 8 6 2 
20180701659 9 8 3 7 10 5 4 1 2 6 
20180701660 3 10 5 4 9 7 8 1 2 6 
20180701661 2 10 5 7 4 1 9 3 6 8 
20180701662 9 2 10 7 1 4 8 3 6 5 
20180701663 4 3 10 2 7 6 8 1 5 9 
20180701664 1 2 10 4 7 6 9 3 8 5 
20180701665 10 6 1 5 7 2 4 9 3 8 
20180701666 6 10 7 2 8 1 3 4 9 5 
20180701667 7 1 2 3 5 9 4 6 10 8 
20180701668 8 4 10 2 9 3 7 6 1 5 
20180701669 9 4 7 6 8 1 10 2 3 5 
20180701670 1 2 10 5 6 3 9 8 7 4 
20180701671 2 10 5 1 9 8 7 3 4 6 
20180701672 4 10 8 3 1 5 6 9 2 7 
20180701673 10 8 6 1 4 2 5 3 9 7 
20180701674 2 9 4 3 5 6 7 8 10 1 
20180701675 3 10 2 4 9 7 8 1 6 5 
20180701676 7 5 2 4 3 10 1 6 9 8 
20180701677 3 8 10 4 5 2 6 1 9 7 
20180701678 4 10 5 1 2 9 6 3 8 7 
20180701679 2 8 5 6 10 7 1 4 9 3 
20180701680 3 7 6 9 1 8 5 4 2 10 
20180701681 9 3 2 6 8 7 10 4 1 5 
20180701682 3 2 8 9 5 4 7 6 10 1 
20180701683 6 10 5 4 1 7 2 3 9 8 
20180701684 5 10 9 1 7 2 6 3 8 4 
20180701685 7 6 2 5 10 3 4 1 9 8 
20180701686 6 5 3 7 9 1 4 2 10 8 
20180701687 1 10 9 8 6 4 3 5 2 7 
20180701688 6 7 2 5 4 8 9 10 1 3 
20180701689 10 8 1 3 2 6 4 5 7 9 
20180701690 5 6 1 8 4 3 10 9 7 2 
20180701691 6 1 10 4 8 7 3 5 9 2 
20180701692 2 9 6 5 1 7 10 3 4 8 
20180701693 10 2 1 7 8 6 9 3 5 4 
20180701694 10 8 2 6 1 5 7 9 3 4 
20180701695 3 5 7 8 4 9 1 2 10 6 
20180701696 1 10 5 8 9 2 6 4 3 7 
20180701697 5 10 2 6 3 7 1 4 9 8 
20180701698 1 5 9 4 10 2 3 8 7 6 
20180701699 7 3 6 9 5 10 2 8 4 1 
20180701700 9 2 8 1 5 10 4 7 6 3 
20180701701 7 6 2 4 1 8 3 10 9 5 
20180701702 5 10 4 3 7 8 9 1 2 6 
20180701703 1 10 8 6 9 7 3 4 5 2 
20180701704 3 6 5 1 10 9 4 2 8 7 
20180701705 10 6 1 7 5 9 8 3 4 2 
20180701706 2 3 5 7 4 1 6 8 9 10 
20180701707 1 7 6 5 3 10 8 2 9 4 
20180701708 9 10 1 4 5 8 6 3 2 7 
20180701709 9 3 8 7 10 4 6 5 2 1 
20180701710 6 2 9 7 1 5 10 4 3 8 
20180701711 9 3 5 6 2 7 10 8 1 4 
20180701712 3 8 5 7 9 1 6 10 2 4 
20180701713 1 7 5 10 8 6 4 2 3 9 
20180701714 4 9 2 6 8 5 1 7 3 10 
20180701715 8 3 2 10 1 5 4 7 6 9 
20180701716 2 6 4 3 8 1 10 5 7 9 
20180701717 9 8 2 4 6 7 10 5 1 3 
20180701718 9 10 4 5 8 1 6 7 2 3 
20180701719 8 6 7 10 3 2 5 9 4 1 
20180701720 6 4 3 9 1 2 8 5 7 10 
20180701721 2 9 7 5 3 4 6 1 8 10 
20180701722 4 3 5 2 1 9 7 6 8 10 
20180701723 2 10 8 5 9 6 1 7 4 3 
20180701724 1 9 2 5 6 7 10 8 3 4 
20180701725 6 5 7 1 4 3 9 10 2 8 
20180701726 2 1 9 3 6 4 5 7 10 8 
20180701727 1 6 3 5 8 7 10 9 2 4 
20180701728 7 4 6 3 10 8 5 9 2 1 
20180701729 9 2 10 4 7 6 8 1 3 5 
20180701730 4 8 2 6 1 3 5 9 10 7 
20180701731 9 2 10 1 4 7 8 6 5 3 
20180701732 4 2 1 9 8 5 7 6 3 10 
20180701733 5 3 7 10 4 1 6 2 9 8 
20180701734 6 1 8 10 4 9 2 3 5 7 
20180701735 9 2 4 7 5 8 10 6 1 3 
20180701736 4 1 8 10 3 6 7 5 9 2 
20180701737 3 8 6 2 7 4 9 10 1 5 
20180701738 1 6 7 4 9 5 8 2 10 3 
20180701739 3 4 7 9 8 5 6 10 2 1 
20180701740 4 1 8 10 5 3 7 6 2 9 
20180701741 4 9 1 2 10 6 8 3 7 5 
20180701742 6 4 10 1 2 8 3 7 5 9 
20180701743 1 7 10 5 8 3 9 2 6 4 
20180701744 10 4 9 6 3 2 7 5 1 8 
20180701745 4 6 2 7 5 8 10 3 9 1 
20180701746 4 5 7 8 6 1 3 9 10 2 
20180701747 7 3 6 10 1 5 9 4 8 2 
20180701748 6 4 8 7 9 5 2 3 10 1 
20180701749 9 8 2 7 3 5 4 6 1 10 
20180701750 9 8 5 4 7 2 3 10 1 6 
20180701751 9 10 8 2 5 6 1 7 3 4 
20180701752 10 3 5 6 1 4 2 9 8 7 
20180701753 10 7 8 6 3 5 2 4 1 9 
20180701754 5 9 3 2 10 7 4 6 1 8 
20180701755 6 9 5 7 2 4 8 10 3 1 
20180701756 3 2 1 7 4 8 10 5 9 6 
20180701757 1 8 5 10 6 4 9 7 3 2 
20180701758 4 7 2 3 8 5 9 6 1 10 
20180701759 9 8 10 4 3 6 7 2 1 5 
20180701760 4 1 5 7 3 2 9 6 8 10 
20180701761 3 10 1 5 8 2 4 7 9 6 
20180701762 1 6 4 3 2 8 5 10 7 9 
20180701763 3 2 9 8 6 1 7 5 4 10 
20180701764 2 6 1 3 9 10 7 5 8 4 
20180701765 10 5 6 8 7 1 2 3 9 4 
20180701766 2 1 6 4 3 9 7 10 8 5 
20180701767 3 5 7 8 1 10 4 6 2 9 
20180701768 4 10 8 1 3 9 5 7 6 2 
20180701769 8 3 6 9 2 5 10 7 1 4 
20180701770 5 10 4 2 1 7 3 6 8 9 
20180701771 9 4 2 1 6 5 7 10 3 8 
20180701772 1 4 9 2 5 3 7 10 8 6 
20180701773 9 3 7 5 2 4 10 6 1 8 
20180701774 6 8 5 3 9 7 2 4 10 1 
20180701775 4 2 8 10 9 7 3 6 1 5 
20180701776 4 5 3 2 8 7 9 10 1 6 
20180701777 5 7 9 1 6 4 8 2 3 10 
20180701778 2 7 1 3 8 6 9 10 4 5 
20180701779 3 9 1 6 4 8 10 7 2 5 
20180701780 9 7 1 3 2 8 6 4 10 5 
20180701781 3 6 9 1 8 10 5 7 4 2 
20180701782 7 2 1 9 6 5 10 3 8 4 
20180701783 9 7 6 8 10 4 2 3 1 5 
20180701784 10 3 9 6 4 7 1 2 8 5 
20180701785 2 10 9 7 8 3 4 6 5 1 
20180701786 7 6 4 10 2 5 3 9 1 8 
20180701787 1 10 2 6 4 3 7 8 9 5 
20180701788 6 1 3 2 10 5 4 9 7 8 
20180701789 10 3 5 4 6 8 7 9 1 2 
20180701790 1 10 2 7 9 4 6 3 8 5 
20180701791 10 5 6 7 4 3 8 1 2 9 
20180701792 4 5 1 6 9 8 7 10 3 2 
20180701793 7 1 5 8 9 10 3 6 2 4 
20180701794 7 6 4 9 3 8 2 1 10 5 
20180701795 8 5 2 3 10 1 9 7 4 6 
20180701796 4 1 9 5 8 3 2 6 7 10 
20180701797 8 1 5 9 4 7 2 3 6 10 
20180701798 2 3 8 7 5 6 10 9 4 1 
20180701799 3 8 5 9 4 2 10 1 7 6 
20180701800 10 2 4 9 1 8 3 7 6 5 
20180701801 6 1 8 7 10 4 9 3 2 5 
20180701802 5 2 10 8 6 1 7 3 9 4 
20180701803 6 9 2 8 4 7 10 3 1 5 
20180701804 10 8 7 2 5 6 4 3 1 9 
20180701805 3 2 10 9 1 4 5 7 8 6 
20180701806 1 6 9 7 2 3 4 10 8 5 
20180701807 5 2 4 7 10 6 1 8 9 3 
20180701808 1 3 5 7 4 9 8 10 2 6 
20180701809 9 6 3 8 2 10 7 1 4 5 
20180701810 9 6 1 4 10 7 2 5 8 3 
20180701811 9 2 3 6 7 4 8 10 1 5 
20180701812 6 10 1 2 7 3 5 4 8 9 
20180701813 7 1 10 3 5 6 4 8 2 9 
20180701814 2 8 7 1 4 10 6 9 3 5 
20180701815 6 7 9 8 1 2 4 5 10 3 
20180701816 5 3 6 7 9 1 2 10 4 8 
20180701817 3 2 4 5 10 8 7 6 1 9 
20180701818 5 3 6 8 9 7 2 4 10 1 
20180701819 3 2 5 6 8 1 7 10 9 4 
20180701820 7 3 8 5 4 2 6 10 1 9 
20180701821 3 6 8 1 2 4 7 10 5 9 
20180701822 10 9 3 6 2 4 7 8 5 1 
20180701823 8 3 6 2 1 9 4 7 5 10 
20180701824 1 4 8 7 3 6 9 2 10 5 
20180701825 7 2 9 1 3 5 6 10 4 8 
20180701826 3 2 6 5 8 4 10 7 1 9 
20180701827 5 10 3 8 9 2 6 7 4 1 
20180701828 2 8 9 10 1 4 7 6 3 5 
20180701829 8 1 2 7 6 9 10 4 3 5 
20180701830 3 9 10 5 8 6 2 1 7 4 
20180701831 6 5 4 1 10 7 3 2 8 9 
20180701832 8 4 5 3 9 2 7 10 1 6 
20180701833 9 7 3 4 10 1 6 8 5 2 
20180701834 4 1 3 10 9 7 5 6 8 2 
20180701835 2 6 8 4 9 7 3 10 5 1 
20180701836 7 8 5 3 9 2 10 1 6 4 
20180701837 2 10 3 7 5 8 4 6 1 9 
20180701838 5 7 9 6 1 8 4 2 10 3 
20180701839 7 1 5 8 10 6 2 4 3 9 
20180701840 4 3 5 7 10 8 6 9 2 1 
20180701841 4 1 6 3 7 10 5 2 9 8 
20180701842 1 7 9 5 2 3 4 6 8 10 
20180701843 10 7 8 2 9 3 4 5 6 1 
20180701844 9 10 5 1 6 2 3 4 7 8 
20180701845 5 1 7 10 2 6 8 4 9 3 
20180701846 7 2 9 4 3 5 10 6 8 1 
20180701847 2 9 8 1 6 7 3 5 4 10 
20180701848 10 8 5 2 6 9 4 3 7 1 
20180701849 7 9 3 4 8 5 2 6 1 10 
20180701850 7 3 9 1 4 2 10 8 5 6 
20180701851 6 8 5 1 2 9 4 3 10 7 
20180701852 3 7 9 4 10 6 8 5 2 1 
20180701853 5 8 1 6 10 9 3 2 4 7 
20180701854 4 3 1 6 9 8 5 2 10 7 
20180701855 4 10 9 8 1 5 7 6 3 2 
20180701856 4 5 10 8 2 7 3 1 6 9 
20180701857 6 9 2 8 7 1 4 10 5 3 
20180701858 4 3 9 2 10 1 5 7 6 8 
20180701859 4 7 10 8 6 2 3 9 1 5 
20180701860 8 10 7 4 1 2 6 9 5 3 
20180701861 8 4 2 9 7 10 5 3 6 1 
20180701862 4 9 1 2 7 8 6 10 5 3 
20180701863 8 7 2 1 6 4 3 10 5 9 
20180701864 10 1 7 5 4 2 6 8 3 9 
20180701865 10 2 5 9 8 7 6 3 1 4 
20180701866 3 4 10 2 6 9 7 5 1 8 
20180701867 1 6 4 7 9 8 5 10 3 2 
20180701868 5 7 2 1 3 9 10 6 4 8 
20180701869 10 4 6 5 7 1 8 9 2 3 
20180701870 2 9 6 8 1 4 7 5 10 3 
20180701871 6 7 1 4 10 2 3 8 9 5 
20180701872 7 6 1 5 10 8 9 3 4 2 
20180701873 10 6 8 2 4 3 9 7 1 5 
20180701874 4 10 3 5 9 8 2 1 7 6 
20180701875 3 2 1 8 4 10 7 9 5 6 
20180701876 6 5 2 1 3 9 8 4 7 10 
20180701877 9 8 7 4 1 5 2 3 10 6 
20180701878 6 10 9 7 4 1 5 2 3 8 
20180701879 9 5 3 6 1 7 10 4 2 8 
20180701880 8 6 3 2 4 5 9 7 1 10 
20180701881 7 3 6 1 2 9 8 5 10 4 
20180701882 3 9 1 2 5 4 7 6 8 10 
20180701883 6 1 5 8 4 7 3 2 10 9 
20180701884 10 4 7 6 5 2 1 8 9 3 
20180701885 3 2 5 4 8 7 1 6 10 9 
20180701886 9 8 3 6 10 4 5 2 7 1 
20180701887 7 4 2 6 3 5 9 10 1 8 
20180701888 4 3 7 10 5 1 9 8 6 2 
20180701889 8 10 7 5 6 2 3 4 1 9 
20180701890 4 8 1 5 10 7 9 6 3 2 
20180701891 8 7 5 10 4 1 9 2 6 3 
20180701892 6 10 8 9 3 1 5 4 2 7 
20180701893 7 3 10 5 4 6 1 8 9 2 
20180701894 7 10 1 9 3 2 8 5 4 6 
20180701895 4 3 8 5 7 1 10 9 2 6 
20180701896 6 4 7 9 8 2 5 3 1 10 
20180701897 7 8 2 5 9 6 1 10 4 3 
20180701898 10 1 8 9 7 3 2 6 5 4 
20180701899 10 3 6 1 7 8 2 9 4 5 
20180701900 5 1 10 9 4 2 3 6 7 8 
20180701901 7 9 5 10 3 4 1 6 2 8 
20180701902 3 1 9 2 10 8 4 5 7 6 
20180701903 9 10 8 5 1 7 4 6 3 2 
20180701904 8 3 1 10 4 5 2 6 9 7 
20180701905 2 6 3 5 4 10 1 8 9 7 
20180701906 9 3 4 8 10 1 7 5 2 6 
20180701907 10 9 4 8 5 3 6 2 7 1 
20180701908 1 10 2 9 3 5 6 8 4 7 
20180701909 4 8 6 9 2 7 3 10 5 1 
20180701910 1 9 10 2 6 3 5 4 7 8 
20180701911 7 10 5 9 1 8 3 6 4 2 
20180701912 10 1 4 2 7 3 6 8 9 5 
20180701913 9 6 8 7 3 5 4 10 2 1 
20180701914 2 1 7 3 9 5 8 4 6 10 
20180701915 8 5 7 6 2 10 3 9 4 1 
20180701916 5 1 9 8 7 10 2 4 3 6 
20180701917 7 3 9 10 6 2 1 5 4 8 
20180701918 4 9 6 5 2 10 1 8 7 3 
20180701919 3 9 8 1 5 6 7 10 4 2 
20180701920 5 6 9 1 2 10 3 7 8 4 
20180701921 1 7 4 8 5 6 9 10 3 2 
20180701922 2 7 4 6 10 3 1 5 8 9 
20180701923 10 5 7 3 4 8 1 9 6 2 
20180701924 3 10 5 4 6 1 7 2 8 9 
20180701925 7 8 3 5 2 10 1 4 9 6 
20180701926 6 5 1 7 9 2 10 4 8 3 
20180701927 5 4 10 2 9 1 8 7 6 3 
20180701928 10 6 7 2 1 8 5 9 3 4 
20180701929 7 1 9 2 3 4 5 6 8 10 
20180701930 9 4 6 3 10 1 5 8 7 2 
20180701931 6 8 9 1 4 7 10 5 3 2 
20180701932 6 5 2 3 4 1 10 8 9 7 
20180701933 8 7 4 3 2 10 6 9 1 5 
20180701934 8 1 5 9 3 7 4 10 6 2 
20180701935 1 4 3 7 9 6 5 8 2 10 
20180701936 6 10 9 8 5 2 4 7 1 3 
20180701937 1 6 2 9 4 5 8 3 10 7 
20180701938 6 8 9 7 1 10 2 4 5 3 
20180701939 8 3 4 2 6 7 5 9 1 10 
20180701940 3 9 6 1 8 4 7 2 10 5 
20180701941 3 4 2 1 10 9 8 5 6 7 
20180701942 9 1 10 4 5 8 7 2 6 3 
20180701943 7 4 1 10 5 2 9 6 8 3 
20180701944 9 1 7 2 8 6 3 4 10 5 
20180701945 2 3 6 7 9 10 4 5 8 1 
20180701946 10 8 3 4 5 2 6 1 9 7 
20180701947 1 4 6 9 2 8 10 7 3 5 
20180701948 1 3 5 2 8 6 9 4 10 7 
20180701949 9 7 2 6 4 8 10 1 3 5 
20180701950 5 8 3 4 6 9 2 10 7 1 
20180701951 7 2 1 8 10 4 9 3 5 6 
20180701952 5 8 4 1 2 7 6 10 3 9 
20180701953 5 8 7 6 4 1 9 10 3 2 
20180701954 8 3 7 6 10 1 5 4 2 9 
20180701955 4 9 2 7 10 8 1 6 3 5 
20180701956 10 2 4 8 3 6 7 1 9 5 
20180701957 9 3 5 8 6 1 4 7 10 2 
20180701958 8 6 9 2 1 7 4 3 5 10 
20180701959 9 4 6 2 3 1 10 8 7 5 
20180701960 4 2 1 9 7 8 10 6 5 3 
20180701961 8 10 9 6 5 4 7 2 3 1 
20180701962 10 7 9 4 5 1 2 3 8 6 
20180701963 7 3 5 6 2 9 4 1 10 8 
20180701964 6 9 1 7 3 2 10 4 8 5 
20180701965 6 8 10 4 1 3 9 5 7 2 
20180701966 9 7 10 6 5 8 1 2 4 3 
20180701967 9 5 1 4 2 3 8 10 6 7 
20180701968 10 9 8 6 5 1 7 3 2 4 
20180701969 6 7 8 2 10 4 3 1 5 9 
20180701970 2 3 6 1 10 9 4 5 7 8 
20180701971 6 10 7 2 8 9 5 4 3 1 
20180701972 1 3 9 6 8 2 4 5 10 7 
20180701973 7 6 2 10 5 1 3 9 8 4 
20180701974 3 4 7 1 8 6 10 5 2 9 
20180701975 9 3 2 5 4 1 10 8 7 6 
20180701976 10 5 3 8 7 6 1 4 2 9 
20180701977 10 1 4 2 9 5 8 3 6 7 
20180701978 7 3 9 1 2 6 4 5 10 8 
20180701979 3 1 9 5 2 6 4 7 8 10 
20180701980 7 9 2 10 1 5 8 6 4 3 
20180701981 10 3 9 1 7 6 2 5 4 8 
20180701982 8 5 1 2 9 3 7 4 10 6 
20180701983 7 5 6 1 4 8 3 2 10 9 
20180701984 10 7 2 3 5 6 1 8 4 9 
20180701985 1 8 7 6 4 9 2 5 10 3 
