20180705001 6 3 10 9 8 4 2 7 1 5 
20180705002 9 7 6 2 1 3 5 4 8 10 
20180705003 1 4 7 8 10 3 2 6 9 5 
20180705004 10 8 3 4 1 5 9 7 6 2 
20180705005 8 6 3 4 9 7 10 5 1 2 
20180705006 8 4 9 2 10 6 5 1 3 7 
20180705007 5 6 4 2 10 1 8 9 3 7 
20180705008 5 1 3 4 6 2 8 7 9 10 
20180705009 5 3 1 8 4 7 9 10 6 2 
20180705010 8 5 6 2 10 3 4 9 7 1 
20180705011 9 7 3 1 4 6 5 8 10 2 
20180705012 3 6 2 10 7 5 9 8 4 1 
20180705013 10 3 4 2 8 1 9 5 6 7 
20180705014 6 5 2 8 10 7 9 4 1 3 
20180705015 6 3 1 10 9 5 7 2 8 4 
20180705016 10 4 8 6 5 9 7 3 1 2 
20180705017 5 4 1 9 3 6 8 2 7 10 
20180705018 6 10 9 3 5 2 4 8 1 7 
20180705019 2 5 4 10 8 7 1 6 3 9 
20180705020 7 2 1 10 6 8 3 5 4 9 
20180705021 8 3 7 10 1 2 5 9 6 4 
20180705022 3 8 5 7 4 10 6 9 2 1 
20180705023 9 7 8 1 2 6 4 10 3 5 
20180705024 3 4 1 5 6 9 2 10 8 7 
20180705025 9 4 10 7 8 2 1 6 5 3 
20180705026 4 8 10 3 2 5 6 7 9 1 
20180705027 4 8 7 2 10 1 9 5 3 6 
20180705028 10 2 7 4 9 8 6 5 3 1 
20180705029 2 5 7 8 1 6 10 4 3 9 
20180705030 9 4 1 3 7 10 2 5 8 6 
20180705031 1 9 10 2 5 6 4 8 3 7 
20180705032 10 5 9 7 6 8 2 3 1 4 
20180705033 4 10 5 8 1 7 2 9 3 6 
20180705034 7 9 2 4 8 10 6 1 5 3 
20180705035 10 5 6 1 8 7 3 9 2 4 
20180705036 2 1 3 4 7 6 5 8 9 10 
20180705037 1 8 7 4 2 6 3 10 5 9 
20180705038 9 10 5 1 8 6 2 7 3 4 
20180705039 3 1 5 7 10 2 9 6 8 4 
20180705040 8 4 5 6 3 9 1 2 10 7 
20180705041 1 4 3 6 8 7 9 10 2 5 
20180705042 2 6 8 10 9 4 5 7 1 3 
20180705043 5 3 6 1 9 2 10 4 7 8 
20180705044 5 4 9 1 7 2 6 8 3 10 
20180705045 1 3 8 5 7 6 4 10 2 9 
20180705046 7 6 9 1 2 5 4 10 8 3 
20180705047 9 3 6 7 1 10 4 2 8 5 
20180705048 6 3 10 7 4 8 2 9 5 1 
20180705049 2 3 7 8 10 1 5 9 4 6 
20180705050 10 4 9 7 3 6 8 5 2 1 
20180705051 8 7 10 9 4 1 2 6 3 5 
20180705052 7 2 1 10 6 8 9 3 5 4 
20180705053 8 6 1 9 3 10 4 5 2 7 
20180705054 10 9 2 4 1 8 7 6 5 3 
20180705055 9 2 5 4 6 1 10 3 8 7 
20180705056 6 10 5 2 7 8 1 9 3 4 
20180705057 5 9 10 8 1 7 2 4 3 6 
20180705058 2 9 6 5 7 8 10 4 1 3 
20180705059 4 7 3 5 8 1 2 6 9 10 
20180705060 4 2 7 1 8 9 10 3 6 5 
20180705061 10 5 6 3 7 9 8 1 4 2 
20180705062 8 5 7 9 1 10 6 3 4 2 
20180705063 8 7 3 9 4 1 10 6 2 5 
20180705064 1 3 4 7 10 8 6 9 5 2 
20180705065 8 2 9 7 1 6 4 5 3 10 
20180705066 1 5 2 6 9 7 8 3 10 4 
20180705067 6 3 5 1 10 4 7 8 9 2 
20180705068 1 9 2 5 8 3 4 6 7 10 
20180705069 3 8 1 7 9 5 2 4 6 10 
20180705070 9 1 3 4 6 5 7 10 2 8 
20180705071 10 8 5 2 4 6 7 3 9 1 
20180705072 2 9 1 6 4 8 5 7 10 3 
20180705073 7 8 1 5 3 2 9 10 6 4 
20180705074 10 1 3 4 2 9 7 8 5 6 
20180705075 7 10 6 1 2 8 3 4 9 5 
20180705076 2 8 10 9 4 5 1 7 6 3 
20180705077 1 8 2 9 10 3 6 7 4 5 
20180705078 4 7 1 2 9 10 6 3 8 5 
20180705079 10 8 9 1 6 3 2 7 4 5 
20180705080 4 7 2 3 9 6 8 10 1 5 
20180705081 9 4 1 8 6 5 3 10 7 2 
20180705082 4 3 9 8 5 10 2 1 6 7 
20180705083 2 8 6 4 9 1 7 10 3 5 
20180705084 7 10 3 1 4 9 8 2 5 6 
20180705085 5 10 2 3 6 9 1 7 8 4 
20180705086 2 10 9 4 6 8 5 7 1 3 
20180705087 7 9 10 5 8 4 3 2 6 1 
20180705088 5 10 2 3 1 4 6 8 9 7 
20180705089 9 7 2 8 3 5 4 6 1 10 
20180705090 1 5 8 10 3 7 2 6 9 4 
20180705091 6 7 5 10 2 4 3 1 8 9 
20180705092 2 10 9 4 5 6 3 8 1 7 
20180705093 9 5 10 7 1 4 3 8 2 6 
20180705094 2 3 9 6 10 8 4 1 5 7 
20180705095 1 10 8 6 7 5 2 4 9 3 
20180705096 8 2 5 1 6 10 3 7 9 4 
20180705097 9 3 4 2 5 10 7 6 8 1 
20180705098 10 4 6 9 3 2 7 8 5 1 
20180705099 7 1 6 4 2 3 8 9 5 10 
20180705100 7 5 6 3 4 9 2 8 10 1 
20180705101 5 6 4 2 9 8 3 1 10 7 
20180705102 3 10 9 7 1 5 8 2 4 6 
20180705103 6 3 4 1 9 2 10 7 8 5 
20180705104 6 1 9 3 2 4 8 5 7 10 
20180705105 4 1 2 8 5 9 6 10 3 7 
20180705106 5 1 7 3 10 2 4 6 8 9 
20180705107 3 4 8 7 9 5 2 6 10 1 
20180705108 8 6 4 1 3 9 2 10 7 5 
20180705109 8 10 6 9 3 5 7 4 1 2 
20180705110 9 8 1 5 7 3 2 6 10 4 
20180705111 6 9 2 10 4 8 1 3 5 7 
20180705112 6 7 1 9 5 4 3 10 2 8 
20180705113 7 9 10 2 1 3 4 5 8 6 
20180705114 3 7 5 2 1 9 10 8 6 4 
20180705115 6 1 3 7 2 5 8 4 9 10 
20180705116 1 4 5 9 6 8 7 10 2 3 
20180705117 9 4 3 8 5 10 6 7 2 1 
20180705118 5 6 8 4 7 2 10 3 1 9 
20180705119 5 2 6 7 4 1 8 9 10 3 
20180705120 9 3 2 1 7 5 4 10 6 8 
20180705121 1 9 6 4 10 5 8 3 2 7 
20180705122 8 3 10 2 7 4 1 9 5 6 
20180705123 1 10 2 6 8 5 3 7 9 4 
20180705124 1 4 5 9 2 3 8 10 6 7 
20180705125 5 6 7 2 10 3 8 9 1 4 
20180705126 9 1 8 2 4 5 6 10 3 7 
20180705127 1 10 5 2 7 6 9 4 8 3 
20180705128 2 5 10 6 7 4 3 9 8 1 
20180705129 6 3 4 7 10 5 8 1 9 2 
20180705130 5 8 6 3 7 1 10 2 4 9 
20180705131 7 4 1 10 5 2 6 8 3 9 
20180705132 6 3 5 4 9 10 8 7 1 2 
20180705133 3 10 5 1 4 6 8 2 9 7 
20180705134 6 1 5 4 10 2 3 7 9 8 
20180705135 4 6 7 2 9 3 5 1 10 8 
20180705136 2 4 5 9 6 7 8 3 1 10 
20180705137 5 1 2 8 7 4 9 10 6 3 
20180705138 7 4 3 10 9 1 5 2 6 8 
20180705139 10 7 5 8 4 1 2 9 3 6 
20180705140 8 10 3 6 7 5 4 1 9 2 
20180705141 10 5 4 7 1 2 6 3 8 9 
20180705142 10 4 8 5 6 3 1 2 9 7 
20180705143 2 6 7 10 3 9 4 8 5 1 
20180705144 10 5 8 6 9 7 1 4 3 2 
20180705145 1 10 4 7 3 5 8 6 9 2 
20180705146 8 3 7 9 5 6 2 10 4 1 
20180705147 9 10 5 8 6 3 4 2 7 1 
20180705148 9 5 6 2 7 10 4 1 3 8 
20180705149 7 9 1 6 10 4 3 8 5 2 
20180705150 10 8 6 2 5 4 9 1 3 7 
20180705151 6 8 9 1 3 7 2 4 5 10 
20180705152 2 3 5 7 4 1 10 9 8 6 
20180705153 10 1 6 9 5 4 2 7 3 8 
20180705154 6 8 10 2 7 3 9 1 5 4 
20180705155 10 1 5 9 8 2 6 4 7 3 
20180705156 7 9 5 3 4 8 1 6 2 10 
20180705157 1 3 8 9 10 2 4 7 6 5 
20180705158 10 9 7 5 2 6 1 8 4 3 
20180705159 1 9 7 8 2 3 5 6 10 4 
20180705160 3 2 5 6 9 4 7 1 10 8 
20180705161 5 1 8 6 9 10 3 2 7 4 
20180705162 10 5 4 6 3 2 9 8 7 1 
20180705163 7 6 9 4 3 8 2 10 5 1 
20180705164 1 8 2 4 7 3 6 5 10 9 
20180705165 8 3 4 10 7 6 5 1 2 9 
20180705166 6 8 7 9 4 3 1 10 5 2 
20180705167 2 1 6 8 4 10 3 5 7 9 
20180705168 2 7 5 6 3 9 4 1 8 10 
20180705169 3 6 10 8 4 5 9 7 1 2 
20180705170 4 3 2 9 10 5 8 1 6 7 
20180705171 4 7 6 2 1 8 10 3 9 5 
20180705172 8 10 7 5 9 6 2 3 4 1 
20180705173 9 1 4 8 5 6 7 10 2 3 
20180705174 6 7 5 4 1 10 3 2 9 8 
20180705175 8 7 3 10 2 9 4 1 5 6 
20180705176 10 2 7 3 6 1 9 4 5 8 
20180705177 6 1 7 10 8 5 2 9 3 4 
20180705178 3 4 8 6 10 5 1 9 7 2 
20180705179 2 4 1 7 8 9 10 6 3 5 
20180705180 5 4 7 8 6 9 2 3 10 1 
20180705181 3 7 8 2 1 6 5 9 10 4 
20180705182 5 7 9 4 2 3 1 6 8 10 
20180705183 6 1 7 2 8 5 4 10 9 3 
20180705184 6 4 10 9 1 8 3 2 7 5 
20180705185 9 1 7 3 2 6 8 10 5 4 
20180705186 8 2 3 1 9 6 5 10 4 7 
20180705187 10 5 4 2 7 6 3 8 1 9 
20180705188 1 7 9 8 4 5 2 3 10 6 
20180705189 6 9 8 10 4 3 1 5 7 2 
20180705190 6 4 1 5 2 3 7 9 10 8 
20180705191 6 7 5 1 9 2 4 3 10 8 
20180705192 6 8 7 5 4 10 2 9 1 3 
20180705193 8 6 1 3 7 4 10 9 2 5 
20180705194 6 3 4 8 10 9 1 7 5 2 
20180705195 2 10 9 3 6 1 8 5 7 4 
20180705196 8 2 1 5 3 7 9 10 6 4 
20180705197 7 8 2 3 5 1 10 4 9 6 
20180705198 9 5 10 4 7 8 2 3 6 1 
20180705199 3 7 1 9 8 4 6 2 10 5 
20180705200 7 5 2 10 4 9 1 3 6 8 
20180705201 7 9 10 4 2 3 1 6 8 5 
20180705202 8 1 5 3 7 4 10 9 2 6 
20180705203 5 7 10 6 8 4 1 3 2 9 
20180705204 2 8 5 10 7 6 3 4 9 1 
20180705205 10 9 1 6 4 2 3 5 8 7 
20180705206 3 7 6 1 9 4 8 5 2 10 
20180705207 1 7 10 8 3 9 6 5 2 4 
20180705208 3 5 6 8 4 9 1 10 7 2 
20180705209 1 6 2 5 4 10 8 3 7 9 
20180705210 3 6 10 5 7 4 8 2 1 9 
20180705211 3 4 6 5 10 8 7 2 1 9 
20180705212 2 7 8 4 1 9 10 5 3 6 
20180705213 8 3 9 10 4 5 7 6 1 2 
20180705214 1 8 7 3 10 2 6 9 4 5 
20180705215 1 4 5 10 3 9 8 6 7 2 
20180705216 6 1 8 2 7 9 3 5 10 4 
20180705217 9 4 1 8 5 10 6 7 2 3 
20180705218 2 7 6 5 10 1 9 8 4 3 
20180705219 1 7 5 3 4 6 2 10 8 9 
20180705220 8 4 9 3 10 5 1 7 6 2 
20180705221 4 10 3 6 7 1 5 2 8 9 
20180705222 10 1 5 8 4 7 2 3 9 6 
20180705223 2 6 4 5 10 7 3 9 8 1 
20180705224 6 9 1 3 10 2 4 7 8 5 
20180705225 10 8 1 2 5 6 3 9 4 7 
20180705226 5 4 3 6 9 10 1 7 2 8 
20180705227 9 2 7 10 1 3 5 6 4 8 
20180705228 3 4 6 9 1 10 5 2 8 7 
20180705229 5 1 10 2 9 3 4 7 8 6 
20180705230 2 7 10 1 8 6 5 4 9 3 
20180705231 7 1 8 6 2 9 5 10 4 3 
20180705232 1 3 5 6 9 8 4 2 7 10 
20180705233 5 8 7 10 3 6 2 4 1 9 
20180705234 1 7 8 10 6 9 5 4 3 2 
20180705235 6 9 1 2 3 7 10 5 4 8 
20180705236 4 3 10 2 5 9 8 1 7 6 
20180705237 2 6 4 3 7 9 10 8 5 1 
20180705238 3 4 10 9 5 1 2 6 7 8 
20180705239 10 7 3 6 9 4 8 5 2 1 
20180705240 3 7 9 8 2 4 10 6 5 1 
20180705241 10 4 5 1 6 3 7 8 9 2 
20180705242 7 1 4 2 3 5 10 9 6 8 
20180705243 7 2 4 3 6 1 9 5 8 10 
20180705244 2 9 5 1 4 6 8 7 3 10 
20180705245 2 5 8 1 3 6 10 4 9 7 
20180705246 5 8 1 2 7 6 4 10 9 3 
20180705247 2 7 10 3 6 4 1 8 5 9 
20180705248 10 1 8 3 2 4 5 6 7 9 
20180705249 9 1 8 3 6 2 7 4 10 5 
20180705250 2 9 10 6 7 4 8 5 3 1 
20180705251 1 4 2 7 10 6 5 8 9 3 
20180705252 1 2 4 3 5 10 6 9 8 7 
20180705253 2 10 8 3 7 5 1 9 4 6 
20180705254 7 4 5 2 3 10 9 6 1 8 
20180705255 7 4 10 8 9 2 6 1 3 5 
20180705256 3 10 8 9 5 6 7 4 1 2 
20180705257 4 1 8 5 6 2 3 7 9 10 
20180705258 5 10 3 6 4 2 9 8 1 7 
20180705259 4 2 8 6 10 5 3 7 1 9 
20180705260 2 3 6 9 8 1 10 5 4 7 
20180705261 7 10 6 5 2 9 4 8 1 3 
20180705262 7 2 9 4 3 1 5 8 6 10 
20180705263 4 2 10 9 6 8 3 1 7 5 
20180705264 1 5 6 4 10 7 9 3 2 8 
20180705265 5 6 10 4 2 9 8 7 3 1 
20180705266 2 3 5 6 1 7 8 9 4 10 
20180705267 1 8 6 4 9 10 3 7 2 5 
20180705268 10 9 3 8 5 7 6 2 1 4 
20180705269 3 10 9 2 6 4 7 1 5 8 
20180705270 9 10 4 5 8 7 2 6 3 1 
20180705271 5 4 7 6 9 3 10 8 2 1 
20180705272 3 8 4 6 10 5 1 2 9 7 
20180705273 2 10 7 1 5 3 6 9 8 4 
20180705274 8 3 5 7 10 6 9 2 1 4 
20180705275 3 1 8 10 7 4 2 6 9 5 
20180705276 10 4 5 6 3 7 8 1 2 9 
20180705277 9 6 1 5 10 8 4 2 7 3 
20180705278 3 1 6 5 4 8 7 10 2 9 
20180705279 7 4 6 10 2 1 3 8 5 9 
20180705280 9 4 5 10 3 1 8 2 6 7 
20180705281 7 2 3 10 1 9 5 4 8 6 
20180705282 8 1 6 10 2 5 7 9 3 4 
20180705283 3 10 6 5 8 1 7 2 9 4 
20180705284 2 8 10 3 4 9 5 7 6 1 
20180705285 1 8 7 4 6 10 9 2 3 5 
20180705286 7 2 3 10 5 1 8 4 9 6 
20180705287 6 1 8 9 10 7 5 2 3 4 
20180705288 9 6 7 3 1 10 4 2 8 5 
20180705289 4 10 1 2 9 5 7 6 8 3 
20180705290 8 3 7 10 4 9 5 2 6 1 
20180705291 3 10 1 9 2 4 8 6 7 5 
20180705292 2 6 8 1 9 7 10 3 4 5 
20180705293 9 7 10 5 1 6 2 3 8 4 
20180705294 10 2 9 8 7 5 6 4 1 3 
20180705295 7 10 5 9 3 2 8 6 4 1 
20180705296 9 6 8 5 10 4 7 1 2 3 
20180705297 5 2 10 8 3 1 4 6 9 7 
20180705298 7 6 4 3 10 9 5 8 1 2 
20180705299 4 5 9 7 1 3 8 6 10 2 
20180705300 3 6 2 8 10 7 5 4 1 9 
20180705301 2 3 7 9 8 6 4 5 1 10 
20180705302 3 9 7 8 5 4 6 10 1 2 
20180705303 9 5 8 1 10 2 3 6 7 4 
20180705304 9 6 4 5 3 7 1 2 8 10 
20180705305 1 10 2 4 8 6 9 7 5 3 
20180705306 1 3 7 5 9 2 10 6 4 8 
20180705307 5 1 7 10 3 2 6 8 4 9 
20180705308 7 6 10 8 3 1 9 4 5 2 
20180705309 7 2 1 10 3 9 5 6 4 8 
20180705310 3 8 4 10 9 6 2 5 7 1 
20180705311 9 2 4 5 1 3 10 6 7 8 
20180705312 1 9 2 6 8 5 4 3 10 7 
20180705313 6 7 5 10 4 1 3 2 8 9 
20180705314 10 4 8 3 2 9 7 1 6 5 
20180705315 9 1 3 7 2 5 4 8 6 10 
20180705316 1 7 8 9 5 2 4 3 6 10 
20180705317 1 5 8 6 3 4 10 7 9 2 
20180705318 9 6 1 2 5 7 4 8 3 10 
20180705319 10 5 2 1 8 4 6 9 3 7 
20180705320 1 4 8 9 3 5 6 7 2 10 
20180705321 4 10 7 5 9 8 2 6 3 1 
20180705322 1 7 10 2 3 6 9 5 8 4 
20180705323 4 8 2 9 3 5 6 1 10 7 
20180705324 6 9 7 3 8 5 1 4 2 10 
20180705325 9 8 7 6 3 4 1 2 10 5 
20180705326 8 5 2 10 7 3 1 4 9 6 
20180705327 6 10 8 7 2 1 9 4 3 5 
20180705328 8 3 6 9 5 4 1 7 2 10 
20180705329 6 4 7 3 1 2 8 5 9 10 
20180705330 1 2 7 4 8 9 3 6 10 5 
20180705331 8 10 6 9 1 5 2 7 3 4 
20180705332 6 2 7 9 8 10 1 4 3 5 
20180705333 5 10 7 1 9 8 3 2 4 6 
20180705334 1 8 6 4 7 10 3 5 2 9 
20180705335 4 3 6 7 5 8 2 10 9 1 
20180705336 1 5 6 7 3 4 10 9 2 8 
20180705337 8 10 6 3 4 7 5 9 2 1 
20180705338 7 5 8 9 4 1 2 10 6 3 
20180705339 5 10 4 2 8 7 6 3 1 9 
20180705340 2 5 7 4 8 6 9 1 3 10 
20180705341 3 6 5 10 9 1 2 4 7 8 
20180705342 5 8 3 7 2 9 10 1 4 6 
20180705343 4 7 6 1 8 9 5 10 3 2 
20180705344 10 4 2 7 6 8 9 5 3 1 
20180705345 5 8 6 2 1 10 7 3 4 9 
20180705346 1 5 10 3 7 2 4 9 8 6 
20180705347 6 5 10 8 9 2 7 4 1 3 
20180705348 1 4 10 3 9 6 7 5 8 2 
20180705349 3 7 1 2 9 5 8 4 6 10 
20180705350 1 7 5 9 8 3 4 10 2 6 
20180705351 2 1 10 8 7 6 9 3 4 5 
20180705352 1 5 7 10 2 6 8 9 3 4 
20180705353 4 3 6 1 2 7 9 8 5 10 
20180705354 6 7 4 2 9 10 8 5 1 3 
20180705355 4 6 5 3 8 9 10 7 2 1 
20180705356 10 8 1 4 6 7 3 2 9 5 
20180705357 1 6 2 5 10 9 3 4 8 7 
20180705358 3 7 8 5 6 9 4 2 1 10 
20180705359 2 10 9 1 6 8 4 5 7 3 
20180705360 4 6 10 7 9 3 5 2 8 1 
20180705361 10 9 8 2 1 6 5 3 4 7 
20180705362 9 1 7 6 10 5 4 8 2 3 
20180705363 7 5 4 3 10 9 1 8 6 2 
20180705364 4 5 6 7 9 3 1 8 2 10 
20180705365 10 5 3 9 6 4 2 7 1 8 
20180705366 7 6 2 3 8 4 9 1 5 10 
20180705367 7 2 10 1 4 3 6 8 5 9 
20180705368 4 1 6 7 8 2 10 5 9 3 
20180705369 2 5 3 6 9 8 4 10 7 1 
20180705370 2 8 6 10 4 7 9 5 1 3 
20180705371 2 6 10 1 4 8 7 5 9 3 
20180705372 9 4 3 5 2 1 7 6 8 10 
20180705373 4 5 7 10 1 2 6 9 3 8 
20180705374 9 1 8 6 10 5 3 4 7 2 
20180705375 1 3 4 7 8 2 6 10 5 9 
20180705376 8 4 7 1 2 9 6 3 10 5 
20180705377 3 9 4 7 5 1 10 6 8 2 
20180705378 9 1 7 2 10 4 8 6 3 5 
20180705379 9 3 1 10 5 6 8 2 7 4 
20180705380 3 5 9 1 6 7 8 10 2 4 
20180705381 6 4 10 2 9 7 1 3 5 8 
20180705382 6 8 5 4 10 7 9 2 3 1 
20180705383 6 7 9 1 10 3 5 8 2 4 
20180705384 6 1 7 3 4 5 10 2 9 8 
20180705385 8 5 7 9 6 4 3 10 2 1 
20180705386 8 7 5 2 9 6 4 3 10 1 
20180705387 2 3 6 4 5 8 10 1 9 7 
20180705388 2 7 4 10 8 3 9 5 1 6 
20180705389 6 10 5 8 2 1 3 9 7 4 
20180705390 3 5 10 4 7 6 9 8 2 1 
20180705391 2 3 6 9 1 5 10 4 8 7 
20180705392 9 1 6 7 3 10 2 4 5 8 
20180705393 5 9 7 1 3 8 6 10 4 2 
20180705394 2 3 6 8 5 9 10 4 7 1 
20180705395 8 7 1 5 9 3 10 2 4 6 
20180705396 8 7 3 4 9 5 6 2 10 1 
20180705397 6 5 2 9 10 8 1 7 3 4 
20180705398 6 3 4 9 2 5 1 8 10 7 
20180705399 5 9 1 2 3 8 4 7 6 10 
20180705400 6 2 3 9 8 7 4 1 10 5 
20180705401 6 2 8 5 1 3 9 4 7 10 
20180705402 1 2 4 7 9 6 5 3 8 10 
20180705403 3 8 4 9 1 5 7 10 2 6 
20180705404 4 7 8 5 1 3 9 10 2 6 
20180705405 9 3 7 8 2 10 4 5 6 1 
20180705406 4 2 3 10 6 1 9 8 7 5 
20180705407 10 5 7 4 2 8 9 6 1 3 
20180705408 2 6 10 9 8 5 3 4 7 1 
20180705409 5 6 10 4 1 3 7 9 2 8 
20180705410 7 4 5 8 2 1 10 9 6 3 
20180705411 5 8 6 3 4 1 7 10 9 2 
20180705412 8 3 4 10 6 7 1 5 2 9 
20180705413 3 1 2 9 5 7 8 10 4 6 
20180705414 2 9 3 7 6 8 5 4 10 1 
20180705415 3 4 10 8 2 9 7 5 6 1 
20180705416 5 9 1 2 10 3 4 6 7 8 
20180705417 1 7 5 10 9 8 2 4 3 6 
20180705418 9 7 1 8 4 5 6 2 3 10 
20180705419 6 2 1 4 9 5 3 7 8 10 
20180705420 5 1 2 4 6 8 7 9 3 10 
20180705421 6 10 5 3 1 8 9 7 2 4 
20180705422 2 7 5 4 9 8 3 6 10 1 
20180705423 8 9 3 10 6 7 5 2 4 1 
20180705424 1 5 3 2 9 10 6 8 4 7 
20180705425 8 9 6 5 7 1 2 10 4 3 
20180705426 7 5 6 2 3 1 10 4 9 8 
20180705427 5 8 10 9 2 6 3 4 7 1 
20180705428 7 6 10 9 3 8 5 4 2 1 
20180705429 3 2 8 9 6 7 4 1 5 10 
20180705430 5 8 4 7 1 10 2 3 6 9 
20180705431 7 3 9 2 4 8 10 1 6 5 
20180705432 9 3 2 4 5 1 8 10 6 7 
20180705433 4 6 2 8 3 9 10 5 7 1 
20180705434 5 2 10 3 7 4 1 6 9 8 
20180705435 1 6 10 2 5 8 7 3 9 4 
20180705436 9 3 2 10 6 1 8 4 7 5 
20180705437 2 9 8 1 7 4 10 5 6 3 
20180705438 10 8 3 9 5 2 7 6 4 1 
20180705439 9 7 8 3 6 1 5 2 4 10 
20180705440 6 7 9 2 4 10 3 1 5 8 
20180705441 1 3 10 7 9 4 2 8 6 5 
20180705442 3 8 6 1 7 10 5 4 9 2 
20180705443 8 1 3 2 10 5 9 6 7 4 
20180705444 4 1 6 9 8 3 5 10 7 2 
20180705445 9 10 7 3 8 5 2 6 4 1 
20180705446 7 6 1 8 3 9 2 4 5 10 
20180705447 7 3 8 1 5 9 4 2 6 10 
20180705448 2 5 4 9 10 6 7 3 1 8 
20180705449 3 5 10 6 2 1 4 8 7 9 
20180705450 5 10 6 2 1 4 3 8 7 9 
20180705451 7 6 1 2 9 10 8 5 4 3 
20180705452 5 3 2 7 9 10 8 1 6 4 
20180705453 7 4 1 9 5 10 2 3 6 8 
20180705454 8 3 1 7 10 2 5 6 4 9 
20180705455 8 1 10 2 6 7 5 3 9 4 
20180705456 6 10 9 2 4 3 7 1 5 8 
20180705457 5 3 4 10 8 9 7 2 6 1 
20180705458 1 9 2 8 6 10 3 5 4 7 
20180705459 4 5 8 6 1 3 10 9 2 7 
20180705460 10 6 4 5 8 9 7 2 1 3 
20180705461 7 4 1 9 10 6 8 3 2 5 
20180705462 5 9 10 1 6 2 8 7 4 3 
20180705463 10 1 2 6 5 9 4 8 3 7 
20180705464 1 5 10 3 9 4 2 8 7 6 
20180705465 9 10 5 1 2 6 8 3 7 4 
20180705466 3 7 8 4 1 9 2 6 5 10 
20180705467 10 6 5 9 3 2 1 8 4 7 
20180705468 8 6 2 1 4 3 5 7 10 9 
20180705469 10 6 8 7 2 5 4 1 3 9 
20180705470 6 1 8 7 4 10 5 9 2 3 
20180705471 7 1 4 8 2 5 9 10 6 3 
20180705472 6 2 10 4 3 5 8 7 1 9 
20180705473 10 8 7 6 3 9 5 2 1 4 
20180705474 8 9 2 1 10 5 3 4 6 7 
20180705475 3 5 7 8 10 4 2 6 1 9 
20180705476 8 7 2 1 6 9 5 4 10 3 
20180705477 5 4 6 7 3 8 2 9 10 1 
20180705478 8 4 3 7 1 6 5 2 10 9 
20180705479 2 10 4 6 8 3 1 9 7 5 
20180705480 7 6 5 1 8 4 10 3 2 9 
20180705481 5 4 1 9 8 7 3 6 2 10 
20180705482 3 7 4 5 1 2 10 8 9 6 
20180705483 6 4 9 7 5 1 2 3 10 8 
20180705484 4 7 2 5 3 9 1 6 10 8 
20180705485 5 9 3 4 2 7 8 10 1 6 
20180705486 4 9 3 10 1 2 8 5 6 7 
20180705487 3 1 7 10 2 6 4 5 9 8 
20180705488 4 3 1 7 9 8 10 2 5 6 
20180705489 5 10 8 3 1 4 9 7 2 6 
20180705490 1 5 3 8 7 6 4 2 9 10 
20180705491 8 5 6 10 9 7 4 2 1 3 
20180705492 9 7 5 3 6 4 8 1 2 10 
20180705493 4 2 10 5 1 8 9 3 7 6 
20180705494 7 9 6 5 4 10 8 2 3 1 
20180705495 3 1 9 4 5 7 10 2 8 6 
20180705496 2 10 3 7 4 5 6 8 1 9 
20180705497 5 1 8 7 4 2 10 9 6 3 
20180705498 6 7 4 5 3 2 9 1 8 10 
20180705499 7 3 1 5 10 4 8 9 2 6 
20180705500 1 5 7 4 6 10 3 2 8 9 
20180705501 8 4 7 9 6 5 3 1 10 2 
20180705502 7 10 3 1 6 4 8 9 5 2 
20180705503 1 6 5 3 8 7 4 10 2 9 
20180705504 5 8 1 7 10 6 2 4 9 3 
20180705505 3 9 2 8 7 6 4 1 5 10 
20180705506 3 10 1 6 8 2 9 4 7 5 
20180705507 6 2 1 3 9 8 10 5 7 4 
20180705508 6 8 1 5 10 4 3 7 9 2 
20180705509 1 2 9 3 4 7 6 8 10 5 
20180705510 5 6 2 7 9 8 3 1 10 4 
20180705511 5 8 3 9 10 1 4 7 6 2 
20180705512 7 10 6 8 4 1 9 2 3 5 
20180705513 5 1 10 2 3 6 8 4 9 7 
20180705514 4 5 3 1 9 10 7 8 2 6 
20180705515 3 1 10 4 5 2 9 7 6 8 
20180705516 5 4 1 8 3 7 9 6 2 10 
20180705517 9 4 8 10 7 5 1 6 3 2 
20180705518 9 7 8 6 10 2 4 5 3 1 
20180705519 5 6 1 4 2 3 9 8 10 7 
20180705520 6 4 2 9 5 8 7 3 1 10 
20180705521 9 6 7 10 1 5 8 2 3 4 
20180705522 4 2 9 5 8 3 6 7 10 1 
20180705523 2 10 4 1 9 5 6 8 3 7 
20180705524 5 4 8 7 1 6 9 2 3 10 
20180705525 7 9 6 10 1 4 3 2 5 8 
20180705526 5 9 7 3 10 4 1 8 2 6 
20180705527 10 8 6 9 5 4 7 3 2 1 
20180705528 4 7 8 6 3 5 1 9 2 10 
20180705529 2 8 10 4 6 5 3 9 1 7 
20180705530 8 2 10 6 3 7 9 5 1 4 
20180705531 4 5 8 3 1 10 2 7 9 6 
20180705532 3 8 6 2 1 5 9 7 4 10 
20180705533 4 2 1 8 7 6 3 5 10 9 
20180705534 3 6 2 5 1 7 9 8 4 10 
20180705535 5 4 2 8 7 6 9 3 10 1 
20180705536 6 7 9 1 8 3 2 5 4 10 
20180705537 3 2 8 1 4 9 5 10 6 7 
20180705538 6 2 1 8 7 3 4 9 5 10 
20180705539 4 5 10 3 1 9 2 6 8 7 
20180705540 9 3 8 5 7 1 4 6 10 2 
20180705541 4 1 8 3 2 6 9 7 10 5 
20180705542 8 5 4 9 2 6 3 7 1 10 
20180705543 5 10 6 1 7 9 8 3 2 4 
20180705544 4 7 2 6 1 3 5 8 9 10 
20180705545 6 4 7 2 9 5 3 10 8 1 
20180705546 3 8 6 2 4 1 9 7 10 5 
20180705547 2 6 7 5 1 10 8 9 4 3 
20180705548 7 3 9 1 6 5 8 2 10 4 
20180705549 7 1 5 9 4 3 8 10 6 2 
20180705550 8 4 3 1 2 7 6 5 10 9 
20180705551 1 3 8 6 10 9 2 5 7 4 
20180705552 8 7 5 3 6 10 1 4 2 9 
20180705553 7 5 10 8 4 1 3 6 2 9 
20180705554 5 2 6 9 3 4 1 7 10 8 
20180705555 5 9 7 4 1 2 3 8 6 10 
20180705556 5 3 6 2 1 8 9 10 7 4 
20180705557 6 5 1 9 4 2 8 3 7 10 
20180705558 7 8 2 10 5 4 9 3 6 1 
20180705559 4 1 5 6 3 10 7 9 2 8 
20180705560 7 6 9 3 1 2 4 5 8 10 
20180705561 6 10 9 7 3 4 5 8 1 2 
20180705562 5 3 10 6 4 2 1 8 7 9 
20180705563 7 9 4 8 6 5 2 10 3 1 
20180705564 10 9 2 3 4 5 1 6 7 8 
20180705565 9 5 4 8 7 6 3 2 1 10 
20180705566 7 1 6 5 9 3 10 4 8 2 
20180705567 7 2 3 6 5 9 8 4 10 1 
20180705568 9 5 7 4 2 8 1 6 10 3 
20180705569 4 9 2 5 1 3 7 8 10 6 
20180705570 9 4 7 10 6 3 5 8 2 1 
20180705571 9 7 1 2 10 5 8 3 4 6 
20180705572 7 5 4 10 3 2 8 1 9 6 
20180705573 4 10 7 2 1 9 5 3 6 8 
20180705574 3 5 8 1 6 4 2 9 7 10 
20180705575 6 3 2 9 7 10 8 1 4 5 
20180705576 6 4 1 10 9 8 7 2 3 5 
20180705577 10 5 4 1 2 6 9 3 7 8 
20180705578 7 8 9 5 4 1 3 6 2 10 
20180705579 3 7 10 8 1 5 6 9 2 4 
20180705580 5 1 8 6 4 2 7 10 3 9 
20180705581 8 6 1 5 7 3 4 9 10 2 
20180705582 3 8 1 9 5 2 7 6 10 4 
20180705583 1 8 6 3 7 2 4 10 9 5 
20180705584 10 8 3 5 9 7 4 2 6 1 
20180705585 1 8 4 6 5 3 9 2 10 7 
20180705586 9 8 6 4 2 5 10 3 1 7 
20180705587 5 2 8 9 10 4 7 1 3 6 
20180705588 9 7 5 4 3 10 2 8 6 1 
20180705589 8 10 9 1 5 6 3 7 4 2 
20180705590 4 8 1 3 9 2 7 6 5 10 
20180705591 4 8 7 3 10 2 5 6 1 9 
20180705592 6 9 2 5 1 7 3 4 8 10 
20180705593 8 2 9 10 4 5 6 7 3 1 
20180705594 5 2 10 7 4 8 1 6 9 3 
20180705595 5 1 4 7 3 2 9 10 8 6 
20180705596 1 10 8 4 2 3 5 7 6 9 
20180705597 8 10 6 1 4 2 9 3 5 7 
20180705598 1 8 9 7 4 2 6 5 10 3 
20180705599 8 10 4 9 3 6 7 1 2 5 
20180705600 7 6 1 2 5 10 3 8 9 4 
20180705601 1 10 8 5 2 7 3 6 9 4 
20180705602 9 8 5 1 3 7 4 6 10 2 
20180705603 9 1 7 3 8 10 5 2 4 6 
20180705604 9 3 7 4 6 10 1 5 2 8 
20180705605 3 8 7 10 5 9 2 1 6 4 
20180705606 5 6 9 7 3 4 10 1 2 8 
20180705607 7 2 5 9 8 1 3 6 4 10 
20180705608 2 1 5 8 10 9 3 7 6 4 
20180705609 1 8 6 4 5 7 2 10 3 9 
20180705610 2 1 7 6 3 9 5 4 8 10 
20180705611 5 6 9 4 10 2 8 1 3 7 
20180705612 8 4 5 7 9 10 3 6 1 2 
20180705613 2 1 6 3 9 8 7 5 10 4 
20180705614 3 9 10 4 5 1 6 8 7 2 
20180705615 6 9 2 5 8 1 7 4 3 10 
20180705616 2 10 5 6 3 8 4 7 9 1 
20180705617 6 1 8 3 7 9 5 10 4 2 
20180705618 2 1 9 6 10 5 7 8 4 3 
20180705619 4 9 8 5 7 1 2 3 10 6 
20180705620 5 9 8 3 2 10 1 4 7 6 
20180705621 10 5 2 1 3 9 7 6 8 4 
20180705622 9 5 7 3 4 6 2 8 10 1 
20180705623 6 5 8 4 3 10 9 2 7 1 
20180705624 2 8 10 3 4 9 6 5 7 1 
20180705625 10 6 5 7 3 2 9 8 1 4 
20180705626 3 2 7 4 10 1 8 9 6 5 
20180705627 6 5 7 3 10 2 9 1 8 4 
20180705628 2 9 1 7 5 6 3 4 8 10 
20180705629 7 3 4 6 10 8 1 9 5 2 
20180705630 7 2 5 6 9 10 8 3 1 4 
20180705631 5 3 6 2 7 10 1 8 9 4 
20180705632 6 3 5 9 7 8 10 2 1 4 
20180705633 7 10 5 2 3 6 1 9 8 4 
20180705634 9 6 5 4 2 8 1 7 10 3 
20180705635 3 5 4 1 9 2 10 6 8 7 
20180705636 4 3 8 2 1 6 5 9 10 7 
20180705637 1 3 4 7 10 2 9 6 8 5 
20180705638 1 7 4 5 10 8 9 6 2 3 
20180705639 8 3 7 6 4 5 9 10 1 2 
20180705640 3 10 6 1 9 4 5 8 2 7 
20180705641 8 3 5 1 2 10 7 6 4 9 
20180705642 10 2 7 4 1 5 9 6 8 3 
20180705643 7 1 5 3 2 9 4 6 8 10 
20180705644 9 2 7 8 10 4 1 5 6 3 
20180705645 5 2 10 3 7 6 8 1 4 9 
20180705646 2 5 3 9 4 10 8 6 7 1 
20180705647 10 2 5 8 4 6 3 9 7 1 
20180705648 2 5 8 1 7 4 3 9 10 6 
20180705649 7 4 9 2 3 6 10 8 1 5 
20180705650 8 4 3 7 10 5 2 1 6 9 
20180705651 5 9 7 4 2 1 3 8 10 6 
20180705652 3 1 5 6 7 2 8 4 10 9 
20180705653 6 3 1 7 9 4 10 8 5 2 
20180705654 9 4 1 2 7 5 8 3 10 6 
20180705655 6 2 7 5 4 8 3 1 10 9 
20180705656 4 10 2 7 1 3 8 6 5 9 
20180705657 2 1 7 3 9 5 6 10 4 8 
20180705658 4 1 7 5 3 6 9 2 10 8 
20180705659 8 5 1 2 4 7 6 3 10 9 
20180705660 2 1 10 8 7 5 9 6 4 3 
20180705661 4 9 10 6 2 5 7 8 1 3 
20180705662 2 7 3 8 1 4 6 5 10 9 
20180705663 9 10 6 7 5 3 2 8 4 1 
20180705664 7 1 10 8 3 9 2 6 5 4 
20180705665 10 1 2 7 5 9 4 6 8 3 
20180705666 4 2 7 1 8 3 5 9 10 6 
20180705667 1 4 10 5 8 6 7 9 3 2 
20180705668 10 2 1 5 9 7 4 3 6 8 
20180705669 10 4 3 2 6 8 1 9 7 5 
20180705670 4 8 1 3 5 6 2 9 10 7 
20180705671 2 7 5 6 1 10 3 4 9 8 
20180705672 1 2 8 7 10 6 9 3 4 5 
20180705673 3 2 9 5 6 1 7 4 8 10 
20180705674 5 8 2 6 10 4 3 7 1 9 
20180705675 7 4 6 2 8 3 5 9 1 10 
20180705676 8 4 1 9 3 10 5 6 7 2 
20180705677 3 9 4 8 1 10 6 5 7 2 
20180705678 3 6 4 10 5 2 1 9 7 8 
20180705679 6 4 10 5 2 3 9 8 7 1 
20180705680 4 6 8 5 3 1 2 7 9 10 
20180705681 10 5 3 9 1 7 8 2 4 6 
20180705682 10 5 1 8 7 9 6 2 4 3 
20180705683 9 3 1 7 8 2 4 5 10 6 
20180705684 5 6 9 1 3 4 10 2 8 7 
20180705685 7 4 1 6 8 9 2 3 5 10 
20180705686 2 5 4 10 8 9 7 1 6 3 
20180705687 9 1 7 8 10 3 4 5 6 2 
20180705688 5 8 7 6 3 10 1 9 4 2 
20180705689 5 6 8 10 4 3 2 9 7 1 
20180705690 10 4 9 5 7 1 8 3 6 2 
20180705691 1 5 4 3 8 2 9 10 6 7 
20180705692 8 7 4 1 3 10 5 2 9 6 
20180705693 3 9 1 4 6 8 2 10 7 5 
20180705694 4 1 8 5 7 3 2 10 6 9 
20180705695 5 2 4 8 10 6 9 3 1 7 
20180705696 10 5 3 2 8 9 7 6 4 1 
20180705697 5 8 3 2 10 6 9 4 1 7 
20180705698 3 5 10 1 7 9 2 8 6 4 
20180705699 4 5 9 10 6 2 1 8 3 7 
20180705700 5 1 3 8 10 4 2 6 9 7 
20180705701 1 2 4 8 10 5 7 9 6 3 
20180705702 9 4 1 7 6 2 8 5 10 3 
20180705703 9 10 4 2 3 7 6 1 5 8 
20180705704 4 2 1 8 10 6 7 9 5 3 
20180705705 4 6 3 7 8 9 5 2 10 1 
20180705706 4 9 6 8 2 1 5 10 3 7 
20180705707 6 8 2 3 4 10 9 5 1 7 
20180705708 4 2 6 1 7 5 10 8 9 3 
20180705709 9 2 5 8 10 7 3 4 6 1 
20180705710 10 1 8 2 7 3 5 4 6 9 
20180705711 8 5 10 2 1 6 4 3 9 7 
20180705712 6 7 2 10 4 3 9 1 8 5 
20180705713 1 3 10 7 5 9 8 4 2 6 
20180705714 3 9 5 4 8 6 1 10 7 2 
20180705715 5 7 9 3 6 4 2 1 10 8 
20180705716 7 4 10 1 2 3 8 9 5 6 
20180705717 7 3 6 10 5 9 8 2 1 4 
20180705718 5 10 6 2 7 1 8 9 4 3 
20180705719 7 2 5 3 4 9 8 10 6 1 
20180705720 3 5 10 8 7 4 1 2 9 6 
20180705721 9 5 8 3 4 7 10 2 6 1 
20180705722 3 1 6 2 9 10 7 8 4 5 
20180705723 9 2 8 3 10 1 5 7 6 4 
20180705724 1 9 4 10 2 3 7 6 5 8 
20180705725 1 6 4 8 3 7 10 5 2 9 
20180705726 2 7 10 8 3 4 1 6 5 9 
20180705727 5 8 3 1 10 7 2 9 4 6 
20180705728 5 6 4 2 7 3 1 8 10 9 
20180705729 9 10 3 5 1 7 2 8 4 6 
20180705730 2 4 8 3 1 7 9 10 5 6 
20180705731 1 9 3 2 5 7 6 8 10 4 
20180705732 2 5 9 1 10 6 7 4 3 8 
20180705733 9 8 2 6 5 1 7 4 3 10 
20180705734 2 3 6 8 7 4 9 5 1 10 
20180705735 3 2 10 6 7 4 1 5 8 9 
20180705736 2 8 6 5 1 3 4 7 9 10 
20180705737 5 9 1 3 4 2 10 7 6 8 
20180705738 10 2 6 4 3 1 8 7 5 9 
20180705739 6 10 9 3 7 8 1 4 2 5 
20180705740 4 3 2 1 5 9 8 10 7 6 
20180705741 9 3 5 4 2 7 6 1 8 10 
20180705742 3 5 2 1 7 9 4 6 10 8 
20180705743 5 4 2 9 10 7 6 1 8 3 
20180705744 9 3 5 6 7 8 2 4 1 10 
20180705745 6 9 1 7 10 2 3 8 5 4 
20180705746 9 7 5 8 2 10 3 6 4 1 
20180705747 8 10 3 2 6 4 7 9 1 5 
20180705748 4 10 9 6 8 5 1 7 2 3 
20180705749 8 7 6 5 3 4 2 10 9 1 
20180705750 3 9 5 7 1 8 10 4 2 6 
20180705751 10 8 6 5 9 4 1 3 2 7 
20180705752 6 2 8 10 4 9 5 1 3 7 
20180705753 2 10 7 6 3 4 8 9 5 1 
20180705754 9 1 2 7 5 3 4 8 6 10 
20180705755 10 9 2 8 3 7 1 5 6 4 
20180705756 5 2 6 7 10 8 4 1 9 3 
20180705757 10 7 8 1 4 3 9 5 2 6 
20180705758 4 6 7 1 3 9 5 2 10 8 
20180705759 1 2 4 7 3 6 9 10 5 8 
20180705760 6 7 2 5 3 4 1 8 9 10 
20180705761 1 4 5 2 10 8 3 9 6 7 
20180705762 10 8 4 3 2 7 6 1 9 5 
20180705763 7 6 10 4 9 8 5 3 1 2 
20180705764 3 8 5 9 2 7 6 10 4 1 
20180705765 7 4 9 3 1 8 6 5 10 2 
20180705766 7 5 2 4 6 10 8 9 1 3 
20180705767 1 7 3 5 10 6 2 9 8 4 
20180705768 5 8 1 9 7 10 6 2 4 3 
20180705769 7 2 6 3 5 4 8 1 9 10 
20180705770 3 8 9 4 7 2 1 6 5 10 
20180705771 5 10 2 6 1 3 4 7 9 8 
20180705772 3 8 10 9 7 5 4 1 2 6 
20180705773 2 6 8 7 9 10 5 4 1 3 
20180705774 1 2 8 10 5 3 6 4 9 7 
20180705775 5 10 6 1 8 3 4 2 7 9 
20180705776 2 5 10 4 6 3 8 7 1 9 
20180705777 3 5 8 2 1 4 7 10 6 9 
20180705778 4 8 7 10 9 5 2 1 3 6 
20180705779 6 7 5 1 9 10 8 4 2 3 
20180705780 1 2 3 4 10 6 9 5 8 7 
20180705781 1 9 6 8 5 10 7 3 4 2 
20180705782 3 2 5 9 6 1 7 8 4 10 
20180705783 1 4 3 6 7 2 9 8 10 5 
20180705784 10 5 4 8 7 3 9 2 6 1 
20180705785 4 10 6 2 8 5 7 3 9 1 
20180705786 9 1 4 5 3 6 2 7 8 10 
20180705787 2 9 10 8 4 3 6 1 7 5 
20180705788 8 6 10 5 2 7 9 1 3 4 
20180705789 9 4 6 7 3 1 5 8 10 2 
20180705790 6 1 2 10 4 5 3 9 7 8 
20180705791 8 2 3 10 4 5 9 1 6 7 
20180705792 5 8 3 9 10 6 4 7 1 2 
20180705793 4 8 10 6 1 5 3 7 2 9 
20180705794 4 9 8 6 3 5 2 7 1 10 
20180705795 1 6 2 4 7 9 3 5 8 10 
20180705796 2 3 4 1 7 6 8 10 9 5 
20180705797 6 8 10 9 2 3 7 4 1 5 
20180705798 2 5 6 8 1 4 7 9 3 10 
20180705799 10 8 7 2 1 3 6 9 5 4 
20180705800 4 10 5 1 8 7 6 3 9 2 
20180705801 8 1 2 3 10 5 9 7 6 4 
20180705802 1 7 10 4 3 8 9 6 5 2 
20180705803 5 4 7 6 3 1 8 10 9 2 
20180705804 6 2 1 5 8 10 9 7 4 3 
20180705805 6 9 1 8 5 2 10 4 7 3 
20180705806 2 7 9 8 4 5 3 6 1 10 
20180705807 8 4 10 3 2 6 5 9 7 1 
20180705808 10 5 1 8 2 4 3 7 9 6 
20180705809 1 4 2 9 10 3 5 6 7 8 
20180705810 5 2 7 10 4 1 6 3 8 9 
20180705811 6 5 8 7 9 1 3 10 4 2 
20180705812 9 7 8 3 1 2 4 6 5 10 
20180705813 5 10 1 8 2 7 4 3 6 9 
20180705814 2 7 1 3 8 4 9 5 10 6 
20180705815 6 5 3 7 2 4 1 8 10 9 
20180705816 7 3 9 4 8 1 2 5 6 10 
20180705817 6 10 1 8 7 9 5 3 4 2 
20180705818 5 2 3 6 7 10 8 4 1 9 
20180705819 3 1 7 2 4 9 6 10 5 8 
20180705820 5 7 2 1 8 9 3 4 10 6 
20180705821 3 10 1 4 7 9 5 2 8 6 
20180705822 2 3 4 5 1 6 10 7 8 9 
20180705823 3 1 7 10 6 2 8 9 4 5 
20180705824 6 3 7 4 10 5 9 2 8 1 
20180705825 2 5 10 1 7 4 9 3 8 6 
20180705826 8 5 9 10 4 6 1 7 2 3 
20180705827 2 9 10 8 1 3 6 4 7 5 
20180705828 2 6 3 10 1 4 5 7 9 8 
20180705829 2 3 4 10 1 5 8 9 7 6 
20180705830 4 5 3 6 9 8 2 7 1 10 
20180705831 2 8 7 10 3 4 9 1 6 5 
20180705832 7 8 9 4 6 3 10 2 5 1 
20180705833 8 1 6 4 2 5 10 3 7 9 
20180705834 2 7 8 10 9 5 4 1 6 3 
20180705835 1 7 8 6 2 3 9 4 5 10 
20180705836 9 5 7 2 8 4 3 6 1 10 
20180705837 8 1 7 9 3 10 5 4 6 2 
20180705838 1 5 8 7 3 4 10 2 9 6 
20180705839 3 4 10 8 1 7 5 9 2 6 
20180705840 6 1 7 8 2 9 5 3 10 4 
20180705841 4 10 6 3 9 1 7 8 5 2 
20180705842 5 9 7 10 2 1 6 8 3 4 
20180705843 3 10 1 9 8 6 5 7 2 4 
20180705844 9 1 4 2 6 10 8 3 7 5 
20180705845 7 1 4 9 5 6 8 2 10 3 
20180705846 7 1 2 8 9 10 5 3 6 4 
20180705847 4 6 3 5 7 10 8 9 2 1 
20180705848 9 6 5 10 2 8 1 4 3 7 
20180705849 10 4 1 9 5 6 2 7 8 3 
20180705850 1 7 6 4 8 5 3 10 9 2 
20180705851 4 3 6 9 1 8 10 5 7 2 
20180705852 8 1 9 3 5 6 2 7 10 4 
20180705853 8 2 3 6 10 5 4 7 9 1 
20180705854 2 8 1 10 4 6 3 9 7 5 
20180705855 2 8 3 10 5 7 4 9 1 6 
20180705856 5 3 9 6 4 2 10 7 8 1 
20180705857 10 1 7 3 2 9 8 5 4 6 
20180705858 9 3 1 2 5 4 7 6 8 10 
20180705859 8 3 1 9 10 4 7 5 6 2 
20180705860 1 10 5 7 3 6 9 4 2 8 
20180705861 2 4 5 1 7 10 6 8 3 9 
20180705862 2 5 4 3 1 10 6 8 9 7 
20180705863 9 8 4 1 5 7 3 6 10 2 
20180705864 5 8 3 7 1 10 9 4 2 6 
20180705865 4 7 9 3 1 2 10 8 6 5 
20180705866 7 5 6 2 1 3 8 10 9 4 
20180705867 9 2 10 6 1 7 4 3 8 5 
20180705868 2 3 5 10 1 9 4 7 8 6 
20180705869 5 2 7 3 9 8 1 6 4 10 
20180705870 8 10 1 4 3 6 9 2 5 7 
20180705871 2 4 7 8 10 6 9 3 1 5 
20180705872 9 3 1 2 8 4 7 5 10 6 
20180705873 2 4 6 3 8 1 7 10 9 5 
20180705874 1 6 7 2 5 10 3 9 8 4 
20180705875 10 4 2 3 1 5 6 7 8 9 
20180705876 4 9 1 6 7 8 2 10 3 5 
20180705877 8 3 7 1 4 9 5 6 2 10 
20180705878 5 4 3 6 9 2 7 8 1 10 
20180705879 3 4 5 9 8 1 10 6 7 2 
20180705880 6 8 3 1 10 9 5 7 2 4 
20180705881 1 9 7 6 8 10 3 4 5 2 
20180705882 4 9 7 5 6 10 8 3 1 2 
20180705883 6 2 9 4 10 1 5 8 7 3 
20180705884 4 2 8 1 9 10 7 6 3 5 
20180705885 10 3 7 4 9 1 6 2 5 8 
20180705886 1 3 10 9 5 7 4 8 6 2 
20180705887 6 3 2 1 10 7 9 5 4 8 
20180705888 2 7 10 9 4 5 6 8 3 1 
20180705889 1 7 4 3 5 8 10 6 9 2 
20180705890 9 8 1 3 10 4 2 7 6 5 
20180705891 8 10 4 5 2 7 6 9 3 1 
20180705892 9 2 8 3 5 4 1 7 10 6 
20180705893 10 4 6 1 9 3 5 2 7 8 
20180705894 1 9 10 3 8 4 6 7 5 2 
20180705895 6 3 2 10 1 5 4 8 9 7 
20180705896 1 9 6 5 7 3 10 4 2 8 
20180705897 2 8 6 10 5 1 9 3 4 7 
20180705898 6 7 4 10 8 5 9 3 1 2 
20180705899 3 9 1 10 6 5 7 8 4 2 
20180705900 7 3 5 1 4 8 2 6 9 10 
20180705901 6 3 2 7 9 4 1 8 10 5 
20180705902 3 10 9 1 6 5 7 8 2 4 
20180705903 9 1 7 5 6 10 4 8 2 3 
20180705904 7 4 5 9 2 1 3 6 10 8 
20180705905 9 6 3 8 1 10 5 4 7 2 
20180705906 1 4 6 9 5 2 10 8 3 7 
20180705907 6 9 1 7 3 5 8 10 4 2 
20180705908 7 8 4 6 10 1 9 3 2 5 
20180705909 5 7 10 6 9 2 3 8 1 4 
20180705910 10 6 7 9 3 5 8 2 4 1 
20180705911 5 1 4 7 3 2 8 9 6 10 
20180705912 1 6 5 3 9 4 7 2 8 10 
20180705913 8 1 2 3 5 9 10 7 6 4 
20180705914 2 1 6 3 7 4 9 8 5 10 
20180705915 9 3 4 1 7 10 6 5 2 8 
20180705916 7 9 1 5 3 4 8 6 10 2 
20180705917 6 9 3 8 10 5 1 2 7 4 
20180705918 1 6 4 7 5 8 3 2 10 9 
20180705919 8 2 7 1 10 9 5 6 4 3 
20180705920 5 4 6 8 10 1 3 9 2 7 
20180705921 9 3 4 1 8 6 10 5 7 2 
20180705922 9 8 2 10 3 1 5 4 7 6 
20180705923 9 4 5 6 3 1 8 7 2 10 
20180705924 4 10 9 3 2 8 5 7 6 1 
20180705925 9 1 2 5 10 7 6 3 4 8 
20180705926 9 7 1 4 3 6 2 8 10 5 
20180705927 7 8 3 2 5 9 10 4 1 6 
20180705928 1 4 5 8 6 2 3 9 7 10 
20180705929 6 2 4 5 10 3 9 1 8 7 
20180705930 7 4 10 8 6 2 1 3 9 5 
20180705931 9 6 4 10 2 3 7 8 5 1 
20180705932 7 4 8 10 9 6 2 1 3 5 
20180705933 9 8 2 4 3 5 6 10 1 7 
20180705934 5 2 3 7 8 1 9 10 4 6 
20180705935 7 3 6 4 1 9 5 2 8 10 
20180705936 8 4 1 2 7 9 5 3 10 6 
20180705937 1 10 2 4 3 5 6 7 8 9 
20180705938 5 10 7 6 3 2 1 4 8 9 
20180705939 9 8 1 7 5 3 2 10 4 6 
20180705940 3 4 6 2 7 5 1 9 8 10 
20180705941 1 5 9 7 8 2 3 6 10 4 
20180705942 5 8 4 9 3 2 1 10 7 6 
20180705943 4 9 10 6 2 8 1 3 5 7 
20180705944 3 8 7 10 1 9 6 4 5 2 
20180705945 9 3 6 4 1 5 2 7 10 8 
20180705946 10 9 5 8 3 2 6 7 1 4 
20180705947 4 9 2 6 3 8 1 7 5 10 
20180705948 6 10 5 1 4 3 7 8 2 9 
20180705949 3 4 6 5 2 8 7 9 10 1 
20180705950 2 9 5 6 1 3 4 10 8 7 
20180705951 7 5 10 6 3 2 1 9 4 8 
20180705952 4 1 9 5 6 7 10 3 2 8 
20180705953 8 4 7 10 9 5 2 3 6 1 
20180705954 7 3 10 6 8 5 2 9 4 1 
20180705955 10 8 5 2 7 9 3 4 6 1 
20180705956 1 2 7 6 4 3 8 9 5 10 
20180705957 7 5 9 8 3 6 1 2 10 4 
20180705958 10 8 7 4 2 5 6 3 9 1 
20180705959 4 10 5 9 7 1 6 8 2 3 
20180705960 10 9 8 1 2 4 7 5 6 3 
20180705961 6 1 10 5 8 7 9 2 4 3 
20180705962 3 4 1 10 9 5 2 7 6 8 
20180705963 9 3 4 6 10 1 5 8 2 7 
20180705964 1 6 4 3 9 7 5 2 8 10 
20180705965 8 3 1 5 4 10 9 6 2 7 
20180705966 8 7 10 5 4 6 2 1 9 3 
20180705967 6 5 2 10 8 4 1 9 7 3 
20180705968 1 5 8 6 9 7 10 2 3 4 
20180705969 9 6 10 3 7 1 5 4 2 8 
20180705970 2 4 7 9 3 5 10 1 6 8 
20180705971 10 1 9 6 7 4 3 2 8 5 
20180705972 4 9 3 2 7 8 10 5 1 6 
20180705973 3 5 4 7 9 1 6 8 2 10 
20180705974 9 4 8 7 5 6 1 10 2 3 
20180705975 3 9 8 6 10 7 2 1 4 5 
20180705976 3 10 6 5 1 7 8 2 9 4 
20180705977 2 3 7 6 9 1 5 8 10 4 
20180705978 5 1 10 8 2 4 3 9 6 7 
20180705979 8 10 1 3 2 7 4 5 6 9 
20180705980 6 7 3 5 4 10 2 9 8 1 
20180705981 1 3 10 6 2 4 7 9 5 8 
20180705982 1 8 3 4 6 10 5 2 9 7 
20180705983 6 7 9 5 8 2 1 3 10 4 
20180705984 2 5 7 10 3 4 1 6 8 9 
20180705985 1 6 10 2 7 4 5 9 8 3 
