20180720001 4 10 6 3 7 8 9 2 5 1 
20180720002 5 1 3 8 6 9 10 7 2 4 
20180720003 9 6 7 1 2 5 10 8 4 3 
20180720004 3 10 2 4 6 8 7 1 9 5 
20180720005 8 1 3 9 2 7 10 6 5 4 
20180720006 10 6 2 9 3 8 4 1 5 7 
20180720007 2 8 6 7 9 4 5 3 10 1 
20180720008 6 9 8 2 1 3 4 10 5 7 
20180720009 10 8 3 4 6 1 2 9 5 7 
20180720010 10 9 5 3 7 1 8 2 4 6 
20180720011 4 10 9 3 1 6 8 7 5 2 
20180720012 1 8 9 5 7 4 6 10 2 3 
20180720013 8 3 9 1 10 4 5 6 7 2 
20180720014 9 8 5 7 2 1 10 4 3 6 
20180720015 2 1 6 8 7 5 4 9 10 3 
20180720016 5 1 3 10 2 4 7 6 9 8 
20180720017 9 7 1 2 8 10 3 4 5 6 
20180720018 9 8 7 1 2 10 4 6 5 3 
20180720019 6 5 1 10 8 7 9 3 2 4 
20180720020 5 9 7 1 4 2 8 10 3 6 
20180720021 9 6 7 8 1 2 10 4 3 5 
20180720022 7 8 2 4 6 9 1 3 10 5 
20180720023 1 2 8 10 4 3 5 6 9 7 
20180720024 4 2 1 5 7 6 9 3 10 8 
20180720025 10 2 6 9 5 8 1 4 7 3 
20180720026 3 6 4 9 10 8 5 1 7 2 
20180720027 5 4 10 6 3 8 7 2 1 9 
20180720028 3 1 10 6 5 7 8 9 4 2 
20180720029 4 3 9 10 5 8 2 7 6 1 
20180720030 7 4 5 8 10 9 3 6 1 2 
20180720031 2 7 4 5 3 9 10 8 6 1 
20180720032 7 2 1 5 3 9 4 10 6 8 
20180720033 9 5 2 7 10 3 6 8 4 1 
20180720034 8 6 10 5 7 1 9 4 2 3 
20180720035 3 8 9 5 10 2 7 4 6 1 
20180720036 10 8 5 4 6 7 3 1 2 9 
20180720037 2 4 9 7 6 10 5 3 8 1 
20180720038 2 3 10 1 6 9 7 4 5 8 
20180720039 5 8 1 6 9 7 3 10 2 4 
20180720040 7 9 4 10 3 1 5 2 8 6 
20180720041 6 5 1 2 8 7 3 10 9 4 
20180720042 2 10 4 8 6 3 7 1 9 5 
20180720043 5 9 7 6 10 2 4 8 1 3 
20180720044 6 4 2 10 1 5 8 7 3 9 
20180720045 8 9 6 2 7 1 5 10 4 3 
20180720046 8 9 10 5 7 1 2 6 3 4 
20180720047 4 2 8 9 1 5 6 3 7 10 
20180720048 6 2 9 4 7 5 8 10 1 3 
20180720049 4 8 7 1 10 6 2 9 5 3 
20180720050 6 5 1 10 4 2 8 7 3 9 
20180720051 2 7 4 10 5 3 8 9 1 6 
20180720052 3 6 9 2 7 5 10 8 1 4 
20180720053 4 3 7 5 9 8 2 6 1 10 
20180720054 4 10 6 5 9 3 2 1 7 8 
20180720055 10 9 5 7 3 6 1 2 8 4 
20180720056 3 6 7 2 9 1 5 4 10 8 
20180720057 7 6 8 2 4 5 3 9 1 10 
20180720058 3 6 9 4 5 2 10 1 7 8 
20180720059 4 5 2 3 6 1 8 9 7 10 
20180720060 8 9 3 1 4 7 5 6 2 10 
20180720061 1 8 4 9 5 6 10 3 2 7 
20180720062 1 6 3 8 7 10 9 2 5 4 
20180720063 8 5 1 6 10 3 9 4 2 7 
20180720064 8 7 6 9 4 5 2 3 1 10 
20180720065 7 6 5 10 2 3 1 8 4 9 
20180720066 9 1 10 4 7 5 2 3 6 8 
20180720067 3 4 1 5 7 6 10 2 9 8 
20180720068 7 1 10 2 8 5 4 6 3 9 
20180720069 9 1 6 3 8 5 7 2 10 4 
20180720070 7 9 8 10 5 4 3 2 6 1 
20180720071 8 6 10 7 4 1 2 9 3 5 
20180720072 7 10 3 6 8 1 5 4 9 2 
20180720073 3 9 4 6 7 1 5 2 10 8 
20180720074 10 9 6 4 5 7 2 3 1 8 
20180720075 2 1 9 4 3 5 10 6 8 7 
20180720076 5 2 7 3 4 9 1 6 8 10 
20180720077 1 9 6 3 10 2 8 5 4 7 
20180720078 4 6 7 10 3 1 2 9 8 5 
20180720079 8 6 10 2 7 5 3 4 9 1 
20180720080 6 3 5 4 10 7 8 9 2 1 
20180720081 10 4 8 1 5 6 3 2 9 7 
20180720082 7 5 4 9 10 6 3 8 2 1 
20180720083 9 2 4 6 1 5 8 10 7 3 
20180720084 10 6 8 2 1 3 7 5 9 4 
20180720085 9 6 7 5 10 1 4 8 3 2 
20180720086 5 10 7 6 1 3 8 2 9 4 
20180720087 5 6 2 8 3 7 1 10 9 4 
20180720088 2 10 9 8 1 7 4 6 3 5 
20180720089 8 5 3 4 10 6 1 9 2 7 
20180720090 2 3 5 7 10 8 6 1 4 9 
20180720091 3 7 2 8 4 1 5 9 10 6 
20180720092 10 6 2 3 4 5 7 8 9 1 
20180720093 3 9 10 8 7 5 4 1 6 2 
20180720094 5 8 1 4 6 2 10 7 9 3 
20180720095 3 7 5 9 2 10 1 8 6 4 
20180720096 2 7 10 8 5 3 6 4 9 1 
20180720097 8 1 6 5 4 10 9 3 7 2 
20180720098 5 3 6 10 1 9 7 8 4 2 
20180720099 8 10 6 1 7 5 4 9 3 2 
20180720100 2 8 3 10 7 5 6 1 4 9 
20180720101 2 7 10 4 1 9 5 8 6 3 
20180720102 9 10 1 8 5 4 7 3 6 2 
20180720103 1 9 2 5 7 8 3 6 4 10 
20180720104 8 9 3 10 5 6 1 4 7 2 
20180720105 5 2 9 8 10 1 6 4 7 3 
20180720106 4 2 5 10 1 8 6 7 3 9 
20180720107 2 10 9 4 8 5 3 1 7 6 
20180720108 2 4 3 7 9 10 6 1 8 5 
20180720109 6 2 9 3 5 7 10 4 8 1 
20180720110 2 3 7 8 10 1 5 9 6 4 
20180720111 1 5 8 6 3 10 7 9 4 2 
20180720112 1 10 9 2 5 4 8 3 6 7 
20180720113 3 1 9 10 4 8 7 6 5 2 
20180720114 9 6 4 1 7 5 3 2 8 10 
20180720115 8 5 4 6 7 1 2 10 3 9 
20180720116 9 5 7 1 10 8 6 4 2 3 
20180720117 8 4 7 9 2 1 6 5 3 10 
20180720118 7 3 9 10 6 5 2 4 1 8 
20180720119 1 7 2 8 10 9 4 5 3 6 
20180720120 7 6 2 1 8 9 3 5 4 10 
20180720121 2 1 3 8 6 10 4 7 9 5 
20180720122 9 4 2 1 3 8 5 6 7 10 
20180720123 4 9 10 5 6 7 1 8 3 2 
20180720124 2 8 5 10 9 7 3 6 4 1 
20180720125 7 10 6 9 8 3 2 4 1 5 
20180720126 6 4 3 10 2 9 5 1 8 7 
20180720127 7 8 6 10 1 5 2 3 4 9 
20180720128 7 3 2 9 6 4 8 1 10 5 
20180720129 1 6 2 3 9 5 7 8 10 4 
20180720130 10 9 4 7 2 3 6 1 5 8 
20180720131 7 2 10 5 1 9 8 6 3 4 
20180720132 4 2 1 6 8 9 5 3 7 10 
20180720133 5 7 9 6 3 2 8 4 1 10 
20180720134 8 1 4 7 6 5 3 2 10 9 
20180720135 7 2 8 6 1 10 9 4 5 3 
20180720136 2 8 7 3 9 10 5 1 6 4 
20180720137 1 7 8 6 4 10 5 3 2 9 
20180720138 3 5 4 6 9 7 8 2 10 1 
20180720139 1 7 5 10 9 2 8 4 3 6 
20180720140 10 9 1 3 6 4 7 5 2 8 
20180720141 9 10 4 7 2 3 1 8 6 5 
20180720142 7 8 6 10 9 3 1 4 5 2 
20180720143 5 9 1 6 4 3 7 8 2 10 
20180720144 6 3 10 8 4 7 9 5 1 2 
20180720145 2 3 9 7 6 5 4 1 10 8 
20180720146 3 10 5 9 4 8 1 6 2 7 
20180720147 7 6 3 4 9 1 10 5 8 2 
20180720148 6 2 5 4 8 3 9 7 1 10 
20180720149 6 2 1 10 9 8 7 5 4 3 
20180720150 8 9 10 4 5 1 6 7 3 2 
20180720151 6 10 4 1 5 3 2 9 7 8 
20180720152 8 4 5 2 3 6 1 10 9 7 
20180720153 6 9 1 10 8 7 4 5 2 3 
20180720154 4 10 7 6 5 3 2 9 1 8 
20180720155 2 10 9 4 3 8 1 7 5 6 
20180720156 8 6 5 3 7 10 1 9 2 4 
20180720157 5 1 4 9 7 6 10 8 2 3 
20180720158 9 5 8 7 4 2 6 1 10 3 
20180720159 10 2 8 3 7 5 1 9 6 4 
20180720160 7 9 3 10 5 6 8 1 4 2 
20180720161 6 5 3 1 9 10 2 8 4 7 
20180720162 4 8 5 1 9 2 10 3 6 7 
20180720163 2 8 6 7 10 9 5 4 1 3 
20180720164 8 4 1 7 9 5 2 10 3 6 
20180720165 1 10 6 5 8 4 3 9 2 7 
20180720166 7 9 3 5 8 4 6 10 2 1 
20180720167 5 10 9 6 1 8 4 2 3 7 
20180720168 4 9 5 2 7 1 8 10 6 3 
20180720169 4 10 1 6 2 8 7 3 5 9 
20180720170 2 4 1 7 3 5 8 6 9 10 
20180720171 3 9 1 2 7 5 6 4 8 10 
20180720172 3 8 6 2 9 7 10 1 4 5 
20180720173 6 9 8 1 7 5 4 10 3 2 
20180720174 10 2 5 1 3 9 4 6 7 8 
20180720175 4 7 8 1 5 2 9 6 3 10 
20180720176 1 3 9 7 5 6 8 2 4 10 
20180720177 8 9 10 6 4 5 1 7 2 3 
20180720178 7 6 1 2 4 3 10 5 8 9 
20180720179 9 8 10 3 2 1 6 7 5 4 
20180720180 9 6 3 2 8 1 4 10 5 7 
20180720181 9 2 6 5 8 1 10 3 7 4 
20180720182 3 4 6 7 5 1 10 8 2 9 
20180720183 2 3 5 4 6 9 1 10 8 7 
20180720184 1 5 6 3 9 10 4 8 7 2 
20180720185 8 6 7 2 5 3 9 4 1 10 
20180720186 5 6 10 9 3 8 1 2 7 4 
20180720187 7 1 4 6 3 8 9 2 5 10 
20180720188 9 10 6 8 3 4 7 1 5 2 
20180720189 8 7 9 6 4 2 5 1 10 3 
20180720190 5 4 7 10 1 2 8 6 9 3 
20180720191 4 8 9 1 6 3 7 5 10 2 
20180720192 2 10 6 3 1 8 9 4 5 7 
20180720193 6 9 4 2 5 7 8 1 10 3 
20180720194 1 10 6 5 8 7 2 3 4 9 
20180720195 9 10 6 8 1 7 4 5 3 2 
20180720196 8 9 4 6 7 1 3 5 2 10 
20180720197 10 2 6 3 5 7 1 4 8 9 
20180720198 7 4 2 8 6 5 1 3 9 10 
20180720199 3 10 2 6 1 5 7 9 8 4 
20180720200 2 7 5 4 9 1 10 6 8 3 
20180720201 7 9 2 3 4 8 10 5 6 1 
20180720202 7 4 2 5 3 8 9 10 6 1 
20180720203 5 6 3 1 4 10 7 2 9 8 
20180720204 4 1 10 7 2 8 9 3 6 5 
20180720205 5 3 1 9 4 10 7 8 2 6 
20180720206 8 2 3 1 9 10 6 4 5 7 
20180720207 3 4 6 1 5 10 7 2 8 9 
20180720208 10 8 3 4 7 6 2 1 5 9 
20180720209 6 7 5 3 1 9 10 4 2 8 
20180720210 1 10 2 9 7 3 8 4 6 5 
20180720211 5 6 9 7 8 1 3 2 10 4 
20180720212 4 10 1 3 5 2 6 9 7 8 
20180720213 10 4 3 7 9 1 2 6 5 8 
20180720214 10 2 6 3 5 8 4 9 1 7 
20180720215 5 2 6 4 8 3 7 10 9 1 
20180720216 7 5 2 9 8 1 10 3 6 4 
20180720217 1 2 6 5 10 8 3 7 4 9 
20180720218 6 1 2 9 7 10 5 3 8 4 
20180720219 6 3 9 8 10 1 5 2 4 7 
20180720220 1 2 9 5 3 7 10 6 8 4 
20180720221 1 8 4 3 9 5 2 10 6 7 
20180720222 7 4 5 8 3 9 10 1 2 6 
20180720223 8 1 10 2 9 6 5 3 7 4 
20180720224 7 2 6 9 10 1 3 4 8 5 
20180720225 5 8 4 1 10 7 2 9 3 6 
20180720226 4 9 6 2 3 1 8 7 10 5 
20180720227 5 7 1 6 4 8 2 3 10 9 
20180720228 10 2 8 9 3 4 6 1 5 7 
20180720229 7 3 9 8 6 5 1 2 10 4 
20180720230 8 5 2 4 10 1 3 6 9 7 
20180720231 8 6 10 9 7 3 1 2 4 5 
20180720232 5 3 7 8 10 2 6 4 9 1 
20180720233 7 2 10 8 1 9 3 4 5 6 
20180720234 9 6 8 1 2 7 10 5 3 4 
20180720235 10 6 7 5 2 3 8 4 1 9 
20180720236 5 2 10 8 9 6 4 7 3 1 
20180720237 2 1 10 9 4 6 7 5 8 3 
20180720238 8 9 10 1 6 2 4 3 5 7 
20180720239 10 9 5 4 7 6 3 1 2 8 
20180720240 7 2 10 8 4 9 1 5 6 3 
20180720241 6 10 7 8 4 5 9 2 3 1 
20180720242 4 2 5 10 6 1 7 9 3 8 
20180720243 10 4 2 6 5 8 1 3 9 7 
20180720244 8 4 10 5 2 1 9 7 6 3 
20180720245 3 9 4 1 8 6 2 5 10 7 
20180720246 10 2 3 4 8 1 5 6 7 9 
20180720247 10 7 3 2 1 8 9 5 6 4 
20180720248 9 7 4 5 2 6 1 8 10 3 
20180720249 2 3 4 10 7 1 5 9 6 8 
20180720250 7 10 9 6 4 1 3 8 2 5 
20180720251 8 10 4 1 9 5 7 2 3 6 
20180720252 4 9 7 8 10 2 3 5 6 1 
20180720253 3 4 2 9 10 7 6 8 5 1 
20180720254 2 1 10 4 7 9 3 8 5 6 
20180720255 1 7 5 4 2 3 6 9 8 10 
20180720256 2 10 5 9 8 3 6 4 7 1 
20180720257 1 3 4 10 5 7 8 9 2 6 
20180720258 6 2 10 1 7 9 5 4 3 8 
20180720259 9 8 10 1 5 6 7 2 4 3 
20180720260 10 1 6 9 2 5 3 7 8 4 
20180720261 7 6 8 9 2 5 10 1 4 3 
20180720262 10 9 8 7 6 1 4 5 3 2 
20180720263 9 8 7 6 4 3 1 5 10 2 
20180720264 4 9 8 3 7 6 10 2 1 5 
20180720265 3 9 1 6 4 5 7 10 8 2 
20180720266 2 3 10 9 1 5 7 8 4 6 
20180720267 9 3 7 2 5 1 8 10 6 4 
20180720268 10 2 1 3 8 5 7 6 9 4 
20180720269 1 3 5 10 7 2 9 6 8 4 
20180720270 3 8 4 6 1 10 9 5 7 2 
20180720271 5 3 7 10 2 8 1 6 9 4 
20180720272 3 4 10 2 7 8 5 1 9 6 
20180720273 2 8 6 5 3 4 10 9 7 1 
20180720274 9 10 8 4 3 1 7 6 2 5 
20180720275 4 2 7 6 1 9 3 10 5 8 
20180720276 6 2 10 4 7 5 1 8 9 3 
20180720277 3 7 4 8 5 9 10 6 2 1 
20180720278 10 6 5 4 7 2 1 3 9 8 
20180720279 5 1 2 10 9 6 8 7 4 3 
20180720280 2 6 3 10 7 4 9 5 1 8 
20180720281 9 7 5 8 6 2 4 1 10 3 
20180720282 7 2 4 6 9 5 3 1 10 8 
20180720283 9 6 4 1 3 10 2 5 7 8 
20180720284 3 5 7 6 8 1 4 2 10 9 
20180720285 9 8 5 1 3 7 6 10 2 4 
20180720286 5 1 10 4 8 9 3 6 2 7 
20180720287 2 4 7 1 10 8 5 9 6 3 
20180720288 6 9 3 7 4 8 10 2 5 1 
20180720289 9 7 2 4 5 10 6 1 8 3 
20180720290 7 8 2 10 4 5 9 1 6 3 
20180720291 7 3 1 5 10 8 2 6 4 9 
20180720292 4 2 6 7 3 5 8 1 10 9 
20180720293 8 2 6 7 4 10 3 5 1 9 
20180720294 10 2 8 3 4 9 6 7 1 5 
20180720295 5 9 10 7 2 3 4 8 1 6 
20180720296 1 6 5 3 2 8 9 10 4 7 
20180720297 4 2 8 5 7 1 6 9 10 3 
20180720298 10 7 6 5 1 4 8 2 9 3 
20180720299 8 9 2 3 5 1 7 6 10 4 
20180720300 8 7 4 9 1 10 6 5 2 3 
20180720301 9 8 6 1 5 7 3 10 4 2 
20180720302 4 3 1 9 2 8 6 5 10 7 
20180720303 4 2 7 10 1 3 5 8 6 9 
20180720304 3 9 10 7 4 6 2 5 1 8 
20180720305 10 5 7 1 6 4 3 8 9 2 
20180720306 2 10 8 3 1 6 9 5 7 4 
20180720307 7 4 3 2 8 5 1 10 6 9 
20180720308 3 6 8 2 1 4 9 10 5 7 
20180720309 10 7 1 2 4 8 9 6 3 5 
20180720310 9 7 5 1 10 3 8 6 4 2 
20180720311 5 2 6 10 7 4 9 3 1 8 
20180720312 4 6 10 5 3 2 7 1 8 9 
20180720313 5 2 6 9 7 1 4 8 3 10 
20180720314 8 3 10 7 2 9 6 1 4 5 
20180720315 4 8 10 5 2 9 1 6 3 7 
20180720316 7 2 4 5 8 3 10 9 6 1 
20180720317 1 4 2 10 8 3 9 6 5 7 
20180720318 1 8 3 9 5 2 4 7 10 6 
20180720319 2 4 9 10 7 3 6 8 5 1 
20180720320 8 10 7 3 4 9 2 1 5 6 
20180720321 10 5 1 2 8 4 6 3 9 7 
20180720322 6 3 4 2 10 9 5 8 7 1 
20180720323 1 9 6 10 7 2 5 3 8 4 
20180720324 5 1 7 3 8 9 2 6 10 4 
20180720325 1 6 7 10 8 3 2 4 5 9 
20180720326 8 5 7 9 3 4 6 10 2 1 
20180720327 3 7 9 8 2 5 4 6 10 1 
20180720328 1 5 9 3 2 4 7 6 8 10 
20180720329 2 6 8 1 10 9 7 4 3 5 
20180720330 10 1 7 8 3 5 6 2 4 9 
20180720331 10 7 3 1 2 5 8 9 6 4 
20180720332 4 6 9 7 3 5 8 1 2 10 
20180720333 2 8 10 6 9 1 5 7 3 4 
20180720334 7 6 8 3 5 4 1 10 9 2 
20180720335 3 7 9 10 1 6 2 8 5 4 
20180720336 6 5 2 4 9 1 3 7 8 10 
20180720337 9 4 6 10 8 7 1 2 5 3 
20180720338 8 1 5 10 9 7 2 3 4 6 
20180720339 4 3 1 10 7 9 2 6 5 8 
20180720340 7 2 3 6 10 9 8 1 4 5 
20180720341 9 10 6 3 1 2 5 7 4 8 
20180720342 6 8 4 5 7 9 10 1 2 3 
20180720343 8 3 7 5 4 6 10 9 1 2 
20180720344 6 7 9 3 8 5 4 2 1 10 
20180720345 10 3 5 4 2 9 1 6 8 7 
20180720346 9 3 6 2 1 4 7 5 8 10 
20180720347 4 1 10 6 2 5 7 3 9 8 
20180720348 9 6 10 8 1 7 3 5 2 4 
20180720349 3 5 6 4 1 9 2 8 7 10 
20180720350 2 6 5 10 1 9 4 8 7 3 
20180720351 7 5 3 8 1 9 2 10 4 6 
20180720352 4 6 7 2 3 9 1 8 10 5 
20180720353 2 3 7 5 4 10 1 8 6 9 
20180720354 2 5 9 6 3 7 8 1 10 4 
20180720355 7 8 1 9 4 3 5 10 6 2 
20180720356 10 3 8 2 5 1 4 9 6 7 
20180720357 4 5 1 3 7 6 10 2 9 8 
20180720358 1 10 5 8 7 3 4 9 2 6 
20180720359 3 9 7 10 5 6 4 8 1 2 
20180720360 3 1 6 8 2 10 5 7 4 9 
20180720361 9 3 6 5 1 4 2 8 10 7 
20180720362 3 4 6 9 2 10 1 8 7 5 
20180720363 4 6 8 3 1 7 5 2 9 10 
20180720364 1 2 4 6 10 8 3 9 7 5 
20180720365 10 7 3 8 2 9 1 4 5 6 
20180720366 2 5 6 7 4 9 10 1 8 3 
20180720367 7 9 1 3 8 2 4 10 6 5 
20180720368 8 2 4 9 7 5 3 1 6 10 
20180720369 9 3 7 6 2 5 1 10 4 8 
20180720370 7 6 2 10 8 4 1 3 9 5 
20180720371 6 3 2 4 5 10 7 8 9 1 
20180720372 10 2 3 9 5 6 7 4 1 8 
20180720373 7 5 9 3 1 2 8 6 10 4 
20180720374 5 1 6 10 3 4 7 2 8 9 
20180720375 5 8 4 2 7 1 6 9 10 3 
20180720376 5 6 10 8 2 9 3 1 7 4 
20180720377 3 1 10 5 7 6 4 9 2 8 
20180720378 9 2 3 10 6 5 7 8 4 1 
20180720379 1 9 7 3 5 2 10 8 6 4 
20180720380 1 7 9 5 10 8 2 3 4 6 
20180720381 4 7 3 5 2 10 8 1 9 6 
20180720382 6 2 5 8 10 4 7 9 1 3 
20180720383 5 6 9 10 4 3 1 2 7 8 
20180720384 2 9 7 5 1 4 8 6 10 3 
20180720385 9 6 1 8 7 2 3 10 5 4 
20180720386 8 1 2 7 5 9 4 3 10 6 
20180720387 5 10 6 4 9 7 2 1 8 3 
20180720388 6 10 5 7 1 2 3 8 4 9 
20180720389 7 3 2 10 8 9 6 4 5 1 
20180720390 10 6 4 2 7 9 8 5 3 1 
20180720391 6 3 10 4 2 7 5 1 9 8 
20180720392 4 7 5 1 10 2 3 6 9 8 
20180720393 5 4 6 9 3 2 1 7 8 10 
20180720394 7 10 2 9 1 3 4 6 5 8 
20180720395 1 9 4 7 8 3 10 6 5 2 
20180720396 5 3 2 8 4 10 1 7 6 9 
20180720397 1 5 8 6 10 2 7 9 4 3 
20180720398 7 10 6 4 8 9 1 5 2 3 
20180720399 2 5 6 9 7 10 1 8 3 4 
20180720400 1 5 6 3 7 4 2 10 9 8 
20180720401 8 4 10 3 6 2 1 9 5 7 
20180720402 8 6 9 10 1 4 5 7 3 2 
20180720403 4 8 9 10 5 7 3 6 2 1 
20180720404 9 3 1 6 2 4 10 5 8 7 
20180720405 3 2 4 10 6 7 1 9 8 5 
20180720406 9 6 2 4 3 5 1 7 10 8 
20180720407 1 4 6 2 8 10 3 7 5 9 
20180720408 3 10 4 5 8 9 2 6 7 1 
20180720409 9 7 8 4 2 6 10 1 5 3 
20180720410 6 2 7 4 8 5 1 10 3 9 
20180720411 4 3 6 5 1 2 10 8 9 7 
20180720412 2 9 8 10 7 3 1 4 6 5 
20180720413 9 1 8 4 6 7 5 10 3 2 
20180720414 10 8 9 7 3 5 1 2 6 4 
20180720415 2 5 8 7 10 1 6 3 4 9 
20180720416 5 6 3 2 8 7 4 10 1 9 
20180720417 4 7 5 10 3 6 8 2 1 9 
20180720418 6 4 8 10 5 7 1 2 9 3 
20180720419 8 1 9 3 5 2 6 4 7 10 
20180720420 10 1 2 5 8 6 3 4 9 7 
20180720421 7 8 6 2 9 5 4 1 3 10 
20180720422 8 4 10 3 1 9 6 7 2 5 
20180720423 6 7 9 1 3 5 4 8 10 2 
20180720424 4 9 8 6 5 7 10 2 1 3 
20180720425 4 1 6 5 3 2 7 9 8 10 
20180720426 10 5 2 1 8 9 4 3 7 6 
20180720427 1 5 7 9 4 10 3 6 8 2 
20180720428 8 9 3 7 5 4 1 10 2 6 
20180720429 10 2 8 5 1 4 6 9 7 3 
20180720430 7 9 5 10 3 1 6 8 4 2 
20180720431 10 7 3 4 9 2 6 8 1 5 
20180720432 10 9 6 8 5 1 7 3 4 2 
20180720433 7 5 1 4 3 6 10 2 9 8 
20180720434 4 1 9 3 2 5 6 8 7 10 
20180720435 8 5 2 1 7 10 4 3 6 9 
20180720436 6 10 3 8 4 7 2 5 9 1 
20180720437 8 4 5 7 1 3 2 6 10 9 
20180720438 6 5 4 10 8 3 2 7 1 9 
20180720439 3 10 4 6 2 5 1 7 9 8 
20180720440 3 8 2 1 6 7 10 5 4 9 
20180720441 4 2 1 10 6 7 5 3 8 9 
20180720442 4 8 7 5 9 6 1 3 10 2 
20180720443 1 5 3 8 9 4 7 2 10 6 
20180720444 6 10 5 1 4 9 7 3 2 8 
20180720445 3 8 2 10 6 5 4 9 1 7 
20180720446 1 5 8 3 2 10 9 4 6 7 
20180720447 9 3 5 7 4 8 2 1 6 10 
20180720448 2 3 1 10 9 6 8 5 7 4 
20180720449 3 2 9 5 4 8 7 6 10 1 
20180720450 7 8 6 4 2 9 10 3 1 5 
20180720451 2 1 10 8 6 5 7 9 3 4 
20180720452 7 5 10 2 4 6 1 8 3 9 
20180720453 8 7 10 9 6 2 4 1 3 5 
20180720454 2 1 9 4 6 8 7 5 10 3 
20180720455 6 3 4 9 8 7 10 1 5 2 
20180720456 2 1 9 7 10 3 5 6 4 8 
20180720457 1 6 4 2 10 9 3 7 5 8 
20180720458 4 3 7 9 8 6 5 2 1 10 
20180720459 8 6 1 2 4 9 5 10 3 7 
20180720460 2 5 10 6 7 8 3 1 9 4 
20180720461 8 2 6 7 9 1 10 5 3 4 
20180720462 7 10 9 6 3 5 1 4 2 8 
20180720463 2 8 3 6 4 5 9 1 10 7 
20180720464 6 10 3 9 8 1 5 2 4 7 
20180720465 7 10 2 8 9 3 5 1 6 4 
20180720466 8 1 4 10 5 3 2 7 9 6 
20180720467 6 2 3 8 10 9 7 1 4 5 
20180720468 9 6 1 10 5 2 3 8 4 7 
20180720469 10 3 2 4 9 7 1 5 8 6 
20180720470 6 2 10 8 3 4 7 9 5 1 
20180720471 8 1 6 9 2 10 4 5 7 3 
20180720472 4 6 3 9 7 2 5 1 10 8 
20180720473 2 1 6 7 5 4 9 3 10 8 
20180720474 9 6 3 10 2 1 4 8 5 7 
20180720475 3 1 4 8 5 7 9 10 6 2 
20180720476 3 10 1 4 7 8 6 9 2 5 
20180720477 1 6 7 4 2 9 10 8 5 3 
20180720478 2 9 7 3 1 5 10 8 4 6 
20180720479 9 8 6 4 1 10 3 5 2 7 
20180720480 10 4 2 8 7 3 1 9 6 5 
20180720481 6 3 8 10 7 9 1 5 4 2 
20180720482 1 3 8 6 4 2 7 10 9 5 
20180720483 4 2 7 3 1 9 8 5 6 10 
20180720484 5 2 4 8 6 7 9 3 10 1 
20180720485 6 5 3 1 9 2 4 10 8 7 
20180720486 4 6 5 8 1 2 10 3 9 7 
20180720487 1 6 3 9 8 10 5 4 2 7 
20180720488 2 4 5 3 10 8 9 6 1 7 
20180720489 7 1 3 2 10 5 4 9 6 8 
20180720490 1 8 7 6 9 10 2 3 5 4 
20180720491 7 8 3 10 2 5 6 4 1 9 
20180720492 2 1 7 4 8 3 9 10 6 5 
20180720493 9 8 3 5 7 2 1 4 6 10 
20180720494 5 2 10 7 9 3 4 8 1 6 
20180720495 9 8 7 5 10 1 6 3 2 4 
20180720496 5 8 9 10 4 6 3 2 1 7 
20180720497 10 6 5 2 3 9 4 8 1 7 
20180720498 5 3 1 6 8 7 4 9 10 2 
20180720499 6 7 1 9 4 10 3 5 2 8 
20180720500 2 3 1 10 8 6 9 7 4 5 
20180720501 7 6 8 5 2 1 10 4 9 3 
20180720502 2 7 8 9 3 5 1 10 6 4 
20180720503 4 5 6 1 3 10 2 8 9 7 
20180720504 7 1 4 2 8 6 9 5 10 3 
20180720505 2 8 1 9 7 10 6 4 3 5 
20180720506 1 9 5 7 6 4 10 2 8 3 
20180720507 5 2 10 1 6 7 9 3 4 8 
20180720508 7 6 10 4 2 5 8 3 1 9 
20180720509 6 7 4 1 10 3 9 5 8 2 
20180720510 7 4 1 9 10 2 6 5 8 3 
20180720511 5 3 7 8 10 1 6 9 2 4 
20180720512 4 2 8 7 9 3 6 5 1 10 
20180720513 7 1 5 2 4 8 9 6 3 10 
20180720514 2 5 1 10 3 7 8 9 4 6 
20180720515 3 10 2 9 6 1 8 4 5 7 
20180720516 10 8 5 4 1 6 7 3 9 2 
20180720517 10 4 9 5 2 3 7 6 8 1 
20180720518 8 7 2 4 6 3 9 5 1 10 
20180720519 5 3 4 7 2 1 8 10 6 9 
20180720520 9 6 3 2 4 1 7 8 10 5 
20180720521 5 8 9 10 1 4 6 2 7 3 
20180720522 6 8 7 5 1 9 4 10 3 2 
20180720523 6 9 1 4 3 5 10 7 2 8 
20180720524 4 5 6 3 2 8 9 7 1 10 
20180720525 9 1 6 4 3 5 2 7 10 8 
20180720526 9 3 5 1 4 6 7 8 2 10 
20180720527 9 8 2 5 1 7 6 4 3 10 
20180720528 6 1 10 2 7 9 8 3 5 4 
20180720529 9 3 8 4 5 2 6 1 7 10 
20180720530 10 9 7 5 4 1 6 2 3 8 
20180720531 3 10 2 7 8 6 1 5 9 4 
20180720532 1 5 10 6 4 3 2 8 7 9 
20180720533 7 8 9 2 1 6 4 3 5 10 
20180720534 7 5 6 3 4 10 9 1 2 8 
20180720535 6 8 9 4 1 5 2 10 7 3 
20180720536 7 10 9 1 8 6 5 3 2 4 
20180720537 2 6 1 4 5 3 7 9 10 8 
20180720538 7 3 6 10 8 5 4 9 1 2 
20180720539 5 2 3 1 10 7 9 6 4 8 
20180720540 10 7 9 8 5 4 1 2 6 3 
20180720541 1 3 7 4 9 6 10 8 5 2 
20180720542 1 7 4 6 5 9 3 8 2 10 
20180720543 9 2 3 10 6 7 5 8 4 1 
20180720544 7 3 1 8 9 10 5 6 2 4 
20180720545 6 4 9 1 2 5 3 8 10 7 
20180720546 3 1 2 9 4 10 7 6 5 8 
20180720547 7 10 4 2 8 6 5 3 1 9 
20180720548 3 6 9 10 7 8 2 4 1 5 
20180720549 4 2 6 1 3 10 7 8 5 9 
20180720550 3 9 5 4 8 7 10 2 1 6 
20180720551 4 8 6 10 1 7 5 3 2 9 
20180720552 5 8 4 6 2 7 3 10 1 9 
20180720553 4 8 6 3 1 10 2 9 5 7 
20180720554 9 10 7 6 2 3 1 4 5 8 
20180720555 5 2 7 8 6 3 4 9 1 10 
20180720556 6 9 2 4 10 3 1 8 7 5 
20180720557 1 6 3 9 8 4 5 2 10 7 
20180720558 10 1 2 7 8 5 4 3 6 9 
20180720559 2 3 4 8 7 9 10 5 6 1 
20180720560 9 3 7 10 6 1 2 4 5 8 
20180720561 6 2 8 3 4 1 5 7 10 9 
20180720562 5 8 4 6 10 1 3 9 2 7 
20180720563 6 10 9 1 5 3 4 2 8 7 
20180720564 9 2 4 1 8 10 3 5 7 6 
20180720565 1 4 8 2 3 6 5 10 7 9 
20180720566 4 7 5 1 8 3 2 6 10 9 
20180720567 7 5 6 9 8 2 4 3 10 1 
20180720568 10 8 4 5 2 7 6 3 1 9 
20180720569 9 3 6 5 1 8 10 2 7 4 
20180720570 5 2 8 10 7 1 3 6 4 9 
20180720571 4 8 2 7 6 9 3 1 10 5 
20180720572 2 4 9 10 1 8 3 7 6 5 
20180720573 5 10 7 8 1 3 4 9 2 6 
20180720574 4 3 9 2 1 6 5 10 8 7 
20180720575 9 7 4 6 10 3 1 5 8 2 
20180720576 6 5 8 3 2 1 9 10 7 4 
20180720577 9 7 4 3 10 5 2 1 6 8 
20180720578 4 7 8 10 1 5 3 2 6 9 
20180720579 3 8 10 5 4 2 6 9 1 7 
20180720580 6 3 1 4 7 9 10 5 8 2 
20180720581 1 10 8 3 7 4 6 9 5 2 
20180720582 9 6 1 3 5 7 4 8 10 2 
20180720583 3 4 5 2 9 6 1 10 8 7 
20180720584 4 5 2 3 1 10 6 7 8 9 
20180720585 8 4 7 2 9 3 6 10 5 1 
20180720586 9 2 5 8 3 7 10 1 4 6 
20180720587 5 1 3 2 10 9 7 6 4 8 
20180720588 6 2 10 3 4 5 9 8 7 1 
20180720589 4 5 7 3 10 1 9 8 6 2 
20180720590 6 9 8 3 2 4 7 5 10 1 
20180720591 3 5 6 2 9 10 7 8 1 4 
20180720592 9 2 5 1 3 4 6 10 7 8 
20180720593 1 4 7 9 3 6 10 8 5 2 
20180720594 5 4 7 6 10 9 2 8 3 1 
20180720595 10 5 6 8 9 2 7 3 4 1 
20180720596 1 3 8 6 5 4 2 9 10 7 
20180720597 6 9 8 5 10 1 3 4 2 7 
20180720598 6 10 1 3 5 2 7 8 4 9 
20180720599 5 3 6 2 7 8 10 1 9 4 
20180720600 1 6 7 10 3 9 8 4 5 2 
20180720601 3 10 9 7 6 2 8 4 1 5 
20180720602 2 8 1 3 6 5 9 7 10 4 
20180720603 7 2 5 4 3 8 10 6 1 9 
20180720604 4 10 3 8 5 1 9 6 2 7 
20180720605 5 4 2 8 6 10 3 1 7 9 
20180720606 7 3 10 6 1 8 5 2 4 9 
20180720607 8 6 10 2 5 1 9 7 4 3 
20180720608 7 9 8 1 10 2 3 4 6 5 
20180720609 2 7 1 4 9 10 3 5 6 8 
20180720610 8 4 3 10 9 5 2 1 6 7 
20180720611 7 6 1 2 10 3 5 4 8 9 
20180720612 8 7 4 10 6 2 5 3 1 9 
20180720613 4 5 7 8 10 6 2 3 9 1 
20180720614 1 10 9 6 3 8 7 4 5 2 
20180720615 1 4 5 3 6 10 8 2 9 7 
20180720616 8 6 10 9 7 5 1 4 3 2 
20180720617 2 8 7 10 9 6 1 4 3 5 
20180720618 2 4 7 10 6 5 9 1 3 8 
20180720619 8 3 5 4 1 7 6 2 10 9 
20180720620 10 4 1 5 7 3 9 8 6 2 
20180720621 6 2 9 5 3 1 4 8 7 10 
20180720622 8 1 5 2 7 10 3 6 4 9 
20180720623 6 2 10 8 9 3 1 5 7 4 
20180720624 2 1 10 6 8 9 3 4 7 5 
20180720625 10 3 4 7 2 6 9 8 1 5 
20180720626 2 6 4 1 3 5 7 10 9 8 
20180720627 8 2 10 4 1 7 6 3 9 5 
20180720628 5 10 2 3 4 9 6 8 1 7 
20180720629 2 10 1 5 8 9 3 4 7 6 
20180720630 3 7 1 6 4 9 10 5 2 8 
20180720631 5 7 2 10 4 1 8 3 6 9 
20180720632 7 6 3 4 2 1 9 5 8 10 
20180720633 10 1 7 5 2 4 3 6 8 9 
20180720634 5 4 9 6 2 10 3 8 1 7 
20180720635 7 2 4 9 10 6 8 5 1 3 
20180720636 8 3 2 5 10 7 1 4 6 9 
20180720637 4 8 7 10 1 9 5 6 2 3 
20180720638 6 10 8 1 2 7 5 9 3 4 
20180720639 6 3 5 7 10 2 8 9 4 1 
20180720640 5 4 2 7 3 8 10 9 6 1 
20180720641 1 9 4 10 8 6 7 3 5 2 
20180720642 4 8 6 7 9 10 1 3 5 2 
20180720643 9 7 6 5 2 3 8 4 1 10 
20180720644 4 6 7 2 5 10 3 1 8 9 
20180720645 9 7 5 8 1 3 2 4 6 10 
20180720646 6 10 5 2 9 8 3 1 7 4 
20180720647 3 7 6 2 10 9 5 1 4 8 
20180720648 10 8 9 6 1 5 4 7 2 3 
20180720649 8 2 1 3 10 7 5 6 4 9 
20180720650 8 4 10 1 5 3 7 9 6 2 
20180720651 10 8 9 4 2 1 7 5 3 6 
20180720652 8 3 10 7 5 1 6 9 2 4 
20180720653 4 8 10 6 3 7 5 1 9 2 
20180720654 9 6 1 10 7 8 3 5 2 4 
20180720655 5 6 1 7 8 2 9 10 4 3 
20180720656 8 7 4 3 1 5 2 10 6 9 
20180720657 7 6 1 2 4 10 5 8 3 9 
20180720658 4 6 8 2 10 3 1 5 7 9 
20180720659 3 1 6 8 9 5 2 7 10 4 
20180720660 9 2 4 6 8 3 5 7 10 1 
20180720661 3 4 1 6 10 2 5 7 8 9 
20180720662 4 2 10 9 3 7 1 5 8 6 
20180720663 4 2 6 7 1 3 10 5 9 8 
20180720664 10 5 8 7 9 6 4 2 1 3 
20180720665 4 6 3 8 9 10 7 1 2 5 
20180720666 8 4 1 9 10 7 3 6 5 2 
20180720667 9 1 2 7 3 6 4 8 10 5 
20180720668 3 2 5 8 6 9 7 1 10 4 
20180720669 9 4 8 1 5 10 3 2 6 7 
20180720670 6 2 10 1 7 9 4 5 8 3 
20180720671 3 7 1 2 10 9 4 5 8 6 
20180720672 5 1 4 2 7 10 6 8 9 3 
20180720673 10 7 3 9 6 4 5 2 8 1 
20180720674 6 7 1 10 3 9 4 5 2 8 
20180720675 8 5 9 6 7 2 4 1 3 10 
20180720676 1 7 9 6 10 8 2 5 3 4 
20180720677 8 3 5 2 7 9 6 4 1 10 
20180720678 6 10 7 5 3 2 8 4 1 9 
20180720679 2 6 7 8 1 9 4 10 5 3 
20180720680 8 4 1 3 7 6 5 10 9 2 
20180720681 9 2 6 10 4 3 5 8 7 1 
20180720682 2 4 3 6 9 5 1 8 7 10 
20180720683 9 1 5 8 10 4 3 7 2 6 
20180720684 2 6 7 8 10 3 5 1 9 4 
20180720685 10 2 3 1 4 6 9 5 7 8 
20180720686 7 1 10 9 8 5 6 4 2 3 
20180720687 7 1 10 9 3 6 5 2 8 4 
20180720688 9 8 6 5 7 4 1 10 2 3 
20180720689 10 4 8 9 1 7 3 5 6 2 
20180720690 6 9 5 4 10 2 3 1 7 8 
20180720691 4 10 9 2 8 7 1 6 5 3 
20180720692 4 1 10 5 2 8 7 6 9 3 
20180720693 3 4 7 10 5 8 2 9 6 1 
20180720694 1 2 3 10 4 9 7 8 5 6 
20180720695 10 9 8 2 5 4 6 3 7 1 
20180720696 10 9 2 8 5 6 1 7 3 4 
20180720697 2 1 4 5 3 7 8 10 9 6 
20180720698 6 2 3 4 9 10 7 1 5 8 
20180720699 10 4 1 9 3 7 2 5 8 6 
20180720700 3 4 5 10 1 9 6 2 8 7 
20180720701 6 2 1 9 8 10 5 4 3 7 
20180720702 8 3 9 7 6 10 4 1 2 5 
20180720703 6 9 2 1 3 4 7 10 5 8 
20180720704 2 5 9 6 8 3 1 10 7 4 
20180720705 7 8 10 2 6 9 1 3 4 5 
20180720706 7 9 3 10 4 6 2 1 8 5 
20180720707 10 6 1 4 9 8 5 7 2 3 
20180720708 10 8 1 2 6 5 3 7 4 9 
20180720709 1 2 10 8 6 7 3 4 5 9 
20180720710 3 10 6 8 2 7 1 9 4 5 
20180720711 2 6 5 3 4 10 1 8 7 9 
20180720712 4 5 8 3 7 10 1 6 2 9 
20180720713 2 1 6 10 3 5 9 4 7 8 
20180720714 10 2 9 1 5 7 6 8 3 4 
20180720715 9 8 1 5 6 4 3 7 10 2 
20180720716 1 2 9 6 3 8 7 5 4 10 
20180720717 6 5 2 8 1 7 9 10 3 4 
20180720718 9 5 1 8 4 10 6 3 7 2 
20180720719 2 7 3 9 8 1 10 6 4 5 
20180720720 2 1 6 7 8 5 9 3 10 4 
20180720721 6 2 4 3 10 8 1 5 9 7 
20180720722 1 2 10 7 6 3 9 8 4 5 
20180720723 2 4 5 7 3 8 9 6 1 10 
20180720724 8 10 6 7 3 1 9 5 4 2 
20180720725 9 5 6 2 8 1 7 3 10 4 
20180720726 9 2 10 8 4 6 3 5 1 7 
20180720727 9 10 7 8 6 5 2 3 4 1 
20180720728 5 4 2 6 9 8 10 7 3 1 
20180720729 1 10 8 5 2 3 6 9 4 7 
20180720730 4 5 7 2 9 10 8 6 1 3 
20180720731 7 5 4 8 9 6 3 2 1 10 
20180720732 6 5 9 7 8 3 2 10 4 1 
20180720733 6 10 3 1 2 9 8 4 5 7 
20180720734 8 9 10 5 6 4 3 7 1 2 
20180720735 3 10 4 2 6 8 5 9 1 7 
20180720736 4 1 2 5 10 6 9 7 8 3 
20180720737 5 6 2 10 3 4 9 8 1 7 
20180720738 3 2 10 5 6 8 1 7 4 9 
20180720739 8 10 7 4 5 2 3 6 1 9 
20180720740 2 7 4 3 6 10 1 8 9 5 
20180720741 8 10 5 1 2 7 6 4 3 9 
20180720742 7 8 9 6 1 5 4 3 2 10 
20180720743 7 2 1 5 6 10 9 4 8 3 
20180720744 8 9 5 7 1 3 10 4 2 6 
20180720745 10 1 2 8 6 9 7 3 5 4 
20180720746 9 10 6 5 3 4 1 8 2 7 
20180720747 6 4 3 8 5 10 1 9 7 2 
20180720748 1 3 2 8 5 6 7 10 4 9 
20180720749 7 2 10 3 8 1 9 4 6 5 
20180720750 5 7 6 8 2 9 3 4 10 1 
20180720751 2 7 1 6 8 3 10 5 9 4 
20180720752 2 5 10 7 3 9 6 1 4 8 
20180720753 8 2 7 4 3 5 9 1 10 6 
20180720754 3 6 5 10 7 8 4 2 1 9 
20180720755 6 5 9 10 3 4 7 2 1 8 
20180720756 2 6 1 4 5 8 9 10 7 3 
20180720757 6 4 1 10 9 5 7 8 3 2 
20180720758 2 6 10 8 1 3 4 9 5 7 
20180720759 10 4 3 1 5 6 2 7 9 8 
20180720760 6 10 8 2 7 4 3 1 5 9 
20180720761 5 9 1 7 3 6 4 10 2 8 
20180720762 7 1 6 9 5 3 2 8 4 10 
20180720763 3 4 2 8 6 5 7 10 1 9 
20180720764 9 5 3 10 4 6 7 8 1 2 
20180720765 6 2 4 9 5 1 7 3 10 8 
20180720766 7 9 4 2 5 3 1 8 10 6 
20180720767 6 9 3 8 4 10 7 2 1 5 
20180720768 5 8 3 4 2 7 6 10 9 1 
20180720769 3 4 1 5 9 8 10 7 2 6 
20180720770 4 2 9 3 10 6 5 8 7 1 
20180720771 7 1 4 8 5 3 9 10 6 2 
20180720772 6 10 4 1 7 2 5 9 8 3 
20180720773 3 8 10 4 7 1 2 9 6 5 
20180720774 5 8 3 4 2 1 7 9 6 10 
20180720775 4 1 6 2 10 3 5 7 8 9 
20180720776 4 6 3 5 8 10 7 9 2 1 
20180720777 4 1 5 10 8 6 2 9 3 7 
20180720778 1 4 10 9 7 3 6 8 5 2 
20180720779 2 10 3 6 5 1 4 7 9 8 
20180720780 9 6 10 4 1 2 7 8 3 5 
20180720781 8 6 3 1 7 9 2 5 4 10 
20180720782 1 9 2 6 5 3 10 8 4 7 
20180720783 10 6 9 3 8 4 7 5 1 2 
20180720784 10 9 6 5 7 4 3 1 2 8 
20180720785 5 2 9 10 4 3 8 6 7 1 
20180720786 5 10 8 2 1 4 3 7 6 9 
20180720787 6 2 7 10 1 5 3 9 4 8 
20180720788 7 8 6 4 5 9 3 1 10 2 
20180720789 7 2 9 1 3 10 4 5 6 8 
20180720790 4 5 2 7 3 8 6 1 9 10 
20180720791 10 8 5 9 7 4 2 6 1 3 
20180720792 4 9 7 10 1 6 3 8 2 5 
20180720793 9 4 3 5 8 6 1 7 10 2 
20180720794 9 1 10 2 8 5 4 7 6 3 
20180720795 1 4 6 3 7 8 9 2 5 10 
20180720796 8 7 5 9 4 6 3 2 10 1 
20180720797 8 3 5 10 4 7 6 9 1 2 
20180720798 6 5 10 3 1 8 4 9 2 7 
20180720799 6 10 7 9 1 5 4 3 2 8 
20180720800 5 8 9 10 6 2 1 7 4 3 
20180720801 2 9 5 8 1 3 10 4 7 6 
20180720802 9 4 3 8 10 1 5 7 6 2 
20180720803 5 4 10 8 6 9 1 2 7 3 
20180720804 5 10 9 4 6 8 7 3 1 2 
20180720805 1 3 4 7 2 10 9 6 8 5 
20180720806 4 3 5 6 9 7 10 1 2 8 
20180720807 8 6 5 10 9 2 7 1 3 4 
20180720808 6 8 9 3 1 4 2 10 7 5 
20180720809 2 9 6 10 8 5 7 1 4 3 
20180720810 9 1 10 3 2 6 7 4 5 8 
20180720811 10 4 6 2 1 7 9 5 3 8 
20180720812 6 8 1 9 5 3 4 2 10 7 
20180720813 9 1 10 6 2 5 7 8 3 4 
20180720814 5 1 6 9 10 8 2 4 7 3 
20180720815 6 3 1 7 9 2 4 8 10 5 
20180720816 2 6 7 1 9 5 3 10 4 8 
20180720817 5 10 7 4 9 8 1 6 3 2 
20180720818 3 10 2 7 9 8 1 4 6 5 
20180720819 6 3 5 4 7 2 1 8 10 9 
20180720820 3 10 5 9 4 7 6 8 2 1 
20180720821 10 4 1 8 9 3 7 2 5 6 
20180720822 6 3 10 5 7 2 1 8 9 4 
20180720823 5 8 6 9 2 1 10 3 7 4 
20180720824 3 7 2 6 1 4 5 9 10 8 
20180720825 5 6 4 9 8 10 3 2 1 7 
20180720826 8 7 5 4 1 2 3 9 6 10 
20180720827 10 6 1 8 4 7 3 5 9 2 
20180720828 9 4 5 6 10 8 7 3 1 2 
20180720829 3 7 1 2 5 8 4 9 6 10 
20180720830 1 9 5 2 3 4 8 6 10 7 
20180720831 5 8 1 7 10 2 6 4 3 9 
20180720832 2 1 7 5 8 4 9 3 10 6 
20180720833 3 9 5 1 2 10 4 6 8 7 
20180720834 9 10 7 5 6 1 4 2 8 3 
20180720835 3 6 8 5 7 2 4 1 9 10 
20180720836 7 5 2 4 1 10 9 8 3 6 
20180720837 8 3 6 4 2 9 7 10 5 1 
20180720838 5 3 10 8 4 2 7 9 1 6 
20180720839 1 3 10 6 2 8 4 7 9 5 
20180720840 8 7 3 4 9 1 6 2 10 5 
20180720841 10 6 5 9 7 8 2 3 1 4 
20180720842 4 9 7 2 10 3 1 6 8 5 
20180720843 7 1 9 6 8 5 10 2 3 4 
20180720844 2 3 6 5 9 10 7 4 8 1 
20180720845 4 10 7 6 9 1 8 5 3 2 
20180720846 1 7 6 8 5 4 3 2 9 10 
20180720847 2 7 8 9 5 1 3 4 10 6 
20180720848 10 4 7 8 9 2 6 3 5 1 
20180720849 2 8 3 5 6 1 4 9 10 7 
20180720850 8 2 1 5 7 10 6 9 4 3 
20180720851 7 3 9 1 5 10 6 4 2 8 
20180720852 7 10 8 1 4 3 6 5 9 2 
20180720853 10 6 2 9 5 4 3 7 8 1 
20180720854 8 2 4 6 10 9 1 7 3 5 
20180720855 9 6 7 10 1 4 8 2 5 3 
20180720856 2 4 10 8 9 6 5 1 3 7 
20180720857 5 1 9 2 10 4 6 8 3 7 
20180720858 3 2 6 9 1 5 4 10 7 8 
20180720859 9 1 5 4 6 3 10 7 8 2 
20180720860 8 7 10 9 3 6 1 4 2 5 
20180720861 4 5 2 7 6 8 1 10 9 3 
20180720862 6 7 5 2 1 3 9 4 10 8 
20180720863 9 4 6 7 3 1 8 10 5 2 
20180720864 5 7 6 10 2 1 3 8 9 4 
20180720865 7 9 6 5 10 4 8 2 3 1 
20180720866 6 5 9 2 1 8 3 4 10 7 
20180720867 3 1 2 8 9 10 5 7 4 6 
20180720868 8 9 5 1 3 6 2 7 4 10 
20180720869 8 2 9 1 3 5 6 7 10 4 
20180720870 5 4 6 1 7 8 2 9 10 3 
20180720871 6 4 10 9 3 8 2 1 5 7 
20180720872 2 7 4 9 3 6 1 5 10 8 
20180720873 5 10 4 7 2 9 3 8 1 6 
20180720874 5 10 3 8 9 7 1 6 2 4 
20180720875 3 5 4 9 8 7 10 6 1 2 
20180720876 4 3 2 8 1 6 5 7 10 9 
20180720877 9 7 2 1 6 10 8 3 4 5 
20180720878 6 9 5 10 4 3 7 8 1 2 
20180720879 4 6 9 1 10 3 8 7 2 5 
20180720880 1 3 2 9 5 4 8 6 10 7 
20180720881 2 3 9 1 7 5 6 8 4 10 
20180720882 5 6 4 1 8 2 7 3 9 10 
20180720883 4 1 10 9 6 7 8 2 3 5 
20180720884 4 5 9 7 2 8 6 1 10 3 
20180720885 2 9 5 6 1 3 7 4 10 8 
20180720886 4 3 10 9 6 1 5 8 7 2 
20180720887 9 5 3 2 8 4 1 7 10 6 
20180720888 5 1 3 9 2 6 8 4 10 7 
20180720889 9 7 4 3 1 5 8 10 6 2 
20180720890 6 8 4 1 5 3 7 10 2 9 
20180720891 9 1 7 2 5 6 4 8 10 3 
20180720892 7 5 3 4 9 2 6 8 1 10 
20180720893 1 6 2 9 4 7 5 10 3 8 
20180720894 4 6 7 5 3 9 1 10 2 8 
20180720895 10 8 1 6 3 4 5 7 2 9 
20180720896 1 2 3 9 10 5 6 4 7 8 
20180720897 2 9 10 1 3 5 8 6 7 4 
20180720898 9 10 3 4 8 6 7 5 2 1 
20180720899 4 1 5 9 2 7 8 3 10 6 
20180720900 3 1 9 7 2 4 10 6 8 5 
20180720901 7 1 9 5 4 3 6 10 8 2 
20180720902 4 1 8 10 5 9 3 7 2 6 
20180720903 9 4 2 5 3 8 7 10 6 1 
20180720904 4 9 7 1 5 8 2 10 3 6 
20180720905 6 9 4 5 8 10 2 7 3 1 
20180720906 10 7 4 6 9 2 3 8 1 5 
20180720907 1 8 10 4 3 2 5 9 7 6 
20180720908 10 6 1 4 9 3 2 5 7 8 
20180720909 1 9 6 8 10 3 4 7 5 2 
20180720910 5 4 2 7 8 1 9 6 3 10 
20180720911 3 6 9 5 1 2 7 8 4 10 
20180720912 1 2 10 9 3 5 6 8 7 4 
20180720913 7 2 9 4 5 10 3 8 1 6 
20180720914 2 1 3 9 8 4 6 7 5 10 
20180720915 10 6 9 2 8 5 4 3 7 1 
20180720916 1 3 4 2 8 6 10 9 7 5 
20180720917 9 5 10 3 4 8 7 2 1 6 
20180720918 3 6 10 5 8 2 7 4 9 1 
20180720919 6 3 1 10 9 7 2 4 8 5 
20180720920 10 9 7 4 1 5 3 2 6 8 
20180720921 9 4 5 6 1 7 2 10 3 8 
20180720922 3 9 2 7 4 6 10 8 5 1 
20180720923 5 6 3 4 9 1 2 7 8 10 
20180720924 9 5 3 2 1 7 10 8 4 6 
20180720925 3 9 10 2 1 4 6 8 5 7 
20180720926 1 10 4 6 2 5 9 8 3 7 
20180720927 9 1 5 8 3 4 6 10 7 2 
20180720928 3 2 10 4 9 7 5 6 1 8 
20180720929 3 9 1 7 6 8 4 2 10 5 
20180720930 7 5 9 10 3 2 1 4 8 6 
20180720931 6 2 7 9 8 1 5 10 4 3 
20180720932 6 5 3 10 4 7 8 2 9 1 
20180720933 5 6 8 7 4 2 3 1 9 10 
20180720934 2 5 3 10 6 7 1 9 8 4 
20180720935 3 7 5 4 9 1 10 8 6 2 
20180720936 7 4 3 1 10 6 2 8 9 5 
20180720937 8 10 7 2 6 4 3 5 9 1 
20180720938 3 2 10 4 5 7 6 9 1 8 
20180720939 5 8 7 9 4 10 3 1 2 6 
20180720940 6 3 9 10 1 5 4 2 7 8 
20180720941 2 3 8 7 4 5 6 9 1 10 
20180720942 7 3 6 4 1 2 9 5 10 8 
20180720943 2 7 9 10 6 1 8 5 3 4 
20180720944 8 3 1 6 10 4 9 7 5 2 
20180720945 3 4 6 1 2 8 7 5 9 10 
20180720946 9 5 1 6 4 2 8 3 7 10 
20180720947 9 2 8 3 5 7 4 6 1 10 
20180720948 7 2 10 6 9 4 3 5 8 1 
20180720949 9 3 2 4 10 6 5 1 7 8 
20180720950 2 9 5 4 6 8 3 7 10 1 
20180720951 1 8 3 5 10 6 7 9 2 4 
20180720952 3 1 7 10 2 5 8 6 9 4 
20180720953 6 9 1 5 4 3 10 2 8 7 
20180720954 4 9 10 7 3 8 2 6 1 5 
20180720955 10 3 1 8 6 4 7 5 2 9 
20180720956 2 3 1 4 6 7 10 8 9 5 
20180720957 2 6 8 9 10 7 5 3 4 1 
20180720958 3 2 8 5 6 9 4 10 1 7 
20180720959 3 10 2 9 7 5 6 4 1 8 
20180720960 1 3 2 9 7 10 8 6 4 5 
20180720961 1 8 10 7 2 3 6 5 4 9 
20180720962 2 4 1 10 8 9 7 6 5 3 
20180720963 9 7 3 2 6 4 5 10 1 8 
20180720964 5 3 7 4 10 2 6 8 9 1 
20180720965 8 5 3 2 7 10 9 1 6 4 
20180720966 7 1 8 5 4 2 10 3 6 9 
20180720967 10 8 3 4 6 1 5 7 2 9 
20180720968 6 4 7 5 2 3 9 8 1 10 
20180720969 4 1 6 10 5 7 9 3 2 8 
20180720970 4 9 7 5 10 2 1 8 3 6 
20180720971 1 7 6 10 5 2 3 8 4 9 
20180720972 10 3 2 5 8 6 4 9 1 7 
20180720973 9 5 10 6 4 2 8 7 3 1 
20180720974 6 10 7 8 4 2 1 9 3 5 
20180720975 2 3 5 10 7 4 8 1 6 9 
20180720976 5 9 10 2 6 4 7 8 3 1 
20180720977 2 8 5 6 4 10 9 3 7 1 
20180720978 8 5 7 9 10 3 1 4 6 2 
20180720979 7 2 3 6 1 5 9 8 4 10 
20180720980 1 7 6 4 2 3 9 10 5 8 
20180720981 8 4 5 2 9 3 1 7 10 6 
20180720982 4 5 7 1 6 10 2 9 3 8 
20180720983 7 2 3 1 4 8 10 6 9 5 
20180720984 4 8 3 7 2 1 6 9 10 5 
20180720985 7 4 5 8 2 6 3 9 10 1 
