20180714001 4 10 9 7 2 1 5 8 6 3 
20180714002 7 3 6 4 10 8 5 2 1 9 
20180714003 10 1 5 8 6 7 4 9 3 2 
20180714004 2 4 3 5 10 1 6 9 8 7 
20180714005 7 2 6 8 5 9 3 1 4 10 
20180714006 4 5 1 10 3 7 2 6 9 8 
20180714007 7 9 6 2 10 4 3 1 5 8 
20180714008 4 1 9 7 8 5 2 6 10 3 
20180714009 1 7 6 10 9 2 3 4 8 5 
20180714010 3 10 4 5 8 9 1 6 7 2 
20180714011 1 4 3 7 8 5 9 10 6 2 
20180714012 1 9 7 10 4 6 8 3 5 2 
20180714013 2 5 8 6 10 3 7 1 9 4 
20180714014 4 6 8 1 5 3 9 2 10 7 
20180714015 3 10 4 9 1 2 8 7 6 5 
20180714016 9 6 5 3 1 10 7 2 8 4 
20180714017 2 5 7 1 3 8 10 9 6 4 
20180714018 5 10 6 3 9 1 2 7 4 8 
20180714019 6 8 9 4 5 7 1 3 10 2 
20180714020 7 10 6 4 3 9 8 1 5 2 
20180714021 8 5 10 3 7 9 6 2 1 4 
20180714022 8 6 10 5 1 9 7 4 2 3 
20180714023 6 7 3 9 8 5 1 2 10 4 
20180714024 6 7 10 3 1 4 9 2 5 8 
20180714025 4 10 9 8 2 6 1 3 5 7 
20180714026 1 4 2 3 10 5 8 7 9 6 
20180714027 6 3 9 2 4 8 1 5 7 10 
20180714028 9 10 1 5 2 6 8 3 7 4 
20180714029 1 8 5 7 3 6 10 4 2 9 
20180714030 8 10 7 5 2 4 1 9 6 3 
20180714031 1 9 4 2 7 3 5 6 10 8 
20180714032 2 7 8 4 1 6 10 3 5 9 
20180714033 4 6 8 9 5 7 1 10 3 2 
20180714034 7 9 1 8 4 2 10 6 3 5 
20180714035 4 10 7 1 3 9 5 8 6 2 
20180714036 1 2 5 9 7 10 6 3 4 8 
20180714037 6 10 8 2 5 9 3 7 4 1 
20180714038 2 1 7 3 6 8 5 9 10 4 
20180714039 1 2 8 7 3 10 6 9 5 4 
20180714040 2 10 9 5 4 3 8 6 7 1 
20180714041 3 6 8 2 5 9 7 4 10 1 
20180714042 5 3 7 4 1 2 8 9 6 10 
20180714043 3 6 2 5 4 8 1 9 10 7 
20180714044 4 1 9 3 8 2 5 7 10 6 
20180714045 6 8 4 9 7 2 10 3 1 5 
20180714046 8 3 6 10 4 9 5 7 1 2 
20180714047 5 3 7 2 4 6 9 8 1 10 
20180714048 1 2 10 8 4 6 7 3 9 5 
20180714049 1 10 4 2 7 3 9 5 8 6 
20180714050 5 7 8 6 2 10 1 3 4 9 
20180714051 4 9 6 1 10 7 8 5 2 3 
20180714052 2 4 10 3 1 9 5 8 6 7 
20180714053 5 8 1 10 2 7 9 3 6 4 
20180714054 10 2 6 5 3 1 9 7 8 4 
20180714055 10 9 5 8 6 1 3 4 7 2 
20180714056 2 10 6 8 3 5 9 7 4 1 
20180714057 10 9 6 4 1 5 8 7 3 2 
20180714058 5 4 7 3 10 8 9 6 1 2 
20180714059 10 8 4 2 5 9 7 1 6 3 
20180714060 4 6 3 10 1 2 8 5 7 9 
20180714061 3 10 5 6 8 2 4 7 9 1 
20180714062 6 8 7 5 4 2 3 9 10 1 
20180714063 5 1 9 4 6 3 2 7 8 10 
20180714064 6 7 3 8 9 1 4 2 10 5 
20180714065 1 8 4 2 6 5 3 7 10 9 
20180714066 6 4 3 7 10 1 5 2 8 9 
20180714067 4 1 5 3 9 7 6 10 8 2 
20180714068 8 2 6 7 10 3 9 1 4 5 
20180714069 4 2 8 3 5 7 6 1 10 9 
20180714070 2 5 6 10 7 9 8 1 4 3 
20180714071 1 6 3 7 9 10 2 5 8 4 
20180714072 3 7 9 8 1 6 4 5 2 10 
20180714073 10 8 6 3 4 2 7 1 5 9 
20180714074 6 1 10 7 3 8 5 2 9 4 
20180714075 2 7 5 9 1 10 3 8 4 6 
20180714076 2 3 7 8 5 9 1 10 4 6 
20180714077 1 5 7 4 3 9 10 8 2 6 
20180714078 9 8 4 3 2 10 6 1 5 7 
20180714079 1 5 6 4 2 8 10 9 7 3 
20180714080 9 7 6 10 2 1 5 8 3 4 
20180714081 9 8 1 3 2 6 5 10 4 7 
20180714082 5 9 2 6 1 10 3 7 8 4 
20180714083 3 2 9 8 6 4 7 10 1 5 
20180714084 4 8 9 2 1 10 3 6 5 7 
20180714085 10 2 1 3 4 6 9 7 5 8 
20180714086 9 5 1 2 3 6 8 4 7 10 
20180714087 2 6 8 9 10 5 4 1 7 3 
20180714088 4 7 2 6 1 5 9 8 3 10 
20180714089 8 3 5 9 1 7 2 4 10 6 
20180714090 9 6 4 8 1 5 3 2 10 7 
20180714091 3 8 9 2 7 5 10 1 4 6 
20180714092 7 4 2 1 8 5 9 3 10 6 
20180714093 3 7 9 2 8 1 5 4 6 10 
20180714094 7 3 10 5 9 1 4 6 8 2 
20180714095 7 6 8 1 2 5 4 9 10 3 
20180714096 10 7 3 5 8 6 1 2 9 4 
20180714097 2 8 5 3 9 4 6 10 1 7 
20180714098 6 4 9 3 8 7 10 5 2 1 
20180714099 7 4 8 1 10 6 2 3 9 5 
20180714100 7 2 10 5 6 1 9 4 3 8 
20180714101 2 9 3 6 5 7 4 8 1 10 
20180714102 10 6 9 4 8 2 5 3 7 1 
20180714103 4 7 8 2 1 10 3 6 9 5 
20180714104 8 9 7 1 4 6 10 5 2 3 
20180714105 8 5 9 6 7 1 4 3 2 10 
20180714106 9 3 5 7 2 8 6 4 10 1 
20180714107 9 7 8 3 5 1 6 4 10 2 
20180714108 9 5 3 7 2 10 4 6 1 8 
20180714109 8 7 10 5 1 4 3 9 6 2 
20180714110 6 2 10 5 7 1 3 8 9 4 
20180714111 5 7 3 9 2 1 8 10 4 6 
20180714112 6 10 1 4 8 5 9 7 2 3 
20180714113 3 5 10 6 7 4 9 1 2 8 
20180714114 2 4 8 10 6 7 3 9 5 1 
20180714115 8 2 7 10 5 6 4 9 1 3 
20180714116 4 7 2 6 8 5 3 10 9 1 
20180714117 9 5 7 6 3 2 1 10 8 4 
20180714118 8 9 4 6 1 5 7 2 10 3 
20180714119 9 5 2 3 7 8 1 4 10 6 
20180714120 9 5 8 4 3 1 7 10 2 6 
20180714121 5 2 10 1 7 8 9 6 3 4 
20180714122 3 1 6 2 9 7 5 8 10 4 
20180714123 6 1 5 2 8 3 10 9 4 7 
20180714124 6 10 1 3 5 8 7 9 2 4 
20180714125 8 5 9 3 7 1 6 10 2 4 
20180714126 4 6 9 3 10 2 8 7 5 1 
20180714127 8 4 1 7 6 9 2 3 10 5 
20180714128 8 2 4 1 7 10 9 5 6 3 
20180714129 6 8 2 4 1 3 7 9 10 5 
20180714130 1 7 9 6 10 4 3 8 2 5 
20180714131 10 2 6 9 1 3 4 7 8 5 
20180714132 8 5 10 4 3 7 2 9 1 6 
20180714133 1 2 6 5 9 4 8 7 3 10 
20180714134 7 8 6 2 4 5 10 9 3 1 
20180714135 8 5 6 1 9 4 2 10 7 3 
20180714136 5 3 10 2 6 8 9 7 4 1 
20180714137 1 10 5 4 8 6 2 7 9 3 
20180714138 3 6 9 2 1 8 7 5 4 10 
20180714139 9 2 6 10 5 1 4 8 3 7 
20180714140 6 9 8 10 2 7 4 1 3 5 
20180714141 5 4 3 6 7 8 10 2 1 9 
20180714142 3 8 5 10 7 2 1 6 4 9 
20180714143 6 5 10 8 1 9 2 4 3 7 
20180714144 6 4 9 1 2 8 3 7 10 5 
20180714145 9 10 3 7 6 4 8 5 2 1 
20180714146 9 6 4 2 7 8 10 3 5 1 
20180714147 7 6 5 1 4 3 10 8 2 9 
20180714148 9 5 2 1 7 6 4 8 3 10 
20180714149 5 3 8 9 10 7 1 2 6 4 
20180714150 6 3 2 10 1 8 4 9 7 5 
20180714151 3 9 10 6 8 5 2 4 1 7 
20180714152 4 7 5 9 1 10 3 6 2 8 
20180714153 10 8 6 2 1 7 5 3 9 4 
20180714154 3 6 7 8 9 10 4 2 1 5 
20180714155 5 2 7 8 3 1 9 4 10 6 
20180714156 2 9 8 6 5 10 1 3 4 7 
20180714157 4 5 9 8 10 2 3 6 1 7 
20180714158 3 5 7 10 4 8 9 6 1 2 
20180714159 2 4 6 8 7 5 10 9 1 3 
20180714160 5 1 9 2 3 6 10 8 4 7 
20180714161 10 2 4 6 8 7 1 5 3 9 
20180714162 6 10 3 9 8 1 2 4 7 5 
20180714163 10 8 7 3 2 6 1 5 9 4 
20180714164 6 1 2 10 7 8 3 9 4 5 
20180714165 4 9 2 6 8 7 5 1 3 10 
20180714166 8 6 7 1 9 5 4 3 10 2 
20180714167 1 10 2 8 6 4 7 9 5 3 
20180714168 2 6 9 8 5 4 7 3 10 1 
20180714169 8 4 1 7 9 5 10 2 6 3 
20180714170 10 2 8 9 4 6 1 5 3 7 
20180714171 5 1 8 4 9 7 6 3 10 2 
20180714172 5 8 7 2 10 9 4 1 3 6 
20180714173 1 3 7 9 5 10 4 6 8 2 
20180714174 2 5 7 8 3 10 1 9 4 6 
20180714175 4 1 3 7 6 9 5 2 10 8 
20180714176 4 1 7 5 10 9 2 8 3 6 
20180714177 8 10 7 6 9 3 2 1 4 5 
20180714178 7 2 9 4 10 1 3 6 5 8 
20180714179 10 9 2 3 8 7 4 1 6 5 
20180714180 6 5 10 9 4 2 8 3 7 1 
20180714181 4 2 8 7 6 10 3 1 5 9 
20180714182 10 3 4 9 7 2 1 6 5 8 
20180714183 7 8 5 2 9 6 4 3 10 1 
20180714184 9 7 8 6 4 2 10 1 3 5 
20180714185 1 7 9 6 8 5 2 4 10 3 
20180714186 4 9 10 5 8 1 6 2 7 3 
20180714187 2 9 4 3 6 8 5 10 1 7 
20180714188 7 9 5 8 2 3 6 1 10 4 
20180714189 5 8 6 3 7 1 4 10 2 9 
20180714190 4 7 9 2 1 10 5 3 8 6 
20180714191 2 6 7 9 8 4 3 1 10 5 
20180714192 2 5 1 8 3 4 6 10 9 7 
20180714193 4 5 8 6 7 2 1 10 3 9 
20180714194 4 9 5 10 7 2 3 6 8 1 
20180714195 8 10 1 4 6 5 2 3 9 7 
20180714196 7 9 5 3 10 2 6 1 8 4 
20180714197 8 9 3 7 5 4 2 6 10 1 
20180714198 9 10 7 6 2 5 4 8 3 1 
20180714199 9 7 4 1 3 10 6 2 5 8 
20180714200 3 1 4 10 7 2 6 8 5 9 
20180714201 2 4 7 1 5 8 6 9 3 10 
20180714202 5 1 8 3 2 9 7 10 6 4 
20180714203 3 1 7 8 4 2 10 6 9 5 
20180714204 8 6 3 5 10 2 4 9 7 1 
20180714205 2 4 7 6 10 9 5 3 8 1 
20180714206 6 10 4 8 3 1 9 5 7 2 
20180714207 5 7 9 4 2 1 10 3 8 6 
20180714208 5 9 2 6 3 4 8 10 7 1 
20180714209 8 2 7 1 3 6 9 5 10 4 
20180714210 9 3 6 8 2 10 7 4 1 5 
20180714211 4 6 2 9 8 10 3 7 1 5 
20180714212 9 1 10 7 2 8 6 3 5 4 
20180714213 6 2 1 7 3 4 9 5 8 10 
20180714214 6 8 7 4 9 1 3 2 10 5 
20180714215 4 1 8 5 6 2 9 10 7 3 
20180714216 9 10 8 1 3 4 6 2 5 7 
20180714217 8 6 10 5 3 9 2 4 1 7 
20180714218 7 2 1 6 4 8 10 5 3 9 
20180714219 9 4 5 7 3 2 10 8 6 1 
20180714220 10 5 2 7 4 9 1 8 3 6 
20180714221 4 8 3 5 7 2 6 9 1 10 
20180714222 7 5 2 6 4 8 1 3 9 10 
20180714223 8 6 1 10 7 4 3 2 9 5 
20180714224 9 7 5 1 10 2 3 8 4 6 
20180714225 10 8 7 2 9 6 4 1 5 3 
20180714226 2 8 3 7 9 1 5 4 10 6 
20180714227 8 6 10 7 3 1 2 5 9 4 
20180714228 9 5 10 4 3 6 2 1 7 8 
20180714229 2 3 5 6 10 4 9 7 8 1 
20180714230 4 6 7 5 10 8 2 9 3 1 
20180714231 7 5 6 3 1 10 4 8 2 9 
20180714232 9 5 7 4 8 2 10 3 1 6 
20180714233 9 4 3 8 6 7 2 10 1 5 
20180714234 1 3 5 8 9 6 10 2 4 7 
20180714235 10 8 2 6 1 4 3 5 7 9 
20180714236 4 1 5 6 9 7 10 8 2 3 
20180714237 10 1 6 2 9 3 8 4 5 7 
20180714238 7 8 3 4 9 6 1 5 10 2 
20180714239 1 10 7 6 9 4 3 2 5 8 
20180714240 9 5 4 8 10 3 7 1 2 6 
20180714241 7 8 4 3 5 2 9 10 1 6 
20180714242 3 8 5 4 10 2 7 1 9 6 
20180714243 8 9 3 2 5 1 4 7 6 10 
20180714244 9 2 5 6 3 4 1 10 7 8 
20180714245 5 8 7 3 6 2 4 1 9 10 
20180714246 1 4 8 5 3 2 10 7 9 6 
20180714247 7 5 8 10 2 4 3 1 9 6 
20180714248 9 5 3 8 6 1 7 2 10 4 
20180714249 6 1 7 10 2 8 9 4 5 3 
20180714250 8 9 1 6 7 2 5 10 4 3 
20180714251 10 4 5 6 8 3 9 2 7 1 
20180714252 5 2 7 10 6 9 4 3 1 8 
20180714253 4 3 2 6 8 5 9 10 7 1 
20180714254 8 7 9 1 4 3 6 5 10 2 
20180714255 9 2 8 3 10 4 5 6 7 1 
20180714256 4 9 5 1 7 2 6 10 8 3 
20180714257 10 1 7 3 4 5 2 8 6 9 
20180714258 10 9 5 6 7 1 2 3 8 4 
20180714259 1 2 5 9 8 3 7 10 6 4 
20180714260 6 3 7 10 8 1 5 4 9 2 
20180714261 5 7 10 8 2 3 6 9 4 1 
20180714262 3 5 2 10 7 9 6 4 1 8 
20180714263 6 1 2 5 7 10 4 9 8 3 
20180714264 4 6 5 9 8 7 1 3 10 2 
20180714265 3 7 2 1 9 8 4 10 6 5 
20180714266 2 5 6 1 8 7 4 9 10 3 
20180714267 10 9 4 7 5 3 1 6 8 2 
20180714268 9 2 8 7 5 3 1 6 10 4 
20180714269 10 3 4 6 2 5 1 9 8 7 
20180714270 6 2 7 4 5 10 3 9 1 8 
20180714271 9 2 3 5 1 10 4 8 6 7 
20180714272 9 2 1 8 3 10 5 7 4 6 
20180714273 1 4 2 3 9 5 10 8 6 7 
20180714274 10 1 3 4 8 5 2 7 9 6 
20180714275 10 9 6 5 7 8 4 3 2 1 
20180714276 5 1 6 10 9 7 4 2 8 3 
20180714277 10 6 4 2 8 1 7 9 5 3 
20180714278 8 5 10 6 9 1 2 7 4 3 
20180714279 7 6 5 1 8 2 3 10 4 9 
20180714280 2 1 3 4 10 6 7 5 8 9 
20180714281 10 9 2 8 5 3 1 4 6 7 
20180714282 7 2 5 9 3 8 10 4 6 1 
20180714283 5 3 2 9 7 4 6 10 8 1 
20180714284 4 1 10 6 2 8 9 3 7 5 
20180714285 2 3 10 1 6 8 4 5 7 9 
20180714286 10 6 2 7 3 8 9 4 1 5 
20180714287 10 4 8 1 6 9 7 2 3 5 
20180714288 5 7 9 10 2 1 6 4 3 8 
20180714289 7 3 4 1 5 6 9 2 10 8 
20180714290 6 1 7 8 4 10 3 5 9 2 
20180714291 9 6 3 8 2 1 4 5 10 7 
20180714292 3 1 7 9 4 5 6 8 10 2 
20180714293 5 10 8 9 4 6 1 3 7 2 
20180714294 10 5 7 8 9 2 3 6 1 4 
20180714295 7 8 2 1 5 10 9 4 3 6 
20180714296 5 7 2 8 9 3 10 1 6 4 
20180714297 7 3 6 10 9 8 5 4 2 1 
20180714298 9 8 6 1 7 4 3 5 10 2 
20180714299 7 5 10 6 3 8 2 9 4 1 
20180714300 7 5 8 2 9 6 4 1 10 3 
20180714301 10 7 2 8 6 1 4 5 3 9 
20180714302 10 7 6 1 5 3 9 4 2 8 
20180714303 5 10 4 9 8 3 6 1 7 2 
20180714304 9 7 6 3 10 5 4 1 2 8 
20180714305 1 4 5 3 9 2 6 8 7 10 
20180714306 3 1 7 10 9 5 4 6 2 8 
20180714307 2 9 3 1 5 4 7 6 8 10 
20180714308 7 8 3 10 5 2 6 1 4 9 
20180714309 3 1 7 5 4 9 6 2 8 10 
20180714310 7 9 5 2 1 4 6 8 10 3 
20180714311 1 8 10 5 3 9 2 7 6 4 
20180714312 3 10 2 8 6 1 5 4 9 7 
20180714313 2 3 5 1 9 4 7 8 10 6 
20180714314 6 9 8 1 4 10 5 3 7 2 
20180714315 8 3 5 6 4 10 7 9 2 1 
20180714316 4 2 3 5 9 10 8 6 1 7 
20180714317 2 10 6 7 5 4 1 8 3 9 
20180714318 8 3 1 2 9 6 4 10 7 5 
20180714319 8 7 5 4 10 2 6 3 9 1 
20180714320 2 7 9 5 10 4 3 1 6 8 
20180714321 9 4 10 5 8 2 6 3 7 1 
20180714322 4 9 2 8 5 7 10 1 6 3 
20180714323 8 3 2 1 9 10 5 7 4 6 
20180714324 7 8 5 9 2 4 6 10 3 1 
20180714325 2 9 5 6 7 3 1 8 4 10 
20180714326 4 10 2 5 3 9 8 7 1 6 
20180714327 4 10 1 7 9 2 8 3 6 5 
20180714328 10 2 1 4 9 6 8 3 5 7 
20180714329 9 6 8 1 7 5 2 3 10 4 
20180714330 9 3 4 1 5 7 8 2 6 10 
20180714331 6 8 4 1 10 7 3 5 2 9 
20180714332 1 5 8 3 7 4 10 6 9 2 
20180714333 9 10 2 1 6 4 3 7 5 8 
20180714334 8 4 7 3 2 9 1 5 6 10 
20180714335 7 4 5 3 8 6 1 10 9 2 
20180714336 4 3 6 2 10 1 7 9 8 5 
20180714337 9 5 2 7 4 8 10 1 6 3 
20180714338 4 9 2 1 7 6 8 3 5 10 
20180714339 8 6 3 2 5 10 1 9 4 7 
20180714340 4 9 3 2 1 6 5 10 7 8 
20180714341 5 8 1 10 4 7 6 2 3 9 
20180714342 6 10 4 5 7 8 3 1 9 2 
20180714343 2 4 10 1 8 3 5 9 7 6 
20180714344 3 8 2 4 5 6 9 1 10 7 
20180714345 3 8 4 9 10 5 6 2 1 7 
20180714346 4 2 5 9 7 6 10 3 8 1 
20180714347 3 5 10 4 6 9 2 1 7 8 
20180714348 5 6 8 10 7 4 2 3 9 1 
20180714349 8 7 2 6 5 9 3 1 10 4 
20180714350 5 4 3 8 2 1 10 7 6 9 
20180714351 10 5 6 4 2 7 8 9 3 1 
20180714352 9 8 6 7 1 10 3 2 4 5 
20180714353 9 2 4 3 8 6 5 10 1 7 
20180714354 1 9 6 4 7 2 10 5 8 3 
20180714355 10 2 1 6 5 9 4 7 8 3 
20180714356 9 5 6 1 7 3 10 4 8 2 
20180714357 3 1 8 10 9 2 4 6 5 7 
20180714358 7 2 3 4 8 10 6 9 5 1 
20180714359 4 10 3 7 8 2 9 6 5 1 
20180714360 1 4 2 8 5 6 10 3 9 7 
20180714361 4 10 1 5 8 9 6 7 2 3 
20180714362 7 3 6 10 4 9 5 2 8 1 
20180714363 7 8 2 1 5 4 10 6 9 3 
20180714364 3 9 6 4 7 5 1 2 10 8 
20180714365 6 8 4 5 10 9 7 2 3 1 
20180714366 9 1 8 2 4 7 10 5 3 6 
20180714367 9 3 7 2 5 1 10 6 4 8 
20180714368 3 1 5 8 10 9 6 4 7 2 
20180714369 10 6 4 3 7 8 1 5 2 9 
20180714370 4 8 7 6 1 5 3 10 9 2 
20180714371 7 1 4 2 10 6 3 5 9 8 
20180714372 2 10 1 7 8 4 6 9 3 5 
20180714373 9 1 3 7 10 5 8 2 4 6 
20180714374 1 4 10 7 5 9 3 6 2 8 
20180714375 4 9 6 3 5 7 8 10 1 2 
20180714376 5 8 4 7 2 6 1 9 3 10 
20180714377 4 8 5 7 10 6 3 9 1 2 
20180714378 4 5 10 9 6 1 2 8 7 3 
20180714379 6 8 2 3 5 10 4 1 9 7 
20180714380 7 3 1 5 8 6 4 10 2 9 
20180714381 10 7 4 8 9 6 3 2 1 5 
20180714382 5 3 2 9 8 6 10 4 1 7 
20180714383 3 8 10 4 2 5 9 7 1 6 
20180714384 1 4 5 9 6 8 2 7 3 10 
20180714385 5 9 2 7 4 1 10 8 3 6 
20180714386 10 4 8 7 1 5 3 2 9 6 
20180714387 3 7 6 2 8 4 9 5 1 10 
20180714388 10 2 7 3 1 8 9 4 6 5 
20180714389 7 10 3 2 1 8 9 6 4 5 
20180714390 3 6 5 9 10 4 7 2 1 8 
20180714391 4 3 8 10 9 6 2 5 1 7 
20180714392 8 9 1 2 3 5 7 4 6 10 
20180714393 8 10 2 5 1 7 3 6 4 9 
20180714394 3 1 7 9 10 2 5 4 6 8 
20180714395 6 1 8 10 4 7 3 5 2 9 
20180714396 9 8 10 7 4 6 1 3 2 5 
20180714397 10 2 4 5 1 8 6 7 3 9 
20180714398 8 5 7 2 1 9 3 4 6 10 
20180714399 8 6 7 9 1 10 4 5 2 3 
20180714400 7 6 3 2 8 9 5 1 10 4 
20180714401 5 9 2 8 10 4 6 3 7 1 
20180714402 7 6 4 2 1 10 8 9 5 3 
20180714403 9 5 1 6 8 7 4 3 10 2 
20180714404 8 3 2 7 4 1 10 5 9 6 
20180714405 3 2 6 4 10 8 7 9 1 5 
20180714406 3 5 4 1 9 7 8 6 10 2 
20180714407 2 1 10 8 5 4 6 3 7 9 
20180714408 6 9 10 7 8 2 3 4 1 5 
20180714409 6 10 2 1 3 5 9 4 7 8 
20180714410 4 5 3 10 8 6 7 1 9 2 
20180714411 4 6 9 2 10 7 5 1 3 8 
20180714412 4 6 10 3 9 2 7 1 8 5 
20180714413 10 6 3 9 1 7 5 8 4 2 
20180714414 5 3 7 1 8 2 4 6 10 9 
20180714415 4 10 5 6 9 7 1 2 8 3 
20180714416 8 10 1 9 3 6 4 2 5 7 
20180714417 3 1 10 6 7 2 4 9 5 8 
20180714418 10 7 3 5 1 4 2 8 6 9 
20180714419 1 4 6 10 8 5 9 3 7 2 
20180714420 6 3 7 8 9 5 1 4 2 10 
20180714421 1 4 9 10 7 2 3 8 6 5 
20180714422 6 3 10 7 8 9 2 5 4 1 
20180714423 2 4 5 1 10 8 7 3 6 9 
20180714424 2 6 1 10 8 7 5 9 4 3 
20180714425 9 3 1 5 2 4 10 8 7 6 
20180714426 7 4 5 10 8 1 2 6 9 3 
20180714427 8 2 5 1 9 7 10 4 3 6 
20180714428 1 9 8 7 10 4 5 3 6 2 
20180714429 9 8 1 3 10 5 2 4 6 7 
20180714430 8 1 4 5 10 9 7 2 6 3 
20180714431 3 2 8 6 4 1 10 7 9 5 
20180714432 3 4 6 8 1 9 2 7 10 5 
20180714433 6 3 2 5 1 9 4 10 8 7 
20180714434 9 1 2 6 7 8 10 4 3 5 
20180714435 7 3 5 8 9 10 1 6 4 2 
20180714436 8 6 3 5 9 4 2 7 10 1 
20180714437 10 7 2 6 9 3 8 5 4 1 
20180714438 8 6 2 9 3 10 1 5 7 4 
20180714439 6 3 2 4 1 7 10 5 8 9 
20180714440 6 1 2 4 9 5 8 3 7 10 
20180714441 5 7 10 1 9 8 3 6 2 4 
20180714442 2 6 7 10 1 5 9 4 3 8 
20180714443 3 2 6 9 10 4 7 1 8 5 
20180714444 7 6 3 10 1 5 9 4 2 8 
20180714445 5 2 4 8 6 3 10 1 9 7 
20180714446 3 5 9 1 4 8 7 10 2 6 
20180714447 4 1 9 6 2 7 5 10 3 8 
20180714448 4 3 10 9 8 2 5 6 7 1 
20180714449 10 5 9 4 1 2 6 8 7 3 
20180714450 1 2 9 6 5 8 3 7 10 4 
20180714451 7 10 5 8 4 6 1 3 9 2 
20180714452 9 1 3 4 8 5 10 7 6 2 
20180714453 4 9 2 8 7 1 5 10 6 3 
20180714454 2 4 1 6 8 3 10 5 9 7 
20180714455 1 5 9 4 6 3 7 10 2 8 
20180714456 7 9 2 6 4 8 1 10 3 5 
20180714457 9 7 8 6 2 3 10 1 4 5 
20180714458 7 4 9 6 2 1 3 10 5 8 
20180714459 5 7 4 10 3 6 1 2 8 9 
20180714460 2 5 4 8 1 6 10 9 3 7 
20180714461 9 2 5 10 7 1 3 8 4 6 
20180714462 9 5 1 4 7 6 8 2 3 10 
20180714463 4 6 7 2 5 10 9 1 8 3 
20180714464 6 8 1 9 7 3 10 2 5 4 
20180714465 4 3 10 8 2 7 6 1 5 9 
20180714466 1 2 7 5 3 4 6 9 8 10 
20180714467 6 2 8 4 9 7 3 1 10 5 
20180714468 4 7 8 9 1 5 6 10 3 2 
20180714469 9 3 7 6 10 8 4 2 5 1 
20180714470 3 10 4 7 8 6 1 2 5 9 
20180714471 1 7 9 6 4 5 8 3 10 2 
20180714472 9 8 7 5 10 1 6 2 3 4 
20180714473 1 10 3 6 2 4 9 8 5 7 
20180714474 6 4 3 1 10 8 7 2 9 5 
20180714475 2 10 1 3 8 6 7 4 9 5 
20180714476 10 8 6 7 1 3 4 5 9 2 
20180714477 1 2 4 9 8 6 7 3 10 5 
20180714478 10 6 1 8 3 2 7 9 4 5 
20180714479 4 3 10 8 5 7 1 2 9 6 
20180714480 4 2 10 7 9 8 5 6 3 1 
20180714481 3 8 1 6 7 4 10 9 2 5 
20180714482 2 7 4 1 10 3 8 9 5 6 
20180714483 9 7 10 3 5 6 4 8 2 1 
20180714484 7 6 5 1 2 9 3 10 4 8 
20180714485 4 1 6 9 8 7 5 2 10 3 
20180714486 10 2 8 7 5 6 9 3 1 4 
20180714487 2 10 8 9 5 7 6 4 1 3 
20180714488 7 1 4 8 10 6 5 3 9 2 
20180714489 8 3 10 6 9 4 7 5 1 2 
20180714490 1 7 4 3 5 6 2 8 9 10 
20180714491 10 9 5 4 7 2 8 6 1 3 
20180714492 2 3 6 10 1 9 5 8 7 4 
20180714493 10 6 3 9 5 4 1 8 7 2 
20180714494 1 5 3 10 8 7 6 9 4 2 
20180714495 3 4 10 9 1 2 7 5 6 8 
20180714496 4 7 6 3 5 1 2 8 9 10 
20180714497 10 5 1 2 4 8 9 6 3 7 
20180714498 8 4 1 9 2 6 7 10 5 3 
20180714499 3 1 4 5 2 10 8 7 6 9 
20180714500 1 8 4 10 5 9 7 2 3 6 
20180714501 10 9 5 8 7 1 3 2 6 4 
20180714502 3 5 8 4 1 10 9 2 6 7 
20180714503 7 3 10 4 2 8 1 9 5 6 
20180714504 6 8 7 10 4 5 3 9 1 2 
20180714505 3 9 1 7 5 2 10 6 4 8 
20180714506 5 4 3 6 10 9 7 1 8 2 
20180714507 10 7 8 3 4 2 9 1 5 6 
20180714508 4 6 3 2 7 9 1 8 10 5 
20180714509 6 4 2 3 7 9 5 1 8 10 
20180714510 7 5 1 3 8 9 6 2 4 10 
20180714511 10 7 8 9 3 5 4 1 6 2 
20180714512 9 4 1 2 8 5 3 10 7 6 
20180714513 4 2 6 3 7 1 5 8 10 9 
20180714514 4 8 7 6 3 10 5 1 9 2 
20180714515 9 2 4 5 6 1 7 10 3 8 
20180714516 1 4 6 9 2 8 10 5 7 3 
20180714517 2 5 8 9 4 10 3 1 7 6 
20180714518 5 2 3 1 4 8 7 6 10 9 
20180714519 4 6 9 8 10 3 1 7 5 2 
20180714520 7 3 9 6 1 2 5 4 10 8 
20180714521 4 10 7 6 2 8 3 1 9 5 
20180714522 8 2 10 3 1 6 9 7 5 4 
20180714523 3 6 8 2 5 10 9 4 1 7 
20180714524 8 3 4 1 2 7 5 9 10 6 
20180714525 6 3 4 2 8 5 7 1 9 10 
20180714526 10 3 6 9 4 1 8 7 2 5 
20180714527 3 9 10 8 7 4 2 1 6 5 
20180714528 9 5 10 3 8 1 2 7 6 4 
20180714529 8 1 7 6 2 9 5 3 10 4 
20180714530 4 2 8 9 10 6 3 7 1 5 
20180714531 1 7 5 3 9 10 8 2 6 4 
20180714532 6 1 2 5 3 9 10 8 7 4 
20180714533 10 9 7 5 8 6 2 4 1 3 
20180714534 6 5 8 10 9 2 7 4 3 1 
20180714535 9 2 6 4 3 7 8 1 10 5 
20180714536 4 10 1 9 7 3 6 2 8 5 
20180714537 8 10 6 7 2 9 3 1 4 5 
20180714538 1 5 8 3 7 4 10 2 9 6 
20180714539 10 6 3 9 7 2 1 4 8 5 
20180714540 3 5 10 6 9 2 4 1 8 7 
20180714541 2 1 10 8 9 4 3 6 5 7 
20180714542 2 10 5 9 7 4 6 3 8 1 
20180714543 2 6 1 10 4 3 9 7 5 8 
20180714544 3 7 10 4 5 2 9 8 1 6 
20180714545 10 2 3 7 4 9 6 8 5 1 
20180714546 3 10 6 7 1 5 9 2 4 8 
20180714547 3 8 4 2 10 7 6 5 1 9 
20180714548 6 10 2 4 3 7 9 5 1 8 
20180714549 1 9 8 7 2 3 6 10 4 5 
20180714550 1 10 4 9 2 7 8 5 3 6 
20180714551 6 10 4 8 1 3 7 2 9 5 
20180714552 9 5 1 8 7 3 6 2 10 4 
20180714553 8 7 4 10 9 1 3 5 6 2 
20180714554 5 1 4 6 10 9 2 8 3 7 
20180714555 4 7 10 6 5 9 8 2 1 3 
20180714556 10 1 4 3 5 2 9 8 6 7 
20180714557 3 6 5 2 7 1 9 8 4 10 
20180714558 4 3 2 1 8 10 9 7 5 6 
20180714559 7 9 10 2 3 6 5 1 4 8 
20180714560 1 5 2 6 10 4 7 9 3 8 
20180714561 10 4 6 8 3 7 5 2 1 9 
20180714562 5 10 6 2 8 4 7 9 3 1 
20180714563 6 1 2 5 9 7 3 10 8 4 
20180714564 2 7 1 4 9 10 3 5 8 6 
20180714565 2 4 10 9 6 1 3 5 8 7 
20180714566 9 2 7 8 3 1 6 10 5 4 
20180714567 1 3 2 6 10 8 9 4 5 7 
20180714568 3 8 9 1 2 6 7 4 10 5 
20180714569 1 5 10 6 9 4 3 2 7 8 
20180714570 2 6 3 4 1 7 5 8 9 10 
20180714571 9 1 3 5 7 6 8 10 4 2 
20180714572 1 4 10 2 5 6 3 8 7 9 
20180714573 1 2 4 10 6 9 8 3 5 7 
20180714574 6 2 8 9 3 7 5 4 1 10 
20180714575 4 10 5 7 6 8 1 2 9 3 
20180714576 3 1 4 6 8 5 7 10 2 9 
20180714577 8 3 7 10 1 9 6 4 5 2 
20180714578 5 1 3 10 2 4 7 6 8 9 
20180714579 2 3 6 8 5 4 1 10 9 7 
20180714580 1 8 6 5 10 4 9 2 7 3 
20180714581 2 8 7 5 6 10 9 3 4 1 
20180714582 10 2 9 8 1 5 3 7 4 6 
20180714583 6 10 5 4 8 3 2 9 1 7 
20180714584 4 3 10 6 2 1 9 8 7 5 
20180714585 10 2 4 8 3 7 1 5 9 6 
20180714586 3 6 10 4 7 5 8 2 1 9 
20180714587 4 1 9 3 8 7 6 2 10 5 
20180714588 4 8 2 6 10 7 1 3 5 9 
20180714589 3 5 8 1 10 6 9 4 7 2 
20180714590 3 6 5 2 9 4 10 1 8 7 
20180714591 9 5 6 4 7 2 8 10 1 3 
20180714592 10 4 9 8 1 2 6 5 7 3 
20180714593 6 7 10 2 8 1 4 3 9 5 
20180714594 4 9 5 8 3 1 7 2 10 6 
20180714595 10 2 4 5 3 8 6 1 9 7 
20180714596 9 4 6 2 7 8 10 1 5 3 
20180714597 7 3 8 1 4 5 6 9 10 2 
20180714598 9 7 8 4 2 5 3 10 1 6 
20180714599 2 5 7 6 10 4 8 3 9 1 
20180714600 5 7 3 1 2 8 9 6 10 4 
20180714601 4 2 3 6 5 8 1 10 9 7 
20180714602 9 3 5 4 8 7 10 1 6 2 
20180714603 4 7 3 6 1 5 9 10 2 8 
20180714604 3 8 1 7 9 4 5 2 6 10 
20180714605 3 7 4 9 2 6 1 8 10 5 
20180714606 9 5 2 10 1 8 4 6 7 3 
20180714607 8 7 9 4 1 10 2 3 5 6 
20180714608 10 1 6 9 7 3 2 8 4 5 
20180714609 6 8 1 2 5 4 9 3 10 7 
20180714610 1 9 4 8 10 2 7 3 6 5 
20180714611 6 8 9 10 7 3 5 2 4 1 
20180714612 5 10 2 4 9 1 6 7 8 3 
20180714613 8 10 9 3 4 5 2 7 6 1 
20180714614 1 9 4 6 8 10 5 7 3 2 
20180714615 2 5 9 6 8 1 10 4 7 3 
20180714616 5 4 7 8 9 2 3 6 10 1 
20180714617 2 3 7 10 1 9 6 4 8 5 
20180714618 3 7 4 10 2 5 8 1 6 9 
20180714619 10 6 1 4 3 2 5 7 9 8 
20180714620 3 10 1 8 7 9 4 6 5 2 
20180714621 10 2 8 1 3 6 4 9 7 5 
20180714622 5 10 6 3 9 1 8 4 2 7 
20180714623 9 4 7 6 2 8 3 1 5 10 
20180714624 3 5 8 4 7 1 2 9 10 6 
20180714625 2 10 8 5 1 7 3 4 6 9 
20180714626 9 1 10 5 2 8 6 3 7 4 
20180714627 8 6 1 3 5 2 9 7 10 4 
20180714628 5 7 2 9 8 3 4 1 10 6 
20180714629 10 6 9 8 1 4 5 2 3 7 
20180714630 2 1 4 5 3 8 6 7 9 10 
20180714631 9 5 10 3 4 6 2 8 7 1 
20180714632 3 9 8 2 7 5 6 4 1 10 
20180714633 5 9 3 7 10 6 1 8 4 2 
20180714634 2 8 1 7 5 10 6 9 3 4 
20180714635 6 8 5 10 4 7 3 9 1 2 
20180714636 1 7 4 2 5 9 6 3 8 10 
20180714637 8 5 9 10 4 1 3 6 2 7 
20180714638 10 3 4 2 6 9 5 7 8 1 
20180714639 2 5 10 9 1 8 4 3 7 6 
20180714640 10 7 1 3 9 5 6 8 4 2 
20180714641 5 3 1 4 9 7 10 8 2 6 
20180714642 5 8 3 9 2 10 7 4 1 6 
20180714643 2 10 7 8 5 9 6 1 4 3 
20180714644 9 6 2 8 3 7 4 5 1 10 
20180714645 10 8 6 2 3 5 1 7 9 4 
20180714646 1 3 9 4 6 10 2 7 8 5 
20180714647 8 6 7 9 1 2 3 10 4 5 
20180714648 7 2 10 9 8 5 6 1 4 3 
20180714649 3 8 6 1 10 7 9 4 5 2 
20180714650 6 8 2 7 1 3 10 9 4 5 
20180714651 4 7 10 5 9 6 1 8 3 2 
20180714652 1 8 5 3 4 7 2 6 10 9 
20180714653 5 8 10 7 9 3 1 2 4 6 
20180714654 6 2 8 1 9 7 3 4 5 10 
20180714655 9 3 8 5 2 10 4 7 1 6 
20180714656 6 9 5 4 7 2 1 3 10 8 
20180714657 2 10 8 9 1 4 7 6 5 3 
20180714658 7 2 4 1 8 10 5 9 6 3 
20180714659 10 7 2 4 6 1 3 8 9 5 
20180714660 9 3 5 8 4 10 7 2 1 6 
20180714661 6 4 8 9 10 3 1 5 2 7 
20180714662 9 3 4 7 1 5 6 2 8 10 
20180714663 4 8 9 3 5 10 6 2 7 1 
20180714664 2 9 1 3 5 10 8 6 7 4 
20180714665 5 3 1 10 9 8 6 4 7 2 
20180714666 8 1 4 5 9 7 6 3 10 2 
20180714667 3 10 1 6 2 8 7 4 5 9 
20180714668 2 6 3 8 9 4 1 7 5 10 
20180714669 9 1 6 10 2 8 7 4 3 5 
20180714670 9 2 4 5 7 1 10 6 8 3 
20180714671 1 3 10 7 6 8 2 9 4 5 
20180714672 8 3 5 2 10 7 1 4 9 6 
20180714673 1 7 3 6 5 10 9 8 4 2 
20180714674 9 8 5 6 4 2 3 10 7 1 
20180714675 1 6 7 2 4 10 5 9 3 8 
20180714676 7 5 3 9 10 4 2 6 8 1 
20180714677 1 4 10 9 2 6 3 7 8 5 
20180714678 8 3 6 10 1 7 2 5 9 4 
20180714679 2 6 3 1 8 5 7 9 4 10 
20180714680 6 5 7 8 9 10 4 1 2 3 
20180714681 4 10 6 8 3 2 1 7 5 9 
20180714682 7 2 9 4 10 3 1 8 5 6 
20180714683 2 7 4 9 10 5 8 3 6 1 
20180714684 4 10 8 7 5 2 3 9 6 1 
20180714685 6 9 3 10 5 8 7 4 1 2 
20180714686 7 3 5 9 10 2 4 8 6 1 
20180714687 2 10 6 3 1 5 7 8 9 4 
20180714688 10 3 2 8 5 6 9 7 4 1 
20180714689 10 4 5 1 3 7 8 6 9 2 
20180714690 3 6 8 9 10 2 5 4 1 7 
20180714691 3 7 9 10 1 2 4 8 6 5 
20180714692 3 7 2 1 5 6 8 9 10 4 
20180714693 4 7 3 10 5 8 1 9 2 6 
20180714694 9 3 10 6 8 5 1 7 2 4 
20180714695 2 9 5 10 3 1 6 4 8 7 
20180714696 1 10 4 7 2 3 8 9 6 5 
20180714697 9 10 3 1 6 2 8 7 5 4 
20180714698 3 1 6 7 10 8 4 2 9 5 
20180714699 10 6 3 7 4 8 1 5 9 2 
20180714700 7 5 2 9 3 8 6 4 1 10 
20180714701 6 2 10 5 4 1 8 7 9 3 
20180714702 8 9 2 6 10 1 5 7 3 4 
20180714703 9 3 10 6 1 2 7 5 4 8 
20180714704 1 9 2 8 3 6 10 4 7 5 
20180714705 10 4 1 2 6 5 3 8 9 7 
20180714706 5 10 2 9 4 7 6 1 8 3 
20180714707 9 5 3 10 7 4 6 1 2 8 
20180714708 8 6 9 2 7 3 1 10 5 4 
20180714709 10 8 9 5 3 6 2 7 4 1 
20180714710 4 2 10 7 8 5 9 3 6 1 
20180714711 10 5 3 9 4 6 2 8 7 1 
20180714712 9 1 10 2 4 7 8 5 3 6 
20180714713 10 1 4 5 8 9 2 6 7 3 
20180714714 3 10 8 4 2 1 6 9 7 5 
20180714715 5 6 9 2 1 4 7 10 3 8 
20180714716 2 8 4 1 6 10 5 9 7 3 
20180714717 4 5 10 2 9 1 6 3 7 8 
20180714718 10 1 2 8 6 3 7 9 5 4 
20180714719 10 4 2 1 7 5 6 9 8 3 
20180714720 6 10 1 5 7 4 9 2 8 3 
20180714721 6 10 4 7 8 9 1 3 2 5 
20180714722 5 2 7 8 6 3 10 1 9 4 
20180714723 10 8 3 9 1 2 7 5 6 4 
20180714724 5 4 8 6 3 9 10 7 2 1 
20180714725 4 8 3 5 6 1 2 7 10 9 
20180714726 6 1 7 8 5 9 3 4 10 2 
20180714727 2 5 4 7 3 6 9 1 10 8 
20180714728 1 4 7 5 6 8 2 10 9 3 
20180714729 6 10 7 2 1 4 8 5 3 9 
20180714730 1 7 9 10 4 5 8 2 6 3 
20180714731 5 6 8 1 3 9 7 2 10 4 
20180714732 8 10 3 6 9 2 7 5 4 1 
20180714733 5 8 1 6 9 4 2 7 3 10 
20180714734 2 3 6 9 4 1 10 8 7 5 
20180714735 10 2 9 1 6 7 3 5 8 4 
20180714736 10 8 2 1 7 6 4 9 5 3 
20180714737 7 1 9 8 2 4 6 10 3 5 
20180714738 3 10 4 2 7 6 8 5 1 9 
20180714739 6 3 2 9 7 5 1 10 4 8 
20180714740 5 7 2 1 3 6 4 10 9 8 
20180714741 3 7 4 8 9 1 10 6 2 5 
20180714742 5 9 3 1 8 7 10 6 2 4 
20180714743 5 7 2 9 6 4 10 8 3 1 
20180714744 10 5 3 7 9 2 8 1 4 6 
20180714745 8 6 5 7 9 1 4 3 10 2 
20180714746 10 8 4 2 1 3 7 5 6 9 
20180714747 8 3 5 4 2 10 6 1 7 9 
20180714748 10 4 5 2 6 7 1 3 8 9 
20180714749 10 3 1 9 8 4 5 7 6 2 
20180714750 6 5 3 8 1 10 7 9 4 2 
20180714751 9 10 8 4 7 6 2 3 1 5 
20180714752 1 8 3 9 10 2 7 5 4 6 
20180714753 7 9 8 4 2 1 3 6 10 5 
20180714754 1 6 4 3 2 8 9 7 10 5 
20180714755 7 9 2 3 6 4 10 8 1 5 
20180714756 1 10 6 7 2 3 9 4 8 5 
20180714757 3 2 5 1 7 9 10 4 8 6 
20180714758 10 3 1 7 9 6 8 4 2 5 
20180714759 3 6 5 2 9 10 4 7 1 8 
20180714760 6 8 3 7 4 5 1 10 9 2 
20180714761 9 10 7 6 5 3 4 1 2 8 
20180714762 10 5 3 6 7 1 4 8 9 2 
20180714763 7 8 5 3 2 9 1 6 4 10 
20180714764 1 4 7 3 8 9 5 6 2 10 
20180714765 7 1 2 5 8 6 3 9 10 4 
20180714766 4 10 1 2 5 3 7 6 9 8 
20180714767 8 10 1 4 7 2 3 5 9 6 
20180714768 9 5 4 6 8 2 3 7 1 10 
20180714769 9 2 7 6 5 1 3 8 10 4 
20180714770 5 3 7 10 1 2 6 9 4 8 
20180714771 7 6 8 2 3 4 5 10 1 9 
20180714772 10 2 1 9 3 5 6 7 4 8 
20180714773 6 7 8 10 4 2 1 5 3 9 
20180714774 1 6 8 4 3 10 9 2 7 5 
20180714775 4 8 9 10 7 2 6 3 1 5 
20180714776 3 6 8 5 1 2 10 9 4 7 
20180714777 9 6 8 5 3 2 7 10 1 4 
20180714778 2 1 10 4 7 8 5 9 3 6 
20180714779 6 2 4 8 3 5 1 7 9 10 
20180714780 9 1 10 4 6 5 8 2 3 7 
20180714781 8 6 3 9 4 5 2 10 1 7 
20180714782 1 10 4 3 9 7 8 5 2 6 
20180714783 10 8 1 5 2 9 3 7 6 4 
20180714784 1 9 6 5 10 8 2 3 7 4 
20180714785 5 8 6 7 2 1 9 4 10 3 
20180714786 6 4 3 9 8 1 10 7 2 5 
20180714787 10 7 5 8 9 2 1 6 4 3 
20180714788 1 6 5 3 9 2 7 4 8 10 
20180714789 7 9 5 3 10 1 8 4 6 2 
20180714790 10 1 6 8 7 9 5 4 3 2 
20180714791 3 4 1 2 8 6 7 5 9 10 
20180714792 8 6 2 10 7 3 5 9 4 1 
20180714793 5 2 6 3 9 1 7 10 4 8 
20180714794 3 4 7 10 1 8 5 2 9 6 
20180714795 9 7 2 8 5 10 3 4 1 6 
20180714796 8 2 10 3 7 6 4 9 5 1 
20180714797 2 7 5 1 3 9 6 10 8 4 
20180714798 1 8 10 4 7 9 5 2 6 3 
20180714799 5 3 10 8 2 1 6 9 4 7 
20180714800 1 5 3 2 6 9 7 8 4 10 
20180714801 2 6 10 7 9 3 8 1 5 4 
20180714802 7 10 1 6 9 5 3 4 8 2 
20180714803 7 4 3 6 8 5 10 1 2 9 
20180714804 10 9 5 7 4 8 2 3 6 1 
20180714805 3 4 5 2 1 8 9 6 10 7 
20180714806 7 5 10 2 6 8 9 4 1 3 
20180714807 9 4 5 2 3 1 7 8 10 6 
20180714808 6 5 8 7 10 3 4 1 9 2 
20180714809 7 5 6 8 3 10 1 2 9 4 
20180714810 1 2 5 3 8 10 7 6 4 9 
20180714811 6 2 5 10 8 3 4 9 1 7 
20180714812 8 3 4 10 5 6 1 9 7 2 
20180714813 2 8 4 10 7 5 6 3 1 9 
20180714814 8 7 10 4 2 9 6 5 1 3 
20180714815 4 8 1 7 6 9 5 10 3 2 
20180714816 4 3 9 1 8 7 2 5 6 10 
20180714817 6 5 9 1 4 3 8 7 10 2 
20180714818 5 6 4 10 3 9 2 8 7 1 
20180714819 8 2 4 10 6 7 3 1 9 5 
20180714820 7 5 9 3 2 8 1 6 4 10 
20180714821 4 7 8 1 10 6 5 2 3 9 
20180714822 5 1 2 8 3 6 9 10 7 4 
20180714823 5 7 2 9 1 6 10 4 3 8 
20180714824 9 4 6 10 2 3 8 1 7 5 
20180714825 9 1 7 2 8 4 3 6 10 5 
20180714826 5 10 1 8 6 3 2 4 9 7 
20180714827 6 8 1 3 7 9 5 10 2 4 
20180714828 9 1 8 5 3 7 10 4 6 2 
20180714829 5 1 4 7 9 8 6 3 2 10 
20180714830 9 2 7 4 5 3 10 1 6 8 
20180714831 3 7 4 6 8 10 9 5 1 2 
20180714832 5 4 8 10 9 2 1 7 3 6 
20180714833 6 7 1 5 2 9 10 8 3 4 
20180714834 9 5 7 10 1 6 8 4 3 2 
20180714835 9 6 4 5 3 8 1 2 10 7 
20180714836 1 10 5 8 9 6 7 2 3 4 
20180714837 10 5 7 9 8 2 6 1 4 3 
20180714838 6 3 4 1 10 5 8 9 7 2 
20180714839 1 7 2 10 8 5 6 9 4 3 
20180714840 10 1 8 4 5 7 3 2 6 9 
20180714841 10 5 9 6 1 8 2 7 4 3 
20180714842 5 4 7 6 9 10 2 1 3 8 
20180714843 2 3 10 6 4 5 1 7 9 8 
20180714844 9 3 7 6 2 10 4 8 1 5 
20180714845 10 3 9 7 8 1 6 4 5 2 
20180714846 9 6 2 3 4 5 8 1 10 7 
20180714847 9 2 10 1 7 6 3 8 5 4 
20180714848 5 9 8 6 3 4 2 10 7 1 
20180714849 3 8 10 4 6 2 5 1 7 9 
20180714850 4 7 6 2 10 1 3 9 5 8 
20180714851 9 4 7 5 1 2 6 10 8 3 
20180714852 2 10 3 9 7 6 4 1 8 5 
20180714853 4 2 3 1 10 5 7 9 6 8 
20180714854 10 4 1 2 9 6 7 3 5 8 
20180714855 5 3 2 1 10 7 8 4 9 6 
20180714856 7 9 1 10 2 5 3 6 4 8 
20180714857 10 4 6 9 3 5 7 8 1 2 
20180714858 6 8 9 10 5 1 7 4 2 3 
20180714859 4 1 5 3 9 2 10 7 6 8 
20180714860 3 5 7 8 2 6 10 9 4 1 
20180714861 4 10 1 3 5 7 8 9 6 2 
20180714862 4 5 1 6 9 2 7 10 8 3 
20180714863 4 6 8 3 10 1 2 5 9 7 
20180714864 2 7 9 8 6 1 4 10 3 5 
20180714865 1 10 4 5 9 8 6 7 2 3 
20180714866 3 2 10 7 8 4 6 9 5 1 
20180714867 6 1 5 9 8 3 2 7 4 10 
20180714868 1 10 5 9 2 4 7 3 6 8 
20180714869 9 4 3 6 1 5 10 8 2 7 
20180714870 7 9 8 1 3 10 6 4 5 2 
20180714871 4 3 5 7 6 1 2 8 10 9 
20180714872 9 7 10 8 4 3 2 1 6 5 
20180714873 6 7 8 2 10 3 9 5 1 4 
20180714874 3 1 7 4 9 8 5 10 6 2 
20180714875 5 3 1 9 4 10 6 7 8 2 
20180714876 1 4 8 5 7 2 3 6 10 9 
20180714877 2 7 8 9 5 4 10 6 1 3 
20180714878 2 6 9 3 5 7 4 10 8 1 
20180714879 6 3 7 2 4 9 10 5 8 1 
20180714880 5 6 3 10 7 8 2 9 4 1 
20180714881 5 9 3 7 4 6 8 2 1 10 
20180714882 2 10 8 9 5 6 1 7 3 4 
20180714883 5 10 3 4 9 7 8 6 1 2 
20180714884 2 9 3 1 8 7 10 6 5 4 
20180714885 2 9 8 3 7 4 10 5 6 1 
20180714886 1 10 6 7 3 5 8 2 9 4 
20180714887 5 7 9 2 8 6 3 10 4 1 
20180714888 10 2 4 9 1 6 5 8 3 7 
20180714889 7 10 8 3 1 9 4 6 5 2 
20180714890 4 10 3 7 2 5 6 1 8 9 
20180714891 7 2 5 9 8 4 3 6 10 1 
20180714892 4 7 1 8 2 9 3 6 10 5 
20180714893 3 4 9 6 2 1 5 7 10 8 
20180714894 10 2 9 5 1 8 3 4 6 7 
20180714895 10 7 4 6 9 8 5 2 3 1 
20180714896 8 5 1 10 3 2 7 4 9 6 
20180714897 2 5 10 3 6 8 4 9 1 7 
20180714898 3 6 1 5 2 4 8 10 9 7 
20180714899 8 3 1 5 9 4 6 7 10 2 
20180714900 6 10 2 8 7 1 5 4 9 3 
20180714901 10 1 9 4 6 5 3 7 8 2 
20180714902 4 3 8 2 6 10 9 5 1 7 
20180714903 8 1 9 6 10 7 3 2 4 5 
20180714904 1 6 8 7 10 9 5 4 2 3 
20180714905 4 9 8 3 7 2 1 10 6 5 
20180714906 5 3 9 8 6 10 2 1 7 4 
20180714907 2 3 7 4 8 6 5 9 1 10 
20180714908 9 4 6 2 10 8 5 1 3 7 
20180714909 6 10 8 7 9 1 2 4 5 3 
20180714910 6 3 10 9 2 8 5 1 7 4 
20180714911 7 2 1 9 4 8 6 3 10 5 
20180714912 8 4 10 2 5 7 9 1 3 6 
20180714913 10 3 5 7 4 1 8 2 9 6 
20180714914 3 10 2 6 1 5 8 4 9 7 
20180714915 3 4 1 2 5 10 6 7 8 9 
20180714916 8 3 5 4 9 10 1 6 7 2 
20180714917 6 4 9 10 3 8 1 5 2 7 
20180714918 9 4 5 10 8 2 3 1 6 7 
20180714919 4 6 5 9 8 10 7 3 2 1 
20180714920 8 10 6 5 7 3 2 4 1 9 
20180714921 6 4 7 10 8 1 2 9 5 3 
20180714922 1 9 7 6 2 8 10 3 4 5 
20180714923 5 4 2 9 6 1 3 7 10 8 
20180714924 7 3 1 9 5 10 8 6 2 4 
20180714925 8 3 1 4 9 5 6 2 10 7 
20180714926 2 10 3 8 7 4 6 5 1 9 
20180714927 9 6 8 4 1 5 2 3 7 10 
20180714928 7 10 6 8 1 9 2 5 4 3 
20180714929 2 9 10 5 7 6 4 1 8 3 
20180714930 4 7 6 5 8 2 3 10 9 1 
20180714931 3 7 4 10 9 2 5 8 6 1 
20180714932 7 10 3 5 2 1 4 8 9 6 
20180714933 2 9 1 7 6 5 4 3 10 8 
20180714934 4 10 1 8 9 5 3 6 7 2 
20180714935 6 1 7 10 2 9 8 4 3 5 
20180714936 7 4 9 2 1 8 6 5 3 10 
20180714937 4 2 3 1 10 5 9 7 8 6 
20180714938 5 10 2 3 8 9 6 4 7 1 
20180714939 5 2 8 3 1 9 6 7 10 4 
20180714940 3 5 10 9 6 8 1 4 7 2 
20180714941 3 7 10 8 2 6 1 9 5 4 
20180714942 10 2 3 4 5 7 8 1 6 9 
20180714943 2 3 4 9 5 1 6 7 10 8 
20180714944 5 9 8 1 3 6 7 10 2 4 
20180714945 2 6 1 4 5 9 10 7 8 3 
20180714946 1 2 6 3 7 10 5 8 4 9 
20180714947 1 7 8 5 2 4 3 10 6 9 
20180714948 3 7 1 8 10 2 5 4 9 6 
20180714949 3 4 7 8 2 6 5 10 9 1 
20180714950 2 10 4 7 9 3 8 6 1 5 
20180714951 7 1 10 6 4 3 2 9 5 8 
20180714952 5 6 10 1 4 8 9 7 2 3 
20180714953 1 5 4 6 3 2 9 10 8 7 
20180714954 7 3 8 10 5 1 6 2 4 9 
20180714955 5 4 7 6 2 10 8 9 3 1 
20180714956 4 5 9 10 6 8 2 7 1 3 
20180714957 3 5 6 4 7 1 9 2 8 10 
20180714958 2 3 7 4 9 8 10 1 5 6 
20180714959 5 6 8 10 4 1 7 2 9 3 
20180714960 7 4 8 10 6 5 9 1 3 2 
20180714961 3 2 9 8 10 5 6 7 4 1 
20180714962 2 1 3 10 5 4 8 6 9 7 
20180714963 8 4 2 1 6 10 9 3 5 7 
20180714964 1 3 6 2 4 10 8 9 7 5 
20180714965 5 10 1 8 4 2 3 9 6 7 
20180714966 9 7 8 3 1 5 4 2 6 10 
20180714967 10 4 9 6 3 2 5 1 8 7 
20180714968 7 2 6 3 9 4 10 5 1 8 
20180714969 9 10 4 7 3 8 5 6 1 2 
20180714970 2 6 9 4 8 3 1 5 7 10 
20180714971 10 2 5 7 1 9 4 8 3 6 
20180714972 8 6 2 3 10 7 5 4 1 9 
20180714973 10 5 9 2 4 1 6 8 7 3 
20180714974 7 10 4 1 9 8 3 5 2 6 
20180714975 6 10 5 9 8 4 1 3 2 7 
20180714976 7 3 8 10 1 9 6 2 5 4 
20180714977 6 10 9 4 5 3 7 8 2 1 
20180714978 8 2 9 7 6 4 1 3 5 10 
20180714979 4 9 6 7 8 10 3 1 2 5 
20180714980 1 8 10 5 7 6 9 3 4 2 
20180714981 10 7 2 9 8 4 5 1 6 3 
20180714982 1 5 7 9 6 2 10 4 3 8 
20180714983 9 3 1 5 2 7 10 6 8 4 
20180714984 3 9 2 1 6 4 5 7 8 10 
20180714985 8 10 1 7 2 4 5 9 6 3 
