20180716001 1 9 3 2 4 8 7 5 10 6 
20180716002 9 1 2 8 3 4 5 10 6 7 
20180716003 6 3 1 8 2 9 7 4 10 5 
20180716004 6 4 5 1 3 9 10 7 8 2 
20180716005 10 9 4 8 5 6 2 3 1 7 
20180716006 2 3 5 9 1 10 7 4 6 8 
20180716007 3 1 6 5 8 7 2 10 9 4 
20180716008 3 9 6 4 10 2 5 8 7 1 
20180716009 8 1 10 6 3 5 9 4 7 2 
20180716010 1 2 5 9 7 3 8 10 4 6 
20180716011 10 3 6 7 5 8 9 1 2 4 
20180716012 2 9 6 10 3 7 4 1 8 5 
20180716013 6 7 2 4 10 8 1 3 5 9 
20180716014 5 3 6 4 2 8 1 7 9 10 
20180716015 7 9 3 8 10 5 2 1 6 4 
20180716016 2 4 8 3 1 9 6 10 7 5 
20180716017 10 8 2 6 1 3 4 9 5 7 
20180716018 6 3 5 1 8 2 10 9 4 7 
20180716019 8 10 5 1 7 3 9 2 6 4 
20180716020 9 8 4 5 3 1 6 10 7 2 
20180716021 6 9 2 4 1 3 5 8 10 7 
20180716022 4 7 6 1 10 3 8 5 2 9 
20180716023 4 6 2 10 5 7 3 8 1 9 
20180716024 7 1 9 3 6 4 10 2 5 8 
20180716025 2 8 5 7 10 3 9 6 1 4 
20180716026 4 2 7 8 1 5 9 6 10 3 
20180716027 8 2 10 4 6 3 7 9 5 1 
20180716028 3 8 9 10 4 6 7 1 5 2 
20180716029 5 7 4 3 8 2 6 9 10 1 
20180716030 7 6 8 2 3 1 4 10 9 5 
20180716031 9 5 8 4 6 1 3 7 10 2 
20180716032 4 2 3 8 1 9 7 5 10 6 
20180716033 5 3 6 9 8 4 7 10 2 1 
20180716034 5 9 4 3 7 2 1 8 10 6 
20180716035 1 8 3 6 4 2 10 5 7 9 
20180716036 1 5 8 3 6 7 4 2 10 9 
20180716037 7 4 3 6 8 5 9 10 1 2 
20180716038 5 2 10 9 1 7 4 8 6 3 
20180716039 10 3 4 2 7 6 8 5 9 1 
20180716040 6 5 1 9 10 3 7 8 4 2 
20180716041 1 6 3 2 10 4 7 8 5 9 
20180716042 10 1 9 5 8 3 4 6 2 7 
20180716043 2 9 10 5 8 1 4 6 3 7 
20180716044 5 10 8 1 3 4 6 2 9 7 
20180716045 3 10 7 1 5 2 8 6 9 4 
20180716046 4 7 8 5 2 6 9 10 1 3 
20180716047 7 10 9 4 5 6 2 1 8 3 
20180716048 8 4 5 1 2 9 7 3 6 10 
20180716049 4 9 10 8 1 3 5 2 6 7 
20180716050 10 1 2 8 3 6 9 7 4 5 
20180716051 1 8 2 5 10 7 3 4 6 9 
20180716052 5 2 9 10 1 4 8 7 3 6 
20180716053 10 4 9 3 5 6 1 8 7 2 
20180716054 5 6 8 4 7 2 9 10 1 3 
20180716055 4 6 9 2 1 3 7 10 8 5 
20180716056 8 6 2 5 7 3 1 9 10 4 
20180716057 1 4 3 10 9 2 8 6 7 5 
20180716058 7 6 1 10 9 5 8 2 4 3 
20180716059 10 5 9 1 3 2 8 4 6 7 
20180716060 2 5 6 3 7 10 4 1 9 8 
20180716061 10 4 3 9 6 5 7 8 1 2 
20180716062 9 6 7 1 2 4 5 10 8 3 
20180716063 9 2 3 4 10 6 1 5 8 7 
20180716064 5 8 4 10 6 3 1 7 2 9 
20180716065 1 7 9 2 5 6 10 4 3 8 
20180716066 3 9 5 7 1 8 6 10 4 2 
20180716067 2 3 7 5 9 8 6 4 1 10 
20180716068 9 10 3 1 8 6 4 2 5 7 
20180716069 9 7 4 2 6 8 3 5 10 1 
20180716070 10 6 1 3 5 2 8 4 9 7 
20180716071 8 5 6 10 1 7 4 9 2 3 
20180716072 5 6 2 8 3 4 10 9 7 1 
20180716073 10 7 8 4 5 9 3 2 6 1 
20180716074 1 2 10 5 9 7 3 4 6 8 
20180716075 6 3 10 4 9 1 2 7 8 5 
20180716076 5 9 4 2 1 8 6 7 10 3 
20180716077 4 8 6 7 2 9 10 3 5 1 
20180716078 3 5 10 4 8 9 1 6 7 2 
20180716079 5 6 7 1 9 10 3 4 8 2 
20180716080 7 4 9 6 5 2 10 3 1 8 
20180716081 9 7 6 10 5 2 1 8 4 3 
20180716082 3 8 7 5 1 2 10 9 4 6 
20180716083 5 10 2 9 3 6 8 7 1 4 
20180716084 9 3 4 7 8 6 10 5 2 1 
20180716085 1 10 4 9 8 3 7 6 5 2 
20180716086 6 1 8 7 9 5 10 3 2 4 
20180716087 2 3 9 7 6 5 8 1 4 10 
20180716088 10 4 5 1 2 3 9 7 6 8 
20180716089 6 5 2 4 10 3 9 8 1 7 
20180716090 4 8 9 1 7 3 5 6 10 2 
20180716091 8 6 7 10 3 2 5 1 4 9 
20180716092 3 9 1 6 4 2 7 8 5 10 
20180716093 8 7 5 3 6 9 2 1 4 10 
20180716094 7 3 6 5 4 10 8 1 9 2 
20180716095 2 4 7 3 10 9 8 1 5 6 
20180716096 8 10 9 2 4 7 5 3 6 1 
20180716097 4 10 9 6 5 7 3 1 2 8 
20180716098 7 8 4 9 10 3 6 2 1 5 
20180716099 8 2 1 9 10 3 6 5 7 4 
20180716100 4 2 6 9 5 10 1 7 8 3 
20180716101 3 10 6 5 1 4 9 8 7 2 
20180716102 5 10 9 8 7 6 2 3 1 4 
20180716103 2 4 10 3 7 8 9 6 1 5 
20180716104 9 5 4 7 3 8 10 1 6 2 
20180716105 3 1 5 4 7 6 2 10 9 8 
20180716106 3 9 4 1 2 7 5 6 8 10 
20180716107 6 1 5 3 9 4 2 10 8 7 
20180716108 3 8 6 4 7 2 9 1 10 5 
20180716109 4 5 7 1 3 9 6 8 10 2 
20180716110 7 5 8 9 4 3 1 10 6 2 
20180716111 10 1 4 6 5 7 8 2 9 3 
20180716112 10 3 9 1 4 6 2 8 5 7 
20180716113 8 7 6 3 2 4 10 1 9 5 
20180716114 7 10 9 8 1 4 5 2 3 6 
20180716115 2 1 6 5 9 3 7 10 8 4 
20180716116 6 1 8 9 7 5 4 3 10 2 
20180716117 8 9 6 4 1 3 5 10 2 7 
20180716118 3 4 2 6 7 10 8 9 1 5 
20180716119 10 1 5 7 3 8 9 2 4 6 
20180716120 10 6 9 8 4 2 7 5 3 1 
20180716121 10 5 6 9 8 7 3 4 2 1 
20180716122 1 5 10 4 9 7 8 2 6 3 
20180716123 6 2 4 7 1 10 5 3 8 9 
20180716124 10 9 4 2 5 3 6 7 1 8 
20180716125 6 10 8 4 5 7 1 2 9 3 
20180716126 3 8 10 2 6 9 5 7 4 1 
20180716127 6 10 7 2 3 8 1 4 5 9 
20180716128 1 2 9 4 7 8 5 3 6 10 
20180716129 9 5 2 1 10 8 4 3 6 7 
20180716130 6 4 1 10 7 5 3 8 2 9 
20180716131 10 7 2 3 5 8 9 4 6 1 
20180716132 8 7 4 1 2 6 5 9 3 10 
20180716133 1 3 8 10 5 6 2 4 7 9 
20180716134 9 4 7 1 6 2 10 8 5 3 
20180716135 6 7 4 5 1 2 10 3 8 9 
20180716136 3 1 7 8 2 5 4 10 6 9 
20180716137 6 3 8 10 4 5 7 9 1 2 
20180716138 9 7 5 1 4 2 8 10 6 3 
20180716139 9 2 3 10 5 7 4 6 1 8 
20180716140 4 9 2 5 7 3 10 8 6 1 
20180716141 2 7 1 8 3 4 5 9 6 10 
20180716142 2 4 10 3 9 1 7 8 6 5 
20180716143 9 10 4 5 6 3 8 7 2 1 
20180716144 10 3 6 2 9 1 8 4 7 5 
20180716145 1 4 7 8 3 9 6 2 5 10 
20180716146 8 3 7 5 6 1 4 9 2 10 
20180716147 4 2 9 8 1 5 10 3 6 7 
20180716148 8 6 3 5 10 4 1 9 2 7 
20180716149 8 7 9 5 1 4 3 2 6 10 
20180716150 2 1 7 8 10 5 3 4 6 9 
20180716151 9 8 5 1 2 10 6 4 7 3 
20180716152 10 6 9 8 5 7 3 4 2 1 
20180716153 9 3 10 7 5 1 4 2 8 6 
20180716154 8 6 9 10 3 1 7 5 4 2 
20180716155 6 10 9 3 4 8 7 1 2 5 
20180716156 8 1 10 9 5 4 6 2 7 3 
20180716157 1 6 4 9 3 10 5 2 7 8 
20180716158 10 5 3 7 1 8 9 2 4 6 
20180716159 6 1 10 7 3 8 4 9 5 2 
20180716160 5 2 9 4 3 8 10 7 1 6 
20180716161 10 4 3 1 8 7 9 5 6 2 
20180716162 7 4 3 1 6 9 2 8 10 5 
20180716163 8 3 10 5 6 1 7 2 4 9 
20180716164 5 9 6 1 8 2 7 3 10 4 
20180716165 9 5 10 2 4 7 6 1 8 3 
20180716166 7 9 2 3 6 4 5 1 8 10 
20180716167 2 10 3 1 5 7 9 6 8 4 
20180716168 8 2 9 1 6 7 10 3 5 4 
20180716169 9 7 8 5 10 3 2 1 6 4 
20180716170 9 2 8 3 7 4 1 10 6 5 
20180716171 1 3 10 4 6 5 7 8 9 2 
20180716172 9 8 4 2 1 5 3 7 6 10 
20180716173 6 7 9 10 3 1 4 5 2 8 
20180716174 10 9 4 2 3 1 7 8 6 5 
20180716175 7 5 9 1 3 4 8 2 10 6 
20180716176 6 2 4 10 7 5 9 8 3 1 
20180716177 7 10 6 4 9 3 2 8 5 1 
20180716178 8 10 4 1 6 5 9 7 3 2 
20180716179 4 9 10 6 1 7 3 8 2 5 
20180716180 1 3 2 6 10 8 5 9 4 7 
20180716181 8 9 3 6 2 7 4 5 10 1 
20180716182 4 9 6 7 5 2 8 1 10 3 
20180716183 5 4 9 8 10 1 3 2 7 6 
20180716184 6 10 8 2 7 4 9 5 1 3 
20180716185 9 8 2 7 3 6 1 10 4 5 
20180716186 7 8 2 4 10 5 6 3 1 9 
20180716187 6 7 4 10 1 2 3 8 9 5 
20180716188 5 7 8 3 4 1 9 2 10 6 
20180716189 8 9 2 6 5 1 10 7 3 4 
20180716190 2 3 9 8 10 7 4 1 5 6 
20180716191 2 5 10 1 6 9 4 3 8 7 
20180716192 10 3 1 4 7 5 2 8 9 6 
20180716193 9 8 5 7 6 10 2 4 1 3 
20180716194 3 6 1 8 7 10 4 5 2 9 
20180716195 5 1 9 2 4 3 7 8 10 6 
20180716196 8 1 4 7 5 2 10 3 6 9 
20180716197 10 2 9 7 8 6 1 5 3 4 
20180716198 4 3 10 9 6 8 1 7 5 2 
20180716199 1 9 3 10 2 6 4 7 8 5 
20180716200 9 10 6 7 5 4 8 2 1 3 
20180716201 7 10 4 9 3 8 2 6 5 1 
20180716202 5 3 8 6 4 1 7 9 2 10 
20180716203 7 1 5 9 3 8 2 10 6 4 
20180716204 10 7 4 3 9 8 6 5 2 1 
20180716205 3 6 4 8 2 7 5 10 1 9 
20180716206 5 6 4 1 8 3 7 2 10 9 
20180716207 4 6 8 2 7 9 1 10 3 5 
20180716208 3 10 5 7 9 6 4 8 1 2 
20180716209 4 5 2 8 10 6 7 1 9 3 
20180716210 6 2 9 7 8 4 5 10 1 3 
20180716211 1 4 10 3 9 2 5 6 8 7 
20180716212 8 5 1 6 4 10 2 3 9 7 
20180716213 7 2 10 5 9 3 8 4 6 1 
20180716214 1 6 4 7 5 2 10 3 8 9 
20180716215 7 4 2 3 5 8 1 10 9 6 
20180716216 3 4 2 8 10 1 9 6 7 5 
20180716217 5 7 10 1 2 8 3 6 9 4 
20180716218 7 1 8 2 10 6 9 3 4 5 
20180716219 7 9 1 3 6 5 2 8 4 10 
20180716220 6 7 8 5 4 1 10 9 3 2 
20180716221 6 9 10 5 4 3 1 2 7 8 
20180716222 6 1 10 9 7 3 8 2 5 4 
20180716223 9 4 7 10 3 8 1 5 6 2 
20180716224 3 10 6 8 5 7 4 9 2 1 
20180716225 3 4 2 8 7 10 9 1 5 6 
20180716226 3 10 2 8 6 1 4 9 5 7 
20180716227 7 6 8 5 2 1 4 3 9 10 
20180716228 3 10 8 5 7 2 4 1 6 9 
20180716229 3 1 5 10 9 8 7 4 2 6 
20180716230 8 7 3 1 4 5 10 9 6 2 
20180716231 7 8 2 3 4 9 5 10 1 6 
20180716232 3 5 10 1 7 8 9 6 4 2 
20180716233 1 4 10 5 6 7 9 2 8 3 
20180716234 6 7 10 8 9 4 5 1 2 3 
20180716235 4 9 8 5 1 6 10 7 3 2 
20180716236 8 6 4 3 2 9 10 1 7 5 
20180716237 6 8 7 4 2 9 5 10 3 1 
20180716238 2 1 8 3 4 6 7 9 10 5 
20180716239 7 5 6 8 2 1 3 4 9 10 
20180716240 7 6 1 10 3 9 8 2 5 4 
20180716241 6 3 8 4 5 2 7 10 9 1 
20180716242 6 5 2 3 4 7 1 8 9 10 
20180716243 6 3 7 5 1 2 9 4 10 8 
20180716244 5 2 7 1 6 3 4 10 9 8 
20180716245 10 2 8 3 9 5 1 4 7 6 
20180716246 2 5 9 8 6 4 1 10 7 3 
20180716247 9 4 1 6 8 3 7 5 10 2 
20180716248 5 4 6 2 1 8 9 3 10 7 
20180716249 10 3 4 9 7 6 2 8 1 5 
20180716250 3 2 7 10 4 1 6 5 9 8 
20180716251 8 2 4 9 10 7 5 1 6 3 
20180716252 6 3 5 8 7 2 4 9 1 10 
20180716253 9 5 8 4 3 6 7 10 1 2 
20180716254 4 3 9 1 10 5 2 6 7 8 
20180716255 1 10 5 3 8 6 7 9 2 4 
20180716256 5 3 4 10 8 6 1 2 9 7 
20180716257 7 2 10 1 3 6 8 4 5 9 
20180716258 2 10 6 8 4 3 5 1 9 7 
20180716259 3 1 10 4 7 2 9 8 5 6 
20180716260 7 3 6 10 1 9 2 5 8 4 
20180716261 7 1 6 2 4 8 10 3 5 9 
20180716262 8 4 7 10 2 3 1 6 5 9 
20180716263 9 4 1 2 5 8 3 6 7 10 
20180716264 4 6 2 10 9 5 8 7 1 3 
20180716265 4 6 2 10 8 7 1 9 5 3 
20180716266 4 6 1 5 9 3 2 8 7 10 
20180716267 6 3 1 7 4 2 9 10 5 8 
20180716268 7 9 1 5 10 6 2 3 4 8 
20180716269 9 8 3 2 10 4 5 6 7 1 
20180716270 1 5 10 6 9 3 8 7 4 2 
20180716271 9 3 5 4 7 10 6 1 8 2 
20180716272 5 3 8 9 4 1 2 6 10 7 
20180716273 1 3 8 2 5 10 9 6 4 7 
20180716274 8 10 1 4 6 3 5 7 2 9 
20180716275 9 3 10 6 1 8 5 4 2 7 
20180716276 1 3 4 5 8 9 7 10 6 2 
20180716277 8 3 9 6 7 4 2 1 10 5 
20180716278 9 3 6 1 10 4 8 7 5 2 
20180716279 6 5 4 9 7 2 8 3 10 1 
20180716280 4 10 3 9 2 8 5 7 1 6 
20180716281 6 1 2 7 8 10 3 9 5 4 
20180716282 10 3 6 8 9 2 7 5 1 4 
20180716283 4 2 6 5 10 3 1 7 9 8 
20180716284 7 6 1 2 3 10 8 4 9 5 
20180716285 7 3 5 8 9 10 1 4 6 2 
20180716286 4 1 9 3 6 2 8 7 10 5 
20180716287 3 7 10 2 5 6 9 4 1 8 
20180716288 3 4 8 6 10 7 9 1 5 2 
20180716289 5 9 1 10 6 4 3 2 8 7 
20180716290 9 10 3 6 1 5 7 4 8 2 
20180716291 10 6 8 2 7 4 3 5 1 9 
20180716292 1 2 3 10 9 7 4 8 6 5 
20180716293 2 10 8 5 4 9 6 1 3 7 
20180716294 5 3 4 9 6 1 2 7 10 8 
20180716295 2 7 5 9 8 10 4 6 1 3 
20180716296 4 8 5 7 10 9 3 6 1 2 
20180716297 2 4 1 7 3 9 6 10 5 8 
20180716298 2 10 9 7 5 6 3 1 4 8 
20180716299 10 2 5 9 1 4 6 8 3 7 
20180716300 2 4 3 1 8 7 10 9 6 5 
20180716301 6 1 2 4 8 3 9 10 5 7 
20180716302 5 3 2 8 9 10 6 7 1 4 
20180716303 7 5 9 1 6 8 2 10 4 3 
20180716304 3 1 4 6 10 5 2 7 8 9 
20180716305 8 6 7 10 5 3 1 9 4 2 
20180716306 9 2 10 6 1 5 8 3 4 7 
20180716307 8 4 2 6 1 9 10 3 5 7 
20180716308 5 6 9 3 8 2 10 7 4 1 
20180716309 5 9 8 2 4 1 10 3 6 7 
20180716310 2 8 1 7 4 5 3 9 10 6 
20180716311 5 10 8 3 9 4 6 1 2 7 
20180716312 7 9 2 5 1 8 10 3 4 6 
20180716313 10 5 3 9 4 8 1 7 6 2 
20180716314 4 9 1 7 5 6 3 2 8 10 
20180716315 2 5 3 7 9 8 6 10 1 4 
20180716316 4 3 2 8 9 7 5 1 10 6 
20180716317 10 8 4 2 6 9 3 1 7 5 
20180716318 6 10 9 2 4 3 5 7 8 1 
20180716319 2 10 3 4 6 1 9 5 8 7 
20180716320 9 5 3 10 6 4 2 1 8 7 
20180716321 4 9 8 5 1 7 3 2 10 6 
20180716322 3 9 1 8 2 7 6 4 5 10 
20180716323 10 5 4 6 8 2 1 7 3 9 
20180716324 3 6 5 10 1 4 9 2 7 8 
20180716325 7 10 2 4 9 5 8 3 1 6 
20180716326 2 7 6 3 9 8 1 5 4 10 
20180716327 5 1 4 9 3 7 8 10 6 2 
20180716328 2 4 7 10 3 5 6 1 9 8 
20180716329 7 9 3 8 10 2 4 6 1 5 
20180716330 10 5 7 4 2 9 1 8 6 3 
20180716331 2 9 7 3 1 6 5 8 10 4 
20180716332 2 7 5 8 3 9 6 10 4 1 
20180716333 5 9 10 8 6 7 3 1 2 4 
20180716334 1 2 9 10 8 7 4 5 6 3 
20180716335 3 9 2 7 4 10 6 1 5 8 
20180716336 5 7 9 6 1 2 4 10 3 8 
20180716337 1 6 3 4 7 2 8 5 9 10 
20180716338 10 4 9 1 3 2 8 6 7 5 
20180716339 7 10 1 6 8 3 9 4 2 5 
20180716340 3 10 6 9 4 1 7 2 8 5 
20180716341 5 6 1 9 10 7 3 4 8 2 
20180716342 5 4 7 10 2 3 1 6 9 8 
20180716343 10 9 7 1 8 6 3 2 5 4 
20180716344 4 10 8 1 6 3 7 5 9 2 
20180716345 10 4 1 3 2 5 6 7 8 9 
20180716346 6 9 5 8 2 10 4 7 3 1 
20180716347 4 6 7 5 1 3 8 9 10 2 
20180716348 1 10 2 5 9 7 8 4 6 3 
20180716349 9 1 7 4 8 2 6 5 3 10 
20180716350 3 1 2 6 7 8 5 9 10 4 
20180716351 10 3 7 8 2 9 6 4 1 5 
20180716352 9 4 3 2 1 5 8 6 10 7 
20180716353 7 5 6 1 3 4 10 8 2 9 
20180716354 2 9 6 8 10 1 5 3 4 7 
20180716355 4 3 8 5 1 10 2 9 7 6 
20180716356 8 2 10 1 5 6 7 4 9 3 
20180716357 1 7 5 3 9 8 4 6 2 10 
20180716358 9 2 10 1 5 8 3 6 4 7 
20180716359 7 1 6 9 3 10 4 5 2 8 
20180716360 4 7 6 1 3 10 5 2 9 8 
20180716361 2 5 6 4 9 7 8 3 1 10 
20180716362 9 1 8 5 6 3 2 10 4 7 
20180716363 7 2 1 6 8 3 4 5 9 10 
20180716364 3 2 1 5 7 10 9 6 4 8 
20180716365 4 6 9 1 10 3 8 2 5 7 
20180716366 8 1 10 4 2 7 3 5 9 6 
20180716367 6 10 8 2 4 9 7 1 5 3 
20180716368 2 1 6 3 9 5 4 10 7 8 
20180716369 3 9 1 10 2 4 6 8 7 5 
20180716370 10 4 3 9 5 6 1 2 8 7 
20180716371 4 7 2 9 5 1 6 3 8 10 
20180716372 9 1 8 5 3 4 7 10 6 2 
20180716373 7 4 8 2 3 9 10 6 5 1 
20180716374 2 10 6 4 5 3 8 9 1 7 
20180716375 7 3 6 4 10 2 8 5 9 1 
20180716376 2 5 9 1 10 8 6 4 3 7 
20180716377 9 3 10 4 5 1 6 7 2 8 
20180716378 8 3 2 5 9 10 4 7 1 6 
20180716379 10 2 4 6 1 5 7 9 8 3 
20180716380 5 2 6 4 8 7 9 1 3 10 
20180716381 7 10 2 1 5 6 9 8 3 4 
20180716382 7 10 1 3 5 2 9 8 4 6 
20180716383 3 2 10 1 5 9 8 7 6 4 
20180716384 4 3 7 5 10 6 2 8 9 1 
20180716385 1 9 5 10 6 2 3 7 8 4 
20180716386 6 5 3 1 2 7 8 4 9 10 
20180716387 8 1 9 4 5 2 6 7 3 10 
20180716388 10 4 1 2 5 8 3 6 7 9 
20180716389 4 1 5 9 2 10 6 8 7 3 
20180716390 5 4 6 2 8 10 9 7 1 3 
20180716391 10 6 4 3 2 7 9 8 5 1 
20180716392 7 8 5 2 1 6 10 4 3 9 
20180716393 4 10 1 6 2 7 5 8 9 3 
20180716394 9 8 10 4 7 3 6 5 1 2 
20180716395 9 3 8 4 10 1 6 2 7 5 
20180716396 8 5 9 2 4 10 1 7 3 6 
20180716397 4 2 1 8 6 3 9 10 5 7 
20180716398 8 4 6 5 1 3 2 9 7 10 
20180716399 6 7 10 8 1 9 2 5 4 3 
20180716400 6 9 2 8 4 7 5 10 3 1 
20180716401 3 10 9 7 4 5 8 1 2 6 
20180716402 2 4 10 6 3 1 5 9 8 7 
20180716403 6 10 3 4 8 1 2 7 5 9 
20180716404 5 9 8 4 2 10 3 6 1 7 
20180716405 7 9 2 8 4 6 10 3 5 1 
20180716406 10 2 7 8 5 1 6 9 3 4 
20180716407 10 8 3 9 7 4 1 5 2 6 
20180716408 2 8 4 9 7 10 1 6 3 5 
20180716409 7 3 6 8 5 1 2 10 4 9 
20180716410 4 8 6 10 9 1 5 2 7 3 
20180716411 10 4 8 1 9 6 2 5 3 7 
20180716412 6 7 3 1 10 2 9 5 4 8 
20180716413 9 2 10 6 3 8 4 1 5 7 
20180716414 1 10 9 4 8 7 5 3 6 2 
20180716415 3 6 1 8 9 5 10 4 2 7 
20180716416 10 7 6 5 4 1 8 2 3 9 
20180716417 4 10 7 6 3 9 5 2 1 8 
20180716418 8 5 3 9 1 10 6 2 7 4 
20180716419 1 5 9 4 2 7 6 10 8 3 
20180716420 8 5 4 3 7 1 6 9 2 10 
20180716421 10 5 7 3 8 2 4 9 6 1 
20180716422 8 6 3 2 9 4 7 5 1 10 
20180716423 2 1 8 4 3 5 9 6 7 10 
20180716424 4 8 9 5 3 6 1 7 10 2 
20180716425 8 3 7 4 6 1 2 5 9 10 
20180716426 4 2 8 3 10 1 6 5 7 9 
20180716427 3 7 9 10 8 1 2 6 5 4 
20180716428 10 2 8 9 1 4 7 3 5 6 
20180716429 3 5 2 9 7 1 6 10 4 8 
20180716430 8 5 1 7 9 6 10 4 3 2 
20180716431 8 9 5 2 6 10 7 4 3 1 
20180716432 8 3 9 4 2 10 5 7 1 6 
20180716433 6 5 4 8 9 7 1 2 3 10 
20180716434 4 6 9 8 5 2 1 7 3 10 
20180716435 4 10 2 6 3 5 1 8 9 7 
20180716436 8 5 4 9 3 2 10 6 7 1 
20180716437 3 10 7 5 9 8 4 1 6 2 
20180716438 8 10 7 9 2 5 4 6 1 3 
20180716439 1 2 5 7 8 4 10 9 3 6 
20180716440 6 5 7 4 3 2 8 10 9 1 
20180716441 7 9 5 8 10 3 4 2 6 1 
20180716442 6 9 7 4 3 5 8 10 2 1 
20180716443 4 3 8 9 1 5 7 2 10 6 
20180716444 8 9 5 4 3 6 1 7 2 10 
20180716445 7 1 4 3 2 8 5 10 6 9 
20180716446 8 2 6 1 5 7 4 10 3 9 
20180716447 1 9 8 5 7 3 4 10 6 2 
20180716448 6 9 1 7 8 10 2 3 5 4 
20180716449 3 7 1 2 6 4 5 10 8 9 
20180716450 10 4 7 3 5 1 6 9 2 8 
20180716451 1 3 6 10 5 2 9 8 4 7 
20180716452 10 6 8 3 5 9 4 2 7 1 
20180716453 4 10 3 9 5 6 2 8 7 1 
20180716454 9 8 3 6 1 5 10 7 2 4 
20180716455 9 7 3 2 1 5 8 10 6 4 
20180716456 5 8 2 10 9 7 3 6 1 4 
20180716457 5 9 10 8 3 2 1 6 7 4 
20180716458 5 10 2 7 9 8 6 4 3 1 
20180716459 7 1 2 4 3 9 10 6 5 8 
20180716460 6 4 5 10 1 2 7 8 9 3 
20180716461 4 10 9 5 1 3 6 8 7 2 
20180716462 9 6 4 1 10 2 8 7 3 5 
20180716463 9 6 7 2 1 4 5 8 10 3 
20180716464 9 7 10 6 8 2 1 4 5 3 
20180716465 1 5 2 10 8 9 6 3 4 7 
20180716466 4 6 1 5 10 3 8 9 2 7 
20180716467 6 5 4 10 3 9 8 7 1 2 
20180716468 3 8 2 6 1 10 7 9 5 4 
20180716469 10 6 2 1 9 7 3 4 5 8 
20180716470 5 2 7 10 6 9 3 8 4 1 
20180716471 8 10 1 9 5 6 3 4 7 2 
20180716472 7 5 8 1 9 10 3 4 6 2 
20180716473 1 8 7 5 4 2 9 6 10 3 
20180716474 7 2 6 10 9 8 3 5 1 4 
20180716475 5 10 9 6 1 2 7 3 4 8 
20180716476 3 7 10 1 6 4 2 9 8 5 
20180716477 8 7 10 2 9 6 1 3 5 4 
20180716478 8 10 2 6 1 7 5 9 4 3 
20180716479 7 3 1 8 5 9 4 10 2 6 
20180716480 4 3 7 2 10 1 6 8 5 9 
20180716481 8 3 5 6 7 4 1 10 2 9 
20180716482 3 6 2 10 7 1 9 4 8 5 
20180716483 1 6 2 9 4 5 10 3 7 8 
20180716484 1 7 10 2 4 8 9 3 5 6 
20180716485 9 6 8 7 5 3 10 4 1 2 
20180716486 3 4 2 7 10 9 5 6 1 8 
20180716487 3 7 2 1 9 5 10 8 4 6 
20180716488 6 8 10 4 3 5 9 7 2 1 
20180716489 6 7 5 4 1 8 2 3 10 9 
20180716490 6 3 4 1 5 2 8 10 9 7 
20180716491 9 1 8 2 7 10 3 4 6 5 
20180716492 8 10 1 7 9 5 3 6 4 2 
20180716493 5 6 10 1 9 2 4 3 7 8 
20180716494 1 5 9 4 10 2 7 6 8 3 
20180716495 6 2 9 1 5 8 4 3 10 7 
20180716496 3 8 7 10 9 5 4 1 6 2 
20180716497 7 6 4 1 5 2 8 10 9 3 
20180716498 2 9 8 1 4 7 3 5 10 6 
20180716499 1 7 5 8 3 9 6 10 4 2 
20180716500 1 7 6 10 9 2 3 8 4 5 
20180716501 7 1 6 3 9 10 2 4 5 8 
20180716502 1 8 10 7 3 2 9 6 5 4 
20180716503 8 2 9 7 10 4 5 1 3 6 
20180716504 3 1 2 10 7 9 4 5 6 8 
20180716505 5 7 10 2 3 4 8 9 1 6 
20180716506 7 8 6 5 2 1 9 4 10 3 
20180716507 2 3 8 10 9 7 6 5 1 4 
20180716508 8 5 10 2 6 7 3 4 9 1 
20180716509 1 8 4 10 2 6 7 3 5 9 
20180716510 5 3 8 9 4 2 7 6 10 1 
20180716511 1 9 7 6 5 2 4 10 8 3 
20180716512 10 2 3 5 7 4 6 1 9 8 
20180716513 8 9 1 3 4 5 6 2 7 10 
20180716514 1 4 5 7 10 8 3 2 6 9 
20180716515 1 7 8 3 5 2 4 9 10 6 
20180716516 4 2 8 10 1 9 7 3 6 5 
20180716517 5 8 1 4 6 10 3 9 2 7 
20180716518 8 1 2 10 9 5 6 7 3 4 
20180716519 2 9 6 4 8 10 1 7 3 5 
20180716520 6 5 3 2 1 9 4 8 10 7 
20180716521 6 10 2 3 1 4 7 8 5 9 
20180716522 3 2 8 10 7 4 1 5 6 9 
20180716523 8 5 9 3 6 7 10 1 4 2 
20180716524 6 10 5 4 8 3 7 9 1 2 
20180716525 1 10 6 2 9 3 7 8 5 4 
20180716526 8 4 10 7 9 5 3 1 6 2 
20180716527 10 1 8 3 7 9 6 4 2 5 
20180716528 7 10 1 4 2 8 3 6 5 9 
20180716529 5 1 6 10 2 4 9 7 3 8 
20180716530 9 7 2 3 6 5 1 4 8 10 
20180716531 5 6 8 4 10 1 7 2 9 3 
20180716532 7 2 1 8 4 10 3 9 5 6 
20180716533 1 5 3 9 10 2 8 4 6 7 
20180716534 2 10 7 4 5 8 9 3 6 1 
20180716535 2 3 1 6 4 9 10 8 5 7 
20180716536 8 9 5 3 10 1 4 7 6 2 
20180716537 5 10 1 4 3 8 2 9 7 6 
20180716538 8 2 6 7 3 4 9 5 10 1 
20180716539 9 6 5 1 3 4 7 10 2 8 
20180716540 8 6 9 4 3 1 10 2 7 5 
20180716541 8 6 7 9 3 4 2 10 1 5 
20180716542 4 9 10 8 6 3 5 1 7 2 
20180716543 2 10 4 5 7 3 9 6 1 8 
20180716544 7 9 3 6 5 10 4 8 1 2 
20180716545 6 3 4 5 10 7 9 8 2 1 
20180716546 10 5 6 3 7 1 9 4 8 2 
20180716547 3 8 1 2 9 6 4 7 5 10 
20180716548 10 7 4 1 5 9 3 8 2 6 
20180716549 7 9 10 8 6 4 5 1 2 3 
20180716550 6 8 1 4 3 7 9 10 5 2 
20180716551 6 10 5 7 8 9 4 2 1 3 
20180716552 7 4 9 1 8 5 2 6 3 10 
20180716553 6 1 2 7 9 3 8 4 10 5 
20180716554 6 9 4 3 10 2 5 8 7 1 
20180716555 7 9 6 3 2 8 5 4 10 1 
20180716556 2 10 9 3 8 5 6 1 7 4 
20180716557 9 10 6 4 1 2 8 5 7 3 
20180716558 6 7 10 2 9 8 5 4 1 3 
20180716559 9 2 4 3 8 5 10 6 1 7 
20180716560 6 7 1 5 9 4 2 10 8 3 
20180716561 10 8 5 9 3 2 4 1 7 6 
20180716562 4 5 10 9 8 6 7 3 1 2 
20180716563 3 7 4 6 8 1 9 5 10 2 
20180716564 2 4 5 10 1 3 8 6 7 9 
20180716565 10 2 3 5 6 8 9 4 1 7 
20180716566 6 9 2 7 8 10 3 5 4 1 
20180716567 3 7 6 5 9 4 2 10 1 8 
20180716568 7 3 2 1 4 8 5 9 10 6 
20180716569 10 2 7 3 5 8 1 4 9 6 
20180716570 2 1 8 9 5 7 4 10 3 6 
20180716571 4 7 6 8 9 10 5 3 2 1 
20180716572 4 1 2 10 6 5 8 7 3 9 
20180716573 4 8 3 5 10 7 2 1 6 9 
20180716574 3 5 1 4 6 2 10 8 7 9 
20180716575 8 6 7 2 3 9 5 4 1 10 
20180716576 1 4 3 7 10 6 5 8 9 2 
20180716577 7 10 1 5 3 8 2 6 4 9 
20180716578 4 1 5 7 2 6 9 8 10 3 
20180716579 8 9 6 2 3 10 5 7 1 4 
20180716580 2 7 4 10 5 3 1 8 9 6 
20180716581 4 6 7 3 5 10 8 1 2 9 
20180716582 3 2 6 10 4 5 9 7 8 1 
20180716583 4 1 7 8 3 5 10 6 2 9 
20180716584 9 7 6 4 10 1 8 3 2 5 
20180716585 4 6 2 9 3 7 5 1 10 8 
20180716586 10 9 2 1 3 7 8 5 4 6 
20180716587 2 3 10 9 8 6 4 5 7 1 
20180716588 8 7 6 9 4 5 1 2 10 3 
20180716589 5 1 9 3 8 2 10 6 4 7 
20180716590 3 1 6 9 7 4 8 2 5 10 
20180716591 8 5 6 7 10 2 3 1 4 9 
20180716592 1 4 2 7 5 3 6 9 8 10 
20180716593 10 3 8 1 2 4 9 5 6 7 
20180716594 10 4 6 5 9 2 8 7 1 3 
20180716595 8 5 9 10 6 7 2 3 4 1 
20180716596 4 5 10 6 8 1 2 3 9 7 
20180716597 9 10 6 4 3 5 1 8 7 2 
20180716598 9 4 6 5 3 7 8 10 1 2 
20180716599 8 5 2 10 3 9 7 6 1 4 
20180716600 7 9 4 6 2 3 8 1 10 5 
20180716601 7 9 2 8 6 5 4 3 1 10 
20180716602 6 10 1 8 4 7 5 2 9 3 
20180716603 1 9 7 2 3 10 5 6 4 8 
20180716604 3 7 8 5 10 2 6 1 9 4 
20180716605 3 7 2 10 9 8 5 4 6 1 
20180716606 6 3 7 5 10 4 8 2 9 1 
20180716607 7 8 3 1 2 6 9 5 10 4 
20180716608 9 2 10 3 4 1 8 5 7 6 
20180716609 7 6 9 5 10 4 3 2 8 1 
20180716610 1 5 6 10 4 8 3 2 9 7 
20180716611 5 4 9 2 6 7 1 8 3 10 
20180716612 8 3 2 9 5 6 4 10 7 1 
20180716613 7 4 3 5 1 8 2 6 9 10 
20180716614 9 6 2 10 1 4 7 5 3 8 
20180716615 8 4 10 6 5 2 1 3 9 7 
20180716616 1 7 2 4 9 3 6 10 5 8 
20180716617 1 5 7 2 6 10 3 4 9 8 
20180716618 4 3 9 6 7 2 5 1 8 10 
20180716619 1 9 3 8 7 2 4 5 10 6 
20180716620 8 10 9 7 2 1 5 3 6 4 
20180716621 8 6 5 3 1 9 2 10 4 7 
20180716622 1 8 5 2 3 9 4 10 7 6 
20180716623 4 9 10 5 1 7 8 6 3 2 
20180716624 4 3 6 1 2 8 7 9 5 10 
20180716625 3 4 6 1 8 2 10 9 5 7 
20180716626 7 5 9 2 6 4 10 8 1 3 
20180716627 7 5 4 2 3 8 1 10 6 9 
20180716628 3 7 5 2 4 9 6 1 10 8 
20180716629 7 5 10 9 6 3 4 2 8 1 
20180716630 7 6 5 1 8 3 10 4 2 9 
20180716631 1 4 9 5 3 2 6 7 10 8 
20180716632 9 5 4 2 7 3 8 1 6 10 
20180716633 8 5 3 9 2 4 7 10 1 6 
20180716634 3 7 8 10 6 5 2 4 1 9 
20180716635 2 10 1 8 7 9 5 3 4 6 
20180716636 7 5 4 3 8 6 1 2 10 9 
20180716637 8 6 4 5 1 9 2 3 10 7 
20180716638 8 1 7 9 4 6 10 3 5 2 
20180716639 1 3 9 10 4 8 7 2 5 6 
20180716640 9 1 6 8 10 5 4 7 3 2 
20180716641 10 8 4 6 7 2 3 1 9 5 
20180716642 7 5 6 8 10 2 3 4 1 9 
20180716643 5 4 9 6 3 7 2 1 10 8 
20180716644 4 6 5 2 7 9 1 8 10 3 
20180716645 1 5 3 2 7 9 6 10 8 4 
20180716646 3 10 1 6 8 9 7 5 2 4 
20180716647 5 10 1 6 7 3 4 9 8 2 
20180716648 3 4 9 5 10 8 7 2 1 6 
20180716649 4 8 1 6 2 10 5 9 7 3 
20180716650 2 9 4 7 1 10 3 6 8 5 
20180716651 5 6 10 9 8 1 3 4 7 2 
20180716652 5 2 7 6 3 1 8 9 10 4 
20180716653 2 9 10 7 1 6 5 3 8 4 
20180716654 4 10 3 8 2 1 6 9 5 7 
20180716655 2 7 6 5 10 4 8 1 9 3 
20180716656 4 5 7 1 8 10 2 6 3 9 
20180716657 6 7 2 5 3 10 4 8 9 1 
20180716658 5 2 1 3 6 4 8 7 10 9 
20180716659 8 1 10 7 3 4 6 9 2 5 
20180716660 6 1 5 9 8 4 3 7 10 2 
20180716661 6 10 7 2 1 8 9 3 5 4 
20180716662 9 4 1 5 6 7 8 2 3 10 
20180716663 8 9 4 5 6 3 7 2 10 1 
20180716664 9 2 6 8 7 1 3 10 4 5 
20180716665 1 9 4 6 7 8 3 10 5 2 
20180716666 3 2 8 1 5 4 10 6 9 7 
20180716667 10 1 2 8 3 9 7 5 6 4 
20180716668 5 10 4 7 1 3 2 9 8 6 
20180716669 2 7 10 5 9 8 4 6 3 1 
20180716670 10 8 6 5 1 9 3 7 4 2 
20180716671 6 5 2 3 4 7 10 9 8 1 
20180716672 6 4 3 7 9 10 5 8 2 1 
20180716673 10 7 2 3 5 9 8 4 6 1 
20180716674 10 5 7 8 4 2 9 1 3 6 
20180716675 7 2 10 4 5 8 9 1 6 3 
20180716676 7 4 5 8 2 9 1 3 6 10 
20180716677 5 10 7 1 8 9 6 3 4 2 
20180716678 2 5 8 1 4 7 9 3 10 6 
20180716679 4 3 6 7 5 9 8 2 1 10 
20180716680 1 6 10 4 8 2 7 3 9 5 
20180716681 7 6 10 9 5 4 1 8 2 3 
20180716682 8 2 1 10 9 7 6 5 4 3 
20180716683 6 8 1 7 4 10 2 9 5 3 
20180716684 5 8 10 6 4 9 2 3 7 1 
20180716685 3 4 1 5 7 10 9 8 6 2 
20180716686 5 1 6 10 3 2 9 7 4 8 
20180716687 1 9 4 10 6 7 8 5 3 2 
20180716688 7 1 9 8 2 10 5 6 4 3 
20180716689 10 5 6 8 3 2 9 7 1 4 
20180716690 8 2 10 6 1 5 4 7 9 3 
20180716691 5 7 6 8 10 9 2 3 4 1 
20180716692 5 10 6 8 9 7 4 1 3 2 
20180716693 6 3 9 10 5 4 2 1 8 7 
20180716694 8 3 1 6 10 4 9 5 7 2 
20180716695 4 7 6 5 3 1 10 9 8 2 
20180716696 5 9 6 1 2 8 10 4 7 3 
20180716697 10 2 9 3 5 1 4 6 7 8 
20180716698 9 2 8 6 7 5 10 4 1 3 
20180716699 7 5 3 6 10 4 9 1 8 2 
20180716700 7 10 1 8 4 6 3 9 2 5 
20180716701 2 1 7 6 4 5 3 8 9 10 
20180716702 4 10 9 5 6 7 3 2 1 8 
20180716703 2 4 6 10 8 9 7 1 3 5 
20180716704 6 2 4 8 1 7 5 9 3 10 
20180716705 1 6 8 9 3 5 4 10 2 7 
20180716706 1 3 6 7 8 10 4 5 9 2 
20180716707 5 1 2 9 8 6 3 7 10 4 
20180716708 6 8 9 5 10 2 1 7 4 3 
20180716709 7 8 4 2 9 5 10 3 6 1 
20180716710 6 7 2 4 8 3 10 9 5 1 
20180716711 6 3 9 7 4 8 5 2 10 1 
20180716712 6 5 3 9 1 7 8 4 2 10 
20180716713 9 10 6 7 4 2 5 3 8 1 
20180716714 4 1 10 9 2 3 6 8 7 5 
20180716715 6 1 8 9 3 4 2 7 10 5 
20180716716 6 10 7 2 1 8 5 9 4 3 
20180716717 8 5 1 3 2 6 4 9 10 7 
20180716718 3 2 5 4 6 8 1 10 9 7 
20180716719 3 8 6 7 10 4 1 2 9 5 
20180716720 3 2 10 5 9 8 4 7 6 1 
20180716721 4 6 8 5 10 9 1 7 2 3 
20180716722 3 6 10 4 7 2 5 9 8 1 
20180716723 6 9 5 4 7 3 2 1 8 10 
20180716724 2 8 7 6 5 4 3 10 9 1 
20180716725 6 10 3 2 4 7 9 1 8 5 
20180716726 8 4 10 9 3 7 5 2 1 6 
20180716727 2 1 9 3 8 7 10 4 5 6 
20180716728 3 1 8 9 10 4 7 6 5 2 
20180716729 1 5 7 3 8 2 6 9 10 4 
20180716730 1 8 7 4 9 6 2 5 10 3 
20180716731 3 6 8 10 2 5 4 7 9 1 
20180716732 7 2 1 3 6 8 9 5 10 4 
20180716733 4 7 10 9 1 6 3 2 5 8 
20180716734 4 3 6 7 10 5 9 2 8 1 
20180716735 4 3 10 2 7 5 9 1 6 8 
20180716736 2 5 4 9 6 8 10 1 7 3 
20180716737 8 9 1 5 3 7 4 6 2 10 
20180716738 2 8 7 5 4 6 3 9 1 10 
20180716739 10 9 1 3 8 6 2 5 7 4 
20180716740 5 8 9 2 7 1 10 6 4 3 
20180716741 3 10 4 8 2 5 9 7 1 6 
20180716742 7 9 1 3 10 4 2 8 6 5 
20180716743 2 7 1 9 6 10 5 8 4 3 
20180716744 5 4 6 3 8 2 9 7 10 1 
20180716745 1 3 4 5 9 8 10 6 2 7 
20180716746 8 4 3 6 9 5 7 10 2 1 
20180716747 7 10 2 9 3 4 8 6 1 5 
20180716748 7 10 5 8 6 2 9 3 4 1 
20180716749 9 10 7 8 5 6 1 2 3 4 
20180716750 3 10 4 8 5 9 2 1 6 7 
20180716751 4 10 9 1 5 8 2 3 7 6 
20180716752 6 9 8 1 7 3 5 2 10 4 
20180716753 1 5 3 4 7 10 6 2 9 8 
20180716754 2 9 3 10 4 1 8 5 6 7 
20180716755 9 5 3 7 10 1 8 2 4 6 
20180716756 5 8 10 7 3 1 4 9 2 6 
20180716757 6 2 8 10 9 5 3 4 1 7 
20180716758 10 5 2 7 4 3 1 9 6 8 
20180716759 3 4 9 8 5 1 10 2 6 7 
20180716760 10 4 7 2 6 1 5 9 3 8 
20180716761 7 4 8 9 6 3 2 5 10 1 
20180716762 5 2 7 6 9 1 10 4 8 3 
20180716763 7 5 8 6 1 3 4 9 2 10 
20180716764 10 9 2 3 4 1 6 7 8 5 
20180716765 8 1 10 6 9 7 4 5 2 3 
20180716766 3 8 5 1 6 9 2 4 7 10 
20180716767 5 3 4 1 8 6 10 9 7 2 
20180716768 3 10 9 2 1 8 5 6 7 4 
20180716769 8 10 5 2 1 7 9 4 6 3 
20180716770 9 5 1 2 7 10 3 6 8 4 
20180716771 3 7 4 5 9 6 1 10 2 8 
20180716772 5 6 7 1 4 10 9 2 3 8 
20180716773 5 7 10 2 4 8 6 3 1 9 
20180716774 4 10 1 6 7 9 8 5 3 2 
20180716775 5 9 8 10 1 2 4 7 6 3 
20180716776 6 1 10 8 7 2 3 9 4 5 
20180716777 1 4 2 10 3 8 7 5 6 9 
20180716778 4 10 7 1 9 8 2 6 5 3 
20180716779 7 5 2 8 10 3 9 1 4 6 
20180716780 6 8 10 9 2 1 4 7 5 3 
20180716781 7 5 6 10 9 8 3 2 1 4 
20180716782 5 1 6 10 9 2 4 3 7 8 
20180716783 6 4 10 2 9 7 3 5 8 1 
20180716784 2 8 5 3 6 1 7 4 9 10 
20180716785 7 9 6 2 10 1 8 4 5 3 
20180716786 2 4 1 6 9 10 5 3 7 8 
20180716787 3 4 2 8 7 10 9 1 6 5 
20180716788 1 7 10 3 4 8 5 2 9 6 
20180716789 7 6 4 10 9 5 1 8 2 3 
20180716790 7 8 9 10 2 3 5 4 6 1 
20180716791 2 7 10 6 3 4 8 9 1 5 
20180716792 3 5 9 6 8 7 2 10 1 4 
20180716793 4 2 1 9 5 7 10 6 8 3 
20180716794 3 8 10 5 6 9 1 7 2 4 
20180716795 3 2 6 7 4 1 8 5 9 10 
20180716796 7 6 3 10 4 9 8 5 1 2 
20180716797 1 6 9 2 3 4 10 5 8 7 
20180716798 3 6 4 1 8 2 7 9 10 5 
20180716799 7 6 8 5 10 1 2 4 3 9 
20180716800 3 7 1 4 6 8 5 9 2 10 
20180716801 4 5 3 8 6 1 10 2 9 7 
20180716802 8 4 3 10 6 9 5 7 2 1 
20180716803 7 4 8 9 1 2 10 3 6 5 
20180716804 6 2 4 5 1 3 9 10 8 7 
20180716805 6 8 2 5 1 9 10 4 7 3 
20180716806 2 7 6 5 1 3 10 8 4 9 
20180716807 4 10 8 3 2 6 1 5 7 9 
20180716808 3 6 2 9 4 10 7 1 8 5 
20180716809 10 5 7 1 8 2 4 6 9 3 
20180716810 2 3 1 6 5 7 8 9 10 4 
20180716811 1 4 2 9 8 6 5 7 3 10 
20180716812 1 4 7 6 5 9 3 10 8 2 
20180716813 3 1 8 4 6 5 10 9 7 2 
20180716814 1 5 8 4 10 9 3 6 2 7 
20180716815 4 1 6 9 3 2 7 5 8 10 
20180716816 2 10 6 1 5 8 3 9 7 4 
20180716817 6 3 7 4 8 1 10 9 2 5 
20180716818 10 7 1 4 8 2 3 6 9 5 
20180716819 9 3 1 7 6 2 10 8 4 5 
20180716820 5 2 9 8 10 6 7 1 3 4 
20180716821 10 8 2 3 6 7 5 9 4 1 
20180716822 5 10 6 2 4 7 8 9 3 1 
20180716823 7 6 4 10 1 9 3 8 2 5 
20180716824 6 8 5 2 3 9 1 10 4 7 
20180716825 5 1 9 4 10 7 6 2 8 3 
20180716826 8 9 2 10 7 4 1 5 6 3 
20180716827 3 1 5 2 7 8 4 6 10 9 
20180716828 3 10 2 9 1 8 5 7 6 4 
20180716829 9 7 6 2 3 8 5 4 1 10 
20180716830 7 5 4 3 2 9 1 8 6 10 
20180716831 8 2 3 7 9 1 4 5 6 10 
20180716832 2 5 10 3 6 9 7 1 4 8 
20180716833 6 4 9 2 1 7 3 8 5 10 
20180716834 5 7 1 6 2 3 4 10 9 8 
20180716835 1 4 5 7 8 3 10 2 6 9 
20180716836 8 2 9 6 10 3 5 4 1 7 
20180716837 6 4 2 3 7 9 8 1 5 10 
20180716838 2 7 3 9 4 10 5 8 6 1 
20180716839 7 3 6 8 10 9 2 4 1 5 
20180716840 7 10 8 3 6 5 4 9 1 2 
20180716841 2 8 7 5 10 6 3 4 9 1 
20180716842 5 8 3 9 7 1 6 4 2 10 
20180716843 8 5 3 2 7 10 9 1 4 6 
20180716844 10 6 9 8 2 5 7 3 1 4 
20180716845 3 4 2 10 8 1 9 7 5 6 
20180716846 7 6 1 3 5 8 4 9 10 2 
20180716847 5 1 3 4 2 6 10 8 7 9 
20180716848 2 10 1 4 9 7 5 6 3 8 
20180716849 9 2 10 8 7 1 4 3 5 6 
20180716850 4 2 3 6 10 7 1 8 5 9 
20180716851 7 6 3 4 8 9 5 1 2 10 
20180716852 6 4 10 9 3 1 7 8 5 2 
20180716853 1 4 8 9 6 10 3 7 5 2 
20180716854 4 3 9 7 10 1 5 2 8 6 
20180716855 4 3 9 7 1 10 2 5 8 6 
20180716856 1 4 3 6 9 5 7 2 10 8 
20180716857 10 4 3 1 5 8 6 7 9 2 
20180716858 3 4 5 1 9 2 6 10 7 8 
20180716859 8 4 3 9 10 7 1 6 5 2 
20180716860 6 4 10 8 5 9 7 3 2 1 
20180716861 7 1 9 10 3 4 6 5 2 8 
20180716862 10 3 2 7 1 5 9 6 4 8 
20180716863 3 1 9 8 2 7 10 4 6 5 
20180716864 3 2 1 10 5 9 6 4 8 7 
20180716865 1 4 8 5 7 2 3 9 10 6 
20180716866 1 3 7 6 8 9 5 4 10 2 
20180716867 4 5 8 7 6 10 2 9 1 3 
20180716868 8 6 3 5 2 7 4 9 1 10 
20180716869 9 2 10 3 4 5 6 1 7 8 
20180716870 3 10 6 8 2 1 7 5 4 9 
20180716871 3 9 2 4 7 1 5 10 8 6 
20180716872 5 9 7 2 4 10 8 1 6 3 
20180716873 1 7 5 10 3 4 6 9 8 2 
20180716874 8 1 2 7 6 5 10 9 3 4 
20180716875 1 5 4 9 8 10 3 6 7 2 
20180716876 3 8 10 5 9 1 7 2 6 4 
20180716877 9 7 1 6 10 3 8 4 2 5 
20180716878 3 10 2 5 6 7 9 1 8 4 
20180716879 7 8 4 10 2 9 5 6 1 3 
20180716880 5 3 8 1 4 7 10 2 9 6 
20180716881 4 8 6 2 1 3 7 5 10 9 
20180716882 5 10 2 7 4 9 3 8 1 6 
20180716883 4 5 8 1 6 3 7 2 10 9 
20180716884 3 2 9 7 10 8 5 1 6 4 
20180716885 7 10 8 3 2 1 9 4 6 5 
20180716886 9 2 1 5 4 3 6 8 10 7 
20180716887 4 7 1 10 9 5 8 6 2 3 
20180716888 7 3 4 8 10 1 9 6 2 5 
20180716889 7 6 3 9 10 4 5 1 2 8 
20180716890 8 7 1 9 4 10 3 6 5 2 
20180716891 2 8 3 4 5 9 10 1 7 6 
20180716892 1 8 4 3 9 10 2 6 5 7 
20180716893 8 1 5 3 9 2 6 10 4 7 
20180716894 5 8 4 6 7 1 3 2 10 9 
20180716895 2 9 1 3 7 5 6 10 4 8 
20180716896 4 2 10 5 1 3 9 6 7 8 
20180716897 2 5 3 1 10 9 6 7 8 4 
20180716898 2 7 1 10 5 3 6 8 4 9 
20180716899 10 7 9 2 4 3 5 8 6 1 
20180716900 8 2 4 3 7 1 6 5 10 9 
20180716901 6 7 5 8 3 10 9 1 2 4 
20180716902 9 10 5 2 7 4 8 1 6 3 
20180716903 4 5 10 3 6 8 2 7 1 9 
20180716904 1 8 4 9 7 5 6 10 2 3 
20180716905 5 7 8 1 10 2 3 9 4 6 
20180716906 7 10 9 2 5 6 3 4 1 8 
20180716907 5 1 9 6 3 10 2 8 4 7 
20180716908 2 8 10 1 4 5 3 7 6 9 
20180716909 7 4 2 3 9 1 6 8 10 5 
20180716910 6 7 9 1 3 5 10 8 4 2 
20180716911 6 5 7 4 8 1 3 10 9 2 
20180716912 5 8 4 3 6 9 2 7 1 10 
20180716913 9 6 4 5 1 10 8 2 7 3 
20180716914 5 4 9 1 7 10 8 6 2 3 
20180716915 6 9 7 1 2 8 3 4 10 5 
20180716916 6 9 3 10 7 2 8 5 1 4 
20180716917 1 2 9 4 8 7 10 6 3 5 
20180716918 2 9 10 6 7 4 3 5 8 1 
20180716919 5 4 2 7 8 6 1 3 10 9 
20180716920 8 5 7 3 4 2 1 6 10 9 
20180716921 9 3 6 2 5 1 4 8 7 10 
20180716922 7 1 5 10 6 8 3 2 9 4 
20180716923 10 9 7 3 1 4 8 6 2 5 
20180716924 8 6 4 5 10 3 2 1 9 7 
20180716925 7 2 9 10 3 4 5 1 6 8 
20180716926 7 4 6 9 3 5 2 8 1 10 
20180716927 4 7 3 5 9 1 6 10 2 8 
20180716928 7 2 4 9 10 1 6 3 5 8 
20180716929 4 1 7 5 9 10 8 2 3 6 
20180716930 9 6 1 2 8 10 4 5 3 7 
20180716931 1 6 7 3 2 9 4 5 10 8 
20180716932 2 4 7 3 10 8 9 5 1 6 
20180716933 7 6 10 3 2 4 5 8 9 1 
20180716934 1 3 5 9 7 10 8 4 2 6 
20180716935 4 7 10 6 1 5 2 9 3 8 
20180716936 2 3 1 4 7 9 8 10 6 5 
20180716937 2 1 10 7 6 9 8 4 3 5 
20180716938 3 2 8 6 5 1 10 4 7 9 
20180716939 3 10 5 7 9 6 8 1 4 2 
20180716940 5 7 2 8 9 6 10 4 3 1 
20180716941 5 7 10 6 9 8 1 3 4 2 
20180716942 6 2 4 3 8 10 5 9 1 7 
20180716943 2 7 5 8 6 1 4 9 10 3 
20180716944 1 4 7 6 3 8 10 9 2 5 
20180716945 8 4 10 1 6 5 2 7 3 9 
20180716946 3 9 10 4 1 6 8 7 2 5 
20180716947 6 8 4 5 7 3 2 10 9 1 
20180716948 2 9 6 8 3 10 1 4 7 5 
20180716949 9 4 6 1 3 2 10 7 5 8 
20180716950 5 4 3 6 7 8 2 1 10 9 
20180716951 6 4 2 5 10 9 3 7 8 1 
20180716952 10 5 9 3 4 8 2 1 7 6 
20180716953 10 6 4 7 2 3 5 9 1 8 
20180716954 7 1 4 10 5 9 6 2 8 3 
20180716955 9 4 3 10 8 2 5 6 7 1 
20180716956 1 3 4 5 2 6 10 9 7 8 
20180716957 4 7 3 9 2 1 6 5 8 10 
20180716958 8 4 7 2 6 3 10 1 5 9 
20180716959 1 9 5 6 4 7 2 8 3 10 
20180716960 10 7 3 8 2 9 5 6 4 1 
20180716961 9 5 10 3 6 7 2 8 1 4 
20180716962 6 8 4 7 9 5 2 3 1 10 
20180716963 4 9 7 8 3 5 6 10 2 1 
20180716964 7 9 3 5 10 6 8 2 1 4 
20180716965 4 10 9 1 8 7 2 3 5 6 
20180716966 6 2 1 4 8 9 5 3 7 10 
20180716967 5 1 7 3 10 6 8 2 4 9 
20180716968 1 7 8 2 10 3 5 9 6 4 
20180716969 8 2 4 6 10 3 7 1 5 9 
20180716970 2 7 9 6 10 8 1 4 3 5 
20180716971 6 3 9 10 5 1 7 2 8 4 
20180716972 8 3 6 10 1 9 5 2 4 7 
20180716973 4 7 5 6 1 2 9 8 10 3 
20180716974 3 2 5 6 8 7 1 9 4 10 
20180716975 4 10 8 7 2 1 5 9 3 6 
20180716976 9 7 3 6 5 2 10 4 8 1 
20180716977 8 4 5 2 6 9 3 1 7 10 
20180716978 9 8 2 7 5 6 3 10 1 4 
20180716979 5 6 9 4 10 3 2 1 7 8 
20180716980 5 10 7 9 4 1 6 2 8 3 
20180716981 4 7 8 6 1 5 2 10 9 3 
20180716982 1 8 3 2 6 5 7 10 4 9 
20180716983 6 7 8 9 5 2 3 1 4 10 
20180716984 3 7 8 6 1 10 5 4 2 9 
20180716985 1 9 8 4 10 2 3 6 5 7 
