20180715001 2 5 7 3 8 9 10 6 1 4 
20180715002 4 8 9 7 10 6 2 3 1 5 
20180715003 4 5 3 9 7 2 10 8 6 1 
20180715004 6 4 2 9 10 7 8 5 1 3 
20180715005 7 8 9 1 6 3 5 2 4 10 
20180715006 6 8 7 2 1 4 3 5 9 10 
20180715007 10 3 9 6 4 5 1 2 8 7 
20180715008 7 6 2 5 9 3 1 4 8 10 
20180715009 8 9 4 3 7 6 2 10 1 5 
20180715010 8 3 9 7 1 4 2 5 6 10 
20180715011 4 1 10 8 6 5 9 3 7 2 
20180715012 8 2 6 3 5 9 7 4 10 1 
20180715013 10 2 7 4 9 6 5 8 3 1 
20180715014 7 6 5 9 4 10 1 8 2 3 
20180715015 4 3 1 9 6 5 7 10 2 8 
20180715016 6 8 7 2 3 1 5 9 10 4 
20180715017 5 1 8 9 6 4 3 7 2 10 
20180715018 6 2 4 1 3 7 9 8 10 5 
20180715019 6 2 1 5 9 4 8 10 3 7 
20180715020 1 7 8 6 4 3 9 5 2 10 
20180715021 2 10 6 1 3 4 7 5 9 8 
20180715022 10 8 6 1 3 4 2 5 9 7 
20180715023 9 8 10 3 6 2 7 4 1 5 
20180715024 7 10 2 4 1 6 3 8 5 9 
20180715025 9 10 4 5 6 3 1 8 2 7 
20180715026 6 5 9 2 7 3 1 10 4 8 
20180715027 1 10 3 5 6 8 7 2 9 4 
20180715028 3 7 2 9 5 10 8 4 6 1 
20180715029 7 4 9 2 8 6 5 3 1 10 
20180715030 7 10 5 8 4 9 1 3 6 2 
20180715031 3 8 6 9 5 2 7 10 1 4 
20180715032 4 8 5 1 3 7 9 2 10 6 
20180715033 1 10 6 5 2 9 4 7 8 3 
20180715034 5 1 9 4 2 6 10 3 8 7 
20180715035 5 8 6 10 7 3 9 4 2 1 
20180715036 1 5 7 2 3 4 6 9 8 10 
20180715037 7 3 5 1 9 10 4 8 2 6 
20180715038 9 8 7 1 4 10 6 2 5 3 
20180715039 3 6 7 1 8 2 5 10 4 9 
20180715040 7 10 9 2 3 8 5 1 6 4 
20180715041 10 9 6 8 2 3 7 5 1 4 
20180715042 3 7 4 6 10 9 5 2 1 8 
20180715043 5 6 3 2 9 1 7 4 10 8 
20180715044 3 6 10 4 5 8 7 2 9 1 
20180715045 10 7 8 4 6 9 2 1 5 3 
20180715046 4 10 6 1 9 3 5 7 2 8 
20180715047 1 3 7 6 2 8 5 10 4 9 
20180715048 1 6 10 3 9 2 7 4 5 8 
20180715049 9 3 2 6 10 7 4 1 8 5 
20180715050 6 2 1 5 7 8 9 10 4 3 
20180715051 8 9 5 6 2 4 3 10 1 7 
20180715052 9 3 4 6 1 7 5 10 8 2 
20180715053 2 4 6 10 1 5 7 8 9 3 
20180715054 2 8 6 10 1 9 3 7 4 5 
20180715055 5 8 1 7 6 3 9 4 2 10 
20180715056 5 9 7 3 1 2 10 6 8 4 
20180715057 3 1 8 5 10 9 2 7 4 6 
20180715058 1 9 3 7 8 4 10 6 5 2 
20180715059 2 6 5 10 7 1 3 4 8 9 
20180715060 3 7 9 1 10 8 5 6 4 2 
20180715061 6 9 10 8 5 2 3 7 1 4 
20180715062 10 4 7 5 8 1 3 2 6 9 
20180715063 5 6 9 10 3 1 8 4 2 7 
20180715064 8 9 4 3 1 10 6 5 2 7 
20180715065 2 9 10 5 8 6 7 4 3 1 
20180715066 7 2 6 9 3 5 8 1 10 4 
20180715067 7 3 9 4 5 8 2 1 10 6 
20180715068 9 1 5 7 4 8 10 2 3 6 
20180715069 5 9 7 8 10 2 3 1 4 6 
20180715070 1 7 8 4 5 6 9 3 10 2 
20180715071 5 2 1 4 7 6 8 3 10 9 
20180715072 7 9 4 5 6 1 8 3 2 10 
20180715073 10 9 2 5 3 7 1 6 4 8 
20180715074 8 2 10 3 7 6 4 1 9 5 
20180715075 6 5 10 9 1 4 3 7 2 8 
20180715076 7 3 4 8 1 2 10 9 5 6 
20180715077 8 2 5 1 4 6 10 7 9 3 
20180715078 9 6 3 5 10 2 7 8 1 4 
20180715079 4 8 6 5 2 1 10 7 9 3 
20180715080 1 5 10 9 6 7 3 8 4 2 
20180715081 8 7 5 3 1 4 10 2 6 9 
20180715082 1 10 6 4 3 8 5 7 2 9 
20180715083 8 5 4 10 7 2 9 1 6 3 
20180715084 6 10 8 5 4 1 7 3 2 9 
20180715085 8 1 5 9 6 2 4 10 7 3 
20180715086 1 3 5 9 4 2 7 6 8 10 
20180715087 2 4 9 7 6 5 3 1 10 8 
20180715088 4 2 8 5 6 3 9 1 10 7 
20180715089 7 6 10 8 2 5 9 1 4 3 
20180715090 1 5 8 7 6 4 2 3 9 10 
20180715091 3 5 1 8 7 4 2 9 6 10 
20180715092 3 7 4 10 5 1 6 2 9 8 
20180715093 2 4 5 7 1 6 8 9 3 10 
20180715094 4 7 6 5 10 2 3 8 1 9 
20180715095 3 6 4 8 1 10 5 7 2 9 
20180715096 5 7 2 6 3 4 10 1 9 8 
20180715097 10 3 7 2 1 5 9 8 4 6 
20180715098 4 10 6 3 9 7 2 1 5 8 
20180715099 3 6 9 2 7 1 10 8 4 5 
20180715100 8 1 7 10 9 4 2 5 3 6 
20180715101 9 8 2 1 3 4 10 5 6 7 
20180715102 2 1 9 6 3 4 5 7 10 8 
20180715103 8 3 2 4 9 10 6 1 7 5 
20180715104 6 10 4 9 2 8 7 5 3 1 
20180715105 5 2 1 4 9 3 7 10 8 6 
20180715106 6 4 2 7 5 8 10 9 1 3 
20180715107 6 4 7 9 1 5 3 8 10 2 
20180715108 1 9 10 8 6 2 7 4 3 5 
20180715109 1 3 7 8 9 4 2 6 10 5 
20180715110 2 1 9 7 4 10 8 6 5 3 
20180715111 2 10 8 6 7 5 1 9 3 4 
20180715112 7 3 8 2 1 5 10 6 4 9 
20180715113 5 9 10 2 7 6 4 8 1 3 
20180715114 6 5 3 9 7 2 4 1 10 8 
20180715115 5 7 3 1 6 8 10 4 2 9 
20180715116 3 1 9 4 10 5 2 6 7 8 
20180715117 3 1 5 4 9 10 7 6 8 2 
20180715118 1 10 4 8 7 5 6 3 9 2 
20180715119 4 6 8 1 10 2 3 9 7 5 
20180715120 9 7 6 8 3 1 10 2 5 4 
20180715121 9 10 5 3 2 1 8 4 6 7 
20180715122 8 2 1 9 7 4 3 6 10 5 
20180715123 2 3 8 4 10 7 1 5 9 6 
20180715124 8 2 7 1 6 4 5 10 3 9 
20180715125 2 8 6 3 4 10 7 1 5 9 
20180715126 8 1 9 10 4 7 6 3 5 2 
20180715127 9 5 8 2 7 1 4 6 10 3 
20180715128 3 5 7 10 2 9 4 8 6 1 
20180715129 3 7 1 9 10 8 6 5 4 2 
20180715130 1 8 3 9 6 2 7 10 4 5 
20180715131 8 2 4 1 6 3 7 5 9 10 
20180715132 7 1 2 10 3 9 6 5 8 4 
20180715133 3 10 4 2 1 5 8 9 7 6 
20180715134 8 2 4 5 9 1 3 6 10 7 
20180715135 2 9 7 5 8 1 3 10 4 6 
20180715136 2 3 8 5 9 4 7 6 10 1 
20180715137 7 10 4 9 6 8 3 2 5 1 
20180715138 4 6 10 3 2 9 7 1 8 5 
20180715139 1 8 7 3 5 6 2 9 10 4 
20180715140 7 6 8 9 5 2 4 1 3 10 
20180715141 1 2 10 8 3 5 9 6 4 7 
20180715142 10 5 6 4 7 8 3 9 1 2 
20180715143 3 8 4 9 5 7 1 6 2 10 
20180715144 5 2 3 1 8 6 10 9 7 4 
20180715145 3 5 9 10 8 6 4 2 1 7 
20180715146 10 7 4 2 6 5 3 9 8 1 
20180715147 9 7 1 5 8 2 3 4 10 6 
20180715148 8 6 2 3 5 1 4 10 9 7 
20180715149 1 3 10 7 4 2 5 9 6 8 
20180715150 6 3 10 8 4 1 5 7 9 2 
20180715151 4 8 5 9 10 7 1 6 3 2 
20180715152 8 1 10 9 7 5 4 6 3 2 
20180715153 7 9 6 4 5 8 2 3 1 10 
20180715154 7 2 1 6 5 3 10 9 8 4 
20180715155 6 7 9 10 8 2 3 1 5 4 
20180715156 6 10 1 3 8 2 5 4 7 9 
20180715157 1 6 5 8 3 9 2 10 4 7 
20180715158 4 9 1 2 3 7 6 8 5 10 
20180715159 2 6 1 8 5 9 10 7 4 3 
20180715160 3 8 6 9 5 7 2 1 10 4 
20180715161 5 8 1 9 2 7 3 4 6 10 
20180715162 3 10 7 2 1 6 5 4 9 8 
20180715163 8 6 3 5 7 1 10 4 9 2 
20180715164 3 2 1 9 8 4 6 5 10 7 
20180715165 5 1 8 4 9 2 6 3 7 10 
20180715166 1 6 7 3 8 9 5 2 10 4 
20180715167 8 4 3 10 7 1 9 6 5 2 
20180715168 5 3 6 7 9 1 4 10 8 2 
20180715169 10 9 1 8 4 6 5 2 3 7 
20180715170 3 9 1 5 2 10 7 6 8 4 
20180715171 7 8 5 1 2 4 9 3 10 6 
20180715172 10 6 3 8 7 2 1 9 5 4 
20180715173 8 7 5 3 1 9 6 10 4 2 
20180715174 5 1 7 3 9 8 2 6 10 4 
20180715175 2 8 10 7 5 9 1 4 6 3 
20180715176 2 8 9 4 7 1 10 5 3 6 
20180715177 8 1 7 2 4 5 10 3 9 6 
20180715178 1 4 3 8 10 2 9 5 7 6 
20180715179 3 7 6 2 5 8 4 9 10 1 
20180715180 8 3 2 7 1 9 4 10 5 6 
20180715181 4 2 1 3 6 8 9 5 7 10 
20180715182 4 3 7 2 1 8 5 10 9 6 
20180715183 3 10 6 4 2 7 8 5 9 1 
20180715184 9 5 2 10 7 1 4 6 8 3 
20180715185 7 5 4 6 9 8 3 2 1 10 
20180715186 6 1 7 8 4 2 10 9 5 3 
20180715187 9 10 2 1 7 3 8 5 6 4 
20180715188 4 1 3 2 10 6 9 8 5 7 
20180715189 1 3 2 9 10 6 7 4 8 5 
20180715190 5 4 2 10 3 8 9 6 7 1 
20180715191 9 1 10 7 2 6 8 5 3 4 
20180715192 3 4 9 5 1 7 8 10 2 6 
20180715193 1 6 9 5 4 7 2 3 10 8 
20180715194 9 4 10 3 7 1 5 6 8 2 
20180715195 5 3 9 1 10 2 4 6 7 8 
20180715196 9 5 10 3 2 7 1 8 4 6 
20180715197 6 3 2 8 1 4 7 10 5 9 
20180715198 9 4 6 2 5 7 3 1 10 8 
20180715199 9 1 6 7 2 8 5 4 3 10 
20180715200 2 4 5 9 7 10 6 3 1 8 
20180715201 8 4 2 5 10 7 9 6 1 3 
20180715202 2 3 10 5 4 7 8 9 6 1 
20180715203 1 4 3 5 10 7 2 8 9 6 
20180715204 1 10 2 8 9 3 7 6 5 4 
20180715205 6 7 8 3 9 10 5 4 1 2 
20180715206 2 6 7 5 1 4 8 10 3 9 
20180715207 7 9 10 2 5 6 8 3 4 1 
20180715208 6 7 3 4 10 8 2 9 1 5 
20180715209 3 10 4 5 6 1 2 7 8 9 
20180715210 10 7 8 6 5 4 1 2 3 9 
20180715211 3 1 2 6 5 10 4 7 8 9 
20180715212 7 3 4 6 2 8 9 5 10 1 
20180715213 5 3 4 6 2 9 10 7 1 8 
20180715214 3 8 1 5 9 4 7 10 2 6 
20180715215 6 8 3 5 2 4 9 10 7 1 
20180715216 5 1 9 7 8 2 10 3 6 4 
20180715217 3 7 5 9 8 6 4 1 10 2 
20180715218 8 4 10 7 9 3 5 6 1 2 
20180715219 9 8 6 10 1 5 2 7 3 4 
20180715220 6 5 10 4 7 3 9 1 2 8 
20180715221 9 10 1 8 5 3 4 7 6 2 
20180715222 5 3 2 7 9 10 1 6 4 8 
20180715223 5 7 8 6 3 10 1 4 9 2 
20180715224 9 7 5 2 4 8 6 10 3 1 
20180715225 7 2 10 4 5 1 8 9 6 3 
20180715226 6 4 3 9 2 5 7 10 1 8 
20180715227 3 5 9 2 6 4 10 1 7 8 
20180715228 1 9 10 8 4 3 7 2 6 5 
20180715229 6 5 10 4 7 2 1 8 9 3 
20180715230 3 5 9 2 6 4 10 7 1 8 
20180715231 3 1 9 4 8 5 7 10 6 2 
20180715232 8 4 1 7 5 10 9 6 2 3 
20180715233 4 6 3 8 7 1 10 2 9 5 
20180715234 8 10 1 3 5 4 9 2 6 7 
20180715235 9 2 7 8 6 4 3 10 1 5 
20180715236 8 6 2 9 7 4 1 5 3 10 
20180715237 2 4 1 7 8 6 9 5 10 3 
20180715238 1 8 2 9 6 4 10 7 5 3 
20180715239 2 3 5 4 7 1 6 8 9 10 
20180715240 3 4 2 7 10 8 6 9 5 1 
20180715241 3 4 1 5 7 2 8 9 6 10 
20180715242 5 10 7 9 8 3 6 4 1 2 
20180715243 5 9 10 3 1 6 8 7 4 2 
20180715244 2 4 5 6 1 7 10 3 8 9 
20180715245 8 9 1 5 10 4 2 6 7 3 
20180715246 2 10 9 4 5 6 1 7 8 3 
20180715247 1 3 5 9 10 8 6 4 7 2 
20180715248 3 7 8 2 9 1 5 10 6 4 
20180715249 10 2 5 7 6 3 9 1 8 4 
20180715250 9 10 8 3 7 1 4 5 2 6 
20180715251 3 5 7 8 10 2 4 9 6 1 
20180715252 7 10 3 4 8 9 1 2 5 6 
20180715253 4 9 5 6 3 2 8 1 10 7 
20180715254 6 8 1 10 7 9 2 4 3 5 
20180715255 9 10 5 6 7 8 4 3 2 1 
20180715256 7 2 1 6 10 9 3 5 4 8 
20180715257 2 3 8 7 4 5 9 6 1 10 
20180715258 8 7 10 9 5 6 2 4 1 3 
20180715259 1 9 6 8 5 4 10 2 7 3 
20180715260 3 10 8 1 2 5 9 6 7 4 
20180715261 2 6 1 8 5 9 3 4 7 10 
20180715262 9 5 4 10 2 7 8 6 3 1 
20180715263 2 1 5 8 4 9 3 7 6 10 
20180715264 8 5 1 9 2 6 7 4 10 3 
20180715265 10 9 5 1 8 3 4 7 6 2 
20180715266 6 5 8 1 9 7 3 4 2 10 
20180715267 4 3 10 7 8 5 6 1 2 9 
20180715268 10 8 6 4 9 7 3 1 5 2 
20180715269 7 1 6 8 2 4 5 10 9 3 
20180715270 1 10 4 6 9 5 2 7 8 3 
20180715271 8 10 3 9 1 6 2 7 4 5 
20180715272 6 1 10 5 9 3 8 4 2 7 
20180715273 8 6 10 3 4 5 7 1 9 2 
20180715274 8 7 5 9 10 3 1 4 6 2 
20180715275 3 1 4 8 10 7 5 2 6 9 
20180715276 8 2 7 1 5 4 6 3 9 10 
20180715277 7 6 8 9 2 3 1 5 4 10 
20180715278 4 8 7 3 6 2 9 1 10 5 
20180715279 9 4 1 6 7 5 10 3 2 8 
20180715280 5 10 9 2 3 8 6 7 1 4 
20180715281 3 8 5 1 7 9 2 4 6 10 
20180715282 7 5 10 3 4 8 6 1 9 2 
20180715283 2 4 8 6 10 1 7 9 3 5 
20180715284 3 1 8 2 9 7 4 10 5 6 
20180715285 1 4 9 10 2 8 7 5 6 3 
20180715286 9 3 10 2 5 1 7 6 8 4 
20180715287 1 4 6 5 8 10 2 7 9 3 
20180715288 4 7 2 10 3 9 6 1 5 8 
20180715289 9 1 10 6 8 5 4 2 3 7 
20180715290 7 5 4 3 2 1 8 6 9 10 
20180715291 5 2 4 1 10 7 9 8 6 3 
20180715292 10 9 3 1 6 8 4 2 7 5 
20180715293 7 9 5 3 10 4 6 1 8 2 
20180715294 4 9 6 10 7 1 2 5 3 8 
20180715295 6 9 4 3 8 2 1 5 10 7 
20180715296 3 5 8 10 2 4 6 1 7 9 
20180715297 5 7 8 2 3 10 6 9 1 4 
20180715298 1 3 8 7 5 6 4 9 10 2 
20180715299 2 9 5 6 10 7 3 4 1 8 
20180715300 10 5 8 9 1 6 7 2 3 4 
20180715301 1 7 3 8 10 4 6 5 2 9 
20180715302 3 9 6 8 2 1 5 4 10 7 
20180715303 4 3 6 5 7 2 9 1 8 10 
20180715304 7 3 6 1 8 5 10 4 2 9 
20180715305 9 6 1 10 8 2 5 3 7 4 
20180715306 10 8 6 4 3 1 5 9 7 2 
20180715307 10 3 5 4 1 2 6 7 9 8 
20180715308 6 7 1 10 2 3 8 5 9 4 
20180715309 3 1 9 5 6 7 4 8 10 2 
20180715310 1 8 7 2 6 9 5 4 10 3 
20180715311 5 7 9 6 10 8 1 3 2 4 
20180715312 10 9 2 7 4 8 3 6 1 5 
20180715313 4 5 10 3 1 9 6 2 7 8 
20180715314 1 6 2 5 3 9 10 8 7 4 
20180715315 5 7 1 3 10 9 4 6 2 8 
20180715316 5 9 6 3 2 10 7 1 8 4 
20180715317 6 8 4 5 9 10 7 3 2 1 
20180715318 2 1 3 7 4 10 6 9 8 5 
20180715319 5 4 1 8 6 10 9 2 3 7 
20180715320 4 3 2 7 1 9 8 10 6 5 
20180715321 7 5 6 9 1 10 3 8 2 4 
20180715322 4 1 2 9 3 7 8 5 10 6 
20180715323 5 6 9 8 3 10 2 7 1 4 
20180715324 1 2 4 10 3 7 5 8 9 6 
20180715325 9 4 8 1 10 5 3 6 2 7 
20180715326 3 2 1 6 8 5 10 7 4 9 
20180715327 3 10 7 8 5 9 2 4 1 6 
20180715328 2 4 8 3 9 6 7 5 1 10 
20180715329 7 8 1 6 9 4 2 5 10 3 
20180715330 2 3 10 5 6 8 4 1 9 7 
20180715331 9 4 6 8 5 2 7 3 1 10 
20180715332 6 7 10 4 5 9 3 2 8 1 
20180715333 5 4 9 8 6 3 10 2 1 7 
20180715334 6 9 4 1 3 7 8 5 10 2 
20180715335 1 7 9 8 4 10 5 2 3 6 
20180715336 3 2 4 5 6 10 7 8 1 9 
20180715337 7 10 8 5 6 3 2 4 1 9 
20180715338 2 8 6 7 3 10 5 9 4 1 
20180715339 10 1 2 9 7 6 8 3 4 5 
20180715340 6 7 10 1 9 8 3 4 5 2 
20180715341 1 5 9 10 6 7 2 4 8 3 
20180715342 4 6 3 8 2 10 1 7 9 5 
20180715343 1 3 9 6 10 5 2 8 4 7 
20180715344 8 3 2 9 4 1 5 7 6 10 
20180715345 4 7 3 8 5 10 2 9 6 1 
20180715346 2 5 9 1 4 8 10 7 3 6 
20180715347 7 10 3 4 9 8 5 1 2 6 
20180715348 9 8 6 5 1 3 4 7 10 2 
20180715349 6 3 9 5 7 2 1 8 10 4 
20180715350 3 1 10 9 7 8 2 4 6 5 
20180715351 1 5 7 6 4 8 2 3 10 9 
20180715352 7 8 2 5 6 4 1 10 9 3 
20180715353 9 7 8 2 4 3 5 6 10 1 
20180715354 3 9 2 4 5 1 6 7 8 10 
20180715355 9 6 3 4 5 7 1 2 8 10 
20180715356 5 4 8 2 6 1 9 3 7 10 
20180715357 2 1 7 10 5 3 4 9 8 6 
20180715358 6 2 5 7 1 4 8 9 10 3 
20180715359 1 7 9 4 10 3 6 2 5 8 
20180715360 8 9 5 10 4 7 3 2 1 6 
20180715361 1 5 2 4 7 3 9 10 8 6 
20180715362 7 3 8 2 1 4 10 6 5 9 
20180715363 2 5 9 7 10 8 4 3 1 6 
20180715364 4 3 2 1 10 6 7 8 9 5 
20180715365 3 7 6 5 10 8 9 2 4 1 
20180715366 3 4 6 7 2 9 10 8 1 5 
20180715367 9 10 3 6 2 8 4 1 5 7 
20180715368 10 1 8 3 5 4 7 6 2 9 
20180715369 5 4 9 1 6 10 2 3 8 7 
20180715370 1 7 6 4 8 10 2 5 9 3 
20180715371 4 10 3 9 1 7 2 6 5 8 
20180715372 5 7 9 8 1 3 4 10 2 6 
20180715373 3 10 8 4 2 1 7 9 6 5 
20180715374 2 10 9 8 7 6 5 4 1 3 
20180715375 1 4 5 9 3 10 7 6 2 8 
20180715376 7 2 5 4 3 1 10 9 6 8 
20180715377 10 6 9 4 3 5 1 7 2 8 
20180715378 9 4 5 1 3 2 7 8 10 6 
20180715379 5 6 8 4 7 2 9 1 10 3 
20180715380 8 5 7 2 6 9 3 1 10 4 
20180715381 5 1 7 4 2 8 10 3 6 9 
20180715382 6 10 1 3 7 8 4 2 5 9 
20180715383 8 9 1 10 7 5 2 4 6 3 
20180715384 8 2 3 5 1 4 7 9 6 10 
20180715385 3 9 7 5 6 10 2 4 8 1 
20180715386 4 9 5 10 3 2 7 8 6 1 
20180715387 6 8 9 7 2 4 10 5 3 1 
20180715388 8 6 7 2 9 3 10 4 5 1 
20180715389 5 2 7 1 4 6 8 10 3 9 
20180715390 10 6 7 2 1 4 9 5 3 8 
20180715391 1 3 9 10 5 8 4 7 2 6 
20180715392 5 2 3 4 1 8 7 9 6 10 
20180715393 10 5 7 8 6 4 2 1 3 9 
20180715394 5 6 10 9 4 8 7 2 3 1 
20180715395 5 6 3 8 9 2 7 4 1 10 
20180715396 9 3 4 1 8 7 6 2 10 5 
20180715397 6 3 4 1 9 8 2 5 10 7 
20180715398 6 10 2 4 9 5 7 8 3 1 
20180715399 5 9 7 10 1 4 6 2 8 3 
20180715400 1 5 7 3 4 8 9 6 2 10 
20180715401 5 9 6 1 2 10 7 3 8 4 
20180715402 8 6 2 4 3 9 1 5 10 7 
20180715403 7 4 2 3 10 8 5 9 6 1 
20180715404 3 4 8 7 2 9 5 10 1 6 
20180715405 9 4 2 8 6 3 1 10 7 5 
20180715406 2 3 4 7 8 10 5 1 9 6 
20180715407 5 10 3 9 6 2 8 7 1 4 
20180715408 9 7 6 10 8 5 3 1 2 4 
20180715409 10 1 2 3 5 4 9 7 6 8 
20180715410 6 5 1 8 7 3 10 4 9 2 
20180715411 6 4 10 8 7 5 3 2 1 9 
20180715412 3 5 7 9 2 8 6 1 10 4 
20180715413 9 2 10 6 8 5 3 4 7 1 
20180715414 9 1 4 3 5 6 2 8 7 10 
20180715415 4 1 7 6 3 9 8 5 10 2 
20180715416 6 1 7 10 3 5 4 8 9 2 
20180715417 1 5 2 3 4 9 10 6 8 7 
20180715418 1 5 8 10 6 7 9 2 3 4 
20180715419 3 9 1 6 5 2 10 4 8 7 
20180715420 7 1 4 5 2 3 9 10 8 6 
20180715421 10 7 9 4 5 2 1 6 8 3 
20180715422 7 4 3 8 10 1 6 5 2 9 
20180715423 5 8 2 1 3 7 9 6 10 4 
20180715424 6 10 9 3 7 4 1 5 8 2 
20180715425 1 3 7 6 9 10 5 2 4 8 
20180715426 1 4 7 8 6 10 5 2 9 3 
20180715427 6 1 2 5 3 8 10 4 7 9 
20180715428 1 5 6 2 4 3 9 8 10 7 
20180715429 4 5 2 7 1 8 3 9 6 10 
20180715430 10 5 3 1 8 2 6 7 4 9 
20180715431 2 8 1 5 3 6 7 10 9 4 
20180715432 9 8 1 3 4 2 10 7 5 6 
20180715433 2 7 6 10 8 3 9 5 1 4 
20180715434 6 3 2 9 10 1 4 8 7 5 
20180715435 3 6 2 7 9 5 8 1 4 10 
20180715436 6 5 10 4 3 9 7 1 8 2 
20180715437 5 4 9 6 2 10 1 8 7 3 
20180715438 10 9 2 7 1 3 6 4 8 5 
20180715439 6 5 2 9 7 10 3 1 4 8 
20180715440 7 5 2 6 8 3 4 1 10 9 
20180715441 1 5 10 8 7 3 6 9 4 2 
20180715442 5 9 6 1 3 10 4 2 7 8 
20180715443 1 7 2 5 4 8 6 3 9 10 
20180715444 6 9 5 1 3 8 2 4 7 10 
20180715445 8 9 1 6 2 7 4 5 3 10 
20180715446 1 4 5 10 9 7 6 3 2 8 
20180715447 2 9 8 5 1 7 6 3 4 10 
20180715448 8 7 9 1 6 4 2 3 5 10 
20180715449 8 1 9 6 4 2 5 7 10 3 
20180715450 4 9 7 8 5 1 6 10 2 3 
20180715451 4 3 8 10 6 1 9 5 7 2 
20180715452 3 9 1 8 10 7 2 4 6 5 
20180715453 6 2 10 1 4 7 8 3 9 5 
20180715454 3 6 10 2 9 5 1 8 7 4 
20180715455 10 2 6 3 5 7 8 9 1 4 
20180715456 5 7 2 6 4 9 1 10 3 8 
20180715457 9 8 2 7 3 4 1 6 10 5 
20180715458 10 9 5 4 8 1 2 7 3 6 
20180715459 10 6 3 9 1 8 7 4 5 2 
20180715460 2 7 6 9 5 8 4 10 3 1 
20180715461 8 7 10 2 1 6 3 4 9 5 
20180715462 3 4 1 8 5 7 2 10 6 9 
20180715463 8 4 2 1 10 9 7 3 6 5 
20180715464 9 7 6 3 10 4 1 5 8 2 
20180715465 2 3 7 4 5 9 6 8 10 1 
20180715466 4 8 10 1 9 6 7 3 5 2 
20180715467 6 5 2 3 9 8 4 7 10 1 
20180715468 5 2 6 1 10 9 4 8 7 3 
20180715469 9 3 8 5 4 6 10 7 2 1 
20180715470 8 4 5 3 6 7 1 2 9 10 
20180715471 10 4 7 8 2 9 1 3 5 6 
20180715472 10 7 3 6 4 2 5 1 8 9 
20180715473 9 4 5 1 10 3 7 6 2 8 
20180715474 7 5 1 9 4 2 3 6 8 10 
20180715475 3 8 2 4 6 7 1 9 5 10 
20180715476 6 9 10 5 2 8 1 7 4 3 
20180715477 5 9 3 10 7 6 2 4 1 8 
20180715478 7 6 4 8 10 5 9 1 3 2 
20180715479 2 10 4 9 6 1 3 5 7 8 
20180715480 5 2 3 1 8 9 6 7 4 10 
20180715481 1 6 7 5 4 8 10 3 9 2 
20180715482 7 9 1 8 3 5 6 10 2 4 
20180715483 7 2 4 9 5 8 3 1 10 6 
20180715484 8 5 7 4 2 3 9 1 6 10 
20180715485 3 4 7 6 10 1 8 5 9 2 
20180715486 3 7 10 9 1 5 4 2 8 6 
20180715487 9 6 4 10 3 1 8 2 5 7 
20180715488 4 10 5 9 2 7 3 1 8 6 
20180715489 7 2 8 4 5 1 3 6 9 10 
20180715490 2 4 9 7 8 3 5 1 10 6 
20180715491 1 2 6 9 10 8 5 3 7 4 
20180715492 9 8 5 1 6 10 3 7 4 2 
20180715493 3 7 2 4 10 5 8 6 9 1 
20180715494 9 7 1 3 10 4 8 5 2 6 
20180715495 8 7 1 4 6 3 2 5 10 9 
20180715496 1 4 7 8 9 2 5 6 3 10 
20180715497 10 4 9 5 1 6 8 2 3 7 
20180715498 8 4 7 1 6 3 2 9 10 5 
20180715499 6 10 8 5 4 2 1 3 9 7 
20180715500 6 4 7 9 5 3 10 1 8 2 
20180715501 5 9 10 2 1 4 8 7 6 3 
20180715502 4 10 2 6 8 3 1 7 9 5 
20180715503 7 4 9 1 5 3 6 10 8 2 
20180715504 1 4 10 2 9 3 5 8 6 7 
20180715505 8 3 2 7 5 10 9 6 1 4 
20180715506 9 1 2 10 7 4 3 5 6 8 
20180715507 10 4 3 9 1 7 5 2 6 8 
20180715508 2 6 1 10 7 4 3 5 9 8 
20180715509 9 6 5 7 8 4 3 2 10 1 
20180715510 1 9 10 8 3 4 2 7 6 5 
20180715511 1 10 4 3 6 5 8 2 9 7 
20180715512 3 4 2 10 7 9 8 6 1 5 
20180715513 7 1 10 4 5 9 8 2 3 6 
20180715514 10 3 2 8 6 7 1 5 4 9 
20180715515 4 8 7 9 1 3 6 10 2 5 
20180715516 5 10 6 8 4 7 2 1 9 3 
20180715517 5 2 7 9 3 10 1 6 8 4 
20180715518 6 10 2 4 1 8 3 7 5 9 
20180715519 7 8 10 6 2 4 5 9 1 3 
20180715520 10 7 4 8 9 5 3 2 6 1 
20180715521 2 10 7 3 1 8 5 4 9 6 
20180715522 4 7 8 6 2 9 5 1 10 3 
20180715523 2 10 6 4 5 1 3 7 8 9 
20180715524 8 2 1 6 4 5 7 10 9 3 
20180715525 8 9 10 2 4 3 5 6 1 7 
20180715526 7 3 10 8 2 9 5 6 4 1 
20180715527 1 8 3 10 6 7 5 2 4 9 
20180715528 4 5 3 9 2 7 6 1 10 8 
20180715529 9 7 4 5 3 1 6 8 2 10 
20180715530 7 3 10 6 8 4 1 2 9 5 
20180715531 9 2 5 10 3 6 8 4 7 1 
20180715532 4 8 9 3 1 6 5 2 7 10 
20180715533 6 5 8 9 2 3 10 4 1 7 
20180715534 8 6 1 5 10 3 4 7 2 9 
20180715535 8 4 7 10 6 1 5 2 9 3 
20180715536 7 8 10 1 2 9 5 6 4 3 
20180715537 10 4 8 1 6 3 2 5 7 9 
20180715538 9 1 6 10 4 8 5 3 2 7 
20180715539 7 4 3 5 1 8 2 6 9 10 
20180715540 3 2 4 9 1 10 7 6 8 5 
20180715541 8 7 3 5 2 4 9 6 10 1 
20180715542 9 1 7 8 6 10 5 2 3 4 
20180715543 9 1 3 8 10 2 6 5 4 7 
20180715544 1 6 9 3 5 4 2 8 10 7 
20180715545 10 4 8 6 3 2 7 9 1 5 
20180715546 7 5 9 4 1 6 8 2 10 3 
20180715547 7 4 1 6 2 10 5 9 3 8 
20180715548 9 4 2 6 5 8 7 1 10 3 
20180715549 9 6 4 5 2 1 8 10 3 7 
20180715550 5 9 2 3 7 1 10 4 6 8 
20180715551 8 10 6 5 7 9 1 2 3 4 
20180715552 6 3 10 2 9 5 4 8 1 7 
20180715553 5 6 4 7 8 2 10 9 3 1 
20180715554 6 1 10 3 2 8 5 9 4 7 
20180715555 8 1 10 5 2 4 9 6 7 3 
20180715556 1 9 7 4 3 10 8 2 5 6 
20180715557 9 8 2 6 1 7 3 5 10 4 
20180715558 7 8 2 10 5 4 3 9 1 6 
20180715559 5 4 7 1 10 8 9 6 3 2 
20180715560 4 9 10 6 3 2 5 1 8 7 
20180715561 2 5 7 10 6 1 4 8 3 9 
20180715562 7 10 5 3 2 6 4 1 9 8 
20180715563 4 1 6 3 8 10 5 2 9 7 
20180715564 1 6 5 3 9 4 8 2 10 7 
20180715565 1 6 10 9 5 3 2 4 8 7 
20180715566 6 9 2 3 10 8 4 7 1 5 
20180715567 9 8 6 2 10 1 4 5 3 7 
20180715568 2 10 4 7 5 6 8 1 9 3 
20180715569 8 2 1 9 4 5 3 7 10 6 
20180715570 8 4 3 7 2 9 5 6 1 10 
20180715571 8 4 9 5 1 10 3 6 2 7 
20180715572 1 4 9 2 7 8 6 10 5 3 
20180715573 5 8 10 6 1 9 7 3 2 4 
20180715574 7 4 6 2 8 9 10 1 3 5 
20180715575 8 1 6 2 5 7 4 3 10 9 
20180715576 5 2 3 10 9 1 7 6 4 8 
20180715577 4 7 9 5 6 3 2 8 10 1 
20180715578 4 6 10 7 3 9 1 8 5 2 
20180715579 5 2 1 8 6 3 9 7 4 10 
20180715580 9 6 10 4 2 5 3 7 8 1 
20180715581 4 7 8 3 6 9 5 2 10 1 
20180715582 2 10 6 8 9 3 5 4 1 7 
20180715583 8 7 2 5 10 1 3 6 4 9 
20180715584 1 5 6 7 4 3 8 2 9 10 
20180715585 1 9 2 10 6 4 7 3 5 8 
20180715586 4 2 3 6 5 1 7 8 10 9 
20180715587 6 8 9 10 1 7 5 3 2 4 
20180715588 6 9 10 5 1 7 4 2 3 8 
20180715589 5 8 6 4 3 1 2 9 7 10 
20180715590 9 2 1 5 3 7 6 10 8 4 
20180715591 9 4 7 2 5 6 1 10 8 3 
20180715592 9 6 5 10 3 8 4 1 7 2 
20180715593 4 8 9 10 5 2 7 3 1 6 
20180715594 4 10 6 1 3 8 7 2 9 5 
20180715595 4 8 6 7 2 10 1 3 5 9 
20180715596 8 2 9 10 5 6 7 3 4 1 
20180715597 9 2 4 1 6 7 8 3 5 10 
20180715598 6 5 9 10 4 8 3 1 7 2 
20180715599 8 4 1 9 6 7 10 5 3 2 
20180715600 10 3 8 1 6 2 7 9 5 4 
20180715601 5 4 8 9 7 2 10 6 1 3 
20180715602 5 1 10 3 2 4 9 8 6 7 
20180715603 2 10 9 8 4 3 7 5 1 6 
20180715604 7 5 9 3 10 2 8 4 6 1 
20180715605 3 6 7 9 1 4 2 5 10 8 
20180715606 10 6 9 1 7 5 2 4 3 8 
20180715607 2 6 4 9 10 1 7 5 8 3 
20180715608 1 3 2 10 6 5 7 4 8 9 
20180715609 8 7 10 6 4 5 9 3 2 1 
20180715610 5 2 10 7 3 4 6 9 1 8 
20180715611 8 2 4 10 5 7 3 1 9 6 
20180715612 10 8 7 3 4 6 5 9 2 1 
20180715613 1 10 6 4 7 8 5 3 2 9 
20180715614 3 4 6 7 10 1 2 9 8 5 
20180715615 7 2 9 1 3 6 8 5 10 4 
20180715616 4 2 5 6 7 8 3 9 1 10 
20180715617 4 7 3 10 1 9 5 8 2 6 
20180715618 7 1 2 6 4 5 8 9 10 3 
20180715619 3 1 10 5 6 7 9 2 4 8 
20180715620 4 5 3 9 2 8 10 7 1 6 
20180715621 1 2 7 6 4 5 8 9 3 10 
20180715622 2 9 1 6 4 5 10 7 8 3 
20180715623 9 2 1 7 6 5 8 10 4 3 
20180715624 4 8 3 5 7 10 9 1 6 2 
20180715625 2 6 7 5 3 10 1 4 9 8 
20180715626 9 5 10 2 4 1 3 6 8 7 
20180715627 5 7 2 3 10 9 1 4 8 6 
20180715628 8 9 1 5 7 3 2 6 10 4 
20180715629 9 10 8 3 1 5 4 7 2 6 
20180715630 9 7 10 4 6 8 3 5 1 2 
20180715631 5 7 10 1 6 4 2 8 9 3 
20180715632 4 8 2 7 10 6 5 9 3 1 
20180715633 8 9 3 6 4 7 1 2 5 10 
20180715634 4 6 3 10 9 8 7 5 2 1 
20180715635 1 2 4 6 8 9 5 7 10 3 
20180715636 6 5 7 2 10 3 8 4 9 1 
20180715637 10 2 1 5 7 9 6 4 8 3 
20180715638 1 5 7 4 9 2 3 8 6 10 
20180715639 10 6 4 8 1 3 7 2 5 9 
20180715640 5 7 1 8 9 6 2 10 3 4 
20180715641 7 6 4 10 9 1 8 3 2 5 
20180715642 4 2 7 8 6 3 10 5 1 9 
20180715643 4 2 3 1 7 5 6 9 8 10 
20180715644 7 2 4 8 1 5 10 3 9 6 
20180715645 4 1 7 9 2 5 6 8 10 3 
20180715646 3 9 8 4 10 5 2 7 1 6 
20180715647 10 8 2 5 7 1 3 4 9 6 
20180715648 6 9 7 3 1 8 5 10 4 2 
20180715649 4 5 3 2 8 6 7 10 1 9 
20180715650 7 6 1 10 3 2 8 4 9 5 
20180715651 8 6 7 10 3 4 9 2 5 1 
20180715652 8 2 1 9 7 5 3 6 10 4 
20180715653 3 5 10 9 8 6 1 2 7 4 
20180715654 10 4 3 8 6 7 1 9 5 2 
20180715655 3 8 7 2 9 5 6 1 4 10 
20180715656 2 3 8 5 9 10 6 7 1 4 
20180715657 9 7 10 2 5 6 8 3 1 4 
20180715658 5 3 10 7 4 8 6 2 1 9 
20180715659 8 9 5 4 6 10 3 2 7 1 
20180715660 5 4 2 3 9 1 6 7 8 10 
20180715661 6 2 3 7 8 10 1 5 4 9 
20180715662 1 2 7 4 3 9 6 5 10 8 
20180715663 4 5 3 8 1 9 2 7 10 6 
20180715664 9 3 5 8 6 1 4 2 7 10 
20180715665 9 10 5 6 4 3 8 2 1 7 
20180715666 2 7 9 6 3 5 8 4 10 1 
20180715667 8 9 1 4 7 10 5 2 3 6 
20180715668 2 6 3 8 7 5 4 9 1 10 
20180715669 10 1 6 8 2 9 4 7 3 5 
20180715670 2 5 1 6 4 9 10 3 8 7 
20180715671 10 9 2 8 7 5 1 6 4 3 
20180715672 10 6 4 5 1 2 9 3 8 7 
20180715673 9 2 7 3 4 1 6 10 8 5 
20180715674 6 2 9 8 10 5 7 3 1 4 
20180715675 8 5 9 2 10 6 1 7 4 3 
20180715676 3 10 9 5 8 1 6 7 2 4 
20180715677 5 4 1 6 10 8 7 3 9 2 
20180715678 4 3 10 2 8 1 6 7 9 5 
20180715679 7 3 2 8 4 5 6 9 10 1 
20180715680 6 1 2 3 9 4 10 5 7 8 
20180715681 3 4 2 1 8 6 7 9 5 10 
20180715682 10 4 3 1 6 5 7 2 8 9 
20180715683 1 9 6 3 4 8 7 5 10 2 
20180715684 7 10 4 5 2 3 8 6 1 9 
20180715685 10 6 5 4 8 1 7 9 2 3 
20180715686 7 5 8 10 1 9 6 3 4 2 
20180715687 5 4 2 8 3 1 10 9 7 6 
20180715688 7 2 5 3 8 4 9 6 10 1 
20180715689 2 6 4 8 1 9 10 7 3 5 
20180715690 10 2 5 8 7 1 9 4 6 3 
20180715691 1 10 5 2 8 3 7 6 4 9 
20180715692 3 2 8 5 6 7 10 9 1 4 
20180715693 4 10 9 3 2 5 8 7 1 6 
20180715694 8 3 4 1 5 9 10 2 6 7 
20180715695 1 8 4 3 10 2 6 9 7 5 
20180715696 6 2 8 3 1 4 7 10 5 9 
20180715697 8 2 10 7 4 5 6 1 9 3 
20180715698 1 6 5 4 3 2 7 8 9 10 
20180715699 3 9 6 8 1 10 5 4 2 7 
20180715700 10 5 1 8 9 2 7 6 4 3 
20180715701 4 2 9 3 1 8 7 10 6 5 
20180715702 6 7 4 9 1 3 10 2 5 8 
20180715703 2 4 5 10 8 6 3 1 7 9 
20180715704 10 1 5 6 8 3 4 9 7 2 
20180715705 4 8 5 2 10 6 3 7 9 1 
20180715706 8 2 9 4 10 1 3 7 6 5 
20180715707 8 10 3 1 9 2 6 5 7 4 
20180715708 3 10 8 9 6 2 1 5 7 4 
20180715709 9 6 2 4 8 7 3 1 5 10 
20180715710 8 6 4 10 2 9 3 1 5 7 
20180715711 3 9 10 6 2 4 5 1 8 7 
20180715712 6 1 9 2 3 4 10 7 8 5 
20180715713 10 6 8 4 3 5 9 2 7 1 
20180715714 3 4 2 10 7 6 9 5 8 1 
20180715715 6 5 2 8 3 7 9 4 1 10 
20180715716 10 4 5 8 2 6 7 9 3 1 
20180715717 6 9 4 7 5 1 8 3 2 10 
20180715718 10 5 2 6 1 4 9 3 8 7 
20180715719 10 3 2 9 5 6 8 1 4 7 
20180715720 8 7 1 9 6 4 2 10 3 5 
20180715721 3 10 7 9 2 8 5 1 6 4 
20180715722 8 9 2 3 4 10 6 1 5 7 
20180715723 4 6 8 5 3 9 1 7 2 10 
20180715724 5 8 1 7 6 3 9 2 4 10 
20180715725 1 2 3 5 6 4 7 8 9 10 
20180715726 3 4 9 1 6 8 7 5 2 10 
20180715727 2 4 1 8 7 6 3 10 5 9 
20180715728 6 10 4 8 2 9 7 3 5 1 
20180715729 7 1 10 9 8 2 5 3 4 6 
20180715730 4 9 5 8 10 7 1 3 6 2 
20180715731 2 7 4 5 9 8 3 10 6 1 
20180715732 6 2 4 8 10 9 3 1 5 7 
20180715733 10 2 4 8 7 3 9 5 6 1 
20180715734 4 9 1 2 7 6 10 5 8 3 
20180715735 3 2 9 5 1 7 4 8 10 6 
20180715736 6 7 5 9 3 10 4 1 8 2 
20180715737 3 10 5 2 1 7 9 8 4 6 
20180715738 3 10 8 9 6 1 4 5 2 7 
20180715739 4 1 2 3 5 9 6 8 7 10 
20180715740 6 4 10 3 7 9 2 5 8 1 
20180715741 10 5 3 9 4 2 7 1 6 8 
20180715742 1 6 3 8 4 2 10 5 7 9 
20180715743 9 2 6 7 3 1 8 10 4 5 
20180715744 4 9 3 5 2 1 7 6 10 8 
20180715745 8 5 3 4 1 6 7 2 9 10 
20180715746 4 6 7 10 3 8 1 5 9 2 
20180715747 4 10 7 3 6 1 2 9 5 8 
20180715748 5 7 10 9 1 2 8 4 3 6 
20180715749 1 6 3 7 5 9 10 4 2 8 
20180715750 7 9 10 1 3 6 2 5 4 8 
20180715751 1 8 4 7 5 3 6 2 9 10 
20180715752 1 5 3 8 10 2 7 6 9 4 
20180715753 9 3 7 8 6 1 4 10 2 5 
20180715754 2 9 10 4 5 6 3 7 1 8 
20180715755 9 6 2 4 3 7 8 10 1 5 
20180715756 5 9 8 6 4 1 10 7 3 2 
20180715757 5 1 6 9 10 2 7 4 3 8 
20180715758 5 8 10 1 2 7 4 3 9 6 
20180715759 10 5 9 3 8 7 4 1 6 2 
20180715760 3 7 6 10 4 9 2 1 8 5 
20180715761 4 10 6 5 2 3 1 9 7 8 
20180715762 6 8 3 7 10 9 4 5 1 2 
20180715763 3 9 8 2 1 6 4 10 5 7 
20180715764 6 2 8 5 3 4 10 7 1 9 
20180715765 6 8 7 2 3 10 9 4 1 5 
20180715766 2 4 7 8 10 3 5 6 1 9 
20180715767 7 2 10 6 3 9 4 8 5 1 
20180715768 2 10 9 8 1 7 4 5 3 6 
20180715769 10 4 3 1 6 9 2 7 8 5 
20180715770 4 1 9 7 5 6 2 10 8 3 
20180715771 8 9 4 3 10 6 2 7 5 1 
20180715772 4 7 6 10 9 2 8 3 1 5 
20180715773 7 1 4 2 9 10 5 3 6 8 
20180715774 10 1 7 3 6 8 2 5 9 4 
20180715775 5 2 9 4 6 7 8 3 10 1 
20180715776 2 10 7 3 5 1 4 6 9 8 
20180715777 10 7 8 6 9 1 4 3 2 5 
20180715778 3 2 10 1 5 6 7 4 9 8 
20180715779 4 2 7 5 3 6 10 1 9 8 
20180715780 4 10 7 8 6 5 9 1 2 3 
20180715781 2 10 4 1 5 7 6 9 3 8 
20180715782 7 4 8 6 5 10 3 1 9 2 
20180715783 3 6 10 4 9 2 5 7 8 1 
20180715784 3 6 4 1 10 5 2 8 7 9 
20180715785 9 2 4 5 8 6 10 3 7 1 
20180715786 5 10 2 7 9 4 6 8 3 1 
20180715787 8 2 5 4 1 6 3 7 10 9 
20180715788 8 5 4 7 2 3 1 10 9 6 
20180715789 3 8 2 9 4 10 7 1 5 6 
20180715790 5 8 3 9 1 4 10 7 2 6 
20180715791 2 8 1 3 9 4 5 6 7 10 
20180715792 7 9 4 2 3 1 8 10 6 5 
20180715793 6 4 2 8 9 10 7 1 5 3 
20180715794 10 4 7 5 1 8 3 6 2 9 
20180715795 4 10 8 2 1 7 5 3 9 6 
20180715796 10 9 8 4 2 3 1 6 5 7 
20180715797 6 5 3 10 8 9 4 2 7 1 
20180715798 1 5 9 2 10 7 8 4 6 3 
20180715799 5 6 9 7 4 10 8 3 1 2 
20180715800 1 8 4 7 10 2 5 9 6 3 
20180715801 7 2 4 9 8 10 3 6 1 5 
20180715802 10 2 5 4 1 8 7 3 9 6 
20180715803 2 7 6 10 8 1 5 3 9 4 
20180715804 9 8 10 3 1 7 2 5 6 4 
20180715805 10 1 5 4 3 9 2 6 7 8 
20180715806 6 3 7 9 5 10 8 2 4 1 
20180715807 7 8 10 9 6 4 3 5 2 1 
20180715808 7 4 5 9 10 8 3 1 6 2 
20180715809 5 6 4 10 9 3 1 2 8 7 
20180715810 7 8 2 10 5 6 3 4 9 1 
20180715811 2 4 8 6 7 10 3 1 9 5 
20180715812 1 4 6 7 5 2 3 10 8 9 
20180715813 10 9 3 7 4 6 8 5 1 2 
20180715814 1 6 5 8 10 2 4 9 3 7 
20180715815 2 9 4 5 3 1 7 8 6 10 
20180715816 10 5 9 4 1 2 6 3 8 7 
20180715817 2 9 7 6 3 5 1 8 4 10 
20180715818 1 6 10 5 7 2 3 8 4 9 
20180715819 3 8 2 9 4 1 10 6 5 7 
20180715820 10 4 5 1 6 7 8 3 9 2 
20180715821 1 3 7 9 5 2 8 6 10 4 
20180715822 1 6 10 7 9 3 4 2 5 8 
20180715823 2 9 8 1 4 3 7 10 5 6 
20180715824 6 3 9 5 2 7 8 10 4 1 
20180715825 4 3 8 10 5 9 2 1 7 6 
20180715826 5 6 8 3 2 7 9 10 4 1 
20180715827 3 7 2 5 1 6 9 10 8 4 
20180715828 4 5 9 3 6 10 7 1 2 8 
20180715829 1 2 4 9 6 10 7 8 5 3 
20180715830 2 3 1 4 7 9 10 5 6 8 
20180715831 9 1 5 7 10 8 6 4 3 2 
20180715832 1 9 7 3 5 2 4 6 10 8 
20180715833 4 8 1 2 10 6 5 7 3 9 
20180715834 1 10 7 6 8 5 9 2 4 3 
20180715835 5 2 6 10 1 9 4 8 3 7 
20180715836 8 7 1 4 10 5 2 6 9 3 
20180715837 2 9 3 7 5 4 6 10 8 1 
20180715838 2 1 6 8 4 5 3 9 7 10 
20180715839 6 9 2 7 5 3 10 1 8 4 
20180715840 3 1 10 7 4 2 8 6 9 5 
20180715841 9 3 6 1 8 10 7 4 5 2 
20180715842 1 10 5 8 7 4 3 9 6 2 
20180715843 10 9 4 6 3 2 8 5 7 1 
20180715844 6 10 1 7 2 5 4 3 8 9 
20180715845 2 10 8 6 4 3 5 1 9 7 
20180715846 2 1 10 4 7 9 6 5 8 3 
20180715847 2 4 10 1 9 7 6 5 3 8 
20180715848 10 6 3 2 8 5 9 7 1 4 
20180715849 8 3 9 2 6 5 1 7 4 10 
20180715850 5 1 3 10 7 9 2 6 8 4 
20180715851 10 1 4 3 9 7 2 8 6 5 
20180715852 3 5 7 4 1 10 9 6 2 8 
20180715853 9 5 10 7 3 4 1 6 8 2 
20180715854 1 7 4 5 10 6 8 2 9 3 
20180715855 4 9 8 6 5 2 3 10 7 1 
20180715856 10 3 8 4 7 1 2 5 9 6 
20180715857 2 3 4 8 5 9 1 10 7 6 
20180715858 9 8 7 3 4 2 5 6 1 10 
20180715859 10 6 3 1 2 9 5 4 7 8 
20180715860 10 1 5 4 2 6 9 7 3 8 
20180715861 5 4 2 6 7 9 8 3 1 10 
20180715862 6 2 1 8 3 5 10 7 9 4 
20180715863 7 9 4 1 6 2 10 3 8 5 
20180715864 10 3 5 7 6 4 2 1 8 9 
20180715865 3 2 5 6 10 1 8 7 4 9 
20180715866 1 6 5 10 9 8 2 3 7 4 
20180715867 9 7 4 8 5 10 2 1 6 3 
20180715868 10 8 3 9 4 6 5 7 2 1 
20180715869 2 9 5 7 8 6 10 4 1 3 
20180715870 6 7 5 3 8 9 4 1 10 2 
20180715871 9 10 1 7 6 3 5 4 2 8 
20180715872 10 7 5 3 6 4 8 1 2 9 
20180715873 5 3 10 4 2 6 9 7 1 8 
20180715874 4 3 10 2 1 9 6 8 5 7 
20180715875 1 6 2 9 8 4 10 7 3 5 
20180715876 4 8 10 7 1 9 5 6 2 3 
20180715877 8 2 10 4 5 3 9 6 1 7 
20180715878 4 10 7 9 5 2 6 1 8 3 
20180715879 9 1 6 4 7 2 5 10 8 3 
20180715880 8 2 1 9 6 4 10 7 5 3 
20180715881 7 9 4 10 6 5 2 3 1 8 
20180715882 6 9 8 10 4 5 2 7 1 3 
20180715883 10 4 1 2 7 3 5 9 6 8 
20180715884 9 10 5 2 6 8 4 7 3 1 
20180715885 2 9 8 7 1 6 3 4 10 5 
20180715886 5 10 9 7 2 6 8 1 3 4 
20180715887 3 2 7 1 5 9 6 10 4 8 
20180715888 9 8 3 2 1 7 10 5 6 4 
20180715889 10 2 4 5 8 7 9 1 3 6 
20180715890 5 1 9 8 10 4 6 7 3 2 
20180715891 10 5 6 2 4 3 7 8 9 1 
20180715892 4 7 10 8 2 1 6 5 3 9 
20180715893 10 2 6 9 4 7 8 3 1 5 
20180715894 5 8 3 2 10 6 1 7 4 9 
20180715895 5 6 7 9 2 3 1 8 4 10 
20180715896 8 9 4 5 7 6 1 2 3 10 
20180715897 7 2 4 6 9 8 5 3 1 10 
20180715898 9 4 7 1 2 5 10 8 3 6 
20180715899 3 2 1 10 8 7 9 5 4 6 
20180715900 3 5 4 6 1 8 2 7 9 10 
20180715901 7 8 3 1 6 5 10 4 9 2 
20180715902 9 8 4 5 3 1 2 7 10 6 
20180715903 1 5 3 7 2 6 4 10 8 9 
20180715904 10 1 5 3 7 8 6 2 4 9 
20180715905 3 7 6 10 1 8 5 4 2 9 
20180715906 7 4 2 6 8 1 3 10 5 9 
20180715907 9 3 4 1 10 2 5 6 7 8 
20180715908 10 7 4 1 9 5 2 6 3 8 
20180715909 5 4 3 6 8 1 9 10 7 2 
20180715910 5 6 9 2 1 8 4 3 7 10 
20180715911 4 3 9 1 8 7 6 10 5 2 
20180715912 2 8 4 3 10 6 1 5 9 7 
20180715913 9 4 5 2 6 10 1 8 3 7 
20180715914 2 9 10 1 4 6 5 7 3 8 
20180715915 10 5 7 2 1 4 9 8 6 3 
20180715916 6 9 2 8 7 1 4 10 3 5 
20180715917 2 10 7 9 1 5 3 4 8 6 
20180715918 9 5 4 3 2 7 10 1 8 6 
20180715919 9 7 1 2 4 5 10 3 6 8 
20180715920 10 6 4 5 9 3 8 2 1 7 
20180715921 3 10 4 5 2 8 1 6 7 9 
20180715922 9 4 2 8 1 3 7 6 5 10 
20180715923 4 3 5 1 6 7 10 8 2 9 
20180715924 4 5 1 8 6 3 10 9 7 2 
20180715925 8 6 1 10 3 9 7 4 2 5 
20180715926 10 8 3 6 9 2 5 7 1 4 
20180715927 9 2 10 8 4 1 6 5 3 7 
20180715928 3 1 4 5 10 8 2 9 7 6 
20180715929 2 9 7 10 6 4 3 8 5 1 
20180715930 2 8 1 10 9 3 6 5 7 4 
20180715931 7 8 3 9 4 5 1 2 6 10 
20180715932 9 10 8 5 7 4 2 6 1 3 
20180715933 7 10 3 2 6 8 5 4 9 1 
20180715934 5 2 10 4 3 1 9 6 7 8 
20180715935 3 5 8 9 6 2 10 1 7 4 
20180715936 9 6 3 5 1 4 8 2 7 10 
20180715937 3 2 8 9 4 7 6 5 1 10 
20180715938 6 4 2 1 8 9 3 7 10 5 
20180715939 2 5 10 8 3 9 6 7 4 1 
20180715940 9 3 4 10 5 1 7 8 2 6 
20180715941 9 10 2 5 4 6 7 3 8 1 
20180715942 7 2 6 4 1 10 8 9 5 3 
20180715943 6 4 3 7 5 2 1 10 9 8 
20180715944 4 3 5 1 10 7 2 8 6 9 
20180715945 3 10 9 7 5 8 6 1 2 4 
20180715946 5 8 2 1 9 4 10 6 3 7 
20180715947 6 4 9 10 8 1 2 7 3 5 
20180715948 8 3 1 2 9 7 10 6 4 5 
20180715949 6 2 7 9 4 3 10 5 1 8 
20180715950 8 10 1 5 6 2 3 9 4 7 
20180715951 6 1 3 10 7 5 2 9 4 8 
20180715952 1 6 8 10 4 9 2 3 5 7 
20180715953 3 7 2 5 10 4 8 6 1 9 
20180715954 2 10 7 9 5 3 4 6 1 8 
20180715955 6 2 3 1 4 9 10 8 5 7 
20180715956 2 9 8 1 5 7 3 4 10 6 
20180715957 5 1 9 8 4 6 7 2 3 10 
20180715958 8 1 5 10 7 9 3 4 6 2 
20180715959 7 8 4 9 6 3 10 2 1 5 
20180715960 7 2 9 5 1 10 3 4 8 6 
20180715961 2 5 3 7 10 4 9 1 8 6 
20180715962 2 4 8 9 1 10 6 5 7 3 
20180715963 1 4 9 5 6 10 8 3 7 2 
20180715964 9 10 2 4 1 3 8 6 7 5 
20180715965 7 8 4 2 5 6 9 1 10 3 
20180715966 3 1 10 6 4 7 5 9 2 8 
20180715967 9 1 10 8 5 3 7 2 4 6 
20180715968 5 1 9 8 10 2 6 4 7 3 
20180715969 8 1 10 4 9 6 5 3 2 7 
20180715970 1 4 10 2 7 9 5 6 3 8 
20180715971 8 4 10 3 2 5 1 6 7 9 
20180715972 5 4 6 9 3 1 10 2 8 7 
20180715973 5 3 10 2 4 8 6 1 9 7 
20180715974 8 3 7 4 2 6 5 1 9 10 
20180715975 9 5 8 3 7 10 6 1 4 2 
20180715976 2 5 4 6 8 9 1 7 3 10 
20180715977 5 7 9 2 3 6 1 10 4 8 
20180715978 7 2 9 1 6 8 10 5 3 4 
20180715979 1 10 9 6 8 7 2 4 5 3 
20180715980 1 2 8 9 3 4 5 7 6 10 
20180715981 2 9 5 3 1 7 10 8 4 6 
20180715982 1 10 2 7 8 5 3 4 6 9 
20180715983 2 5 9 8 3 6 1 7 4 10 
20180715984 3 4 1 6 2 8 10 7 5 9 
20180715985 5 4 8 2 9 10 6 1 7 3 
