20180730001 1 10 2 9 8 6 5 3 7 4 
20180730002 3 9 1 8 4 5 7 10 6 2 
20180730003 2 3 9 5 8 4 1 10 7 6 
20180730004 7 3 9 4 2 8 5 6 10 1 
20180730005 6 9 1 5 3 10 8 4 7 2 
20180730006 4 1 7 10 8 2 6 3 5 9 
20180730007 10 8 2 5 7 6 9 4 1 3 
20180730008 7 6 4 10 8 9 3 2 5 1 
20180730009 4 3 6 8 10 1 5 9 2 7 
20180730010 10 7 2 8 4 9 5 1 6 3 
20180730011 10 6 5 3 2 9 7 4 1 8 
20180730012 10 9 7 5 6 1 2 3 4 8 
20180730013 3 8 4 7 2 5 6 10 9 1 
20180730014 4 9 3 1 6 10 2 8 5 7 
20180730015 1 3 2 5 8 10 6 4 7 9 
20180730016 1 5 7 8 4 3 10 6 9 2 
20180730017 5 10 6 7 9 8 4 3 2 1 
20180730018 4 10 9 5 1 7 8 3 6 2 
20180730019 2 6 5 8 10 1 9 4 7 3 
20180730020 9 7 8 1 10 2 3 5 4 6 
20180730021 10 2 9 5 1 7 3 8 4 6 
20180730022 8 2 7 4 5 10 9 3 1 6 
20180730023 10 5 8 4 3 1 9 7 6 2 
20180730024 5 9 7 1 3 10 2 4 6 8 
20180730025 2 9 8 1 5 4 10 6 3 7 
20180730026 2 4 10 8 1 3 7 6 5 9 
20180730027 8 10 1 3 7 4 2 9 6 5 
20180730028 7 8 6 4 3 5 1 10 9 2 
20180730029 7 3 2 4 5 6 10 9 8 1 
20180730030 9 10 5 1 4 3 2 8 7 6 
20180730031 5 1 6 4 9 3 7 8 10 2 
20180730032 4 1 3 2 7 8 5 9 10 6 
20180730033 7 2 3 6 8 10 1 9 4 5 
20180730034 10 9 7 4 6 3 5 2 1 8 
20180730035 4 6 1 8 2 3 9 7 10 5 
20180730036 2 7 3 6 1 5 9 8 4 10 
20180730037 10 7 9 2 3 8 5 4 6 1 
20180730038 6 10 5 4 1 2 9 7 3 8 
20180730039 6 10 5 3 7 2 9 4 8 1 
20180730040 4 1 6 10 7 8 9 3 2 5 
20180730041 10 5 4 2 9 8 3 1 6 7 
20180730042 5 4 1 6 8 3 9 2 7 10 
20180730043 7 5 6 3 4 1 2 9 10 8 
20180730044 8 3 4 1 2 7 10 9 5 6 
20180730045 5 8 3 1 6 7 4 2 10 9 
20180730046 9 6 10 3 8 7 2 1 4 5 
20180730047 4 9 10 3 7 8 1 6 2 5 
20180730048 6 10 3 7 2 9 4 5 8 1 
20180730049 10 8 6 1 5 9 7 3 2 4 
20180730050 6 10 2 7 1 4 9 5 3 8 
20180730051 4 5 6 3 9 1 8 10 7 2 
20180730052 4 5 10 3 6 1 8 7 2 9 
20180730053 4 5 6 7 8 2 10 1 3 9 
20180730054 7 2 3 8 1 6 10 5 9 4 
20180730055 7 1 5 4 6 8 3 9 2 10 
20180730056 5 10 2 1 6 3 7 8 4 9 
20180730057 1 9 3 10 5 2 8 4 6 7 
20180730058 7 10 1 3 6 8 4 5 9 2 
20180730059 7 10 1 9 5 8 2 3 4 6 
20180730060 7 9 1 2 4 8 3 6 10 5 
20180730061 2 8 10 6 9 5 1 7 4 3 
20180730062 8 2 5 1 6 10 3 4 7 9 
20180730063 3 5 6 9 1 4 8 10 7 2 
20180730064 8 1 10 4 5 6 7 9 2 3 
20180730065 5 7 3 2 8 4 10 6 1 9 
20180730066 5 1 10 4 8 3 6 7 2 9 
20180730067 9 6 3 1 4 7 10 5 2 8 
20180730068 6 10 4 7 3 9 5 2 1 8 
20180730069 3 6 10 2 1 8 7 9 4 5 
20180730070 9 4 1 2 5 8 7 3 6 10 
20180730071 6 10 7 8 9 1 2 3 5 4 
20180730072 6 4 2 5 9 8 3 7 1 10 
20180730073 1 8 4 10 6 7 5 9 2 3 
20180730074 9 3 1 6 8 4 5 2 7 10 
20180730075 6 9 7 8 3 10 1 4 5 2 
20180730076 8 3 9 1 2 6 5 7 4 10 
20180730077 5 4 7 8 9 2 3 10 1 6 
20180730078 8 10 4 3 1 7 9 6 5 2 
20180730079 8 4 5 3 1 7 6 9 2 10 
20180730080 6 1 9 8 5 10 7 2 3 4 
20180730081 1 5 10 4 9 6 7 3 2 8 
20180730082 10 6 2 7 5 4 3 9 1 8 
20180730083 9 6 8 3 7 1 5 4 10 2 
20180730084 2 9 8 3 4 7 10 5 1 6 
20180730085 5 8 1 6 10 9 3 2 7 4 
20180730086 1 5 10 2 6 3 8 4 7 9 
20180730087 5 6 7 10 8 3 1 2 4 9 
20180730088 1 7 3 9 2 10 6 4 5 8 
20180730089 6 2 8 9 10 4 3 7 1 5 
20180730090 7 5 8 1 2 3 6 10 9 4 
20180730091 1 4 6 9 3 2 10 7 5 8 
20180730092 8 3 5 7 6 1 10 2 9 4 
20180730093 2 5 4 9 3 7 10 8 6 1 
20180730094 6 5 4 3 1 8 9 2 10 7 
20180730095 9 4 1 2 6 10 3 7 5 8 
20180730096 10 2 3 9 5 4 1 8 6 7 
20180730097 3 1 9 2 8 4 7 6 10 5 
20180730098 3 8 4 10 2 6 7 5 9 1 
20180730099 3 9 6 4 1 5 2 10 8 7 
20180730100 10 3 2 8 9 1 5 6 4 7 
20180730101 1 7 8 6 5 10 2 9 4 3 
20180730102 1 10 9 8 5 7 6 3 4 2 
20180730103 1 8 4 3 6 2 7 5 10 9 
20180730104 2 10 6 1 9 8 7 5 4 3 
20180730105 7 10 1 8 9 3 4 6 2 5 
20180730106 3 2 6 1 9 8 5 7 10 4 
20180730107 3 10 2 8 1 7 4 9 5 6 
20180730108 7 9 4 6 3 1 2 8 5 10 
20180730109 6 9 4 10 3 2 7 1 8 5 
20180730110 3 8 1 6 2 4 5 9 7 10 
20180730111 8 6 9 10 1 2 4 3 7 5 
20180730112 3 6 9 4 5 7 10 8 1 2 
20180730113 8 7 3 9 4 5 10 6 2 1 
20180730114 6 8 7 10 4 1 2 3 5 9 
20180730115 3 10 2 4 6 1 5 9 8 7 
20180730116 2 4 5 7 9 8 10 3 6 1 
20180730117 9 3 10 7 8 4 2 1 6 5 
20180730118 2 1 8 4 7 5 3 6 10 9 
20180730119 4 9 7 5 1 3 6 2 8 10 
20180730120 4 10 8 6 7 2 5 9 3 1 
20180730121 2 7 4 1 9 10 8 5 3 6 
20180730122 2 5 10 4 8 6 3 7 1 9 
20180730123 2 4 6 7 1 10 3 9 5 8 
20180730124 5 3 6 8 10 9 4 1 7 2 
20180730125 6 10 3 9 7 8 1 4 2 5 
20180730126 10 9 6 8 7 3 4 2 1 5 
20180730127 9 8 5 6 4 2 7 10 3 1 
20180730128 5 9 7 4 3 2 1 6 10 8 
20180730129 4 2 5 6 9 8 10 3 1 7 
20180730130 2 9 4 8 3 10 5 1 6 7 
20180730131 5 7 4 2 1 9 3 8 10 6 
20180730132 2 3 5 9 4 1 10 8 7 6 
20180730133 4 7 3 8 5 10 9 6 2 1 
20180730134 10 6 8 2 9 3 5 7 4 1 
20180730135 9 1 10 3 7 6 8 4 5 2 
20180730136 2 3 6 4 5 10 8 1 9 7 
20180730137 9 7 5 10 3 1 8 6 4 2 
20180730138 9 4 3 5 7 2 1 10 6 8 
20180730139 2 5 1 6 7 8 10 3 9 4 
20180730140 6 2 3 1 7 10 4 5 9 8 
20180730141 2 1 4 3 9 7 8 6 10 5 
20180730142 10 3 4 9 5 8 6 1 7 2 
20180730143 7 8 9 3 1 4 2 5 10 6 
20180730144 6 4 10 2 7 5 1 3 8 9 
20180730145 2 5 1 4 10 8 6 9 3 7 
20180730146 9 4 6 10 3 8 7 5 1 2 
20180730147 7 9 6 5 2 3 4 8 10 1 
20180730148 10 9 4 3 2 5 7 8 6 1 
20180730149 10 8 4 3 7 1 5 2 9 6 
20180730150 2 7 9 4 6 5 10 1 8 3 
20180730151 3 10 2 8 7 9 4 1 6 5 
20180730152 8 4 6 10 3 5 1 2 7 9 
20180730153 5 8 7 1 4 6 9 3 2 10 
20180730154 2 4 9 5 1 8 7 3 6 10 
20180730155 6 10 5 1 3 7 9 8 2 4 
20180730156 2 6 1 8 4 10 3 5 9 7 
20180730157 9 4 5 8 10 2 1 7 6 3 
20180730158 6 2 10 4 9 8 7 3 5 1 
20180730159 4 1 3 8 10 7 6 2 9 5 
20180730160 4 10 5 9 7 6 3 1 2 8 
20180730161 10 6 8 3 2 7 5 1 4 9 
20180730162 3 5 7 2 9 8 4 6 10 1 
20180730163 1 4 7 9 2 3 10 5 6 8 
20180730164 7 9 6 2 8 3 10 1 4 5 
20180730165 3 7 5 2 8 1 4 10 6 9 
20180730166 1 7 3 8 5 4 6 9 10 2 
20180730167 5 7 2 4 10 6 8 1 9 3 
20180730168 5 10 3 4 8 2 6 9 7 1 
20180730169 8 1 3 6 9 5 2 10 4 7 
20180730170 8 2 10 6 9 4 3 5 1 7 
20180730171 4 10 5 7 3 2 8 6 9 1 
20180730172 8 10 7 2 9 3 5 1 6 4 
20180730173 3 5 10 9 2 7 8 6 4 1 
20180730174 9 10 3 7 8 6 5 2 1 4 
20180730175 2 1 5 3 8 6 10 9 4 7 
20180730176 4 6 10 1 9 5 2 3 7 8 
20180730177 8 10 7 1 4 9 5 3 6 2 
20180730178 5 1 8 6 10 9 3 7 4 2 
20180730179 6 4 1 5 10 7 3 9 8 2 
20180730180 3 9 4 8 7 5 10 2 6 1 
20180730181 7 1 5 4 9 10 8 2 6 3 
20180730182 10 8 2 3 4 5 1 7 6 9 
20180730183 10 2 9 8 7 5 1 6 4 3 
20180730184 3 8 1 4 2 9 6 5 10 7 
20180730185 4 10 3 6 2 1 9 7 8 5 
20180730186 4 10 8 5 7 3 1 9 2 6 
20180730187 7 5 9 4 6 2 3 8 10 1 
20180730188 10 3 2 4 8 1 9 6 5 7 
20180730189 6 8 10 7 2 1 3 5 4 9 
20180730190 5 9 8 1 4 10 7 2 6 3 
20180730191 7 2 5 10 4 6 1 3 9 8 
20180730192 10 3 2 9 4 1 6 8 5 7 
20180730193 9 8 10 3 5 4 6 7 2 1 
20180730194 10 5 4 2 8 7 9 1 3 6 
20180730195 8 3 7 1 5 2 6 9 10 4 
20180730196 1 6 10 4 7 9 8 2 3 5 
20180730197 9 3 1 7 4 5 8 10 6 2 
20180730198 2 4 1 3 6 8 10 9 7 5 
20180730199 7 4 6 8 5 2 3 1 10 9 
20180730200 4 8 2 6 3 9 5 10 7 1 
20180730201 4 2 8 7 9 10 3 1 6 5 
20180730202 7 8 1 4 9 10 5 2 3 6 
20180730203 5 7 9 2 10 8 6 3 1 4 
20180730204 3 9 2 8 7 6 5 4 1 10 
20180730205 2 10 6 3 5 7 8 1 9 4 
20180730206 8 4 5 7 10 1 2 6 9 3 
20180730207 5 6 2 8 4 7 1 3 9 10 
20180730208 7 2 5 10 6 4 3 8 9 1 
20180730209 7 2 9 4 3 5 1 8 10 6 
20180730210 4 10 9 3 7 8 6 5 1 2 
20180730211 3 10 2 8 1 9 4 6 5 7 
20180730212 3 4 2 1 6 10 5 8 7 9 
20180730213 3 2 5 1 9 10 6 8 4 7 
20180730214 3 5 8 7 6 4 9 2 1 10 
20180730215 8 1 5 4 10 2 3 7 6 9 
20180730216 7 9 4 2 1 3 5 8 6 10 
20180730217 1 3 10 6 9 4 7 5 8 2 
20180730218 8 6 7 10 4 9 1 5 2 3 
20180730219 6 8 10 1 3 7 2 9 5 4 
20180730220 5 1 10 4 2 7 3 8 9 6 
20180730221 9 4 7 1 3 5 6 8 2 10 
20180730222 4 8 7 6 10 9 1 2 5 3 
20180730223 8 9 7 6 5 4 1 10 2 3 
20180730224 8 2 6 7 3 10 4 9 5 1 
20180730225 5 1 6 3 7 9 10 8 4 2 
20180730226 1 10 9 8 6 4 7 5 3 2 
20180730227 7 9 8 2 6 5 1 10 3 4 
20180730228 8 2 1 5 9 3 7 10 6 4 
20180730229 9 5 2 1 6 10 8 7 3 4 
20180730230 8 1 7 5 4 9 6 10 3 2 
20180730231 5 3 9 7 1 10 2 8 4 6 
20180730232 2 9 8 3 1 10 5 4 7 6 
20180730233 6 4 7 2 3 5 1 10 8 9 
20180730234 1 6 3 5 2 4 9 7 10 8 
20180730235 2 7 8 6 4 3 10 5 1 9 
20180730236 7 1 2 8 4 10 5 6 3 9 
20180730237 3 6 8 9 7 10 5 1 4 2 
20180730238 8 3 10 6 4 9 7 2 1 5 
20180730239 9 6 2 4 1 5 10 8 3 7 
20180730240 8 6 4 7 10 3 2 1 9 5 
20180730241 8 1 10 3 7 2 4 5 6 9 
20180730242 6 4 9 1 7 8 5 3 2 10 
20180730243 9 3 6 1 10 8 2 4 7 5 
20180730244 7 1 5 6 3 4 10 9 8 2 
20180730245 4 8 1 5 2 10 3 7 9 6 
20180730246 4 3 2 9 1 10 8 5 6 7 
20180730247 10 7 9 5 4 1 3 2 8 6 
20180730248 4 2 5 1 9 3 6 8 7 10 
20180730249 7 9 10 3 8 1 5 4 6 2 
20180730250 1 7 10 5 2 8 9 6 4 3 
20180730251 8 10 2 9 4 5 3 7 1 6 
20180730252 9 1 4 7 3 10 6 5 8 2 
20180730253 6 8 7 9 4 10 5 1 2 3 
20180730254 5 7 4 9 3 10 8 1 6 2 
20180730255 5 9 4 7 10 8 2 3 6 1 
20180730256 9 8 4 5 10 1 7 2 3 6 
20180730257 2 8 3 1 4 10 6 5 9 7 
20180730258 9 4 2 3 8 7 10 5 1 6 
20180730259 5 2 9 3 8 4 1 10 6 7 
20180730260 7 1 5 3 10 2 4 9 8 6 
20180730261 8 3 9 1 7 4 6 10 2 5 
20180730262 2 1 8 3 6 5 4 10 7 9 
20180730263 8 6 3 9 2 5 10 7 4 1 
20180730264 8 6 5 3 4 10 1 9 7 2 
20180730265 10 6 7 2 3 1 9 8 5 4 
20180730266 10 7 4 6 5 2 9 1 8 3 
20180730267 9 5 3 7 4 1 6 2 10 8 
20180730268 3 8 2 9 10 4 6 5 7 1 
20180730269 2 4 7 6 10 1 3 9 8 5 
20180730270 7 10 9 3 4 8 1 5 6 2 
20180730271 8 7 4 6 9 10 3 5 2 1 
20180730272 2 9 7 8 3 1 4 10 6 5 
20180730273 10 1 5 8 9 2 4 6 3 7 
20180730274 5 6 2 4 10 3 9 1 7 8 
20180730275 10 8 6 5 1 3 4 2 7 9 
20180730276 10 4 8 1 3 6 7 2 5 9 
20180730277 3 8 4 10 6 2 9 5 7 1 
20180730278 7 9 8 10 6 1 5 3 2 4 
20180730279 2 10 4 8 7 5 1 6 9 3 
20180730280 9 4 2 5 10 3 8 7 1 6 
20180730281 7 4 8 10 3 5 1 2 9 6 
20180730282 5 1 4 8 7 3 10 9 6 2 
20180730283 8 9 3 5 4 6 7 2 10 1 
20180730284 3 8 4 7 2 1 9 10 6 5 
20180730285 10 3 7 8 1 9 2 6 5 4 
20180730286 10 1 5 9 3 7 6 2 4 8 
20180730287 7 9 5 1 8 6 3 2 4 10 
20180730288 1 6 8 7 3 10 4 2 5 9 
20180730289 3 2 8 7 9 6 5 1 4 10 
20180730290 10 5 9 3 7 2 1 4 8 6 
20180730291 3 7 4 8 1 5 9 6 10 2 
20180730292 4 7 9 5 2 8 1 6 10 3 
20180730293 6 7 10 8 3 1 2 9 4 5 
20180730294 8 7 4 3 10 5 6 2 9 1 
20180730295 6 5 9 2 10 7 3 4 1 8 
20180730296 9 2 7 5 3 6 8 1 10 4 
20180730297 5 6 3 7 9 2 8 4 1 10 
20180730298 7 4 9 8 3 6 5 10 2 1 
20180730299 9 10 5 3 8 7 6 4 1 2 
20180730300 5 10 6 2 9 7 1 8 3 4 
20180730301 3 2 9 4 5 7 10 8 6 1 
20180730302 4 5 9 8 2 10 1 6 3 7 
20180730303 6 7 1 2 5 4 8 10 3 9 
20180730304 9 7 1 2 4 3 8 5 6 10 
20180730305 6 10 9 1 4 2 5 7 3 8 
20180730306 4 6 3 2 9 5 10 8 7 1 
20180730307 5 7 3 4 8 10 9 2 6 1 
20180730308 3 8 6 7 1 4 9 10 2 5 
20180730309 1 2 8 9 7 10 3 5 6 4 
20180730310 6 1 7 2 9 5 10 4 3 8 
20180730311 8 1 5 9 6 2 4 7 3 10 
20180730312 2 7 4 9 1 6 10 5 3 8 
20180730313 8 5 7 6 4 3 2 10 1 9 
20180730314 9 6 7 2 10 8 1 3 5 4 
20180730315 8 2 10 6 3 1 9 5 4 7 
20180730316 2 1 9 7 3 8 6 4 5 10 
20180730317 9 6 4 5 3 7 2 1 8 10 
20180730318 6 2 3 1 9 7 10 4 8 5 
20180730319 9 3 8 6 4 1 7 5 10 2 
20180730320 1 4 2 9 5 7 10 8 6 3 
20180730321 4 6 5 8 7 10 1 9 2 3 
20180730322 6 7 3 5 9 4 2 10 8 1 
20180730323 1 9 4 8 7 10 5 3 2 6 
20180730324 5 6 10 2 4 8 7 1 3 9 
20180730325 3 10 8 2 6 1 7 5 9 4 
20180730326 2 7 3 6 5 1 10 4 8 9 
20180730327 5 9 6 7 2 4 8 3 1 10 
20180730328 8 3 4 1 5 9 2 10 6 7 
20180730329 1 9 8 4 7 6 10 5 3 2 
20180730330 5 1 7 4 6 3 10 9 2 8 
20180730331 6 1 9 5 8 4 2 10 3 7 
20180730332 9 4 2 10 3 1 5 7 8 6 
20180730333 1 5 3 4 9 6 8 10 2 7 
20180730334 10 2 6 3 5 4 9 8 7 1 
20180730335 10 8 4 3 9 7 5 1 2 6 
20180730336 9 4 8 2 10 3 6 7 1 5 
20180730337 5 2 9 6 3 1 8 4 10 7 
20180730338 3 10 8 2 1 7 9 5 4 6 
20180730339 5 8 3 6 1 10 2 9 4 7 
20180730340 6 10 5 7 1 2 4 3 8 9 
20180730341 8 1 6 10 2 4 9 7 3 5 
20180730342 5 6 10 4 9 2 1 3 8 7 
20180730343 10 1 4 7 6 8 9 2 3 5 
20180730344 2 1 7 5 4 9 8 10 6 3 
20180730345 5 4 7 8 9 3 6 2 10 1 
20180730346 4 5 2 7 8 9 10 1 3 6 
20180730347 3 7 6 1 4 10 5 9 8 2 
20180730348 4 9 10 7 8 6 5 3 1 2 
20180730349 8 2 6 4 1 10 7 5 9 3 
20180730350 6 9 7 4 1 8 2 5 10 3 
20180730351 10 9 4 5 8 7 1 2 6 3 
20180730352 8 1 10 9 3 5 6 4 7 2 
20180730353 4 3 9 7 6 2 1 8 10 5 
20180730354 3 1 10 9 8 5 7 4 6 2 
20180730355 8 9 1 10 5 3 6 7 2 4 
20180730356 4 2 3 9 10 8 6 5 7 1 
20180730357 3 5 8 10 9 1 6 7 2 4 
20180730358 4 6 3 8 1 7 10 9 5 2 
20180730359 3 9 6 8 2 4 7 10 5 1 
20180730360 4 10 6 3 5 9 2 7 8 1 
20180730361 4 6 9 2 1 10 3 7 5 8 
20180730362 2 8 1 10 6 5 9 4 3 7 
20180730363 9 10 1 5 8 7 4 6 2 3 
20180730364 4 1 6 8 7 9 5 10 2 3 
20180730365 4 5 6 7 2 1 3 8 10 9 
20180730366 9 5 10 2 6 8 1 7 3 4 
20180730367 9 3 6 1 2 5 8 10 7 4 
20180730368 9 5 1 8 7 3 2 6 4 10 
20180730369 10 9 3 6 2 1 4 5 8 7 
20180730370 2 3 6 1 4 8 7 9 10 5 
20180730371 8 2 10 9 7 4 1 3 5 6 
20180730372 2 6 9 1 4 10 3 7 8 5 
20180730373 2 4 7 6 9 1 3 10 8 5 
20180730374 9 7 4 2 1 8 10 6 3 5 
20180730375 8 7 3 10 1 9 6 2 4 5 
20180730376 10 4 1 3 7 2 6 8 5 9 
20180730377 8 3 2 10 9 5 4 1 6 7 
20180730378 1 3 6 5 7 4 9 2 8 10 
20180730379 7 6 3 9 4 5 2 1 10 8 
20180730380 6 9 1 3 10 2 7 5 8 4 
20180730381 10 3 4 9 1 5 7 6 2 8 
20180730382 4 3 8 1 10 2 6 5 7 9 
20180730383 10 5 9 6 1 2 8 4 3 7 
20180730384 7 5 6 4 3 9 10 2 1 8 
20180730385 5 10 4 7 6 1 8 2 9 3 
20180730386 10 7 2 4 1 9 8 6 5 3 
20180730387 10 2 7 9 1 6 3 5 4 8 
20180730388 1 3 2 7 9 4 6 5 10 8 
20180730389 9 8 6 4 5 2 7 1 10 3 
20180730390 8 2 9 6 3 5 1 10 7 4 
20180730391 3 6 8 7 9 2 4 5 10 1 
20180730392 2 7 9 8 4 1 10 5 6 3 
20180730393 4 9 8 2 3 5 6 7 1 10 
20180730394 6 3 9 1 8 2 10 7 4 5 
20180730395 8 3 4 6 7 10 2 1 5 9 
20180730396 10 1 8 9 3 7 2 5 6 4 
20180730397 5 7 10 8 6 3 1 9 2 4 
20180730398 6 8 2 1 4 3 9 5 7 10 
20180730399 3 8 6 5 4 1 7 9 10 2 
20180730400 4 3 2 10 8 5 1 6 7 9 
20180730401 5 3 8 6 1 10 7 2 9 4 
20180730402 5 8 1 3 6 10 7 9 4 2 
20180730403 5 6 4 7 9 10 1 2 3 8 
20180730404 10 5 8 6 1 7 2 4 9 3 
20180730405 3 4 10 5 8 1 2 9 7 6 
20180730406 6 5 4 10 1 7 9 8 2 3 
20180730407 7 8 9 10 5 1 4 2 3 6 
20180730408 2 4 10 9 7 5 6 8 3 1 
20180730409 3 1 2 9 5 8 4 7 6 10 
20180730410 9 3 6 2 1 4 7 10 5 8 
20180730411 6 8 5 9 4 1 10 3 7 2 
20180730412 5 7 1 6 9 8 4 10 2 3 
20180730413 2 10 1 7 9 8 3 6 5 4 
20180730414 10 5 9 4 2 7 6 8 3 1 
20180730415 1 9 2 4 10 5 6 7 8 3 
20180730416 8 5 9 3 1 4 7 10 6 2 
20180730417 8 4 5 10 3 7 6 9 2 1 
20180730418 6 9 5 2 1 4 10 8 3 7 
20180730419 10 1 8 3 5 2 9 7 4 6 
20180730420 6 5 4 10 3 9 7 1 8 2 
20180730421 7 9 4 10 5 2 8 3 1 6 
20180730422 3 4 5 8 10 7 6 2 1 9 
20180730423 2 9 4 5 10 3 6 8 7 1 
20180730424 1 6 8 4 10 2 7 5 9 3 
20180730425 3 4 8 7 9 6 1 5 2 10 
20180730426 6 10 2 8 4 3 9 7 5 1 
20180730427 5 4 3 9 10 7 6 8 2 1 
20180730428 9 8 7 5 6 2 3 4 10 1 
20180730429 5 9 4 10 6 3 8 1 2 7 
20180730430 10 3 2 6 8 5 1 7 9 4 
20180730431 6 2 10 8 1 3 7 9 5 4 
20180730432 9 4 10 1 6 8 5 2 3 7 
20180730433 5 8 1 2 9 10 3 4 7 6 
20180730434 6 7 9 2 5 10 4 3 1 8 
20180730435 4 6 7 2 1 9 5 8 10 3 
20180730436 8 10 7 3 4 1 6 2 5 9 
20180730437 1 7 8 5 9 6 2 3 10 4 
20180730438 7 2 8 9 3 10 5 4 1 6 
20180730439 8 6 9 5 2 10 4 7 3 1 
20180730440 5 8 6 7 4 3 10 9 1 2 
20180730441 9 10 3 6 2 5 4 7 1 8 
20180730442 3 6 1 2 4 5 8 9 10 7 
20180730443 10 7 8 4 1 9 2 3 5 6 
20180730444 1 10 7 9 3 8 2 4 5 6 
20180730445 6 5 2 8 4 10 7 1 9 3 
20180730446 10 9 6 4 8 1 7 3 2 5 
20180730447 8 9 4 2 10 3 7 6 5 1 
20180730448 4 1 7 5 2 8 9 6 3 10 
20180730449 6 10 7 8 3 9 2 5 4 1 
20180730450 6 9 10 7 5 1 3 2 8 4 
20180730451 1 4 2 7 5 10 6 8 3 9 
20180730452 1 6 9 3 5 7 2 10 4 8 
20180730453 1 9 7 3 2 6 10 5 4 8 
20180730454 10 7 4 5 2 1 9 3 8 6 
20180730455 5 7 6 10 1 4 2 3 8 9 
20180730456 7 1 2 3 6 4 5 9 8 10 
20180730457 4 10 9 2 1 3 6 7 8 5 
20180730458 10 4 6 3 1 2 5 9 7 8 
20180730459 9 4 6 10 1 5 3 8 2 7 
20180730460 8 10 4 3 5 6 7 9 1 2 
20180730461 10 7 4 1 2 8 6 3 9 5 
20180730462 4 3 9 6 7 5 10 1 8 2 
20180730463 3 7 1 8 5 6 10 9 2 4 
20180730464 5 1 9 3 10 4 2 8 6 7 
20180730465 2 9 8 3 10 6 1 7 4 5 
20180730466 1 5 2 3 9 6 4 10 7 8 
20180730467 8 1 9 10 4 3 6 7 2 5 
20180730468 8 5 1 2 10 4 6 3 7 9 
20180730469 6 9 1 2 4 5 7 10 8 3 
20180730470 3 5 2 7 4 8 6 10 1 9 
20180730471 10 8 4 1 3 5 9 6 2 7 
20180730472 5 2 6 9 3 1 10 7 4 8 
20180730473 1 6 9 7 10 2 4 8 5 3 
20180730474 2 4 1 3 8 5 9 10 6 7 
20180730475 9 7 8 1 6 5 3 4 10 2 
20180730476 3 7 9 6 5 4 1 2 8 10 
20180730477 2 7 10 9 4 5 3 6 8 1 
20180730478 10 4 9 1 5 3 8 7 2 6 
20180730479 3 9 5 6 8 1 2 10 4 7 
20180730480 10 5 6 1 8 7 2 3 9 4 
20180730481 8 5 2 7 6 1 4 3 9 10 
20180730482 1 7 4 10 2 8 6 3 5 9 
20180730483 9 6 1 5 10 4 7 8 2 3 
20180730484 5 9 6 1 2 3 8 4 10 7 
20180730485 5 8 9 6 2 3 10 7 1 4 
20180730486 10 3 2 6 7 4 1 5 8 9 
20180730487 9 7 5 3 8 1 4 2 10 6 
20180730488 3 10 2 9 8 5 6 7 1 4 
20180730489 3 2 10 6 5 1 4 8 7 9 
20180730490 8 2 3 10 5 7 9 1 6 4 
20180730491 3 4 1 9 5 2 8 7 10 6 
20180730492 6 3 2 10 1 4 7 5 8 9 
20180730493 3 6 7 9 4 5 2 1 10 8 
20180730494 6 3 1 4 8 10 7 2 5 9 
20180730495 7 10 5 4 6 1 8 9 2 3 
20180730496 5 9 3 8 2 10 4 1 6 7 
20180730497 7 3 2 10 1 6 8 4 9 5 
20180730498 3 5 9 10 7 2 6 1 4 8 
20180730499 8 7 5 9 4 10 3 2 1 6 
20180730500 1 10 9 6 8 5 2 3 4 7 
20180730501 2 4 6 7 3 10 5 8 1 9 
20180730502 7 6 5 2 9 8 4 3 1 10 
20180730503 8 7 4 1 2 5 9 6 3 10 
20180730504 5 6 9 7 10 1 4 8 3 2 
20180730505 6 2 4 3 8 1 10 5 7 9 
20180730506 1 3 6 7 8 5 9 2 10 4 
20180730507 4 8 2 10 3 9 5 6 1 7 
20180730508 2 7 4 3 10 9 8 1 6 5 
20180730509 8 5 10 9 1 3 4 2 7 6 
20180730510 6 5 1 10 3 8 4 9 2 7 
20180730511 8 6 9 4 3 1 5 10 7 2 
20180730512 4 2 7 8 1 5 9 3 6 10 
20180730513 9 5 3 1 10 4 8 7 2 6 
20180730514 1 3 2 10 6 9 5 4 8 7 
20180730515 1 4 7 2 5 9 8 6 3 10 
20180730516 6 4 2 8 3 5 1 9 10 7 
20180730517 7 4 1 10 5 3 6 8 9 2 
20180730518 10 8 1 5 4 9 6 7 2 3 
20180730519 8 9 5 6 10 4 3 2 1 7 
20180730520 4 9 10 7 8 6 1 2 5 3 
20180730521 6 10 4 9 1 8 3 7 5 2 
20180730522 1 4 7 9 3 8 2 10 6 5 
20180730523 10 2 3 4 5 6 8 9 1 7 
20180730524 5 8 6 10 4 3 7 9 2 1 
20180730525 8 6 9 4 7 2 3 5 1 10 
20180730526 6 4 8 2 10 3 1 7 9 5 
20180730527 10 9 6 8 4 3 5 2 1 7 
20180730528 4 8 1 3 9 6 7 5 2 10 
20180730529 5 8 4 9 1 2 7 10 6 3 
20180730530 10 1 7 8 9 5 2 6 4 3 
20180730531 4 8 3 6 9 1 5 2 7 10 
20180730532 7 5 8 4 2 6 1 3 10 9 
20180730533 1 8 4 5 2 10 3 6 7 9 
20180730534 8 10 3 2 1 4 7 9 5 6 
20180730535 3 6 5 1 8 10 9 7 2 4 
20180730536 10 4 2 5 3 9 8 1 7 6 
20180730537 8 5 1 10 6 7 4 9 3 2 
20180730538 1 5 7 9 8 6 2 4 3 10 
20180730539 9 5 8 6 4 10 1 2 7 3 
20180730540 3 7 4 2 1 5 8 10 9 6 
20180730541 5 1 7 10 4 8 9 6 3 2 
20180730542 5 4 10 6 1 8 9 7 3 2 
20180730543 3 10 7 2 4 6 1 9 5 8 
20180730544 1 2 10 9 5 6 4 7 8 3 
20180730545 5 10 2 7 3 1 6 4 8 9 
20180730546 2 9 7 8 4 6 1 3 5 10 
20180730547 7 5 2 6 10 8 9 4 3 1 
20180730548 5 2 6 3 1 4 7 9 8 10 
20180730549 9 4 3 8 1 6 5 2 10 7 
20180730550 1 2 7 3 10 5 4 8 6 9 
20180730551 6 10 4 1 8 2 3 9 5 7 
20180730552 1 9 2 4 10 7 3 8 6 5 
20180730553 5 1 10 4 2 9 3 6 7 8 
20180730554 2 4 3 10 8 6 1 9 5 7 
20180730555 10 2 1 7 6 4 8 9 5 3 
20180730556 9 6 10 4 7 1 2 8 3 5 
20180730557 8 10 5 7 1 3 2 9 4 6 
20180730558 2 6 10 5 7 9 4 3 8 1 
20180730559 2 3 5 4 7 1 8 10 6 9 
20180730560 10 7 3 2 5 8 1 4 9 6 
20180730561 9 10 5 2 1 6 4 3 7 8 
20180730562 1 9 8 7 3 6 10 2 5 4 
20180730563 9 3 5 1 10 6 7 4 2 8 
20180730564 7 4 10 2 1 6 9 8 3 5 
20180730565 1 8 5 2 10 6 4 9 3 7 
20180730566 1 9 8 6 7 10 5 3 4 2 
20180730567 4 8 1 6 2 5 9 7 3 10 
20180730568 7 10 6 9 4 5 8 3 2 1 
20180730569 2 10 7 3 1 6 4 8 9 5 
20180730570 9 4 2 3 6 8 5 1 10 7 
20180730571 6 2 9 7 1 3 4 5 8 10 
20180730572 1 3 4 10 7 9 5 2 6 8 
20180730573 8 6 3 5 4 7 2 1 10 9 
20180730574 4 8 9 3 2 10 7 5 6 1 
20180730575 10 2 1 6 8 9 3 7 4 5 
20180730576 10 7 3 4 2 5 8 1 9 6 
20180730577 10 8 9 7 3 6 4 2 5 1 
20180730578 7 3 4 2 9 8 1 6 5 10 
20180730579 5 8 9 3 10 1 6 2 7 4 
20180730580 8 5 3 9 2 1 6 10 7 4 
20180730581 5 4 2 9 8 10 3 7 6 1 
20180730582 7 3 4 6 5 1 9 8 2 10 
20180730583 10 7 9 6 8 5 3 1 2 4 
20180730584 9 7 10 3 1 2 5 8 6 4 
20180730585 1 9 8 7 10 2 4 3 5 6 
20180730586 2 7 6 5 10 3 1 9 4 8 
20180730587 9 5 3 2 6 10 4 7 1 8 
20180730588 5 6 9 7 1 10 3 4 2 8 
20180730589 7 8 9 3 1 5 4 10 6 2 
20180730590 8 7 1 9 3 10 5 6 4 2 
20180730591 6 1 8 9 4 5 3 7 2 10 
20180730592 6 3 2 7 9 5 1 8 4 10 
20180730593 7 6 5 1 3 9 10 2 4 8 
20180730594 8 5 1 4 3 9 10 2 6 7 
20180730595 10 3 4 9 6 1 7 2 8 5 
20180730596 4 2 7 1 5 8 10 6 3 9 
20180730597 5 2 4 9 6 7 3 1 10 8 
20180730598 5 6 8 4 10 3 7 1 9 2 
20180730599 4 7 9 10 5 2 6 8 1 3 
20180730600 7 1 9 4 6 3 8 5 2 10 
20180730601 4 10 1 7 8 6 3 2 5 9 
20180730602 8 1 5 10 6 2 3 7 9 4 
20180730603 10 3 4 5 2 1 6 8 7 9 
20180730604 5 10 1 7 9 3 2 4 6 8 
20180730605 8 4 6 3 9 1 7 2 10 5 
20180730606 9 5 1 3 6 8 10 2 7 4 
20180730607 8 5 4 10 7 2 1 6 3 9 
20180730608 10 8 6 9 2 1 4 5 3 7 
20180730609 9 1 6 3 7 10 2 8 5 4 
20180730610 10 4 8 9 7 1 5 6 2 3 
20180730611 1 8 10 3 4 2 7 6 9 5 
20180730612 6 7 8 3 4 2 10 1 9 5 
20180730613 3 10 6 2 1 5 7 8 4 9 
20180730614 4 5 3 10 1 6 9 7 8 2 
20180730615 3 10 8 2 4 9 7 6 5 1 
20180730616 7 8 10 6 5 3 9 2 4 1 
20180730617 2 1 4 7 8 10 3 9 6 5 
20180730618 10 3 9 1 4 6 8 2 7 5 
20180730619 9 2 5 8 6 3 10 1 4 7 
20180730620 4 5 8 7 1 6 3 9 10 2 
20180730621 9 4 5 3 2 10 8 7 1 6 
20180730622 1 3 5 6 4 8 9 10 7 2 
20180730623 10 7 5 8 9 4 1 3 2 6 
20180730624 3 7 5 1 6 2 9 10 4 8 
20180730625 10 6 7 2 3 5 1 8 9 4 
20180730626 8 2 6 5 1 4 3 7 10 9 
20180730627 5 4 7 3 2 1 9 8 10 6 
20180730628 5 6 3 9 10 4 2 7 1 8 
20180730629 3 2 6 5 8 9 10 1 7 4 
20180730630 2 8 7 1 5 4 10 9 6 3 
20180730631 1 2 4 7 10 9 8 5 3 6 
20180730632 4 3 1 2 9 5 10 7 6 8 
20180730633 7 6 1 8 2 10 5 4 3 9 
20180730634 6 10 5 7 4 8 1 9 2 3 
20180730635 9 3 2 1 8 4 5 7 6 10 
20180730636 8 5 7 1 10 2 3 9 4 6 
20180730637 9 8 6 2 10 5 1 4 7 3 
20180730638 7 10 6 9 1 5 3 2 8 4 
20180730639 9 6 8 3 5 7 10 2 1 4 
20180730640 7 6 8 2 9 5 3 1 4 10 
20180730641 6 2 8 4 10 1 9 7 5 3 
20180730642 7 3 2 10 9 5 4 1 8 6 
20180730643 8 2 7 3 6 1 9 4 10 5 
20180730644 9 1 10 3 4 5 8 2 6 7 
20180730645 2 9 6 4 8 7 5 3 10 1 
20180730646 6 5 8 10 1 3 2 9 7 4 
20180730647 9 1 5 10 8 2 7 4 6 3 
20180730648 9 8 7 6 3 5 4 10 1 2 
20180730649 9 5 8 6 3 2 7 10 1 4 
20180730650 8 3 1 10 5 2 7 9 4 6 
20180730651 9 7 2 1 6 3 4 8 5 10 
20180730652 6 2 3 7 5 9 1 4 8 10 
20180730653 3 10 5 1 8 6 7 2 9 4 
20180730654 4 6 1 10 9 7 5 3 8 2 
20180730655 2 1 7 5 9 8 6 10 3 4 
20180730656 6 7 8 1 9 5 2 3 4 10 
20180730657 4 9 1 6 5 7 8 2 10 3 
20180730658 4 5 1 9 10 3 6 2 7 8 
20180730659 4 8 5 2 9 6 3 7 10 1 
20180730660 3 2 4 6 7 9 1 10 5 8 
20180730661 5 6 7 2 9 10 4 1 8 3 
20180730662 8 3 4 5 7 1 2 10 6 9 
20180730663 8 2 1 3 9 10 5 7 6 4 
20180730664 5 6 9 7 3 10 2 4 1 8 
20180730665 6 9 2 1 7 3 4 8 10 5 
20180730666 1 5 10 3 2 8 7 4 6 9 
20180730667 2 6 5 9 8 10 1 7 4 3 
20180730668 2 5 9 3 6 1 8 10 4 7 
20180730669 6 9 4 1 10 3 2 7 8 5 
20180730670 10 1 6 7 9 8 5 2 3 4 
20180730671 1 6 8 2 5 9 10 7 3 4 
20180730672 1 8 9 3 7 6 4 5 2 10 
20180730673 3 2 8 5 7 4 9 1 10 6 
20180730674 10 2 3 1 5 9 6 7 8 4 
20180730675 7 3 8 6 10 2 4 1 5 9 
20180730676 4 6 3 2 10 7 1 5 9 8 
20180730677 8 6 3 7 4 1 10 5 9 2 
20180730678 1 9 4 7 3 5 10 8 6 2 
20180730679 4 6 7 10 3 8 9 2 5 1 
20180730680 7 9 4 2 5 8 1 6 3 10 
20180730681 10 1 4 6 8 7 2 5 3 9 
20180730682 5 8 7 4 6 10 3 2 9 1 
20180730683 4 8 6 1 7 2 10 3 9 5 
20180730684 1 7 2 6 3 10 5 8 9 4 
20180730685 2 5 8 4 7 1 3 6 9 10 
20180730686 2 8 4 3 1 9 10 6 7 5 
20180730687 1 10 8 6 4 5 7 3 9 2 
20180730688 1 10 7 2 5 4 8 3 9 6 
20180730689 5 7 1 9 10 2 8 3 6 4 
20180730690 3 5 10 4 2 9 7 8 6 1 
20180730691 8 2 5 4 6 1 7 10 9 3 
20180730692 5 6 7 1 9 10 3 8 4 2 
20180730693 10 1 7 6 9 5 4 3 8 2 
20180730694 7 3 9 6 4 2 10 1 8 5 
20180730695 10 3 2 8 9 7 6 5 1 4 
20180730696 3 9 2 7 10 4 5 6 8 1 
20180730697 10 5 4 7 1 9 6 8 3 2 
20180730698 4 1 7 10 5 6 2 8 3 9 
20180730699 5 3 7 2 9 1 6 4 10 8 
20180730700 10 8 2 1 3 6 4 5 9 7 
20180730701 7 10 1 9 4 5 2 3 8 6 
20180730702 8 6 3 9 1 5 4 10 7 2 
20180730703 10 5 2 9 7 1 3 6 4 8 
20180730704 8 7 10 3 4 6 9 2 5 1 
20180730705 4 10 2 7 3 5 1 8 9 6 
20180730706 9 5 4 7 8 10 6 1 3 2 
20180730707 6 4 2 1 7 8 5 10 9 3 
20180730708 1 5 10 8 4 2 7 6 9 3 
20180730709 2 7 9 4 5 6 1 10 8 3 
20180730710 9 7 1 6 5 3 10 2 4 8 
20180730711 1 7 10 3 8 2 6 5 9 4 
20180730712 2 1 4 9 8 7 3 6 5 10 
20180730713 9 1 2 6 7 8 3 4 10 5 
20180730714 7 3 5 1 10 6 2 8 4 9 
20180730715 10 4 7 1 2 9 6 8 5 3 
20180730716 4 5 8 3 1 9 7 10 6 2 
20180730717 4 9 1 5 2 6 8 3 7 10 
20180730718 4 8 5 9 7 2 10 1 6 3 
20180730719 7 2 6 5 4 3 9 1 10 8 
20180730720 1 7 6 4 3 10 8 9 5 2 
20180730721 7 9 6 2 3 8 5 4 1 10 
20180730722 5 2 7 9 8 10 3 1 4 6 
20180730723 2 3 1 5 8 4 7 6 10 9 
20180730724 2 10 1 6 7 3 9 5 8 4 
20180730725 10 3 6 5 4 1 7 2 9 8 
20180730726 4 6 5 3 10 1 9 2 7 8 
20180730727 1 4 2 5 9 3 6 8 7 10 
20180730728 7 3 4 9 6 2 1 5 8 10 
20180730729 4 3 1 8 10 5 6 2 9 7 
20180730730 8 1 9 7 2 4 10 3 5 6 
20180730731 10 6 9 4 1 5 7 8 3 2 
20180730732 6 4 3 7 2 8 10 9 1 5 
20180730733 6 1 3 7 10 2 9 4 8 5 
20180730734 10 8 9 2 1 4 5 6 7 3 
20180730735 9 6 10 5 4 3 8 2 1 7 
20180730736 8 9 3 5 1 2 7 10 6 4 
20180730737 2 8 5 1 7 6 3 10 4 9 
20180730738 8 7 4 6 5 3 9 2 1 10 
20180730739 5 2 8 6 9 1 10 7 3 4 
20180730740 9 2 5 3 7 1 6 8 10 4 
20180730741 7 5 4 3 2 8 10 6 9 1 
20180730742 5 6 7 2 10 8 3 4 9 1 
20180730743 1 7 5 4 9 10 8 2 6 3 
20180730744 7 1 5 9 10 6 4 8 3 2 
20180730745 5 3 1 7 8 6 10 9 4 2 
20180730746 8 6 2 7 5 9 4 1 10 3 
20180730747 10 6 2 7 9 3 5 1 8 4 
20180730748 4 9 1 7 5 6 10 3 2 8 
20180730749 10 9 1 6 8 5 2 7 4 3 
20180730750 6 3 9 7 2 1 8 5 4 10 
20180730751 3 2 1 5 4 6 7 8 10 9 
20180730752 3 4 9 5 8 2 6 7 1 10 
20180730753 8 1 4 5 6 3 9 7 10 2 
20180730754 2 4 5 7 1 3 8 10 9 6 
20180730755 9 1 8 6 10 4 7 5 3 2 
20180730756 7 6 10 8 4 9 2 1 5 3 
20180730757 2 4 6 5 9 7 3 10 1 8 
20180730758 9 7 8 1 5 4 2 3 10 6 
20180730759 6 9 10 3 5 7 4 2 8 1 
20180730760 9 1 8 5 7 10 2 4 6 3 
20180730761 6 2 1 3 8 7 10 9 5 4 
20180730762 4 10 2 6 1 9 7 3 8 5 
20180730763 2 8 7 9 5 6 1 4 10 3 
20180730764 3 4 1 9 8 5 7 2 6 10 
20180730765 5 1 10 3 2 8 7 4 9 6 
20180730766 4 3 9 6 5 1 2 7 10 8 
20180730767 1 6 8 4 10 2 3 9 5 7 
20180730768 3 10 6 7 1 5 9 8 2 4 
20180730769 8 3 2 5 1 9 4 10 6 7 
20180730770 8 3 1 5 2 6 10 4 7 9 
20180730771 10 7 6 4 3 8 9 1 2 5 
20180730772 1 6 10 3 5 4 8 9 7 2 
20180730773 7 9 1 3 10 2 8 5 4 6 
20180730774 2 5 3 8 4 1 7 9 10 6 
20180730775 4 3 1 7 6 5 2 9 8 10 
20180730776 7 1 9 5 10 6 3 4 2 8 
20180730777 10 1 2 9 7 8 4 6 5 3 
20180730778 9 3 2 4 5 7 8 1 6 10 
20180730779 9 5 2 6 4 8 1 7 3 10 
20180730780 1 10 9 5 7 8 2 6 4 3 
20180730781 3 5 4 1 10 6 8 9 2 7 
20180730782 6 9 10 8 2 3 1 5 7 4 
20180730783 3 1 10 8 6 9 4 5 7 2 
20180730784 8 6 10 7 2 3 4 9 1 5 
20180730785 6 10 2 4 8 5 3 1 9 7 
20180730786 7 1 3 5 4 2 6 9 8 10 
20180730787 5 9 3 4 10 2 8 1 6 7 
20180730788 8 10 7 9 5 3 2 6 4 1 
20180730789 10 8 7 6 4 5 3 9 1 2 
20180730790 10 6 7 5 3 8 1 4 9 2 
20180730791 3 7 8 6 2 9 5 10 1 4 
20180730792 7 1 9 3 6 2 5 4 10 8 
20180730793 6 7 5 4 8 2 1 9 3 10 
20180730794 7 6 8 5 1 9 2 10 4 3 
20180730795 1 2 9 6 8 7 3 4 5 10 
20180730796 6 2 5 1 7 9 8 4 3 10 
20180730797 10 4 7 9 1 2 3 5 8 6 
20180730798 3 4 10 8 6 9 2 5 7 1 
20180730799 4 10 2 6 3 1 8 9 7 5 
20180730800 7 9 1 8 6 3 2 5 10 4 
20180730801 7 4 6 1 2 3 5 9 8 10 
20180730802 2 5 10 1 4 3 6 9 7 8 
20180730803 6 7 8 3 10 1 4 5 2 9 
20180730804 3 5 7 4 1 10 8 9 2 6 
20180730805 4 9 1 6 3 2 7 8 5 10 
20180730806 10 7 1 5 8 9 4 2 3 6 
20180730807 3 4 5 10 2 9 1 6 7 8 
20180730808 1 2 9 4 10 6 7 5 3 8 
20180730809 8 2 5 10 1 7 3 4 9 6 
20180730810 8 3 10 5 4 2 7 9 6 1 
20180730811 9 8 3 4 1 10 7 6 2 5 
20180730812 3 6 10 5 9 2 4 8 1 7 
20180730813 7 9 6 10 4 2 5 1 8 3 
20180730814 10 8 1 3 9 4 5 7 6 2 
20180730815 1 2 4 6 3 5 8 9 7 10 
20180730816 10 2 1 3 8 9 7 4 6 5 
20180730817 6 4 2 3 10 8 1 9 5 7 
20180730818 9 4 5 1 8 10 7 3 2 6 
20180730819 8 4 9 7 5 1 10 2 6 3 
20180730820 7 5 1 4 3 6 9 8 10 2 
20180730821 9 10 5 1 4 2 6 7 3 8 
20180730822 4 10 9 6 1 8 2 3 7 5 
20180730823 4 6 7 2 1 9 8 5 10 3 
20180730824 3 2 1 9 7 5 10 6 4 8 
20180730825 8 3 1 5 9 7 6 2 10 4 
20180730826 5 8 9 6 3 4 7 2 10 1 
20180730827 8 9 10 1 3 2 6 4 7 5 
20180730828 1 4 8 10 9 2 6 3 7 5 
20180730829 5 4 9 10 7 3 8 6 1 2 
20180730830 4 1 10 5 3 8 2 6 9 7 
20180730831 1 2 5 6 10 9 8 7 3 4 
20180730832 4 3 8 5 6 9 7 2 1 10 
20180730833 4 8 7 9 1 10 5 2 6 3 
20180730834 1 4 2 3 10 9 6 7 8 5 
20180730835 8 3 1 10 9 2 5 7 6 4 
20180730836 10 1 4 8 2 3 6 9 7 5 
20180730837 2 5 8 9 6 1 4 7 3 10 
20180730838 10 3 9 6 2 8 7 4 1 5 
20180730839 10 7 2 6 3 9 4 5 1 8 
20180730840 9 2 6 5 7 10 8 1 3 4 
20180730841 7 4 5 8 3 2 6 10 1 9 
20180730842 2 10 4 7 3 9 1 8 5 6 
20180730843 9 1 6 7 3 8 4 2 10 5 
20180730844 5 8 6 10 3 1 2 9 4 7 
20180730845 6 4 5 10 9 8 2 1 7 3 
20180730846 7 2 5 4 6 3 8 9 1 10 
20180730847 6 8 9 4 3 7 2 10 5 1 
20180730848 10 1 4 6 8 9 7 2 3 5 
20180730849 8 1 7 9 5 3 6 2 4 10 
20180730850 8 1 4 9 3 7 6 10 2 5 
20180730851 9 5 6 3 7 4 10 2 1 8 
20180730852 7 5 8 1 6 2 9 10 3 4 
20180730853 8 9 2 10 5 1 6 3 4 7 
20180730854 1 5 2 7 9 10 3 8 4 6 
20180730855 2 3 8 1 10 6 7 4 9 5 
20180730856 1 6 2 7 9 10 4 5 8 3 
20180730857 8 2 5 1 7 10 6 9 3 4 
20180730858 1 7 10 2 6 5 4 3 9 8 
20180730859 9 7 4 1 3 5 6 2 8 10 
20180730860 6 8 4 3 7 9 5 1 10 2 
20180730861 6 9 1 2 3 5 4 8 10 7 
20180730862 9 2 10 1 8 5 4 7 3 6 
20180730863 2 6 4 7 9 1 10 8 5 3 
20180730864 6 1 8 7 3 9 2 10 4 5 
20180730865 9 10 1 4 2 6 3 7 8 5 
20180730866 2 10 5 3 7 4 9 6 8 1 
20180730867 2 7 5 1 3 6 9 4 8 10 
20180730868 4 7 9 1 6 8 10 5 3 2 
20180730869 9 5 2 6 10 7 8 4 1 3 
20180730870 6 4 8 1 2 5 3 9 10 7 
20180730871 3 5 6 1 9 7 8 2 10 4 
20180730872 3 9 4 8 5 1 10 6 2 7 
20180730873 3 1 5 4 10 2 9 6 8 7 
20180730874 7 10 4 2 1 6 3 9 5 8 
20180730875 6 10 9 8 2 3 1 4 7 5 
20180730876 4 7 9 5 2 3 10 8 1 6 
20180730877 8 6 1 10 9 2 7 4 3 5 
20180730878 9 10 3 6 1 4 7 5 8 2 
20180730879 5 10 1 3 6 4 2 9 7 8 
20180730880 4 3 9 1 2 7 8 6 10 5 
20180730881 7 3 1 2 9 4 10 6 8 5 
20180730882 2 9 4 10 8 5 6 1 3 7 
20180730883 7 4 8 6 5 3 9 2 10 1 
20180730884 3 1 8 4 5 9 6 2 10 7 
20180730885 1 6 8 4 7 10 3 5 9 2 
20180730886 1 7 5 2 3 6 8 10 4 9 
20180730887 5 2 9 4 1 7 8 10 3 6 
20180730888 9 3 4 8 1 5 2 7 6 10 
20180730889 4 10 8 7 6 2 5 1 9 3 
20180730890 2 9 5 8 3 1 4 6 10 7 
20180730891 5 10 1 9 4 6 2 3 7 8 
20180730892 4 10 8 2 7 1 6 9 5 3 
20180730893 3 1 2 10 9 4 6 8 5 7 
20180730894 2 10 6 7 8 1 9 4 3 5 
20180730895 6 4 3 7 8 9 1 2 10 5 
20180730896 1 4 3 8 6 2 10 9 5 7 
20180730897 4 5 2 3 6 7 1 10 8 9 
20180730898 3 4 7 1 6 2 10 5 8 9 
20180730899 10 4 3 8 6 1 9 7 5 2 
20180730900 5 2 3 4 6 7 10 1 9 8 
20180730901 10 2 8 4 6 1 7 5 9 3 
20180730902 3 1 4 10 7 2 8 9 6 5 
20180730903 10 8 5 1 4 7 6 9 3 2 
20180730904 7 4 1 2 10 6 8 5 3 9 
20180730905 8 3 9 5 10 7 6 1 2 4 
20180730906 10 4 9 6 2 8 1 3 7 5 
20180730907 9 1 4 10 2 6 3 7 8 5 
20180730908 1 2 8 4 7 5 3 9 6 10 
20180730909 1 10 8 7 4 9 5 3 6 2 
20180730910 4 1 7 5 9 10 8 2 6 3 
20180730911 8 9 6 10 2 7 1 4 5 3 
20180730912 7 6 10 4 5 9 8 1 3 2 
20180730913 3 5 10 4 7 6 1 2 8 9 
20180730914 9 5 2 8 1 4 10 6 7 3 
20180730915 9 10 3 2 1 7 8 6 5 4 
20180730916 4 3 1 2 9 7 8 10 6 5 
20180730917 8 3 7 5 2 1 10 9 6 4 
20180730918 1 3 2 7 8 4 9 5 6 10 
20180730919 2 8 5 7 3 6 4 10 9 1 
20180730920 2 10 5 8 6 1 9 3 4 7 
20180730921 10 3 4 1 6 9 2 8 5 7 
20180730922 3 5 6 8 10 7 2 9 4 1 
20180730923 3 7 4 8 9 1 10 6 5 2 
20180730924 3 2 1 9 7 8 10 4 6 5 
20180730925 8 4 5 7 9 10 6 3 1 2 
20180730926 9 5 3 2 7 8 4 10 1 6 
20180730927 4 10 6 5 8 2 7 1 9 3 
20180730928 7 4 1 3 10 9 2 6 5 8 
20180730929 8 2 1 3 6 9 10 7 4 5 
20180730930 5 9 6 2 8 7 10 3 4 1 
20180730931 6 9 2 4 5 7 3 10 8 1 
20180730932 5 10 9 6 3 1 8 2 7 4 
20180730933 4 5 9 6 10 8 1 7 3 2 
20180730934 4 7 5 8 10 6 1 9 2 3 
20180730935 2 9 4 8 10 7 3 6 1 5 
20180730936 3 4 9 7 1 10 5 2 6 8 
20180730937 9 8 5 4 6 7 2 1 10 3 
20180730938 10 3 7 8 5 6 9 1 4 2 
20180730939 8 7 10 4 2 1 3 5 6 9 
20180730940 8 10 2 7 3 6 9 1 4 5 
20180730941 1 9 5 3 8 10 4 2 6 7 
20180730942 8 9 10 4 6 1 7 5 2 3 
20180730943 6 3 9 1 10 5 7 4 8 2 
20180730944 8 4 9 2 1 5 10 7 6 3 
20180730945 2 5 3 9 4 1 7 6 8 10 
20180730946 3 8 4 6 2 5 7 10 1 9 
20180730947 4 2 3 7 1 9 10 8 5 6 
20180730948 9 1 10 2 4 8 7 3 5 6 
20180730949 10 6 2 3 4 5 9 8 7 1 
20180730950 6 1 2 10 3 4 7 5 9 8 
20180730951 3 7 8 9 6 5 1 4 10 2 
20180730952 9 8 5 7 4 3 10 6 1 2 
20180730953 4 10 1 7 5 9 6 2 3 8 
20180730954 9 3 4 1 7 8 5 6 2 10 
20180730955 10 4 7 5 3 6 1 9 8 2 
20180730956 7 2 6 8 4 10 9 3 5 1 
20180730957 3 6 5 9 10 7 1 4 2 8 
20180730958 3 10 9 4 1 7 5 8 2 6 
20180730959 2 10 3 9 7 4 5 8 1 6 
20180730960 9 3 5 2 1 4 10 8 7 6 
20180730961 7 9 1 8 5 6 10 4 2 3 
20180730962 7 8 2 4 5 10 6 1 9 3 
20180730963 3 4 2 10 9 6 7 8 5 1 
20180730964 8 2 6 3 1 7 4 5 10 9 
20180730965 3 10 7 2 5 9 8 6 4 1 
20180730966 5 8 9 7 2 10 6 4 3 1 
20180730967 6 3 10 1 9 5 4 8 2 7 
20180730968 6 8 9 7 3 5 2 1 10 4 
20180730969 6 5 7 2 10 9 8 1 3 4 
20180730970 9 3 1 4 7 8 5 2 10 6 
20180730971 3 8 2 10 4 7 6 9 5 1 
20180730972 6 1 9 7 2 3 5 4 8 10 
20180730973 3 8 4 6 2 5 10 7 1 9 
20180730974 1 9 5 10 7 8 4 2 6 3 
20180730975 7 4 8 3 6 5 1 10 2 9 
20180730976 9 1 10 4 8 2 7 5 3 6 
20180730977 3 2 4 5 9 8 10 1 7 6 
20180730978 1 2 10 7 4 9 5 3 8 6 
20180730979 5 2 10 8 3 6 7 9 1 4 
20180730980 7 2 4 6 3 1 5 10 8 9 
20180730981 9 4 5 6 10 3 1 2 8 7 
20180730982 7 2 9 8 5 4 1 6 3 10 
20180730983 2 3 5 10 4 9 6 1 8 7 
20180730984 6 9 5 2 4 3 10 7 1 8 
20180730985 3 2 6 5 10 9 8 4 1 7 
