20180727001 9 3 7 5 10 4 6 1 8 2 
20180727002 6 5 8 9 3 4 2 7 10 1 
20180727003 2 5 6 10 8 1 3 7 9 4 
20180727004 9 8 5 2 4 3 1 7 6 10 
20180727005 9 2 4 6 1 8 10 3 7 5 
20180727006 2 6 1 7 8 3 10 5 4 9 
20180727007 2 9 3 7 6 10 8 4 5 1 
20180727008 8 1 3 4 9 5 7 6 2 10 
20180727009 1 10 9 7 3 8 6 5 2 4 
20180727010 4 2 9 5 10 3 6 8 7 1 
20180727011 1 6 4 9 3 10 2 7 8 5 
20180727012 3 6 4 1 7 2 5 9 8 10 
20180727013 8 10 4 1 6 5 3 2 7 9 
20180727014 5 6 7 3 10 9 8 2 4 1 
20180727015 6 7 8 2 4 9 10 5 3 1 
20180727016 8 6 9 2 10 5 1 4 3 7 
20180727017 9 10 7 3 1 5 4 6 8 2 
20180727018 8 9 2 4 10 6 7 3 1 5 
20180727019 6 3 7 4 10 9 2 1 5 8 
20180727020 5 3 4 8 9 7 2 6 1 10 
20180727021 8 4 6 7 2 10 1 3 5 9 
20180727022 7 6 8 9 10 4 5 3 2 1 
20180727023 7 4 6 10 3 8 1 2 9 5 
20180727024 4 10 5 8 3 2 6 1 7 9 
20180727025 5 10 1 9 4 8 6 2 3 7 
20180727026 6 3 9 4 7 1 5 2 10 8 
20180727027 5 9 3 4 10 8 2 1 6 7 
20180727028 10 8 9 3 2 4 6 1 5 7 
20180727029 3 4 7 2 6 1 8 5 9 10 
20180727030 2 6 5 1 8 4 7 3 9 10 
20180727031 7 9 10 1 4 3 8 6 5 2 
20180727032 2 7 4 6 5 9 3 8 1 10 
20180727033 2 3 8 6 5 10 4 1 7 9 
20180727034 8 9 7 3 1 4 10 5 2 6 
20180727035 9 7 3 5 8 1 2 10 6 4 
20180727036 5 2 9 10 1 3 6 4 7 8 
20180727037 1 2 5 10 6 7 8 9 4 3 
20180727038 10 3 8 6 2 5 7 9 4 1 
20180727039 1 5 2 7 9 8 4 10 3 6 
20180727040 3 2 9 8 4 1 6 10 5 7 
20180727041 7 9 5 4 8 1 2 3 6 10 
20180727042 10 1 4 2 3 6 8 7 5 9 
20180727043 2 7 4 8 3 5 10 6 1 9 
20180727044 6 4 3 9 10 2 7 1 5 8 
20180727045 2 1 4 7 10 3 6 9 8 5 
20180727046 9 8 2 3 10 1 6 7 5 4 
20180727047 4 10 2 5 9 1 3 7 6 8 
20180727048 10 9 7 6 2 1 8 5 4 3 
20180727049 6 4 3 5 10 2 8 9 7 1 
20180727050 2 8 1 4 7 3 9 10 5 6 
20180727051 2 1 8 5 7 10 3 6 9 4 
20180727052 10 3 5 2 6 9 8 7 4 1 
20180727053 2 4 7 9 8 6 5 3 1 10 
20180727054 8 1 6 3 7 2 5 10 4 9 
20180727055 7 10 6 2 3 5 9 1 4 8 
20180727056 2 3 4 6 8 1 9 5 10 7 
20180727057 4 10 6 2 1 3 5 9 7 8 
20180727058 2 3 10 4 1 8 5 7 6 9 
20180727059 7 1 8 4 3 6 5 2 9 10 
20180727060 8 7 1 9 6 3 10 2 4 5 
20180727061 3 5 10 9 7 2 4 1 6 8 
20180727062 1 10 5 4 2 7 6 8 3 9 
20180727063 6 7 5 4 8 1 10 3 2 9 
20180727064 8 4 1 5 2 7 3 6 10 9 
20180727065 9 3 2 10 5 8 6 4 1 7 
20180727066 5 6 1 7 10 4 3 9 2 8 
20180727067 2 4 3 5 7 6 10 9 1 8 
20180727068 5 3 7 8 1 10 4 2 6 9 
20180727069 6 5 10 9 7 3 8 2 4 1 
20180727070 10 6 8 3 9 7 4 2 5 1 
20180727071 2 7 9 8 4 10 6 3 5 1 
20180727072 6 3 1 9 4 8 10 7 2 5 
20180727073 3 4 5 6 2 7 1 8 9 10 
20180727074 7 8 9 4 1 5 6 10 2 3 
20180727075 2 3 4 5 10 6 8 1 9 7 
20180727076 3 5 8 1 6 2 9 4 10 7 
20180727077 3 6 9 10 7 1 4 5 2 8 
20180727078 8 1 3 9 6 7 5 10 2 4 
20180727079 6 2 1 8 5 4 3 9 7 10 
20180727080 6 5 10 2 8 9 7 3 4 1 
20180727081 4 7 6 3 10 9 2 1 8 5 
20180727082 8 3 4 7 5 10 2 6 1 9 
20180727083 5 10 1 4 9 8 6 7 2 3 
20180727084 1 8 5 3 6 4 10 9 2 7 
20180727085 3 10 4 7 6 1 2 5 8 9 
20180727086 9 7 4 8 1 6 3 10 2 5 
20180727087 7 1 9 6 8 10 2 4 5 3 
20180727088 1 2 8 9 4 10 7 6 3 5 
20180727089 5 6 8 4 1 9 10 2 3 7 
20180727090 7 3 2 1 10 4 6 9 5 8 
20180727091 7 10 3 4 8 5 9 1 6 2 
20180727092 2 10 4 9 5 7 1 6 8 3 
20180727093 6 9 5 3 1 10 2 8 4 7 
20180727094 10 2 7 1 9 3 8 4 5 6 
20180727095 1 2 8 7 6 5 10 4 9 3 
20180727096 4 1 7 2 3 6 8 5 9 10 
20180727097 7 5 3 10 6 2 9 1 4 8 
20180727098 7 3 10 6 5 9 2 1 8 4 
20180727099 8 2 10 5 7 4 9 6 3 1 
20180727100 2 4 9 10 6 1 5 3 8 7 
20180727101 8 7 2 9 1 6 10 4 3 5 
20180727102 9 8 5 4 1 2 10 7 3 6 
20180727103 1 2 10 9 3 7 8 4 6 5 
20180727104 4 1 3 5 10 7 2 9 8 6 
20180727105 4 6 9 3 5 10 2 8 7 1 
20180727106 4 3 9 6 7 8 10 2 5 1 
20180727107 4 9 6 5 10 2 7 3 1 8 
20180727108 7 6 3 2 10 5 4 9 1 8 
20180727109 8 2 10 4 1 7 3 6 9 5 
20180727110 8 7 9 6 5 1 10 2 3 4 
20180727111 1 8 5 7 2 9 10 3 6 4 
20180727112 4 10 1 2 6 7 8 5 3 9 
20180727113 3 10 5 9 6 4 2 7 8 1 
20180727114 1 4 6 8 2 10 7 5 3 9 
20180727115 4 10 9 8 6 3 5 1 2 7 
20180727116 6 1 2 7 3 4 5 10 8 9 
20180727117 9 10 8 1 7 4 6 2 5 3 
20180727118 4 5 6 8 1 7 10 9 2 3 
20180727119 6 9 3 1 7 5 8 4 10 2 
20180727120 9 3 1 10 4 2 6 7 5 8 
20180727121 5 8 10 1 6 4 9 3 7 2 
20180727122 6 3 2 8 7 9 5 1 10 4 
20180727123 9 4 3 5 2 10 7 8 6 1 
20180727124 10 8 2 1 6 4 5 7 3 9 
20180727125 8 4 3 10 2 6 7 9 1 5 
20180727126 1 9 2 4 5 3 7 10 8 6 
20180727127 2 1 9 5 3 7 6 8 10 4 
20180727128 7 2 9 10 1 4 8 6 5 3 
20180727129 2 10 4 1 9 3 7 8 5 6 
20180727130 3 10 5 6 9 1 7 4 8 2 
20180727131 1 7 8 10 5 3 4 6 9 2 
20180727132 8 5 3 2 10 1 4 7 6 9 
20180727133 10 5 6 3 1 7 4 2 9 8 
20180727134 5 1 10 8 2 3 7 9 6 4 
20180727135 5 1 10 7 2 6 3 9 8 4 
20180727136 5 6 1 4 9 8 3 2 7 10 
20180727137 7 6 2 9 3 10 1 4 8 5 
20180727138 4 2 8 1 9 10 3 5 6 7 
20180727139 8 4 10 5 9 2 1 3 7 6 
20180727140 4 7 8 9 1 10 6 2 3 5 
20180727141 1 3 9 6 7 4 8 5 10 2 
20180727142 9 7 4 5 8 1 3 10 2 6 
20180727143 5 1 8 4 7 10 6 9 2 3 
20180727144 10 8 3 5 4 2 1 7 6 9 
20180727145 2 4 6 7 10 9 5 3 1 8 
20180727146 8 4 10 2 7 9 3 1 6 5 
20180727147 3 1 10 6 5 9 2 4 8 7 
20180727148 8 6 4 10 9 5 3 1 7 2 
20180727149 9 7 3 4 2 1 8 6 5 10 
20180727150 10 6 8 7 5 2 4 3 9 1 
20180727151 10 7 2 6 3 1 4 5 8 9 
20180727152 1 9 10 7 4 5 2 6 3 8 
20180727153 6 2 7 1 9 4 5 10 8 3 
20180727154 8 6 10 9 7 3 1 5 4 2 
20180727155 4 7 6 10 5 8 9 2 1 3 
20180727156 2 1 10 8 9 3 6 7 4 5 
20180727157 4 6 2 5 3 1 9 8 10 7 
20180727158 6 7 10 3 5 4 2 9 1 8 
20180727159 3 10 2 7 1 6 5 9 8 4 
20180727160 10 4 8 7 2 1 6 5 3 9 
20180727161 6 4 9 10 1 3 2 5 8 7 
20180727162 1 8 5 2 9 6 10 4 3 7 
20180727163 7 10 5 3 8 2 4 1 6 9 
20180727164 8 5 2 4 6 7 3 1 9 10 
20180727165 5 3 2 7 4 1 6 10 8 9 
20180727166 8 7 2 9 10 5 4 6 3 1 
20180727167 9 2 1 3 4 6 5 7 10 8 
20180727168 7 6 10 9 1 8 2 3 5 4 
20180727169 7 3 1 8 2 10 4 9 6 5 
20180727170 3 7 10 9 1 4 5 8 6 2 
20180727171 3 10 8 2 9 1 6 7 5 4 
20180727172 9 10 5 2 4 3 6 8 7 1 
20180727173 4 9 2 6 3 5 1 8 10 7 
20180727174 9 2 5 3 1 6 10 7 4 8 
20180727175 3 4 2 6 10 1 8 7 9 5 
20180727176 3 10 7 2 5 1 8 9 6 4 
20180727177 6 9 7 5 2 8 10 3 4 1 
20180727178 9 10 7 2 8 6 3 5 4 1 
20180727179 3 8 4 5 6 10 1 7 9 2 
20180727180 2 1 6 5 8 9 3 4 7 10 
20180727181 3 8 5 10 1 6 7 2 9 4 
20180727182 10 4 5 9 2 6 7 3 1 8 
20180727183 6 1 2 9 5 10 7 3 4 8 
20180727184 3 9 7 8 10 4 5 1 2 6 
20180727185 7 5 10 2 3 6 8 4 1 9 
20180727186 6 7 8 5 9 2 4 3 10 1 
20180727187 3 4 10 9 2 5 8 1 7 6 
20180727188 8 7 10 2 6 4 5 3 9 1 
20180727189 1 4 3 2 5 8 6 10 9 7 
20180727190 8 1 4 10 3 6 5 9 2 7 
20180727191 9 6 3 8 1 7 5 4 10 2 
20180727192 2 8 7 3 9 5 1 4 6 10 
20180727193 5 1 3 8 4 9 6 7 10 2 
20180727194 7 9 1 2 5 8 4 3 10 6 
20180727195 9 5 10 8 3 1 4 2 6 7 
20180727196 8 4 7 1 3 9 2 6 10 5 
20180727197 3 1 2 7 6 8 5 10 4 9 
20180727198 2 7 6 8 1 4 10 5 9 3 
20180727199 5 2 4 3 9 8 7 10 1 6 
20180727200 9 8 1 5 4 6 3 10 7 2 
20180727201 7 10 2 1 8 9 3 6 4 5 
20180727202 5 1 7 9 3 2 4 6 10 8 
20180727203 6 1 9 7 2 4 3 5 8 10 
20180727204 5 1 2 7 4 3 8 9 10 6 
20180727205 8 4 7 10 2 5 1 6 3 9 
20180727206 9 8 2 5 10 1 4 7 6 3 
20180727207 9 3 4 5 7 6 2 1 10 8 
20180727208 10 8 6 7 3 5 9 1 2 4 
20180727209 1 4 6 9 10 8 2 3 5 7 
20180727210 8 3 7 2 6 5 10 1 4 9 
20180727211 9 5 6 2 4 3 1 7 10 8 
20180727212 4 10 8 2 7 9 3 5 1 6 
20180727213 5 8 7 2 10 4 3 1 6 9 
20180727214 4 7 1 6 3 2 10 8 9 5 
20180727215 8 7 1 9 10 5 3 6 2 4 
20180727216 10 9 4 2 5 7 8 1 3 6 
20180727217 8 5 4 1 9 2 6 10 7 3 
20180727218 10 6 3 9 4 5 7 2 1 8 
20180727219 9 5 7 10 4 8 3 6 1 2 
20180727220 9 10 6 2 5 4 1 7 8 3 
20180727221 9 3 4 7 10 8 5 2 1 6 
20180727222 4 2 10 3 8 7 9 1 5 6 
20180727223 1 6 3 10 7 9 8 4 5 2 
20180727224 9 3 1 2 10 4 6 8 7 5 
20180727225 4 3 7 2 9 10 6 1 8 5 
20180727226 10 1 3 7 8 4 6 5 9 2 
20180727227 8 3 5 1 2 6 9 4 10 7 
20180727228 1 2 5 8 6 4 7 3 9 10 
20180727229 4 5 9 6 2 3 10 7 1 8 
20180727230 2 5 9 3 8 4 7 1 10 6 
20180727231 8 5 3 6 1 2 7 10 9 4 
20180727232 3 8 4 9 1 6 5 10 2 7 
20180727233 9 8 7 6 3 10 5 4 1 2 
20180727234 8 2 10 9 4 7 6 1 3 5 
20180727235 7 3 9 1 6 10 2 8 5 4 
20180727236 7 3 5 10 1 8 9 6 2 4 
20180727237 7 10 4 9 1 8 6 2 5 3 
20180727238 4 2 8 5 3 10 9 1 7 6 
20180727239 3 5 1 8 4 10 9 7 6 2 
20180727240 6 3 9 2 8 7 4 5 1 10 
20180727241 6 2 7 5 1 9 3 8 4 10 
20180727242 4 2 3 9 7 5 10 6 1 8 
20180727243 3 1 10 7 5 9 2 8 6 4 
20180727244 4 6 9 3 10 8 7 1 2 5 
20180727245 7 6 10 8 3 1 2 4 9 5 
20180727246 1 4 9 3 2 5 10 6 7 8 
20180727247 9 6 7 5 10 1 4 2 8 3 
20180727248 1 4 9 5 6 3 7 8 10 2 
20180727249 7 8 3 5 9 1 2 10 4 6 
20180727250 3 9 10 5 7 8 1 2 6 4 
20180727251 9 3 2 1 5 7 4 6 8 10 
20180727252 2 8 9 7 3 5 6 1 4 10 
20180727253 3 8 7 4 6 9 5 10 2 1 
20180727254 1 6 10 2 5 7 3 9 4 8 
20180727255 3 4 2 7 6 1 5 9 8 10 
20180727256 5 2 9 3 4 6 7 10 8 1 
20180727257 7 5 1 3 6 2 9 8 4 10 
20180727258 7 5 9 4 6 1 10 3 2 8 
20180727259 1 10 2 3 9 5 8 7 6 4 
20180727260 3 8 6 5 1 4 7 9 10 2 
20180727261 8 7 9 2 3 1 4 10 5 6 
20180727262 8 2 3 5 6 10 9 1 7 4 
20180727263 4 3 9 2 1 8 6 10 5 7 
20180727264 7 2 3 4 10 6 8 9 1 5 
20180727265 1 9 3 6 8 10 4 5 2 7 
20180727266 5 4 1 7 2 3 10 9 8 6 
20180727267 6 5 8 7 9 2 4 10 3 1 
20180727268 4 3 2 5 1 6 9 10 8 7 
20180727269 7 4 5 3 1 6 8 9 2 10 
20180727270 9 5 10 7 1 6 4 2 8 3 
20180727271 6 5 9 7 1 8 10 4 3 2 
20180727272 1 7 4 9 8 2 6 10 5 3 
20180727273 6 5 10 3 2 1 7 9 8 4 
20180727274 6 5 8 3 7 4 2 10 1 9 
20180727275 2 8 1 9 7 3 4 5 6 10 
20180727276 10 9 1 8 6 7 4 3 2 5 
20180727277 3 5 9 2 8 10 4 7 6 1 
20180727278 4 7 8 9 6 5 3 10 1 2 
20180727279 9 4 1 3 8 2 6 5 10 7 
20180727280 6 2 1 9 7 4 10 5 8 3 
20180727281 3 10 1 9 5 7 6 8 4 2 
20180727282 4 2 8 5 10 1 7 3 9 6 
20180727283 10 9 6 4 1 2 3 7 8 5 
20180727284 7 1 4 3 10 2 6 5 8 9 
20180727285 3 5 4 1 10 7 8 2 9 6 
20180727286 1 8 5 10 9 4 6 7 2 3 
20180727287 10 5 3 9 7 8 1 6 4 2 
20180727288 6 9 3 8 4 5 2 1 7 10 
20180727289 7 4 2 10 9 1 6 5 8 3 
20180727290 9 4 10 1 8 6 3 7 5 2 
20180727291 7 4 5 10 3 8 2 1 6 9 
20180727292 6 9 2 7 10 1 8 5 3 4 
20180727293 10 1 6 3 4 2 7 9 8 5 
20180727294 2 7 3 8 10 6 1 4 9 5 
20180727295 2 7 8 1 6 9 5 10 3 4 
20180727296 2 4 8 10 6 5 3 7 1 9 
20180727297 2 6 10 7 4 5 3 8 9 1 
20180727298 6 10 9 7 3 2 8 1 4 5 
20180727299 9 2 10 8 1 5 4 7 3 6 
20180727300 1 2 5 10 7 8 4 6 9 3 
20180727301 6 5 7 8 4 2 1 10 3 9 
20180727302 4 3 9 6 5 10 2 1 8 7 
20180727303 8 9 2 10 5 4 1 7 6 3 
20180727304 8 9 7 3 5 2 6 1 10 4 
20180727305 4 7 5 3 9 8 1 2 6 10 
20180727306 5 6 8 4 7 9 2 10 1 3 
20180727307 3 10 5 8 4 6 2 9 1 7 
20180727308 5 10 3 7 2 8 9 4 1 6 
20180727309 7 2 10 8 6 1 9 4 3 5 
20180727310 2 10 6 8 3 4 9 7 1 5 
20180727311 2 4 3 8 5 1 9 7 6 10 
20180727312 9 4 2 8 6 7 3 5 1 10 
20180727313 7 5 9 1 2 6 8 3 4 10 
20180727314 8 10 6 7 5 4 9 3 2 1 
20180727315 1 7 5 2 6 8 9 3 4 10 
20180727316 6 2 4 9 10 3 8 5 7 1 
20180727317 4 10 2 5 9 8 3 6 1 7 
20180727318 9 6 2 1 8 10 5 3 7 4 
20180727319 8 3 10 1 9 5 7 4 6 2 
20180727320 9 7 4 3 8 6 5 1 10 2 
20180727321 2 5 4 9 3 1 6 10 7 8 
20180727322 3 9 1 6 4 7 10 8 5 2 
20180727323 8 2 4 6 9 1 10 7 5 3 
20180727324 4 3 6 10 7 5 8 2 9 1 
20180727325 10 5 8 1 3 9 2 7 6 4 
20180727326 6 1 4 9 3 8 7 5 10 2 
20180727327 7 3 5 8 1 9 4 10 2 6 
20180727328 6 4 2 3 7 1 9 8 10 5 
20180727329 3 7 1 8 5 6 2 9 10 4 
20180727330 5 3 6 10 4 2 9 1 8 7 
20180727331 7 5 8 6 2 1 10 9 3 4 
20180727332 8 9 6 4 2 5 10 3 7 1 
20180727333 4 10 9 7 2 3 6 5 8 1 
20180727334 4 3 1 10 2 9 5 6 7 8 
20180727335 2 7 4 6 5 10 8 1 3 9 
20180727336 4 3 1 9 8 2 6 5 10 7 
20180727337 5 2 10 9 4 8 7 1 3 6 
20180727338 10 1 8 9 3 2 6 4 5 7 
20180727339 7 4 2 10 3 5 8 6 9 1 
20180727340 3 9 2 8 10 7 5 4 1 6 
20180727341 4 5 1 10 9 6 7 8 3 2 
20180727342 5 8 10 4 3 2 7 6 1 9 
20180727343 4 2 8 5 1 9 6 7 3 10 
20180727344 10 8 2 7 4 1 3 6 5 9 
20180727345 4 2 6 5 8 1 9 10 7 3 
20180727346 9 4 7 10 5 1 8 6 3 2 
20180727347 7 6 2 5 8 3 9 1 10 4 
20180727348 5 10 4 2 8 6 1 9 7 3 
20180727349 3 1 9 5 6 8 10 2 7 4 
20180727350 6 4 9 3 1 10 7 5 8 2 
20180727351 10 8 7 9 4 1 2 5 3 6 
20180727352 7 3 8 5 4 1 2 9 6 10 
20180727353 9 2 8 7 3 6 4 10 1 5 
20180727354 3 2 8 1 4 10 6 9 7 5 
20180727355 9 8 6 7 1 3 5 2 4 10 
20180727356 8 6 10 5 7 9 1 4 3 2 
20180727357 1 7 2 9 5 3 10 8 4 6 
20180727358 2 7 9 3 1 6 8 4 10 5 
20180727359 2 9 4 3 7 1 5 10 6 8 
20180727360 5 10 8 9 7 2 3 1 6 4 
20180727361 7 8 5 4 10 2 6 3 9 1 
20180727362 9 7 10 1 6 3 4 5 8 2 
20180727363 7 9 6 1 5 2 3 4 10 8 
20180727364 4 2 8 5 1 9 10 7 3 6 
20180727365 6 5 8 9 1 10 7 2 3 4 
20180727366 5 10 6 2 3 9 8 4 1 7 
20180727367 3 8 4 10 6 5 9 1 2 7 
20180727368 2 9 7 3 5 6 4 10 1 8 
20180727369 6 9 5 3 10 8 7 4 1 2 
20180727370 9 7 10 2 5 4 6 3 8 1 
20180727371 6 5 4 7 1 8 9 2 3 10 
20180727372 9 3 6 5 10 1 8 2 4 7 
20180727373 1 5 9 2 8 10 4 3 6 7 
20180727374 5 6 9 8 2 1 7 3 4 10 
20180727375 7 8 4 10 9 3 1 2 6 5 
20180727376 7 10 4 2 1 9 8 5 3 6 
20180727377 2 8 9 6 7 5 10 3 4 1 
20180727378 3 2 6 9 4 5 8 7 10 1 
20180727379 7 2 4 8 10 5 1 9 3 6 
20180727380 6 2 7 10 8 4 9 3 5 1 
20180727381 9 10 6 5 1 3 7 2 4 8 
20180727382 1 7 3 2 10 8 4 9 5 6 
20180727383 7 1 8 5 3 4 2 6 9 10 
20180727384 7 6 5 9 1 3 2 10 4 8 
20180727385 1 6 2 9 4 8 5 7 10 3 
20180727386 9 8 2 3 6 1 4 10 7 5 
20180727387 9 7 2 8 1 5 3 4 10 6 
20180727388 4 5 8 7 10 9 6 2 3 1 
20180727389 5 10 4 1 7 9 2 3 8 6 
20180727390 6 4 1 7 10 9 5 3 2 8 
20180727391 7 4 8 3 9 5 2 1 10 6 
20180727392 9 1 5 7 10 4 6 3 8 2 
20180727393 2 9 6 7 1 5 10 4 8 3 
20180727394 3 6 5 4 9 1 2 7 10 8 
20180727395 3 5 2 7 4 1 9 8 10 6 
20180727396 9 1 6 5 3 10 2 4 8 7 
20180727397 10 4 5 3 9 2 8 7 1 6 
20180727398 5 1 8 10 2 4 7 9 3 6 
20180727399 4 9 2 6 8 3 5 1 10 7 
20180727400 6 2 5 7 4 10 8 9 3 1 
20180727401 3 6 10 9 2 7 5 4 1 8 
20180727402 4 2 1 7 9 5 3 10 6 8 
20180727403 10 8 5 6 7 3 2 9 4 1 
20180727404 7 6 1 8 2 3 4 9 5 10 
20180727405 9 2 8 1 3 7 10 6 5 4 
20180727406 9 6 5 4 7 10 8 3 2 1 
20180727407 5 1 9 4 8 7 10 6 3 2 
20180727408 6 3 7 9 1 5 2 10 4 8 
20180727409 8 6 4 7 1 9 5 2 3 10 
20180727410 7 8 2 4 5 6 10 9 3 1 
20180727411 7 6 8 10 5 2 9 4 1 3 
20180727412 9 10 5 8 2 6 3 7 1 4 
20180727413 8 7 4 6 5 2 3 1 10 9 
20180727414 4 8 9 2 10 6 1 7 3 5 
20180727415 2 7 3 10 6 8 5 9 1 4 
20180727416 10 1 2 3 9 6 4 5 7 8 
20180727417 4 3 7 8 10 5 6 2 1 9 
20180727418 6 7 10 2 4 9 5 1 3 8 
20180727419 6 5 8 3 10 7 9 4 2 1 
20180727420 2 9 6 4 8 5 1 7 10 3 
20180727421 7 2 8 9 6 3 4 1 5 10 
20180727422 10 6 5 9 7 1 4 8 2 3 
20180727423 4 3 2 8 7 1 6 5 9 10 
20180727424 9 6 4 10 3 8 5 2 1 7 
20180727425 1 6 10 4 2 8 9 7 5 3 
20180727426 10 7 3 6 4 9 2 5 1 8 
20180727427 1 3 5 2 4 10 9 8 6 7 
20180727428 6 3 2 8 4 7 1 9 10 5 
20180727429 6 3 2 4 1 7 10 8 9 5 
20180727430 10 5 4 2 9 6 8 7 3 1 
20180727431 4 10 8 6 1 5 2 7 9 3 
20180727432 10 5 6 2 7 9 4 1 8 3 
20180727433 10 3 9 4 2 1 7 5 6 8 
20180727434 3 6 8 2 5 10 9 4 1 7 
20180727435 6 9 2 5 3 10 8 4 7 1 
20180727436 2 6 5 3 4 1 8 7 10 9 
20180727437 3 10 8 6 5 7 1 2 9 4 
20180727438 3 2 10 5 9 4 1 7 6 8 
20180727439 7 6 3 9 4 5 8 10 2 1 
20180727440 8 7 9 2 5 10 3 4 6 1 
20180727441 3 1 9 7 8 2 5 4 6 10 
20180727442 7 3 8 2 5 6 4 1 10 9 
20180727443 7 3 9 10 1 2 6 4 8 5 
20180727444 6 7 2 1 5 9 10 4 3 8 
20180727445 5 4 3 6 1 9 2 8 7 10 
20180727446 8 9 6 10 1 7 3 5 2 4 
20180727447 1 9 8 5 4 3 2 6 7 10 
20180727448 9 1 7 3 6 10 2 8 5 4 
20180727449 1 5 8 6 9 10 2 7 3 4 
20180727450 1 7 5 9 2 4 10 3 8 6 
20180727451 3 8 9 10 4 2 6 7 5 1 
20180727452 3 2 10 8 9 4 7 6 1 5 
20180727453 9 1 4 5 3 2 6 8 10 7 
20180727454 7 9 10 1 3 2 6 4 5 8 
20180727455 4 6 3 8 5 7 2 10 9 1 
20180727456 1 7 5 9 10 8 6 3 2 4 
20180727457 1 2 4 6 3 9 10 5 7 8 
20180727458 5 7 3 9 2 8 6 10 1 4 
20180727459 7 4 6 3 5 10 1 2 9 8 
20180727460 7 1 9 8 10 2 5 6 3 4 
20180727461 5 2 10 6 1 7 8 3 4 9 
20180727462 5 7 2 6 4 10 3 8 1 9 
20180727463 5 4 1 6 8 9 10 2 3 7 
20180727464 7 6 9 5 10 2 3 1 4 8 
20180727465 5 2 1 6 9 4 10 7 8 3 
20180727466 7 5 6 3 2 10 1 9 8 4 
20180727467 1 7 10 9 4 2 3 8 6 5 
20180727468 3 9 7 1 6 8 10 4 2 5 
20180727469 7 4 10 1 5 6 2 3 9 8 
20180727470 4 8 10 2 9 7 3 1 6 5 
20180727471 1 9 3 5 7 2 8 10 6 4 
20180727472 9 3 5 6 8 1 4 2 7 10 
20180727473 1 2 3 8 10 5 9 6 7 4 
20180727474 1 10 3 8 7 2 5 4 6 9 
20180727475 8 3 10 6 5 9 1 2 4 7 
20180727476 10 2 3 4 1 8 6 5 7 9 
20180727477 7 3 5 6 2 8 9 4 10 1 
20180727478 10 7 8 9 3 6 1 2 4 5 
20180727479 3 7 2 9 6 10 1 4 5 8 
20180727480 8 4 2 9 6 3 10 5 7 1 
20180727481 6 3 4 9 5 1 10 7 8 2 
20180727482 2 8 1 10 5 9 4 3 6 7 
20180727483 5 1 8 6 3 7 2 4 10 9 
20180727484 3 1 9 4 6 2 8 10 5 7 
20180727485 7 5 2 9 4 3 6 8 1 10 
20180727486 2 4 9 6 7 1 3 10 8 5 
20180727487 2 7 6 3 4 10 1 5 9 8 
20180727488 10 2 4 6 1 9 3 8 5 7 
20180727489 10 6 9 4 2 7 3 8 1 5 
20180727490 8 7 10 5 4 9 6 2 3 1 
20180727491 9 8 4 7 5 3 10 2 1 6 
20180727492 1 10 8 6 7 4 3 9 5 2 
20180727493 5 4 10 8 6 2 3 7 1 9 
20180727494 6 5 10 2 9 1 3 8 4 7 
20180727495 3 8 10 1 5 4 6 7 9 2 
20180727496 7 9 2 6 5 10 3 4 1 8 
20180727497 10 1 9 7 4 2 5 3 6 8 
20180727498 10 5 2 9 3 1 6 7 4 8 
20180727499 6 3 2 4 9 10 8 5 7 1 
20180727500 7 5 3 1 10 6 8 4 2 9 
20180727501 10 4 1 5 6 3 7 2 8 9 
20180727502 5 9 7 10 6 4 2 3 1 8 
20180727503 8 6 3 2 7 4 9 10 5 1 
20180727504 1 9 5 6 3 10 8 2 7 4 
20180727505 8 1 4 3 2 5 9 6 10 7 
20180727506 8 9 1 10 2 3 6 5 4 7 
20180727507 4 10 1 8 7 9 6 5 2 3 
20180727508 10 2 3 9 8 5 1 4 6 7 
20180727509 10 9 7 6 2 8 1 3 4 5 
20180727510 7 1 5 10 2 9 4 6 3 8 
20180727511 10 4 3 2 6 1 9 7 5 8 
20180727512 9 4 1 6 3 7 5 8 2 10 
20180727513 10 7 3 5 8 4 6 1 9 2 
20180727514 3 10 7 8 9 6 1 4 2 5 
20180727515 6 2 1 7 10 3 4 8 5 9 
20180727516 8 1 5 3 10 2 7 6 9 4 
20180727517 8 3 4 10 6 2 5 1 7 9 
20180727518 4 10 3 1 7 2 6 5 8 9 
20180727519 8 3 9 1 2 6 4 10 5 7 
20180727520 6 8 3 7 9 10 1 4 2 5 
20180727521 7 10 1 2 4 8 9 3 6 5 
20180727522 3 2 7 9 5 4 8 1 10 6 
20180727523 1 7 10 3 2 6 4 5 8 9 
20180727524 4 5 9 8 2 7 1 10 3 6 
20180727525 6 2 3 10 7 4 1 5 9 8 
20180727526 10 7 6 9 2 3 4 8 1 5 
20180727527 2 3 9 7 6 1 10 5 4 8 
20180727528 8 6 5 9 1 10 4 3 7 2 
20180727529 10 4 3 1 6 2 9 7 8 5 
20180727530 8 4 5 3 10 6 2 7 1 9 
20180727531 6 9 8 7 1 10 2 3 5 4 
20180727532 10 1 6 3 2 4 5 8 9 7 
20180727533 1 9 5 2 3 7 4 6 10 8 
20180727534 2 5 3 9 8 1 7 10 4 6 
20180727535 3 4 5 9 7 1 2 10 8 6 
20180727536 1 9 7 3 10 6 2 8 5 4 
20180727537 4 9 2 10 1 6 7 3 5 8 
20180727538 3 7 2 6 9 1 10 5 4 8 
20180727539 5 8 7 10 9 3 2 1 6 4 
20180727540 1 9 5 4 10 8 6 2 7 3 
20180727541 6 10 2 5 1 7 3 8 9 4 
20180727542 9 10 3 8 7 6 1 2 4 5 
20180727543 6 8 3 2 4 5 1 9 7 10 
20180727544 6 1 10 2 9 7 4 5 8 3 
20180727545 4 8 3 10 7 6 5 1 2 9 
20180727546 8 5 9 1 7 4 2 6 3 10 
20180727547 7 10 2 5 3 1 8 4 6 9 
20180727548 3 6 7 8 9 1 2 4 5 10 
20180727549 1 6 8 2 4 9 10 7 3 5 
20180727550 6 8 5 3 10 1 9 4 7 2 
20180727551 3 2 8 7 5 6 10 4 1 9 
20180727552 6 8 9 3 1 5 4 10 7 2 
20180727553 10 9 3 6 5 1 7 2 8 4 
20180727554 4 6 9 1 7 10 5 2 3 8 
20180727555 4 6 5 9 7 2 1 3 10 8 
20180727556 5 1 10 6 4 3 9 2 8 7 
20180727557 2 1 3 10 6 7 4 9 5 8 
20180727558 2 3 9 8 6 5 7 1 4 10 
20180727559 4 6 7 8 10 2 9 5 1 3 
20180727560 10 3 1 7 5 6 4 8 9 2 
20180727561 4 2 5 1 10 8 9 3 6 7 
20180727562 3 4 7 1 6 5 8 2 9 10 
20180727563 9 6 10 1 2 8 7 4 5 3 
20180727564 9 5 10 7 3 2 1 4 8 6 
20180727565 8 3 1 5 4 10 7 6 2 9 
20180727566 7 8 9 1 6 3 10 4 2 5 
20180727567 6 3 2 9 5 4 7 8 1 10 
20180727568 6 8 3 7 4 2 10 5 9 1 
20180727569 6 8 5 9 3 1 10 7 2 4 
20180727570 9 7 2 1 6 4 10 3 8 5 
20180727571 5 7 8 2 6 3 9 4 10 1 
20180727572 10 5 6 2 3 1 9 4 8 7 
20180727573 8 7 1 3 10 6 4 5 2 9 
20180727574 5 6 8 4 3 10 1 7 2 9 
20180727575 7 4 6 8 1 9 10 2 5 3 
20180727576 1 10 4 9 2 5 3 6 8 7 
20180727577 7 1 5 3 9 4 2 6 10 8 
20180727578 4 9 1 5 6 10 8 3 7 2 
20180727579 8 9 4 10 1 3 5 2 6 7 
20180727580 8 4 5 1 7 10 9 2 6 3 
20180727581 8 9 4 1 6 10 3 5 2 7 
20180727582 3 2 1 4 7 6 10 5 9 8 
20180727583 10 1 4 7 8 3 9 6 2 5 
20180727584 6 10 4 1 2 5 9 3 8 7 
20180727585 6 3 10 5 8 1 7 4 9 2 
20180727586 3 5 9 6 4 8 2 1 7 10 
20180727587 5 1 10 3 8 7 6 9 2 4 
20180727588 10 2 5 7 4 3 1 8 6 9 
20180727589 2 6 4 10 5 1 9 7 8 3 
20180727590 8 10 1 6 3 5 2 9 4 7 
20180727591 4 5 9 1 10 8 2 3 7 6 
20180727592 7 3 10 1 9 2 4 6 8 5 
20180727593 8 7 2 4 5 9 6 1 3 10 
20180727594 5 2 3 6 10 1 8 7 9 4 
20180727595 10 2 4 5 6 7 8 1 3 9 
20180727596 8 4 3 7 6 5 1 2 10 9 
20180727597 7 5 3 1 10 8 9 2 4 6 
20180727598 10 4 8 5 6 3 2 1 7 9 
20180727599 3 2 8 1 6 7 4 5 9 10 
20180727600 10 3 9 6 1 4 5 7 2 8 
20180727601 1 5 9 8 10 3 4 2 6 7 
20180727602 3 7 9 8 10 5 4 2 6 1 
20180727603 10 4 9 5 6 8 2 3 7 1 
20180727604 10 6 9 1 3 4 2 8 7 5 
20180727605 1 5 6 7 4 3 8 9 2 10 
20180727606 9 6 7 4 10 2 5 1 3 8 
20180727607 3 7 8 9 1 4 5 2 10 6 
20180727608 4 3 7 5 1 9 8 10 6 2 
20180727609 9 3 1 5 4 7 8 10 2 6 
20180727610 5 10 4 7 9 2 6 3 1 8 
20180727611 5 6 9 10 2 1 4 7 8 3 
20180727612 8 3 5 6 1 2 10 9 4 7 
20180727613 6 9 8 4 7 5 1 3 2 10 
20180727614 4 3 7 5 9 6 10 8 1 2 
20180727615 8 10 4 2 3 5 7 9 1 6 
20180727616 10 8 5 9 6 3 1 4 7 2 
20180727617 2 8 9 5 4 3 10 6 1 7 
20180727618 1 2 9 10 4 5 3 6 8 7 
20180727619 7 2 10 6 9 3 4 5 8 1 
20180727620 6 2 4 7 9 3 5 10 1 8 
20180727621 2 6 10 8 7 3 1 9 5 4 
20180727622 3 8 4 2 6 7 10 9 5 1 
20180727623 1 6 5 10 3 2 8 4 9 7 
20180727624 7 9 4 6 1 5 10 8 2 3 
20180727625 10 2 9 1 7 4 6 5 3 8 
20180727626 6 10 9 1 5 2 3 8 7 4 
20180727627 4 9 8 1 2 5 6 10 3 7 
20180727628 7 3 10 1 2 6 4 5 9 8 
20180727629 8 7 6 3 9 5 2 1 10 4 
20180727630 10 1 2 5 8 9 3 7 4 6 
20180727631 8 4 1 2 9 10 6 7 3 5 
20180727632 3 6 1 9 5 10 4 8 2 7 
20180727633 2 9 4 3 1 8 7 10 6 5 
20180727634 9 8 3 5 1 2 7 10 6 4 
20180727635 5 10 8 6 4 9 2 7 3 1 
20180727636 7 8 9 2 3 5 1 6 4 10 
20180727637 4 1 9 7 2 3 8 6 5 10 
20180727638 9 10 4 8 1 7 5 3 2 6 
20180727639 4 5 8 6 3 7 10 1 9 2 
20180727640 3 2 4 5 9 6 8 1 7 10 
20180727641 9 8 7 4 3 5 10 6 2 1 
20180727642 4 9 5 8 3 7 2 6 1 10 
20180727643 6 8 9 10 4 2 3 5 1 7 
20180727644 10 2 3 8 1 7 4 9 5 6 
20180727645 2 6 7 9 3 4 8 10 1 5 
20180727646 8 9 7 2 3 10 5 6 1 4 
20180727647 4 6 10 9 2 5 3 7 1 8 
20180727648 6 4 9 1 8 7 5 2 3 10 
20180727649 5 7 3 10 2 4 9 6 1 8 
20180727650 4 10 9 1 2 7 5 6 3 8 
20180727651 10 8 2 7 3 1 9 4 6 5 
20180727652 3 2 5 1 10 7 9 8 4 6 
20180727653 1 3 5 6 4 7 9 10 8 2 
20180727654 5 8 2 10 4 1 7 3 6 9 
20180727655 4 8 5 2 10 7 1 9 6 3 
20180727656 9 7 3 10 6 1 2 5 8 4 
20180727657 1 9 2 10 8 3 5 6 7 4 
20180727658 9 6 2 7 4 8 3 5 1 10 
20180727659 10 4 8 5 7 9 6 3 1 2 
20180727660 6 4 3 10 9 2 7 5 1 8 
20180727661 2 7 1 4 6 10 3 9 8 5 
20180727662 3 7 10 6 1 5 9 2 8 4 
20180727663 10 4 2 9 3 7 8 6 1 5 
20180727664 8 5 3 2 7 9 4 10 6 1 
20180727665 5 3 10 4 1 6 9 8 7 2 
20180727666 8 1 7 6 3 5 4 10 2 9 
20180727667 7 10 3 5 6 9 8 1 2 4 
20180727668 7 8 1 10 5 6 2 4 3 9 
20180727669 1 9 3 10 4 5 2 7 6 8 
20180727670 9 7 5 2 10 6 4 8 3 1 
20180727671 7 5 10 2 3 9 8 1 6 4 
20180727672 8 6 7 2 5 10 1 9 3 4 
20180727673 4 9 10 8 1 3 5 6 2 7 
20180727674 2 6 4 8 10 1 9 5 3 7 
20180727675 6 10 3 4 8 5 9 2 1 7 
20180727676 1 3 6 9 5 4 7 2 10 8 
20180727677 9 4 8 7 2 5 1 3 10 6 
20180727678 10 3 8 6 4 5 2 9 7 1 
20180727679 8 10 6 7 4 5 3 2 1 9 
20180727680 4 2 3 1 5 7 8 6 10 9 
20180727681 4 9 10 8 1 6 3 2 7 5 
20180727682 10 7 5 1 9 2 6 4 3 8 
20180727683 5 4 2 1 9 3 6 7 10 8 
20180727684 10 9 6 5 3 7 8 2 1 4 
20180727685 10 4 9 6 5 1 3 8 7 2 
20180727686 4 1 6 5 2 10 7 9 3 8 
20180727687 1 2 10 7 5 8 4 6 3 9 
20180727688 3 10 7 5 6 9 2 8 1 4 
20180727689 7 6 2 9 10 4 5 1 3 8 
20180727690 5 8 2 1 9 7 4 3 10 6 
20180727691 3 10 6 1 4 7 9 5 8 2 
20180727692 4 6 1 9 2 7 10 5 3 8 
20180727693 8 2 4 10 1 9 7 6 3 5 
20180727694 4 8 10 2 6 5 3 1 7 9 
20180727695 10 4 5 7 9 8 1 2 6 3 
20180727696 3 2 9 10 8 7 6 1 4 5 
20180727697 2 10 6 9 3 5 8 4 7 1 
20180727698 4 7 1 10 8 3 2 5 6 9 
20180727699 4 9 7 5 6 2 8 1 3 10 
20180727700 5 9 1 10 8 7 2 3 6 4 
20180727701 5 1 8 6 2 3 10 4 9 7 
20180727702 1 5 2 4 9 7 8 6 3 10 
20180727703 2 7 4 6 10 1 8 9 3 5 
20180727704 9 4 10 2 7 6 1 8 5 3 
20180727705 10 7 5 8 3 4 6 1 2 9 
20180727706 8 4 6 2 5 1 10 9 3 7 
20180727707 7 1 2 4 8 3 5 6 10 9 
20180727708 10 7 1 2 6 4 9 5 8 3 
20180727709 2 5 7 3 1 10 4 8 9 6 
20180727710 1 5 4 7 9 8 6 3 2 10 
20180727711 7 8 4 2 5 9 10 1 3 6 
20180727712 6 3 9 1 8 4 10 5 7 2 
20180727713 7 4 5 3 1 2 10 8 6 9 
20180727714 6 9 3 5 8 1 7 4 2 10 
20180727715 4 7 5 8 1 10 2 6 9 3 
20180727716 5 8 3 4 9 7 2 6 1 10 
20180727717 8 4 10 6 7 1 3 5 2 9 
20180727718 7 6 10 4 1 2 8 9 5 3 
20180727719 1 5 7 8 6 10 3 9 4 2 
20180727720 5 2 3 9 6 1 8 10 7 4 
20180727721 2 5 4 1 6 10 8 3 7 9 
20180727722 1 3 9 6 8 10 7 5 2 4 
20180727723 8 1 4 7 10 5 3 6 9 2 
20180727724 8 7 3 1 5 2 6 10 9 4 
20180727725 8 6 4 5 3 1 9 2 10 7 
20180727726 7 6 10 3 5 4 2 1 8 9 
20180727727 8 2 5 1 4 7 9 6 10 3 
20180727728 6 4 10 1 7 2 8 5 9 3 
20180727729 1 4 7 10 8 2 5 9 6 3 
20180727730 9 3 4 5 10 1 8 7 2 6 
20180727731 8 6 3 4 10 2 1 9 7 5 
20180727732 9 8 4 10 2 6 7 3 5 1 
20180727733 5 2 3 7 4 10 1 6 8 9 
20180727734 2 10 4 1 8 9 3 6 5 7 
20180727735 2 4 9 7 10 6 1 5 8 3 
20180727736 9 7 5 3 1 6 4 8 2 10 
20180727737 10 6 1 7 4 3 2 5 9 8 
20180727738 3 10 1 6 8 9 2 7 5 4 
20180727739 7 10 3 9 4 5 1 8 6 2 
20180727740 9 3 2 6 7 10 4 8 1 5 
20180727741 7 3 1 5 2 4 10 9 8 6 
20180727742 3 10 5 8 6 2 4 7 1 9 
20180727743 2 1 8 10 7 9 6 4 3 5 
20180727744 10 4 2 5 3 6 8 1 9 7 
20180727745 8 10 6 7 1 5 2 3 9 4 
20180727746 7 6 2 8 5 10 3 1 4 9 
20180727747 7 1 6 10 3 9 8 4 2 5 
20180727748 8 7 3 6 4 2 10 1 5 9 
20180727749 7 5 10 1 9 6 2 4 8 3 
20180727750 5 9 2 1 4 7 10 8 3 6 
20180727751 8 1 9 3 5 6 10 7 4 2 
20180727752 2 8 1 10 5 4 9 7 3 6 
20180727753 1 2 9 4 8 6 5 10 7 3 
20180727754 4 1 9 2 6 8 7 10 5 3 
20180727755 6 8 3 9 7 1 4 10 5 2 
20180727756 8 1 2 5 7 10 6 3 4 9 
20180727757 4 5 9 1 6 10 3 8 7 2 
20180727758 10 1 5 9 3 2 4 6 8 7 
20180727759 6 8 9 3 4 5 2 1 10 7 
20180727760 8 6 4 10 3 7 9 1 5 2 
20180727761 10 8 3 7 9 2 1 6 5 4 
20180727762 8 7 4 3 5 10 2 9 6 1 
20180727763 2 10 1 6 9 4 5 3 8 7 
20180727764 2 5 3 7 1 9 8 10 4 6 
20180727765 3 1 8 4 5 6 7 10 9 2 
20180727766 6 1 4 10 8 9 5 2 3 7 
20180727767 9 4 7 10 6 8 2 3 5 1 
20180727768 10 5 8 2 1 9 4 3 7 6 
20180727769 2 4 5 8 6 9 7 3 1 10 
20180727770 4 8 6 1 7 3 2 10 5 9 
20180727771 6 3 2 8 5 10 4 9 7 1 
20180727772 8 10 7 4 2 1 3 5 6 9 
20180727773 10 3 7 1 8 4 2 5 6 9 
20180727774 9 5 6 8 10 2 7 3 4 1 
20180727775 7 6 9 10 8 2 1 4 3 5 
20180727776 1 2 9 4 8 10 7 5 3 6 
20180727777 9 4 2 7 8 5 1 10 3 6 
20180727778 8 7 5 4 10 9 6 2 1 3 
20180727779 10 8 3 1 4 2 7 9 5 6 
20180727780 2 1 8 4 9 5 3 10 6 7 
20180727781 4 6 7 8 3 2 10 1 5 9 
20180727782 6 1 3 10 2 7 8 4 5 9 
20180727783 5 8 2 10 6 4 3 7 9 1 
20180727784 10 4 7 1 9 6 5 8 2 3 
20180727785 8 6 1 10 5 9 7 2 4 3 
20180727786 10 2 1 7 6 3 5 8 9 4 
20180727787 10 1 7 2 4 3 6 9 5 8 
20180727788 10 6 5 2 1 7 4 8 9 3 
20180727789 10 6 4 8 7 5 9 2 1 3 
20180727790 4 9 3 1 5 6 7 8 10 2 
20180727791 6 9 4 5 7 1 8 10 2 3 
20180727792 1 8 6 5 2 7 9 10 4 3 
20180727793 7 8 2 4 5 10 3 9 6 1 
20180727794 2 6 3 10 5 8 1 9 4 7 
20180727795 6 5 4 1 8 7 3 2 9 10 
20180727796 7 3 1 4 9 2 10 8 5 6 
20180727797 8 6 1 2 4 3 5 9 7 10 
20180727798 1 3 7 9 6 2 5 10 8 4 
20180727799 8 10 6 7 3 4 2 1 9 5 
20180727800 3 9 8 4 2 5 1 10 7 6 
20180727801 7 9 2 4 5 8 6 1 10 3 
20180727802 2 9 8 5 7 10 3 6 1 4 
20180727803 2 6 8 10 9 4 3 7 5 1 
20180727804 10 5 3 9 4 2 8 1 7 6 
20180727805 2 1 7 6 3 4 10 8 5 9 
20180727806 2 1 8 7 9 5 6 10 4 3 
20180727807 10 8 4 2 1 5 3 6 7 9 
20180727808 10 1 4 9 3 6 5 7 2 8 
20180727809 10 4 7 1 9 3 5 2 6 8 
20180727810 8 9 3 6 1 7 4 10 5 2 
20180727811 10 2 3 4 7 6 1 8 5 9 
20180727812 2 6 1 5 10 9 3 8 4 7 
20180727813 1 9 10 5 6 8 4 3 2 7 
20180727814 4 8 1 3 2 6 9 7 5 10 
20180727815 8 7 9 10 4 3 6 5 2 1 
20180727816 7 10 1 9 6 2 8 3 5 4 
20180727817 5 6 2 7 10 4 1 9 3 8 
20180727818 6 9 3 8 1 5 7 10 2 4 
20180727819 7 2 8 1 6 3 10 9 4 5 
20180727820 3 2 4 5 9 8 10 1 6 7 
20180727821 10 4 2 7 1 8 6 3 9 5 
20180727822 5 7 1 8 6 2 10 4 9 3 
20180727823 7 8 9 2 10 5 6 4 3 1 
20180727824 8 10 4 9 3 5 1 2 7 6 
20180727825 1 2 9 5 10 4 3 8 7 6 
20180727826 8 4 1 3 2 7 6 10 5 9 
20180727827 9 7 5 1 8 4 6 3 2 10 
20180727828 10 1 2 4 8 7 9 6 5 3 
20180727829 7 9 6 8 1 10 4 5 2 3 
20180727830 10 8 4 2 3 9 1 5 6 7 
20180727831 9 4 3 2 7 1 6 10 5 8 
20180727832 8 6 1 4 10 2 5 3 7 9 
20180727833 1 4 9 10 2 6 5 7 3 8 
20180727834 7 1 2 6 10 5 3 9 8 4 
20180727835 1 6 10 5 9 7 2 8 3 4 
20180727836 2 5 6 3 1 7 4 10 8 9 
20180727837 2 1 10 5 4 7 9 3 8 6 
20180727838 3 1 4 5 9 7 10 8 2 6 
20180727839 6 4 1 3 8 10 9 2 7 5 
20180727840 7 5 9 2 4 6 1 8 3 10 
20180727841 9 4 1 6 3 8 2 5 10 7 
20180727842 7 1 9 8 10 6 5 2 4 3 
20180727843 6 1 4 2 9 7 8 10 3 5 
20180727844 1 8 3 4 2 9 10 6 5 7 
20180727845 9 10 8 2 4 5 6 7 3 1 
20180727846 8 6 7 9 2 5 10 1 3 4 
20180727847 5 4 10 2 7 3 9 6 8 1 
20180727848 3 5 6 9 2 1 4 8 10 7 
20180727849 4 5 8 2 7 3 9 10 1 6 
20180727850 4 2 10 6 3 5 8 9 1 7 
20180727851 4 7 10 1 6 8 5 3 2 9 
20180727852 5 7 3 2 8 9 10 4 6 1 
20180727853 3 6 7 10 5 8 2 9 4 1 
20180727854 6 2 7 3 5 1 9 8 4 10 
20180727855 5 4 8 3 6 10 1 7 2 9 
20180727856 2 3 6 10 5 4 1 9 7 8 
20180727857 3 10 4 5 6 9 7 8 1 2 
20180727858 7 3 8 9 5 2 4 10 1 6 
20180727859 9 3 4 8 1 10 2 5 7 6 
20180727860 8 10 7 6 5 4 3 9 2 1 
20180727861 9 5 3 2 4 6 10 7 8 1 
20180727862 4 2 9 1 8 5 7 3 10 6 
20180727863 10 9 3 5 8 6 7 2 4 1 
20180727864 6 10 5 2 8 7 4 1 3 9 
20180727865 9 6 3 5 1 7 10 4 8 2 
20180727866 2 1 4 5 7 10 9 6 8 3 
20180727867 8 10 2 7 1 6 3 5 4 9 
20180727868 8 2 1 7 4 6 3 10 9 5 
20180727869 7 2 10 3 9 4 1 5 8 6 
20180727870 5 7 4 9 10 2 3 8 6 1 
20180727871 1 8 2 5 6 7 9 10 4 3 
20180727872 6 2 4 7 3 1 5 8 10 9 
20180727873 8 4 9 3 5 10 7 6 1 2 
20180727874 1 8 5 4 2 6 9 3 10 7 
20180727875 8 3 9 4 2 5 6 7 1 10 
20180727876 3 10 1 7 6 5 2 8 9 4 
20180727877 6 5 10 1 2 7 3 4 9 8 
20180727878 10 7 4 8 6 5 1 3 9 2 
20180727879 3 1 7 9 5 2 10 6 8 4 
20180727880 4 10 2 7 8 1 3 6 9 5 
20180727881 2 9 10 4 3 7 8 5 6 1 
20180727882 4 1 3 10 9 5 7 2 6 8 
20180727883 1 2 8 7 5 9 10 4 6 3 
20180727884 10 8 1 7 5 4 3 6 9 2 
20180727885 6 10 3 9 5 7 2 4 1 8 
20180727886 6 2 4 1 7 3 8 10 5 9 
20180727887 2 9 5 4 10 7 6 3 1 8 
20180727888 2 9 8 6 5 3 4 7 10 1 
20180727889 3 10 8 4 5 2 9 1 6 7 
20180727890 3 10 6 4 8 7 2 9 5 1 
20180727891 5 10 4 7 3 9 6 2 8 1 
20180727892 9 1 3 10 6 8 2 7 4 5 
20180727893 5 6 8 4 10 9 1 7 2 3 
20180727894 1 4 10 3 6 8 9 7 2 5 
20180727895 4 7 1 6 2 5 3 8 10 9 
20180727896 10 3 8 9 2 4 7 5 1 6 
20180727897 6 1 3 10 5 7 8 4 2 9 
20180727898 4 2 3 5 1 7 6 10 9 8 
20180727899 5 1 8 7 9 4 3 6 10 2 
20180727900 8 5 7 2 3 6 10 4 1 9 
20180727901 2 7 10 5 1 4 9 3 8 6 
20180727902 9 4 1 5 8 2 3 6 10 7 
20180727903 3 6 4 1 10 8 9 5 7 2 
20180727904 10 4 9 3 1 8 7 6 5 2 
20180727905 1 5 6 4 2 8 7 3 9 10 
20180727906 2 10 6 7 3 1 5 9 8 4 
20180727907 1 7 2 4 3 10 9 5 6 8 
20180727908 2 10 9 3 8 7 6 4 5 1 
20180727909 7 9 10 6 4 3 1 8 2 5 
20180727910 10 5 7 9 3 4 1 2 8 6 
20180727911 5 3 6 2 7 4 1 9 10 8 
20180727912 8 7 9 6 2 4 5 10 3 1 
20180727913 6 7 4 5 2 8 3 9 10 1 
20180727914 7 5 6 2 1 10 4 9 3 8 
20180727915 5 4 6 7 2 3 10 1 8 9 
20180727916 5 3 2 1 6 8 4 7 9 10 
20180727917 7 4 6 2 9 1 10 3 5 8 
20180727918 8 9 1 4 6 2 10 7 3 5 
20180727919 1 10 2 6 9 8 3 4 5 7 
20180727920 5 4 9 6 2 3 1 8 10 7 
20180727921 4 6 7 2 9 8 1 10 5 3 
20180727922 4 9 7 6 3 8 1 5 2 10 
20180727923 6 7 1 5 8 2 4 9 3 10 
20180727924 4 6 7 5 2 9 3 8 1 10 
20180727925 7 4 2 10 9 3 1 6 8 5 
20180727926 1 5 7 8 2 4 3 10 9 6 
20180727927 2 7 1 9 8 4 6 3 10 5 
20180727928 4 8 9 3 10 2 7 1 6 5 
20180727929 10 8 6 7 2 3 5 1 4 9 
20180727930 2 3 5 7 6 9 8 1 4 10 
20180727931 10 5 3 9 6 7 4 1 2 8 
20180727932 5 10 9 7 1 4 8 3 6 2 
20180727933 5 3 7 10 9 4 6 2 1 8 
20180727934 5 3 4 1 6 10 8 9 2 7 
20180727935 2 9 8 6 7 3 10 1 4 5 
20180727936 10 1 5 2 6 8 3 7 9 4 
20180727937 2 8 3 4 6 5 10 7 1 9 
20180727938 1 3 6 8 4 2 9 10 5 7 
20180727939 6 2 7 10 5 1 3 9 4 8 
20180727940 7 9 6 2 5 3 1 4 10 8 
20180727941 7 4 10 8 1 2 5 3 6 9 
20180727942 4 7 5 1 3 8 6 9 2 10 
20180727943 6 7 3 8 5 2 9 1 10 4 
20180727944 7 8 1 3 2 10 4 6 9 5 
20180727945 8 5 3 1 7 2 6 9 10 4 
20180727946 3 9 5 8 4 6 1 7 2 10 
20180727947 1 5 2 4 6 3 9 8 10 7 
20180727948 9 1 4 6 3 7 10 8 2 5 
20180727949 10 3 1 7 9 4 6 8 2 5 
20180727950 6 4 5 2 3 1 10 9 7 8 
20180727951 4 1 5 2 9 10 7 8 3 6 
20180727952 9 3 2 6 7 10 8 4 1 5 
20180727953 1 10 3 7 5 2 6 4 8 9 
20180727954 2 5 6 9 4 10 3 8 1 7 
20180727955 5 10 4 2 1 7 9 6 3 8 
20180727956 2 5 6 1 3 8 4 7 10 9 
20180727957 10 1 4 3 7 6 9 2 5 8 
20180727958 3 2 1 5 9 6 8 10 4 7 
20180727959 6 9 1 2 8 7 3 4 10 5 
20180727960 5 10 6 1 7 9 3 4 2 8 
20180727961 4 2 5 6 7 8 9 10 1 3 
20180727962 6 7 5 1 4 10 8 2 3 9 
20180727963 4 1 3 2 5 10 7 6 9 8 
20180727964 8 5 3 9 4 6 2 1 10 7 
20180727965 6 9 2 1 4 10 3 5 7 8 
20180727966 5 8 9 7 3 4 6 1 2 10 
20180727967 7 8 5 1 9 2 10 4 6 3 
20180727968 4 10 5 8 7 2 3 9 1 6 
20180727969 4 3 9 10 7 1 8 2 5 6 
20180727970 7 4 6 10 1 2 8 9 3 5 
20180727971 4 5 7 2 9 3 10 6 1 8 
20180727972 9 7 10 8 3 2 1 4 6 5 
20180727973 1 6 7 9 10 4 3 5 2 8 
20180727974 2 10 9 1 6 5 4 3 7 8 
20180727975 5 7 8 6 10 1 4 3 9 2 
20180727976 6 2 10 4 3 5 7 8 9 1 
20180727977 3 2 5 6 1 4 10 7 8 9 
20180727978 1 5 4 6 7 10 3 2 9 8 
20180727979 5 9 8 6 1 4 7 2 10 3 
20180727980 6 10 2 9 3 5 7 1 8 4 
20180727981 10 4 6 5 7 8 1 3 9 2 
20180727982 4 8 7 2 9 1 3 10 6 5 
20180727983 1 4 3 7 5 2 6 9 10 8 
20180727984 10 8 7 5 6 2 1 9 4 3 
20180727985 10 9 6 8 7 1 2 3 5 4 
