20180722001 3 4 8 9 6 1 5 7 2 10 
20180722002 4 9 6 7 10 5 3 2 8 1 
20180722003 2 6 5 7 8 9 10 3 4 1 
20180722004 2 9 8 1 7 10 3 4 5 6 
20180722005 8 9 7 10 5 6 3 4 2 1 
20180722006 7 6 1 2 8 10 9 3 4 5 
20180722007 6 9 8 7 1 5 4 3 2 10 
20180722008 6 4 7 8 9 2 1 3 5 10 
20180722009 9 1 10 3 4 2 7 8 6 5 
20180722010 3 5 9 10 7 2 4 1 8 6 
20180722011 1 4 7 8 10 5 9 6 2 3 
20180722012 4 8 6 3 9 2 5 1 10 7 
20180722013 3 7 5 10 2 4 1 9 6 8 
20180722014 7 5 6 1 4 10 8 3 9 2 
20180722015 8 10 5 2 4 3 6 1 9 7 
20180722016 6 10 4 3 7 5 8 9 2 1 
20180722017 2 3 9 10 7 1 4 6 8 5 
20180722018 3 8 6 10 7 9 5 1 4 2 
20180722019 10 9 5 3 8 1 4 7 6 2 
20180722020 9 7 8 5 2 10 3 6 1 4 
20180722021 2 1 6 8 4 5 7 9 10 3 
20180722022 2 9 10 7 5 6 4 3 8 1 
20180722023 6 3 5 10 4 2 8 1 9 7 
20180722024 5 2 3 10 7 4 9 1 6 8 
20180722025 7 1 10 4 6 9 2 3 8 5 
20180722026 3 2 7 8 5 6 1 4 9 10 
20180722027 5 4 10 1 9 3 7 2 8 6 
20180722028 7 5 6 10 8 2 9 4 1 3 
20180722029 8 1 6 7 10 4 9 3 5 2 
20180722030 8 7 4 9 10 3 1 6 5 2 
20180722031 2 1 9 7 3 6 8 10 4 5 
20180722032 9 5 7 2 1 8 3 6 10 4 
20180722033 6 2 10 7 3 5 4 8 9 1 
20180722034 1 4 5 2 7 6 9 8 3 10 
20180722035 2 7 8 3 5 1 9 6 10 4 
20180722036 4 3 10 8 1 7 5 6 9 2 
20180722037 9 4 7 10 3 2 6 1 5 8 
20180722038 10 9 5 1 8 4 2 6 3 7 
20180722039 4 5 9 1 10 6 2 7 3 8 
20180722040 5 7 10 4 2 8 1 9 3 6 
20180722041 3 8 5 7 2 10 1 4 9 6 
20180722042 8 1 7 5 3 6 2 4 9 10 
20180722043 9 6 4 10 2 3 1 8 7 5 
20180722044 7 2 3 5 10 9 1 4 6 8 
20180722045 2 7 4 1 5 6 3 9 10 8 
20180722046 3 10 8 1 7 4 9 6 5 2 
20180722047 7 1 9 8 5 4 3 10 6 2 
20180722048 8 10 1 9 5 7 3 2 4 6 
20180722049 3 6 5 10 9 4 1 7 2 8 
20180722050 5 1 4 10 9 3 6 8 2 7 
20180722051 7 6 10 2 8 3 9 4 1 5 
20180722052 3 5 2 1 7 8 4 10 6 9 
20180722053 7 10 8 2 6 3 1 4 9 5 
20180722054 8 3 9 10 4 6 2 1 5 7 
20180722055 1 6 9 10 2 7 8 5 3 4 
20180722056 6 10 5 3 8 4 7 2 1 9 
20180722057 9 5 3 10 2 6 8 7 1 4 
20180722058 1 4 10 5 9 8 3 6 7 2 
20180722059 4 7 5 9 6 1 3 2 8 10 
20180722060 10 3 1 7 5 9 6 4 2 8 
20180722061 10 6 4 2 1 5 3 9 7 8 
20180722062 6 8 1 4 5 10 2 7 9 3 
20180722063 9 10 2 8 5 7 1 4 3 6 
20180722064 9 10 2 1 8 4 6 5 7 3 
20180722065 1 5 6 9 3 7 10 4 2 8 
20180722066 5 1 2 4 9 3 7 6 10 8 
20180722067 10 3 2 1 7 6 5 9 8 4 
20180722068 2 1 8 9 3 10 7 6 4 5 
20180722069 9 2 3 10 6 7 5 1 4 8 
20180722070 8 9 3 5 6 7 4 1 10 2 
20180722071 4 3 5 10 6 8 9 1 7 2 
20180722072 8 3 6 7 10 9 5 4 1 2 
20180722073 10 9 4 6 2 1 3 5 8 7 
20180722074 4 3 2 1 5 7 10 8 9 6 
20180722075 2 1 7 6 9 4 10 3 5 8 
20180722076 6 1 7 9 4 2 3 8 5 10 
20180722077 1 5 6 9 7 8 4 2 3 10 
20180722078 1 7 3 2 5 10 4 8 6 9 
20180722079 2 5 1 10 7 9 4 8 6 3 
20180722080 5 6 8 1 9 4 7 10 3 2 
20180722081 4 10 1 8 9 7 5 6 2 3 
20180722082 7 6 5 3 8 10 9 1 4 2 
20180722083 5 10 2 1 9 4 8 7 3 6 
20180722084 5 8 4 1 10 9 6 2 3 7 
20180722085 3 6 8 7 2 9 10 5 4 1 
20180722086 7 9 2 10 8 6 5 4 3 1 
20180722087 7 1 10 2 3 6 4 9 5 8 
20180722088 6 7 2 8 10 3 4 5 9 1 
20180722089 5 3 10 1 8 2 9 6 7 4 
20180722090 3 8 2 6 9 1 10 5 4 7 
20180722091 5 10 1 4 8 3 2 7 9 6 
20180722092 2 8 5 9 10 3 1 4 7 6 
20180722093 7 2 5 9 3 6 4 1 10 8 
20180722094 8 6 5 10 2 1 9 3 7 4 
20180722095 5 4 2 1 6 3 10 8 9 7 
20180722096 9 3 6 5 1 4 8 7 2 10 
20180722097 6 2 3 8 4 10 1 7 9 5 
20180722098 10 1 3 6 9 5 7 8 2 4 
20180722099 4 8 6 3 7 2 9 10 1 5 
20180722100 6 1 9 5 2 10 4 8 3 7 
20180722101 2 4 10 7 3 9 6 1 5 8 
20180722102 4 6 7 2 3 1 8 5 10 9 
20180722103 10 3 8 9 1 2 4 7 5 6 
20180722104 3 10 6 4 7 5 9 1 2 8 
20180722105 8 3 10 5 9 1 6 7 2 4 
20180722106 5 4 9 6 8 10 3 7 1 2 
20180722107 5 10 4 7 3 8 6 2 9 1 
20180722108 2 9 3 8 6 4 10 5 1 7 
20180722109 5 10 1 2 4 3 8 9 6 7 
20180722110 1 10 4 3 6 7 8 2 9 5 
20180722111 3 4 9 1 7 8 6 2 10 5 
20180722112 8 10 7 3 5 4 6 1 9 2 
20180722113 5 1 6 9 7 10 3 4 8 2 
20180722114 8 9 7 4 1 5 2 3 10 6 
20180722115 8 6 3 9 5 4 2 7 1 10 
20180722116 5 10 8 2 1 7 6 4 9 3 
20180722117 10 4 7 8 9 1 5 3 2 6 
20180722118 9 10 4 7 2 8 3 1 6 5 
20180722119 2 7 5 4 8 1 6 9 3 10 
20180722120 4 5 2 3 9 10 7 8 1 6 
20180722121 8 9 6 2 5 10 4 3 1 7 
20180722122 1 8 9 3 6 2 5 4 7 10 
20180722123 9 10 4 6 5 8 2 7 3 1 
20180722124 6 7 9 2 3 5 1 4 8 10 
20180722125 4 1 3 2 6 9 5 10 8 7 
20180722126 9 3 10 2 8 1 7 5 6 4 
20180722127 10 1 7 6 9 5 2 4 3 8 
20180722128 4 6 1 2 3 9 5 10 7 8 
20180722129 9 6 2 1 7 4 5 8 10 3 
20180722130 10 8 5 1 9 3 2 6 7 4 
20180722131 9 1 3 2 8 4 5 6 7 10 
20180722132 4 5 7 2 1 8 3 6 10 9 
20180722133 2 9 5 10 6 4 3 8 7 1 
20180722134 2 5 10 7 6 9 4 8 3 1 
20180722135 4 8 1 9 2 3 10 7 5 6 
20180722136 2 10 3 8 4 5 7 1 6 9 
20180722137 10 9 8 4 7 5 2 1 3 6 
20180722138 1 5 3 4 7 8 6 9 2 10 
20180722139 10 6 7 5 1 9 3 2 4 8 
20180722140 6 7 8 5 4 2 9 10 1 3 
20180722141 3 1 6 8 9 4 2 10 5 7 
20180722142 4 8 6 2 7 10 5 9 3 1 
20180722143 3 1 4 10 9 5 2 7 8 6 
20180722144 7 4 5 8 1 6 9 3 10 2 
20180722145 3 2 9 10 4 5 6 1 8 7 
20180722146 3 6 9 8 7 10 1 5 2 4 
20180722147 3 9 4 7 2 6 10 1 5 8 
20180722148 5 1 10 7 8 9 6 4 2 3 
20180722149 6 5 1 10 3 2 4 7 8 9 
20180722150 7 4 1 2 8 5 6 10 3 9 
20180722151 4 8 5 2 10 7 3 1 9 6 
20180722152 4 10 2 1 7 3 9 6 5 8 
20180722153 7 4 6 9 3 5 2 8 1 10 
20180722154 5 10 1 6 7 3 4 8 9 2 
20180722155 7 4 3 6 1 10 2 5 8 9 
20180722156 9 10 2 6 4 5 1 8 3 7 
20180722157 5 4 3 1 7 2 9 10 8 6 
20180722158 7 2 4 3 5 6 9 8 1 10 
20180722159 5 8 2 9 3 1 7 10 4 6 
20180722160 7 2 1 4 5 9 3 8 6 10 
20180722161 6 9 8 2 5 10 1 3 4 7 
20180722162 6 5 9 2 7 10 4 3 1 8 
20180722163 10 7 8 1 2 4 5 6 3 9 
20180722164 6 10 3 2 8 1 7 4 9 5 
20180722165 2 9 8 5 3 6 1 7 4 10 
20180722166 6 5 8 4 9 7 1 10 3 2 
20180722167 10 6 4 5 8 3 1 2 9 7 
20180722168 4 7 2 5 3 1 8 10 6 9 
20180722169 10 2 8 3 7 5 1 6 4 9 
20180722170 8 2 6 9 1 5 10 7 4 3 
20180722171 2 10 3 6 1 8 9 7 4 5 
20180722172 6 9 10 7 5 3 4 2 1 8 
20180722173 6 2 9 3 4 7 5 10 8 1 
20180722174 4 1 10 8 3 9 7 6 5 2 
20180722175 8 3 4 7 1 9 6 5 10 2 
20180722176 4 1 7 6 8 5 2 3 9 10 
20180722177 2 6 5 8 9 7 4 1 10 3 
20180722178 1 9 8 2 5 10 6 4 7 3 
20180722179 1 10 3 9 7 6 2 5 4 8 
20180722180 5 1 8 6 7 9 3 10 2 4 
20180722181 4 1 10 9 5 8 2 3 6 7 
20180722182 4 5 8 1 3 7 2 10 6 9 
20180722183 5 10 6 4 8 2 9 3 1 7 
20180722184 9 7 2 1 6 4 10 3 8 5 
20180722185 1 3 10 5 2 4 9 7 8 6 
20180722186 7 3 9 10 1 5 4 6 8 2 
20180722187 9 1 3 6 2 7 5 8 10 4 
20180722188 4 6 7 9 1 2 3 10 8 5 
20180722189 3 4 2 1 8 7 5 10 9 6 
20180722190 8 3 7 5 9 2 10 6 1 4 
20180722191 2 1 4 6 5 3 10 9 8 7 
20180722192 8 7 10 9 6 5 2 3 4 1 
20180722193 1 10 3 4 5 7 6 9 8 2 
20180722194 4 2 9 10 7 6 1 8 5 3 
20180722195 6 8 1 10 4 2 9 7 5 3 
20180722196 1 9 5 4 3 6 7 8 2 10 
20180722197 9 3 8 2 6 1 10 5 4 7 
20180722198 10 1 6 2 9 8 4 3 5 7 
20180722199 4 6 2 1 9 10 5 3 8 7 
20180722200 5 9 7 4 2 3 10 1 8 6 
20180722201 1 5 4 6 2 9 7 3 10 8 
20180722202 3 2 10 4 5 6 1 8 7 9 
20180722203 8 1 4 2 3 10 9 6 7 5 
20180722204 3 9 5 10 1 7 8 6 4 2 
20180722205 3 4 9 2 8 1 10 6 5 7 
20180722206 5 2 7 1 9 10 6 4 8 3 
20180722207 9 8 4 5 3 2 7 1 6 10 
20180722208 9 1 3 10 4 8 2 6 7 5 
20180722209 3 5 9 2 1 10 8 4 6 7 
20180722210 9 4 6 3 2 10 8 1 5 7 
20180722211 4 7 8 5 10 9 6 1 2 3 
20180722212 6 9 5 4 2 8 10 3 7 1 
20180722213 7 9 6 2 1 10 4 3 5 8 
20180722214 3 4 9 8 2 5 10 6 1 7 
20180722215 7 4 6 3 1 5 2 8 9 10 
20180722216 1 2 8 9 10 6 7 3 4 5 
20180722217 9 6 5 7 8 10 1 3 4 2 
20180722218 7 8 2 4 5 9 10 1 6 3 
20180722219 3 8 1 10 5 4 9 6 2 7 
20180722220 4 5 9 10 8 3 1 6 7 2 
20180722221 6 3 4 7 1 9 8 2 10 5 
20180722222 4 7 9 8 5 3 1 10 2 6 
20180722223 4 5 1 8 7 6 9 10 2 3 
20180722224 1 6 3 7 9 8 10 5 2 4 
20180722225 8 6 1 2 7 9 10 5 3 4 
20180722226 5 6 10 4 9 2 3 7 8 1 
20180722227 3 4 9 2 8 10 7 6 1 5 
20180722228 1 6 9 4 7 5 2 8 10 3 
20180722229 3 8 1 5 7 10 9 6 4 2 
20180722230 4 3 9 10 1 2 8 5 6 7 
20180722231 4 1 7 2 8 10 3 9 5 6 
20180722232 9 4 1 2 8 6 3 10 7 5 
20180722233 7 5 2 3 10 9 6 8 4 1 
20180722234 9 4 6 8 10 5 2 7 3 1 
20180722235 8 3 2 4 10 7 1 9 6 5 
20180722236 4 6 3 7 10 1 8 9 5 2 
20180722237 4 6 7 1 5 3 2 8 10 9 
20180722238 4 10 5 6 3 1 9 8 7 2 
20180722239 7 6 8 10 5 3 9 4 1 2 
20180722240 5 6 8 7 4 3 9 10 2 1 
20180722241 5 2 4 3 1 10 6 7 9 8 
20180722242 5 6 4 7 1 3 10 8 2 9 
20180722243 8 9 10 4 7 2 3 1 6 5 
20180722244 1 2 8 10 4 9 7 5 6 3 
20180722245 10 4 6 7 1 8 9 2 3 5 
20180722246 2 3 8 1 6 4 7 5 10 9 
20180722247 2 1 9 6 4 3 5 10 8 7 
20180722248 9 6 7 3 1 2 5 4 8 10 
20180722249 7 6 4 3 2 8 5 1 9 10 
20180722250 5 6 3 4 2 10 9 1 8 7 
20180722251 10 3 7 2 6 5 4 1 8 9 
20180722252 3 7 1 8 9 10 6 2 5 4 
20180722253 6 9 8 3 4 2 1 10 5 7 
20180722254 8 3 5 6 10 2 1 9 4 7 
20180722255 4 5 6 1 9 10 7 2 3 8 
20180722256 5 3 1 9 7 8 6 4 2 10 
20180722257 2 10 5 1 9 4 6 3 8 7 
20180722258 3 8 7 10 4 6 9 1 2 5 
20180722259 6 9 3 8 2 5 4 7 1 10 
20180722260 1 4 9 8 10 6 3 5 7 2 
20180722261 1 8 9 7 5 4 2 3 6 10 
20180722262 2 10 1 3 5 4 8 6 9 7 
20180722263 1 8 4 7 6 5 9 3 10 2 
20180722264 10 6 3 2 1 5 7 8 9 4 
20180722265 1 4 6 5 3 8 7 9 10 2 
20180722266 2 4 10 8 7 3 5 1 9 6 
20180722267 5 8 3 2 1 7 4 10 6 9 
20180722268 8 10 3 7 5 9 1 4 6 2 
20180722269 9 10 7 8 5 2 1 3 4 6 
20180722270 4 2 3 8 1 9 5 10 7 6 
20180722271 7 2 1 5 3 6 8 10 4 9 
20180722272 4 8 2 9 1 3 10 6 5 7 
20180722273 7 9 3 6 5 8 1 4 2 10 
20180722274 4 3 6 10 5 2 7 1 8 9 
20180722275 5 1 10 6 3 4 9 2 7 8 
20180722276 8 10 6 4 1 3 9 5 7 2 
20180722277 6 7 9 4 10 5 8 3 2 1 
20180722278 8 2 10 7 6 4 5 3 9 1 
20180722279 1 6 5 8 2 3 9 4 10 7 
20180722280 1 5 7 4 6 9 3 10 8 2 
20180722281 1 8 7 2 5 6 10 9 4 3 
20180722282 9 3 6 4 2 1 8 10 5 7 
20180722283 9 1 4 8 10 5 2 7 3 6 
20180722284 3 7 2 8 4 1 9 6 10 5 
20180722285 7 10 6 9 2 5 1 8 3 4 
20180722286 1 3 4 8 6 7 2 9 5 10 
20180722287 4 1 5 6 8 7 2 10 9 3 
20180722288 6 5 10 4 9 3 7 1 8 2 
20180722289 3 7 9 5 8 6 4 2 10 1 
20180722290 5 9 8 4 3 7 6 2 1 10 
20180722291 2 5 3 6 9 7 10 8 1 4 
20180722292 5 1 8 3 10 7 4 9 2 6 
20180722293 7 3 4 2 10 1 5 8 6 9 
20180722294 8 10 4 3 6 5 2 9 7 1 
20180722295 8 4 7 3 1 9 6 2 10 5 
20180722296 4 10 2 9 3 5 7 1 8 6 
20180722297 5 7 10 8 6 4 9 3 2 1 
20180722298 6 1 9 4 8 5 7 10 2 3 
20180722299 1 3 5 8 6 10 9 7 2 4 
20180722300 6 8 3 2 5 9 4 10 1 7 
20180722301 7 1 5 6 8 2 9 3 4 10 
20180722302 7 8 2 10 3 4 5 9 6 1 
20180722303 4 2 6 7 1 5 10 9 8 3 
20180722304 10 2 1 9 4 7 3 8 5 6 
20180722305 7 6 9 3 5 1 10 2 8 4 
20180722306 8 5 1 4 6 7 3 2 9 10 
20180722307 2 1 8 6 7 5 4 10 9 3 
20180722308 7 8 4 1 9 10 5 3 2 6 
20180722309 8 10 7 6 4 2 9 1 3 5 
20180722310 4 8 10 6 7 1 3 5 9 2 
20180722311 8 1 10 2 4 3 5 6 7 9 
20180722312 2 3 10 8 6 5 7 9 1 4 
20180722313 8 4 6 9 1 2 7 3 5 10 
20180722314 10 7 8 4 3 6 1 2 9 5 
20180722315 2 4 3 8 10 9 1 7 5 6 
20180722316 2 3 6 8 10 5 7 9 4 1 
20180722317 8 4 9 2 5 3 7 10 6 1 
20180722318 7 5 2 4 6 3 9 8 1 10 
20180722319 6 2 9 4 5 7 1 3 10 8 
20180722320 6 8 9 10 5 4 7 1 2 3 
20180722321 8 4 3 2 6 1 7 9 5 10 
20180722322 6 5 7 4 3 2 8 1 9 10 
20180722323 5 10 9 8 7 2 6 1 4 3 
20180722324 3 8 4 1 7 5 9 2 10 6 
20180722325 9 8 3 7 6 5 1 4 2 10 
20180722326 6 10 7 2 3 9 4 8 5 1 
20180722327 10 1 8 7 4 9 6 3 5 2 
20180722328 4 10 1 6 3 5 8 2 9 7 
20180722329 7 10 5 1 6 8 9 4 3 2 
20180722330 8 6 1 10 4 9 7 5 3 2 
20180722331 4 6 7 3 8 9 1 5 2 10 
20180722332 4 5 8 9 7 10 6 2 3 1 
20180722333 8 5 1 10 2 9 4 7 3 6 
20180722334 8 3 2 4 9 5 1 10 7 6 
20180722335 4 1 6 10 2 9 8 3 7 5 
20180722336 5 6 1 2 10 3 7 8 4 9 
20180722337 8 10 4 1 7 9 5 2 3 6 
20180722338 1 9 8 6 4 5 3 10 2 7 
20180722339 5 4 1 3 6 7 9 8 2 10 
20180722340 9 10 1 6 7 5 3 2 8 4 
20180722341 5 1 8 6 10 2 9 4 3 7 
20180722342 1 9 6 3 5 2 8 7 10 4 
20180722343 3 9 6 5 2 10 4 1 7 8 
20180722344 4 7 10 6 1 3 5 2 8 9 
20180722345 7 4 10 5 8 9 1 3 2 6 
20180722346 5 9 8 7 3 1 10 2 4 6 
20180722347 5 8 10 9 6 1 2 3 4 7 
20180722348 4 3 6 5 9 1 8 7 10 2 
20180722349 2 5 9 1 10 3 8 6 4 7 
20180722350 1 6 10 7 4 9 5 8 3 2 
20180722351 6 5 8 1 3 7 4 2 10 9 
20180722352 5 2 8 7 1 4 3 6 9 10 
20180722353 7 5 9 8 4 2 6 3 1 10 
20180722354 4 6 2 8 3 1 5 10 7 9 
20180722355 1 8 4 3 5 6 9 2 10 7 
20180722356 4 8 6 7 9 10 1 3 5 2 
20180722357 3 5 10 1 2 8 7 6 4 9 
20180722358 1 9 7 5 10 8 2 3 4 6 
20180722359 7 1 2 4 8 5 9 10 6 3 
20180722360 6 7 8 10 4 3 2 5 9 1 
20180722361 8 10 3 4 2 9 7 1 6 5 
20180722362 10 5 8 9 4 2 1 3 6 7 
20180722363 10 5 8 4 6 3 1 9 2 7 
20180722364 1 5 3 10 4 9 6 2 7 8 
20180722365 5 9 6 1 3 4 8 2 7 10 
20180722366 3 6 8 2 9 10 1 4 5 7 
20180722367 6 1 9 2 3 5 8 10 7 4 
20180722368 5 3 9 6 8 4 7 2 1 10 
20180722369 9 6 8 10 3 5 2 1 4 7 
20180722370 1 5 9 4 6 7 8 2 10 3 
20180722371 5 7 4 10 6 3 2 8 1 9 
20180722372 5 3 10 4 2 7 1 9 8 6 
20180722373 8 4 5 1 10 7 2 9 3 6 
20180722374 5 6 10 3 7 9 2 4 8 1 
20180722375 1 7 4 8 6 3 9 5 2 10 
20180722376 3 7 6 2 4 8 10 5 1 9 
20180722377 5 8 7 6 10 2 1 9 4 3 
20180722378 9 5 10 4 3 8 1 7 6 2 
20180722379 3 7 4 1 6 9 10 8 5 2 
20180722380 7 5 9 6 1 8 4 10 3 2 
20180722381 7 1 5 3 10 9 6 8 2 4 
20180722382 4 3 8 5 1 7 2 6 10 9 
20180722383 3 9 8 5 6 10 1 4 7 2 
20180722384 10 5 9 2 3 1 7 4 8 6 
20180722385 9 5 6 4 1 2 10 8 3 7 
20180722386 6 4 9 7 10 1 3 5 8 2 
20180722387 7 5 8 10 2 4 9 1 3 6 
20180722388 6 3 9 2 5 10 1 4 7 8 
20180722389 10 8 4 9 7 6 5 1 3 2 
20180722390 1 7 8 5 2 3 10 6 4 9 
20180722391 1 6 5 8 7 9 10 4 2 3 
20180722392 3 8 9 4 2 6 1 10 7 5 
20180722393 1 4 7 2 3 8 6 10 5 9 
20180722394 3 7 4 9 6 2 5 10 8 1 
20180722395 2 8 6 10 4 7 3 9 5 1 
20180722396 9 7 4 2 3 5 8 10 6 1 
20180722397 2 1 3 6 5 9 7 10 8 4 
20180722398 1 4 8 2 6 3 5 10 9 7 
20180722399 3 1 7 6 9 4 8 2 10 5 
20180722400 10 9 6 1 7 5 3 4 2 8 
20180722401 9 8 3 2 4 7 10 6 5 1 
20180722402 8 2 1 4 6 9 10 3 7 5 
20180722403 5 3 9 10 8 7 1 2 4 6 
20180722404 5 10 3 2 6 9 8 7 4 1 
20180722405 2 3 6 1 4 10 9 8 7 5 
20180722406 2 5 9 6 7 3 10 4 8 1 
20180722407 4 8 5 3 10 2 7 9 6 1 
20180722408 9 6 5 2 7 10 8 1 4 3 
20180722409 9 2 7 5 1 3 4 10 8 6 
20180722410 9 1 2 7 8 5 6 4 3 10 
20180722411 8 10 3 9 2 6 5 4 1 7 
20180722412 6 2 3 4 5 1 10 8 7 9 
20180722413 6 7 9 5 3 1 8 2 10 4 
20180722414 7 8 10 2 9 4 1 3 6 5 
20180722415 3 10 6 9 8 5 4 2 7 1 
20180722416 3 6 9 7 8 4 2 1 5 10 
20180722417 9 7 3 2 4 6 5 8 10 1 
20180722418 4 3 1 8 7 5 10 6 9 2 
20180722419 10 3 5 4 8 2 9 7 6 1 
20180722420 7 4 2 9 3 1 8 6 10 5 
20180722421 6 8 5 7 4 1 2 9 3 10 
20180722422 8 10 9 7 4 5 2 3 6 1 
20180722423 10 8 7 9 1 6 4 5 3 2 
20180722424 3 8 6 5 10 1 2 9 4 7 
20180722425 4 10 9 2 5 8 1 3 6 7 
20180722426 6 1 10 4 5 3 2 7 9 8 
20180722427 9 5 8 2 6 4 1 10 3 7 
20180722428 4 1 8 6 9 5 10 7 2 3 
20180722429 4 10 2 9 6 1 7 5 3 8 
20180722430 7 8 5 6 10 1 9 4 2 3 
20180722431 4 1 10 5 2 9 3 7 8 6 
20180722432 6 9 2 3 7 8 5 10 4 1 
20180722433 4 8 1 2 3 6 9 7 10 5 
20180722434 7 5 10 8 2 1 3 6 4 9 
20180722435 5 1 2 8 7 10 4 3 6 9 
20180722436 4 8 6 3 1 9 7 2 10 5 
20180722437 2 8 3 9 7 1 4 10 6 5 
20180722438 3 6 2 10 1 8 9 4 5 7 
20180722439 1 2 3 4 6 5 8 9 10 7 
20180722440 9 10 5 4 6 3 2 1 8 7 
20180722441 6 8 7 3 4 5 2 10 9 1 
20180722442 10 8 4 1 9 6 2 3 5 7 
20180722443 6 9 4 1 10 2 8 7 5 3 
20180722444 10 8 9 5 7 1 4 6 3 2 
20180722445 7 1 9 6 10 5 3 4 8 2 
20180722446 4 10 5 2 1 6 9 3 7 8 
20180722447 5 1 2 6 8 9 3 10 7 4 
20180722448 4 5 8 3 1 7 9 2 6 10 
20180722449 1 7 2 6 10 9 3 8 5 4 
20180722450 9 2 10 7 4 3 5 8 1 6 
20180722451 4 1 9 6 5 3 7 10 2 8 
20180722452 2 4 3 10 6 9 1 8 7 5 
20180722453 6 9 4 5 7 8 10 3 2 1 
20180722454 1 7 2 10 5 8 3 4 6 9 
20180722455 6 1 8 7 2 5 10 3 9 4 
20180722456 8 1 5 10 4 3 6 9 7 2 
20180722457 6 9 8 1 2 7 3 10 5 4 
20180722458 9 8 2 4 3 5 6 1 7 10 
20180722459 7 10 5 9 4 3 8 1 2 6 
20180722460 8 7 6 10 1 3 9 5 4 2 
20180722461 6 4 1 2 7 3 8 9 5 10 
20180722462 6 3 9 4 1 7 10 5 8 2 
20180722463 6 2 3 4 9 10 7 5 1 8 
20180722464 5 7 9 6 8 2 1 3 10 4 
20180722465 8 4 7 1 3 9 6 5 10 2 
20180722466 10 1 8 5 6 9 2 4 7 3 
20180722467 1 7 5 9 3 2 10 8 6 4 
20180722468 8 1 6 2 10 4 3 5 7 9 
20180722469 8 9 3 1 4 7 6 2 10 5 
20180722470 8 5 7 1 2 10 3 4 6 9 
20180722471 1 2 8 3 7 9 6 4 5 10 
20180722472 9 1 6 3 5 7 8 10 4 2 
20180722473 10 5 4 6 7 2 8 1 3 9 
20180722474 9 3 10 6 4 5 2 7 8 1 
20180722475 9 10 1 7 2 5 4 6 3 8 
20180722476 10 6 5 7 3 9 8 1 4 2 
20180722477 10 8 5 6 4 2 3 9 1 7 
20180722478 9 2 8 4 3 6 1 10 5 7 
20180722479 2 8 10 9 3 5 6 4 1 7 
20180722480 9 10 1 5 8 6 4 3 2 7 
20180722481 10 4 3 7 8 1 5 6 9 2 
20180722482 7 9 3 6 2 8 4 5 1 10 
20180722483 5 6 7 10 2 1 9 3 8 4 
20180722484 9 5 10 3 4 8 2 6 1 7 
20180722485 7 8 9 3 2 4 5 10 6 1 
20180722486 10 1 9 2 4 5 3 8 6 7 
20180722487 9 5 8 6 4 1 7 2 3 10 
20180722488 7 9 1 3 8 6 2 5 4 10 
20180722489 9 6 7 4 3 5 2 10 8 1 
20180722490 4 2 7 1 5 6 8 9 3 10 
20180722491 7 5 3 10 4 2 1 8 6 9 
20180722492 2 6 4 5 1 10 7 9 8 3 
20180722493 2 6 7 5 8 1 4 10 3 9 
20180722494 2 7 8 10 1 9 6 4 5 3 
20180722495 3 7 5 8 1 4 9 6 2 10 
20180722496 2 1 5 9 3 6 7 4 8 10 
20180722497 10 2 4 7 3 1 8 9 5 6 
20180722498 1 5 2 9 8 10 7 3 6 4 
20180722499 1 2 9 10 7 3 6 5 8 4 
20180722500 8 3 1 5 6 9 10 4 7 2 
20180722501 2 5 9 4 1 8 7 6 10 3 
20180722502 5 9 1 10 2 3 4 7 6 8 
20180722503 2 7 8 6 4 1 10 9 5 3 
20180722504 1 3 5 4 9 8 7 2 10 6 
20180722505 3 6 1 5 2 8 9 7 10 4 
20180722506 8 3 7 2 9 6 10 4 5 1 
20180722507 4 5 10 6 9 1 2 8 7 3 
20180722508 3 6 9 2 4 10 1 5 7 8 
20180722509 9 3 4 8 1 2 7 5 10 6 
20180722510 6 2 8 7 5 4 10 9 1 3 
20180722511 10 3 5 9 1 4 2 7 8 6 
20180722512 1 3 5 8 6 9 2 7 4 10 
20180722513 5 3 7 9 2 8 6 1 10 4 
20180722514 2 1 10 8 4 9 3 6 7 5 
20180722515 8 4 3 10 7 1 9 6 5 2 
20180722516 7 4 5 2 8 3 10 9 1 6 
20180722517 1 6 10 2 4 8 5 7 3 9 
20180722518 6 8 5 7 1 9 4 10 3 2 
20180722519 9 1 7 3 10 2 4 6 5 8 
20180722520 2 10 4 5 3 6 7 8 1 9 
20180722521 3 9 7 2 4 10 1 8 6 5 
20180722522 3 1 5 10 2 9 6 8 4 7 
20180722523 7 6 3 1 4 10 2 9 8 5 
20180722524 9 1 5 7 4 2 10 8 3 6 
20180722525 10 9 6 8 4 2 3 5 7 1 
20180722526 8 3 4 5 6 1 2 9 7 10 
20180722527 10 3 2 6 7 8 9 1 5 4 
20180722528 4 3 8 10 1 2 7 5 9 6 
20180722529 2 4 9 6 1 3 5 7 10 8 
20180722530 6 9 5 1 4 7 2 8 3 10 
20180722531 4 5 7 1 3 8 6 2 9 10 
20180722532 2 6 8 5 3 9 4 7 1 10 
20180722533 1 4 8 3 5 2 9 10 7 6 
20180722534 2 5 7 1 4 3 6 8 9 10 
20180722535 8 3 7 10 6 4 1 9 2 5 
20180722536 9 1 6 3 7 8 5 2 4 10 
20180722537 8 1 9 3 2 7 4 6 5 10 
20180722538 10 1 2 4 6 5 9 3 7 8 
20180722539 1 3 4 9 5 8 2 10 6 7 
20180722540 10 7 3 6 5 8 4 9 1 2 
20180722541 3 5 2 9 4 10 1 8 7 6 
20180722542 6 9 1 8 3 5 4 2 7 10 
20180722543 7 6 2 9 1 5 3 4 10 8 
20180722544 8 9 1 3 4 2 10 6 5 7 
20180722545 8 9 1 3 10 6 4 2 5 7 
20180722546 7 1 4 6 3 2 10 5 9 8 
20180722547 8 2 9 10 5 7 4 1 3 6 
20180722548 7 10 4 6 3 2 5 8 9 1 
20180722549 2 5 9 3 1 7 4 8 6 10 
20180722550 2 6 9 7 8 1 3 10 5 4 
20180722551 10 1 9 6 4 5 3 2 7 8 
20180722552 7 8 5 1 9 2 4 3 10 6 
20180722553 6 4 10 8 1 7 2 3 5 9 
20180722554 1 5 7 4 9 10 2 8 3 6 
20180722555 6 4 7 9 3 1 2 5 8 10 
20180722556 6 8 9 3 2 4 7 5 10 1 
20180722557 8 2 10 9 4 7 5 3 6 1 
20180722558 4 2 10 9 5 1 8 7 3 6 
20180722559 5 6 4 3 10 9 8 1 2 7 
20180722560 1 7 5 2 4 9 3 10 6 8 
20180722561 5 3 7 2 4 1 6 10 8 9 
20180722562 2 3 6 9 10 4 7 5 1 8 
20180722563 5 9 8 7 10 4 6 3 1 2 
20180722564 9 10 2 7 3 5 4 6 1 8 
20180722565 5 4 3 7 8 1 6 9 10 2 
20180722566 6 7 8 9 5 4 2 1 10 3 
20180722567 3 2 7 9 8 5 10 4 6 1 
20180722568 6 4 8 1 7 5 10 9 3 2 
20180722569 2 4 7 9 3 6 10 5 1 8 
20180722570 5 8 7 4 6 1 3 9 2 10 
20180722571 8 5 6 2 10 7 3 4 9 1 
20180722572 1 8 10 9 4 2 3 7 5 6 
20180722573 7 4 8 9 2 5 6 1 3 10 
20180722574 3 9 6 2 7 1 10 4 5 8 
20180722575 5 8 3 2 9 7 10 4 6 1 
20180722576 10 9 3 2 1 5 7 4 6 8 
20180722577 2 7 5 9 1 6 4 3 8 10 
20180722578 9 7 4 5 6 1 10 8 2 3 
20180722579 3 2 4 7 9 1 8 6 5 10 
20180722580 5 2 6 1 3 10 4 8 9 7 
20180722581 9 10 2 7 8 5 4 1 6 3 
20180722582 1 6 10 4 8 3 7 9 5 2 
20180722583 3 10 8 5 6 4 1 7 2 9 
20180722584 3 4 8 1 10 7 5 9 6 2 
20180722585 1 4 9 10 6 7 2 5 8 3 
20180722586 10 4 9 5 3 7 6 1 2 8 
20180722587 7 10 1 2 4 6 3 9 5 8 
20180722588 10 7 4 2 6 8 1 5 9 3 
20180722589 10 4 6 7 3 5 1 2 8 9 
20180722590 9 3 7 10 2 6 4 1 8 5 
20180722591 5 6 4 9 2 3 7 1 10 8 
20180722592 2 7 3 5 10 8 4 9 6 1 
20180722593 5 8 10 6 3 4 9 1 2 7 
20180722594 1 8 9 4 2 3 10 7 6 5 
20180722595 9 7 4 10 8 3 5 1 6 2 
20180722596 3 1 5 10 8 9 7 2 6 4 
20180722597 3 1 9 4 5 7 10 8 2 6 
20180722598 5 7 6 2 10 9 1 4 8 3 
20180722599 6 2 9 5 4 10 8 7 3 1 
20180722600 6 5 2 8 1 9 3 7 10 4 
20180722601 1 8 5 3 10 6 7 2 9 4 
20180722602 1 3 2 10 9 8 4 5 6 7 
20180722603 9 4 5 1 7 10 3 6 8 2 
20180722604 8 7 3 4 6 10 9 1 5 2 
20180722605 7 1 5 10 3 4 8 9 6 2 
20180722606 9 8 4 3 5 7 1 10 6 2 
20180722607 7 1 6 4 2 9 3 5 10 8 
20180722608 2 8 1 6 3 5 4 7 10 9 
20180722609 10 2 3 5 7 8 9 1 6 4 
20180722610 1 4 9 8 7 2 10 5 6 3 
20180722611 10 1 7 4 9 3 6 8 5 2 
20180722612 7 4 1 5 10 9 8 6 3 2 
20180722613 1 5 3 4 6 10 2 7 9 8 
20180722614 4 6 8 7 10 1 5 9 3 2 
20180722615 10 5 8 4 2 1 7 3 6 9 
20180722616 5 2 8 7 10 3 6 9 4 1 
20180722617 6 2 4 10 1 5 3 9 7 8 
20180722618 4 3 5 8 1 7 2 9 6 10 
20180722619 9 1 6 5 3 7 8 10 2 4 
20180722620 2 10 4 6 3 5 7 1 8 9 
20180722621 10 7 6 1 9 2 3 5 4 8 
20180722622 10 2 5 9 6 4 1 3 7 8 
20180722623 8 2 6 5 9 3 10 1 7 4 
20180722624 5 1 6 2 7 10 8 3 9 4 
20180722625 4 6 1 3 7 10 9 8 5 2 
20180722626 7 10 6 1 8 5 9 2 4 3 
20180722627 2 8 5 10 3 6 9 4 7 1 
20180722628 2 7 3 8 4 10 1 6 5 9 
20180722629 9 3 7 6 1 2 5 4 8 10 
20180722630 4 8 3 5 1 6 10 9 2 7 
20180722631 4 8 3 10 9 1 6 2 5 7 
20180722632 7 3 10 4 1 9 2 6 5 8 
20180722633 7 9 5 6 2 10 3 8 1 4 
20180722634 7 9 8 6 3 1 10 5 2 4 
20180722635 8 6 5 2 3 7 9 4 10 1 
20180722636 2 10 4 6 8 5 7 9 1 3 
20180722637 3 7 8 2 6 5 9 1 10 4 
20180722638 3 10 8 2 9 5 6 4 7 1 
20180722639 9 7 4 2 10 8 6 3 5 1 
20180722640 2 3 6 7 5 4 1 10 9 8 
20180722641 8 9 10 3 6 7 1 5 2 4 
20180722642 7 4 10 5 2 8 3 6 1 9 
20180722643 9 6 5 4 2 3 8 7 10 1 
20180722644 10 4 9 3 8 5 2 7 6 1 
20180722645 3 9 1 6 2 5 7 8 4 10 
20180722646 4 7 10 1 3 5 9 2 6 8 
20180722647 2 9 3 5 10 4 1 7 8 6 
20180722648 5 3 7 2 8 1 6 9 4 10 
20180722649 6 2 4 9 8 10 7 1 5 3 
20180722650 5 7 4 8 2 9 10 3 6 1 
20180722651 2 1 6 3 9 10 5 7 8 4 
20180722652 8 1 10 9 3 7 5 2 6 4 
20180722653 8 1 4 6 5 9 10 3 2 7 
20180722654 10 3 1 6 5 2 8 4 7 9 
20180722655 9 3 2 8 4 7 1 6 5 10 
20180722656 4 10 3 1 6 5 9 8 7 2 
20180722657 10 3 2 9 5 1 7 8 4 6 
20180722658 6 5 10 7 8 1 9 2 3 4 
20180722659 10 7 9 8 5 1 3 6 4 2 
20180722660 7 8 10 6 3 1 5 2 9 4 
20180722661 10 5 8 3 7 2 6 1 4 9 
20180722662 7 4 10 2 6 9 8 1 3 5 
20180722663 7 9 4 1 5 3 6 10 2 8 
20180722664 1 6 3 10 5 9 2 7 8 4 
20180722665 2 6 3 5 7 4 9 8 1 10 
20180722666 8 3 10 2 6 1 7 5 4 9 
20180722667 6 4 1 5 8 10 9 3 7 2 
20180722668 10 5 4 3 2 7 9 6 1 8 
20180722669 5 10 7 9 6 1 3 8 2 4 
20180722670 1 5 10 7 2 3 8 4 6 9 
20180722671 3 2 6 9 4 1 8 7 5 10 
20180722672 6 9 1 5 8 4 7 3 2 10 
20180722673 10 6 5 7 4 3 2 1 9 8 
20180722674 4 2 1 5 7 3 8 10 6 9 
20180722675 7 6 4 10 2 1 5 9 3 8 
20180722676 10 3 8 4 5 2 1 9 7 6 
20180722677 6 4 3 9 8 10 5 1 7 2 
20180722678 2 6 1 7 5 9 10 3 8 4 
20180722679 8 3 7 5 9 2 4 10 1 6 
20180722680 4 3 2 10 7 8 9 1 6 5 
20180722681 6 1 5 8 4 3 2 9 7 10 
20180722682 9 5 10 4 6 7 8 3 2 1 
20180722683 6 10 9 3 1 5 8 4 2 7 
20180722684 9 5 2 1 3 4 10 8 6 7 
20180722685 8 7 2 1 6 5 9 3 10 4 
20180722686 7 4 9 10 8 6 1 3 2 5 
20180722687 7 2 3 10 4 9 8 1 5 6 
20180722688 5 2 7 4 8 6 9 1 10 3 
20180722689 5 1 10 7 8 4 2 9 6 3 
20180722690 6 10 9 5 1 8 3 7 2 4 
20180722691 2 6 10 7 8 3 4 5 9 1 
20180722692 5 1 7 6 10 2 4 3 8 9 
20180722693 3 4 2 1 7 10 6 5 8 9 
20180722694 8 9 1 5 10 7 3 4 6 2 
20180722695 6 3 5 2 7 8 10 1 4 9 
20180722696 1 4 2 7 9 10 5 3 6 8 
20180722697 3 5 8 4 6 1 10 9 7 2 
20180722698 10 4 3 2 7 5 9 8 1 6 
20180722699 10 2 4 8 6 3 7 1 5 9 
20180722700 8 4 3 1 9 6 7 10 2 5 
20180722701 6 4 10 3 2 7 8 9 5 1 
20180722702 1 8 6 7 10 9 4 3 2 5 
20180722703 2 10 7 1 8 9 4 5 3 6 
20180722704 5 1 9 8 7 10 3 2 6 4 
20180722705 3 2 10 8 6 4 9 5 7 1 
20180722706 10 2 1 5 6 3 9 4 7 8 
20180722707 1 2 5 6 3 9 4 10 8 7 
20180722708 6 2 5 8 1 10 9 7 3 4 
20180722709 3 6 7 2 1 8 9 10 4 5 
20180722710 3 10 5 1 7 6 8 2 9 4 
20180722711 6 4 1 10 9 5 2 7 3 8 
20180722712 6 4 2 10 1 5 9 7 8 3 
20180722713 6 1 7 3 2 9 8 5 4 10 
20180722714 3 1 2 7 9 4 6 8 10 5 
20180722715 7 10 9 2 4 5 8 3 6 1 
20180722716 2 9 8 7 5 1 3 6 10 4 
20180722717 8 7 4 10 5 1 6 2 9 3 
20180722718 10 9 1 5 6 3 7 2 4 8 
20180722719 7 10 5 2 1 6 9 3 4 8 
20180722720 6 7 2 1 3 8 4 5 10 9 
20180722721 5 6 7 1 9 4 2 10 3 8 
20180722722 6 9 4 5 8 2 1 3 10 7 
20180722723 1 3 6 9 5 4 2 10 8 7 
20180722724 2 4 8 1 6 7 9 10 3 5 
20180722725 4 8 1 10 6 7 9 5 2 3 
20180722726 3 10 4 2 8 1 9 5 6 7 
20180722727 9 5 1 10 4 3 6 7 8 2 
20180722728 6 2 4 7 1 5 10 9 3 8 
20180722729 7 2 4 10 8 9 3 6 1 5 
20180722730 9 2 5 3 10 8 1 4 7 6 
20180722731 10 8 5 1 3 7 2 6 9 4 
20180722732 5 9 2 1 8 3 10 6 4 7 
20180722733 4 5 6 3 8 7 10 9 1 2 
20180722734 4 10 8 5 1 2 9 3 7 6 
20180722735 5 1 4 10 7 8 6 2 3 9 
20180722736 10 5 8 9 6 2 1 7 4 3 
20180722737 5 2 7 3 1 6 9 10 8 4 
20180722738 5 9 3 4 6 7 1 10 2 8 
20180722739 8 1 5 7 3 9 6 2 10 4 
20180722740 1 2 8 7 10 6 3 4 9 5 
20180722741 8 10 5 2 3 9 7 1 4 6 
20180722742 7 1 9 4 2 5 3 10 6 8 
20180722743 5 3 6 9 4 2 8 10 1 7 
20180722744 3 9 7 5 8 6 1 4 10 2 
20180722745 9 5 8 4 3 2 10 6 1 7 
20180722746 7 4 8 10 1 3 5 9 2 6 
20180722747 2 8 9 10 5 7 4 1 6 3 
20180722748 4 6 1 5 10 2 7 3 9 8 
20180722749 2 4 10 8 1 3 9 5 6 7 
20180722750 6 2 1 3 8 10 7 9 5 4 
20180722751 10 2 9 3 4 7 6 1 8 5 
20180722752 7 6 3 8 10 5 2 1 4 9 
20180722753 9 7 8 2 10 4 5 1 3 6 
20180722754 3 2 5 4 7 6 8 9 10 1 
20180722755 10 9 8 7 5 3 6 4 1 2 
20180722756 9 10 3 1 8 5 2 4 6 7 
20180722757 8 2 4 3 6 9 10 5 7 1 
20180722758 7 3 8 4 1 9 5 6 10 2 
20180722759 6 2 5 4 9 1 10 7 3 8 
20180722760 8 1 7 5 9 10 4 2 3 6 
20180722761 4 7 10 1 8 5 6 2 9 3 
20180722762 4 7 9 2 3 10 6 5 8 1 
20180722763 2 3 8 5 10 6 4 9 7 1 
20180722764 7 5 3 8 10 4 9 1 6 2 
20180722765 7 8 1 3 4 2 5 9 6 10 
20180722766 8 4 5 3 10 6 2 9 1 7 
20180722767 2 4 7 10 9 8 5 6 1 3 
20180722768 4 5 9 3 7 2 10 8 6 1 
20180722769 6 9 5 10 8 2 7 3 1 4 
20180722770 5 9 3 7 8 10 6 4 1 2 
20180722771 9 6 5 2 10 1 8 4 3 7 
20180722772 7 5 4 8 2 10 6 1 3 9 
20180722773 2 8 7 4 6 10 5 9 1 3 
20180722774 2 10 3 4 7 6 1 8 5 9 
20180722775 3 6 10 5 4 9 1 7 2 8 
20180722776 7 3 1 10 8 9 4 6 5 2 
20180722777 9 8 6 1 7 2 5 4 3 10 
20180722778 10 1 4 5 2 8 9 6 3 7 
20180722779 2 8 3 5 1 6 4 10 7 9 
20180722780 6 1 7 3 5 9 10 2 8 4 
20180722781 1 4 7 2 8 3 5 6 9 10 
20180722782 9 1 3 8 5 10 7 6 4 2 
20180722783 7 10 9 4 6 2 1 5 3 8 
20180722784 6 10 7 9 8 2 3 1 5 4 
20180722785 5 7 9 3 1 2 10 4 8 6 
20180722786 6 5 10 4 9 7 1 3 2 8 
20180722787 8 9 6 4 2 1 7 5 10 3 
20180722788 8 4 2 7 6 10 3 9 1 5 
20180722789 6 1 2 5 3 8 4 10 7 9 
20180722790 10 9 2 3 4 7 5 8 1 6 
20180722791 5 8 10 9 3 1 6 2 4 7 
20180722792 6 4 10 9 2 3 1 5 7 8 
20180722793 8 3 9 1 4 5 6 10 7 2 
20180722794 9 6 10 7 8 3 4 2 5 1 
20180722795 6 3 2 10 7 4 8 5 1 9 
20180722796 5 1 3 8 2 6 10 4 7 9 
20180722797 7 9 10 1 5 2 6 8 4 3 
20180722798 6 4 10 7 1 8 5 3 2 9 
20180722799 1 7 5 2 9 4 10 8 6 3 
20180722800 2 10 5 7 4 1 9 3 6 8 
20180722801 8 5 1 2 6 10 3 7 4 9 
20180722802 3 1 5 8 9 4 6 2 10 7 
20180722803 5 3 2 8 10 1 4 7 9 6 
20180722804 3 5 6 9 1 10 7 4 2 8 
20180722805 4 1 7 3 9 8 10 5 2 6 
20180722806 10 7 1 9 8 4 5 2 6 3 
20180722807 2 9 3 5 4 10 8 7 1 6 
20180722808 9 8 5 3 6 4 7 10 1 2 
20180722809 4 10 2 1 6 7 3 9 8 5 
20180722810 6 8 2 5 3 7 1 4 10 9 
20180722811 5 7 1 4 6 3 8 10 2 9 
20180722812 4 3 9 2 7 5 10 1 8 6 
20180722813 5 8 4 6 9 10 1 2 3 7 
20180722814 9 6 7 5 4 10 3 1 2 8 
20180722815 9 7 3 10 6 8 1 4 5 2 
20180722816 2 8 3 4 10 7 9 1 5 6 
20180722817 1 2 8 10 7 3 4 6 9 5 
20180722818 9 2 4 10 5 6 1 7 8 3 
20180722819 3 10 9 2 4 7 6 8 1 5 
20180722820 9 3 6 8 5 4 1 2 10 7 
20180722821 3 6 2 10 5 8 7 9 1 4 
20180722822 3 8 5 1 9 7 10 6 2 4 
20180722823 8 5 3 10 6 1 7 2 9 4 
20180722824 6 2 8 5 7 1 9 4 3 10 
20180722825 1 4 8 9 2 3 5 10 7 6 
20180722826 4 1 10 3 2 5 6 7 8 9 
20180722827 4 6 2 7 10 8 3 9 1 5 
20180722828 4 9 3 2 10 6 1 5 8 7 
20180722829 8 1 2 6 7 10 5 4 3 9 
20180722830 9 8 3 4 10 1 6 5 7 2 
20180722831 1 9 10 4 7 8 6 3 5 2 
20180722832 5 6 8 10 7 9 1 4 3 2 
20180722833 6 3 4 9 7 1 5 2 8 10 
20180722834 3 10 7 1 5 2 4 6 8 9 
20180722835 6 3 2 8 9 5 10 7 1 4 
20180722836 1 2 3 10 4 9 7 8 6 5 
20180722837 2 5 8 7 10 6 3 9 1 4 
20180722838 7 8 5 9 10 6 2 4 3 1 
20180722839 8 3 5 1 7 9 2 4 6 10 
20180722840 9 6 3 10 7 8 1 2 4 5 
20180722841 4 6 7 2 1 9 8 3 10 5 
20180722842 6 2 10 9 1 3 8 4 7 5 
20180722843 5 10 3 4 9 6 1 7 8 2 
20180722844 6 8 1 7 4 9 5 2 10 3 
20180722845 4 1 3 6 9 2 7 10 8 5 
20180722846 4 3 2 6 9 7 1 8 5 10 
20180722847 1 10 8 7 6 4 5 9 2 3 
20180722848 4 10 3 8 5 9 1 7 2 6 
20180722849 10 8 5 1 4 2 7 9 6 3 
20180722850 8 9 4 3 1 10 5 2 6 7 
20180722851 4 1 6 5 3 8 9 10 7 2 
20180722852 2 1 5 3 6 8 10 4 7 9 
20180722853 3 5 8 6 2 4 10 1 9 7 
20180722854 9 2 3 5 10 4 7 8 1 6 
20180722855 4 2 8 9 5 7 6 1 10 3 
20180722856 8 7 4 9 6 5 1 3 2 10 
20180722857 6 4 9 1 8 3 2 5 7 10 
20180722858 1 3 7 6 2 9 5 4 10 8 
20180722859 5 1 8 9 6 7 10 2 3 4 
20180722860 10 4 1 8 9 5 7 2 6 3 
20180722861 9 1 10 8 2 6 7 5 3 4 
20180722862 9 10 5 7 4 8 6 1 2 3 
20180722863 10 5 2 1 8 9 3 6 7 4 
20180722864 1 8 2 3 4 9 5 10 7 6 
20180722865 7 3 4 2 8 6 9 5 10 1 
20180722866 6 8 9 3 1 2 5 4 7 10 
20180722867 6 3 9 8 5 10 2 7 1 4 
20180722868 2 10 3 5 8 7 4 6 1 9 
20180722869 8 7 9 2 5 10 6 3 4 1 
20180722870 10 6 7 5 8 9 1 4 3 2 
20180722871 8 1 2 9 4 6 5 3 7 10 
20180722872 5 3 10 2 9 6 1 7 8 4 
20180722873 6 4 2 9 8 5 3 1 10 7 
20180722874 8 5 3 10 7 4 9 2 1 6 
20180722875 1 9 5 3 7 6 8 10 4 2 
20180722876 9 1 4 3 10 5 7 2 8 6 
20180722877 6 8 1 3 10 2 7 4 5 9 
20180722878 2 4 9 5 3 10 6 1 7 8 
20180722879 8 4 10 2 1 9 5 7 6 3 
20180722880 3 10 4 8 9 2 1 5 6 7 
20180722881 4 1 3 6 9 2 8 7 5 10 
20180722882 2 1 8 6 3 9 5 4 7 10 
20180722883 6 3 10 7 9 8 5 1 2 4 
20180722884 2 8 4 7 5 1 10 3 9 6 
20180722885 9 2 5 3 4 8 1 10 6 7 
20180722886 9 4 3 10 2 5 8 6 1 7 
20180722887 2 9 8 3 10 1 6 4 5 7 
20180722888 2 7 10 1 5 6 3 4 8 9 
20180722889 9 6 8 10 2 3 4 7 5 1 
20180722890 10 1 6 8 3 9 5 7 2 4 
20180722891 3 10 5 8 6 4 9 7 1 2 
20180722892 10 6 7 8 1 3 9 2 5 4 
20180722893 7 2 9 3 6 1 4 10 5 8 
20180722894 8 5 6 1 2 3 7 9 4 10 
20180722895 6 1 10 9 4 7 3 2 5 8 
20180722896 1 5 6 7 4 8 2 9 10 3 
20180722897 7 6 2 9 4 1 5 10 8 3 
20180722898 3 4 5 10 8 1 9 7 2 6 
20180722899 2 8 6 10 1 4 3 9 5 7 
20180722900 2 3 10 1 8 7 9 6 4 5 
20180722901 4 10 7 8 1 6 3 9 2 5 
20180722902 3 7 2 6 5 4 8 1 9 10 
20180722903 5 9 8 4 10 3 1 7 6 2 
20180722904 4 7 3 2 5 8 10 1 6 9 
20180722905 1 3 7 5 9 2 8 6 10 4 
20180722906 1 10 7 2 8 3 6 4 9 5 
20180722907 2 3 1 4 9 6 8 10 5 7 
20180722908 5 6 1 7 2 4 8 9 10 3 
20180722909 2 7 4 3 5 9 8 1 10 6 
20180722910 2 5 1 6 9 4 8 7 3 10 
20180722911 2 4 8 10 9 6 5 1 3 7 
20180722912 3 7 4 10 1 5 8 6 2 9 
20180722913 2 9 5 4 8 1 10 6 3 7 
20180722914 4 9 1 8 7 3 2 5 6 10 
20180722915 4 5 7 1 3 10 6 8 2 9 
20180722916 8 10 6 3 1 9 7 5 4 2 
20180722917 10 1 6 8 2 9 7 4 5 3 
20180722918 5 4 1 10 8 7 3 6 2 9 
20180722919 8 4 5 1 7 10 2 6 3 9 
20180722920 7 1 3 4 9 5 2 8 6 10 
20180722921 5 3 10 9 8 6 4 1 2 7 
20180722922 6 9 5 8 2 7 3 1 4 10 
20180722923 5 6 7 2 4 8 3 10 1 9 
20180722924 5 4 2 6 7 1 9 3 10 8 
20180722925 4 5 6 2 7 8 9 1 3 10 
20180722926 9 7 5 2 6 8 3 4 10 1 
20180722927 5 7 10 9 6 3 1 8 2 4 
20180722928 7 1 2 8 4 5 6 10 3 9 
20180722929 10 2 7 1 9 4 5 3 6 8 
20180722930 6 7 8 5 3 1 10 4 9 2 
20180722931 3 4 1 7 5 6 8 10 2 9 
20180722932 5 2 8 6 10 3 7 4 9 1 
20180722933 6 3 10 8 7 4 1 2 5 9 
20180722934 4 7 6 5 9 1 10 2 3 8 
20180722935 6 9 4 2 10 5 7 8 1 3 
20180722936 9 10 5 4 6 3 1 7 2 8 
20180722937 5 7 9 2 8 1 3 10 4 6 
20180722938 9 10 7 8 4 6 5 1 2 3 
20180722939 8 1 5 3 6 2 9 7 10 4 
20180722940 4 7 3 2 6 9 1 8 5 10 
20180722941 5 3 7 9 10 6 1 8 4 2 
20180722942 8 10 1 4 2 9 3 5 7 6 
20180722943 10 2 7 4 6 5 3 1 9 8 
20180722944 7 2 6 10 8 9 3 5 4 1 
20180722945 2 8 4 10 5 3 7 1 6 9 
20180722946 3 6 2 9 1 10 5 8 7 4 
20180722947 1 5 4 3 8 9 6 2 10 7 
20180722948 10 2 3 7 9 4 1 8 5 6 
20180722949 9 3 6 8 10 4 7 1 2 5 
20180722950 6 2 8 4 7 5 10 3 9 1 
20180722951 9 1 2 8 7 4 6 3 10 5 
20180722952 2 1 6 3 9 10 8 7 4 5 
20180722953 5 2 6 10 4 9 3 8 7 1 
20180722954 9 4 6 10 1 2 5 3 8 7 
20180722955 4 3 8 6 10 7 1 5 9 2 
20180722956 5 6 2 4 9 7 3 1 8 10 
20180722957 4 7 8 2 9 3 6 10 5 1 
20180722958 4 10 1 2 6 3 8 5 9 7 
20180722959 6 8 3 9 1 2 10 4 5 7 
20180722960 1 5 9 4 8 2 7 6 10 3 
20180722961 1 6 2 3 5 9 10 8 4 7 
20180722962 7 6 3 8 4 1 9 10 5 2 
20180722963 9 2 10 1 6 4 7 8 3 5 
20180722964 3 6 7 4 8 5 9 10 1 2 
20180722965 6 8 7 3 1 5 9 2 4 10 
20180722966 6 8 7 1 3 9 4 5 10 2 
20180722967 3 6 8 2 4 10 9 7 1 5 
20180722968 2 10 7 9 6 4 1 5 8 3 
20180722969 6 3 10 9 1 2 5 4 8 7 
20180722970 2 4 6 10 5 8 1 7 3 9 
20180722971 2 3 8 1 9 5 6 10 4 7 
20180722972 4 8 9 6 7 5 1 2 10 3 
20180722973 10 3 4 8 6 9 2 7 1 5 
20180722974 5 10 8 3 7 4 2 1 9 6 
20180722975 1 9 2 7 6 5 8 3 10 4 
20180722976 10 8 6 7 4 5 3 2 9 1 
20180722977 10 5 2 3 4 6 7 9 8 1 
20180722978 7 4 9 10 5 3 8 6 1 2 
20180722979 10 9 3 4 2 8 7 6 1 5 
20180722980 5 1 7 10 9 2 6 3 8 4 
20180722981 1 6 5 7 2 8 3 4 9 10 
20180722982 1 10 3 5 2 7 6 8 9 4 
20180722983 3 9 10 5 7 2 6 8 4 1 
20180722984 1 10 2 6 7 8 5 9 4 3 
20180722985 1 3 8 6 4 10 5 9 2 7 
