20180713001 2 6 3 10 1 7 4 9 5 8 
20180713002 3 2 5 9 10 4 6 7 8 1 
20180713003 1 10 7 6 9 5 3 8 4 2 
20180713004 5 3 6 8 10 4 1 2 7 9 
20180713005 10 6 7 3 5 8 9 2 1 4 
20180713006 3 5 4 2 8 10 1 6 7 9 
20180713007 6 1 2 3 10 7 9 8 5 4 
20180713008 1 10 7 6 5 2 4 3 9 8 
20180713009 3 5 1 4 9 6 8 7 2 10 
20180713010 8 1 7 4 10 9 5 3 2 6 
20180713011 3 10 2 9 7 6 1 4 5 8 
20180713012 8 4 10 7 5 1 9 6 2 3 
20180713013 7 3 2 5 10 4 6 1 8 9 
20180713014 8 10 1 6 9 4 2 5 7 3 
20180713015 4 7 6 10 2 3 9 8 1 5 
20180713016 10 3 7 8 5 1 2 6 9 4 
20180713017 5 4 7 1 6 3 2 10 8 9 
20180713018 10 3 7 8 5 4 2 6 9 1 
20180713019 3 5 2 10 4 6 8 7 1 9 
20180713020 9 10 3 5 7 6 2 8 4 1 
20180713021 2 1 9 6 3 5 4 8 7 10 
20180713022 3 9 7 8 5 2 1 4 10 6 
20180713023 4 7 6 2 8 9 5 3 1 10 
20180713024 6 7 10 2 5 8 1 3 4 9 
20180713025 6 7 4 3 9 10 5 1 2 8 
20180713026 10 2 8 6 5 1 4 3 7 9 
20180713027 7 9 5 2 8 1 6 10 3 4 
20180713028 10 8 9 5 1 3 4 2 7 6 
20180713029 8 3 2 5 4 10 1 7 6 9 
20180713030 8 7 2 4 5 1 6 3 9 10 
20180713031 7 6 9 8 5 10 1 3 2 4 
20180713032 10 6 3 8 5 7 1 9 4 2 
20180713033 1 10 9 3 8 5 2 6 7 4 
20180713034 10 7 4 1 3 5 2 9 8 6 
20180713035 3 6 7 10 2 1 8 9 5 4 
20180713036 1 6 4 5 3 10 7 9 8 2 
20180713037 6 2 3 1 9 10 7 4 8 5 
20180713038 4 1 3 9 2 8 7 10 5 6 
20180713039 5 6 8 3 10 4 9 7 1 2 
20180713040 10 6 9 5 2 3 4 8 1 7 
20180713041 1 4 9 3 6 10 8 7 5 2 
20180713042 2 5 8 10 3 7 4 1 6 9 
20180713043 2 10 7 5 3 6 4 8 9 1 
20180713044 4 7 9 10 8 5 3 1 2 6 
20180713045 10 6 8 7 5 2 3 9 4 1 
20180713046 9 6 1 4 10 7 2 5 3 8 
20180713047 4 2 1 10 3 8 6 7 5 9 
20180713048 6 5 8 3 10 7 1 4 9 2 
20180713049 6 8 4 10 3 2 7 5 1 9 
20180713050 6 9 4 5 8 3 10 2 7 1 
20180713051 8 7 2 6 5 9 4 1 3 10 
20180713052 6 3 9 8 4 1 10 7 2 5 
20180713053 10 4 2 7 8 6 5 9 3 1 
20180713054 10 1 4 9 7 6 2 5 8 3 
20180713055 8 6 1 2 5 4 7 9 10 3 
20180713056 4 5 7 9 3 1 10 2 6 8 
20180713057 3 10 8 7 6 4 9 2 1 5 
20180713058 2 7 6 4 1 8 5 3 10 9 
20180713059 6 8 3 5 10 1 4 2 9 7 
20180713060 7 2 9 1 4 5 6 8 3 10 
20180713061 5 1 8 6 4 7 2 3 9 10 
20180713062 9 6 7 3 10 8 4 1 5 2 
20180713063 5 4 7 6 3 8 2 1 10 9 
20180713064 8 6 10 2 3 7 4 5 9 1 
20180713065 5 9 6 1 10 7 8 4 3 2 
20180713066 8 5 6 2 7 1 4 10 9 3 
20180713067 8 3 1 7 9 4 10 2 5 6 
20180713068 3 5 2 10 1 8 9 7 6 4 
20180713069 6 10 2 7 4 5 9 1 8 3 
20180713070 10 6 2 9 1 7 3 8 5 4 
20180713071 7 8 1 9 2 6 3 5 4 10 
20180713072 7 10 5 3 6 8 1 2 9 4 
20180713073 8 6 2 1 7 4 3 9 5 10 
20180713074 2 5 8 10 4 6 3 1 9 7 
20180713075 6 9 2 7 5 10 4 8 3 1 
20180713076 5 9 2 1 8 4 10 3 6 7 
20180713077 2 4 7 5 8 1 9 3 10 6 
20180713078 6 5 8 10 1 2 9 3 7 4 
20180713079 6 4 2 3 7 10 5 8 9 1 
20180713080 8 10 6 3 5 9 7 2 1 4 
20180713081 1 10 3 7 2 5 9 4 6 8 
20180713082 5 2 10 1 8 7 3 4 6 9 
20180713083 3 9 1 6 2 5 8 7 4 10 
20180713084 10 2 1 8 7 6 5 3 9 4 
20180713085 2 5 4 1 8 7 3 6 10 9 
20180713086 6 9 10 1 7 3 4 2 8 5 
20180713087 2 9 4 10 5 3 7 1 6 8 
20180713088 7 3 9 10 1 5 2 6 8 4 
20180713089 6 4 9 3 1 2 8 7 5 10 
20180713090 3 5 1 8 6 9 7 4 10 2 
20180713091 4 8 1 6 3 7 5 9 2 10 
20180713092 7 8 4 10 5 1 2 3 6 9 
20180713093 3 9 8 10 6 5 7 1 2 4 
20180713094 7 3 10 2 6 8 9 1 5 4 
20180713095 8 1 10 6 5 2 9 7 3 4 
20180713096 1 2 8 5 10 6 4 7 3 9 
20180713097 8 5 7 6 10 2 9 4 1 3 
20180713098 4 7 9 6 1 2 3 8 10 5 
20180713099 2 5 8 10 7 1 4 6 3 9 
20180713100 5 2 1 3 6 7 4 8 10 9 
20180713101 6 2 7 3 1 4 8 9 10 5 
20180713102 2 8 10 6 1 5 4 3 9 7 
20180713103 7 4 9 2 1 5 8 6 3 10 
20180713104 4 3 2 8 9 6 1 7 5 10 
20180713105 4 6 2 9 3 10 8 5 7 1 
20180713106 9 2 10 4 8 1 6 7 5 3 
20180713107 9 7 5 3 4 10 6 2 1 8 
20180713108 1 7 10 2 4 6 9 8 5 3 
20180713109 8 5 4 1 3 6 2 7 10 9 
20180713110 4 7 6 3 5 1 8 9 2 10 
20180713111 8 5 10 7 3 9 2 6 1 4 
20180713112 9 10 3 4 7 5 2 6 8 1 
20180713113 2 8 3 5 4 9 1 6 7 10 
20180713114 3 5 1 6 8 2 4 9 10 7 
20180713115 6 9 8 5 10 1 2 4 3 7 
20180713116 1 4 6 10 8 3 7 5 2 9 
20180713117 8 10 3 7 6 5 2 9 1 4 
20180713118 1 8 5 2 10 3 4 6 9 7 
20180713119 5 4 3 1 6 10 8 9 7 2 
20180713120 8 10 1 6 4 5 2 7 3 9 
20180713121 9 8 5 6 7 10 4 1 3 2 
20180713122 3 5 2 8 7 4 10 1 9 6 
20180713123 9 6 2 5 7 4 10 1 8 3 
20180713124 3 10 7 1 4 9 8 5 6 2 
20180713125 9 3 1 7 5 2 6 10 4 8 
20180713126 3 7 6 9 5 2 10 8 1 4 
20180713127 6 2 7 1 5 8 10 3 9 4 
20180713128 5 9 6 10 2 4 3 7 8 1 
20180713129 5 8 1 2 9 10 7 6 4 3 
20180713130 1 5 7 2 10 4 6 3 8 9 
20180713131 6 1 2 9 3 10 5 8 7 4 
20180713132 7 9 2 8 5 4 6 1 10 3 
20180713133 7 3 1 5 8 10 6 9 2 4 
20180713134 9 2 4 7 1 6 10 5 3 8 
20180713135 5 4 6 1 2 8 10 3 9 7 
20180713136 7 3 8 1 9 4 10 6 2 5 
20180713137 5 4 6 2 8 10 9 3 7 1 
20180713138 2 4 3 7 8 10 5 9 6 1 
20180713139 9 1 10 2 7 4 5 6 8 3 
20180713140 7 2 1 3 8 4 9 5 6 10 
20180713141 7 2 4 10 8 9 3 5 6 1 
20180713142 7 3 2 4 5 10 9 6 8 1 
20180713143 10 8 6 5 7 9 4 2 3 1 
20180713144 10 2 1 8 3 6 4 5 7 9 
20180713145 10 3 5 2 6 1 9 4 7 8 
20180713146 6 4 10 5 7 3 2 8 1 9 
20180713147 9 8 5 2 10 6 4 3 7 1 
20180713148 6 3 7 4 5 1 10 2 8 9 
20180713149 10 4 2 8 7 3 5 9 6 1 
20180713150 7 9 6 8 2 1 5 3 4 10 
20180713151 6 7 4 8 1 2 3 5 10 9 
20180713152 4 7 1 9 8 5 2 3 10 6 
20180713153 7 3 8 10 6 9 4 5 1 2 
20180713154 8 6 4 7 10 3 5 1 2 9 
20180713155 7 2 10 5 6 8 3 4 9 1 
20180713156 8 7 3 10 2 6 5 1 9 4 
20180713157 1 9 10 6 4 3 8 5 2 7 
20180713158 9 8 5 4 7 1 3 6 10 2 
20180713159 5 4 6 3 2 9 1 7 8 10 
20180713160 1 4 7 5 8 3 9 10 6 2 
20180713161 2 7 10 1 4 5 8 3 6 9 
20180713162 5 8 7 10 4 1 9 2 6 3 
20180713163 4 7 6 5 10 9 8 3 1 2 
20180713164 5 4 6 9 10 3 2 1 7 8 
20180713165 7 8 3 6 5 4 2 1 10 9 
20180713166 4 1 5 6 3 8 9 7 2 10 
20180713167 6 10 3 5 2 4 7 8 1 9 
20180713168 9 8 7 4 6 10 1 2 3 5 
20180713169 3 2 8 4 9 6 7 10 5 1 
20180713170 3 8 7 5 4 10 1 2 6 9 
20180713171 8 10 5 4 2 9 3 1 7 6 
20180713172 8 6 9 5 3 10 7 1 2 4 
20180713173 1 10 3 9 7 5 8 2 4 6 
20180713174 7 2 9 8 6 3 10 4 5 1 
20180713175 2 8 7 5 9 1 3 10 4 6 
20180713176 9 5 10 7 2 1 4 6 3 8 
20180713177 9 1 5 10 8 7 6 2 4 3 
20180713178 10 5 3 6 7 1 2 4 8 9 
20180713179 8 9 7 2 10 6 4 1 5 3 
20180713180 4 7 1 5 8 6 3 9 10 2 
20180713181 7 1 9 3 4 2 5 6 8 10 
20180713182 1 8 10 4 2 5 9 6 3 7 
20180713183 1 5 4 6 2 3 7 8 10 9 
20180713184 4 1 9 3 10 8 2 6 7 5 
20180713185 10 8 3 5 1 4 9 2 6 7 
20180713186 6 3 4 2 5 9 10 1 8 7 
20180713187 3 2 5 4 6 10 8 7 9 1 
20180713188 8 7 3 10 2 5 1 9 4 6 
20180713189 1 5 2 3 9 7 4 10 6 8 
20180713190 8 6 7 2 5 4 9 10 3 1 
20180713191 6 7 10 2 8 1 9 5 3 4 
20180713192 9 5 3 1 7 10 4 2 8 6 
20180713193 10 9 1 4 3 5 2 7 6 8 
20180713194 10 8 6 2 4 9 1 3 5 7 
20180713195 3 8 5 1 9 4 7 10 6 2 
20180713196 7 2 9 3 4 8 6 5 10 1 
20180713197 4 7 1 3 10 9 5 2 6 8 
20180713198 3 2 4 6 9 8 1 10 5 7 
20180713199 1 7 4 10 6 3 9 8 5 2 
20180713200 3 8 9 10 6 4 2 5 1 7 
20180713201 3 9 4 5 6 7 8 1 2 10 
20180713202 5 3 6 1 7 2 9 8 10 4 
20180713203 7 6 2 9 4 5 10 3 8 1 
20180713204 8 1 4 2 3 6 5 7 10 9 
20180713205 3 2 10 9 4 7 8 5 1 6 
20180713206 4 9 3 8 1 2 7 6 5 10 
20180713207 9 4 5 2 8 1 3 7 10 6 
20180713208 7 9 6 5 1 2 4 10 3 8 
20180713209 8 6 4 5 7 10 9 1 2 3 
20180713210 4 8 7 2 9 6 5 10 3 1 
20180713211 9 6 2 5 4 10 8 7 3 1 
20180713212 6 3 1 5 7 2 8 4 9 10 
20180713213 9 5 3 4 1 8 6 10 2 7 
20180713214 2 3 8 7 6 10 9 4 1 5 
20180713215 4 2 9 3 5 1 10 6 7 8 
20180713216 4 1 9 2 10 3 8 5 6 7 
20180713217 8 7 9 1 2 5 3 6 10 4 
20180713218 3 2 7 6 8 5 4 1 10 9 
20180713219 9 2 8 3 6 7 5 4 10 1 
20180713220 2 9 6 8 1 4 5 10 3 7 
20180713221 10 5 2 9 6 7 1 3 8 4 
20180713222 3 2 9 8 7 6 4 5 10 1 
20180713223 2 6 3 1 5 9 7 10 4 8 
20180713224 8 1 4 5 7 3 9 6 10 2 
20180713225 1 7 6 5 2 8 10 3 4 9 
20180713226 2 4 9 6 3 8 7 1 10 5 
20180713227 8 4 10 2 9 3 6 1 5 7 
20180713228 4 2 6 1 3 10 5 9 7 8 
20180713229 7 4 9 1 3 5 2 6 8 10 
20180713230 4 3 9 6 7 1 2 8 10 5 
20180713231 8 2 10 6 5 9 3 4 1 7 
20180713232 3 8 5 9 2 4 7 1 6 10 
20180713233 9 4 6 8 10 5 7 3 1 2 
20180713234 9 5 4 3 7 1 10 2 8 6 
20180713235 1 8 10 4 7 2 9 6 3 5 
20180713236 9 4 8 7 2 3 5 6 1 10 
20180713237 3 5 10 6 9 4 8 7 1 2 
20180713238 6 7 10 5 2 8 9 3 1 4 
20180713239 5 3 4 6 9 8 7 10 1 2 
20180713240 7 9 3 1 8 10 4 5 2 6 
20180713241 2 9 7 10 3 4 5 6 8 1 
20180713242 4 2 1 7 10 9 6 3 8 5 
20180713243 1 3 8 9 6 7 10 4 2 5 
20180713244 8 4 2 3 9 5 1 10 7 6 
20180713245 10 4 2 3 6 5 7 1 9 8 
20180713246 1 8 10 9 2 6 7 3 4 5 
20180713247 9 10 6 1 2 3 7 8 4 5 
20180713248 1 8 7 5 3 4 9 6 2 10 
20180713249 4 10 8 6 1 9 2 7 3 5 
20180713250 7 1 2 6 3 9 4 10 5 8 
20180713251 1 2 10 4 5 8 9 7 3 6 
20180713252 4 9 6 1 8 2 7 3 10 5 
20180713253 2 8 1 4 3 6 10 5 7 9 
20180713254 2 4 8 10 9 7 6 1 3 5 
20180713255 9 5 8 2 7 1 10 3 4 6 
20180713256 1 9 6 7 4 10 3 2 5 8 
20180713257 4 3 8 1 6 5 10 9 7 2 
20180713258 9 4 7 2 5 3 1 8 10 6 
20180713259 7 4 10 9 1 3 5 2 8 6 
20180713260 8 7 6 3 1 9 2 4 10 5 
20180713261 2 10 5 7 6 3 8 1 4 9 
20180713262 5 7 8 2 10 1 4 3 9 6 
20180713263 6 4 3 1 9 7 2 10 8 5 
20180713264 7 10 2 9 8 4 6 5 3 1 
20180713265 4 9 6 5 3 8 1 10 7 2 
20180713266 9 10 7 6 8 3 5 4 1 2 
20180713267 4 2 3 10 1 7 6 5 8 9 
20180713268 6 10 5 8 2 1 3 7 4 9 
20180713269 10 8 2 5 1 3 9 4 7 6 
20180713270 1 6 3 4 8 5 9 7 10 2 
20180713271 3 7 2 10 1 8 5 9 6 4 
20180713272 6 9 8 3 5 4 10 2 1 7 
20180713273 10 1 7 3 6 5 9 8 4 2 
20180713274 4 1 10 6 5 3 7 2 9 8 
20180713275 8 6 4 10 5 3 1 9 2 7 
20180713276 6 1 3 2 5 9 7 10 8 4 
20180713277 2 1 3 8 6 4 10 9 7 5 
20180713278 6 7 5 8 4 3 10 9 2 1 
20180713279 4 6 8 2 9 5 1 3 7 10 
20180713280 5 10 4 3 6 8 9 2 1 7 
20180713281 9 10 3 6 8 1 4 5 7 2 
20180713282 3 7 1 8 10 9 5 4 6 2 
20180713283 9 8 10 1 6 4 3 5 2 7 
20180713284 8 3 7 2 6 4 1 10 9 5 
20180713285 9 10 2 6 7 4 3 1 5 8 
20180713286 7 1 4 9 3 2 10 6 5 8 
20180713287 3 2 6 9 4 5 1 7 10 8 
20180713288 8 7 3 4 10 6 5 9 1 2 
20180713289 3 10 5 8 2 4 6 9 7 1 
20180713290 6 10 4 3 2 1 9 8 7 5 
20180713291 7 5 4 3 8 10 1 9 2 6 
20180713292 6 4 8 10 3 1 7 2 5 9 
20180713293 1 2 3 6 7 4 5 10 9 8 
20180713294 3 8 5 4 9 1 2 7 10 6 
20180713295 4 9 3 2 10 6 5 7 1 8 
20180713296 8 1 10 7 4 2 6 3 5 9 
20180713297 7 6 9 4 8 2 10 3 5 1 
20180713298 9 8 2 7 4 3 1 6 5 10 
20180713299 10 9 5 6 7 8 3 1 4 2 
20180713300 10 7 5 6 9 1 4 2 8 3 
20180713301 2 4 10 3 5 7 8 9 6 1 
20180713302 3 7 4 9 5 2 1 6 8 10 
20180713303 4 5 3 6 7 9 1 8 2 10 
20180713304 6 3 10 7 8 2 9 4 5 1 
20180713305 3 9 8 5 4 2 1 7 6 10 
20180713306 8 5 9 10 7 4 6 1 3 2 
20180713307 8 3 6 9 10 4 5 1 2 7 
20180713308 1 2 4 7 6 9 8 3 10 5 
20180713309 5 3 6 10 7 9 4 2 8 1 
20180713310 6 4 8 2 3 9 10 5 7 1 
20180713311 7 9 6 5 4 1 2 10 3 8 
20180713312 8 1 6 3 9 10 2 5 4 7 
20180713313 9 4 7 2 6 1 10 8 3 5 
20180713314 8 9 10 5 6 3 4 1 2 7 
20180713315 4 5 6 9 3 2 8 1 7 10 
20180713316 10 2 5 3 9 1 8 7 6 4 
20180713317 8 5 7 10 9 3 6 2 1 4 
20180713318 6 3 10 5 7 1 9 8 4 2 
20180713319 3 6 8 7 9 2 10 1 5 4 
20180713320 10 8 9 3 6 1 5 4 7 2 
20180713321 9 4 8 3 5 6 7 10 1 2 
20180713322 4 9 10 1 5 3 8 7 6 2 
20180713323 4 8 9 6 10 5 3 2 7 1 
20180713324 6 4 3 1 10 9 2 7 5 8 
20180713325 1 9 3 10 4 2 6 8 7 5 
20180713326 4 8 1 5 6 10 9 3 2 7 
20180713327 2 3 5 4 10 7 8 1 9 6 
20180713328 3 7 6 1 2 8 5 9 10 4 
20180713329 6 8 7 10 5 3 9 4 1 2 
20180713330 5 8 9 7 10 2 6 3 1 4 
20180713331 4 8 2 6 3 9 5 10 1 7 
20180713332 5 8 3 9 10 6 7 2 1 4 
20180713333 9 2 1 7 6 3 5 8 10 4 
20180713334 7 8 9 1 5 6 4 2 3 10 
20180713335 3 5 9 6 4 1 2 10 7 8 
20180713336 3 8 5 2 7 1 6 9 4 10 
20180713337 5 6 3 8 1 7 2 9 4 10 
20180713338 2 5 10 1 3 7 9 4 8 6 
20180713339 3 7 5 4 6 2 1 10 8 9 
20180713340 9 6 10 3 7 4 8 2 5 1 
20180713341 1 3 6 7 8 10 5 9 4 2 
20180713342 6 1 8 4 9 10 5 2 3 7 
20180713343 6 5 7 9 4 1 10 2 3 8 
20180713344 7 4 2 9 8 1 3 5 10 6 
20180713345 5 2 3 8 10 9 6 1 7 4 
20180713346 3 5 2 4 8 10 1 6 9 7 
20180713347 9 6 10 7 2 4 1 3 8 5 
20180713348 6 9 4 2 1 5 3 10 8 7 
20180713349 6 9 2 1 4 3 10 5 8 7 
20180713350 6 8 4 2 7 9 5 1 3 10 
20180713351 1 10 8 9 7 2 5 6 4 3 
20180713352 10 2 8 9 5 4 6 3 7 1 
20180713353 8 10 4 1 9 3 5 6 2 7 
20180713354 7 6 5 3 2 1 4 10 9 8 
20180713355 2 8 6 4 3 1 9 10 7 5 
20180713356 1 8 6 3 7 2 4 5 10 9 
20180713357 3 9 6 4 8 10 7 1 5 2 
20180713358 3 10 5 9 1 6 4 7 8 2 
20180713359 10 2 3 1 7 6 8 4 9 5 
20180713360 9 3 5 2 10 7 6 8 1 4 
20180713361 2 6 8 10 4 1 3 5 9 7 
20180713362 7 8 4 10 1 6 2 5 3 9 
20180713363 7 2 10 3 4 8 6 5 1 9 
20180713364 1 10 2 9 5 8 6 3 7 4 
20180713365 10 2 4 1 6 3 8 9 5 7 
20180713366 3 8 7 9 4 5 10 1 6 2 
20180713367 6 3 4 8 9 10 5 2 1 7 
20180713368 1 10 4 2 8 5 7 9 3 6 
20180713369 6 4 5 8 10 2 3 7 1 9 
20180713370 3 5 8 9 2 6 1 10 4 7 
20180713371 2 5 6 8 3 10 7 1 9 4 
20180713372 6 5 4 10 9 7 2 3 1 8 
20180713373 8 6 1 4 10 5 9 3 7 2 
20180713374 4 2 1 3 7 9 10 8 5 6 
20180713375 1 7 2 5 3 4 8 9 10 6 
20180713376 10 1 2 9 4 8 6 3 5 7 
20180713377 5 1 9 2 8 7 4 3 6 10 
20180713378 7 10 5 6 3 4 9 2 8 1 
20180713379 1 2 3 5 6 4 10 9 7 8 
20180713380 3 7 9 6 10 1 5 4 2 8 
20180713381 5 8 10 9 6 1 2 7 4 3 
20180713382 6 3 5 10 7 1 4 9 8 2 
20180713383 10 2 1 6 3 4 7 5 8 9 
20180713384 1 8 2 3 10 5 9 4 7 6 
20180713385 10 2 7 9 6 3 5 4 8 1 
20180713386 2 8 1 7 6 10 3 4 5 9 
20180713387 3 8 5 1 7 6 9 2 4 10 
20180713388 2 5 10 8 1 4 7 9 6 3 
20180713389 8 1 2 9 10 7 3 4 6 5 
20180713390 1 2 5 10 7 4 8 9 6 3 
20180713391 9 7 3 8 2 5 4 10 6 1 
20180713392 7 2 5 4 8 3 1 6 10 9 
20180713393 8 7 1 9 5 10 4 2 3 6 
20180713394 8 10 1 6 9 4 7 5 3 2 
20180713395 5 8 2 6 3 1 7 9 10 4 
20180713396 2 8 9 10 4 6 1 3 7 5 
20180713397 6 3 4 1 2 8 5 9 10 7 
20180713398 8 3 5 10 6 9 1 2 7 4 
20180713399 5 7 9 1 3 2 4 10 8 6 
20180713400 1 10 5 3 6 7 2 4 8 9 
20180713401 8 3 2 5 10 4 9 7 1 6 
20180713402 2 7 1 8 3 4 10 9 6 5 
20180713403 2 7 4 9 3 10 1 5 8 6 
20180713404 2 6 5 1 10 9 3 4 7 8 
20180713405 3 1 4 9 10 8 2 5 7 6 
20180713406 3 8 9 4 2 1 10 5 7 6 
20180713407 4 10 1 5 2 6 7 8 3 9 
20180713408 7 1 6 4 9 10 8 2 5 3 
20180713409 4 10 6 1 8 7 9 2 3 5 
20180713410 2 6 10 7 1 4 8 3 9 5 
20180713411 5 2 9 4 10 1 7 3 8 6 
20180713412 6 10 7 1 4 2 8 3 9 5 
20180713413 8 3 10 9 5 1 6 7 2 4 
20180713414 4 2 3 5 6 8 7 9 1 10 
20180713415 7 10 6 8 3 2 4 5 1 9 
20180713416 9 4 2 7 8 10 5 3 6 1 
20180713417 8 6 9 5 4 2 7 3 10 1 
20180713418 10 6 3 8 4 9 5 2 7 1 
20180713419 9 8 3 1 10 5 6 2 4 7 
20180713420 6 2 3 1 8 5 4 9 10 7 
20180713421 3 8 4 10 2 9 6 7 1 5 
20180713422 3 8 7 2 9 4 5 1 6 10 
20180713423 1 3 7 4 9 8 10 5 2 6 
20180713424 3 7 9 1 2 4 5 6 10 8 
20180713425 10 2 5 8 7 3 6 1 9 4 
20180713426 5 7 3 10 6 8 9 1 2 4 
20180713427 6 1 3 2 8 9 5 10 7 4 
20180713428 2 4 10 3 9 6 5 7 8 1 
20180713429 9 8 7 6 4 10 1 2 5 3 
20180713430 10 8 7 6 5 9 3 2 4 1 
20180713431 10 3 4 6 5 9 7 1 8 2 
20180713432 5 10 1 8 3 7 2 6 9 4 
20180713433 9 5 10 3 7 2 4 6 1 8 
20180713434 1 3 8 6 5 4 9 7 10 2 
20180713435 6 3 7 1 10 9 4 8 5 2 
20180713436 6 10 8 7 9 3 1 5 2 4 
20180713437 8 10 1 4 6 9 3 2 5 7 
20180713438 7 3 10 6 8 1 4 9 2 5 
20180713439 2 4 8 9 7 10 6 5 1 3 
20180713440 1 9 8 2 10 5 7 4 6 3 
20180713441 3 1 4 9 8 7 2 5 10 6 
20180713442 2 3 6 1 5 4 7 10 9 8 
20180713443 1 7 5 6 3 4 2 8 10 9 
20180713444 1 8 3 9 6 7 2 4 10 5 
20180713445 5 4 10 3 8 6 7 9 2 1 
20180713446 3 2 1 9 4 7 5 6 8 10 
20180713447 4 5 2 8 10 1 6 3 9 7 
20180713448 3 9 4 10 7 8 5 1 6 2 
20180713449 10 5 3 7 2 8 1 9 6 4 
20180713450 8 9 10 1 6 3 2 7 4 5 
20180713451 9 1 6 4 5 10 8 3 2 7 
20180713452 3 5 4 8 2 7 6 10 1 9 
20180713453 1 3 6 4 7 9 10 2 8 5 
20180713454 2 10 6 3 4 8 9 7 1 5 
20180713455 5 4 9 6 2 10 1 3 7 8 
20180713456 3 4 10 9 1 8 5 7 6 2 
20180713457 6 5 7 10 9 8 3 1 2 4 
20180713458 6 2 7 9 3 4 8 10 1 5 
20180713459 9 8 2 6 5 7 10 4 1 3 
20180713460 4 3 1 5 7 9 8 6 10 2 
20180713461 3 9 2 6 8 7 5 4 10 1 
20180713462 2 10 4 1 5 9 8 6 3 7 
20180713463 2 6 8 5 4 3 1 9 7 10 
20180713464 5 10 6 2 3 4 7 9 1 8 
20180713465 1 7 6 10 9 3 2 5 8 4 
20180713466 10 7 4 3 2 5 9 8 6 1 
20180713467 1 4 10 3 9 2 5 6 7 8 
20180713468 6 5 2 8 3 4 10 7 9 1 
20180713469 4 5 6 1 8 7 3 9 2 10 
20180713470 6 9 5 3 7 8 4 10 2 1 
20180713471 2 1 8 6 10 4 7 9 5 3 
20180713472 5 9 8 10 7 2 1 3 4 6 
20180713473 8 9 1 10 3 5 4 7 2 6 
20180713474 6 7 8 5 3 9 10 4 2 1 
20180713475 8 5 7 10 1 3 2 6 9 4 
20180713476 2 10 1 6 8 5 7 3 4 9 
20180713477 9 6 5 2 3 4 7 1 8 10 
20180713478 6 10 2 8 7 4 9 3 1 5 
20180713479 6 2 1 5 4 7 3 10 8 9 
20180713480 3 6 5 10 2 1 7 8 4 9 
20180713481 2 1 6 10 5 9 8 3 4 7 
20180713482 7 1 5 3 10 2 6 8 9 4 
20180713483 2 9 1 7 4 5 8 10 3 6 
20180713484 10 4 6 2 5 1 3 7 9 8 
20180713485 6 10 5 9 1 3 4 7 8 2 
20180713486 1 8 6 5 9 3 10 7 2 4 
20180713487 5 6 1 8 4 2 10 7 9 3 
20180713488 10 5 2 1 6 7 4 3 8 9 
20180713489 2 6 1 5 9 7 4 3 10 8 
20180713490 4 6 3 7 10 8 9 5 2 1 
20180713491 5 3 7 2 9 4 8 1 10 6 
20180713492 7 3 1 2 9 4 5 6 8 10 
20180713493 6 3 10 1 7 2 5 8 9 4 
20180713494 1 8 10 4 6 3 7 2 5 9 
20180713495 7 6 2 3 10 8 1 5 9 4 
20180713496 6 10 1 4 3 2 9 5 8 7 
20180713497 5 6 3 2 9 1 8 7 4 10 
20180713498 8 7 2 9 10 4 6 1 3 5 
20180713499 6 7 10 1 9 2 5 3 4 8 
20180713500 5 10 2 8 9 3 4 1 6 7 
20180713501 10 3 8 1 4 6 2 5 9 7 
20180713502 4 1 2 5 9 6 10 8 7 3 
20180713503 9 3 6 10 4 2 7 5 1 8 
20180713504 10 9 4 1 6 8 7 5 2 3 
20180713505 1 10 7 6 4 8 5 3 2 9 
20180713506 9 1 8 6 2 7 10 3 5 4 
20180713507 3 4 1 8 10 9 6 5 7 2 
20180713508 6 7 1 3 2 4 8 10 9 5 
20180713509 5 7 6 9 2 1 10 8 3 4 
20180713510 3 2 8 6 5 9 10 4 7 1 
20180713511 9 3 6 1 5 2 7 8 4 10 
20180713512 1 6 7 2 4 3 9 5 8 10 
20180713513 9 2 10 5 3 7 1 8 4 6 
20180713514 9 5 7 1 2 10 4 6 8 3 
20180713515 5 2 3 8 7 6 1 9 10 4 
20180713516 4 2 5 7 8 9 3 1 10 6 
20180713517 2 7 1 8 9 10 6 3 5 4 
20180713518 1 10 9 2 6 4 8 5 3 7 
20180713519 5 2 6 8 9 3 1 10 4 7 
20180713520 4 3 8 6 9 2 10 7 1 5 
20180713521 6 10 4 7 9 3 2 5 1 8 
20180713522 7 6 1 5 8 10 2 3 4 9 
20180713523 10 6 8 2 7 9 5 4 3 1 
20180713524 9 3 2 8 5 7 6 4 10 1 
20180713525 7 8 5 6 4 2 1 3 9 10 
20180713526 3 5 1 8 6 2 10 7 9 4 
20180713527 6 3 8 7 1 2 5 10 4 9 
20180713528 8 9 10 4 2 7 6 1 5 3 
20180713529 3 4 8 7 2 6 1 9 5 10 
20180713530 8 6 4 5 2 10 3 9 7 1 
20180713531 5 3 8 6 9 10 2 7 1 4 
20180713532 5 6 7 2 3 10 4 9 8 1 
20180713533 5 7 3 1 9 2 10 4 8 6 
20180713534 10 2 1 9 3 5 4 8 7 6 
20180713535 7 10 4 9 6 3 1 2 5 8 
20180713536 2 1 6 7 10 4 9 8 5 3 
20180713537 9 1 7 6 4 10 3 2 5 8 
20180713538 3 6 8 10 5 7 1 9 2 4 
20180713539 8 9 10 2 4 7 6 5 3 1 
20180713540 6 1 10 8 7 4 2 5 9 3 
20180713541 10 2 8 3 5 4 1 6 7 9 
20180713542 1 3 5 10 6 2 9 7 4 8 
20180713543 5 8 3 4 7 6 1 2 9 10 
20180713544 2 9 4 8 6 5 1 10 3 7 
20180713545 8 7 9 1 4 3 6 10 2 5 
20180713546 5 3 1 4 9 2 8 7 6 10 
20180713547 4 10 3 5 1 2 8 7 6 9 
20180713548 10 3 5 4 2 1 7 6 8 9 
20180713549 8 3 5 10 1 2 4 9 6 7 
20180713550 10 6 2 4 1 3 5 8 7 9 
20180713551 5 7 10 6 8 3 4 1 2 9 
20180713552 9 10 7 1 5 2 4 8 6 3 
20180713553 3 1 2 6 9 5 10 8 4 7 
20180713554 8 2 5 10 9 4 1 3 6 7 
20180713555 1 10 9 3 2 5 6 8 4 7 
20180713556 9 7 5 4 1 6 8 10 3 2 
20180713557 9 5 6 8 10 2 7 4 3 1 
20180713558 9 3 6 7 5 4 2 10 8 1 
20180713559 7 3 9 4 10 8 1 6 5 2 
20180713560 6 1 10 5 8 2 4 3 9 7 
20180713561 3 9 7 10 8 6 2 5 4 1 
20180713562 5 10 2 1 8 6 9 7 3 4 
20180713563 4 10 9 5 7 6 1 2 3 8 
20180713564 3 10 7 8 4 6 1 9 5 2 
20180713565 1 6 2 8 9 4 5 3 7 10 
20180713566 5 7 3 9 6 1 4 10 8 2 
20180713567 3 7 5 10 2 1 4 8 6 9 
20180713568 4 1 3 8 10 6 9 2 5 7 
20180713569 6 2 8 4 10 1 7 5 9 3 
20180713570 4 1 8 10 7 3 6 2 9 5 
20180713571 1 6 3 4 2 8 5 7 10 9 
20180713572 1 3 4 9 10 8 6 5 2 7 
20180713573 8 6 9 10 4 1 7 5 2 3 
20180713574 7 2 10 9 8 5 4 1 6 3 
20180713575 7 3 10 5 9 6 4 2 1 8 
20180713576 6 1 8 9 3 5 7 2 4 10 
20180713577 6 3 1 7 8 2 10 9 5 4 
20180713578 2 6 4 5 3 8 10 1 9 7 
20180713579 6 10 3 8 7 1 4 9 5 2 
20180713580 5 6 2 10 9 3 7 1 4 8 
20180713581 7 6 9 1 4 3 10 8 5 2 
20180713582 8 5 4 9 3 6 2 10 1 7 
20180713583 4 6 7 9 1 5 2 8 10 3 
20180713584 9 5 2 6 3 7 4 1 8 10 
20180713585 5 8 4 2 6 9 3 10 7 1 
20180713586 8 1 6 10 9 3 5 7 2 4 
20180713587 10 8 7 2 6 4 5 3 1 9 
20180713588 6 4 9 2 5 7 3 1 10 8 
20180713589 7 1 2 4 9 6 10 8 3 5 
20180713590 5 7 1 6 9 4 10 2 8 3 
20180713591 5 6 8 2 9 7 1 10 4 3 
20180713592 10 2 3 8 5 7 4 1 6 9 
20180713593 7 4 1 5 6 8 3 2 10 9 
20180713594 3 7 5 6 4 8 1 2 10 9 
20180713595 9 8 2 6 7 4 10 1 5 3 
20180713596 6 4 5 9 10 1 7 8 3 2 
20180713597 8 4 6 5 1 3 9 7 2 10 
20180713598 3 1 10 6 8 7 9 2 5 4 
20180713599 2 5 4 9 10 8 3 1 6 7 
20180713600 2 7 9 6 5 4 10 8 3 1 
20180713601 1 3 4 8 5 10 6 7 9 2 
20180713602 4 7 5 9 8 6 10 3 2 1 
20180713603 1 8 9 2 5 6 7 10 4 3 
20180713604 10 1 8 7 3 6 4 2 5 9 
20180713605 10 3 4 7 6 2 1 9 8 5 
20180713606 4 8 9 5 1 10 6 2 7 3 
20180713607 3 7 4 2 9 1 8 6 5 10 
20180713608 8 7 10 4 9 1 5 6 2 3 
20180713609 8 6 5 7 9 3 4 1 10 2 
20180713610 1 10 7 2 3 9 5 8 4 6 
20180713611 7 10 5 4 2 6 9 1 3 8 
20180713612 8 3 7 10 6 5 2 9 4 1 
20180713613 2 5 8 3 7 1 6 4 10 9 
20180713614 10 2 6 9 1 4 3 8 7 5 
20180713615 2 6 7 5 10 3 9 1 8 4 
20180713616 10 2 9 7 8 6 5 3 1 4 
20180713617 1 10 5 3 6 9 8 2 7 4 
20180713618 2 5 6 1 9 4 7 8 10 3 
20180713619 10 3 9 2 8 6 1 7 5 4 
20180713620 9 7 3 5 8 2 10 4 6 1 
20180713621 10 3 8 1 7 5 6 4 9 2 
20180713622 3 9 4 10 6 1 2 7 5 8 
20180713623 3 10 8 1 4 6 5 7 2 9 
20180713624 10 6 9 5 4 2 7 8 3 1 
20180713625 10 3 5 7 1 4 8 6 2 9 
20180713626 3 9 7 2 10 1 5 8 6 4 
20180713627 10 4 7 6 3 8 5 2 1 9 
20180713628 2 6 8 3 1 7 4 5 10 9 
20180713629 8 6 3 4 9 5 7 1 10 2 
20180713630 5 7 8 1 6 9 3 10 4 2 
20180713631 5 2 1 8 7 6 9 3 4 10 
20180713632 7 5 9 3 2 8 10 1 4 6 
20180713633 1 5 10 2 8 6 7 9 4 3 
20180713634 4 9 3 6 10 2 1 7 8 5 
20180713635 2 10 7 9 3 6 1 5 8 4 
20180713636 4 7 5 10 6 9 1 2 8 3 
20180713637 9 3 2 1 7 5 4 10 6 8 
20180713638 8 10 6 1 3 4 5 7 2 9 
20180713639 3 9 10 4 8 5 2 1 6 7 
20180713640 6 4 9 8 2 10 5 7 3 1 
20180713641 6 8 7 5 9 2 3 10 4 1 
20180713642 1 3 10 5 9 8 4 7 6 2 
20180713643 6 3 10 2 1 5 4 8 9 7 
20180713644 8 2 9 10 1 5 6 7 3 4 
20180713645 3 10 5 6 7 2 1 8 4 9 
20180713646 9 6 7 8 5 3 1 4 10 2 
20180713647 9 4 5 10 7 8 3 1 2 6 
20180713648 3 5 6 1 2 10 8 4 7 9 
20180713649 3 7 2 5 6 1 9 8 4 10 
20180713650 2 1 6 3 7 10 9 4 8 5 
20180713651 2 9 1 8 10 6 3 4 7 5 
20180713652 1 7 10 9 3 6 5 4 2 8 
20180713653 9 8 3 1 5 10 6 7 2 4 
20180713654 1 6 4 3 7 2 5 8 10 9 
20180713655 2 4 8 7 5 6 1 9 10 3 
20180713656 2 8 6 10 4 5 1 9 3 7 
20180713657 4 5 8 2 9 3 7 1 6 10 
20180713658 6 5 4 8 10 1 7 2 3 9 
20180713659 2 1 4 8 5 10 7 6 9 3 
20180713660 1 10 8 4 6 9 2 5 3 7 
20180713661 10 9 5 2 4 8 3 6 7 1 
20180713662 4 2 6 8 3 9 10 7 1 5 
20180713663 9 3 4 8 2 6 1 7 5 10 
20180713664 4 7 10 6 3 9 8 1 2 5 
20180713665 8 2 10 1 3 4 9 6 5 7 
20180713666 7 2 3 10 5 1 4 9 8 6 
20180713667 1 6 5 4 2 10 7 9 8 3 
20180713668 9 1 2 4 10 6 7 8 5 3 
20180713669 3 1 10 5 2 8 6 9 4 7 
20180713670 6 10 4 2 8 1 5 9 7 3 
20180713671 8 4 6 10 1 2 5 3 7 9 
20180713672 7 4 2 1 3 8 6 10 9 5 
20180713673 2 7 1 5 3 9 8 4 6 10 
20180713674 8 1 6 3 2 10 4 9 5 7 
20180713675 7 1 5 6 4 3 10 8 2 9 
20180713676 10 2 5 3 9 4 8 6 7 1 
20180713677 4 1 9 10 6 5 8 2 7 3 
20180713678 9 2 6 4 10 7 5 1 3 8 
20180713679 8 1 7 4 5 3 9 2 6 10 
20180713680 5 4 2 1 8 3 7 10 6 9 
20180713681 4 2 9 8 5 6 3 10 7 1 
20180713682 5 10 8 6 7 4 1 9 2 3 
20180713683 10 2 3 5 4 7 1 9 8 6 
20180713684 5 7 9 6 3 10 2 1 4 8 
20180713685 6 7 9 1 2 10 4 5 8 3 
20180713686 1 7 2 10 9 4 5 8 3 6 
20180713687 5 1 8 7 9 6 10 2 3 4 
20180713688 6 10 5 3 9 7 8 4 2 1 
20180713689 6 7 10 4 5 9 1 3 2 8 
20180713690 6 4 3 7 10 2 5 9 1 8 
20180713691 7 5 3 1 8 4 9 2 10 6 
20180713692 2 6 5 9 8 4 7 10 1 3 
20180713693 3 7 2 5 4 6 8 1 10 9 
20180713694 5 8 7 4 9 6 3 2 1 10 
20180713695 10 8 6 5 7 1 4 9 2 3 
20180713696 7 8 9 4 2 6 5 1 10 3 
20180713697 8 9 6 7 1 5 10 2 4 3 
20180713698 1 8 5 4 7 2 10 3 9 6 
20180713699 2 6 4 7 9 3 8 1 5 10 
20180713700 2 10 3 4 1 6 8 7 9 5 
20180713701 5 3 1 4 6 10 8 9 7 2 
20180713702 3 9 6 5 2 8 7 1 4 10 
20180713703 5 3 7 2 10 6 4 8 9 1 
20180713704 8 10 9 3 1 5 7 6 4 2 
20180713705 4 6 7 8 3 5 9 2 1 10 
20180713706 3 1 9 10 5 6 7 2 8 4 
20180713707 6 9 1 4 5 3 10 7 2 8 
20180713708 5 1 4 3 8 9 10 2 7 6 
20180713709 7 10 1 8 3 5 4 9 2 6 
20180713710 1 5 6 3 4 8 9 10 2 7 
20180713711 7 10 1 6 5 2 9 3 8 4 
20180713712 10 5 1 7 4 6 9 3 8 2 
20180713713 3 2 9 1 10 6 5 8 4 7 
20180713714 10 6 3 5 1 8 9 4 7 2 
20180713715 9 2 1 10 5 4 3 6 8 7 
20180713716 10 6 8 2 1 4 5 3 9 7 
20180713717 3 7 4 1 9 5 8 10 2 6 
20180713718 10 3 1 6 4 7 8 2 9 5 
20180713719 10 1 7 3 8 9 5 2 4 6 
20180713720 10 8 1 9 5 4 2 7 3 6 
20180713721 10 6 3 5 9 4 7 2 8 1 
20180713722 10 6 4 2 3 5 7 9 8 1 
20180713723 1 6 10 3 4 2 9 5 8 7 
20180713724 1 10 7 6 3 4 5 8 2 9 
20180713725 10 3 5 4 2 9 7 8 1 6 
20180713726 8 3 6 4 5 1 7 2 10 9 
20180713727 3 8 5 2 7 9 6 1 10 4 
20180713728 6 9 2 7 4 1 5 8 10 3 
20180713729 2 3 6 5 9 1 4 10 8 7 
20180713730 5 1 7 4 10 8 6 9 2 3 
20180713731 9 7 8 3 2 4 1 10 6 5 
20180713732 5 2 3 1 10 4 7 9 8 6 
20180713733 7 9 4 8 10 2 6 1 5 3 
20180713734 3 1 7 5 8 4 9 10 6 2 
20180713735 6 10 5 3 7 4 2 1 8 9 
20180713736 1 8 3 6 5 2 4 10 7 9 
20180713737 9 7 10 5 2 4 1 3 6 8 
20180713738 5 3 8 9 10 7 6 2 1 4 
20180713739 4 6 7 2 3 5 8 1 10 9 
20180713740 5 8 4 1 2 9 7 6 10 3 
20180713741 5 10 8 1 6 9 4 7 2 3 
20180713742 8 9 4 2 5 1 6 10 3 7 
20180713743 2 3 5 7 4 10 9 1 6 8 
20180713744 4 6 1 5 8 10 9 2 7 3 
20180713745 9 7 3 8 5 4 10 2 6 1 
20180713746 5 10 7 1 8 2 6 4 3 9 
20180713747 3 6 2 8 10 4 5 7 1 9 
20180713748 9 10 7 6 1 2 8 3 5 4 
20180713749 7 9 3 4 8 1 5 10 6 2 
20180713750 3 8 10 7 5 4 2 6 1 9 
20180713751 9 10 1 6 8 3 7 4 5 2 
20180713752 9 4 1 5 7 6 3 2 8 10 
20180713753 5 6 10 8 1 3 7 9 2 4 
20180713754 4 2 8 6 10 3 1 9 5 7 
20180713755 3 5 7 4 2 9 8 1 10 6 
20180713756 2 4 10 3 1 6 9 5 8 7 
20180713757 5 7 4 10 1 3 8 9 6 2 
20180713758 7 2 1 10 9 5 8 4 6 3 
20180713759 9 2 3 10 1 5 8 7 4 6 
20180713760 1 4 2 5 3 8 7 9 10 6 
20180713761 10 4 8 7 5 1 2 3 6 9 
20180713762 4 10 1 7 9 3 8 2 6 5 
20180713763 6 8 10 2 5 4 7 1 9 3 
20180713764 2 10 5 1 4 3 7 9 6 8 
20180713765 3 2 9 8 6 10 7 4 5 1 
20180713766 4 1 10 7 3 6 5 2 8 9 
20180713767 3 9 1 10 5 8 4 2 6 7 
20180713768 2 4 7 8 9 5 10 3 6 1 
20180713769 10 1 9 6 5 2 8 7 4 3 
20180713770 7 2 8 6 1 3 4 5 10 9 
20180713771 10 5 1 6 9 4 2 8 3 7 
20180713772 9 2 6 10 8 5 7 3 4 1 
20180713773 9 2 1 8 6 10 7 5 3 4 
20180713774 9 4 3 6 5 7 2 10 8 1 
20180713775 3 2 4 8 9 6 1 7 10 5 
20180713776 9 2 8 5 6 7 10 4 3 1 
20180713777 10 4 8 3 7 6 1 9 5 2 
20180713778 5 7 3 2 10 6 1 9 4 8 
20180713779 2 8 7 9 3 1 5 6 4 10 
20180713780 2 10 7 5 9 1 6 4 3 8 
20180713781 6 4 7 3 2 9 1 8 10 5 
20180713782 6 7 2 1 8 5 9 10 3 4 
20180713783 8 3 4 5 9 6 10 2 1 7 
20180713784 9 1 6 5 10 7 2 3 8 4 
20180713785 3 1 4 8 2 7 5 9 6 10 
20180713786 4 5 1 7 2 3 8 10 9 6 
20180713787 7 9 1 5 8 10 3 6 2 4 
20180713788 8 6 9 1 4 5 3 10 2 7 
20180713789 6 2 4 10 1 9 7 8 5 3 
20180713790 7 2 6 9 10 4 1 3 8 5 
20180713791 6 8 9 5 2 4 7 3 10 1 
20180713792 1 3 8 4 6 7 5 9 10 2 
20180713793 7 1 5 10 6 2 9 3 8 4 
20180713794 9 2 5 1 3 8 6 10 7 4 
20180713795 9 4 6 1 10 8 5 3 2 7 
20180713796 3 6 5 2 10 9 7 8 4 1 
20180713797 9 2 5 10 6 8 3 7 1 4 
20180713798 3 7 6 8 2 4 10 5 1 9 
20180713799 4 8 1 6 3 2 5 7 9 10 
20180713800 7 1 2 3 9 4 8 5 6 10 
20180713801 10 9 8 5 6 1 7 4 3 2 
20180713802 7 5 3 4 6 8 9 2 1 10 
20180713803 2 8 6 4 10 1 3 9 7 5 
20180713804 3 7 2 4 8 5 10 9 1 6 
20180713805 8 10 3 4 6 5 2 1 7 9 
20180713806 8 10 2 4 1 3 6 9 7 5 
20180713807 10 2 4 1 6 3 5 9 7 8 
20180713808 6 2 3 4 9 5 1 7 8 10 
20180713809 2 1 7 3 5 8 4 9 10 6 
20180713810 3 8 7 6 2 9 1 4 5 10 
20180713811 4 8 7 2 10 9 1 5 6 3 
20180713812 9 7 6 5 1 4 8 3 2 10 
20180713813 10 5 2 7 1 3 9 6 4 8 
20180713814 1 6 10 9 3 4 8 5 7 2 
20180713815 5 4 8 7 6 9 10 3 2 1 
20180713816 10 9 3 8 6 5 4 7 1 2 
20180713817 4 5 1 3 7 2 10 9 6 8 
20180713818 2 10 7 1 5 3 6 8 9 4 
20180713819 2 6 8 1 3 7 10 5 9 4 
20180713820 2 7 4 6 3 9 1 10 5 8 
20180713821 10 6 8 9 5 2 4 3 1 7 
20180713822 6 3 1 2 5 9 7 10 8 4 
20180713823 9 5 8 10 1 4 7 3 6 2 
20180713824 6 5 9 7 4 10 2 8 1 3 
20180713825 1 2 9 5 3 6 7 10 4 8 
20180713826 10 8 2 9 3 7 1 5 4 6 
20180713827 3 1 10 5 4 2 7 9 6 8 
20180713828 1 6 2 8 3 7 9 5 10 4 
20180713829 2 10 5 8 4 9 3 7 6 1 
20180713830 6 5 2 7 1 10 8 9 4 3 
20180713831 4 9 8 3 6 1 7 5 10 2 
20180713832 10 6 9 1 4 3 7 8 2 5 
20180713833 2 3 9 5 8 1 10 4 7 6 
20180713834 6 5 8 4 1 3 7 10 2 9 
20180713835 4 1 7 2 8 9 3 10 6 5 
20180713836 4 2 6 5 9 3 8 10 1 7 
20180713837 5 2 8 9 4 1 10 7 3 6 
20180713838 6 5 10 8 9 1 2 7 3 4 
20180713839 5 8 10 7 3 2 1 4 9 6 
20180713840 3 8 4 6 2 10 9 7 5 1 
20180713841 7 8 1 6 10 4 9 2 3 5 
20180713842 8 10 6 4 9 1 7 5 3 2 
20180713843 6 4 9 5 2 10 7 8 3 1 
20180713844 4 3 6 8 10 1 2 5 7 9 
20180713845 2 4 8 7 9 5 3 1 6 10 
20180713846 1 5 3 8 9 2 4 7 10 6 
20180713847 9 10 4 3 6 7 8 2 5 1 
20180713848 9 4 1 5 8 2 3 7 6 10 
20180713849 2 4 8 9 10 3 1 6 5 7 
20180713850 2 10 3 1 7 4 6 8 9 5 
20180713851 2 1 9 6 8 7 3 5 4 10 
20180713852 6 7 5 2 3 10 9 8 4 1 
20180713853 7 9 6 1 2 10 4 5 8 3 
20180713854 7 4 6 5 9 1 2 8 3 10 
20180713855 2 10 9 8 1 5 7 4 6 3 
20180713856 4 1 2 6 7 3 10 8 5 9 
20180713857 4 1 5 2 9 6 3 8 7 10 
20180713858 4 5 10 6 2 9 7 8 1 3 
20180713859 10 9 6 4 8 2 7 5 3 1 
20180713860 8 3 9 6 7 5 10 4 2 1 
20180713861 3 7 1 5 6 9 8 10 2 4 
20180713862 10 5 4 8 3 9 6 2 7 1 
20180713863 4 8 2 5 3 6 9 1 7 10 
20180713864 5 8 1 6 9 2 10 3 4 7 
20180713865 6 10 5 8 2 9 3 7 1 4 
20180713866 7 3 5 4 1 6 8 9 10 2 
20180713867 1 3 5 6 10 7 2 9 8 4 
20180713868 5 3 2 4 1 10 8 7 6 9 
20180713869 6 9 8 5 7 3 1 10 2 4 
20180713870 7 6 5 4 3 8 9 1 10 2 
20180713871 7 9 5 8 3 1 6 4 2 10 
20180713872 1 2 5 4 10 7 3 6 8 9 
20180713873 4 2 5 3 10 8 6 9 1 7 
20180713874 9 3 6 1 10 4 7 2 5 8 
20180713875 7 8 10 3 6 9 4 1 5 2 
20180713876 10 6 7 4 2 8 9 1 3 5 
20180713877 5 10 3 2 1 7 9 6 4 8 
20180713878 6 2 5 7 8 1 3 9 10 4 
20180713879 3 7 5 4 8 6 2 1 10 9 
20180713880 5 9 6 2 4 10 1 8 7 3 
20180713881 1 6 10 5 4 9 2 3 8 7 
20180713882 7 8 9 1 4 5 6 3 2 10 
20180713883 6 2 8 5 4 10 7 1 9 3 
20180713884 9 4 8 1 3 5 6 10 2 7 
20180713885 9 3 1 6 4 10 7 5 8 2 
20180713886 4 2 9 10 6 7 1 3 5 8 
20180713887 7 9 6 1 2 5 3 8 4 10 
20180713888 6 5 1 2 7 3 4 10 9 8 
20180713889 8 7 9 4 6 1 5 10 2 3 
20180713890 9 7 6 5 10 8 3 2 4 1 
20180713891 5 4 8 1 7 6 10 9 3 2 
20180713892 7 5 10 6 2 8 1 4 3 9 
20180713893 10 9 1 6 4 2 3 7 8 5 
20180713894 5 10 1 3 7 4 6 8 9 2 
20180713895 5 3 6 8 9 4 10 7 2 1 
20180713896 2 8 4 9 6 1 7 10 5 3 
20180713897 6 3 2 8 1 7 5 4 9 10 
20180713898 8 4 7 2 1 6 10 9 3 5 
20180713899 2 1 10 9 8 5 7 6 4 3 
20180713900 1 7 6 4 3 10 8 2 5 9 
20180713901 7 2 8 6 5 3 10 1 9 4 
20180713902 5 1 8 2 9 3 10 4 7 6 
20180713903 5 3 9 6 10 4 7 8 1 2 
20180713904 4 9 3 7 1 6 5 2 10 8 
20180713905 6 10 5 8 9 7 4 1 3 2 
20180713906 9 7 2 6 8 10 5 1 4 3 
20180713907 1 10 8 4 2 5 7 3 9 6 
20180713908 4 9 3 10 7 1 6 5 2 8 
20180713909 6 3 9 2 1 4 10 7 8 5 
20180713910 8 5 2 7 6 9 4 1 3 10 
20180713911 9 8 4 7 1 2 6 3 5 10 
20180713912 4 8 7 1 6 3 10 9 2 5 
20180713913 3 4 5 9 8 2 7 1 6 10 
20180713914 2 4 9 3 7 8 5 6 1 10 
20180713915 4 1 6 10 8 2 5 9 7 3 
20180713916 5 1 3 7 6 2 9 8 10 4 
20180713917 9 1 8 10 6 7 2 5 3 4 
20180713918 4 2 7 1 5 3 9 8 6 10 
20180713919 1 4 8 5 7 3 2 6 10 9 
20180713920 2 5 1 10 4 7 8 3 9 6 
20180713921 8 10 7 9 4 6 3 5 1 2 
20180713922 4 3 8 10 7 9 5 6 2 1 
20180713923 10 5 1 7 4 2 9 8 6 3 
20180713924 6 7 10 5 3 8 9 2 1 4 
20180713925 2 3 4 7 9 1 5 8 10 6 
20180713926 1 4 10 5 7 9 6 3 8 2 
20180713927 7 10 6 5 2 1 9 3 4 8 
20180713928 7 8 6 2 9 10 5 1 4 3 
20180713929 2 6 7 10 1 3 4 9 5 8 
20180713930 8 1 3 2 7 5 4 6 10 9 
20180713931 1 2 4 8 10 9 3 7 6 5 
20180713932 7 5 6 8 3 10 2 9 4 1 
20180713933 3 4 5 2 1 6 10 8 9 7 
20180713934 7 10 5 3 6 8 1 4 2 9 
20180713935 1 5 4 2 8 9 3 7 10 6 
20180713936 7 5 10 1 8 3 9 4 6 2 
20180713937 6 8 2 9 1 4 10 3 5 7 
20180713938 8 3 7 4 5 2 1 9 10 6 
20180713939 7 8 6 3 1 5 10 2 9 4 
20180713940 9 7 10 5 8 4 6 2 1 3 
20180713941 5 6 7 1 2 9 4 8 10 3 
20180713942 1 9 6 10 2 7 5 8 4 3 
20180713943 6 7 1 9 8 3 4 2 10 5 
20180713944 3 7 10 5 4 2 1 8 6 9 
20180713945 2 3 5 10 8 1 9 4 7 6 
20180713946 10 9 8 7 6 4 5 3 1 2 
20180713947 7 6 2 9 3 4 5 8 10 1 
20180713948 7 4 9 5 8 1 10 3 2 6 
20180713949 10 3 5 4 7 9 6 2 8 1 
20180713950 1 8 7 10 3 6 5 4 9 2 
20180713951 3 9 1 6 4 2 7 10 5 8 
20180713952 10 5 9 6 2 8 4 3 1 7 
20180713953 3 5 9 10 6 1 8 7 2 4 
20180713954 8 1 9 4 10 3 2 5 7 6 
20180713955 7 4 2 10 8 5 3 9 1 6 
20180713956 10 9 3 2 4 6 1 8 5 7 
20180713957 10 3 6 2 8 9 5 1 7 4 
20180713958 8 3 4 7 6 1 2 10 5 9 
20180713959 2 9 4 6 8 1 7 3 10 5 
20180713960 10 6 9 3 4 2 7 8 5 1 
20180713961 2 8 6 3 5 7 1 9 10 4 
20180713962 8 5 9 10 1 3 6 2 4 7 
20180713963 5 9 7 1 4 6 8 10 2 3 
20180713964 5 3 9 6 1 10 8 4 2 7 
20180713965 8 3 4 5 7 6 1 2 9 10 
20180713966 1 8 3 7 2 5 4 9 10 6 
20180713967 10 9 7 4 5 6 2 3 1 8 
20180713968 5 4 3 9 7 8 10 1 6 2 
20180713969 2 6 5 10 4 9 3 7 8 1 
20180713970 3 8 5 7 2 1 9 6 4 10 
20180713971 7 6 10 4 5 2 9 8 3 1 
20180713972 10 6 7 3 8 2 9 4 5 1 
20180713973 5 9 6 8 3 10 7 2 4 1 
20180713974 5 2 4 3 8 10 7 9 1 6 
20180713975 1 9 5 10 3 2 7 4 6 8 
20180713976 6 4 8 1 2 10 7 3 5 9 
20180713977 8 5 7 3 10 2 1 6 9 4 
20180713978 10 4 1 9 8 2 7 5 3 6 
20180713979 5 2 9 10 7 3 8 1 6 4 
20180713980 10 5 2 3 7 9 6 4 1 8 
20180713981 3 7 4 8 9 5 1 6 2 10 
20180713982 4 6 9 10 7 1 3 2 5 8 
20180713983 9 7 6 8 10 1 3 5 2 4 
20180713984 5 10 2 9 1 8 7 3 4 6 
20180713985 3 7 4 9 10 8 2 1 6 5 
