20180731421 6 3 9 10 1 7 2 4 8 5 
20180731422 8 6 10 1 9 7 4 3 5 2 
20180731423 4 5 10 2 9 7 3 6 1 8 
20180731424 8 1 7 6 4 2 5 3 10 9 
20180731425 8 4 6 1 10 9 7 3 5 2 
20180731426 7 5 8 6 9 3 2 4 10 1 
20180731427 1 7 3 6 4 8 2 5 10 9 
20180731428 5 2 4 1 10 9 3 7 6 8 
20180731429 1 6 4 8 10 5 3 7 2 9 
20180731430 7 3 9 5 10 8 4 6 2 1 
20180731431 5 3 6 2 1 7 10 8 4 9 
20180731432 2 10 1 7 8 6 3 5 4 9 
20180731433 10 5 3 1 2 6 4 9 8 7 
20180731434 5 8 2 4 7 9 1 3 10 6 
20180731435 6 7 4 9 3 2 1 10 5 8 
20180731436 6 4 5 8 1 10 2 9 3 7 
20180731437 1 7 3 8 2 4 9 6 5 10 
20180731438 10 4 8 2 9 3 7 6 1 5 
20180731439 3 8 6 10 5 4 1 7 2 9 
20180731440 6 5 3 9 2 10 8 1 4 7 
20180731441 1 2 3 8 5 9 6 4 7 10 
20180731442 4 2 9 10 6 5 8 7 3 1 
20180731443 7 6 4 1 5 3 2 9 8 10 
20180731444 10 3 7 1 6 8 4 2 9 5 
20180731445 7 5 10 2 8 3 4 6 9 1 
20180731446 4 9 10 2 8 3 7 5 1 6 
20180731447 5 7 3 1 8 10 2 6 9 4 
20180731448 2 8 9 5 7 10 3 4 6 1 
20180731449 9 10 7 5 4 1 2 3 8 6 
20180731450 5 2 7 10 4 3 1 9 6 8 
20180731451 3 6 4 7 8 5 9 2 1 10 
20180731452 5 3 9 2 7 6 4 10 1 8 
20180731453 7 9 2 4 3 8 10 5 1 6 
20180731454 6 2 4 10 5 9 3 7 8 1 
20180731455 6 5 3 7 2 4 1 9 10 8 
20180731456 6 2 4 3 8 7 9 10 5 1 
20180731457 3 7 4 8 10 5 1 2 9 6 
20180731458 1 8 3 10 6 5 2 4 9 7 
20180731459 6 7 9 4 2 1 5 8 3 10 
20180731460 7 10 6 9 4 3 1 2 5 8 
20180731461 10 2 6 8 3 5 1 7 4 9 
20180731462 9 4 5 6 3 10 2 7 1 8 
20180731463 8 4 3 9 6 7 1 10 2 5 
20180731464 2 5 6 7 3 1 9 8 4 10 
20180731465 6 7 3 9 10 1 4 2 8 5 
20180731466 5 4 2 8 6 7 1 10 9 3 
20180731467 2 8 4 9 6 5 1 10 3 7 
20180731468 6 4 1 5 8 2 9 3 10 7 
20180731469 9 7 10 1 5 6 2 4 8 3 
20180731470 6 9 3 5 1 4 8 2 10 7 
20180731471 2 6 1 10 9 4 8 5 7 3 
20180731472 6 1 7 10 3 4 8 2 5 9 
20180731473 1 8 9 2 6 4 10 7 5 3 
20180731474 2 7 5 4 8 6 1 10 9 3 
20180731475 2 3 4 8 5 1 7 6 10 9 
20180731476 7 4 1 8 10 3 2 6 9 5 
20180731477 1 10 3 9 6 7 5 4 2 8 
20180731478 1 10 2 3 4 7 9 6 8 5 
20180731479 8 3 4 10 9 2 6 5 1 7 
20180731480 3 6 9 10 1 4 7 8 5 2 
20180731481 6 7 4 10 8 5 2 9 3 1 
20180731482 2 6 5 9 10 3 7 8 4 1 
20180731483 7 2 4 8 9 10 3 5 6 1 
20180731484 8 3 6 10 9 7 1 5 4 2 
20180731485 7 4 5 10 1 3 2 8 6 9 
20180731486 2 8 6 1 3 7 9 10 5 4 
20180731487 9 6 1 4 2 8 3 10 7 5 
20180731488 10 5 3 2 1 8 9 7 4 6 
20180731489 8 3 10 1 6 7 2 9 5 4 
20180731490 5 9 8 2 4 10 6 3 1 7 
20180731491 8 7 10 1 2 6 4 9 5 3 
20180731492 8 9 3 4 2 5 7 10 1 6 
20180731493 2 7 9 6 4 1 5 10 3 8 
20180731494 8 3 4 1 10 7 9 5 6 2 
20180731495 6 10 2 8 7 4 5 9 3 1 
20180731496 8 3 7 10 2 4 1 5 9 6 
20180731497 4 5 1 3 6 7 8 2 10 9 
20180731498 5 4 2 9 10 7 3 8 6 1 
20180731499 4 8 3 6 1 9 2 10 7 5 
20180731500 7 9 4 2 1 10 6 5 3 8 
20180731501 6 3 2 7 9 1 5 8 4 10 
20180731502 10 1 9 6 2 5 7 3 4 8 
20180731503 8 6 1 5 9 7 4 3 2 10 
20180731504 9 1 2 8 7 10 4 3 5 6 
20180731505 5 10 7 8 2 6 1 9 3 4 
20180731506 2 4 8 1 10 5 3 7 6 9 
20180731507 6 8 4 10 9 3 7 5 2 1 
20180731508 1 4 5 7 2 6 8 10 3 9 
20180731509 3 6 4 8 9 1 7 5 2 10 
20180731510 2 4 5 1 8 9 3 6 10 7 
20180731511 10 4 5 7 9 1 2 8 6 3 
20180731512 2 1 7 3 4 8 6 9 10 5 
20180731513 3 7 10 4 5 8 2 6 1 9 
20180731514 10 4 2 6 7 3 1 9 5 8 
20180731515 7 3 5 4 8 2 1 10 6 9 
20180731516 4 2 3 8 10 9 5 6 7 1 
20180731517 4 8 10 7 2 9 5 1 6 3 
20180731518 1 9 4 8 3 2 10 5 6 7 
20180731519 6 9 4 5 7 3 1 8 10 2 
20180731520 2 3 5 1 9 8 10 4 7 6 
20180731521 6 3 2 7 4 8 1 5 10 9 
20180731522 2 6 4 8 9 3 1 10 5 7 
20180731523 4 1 2 5 9 10 6 8 7 3 
20180731524 9 2 1 10 5 7 8 3 4 6 
20180731525 3 7 2 5 10 1 8 6 9 4 
20180731526 4 5 6 7 2 10 9 8 3 1 
20180731527 5 4 9 3 6 1 2 8 10 7 
20180731528 2 10 9 1 7 6 3 5 8 4 
20180731529 7 10 4 3 1 6 9 2 8 5 
20180731530 7 4 8 5 1 2 6 10 3 9 
20180731531 2 1 8 4 5 10 9 6 7 3 
20180731532 1 3 6 5 8 2 10 9 7 4 
20180731533 10 1 3 7 9 5 4 8 6 2 
20180731534 8 2 6 3 7 1 9 5 10 4 
20180731535 7 2 8 3 10 5 9 4 1 6 
20180731536 10 1 3 6 9 5 7 2 8 4 
20180731537 9 4 3 2 6 10 5 8 7 1 
20180731538 8 1 3 10 2 5 4 9 7 6 
20180731539 3 5 8 7 6 2 9 1 4 10 
20180731540 2 1 6 9 10 3 5 8 7 4 
20180731541 1 7 6 4 3 8 2 9 5 10 
20180731542 9 8 4 1 6 5 10 7 2 3 
20180731543 6 4 3 2 5 1 9 7 8 10 
20180731544 6 4 10 5 8 7 2 9 3 1 
20180731545 7 9 2 1 10 6 3 4 8 5 
20180731546 1 10 7 3 5 4 9 8 6 2 
20180731547 4 1 9 7 3 6 8 10 5 2 
20180731548 1 9 10 7 4 6 2 3 8 5 
20180731549 9 6 3 8 7 10 5 4 1 2 
20180731550 7 4 1 5 10 2 8 3 6 9 
20180731551 3 10 6 8 4 5 1 2 9 7 
20180731552 7 5 6 1 4 2 10 9 8 3 
20180731553 7 5 2 4 10 9 6 8 1 3 
20180731554 10 2 7 3 8 9 5 6 4 1 
20180731555 8 4 7 1 5 2 9 3 6 10 
20180731556 4 8 5 10 2 7 1 3 9 6 
20180731557 9 4 10 3 1 7 2 5 8 6 
20180731558 5 2 7 10 3 8 6 9 1 4 
20180731559 7 9 2 6 1 8 5 4 3 10 
20180731560 9 6 4 7 8 5 3 10 1 2 
20180731561 2 9 3 6 1 8 10 4 7 5 
20180731562 4 8 3 7 1 6 10 5 9 2 
20180731563 8 2 9 10 4 6 3 1 5 7 
20180731564 9 6 8 2 1 10 4 7 3 5 
20180731565 8 9 1 6 4 5 2 10 7 3 
20180731566 1 9 10 2 5 8 4 7 6 3 
20180731567 1 2 10 9 7 4 6 3 5 8 
20180731568 5 7 6 8 1 9 4 3 2 10 
20180731569 4 5 8 6 7 3 10 1 2 9 
20180731570 10 2 3 8 9 1 4 5 7 6 
20180731571 10 1 9 4 8 2 6 7 5 3 
20180731572 9 2 7 1 5 10 8 3 6 4 
20180731573 10 2 1 7 5 6 9 4 3 8 
20180731574 9 10 2 8 3 4 1 7 6 5 
20180731575 9 6 4 1 7 5 3 8 10 2 
20180731576 2 9 7 6 10 3 5 1 4 8 
20180731577 3 10 2 9 5 4 6 1 8 7 
20180731578 7 8 4 6 10 9 5 3 2 1 
20180731579 2 4 9 7 5 3 1 6 10 8 
20180731580 3 4 10 1 8 6 9 5 7 2 
20180731581 10 1 8 6 4 3 7 9 5 2 
20180731582 10 2 9 4 5 7 6 8 1 3 
20180731583 3 7 9 2 6 8 10 5 1 4 
20180731584 10 4 3 2 8 6 1 7 5 9 
20180731585 4 5 8 2 6 10 1 3 9 7 
20180731586 1 10 2 9 6 3 4 5 8 7 
20180731587 5 4 9 6 3 2 8 1 7 10 
20180731588 5 7 2 6 8 4 1 3 10 9 
20180731589 1 8 10 5 7 2 9 4 3 6 
20180731590 2 6 9 3 10 8 7 4 5 1 
20180731591 2 9 10 4 5 1 7 3 8 6 
20180731592 2 7 1 3 8 9 10 4 5 6 
20180731593 2 7 3 9 10 4 1 5 8 6 
20180731594 3 5 4 8 7 10 2 1 6 9 
20180731595 9 4 10 2 5 1 6 3 7 8 
20180731596 7 1 6 5 8 4 2 9 3 10 
20180731597 1 4 5 10 6 2 8 3 9 7 
20180731598 9 3 10 6 2 7 1 4 5 8 
20180731599 4 9 7 3 10 8 1 5 2 6 
20180731600 5 3 6 2 7 1 4 10 9 8 
20180731601 4 9 1 3 8 2 5 10 7 6 
20180731602 4 3 5 7 10 2 6 9 8 1 
20180731603 5 3 6 9 8 1 7 2 10 4 
20180731604 9 1 10 3 2 4 6 8 7 5 
20180731605 1 7 5 10 8 2 6 4 9 3 
20180731606 3 2 7 9 4 5 8 6 10 1 
20180731607 5 6 8 7 2 4 9 3 1 10 
20180731608 3 7 4 5 8 10 6 1 2 9 
20180731609 8 9 5 3 4 1 6 10 7 2 
20180731610 6 2 5 3 4 8 7 1 9 10 
20180731611 5 7 10 4 8 9 2 6 3 1 
20180731612 1 5 3 10 9 7 8 6 2 4 
20180731613 10 8 6 4 5 9 3 2 7 1 
20180731614 3 7 5 10 6 2 4 9 8 1 
20180731615 9 7 8 10 1 2 4 6 5 3 
20180731616 2 5 7 3 4 6 1 8 9 10 
20180731617 3 2 10 8 6 4 1 5 7 9 
20180731618 3 10 5 8 1 7 6 2 4 9 
20180731619 8 4 10 9 3 1 7 6 5 2 
20180731620 7 3 10 9 8 4 2 6 1 5 
20180731621 10 1 7 3 2 5 9 8 6 4 
20180731622 7 1 2 5 6 10 3 9 4 8 
20180731623 8 9 6 3 2 7 1 4 10 5 
20180731624 4 1 8 7 2 6 10 3 5 9 
20180731625 7 9 5 6 3 10 1 4 8 2 
20180731626 4 7 9 3 1 2 8 10 5 6 
20180731627 6 8 9 5 10 4 2 1 3 7 
20180731628 7 4 5 6 9 1 8 10 3 2 
20180731629 1 3 5 10 2 4 7 8 9 6 
20180731630 1 2 9 5 6 4 3 7 10 8 
20180731631 7 4 5 8 2 3 10 9 1 6 
20180731632 10 5 9 3 6 1 7 8 4 2 
20180731633 10 2 9 6 7 5 1 4 8 3 
20180731634 5 9 10 8 6 7 4 3 2 1 
20180731635 7 6 1 9 2 10 4 5 3 8 
20180731636 3 8 5 6 1 2 9 4 7 10 
20180731637 2 6 8 10 4 1 9 3 5 7 
20180731638 9 4 8 10 3 7 6 2 5 1 
20180731639 7 8 6 1 4 2 5 3 10 9 
20180731640 9 4 6 8 10 2 5 3 7 1 
20180731641 4 3 5 9 7 1 6 8 10 2 
20180731642 9 3 2 8 5 4 6 10 1 7 
20180731643 2 5 3 4 7 10 9 6 8 1 
20180731644 9 2 8 4 10 7 1 6 3 5 
20180731645 8 1 4 5 10 9 2 6 3 7 
20180731646 6 4 10 2 1 8 9 3 5 7 
20180731647 2 8 9 5 4 7 1 3 6 10 
20180731648 1 5 3 9 7 10 6 8 2 4 
20180731649 5 10 1 7 3 8 2 9 6 4 
20180731650 6 2 8 9 10 7 4 3 1 5 
20180731651 1 2 7 9 8 10 6 4 5 3 
20180731652 3 10 6 2 4 9 7 8 1 5 
20180731653 7 1 8 2 4 10 3 6 9 5 
20180731654 9 1 3 8 2 7 10 5 4 6 
20180731655 8 2 3 7 6 9 5 1 4 10 
20180731656 10 7 8 1 3 4 6 5 9 2 
20180731657 3 7 4 8 9 1 6 10 5 2 
20180731658 7 8 9 1 2 4 10 6 5 3 
20180731659 8 6 4 7 10 1 3 5 2 9 
20180731660 7 3 1 5 2 4 9 8 6 10 
20180731661 2 7 9 4 3 1 5 6 10 8 
20180731662 10 5 2 3 7 8 1 6 4 9 
20180731663 8 5 2 6 4 3 9 7 10 1 
20180731664 9 3 5 1 6 10 8 4 2 7 
20180731665 6 7 8 4 2 10 1 5 3 9 
20180731666 10 7 2 1 4 8 3 6 5 9 
20180731667 1 3 10 5 4 7 2 6 9 8 
20180731668 4 10 3 7 6 2 5 8 9 1 
20180731669 9 4 6 2 10 5 3 7 1 8 
20180731670 10 2 3 1 5 7 4 6 9 8 
20180731671 4 10 3 6 7 5 9 2 1 8 
20180731672 7 3 9 8 6 4 1 10 2 5 
20180731673 7 9 10 4 2 6 3 5 8 1 
20180731674 2 6 5 4 9 10 3 1 7 8 
20180731675 10 5 2 4 9 1 8 6 7 3 
20180731676 1 9 2 5 3 8 10 7 4 6 
20180731677 2 5 4 6 10 8 9 1 7 3 
20180731678 3 2 8 6 9 10 4 5 1 7 
20180731679 8 7 9 5 1 3 2 10 4 6 
20180731680 7 4 10 5 6 3 8 9 1 2 
20180731681 4 5 3 8 10 7 2 6 1 9 
20180731682 6 2 10 7 8 1 9 3 4 5 
20180731683 8 5 9 1 10 6 2 7 3 4 
20180731684 5 2 8 10 9 1 6 7 3 4 
20180731685 5 2 3 4 6 10 7 1 9 8 
20180731686 2 10 4 9 5 1 7 8 3 6 
20180731687 10 3 9 7 6 5 8 4 2 1 
20180731688 4 2 1 8 9 3 6 10 7 5 
20180731689 5 1 10 4 2 9 7 8 3 6 
20180731690 8 9 10 1 2 7 4 6 5 3 
20180731691 8 4 3 7 5 2 9 10 6 1 
20180731692 2 7 1 5 6 4 10 8 9 3 
20180731693 9 2 3 1 10 7 6 4 5 8 
20180731694 1 4 2 5 9 3 10 8 6 7 
20180731695 10 2 5 8 4 9 6 1 3 7 
20180731696 5 10 6 8 2 7 9 3 1 4 
20180731697 8 5 6 10 3 9 7 4 1 2 
20180731698 5 8 9 3 2 7 4 10 1 6 
20180731699 2 9 1 10 5 4 6 8 3 7 
20180731700 2 1 8 5 6 4 9 7 3 10 
20180731701 1 4 6 10 9 3 8 2 7 5 
20180731702 9 1 4 6 10 8 7 3 5 2 
20180731703 7 1 6 10 3 9 2 8 5 4 
20180731704 7 2 1 9 8 5 6 3 10 4 
20180731705 5 6 2 4 10 1 3 9 8 7 
20180731706 1 8 3 2 9 10 5 7 6 4 
20180731707 2 1 7 3 6 10 9 5 4 8 
20180731708 4 9 3 7 2 10 5 6 1 8 
20180731709 6 4 8 9 5 1 2 3 10 7 
20180731710 2 7 6 1 5 9 10 4 3 8 
20180731711 3 8 2 4 10 5 9 7 1 6 
20180731712 2 6 1 10 3 4 8 9 5 7 
20180731713 3 10 8 7 2 5 1 6 4 9 
20180731714 1 5 9 3 4 10 8 7 6 2 
20180731715 2 3 6 4 9 10 5 1 7 8 
20180731716 5 6 10 3 2 1 4 9 8 7 
20180731717 3 10 9 2 6 1 7 5 4 8 
20180731718 2 1 5 7 3 9 4 8 10 6 
20180731719 9 8 1 3 2 6 5 4 10 7 
20180731720 10 6 7 1 8 9 5 2 4 3 
20180731721 10 7 9 8 2 3 1 5 6 4 
20180731722 2 7 10 5 9 6 3 8 1 4 
20180731723 8 4 7 6 2 10 1 9 3 5 
20180731724 3 7 10 9 2 8 6 1 5 4 
20180731725 4 8 1 10 9 2 3 6 5 7 
20180731726 5 1 6 7 10 2 8 4 9 3 
20180731727 6 9 10 3 8 4 5 1 7 2 
20180731728 3 9 7 5 6 2 1 10 8 4 
20180731729 7 4 8 1 2 3 10 5 9 6 
20180731730 9 1 3 6 10 7 2 4 8 5 
20180731731 1 7 3 9 2 8 4 10 5 6 
20180731732 4 5 2 6 3 8 10 1 9 7 
20180731733 10 4 6 3 9 5 1 8 2 7 
20180731734 2 8 9 4 5 3 7 1 10 6 
20180731735 6 10 4 7 2 9 1 5 8 3 
20180731736 2 8 5 3 7 10 4 1 9 6 
20180731737 3 7 2 6 8 1 4 5 9 10 
20180731738 2 1 8 5 9 4 3 6 10 7 
20180731739 4 3 6 2 10 7 5 9 1 8 
20180731740 2 3 5 6 4 8 10 9 1 7 
20180731741 1 7 9 2 5 6 4 3 8 10 
20180731742 3 1 9 7 4 10 6 8 2 5 
20180731743 4 6 7 5 8 1 10 9 3 2 
20180731744 7 3 8 9 10 4 2 1 6 5 
20180731745 9 3 7 8 5 2 10 6 4 1 
20180731746 1 2 10 4 7 6 5 9 8 3 
20180731747 9 8 1 5 4 3 2 10 7 6 
20180731748 1 9 2 10 4 6 5 7 8 3 
20180731749 6 1 10 2 5 7 4 9 3 8 
20180731750 1 3 8 2 7 10 5 9 6 4 
20180731751 6 10 3 8 2 4 7 9 5 1 
20180731752 1 4 6 9 7 3 8 10 2 5 
20180731753 3 10 4 5 1 8 9 7 6 2 
20180731754 10 5 7 9 4 3 6 2 1 8 
20180731755 2 10 8 9 1 5 3 4 6 7 
20180731756 10 1 4 3 7 8 9 6 5 2 
20180731757 5 10 9 4 6 7 2 1 3 8 
20180731758 2 8 6 10 1 5 9 4 3 7 
20180731759 3 7 10 4 5 1 9 8 2 6 
20180731760 1 6 8 10 5 9 7 2 4 3 
20180731761 9 7 10 3 4 6 2 5 8 1 
20180731762 9 10 8 6 5 4 2 7 3 1 
20180731763 6 9 3 7 1 10 2 4 8 5 
20180731764 8 10 4 3 1 5 6 2 9 7 
20180731765 8 4 2 5 1 10 9 6 7 3 
20180731766 10 6 7 8 1 2 5 3 9 4 
20180731767 6 5 4 8 7 3 2 10 9 1 
20180731768 3 2 10 9 4 6 1 7 8 5 
20180731769 7 1 8 4 3 2 10 6 5 9 
20180731770 6 2 8 4 5 7 1 10 9 3 
20180731771 2 9 7 8 5 1 6 4 3 10 
20180731772 3 8 5 4 2 10 9 6 1 7 
20180731773 7 3 9 4 5 1 8 10 2 6 
20180731774 5 9 7 8 3 2 1 4 10 6 
20180731775 7 4 2 5 9 6 10 3 1 8 
20180731776 2 5 6 7 3 8 10 1 4 9 
20180731777 3 1 2 6 4 9 7 8 5 10 
20180731778 9 3 5 4 7 1 8 2 6 10 
20180731779 7 1 4 3 5 9 10 2 8 6 
20180731780 9 1 10 4 5 3 7 8 2 6 
20180731781 7 8 2 1 3 5 9 10 6 4 
20180731782 7 8 3 1 2 6 4 5 9 10 
20180731783 1 4 6 3 8 5 10 9 2 7 
20180731784 1 9 5 2 4 6 10 3 7 8 
20180731785 5 8 10 9 3 4 6 7 1 2 
20180731786 3 5 1 2 8 9 4 6 10 7 
20180731787 7 1 5 8 4 2 6 3 9 10 
20180731788 4 8 1 9 10 7 2 3 5 6 
20180731789 1 7 2 8 6 4 3 9 10 5 
20180731790 3 6 2 10 4 7 5 8 1 9 
20180731791 4 7 3 9 1 2 10 5 6 8 
20180731792 4 5 9 6 1 8 2 7 10 3 
20180731793 10 6 9 3 8 7 4 5 2 1 
20180731794 10 2 6 5 7 3 1 8 4 9 
20180731795 6 10 2 7 3 5 8 4 9 1 
20180731796 1 4 2 9 3 6 8 10 7 5 
20180731797 2 4 8 5 1 7 9 6 10 3 
20180731798 2 6 8 9 1 4 5 7 3 10 
20180731799 10 9 6 7 5 3 8 1 2 4 
20180731800 2 3 6 9 1 8 10 4 5 7 
20180731801 1 9 2 4 8 6 5 10 7 3 
20180731802 9 8 7 10 6 5 2 3 1 4 
20180731803 10 3 9 1 4 7 2 6 8 5 
20180731804 6 1 3 4 8 5 2 10 7 9 
20180731805 7 3 5 10 6 8 9 2 4 1 
20180731806 2 7 4 10 6 1 5 8 3 9 
20180731807 6 8 5 2 10 4 3 1 9 7 
20180731808 6 3 8 2 10 1 5 9 4 7 
20180731809 7 4 6 1 10 5 9 8 3 2 
20180731810 3 5 2 4 6 1 7 10 9 8 
20180731811 8 10 7 4 3 5 6 9 2 1 
20180731812 8 7 4 9 3 10 6 5 2 1 
20180731813 4 2 8 3 6 7 9 5 1 10 
20180731814 1 2 8 5 4 9 7 10 6 3 
20180731815 8 2 6 1 9 10 7 3 4 5 
20180731816 5 2 9 6 4 10 7 8 1 3 
20180731817 10 3 5 9 2 4 6 8 7 1 
20180731818 6 3 1 8 9 7 10 2 4 5 
20180731819 3 9 6 8 1 7 2 5 10 4 
20180731820 9 5 7 1 6 10 2 4 3 8 
20180731821 3 6 1 7 10 8 4 2 5 9 
20180731822 8 10 1 6 9 3 2 5 4 7 
20180731823 6 1 7 5 10 2 4 3 8 9 
20180731824 5 9 10 1 3 7 4 8 2 6 
20180731825 1 3 6 4 9 8 7 10 5 2 
20180731826 3 1 10 4 5 2 9 6 7 8 
20180731827 10 3 6 4 1 9 7 5 8 2 
20180731828 6 4 10 7 2 8 9 1 3 5 
20180731829 6 3 2 4 10 7 1 9 8 5 
20180731830 7 5 8 10 9 3 2 1 4 6 
20180731831 1 6 9 7 5 3 8 4 10 2 
20180731832 3 4 5 7 9 1 8 10 2 6 
20180731833 8 4 10 5 3 2 6 7 1 9 
20180731834 3 5 4 10 7 1 2 9 8 6 
20180731835 1 5 4 10 3 2 8 7 6 9 
20180731836 5 1 4 9 8 6 3 2 10 7 
20180731837 4 2 8 10 9 5 1 6 7 3 
20180731838 3 9 1 4 6 2 5 7 8 10 
20180731839 7 8 4 5 9 10 6 1 3 2 
20180731840 6 3 1 5 4 8 2 7 9 10 
20180731841 8 1 6 3 5 2 10 7 4 9 
20180731842 1 3 5 10 7 6 8 2 4 9 
20180731843 1 8 7 3 10 2 9 4 5 6 
20180731844 1 7 3 9 6 8 10 2 5 4 
20180731845 9 1 6 10 5 4 8 7 2 3 
20180731846 9 4 6 7 10 2 1 8 3 5 
20180731847 5 4 7 3 6 10 9 8 1 2 
20180731848 8 3 7 10 4 6 2 5 9 1 
20180731849 2 4 3 8 1 10 7 5 9 6 
20180731850 10 2 7 5 9 1 4 3 6 8 
20180731851 2 3 6 5 4 9 1 7 8 10 
20180731852 9 7 10 2 6 8 5 3 4 1 
20180731853 9 6 7 3 8 4 5 1 2 10 
20180731854 9 4 5 3 6 2 8 7 1 10 
20180731855 10 8 4 1 5 9 7 6 2 3 
20180731856 4 6 9 3 7 8 2 5 10 1 
20180731857 3 4 7 10 6 9 1 5 8 2 
20180731858 1 8 5 4 10 6 7 3 2 9 
20180731859 1 6 2 10 9 7 5 4 3 8 
20180731860 3 9 4 7 2 1 10 8 6 5 
20180731861 7 1 8 9 5 2 3 4 6 10 
20180731862 4 6 2 7 5 3 1 10 9 8 
20180731863 6 7 5 9 8 1 4 10 3 2 
20180731864 9 10 6 3 7 2 1 4 5 8 
20180731865 1 9 5 10 6 2 4 8 3 7 
20180731866 1 6 9 2 3 8 5 7 10 4 
20180731867 8 2 9 6 5 1 4 7 3 10 
20180731868 1 4 7 3 10 2 6 8 5 9 
20180731869 8 10 9 6 2 4 5 1 7 3 
20180731870 10 9 8 7 2 1 4 5 3 6 
20180731871 8 9 7 2 5 4 1 6 10 3 
20180731872 1 3 7 4 5 8 10 6 2 9 
20180731873 3 5 9 1 2 8 4 6 7 10 
20180731874 7 2 9 6 4 1 3 5 10 8 
20180731875 6 9 8 3 4 10 5 1 7 2 
20180731876 4 6 7 9 2 3 5 1 10 8 
20180731877 3 7 4 9 1 2 5 8 6 10 
20180731878 7 2 8 9 5 3 4 1 10 6 
20180731879 9 8 7 2 4 1 3 10 6 5 
20180731880 7 2 10 5 6 1 8 3 9 4 
20180731881 1 10 7 6 9 8 3 4 5 2 
20180731882 6 2 8 10 7 5 9 3 1 4 
20180731883 2 9 4 10 7 3 5 8 6 1 
20180731884 8 9 1 4 7 6 10 3 5 2 
20180731885 6 10 9 7 8 1 4 2 3 5 
20180731886 5 10 1 8 6 2 4 7 9 3 
20180731887 10 2 7 4 3 6 1 8 9 5 
20180731888 2 9 10 6 1 5 8 3 7 4 
20180731889 5 10 9 6 2 7 1 3 4 8 
20180731890 7 9 3 4 2 1 6 10 8 5 
20180731891 8 1 10 4 7 3 9 2 6 5 
20180731892 6 3 7 4 8 1 2 10 9 5 
20180731893 8 4 1 3 10 5 2 7 9 6 
20180731894 7 2 6 1 3 8 9 4 5 10 
20180731895 5 1 8 10 9 2 6 7 3 4 
20180731896 6 8 10 9 7 2 4 1 5 3 
20180731897 1 2 9 7 8 10 4 6 3 5 
20180731898 6 9 1 4 7 10 8 2 3 5 
20180731899 3 5 2 8 6 1 9 7 10 4 
20180731900 8 1 5 2 4 3 7 10 9 6 
20180731901 4 9 7 3 6 2 8 5 1 10 
20180731902 3 10 9 1 5 2 4 7 6 8 
20180731903 1 4 7 8 10 9 3 5 2 6 
20180731904 1 9 8 5 7 2 10 4 6 3 
20180731905 4 2 7 10 5 1 3 6 8 9 
20180731906 6 4 3 8 7 5 9 2 10 1 
20180731907 1 3 7 2 10 5 6 9 4 8 
20180731908 1 10 5 3 8 6 2 9 7 4 
20180731909 6 8 10 9 7 2 5 4 3 1 
20180731910 5 3 2 10 4 8 7 6 9 1 
20180731911 6 8 10 3 9 5 2 4 7 1 
20180731912 10 8 2 5 9 6 7 1 3 4 
20180731913 10 2 8 7 3 6 1 4 5 9 
20180731914 2 4 1 8 3 5 10 9 7 6 
20180731915 8 9 4 7 1 2 5 6 3 10 
20180731916 9 3 1 10 7 2 4 5 6 8 
20180731917 7 9 1 10 8 4 5 6 3 2 
20180731918 6 4 9 1 2 7 10 3 8 5 
20180731919 5 9 2 10 1 8 3 4 6 7 
20180731920 10 2 5 9 1 6 7 4 3 8 
20180731921 8 5 4 1 9 2 6 3 7 10 
20180731922 7 10 1 6 9 2 8 3 5 4 
20180731923 10 3 7 5 2 9 8 1 6 4 
20180731924 4 7 5 2 9 3 10 6 1 8 
20180731925 6 9 3 1 7 8 4 2 5 10 
20180731926 8 3 6 2 9 5 10 4 1 7 
20180731927 3 1 8 10 9 2 7 4 6 5 
20180731928 7 5 6 3 4 9 1 10 8 2 
20180731929 9 10 5 4 1 7 8 3 2 6 
20180731930 4 6 2 3 8 10 7 9 1 5 
20180731931 10 1 7 6 3 2 4 9 8 5 
20180731932 8 10 1 4 7 6 3 9 5 2 
20180731933 8 5 3 7 1 2 9 4 10 6 
20180731934 5 2 8 3 1 9 6 10 4 7 
20180731935 2 8 4 7 6 10 1 3 5 9 
20180731936 10 3 2 4 9 6 5 7 8 1 
20180731937 6 2 5 8 7 3 10 4 9 1 
20180731938 7 8 10 6 2 1 3 4 5 9 
20180731939 7 5 1 8 2 3 10 9 6 4 
20180731940 2 8 4 3 9 7 5 6 1 10 
20180731941 2 3 4 5 10 6 8 1 9 7 
20180731942 4 7 2 3 6 10 9 8 1 5 
20180731943 2 5 6 3 8 10 9 7 1 4 
20180731944 9 1 8 5 10 2 7 3 6 4 
20180731945 8 3 10 9 5 7 1 2 4 6 
20180731946 1 9 4 7 8 3 6 5 2 10 
20180731947 7 6 1 10 2 8 9 3 5 4 
20180731948 4 9 8 1 6 10 2 5 7 3 
20180731949 8 10 1 3 2 6 7 5 4 9 
20180731950 10 5 8 9 1 7 2 4 6 3 
20180731951 3 8 5 9 1 4 7 6 2 10 
20180731952 3 4 2 8 7 1 5 6 10 9 
20180731953 10 2 6 9 8 1 3 4 5 7 
20180731954 5 1 7 3 8 6 10 4 9 2 
20180731955 9 1 4 8 5 3 7 6 2 10 
20180731956 9 4 3 1 5 8 6 2 7 10 
20180731957 3 7 10 5 9 8 1 4 2 6 
20180731958 5 3 8 6 7 1 4 10 9 2 
20180731959 1 2 5 7 10 9 8 6 3 4 
20180731960 3 7 4 10 1 8 2 9 5 6 
20180731961 8 9 2 3 6 10 5 4 7 1 
20180731962 2 9 7 6 3 1 5 4 10 8 
20180731963 5 3 10 8 9 1 7 4 6 2 
20180731964 10 8 7 1 6 3 2 4 5 9 
20180731965 2 9 3 10 5 6 4 8 1 7 
20180731966 5 7 2 10 1 8 3 4 6 9 
20180731967 1 3 4 10 8 7 6 9 2 5 
20180731968 10 4 3 8 5 9 2 1 6 7 
20180731969 6 1 7 4 8 2 10 5 3 9 
20180731970 2 4 6 8 3 9 10 7 5 1 
20180731971 10 8 3 1 2 6 7 9 4 5 
20180731972 6 2 9 7 3 8 1 10 4 5 
20180731973 7 4 5 2 1 3 8 9 10 6 
20180731974 9 5 1 6 3 2 8 10 7 4 
20180731975 7 10 1 6 2 4 5 9 3 8 
20180731976 5 10 9 6 3 4 7 1 8 2 
20180731977 7 6 3 1 5 2 9 10 8 4 
20180731978 1 4 3 8 9 6 2 7 10 5 
20180731979 3 2 1 4 7 8 6 9 5 10 
20180731980 8 3 6 2 5 7 1 10 4 9 
20180731981 4 3 5 9 2 8 10 1 7 6 
20180731982 8 10 3 6 4 7 5 2 9 1 
20180731983 9 1 3 5 8 7 10 6 2 4 
20180731984 1 5 2 10 8 9 6 4 3 7 
20180731985 1 10 5 2 7 3 4 8 6 9 
