20180723001 10 9 2 5 8 7 4 1 6 3 
20180723002 8 9 10 5 3 4 2 6 7 1 
20180723003 8 7 10 6 2 4 3 5 1 9 
20180723004 1 2 7 8 10 9 3 5 6 4 
20180723005 7 1 10 4 8 2 3 9 5 6 
20180723006 9 3 1 2 8 5 6 7 4 10 
20180723007 9 5 7 1 4 6 2 10 8 3 
20180723008 6 4 9 2 10 3 7 1 5 8 
20180723009 3 8 7 6 4 2 10 9 5 1 
20180723010 8 10 4 2 3 6 9 5 7 1 
20180723011 9 2 5 4 8 6 1 7 3 10 
20180723012 4 2 8 9 1 5 7 3 6 10 
20180723013 10 4 1 3 2 9 6 7 8 5 
20180723014 8 7 2 3 6 9 5 1 4 10 
20180723015 2 4 6 5 9 8 7 10 3 1 
20180723016 5 3 4 8 1 2 7 9 6 10 
20180723017 5 1 8 9 2 3 10 4 6 7 
20180723018 6 3 7 1 9 4 5 10 8 2 
20180723019 6 4 8 1 5 10 7 9 2 3 
20180723020 10 1 6 8 9 3 7 5 2 4 
20180723021 9 5 1 4 7 8 2 10 6 3 
20180723022 1 5 10 2 7 6 3 4 9 8 
20180723023 7 8 6 9 4 3 10 2 5 1 
20180723024 2 10 9 5 4 1 6 7 8 3 
20180723025 3 8 10 1 7 5 2 4 9 6 
20180723026 4 2 9 5 8 3 1 7 6 10 
20180723027 8 6 10 5 1 4 9 3 7 2 
20180723028 2 9 1 6 5 3 7 10 4 8 
20180723029 4 3 6 9 7 2 10 5 1 8 
20180723030 1 4 3 9 10 2 7 5 6 8 
20180723031 8 2 1 5 4 9 10 3 6 7 
20180723032 6 7 2 8 1 9 3 4 5 10 
20180723033 7 4 2 10 1 9 8 5 3 6 
20180723034 3 2 8 7 5 9 4 10 6 1 
20180723035 2 4 8 6 1 9 3 10 5 7 
20180723036 10 2 8 9 1 5 4 6 3 7 
20180723037 1 4 2 7 5 8 6 10 9 3 
20180723038 3 9 2 4 7 1 6 5 10 8 
20180723039 9 4 10 5 2 7 8 3 6 1 
20180723040 4 6 10 3 7 2 9 8 1 5 
20180723041 9 10 1 4 8 2 3 6 7 5 
20180723042 9 5 2 3 1 10 8 6 4 7 
20180723043 4 8 6 5 10 7 9 1 3 2 
20180723044 4 6 5 9 7 2 10 1 8 3 
20180723045 4 8 2 6 5 1 7 9 10 3 
20180723046 6 2 4 5 9 10 3 7 1 8 
20180723047 1 3 8 7 4 6 9 10 5 2 
20180723048 9 10 2 6 3 8 1 5 7 4 
20180723049 1 4 2 8 6 10 3 7 9 5 
20180723050 10 1 5 4 7 3 2 9 6 8 
20180723051 3 4 7 6 10 5 8 1 2 9 
20180723052 3 4 9 10 7 6 2 1 8 5 
20180723053 2 4 1 3 9 7 8 6 10 5 
20180723054 5 6 9 1 7 2 4 8 10 3 
20180723055 10 5 8 3 2 7 4 1 9 6 
20180723056 7 1 4 10 6 2 8 5 9 3 
20180723057 3 9 6 1 10 4 5 7 2 8 
20180723058 10 1 5 7 6 4 8 2 3 9 
20180723059 6 4 9 2 8 7 5 1 3 10 
20180723060 10 5 1 4 2 7 3 6 8 9 
20180723061 4 9 5 2 6 10 1 8 3 7 
20180723062 2 1 7 6 9 3 4 10 8 5 
20180723063 10 2 8 3 1 6 4 9 5 7 
20180723064 1 6 4 3 5 8 7 10 9 2 
20180723065 10 8 6 2 1 7 5 9 3 4 
20180723066 3 6 8 7 10 5 1 2 9 4 
20180723067 3 1 10 8 4 9 5 2 6 7 
20180723068 5 10 4 6 8 3 7 2 1 9 
20180723069 10 5 7 4 6 1 3 2 8 9 
20180723070 6 4 3 8 10 9 5 1 7 2 
20180723071 1 6 7 9 5 8 10 4 2 3 
20180723072 1 4 3 7 9 8 6 2 10 5 
20180723073 8 1 5 3 2 7 6 10 9 4 
20180723074 3 4 2 6 1 7 8 9 10 5 
20180723075 10 3 7 9 2 6 5 8 4 1 
20180723076 9 3 6 10 2 4 1 8 7 5 
20180723077 4 6 3 8 1 10 7 9 2 5 
20180723078 6 8 5 10 3 7 4 9 1 2 
20180723079 4 5 3 8 1 9 10 6 7 2 
20180723080 5 1 6 10 4 3 2 9 7 8 
20180723081 6 2 1 10 9 3 7 4 8 5 
20180723082 10 2 3 8 4 6 7 1 9 5 
20180723083 6 5 9 1 7 3 10 2 8 4 
20180723084 3 5 10 9 7 1 8 4 6 2 
20180723085 6 5 1 2 8 10 4 3 7 9 
20180723086 3 7 10 8 4 2 1 9 6 5 
20180723087 4 10 9 6 3 2 5 1 8 7 
20180723088 1 6 8 2 4 5 9 10 7 3 
20180723089 3 10 8 1 4 7 6 9 5 2 
20180723090 4 7 2 8 10 3 9 6 1 5 
20180723091 1 4 3 9 2 5 7 10 6 8 
20180723092 5 1 6 3 8 2 4 10 7 9 
20180723093 4 7 3 8 5 2 10 9 6 1 
20180723094 10 8 6 7 5 1 9 3 2 4 
20180723095 2 9 8 10 7 1 4 3 6 5 
20180723096 7 2 4 5 6 3 10 1 9 8 
20180723097 3 8 9 7 10 6 5 1 4 2 
20180723098 10 5 1 3 7 9 2 6 4 8 
20180723099 9 1 5 2 3 7 6 4 10 8 
20180723100 6 2 10 4 7 9 5 1 8 3 
20180723101 7 2 6 8 4 1 10 9 5 3 
20180723102 8 2 6 4 10 9 3 5 7 1 
20180723103 7 8 6 5 3 9 1 4 2 10 
20180723104 2 8 5 1 3 10 9 6 4 7 
20180723105 7 9 2 8 3 4 1 5 10 6 
20180723106 3 2 9 6 8 7 1 5 4 10 
20180723107 6 8 9 4 3 10 2 7 1 5 
20180723108 2 10 1 5 9 8 7 4 3 6 
20180723109 9 10 6 4 1 2 7 5 3 8 
20180723110 5 4 6 2 8 3 1 9 7 10 
20180723111 8 7 6 2 5 10 1 4 3 9 
20180723112 4 9 7 2 3 1 6 5 8 10 
20180723113 5 8 9 2 1 10 6 3 4 7 
20180723114 6 5 3 1 10 7 9 4 8 2 
20180723115 7 5 2 4 1 6 9 8 10 3 
20180723116 6 7 4 2 3 1 5 9 8 10 
20180723117 4 9 10 2 3 8 1 6 5 7 
20180723118 9 6 5 1 10 4 8 3 7 2 
20180723119 7 4 6 1 3 8 9 2 5 10 
20180723120 2 9 1 10 8 4 6 7 5 3 
20180723121 4 8 6 1 5 7 9 2 10 3 
20180723122 3 2 10 7 9 5 6 1 4 8 
20180723123 8 10 6 5 9 3 4 2 1 7 
20180723124 3 2 1 9 7 8 4 6 5 10 
20180723125 2 10 8 7 5 1 4 3 6 9 
20180723126 1 2 8 5 3 6 9 7 4 10 
20180723127 6 9 1 3 4 5 7 10 8 2 
20180723128 7 3 9 8 6 4 2 10 1 5 
20180723129 7 10 1 5 8 2 6 4 9 3 
20180723130 6 2 1 8 4 5 7 3 10 9 
20180723131 5 4 3 8 2 9 7 10 6 1 
20180723132 5 3 10 7 6 2 1 4 9 8 
20180723133 6 8 4 10 9 3 7 2 1 5 
20180723134 7 9 10 2 6 4 3 1 5 8 
20180723135 4 2 10 1 7 3 8 5 9 6 
20180723136 3 1 7 5 4 2 8 10 6 9 
20180723137 7 2 5 1 6 8 3 4 10 9 
20180723138 10 9 7 3 5 1 6 8 4 2 
20180723139 6 2 1 10 3 9 5 8 4 7 
20180723140 8 4 5 2 3 1 10 7 9 6 
20180723141 5 8 10 2 9 3 7 6 4 1 
20180723142 5 7 3 8 4 6 2 10 9 1 
20180723143 2 8 10 6 5 3 1 4 9 7 
20180723144 3 9 5 4 1 8 7 10 2 6 
20180723145 2 8 1 3 9 7 4 10 5 6 
20180723146 4 2 8 9 7 10 5 3 1 6 
20180723147 3 4 10 8 6 2 7 9 5 1 
20180723148 9 8 3 2 5 1 10 6 7 4 
20180723149 1 7 5 3 2 6 4 10 9 8 
20180723150 4 2 6 5 9 1 10 8 7 3 
20180723151 1 6 10 2 9 8 5 7 3 4 
20180723152 2 5 1 7 4 9 8 3 6 10 
20180723153 10 5 4 7 3 8 2 1 9 6 
20180723154 7 10 4 2 9 1 6 3 5 8 
20180723155 8 7 6 2 9 10 5 1 3 4 
20180723156 4 8 9 2 10 7 3 6 1 5 
20180723157 3 4 9 8 6 7 1 2 10 5 
20180723158 1 8 6 5 10 9 7 4 3 2 
20180723159 2 10 1 8 3 5 7 6 4 9 
20180723160 4 10 3 8 5 7 6 2 1 9 
20180723161 4 2 7 3 9 10 5 1 8 6 
20180723162 2 5 4 6 7 8 1 3 10 9 
20180723163 4 7 8 10 5 3 9 6 2 1 
20180723164 2 6 7 3 10 4 1 8 5 9 
20180723165 10 1 3 4 9 6 8 7 2 5 
20180723166 9 3 2 7 10 4 8 6 1 5 
20180723167 8 10 7 5 4 3 6 1 2 9 
20180723168 4 3 6 7 10 8 1 5 2 9 
20180723169 1 7 9 4 10 2 8 5 6 3 
20180723170 9 7 8 1 2 5 3 10 6 4 
20180723171 4 6 5 9 3 2 1 10 8 7 
20180723172 2 10 5 6 8 3 1 7 9 4 
20180723173 6 4 2 3 5 10 1 8 7 9 
20180723174 8 4 7 6 10 9 3 2 1 5 
20180723175 2 7 1 10 6 8 4 3 9 5 
20180723176 3 5 6 9 8 7 4 1 2 10 
20180723177 2 3 7 6 4 10 5 9 8 1 
20180723178 9 4 3 5 6 10 8 1 7 2 
20180723179 5 6 2 10 7 3 1 4 9 8 
20180723180 2 3 1 9 10 8 4 7 5 6 
20180723181 8 3 5 2 1 10 9 7 4 6 
20180723182 10 9 3 4 5 1 8 7 2 6 
20180723183 1 2 9 3 8 5 4 6 7 10 
20180723184 1 8 7 10 5 3 6 9 4 2 
20180723185 4 6 1 9 3 2 5 8 10 7 
20180723186 10 1 3 7 5 4 9 8 2 6 
20180723187 3 4 8 6 10 9 2 7 5 1 
20180723188 2 6 8 1 4 9 5 3 7 10 
20180723189 9 1 8 5 4 7 6 10 2 3 
20180723190 7 3 1 9 8 5 4 6 10 2 
20180723191 7 6 10 3 2 4 5 1 8 9 
20180723192 3 2 10 6 9 1 7 8 5 4 
20180723193 2 3 9 4 1 10 5 8 7 6 
20180723194 9 1 8 3 2 4 5 6 10 7 
20180723195 5 7 10 8 9 1 3 4 2 6 
20180723196 7 4 6 8 5 2 9 1 3 10 
20180723197 4 6 2 10 3 7 8 1 9 5 
20180723198 2 3 1 9 10 6 8 5 4 7 
20180723199 7 8 2 10 4 9 6 1 3 5 
20180723200 10 5 9 4 3 1 6 2 8 7 
20180723201 7 3 6 10 4 8 9 5 1 2 
20180723202 9 5 1 6 8 3 4 2 7 10 
20180723203 8 10 2 7 3 5 4 9 1 6 
20180723204 4 2 8 3 10 7 5 9 6 1 
20180723205 1 7 6 8 4 2 3 9 5 10 
20180723206 6 8 3 9 1 10 2 4 7 5 
20180723207 7 9 10 2 4 8 1 5 6 3 
20180723208 2 3 7 10 6 8 9 5 4 1 
20180723209 4 10 3 2 7 9 1 5 8 6 
20180723210 1 2 10 5 8 9 6 4 7 3 
20180723211 9 6 1 2 4 7 3 8 5 10 
20180723212 3 5 4 2 10 7 8 9 6 1 
20180723213 5 1 6 10 7 2 4 8 9 3 
20180723214 3 10 4 1 6 9 2 5 7 8 
20180723215 5 8 7 1 3 10 6 4 9 2 
20180723216 1 7 5 10 3 8 9 6 2 4 
20180723217 10 2 8 1 9 4 5 3 7 6 
20180723218 8 10 1 5 3 4 7 2 9 6 
20180723219 5 6 7 2 8 3 10 4 1 9 
20180723220 1 6 10 4 7 3 9 5 8 2 
20180723221 5 6 2 7 9 8 1 10 3 4 
20180723222 9 6 2 1 5 4 3 10 8 7 
20180723223 7 1 9 8 2 3 4 5 10 6 
20180723224 8 10 2 3 9 1 5 4 7 6 
20180723225 2 5 3 1 6 9 7 4 8 10 
20180723226 9 6 8 4 3 7 10 5 1 2 
20180723227 7 3 9 6 1 10 2 5 8 4 
20180723228 8 2 3 4 5 9 10 7 6 1 
20180723229 1 6 5 3 2 7 9 8 4 10 
20180723230 5 9 4 8 6 10 1 2 7 3 
20180723231 5 3 2 4 1 6 7 8 9 10 
20180723232 7 3 10 2 6 8 4 1 5 9 
20180723233 6 4 7 5 8 2 1 3 10 9 
20180723234 1 4 5 2 8 9 6 3 10 7 
20180723235 5 9 2 4 3 7 6 8 1 10 
20180723236 2 4 5 7 6 3 1 9 8 10 
20180723237 5 2 4 10 7 9 1 3 6 8 
20180723238 5 7 8 9 1 3 10 6 2 4 
20180723239 2 5 3 1 8 7 6 9 4 10 
20180723240 6 10 9 3 5 1 7 2 8 4 
20180723241 3 2 8 10 7 5 4 6 9 1 
20180723242 6 10 5 2 8 7 1 3 4 9 
20180723243 10 2 3 8 6 5 4 9 7 1 
20180723244 5 4 10 7 8 6 2 3 9 1 
20180723245 10 9 3 5 4 1 6 2 8 7 
20180723246 3 8 5 10 6 1 4 9 2 7 
20180723247 5 4 10 3 6 9 7 8 1 2 
20180723248 8 6 4 2 10 5 3 7 9 1 
20180723249 4 8 6 10 2 7 1 5 3 9 
20180723250 10 9 4 5 7 2 1 8 6 3 
20180723251 3 10 4 5 8 1 6 2 7 9 
20180723252 8 6 1 3 4 7 2 5 9 10 
20180723253 5 10 4 2 7 3 8 1 9 6 
20180723254 6 10 5 2 8 9 3 1 7 4 
20180723255 5 1 9 4 6 2 7 10 8 3 
20180723256 1 8 7 9 6 3 5 2 4 10 
20180723257 7 9 6 4 10 3 5 8 2 1 
20180723258 4 1 6 3 2 10 8 9 5 7 
20180723259 1 9 3 6 2 7 4 8 10 5 
20180723260 7 2 6 4 5 1 9 3 10 8 
20180723261 5 8 1 4 2 9 6 10 7 3 
20180723262 9 3 2 6 10 1 5 8 4 7 
20180723263 2 1 4 9 3 10 8 6 5 7 
20180723264 4 10 5 9 1 2 8 7 6 3 
20180723265 10 5 2 3 4 8 7 9 1 6 
20180723266 9 3 10 1 5 7 6 8 2 4 
20180723267 7 9 2 1 10 6 4 3 8 5 
20180723268 10 5 2 1 4 8 9 6 3 7 
20180723269 5 8 7 2 6 4 3 1 10 9 
20180723270 6 10 3 4 1 9 2 7 5 8 
20180723271 4 7 10 9 5 6 2 1 3 8 
20180723272 6 9 8 3 1 4 5 10 2 7 
20180723273 8 1 10 9 2 5 6 4 3 7 
20180723274 9 1 6 7 4 3 8 2 5 10 
20180723275 10 1 6 2 4 5 9 3 7 8 
20180723276 5 7 9 6 2 4 3 1 10 8 
20180723277 1 6 2 7 4 8 9 3 10 5 
20180723278 5 2 8 10 9 4 3 7 1 6 
20180723279 5 10 8 7 1 9 4 6 2 3 
20180723280 7 5 2 1 8 3 10 9 6 4 
20180723281 8 4 7 3 1 9 5 2 6 10 
20180723282 1 9 8 10 4 6 3 2 5 7 
20180723283 3 8 1 10 6 7 9 2 5 4 
20180723284 1 8 10 9 6 5 7 3 4 2 
20180723285 7 5 8 10 6 1 3 4 2 9 
20180723286 7 10 3 2 9 1 4 8 5 6 
20180723287 8 6 2 10 7 1 5 9 3 4 
20180723288 6 4 8 5 7 9 1 2 10 3 
20180723289 8 5 7 10 6 4 1 2 3 9 
20180723290 9 3 8 2 5 6 1 7 10 4 
20180723291 2 8 7 3 1 9 4 6 10 5 
20180723292 2 4 8 1 3 6 5 7 10 9 
20180723293 3 10 4 7 1 8 5 6 2 9 
20180723294 6 5 3 4 7 1 8 10 9 2 
20180723295 4 7 3 5 9 1 8 6 10 2 
20180723296 9 7 4 5 1 10 8 3 2 6 
20180723297 10 5 1 6 8 4 7 2 9 3 
20180723298 9 8 10 1 4 7 6 2 5 3 
20180723299 2 6 10 1 5 4 3 8 7 9 
20180723300 3 5 7 10 4 9 8 6 1 2 
20180723301 2 3 7 9 8 1 6 5 10 4 
20180723302 9 8 1 4 5 2 3 7 6 10 
20180723303 6 10 7 2 4 5 1 3 8 9 
20180723304 6 9 10 1 2 4 8 7 3 5 
20180723305 6 1 8 10 9 3 7 5 4 2 
20180723306 9 7 6 4 8 1 10 5 2 3 
20180723307 5 7 2 9 3 1 4 8 10 6 
20180723308 9 10 3 7 8 2 6 1 4 5 
20180723309 10 3 8 5 4 2 9 1 6 7 
20180723310 6 10 3 2 9 7 4 8 1 5 
20180723311 10 7 9 5 4 3 2 1 8 6 
20180723312 8 10 1 7 2 6 5 3 4 9 
20180723313 8 5 9 4 2 10 7 6 1 3 
20180723314 6 3 8 4 7 1 9 2 5 10 
20180723315 10 2 6 9 7 5 4 1 8 3 
20180723316 10 9 6 4 1 2 5 3 7 8 
20180723317 10 9 3 4 7 2 1 8 5 6 
20180723318 6 8 5 7 4 2 3 10 9 1 
20180723319 10 9 3 6 8 4 7 5 1 2 
20180723320 6 4 10 5 9 7 1 8 2 3 
20180723321 2 9 4 3 8 1 5 6 10 7 
20180723322 7 10 4 3 5 6 8 2 9 1 
20180723323 6 7 5 3 4 9 1 10 8 2 
20180723324 9 10 1 8 6 7 3 4 5 2 
20180723325 8 9 5 7 6 3 1 10 4 2 
20180723326 3 5 7 1 9 10 2 6 4 8 
20180723327 5 7 9 10 2 1 3 8 4 6 
20180723328 5 7 2 6 1 3 8 4 9 10 
20180723329 6 10 9 2 5 1 8 7 4 3 
20180723330 2 5 8 3 9 6 10 4 1 7 
20180723331 5 9 8 4 10 1 7 3 6 2 
20180723332 4 5 1 10 9 6 3 7 8 2 
20180723333 8 5 10 3 6 4 7 9 2 1 
20180723334 2 3 9 8 7 4 5 1 6 10 
20180723335 7 4 6 2 3 1 8 10 9 5 
20180723336 9 3 6 4 5 8 7 10 1 2 
20180723337 7 1 8 9 6 10 5 4 3 2 
20180723338 10 9 6 1 3 5 4 8 7 2 
20180723339 8 10 1 2 7 5 3 4 9 6 
20180723340 1 10 7 9 2 3 8 4 5 6 
20180723341 8 7 10 3 5 4 9 2 6 1 
20180723342 3 8 4 9 7 6 1 2 10 5 
20180723343 6 1 4 8 9 3 5 2 7 10 
20180723344 4 2 5 1 6 9 10 7 8 3 
20180723345 4 7 10 9 1 5 6 2 3 8 
20180723346 3 7 6 2 8 4 1 10 9 5 
20180723347 7 6 10 4 2 9 8 5 1 3 
20180723348 7 8 9 10 5 3 2 4 6 1 
20180723349 2 7 6 1 8 3 5 9 10 4 
20180723350 8 6 7 1 2 4 5 3 9 10 
20180723351 4 3 6 7 8 2 9 1 10 5 
20180723352 9 3 4 2 6 7 8 1 5 10 
20180723353 7 9 5 10 6 4 1 2 8 3 
20180723354 10 9 8 7 4 2 3 6 5 1 
20180723355 1 5 8 4 10 7 9 3 2 6 
20180723356 5 9 1 2 4 6 3 10 8 7 
20180723357 4 3 8 6 10 1 5 9 2 7 
20180723358 2 1 5 4 8 10 7 3 9 6 
20180723359 10 9 2 7 3 6 1 8 5 4 
20180723360 4 10 8 6 2 5 7 1 9 3 
20180723361 3 10 5 2 9 8 1 7 6 4 
20180723362 10 4 2 7 6 9 8 3 5 1 
20180723363 3 9 8 10 5 6 2 7 4 1 
20180723364 3 10 2 1 5 7 6 9 8 4 
20180723365 5 9 2 7 1 6 3 4 8 10 
20180723366 2 8 9 1 7 5 10 6 3 4 
20180723367 9 5 2 10 3 8 7 1 4 6 
20180723368 9 5 7 2 8 4 10 6 3 1 
20180723369 8 6 2 9 5 3 10 1 4 7 
20180723370 2 6 9 10 4 1 8 7 3 5 
20180723371 7 1 2 3 5 10 8 9 6 4 
20180723372 10 6 8 5 4 7 1 2 9 3 
20180723373 10 9 6 7 3 4 8 2 1 5 
20180723374 5 4 3 7 1 2 10 8 6 9 
20180723375 2 8 7 4 1 5 9 3 10 6 
20180723376 9 8 5 3 10 1 4 2 6 7 
20180723377 4 10 7 1 2 5 8 3 9 6 
20180723378 6 9 8 5 10 3 7 2 1 4 
20180723379 6 3 5 7 1 8 9 2 10 4 
20180723380 9 2 6 3 4 5 8 1 10 7 
20180723381 8 5 4 3 7 2 1 6 9 10 
20180723382 9 5 7 1 4 10 3 2 8 6 
20180723383 5 3 4 7 10 1 6 2 9 8 
20180723384 10 7 1 8 4 9 6 5 2 3 
20180723385 5 3 8 10 2 6 4 9 7 1 
20180723386 3 5 1 2 4 6 8 7 10 9 
20180723387 4 2 9 7 6 5 8 10 3 1 
20180723388 1 6 9 3 7 8 4 10 5 2 
20180723389 3 8 9 1 4 10 6 2 7 5 
20180723390 8 9 10 4 1 5 7 2 3 6 
20180723391 4 3 8 7 1 2 6 9 5 10 
20180723392 1 7 2 10 9 8 4 6 3 5 
20180723393 1 2 3 8 5 4 6 10 9 7 
20180723394 3 2 4 7 1 8 10 6 9 5 
20180723395 1 8 2 3 5 10 6 9 4 7 
20180723396 8 5 7 10 1 4 2 3 6 9 
20180723397 5 7 3 4 1 8 10 6 2 9 
20180723398 9 10 3 8 1 2 4 6 7 5 
20180723399 3 6 8 1 10 5 4 7 9 2 
20180723400 10 5 4 6 7 1 3 2 9 8 
20180723401 2 6 10 3 7 8 5 1 9 4 
20180723402 2 3 9 10 5 1 6 4 8 7 
20180723403 2 8 3 4 1 7 10 9 6 5 
20180723404 9 8 2 1 6 7 4 5 10 3 
20180723405 8 2 4 6 7 9 3 10 5 1 
20180723406 5 8 9 4 6 7 1 3 2 10 
20180723407 10 1 8 5 6 2 7 3 9 4 
20180723408 8 5 1 6 10 9 7 4 3 2 
20180723409 5 2 10 1 4 9 7 6 3 8 
20180723410 4 8 5 10 7 6 9 3 1 2 
20180723411 9 5 8 1 7 6 2 4 3 10 
20180723412 4 2 10 1 5 9 8 7 6 3 
20180723413 9 5 2 8 7 1 3 6 10 4 
20180723414 7 10 1 4 6 3 9 5 8 2 
20180723415 1 6 4 2 7 9 10 5 3 8 
20180723416 9 10 6 3 2 1 7 4 8 5 
20180723417 6 8 1 9 2 7 10 5 4 3 
20180723418 10 7 9 8 2 6 3 1 5 4 
20180723419 10 2 7 8 3 6 1 5 4 9 
20180723420 9 10 3 2 5 7 1 4 8 6 
20180723421 9 10 8 2 7 5 3 1 6 4 
20180723422 6 5 2 7 4 1 3 10 9 8 
20180723423 7 8 4 2 1 6 3 5 10 9 
20180723424 7 3 5 1 8 2 10 9 6 4 
20180723425 8 6 9 4 10 7 5 3 1 2 
20180723426 10 8 2 6 7 9 5 4 3 1 
20180723427 1 9 3 8 10 2 6 5 4 7 
20180723428 1 7 3 10 6 4 9 5 2 8 
20180723429 8 4 2 7 3 1 6 10 5 9 
20180723430 7 3 10 9 2 4 8 5 6 1 
20180723431 2 9 3 7 6 1 4 10 5 8 
20180723432 9 4 6 7 2 5 3 8 10 1 
20180723433 2 3 10 1 5 6 4 8 7 9 
20180723434 9 8 1 6 2 3 10 7 4 5 
20180723435 10 7 5 4 6 1 3 8 2 9 
20180723436 5 3 8 9 7 4 6 1 10 2 
20180723437 2 7 6 10 4 8 3 5 9 1 
20180723438 10 1 4 3 2 5 9 6 7 8 
20180723439 2 7 4 1 6 5 9 10 8 3 
20180723440 1 8 4 3 10 2 5 6 7 9 
20180723441 9 1 8 5 4 6 7 2 3 10 
20180723442 9 10 4 5 2 3 6 8 1 7 
20180723443 4 6 1 2 8 10 5 7 3 9 
20180723444 2 3 10 6 8 4 7 1 9 5 
20180723445 4 9 2 5 3 6 7 1 8 10 
20180723446 8 2 3 1 5 10 4 9 7 6 
20180723447 2 7 6 1 4 3 5 10 9 8 
20180723448 10 2 5 1 6 9 7 4 3 8 
20180723449 8 1 5 3 6 9 2 4 10 7 
20180723450 8 4 2 5 9 7 3 10 1 6 
20180723451 10 9 2 4 7 3 6 8 5 1 
20180723452 10 3 8 6 9 5 2 1 7 4 
20180723453 8 3 2 1 9 10 6 7 4 5 
20180723454 9 3 1 4 10 8 5 2 7 6 
20180723455 1 8 10 2 7 4 5 6 9 3 
20180723456 9 2 1 10 4 3 6 8 7 5 
20180723457 2 6 1 3 5 9 7 8 4 10 
20180723458 10 5 4 3 6 1 2 7 8 9 
20180723459 9 4 6 3 10 5 1 2 7 8 
20180723460 10 1 4 9 5 2 7 3 8 6 
20180723461 6 5 8 4 10 3 7 2 1 9 
20180723462 6 9 8 10 1 3 2 4 7 5 
20180723463 8 2 5 3 9 10 4 1 6 7 
20180723464 8 7 6 10 2 9 5 3 1 4 
20180723465 10 3 1 8 9 5 2 6 7 4 
20180723466 3 1 9 6 8 7 5 2 10 4 
20180723467 6 7 10 8 2 4 9 5 1 3 
20180723468 10 3 8 2 1 6 7 9 4 5 
20180723469 5 3 10 4 7 2 6 1 8 9 
20180723470 5 2 3 4 6 8 10 9 7 1 
20180723471 2 9 4 8 6 1 5 7 3 10 
20180723472 6 10 3 8 4 1 9 2 5 7 
20180723473 9 2 7 1 10 3 4 5 6 8 
20180723474 4 3 1 6 7 8 9 5 10 2 
20180723475 2 1 8 5 3 10 7 9 4 6 
20180723476 1 2 7 6 5 8 4 3 10 9 
20180723477 5 2 8 4 7 9 6 3 1 10 
20180723478 9 4 10 3 5 2 7 8 1 6 
20180723479 3 10 6 9 1 2 7 8 4 5 
20180723480 7 2 3 5 8 1 10 9 4 6 
20180723481 5 1 9 10 8 2 4 7 6 3 
20180723482 4 10 1 3 2 9 7 5 6 8 
20180723483 9 3 5 2 6 10 1 7 8 4 
20180723484 7 3 9 4 10 5 1 6 2 8 
20180723485 1 10 8 3 7 2 5 6 4 9 
20180723486 2 5 6 9 1 7 4 8 3 10 
20180723487 6 2 1 5 7 3 8 10 4 9 
20180723488 3 4 6 2 9 8 7 5 1 10 
20180723489 1 5 10 4 6 9 2 3 8 7 
20180723490 6 4 1 2 10 7 9 3 8 5 
20180723491 7 2 9 10 3 4 8 6 1 5 
20180723492 9 4 8 7 3 10 2 5 1 6 
20180723493 3 6 5 4 1 2 9 7 10 8 
20180723494 9 5 8 3 6 1 10 4 7 2 
20180723495 6 3 4 8 10 1 9 2 5 7 
20180723496 8 4 10 3 9 1 5 6 2 7 
20180723497 10 3 9 1 4 5 8 2 6 7 
20180723498 1 6 4 2 5 8 9 3 10 7 
20180723499 8 4 2 1 10 6 7 9 5 3 
20180723500 9 3 6 4 5 2 1 7 10 8 
20180723501 2 3 4 6 1 5 7 9 10 8 
20180723502 10 8 6 4 3 5 7 9 1 2 
20180723503 5 1 7 6 4 2 3 9 10 8 
20180723504 1 4 2 10 3 7 6 5 9 8 
20180723505 7 6 1 10 5 2 4 9 8 3 
20180723506 1 3 10 4 2 8 6 7 5 9 
20180723507 5 9 6 8 2 7 4 1 3 10 
20180723508 4 9 3 6 7 5 2 1 8 10 
20180723509 3 7 9 4 1 2 8 5 6 10 
20180723510 10 8 9 6 7 3 5 2 4 1 
20180723511 5 8 3 6 9 4 1 10 2 7 
20180723512 8 5 3 10 2 4 6 1 7 9 
20180723513 3 9 6 1 7 5 2 8 4 10 
20180723514 2 4 9 5 6 7 10 3 8 1 
20180723515 8 4 9 7 1 10 5 3 2 6 
20180723516 5 3 6 9 1 10 4 2 8 7 
20180723517 7 2 3 6 8 9 1 5 4 10 
20180723518 8 6 1 3 9 7 2 10 4 5 
20180723519 2 1 5 6 8 10 7 9 4 3 
20180723520 5 4 7 8 9 6 3 1 2 10 
20180723521 5 8 6 10 1 4 3 9 2 7 
20180723522 10 2 3 1 4 8 9 6 7 5 
20180723523 3 2 10 5 9 6 1 8 7 4 
20180723524 9 10 4 7 8 6 1 3 2 5 
20180723525 8 6 2 7 9 5 3 4 1 10 
20180723526 3 2 9 4 6 10 8 1 5 7 
20180723527 6 2 4 7 1 9 3 10 8 5 
20180723528 7 1 3 10 8 4 5 6 9 2 
20180723529 2 7 10 3 1 4 5 9 6 8 
20180723530 8 3 7 5 1 10 4 6 9 2 
20180723531 1 9 10 2 4 5 3 8 7 6 
20180723532 5 6 10 1 3 4 7 2 9 8 
20180723533 4 1 10 2 3 9 7 8 5 6 
20180723534 8 2 7 6 9 4 10 5 3 1 
20180723535 9 4 10 7 3 6 1 8 5 2 
20180723536 2 10 9 4 8 1 5 3 6 7 
20180723537 7 9 8 2 1 10 5 4 3 6 
20180723538 6 5 10 7 2 8 4 9 3 1 
20180723539 8 3 4 10 9 5 6 1 2 7 
20180723540 9 10 3 1 2 7 6 4 8 5 
20180723541 9 3 6 4 5 10 7 8 2 1 
20180723542 8 1 4 9 2 10 5 7 6 3 
20180723543 10 3 7 9 1 5 2 8 4 6 
20180723544 8 4 6 3 10 1 2 7 9 5 
20180723545 4 7 6 3 8 2 5 9 1 10 
20180723546 4 7 3 9 10 2 1 8 6 5 
20180723547 4 2 3 9 10 1 7 5 8 6 
20180723548 5 8 6 7 3 2 4 9 10 1 
20180723549 7 6 10 2 1 8 5 4 9 3 
20180723550 8 3 6 2 1 7 5 10 4 9 
20180723551 9 4 7 3 5 1 6 10 8 2 
20180723552 8 6 2 3 1 9 10 5 7 4 
20180723553 10 9 8 1 6 4 7 5 2 3 
20180723554 2 5 7 8 10 6 3 9 4 1 
20180723555 4 2 5 9 3 7 6 10 1 8 
20180723556 7 10 2 1 6 5 8 3 9 4 
20180723557 8 1 5 2 7 4 3 6 10 9 
20180723558 7 9 8 4 2 1 6 10 5 3 
20180723559 3 10 1 9 6 4 8 2 7 5 
20180723560 10 9 4 6 3 1 2 5 8 7 
20180723561 8 9 2 7 6 10 5 3 1 4 
20180723562 3 8 7 2 1 4 6 9 10 5 
20180723563 10 3 8 1 6 2 5 9 7 4 
20180723564 1 9 6 8 4 3 7 2 5 10 
20180723565 10 5 1 8 2 4 7 6 9 3 
20180723566 8 9 4 10 3 5 6 2 7 1 
20180723567 6 10 1 5 3 7 8 4 2 9 
20180723568 10 9 7 5 4 1 3 8 6 2 
20180723569 6 5 3 9 8 1 4 10 7 2 
20180723570 7 10 3 2 1 6 9 4 8 5 
20180723571 8 4 6 10 2 1 9 7 3 5 
20180723572 7 2 3 1 8 4 5 10 6 9 
20180723573 9 7 10 6 5 4 1 2 3 8 
20180723574 5 1 10 2 6 8 4 9 3 7 
20180723575 1 2 8 3 4 10 6 5 9 7 
20180723576 6 4 2 5 9 10 7 1 3 8 
20180723577 2 1 10 6 8 5 3 7 9 4 
20180723578 8 6 7 1 3 10 5 2 9 4 
20180723579 4 6 9 3 1 10 2 8 7 5 
20180723580 10 5 8 4 3 1 9 7 2 6 
20180723581 5 4 6 9 3 7 8 1 10 2 
20180723582 5 9 10 6 2 3 7 8 4 1 
20180723583 6 9 2 1 3 5 8 7 4 10 
20180723584 7 4 8 6 9 3 2 5 10 1 
20180723585 7 3 8 6 2 5 9 1 10 4 
20180723586 7 2 4 6 3 9 10 8 1 5 
20180723587 4 3 6 5 10 2 1 8 7 9 
20180723588 9 4 7 6 8 10 3 2 1 5 
20180723589 5 3 2 9 7 4 1 8 10 6 
20180723590 10 1 8 4 3 2 7 5 9 6 
20180723591 3 1 5 4 6 9 8 2 7 10 
20180723592 1 5 2 6 9 4 3 7 10 8 
20180723593 7 1 5 2 9 10 8 6 4 3 
20180723594 1 4 2 6 5 7 3 10 8 9 
20180723595 1 4 5 6 2 10 9 3 8 7 
20180723596 1 3 7 10 4 8 9 2 6 5 
20180723597 1 10 7 5 3 6 2 9 8 4 
20180723598 4 1 9 6 8 7 3 10 2 5 
20180723599 3 4 9 6 7 8 5 10 2 1 
20180723600 9 4 8 3 7 10 5 6 1 2 
20180723601 8 10 7 2 1 5 4 6 3 9 
20180723602 2 3 10 9 8 4 5 7 1 6 
20180723603 3 9 8 2 5 7 4 6 10 1 
20180723604 1 9 2 7 3 5 6 8 10 4 
20180723605 4 10 6 2 3 9 8 7 1 5 
20180723606 6 7 1 9 8 3 4 5 2 10 
20180723607 10 1 8 7 4 5 2 3 9 6 
20180723608 8 3 10 5 4 6 2 7 1 9 
20180723609 7 2 6 8 3 10 9 4 1 5 
20180723610 1 5 10 9 4 7 8 2 6 3 
20180723611 1 6 7 9 8 3 10 4 2 5 
20180723612 2 8 1 3 9 4 7 6 5 10 
20180723613 3 8 1 2 10 5 4 6 7 9 
20180723614 7 1 4 5 9 3 6 10 8 2 
20180723615 10 5 9 6 1 4 8 2 3 7 
20180723616 9 2 3 7 6 5 10 4 1 8 
20180723617 2 8 1 7 9 3 4 6 5 10 
20180723618 10 7 6 5 4 2 9 8 3 1 
20180723619 3 9 5 10 7 2 1 8 6 4 
20180723620 9 4 5 6 8 10 1 2 3 7 
20180723621 1 7 8 9 5 3 2 6 4 10 
20180723622 8 2 4 1 10 6 5 9 3 7 
20180723623 3 8 7 4 10 2 5 6 9 1 
20180723624 10 9 3 4 8 6 1 7 5 2 
20180723625 10 2 4 6 5 8 9 7 1 3 
20180723626 7 5 3 1 6 8 4 10 9 2 
20180723627 3 7 1 4 8 9 10 2 6 5 
20180723628 4 2 8 1 3 7 5 10 6 9 
20180723629 3 9 5 6 8 10 2 4 1 7 
20180723630 8 5 10 2 9 6 3 1 4 7 
20180723631 1 7 6 9 10 3 8 2 5 4 
20180723632 10 2 6 8 3 7 9 1 4 5 
20180723633 1 4 9 3 6 5 8 2 10 7 
20180723634 2 5 4 9 10 8 1 7 6 3 
20180723635 6 8 10 3 4 2 9 5 1 7 
20180723636 7 10 2 6 3 5 1 8 4 9 
20180723637 8 10 1 6 5 9 2 3 7 4 
20180723638 6 8 3 4 9 1 7 2 5 10 
20180723639 2 7 6 8 4 5 3 9 10 1 
20180723640 6 9 10 8 3 7 5 2 1 4 
20180723641 3 9 10 4 7 5 6 8 1 2 
20180723642 2 10 3 7 6 4 1 5 8 9 
20180723643 7 1 6 2 8 4 10 3 5 9 
20180723644 8 6 1 3 5 4 10 2 9 7 
20180723645 9 4 8 5 10 7 1 2 3 6 
20180723646 8 10 3 1 4 9 2 5 7 6 
20180723647 8 5 10 3 2 7 1 6 9 4 
20180723648 3 4 10 2 6 1 7 9 8 5 
20180723649 2 4 10 9 3 7 8 5 6 1 
20180723650 6 7 4 5 10 3 1 9 2 8 
20180723651 3 6 9 1 8 5 7 4 2 10 
20180723652 9 8 7 2 4 6 3 10 5 1 
20180723653 9 6 1 7 5 3 8 2 4 10 
20180723654 7 5 1 8 10 3 6 4 2 9 
20180723655 6 8 5 7 10 2 4 1 3 9 
20180723656 8 1 2 7 9 3 10 5 4 6 
20180723657 8 7 3 2 5 1 4 10 6 9 
20180723658 6 8 2 10 1 5 9 3 4 7 
20180723659 1 2 3 8 9 6 4 10 7 5 
20180723660 7 2 5 1 8 10 4 6 3 9 
20180723661 10 4 3 2 7 1 5 9 6 8 
20180723662 5 1 7 8 4 3 10 9 6 2 
20180723663 9 4 8 6 10 7 1 5 3 2 
20180723664 2 5 1 8 10 7 3 6 4 9 
20180723665 9 1 10 2 4 3 8 5 6 7 
20180723666 7 3 8 9 10 1 2 4 6 5 
20180723667 6 10 1 5 2 9 3 8 4 7 
20180723668 8 9 3 10 1 2 7 6 4 5 
20180723669 8 5 7 10 1 3 6 4 2 9 
20180723670 4 8 1 7 5 10 3 9 2 6 
20180723671 2 10 9 6 5 8 3 4 1 7 
20180723672 4 5 6 10 1 7 2 8 3 9 
20180723673 8 1 5 2 9 3 6 10 7 4 
20180723674 4 3 8 1 5 6 9 2 7 10 
20180723675 7 8 9 4 10 2 5 1 6 3 
20180723676 3 1 4 7 10 9 2 6 8 5 
20180723677 4 8 10 1 3 2 6 5 7 9 
20180723678 1 5 8 10 9 2 3 6 4 7 
20180723679 8 3 1 2 5 9 6 7 10 4 
20180723680 2 9 3 1 6 4 5 10 7 8 
20180723681 8 6 3 7 5 1 2 10 9 4 
20180723682 5 4 1 2 6 10 8 3 7 9 
20180723683 6 4 10 3 5 2 9 8 1 7 
20180723684 3 6 10 9 2 7 8 4 5 1 
20180723685 5 3 2 4 8 6 9 1 10 7 
20180723686 6 8 1 3 7 2 10 4 5 9 
20180723687 9 2 1 6 3 10 4 7 8 5 
20180723688 1 4 5 7 3 9 2 6 8 10 
20180723689 1 4 6 10 3 7 2 5 9 8 
20180723690 5 9 6 1 8 3 10 7 4 2 
20180723691 2 4 5 1 8 9 3 7 10 6 
20180723692 2 6 5 8 4 9 1 7 10 3 
20180723693 7 2 3 10 9 5 4 6 8 1 
20180723694 8 2 1 6 7 9 5 10 3 4 
20180723695 4 2 10 9 6 1 3 5 8 7 
20180723696 8 5 1 10 4 6 3 7 2 9 
20180723697 1 9 5 7 10 3 6 8 2 4 
20180723698 2 1 10 9 4 3 6 8 7 5 
20180723699 6 1 2 5 3 4 10 7 9 8 
20180723700 9 1 6 7 5 4 3 2 8 10 
20180723701 2 9 10 7 4 8 1 6 5 3 
20180723702 7 8 3 4 1 5 2 10 6 9 
20180723703 1 10 9 2 7 3 4 6 8 5 
20180723704 4 10 7 1 5 6 2 9 8 3 
20180723705 9 2 3 8 1 6 4 5 7 10 
20180723706 1 8 3 10 5 7 6 2 4 9 
20180723707 2 3 5 8 9 7 1 4 6 10 
20180723708 5 8 7 2 1 6 10 3 4 9 
20180723709 2 10 7 8 3 6 1 4 9 5 
20180723710 7 8 5 1 2 3 4 9 6 10 
20180723711 9 7 1 2 6 3 4 5 10 8 
20180723712 3 1 6 2 10 5 9 7 4 8 
20180723713 6 5 7 4 3 1 10 2 9 8 
20180723714 3 8 7 9 2 5 6 1 4 10 
20180723715 3 6 7 5 2 4 1 10 9 8 
20180723716 3 9 1 5 8 6 2 7 10 4 
20180723717 10 9 3 7 5 8 1 4 6 2 
20180723718 10 6 8 4 5 1 2 9 3 7 
20180723719 9 1 10 8 5 2 6 3 7 4 
20180723720 8 9 2 3 4 6 7 10 5 1 
20180723721 2 9 5 1 10 8 6 3 4 7 
20180723722 2 9 4 7 3 5 6 1 8 10 
20180723723 8 2 6 4 1 5 9 7 10 3 
20180723724 8 9 6 1 3 2 10 5 7 4 
20180723725 4 5 10 8 6 1 9 7 3 2 
20180723726 5 8 7 4 1 3 10 2 6 9 
20180723727 9 3 2 7 10 4 6 8 5 1 
20180723728 4 10 3 7 2 6 5 9 8 1 
20180723729 3 6 7 4 2 10 8 1 5 9 
20180723730 1 7 9 6 3 2 5 4 8 10 
20180723731 3 1 7 10 9 8 5 2 4 6 
20180723732 6 10 4 7 1 3 2 9 8 5 
20180723733 2 6 1 4 5 10 7 9 3 8 
20180723734 5 8 3 4 1 6 10 2 7 9 
20180723735 9 2 7 3 1 10 5 6 8 4 
20180723736 5 10 8 3 4 7 9 6 1 2 
20180723737 7 3 5 4 9 6 10 2 8 1 
20180723738 10 3 2 5 6 1 7 9 8 4 
20180723739 3 8 5 6 9 10 4 2 1 7 
20180723740 10 4 2 7 9 8 1 3 5 6 
20180723741 5 8 7 10 4 1 3 6 9 2 
20180723742 2 8 5 10 7 6 4 3 9 1 
20180723743 2 4 7 9 1 6 5 3 8 10 
20180723744 3 4 9 2 6 5 8 1 10 7 
20180723745 7 4 1 5 3 10 9 8 2 6 
20180723746 2 7 6 8 1 4 3 5 9 10 
20180723747 6 7 1 3 4 8 5 2 10 9 
20180723748 4 10 1 5 8 6 3 9 2 7 
20180723749 6 4 3 5 7 1 9 2 8 10 
20180723750 4 8 7 5 10 9 1 3 6 2 
20180723751 4 5 1 9 10 2 8 7 6 3 
20180723752 8 7 5 10 2 6 3 1 4 9 
20180723753 2 6 10 4 3 1 7 9 8 5 
20180723754 7 6 3 9 1 4 5 2 8 10 
20180723755 5 7 9 8 3 6 1 4 10 2 
20180723756 1 7 4 8 6 10 2 9 3 5 
20180723757 1 6 7 9 5 2 8 10 3 4 
20180723758 7 4 10 9 2 3 8 1 6 5 
20180723759 1 6 9 5 2 4 8 7 10 3 
20180723760 8 1 10 9 7 5 3 2 6 4 
20180723761 7 9 2 8 6 3 10 4 1 5 
20180723762 10 4 9 3 6 8 1 2 7 5 
20180723763 7 1 10 3 4 8 2 6 5 9 
20180723764 4 8 7 5 9 3 2 6 1 10 
20180723765 3 7 1 4 9 10 5 8 2 6 
20180723766 5 10 2 8 4 9 3 7 6 1 
20180723767 3 4 10 7 2 9 5 8 6 1 
20180723768 3 10 7 9 6 1 2 8 5 4 
20180723769 2 4 1 7 3 8 6 10 9 5 
20180723770 3 7 10 8 1 2 9 5 6 4 
20180723771 4 2 10 3 7 6 5 8 9 1 
20180723772 4 1 7 2 6 3 5 10 9 8 
20180723773 7 4 10 8 1 2 3 9 6 5 
20180723774 1 10 8 9 7 5 4 3 2 6 
20180723775 6 2 4 10 5 7 9 3 1 8 
20180723776 6 10 1 2 7 5 8 4 3 9 
20180723777 1 5 8 6 2 10 4 3 7 9 
20180723778 5 4 3 1 7 9 10 8 6 2 
20180723779 1 9 8 6 5 2 4 3 7 10 
20180723780 1 3 5 7 6 10 8 9 2 4 
20180723781 4 8 1 5 3 2 7 10 9 6 
20180723782 9 8 5 6 10 7 2 4 3 1 
20180723783 7 1 6 8 3 4 9 2 10 5 
20180723784 4 7 3 1 2 5 8 10 9 6 
20180723785 5 1 3 2 6 9 4 10 7 8 
20180723786 4 9 1 8 7 2 5 3 6 10 
20180723787 9 6 4 8 7 5 3 10 1 2 
20180723788 5 2 4 1 9 10 8 7 3 6 
20180723789 8 1 4 7 3 10 2 5 6 9 
20180723790 10 4 5 1 3 2 6 9 8 7 
20180723791 1 6 8 2 9 4 5 7 3 10 
20180723792 7 5 8 10 2 1 9 3 6 4 
20180723793 2 7 4 9 6 5 1 10 8 3 
20180723794 5 9 3 7 10 8 1 6 4 2 
20180723795 5 2 6 3 4 9 8 10 1 7 
20180723796 8 5 10 9 1 3 6 2 4 7 
20180723797 5 1 4 8 7 3 2 6 10 9 
20180723798 3 8 6 9 7 10 1 2 5 4 
20180723799 9 2 5 4 7 8 6 3 1 10 
20180723800 3 10 4 7 6 5 2 8 1 9 
20180723801 8 7 5 2 3 10 1 9 6 4 
20180723802 4 7 5 2 3 8 9 6 10 1 
20180723803 6 9 3 8 4 1 7 10 5 2 
20180723804 1 4 10 9 5 7 6 2 8 3 
20180723805 1 4 9 10 5 6 3 7 2 8 
20180723806 6 2 10 7 1 5 8 9 4 3 
20180723807 8 7 4 5 10 3 9 2 6 1 
20180723808 9 6 3 7 4 2 10 8 1 5 
20180723809 8 2 1 9 6 10 4 5 3 7 
20180723810 6 10 5 1 7 9 8 2 4 3 
20180723811 3 8 4 6 7 5 9 1 10 2 
20180723812 8 10 2 4 1 3 6 5 7 9 
20180723813 2 1 4 3 9 7 5 10 6 8 
20180723814 1 2 4 7 3 9 8 6 10 5 
20180723815 9 7 2 10 4 3 1 8 5 6 
20180723816 4 6 2 7 8 10 3 9 5 1 
20180723817 7 1 8 4 2 9 6 10 3 5 
20180723818 8 6 4 2 3 9 7 10 1 5 
20180723819 8 1 7 9 6 5 10 3 2 4 
20180723820 8 10 3 7 4 9 2 6 5 1 
20180723821 7 1 9 4 6 8 2 3 5 10 
20180723822 2 9 5 8 10 3 4 1 7 6 
20180723823 7 10 5 1 4 2 6 9 8 3 
20180723824 3 10 7 8 9 2 1 5 4 6 
20180723825 3 9 5 1 6 8 4 2 10 7 
20180723826 7 3 1 10 6 2 9 4 5 8 
20180723827 3 9 10 7 4 8 5 6 2 1 
20180723828 10 1 9 7 8 6 2 5 4 3 
20180723829 9 2 6 8 10 3 5 7 4 1 
20180723830 2 5 10 6 7 8 9 1 3 4 
20180723831 3 9 4 8 2 5 10 7 1 6 
20180723832 4 7 8 9 5 2 3 6 10 1 
20180723833 2 4 6 10 8 3 1 5 9 7 
20180723834 7 1 4 8 10 9 5 6 2 3 
20180723835 9 4 10 5 6 7 3 1 2 8 
20180723836 7 5 2 10 9 4 8 1 6 3 
20180723837 4 10 2 1 6 3 9 8 5 7 
20180723838 1 4 6 2 5 8 10 3 9 7 
20180723839 2 8 1 10 5 9 6 3 7 4 
20180723840 8 7 10 3 4 9 1 5 6 2 
20180723841 1 8 7 5 3 4 10 6 9 2 
20180723842 5 10 2 8 4 1 6 9 3 7 
20180723843 2 5 4 9 3 7 10 6 1 8 
20180723844 1 4 2 9 7 6 3 10 5 8 
20180723845 8 7 2 1 5 9 6 3 4 10 
20180723846 8 5 7 4 2 6 3 10 1 9 
20180723847 3 4 9 7 10 6 1 5 2 8 
20180723848 5 2 9 3 4 10 6 1 8 7 
20180723849 7 5 1 10 4 6 2 3 8 9 
20180723850 1 3 6 8 2 4 10 9 7 5 
20180723851 3 1 9 7 10 4 2 6 8 5 
20180723852 4 1 10 6 2 8 7 3 9 5 
20180723853 9 3 10 6 8 7 4 5 2 1 
20180723854 6 4 1 9 7 3 8 5 2 10 
20180723855 8 1 5 9 2 10 6 7 4 3 
20180723856 8 3 10 2 5 7 4 9 1 6 
20180723857 9 5 1 3 6 10 8 4 7 2 
20180723858 10 1 7 6 4 2 8 9 3 5 
20180723859 8 3 4 7 6 5 9 1 10 2 
20180723860 5 4 1 9 2 10 7 6 8 3 
20180723861 4 3 10 2 5 1 7 8 9 6 
20180723862 5 6 3 10 8 2 1 7 4 9 
20180723863 1 7 4 3 10 8 5 6 2 9 
20180723864 1 8 9 6 4 3 10 5 7 2 
20180723865 4 3 9 1 10 6 2 8 5 7 
20180723866 6 3 7 10 4 2 1 5 9 8 
20180723867 8 10 5 7 4 3 1 6 9 2 
20180723868 7 8 5 1 10 6 2 4 3 9 
20180723869 6 8 5 9 1 7 4 10 2 3 
20180723870 4 7 8 1 6 5 2 3 9 10 
20180723871 2 6 7 9 8 3 10 5 4 1 
20180723872 4 8 6 5 7 1 2 3 9 10 
20180723873 8 7 6 10 2 4 1 5 3 9 
20180723874 4 2 10 8 1 5 9 6 7 3 
20180723875 2 4 10 5 7 6 9 3 1 8 
20180723876 1 5 10 8 7 6 3 4 2 9 
20180723877 2 4 8 6 5 10 7 1 3 9 
20180723878 3 7 1 2 8 9 4 5 10 6 
20180723879 4 5 8 2 1 3 9 7 10 6 
20180723880 7 10 4 8 5 6 1 3 9 2 
20180723881 10 9 5 6 2 8 3 1 4 7 
20180723882 2 10 3 4 7 5 8 9 1 6 
20180723883 2 7 6 9 10 3 4 8 5 1 
20180723884 3 1 10 7 8 9 2 5 6 4 
20180723885 7 3 1 5 4 2 10 6 9 8 
20180723886 3 2 1 6 4 7 5 8 10 9 
20180723887 8 9 2 3 6 4 10 7 5 1 
20180723888 3 10 9 1 5 8 2 7 4 6 
20180723889 3 4 2 6 5 1 7 10 9 8 
20180723890 1 10 6 5 3 4 9 8 2 7 
20180723891 8 6 1 10 4 3 9 2 5 7 
20180723892 4 5 3 9 2 6 7 8 1 10 
20180723893 6 7 9 4 1 3 5 8 2 10 
20180723894 7 1 2 8 10 6 3 5 9 4 
20180723895 9 6 5 3 4 10 8 2 1 7 
20180723896 10 1 9 2 7 6 4 8 3 5 
20180723897 4 7 10 5 2 9 3 6 1 8 
20180723898 7 10 2 1 4 6 3 5 9 8 
20180723899 8 10 2 3 7 1 5 4 6 9 
20180723900 3 9 4 5 8 10 2 7 1 6 
20180723901 2 6 5 7 10 1 3 9 4 8 
20180723902 4 9 1 8 10 3 7 2 6 5 
20180723903 9 4 8 5 3 1 2 10 7 6 
20180723904 8 2 1 4 5 6 10 3 9 7 
20180723905 5 1 10 8 6 3 9 2 7 4 
20180723906 7 1 9 8 4 5 2 10 6 3 
20180723907 7 4 5 1 8 2 10 3 9 6 
20180723908 4 3 5 7 1 8 9 10 2 6 
20180723909 6 10 2 1 8 9 4 3 5 7 
20180723910 4 7 5 6 1 9 2 10 8 3 
20180723911 2 6 1 9 7 4 8 10 5 3 
20180723912 9 4 2 10 8 5 7 3 6 1 
20180723913 10 8 6 1 5 2 3 7 9 4 
20180723914 4 7 3 2 6 5 9 8 1 10 
20180723915 2 6 9 10 4 3 1 7 8 5 
20180723916 1 5 4 3 2 10 9 7 8 6 
20180723917 10 7 1 2 5 6 3 4 8 9 
20180723918 10 7 4 2 8 5 6 1 3 9 
20180723919 10 7 5 3 2 1 4 6 8 9 
20180723920 1 9 4 3 8 2 7 5 10 6 
20180723921 7 9 5 2 10 6 4 8 3 1 
20180723922 5 10 3 8 7 9 6 4 2 1 
20180723923 5 4 6 9 3 1 10 8 2 7 
20180723924 1 9 6 4 5 2 7 3 10 8 
20180723925 1 7 3 9 10 4 6 8 2 5 
20180723926 3 2 6 5 9 1 7 8 10 4 
20180723927 4 1 9 2 10 6 5 7 8 3 
20180723928 4 7 2 3 1 10 9 5 6 8 
20180723929 7 1 6 3 2 8 9 5 10 4 
20180723930 4 2 10 8 7 1 6 3 5 9 
20180723931 6 9 10 4 1 8 7 2 3 5 
20180723932 2 6 8 3 4 7 5 10 9 1 
20180723933 3 9 7 10 6 1 4 2 5 8 
20180723934 6 1 2 5 7 9 8 3 10 4 
20180723935 9 6 1 5 4 2 7 10 8 3 
20180723936 10 4 2 6 5 8 7 3 1 9 
20180723937 8 1 9 4 7 2 10 6 3 5 
20180723938 3 4 6 1 2 8 7 5 9 10 
20180723939 1 8 5 9 4 2 3 7 6 10 
20180723940 4 5 8 3 2 6 1 7 10 9 
20180723941 5 1 9 6 3 7 4 8 2 10 
20180723942 6 5 4 8 1 3 2 9 7 10 
20180723943 3 7 10 6 5 8 9 2 4 1 
20180723944 1 6 9 10 3 4 7 5 2 8 
20180723945 5 7 6 4 9 8 1 10 2 3 
20180723946 7 9 8 4 1 2 10 3 5 6 
20180723947 7 2 9 5 10 4 3 1 8 6 
20180723948 6 4 2 1 9 8 3 5 7 10 
20180723949 4 6 7 3 2 9 1 8 10 5 
20180723950 8 3 1 6 9 2 10 4 7 5 
20180723951 8 9 10 4 2 5 7 6 3 1 
20180723952 7 1 6 2 3 4 9 5 10 8 
20180723953 1 6 8 3 7 2 9 4 5 10 
20180723954 7 5 4 3 6 9 8 10 2 1 
20180723955 6 3 8 2 1 4 10 9 7 5 
20180723956 6 1 7 5 2 10 8 3 4 9 
20180723957 5 3 8 1 2 9 10 6 4 7 
20180723958 9 3 8 2 10 6 5 4 7 1 
20180723959 7 1 3 10 6 4 5 2 9 8 
20180723960 3 6 2 10 4 8 1 9 7 5 
20180723961 10 8 3 6 7 1 2 9 5 4 
20180723962 9 3 6 10 8 7 2 1 4 5 
20180723963 9 4 6 8 5 10 1 7 3 2 
20180723964 6 3 4 1 9 7 8 2 5 10 
20180723965 3 4 6 8 5 10 1 7 2 9 
20180723966 7 2 6 4 8 5 3 1 9 10 
20180723967 9 4 7 3 1 2 8 10 5 6 
20180723968 8 9 2 3 4 1 5 10 6 7 
20180723969 8 9 4 6 1 2 7 3 5 10 
20180723970 7 6 5 10 9 1 8 3 2 4 
20180723971 10 2 3 9 5 6 8 7 1 4 
20180723972 8 7 6 5 10 4 1 2 3 9 
20180723973 7 10 3 4 8 1 5 6 9 2 
20180723974 1 3 7 9 8 4 6 5 2 10 
20180723975 4 6 1 10 8 9 5 2 3 7 
20180723976 7 9 8 6 1 2 4 5 3 10 
20180723977 8 10 6 1 3 4 5 7 9 2 
20180723978 10 6 9 2 1 3 7 8 5 4 
20180723979 10 3 1 9 2 7 8 5 6 4 
20180723980 10 7 4 6 5 9 2 1 3 8 
20180723981 3 4 10 7 6 8 1 9 2 5 
20180723982 4 6 9 1 3 10 5 7 8 2 
20180723983 6 10 3 5 9 2 4 7 1 8 
20180723984 6 5 9 2 1 4 3 8 7 10 
20180723985 9 5 10 7 3 1 8 6 2 4 
