20180718001 6 2 5 3 8 1 4 10 7 9 
20180718002 5 4 7 3 9 2 8 6 10 1 
20180718003 4 9 10 5 6 3 1 8 7 2 
20180718004 2 8 7 4 5 9 3 6 10 1 
20180718005 4 8 6 10 2 1 3 5 7 9 
20180718006 5 7 6 9 4 8 1 10 3 2 
20180718007 9 3 10 7 5 2 8 6 1 4 
20180718008 8 6 2 5 7 3 4 10 9 1 
20180718009 3 4 6 1 5 7 8 2 9 10 
20180718010 7 8 10 3 2 9 5 1 6 4 
20180718011 1 2 8 6 3 10 9 7 5 4 
20180718012 5 8 7 1 4 2 10 6 3 9 
20180718013 8 5 10 9 3 4 1 6 7 2 
20180718014 1 7 9 3 10 8 4 6 5 2 
20180718015 6 8 3 4 7 1 2 5 10 9 
20180718016 7 8 6 10 3 9 2 1 4 5 
20180718017 6 5 8 3 1 7 10 9 4 2 
20180718018 3 9 8 7 2 5 10 1 6 4 
20180718019 4 10 8 6 3 2 5 7 9 1 
20180718020 2 8 3 1 10 9 4 5 6 7 
20180718021 2 3 7 5 10 6 9 1 8 4 
20180718022 6 7 8 9 4 1 3 10 5 2 
20180718023 3 5 6 7 10 4 8 2 9 1 
20180718024 10 6 4 7 9 1 5 2 3 8 
20180718025 5 3 1 2 9 10 6 8 7 4 
20180718026 8 2 7 1 9 4 6 3 10 5 
20180718027 7 3 2 6 9 8 10 4 5 1 
20180718028 5 10 9 8 1 6 7 3 4 2 
20180718029 1 5 2 7 8 4 3 10 9 6 
20180718030 10 8 5 4 7 9 6 1 2 3 
20180718031 4 1 9 2 10 6 3 8 5 7 
20180718032 1 5 7 4 6 8 3 10 2 9 
20180718033 8 1 9 6 2 5 4 7 10 3 
20180718034 2 10 8 1 7 9 6 3 4 5 
20180718035 1 7 6 8 10 9 5 4 2 3 
20180718036 10 7 1 8 9 5 3 4 6 2 
20180718037 6 5 3 2 4 10 1 8 7 9 
20180718038 1 5 4 7 10 6 2 9 3 8 
20180718039 10 9 7 2 4 8 6 1 5 3 
20180718040 6 5 8 7 10 1 3 4 2 9 
20180718041 2 6 7 4 3 9 10 5 1 8 
20180718042 1 10 7 9 6 4 8 3 5 2 
20180718043 10 5 2 9 6 1 3 8 4 7 
20180718044 4 8 5 3 7 9 10 1 6 2 
20180718045 10 3 5 8 4 1 9 2 7 6 
20180718046 9 7 10 6 2 4 5 8 1 3 
20180718047 5 7 3 9 1 8 2 6 4 10 
20180718048 7 5 8 9 6 2 1 10 4 3 
20180718049 10 5 3 6 9 4 1 7 2 8 
20180718050 10 5 3 8 2 1 4 6 9 7 
20180718051 3 9 5 2 4 8 7 6 1 10 
20180718052 3 5 7 2 10 9 1 4 8 6 
20180718053 8 4 6 2 10 1 7 9 5 3 
20180718054 9 1 5 8 4 7 6 10 2 3 
20180718055 3 6 4 8 7 2 5 9 10 1 
20180718056 1 8 10 4 7 2 9 6 5 3 
20180718057 6 8 4 10 9 2 7 5 3 1 
20180718058 2 7 10 5 9 4 8 1 6 3 
20180718059 7 6 1 4 2 8 9 10 5 3 
20180718060 7 8 1 10 2 5 4 9 6 3 
20180718061 8 5 4 9 6 2 3 1 10 7 
20180718062 10 4 3 8 6 7 2 1 5 9 
20180718063 7 8 2 9 10 6 3 5 1 4 
20180718064 10 4 8 1 5 6 2 7 3 9 
20180718065 10 4 7 5 3 8 6 1 9 2 
20180718066 8 6 3 10 2 4 9 7 5 1 
20180718067 10 1 3 5 7 2 8 4 9 6 
20180718068 2 4 3 9 10 1 6 8 7 5 
20180718069 3 5 7 8 2 1 9 6 10 4 
20180718070 4 10 6 7 1 9 3 2 5 8 
20180718071 9 3 4 2 10 5 7 6 1 8 
20180718072 6 4 7 5 3 2 1 8 9 10 
20180718073 2 1 4 8 7 10 3 9 6 5 
20180718074 9 10 7 5 4 1 2 3 6 8 
20180718075 7 5 8 10 4 1 6 2 9 3 
20180718076 2 5 7 6 8 9 3 4 1 10 
20180718077 6 8 4 2 3 10 7 9 5 1 
20180718078 5 6 1 7 4 9 8 3 10 2 
20180718079 10 8 7 3 4 9 1 5 6 2 
20180718080 9 2 7 6 5 8 10 1 3 4 
20180718081 8 2 5 4 6 9 7 10 3 1 
20180718082 6 7 2 1 9 4 5 8 3 10 
20180718083 3 10 7 5 6 4 2 1 8 9 
20180718084 9 1 4 8 5 2 3 6 10 7 
20180718085 2 3 8 7 4 6 9 5 10 1 
20180718086 3 1 8 2 9 5 6 4 10 7 
20180718087 2 6 1 9 7 10 5 8 3 4 
20180718088 9 1 10 6 7 4 3 8 5 2 
20180718089 6 5 4 9 7 8 1 3 2 10 
20180718090 9 10 2 6 4 8 5 7 1 3 
20180718091 7 1 8 3 2 4 10 9 5 6 
20180718092 4 6 8 1 5 2 3 10 9 7 
20180718093 4 1 5 9 10 7 8 6 3 2 
20180718094 4 1 5 2 10 6 7 3 8 9 
20180718095 8 5 7 3 1 10 4 6 9 2 
20180718096 7 3 8 9 5 4 2 10 1 6 
20180718097 1 4 2 8 10 3 7 6 5 9 
20180718098 10 4 1 7 9 3 6 5 2 8 
20180718099 5 4 6 10 1 3 8 2 7 9 
20180718100 3 4 8 6 1 5 9 10 2 7 
20180718101 2 9 10 3 8 4 1 6 7 5 
20180718102 3 2 8 10 7 1 4 6 5 9 
20180718103 3 10 7 1 8 9 4 5 6 2 
20180718104 4 1 9 8 10 2 3 5 7 6 
20180718105 2 4 1 5 3 7 8 10 6 9 
20180718106 5 1 2 7 4 3 8 10 6 9 
20180718107 1 9 6 4 10 2 3 7 8 5 
20180718108 2 5 7 6 3 10 4 9 1 8 
20180718109 3 10 8 9 2 1 7 6 5 4 
20180718110 10 8 2 5 6 9 4 7 3 1 
20180718111 4 6 2 10 3 5 1 7 8 9 
20180718112 2 5 6 4 8 1 3 9 7 10 
20180718113 9 2 5 1 6 4 8 7 10 3 
20180718114 2 10 7 8 1 5 6 3 9 4 
20180718115 5 6 7 4 8 10 2 1 3 9 
20180718116 10 6 7 3 5 8 4 1 9 2 
20180718117 6 7 1 8 5 3 10 9 4 2 
20180718118 6 5 2 4 8 7 1 3 10 9 
20180718119 1 10 6 8 9 5 7 3 2 4 
20180718120 3 6 2 5 10 7 9 1 4 8 
20180718121 1 10 5 6 9 7 2 8 4 3 
20180718122 7 4 1 2 9 8 5 10 6 3 
20180718123 4 3 2 6 9 8 1 7 10 5 
20180718124 6 8 1 3 7 4 10 5 9 2 
20180718125 10 7 1 8 2 6 4 3 5 9 
20180718126 7 10 9 8 4 6 1 3 2 5 
20180718127 3 1 4 5 2 7 10 6 9 8 
20180718128 1 9 6 2 10 5 7 3 8 4 
20180718129 6 10 1 7 2 9 5 4 3 8 
20180718130 10 3 1 4 8 5 6 9 2 7 
20180718131 6 1 3 2 9 7 8 5 10 4 
20180718132 2 3 10 1 8 6 5 4 7 9 
20180718133 4 9 1 3 2 10 7 5 8 6 
20180718134 2 4 6 3 8 1 10 5 7 9 
20180718135 8 9 2 4 6 5 3 7 1 10 
20180718136 9 2 5 3 6 4 10 8 7 1 
20180718137 5 9 3 8 1 4 6 10 7 2 
20180718138 1 5 10 8 2 6 7 9 3 4 
20180718139 5 8 4 10 6 7 1 9 2 3 
20180718140 5 7 3 4 10 8 2 1 9 6 
20180718141 9 10 2 4 6 7 1 3 5 8 
20180718142 5 4 10 8 1 7 9 6 2 3 
20180718143 10 2 1 9 7 5 8 6 3 4 
20180718144 8 5 6 3 1 7 10 2 4 9 
20180718145 10 3 6 9 5 1 2 4 8 7 
20180718146 5 10 3 8 2 4 6 7 1 9 
20180718147 7 2 3 5 8 6 1 9 4 10 
20180718148 9 7 10 8 6 1 4 5 2 3 
20180718149 7 6 5 8 3 9 10 1 2 4 
20180718150 10 8 4 5 7 6 2 9 3 1 
20180718151 3 7 4 6 2 8 1 10 9 5 
20180718152 3 10 8 2 5 1 9 6 4 7 
20180718153 8 2 6 10 9 3 1 5 7 4 
20180718154 3 2 8 7 4 6 5 1 10 9 
20180718155 7 8 6 5 9 2 1 10 3 4 
20180718156 7 10 2 4 5 9 1 8 3 6 
20180718157 7 2 5 9 4 8 6 3 1 10 
20180718158 4 8 5 10 7 1 9 3 6 2 
20180718159 3 5 2 9 4 10 6 8 1 7 
20180718160 10 8 3 4 9 6 7 5 2 1 
20180718161 1 2 9 7 5 4 3 8 10 6 
20180718162 3 8 7 9 1 4 10 5 2 6 
20180718163 1 9 5 4 10 2 6 7 8 3 
20180718164 10 5 6 8 2 9 3 7 4 1 
20180718165 9 6 2 10 1 4 8 5 7 3 
20180718166 5 10 6 2 4 1 3 7 8 9 
20180718167 2 3 9 5 7 1 6 8 4 10 
20180718168 7 4 9 8 5 3 2 6 10 1 
20180718169 9 1 4 5 7 8 2 6 10 3 
20180718170 6 8 7 2 5 1 9 10 3 4 
20180718171 2 5 8 7 6 3 1 10 4 9 
20180718172 6 5 8 9 4 2 3 7 1 10 
20180718173 4 3 6 5 9 10 2 8 7 1 
20180718174 5 2 4 1 6 10 3 8 9 7 
20180718175 4 10 3 8 2 9 1 6 5 7 
20180718176 1 2 5 9 3 6 7 4 10 8 
20180718177 2 1 4 6 7 10 9 8 5 3 
20180718178 8 5 4 1 10 9 7 6 3 2 
20180718179 9 5 7 2 6 10 8 4 3 1 
20180718180 1 6 5 3 4 2 9 7 10 8 
20180718181 10 6 4 8 5 2 1 3 7 9 
20180718182 3 6 5 9 7 1 2 10 8 4 
20180718183 4 3 10 7 5 6 9 2 1 8 
20180718184 9 7 1 5 2 4 8 6 10 3 
20180718185 2 3 10 5 9 1 6 7 8 4 
20180718186 7 2 8 6 9 3 4 1 5 10 
20180718187 7 5 6 8 2 10 4 9 3 1 
20180718188 2 7 10 6 8 5 1 3 9 4 
20180718189 9 5 6 2 10 4 8 7 1 3 
20180718190 10 2 7 6 4 3 5 1 9 8 
20180718191 6 9 7 1 10 2 5 8 3 4 
20180718192 10 9 5 6 1 4 2 8 7 3 
20180718193 2 3 7 10 6 1 9 5 4 8 
20180718194 9 5 4 2 6 1 10 8 3 7 
20180718195 1 6 9 3 5 7 8 10 2 4 
20180718196 2 3 8 9 10 6 7 5 4 1 
20180718197 3 7 6 4 9 8 10 5 2 1 
20180718198 7 9 10 5 1 6 8 3 4 2 
20180718199 9 3 10 6 5 4 8 2 7 1 
20180718200 1 2 7 4 3 9 8 10 5 6 
20180718201 9 10 5 7 6 1 3 8 2 4 
20180718202 10 3 6 8 1 5 9 7 4 2 
20180718203 9 6 5 7 10 3 2 8 4 1 
20180718204 10 4 3 9 6 5 2 8 1 7 
20180718205 6 2 4 5 8 3 7 9 10 1 
20180718206 6 10 7 1 3 4 5 9 2 8 
20180718207 9 3 2 4 8 10 6 7 5 1 
20180718208 5 10 4 1 2 3 7 8 9 6 
20180718209 8 3 6 2 9 4 5 1 10 7 
20180718210 3 7 5 8 2 10 4 1 9 6 
20180718211 2 4 7 10 8 3 6 1 5 9 
20180718212 6 4 5 3 1 2 9 7 10 8 
20180718213 2 5 9 7 3 6 10 1 4 8 
20180718214 7 8 2 3 10 6 1 9 4 5 
20180718215 5 9 1 3 8 2 7 4 10 6 
20180718216 1 7 6 2 5 9 3 4 8 10 
20180718217 9 2 5 1 7 8 10 6 3 4 
20180718218 9 4 7 1 10 6 8 2 3 5 
20180718219 4 9 5 6 3 1 7 2 8 10 
20180718220 9 3 7 5 6 8 1 2 4 10 
20180718221 1 3 5 8 6 7 4 2 10 9 
20180718222 8 5 10 1 9 3 2 7 6 4 
20180718223 9 5 10 6 4 3 7 8 2 1 
20180718224 3 6 7 2 8 9 1 5 4 10 
20180718225 6 1 7 8 2 5 10 9 4 3 
20180718226 7 5 4 3 1 6 8 9 2 10 
20180718227 5 3 4 8 6 2 7 1 10 9 
20180718228 7 6 8 9 2 5 3 10 1 4 
20180718229 2 9 7 8 6 5 1 3 4 10 
20180718230 7 4 6 10 9 5 2 1 8 3 
20180718231 3 7 9 5 10 8 2 6 1 4 
20180718232 5 7 4 1 2 8 10 6 9 3 
20180718233 1 8 3 9 4 7 2 5 10 6 
20180718234 4 8 9 10 1 5 3 6 7 2 
20180718235 5 8 10 3 4 2 6 9 7 1 
20180718236 4 10 9 5 3 1 6 7 8 2 
20180718237 2 9 3 6 10 7 5 4 1 8 
20180718238 7 6 4 2 5 10 1 8 9 3 
20180718239 7 6 3 4 8 1 2 5 9 10 
20180718240 3 8 9 4 7 2 10 6 5 1 
20180718241 5 6 9 2 10 8 7 3 4 1 
20180718242 3 9 2 8 7 6 10 4 5 1 
20180718243 1 10 7 4 6 9 8 2 3 5 
20180718244 5 8 9 2 7 10 3 1 6 4 
20180718245 4 1 2 6 7 9 3 5 10 8 
20180718246 3 2 7 10 1 6 9 4 5 8 
20180718247 4 5 3 1 10 9 6 2 7 8 
20180718248 4 8 1 5 7 6 9 2 3 10 
20180718249 3 9 6 5 7 2 8 4 1 10 
20180718250 4 5 9 10 6 7 1 3 8 2 
20180718251 10 1 6 2 3 4 5 7 9 8 
20180718252 4 8 6 3 1 5 10 9 7 2 
20180718253 8 7 3 10 2 1 5 9 6 4 
20180718254 10 4 7 2 5 1 9 6 8 3 
20180718255 9 4 6 7 8 5 2 10 3 1 
20180718256 1 3 2 5 9 4 8 10 6 7 
20180718257 7 3 2 10 1 6 4 5 8 9 
20180718258 6 1 5 10 4 7 9 2 8 3 
20180718259 6 2 3 9 10 4 1 7 8 5 
20180718260 1 3 9 2 6 7 10 8 5 4 
20180718261 6 2 3 1 5 8 4 9 7 10 
20180718262 2 10 6 9 8 3 5 7 1 4 
20180718263 2 10 3 5 8 4 1 9 6 7 
20180718264 4 3 1 7 5 10 2 9 6 8 
20180718265 7 10 3 6 4 2 1 5 8 9 
20180718266 9 4 3 7 10 8 5 1 2 6 
20180718267 5 1 4 10 9 2 6 7 3 8 
20180718268 8 9 6 5 2 7 10 3 4 1 
20180718269 8 10 9 1 7 5 4 2 3 6 
20180718270 7 10 8 3 2 4 9 1 6 5 
20180718271 1 8 7 2 3 4 10 9 6 5 
20180718272 9 10 2 7 4 5 6 8 1 3 
20180718273 5 2 1 7 4 6 3 9 8 10 
20180718274 3 6 4 2 8 7 5 1 10 9 
20180718275 3 9 4 5 7 8 6 10 2 1 
20180718276 6 7 8 4 1 5 3 2 10 9 
20180718277 3 5 8 10 9 2 7 4 6 1 
20180718278 6 7 9 1 5 8 3 2 10 4 
20180718279 6 5 10 1 7 2 8 4 3 9 
20180718280 10 5 3 7 2 6 4 1 9 8 
20180718281 2 3 10 9 7 4 8 5 1 6 
20180718282 1 10 7 8 3 4 6 5 2 9 
20180718283 10 3 6 8 7 4 5 9 2 1 
20180718284 7 6 10 1 4 3 5 2 9 8 
20180718285 5 6 10 3 2 8 7 4 1 9 
20180718286 8 4 5 1 9 7 10 3 6 2 
20180718287 9 10 1 7 6 4 2 3 8 5 
20180718288 6 3 4 8 5 2 10 1 9 7 
20180718289 6 1 4 5 10 7 8 2 9 3 
20180718290 10 8 1 3 6 7 4 2 9 5 
20180718291 1 9 5 3 2 4 8 6 10 7 
20180718292 5 2 7 10 6 3 4 9 8 1 
20180718293 8 6 5 9 3 1 4 2 10 7 
20180718294 3 9 5 8 4 10 6 1 2 7 
20180718295 10 2 8 7 6 3 5 1 4 9 
20180718296 9 2 10 8 7 6 3 1 4 5 
20180718297 4 10 6 2 9 5 8 3 7 1 
20180718298 5 3 1 10 6 2 4 9 8 7 
20180718299 9 1 6 5 10 8 4 3 2 7 
20180718300 6 3 4 8 10 1 7 5 9 2 
20180718301 5 2 6 3 8 10 7 1 4 9 
20180718302 5 9 7 10 1 2 4 6 8 3 
20180718303 3 6 5 1 9 10 4 7 2 8 
20180718304 5 10 4 9 3 7 1 8 2 6 
20180718305 9 5 7 6 3 2 10 4 8 1 
20180718306 4 1 5 6 2 10 9 8 3 7 
20180718307 1 7 4 5 3 10 2 8 6 9 
20180718308 2 5 9 3 8 1 7 10 4 6 
20180718309 1 9 5 4 6 7 10 3 2 8 
20180718310 1 10 2 8 5 9 6 3 4 7 
20180718311 3 4 9 5 6 7 8 1 2 10 
20180718312 10 7 5 8 2 9 6 1 3 4 
20180718313 5 3 8 6 2 7 4 1 9 10 
20180718314 2 10 3 9 6 4 5 8 7 1 
20180718315 5 7 3 9 6 4 10 1 8 2 
20180718316 4 9 3 7 8 2 5 1 10 6 
20180718317 10 6 5 8 7 4 9 3 1 2 
20180718318 6 2 10 1 7 3 9 8 4 5 
20180718319 1 3 8 10 7 4 9 2 6 5 
20180718320 7 2 9 3 10 4 6 8 5 1 
20180718321 3 10 5 7 1 2 8 4 9 6 
20180718322 5 9 6 4 8 3 1 10 2 7 
20180718323 6 3 4 10 8 2 7 9 1 5 
20180718324 2 10 4 5 7 1 9 8 6 3 
20180718325 5 1 7 6 2 3 4 10 8 9 
20180718326 9 6 10 8 2 3 1 4 5 7 
20180718327 10 3 9 7 4 1 2 5 8 6 
20180718328 4 10 2 7 6 3 8 9 1 5 
20180718329 9 7 8 6 1 5 4 10 3 2 
20180718330 1 9 6 7 10 4 3 2 8 5 
20180718331 5 1 7 6 9 4 3 10 2 8 
20180718332 3 6 10 1 2 5 4 7 8 9 
20180718333 8 3 7 9 10 4 2 5 1 6 
20180718334 7 2 8 10 1 3 9 4 5 6 
20180718335 10 5 6 8 2 9 7 1 4 3 
20180718336 8 2 9 1 4 10 7 6 3 5 
20180718337 6 7 10 1 9 4 2 3 5 8 
20180718338 5 2 10 3 9 1 8 7 6 4 
20180718339 8 9 7 2 5 3 6 4 1 10 
20180718340 4 10 2 7 5 8 1 9 6 3 
20180718341 1 5 10 4 2 8 9 6 3 7 
20180718342 5 7 8 1 6 3 4 9 10 2 
20180718343 4 7 1 9 6 5 8 10 3 2 
20180718344 7 2 8 1 3 4 6 10 9 5 
20180718345 4 8 1 7 2 9 3 5 6 10 
20180718346 3 8 7 2 10 4 5 9 1 6 
20180718347 6 5 2 1 10 3 9 7 4 8 
20180718348 10 5 6 8 1 3 9 4 2 7 
20180718349 10 1 4 2 6 3 9 5 8 7 
20180718350 7 9 6 4 8 5 1 10 3 2 
20180718351 5 6 9 3 1 4 8 2 7 10 
20180718352 5 3 8 7 2 4 6 1 9 10 
20180718353 7 10 1 9 2 4 8 3 6 5 
20180718354 4 1 6 5 10 8 7 2 3 9 
20180718355 8 10 2 4 1 3 9 6 5 7 
20180718356 5 1 7 10 2 4 6 8 9 3 
20180718357 7 9 3 8 2 6 4 5 10 1 
20180718358 4 2 3 9 5 10 1 6 8 7 
20180718359 6 1 2 9 3 7 8 5 10 4 
20180718360 10 5 4 2 8 7 3 1 6 9 
20180718361 2 9 10 4 5 6 1 7 8 3 
20180718362 10 6 3 1 5 9 8 2 7 4 
20180718363 5 10 9 6 2 1 3 8 4 7 
20180718364 4 6 10 9 7 3 2 8 5 1 
20180718365 5 8 3 4 6 7 1 2 9 10 
20180718366 1 2 9 6 10 7 3 5 4 8 
20180718367 1 9 10 8 2 4 3 6 7 5 
20180718368 10 1 6 8 4 9 5 7 2 3 
20180718369 9 6 8 2 3 7 1 4 5 10 
20180718370 4 10 1 9 7 3 2 5 6 8 
20180718371 8 4 3 1 6 7 9 2 5 10 
20180718372 8 4 1 2 5 6 3 7 10 9 
20180718373 9 8 7 5 4 1 3 6 10 2 
20180718374 7 10 5 3 6 1 2 4 8 9 
20180718375 1 4 8 3 5 9 7 2 10 6 
20180718376 4 9 8 3 5 1 2 6 10 7 
20180718377 5 2 8 7 10 3 6 9 1 4 
20180718378 6 4 5 1 2 9 8 10 3 7 
20180718379 6 7 10 3 2 1 9 4 8 5 
20180718380 2 6 1 9 4 3 7 8 5 10 
20180718381 3 8 1 7 4 6 5 9 2 10 
20180718382 5 4 9 7 3 6 8 1 10 2 
20180718383 3 8 10 2 1 7 4 6 5 9 
20180718384 4 2 1 5 3 6 8 7 10 9 
20180718385 7 5 9 10 6 1 2 4 8 3 
20180718386 4 5 9 2 7 10 6 3 1 8 
20180718387 1 8 10 4 6 9 7 2 5 3 
20180718388 7 6 2 8 1 9 3 10 5 4 
20180718389 9 5 3 10 6 1 7 2 4 8 
20180718390 8 1 9 2 3 5 10 6 4 7 
20180718391 3 2 10 4 6 8 1 5 7 9 
20180718392 5 6 8 7 10 1 4 3 9 2 
20180718393 1 10 7 5 8 6 3 4 9 2 
20180718394 2 5 8 10 4 6 9 1 3 7 
20180718395 8 4 5 7 10 1 3 6 2 9 
20180718396 2 1 4 6 3 9 10 5 8 7 
20180718397 2 3 6 10 4 7 9 8 1 5 
20180718398 6 10 7 5 1 8 3 9 4 2 
20180718399 9 3 1 2 5 10 6 4 7 8 
20180718400 7 9 3 4 2 5 10 6 1 8 
20180718401 1 5 3 4 9 7 8 6 2 10 
20180718402 8 9 3 2 5 1 4 6 10 7 
20180718403 8 2 7 4 10 9 1 6 5 3 
20180718404 7 6 5 8 2 3 10 9 1 4 
20180718405 10 3 9 2 5 1 8 6 7 4 
20180718406 4 8 3 9 1 2 6 10 7 5 
20180718407 3 4 5 8 9 10 1 6 2 7 
20180718408 7 2 10 4 1 6 8 5 9 3 
20180718409 2 10 9 7 5 8 6 1 3 4 
20180718410 5 1 9 2 10 4 7 3 8 6 
20180718411 2 4 9 8 5 3 10 7 6 1 
20180718412 9 10 5 8 4 6 7 1 3 2 
20180718413 7 4 10 8 9 6 2 3 5 1 
20180718414 10 7 8 2 4 5 1 9 6 3 
20180718415 9 6 2 5 3 1 7 8 10 4 
20180718416 8 4 10 1 3 9 5 7 6 2 
20180718417 7 9 1 5 4 2 8 10 6 3 
20180718418 1 8 4 3 2 10 7 9 5 6 
20180718419 5 2 9 4 6 3 10 1 8 7 
20180718420 7 8 2 9 10 6 5 1 4 3 
20180718421 1 4 6 2 7 9 5 10 8 3 
20180718422 9 10 5 7 4 1 8 2 6 3 
20180718423 2 7 1 9 10 6 8 3 4 5 
20180718424 6 8 3 5 2 7 1 4 9 10 
20180718425 4 5 10 8 2 7 1 6 9 3 
20180718426 10 8 7 2 5 4 9 6 1 3 
20180718427 6 4 1 5 9 8 3 7 10 2 
20180718428 4 5 2 7 8 9 10 6 3 1 
20180718429 1 7 3 2 4 9 5 10 8 6 
20180718430 2 3 10 9 6 4 5 7 8 1 
20180718431 3 2 4 7 10 9 6 8 1 5 
20180718432 7 3 10 2 4 5 1 6 8 9 
20180718433 4 10 9 2 7 3 6 1 8 5 
20180718434 6 9 2 10 3 4 7 8 1 5 
20180718435 4 7 8 2 10 9 1 6 3 5 
20180718436 3 6 2 7 8 9 1 5 10 4 
20180718437 2 7 9 8 1 6 5 4 10 3 
20180718438 4 1 7 10 6 5 9 8 3 2 
20180718439 10 1 5 4 6 7 8 2 3 9 
20180718440 3 1 2 5 4 8 10 7 6 9 
20180718441 10 1 6 4 5 3 2 7 9 8 
20180718442 6 5 8 3 7 9 10 4 1 2 
20180718443 10 4 7 1 8 3 2 6 9 5 
20180718444 9 5 1 2 3 8 7 10 6 4 
20180718445 2 10 5 1 4 3 9 6 8 7 
20180718446 2 7 8 5 1 10 6 9 4 3 
20180718447 6 10 8 3 1 9 7 5 2 4 
20180718448 7 1 8 4 5 6 10 3 2 9 
20180718449 4 2 1 9 3 8 6 10 5 7 
20180718450 4 6 10 5 1 7 3 2 9 8 
20180718451 3 6 7 2 9 10 4 5 1 8 
20180718452 6 7 2 10 5 1 9 8 4 3 
20180718453 2 8 5 9 4 1 7 10 3 6 
20180718454 9 10 6 8 7 2 5 1 4 3 
20180718455 9 6 8 5 10 1 3 4 7 2 
20180718456 7 3 6 9 4 2 1 10 5 8 
20180718457 9 2 7 6 5 8 4 10 3 1 
20180718458 4 6 7 2 9 5 1 3 8 10 
20180718459 5 4 9 3 8 1 6 2 7 10 
20180718460 9 7 4 3 10 8 6 2 1 5 
20180718461 2 1 5 6 7 3 8 9 4 10 
20180718462 4 7 8 3 2 6 9 10 1 5 
20180718463 7 1 6 5 3 8 4 10 2 9 
20180718464 10 7 6 3 8 2 9 5 1 4 
20180718465 5 1 2 7 4 10 6 9 3 8 
20180718466 6 10 8 3 2 4 9 7 5 1 
20180718467 4 2 10 3 6 8 9 7 1 5 
20180718468 4 2 3 1 7 6 8 9 10 5 
20180718469 1 7 2 9 8 4 3 10 5 6 
20180718470 2 4 7 8 3 6 10 9 1 5 
20180718471 6 8 7 1 10 9 5 3 2 4 
20180718472 7 3 2 9 4 10 8 5 6 1 
20180718473 3 4 6 10 2 1 9 8 7 5 
20180718474 8 3 6 10 2 9 5 7 1 4 
20180718475 10 2 3 5 7 9 4 1 8 6 
20180718476 4 2 7 9 5 1 3 6 8 10 
20180718477 6 7 3 9 5 8 1 4 2 10 
20180718478 4 1 5 2 6 8 3 7 10 9 
20180718479 8 4 2 3 10 7 6 1 5 9 
20180718480 10 7 2 9 3 1 5 8 4 6 
20180718481 10 4 8 9 7 3 5 1 6 2 
20180718482 3 6 5 2 7 1 10 8 9 4 
20180718483 3 2 4 5 7 6 8 10 9 1 
20180718484 6 1 7 5 2 8 9 10 4 3 
20180718485 6 10 9 4 5 8 1 7 2 3 
20180718486 2 5 10 1 7 3 8 9 6 4 
20180718487 9 6 1 3 5 10 7 4 2 8 
20180718488 6 1 5 9 10 3 2 8 7 4 
20180718489 5 7 6 1 4 3 9 10 2 8 
20180718490 4 6 5 10 8 9 7 1 2 3 
20180718491 5 1 6 3 4 10 8 2 7 9 
20180718492 7 9 5 10 3 2 6 8 4 1 
20180718493 1 9 5 4 10 6 2 3 8 7 
20180718494 10 5 2 7 4 6 1 9 3 8 
20180718495 9 6 1 4 7 2 5 8 3 10 
20180718496 3 4 10 6 5 9 8 7 1 2 
20180718497 6 7 1 8 3 4 10 5 9 2 
20180718498 8 2 3 5 9 6 4 10 7 1 
20180718499 8 6 2 10 3 9 4 1 7 5 
20180718500 9 4 6 10 7 5 3 1 8 2 
20180718501 8 6 9 7 10 4 1 2 5 3 
20180718502 8 10 7 2 3 1 5 4 9 6 
20180718503 10 7 3 4 1 5 2 8 9 6 
20180718504 8 7 4 10 2 3 6 1 9 5 
20180718505 1 3 5 2 6 7 9 10 8 4 
20180718506 8 3 10 6 4 1 9 7 5 2 
20180718507 8 3 2 10 5 9 6 4 7 1 
20180718508 3 1 5 4 2 8 9 6 7 10 
20180718509 10 2 6 7 5 3 1 9 8 4 
20180718510 1 5 2 10 8 4 7 9 3 6 
20180718511 6 4 1 3 7 5 9 2 8 10 
20180718512 1 7 5 9 4 2 3 6 10 8 
20180718513 1 10 5 8 3 7 9 6 2 4 
20180718514 3 8 4 5 9 1 7 10 2 6 
20180718515 8 10 5 3 2 7 1 4 6 9 
20180718516 6 1 8 9 2 10 3 4 5 7 
20180718517 2 8 5 6 1 4 9 3 10 7 
20180718518 10 7 1 9 3 4 5 6 8 2 
20180718519 3 4 8 1 5 10 6 2 9 7 
20180718520 7 8 5 4 1 6 10 3 9 2 
20180718521 3 10 7 5 9 2 4 6 1 8 
20180718522 2 4 10 5 8 3 9 6 1 7 
20180718523 10 6 3 2 9 8 5 1 4 7 
20180718524 1 9 8 4 5 6 2 7 10 3 
20180718525 8 6 3 1 4 10 5 7 2 9 
20180718526 3 7 10 1 8 2 6 4 5 9 
20180718527 6 10 5 8 4 9 3 2 1 7 
20180718528 4 8 5 6 2 9 7 10 1 3 
20180718529 3 1 2 4 9 6 5 7 10 8 
20180718530 3 1 5 9 4 8 6 7 10 2 
20180718531 2 6 3 5 4 9 7 1 8 10 
20180718532 10 7 2 4 5 1 9 3 6 8 
20180718533 7 3 5 1 9 10 4 8 2 6 
20180718534 6 3 2 7 8 4 10 1 5 9 
20180718535 4 2 9 3 8 7 6 10 1 5 
20180718536 10 5 3 2 8 7 6 1 9 4 
20180718537 5 3 8 7 2 1 6 10 9 4 
20180718538 6 1 7 8 10 2 4 3 9 5 
20180718539 7 8 2 4 9 3 10 1 5 6 
20180718540 7 2 9 3 8 10 5 4 6 1 
20180718541 4 5 7 10 9 1 3 8 6 2 
20180718542 3 10 1 5 8 7 4 2 9 6 
20180718543 7 10 1 3 8 6 5 2 4 9 
20180718544 3 1 8 9 2 10 6 5 4 7 
20180718545 7 3 6 2 5 4 9 1 10 8 
20180718546 10 6 8 9 3 7 2 1 4 5 
20180718547 1 5 10 2 9 4 7 6 3 8 
20180718548 10 1 3 5 9 7 2 4 6 8 
20180718549 2 9 8 4 3 7 5 10 1 6 
20180718550 1 3 6 4 10 7 5 8 9 2 
20180718551 5 2 8 7 3 4 6 10 1 9 
20180718552 1 2 10 7 6 3 4 5 8 9 
20180718553 4 9 10 5 3 6 7 1 2 8 
20180718554 8 7 1 6 2 5 4 3 10 9 
20180718555 7 3 9 10 2 5 1 8 6 4 
20180718556 6 10 4 2 8 5 7 1 9 3 
20180718557 2 3 10 8 4 9 6 5 1 7 
20180718558 4 7 10 5 3 6 1 8 9 2 
20180718559 8 10 4 1 6 7 5 3 2 9 
20180718560 10 3 6 8 7 9 5 4 2 1 
20180718561 8 6 1 9 10 2 4 3 7 5 
20180718562 8 5 3 2 4 6 1 9 10 7 
20180718563 9 8 10 2 7 5 3 6 4 1 
20180718564 4 2 8 10 1 5 6 7 9 3 
20180718565 4 7 3 6 5 1 2 8 10 9 
20180718566 9 2 10 6 5 4 8 7 1 3 
20180718567 8 3 6 4 5 9 2 1 7 10 
20180718568 5 4 9 7 8 3 2 6 1 10 
20180718569 3 1 6 7 8 9 10 5 4 2 
20180718570 5 6 1 10 8 7 9 4 3 2 
20180718571 3 5 6 10 1 2 9 4 7 8 
20180718572 10 3 2 7 8 4 9 1 6 5 
20180718573 7 2 1 6 4 3 10 5 8 9 
20180718574 3 7 9 8 2 5 4 1 10 6 
20180718575 10 4 3 2 1 6 7 8 9 5 
20180718576 9 4 3 10 8 2 5 6 7 1 
20180718577 1 10 5 2 7 4 8 3 6 9 
20180718578 5 4 10 8 2 1 3 6 7 9 
20180718579 4 10 7 3 5 6 2 1 9 8 
20180718580 8 4 6 2 5 1 9 10 7 3 
20180718581 6 3 2 7 9 5 4 1 8 10 
20180718582 7 9 5 4 8 3 2 10 6 1 
20180718583 10 8 3 4 1 2 9 7 6 5 
20180718584 10 7 2 4 3 1 9 5 8 6 
20180718585 7 1 4 3 9 2 10 6 5 8 
20180718586 2 4 7 1 6 10 9 3 5 8 
20180718587 3 6 2 8 9 10 7 5 4 1 
20180718588 5 3 8 2 6 4 10 7 1 9 
20180718589 8 5 7 1 6 10 3 2 4 9 
20180718590 8 1 6 2 3 10 9 5 4 7 
20180718591 3 9 8 4 7 6 5 2 1 10 
20180718592 6 3 1 9 2 4 8 5 10 7 
20180718593 7 10 1 3 2 5 9 4 8 6 
20180718594 3 10 6 9 1 8 2 5 7 4 
20180718595 9 1 4 7 5 6 8 10 2 3 
20180718596 8 2 9 7 10 6 3 4 1 5 
20180718597 10 8 3 2 1 6 5 9 7 4 
20180718598 9 4 1 8 10 3 7 2 6 5 
20180718599 3 6 9 4 2 5 10 8 7 1 
20180718600 7 2 5 3 4 6 1 8 9 10 
20180718601 3 6 7 5 4 8 2 10 9 1 
20180718602 10 4 8 9 1 2 5 6 3 7 
20180718603 7 9 3 5 1 10 8 4 6 2 
20180718604 7 2 10 5 3 8 9 1 6 4 
20180718605 8 6 5 7 2 9 3 4 1 10 
20180718606 6 4 3 9 2 8 5 10 1 7 
20180718607 4 1 10 9 7 6 3 5 8 2 
20180718608 7 9 10 8 6 3 1 2 5 4 
20180718609 4 5 8 10 2 3 9 1 6 7 
20180718610 7 4 9 3 10 1 6 2 5 8 
20180718611 5 6 2 9 3 10 1 4 8 7 
20180718612 6 1 8 2 9 5 10 3 7 4 
20180718613 5 1 8 7 10 3 2 4 6 9 
20180718614 5 7 2 8 4 9 1 10 3 6 
20180718615 8 10 6 3 2 9 4 5 7 1 
20180718616 1 6 7 3 5 10 4 8 9 2 
20180718617 5 3 4 10 9 1 2 6 7 8 
20180718618 10 9 7 4 8 1 5 6 2 3 
20180718619 3 4 1 7 10 2 5 9 8 6 
20180718620 10 1 7 8 9 3 2 6 5 4 
20180718621 6 1 8 10 2 4 3 7 9 5 
20180718622 1 2 4 3 5 8 9 10 7 6 
20180718623 9 8 3 7 5 4 6 2 10 1 
20180718624 2 7 1 10 4 8 6 9 5 3 
20180718625 1 8 5 6 9 10 2 7 4 3 
20180718626 8 1 10 2 5 4 7 6 3 9 
20180718627 9 7 10 2 4 1 5 3 6 8 
20180718628 6 3 1 7 10 5 2 8 9 4 
20180718629 8 10 9 5 6 7 3 1 2 4 
20180718630 1 3 6 8 9 2 10 5 7 4 
20180718631 3 2 10 9 4 8 1 5 6 7 
20180718632 1 3 5 8 10 6 4 9 2 7 
20180718633 5 1 7 4 6 8 2 3 10 9 
20180718634 1 9 6 5 4 10 2 3 7 8 
20180718635 5 10 8 9 6 3 4 2 1 7 
20180718636 2 1 3 6 4 7 9 10 8 5 
20180718637 3 4 1 6 10 7 9 5 8 2 
20180718638 8 4 3 9 2 1 10 5 7 6 
20180718639 7 3 4 6 9 5 1 10 8 2 
20180718640 9 3 8 5 10 6 2 7 4 1 
20180718641 6 2 1 3 9 5 10 7 8 4 
20180718642 3 4 1 6 8 5 7 2 10 9 
20180718643 3 5 9 4 6 7 1 2 8 10 
20180718644 10 9 1 3 7 8 5 4 6 2 
20180718645 7 1 9 4 2 5 6 8 10 3 
20180718646 8 1 9 5 2 10 4 6 3 7 
20180718647 5 10 7 9 4 2 6 3 1 8 
20180718648 6 8 9 10 3 5 2 4 1 7 
20180718649 2 8 4 7 3 9 5 10 6 1 
20180718650 8 1 2 3 9 6 7 5 10 4 
20180718651 4 6 9 1 7 10 8 2 5 3 
20180718652 3 10 7 4 2 5 8 1 6 9 
20180718653 7 1 6 3 10 2 4 9 5 8 
20180718654 7 6 1 4 9 2 5 8 10 3 
20180718655 9 4 5 3 2 10 8 7 6 1 
20180718656 4 7 10 1 5 3 2 9 6 8 
20180718657 4 5 1 10 6 9 7 3 8 2 
20180718658 7 4 10 1 8 2 5 9 3 6 
20180718659 8 10 7 5 6 4 1 3 2 9 
20180718660 3 1 7 6 5 8 4 2 9 10 
20180718661 6 8 9 7 4 10 3 2 5 1 
20180718662 10 6 1 7 8 2 5 4 3 9 
20180718663 3 7 5 1 9 10 4 8 2 6 
20180718664 2 10 3 8 1 6 5 9 7 4 
20180718665 4 3 6 7 10 1 8 5 2 9 
20180718666 8 1 5 9 7 6 2 10 4 3 
20180718667 7 6 3 8 5 10 9 2 4 1 
20180718668 5 1 10 9 6 2 3 8 4 7 
20180718669 3 10 9 8 1 6 5 7 4 2 
20180718670 5 9 3 6 7 8 1 2 4 10 
20180718671 8 2 1 7 5 4 3 6 9 10 
20180718672 6 8 7 10 3 5 9 4 1 2 
20180718673 7 9 6 2 10 8 1 5 4 3 
20180718674 2 7 1 5 10 9 6 3 4 8 
20180718675 4 7 3 10 5 6 2 1 8 9 
20180718676 5 9 1 6 4 7 3 2 10 8 
20180718677 1 10 3 4 5 2 8 9 6 7 
20180718678 10 4 5 9 1 7 3 6 2 8 
20180718679 2 8 5 6 1 3 4 7 9 10 
20180718680 8 7 4 5 2 3 6 10 1 9 
20180718681 8 3 4 7 2 5 10 6 1 9 
20180718682 3 10 8 9 1 2 5 7 4 6 
20180718683 10 2 7 1 4 8 3 6 9 5 
20180718684 10 2 5 3 7 8 6 1 4 9 
20180718685 1 8 7 2 5 9 10 6 4 3 
20180718686 9 1 10 6 5 7 8 2 3 4 
20180718687 10 3 5 7 2 6 9 4 8 1 
20180718688 6 4 3 7 5 1 2 8 9 10 
20180718689 9 3 4 8 5 10 7 2 1 6 
20180718690 7 5 6 9 4 3 2 10 8 1 
20180718691 2 7 6 8 10 5 9 4 3 1 
20180718692 5 8 3 6 4 9 7 10 2 1 
20180718693 3 7 5 9 1 2 4 10 6 8 
20180718694 1 5 6 9 3 10 7 8 4 2 
20180718695 8 5 1 3 10 6 9 7 4 2 
20180718696 8 3 9 5 1 4 7 6 2 10 
20180718697 1 9 4 5 7 10 6 3 2 8 
20180718698 7 10 8 2 6 3 5 4 9 1 
20180718699 8 1 7 10 9 2 3 4 5 6 
20180718700 1 5 9 2 7 8 3 6 10 4 
20180718701 9 2 6 8 10 1 4 3 5 7 
20180718702 2 4 5 10 3 9 8 1 6 7 
20180718703 5 3 4 8 9 6 10 7 1 2 
20180718704 6 9 10 7 1 3 2 4 8 5 
20180718705 2 4 8 1 6 5 10 9 7 3 
20180718706 10 9 6 4 8 2 5 1 3 7 
20180718707 9 5 3 6 8 10 4 7 2 1 
20180718708 3 1 6 9 5 2 4 10 7 8 
20180718709 8 3 2 1 7 10 9 6 5 4 
20180718710 6 1 2 4 3 8 10 9 7 5 
20180718711 2 8 10 3 1 9 5 7 4 6 
20180718712 6 4 10 1 2 9 5 7 3 8 
20180718713 4 1 9 8 7 3 10 2 5 6 
20180718714 4 10 3 1 9 7 6 2 8 5 
20180718715 6 8 9 1 2 5 10 3 4 7 
20180718716 10 4 6 8 9 3 5 1 2 7 
20180718717 4 8 1 2 6 3 10 5 7 9 
20180718718 5 10 1 6 9 8 7 2 3 4 
20180718719 8 9 10 7 2 6 4 3 1 5 
20180718720 5 4 1 2 6 9 10 8 7 3 
20180718721 9 8 2 7 5 1 4 3 10 6 
20180718722 10 8 5 7 2 3 9 4 6 1 
20180718723 6 7 8 3 9 4 5 2 10 1 
20180718724 9 3 5 6 10 4 7 8 1 2 
20180718725 5 7 1 10 8 4 2 9 3 6 
20180718726 7 6 5 3 2 1 4 8 10 9 
20180718727 6 10 9 7 3 2 1 4 8 5 
20180718728 10 9 7 8 3 2 1 5 6 4 
20180718729 5 9 10 6 8 7 4 2 1 3 
20180718730 2 5 10 8 4 9 7 6 1 3 
20180718731 8 3 5 1 9 7 4 10 6 2 
20180718732 3 6 4 9 10 7 8 5 2 1 
20180718733 3 5 7 6 4 9 8 10 2 1 
20180718734 7 6 3 9 10 8 5 1 2 4 
20180718735 5 1 10 4 6 9 7 2 8 3 
20180718736 4 8 6 3 1 5 10 7 9 2 
20180718737 6 5 4 2 9 7 8 10 3 1 
20180718738 1 6 7 4 10 8 2 3 9 5 
20180718739 9 8 1 5 3 7 2 6 4 10 
20180718740 2 1 9 4 7 6 10 8 5 3 
20180718741 9 5 2 3 6 1 7 4 8 10 
20180718742 8 7 3 6 2 10 4 9 1 5 
20180718743 7 1 4 6 2 10 9 3 8 5 
20180718744 8 1 3 7 9 4 2 5 10 6 
20180718745 5 1 8 2 6 9 7 3 10 4 
20180718746 2 4 5 1 3 7 9 8 6 10 
20180718747 10 8 9 6 4 2 3 5 7 1 
20180718748 6 1 7 9 5 10 2 3 4 8 
20180718749 9 5 3 6 2 8 10 1 4 7 
20180718750 5 2 7 1 4 8 10 3 9 6 
20180718751 4 5 2 9 7 1 10 8 3 6 
20180718752 9 2 7 6 1 10 4 8 3 5 
20180718753 9 8 6 5 3 2 1 7 10 4 
20180718754 9 5 7 8 1 2 10 3 4 6 
20180718755 6 5 7 1 2 4 9 10 8 3 
20180718756 4 10 1 2 8 5 3 6 9 7 
20180718757 7 8 3 6 2 1 9 10 4 5 
20180718758 7 5 4 2 10 6 3 9 8 1 
20180718759 1 7 2 5 9 4 8 3 6 10 
20180718760 3 10 2 1 5 4 7 6 9 8 
20180718761 3 6 5 7 4 2 1 8 10 9 
20180718762 9 6 4 2 3 8 10 7 1 5 
20180718763 8 7 4 2 6 5 1 10 9 3 
20180718764 4 5 7 8 1 6 3 9 2 10 
20180718765 6 3 8 2 7 4 1 10 5 9 
20180718766 10 8 5 9 3 6 7 2 4 1 
20180718767 5 1 3 9 6 2 8 7 10 4 
20180718768 2 10 7 3 8 5 4 1 6 9 
20180718769 10 5 7 3 6 8 4 1 2 9 
20180718770 3 4 2 6 7 9 10 8 5 1 
20180718771 8 5 10 9 2 1 3 7 4 6 
20180718772 1 10 6 8 7 3 4 2 5 9 
20180718773 10 3 2 1 7 8 6 4 9 5 
20180718774 5 7 10 2 3 1 9 6 8 4 
20180718775 4 8 10 1 5 6 7 9 2 3 
20180718776 6 9 10 4 5 3 2 8 1 7 
20180718777 7 5 4 1 6 9 10 2 3 8 
20180718778 2 9 8 1 3 5 4 6 7 10 
20180718779 8 7 5 1 4 9 3 2 10 6 
20180718780 5 10 8 9 2 7 4 3 1 6 
20180718781 8 1 2 5 4 10 6 3 7 9 
20180718782 4 2 8 9 6 10 1 7 3 5 
20180718783 9 3 1 8 4 5 7 6 10 2 
20180718784 6 10 7 9 2 8 5 3 4 1 
20180718785 10 3 7 8 2 4 5 9 1 6 
20180718786 5 10 3 8 1 7 9 2 6 4 
20180718787 5 3 7 10 8 4 1 9 2 6 
20180718788 10 7 6 5 1 9 8 2 3 4 
20180718789 9 3 4 2 6 5 8 10 1 7 
20180718790 8 3 2 10 5 4 7 6 9 1 
20180718791 5 6 2 4 1 9 7 8 3 10 
20180718792 7 2 1 6 9 10 8 3 5 4 
20180718793 1 5 3 7 8 4 6 2 10 9 
20180718794 10 4 2 5 6 1 7 9 3 8 
20180718795 4 9 5 10 3 6 1 2 8 7 
20180718796 1 6 9 4 8 7 2 5 10 3 
20180718797 9 7 3 2 6 4 5 10 1 8 
20180718798 7 2 3 1 4 9 8 10 5 6 
20180718799 5 8 7 9 3 10 2 4 6 1 
20180718800 1 2 3 6 10 4 7 5 8 9 
20180718801 1 4 3 8 7 9 6 5 10 2 
20180718802 6 1 2 10 9 8 3 7 4 5 
20180718803 7 6 9 10 8 1 3 4 2 5 
20180718804 6 3 10 9 5 8 7 4 1 2 
20180718805 10 2 7 6 3 1 5 9 4 8 
20180718806 8 3 1 10 2 7 9 5 6 4 
20180718807 10 8 4 5 7 6 9 3 1 2 
20180718808 3 7 4 5 8 6 9 2 10 1 
20180718809 9 1 10 5 4 2 3 7 8 6 
20180718810 2 6 3 5 10 1 9 4 7 8 
20180718811 9 6 4 5 2 3 1 7 10 8 
20180718812 10 9 1 5 4 6 7 8 2 3 
20180718813 8 1 4 5 10 2 7 6 3 9 
20180718814 10 3 1 5 6 7 4 9 2 8 
20180718815 5 6 7 10 4 1 9 3 2 8 
20180718816 5 7 8 10 2 9 6 1 3 4 
20180718817 1 7 8 4 3 9 5 10 2 6 
20180718818 6 1 7 8 2 10 4 9 3 5 
20180718819 5 9 8 10 4 2 7 6 3 1 
20180718820 8 6 1 10 4 9 2 7 5 3 
20180718821 10 8 1 2 9 6 7 3 5 4 
20180718822 10 2 6 1 4 5 8 9 7 3 
20180718823 9 4 3 5 10 1 2 8 7 6 
20180718824 1 5 3 10 2 6 9 7 8 4 
20180718825 7 5 8 9 2 6 3 4 1 10 
20180718826 6 9 2 1 4 3 10 8 5 7 
20180718827 3 5 6 8 2 10 1 9 7 4 
20180718828 6 7 8 9 3 10 2 4 5 1 
20180718829 8 1 2 5 10 7 6 3 4 9 
20180718830 5 9 6 4 3 8 10 1 2 7 
20180718831 5 6 7 4 1 10 3 9 8 2 
20180718832 6 7 4 1 10 9 2 3 8 5 
20180718833 2 4 8 6 7 9 3 1 5 10 
20180718834 10 1 8 6 9 4 3 7 2 5 
20180718835 8 10 5 1 7 2 6 4 9 3 
20180718836 7 6 9 4 1 2 3 5 10 8 
20180718837 7 3 10 8 2 4 5 1 6 9 
20180718838 6 10 2 9 1 7 4 3 5 8 
20180718839 2 9 1 10 8 6 7 5 3 4 
20180718840 8 5 7 3 9 2 10 4 6 1 
20180718841 1 7 2 5 3 4 10 9 6 8 
20180718842 6 7 8 2 10 9 5 4 1 3 
20180718843 4 6 3 10 5 7 9 8 1 2 
20180718844 8 10 2 4 3 9 7 5 6 1 
20180718845 10 5 9 4 3 8 6 7 2 1 
20180718846 5 7 1 9 8 3 6 10 4 2 
20180718847 6 10 2 8 3 9 1 5 7 4 
20180718848 9 3 8 1 6 7 4 2 10 5 
20180718849 10 4 3 9 5 6 2 8 7 1 
20180718850 4 5 2 1 8 6 9 7 3 10 
20180718851 2 4 5 6 9 7 8 10 1 3 
20180718852 1 8 5 9 7 10 4 6 3 2 
20180718853 9 10 1 6 8 2 3 4 5 7 
20180718854 9 1 10 5 6 2 8 3 4 7 
20180718855 4 6 9 1 2 5 7 8 10 3 
20180718856 1 2 9 8 6 10 3 5 4 7 
20180718857 2 3 9 6 1 5 8 4 10 7 
20180718858 1 5 6 3 4 8 10 2 9 7 
20180718859 10 2 4 8 5 6 7 1 3 9 
20180718860 1 6 5 10 8 3 2 9 4 7 
20180718861 1 10 5 6 7 8 9 2 4 3 
20180718862 2 10 9 5 6 3 8 4 7 1 
20180718863 8 1 3 2 7 4 10 6 5 9 
20180718864 4 2 5 10 9 8 6 1 3 7 
20180718865 5 2 3 7 1 6 10 9 8 4 
20180718866 3 9 10 1 8 6 5 2 4 7 
20180718867 6 1 5 3 7 2 10 8 9 4 
20180718868 2 9 1 4 3 8 7 5 10 6 
20180718869 3 7 1 8 2 4 9 5 10 6 
20180718870 10 2 5 3 7 9 8 4 6 1 
20180718871 1 8 5 10 4 2 3 7 9 6 
20180718872 3 9 6 8 4 2 10 5 1 7 
20180718873 4 3 1 5 7 9 8 10 6 2 
20180718874 5 4 1 6 8 3 7 2 10 9 
20180718875 7 9 4 6 3 5 2 10 8 1 
20180718876 9 6 3 4 1 7 5 8 10 2 
20180718877 3 2 8 4 7 10 5 6 1 9 
20180718878 9 8 10 7 5 6 1 4 2 3 
20180718879 1 8 4 9 10 7 2 5 6 3 
20180718880 8 2 9 6 4 3 10 7 1 5 
20180718881 6 7 9 2 4 1 3 5 10 8 
20180718882 10 2 1 4 3 5 6 7 9 8 
20180718883 6 4 2 9 10 5 1 3 7 8 
20180718884 7 2 10 4 6 3 5 9 8 1 
20180718885 5 10 9 7 2 8 1 4 3 6 
20180718886 10 6 7 8 5 3 1 9 4 2 
20180718887 4 5 3 10 9 2 7 8 1 6 
20180718888 6 9 5 2 1 10 3 4 7 8 
20180718889 7 8 6 3 10 9 5 2 4 1 
20180718890 10 9 4 6 5 2 3 8 1 7 
20180718891 2 5 6 3 4 7 8 1 9 10 
20180718892 5 6 2 1 7 10 9 3 8 4 
20180718893 3 9 1 2 10 8 4 7 6 5 
20180718894 6 4 10 7 2 8 3 1 9 5 
20180718895 5 2 9 8 3 6 1 10 7 4 
20180718896 4 10 7 2 3 8 9 1 5 6 
20180718897 7 2 4 8 10 6 3 5 9 1 
20180718898 7 8 4 6 1 10 5 9 2 3 
20180718899 5 3 4 7 6 10 8 9 1 2 
20180718900 6 2 5 3 1 4 8 7 10 9 
20180718901 3 9 2 10 4 7 8 1 5 6 
20180718902 6 3 8 2 4 10 9 7 5 1 
20180718903 5 10 8 3 1 9 7 2 4 6 
20180718904 6 7 3 9 1 8 4 10 2 5 
20180718905 5 10 1 4 9 7 6 8 3 2 
20180718906 4 5 6 1 10 2 9 3 7 8 
20180718907 2 6 9 4 10 5 8 1 7 3 
20180718908 2 4 1 5 7 6 10 8 9 3 
20180718909 3 1 10 2 8 4 7 5 9 6 
20180718910 2 4 8 6 10 9 5 3 1 7 
20180718911 8 9 3 2 1 10 7 6 5 4 
20180718912 7 2 6 1 9 10 5 3 4 8 
20180718913 2 10 1 4 7 9 3 6 5 8 
20180718914 3 1 7 2 6 4 9 5 10 8 
20180718915 9 4 6 8 3 2 7 5 10 1 
20180718916 7 6 10 9 2 5 1 8 4 3 
20180718917 7 2 10 1 5 4 6 9 8 3 
20180718918 5 9 1 3 6 8 2 10 7 4 
20180718919 8 10 5 4 9 2 1 3 7 6 
20180718920 7 9 5 6 4 10 2 8 3 1 
20180718921 5 1 10 2 8 6 4 7 9 3 
20180718922 2 8 3 10 6 1 4 9 7 5 
20180718923 7 4 5 6 9 2 10 3 8 1 
20180718924 2 10 9 1 8 4 5 3 7 6 
20180718925 8 1 5 10 9 4 3 2 6 7 
20180718926 8 5 10 3 6 7 1 4 9 2 
20180718927 10 7 4 9 1 3 6 8 5 2 
20180718928 5 7 10 1 9 6 4 2 8 3 
20180718929 8 10 2 6 7 3 1 5 9 4 
20180718930 10 5 1 8 6 3 4 9 7 2 
20180718931 3 8 7 6 4 1 10 9 5 2 
20180718932 10 8 9 1 2 5 3 6 4 7 
20180718933 10 2 9 4 3 1 7 8 5 6 
20180718934 5 3 9 4 2 7 10 1 6 8 
20180718935 4 5 2 7 6 8 3 9 10 1 
20180718936 6 5 3 2 1 8 10 4 9 7 
20180718937 2 9 1 3 5 4 10 8 7 6 
20180718938 10 7 6 5 9 2 3 1 4 8 
20180718939 5 8 3 10 9 2 6 7 4 1 
20180718940 1 6 8 7 3 4 10 5 2 9 
20180718941 6 2 10 5 1 7 8 3 9 4 
20180718942 4 1 2 8 6 3 9 10 5 7 
20180718943 1 4 7 5 6 10 3 8 2 9 
20180718944 10 6 1 4 9 8 5 2 3 7 
20180718945 7 4 3 10 2 5 6 9 1 8 
20180718946 2 1 10 4 6 7 3 5 9 8 
20180718947 2 5 8 4 9 3 6 1 10 7 
20180718948 9 10 2 4 6 3 7 8 1 5 
20180718949 7 8 1 3 9 6 4 5 2 10 
20180718950 7 5 4 1 2 8 3 10 9 6 
20180718951 2 3 1 5 6 8 7 10 4 9 
20180718952 4 3 8 6 5 1 10 9 7 2 
20180718953 3 8 9 6 7 2 1 4 10 5 
20180718954 5 4 1 7 9 6 8 3 2 10 
20180718955 2 10 6 1 8 7 3 9 4 5 
20180718956 5 8 1 6 10 2 3 7 9 4 
20180718957 5 3 2 10 6 7 1 8 4 9 
20180718958 5 2 9 6 8 3 10 7 4 1 
20180718959 10 7 4 5 2 8 3 1 6 9 
20180718960 1 9 6 7 10 8 5 2 3 4 
20180718961 8 7 9 4 1 2 10 3 5 6 
20180718962 5 3 10 8 6 7 1 9 4 2 
20180718963 3 7 5 10 1 6 4 2 8 9 
20180718964 9 1 6 5 4 7 8 10 2 3 
20180718965 4 10 9 6 7 3 2 1 5 8 
20180718966 2 1 8 6 4 9 10 5 3 7 
20180718967 6 3 1 5 9 10 4 7 8 2 
20180718968 8 10 9 4 7 5 6 1 3 2 
20180718969 8 3 9 5 1 2 4 6 7 10 
20180718970 10 9 4 1 7 5 3 6 2 8 
20180718971 2 9 7 4 8 10 1 6 3 5 
20180718972 9 6 2 1 7 4 3 10 5 8 
20180718973 1 8 5 2 6 4 9 10 3 7 
20180718974 7 8 6 3 9 2 5 10 1 4 
20180718975 2 6 10 7 5 9 4 8 3 1 
20180718976 2 4 1 3 9 7 10 8 6 5 
20180718977 4 3 5 1 6 10 8 2 7 9 
20180718978 10 7 3 6 4 8 2 1 9 5 
20180718979 10 3 7 5 4 2 9 8 1 6 
20180718980 7 9 5 2 6 8 10 1 4 3 
20180718981 9 10 6 3 5 8 4 7 1 2 
20180718982 5 2 10 9 7 3 1 6 8 4 
20180718983 4 1 8 9 10 6 3 7 2 5 
20180718984 1 2 3 9 6 4 7 10 5 8 
20180718985 6 10 3 4 8 7 9 2 5 1 
