20180712001 8 5 7 2 1 3 9 4 10 6 
20180712002 10 4 7 6 3 9 5 8 1 2 
20180712003 6 7 4 2 8 9 10 3 1 5 
20180712004 4 1 10 2 6 7 3 9 5 8 
20180712005 7 6 4 8 10 3 5 1 2 9 
20180712006 7 2 8 10 3 4 9 1 6 5 
20180712007 1 2 3 5 9 10 8 7 4 6 
20180712008 4 10 3 7 5 9 2 6 8 1 
20180712009 1 3 8 4 7 2 9 5 6 10 
20180712010 6 2 5 9 7 8 4 10 3 1 
20180712011 4 9 2 10 5 7 8 6 3 1 
20180712012 9 10 4 2 3 5 7 6 1 8 
20180712013 9 5 3 6 10 7 4 2 1 8 
20180712014 6 10 2 5 8 3 9 4 1 7 
20180712015 10 1 8 2 4 9 3 7 5 6 
20180712016 3 10 4 5 7 2 8 9 1 6 
20180712017 3 10 8 4 6 2 1 7 5 9 
20180712018 8 9 5 3 4 10 2 7 1 6 
20180712019 8 7 4 10 9 2 3 6 5 1 
20180712020 9 10 4 6 3 8 1 7 2 5 
20180712021 8 2 5 10 6 7 1 4 9 3 
20180712022 1 6 8 10 3 2 7 4 9 5 
20180712023 8 10 7 9 6 3 4 1 5 2 
20180712024 2 9 1 3 4 6 8 7 5 10 
20180712025 4 1 7 3 5 10 2 9 8 6 
20180712026 8 2 4 9 10 7 1 6 3 5 
20180712027 8 10 5 3 2 1 9 7 6 4 
20180712028 8 5 9 7 10 4 2 3 6 1 
20180712029 10 7 6 4 8 5 2 3 9 1 
20180712030 2 5 9 7 10 4 6 8 1 3 
20180712031 2 4 8 5 9 6 7 3 1 10 
20180712032 9 4 7 1 10 5 3 6 8 2 
20180712033 6 8 10 7 5 4 3 9 2 1 
20180712034 8 2 4 1 6 9 7 3 5 10 
20180712035 7 2 3 9 6 8 4 5 1 10 
20180712036 8 9 7 4 1 10 5 2 6 3 
20180712037 10 5 9 3 7 2 6 1 4 8 
20180712038 1 4 7 8 10 5 2 6 9 3 
20180712039 9 3 10 7 1 6 2 5 8 4 
20180712040 6 7 5 8 10 9 1 2 4 3 
20180712041 10 8 3 5 6 2 9 4 1 7 
20180712042 2 6 4 1 10 5 7 8 9 3 
20180712043 6 2 7 4 9 3 10 8 5 1 
20180712044 9 6 3 4 8 2 10 5 7 1 
20180712045 2 10 4 9 6 3 7 8 1 5 
20180712046 6 4 2 1 9 3 7 10 8 5 
20180712047 3 10 6 1 4 9 5 8 2 7 
20180712048 7 1 3 6 8 2 10 4 9 5 
20180712049 9 5 6 4 1 7 10 2 8 3 
20180712050 6 5 1 2 9 3 7 10 8 4 
20180712051 5 4 6 9 3 7 2 10 8 1 
20180712052 4 3 5 9 8 10 6 2 1 7 
20180712053 8 7 3 6 4 1 10 5 9 2 
20180712054 6 4 5 10 9 1 7 2 3 8 
20180712055 5 4 7 6 9 8 1 10 3 2 
20180712056 8 5 4 9 6 2 3 7 10 1 
20180712057 1 3 2 8 7 6 5 10 9 4 
20180712058 10 5 7 8 1 6 2 3 9 4 
20180712059 1 9 3 4 10 8 7 6 5 2 
20180712060 4 5 7 10 8 2 3 1 6 9 
20180712061 9 2 7 1 5 3 10 8 4 6 
20180712062 8 7 1 6 4 10 5 3 9 2 
20180712063 3 2 10 8 6 7 1 9 5 4 
20180712064 1 4 6 2 10 5 8 9 7 3 
20180712065 7 5 2 1 4 10 9 8 3 6 
20180712066 9 10 8 7 5 2 4 6 1 3 
20180712067 1 9 7 6 5 8 4 3 2 10 
20180712068 5 6 1 7 3 4 9 10 8 2 
20180712069 2 4 9 5 1 3 6 8 10 7 
20180712070 1 7 6 8 5 10 2 4 3 9 
20180712071 8 9 3 10 1 6 7 4 5 2 
20180712072 6 2 7 8 9 1 3 5 4 10 
20180712073 5 4 10 2 3 1 6 8 7 9 
20180712074 7 5 1 3 2 10 8 6 9 4 
20180712075 4 7 9 6 8 1 5 2 3 10 
20180712076 8 4 9 1 2 5 6 3 7 10 
20180712077 3 4 5 2 9 10 7 1 6 8 
20180712078 6 8 7 1 5 4 3 2 10 9 
20180712079 10 9 8 7 1 2 4 6 3 5 
20180712080 4 9 7 8 1 2 5 10 6 3 
20180712081 1 4 9 5 10 8 6 7 3 2 
20180712082 3 7 10 8 9 2 1 5 4 6 
20180712083 4 8 5 2 3 1 10 9 6 7 
20180712084 7 8 1 4 9 5 6 2 3 10 
20180712085 6 5 1 8 9 4 2 7 3 10 
20180712086 3 4 6 8 2 10 5 7 1 9 
20180712087 7 6 1 8 9 3 10 2 5 4 
20180712088 1 10 6 7 9 5 3 8 4 2 
20180712089 7 2 10 1 4 8 9 5 6 3 
20180712090 5 9 3 4 1 10 7 2 6 8 
20180712091 9 6 1 4 2 10 7 5 8 3 
20180712092 7 6 9 10 5 3 1 2 4 8 
20180712093 3 4 6 1 5 10 7 9 8 2 
20180712094 6 3 2 7 1 8 5 9 4 10 
20180712095 4 5 9 2 1 7 10 8 6 3 
20180712096 7 9 3 10 4 2 1 5 6 8 
20180712097 7 8 6 5 10 3 2 4 9 1 
20180712098 5 10 6 4 7 1 3 8 9 2 
20180712099 6 1 10 8 5 9 3 4 7 2 
20180712100 3 8 5 2 10 4 6 7 1 9 
20180712101 1 3 8 10 7 5 6 9 4 2 
20180712102 6 3 2 10 9 5 8 1 4 7 
20180712103 9 8 1 6 3 5 4 10 7 2 
20180712104 7 4 3 6 9 10 2 5 8 1 
20180712105 6 8 7 10 9 5 3 4 1 2 
20180712106 3 10 8 7 5 1 4 2 6 9 
20180712107 10 2 3 9 4 8 1 6 7 5 
20180712108 3 1 10 7 2 4 6 8 9 5 
20180712109 8 1 9 3 4 6 5 7 2 10 
20180712110 1 6 2 7 3 8 4 10 5 9 
20180712111 1 2 10 5 8 3 7 9 4 6 
20180712112 10 7 1 2 6 8 4 3 5 9 
20180712113 5 6 3 2 7 10 9 8 1 4 
20180712114 4 5 8 1 7 2 6 10 9 3 
20180712115 5 2 9 6 1 4 7 10 3 8 
20180712116 2 3 5 8 1 6 9 7 4 10 
20180712117 3 2 8 5 9 1 10 7 6 4 
20180712118 5 3 7 1 2 10 8 6 9 4 
20180712119 5 6 9 7 1 10 4 2 8 3 
20180712120 10 8 5 3 1 4 2 6 9 7 
20180712121 4 8 7 5 1 2 10 3 6 9 
20180712122 8 10 2 5 6 3 1 9 7 4 
20180712123 2 7 1 10 3 9 6 8 4 5 
20180712124 3 4 2 5 8 9 7 10 1 6 
20180712125 6 10 4 3 7 1 8 2 9 5 
20180712126 9 4 3 6 2 8 10 5 7 1 
20180712127 9 8 4 2 3 1 7 10 5 6 
20180712128 9 3 4 10 5 7 2 1 6 8 
20180712129 3 9 1 6 10 7 5 2 4 8 
20180712130 10 7 5 3 1 9 2 4 6 8 
20180712131 6 3 1 8 2 5 9 4 7 10 
20180712132 2 8 9 7 5 10 3 6 1 4 
20180712133 2 8 5 10 3 6 1 4 7 9 
20180712134 8 10 5 6 7 2 3 1 4 9 
20180712135 6 3 9 8 7 5 10 2 4 1 
20180712136 10 1 3 5 6 4 7 2 9 8 
20180712137 2 1 4 3 6 5 7 10 8 9 
20180712138 1 5 6 4 9 10 7 2 3 8 
20180712139 2 3 9 4 10 6 7 8 5 1 
20180712140 8 1 3 5 4 6 9 7 10 2 
20180712141 3 1 2 4 10 5 8 9 7 6 
20180712142 10 1 2 8 4 5 7 9 3 6 
20180712143 6 9 7 1 8 3 4 2 10 5 
20180712144 3 1 8 9 7 2 4 10 5 6 
20180712145 5 7 1 10 3 4 2 6 9 8 
20180712146 3 9 4 7 2 8 5 1 10 6 
20180712147 10 4 9 1 5 2 6 3 7 8 
20180712148 3 8 5 7 1 10 2 9 4 6 
20180712149 10 4 7 5 6 1 3 8 9 2 
20180712150 10 1 5 3 8 9 6 2 7 4 
20180712151 1 10 5 7 4 8 3 6 2 9 
20180712152 10 9 3 4 5 2 8 7 6 1 
20180712153 10 5 1 9 3 2 7 6 4 8 
20180712154 9 5 8 3 2 7 1 4 10 6 
20180712155 5 10 8 1 4 7 2 3 9 6 
20180712156 9 6 8 4 10 5 1 3 7 2 
20180712157 6 5 2 8 1 9 10 3 4 7 
20180712158 5 2 9 10 1 4 8 7 6 3 
20180712159 2 6 4 8 9 5 1 10 7 3 
20180712160 6 7 8 3 5 10 4 1 2 9 
20180712161 1 4 5 2 9 3 8 7 6 10 
20180712162 9 4 6 3 8 5 10 1 2 7 
20180712163 6 8 1 2 7 3 9 10 5 4 
20180712164 4 6 7 3 2 9 1 5 10 8 
20180712165 2 5 1 8 9 7 6 10 4 3 
20180712166 7 9 10 2 5 3 8 6 1 4 
20180712167 1 5 3 6 2 10 7 4 8 9 
20180712168 9 3 8 10 7 1 4 2 5 6 
20180712169 8 3 7 9 2 10 6 5 1 4 
20180712170 3 5 2 4 8 1 7 6 10 9 
20180712171 8 1 7 10 3 9 2 5 4 6 
20180712172 2 6 4 7 1 8 9 10 3 5 
20180712173 10 5 8 3 4 9 6 2 1 7 
20180712174 3 5 7 2 1 10 4 8 9 6 
20180712175 4 10 1 5 8 3 9 6 2 7 
20180712176 6 7 3 10 1 4 9 2 8 5 
20180712177 3 9 8 7 4 5 1 6 2 10 
20180712178 4 9 3 8 7 1 6 5 10 2 
20180712179 4 5 1 8 7 6 3 2 10 9 
20180712180 5 9 8 3 2 1 6 10 4 7 
20180712181 8 9 7 5 10 2 3 1 4 6 
20180712182 6 8 2 9 3 5 4 10 7 1 
20180712183 10 3 2 7 5 4 9 8 1 6 
20180712184 5 1 8 7 6 4 9 3 2 10 
20180712185 4 9 3 2 1 5 6 7 10 8 
20180712186 9 3 1 6 5 7 4 10 2 8 
20180712187 7 4 2 1 9 3 5 6 10 8 
20180712188 2 1 3 4 6 7 10 8 5 9 
20180712189 6 5 10 4 2 1 9 7 3 8 
20180712190 8 7 4 2 6 1 10 5 3 9 
20180712191 6 8 5 10 3 1 9 4 7 2 
20180712192 6 10 7 8 9 5 4 1 3 2 
20180712193 1 2 4 6 8 9 10 5 7 3 
20180712194 2 10 5 8 7 4 6 3 9 1 
20180712195 2 8 5 9 10 3 4 1 6 7 
20180712196 6 4 9 2 8 3 10 5 1 7 
20180712197 10 3 8 7 6 1 2 9 5 4 
20180712198 9 7 3 8 2 5 4 10 6 1 
20180712199 9 5 1 10 6 3 7 2 4 8 
20180712200 4 5 2 1 9 10 8 7 6 3 
20180712201 5 4 10 6 7 9 2 3 8 1 
20180712202 4 5 8 10 6 3 2 7 1 9 
20180712203 6 10 2 7 3 8 9 5 4 1 
20180712204 7 2 8 3 9 10 5 4 6 1 
20180712205 2 9 4 6 3 1 8 10 7 5 
20180712206 2 7 3 4 10 9 1 6 5 8 
20180712207 4 9 3 7 5 1 2 8 6 10 
20180712208 4 1 10 6 8 5 3 9 2 7 
20180712209 3 5 6 7 10 2 4 1 9 8 
20180712210 1 9 4 6 10 8 7 2 5 3 
20180712211 7 4 9 6 10 1 8 2 5 3 
20180712212 6 8 4 1 5 3 10 2 7 9 
20180712213 3 1 7 10 9 2 5 6 4 8 
20180712214 8 5 10 2 1 4 3 7 9 6 
20180712215 2 7 1 4 9 3 8 6 5 10 
20180712216 8 9 6 2 1 3 5 10 7 4 
20180712217 5 2 3 6 10 8 4 7 1 9 
20180712218 10 2 6 5 4 8 3 9 1 7 
20180712219 5 8 1 7 10 4 9 3 2 6 
20180712220 10 6 3 8 1 4 7 5 2 9 
20180712221 1 8 9 7 3 10 4 5 2 6 
20180712222 10 1 5 7 4 8 2 9 6 3 
20180712223 9 7 4 2 8 5 3 10 6 1 
20180712224 6 10 4 2 9 7 1 8 5 3 
20180712225 2 10 5 7 9 4 1 6 3 8 
20180712226 2 5 7 4 8 9 3 1 6 10 
20180712227 4 9 2 3 10 5 6 1 8 7 
20180712228 3 8 1 9 7 10 4 2 5 6 
20180712229 9 1 2 6 10 8 7 5 4 3 
20180712230 1 8 6 7 9 10 3 2 5 4 
20180712231 4 8 3 2 5 6 10 7 1 9 
20180712232 1 6 8 3 4 9 5 7 10 2 
20180712233 9 8 10 2 3 7 4 5 6 1 
20180712234 6 10 7 4 8 5 9 1 2 3 
20180712235 1 5 8 4 10 7 6 9 2 3 
20180712236 10 5 1 9 3 4 2 6 8 7 
20180712237 1 6 4 8 7 5 10 9 2 3 
20180712238 9 10 1 8 3 7 5 6 4 2 
20180712239 4 2 3 10 6 8 5 7 9 1 
20180712240 1 2 7 6 9 10 4 5 8 3 
20180712241 8 7 10 2 5 6 4 9 3 1 
20180712242 5 3 10 6 8 7 1 2 4 9 
20180712243 4 5 8 3 7 2 6 1 9 10 
20180712244 5 7 1 6 8 2 10 3 4 9 
20180712245 9 4 1 3 10 2 7 8 5 6 
20180712246 8 9 6 4 10 5 7 1 2 3 
20180712247 6 9 1 7 3 4 8 2 5 10 
20180712248 6 3 1 7 9 8 5 4 2 10 
20180712249 6 2 4 7 5 1 10 8 9 3 
20180712250 9 5 3 7 1 2 8 4 10 6 
20180712251 3 7 1 9 10 8 2 4 6 5 
20180712252 7 2 6 8 4 9 1 5 10 3 
20180712253 4 9 2 7 3 10 1 8 6 5 
20180712254 4 5 3 9 7 1 10 6 8 2 
20180712255 3 4 8 6 9 7 2 10 5 1 
20180712256 10 9 8 4 3 6 1 2 7 5 
20180712257 10 2 8 7 4 3 5 1 6 9 
20180712258 3 7 6 10 1 9 4 8 5 2 
20180712259 6 7 9 1 8 5 4 2 3 10 
20180712260 4 2 1 9 8 3 7 5 6 10 
20180712261 2 9 6 10 7 5 3 4 8 1 
20180712262 4 5 7 9 10 8 2 3 6 1 
20180712263 10 2 6 1 5 8 3 4 9 7 
20180712264 10 5 9 1 7 6 4 2 3 8 
20180712265 6 2 3 7 5 1 9 4 8 10 
20180712266 1 10 8 3 5 7 6 9 4 2 
20180712267 8 10 4 2 6 7 5 9 3 1 
20180712268 8 1 6 2 3 10 4 5 9 7 
20180712269 8 1 10 3 5 4 9 2 6 7 
20180712270 6 8 9 3 7 10 5 2 1 4 
20180712271 5 10 1 8 9 3 2 4 7 6 
20180712272 4 9 5 10 8 1 7 3 2 6 
20180712273 5 1 6 4 9 2 3 7 10 8 
20180712274 9 8 10 6 4 7 5 2 1 3 
20180712275 3 5 1 10 7 8 6 2 9 4 
20180712276 10 2 3 7 8 5 1 6 4 9 
20180712277 3 5 6 8 1 7 4 9 2 10 
20180712278 3 1 6 5 8 2 7 9 10 4 
20180712279 7 4 8 2 9 3 10 6 1 5 
20180712280 7 2 3 5 6 9 1 8 4 10 
20180712281 7 10 9 2 3 5 8 4 6 1 
20180712282 5 8 9 2 7 10 4 6 1 3 
20180712283 10 7 3 6 9 8 2 1 4 5 
20180712284 1 9 3 2 6 7 8 10 4 5 
20180712285 5 4 6 3 8 10 2 9 1 7 
20180712286 9 10 6 2 5 3 7 1 4 8 
20180712287 10 7 3 5 6 2 8 9 1 4 
20180712288 2 10 7 8 3 6 1 9 4 5 
20180712289 9 4 5 3 2 7 8 10 1 6 
20180712290 9 10 4 7 3 1 5 8 2 6 
20180712291 7 8 2 9 6 4 3 5 1 10 
20180712292 3 8 5 6 1 10 2 7 4 9 
20180712293 10 9 2 8 6 7 4 1 5 3 
20180712294 1 2 5 10 4 3 9 6 7 8 
20180712295 8 2 6 9 7 10 5 1 4 3 
20180712296 8 1 6 9 10 4 5 7 2 3 
20180712297 8 7 9 10 4 5 1 6 2 3 
20180712298 7 9 4 8 5 10 2 3 1 6 
20180712299 1 5 8 10 6 3 4 2 7 9 
20180712300 3 1 9 4 2 8 7 10 6 5 
20180712301 8 2 1 10 6 9 5 7 4 3 
20180712302 3 2 4 10 9 6 1 5 8 7 
20180712303 8 3 7 10 2 5 6 4 9 1 
20180712304 3 2 10 5 9 6 8 4 7 1 
20180712305 3 4 2 9 6 8 5 10 1 7 
20180712306 3 4 2 10 9 7 8 1 6 5 
20180712307 7 5 1 6 10 9 4 8 3 2 
20180712308 2 4 9 1 8 6 5 3 10 7 
20180712309 3 4 6 9 2 7 10 5 1 8 
20180712310 10 4 2 3 7 9 8 6 1 5 
20180712311 2 10 5 3 8 7 1 4 6 9 
20180712312 2 8 5 3 7 6 4 10 1 9 
20180712313 9 2 1 6 7 4 5 8 3 10 
20180712314 4 5 9 2 3 8 1 6 7 10 
20180712315 3 7 8 1 9 4 2 6 10 5 
20180712316 1 6 7 10 2 8 3 4 5 9 
20180712317 1 5 8 7 2 4 3 9 10 6 
20180712318 4 8 9 7 6 5 10 1 3 2 
20180712319 10 1 3 5 7 4 6 8 9 2 
20180712320 1 10 5 2 3 8 4 6 7 9 
20180712321 3 10 1 4 9 6 5 2 7 8 
20180712322 3 7 9 5 2 6 1 10 4 8 
20180712323 1 8 7 3 9 2 5 6 4 10 
20180712324 7 10 1 8 3 5 6 4 2 9 
20180712325 8 4 3 10 9 6 2 7 5 1 
20180712326 2 1 8 6 7 5 4 3 9 10 
20180712327 2 9 6 4 8 7 5 10 1 3 
20180712328 5 7 2 6 9 1 3 4 10 8 
20180712329 8 5 6 9 1 10 3 2 7 4 
20180712330 7 5 9 10 6 1 4 3 2 8 
20180712331 4 8 5 7 1 3 6 9 10 2 
20180712332 8 5 3 6 10 7 2 4 1 9 
20180712333 10 2 3 8 5 1 4 9 6 7 
20180712334 6 1 9 4 7 8 2 5 3 10 
20180712335 2 10 1 4 8 3 6 5 7 9 
20180712336 10 7 6 2 9 1 3 5 8 4 
20180712337 6 3 10 2 7 5 8 9 1 4 
20180712338 6 2 8 9 4 3 5 7 10 1 
20180712339 7 9 8 10 1 6 3 5 4 2 
20180712340 6 3 2 5 1 8 7 10 4 9 
20180712341 9 3 7 1 10 2 8 6 4 5 
20180712342 4 3 7 10 8 2 5 6 1 9 
20180712343 10 1 7 5 3 4 2 9 6 8 
20180712344 7 10 8 2 9 3 4 1 6 5 
20180712345 8 3 10 5 9 4 1 2 6 7 
20180712346 9 8 6 7 2 4 1 10 5 3 
20180712347 8 1 9 2 4 3 6 5 10 7 
20180712348 3 5 6 2 4 8 9 1 7 10 
20180712349 6 5 8 1 7 3 4 10 2 9 
20180712350 7 4 1 5 3 2 9 6 10 8 
20180712351 5 6 3 10 1 4 9 2 8 7 
20180712352 2 3 6 10 4 7 5 1 9 8 
20180712353 3 5 4 1 7 10 2 8 6 9 
20180712354 9 3 5 6 1 2 7 10 4 8 
20180712355 9 10 5 2 4 3 7 1 6 8 
20180712356 4 9 7 10 2 5 3 8 6 1 
20180712357 8 1 4 6 7 2 9 5 3 10 
20180712358 1 2 3 9 10 6 4 7 8 5 
20180712359 7 3 2 5 10 8 4 6 1 9 
20180712360 4 1 5 7 9 8 10 3 6 2 
20180712361 8 2 5 4 9 1 6 3 7 10 
20180712362 8 1 3 4 9 6 2 7 10 5 
20180712363 5 6 3 8 9 7 1 10 2 4 
20180712364 9 2 8 6 3 5 10 4 1 7 
20180712365 8 4 10 7 1 6 3 5 9 2 
20180712366 1 5 2 7 4 6 3 9 8 10 
20180712367 1 3 7 8 10 6 5 9 4 2 
20180712368 5 3 9 7 1 4 2 10 6 8 
20180712369 2 10 6 9 7 1 5 8 4 3 
20180712370 8 5 7 10 9 3 1 6 4 2 
20180712371 10 7 2 1 5 4 9 8 6 3 
20180712372 10 4 7 2 3 6 5 9 8 1 
20180712373 6 4 9 3 2 5 8 7 10 1 
20180712374 3 1 7 4 5 10 8 6 2 9 
20180712375 10 1 3 9 7 8 4 6 5 2 
20180712376 3 6 9 10 7 8 4 2 1 5 
20180712377 5 2 7 1 6 9 4 10 8 3 
20180712378 6 3 10 7 1 4 8 9 5 2 
20180712379 7 9 8 5 6 1 10 3 4 2 
20180712380 8 6 9 4 10 2 5 7 1 3 
20180712381 9 5 6 1 2 3 8 10 4 7 
20180712382 3 9 5 8 7 1 4 10 2 6 
20180712383 1 10 2 3 8 4 9 7 5 6 
20180712384 2 1 5 6 7 9 3 8 10 4 
20180712385 5 8 3 1 6 10 9 4 2 7 
20180712386 7 10 9 3 6 8 2 4 1 5 
20180712387 7 10 3 5 4 9 6 1 2 8 
20180712388 5 10 7 9 3 6 8 2 4 1 
20180712389 5 1 2 9 7 3 6 10 8 4 
20180712390 7 8 3 2 6 10 5 9 4 1 
20180712391 1 8 10 3 2 4 6 7 9 5 
20180712392 9 8 10 5 6 3 7 4 2 1 
20180712393 8 3 10 2 4 1 9 5 6 7 
20180712394 10 8 4 9 2 3 6 7 5 1 
20180712395 2 1 5 8 9 6 3 10 7 4 
20180712396 6 9 8 7 5 4 3 1 10 2 
20180712397 2 5 1 7 6 10 9 8 3 4 
20180712398 2 5 7 9 10 3 1 4 8 6 
20180712399 2 8 3 7 1 9 4 5 10 6 
20180712400 7 10 8 9 5 1 6 4 2 3 
20180712401 5 1 9 2 7 8 3 10 6 4 
20180712402 8 9 7 5 3 1 6 10 2 4 
20180712403 6 4 2 9 5 3 10 7 1 8 
20180712404 5 10 2 8 9 3 1 7 4 6 
20180712405 8 3 4 6 10 5 9 2 1 7 
20180712406 9 6 5 3 4 2 10 1 7 8 
20180712407 7 2 10 3 4 9 1 8 6 5 
20180712408 1 9 6 2 3 7 5 10 4 8 
20180712409 10 8 5 2 3 1 6 4 9 7 
20180712410 7 8 1 3 4 6 10 5 2 9 
20180712411 3 7 8 5 10 9 6 4 2 1 
20180712412 6 5 9 1 7 3 8 2 10 4 
20180712413 7 3 6 1 5 4 9 10 8 2 
20180712414 5 6 4 8 3 10 7 9 2 1 
20180712415 9 7 3 6 5 4 1 2 10 8 
20180712416 10 9 4 8 1 6 5 7 2 3 
20180712417 10 9 4 2 3 7 5 1 8 6 
20180712418 9 1 2 8 10 3 6 4 7 5 
20180712419 7 1 10 4 8 5 2 9 6 3 
20180712420 3 4 10 5 1 9 6 8 7 2 
20180712421 5 4 1 9 3 6 8 10 2 7 
20180712422 3 7 4 6 10 1 2 9 8 5 
20180712423 7 4 6 8 3 1 10 5 2 9 
20180712424 3 9 6 5 7 4 8 10 1 2 
20180712425 9 4 10 8 1 6 7 5 3 2 
20180712426 5 3 1 2 8 4 7 10 9 6 
20180712427 2 3 1 10 6 7 8 4 9 5 
20180712428 9 3 7 5 6 4 10 8 2 1 
20180712429 5 8 7 4 10 3 1 9 6 2 
20180712430 7 5 10 2 6 3 9 1 8 4 
20180712431 1 9 10 8 6 5 2 4 3 7 
20180712432 4 6 9 3 10 2 5 1 7 8 
20180712433 1 6 8 9 10 7 2 4 3 5 
20180712434 5 10 4 7 8 1 3 2 6 9 
20180712435 5 1 4 9 7 6 3 2 8 10 
20180712436 3 1 4 6 8 7 2 5 9 10 
20180712437 3 8 10 7 4 5 6 9 2 1 
20180712438 9 7 2 5 1 3 10 6 8 4 
20180712439 5 10 1 8 6 4 7 2 9 3 
20180712440 9 3 7 10 4 8 5 1 2 6 
20180712441 10 3 2 7 4 5 6 8 1 9 
20180712442 10 5 4 8 7 9 2 1 3 6 
20180712443 7 6 9 3 8 1 2 4 5 10 
20180712444 2 10 4 8 3 9 7 6 5 1 
20180712445 9 4 3 8 6 2 10 7 5 1 
20180712446 5 7 6 9 8 3 4 1 2 10 
20180712447 1 5 4 10 3 7 2 8 6 9 
20180712448 1 4 5 2 3 8 7 10 9 6 
20180712449 10 6 1 3 2 8 7 4 5 9 
20180712450 9 3 4 2 5 10 7 8 1 6 
20180712451 10 9 5 7 8 1 2 4 3 6 
20180712452 6 8 10 3 7 1 2 4 9 5 
20180712453 10 1 2 6 8 4 9 7 3 5 
20180712454 6 9 4 7 8 1 10 5 3 2 
20180712455 7 9 5 1 10 2 3 4 6 8 
20180712456 8 1 10 5 3 4 2 6 9 7 
20180712457 1 5 8 7 4 6 9 3 10 2 
20180712458 9 10 8 2 3 4 5 6 1 7 
20180712459 3 2 7 9 10 4 8 1 5 6 
20180712460 2 8 7 5 10 1 3 6 4 9 
20180712461 10 5 3 4 2 7 1 6 8 9 
20180712462 5 3 4 6 2 7 1 8 9 10 
20180712463 8 1 3 5 2 10 6 7 9 4 
20180712464 1 3 7 10 9 6 8 5 2 4 
20180712465 6 4 3 10 9 1 5 8 2 7 
20180712466 6 5 1 10 7 4 9 2 3 8 
20180712467 7 6 1 5 9 4 10 2 3 8 
20180712468 9 5 2 3 8 10 7 6 4 1 
20180712469 5 4 10 9 6 7 1 3 8 2 
20180712470 9 3 2 5 1 4 8 6 7 10 
20180712471 9 4 2 10 3 1 6 8 7 5 
20180712472 5 8 10 1 7 9 4 6 3 2 
20180712473 4 10 8 6 9 7 3 5 1 2 
20180712474 3 5 7 1 10 4 9 2 8 6 
20180712475 2 4 7 6 8 9 5 10 1 3 
20180712476 1 9 2 5 7 4 3 6 10 8 
20180712477 10 4 1 6 7 8 9 5 3 2 
20180712478 10 3 6 8 2 9 4 1 5 7 
20180712479 5 9 8 1 6 10 7 3 4 2 
20180712480 10 3 8 9 4 2 5 6 7 1 
20180712481 3 10 6 1 7 8 9 5 4 2 
20180712482 1 7 4 5 6 8 2 3 9 10 
20180712483 10 9 3 4 6 1 2 5 8 7 
20180712484 9 3 5 10 4 8 7 2 6 1 
20180712485 9 3 4 6 8 1 2 5 7 10 
20180712486 7 2 10 4 3 9 8 5 1 6 
20180712487 1 9 10 8 6 2 7 5 4 3 
20180712488 5 7 10 2 1 8 9 4 3 6 
20180712489 6 7 5 9 2 10 4 3 8 1 
20180712490 5 3 6 8 7 2 1 4 10 9 
20180712491 9 6 2 5 3 8 1 4 10 7 
20180712492 6 8 10 2 5 9 3 4 7 1 
20180712493 1 10 8 6 9 3 5 2 4 7 
20180712494 9 3 5 10 7 2 8 4 6 1 
20180712495 7 6 8 2 3 10 5 9 1 4 
20180712496 6 3 9 4 2 7 10 8 5 1 
20180712497 1 3 7 2 9 10 8 5 6 4 
20180712498 3 4 6 2 5 9 10 8 1 7 
20180712499 2 5 1 4 9 6 3 7 10 8 
20180712500 4 2 10 7 6 1 8 3 9 5 
20180712501 10 3 1 4 7 5 6 2 8 9 
20180712502 6 5 1 4 8 7 9 3 2 10 
20180712503 2 1 10 9 3 6 7 4 5 8 
20180712504 9 7 6 5 10 1 4 3 2 8 
20180712505 4 7 2 6 9 5 1 10 8 3 
20180712506 6 9 5 7 8 3 2 4 1 10 
20180712507 4 9 5 3 10 1 7 6 2 8 
20180712508 10 4 9 6 2 8 5 7 3 1 
20180712509 3 5 1 6 2 9 4 7 10 8 
20180712510 8 2 4 7 1 5 3 9 6 10 
20180712511 6 7 8 10 5 4 9 3 2 1 
20180712512 8 1 9 7 5 2 10 3 4 6 
20180712513 5 7 2 9 4 3 6 10 1 8 
20180712514 1 2 3 10 9 6 8 7 5 4 
20180712515 1 3 5 7 4 6 8 9 2 10 
20180712516 10 3 7 1 5 4 2 8 9 6 
20180712517 4 1 6 2 8 7 10 5 9 3 
20180712518 2 10 1 9 5 6 3 7 4 8 
20180712519 10 5 9 7 6 4 8 2 3 1 
20180712520 10 1 7 9 2 5 6 4 3 8 
20180712521 10 3 7 6 9 2 1 5 4 8 
20180712522 5 9 7 10 6 8 4 3 2 1 
20180712523 5 10 4 8 1 9 2 3 6 7 
20180712524 5 9 8 1 7 4 2 6 3 10 
20180712525 4 5 7 10 3 8 1 6 2 9 
20180712526 10 5 6 1 9 8 4 2 3 7 
20180712527 6 1 5 7 9 3 2 4 10 8 
20180712528 10 7 4 5 3 2 6 9 1 8 
20180712529 5 1 6 10 7 4 3 2 9 8 
20180712530 6 1 3 9 10 8 2 7 4 5 
20180712531 6 7 1 2 5 3 4 9 8 10 
20180712532 1 10 3 4 8 6 2 7 9 5 
20180712533 1 4 2 6 5 10 9 7 8 3 
20180712534 10 7 3 4 2 1 9 5 6 8 
20180712535 2 5 8 10 3 6 4 7 9 1 
20180712536 7 9 6 3 8 5 1 4 2 10 
20180712537 5 2 3 10 4 1 8 7 6 9 
20180712538 2 4 1 9 6 3 5 8 10 7 
20180712539 2 1 8 3 4 7 10 6 9 5 
20180712540 8 5 10 1 3 6 4 2 9 7 
20180712541 6 9 4 8 3 5 2 7 1 10 
20180712542 2 8 10 5 3 9 7 1 4 6 
20180712543 3 9 8 4 10 1 5 7 2 6 
20180712544 6 5 3 2 1 4 9 7 8 10 
20180712545 8 9 5 4 3 7 2 10 1 6 
20180712546 7 2 4 10 1 8 6 3 5 9 
20180712547 1 3 6 2 4 9 7 5 8 10 
20180712548 4 2 5 7 10 1 9 3 6 8 
20180712549 2 4 6 10 8 1 5 7 9 3 
20180712550 8 6 1 9 2 10 5 3 4 7 
20180712551 8 2 5 3 6 4 7 10 9 1 
20180712552 6 5 3 2 8 1 7 4 9 10 
20180712553 10 2 3 4 1 9 7 8 6 5 
20180712554 1 2 6 8 5 7 9 3 10 4 
20180712555 4 10 2 6 9 8 7 1 5 3 
20180712556 6 10 2 3 7 4 8 1 5 9 
20180712557 10 2 3 4 7 5 6 9 8 1 
20180712558 4 6 9 3 1 8 10 2 7 5 
20180712559 2 10 7 3 4 1 6 9 8 5 
20180712560 8 7 4 10 6 9 2 3 5 1 
20180712561 2 5 10 4 1 3 8 9 6 7 
20180712562 6 4 9 8 7 5 3 1 2 10 
20180712563 5 3 1 4 8 2 6 10 7 9 
20180712564 2 7 5 3 4 9 10 6 8 1 
20180712565 10 3 2 7 1 8 4 9 5 6 
20180712566 9 1 6 4 2 5 10 3 8 7 
20180712567 4 7 2 9 5 3 8 10 6 1 
20180712568 4 6 3 8 7 1 5 10 2 9 
20180712569 3 8 2 9 6 10 4 1 5 7 
20180712570 5 9 10 3 6 2 4 1 8 7 
20180712571 2 9 6 1 4 8 3 10 5 7 
20180712572 4 7 9 1 5 2 3 6 10 8 
20180712573 1 10 2 5 7 3 4 6 8 9 
20180712574 6 4 5 3 10 7 8 2 9 1 
20180712575 7 2 10 8 4 3 6 1 5 9 
20180712576 9 2 1 5 6 7 4 10 8 3 
20180712577 2 3 8 5 4 9 7 6 10 1 
20180712578 4 2 7 6 3 9 10 5 1 8 
20180712579 8 1 2 7 10 9 5 6 3 4 
20180712580 1 10 4 5 6 3 2 8 9 7 
20180712581 4 6 3 5 8 10 9 1 7 2 
20180712582 10 4 6 3 2 9 1 7 8 5 
20180712583 6 4 1 10 8 5 7 3 9 2 
20180712584 6 4 8 10 1 3 2 7 9 5 
20180712585 3 9 2 10 7 6 8 4 1 5 
20180712586 10 1 9 6 4 2 3 8 7 5 
20180712587 7 8 4 5 6 1 10 2 3 9 
20180712588 8 3 6 2 4 5 1 7 10 9 
20180712589 8 10 7 4 9 2 6 3 5 1 
20180712590 2 8 9 5 1 7 4 3 10 6 
20180712591 4 8 1 2 6 5 3 10 7 9 
20180712592 10 2 5 4 3 6 7 1 9 8 
20180712593 5 3 2 9 8 1 6 10 7 4 
20180712594 4 10 9 5 7 2 1 3 8 6 
20180712595 2 5 8 3 4 1 10 9 7 6 
20180712596 4 5 6 3 1 10 9 7 8 2 
20180712597 5 3 4 2 6 1 9 8 10 7 
20180712598 8 3 6 9 2 5 1 7 4 10 
20180712599 8 3 4 1 5 9 6 7 10 2 
20180712600 3 6 8 9 7 1 2 10 5 4 
20180712601 2 1 9 4 6 3 5 10 7 8 
20180712602 3 8 2 7 6 10 5 1 9 4 
20180712603 7 6 8 4 10 3 9 1 2 5 
20180712604 6 10 8 1 2 4 9 7 3 5 
20180712605 2 10 1 8 6 5 4 3 7 9 
20180712606 6 9 3 5 10 2 1 8 4 7 
20180712607 3 1 5 6 2 8 4 10 7 9 
20180712608 4 6 3 8 7 5 9 2 1 10 
20180712609 5 10 9 8 1 2 6 4 7 3 
20180712610 7 9 8 6 5 2 1 4 10 3 
20180712611 5 6 2 7 10 1 9 8 3 4 
20180712612 2 10 9 1 6 3 8 5 4 7 
20180712613 9 4 3 10 8 5 1 2 7 6 
20180712614 2 4 6 5 7 1 8 10 3 9 
20180712615 6 1 3 7 2 9 8 10 4 5 
20180712616 4 2 1 10 7 5 9 8 3 6 
20180712617 10 4 7 3 5 8 2 9 1 6 
20180712618 8 3 1 9 10 5 2 6 4 7 
20180712619 1 6 8 9 10 4 2 7 5 3 
20180712620 6 7 8 3 5 9 4 2 1 10 
20180712621 2 5 3 8 9 10 6 7 4 1 
20180712622 4 10 8 5 7 3 6 9 2 1 
20180712623 8 3 1 7 2 4 10 9 6 5 
20180712624 2 4 5 3 7 8 10 1 6 9 
20180712625 2 10 9 3 6 7 1 5 4 8 
20180712626 2 6 9 5 1 7 4 3 10 8 
20180712627 10 8 4 7 6 1 5 9 2 3 
20180712628 1 3 9 2 7 5 4 8 6 10 
20180712629 5 8 3 9 10 2 4 7 1 6 
20180712630 8 10 3 5 9 1 6 4 2 7 
20180712631 2 7 6 8 4 3 9 1 10 5 
20180712632 4 6 8 7 3 9 5 2 1 10 
20180712633 9 1 2 10 7 3 5 4 8 6 
20180712634 1 6 10 4 7 3 8 5 2 9 
20180712635 1 10 6 8 2 9 7 3 5 4 
20180712636 7 9 5 6 10 1 8 2 4 3 
20180712637 2 4 1 6 8 10 3 7 9 5 
20180712638 10 9 5 6 1 8 3 4 2 7 
20180712639 3 10 7 1 5 2 9 8 6 4 
20180712640 3 5 8 4 2 10 1 9 6 7 
20180712641 2 7 4 10 3 6 1 9 5 8 
20180712642 9 1 10 4 8 2 7 3 6 5 
20180712643 2 4 6 8 1 3 9 5 7 10 
20180712644 4 10 2 3 8 5 9 6 1 7 
20180712645 8 1 3 4 7 5 9 2 10 6 
20180712646 5 1 3 10 4 8 6 2 7 9 
20180712647 10 1 7 2 4 9 8 3 6 5 
20180712648 10 4 9 2 6 7 3 5 8 1 
20180712649 2 1 9 5 4 8 6 3 10 7 
20180712650 10 9 1 5 7 3 4 2 6 8 
20180712651 3 5 6 9 10 1 7 4 8 2 
20180712652 6 7 3 10 8 2 4 5 9 1 
20180712653 9 2 5 8 6 1 10 3 4 7 
20180712654 7 8 6 10 5 9 4 1 3 2 
20180712655 5 4 9 2 6 3 1 7 8 10 
20180712656 9 3 2 1 6 10 5 8 4 7 
20180712657 2 4 6 9 3 1 7 8 5 10 
20180712658 2 9 5 10 1 8 6 4 3 7 
20180712659 7 10 3 5 1 4 2 6 9 8 
20180712660 1 9 10 5 6 2 8 4 7 3 
20180712661 7 8 4 6 9 10 5 2 1 3 
20180712662 4 8 3 5 10 6 2 1 7 9 
20180712663 7 1 6 8 9 3 4 5 2 10 
20180712664 5 4 9 3 2 8 6 7 1 10 
20180712665 9 6 2 8 10 3 5 4 1 7 
20180712666 9 1 4 3 8 10 5 7 2 6 
20180712667 10 3 5 7 1 8 4 2 6 9 
20180712668 9 6 4 3 2 10 1 7 8 5 
20180712669 3 5 6 2 7 8 4 1 10 9 
20180712670 7 10 3 1 4 5 2 9 6 8 
20180712671 6 4 1 9 8 3 5 10 7 2 
20180712672 5 10 8 1 4 3 2 6 7 9 
20180712673 7 2 10 6 3 1 8 5 4 9 
20180712674 8 9 3 10 7 5 4 1 6 2 
20180712675 7 3 4 10 9 2 8 6 5 1 
20180712676 8 4 7 5 1 3 6 9 10 2 
20180712677 10 8 4 1 7 5 2 9 6 3 
20180712678 3 6 9 2 1 8 5 4 10 7 
20180712679 2 3 5 1 9 7 8 10 4 6 
20180712680 1 3 4 6 10 7 8 2 9 5 
20180712681 3 7 6 1 10 4 8 9 2 5 
20180712682 3 9 10 2 8 5 7 4 1 6 
20180712683 5 6 3 1 9 7 4 10 8 2 
20180712684 8 4 10 5 1 3 2 7 6 9 
20180712685 2 10 7 3 6 1 9 4 8 5 
20180712686 1 10 4 9 6 2 7 8 3 5 
20180712687 10 5 8 3 9 6 7 2 1 4 
20180712688 8 2 5 7 4 1 9 10 3 6 
20180712689 7 4 6 9 2 3 5 1 10 8 
20180712690 2 6 5 3 4 1 7 9 10 8 
20180712691 5 4 9 1 3 10 7 6 8 2 
20180712692 2 10 9 1 6 3 5 4 7 8 
20180712693 4 1 2 7 3 8 9 6 10 5 
20180712694 1 8 5 7 6 4 3 9 2 10 
20180712695 4 1 6 5 8 7 3 10 2 9 
20180712696 1 4 7 3 9 8 10 6 5 2 
20180712697 10 7 9 6 5 2 1 8 4 3 
20180712698 5 1 7 8 3 9 2 4 10 6 
20180712699 10 3 5 1 2 8 7 9 4 6 
20180712700 3 7 5 8 2 9 10 6 1 4 
20180712701 2 9 8 5 4 6 7 1 3 10 
20180712702 1 9 5 4 8 6 10 7 2 3 
20180712703 1 9 4 10 7 8 6 2 5 3 
20180712704 4 5 1 2 10 7 3 9 8 6 
20180712705 6 5 1 7 8 2 3 9 4 10 
20180712706 6 7 8 4 1 2 3 5 10 9 
20180712707 5 6 10 7 1 4 8 3 2 9 
20180712708 4 9 5 10 1 8 7 6 3 2 
20180712709 6 10 5 9 8 7 4 1 2 3 
20180712710 8 5 7 4 10 6 9 1 3 2 
20180712711 1 2 8 9 7 10 4 3 6 5 
20180712712 3 7 8 2 10 1 9 6 5 4 
20180712713 5 6 7 4 8 3 1 10 9 2 
20180712714 10 3 8 5 4 2 9 1 7 6 
20180712715 6 1 3 4 5 10 2 7 9 8 
20180712716 2 9 5 7 3 6 10 8 4 1 
20180712717 5 4 6 10 2 7 9 3 8 1 
20180712718 3 5 8 2 9 1 10 7 4 6 
20180712719 8 9 2 1 5 4 6 3 10 7 
20180712720 7 1 6 9 3 5 4 8 10 2 
20180712721 2 7 3 8 10 4 1 6 9 5 
20180712722 7 5 10 9 2 3 4 1 8 6 
20180712723 7 8 10 2 4 3 5 6 1 9 
20180712724 5 6 9 3 1 4 8 10 2 7 
20180712725 7 9 8 4 3 2 5 6 10 1 
20180712726 10 9 7 2 1 3 6 4 8 5 
20180712727 7 3 2 4 1 9 10 8 6 5 
20180712728 5 3 1 10 8 2 4 9 6 7 
20180712729 10 5 6 3 1 9 8 7 4 2 
20180712730 8 2 7 3 6 1 10 4 5 9 
20180712731 1 9 3 8 2 6 4 5 10 7 
20180712732 3 4 2 9 1 7 10 5 8 6 
20180712733 5 7 4 6 1 10 3 8 2 9 
20180712734 3 10 2 5 1 8 6 7 4 9 
20180712735 4 7 3 6 8 10 1 2 5 9 
20180712736 1 5 9 4 10 7 3 6 8 2 
20180712737 3 8 2 9 7 5 6 4 10 1 
20180712738 6 4 2 8 5 10 1 3 9 7 
20180712739 8 3 5 6 4 7 1 2 9 10 
20180712740 6 2 7 9 3 1 8 10 5 4 
20180712741 5 2 8 7 1 9 3 6 4 10 
20180712742 8 9 1 7 10 5 2 6 3 4 
20180712743 2 3 5 7 9 10 6 4 8 1 
20180712744 1 4 2 3 6 9 8 10 7 5 
20180712745 2 7 10 4 1 9 3 8 5 6 
20180712746 6 3 9 5 2 7 1 4 10 8 
20180712747 10 5 3 1 4 8 2 7 6 9 
20180712748 3 5 10 6 8 2 1 4 9 7 
20180712749 10 4 9 3 1 6 8 7 2 5 
20180712750 3 4 8 2 7 1 5 10 6 9 
20180712751 3 8 5 10 6 9 7 4 1 2 
20180712752 3 9 5 4 10 8 2 6 7 1 
20180712753 6 2 5 7 10 4 9 8 1 3 
20180712754 6 5 4 3 8 2 10 1 7 9 
20180712755 9 2 3 4 5 6 1 8 10 7 
20180712756 2 1 3 5 10 6 7 9 8 4 
20180712757 8 10 3 7 6 9 4 5 1 2 
20180712758 4 3 9 5 6 2 7 10 1 8 
20180712759 2 5 10 7 4 8 9 6 1 3 
20180712760 4 7 6 8 3 9 5 10 2 1 
20180712761 9 7 2 10 6 4 8 1 5 3 
20180712762 7 2 4 8 3 9 6 10 1 5 
20180712763 9 10 3 4 5 2 7 8 1 6 
20180712764 9 8 1 5 3 4 2 6 10 7 
20180712765 8 1 7 9 4 2 3 6 5 10 
20180712766 6 9 1 7 2 5 3 4 10 8 
20180712767 6 7 10 3 5 9 1 2 4 8 
20180712768 8 4 1 3 9 10 5 6 2 7 
20180712769 8 10 1 9 2 3 7 4 6 5 
20180712770 8 5 6 10 4 7 3 2 9 1 
20180712771 7 3 9 2 5 6 8 10 1 4 
20180712772 6 8 5 1 9 2 10 3 7 4 
20180712773 10 3 4 8 9 2 7 1 5 6 
20180712774 3 4 2 9 10 8 1 6 5 7 
20180712775 7 3 4 8 10 1 6 2 5 9 
20180712776 10 5 9 8 4 7 2 1 3 6 
20180712777 6 10 8 3 5 1 2 4 9 7 
20180712778 8 9 5 7 3 2 1 10 4 6 
20180712779 2 7 8 9 1 4 3 6 5 10 
20180712780 4 6 9 7 10 2 1 8 5 3 
20180712781 5 10 6 9 3 8 7 4 2 1 
20180712782 5 7 10 3 6 4 2 8 1 9 
20180712783 2 6 8 1 5 3 7 4 9 10 
20180712784 1 8 6 7 2 10 9 5 4 3 
20180712785 3 9 4 10 7 1 2 6 8 5 
20180712786 5 6 2 4 9 3 10 1 8 7 
20180712787 9 10 7 1 6 4 5 8 2 3 
20180712788 4 2 9 7 6 10 1 5 8 3 
20180712789 8 10 7 5 9 6 2 3 4 1 
20180712790 3 1 5 8 6 9 4 10 2 7 
20180712791 9 6 1 7 5 3 10 4 2 8 
20180712792 7 1 8 3 6 10 5 2 4 9 
20180712793 2 9 10 3 5 1 6 7 4 8 
20180712794 9 3 7 5 8 1 10 6 2 4 
20180712795 6 9 5 1 3 10 4 8 2 7 
20180712796 6 10 5 2 4 3 7 8 1 9 
20180712797 8 9 4 3 5 7 6 10 1 2 
20180712798 9 7 2 1 8 6 4 10 3 5 
20180712799 6 8 4 2 10 3 1 9 5 7 
20180712800 7 6 10 4 5 9 3 1 8 2 
20180712801 3 1 10 7 2 6 4 9 8 5 
20180712802 7 4 5 6 9 2 1 8 3 10 
20180712803 3 1 7 2 5 8 9 10 6 4 
20180712804 9 3 2 1 6 4 8 5 10 7 
20180712805 10 9 2 3 6 5 8 1 7 4 
20180712806 2 1 8 6 9 3 5 4 10 7 
20180712807 4 5 1 7 8 6 9 2 10 3 
20180712808 8 5 7 6 9 2 4 3 1 10 
20180712809 6 3 1 5 10 8 7 4 2 9 
20180712810 8 4 6 2 3 9 1 7 5 10 
20180712811 7 1 3 10 4 9 6 2 8 5 
20180712812 10 1 9 2 3 7 4 6 5 8 
20180712813 9 5 1 4 10 8 2 7 6 3 
20180712814 7 10 5 6 3 8 1 9 4 2 
20180712815 4 3 9 1 8 5 7 2 6 10 
20180712816 8 10 2 9 6 1 4 5 7 3 
20180712817 9 2 10 8 1 6 5 4 7 3 
20180712818 9 7 10 4 3 5 8 2 1 6 
20180712819 9 8 4 1 7 6 5 10 3 2 
20180712820 9 10 2 8 6 3 1 7 5 4 
20180712821 4 9 6 5 8 3 1 10 2 7 
20180712822 5 10 3 7 2 1 6 4 9 8 
20180712823 6 2 10 4 1 3 8 5 7 9 
20180712824 3 5 9 2 8 7 6 4 10 1 
20180712825 5 10 6 4 9 8 3 7 2 1 
20180712826 6 8 10 5 9 7 2 3 1 4 
20180712827 5 1 8 6 10 4 7 2 9 3 
20180712828 6 1 7 8 5 3 10 4 9 2 
20180712829 6 4 5 1 2 8 3 10 9 7 
20180712830 1 10 4 3 5 2 9 6 8 7 
20180712831 4 5 1 10 7 2 8 3 9 6 
20180712832 10 9 4 6 3 2 7 1 8 5 
20180712833 2 5 1 10 6 4 8 3 9 7 
20180712834 1 3 8 10 2 5 9 7 4 6 
20180712835 4 2 3 8 10 9 1 5 6 7 
20180712836 9 8 3 6 2 7 5 1 10 4 
20180712837 7 8 2 9 4 5 10 3 6 1 
20180712838 8 5 2 1 4 10 6 9 7 3 
20180712839 6 2 8 4 3 7 1 5 10 9 
20180712840 9 6 7 5 10 8 1 4 3 2 
20180712841 2 6 5 10 1 7 4 9 3 8 
20180712842 10 4 5 2 8 3 6 7 1 9 
20180712843 9 4 10 8 3 7 2 1 6 5 
20180712844 4 8 9 7 5 3 1 6 10 2 
20180712845 4 9 7 6 8 3 1 2 10 5 
20180712846 10 1 9 3 5 2 4 8 6 7 
20180712847 9 4 3 1 8 7 5 2 6 10 
20180712848 6 5 10 7 4 8 1 2 9 3 
20180712849 2 3 9 10 6 4 7 1 5 8 
20180712850 3 2 7 6 9 8 10 1 5 4 
20180712851 10 6 1 5 2 8 9 4 7 3 
20180712852 8 5 9 3 1 2 4 7 10 6 
20180712853 6 9 10 5 3 4 7 1 8 2 
20180712854 2 1 7 10 5 8 6 4 3 9 
20180712855 6 7 4 1 8 5 3 9 10 2 
20180712856 4 1 2 9 10 3 7 8 5 6 
20180712857 9 3 4 8 2 7 1 6 10 5 
20180712858 6 10 1 9 3 4 2 7 5 8 
20180712859 4 2 1 3 6 9 7 5 8 10 
20180712860 1 4 9 7 6 2 8 5 3 10 
20180712861 6 5 3 2 9 7 8 1 10 4 
20180712862 5 7 10 6 4 2 8 3 1 9 
20180712863 8 9 1 7 4 2 5 3 10 6 
20180712864 8 6 10 2 7 4 9 1 5 3 
20180712865 4 5 9 3 7 8 1 10 6 2 
20180712866 2 3 5 10 4 6 8 9 7 1 
20180712867 1 10 7 3 5 2 9 8 4 6 
20180712868 10 1 3 2 6 7 9 8 5 4 
20180712869 10 5 6 8 4 9 7 1 2 3 
20180712870 3 7 2 9 4 6 8 1 5 10 
20180712871 8 2 1 5 3 9 4 6 10 7 
20180712872 9 8 4 10 5 7 6 2 3 1 
20180712873 2 7 6 1 9 5 4 10 3 8 
20180712874 2 7 5 3 4 1 8 10 6 9 
20180712875 7 10 9 6 8 2 4 1 3 5 
20180712876 9 1 7 6 3 8 2 4 10 5 
20180712877 4 1 2 10 3 9 8 5 6 7 
20180712878 6 7 5 1 9 8 2 3 4 10 
20180712879 4 6 9 2 8 7 3 10 5 1 
20180712880 2 8 6 5 1 9 4 10 3 7 
20180712881 5 9 4 6 3 1 8 7 10 2 
20180712882 2 3 7 5 1 4 8 6 10 9 
20180712883 5 1 8 6 7 4 9 2 10 3 
20180712884 3 1 9 7 8 2 10 5 4 6 
20180712885 8 6 9 1 4 7 10 5 2 3 
20180712886 5 10 6 1 3 4 2 9 8 7 
20180712887 9 2 10 1 5 3 4 8 6 7 
20180712888 8 9 10 4 2 7 1 6 3 5 
20180712889 9 4 6 10 3 1 7 5 2 8 
20180712890 1 7 5 4 9 3 8 6 2 10 
20180712891 10 9 3 5 8 4 1 6 2 7 
20180712892 5 7 4 2 1 8 6 3 9 10 
20180712893 7 6 1 10 5 2 8 3 9 4 
20180712894 5 1 6 2 9 4 10 7 8 3 
20180712895 9 8 4 7 6 3 5 10 2 1 
20180712896 4 2 10 6 7 3 8 5 9 1 
20180712897 10 6 1 5 7 2 4 8 9 3 
20180712898 6 8 5 9 4 2 1 3 10 7 
20180712899 4 9 6 10 2 3 7 8 1 5 
20180712900 10 3 2 1 6 8 9 4 7 5 
20180712901 10 3 1 6 4 7 8 9 5 2 
20180712902 7 2 4 3 1 5 8 9 10 6 
20180712903 9 5 10 3 1 4 7 2 8 6 
20180712904 2 1 3 5 7 10 9 8 6 4 
20180712905 4 5 2 6 9 3 10 8 1 7 
20180712906 4 10 6 8 1 2 3 5 9 7 
20180712907 6 5 7 8 4 9 2 1 3 10 
20180712908 3 8 9 2 10 5 6 4 7 1 
20180712909 4 5 3 8 7 9 10 6 1 2 
20180712910 8 10 7 9 3 6 5 4 2 1 
20180712911 7 1 3 6 5 2 4 9 8 10 
20180712912 8 7 1 2 3 5 9 4 10 6 
20180712913 1 3 2 6 8 9 5 7 10 4 
20180712914 1 7 4 5 9 8 3 6 10 2 
20180712915 7 6 1 2 5 9 4 3 10 8 
20180712916 8 9 10 6 7 4 2 5 1 3 
20180712917 1 2 4 8 7 5 6 9 10 3 
20180712918 4 10 8 9 7 5 6 3 2 1 
20180712919 2 1 7 3 8 10 6 9 4 5 
20180712920 2 5 10 6 4 7 3 9 8 1 
20180712921 3 6 2 4 10 7 9 8 1 5 
20180712922 5 1 10 8 2 3 9 6 4 7 
20180712923 9 1 7 3 6 4 5 2 8 10 
20180712924 7 3 6 2 5 8 9 10 1 4 
20180712925 8 3 7 9 1 6 2 10 4 5 
20180712926 10 1 9 5 7 6 4 2 3 8 
20180712927 1 7 4 3 8 2 5 6 10 9 
20180712928 8 6 7 1 10 5 4 2 9 3 
20180712929 5 9 8 7 6 3 10 2 1 4 
20180712930 1 2 4 8 9 10 3 6 5 7 
20180712931 6 9 2 10 8 3 7 5 4 1 
20180712932 7 3 4 2 1 8 6 9 5 10 
20180712933 8 7 5 2 3 1 6 9 10 4 
20180712934 3 5 2 7 9 8 10 4 1 6 
20180712935 6 3 4 10 8 2 1 7 5 9 
20180712936 7 4 6 1 2 3 5 10 9 8 
20180712937 10 2 5 8 7 4 6 1 9 3 
20180712938 6 3 10 1 4 2 9 7 5 8 
20180712939 4 8 10 9 6 2 3 1 5 7 
20180712940 8 9 2 1 4 10 7 3 6 5 
20180712941 2 3 10 6 1 5 9 7 4 8 
20180712942 8 6 10 9 7 3 1 4 5 2 
20180712943 9 8 5 10 6 4 3 1 7 2 
20180712944 9 7 4 5 2 1 8 3 6 10 
20180712945 2 5 7 9 6 10 4 1 8 3 
20180712946 6 1 7 2 9 4 3 5 8 10 
20180712947 1 6 5 2 10 4 3 8 9 7 
20180712948 3 4 2 8 10 6 9 1 7 5 
20180712949 6 7 5 1 10 4 9 2 8 3 
20180712950 5 7 4 2 3 9 10 8 1 6 
20180712951 4 10 5 2 3 6 9 7 8 1 
20180712952 3 4 2 1 5 10 6 8 9 7 
20180712953 1 10 9 6 2 3 7 5 8 4 
20180712954 2 7 9 4 10 6 3 8 1 5 
20180712955 3 9 8 2 1 4 5 7 10 6 
20180712956 7 3 2 8 1 10 4 6 9 5 
20180712957 3 10 7 8 5 2 9 6 4 1 
20180712958 1 4 2 10 9 3 6 8 5 7 
20180712959 10 9 7 2 6 8 1 4 5 3 
20180712960 2 4 1 10 8 3 7 5 9 6 
20180712961 4 1 5 6 3 2 8 9 7 10 
20180712962 8 4 2 9 10 6 5 3 1 7 
20180712963 10 8 9 3 2 7 5 1 4 6 
20180712964 8 9 10 5 1 3 4 7 6 2 
20180712965 6 7 8 9 2 5 4 3 1 10 
20180712966 2 4 7 1 5 3 6 9 10 8 
20180712967 4 7 5 2 1 3 8 6 9 10 
20180712968 10 2 6 1 4 7 9 8 3 5 
20180712969 2 3 1 7 5 10 4 8 9 6 
20180712970 10 2 1 6 7 9 5 8 3 4 
20180712971 1 3 4 9 7 10 8 5 2 6 
20180712972 2 1 6 8 5 9 7 3 10 4 
20180712973 9 8 10 5 6 1 7 2 3 4 
20180712974 6 4 10 8 9 7 5 2 1 3 
20180712975 8 1 2 4 6 7 10 3 5 9 
20180712976 7 5 3 1 10 2 6 4 9 8 
20180712977 10 8 3 4 2 6 1 5 7 9 
20180712978 6 1 2 5 3 8 9 4 7 10 
20180712979 1 5 10 3 6 4 8 7 2 9 
20180712980 4 2 5 8 10 1 3 7 9 6 
20180712981 8 10 4 6 9 7 3 1 2 5 
20180712982 7 5 8 9 1 10 2 6 3 4 
20180712983 10 3 9 7 1 2 4 6 8 5 
20180712984 9 3 8 4 10 2 5 1 6 7 
20180712985 3 10 8 1 2 6 7 4 9 5 
