20180725001 9 4 8 5 3 6 2 1 7 10 
20180725002 7 5 4 1 6 9 3 10 2 8 
20180725003 10 4 2 7 9 8 1 5 6 3 
20180725004 5 9 1 7 6 8 3 4 2 10 
20180725005 9 10 8 6 2 4 3 1 5 7 
20180725006 6 4 10 3 2 5 7 8 9 1 
20180725007 3 1 5 8 10 7 4 6 2 9 
20180725008 5 7 4 2 3 6 1 8 10 9 
20180725009 4 3 7 6 1 10 2 9 5 8 
20180725010 2 5 8 3 10 9 4 6 7 1 
20180725011 3 1 7 4 6 8 9 5 10 2 
20180725012 4 2 1 5 9 6 10 7 3 8 
20180725013 4 8 7 5 6 3 10 2 9 1 
20180725014 8 2 4 5 9 7 10 6 1 3 
20180725015 8 2 7 10 6 1 9 5 3 4 
20180725016 3 5 9 2 7 10 6 8 1 4 
20180725017 2 1 3 9 7 10 5 6 8 4 
20180725018 8 9 3 6 7 2 1 4 5 10 
20180725019 3 2 7 1 9 10 5 6 8 4 
20180725020 6 7 8 9 3 10 2 1 5 4 
20180725021 5 3 1 4 8 9 2 7 6 10 
20180725022 2 10 5 3 9 4 8 6 1 7 
20180725023 8 7 9 6 1 5 2 10 3 4 
20180725024 9 1 10 8 7 2 3 4 5 6 
20180725025 8 9 2 6 7 4 3 5 1 10 
20180725026 8 6 10 1 7 2 4 5 9 3 
20180725027 4 5 7 2 9 10 3 1 8 6 
20180725028 8 4 7 5 10 3 1 9 2 6 
20180725029 5 7 8 6 4 2 3 9 1 10 
20180725030 8 9 1 3 2 5 4 10 7 6 
20180725031 3 10 8 2 6 7 1 5 4 9 
20180725032 10 1 5 4 7 2 8 3 9 6 
20180725033 8 10 6 3 5 7 1 2 9 4 
20180725034 2 10 7 3 8 1 5 9 4 6 
20180725035 6 2 1 8 4 3 10 5 7 9 
20180725036 2 8 5 7 9 10 6 4 1 3 
20180725037 9 8 2 10 1 6 4 7 5 3 
20180725038 10 5 7 8 6 2 3 1 9 4 
20180725039 7 4 3 2 1 5 8 10 6 9 
20180725040 5 6 8 4 9 1 3 7 2 10 
20180725041 2 10 8 3 7 5 6 1 4 9 
20180725042 9 1 8 4 5 6 7 10 3 2 
20180725043 10 2 7 3 5 6 1 9 4 8 
20180725044 5 9 2 8 6 7 1 3 4 10 
20180725045 1 8 2 5 7 4 6 3 10 9 
20180725046 10 2 4 6 8 5 1 9 7 3 
20180725047 2 5 8 3 1 6 4 9 10 7 
20180725048 5 2 8 3 6 4 10 1 9 7 
20180725049 1 8 2 4 9 10 7 6 5 3 
20180725050 7 6 9 8 10 2 5 4 3 1 
20180725051 3 4 8 2 6 10 7 5 1 9 
20180725052 5 2 1 4 6 3 7 10 8 9 
20180725053 2 8 9 3 4 1 5 10 7 6 
20180725054 5 6 3 8 7 10 9 4 2 1 
20180725055 4 8 10 2 5 9 6 1 3 7 
20180725056 7 8 4 2 10 1 6 9 5 3 
20180725057 2 10 1 7 3 8 5 4 9 6 
20180725058 9 4 5 8 6 1 2 7 10 3 
20180725059 10 8 5 1 3 9 2 6 7 4 
20180725060 6 3 2 10 5 9 4 8 7 1 
20180725061 5 4 9 10 3 2 7 1 6 8 
20180725062 10 4 1 2 9 8 3 6 7 5 
20180725063 7 2 8 10 4 9 5 3 1 6 
20180725064 7 1 10 5 8 3 9 6 2 4 
20180725065 10 4 2 7 6 9 5 1 3 8 
20180725066 7 8 1 5 2 9 3 4 6 10 
20180725067 7 5 9 10 2 8 6 4 3 1 
20180725068 8 5 1 4 3 10 6 9 7 2 
20180725069 2 4 1 3 8 6 7 5 9 10 
20180725070 7 10 9 1 3 5 2 4 6 8 
20180725071 1 10 7 6 9 3 2 8 4 5 
20180725072 8 4 10 3 7 9 1 6 2 5 
20180725073 1 8 9 7 4 2 10 5 6 3 
20180725074 10 4 1 5 2 9 6 7 3 8 
20180725075 7 3 10 1 2 6 8 5 9 4 
20180725076 1 5 8 10 3 7 4 6 2 9 
20180725077 9 5 10 1 2 6 3 8 4 7 
20180725078 2 8 4 9 6 10 5 7 1 3 
20180725079 7 4 2 8 3 10 6 1 9 5 
20180725080 6 10 2 9 7 5 1 4 8 3 
20180725081 5 3 4 8 9 2 6 7 10 1 
20180725082 2 10 8 6 5 9 1 3 4 7 
20180725083 1 2 7 4 10 8 5 9 6 3 
20180725084 7 1 4 8 2 10 5 6 3 9 
20180725085 7 2 10 9 1 3 8 5 6 4 
20180725086 7 6 2 9 1 8 3 5 10 4 
20180725087 5 4 3 10 2 8 9 1 7 6 
20180725088 10 4 2 6 3 9 1 5 8 7 
20180725089 9 10 5 3 1 8 2 7 6 4 
20180725090 1 7 3 2 9 10 8 4 5 6 
20180725091 6 4 9 10 7 8 2 3 5 1 
20180725092 9 3 10 2 5 7 4 6 8 1 
20180725093 6 1 2 4 10 3 8 5 7 9 
20180725094 5 9 3 2 4 7 10 6 1 8 
20180725095 9 1 8 5 7 10 4 2 3 6 
20180725096 1 3 2 10 6 7 5 9 8 4 
20180725097 7 8 9 10 1 3 4 2 5 6 
20180725098 1 10 3 9 8 4 2 5 6 7 
20180725099 5 3 4 2 9 7 1 6 8 10 
20180725100 7 2 3 8 5 6 9 10 1 4 
20180725101 2 6 8 4 3 10 5 9 1 7 
20180725102 10 7 5 6 4 1 3 9 8 2 
20180725103 10 2 1 7 4 9 3 8 5 6 
20180725104 6 7 4 8 3 10 9 5 2 1 
20180725105 8 6 3 4 5 1 7 10 2 9 
20180725106 8 6 7 3 1 10 5 9 4 2 
20180725107 5 3 9 6 4 1 10 7 8 2 
20180725108 5 2 7 8 6 9 1 10 3 4 
20180725109 9 4 10 6 7 2 3 8 1 5 
20180725110 7 3 9 4 8 5 1 6 10 2 
20180725111 6 9 8 5 2 7 10 3 4 1 
20180725112 10 5 2 9 6 3 7 8 4 1 
20180725113 7 4 2 3 1 9 6 8 10 5 
20180725114 1 9 6 7 8 4 10 5 3 2 
20180725115 8 4 10 6 1 3 9 2 7 5 
20180725116 3 9 7 1 5 8 6 2 10 4 
20180725117 9 7 6 10 4 8 5 1 3 2 
20180725118 10 8 1 2 4 6 9 3 7 5 
20180725119 6 1 3 10 9 4 8 7 2 5 
20180725120 7 3 4 1 10 6 2 8 5 9 
20180725121 7 6 9 4 8 1 10 5 3 2 
20180725122 7 4 8 10 1 9 2 5 6 3 
20180725123 1 3 8 10 9 5 2 7 6 4 
20180725124 9 8 5 10 3 6 1 4 2 7 
20180725125 4 6 3 7 1 9 2 5 8 10 
20180725126 6 7 4 10 8 9 3 1 2 5 
20180725127 2 7 5 1 3 6 4 8 9 10 
20180725128 8 2 6 10 7 3 9 5 1 4 
20180725129 5 2 9 7 10 4 3 1 8 6 
20180725130 7 1 8 4 5 9 10 6 2 3 
20180725131 10 9 5 4 3 2 1 8 6 7 
20180725132 7 1 10 2 5 6 9 4 3 8 
20180725133 7 10 8 3 1 4 5 6 2 9 
20180725134 1 7 9 6 4 8 2 10 3 5 
20180725135 9 6 7 4 3 10 8 5 2 1 
20180725136 6 7 3 10 4 8 9 2 1 5 
20180725137 4 6 2 5 7 9 3 8 1 10 
20180725138 1 8 5 10 7 2 6 4 9 3 
20180725139 8 3 1 10 6 5 4 9 7 2 
20180725140 1 2 4 7 5 8 10 9 3 6 
20180725141 10 7 6 9 8 5 4 3 1 2 
20180725142 5 2 3 8 1 9 6 4 10 7 
20180725143 5 10 7 2 3 1 4 6 9 8 
20180725144 4 2 7 10 8 3 6 9 1 5 
20180725145 1 3 6 10 5 8 9 4 7 2 
20180725146 5 1 10 7 3 4 2 6 9 8 
20180725147 10 8 3 1 6 4 5 9 7 2 
20180725148 9 7 5 3 8 1 2 10 4 6 
20180725149 1 4 6 8 5 10 3 9 2 7 
20180725150 10 2 7 6 9 1 3 5 8 4 
20180725151 8 5 2 4 1 6 9 10 3 7 
20180725152 5 3 6 7 1 9 2 10 8 4 
20180725153 6 10 2 5 4 8 3 9 7 1 
20180725154 2 4 3 9 6 10 5 8 7 1 
20180725155 4 1 2 3 9 5 8 6 10 7 
20180725156 8 10 1 7 9 2 3 6 5 4 
20180725157 1 4 6 10 9 2 3 8 5 7 
20180725158 4 1 6 2 7 3 10 5 8 9 
20180725159 5 2 4 1 6 7 9 10 8 3 
20180725160 9 10 8 6 5 1 3 4 2 7 
20180725161 10 9 5 6 4 8 3 7 1 2 
20180725162 10 1 2 7 3 6 5 8 4 9 
20180725163 3 7 6 1 4 10 2 5 8 9 
20180725164 2 1 9 7 5 3 6 10 4 8 
20180725165 8 2 9 7 1 4 6 10 3 5 
20180725166 2 10 6 8 5 9 3 7 1 4 
20180725167 8 6 4 10 2 1 5 9 7 3 
20180725168 4 8 3 10 5 6 9 2 7 1 
20180725169 8 2 6 7 9 5 4 3 10 1 
20180725170 7 6 8 5 9 1 4 2 10 3 
20180725171 5 8 1 7 10 2 9 4 6 3 
20180725172 9 7 1 8 2 4 6 5 10 3 
20180725173 6 9 4 5 3 8 2 10 1 7 
20180725174 5 10 9 1 2 3 7 4 8 6 
20180725175 2 9 1 6 7 8 4 5 10 3 
20180725176 7 3 1 6 10 4 9 5 8 2 
20180725177 1 7 5 9 2 3 4 6 8 10 
20180725178 4 9 5 10 7 2 6 8 1 3 
20180725179 10 5 9 1 7 4 2 3 8 6 
20180725180 10 6 1 4 5 9 2 3 7 8 
20180725181 1 8 3 2 5 7 9 10 6 4 
20180725182 10 2 1 3 4 7 6 9 5 8 
20180725183 5 7 10 9 2 4 8 3 1 6 
20180725184 6 1 10 2 5 7 8 3 4 9 
20180725185 5 3 2 9 6 1 7 10 8 4 
20180725186 6 2 7 5 3 1 9 10 8 4 
20180725187 8 10 2 5 6 3 4 9 7 1 
20180725188 2 10 9 8 5 7 3 4 1 6 
20180725189 8 6 3 4 9 10 7 5 1 2 
20180725190 5 9 3 10 6 1 4 2 7 8 
20180725191 4 10 7 6 9 3 5 1 8 2 
20180725192 5 1 7 10 8 3 2 6 4 9 
20180725193 2 3 7 1 9 8 5 10 6 4 
20180725194 1 7 10 5 9 2 6 4 8 3 
20180725195 10 8 4 6 1 7 2 3 5 9 
20180725196 6 7 5 8 4 3 9 1 10 2 
20180725197 1 4 6 8 7 5 10 9 2 3 
20180725198 6 5 7 3 2 1 10 9 4 8 
20180725199 8 5 7 6 1 4 2 9 3 10 
20180725200 10 3 7 2 6 1 4 5 9 8 
20180725201 2 8 5 6 9 7 4 3 1 10 
20180725202 5 6 8 3 2 7 9 1 10 4 
20180725203 3 6 4 8 2 7 5 10 1 9 
20180725204 6 5 9 2 3 7 4 10 1 8 
20180725205 10 1 3 6 7 2 5 4 9 8 
20180725206 2 6 1 7 10 4 3 9 8 5 
20180725207 4 7 10 3 9 8 1 2 5 6 
20180725208 8 7 3 10 4 9 2 6 1 5 
20180725209 8 9 1 4 7 2 10 6 5 3 
20180725210 10 3 6 7 1 4 2 8 5 9 
20180725211 8 9 4 5 6 10 3 7 2 1 
20180725212 7 3 10 8 2 4 5 9 6 1 
20180725213 10 7 9 1 8 2 4 6 3 5 
20180725214 5 2 8 3 10 7 4 9 6 1 
20180725215 8 1 4 9 2 7 3 6 5 10 
20180725216 2 8 5 1 4 3 6 10 7 9 
20180725217 4 10 3 1 7 8 2 6 5 9 
20180725218 3 6 7 1 10 5 9 8 2 4 
20180725219 10 5 2 9 7 4 6 8 1 3 
20180725220 9 2 4 10 1 6 5 3 7 8 
20180725221 8 4 9 3 10 6 1 2 7 5 
20180725222 4 5 2 6 8 3 9 7 1 10 
20180725223 9 5 3 1 6 2 8 10 4 7 
20180725224 1 6 8 5 10 9 3 7 2 4 
20180725225 1 5 8 9 6 2 4 10 7 3 
20180725226 8 3 9 1 6 5 2 4 10 7 
20180725227 10 8 3 9 4 1 6 2 5 7 
20180725228 6 7 4 3 2 5 8 9 10 1 
20180725229 9 4 3 5 2 1 7 10 8 6 
20180725230 8 5 3 6 4 9 10 7 1 2 
20180725231 7 2 4 5 8 10 6 3 1 9 
20180725232 7 8 5 4 1 9 3 6 10 2 
20180725233 5 3 6 2 4 1 8 7 9 10 
20180725234 1 9 6 10 4 2 3 7 8 5 
20180725235 3 1 7 9 5 6 2 4 8 10 
20180725236 1 3 8 2 10 4 6 7 5 9 
20180725237 3 6 5 1 10 2 4 7 9 8 
20180725238 9 4 6 7 10 2 3 1 5 8 
20180725239 3 8 6 4 2 10 7 5 1 9 
20180725240 2 9 7 4 5 10 6 1 8 3 
20180725241 6 7 4 5 3 1 8 9 2 10 
20180725242 6 4 1 9 8 3 2 5 10 7 
20180725243 6 3 2 1 10 7 5 8 9 4 
20180725244 4 9 6 1 5 2 8 7 3 10 
20180725245 10 9 5 4 2 8 6 7 1 3 
20180725246 8 4 3 6 7 2 1 5 10 9 
20180725247 4 10 5 7 9 3 1 2 6 8 
20180725248 9 8 5 1 4 6 3 7 2 10 
20180725249 4 3 2 9 6 10 5 1 7 8 
20180725250 1 9 7 5 10 4 3 8 6 2 
20180725251 3 2 10 9 5 4 6 7 1 8 
20180725252 6 2 8 7 3 10 1 9 4 5 
20180725253 3 6 2 9 7 1 4 10 8 5 
20180725254 1 2 7 8 10 3 9 4 5 6 
20180725255 8 5 4 9 2 10 6 7 1 3 
20180725256 7 6 8 5 4 3 10 2 1 9 
20180725257 8 7 10 5 3 6 2 9 4 1 
20180725258 2 1 6 7 3 4 5 9 10 8 
20180725259 3 6 1 8 4 10 2 7 5 9 
20180725260 2 4 5 7 6 3 1 10 8 9 
20180725261 2 10 9 4 5 8 3 6 7 1 
20180725262 1 7 8 10 9 4 2 6 5 3 
20180725263 6 9 10 2 8 3 1 5 7 4 
20180725264 8 1 4 10 5 6 2 3 9 7 
20180725265 2 10 1 8 5 3 4 9 7 6 
20180725266 10 5 2 6 8 7 1 9 4 3 
20180725267 3 7 10 9 4 2 5 1 6 8 
20180725268 10 4 5 6 3 8 2 1 9 7 
20180725269 7 9 6 3 10 8 1 4 5 2 
20180725270 1 9 8 4 7 5 2 6 10 3 
20180725271 6 8 1 5 10 4 3 9 7 2 
20180725272 6 7 4 1 8 2 10 5 3 9 
20180725273 3 9 10 6 5 8 1 7 4 2 
20180725274 4 2 10 8 1 3 7 6 9 5 
20180725275 9 6 3 1 7 2 8 4 5 10 
20180725276 2 10 3 4 8 6 1 5 9 7 
20180725277 3 9 7 5 1 4 10 2 6 8 
20180725278 9 2 1 5 8 4 7 6 10 3 
20180725279 7 8 5 9 4 10 1 3 2 6 
20180725280 5 10 8 2 9 1 4 7 3 6 
20180725281 8 6 5 3 2 10 9 7 4 1 
20180725282 2 8 7 10 5 9 4 3 1 6 
20180725283 10 4 2 9 8 6 3 5 7 1 
20180725284 4 2 8 10 1 7 9 3 6 5 
20180725285 2 4 9 10 8 7 1 6 3 5 
20180725286 4 10 9 1 7 5 8 3 6 2 
20180725287 2 8 10 4 6 7 5 3 1 9 
20180725288 1 6 3 2 7 10 5 4 8 9 
20180725289 3 2 6 1 5 10 8 7 4 9 
20180725290 3 4 6 10 2 9 1 8 7 5 
20180725291 9 4 1 2 8 10 6 5 3 7 
20180725292 7 1 10 4 2 8 5 3 6 9 
20180725293 10 1 7 6 8 9 5 2 4 3 
20180725294 8 9 3 4 5 10 1 2 7 6 
20180725295 6 7 10 4 2 1 8 5 3 9 
20180725296 5 2 4 9 10 7 3 6 1 8 
20180725297 8 1 3 4 10 9 6 5 2 7 
20180725298 1 6 10 2 4 9 3 8 7 5 
20180725299 2 1 10 6 5 9 3 8 4 7 
20180725300 5 4 10 8 2 1 9 6 7 3 
20180725301 9 1 5 7 8 6 10 3 2 4 
20180725302 6 3 7 2 4 1 10 9 5 8 
20180725303 2 10 4 5 3 6 7 9 8 1 
20180725304 2 4 7 6 5 9 3 1 8 10 
20180725305 8 10 7 3 4 9 2 5 1 6 
20180725306 6 7 1 10 3 2 5 4 9 8 
20180725307 5 3 7 2 8 6 1 9 4 10 
20180725308 6 8 5 1 3 2 7 9 10 4 
20180725309 6 7 5 10 2 9 1 8 3 4 
20180725310 6 10 2 3 8 9 5 4 1 7 
20180725311 6 10 8 2 4 9 3 7 1 5 
20180725312 3 4 1 9 7 8 5 10 2 6 
20180725313 1 3 5 4 10 9 6 2 8 7 
20180725314 5 8 1 7 6 2 3 9 10 4 
20180725315 5 10 3 6 9 2 7 1 4 8 
20180725316 2 10 5 8 7 1 4 6 9 3 
20180725317 1 2 4 10 3 7 5 9 6 8 
20180725318 1 5 9 10 6 3 8 7 2 4 
20180725319 7 8 1 5 9 2 4 3 6 10 
20180725320 9 1 6 2 4 10 5 3 8 7 
20180725321 8 2 3 7 4 5 1 9 10 6 
20180725322 7 10 9 2 8 5 3 6 4 1 
20180725323 3 2 7 10 1 9 4 6 5 8 
20180725324 6 1 3 4 2 8 7 9 10 5 
20180725325 7 10 9 1 5 6 3 4 8 2 
20180725326 2 7 4 9 1 5 6 8 3 10 
20180725327 5 2 7 4 3 6 1 8 9 10 
20180725328 6 10 2 9 4 5 1 3 8 7 
20180725329 10 6 5 3 9 7 1 8 4 2 
20180725330 6 8 10 9 5 2 3 4 1 7 
20180725331 4 5 2 8 10 3 9 7 1 6 
20180725332 8 1 4 5 7 3 9 2 6 10 
20180725333 10 7 1 4 5 6 2 3 8 9 
20180725334 3 5 1 4 8 6 10 7 9 2 
20180725335 6 4 3 2 1 10 8 5 7 9 
20180725336 8 10 3 4 7 1 9 6 2 5 
20180725337 7 3 5 2 1 4 8 10 6 9 
20180725338 2 6 8 3 4 5 1 7 10 9 
20180725339 8 7 5 9 4 3 2 10 6 1 
20180725340 8 4 3 5 2 9 1 7 6 10 
20180725341 7 2 10 3 1 6 5 8 9 4 
20180725342 5 9 4 3 2 1 10 8 6 7 
20180725343 3 4 9 10 7 1 2 6 5 8 
20180725344 4 8 5 1 7 10 6 9 3 2 
20180725345 1 6 10 4 3 8 7 5 9 2 
20180725346 6 9 1 2 3 5 8 10 4 7 
20180725347 7 1 5 2 9 10 4 8 3 6 
20180725348 9 1 10 8 6 2 3 7 4 5 
20180725349 8 6 7 9 1 2 4 5 10 3 
20180725350 10 5 8 3 6 2 1 4 7 9 
20180725351 7 8 1 3 4 9 5 2 10 6 
20180725352 1 3 2 9 4 8 5 10 6 7 
20180725353 10 4 5 3 6 8 7 9 2 1 
20180725354 8 5 3 4 1 7 6 2 9 10 
20180725355 8 9 3 1 2 7 6 10 5 4 
20180725356 8 3 7 1 5 2 6 4 10 9 
20180725357 7 2 6 3 4 1 8 9 5 10 
20180725358 5 1 6 2 8 9 4 10 3 7 
20180725359 7 2 5 9 3 10 6 4 8 1 
20180725360 6 3 9 8 7 10 1 5 2 4 
20180725361 5 4 8 7 6 1 9 10 2 3 
20180725362 3 2 4 6 5 8 7 10 9 1 
20180725363 7 5 9 2 6 3 8 1 4 10 
20180725364 4 3 7 6 2 9 10 5 1 8 
20180725365 7 2 3 10 5 1 8 9 6 4 
20180725366 2 7 4 10 8 1 6 5 9 3 
20180725367 10 7 5 4 8 9 6 1 2 3 
20180725368 10 6 5 4 7 8 1 2 3 9 
20180725369 2 8 5 4 7 1 10 6 3 9 
20180725370 10 6 8 9 2 3 7 4 5 1 
20180725371 6 1 7 8 9 3 5 2 4 10 
20180725372 2 5 10 4 8 6 3 7 1 9 
20180725373 6 2 5 3 4 9 1 10 8 7 
20180725374 2 10 1 6 8 3 7 4 9 5 
20180725375 8 10 3 5 4 7 6 1 2 9 
20180725376 2 4 10 7 5 8 1 3 6 9 
20180725377 5 7 9 6 3 4 1 10 8 2 
20180725378 5 3 4 1 2 9 6 7 10 8 
20180725379 10 2 6 9 8 5 4 7 3 1 
20180725380 10 8 1 7 2 6 3 9 5 4 
20180725381 4 2 5 7 10 9 1 8 6 3 
20180725382 2 8 7 1 9 4 5 6 3 10 
20180725383 2 7 4 6 1 5 3 9 10 8 
20180725384 5 8 7 3 10 2 1 4 9 6 
20180725385 6 3 8 5 1 4 9 7 10 2 
20180725386 7 3 10 8 2 5 4 1 6 9 
20180725387 7 3 10 9 2 5 4 1 6 8 
20180725388 2 1 10 6 5 4 9 8 7 3 
20180725389 7 4 10 2 8 3 1 9 6 5 
20180725390 9 8 10 4 1 2 3 7 6 5 
20180725391 9 10 3 1 6 2 5 8 4 7 
20180725392 10 3 8 1 9 6 4 2 7 5 
20180725393 9 1 5 4 7 2 8 3 10 6 
20180725394 10 8 7 1 5 2 3 4 6 9 
20180725395 7 2 8 1 5 6 4 9 3 10 
20180725396 10 4 5 2 7 1 8 3 6 9 
20180725397 5 1 10 7 2 4 9 8 6 3 
20180725398 8 1 4 5 10 9 3 6 7 2 
20180725399 3 9 8 5 2 10 6 4 7 1 
20180725400 10 5 6 1 3 8 7 4 9 2 
20180725401 6 2 1 10 3 7 8 9 4 5 
20180725402 7 1 6 8 4 3 10 5 2 9 
20180725403 9 1 8 5 3 2 6 10 4 7 
20180725404 4 5 2 10 3 7 1 6 8 9 
20180725405 1 8 3 4 2 7 6 5 9 10 
20180725406 7 2 9 6 5 10 4 8 3 1 
20180725407 4 7 6 9 10 2 3 5 1 8 
20180725408 4 5 7 8 2 1 9 6 3 10 
20180725409 4 6 3 5 7 10 9 8 1 2 
20180725410 4 10 5 2 6 1 8 7 9 3 
20180725411 6 3 4 10 8 5 2 9 7 1 
20180725412 10 2 7 9 3 5 4 6 8 1 
20180725413 2 10 7 4 6 9 1 3 5 8 
20180725414 2 1 4 10 6 7 3 8 9 5 
20180725415 3 8 4 10 6 1 5 9 2 7 
20180725416 7 3 9 1 10 8 6 5 4 2 
20180725417 5 4 6 2 8 7 3 10 1 9 
20180725418 9 7 3 4 8 1 10 5 2 6 
20180725419 8 7 10 5 6 9 3 1 4 2 
20180725420 8 9 4 7 6 5 10 1 3 2 
20180725421 9 4 3 7 2 1 6 10 8 5 
20180725422 1 2 9 6 5 3 10 8 7 4 
20180725423 2 1 9 4 6 7 3 10 8 5 
20180725424 3 6 5 9 7 1 2 10 8 4 
20180725425 3 10 9 6 4 1 7 8 2 5 
20180725426 3 8 4 2 1 5 6 10 7 9 
20180725427 1 4 9 3 10 6 7 2 8 5 
20180725428 4 6 5 1 9 3 7 8 10 2 
20180725429 8 2 4 1 6 3 10 7 5 9 
20180725430 8 4 5 3 6 10 2 7 1 9 
20180725431 1 3 10 4 7 6 9 2 5 8 
20180725432 1 7 2 3 6 9 5 8 4 10 
20180725433 7 5 2 9 3 1 8 10 6 4 
20180725434 9 8 6 7 2 1 5 4 3 10 
20180725435 7 8 9 6 3 2 4 5 1 10 
20180725436 3 6 10 8 4 7 5 2 9 1 
20180725437 9 6 1 5 4 2 10 7 8 3 
20180725438 7 1 8 5 9 4 2 6 3 10 
20180725439 10 4 2 7 1 3 5 9 6 8 
20180725440 2 9 1 10 4 7 6 5 8 3 
20180725441 3 7 1 4 10 9 8 2 6 5 
20180725442 8 2 9 10 1 3 6 7 4 5 
20180725443 6 4 3 5 9 7 1 2 10 8 
20180725444 7 8 3 2 5 10 1 9 6 4 
20180725445 6 5 10 1 8 3 2 9 4 7 
20180725446 6 2 7 8 9 1 10 3 5 4 
20180725447 8 1 10 5 6 7 4 9 2 3 
20180725448 4 1 6 7 10 9 5 8 3 2 
20180725449 1 9 5 6 8 4 3 7 10 2 
20180725450 2 7 8 10 4 9 5 3 1 6 
20180725451 10 5 6 7 3 9 1 4 2 8 
20180725452 10 9 4 2 8 5 6 1 7 3 
20180725453 3 10 4 2 5 6 1 8 9 7 
20180725454 4 10 5 1 7 9 6 2 3 8 
20180725455 4 8 5 3 10 6 2 7 9 1 
20180725456 3 8 2 9 10 1 5 6 7 4 
20180725457 7 6 5 3 8 10 9 2 1 4 
20180725458 8 6 4 5 2 3 9 10 1 7 
20180725459 6 4 9 2 7 8 5 3 1 10 
20180725460 10 2 8 5 6 7 3 1 9 4 
20180725461 5 3 9 10 2 6 1 4 7 8 
20180725462 2 4 6 1 7 10 3 5 9 8 
20180725463 7 2 8 4 3 10 5 9 1 6 
20180725464 6 8 2 1 7 3 10 4 5 9 
20180725465 2 1 10 6 3 7 4 8 5 9 
20180725466 3 2 1 10 9 6 5 8 4 7 
20180725467 2 1 7 4 6 10 8 9 5 3 
20180725468 1 5 10 6 4 9 8 7 3 2 
20180725469 10 1 9 2 3 4 5 6 8 7 
20180725470 1 6 7 2 3 9 4 10 5 8 
20180725471 3 10 6 5 7 8 4 2 1 9 
20180725472 7 1 5 2 9 3 8 6 10 4 
20180725473 4 6 7 9 5 8 10 3 2 1 
20180725474 2 8 6 3 9 5 1 7 10 4 
20180725475 6 10 3 5 8 4 1 2 9 7 
20180725476 7 8 5 3 9 1 2 6 10 4 
20180725477 7 8 4 6 10 3 2 1 9 5 
20180725478 7 8 1 4 5 9 2 6 10 3 
20180725479 3 9 5 2 7 8 1 4 10 6 
20180725480 7 4 2 1 6 9 3 5 10 8 
20180725481 6 10 8 5 9 7 2 1 3 4 
20180725482 4 10 9 7 1 8 3 2 5 6 
20180725483 9 8 4 2 1 3 6 7 5 10 
20180725484 6 1 3 8 7 9 10 5 2 4 
20180725485 5 4 2 10 8 3 7 9 1 6 
20180725486 3 1 8 6 7 9 10 2 4 5 
20180725487 10 4 9 6 8 5 3 1 7 2 
20180725488 7 6 1 10 2 3 9 8 5 4 
20180725489 6 9 1 7 5 3 10 2 8 4 
20180725490 10 1 5 6 9 3 7 8 4 2 
20180725491 1 4 8 2 9 3 7 10 6 5 
20180725492 1 3 10 6 4 9 7 2 5 8 
20180725493 5 7 3 6 4 2 9 8 10 1 
20180725494 5 6 2 3 4 10 1 9 8 7 
20180725495 7 1 4 3 5 2 9 10 8 6 
20180725496 2 4 1 6 10 9 7 5 8 3 
20180725497 3 1 9 6 10 2 5 8 7 4 
20180725498 5 3 7 2 9 1 10 4 6 8 
20180725499 3 2 5 9 6 4 1 8 7 10 
20180725500 4 1 6 3 10 7 9 8 2 5 
20180725501 10 1 6 7 9 5 8 3 4 2 
20180725502 7 8 10 1 2 5 3 6 9 4 
20180725503 8 1 9 7 6 10 4 2 5 3 
20180725504 10 7 1 3 2 9 6 4 8 5 
20180725505 8 3 6 10 2 7 5 1 9 4 
20180725506 6 2 10 4 5 1 8 9 3 7 
20180725507 3 9 5 2 10 4 7 6 8 1 
20180725508 5 2 8 6 4 1 9 10 3 7 
20180725509 9 1 8 4 5 7 6 10 2 3 
20180725510 1 3 10 2 5 8 9 6 4 7 
20180725511 8 9 1 7 3 4 5 10 6 2 
20180725512 7 2 9 5 8 3 1 10 6 4 
20180725513 2 1 3 4 8 9 6 10 7 5 
20180725514 7 8 6 2 1 10 3 5 9 4 
20180725515 4 1 9 8 2 6 10 7 3 5 
20180725516 7 5 6 4 9 8 2 1 3 10 
20180725517 2 7 4 10 3 5 9 1 6 8 
20180725518 2 5 1 6 7 3 10 4 8 9 
20180725519 10 9 3 8 4 5 2 7 1 6 
20180725520 2 9 1 8 5 7 4 6 3 10 
20180725521 2 6 8 10 9 7 5 4 3 1 
20180725522 9 1 2 8 3 6 7 4 10 5 
20180725523 1 2 6 8 3 5 7 10 4 9 
20180725524 1 9 8 10 2 4 3 6 5 7 
20180725525 1 10 9 3 5 8 6 4 7 2 
20180725526 8 9 4 2 6 10 7 1 5 3 
20180725527 8 9 4 3 1 6 2 10 7 5 
20180725528 3 8 7 1 4 2 9 10 6 5 
20180725529 9 1 8 4 7 6 3 10 2 5 
20180725530 10 2 3 7 8 1 6 5 4 9 
20180725531 2 10 7 5 1 3 6 8 4 9 
20180725532 2 8 3 9 10 1 6 5 7 4 
20180725533 4 10 7 6 3 2 8 9 1 5 
20180725534 3 1 4 6 9 7 2 5 10 8 
20180725535 7 1 4 5 3 9 10 2 6 8 
20180725536 8 1 2 7 4 10 3 6 5 9 
20180725537 2 9 8 10 1 3 5 4 7 6 
20180725538 7 6 8 10 3 9 4 5 1 2 
20180725539 4 3 1 10 5 7 8 6 2 9 
20180725540 3 4 8 1 2 10 6 9 7 5 
20180725541 2 5 7 3 1 6 9 8 10 4 
20180725542 9 6 4 1 8 5 3 7 2 10 
20180725543 1 4 7 3 10 6 5 9 2 8 
20180725544 10 2 9 7 6 8 4 3 5 1 
20180725545 9 2 3 1 4 5 7 10 6 8 
20180725546 9 10 3 8 2 5 7 1 4 6 
20180725547 7 4 8 6 3 10 5 9 2 1 
20180725548 3 8 6 4 10 9 7 1 5 2 
20180725549 5 6 10 2 4 7 9 8 1 3 
20180725550 8 1 6 9 10 3 7 4 2 5 
20180725551 6 10 3 9 5 4 1 2 7 8 
20180725552 2 1 9 6 8 3 7 4 5 10 
20180725553 9 7 6 10 4 8 2 5 1 3 
20180725554 2 6 1 3 5 7 4 8 10 9 
20180725555 8 2 10 6 7 5 9 3 4 1 
20180725556 2 1 6 9 5 7 10 8 4 3 
20180725557 1 6 3 10 7 9 2 5 8 4 
20180725558 9 7 6 2 10 8 3 1 5 4 
20180725559 7 3 4 8 10 6 1 5 2 9 
20180725560 4 10 7 3 8 2 6 9 1 5 
20180725561 4 3 10 5 7 9 1 2 6 8 
20180725562 8 5 10 2 4 1 6 9 3 7 
20180725563 2 10 7 6 8 1 4 5 3 9 
20180725564 1 8 10 2 5 9 7 4 3 6 
20180725565 1 5 2 8 9 10 4 3 7 6 
20180725566 5 1 4 10 8 9 2 3 6 7 
20180725567 1 4 9 2 8 10 3 5 7 6 
20180725568 9 7 10 4 8 5 2 6 3 1 
20180725569 1 2 4 9 5 3 8 6 7 10 
20180725570 8 9 10 2 3 4 5 7 6 1 
20180725571 5 8 1 2 6 7 3 4 10 9 
20180725572 5 8 1 9 2 3 7 4 6 10 
20180725573 10 1 5 9 7 6 8 4 2 3 
20180725574 10 5 3 9 6 8 7 2 1 4 
20180725575 3 1 7 2 9 4 5 6 10 8 
20180725576 8 5 1 2 6 3 9 7 4 10 
20180725577 2 1 5 7 6 4 9 3 10 8 
20180725578 4 2 7 9 1 6 3 8 5 10 
20180725579 10 6 7 8 9 2 4 1 5 3 
20180725580 7 10 5 9 2 6 1 3 8 4 
20180725581 7 8 6 2 3 9 4 5 10 1 
20180725582 2 9 4 5 3 6 1 7 8 10 
20180725583 5 1 10 7 4 6 8 3 9 2 
20180725584 6 2 7 9 3 10 1 4 8 5 
20180725585 5 6 8 2 10 4 9 3 7 1 
20180725586 3 7 8 4 5 2 1 10 6 9 
20180725587 6 4 8 2 1 9 5 3 7 10 
20180725588 1 10 6 7 9 2 3 8 4 5 
20180725589 3 2 6 4 9 7 1 10 5 8 
20180725590 8 5 9 6 10 7 4 3 1 2 
20180725591 1 4 7 8 3 5 6 9 10 2 
20180725592 4 7 2 8 3 5 1 10 6 9 
20180725593 4 7 3 8 5 6 1 9 10 2 
20180725594 10 3 9 7 2 4 1 6 5 8 
20180725595 8 9 5 3 6 1 2 10 4 7 
20180725596 7 5 4 1 8 2 3 10 9 6 
20180725597 6 1 10 3 5 9 4 8 2 7 
20180725598 1 8 9 7 6 4 5 10 2 3 
20180725599 5 6 9 2 7 4 3 8 1 10 
20180725600 7 2 9 1 10 5 3 4 8 6 
20180725601 7 9 8 1 4 2 3 6 10 5 
20180725602 3 1 9 8 5 10 2 4 6 7 
20180725603 6 9 1 3 4 5 7 8 10 2 
20180725604 8 2 7 3 4 10 1 6 5 9 
20180725605 6 1 9 5 10 3 4 2 8 7 
20180725606 3 7 10 4 9 2 8 6 5 1 
20180725607 1 7 5 8 10 4 6 3 9 2 
20180725608 10 5 6 3 2 1 7 9 4 8 
20180725609 6 3 2 5 7 1 4 10 8 9 
20180725610 9 8 6 1 4 3 5 7 10 2 
20180725611 10 6 9 4 8 1 2 7 3 5 
20180725612 2 9 6 5 10 7 3 8 1 4 
20180725613 8 1 2 6 7 5 9 4 3 10 
20180725614 7 10 2 3 8 9 5 1 4 6 
20180725615 10 4 3 6 1 5 7 2 9 8 
20180725616 5 3 2 9 4 7 1 8 6 10 
20180725617 2 5 7 9 6 8 10 4 3 1 
20180725618 2 9 4 6 7 3 10 5 1 8 
20180725619 4 5 9 3 1 2 6 10 8 7 
20180725620 3 10 2 7 1 4 6 9 8 5 
20180725621 9 3 7 4 2 8 10 1 6 5 
20180725622 6 9 4 2 1 3 7 5 8 10 
20180725623 4 7 10 8 3 1 9 5 2 6 
20180725624 10 3 6 4 8 2 5 7 1 9 
20180725625 1 10 4 2 9 6 3 5 8 7 
20180725626 9 2 8 5 4 3 1 10 6 7 
20180725627 1 8 7 2 6 3 4 9 10 5 
20180725628 1 4 2 8 10 7 3 5 9 6 
20180725629 8 10 9 5 4 2 6 7 3 1 
20180725630 5 3 1 6 7 4 10 8 9 2 
20180725631 4 7 9 5 6 10 8 2 1 3 
20180725632 2 1 4 3 8 7 5 10 6 9 
20180725633 5 2 9 1 10 4 7 8 6 3 
20180725634 8 10 2 1 3 6 7 9 4 5 
20180725635 3 8 6 1 10 5 2 7 4 9 
20180725636 8 5 1 9 10 7 6 2 3 4 
20180725637 6 10 5 2 7 4 1 3 8 9 
20180725638 1 3 8 6 9 7 4 10 5 2 
20180725639 3 9 6 1 2 7 8 10 5 4 
20180725640 9 5 7 6 1 4 10 3 2 8 
20180725641 2 5 3 6 7 4 10 9 1 8 
20180725642 4 2 8 1 10 5 3 9 7 6 
20180725643 9 4 5 6 1 8 2 10 3 7 
20180725644 3 5 4 7 6 10 2 9 8 1 
20180725645 4 1 7 8 2 10 5 9 3 6 
20180725646 7 8 4 6 1 5 2 9 3 10 
20180725647 1 6 2 10 5 7 3 8 4 9 
20180725648 8 4 2 7 3 5 10 6 1 9 
20180725649 4 8 1 2 9 10 7 5 6 3 
20180725650 7 2 5 10 3 8 9 6 4 1 
20180725651 6 9 8 3 7 4 2 10 5 1 
20180725652 5 6 2 1 9 8 7 4 3 10 
20180725653 2 5 1 10 7 3 6 9 4 8 
20180725654 10 5 6 1 4 7 9 3 8 2 
20180725655 6 2 7 5 3 1 4 9 8 10 
20180725656 4 8 10 9 6 5 2 3 1 7 
20180725657 7 2 5 8 9 3 4 1 6 10 
20180725658 10 4 3 7 6 8 2 9 5 1 
20180725659 7 10 9 1 4 2 6 5 8 3 
20180725660 9 2 1 5 10 4 7 3 6 8 
20180725661 2 4 5 3 1 6 8 10 9 7 
20180725662 1 8 6 10 2 9 3 7 5 4 
20180725663 3 9 1 2 6 8 10 7 5 4 
20180725664 9 6 10 4 2 7 3 1 5 8 
20180725665 6 8 4 2 1 9 7 3 10 5 
20180725666 5 1 3 2 10 9 8 6 4 7 
20180725667 4 1 6 3 5 2 8 9 7 10 
20180725668 1 2 4 9 6 3 8 10 7 5 
20180725669 5 1 4 9 3 10 8 2 6 7 
20180725670 8 3 4 9 7 6 10 1 5 2 
20180725671 8 1 7 4 5 9 10 6 2 3 
20180725672 3 5 4 7 9 10 8 2 1 6 
20180725673 2 7 5 6 10 3 8 9 1 4 
20180725674 2 10 5 1 9 8 7 3 4 6 
20180725675 8 5 7 1 6 9 2 4 3 10 
20180725676 4 9 3 7 6 8 2 1 5 10 
20180725677 4 10 7 3 6 9 1 2 5 8 
20180725678 5 3 10 8 1 4 7 9 2 6 
20180725679 9 10 3 4 2 1 7 6 8 5 
20180725680 3 1 6 10 5 9 7 8 2 4 
20180725681 6 5 8 7 1 9 3 4 10 2 
20180725682 8 3 7 5 10 6 4 2 1 9 
20180725683 4 5 2 7 3 1 9 8 10 6 
20180725684 9 3 7 6 10 5 8 1 2 4 
20180725685 6 5 7 1 3 10 4 9 8 2 
20180725686 4 3 2 8 5 10 7 9 6 1 
20180725687 9 3 1 5 6 7 10 8 4 2 
20180725688 8 5 9 3 6 1 2 10 4 7 
20180725689 9 4 6 5 7 3 1 10 2 8 
20180725690 5 3 6 1 4 2 10 7 8 9 
20180725691 7 3 1 6 8 10 2 4 9 5 
20180725692 2 8 9 7 4 1 10 3 5 6 
20180725693 6 5 4 1 2 9 8 7 3 10 
20180725694 5 1 3 8 10 6 4 7 2 9 
20180725695 4 9 2 7 5 3 6 10 1 8 
20180725696 5 6 10 8 2 1 4 3 7 9 
20180725697 10 4 5 3 7 8 6 9 1 2 
20180725698 10 6 5 3 9 1 2 8 4 7 
20180725699 5 2 4 6 9 3 8 10 1 7 
20180725700 2 9 3 8 5 7 1 10 4 6 
20180725701 8 5 6 3 9 4 10 1 2 7 
20180725702 4 3 1 2 6 5 9 8 7 10 
20180725703 5 8 9 4 2 1 7 3 6 10 
20180725704 6 2 5 3 4 7 9 8 10 1 
20180725705 6 3 9 2 5 1 8 10 7 4 
20180725706 5 8 6 10 2 9 4 7 1 3 
20180725707 9 10 4 3 6 2 5 8 1 7 
20180725708 1 4 10 6 2 7 3 9 8 5 
20180725709 5 3 6 7 4 2 1 10 9 8 
20180725710 9 6 2 4 3 5 1 8 7 10 
20180725711 3 7 10 2 1 6 8 9 4 5 
20180725712 5 4 7 10 3 6 2 9 1 8 
20180725713 1 6 10 8 4 3 2 9 5 7 
20180725714 4 9 6 8 10 1 5 3 2 7 
20180725715 2 10 6 5 4 7 8 3 9 1 
20180725716 5 7 2 4 9 8 6 10 1 3 
20180725717 2 9 10 1 8 7 6 4 3 5 
20180725718 10 1 5 8 3 9 4 7 6 2 
20180725719 5 8 2 9 10 3 1 4 6 7 
20180725720 3 5 10 4 9 1 8 2 6 7 
20180725721 2 4 7 3 5 1 8 9 10 6 
20180725722 7 5 9 2 6 8 10 4 1 3 
20180725723 1 6 7 3 5 9 10 2 4 8 
20180725724 4 9 5 3 6 10 1 7 2 8 
20180725725 8 5 9 2 6 1 3 7 4 10 
20180725726 6 5 9 7 8 10 2 4 1 3 
20180725727 10 1 6 9 5 2 4 7 3 8 
20180725728 6 7 2 3 5 4 8 1 10 9 
20180725729 1 10 7 9 3 8 4 2 5 6 
20180725730 6 5 1 9 8 4 2 10 7 3 
20180725731 10 3 9 2 5 7 1 8 4 6 
20180725732 5 2 1 8 9 3 7 10 4 6 
20180725733 8 4 3 1 7 9 2 6 5 10 
20180725734 1 8 2 6 5 3 10 4 7 9 
20180725735 10 7 3 4 9 5 1 6 2 8 
20180725736 4 8 7 3 9 1 2 10 5 6 
20180725737 3 2 1 7 10 5 6 4 9 8 
20180725738 5 6 1 3 4 8 9 10 7 2 
20180725739 10 6 5 9 7 3 1 8 4 2 
20180725740 8 7 1 6 5 2 3 4 9 10 
20180725741 10 3 6 5 8 4 2 9 7 1 
20180725742 2 4 10 3 7 5 6 1 9 8 
20180725743 9 10 5 6 4 7 8 3 2 1 
20180725744 2 10 1 4 5 9 3 8 6 7 
20180725745 7 10 6 3 1 8 9 4 5 2 
20180725746 9 10 6 8 7 4 1 3 5 2 
20180725747 1 5 8 9 10 7 3 2 6 4 
20180725748 8 2 9 4 3 10 7 6 1 5 
20180725749 3 10 2 8 5 9 7 1 6 4 
20180725750 9 10 5 1 4 7 3 6 2 8 
20180725751 5 4 10 6 3 8 2 9 1 7 
20180725752 5 2 8 3 9 7 1 10 4 6 
20180725753 2 9 7 10 4 8 5 6 3 1 
20180725754 10 3 4 6 8 9 1 2 7 5 
20180725755 9 2 1 5 6 10 8 3 4 7 
20180725756 10 2 1 6 9 5 8 3 7 4 
20180725757 4 10 6 7 1 3 5 8 2 9 
20180725758 4 10 2 6 9 5 7 1 3 8 
20180725759 2 10 5 8 9 6 3 1 4 7 
20180725760 9 6 3 10 8 4 5 7 2 1 
20180725761 6 7 8 9 2 5 1 4 3 10 
20180725762 8 9 3 1 7 2 4 10 6 5 
20180725763 3 2 10 1 9 8 4 5 6 7 
20180725764 2 9 4 6 8 10 1 7 5 3 
20180725765 8 2 5 9 6 10 1 3 4 7 
20180725766 6 8 5 9 3 2 10 4 7 1 
20180725767 9 10 3 4 2 1 6 5 7 8 
20180725768 3 5 2 1 7 4 10 9 8 6 
20180725769 5 8 2 9 7 6 10 3 1 4 
20180725770 5 9 7 4 6 3 8 10 1 2 
20180725771 10 7 6 3 1 2 4 9 8 5 
20180725772 8 9 4 10 5 1 3 6 7 2 
20180725773 6 2 9 7 10 1 4 3 8 5 
20180725774 1 3 9 8 6 5 4 10 7 2 
20180725775 6 9 3 10 5 1 7 4 8 2 
20180725776 3 7 5 8 10 1 2 6 9 4 
20180725777 7 2 8 4 9 5 3 6 10 1 
20180725778 9 4 7 5 3 6 10 8 1 2 
20180725779 7 8 5 9 10 1 4 6 3 2 
20180725780 10 3 1 7 2 6 9 4 5 8 
20180725781 2 7 9 1 10 5 4 6 3 8 
20180725782 3 8 6 9 1 5 2 10 7 4 
20180725783 9 1 5 7 8 6 10 4 3 2 
20180725784 1 4 2 6 3 9 8 10 7 5 
20180725785 5 4 2 9 8 1 3 7 6 10 
20180725786 4 5 9 2 10 7 1 8 6 3 
20180725787 8 7 10 2 9 4 1 6 5 3 
20180725788 1 4 7 5 3 2 10 6 9 8 
20180725789 3 10 6 8 4 1 5 7 2 9 
20180725790 4 10 6 5 3 8 7 9 2 1 
20180725791 7 6 3 1 8 2 5 10 4 9 
20180725792 6 1 5 10 4 3 7 9 2 8 
20180725793 10 9 8 7 3 5 2 1 4 6 
20180725794 8 7 9 1 5 10 3 4 6 2 
20180725795 8 3 5 2 6 1 7 10 9 4 
20180725796 3 8 7 6 4 10 9 5 2 1 
20180725797 4 6 5 2 1 3 7 8 9 10 
20180725798 6 8 1 2 9 5 7 4 3 10 
20180725799 2 7 4 9 5 1 6 3 10 8 
20180725800 7 10 5 6 1 9 8 2 4 3 
20180725801 7 2 8 1 6 10 4 5 9 3 
20180725802 4 10 9 5 3 6 2 1 7 8 
20180725803 1 2 10 8 3 7 9 4 6 5 
20180725804 7 2 8 5 1 9 6 3 4 10 
20180725805 6 10 9 1 7 5 2 8 4 3 
20180725806 7 3 8 1 5 2 4 9 10 6 
20180725807 1 2 4 5 9 6 7 8 3 10 
20180725808 4 2 3 5 1 9 10 7 6 8 
20180725809 6 2 9 1 3 5 10 4 7 8 
20180725810 4 5 10 9 2 3 7 6 8 1 
20180725811 8 5 4 7 3 1 10 6 9 2 
20180725812 10 9 2 5 8 7 1 6 4 3 
20180725813 5 7 4 3 2 10 1 8 9 6 
20180725814 3 8 1 5 9 10 6 4 7 2 
20180725815 2 3 4 9 5 7 10 8 6 1 
20180725816 10 6 8 2 7 5 4 3 1 9 
20180725817 3 1 4 2 6 7 10 5 9 8 
20180725818 4 3 2 6 7 8 1 5 10 9 
20180725819 8 9 10 6 1 4 5 3 2 7 
20180725820 9 10 6 5 8 1 7 4 2 3 
20180725821 4 6 5 9 2 3 7 10 1 8 
20180725822 6 10 9 8 5 3 1 2 4 7 
20180725823 2 3 6 7 8 9 10 1 4 5 
20180725824 4 6 2 10 7 1 3 8 9 5 
20180725825 5 10 6 1 7 2 4 8 3 9 
20180725826 5 6 9 1 3 8 10 2 4 7 
20180725827 1 10 5 4 3 8 7 9 2 6 
20180725828 10 8 5 9 2 1 4 3 6 7 
20180725829 6 10 1 3 5 8 4 7 9 2 
20180725830 2 8 7 1 5 3 9 6 10 4 
20180725831 5 2 3 9 6 4 10 8 7 1 
20180725832 5 7 2 4 6 8 1 10 3 9 
20180725833 4 3 8 6 7 2 1 5 9 10 
20180725834 1 10 5 2 4 8 7 3 6 9 
20180725835 2 10 7 3 6 4 1 8 5 9 
20180725836 4 9 1 5 8 6 7 2 3 10 
20180725837 3 7 10 9 4 6 5 2 8 1 
20180725838 10 3 9 5 8 7 1 6 2 4 
20180725839 9 5 8 4 6 7 10 1 3 2 
20180725840 3 8 4 2 1 9 6 5 10 7 
20180725841 1 9 8 2 3 5 10 4 6 7 
20180725842 10 7 5 9 1 3 4 2 6 8 
20180725843 8 1 5 7 4 2 10 6 3 9 
20180725844 9 1 7 3 4 10 6 8 5 2 
20180725845 4 9 5 2 8 1 3 6 10 7 
20180725846 6 3 1 2 4 8 10 7 9 5 
20180725847 2 6 1 5 8 4 7 3 9 10 
20180725848 1 10 3 8 9 5 6 2 7 4 
20180725849 5 8 7 4 1 3 2 6 9 10 
20180725850 2 8 1 5 3 10 9 4 7 6 
20180725851 8 2 7 9 10 4 5 6 3 1 
20180725852 6 4 3 9 10 1 2 8 7 5 
20180725853 7 8 5 2 9 3 4 1 10 6 
20180725854 1 3 4 10 5 2 8 7 9 6 
20180725855 10 4 3 7 5 8 9 1 6 2 
20180725856 2 4 9 3 8 7 5 1 6 10 
20180725857 10 4 6 5 8 1 9 2 3 7 
20180725858 6 7 4 2 8 9 1 10 3 5 
20180725859 9 4 2 7 3 8 5 1 10 6 
20180725860 4 8 1 6 3 5 2 9 10 7 
20180725861 3 4 10 2 6 7 8 1 5 9 
20180725862 4 10 2 7 3 5 1 6 8 9 
20180725863 10 2 3 6 8 5 9 4 1 7 
20180725864 2 6 8 3 5 4 7 9 1 10 
20180725865 3 4 10 2 8 7 6 1 9 5 
20180725866 2 10 3 7 6 9 5 4 1 8 
20180725867 7 4 6 3 1 9 10 2 5 8 
20180725868 10 2 4 5 1 7 6 8 9 3 
20180725869 2 9 3 7 8 1 4 10 5 6 
20180725870 5 9 1 7 8 10 3 6 4 2 
20180725871 9 6 3 8 1 5 7 4 2 10 
20180725872 2 9 8 4 10 5 3 6 7 1 
20180725873 9 7 5 4 10 6 1 8 3 2 
20180725874 4 2 6 1 10 5 3 8 7 9 
20180725875 1 8 6 5 10 2 4 9 3 7 
20180725876 1 7 5 6 9 3 4 8 10 2 
20180725877 8 6 1 3 2 4 9 5 10 7 
20180725878 10 5 7 4 3 2 6 9 1 8 
20180725879 3 2 8 10 9 6 1 5 4 7 
20180725880 3 2 10 9 8 7 4 5 6 1 
20180725881 6 9 8 4 3 5 1 7 10 2 
20180725882 6 4 1 8 9 3 2 5 10 7 
20180725883 3 6 1 4 8 9 5 7 10 2 
20180725884 2 9 7 1 6 5 4 3 10 8 
20180725885 9 7 1 10 8 4 6 2 3 5 
20180725886 8 1 3 10 4 7 6 5 9 2 
20180725887 5 8 10 2 1 3 6 4 7 9 
20180725888 6 10 4 5 7 3 9 1 8 2 
20180725889 4 5 3 7 8 1 10 2 9 6 
20180725890 4 10 5 6 2 3 7 9 1 8 
20180725891 2 3 7 4 6 5 8 1 9 10 
20180725892 1 7 8 2 3 4 9 10 5 6 
20180725893 9 10 3 6 8 2 5 1 7 4 
20180725894 2 4 6 10 3 9 5 7 1 8 
20180725895 7 9 5 6 1 10 3 2 8 4 
20180725896 4 9 6 5 10 1 7 8 2 3 
20180725897 8 1 10 3 4 2 9 6 7 5 
20180725898 9 2 3 10 7 5 1 6 8 4 
20180725899 9 6 4 7 2 5 10 3 1 8 
20180725900 5 8 1 10 3 9 6 7 2 4 
20180725901 6 8 7 1 3 10 5 2 9 4 
20180725902 7 2 10 4 5 8 1 9 6 3 
20180725903 7 10 3 4 2 6 9 8 1 5 
20180725904 10 8 2 4 3 6 9 7 5 1 
20180725905 9 7 3 8 5 4 10 2 1 6 
20180725906 6 1 4 2 8 9 3 7 10 5 
20180725907 5 7 6 9 4 2 3 10 8 1 
20180725908 10 9 7 3 1 5 8 2 4 6 
20180725909 3 10 4 5 6 1 7 8 2 9 
20180725910 3 5 6 2 7 4 10 8 9 1 
20180725911 2 8 6 4 7 9 5 10 3 1 
20180725912 2 8 6 1 9 7 3 10 5 4 
20180725913 2 6 1 4 10 5 8 9 7 3 
20180725914 1 8 7 9 5 3 6 2 10 4 
20180725915 2 4 8 7 9 6 10 3 5 1 
20180725916 4 3 8 9 7 6 2 5 1 10 
20180725917 2 3 5 1 6 10 7 8 4 9 
20180725918 4 5 9 10 1 3 2 8 6 7 
20180725919 7 10 3 6 1 8 4 5 2 9 
20180725920 7 2 6 4 3 1 8 5 9 10 
20180725921 5 1 9 4 8 10 2 7 3 6 
20180725922 2 5 7 10 1 8 4 3 6 9 
20180725923 6 9 4 7 3 5 2 1 10 8 
20180725924 5 9 6 3 2 10 4 7 1 8 
20180725925 7 6 2 9 10 4 3 1 8 5 
20180725926 8 7 6 5 1 9 3 4 2 10 
20180725927 7 9 3 5 1 6 10 2 4 8 
20180725928 9 3 8 2 4 1 5 6 7 10 
20180725929 8 3 2 4 10 5 7 1 9 6 
20180725930 2 7 1 9 4 6 3 8 10 5 
20180725931 4 9 7 2 3 10 8 6 1 5 
20180725932 2 10 7 4 8 3 1 6 9 5 
20180725933 10 5 4 7 3 8 2 9 6 1 
20180725934 4 2 5 1 7 8 3 9 10 6 
20180725935 4 9 10 7 1 5 8 2 3 6 
20180725936 7 1 8 2 10 9 6 5 4 3 
20180725937 5 9 8 7 4 6 2 1 3 10 
20180725938 3 1 5 7 8 4 9 6 10 2 
20180725939 4 1 8 7 6 5 3 2 9 10 
20180725940 5 1 10 7 9 4 2 8 6 3 
20180725941 5 3 9 4 7 8 6 1 2 10 
20180725942 2 3 10 7 5 9 8 1 4 6 
20180725943 5 8 6 2 4 7 3 1 9 10 
20180725944 8 7 9 3 10 4 5 1 2 6 
20180725945 3 7 2 10 9 4 8 1 6 5 
20180725946 3 1 4 2 7 8 9 10 6 5 
20180725947 7 9 6 1 3 2 10 8 4 5 
20180725948 9 6 1 3 7 8 10 2 4 5 
20180725949 2 4 1 9 7 10 5 8 6 3 
20180725950 5 9 4 2 7 3 8 10 1 6 
20180725951 5 8 3 4 7 10 2 9 1 6 
20180725952 1 6 9 8 7 2 10 5 3 4 
20180725953 5 8 6 7 3 1 2 4 9 10 
20180725954 3 9 4 8 5 2 7 1 6 10 
20180725955 3 6 9 5 8 7 4 10 2 1 
20180725956 5 10 8 1 9 6 4 3 2 7 
20180725957 6 3 10 5 7 1 8 4 9 2 
20180725958 2 5 9 6 8 7 3 10 1 4 
20180725959 1 5 4 8 6 7 9 3 10 2 
20180725960 9 6 7 5 3 2 1 4 10 8 
20180725961 9 1 6 2 3 4 10 8 5 7 
20180725962 6 5 9 3 7 4 1 10 2 8 
20180725963 2 6 7 8 1 5 10 4 3 9 
20180725964 2 10 8 6 3 7 4 9 1 5 
20180725965 10 6 5 2 8 4 7 9 1 3 
20180725966 9 10 6 7 1 4 8 5 2 3 
20180725967 3 6 7 4 10 8 5 9 1 2 
20180725968 4 2 8 9 1 7 3 10 6 5 
20180725969 4 7 10 5 1 6 9 2 3 8 
20180725970 2 10 5 3 6 9 1 4 7 8 
20180725971 6 1 4 10 5 7 2 3 8 9 
20180725972 4 8 3 9 1 2 7 6 10 5 
20180725973 1 7 3 9 8 4 6 2 10 5 
20180725974 3 7 4 9 2 8 10 1 5 6 
20180725975 10 6 7 8 5 1 4 2 9 3 
20180725976 4 9 5 8 1 10 7 6 3 2 
20180725977 5 1 2 7 10 4 6 3 8 9 
20180725978 8 9 1 5 2 10 4 6 3 7 
20180725979 10 7 8 2 3 4 1 5 6 9 
20180725980 9 8 1 3 2 7 4 6 10 5 
20180725981 3 1 6 10 2 5 4 7 8 9 
20180725982 9 6 2 8 1 4 7 3 5 10 
20180725983 3 5 10 4 6 1 7 2 8 9 
20180725984 5 9 10 1 6 7 2 3 8 4 
20180725985 9 6 4 10 8 5 7 1 3 2 
