20180704001 6 10 7 9 3 1 5 2 8 4 
20180704002 8 5 4 2 3 6 9 7 1 10 
20180704003 4 6 7 2 10 9 5 1 8 3 
20180704004 1 2 9 6 4 3 10 8 7 5 
20180704005 4 8 7 10 3 2 1 6 5 9 
20180704006 1 5 3 4 2 9 7 6 8 10 
20180704007 7 8 5 10 6 9 2 4 1 3 
20180704008 5 10 2 9 8 7 6 1 4 3 
20180704009 7 5 10 3 8 2 6 4 1 9 
20180704010 1 3 10 2 8 6 4 9 7 5 
20180704011 7 2 10 6 4 9 5 3 8 1 
20180704012 4 10 7 9 6 8 1 5 2 3 
20180704013 1 7 10 2 9 4 5 3 6 8 
20180704014 5 4 7 2 9 3 1 6 8 10 
20180704015 10 1 3 5 2 7 9 6 8 4 
20180704016 1 6 4 8 3 10 5 9 7 2 
20180704017 6 7 4 10 9 8 5 1 3 2 
20180704018 5 2 8 1 6 10 7 9 4 3 
20180704019 6 10 5 8 4 2 3 1 7 9 
20180704020 6 3 8 5 1 2 10 9 7 4 
20180704021 9 3 4 8 6 1 7 2 10 5 
20180704022 5 7 8 10 6 9 4 2 3 1 
20180704023 2 9 3 7 1 6 4 10 5 8 
20180704024 1 5 9 8 10 7 2 6 3 4 
20180704025 2 6 3 8 4 7 9 10 5 1 
20180704026 9 4 6 3 7 10 2 1 8 5 
20180704027 6 10 5 4 7 1 8 3 2 9 
20180704028 5 9 6 1 3 10 2 7 8 4 
20180704029 5 4 10 7 3 1 8 2 9 6 
20180704030 2 7 10 1 5 6 4 3 8 9 
20180704031 7 4 2 10 8 3 9 5 6 1 
20180704032 5 9 7 6 8 1 2 10 4 3 
20180704033 2 10 8 7 1 6 3 4 9 5 
20180704034 1 9 8 4 7 3 6 5 10 2 
20180704035 10 4 8 5 7 6 3 1 2 9 
20180704036 8 2 4 5 1 6 3 7 10 9 
20180704037 9 3 4 8 7 6 10 1 5 2 
20180704038 2 9 5 1 10 4 3 7 6 8 
20180704039 2 9 6 10 8 5 7 3 1 4 
20180704040 7 8 6 1 9 4 2 10 3 5 
20180704041 6 9 2 5 3 10 7 8 4 1 
20180704042 10 2 7 5 6 9 8 4 3 1 
20180704043 2 9 1 10 4 3 8 7 5 6 
20180704044 7 6 10 2 3 9 4 1 5 8 
20180704045 9 3 7 8 2 10 1 6 5 4 
20180704046 2 10 6 5 8 9 1 3 7 4 
20180704047 2 4 7 6 1 9 3 8 5 10 
20180704048 2 10 7 6 5 3 1 8 9 4 
20180704049 6 4 5 7 1 8 2 9 10 3 
20180704050 5 4 7 1 3 9 6 10 8 2 
20180704051 6 9 7 4 10 5 2 3 1 8 
20180704052 8 6 2 1 10 3 9 7 4 5 
20180704053 4 10 6 1 3 7 5 9 8 2 
20180704054 7 2 3 10 8 5 1 4 6 9 
20180704055 8 7 1 3 9 4 5 10 2 6 
20180704056 3 2 1 7 5 9 6 4 10 8 
20180704057 7 2 3 9 8 6 4 5 10 1 
20180704058 7 4 1 8 10 6 9 3 5 2 
20180704059 1 2 10 6 5 3 7 8 9 4 
20180704060 8 7 6 5 2 3 1 9 4 10 
20180704061 9 3 7 6 2 1 8 5 4 10 
20180704062 1 8 2 3 6 7 10 4 5 9 
20180704063 1 2 8 3 10 5 4 7 6 9 
20180704064 5 7 1 10 4 8 9 6 2 3 
20180704065 4 7 5 3 2 1 8 9 6 10 
20180704066 3 6 9 5 2 10 7 8 4 1 
20180704067 10 6 5 7 1 9 4 3 8 2 
20180704068 3 9 2 8 1 4 6 10 5 7 
20180704069 7 6 5 9 10 3 2 4 1 8 
20180704070 1 7 4 3 10 6 2 9 8 5 
20180704071 3 10 8 5 2 9 4 6 1 7 
20180704072 9 5 10 7 1 6 3 2 4 8 
20180704073 4 7 6 10 1 5 2 3 8 9 
20180704074 9 8 5 10 2 7 6 4 3 1 
20180704075 8 1 7 9 4 5 6 3 2 10 
20180704076 9 8 7 6 3 10 1 2 5 4 
20180704077 7 5 10 8 4 6 3 2 9 1 
20180704078 9 5 6 10 2 3 1 4 8 7 
20180704079 2 4 10 5 7 6 1 3 9 8 
20180704080 7 8 10 5 4 2 3 6 9 1 
20180704081 6 5 8 2 3 10 9 1 4 7 
20180704082 4 10 5 2 6 3 7 1 9 8 
20180704083 2 5 4 3 10 1 9 8 6 7 
20180704084 6 1 10 3 2 7 8 4 9 5 
20180704085 10 8 6 9 4 2 3 7 5 1 
20180704086 5 9 4 6 8 2 10 3 1 7 
20180704087 1 9 6 10 4 7 3 8 2 5 
20180704088 5 7 9 1 10 6 3 4 2 8 
20180704089 5 8 3 4 2 9 10 1 7 6 
20180704090 4 10 6 5 9 3 2 8 7 1 
20180704091 9 8 6 3 5 7 10 4 2 1 
20180704092 9 10 4 6 1 8 2 7 5 3 
20180704093 3 8 4 7 6 1 5 9 2 10 
20180704094 10 6 1 7 5 4 3 8 2 9 
20180704095 9 4 1 5 2 7 10 3 8 6 
20180704096 7 6 8 5 1 9 10 3 2 4 
20180704097 3 4 6 8 2 1 10 7 5 9 
20180704098 7 3 5 4 6 9 2 8 1 10 
20180704099 10 1 9 2 6 4 5 3 7 8 
20180704100 3 8 10 2 1 6 5 4 9 7 
20180704101 1 8 3 5 4 6 9 7 10 2 
20180704102 9 3 7 10 4 6 8 1 2 5 
20180704103 4 9 3 5 7 1 10 8 6 2 
20180704104 9 10 4 7 8 6 3 1 5 2 
20180704105 5 4 10 6 9 7 3 8 1 2 
20180704106 8 4 5 6 7 2 1 3 9 10 
20180704107 2 7 9 3 5 8 4 1 10 6 
20180704108 9 1 4 6 10 5 8 3 2 7 
20180704109 2 8 5 1 9 7 10 3 6 4 
20180704110 3 2 7 9 4 5 1 10 8 6 
20180704111 5 8 4 7 2 6 9 3 1 10 
20180704112 3 4 5 9 1 10 6 2 8 7 
20180704113 10 7 6 8 5 1 2 4 3 9 
20180704114 5 3 9 2 7 8 1 6 4 10 
20180704115 4 2 9 8 3 7 5 10 6 1 
20180704116 10 1 8 7 6 4 3 5 9 2 
20180704117 4 1 6 10 7 8 2 5 3 9 
20180704118 9 2 1 4 8 10 6 7 5 3 
20180704119 8 5 1 3 2 6 10 7 4 9 
20180704120 3 1 9 5 7 10 8 4 6 2 
20180704121 5 10 3 6 8 4 9 7 1 2 
20180704122 3 8 5 6 9 10 1 4 2 7 
20180704123 10 1 6 8 2 3 9 5 7 4 
20180704124 5 7 1 6 9 8 4 2 10 3 
20180704125 4 2 7 5 8 1 10 3 9 6 
20180704126 1 2 10 8 9 6 4 5 7 3 
20180704127 5 8 2 1 4 6 3 7 10 9 
20180704128 5 2 7 10 6 1 4 9 3 8 
20180704129 1 10 7 4 9 3 2 5 6 8 
20180704130 9 8 1 5 7 10 6 4 3 2 
20180704131 2 5 3 6 1 8 7 9 10 4 
20180704132 6 3 1 5 2 9 4 7 10 8 
20180704133 6 10 4 8 9 1 2 5 7 3 
20180704134 4 2 8 3 7 1 5 6 10 9 
20180704135 10 5 1 6 8 3 4 7 2 9 
20180704136 5 4 6 2 3 8 7 9 1 10 
20180704137 9 10 2 4 8 5 7 3 6 1 
20180704138 4 5 8 6 10 3 2 1 7 9 
20180704139 2 8 5 10 1 3 7 6 9 4 
20180704140 10 1 2 7 3 8 6 4 9 5 
20180704141 9 7 6 8 2 3 1 4 10 5 
20180704142 10 5 2 6 4 9 1 3 7 8 
20180704143 2 7 1 9 6 10 4 5 8 3 
20180704144 7 10 9 4 8 2 1 6 5 3 
20180704145 4 8 5 10 7 6 2 3 9 1 
20180704146 9 5 3 1 8 10 6 4 7 2 
20180704147 5 8 6 3 2 7 4 10 1 9 
20180704148 5 3 10 2 6 1 7 4 9 8 
20180704149 9 7 6 2 3 4 1 5 8 10 
20180704150 7 10 5 4 3 6 1 9 2 8 
20180704151 6 4 7 9 1 8 2 3 10 5 
20180704152 3 5 6 10 4 2 8 1 7 9 
20180704153 1 2 9 6 4 3 10 5 7 8 
20180704154 4 10 3 7 9 1 6 5 8 2 
20180704155 4 6 2 8 3 5 7 10 1 9 
20180704156 10 6 4 2 9 5 3 8 7 1 
20180704157 2 3 5 9 1 7 10 4 8 6 
20180704158 10 2 5 3 8 9 4 6 7 1 
20180704159 10 6 3 1 5 7 9 8 2 4 
20180704160 8 4 3 5 10 6 2 9 7 1 
20180704161 5 6 4 10 7 9 8 1 3 2 
20180704162 7 9 6 3 5 4 8 2 10 1 
20180704163 8 3 7 5 1 2 9 6 4 10 
20180704164 6 7 5 9 1 4 3 2 10 8 
20180704165 4 8 3 7 6 1 5 10 2 9 
20180704166 1 3 5 2 10 9 4 7 8 6 
20180704167 10 4 5 8 2 6 9 7 3 1 
20180704168 3 10 6 1 2 7 9 8 5 4 
20180704169 4 6 1 7 9 10 3 5 8 2 
20180704170 8 7 4 10 1 9 3 5 6 2 
20180704171 10 5 1 4 3 7 8 2 9 6 
20180704172 3 1 8 2 4 9 10 5 7 6 
20180704173 2 10 3 9 4 8 1 7 5 6 
20180704174 6 4 10 7 3 9 8 5 2 1 
20180704175 3 10 7 4 5 1 9 6 8 2 
20180704176 2 6 9 7 5 4 1 3 10 8 
20180704177 1 3 6 8 9 10 2 4 5 7 
20180704178 2 3 8 6 10 1 4 5 7 9 
20180704179 9 3 4 7 1 6 5 10 2 8 
20180704180 1 4 6 8 5 2 10 9 7 3 
20180704181 9 2 3 8 6 4 1 10 5 7 
20180704182 1 5 2 4 6 9 7 3 8 10 
20180704183 6 5 10 4 1 7 8 3 2 9 
20180704184 5 6 9 1 3 7 8 4 10 2 
20180704185 2 1 8 6 5 10 7 3 4 9 
20180704186 4 3 8 6 10 2 9 5 1 7 
20180704187 6 7 3 9 2 8 5 4 1 10 
20180704188 6 7 3 4 9 8 10 5 1 2 
20180704189 5 6 7 10 1 9 4 2 8 3 
20180704190 5 9 2 8 7 10 1 6 3 4 
20180704191 6 9 2 5 7 4 1 8 3 10 
20180704192 9 10 2 7 8 5 6 3 4 1 
20180704193 2 4 7 6 8 3 1 10 5 9 
20180704194 7 10 6 3 4 1 8 5 2 9 
20180704195 9 10 1 8 7 3 6 4 5 2 
20180704196 6 7 5 9 2 10 8 1 4 3 
20180704197 6 8 5 1 10 7 4 2 3 9 
20180704198 2 7 8 4 9 5 6 1 10 3 
20180704199 9 2 3 7 10 5 6 1 4 8 
20180704200 6 9 5 7 10 2 4 8 1 3 
20180704201 8 1 2 3 10 5 7 6 4 9 
20180704202 9 5 10 6 8 4 2 1 3 7 
20180704203 9 5 10 6 3 1 4 8 7 2 
20180704204 9 2 10 4 7 8 1 5 3 6 
20180704205 1 8 5 2 6 7 9 3 4 10 
20180704206 7 5 2 6 3 1 10 8 9 4 
20180704207 6 5 8 2 7 10 9 3 4 1 
20180704208 9 1 6 2 7 8 5 4 10 3 
20180704209 6 8 2 3 5 4 7 9 10 1 
20180704210 2 10 1 4 9 8 7 5 6 3 
20180704211 1 6 2 7 3 9 8 10 5 4 
20180704212 6 2 5 1 7 8 10 4 9 3 
20180704213 2 3 6 10 1 8 7 9 4 5 
20180704214 6 9 7 3 5 10 8 4 2 1 
20180704215 5 7 6 2 1 8 9 10 4 3 
20180704216 3 9 7 8 5 6 2 1 4 10 
20180704217 5 6 8 9 10 3 4 7 1 2 
20180704218 6 7 4 3 5 2 9 1 8 10 
20180704219 10 4 8 6 9 3 1 2 7 5 
20180704220 9 2 7 4 6 1 10 5 8 3 
20180704221 6 7 8 3 2 10 1 5 9 4 
20180704222 6 9 2 8 4 7 10 5 1 3 
20180704223 6 3 7 8 2 1 5 4 9 10 
20180704224 5 7 9 2 1 4 3 8 6 10 
20180704225 7 4 6 10 2 3 5 9 8 1 
20180704226 8 9 2 4 5 1 3 6 7 10 
20180704227 10 4 6 9 1 7 5 8 3 2 
20180704228 7 5 10 3 6 2 1 9 8 4 
20180704229 9 5 6 3 7 2 10 1 8 4 
20180704230 2 5 10 1 7 9 4 8 6 3 
20180704231 7 1 4 5 10 8 2 3 9 6 
20180704232 2 6 1 5 3 7 10 9 4 8 
20180704233 10 9 5 4 8 7 6 3 1 2 
20180704234 3 2 5 1 8 6 10 7 4 9 
20180704235 7 8 9 2 1 5 4 6 10 3 
20180704236 2 5 7 6 10 8 9 4 3 1 
20180704237 7 4 1 9 10 5 3 8 2 6 
20180704238 7 8 4 3 6 9 10 2 5 1 
20180704239 9 8 6 10 3 5 7 2 1 4 
20180704240 6 7 2 1 9 3 5 8 10 4 
20180704241 2 10 7 8 4 9 1 5 6 3 
20180704242 2 9 10 1 3 7 8 5 6 4 
20180704243 2 4 5 1 6 7 10 9 3 8 
20180704244 4 1 5 6 10 3 7 2 8 9 
20180704245 2 4 8 3 6 1 5 10 7 9 
20180704246 3 4 7 6 10 2 5 8 1 9 
20180704247 6 10 3 7 1 9 5 2 8 4 
20180704248 9 5 7 3 2 10 8 6 4 1 
20180704249 2 5 9 3 7 1 6 10 8 4 
20180704250 8 4 3 10 6 9 7 2 5 1 
20180704251 4 5 9 6 10 3 1 7 8 2 
20180704252 7 10 9 8 6 4 5 1 3 2 
20180704253 8 10 1 5 7 9 2 4 3 6 
20180704254 9 5 7 6 3 2 4 10 8 1 
20180704255 3 8 6 5 4 7 9 1 2 10 
20180704256 9 5 1 6 10 2 3 7 4 8 
20180704257 8 10 4 3 7 9 5 6 1 2 
20180704258 3 2 4 6 8 7 10 1 9 5 
20180704259 2 1 6 8 3 5 10 9 4 7 
20180704260 5 10 7 2 8 6 9 1 4 3 
20180704261 6 7 2 8 10 1 5 4 9 3 
20180704262 10 9 1 4 3 5 7 6 2 8 
20180704263 4 5 3 6 8 1 7 9 2 10 
20180704264 8 6 1 10 3 2 4 5 7 9 
20180704265 3 5 1 10 8 9 7 6 4 2 
20180704266 8 1 5 2 7 3 4 6 9 10 
20180704267 3 5 4 10 7 9 1 6 8 2 
20180704268 8 3 6 4 2 1 5 10 7 9 
20180704269 1 4 2 6 7 10 9 5 8 3 
20180704270 5 6 4 8 9 2 3 10 7 1 
20180704271 8 6 1 10 3 2 5 4 9 7 
20180704272 9 3 8 2 5 6 1 4 10 7 
20180704273 10 7 6 4 3 2 8 1 9 5 
20180704274 3 1 8 2 6 7 9 10 5 4 
20180704275 6 8 9 7 10 3 4 5 2 1 
20180704276 3 5 8 1 9 6 2 10 7 4 
20180704277 5 6 1 10 9 8 2 4 3 7 
20180704278 4 8 5 3 10 7 1 6 2 9 
20180704279 8 1 7 5 4 3 10 9 6 2 
20180704280 10 1 5 3 7 2 6 4 9 8 
20180704281 3 1 6 9 4 8 2 7 5 10 
20180704282 7 3 10 1 8 5 4 6 9 2 
20180704283 10 8 7 1 9 4 6 2 3 5 
20180704284 2 8 9 1 10 6 7 4 3 5 
20180704285 8 10 6 7 1 2 4 9 3 5 
20180704286 6 5 2 10 8 1 3 9 4 7 
20180704287 5 4 3 9 8 7 10 2 6 1 
20180704288 7 1 6 8 4 10 3 2 5 9 
20180704289 10 1 5 6 2 7 3 9 8 4 
20180704290 9 10 7 5 8 3 1 6 4 2 
20180704291 9 7 1 8 5 6 2 3 4 10 
20180704292 1 10 7 4 5 8 2 3 6 9 
20180704293 8 2 5 7 1 6 9 3 10 4 
20180704294 2 6 8 4 9 5 10 3 1 7 
20180704295 3 7 8 2 4 10 5 6 9 1 
20180704296 10 7 3 9 1 4 6 8 5 2 
20180704297 10 3 8 1 6 4 5 7 2 9 
20180704298 5 10 6 7 4 1 8 2 9 3 
20180704299 10 6 4 2 3 7 9 8 5 1 
20180704300 1 6 5 10 8 7 2 4 9 3 
20180704301 1 6 2 3 8 10 9 4 5 7 
20180704302 1 6 5 2 3 9 10 7 4 8 
20180704303 2 7 4 8 1 10 9 3 6 5 
20180704304 8 9 4 1 3 5 2 7 10 6 
20180704305 3 6 2 7 8 9 4 10 1 5 
20180704306 8 7 1 4 9 5 2 10 6 3 
20180704307 6 4 7 5 9 1 2 10 8 3 
20180704308 4 10 6 8 5 1 2 9 7 3 
20180704309 3 8 2 10 6 5 4 9 7 1 
20180704310 3 6 9 1 8 5 4 10 7 2 
20180704311 6 5 9 2 3 4 10 7 1 8 
20180704312 4 1 2 7 10 9 3 8 5 6 
20180704313 5 1 10 2 6 4 8 3 7 9 
20180704314 4 5 1 3 2 6 9 8 7 10 
20180704315 5 3 2 10 6 4 7 9 1 8 
20180704316 2 6 9 7 5 3 4 1 8 10 
20180704317 2 1 6 10 5 9 8 4 3 7 
20180704318 10 8 3 4 5 7 1 6 2 9 
20180704319 8 5 9 1 3 4 6 2 10 7 
20180704320 1 8 2 10 4 5 6 3 9 7 
20180704321 4 3 7 9 6 8 2 10 1 5 
20180704322 10 8 1 7 6 9 2 5 4 3 
20180704323 1 8 7 5 2 9 10 3 6 4 
20180704324 7 3 6 5 10 9 1 2 4 8 
20180704325 5 2 6 3 10 8 1 4 9 7 
20180704326 10 1 8 7 6 2 4 3 5 9 
20180704327 2 6 7 1 9 10 3 8 4 5 
20180704328 5 8 7 9 4 1 2 10 6 3 
20180704329 2 1 4 5 6 7 9 10 3 8 
20180704330 8 9 10 6 5 2 4 7 3 1 
20180704331 3 10 7 4 8 9 6 5 2 1 
20180704332 5 6 7 8 9 2 10 4 1 3 
20180704333 10 1 2 8 3 4 9 7 5 6 
20180704334 2 8 10 1 7 9 3 4 5 6 
20180704335 1 10 6 4 7 8 5 3 2 9 
20180704336 9 2 4 3 5 8 6 10 1 7 
20180704337 4 7 10 5 2 6 9 8 1 3 
20180704338 1 4 6 5 10 8 7 9 2 3 
20180704339 4 1 9 2 10 3 7 6 8 5 
20180704340 8 1 10 7 5 6 9 3 4 2 
20180704341 4 1 7 5 9 10 2 3 6 8 
20180704342 4 6 5 3 10 9 7 1 2 8 
20180704343 1 9 2 10 8 3 6 5 7 4 
20180704344 5 8 6 4 2 7 10 9 1 3 
20180704345 2 9 8 5 3 1 6 4 10 7 
20180704346 4 9 1 5 8 6 7 10 2 3 
20180704347 2 8 1 9 7 5 10 3 6 4 
20180704348 10 3 6 9 7 4 8 5 1 2 
20180704349 10 4 5 1 2 8 3 7 6 9 
20180704350 1 4 2 9 6 7 5 10 3 8 
20180704351 10 1 8 5 3 7 4 9 2 6 
20180704352 1 7 6 2 10 9 8 3 4 5 
20180704353 2 9 6 1 7 4 8 5 10 3 
20180704354 9 7 3 6 2 10 8 4 5 1 
20180704355 4 7 6 3 8 1 9 10 2 5 
20180704356 7 8 4 6 1 10 5 3 2 9 
20180704357 2 5 7 10 6 3 8 4 9 1 
20180704358 4 10 1 9 3 8 7 6 2 5 
20180704359 6 7 3 9 8 2 1 5 10 4 
20180704360 2 3 8 4 6 9 5 1 10 7 
20180704361 10 2 7 3 4 1 9 8 6 5 
20180704362 9 7 4 3 10 2 6 8 1 5 
20180704363 1 8 10 6 4 3 2 5 7 9 
20180704364 10 2 8 7 4 9 5 3 1 6 
20180704365 4 8 9 2 7 3 1 6 5 10 
20180704366 9 4 1 8 5 2 6 10 7 3 
20180704367 8 6 7 4 9 5 2 1 3 10 
20180704368 2 4 6 9 5 10 3 8 7 1 
20180704369 4 7 10 5 3 1 8 2 9 6 
20180704370 4 7 8 1 2 6 5 10 3 9 
20180704371 3 5 1 2 6 4 7 9 8 10 
20180704372 6 9 1 4 3 10 7 5 8 2 
20180704373 5 2 6 8 9 4 10 3 7 1 
20180704374 6 1 3 10 7 9 4 2 8 5 
20180704375 6 9 5 3 2 4 8 7 1 10 
20180704376 3 8 2 4 7 5 10 6 9 1 
20180704377 8 9 4 5 6 7 10 1 2 3 
20180704378 1 3 9 5 10 8 2 4 6 7 
20180704379 7 2 4 9 10 1 3 5 6 8 
20180704380 9 8 7 1 2 3 6 5 10 4 
20180704381 7 3 1 2 10 6 9 4 8 5 
20180704382 10 8 5 4 2 6 9 7 1 3 
20180704383 4 10 7 9 5 2 3 8 1 6 
20180704384 1 5 4 10 9 7 2 6 3 8 
20180704385 9 2 10 6 4 7 3 1 5 8 
20180704386 1 10 9 6 8 4 7 2 5 3 
20180704387 8 9 4 2 5 1 10 7 6 3 
20180704388 1 8 2 5 7 6 9 10 4 3 
20180704389 4 8 2 6 7 5 10 1 9 3 
20180704390 3 5 1 10 2 9 8 6 4 7 
20180704391 8 4 10 6 2 5 3 9 7 1 
20180704392 1 3 9 2 5 10 8 7 4 6 
20180704393 9 6 1 10 5 7 3 4 8 2 
20180704394 10 8 9 2 6 3 7 1 5 4 
20180704395 3 4 2 6 1 9 7 5 8 10 
20180704396 7 5 6 4 1 9 3 8 2 10 
20180704397 3 9 2 10 1 6 5 7 8 4 
20180704398 10 8 9 3 5 7 2 6 1 4 
20180704399 8 1 7 2 9 10 3 6 4 5 
20180704400 3 9 1 6 5 4 7 10 2 8 
20180704401 2 10 3 8 1 6 9 7 4 5 
20180704402 2 8 10 4 3 9 7 1 5 6 
20180704403 7 10 3 9 8 2 4 6 5 1 
20180704404 7 1 3 4 6 10 5 2 8 9 
20180704405 7 3 5 4 1 6 2 10 9 8 
20180704406 1 4 7 10 8 3 2 9 6 5 
20180704407 10 2 7 3 4 6 9 5 1 8 
20180704408 2 9 5 6 1 3 10 7 4 8 
20180704409 7 3 9 6 5 1 4 8 2 10 
20180704410 4 8 6 1 9 2 5 10 7 3 
20180704411 8 6 7 9 2 1 4 5 10 3 
20180704412 2 5 8 3 7 4 9 10 1 6 
20180704413 4 1 9 5 6 10 3 7 8 2 
20180704414 10 2 7 5 3 1 8 6 4 9 
20180704415 10 4 7 6 1 2 9 8 5 3 
20180704416 9 4 7 3 6 8 10 5 2 1 
20180704417 7 2 6 1 5 4 9 10 8 3 
20180704418 6 5 1 3 4 9 2 8 7 10 
20180704419 4 1 5 2 3 10 6 8 9 7 
20180704420 3 6 5 7 2 9 4 8 10 1 
20180704421 1 4 9 7 6 8 5 2 3 10 
20180704422 1 10 9 4 6 8 7 3 2 5 
20180704423 6 7 10 2 3 9 5 1 4 8 
20180704424 3 6 8 9 4 10 5 7 1 2 
20180704425 2 10 5 9 1 6 3 8 7 4 
20180704426 4 9 5 10 1 6 8 3 7 2 
20180704427 4 2 6 9 3 1 5 8 10 7 
20180704428 5 2 3 4 9 6 10 7 1 8 
20180704429 5 8 2 4 10 1 7 6 9 3 
20180704430 4 1 5 3 2 10 6 9 8 7 
20180704431 8 2 1 7 4 6 9 3 10 5 
20180704432 8 3 4 9 2 7 1 5 6 10 
20180704433 10 9 2 3 5 8 6 1 7 4 
20180704434 1 6 3 4 7 8 5 2 10 9 
20180704435 4 5 6 8 10 1 9 2 3 7 
20180704436 8 7 3 1 9 5 2 10 4 6 
20180704437 9 2 5 3 1 4 6 8 10 7 
20180704438 10 9 2 7 4 6 5 1 8 3 
20180704439 3 7 5 6 8 2 4 1 10 9 
20180704440 4 2 9 6 7 5 8 1 3 10 
20180704441 5 8 6 9 4 2 1 3 10 7 
20180704442 1 6 5 10 7 4 2 8 9 3 
20180704443 10 5 8 6 4 9 3 2 1 7 
20180704444 8 10 2 6 9 1 3 7 5 4 
20180704445 2 4 8 1 3 10 9 6 7 5 
20180704446 10 2 3 5 6 1 4 7 8 9 
20180704447 3 2 10 9 7 1 8 5 4 6 
20180704448 10 5 3 7 6 4 2 1 8 9 
20180704449 7 4 9 3 10 1 5 6 2 8 
20180704450 2 5 8 10 4 6 7 1 9 3 
20180704451 5 3 7 8 10 6 4 2 1 9 
20180704452 5 8 2 6 1 10 7 4 3 9 
20180704453 2 1 9 3 6 8 7 10 5 4 
20180704454 6 10 3 8 5 1 7 4 9 2 
20180704455 3 6 4 9 7 10 2 8 1 5 
20180704456 10 9 8 3 6 1 2 5 7 4 
20180704457 8 2 7 1 3 4 10 9 6 5 
20180704458 2 10 8 1 5 7 4 3 6 9 
20180704459 1 4 8 6 2 3 10 5 7 9 
20180704460 3 5 1 6 9 2 10 4 8 7 
20180704461 9 5 7 2 3 4 1 6 8 10 
20180704462 4 9 2 8 1 6 7 10 3 5 
20180704463 1 5 10 9 3 7 8 6 2 4 
20180704464 6 1 3 9 8 2 5 7 4 10 
20180704465 7 8 6 10 9 2 1 5 4 3 
20180704466 1 3 2 10 6 7 9 4 8 5 
20180704467 9 3 6 1 2 7 4 8 5 10 
20180704468 3 4 8 1 7 9 10 5 2 6 
20180704469 4 10 7 3 8 5 1 6 2 9 
20180704470 8 1 2 9 7 3 10 4 6 5 
20180704471 9 1 3 6 7 2 4 5 8 10 
20180704472 4 10 8 7 6 5 3 1 2 9 
20180704473 8 4 1 5 9 10 3 7 2 6 
20180704474 5 8 10 1 7 3 4 9 6 2 
20180704475 8 7 1 10 4 6 2 3 9 5 
20180704476 7 8 1 3 4 5 6 10 9 2 
20180704477 7 8 9 3 1 2 4 5 10 6 
20180704478 4 8 6 10 2 3 1 5 7 9 
20180704479 4 5 2 9 10 1 7 8 6 3 
20180704480 8 6 4 7 1 10 2 5 9 3 
20180704481 2 3 4 9 8 5 10 7 6 1 
20180704482 8 5 1 9 4 6 7 10 2 3 
20180704483 4 7 2 3 5 1 9 6 10 8 
20180704484 1 8 3 7 6 4 10 5 2 9 
20180704485 1 9 3 7 6 2 10 4 8 5 
20180704486 10 4 9 8 7 1 3 6 5 2 
20180704487 6 2 7 1 10 4 3 5 9 8 
20180704488 4 6 10 1 2 8 9 3 5 7 
20180704489 2 5 7 3 9 6 4 1 8 10 
20180704490 2 7 8 6 4 3 10 5 9 1 
20180704491 1 7 5 6 8 3 9 10 4 2 
20180704492 9 7 3 4 8 1 2 6 10 5 
20180704493 6 3 5 9 7 4 1 10 2 8 
20180704494 10 4 9 8 1 6 5 3 7 2 
20180704495 10 8 3 6 5 2 9 1 7 4 
20180704496 5 10 3 8 9 7 6 4 1 2 
20180704497 1 10 5 8 7 9 3 2 4 6 
20180704498 6 9 1 3 4 5 2 8 7 10 
20180704499 7 2 8 5 10 9 4 1 6 3 
20180704500 8 9 4 5 1 2 7 10 3 6 
20180704501 4 8 6 10 7 3 5 1 9 2 
20180704502 9 2 8 4 7 1 5 6 3 10 
20180704503 7 9 6 2 8 3 4 1 5 10 
20180704504 3 8 6 2 1 9 7 5 4 10 
20180704505 2 4 3 5 8 1 6 7 9 10 
20180704506 4 9 2 3 6 1 8 10 5 7 
20180704507 2 4 1 10 6 3 7 9 5 8 
20180704508 4 9 8 3 6 5 1 2 7 10 
20180704509 7 6 5 4 9 3 1 2 10 8 
20180704510 7 2 3 9 6 8 10 5 4 1 
20180704511 7 2 5 8 9 6 4 1 3 10 
20180704512 6 8 4 7 5 1 10 9 2 3 
20180704513 7 4 3 9 10 1 2 8 6 5 
20180704514 9 4 7 10 5 1 3 8 6 2 
20180704515 6 7 5 1 10 4 9 2 3 8 
20180704516 8 2 10 4 6 3 9 1 5 7 
20180704517 3 4 5 8 9 7 10 1 6 2 
20180704518 5 7 8 6 10 3 2 4 1 9 
20180704519 5 4 8 1 6 9 10 3 2 7 
20180704520 6 7 10 4 3 5 2 1 8 9 
20180704521 7 4 2 5 1 10 8 9 6 3 
20180704522 2 1 7 10 6 4 3 9 8 5 
20180704523 1 10 7 5 9 8 2 4 3 6 
20180704524 2 9 5 1 7 10 6 8 3 4 
20180704525 2 1 8 5 10 4 6 3 9 7 
20180704526 6 10 1 3 7 4 8 5 9 2 
20180704527 6 1 2 7 9 8 10 4 3 5 
20180704528 10 6 1 2 7 5 4 3 8 9 
20180704529 5 9 7 4 6 2 8 3 1 10 
20180704530 5 4 2 10 1 7 6 3 8 9 
20180704531 10 5 2 4 6 7 1 8 3 9 
20180704532 4 8 7 1 2 6 10 9 3 5 
20180704533 4 1 3 9 6 5 10 8 7 2 
20180704534 1 5 2 7 6 8 9 3 4 10 
20180704535 2 9 10 8 5 1 7 3 6 4 
20180704536 4 3 7 9 10 2 5 8 1 6 
20180704537 6 4 7 3 10 2 1 9 8 5 
20180704538 3 7 4 8 9 2 10 6 5 1 
20180704539 5 4 2 7 8 6 1 9 10 3 
20180704540 5 6 8 10 7 3 4 1 9 2 
20180704541 10 5 4 6 2 8 9 7 1 3 
20180704542 7 1 4 10 8 3 6 9 5 2 
20180704543 10 7 5 2 1 6 3 8 9 4 
20180704544 8 3 7 1 10 4 6 9 5 2 
20180704545 6 4 7 8 5 9 2 3 1 10 
20180704546 7 2 9 4 10 1 3 6 5 8 
20180704547 9 1 4 6 3 7 8 10 2 5 
20180704548 9 3 10 2 5 1 6 8 4 7 
20180704549 4 7 9 10 1 2 5 8 3 6 
20180704550 6 1 4 3 2 7 5 8 10 9 
20180704551 1 4 7 9 3 5 10 2 6 8 
20180704552 8 4 2 7 1 9 3 5 10 6 
20180704553 7 6 8 10 5 1 2 9 3 4 
20180704554 1 8 6 5 3 4 9 7 2 10 
20180704555 1 2 4 7 10 9 8 5 3 6 
20180704556 2 9 1 4 8 5 3 10 7 6 
20180704557 5 3 10 4 6 8 7 2 9 1 
20180704558 3 10 8 6 7 4 5 1 2 9 
20180704559 7 10 9 3 1 6 4 2 8 5 
20180704560 5 9 2 8 10 1 7 3 6 4 
20180704561 2 8 3 7 4 1 5 10 6 9 
20180704562 10 3 7 6 2 9 8 5 4 1 
20180704563 9 8 2 7 4 6 1 3 10 5 
20180704564 7 9 3 10 5 8 1 4 6 2 
20180704565 2 7 6 3 5 4 10 1 9 8 
20180704566 10 9 5 7 4 6 8 1 2 3 
20180704567 3 8 10 6 1 5 2 9 4 7 
20180704568 10 9 5 1 8 6 2 7 3 4 
20180704569 10 4 7 5 3 2 6 8 9 1 
20180704570 3 6 9 7 4 5 10 8 1 2 
20180704571 8 10 2 4 6 7 9 1 5 3 
20180704572 4 1 2 8 3 9 7 10 6 5 
20180704573 2 8 10 9 1 3 4 7 5 6 
20180704574 5 7 9 6 1 8 10 3 2 4 
20180704575 6 4 9 1 7 8 3 2 5 10 
20180704576 7 6 9 2 3 5 1 4 8 10 
20180704577 10 6 9 1 3 7 4 5 8 2 
20180704578 3 6 9 5 1 8 4 10 2 7 
20180704579 9 7 6 10 2 4 5 1 3 8 
20180704580 4 2 9 3 10 8 5 7 1 6 
20180704581 9 8 10 1 7 4 5 3 6 2 
20180704582 2 5 8 4 3 9 6 10 7 1 
20180704583 9 2 7 4 6 10 3 5 1 8 
20180704584 2 4 10 3 8 1 7 9 6 5 
20180704585 6 1 7 10 4 9 3 5 2 8 
20180704586 7 10 6 9 5 8 2 4 1 3 
20180704587 1 4 10 3 2 8 7 6 9 5 
20180704588 4 3 7 6 2 10 1 8 9 5 
20180704589 7 4 9 6 5 1 8 10 3 2 
20180704590 7 9 6 2 10 8 1 5 3 4 
20180704591 7 10 8 3 2 6 9 4 5 1 
20180704592 10 5 6 4 9 1 7 3 8 2 
20180704593 10 1 6 8 5 9 2 7 4 3 
20180704594 4 6 5 2 10 1 8 7 3 9 
20180704595 5 1 4 8 2 7 10 9 3 6 
20180704596 4 9 3 1 2 5 8 6 7 10 
20180704597 8 9 1 3 5 10 4 6 7 2 
20180704598 8 9 10 7 2 6 1 3 5 4 
20180704599 1 4 10 8 9 2 3 7 6 5 
20180704600 10 6 1 7 5 4 2 9 8 3 
20180704601 4 5 10 6 2 8 1 9 3 7 
20180704602 10 9 1 2 8 6 4 5 3 7 
20180704603 6 2 3 10 5 8 1 4 9 7 
20180704604 1 2 7 9 3 8 6 4 10 5 
20180704605 7 10 8 5 1 2 4 9 6 3 
20180704606 3 8 6 10 5 9 2 4 1 7 
20180704607 10 7 1 6 3 9 4 5 8 2 
20180704608 4 5 9 2 10 8 3 6 1 7 
20180704609 5 9 4 8 1 10 6 3 2 7 
20180704610 1 3 8 2 7 4 10 9 5 6 
20180704611 6 2 7 10 1 5 9 4 3 8 
20180704612 8 5 1 7 2 3 4 6 9 10 
20180704613 8 3 2 1 5 7 6 4 9 10 
20180704614 3 5 7 6 10 1 2 8 9 4 
20180704615 1 10 2 4 7 5 8 9 3 6 
20180704616 2 3 9 10 8 5 7 1 6 4 
20180704617 10 4 5 6 2 1 8 3 7 9 
20180704618 3 7 4 2 1 10 6 9 8 5 
20180704619 8 3 6 7 2 9 1 10 4 5 
20180704620 5 7 6 9 1 8 4 10 3 2 
20180704621 3 7 2 5 9 1 10 4 6 8 
20180704622 8 1 2 6 7 5 3 4 9 10 
20180704623 7 8 9 2 4 3 5 10 6 1 
20180704624 4 8 10 7 9 5 2 3 6 1 
20180704625 10 6 4 1 7 5 3 8 2 9 
20180704626 3 5 1 6 7 10 8 9 2 4 
20180704627 3 5 6 7 9 2 4 1 8 10 
20180704628 3 1 4 9 2 8 5 7 10 6 
20180704629 9 8 6 7 4 3 5 2 10 1 
20180704630 10 5 3 8 9 7 4 1 2 6 
20180704631 6 1 3 8 7 10 9 2 5 4 
20180704632 10 7 4 3 2 5 1 8 9 6 
20180704633 5 6 9 2 1 4 7 3 8 10 
20180704634 10 5 6 1 8 3 4 9 7 2 
20180704635 1 2 10 6 8 7 4 3 5 9 
20180704636 10 6 4 1 8 3 2 7 5 9 
20180704637 1 3 2 7 5 8 4 9 6 10 
20180704638 2 1 8 4 10 3 9 7 5 6 
20180704639 10 2 6 9 3 1 5 8 7 4 
20180704640 4 6 5 10 7 8 1 9 2 3 
20180704641 5 4 2 7 3 10 8 9 6 1 
20180704642 9 8 4 10 2 6 3 7 1 5 
20180704643 5 2 10 3 4 7 1 8 6 9 
20180704644 7 5 2 3 1 9 4 10 6 8 
20180704645 3 8 4 2 5 7 9 6 1 10 
20180704646 7 3 10 9 8 2 4 5 1 6 
20180704647 4 3 8 2 6 10 9 1 5 7 
20180704648 3 10 6 8 2 7 5 4 9 1 
20180704649 2 8 6 10 5 9 1 3 7 4 
20180704650 3 2 6 4 10 9 8 7 1 5 
20180704651 9 10 7 3 5 6 2 8 4 1 
20180704652 5 6 10 3 4 7 1 9 8 2 
20180704653 7 3 2 8 4 5 1 6 9 10 
20180704654 3 8 5 6 10 1 9 4 7 2 
20180704655 7 6 5 8 1 3 2 9 4 10 
20180704656 8 6 7 1 2 9 4 5 3 10 
20180704657 8 2 3 9 4 5 6 10 7 1 
20180704658 5 1 10 2 7 4 8 6 3 9 
20180704659 5 7 9 10 8 4 6 2 1 3 
20180704660 8 1 4 9 2 7 3 10 5 6 
20180704661 4 6 9 3 10 8 7 5 1 2 
20180704662 3 2 7 5 10 4 8 6 9 1 
20180704663 6 1 3 10 4 5 7 8 9 2 
20180704664 9 2 4 10 3 6 1 7 8 5 
20180704665 1 7 4 8 5 2 10 3 9 6 
20180704666 5 1 3 2 7 9 6 8 10 4 
20180704667 7 1 4 9 5 10 6 8 2 3 
20180704668 9 3 10 6 5 8 1 2 4 7 
20180704669 5 2 7 1 8 10 9 4 3 6 
20180704670 8 9 6 3 5 10 1 4 7 2 
20180704671 4 10 8 3 1 9 5 6 2 7 
20180704672 3 9 4 1 2 8 10 5 7 6 
20180704673 10 4 5 3 8 7 6 1 9 2 
20180704674 3 6 5 2 10 9 7 8 4 1 
20180704675 4 7 1 9 2 6 3 8 5 10 
20180704676 3 2 9 1 8 7 5 6 4 10 
20180704677 9 6 2 4 5 7 3 1 8 10 
20180704678 7 9 3 4 1 10 5 2 8 6 
20180704679 5 1 2 8 4 10 3 6 7 9 
20180704680 6 5 4 3 7 8 10 1 9 2 
20180704681 3 6 1 2 4 9 8 10 5 7 
20180704682 10 2 8 1 7 6 3 9 5 4 
20180704683 7 9 6 3 10 4 2 1 8 5 
20180704684 6 8 5 1 4 7 10 2 3 9 
20180704685 4 9 5 10 2 8 7 1 3 6 
20180704686 1 8 4 10 3 6 9 5 7 2 
20180704687 4 5 1 10 6 9 3 8 2 7 
20180704688 9 1 10 6 4 3 2 5 7 8 
20180704689 10 3 8 9 7 4 5 6 2 1 
20180704690 5 7 9 10 2 6 3 4 8 1 
20180704691 3 4 2 9 6 8 10 1 5 7 
20180704692 6 8 10 7 2 1 9 4 3 5 
20180704693 9 8 7 10 4 6 5 3 2 1 
20180704694 4 8 2 9 7 5 3 10 1 6 
20180704695 1 5 10 7 3 8 6 2 4 9 
20180704696 7 4 2 5 10 6 3 8 9 1 
20180704697 2 10 4 3 8 9 1 7 5 6 
20180704698 9 1 5 6 2 8 10 4 3 7 
20180704699 5 7 8 9 6 3 1 4 2 10 
20180704700 9 4 3 5 8 2 1 6 7 10 
20180704701 4 5 8 2 1 7 6 10 3 9 
20180704702 3 5 6 8 7 4 10 9 1 2 
20180704703 9 7 3 6 8 10 4 1 2 5 
20180704704 7 5 9 4 3 2 1 8 10 6 
20180704705 7 2 8 10 9 1 6 5 4 3 
20180704706 3 7 1 5 6 4 2 8 10 9 
20180704707 7 4 2 1 8 6 10 9 5 3 
20180704708 10 5 7 3 1 8 2 9 6 4 
20180704709 5 1 2 8 3 6 9 10 4 7 
20180704710 6 8 5 1 9 4 3 2 10 7 
20180704711 6 5 3 8 7 1 4 2 10 9 
20180704712 2 10 7 4 3 5 8 6 9 1 
20180704713 7 9 3 4 2 10 1 8 6 5 
20180704714 4 5 3 8 1 2 10 6 7 9 
20180704715 2 4 5 8 1 6 7 10 3 9 
20180704716 8 9 7 6 4 2 1 5 3 10 
20180704717 7 1 2 9 4 3 6 5 8 10 
20180704718 7 5 3 6 4 1 8 2 9 10 
20180704719 1 9 2 4 7 6 3 5 10 8 
20180704720 7 4 8 9 3 10 5 1 6 2 
20180704721 5 3 8 1 4 2 9 7 6 10 
20180704722 2 8 9 7 4 6 5 1 3 10 
20180704723 10 3 4 7 2 1 5 9 8 6 
20180704724 8 5 2 1 6 7 4 3 9 10 
20180704725 4 1 7 5 10 9 6 3 8 2 
20180704726 10 8 5 1 3 9 6 7 2 4 
20180704727 7 6 3 1 5 4 10 2 9 8 
20180704728 2 10 6 9 8 5 4 3 7 1 
20180704729 1 5 8 2 9 7 6 3 10 4 
20180704730 3 9 1 10 2 8 7 5 4 6 
20180704731 5 7 8 6 4 9 1 2 3 10 
20180704732 7 3 9 10 6 8 2 4 1 5 
20180704733 5 9 4 7 3 8 1 6 2 10 
20180704734 2 5 6 3 9 4 7 8 1 10 
20180704735 8 4 3 5 10 2 1 7 9 6 
20180704736 2 10 7 9 1 3 4 5 6 8 
20180704737 4 10 5 2 3 8 6 9 1 7 
20180704738 6 9 10 8 2 5 1 4 7 3 
20180704739 7 4 9 10 3 1 8 2 5 6 
20180704740 2 7 1 6 9 4 5 8 3 10 
20180704741 6 8 2 3 9 4 10 7 1 5 
20180704742 2 9 3 10 6 8 7 5 1 4 
20180704743 10 1 3 5 4 6 2 8 9 7 
20180704744 5 4 2 6 9 7 10 3 1 8 
20180704745 2 7 10 3 4 6 5 8 9 1 
20180704746 7 3 2 1 10 6 9 4 8 5 
20180704747 8 4 9 10 5 7 1 6 3 2 
20180704748 2 9 7 3 8 10 5 4 6 1 
20180704749 8 6 2 7 10 1 9 5 3 4 
20180704750 8 7 5 4 10 6 1 3 2 9 
20180704751 4 10 2 5 9 1 7 3 8 6 
20180704752 8 6 5 4 2 7 1 3 9 10 
20180704753 4 10 1 5 6 9 8 7 3 2 
20180704754 4 2 3 5 6 7 8 1 9 10 
20180704755 6 5 7 8 10 4 9 3 2 1 
20180704756 8 5 9 4 3 6 1 10 2 7 
20180704757 1 5 2 8 3 4 6 9 7 10 
20180704758 9 5 4 2 6 1 7 3 10 8 
20180704759 4 2 8 9 1 6 5 7 10 3 
20180704760 2 4 6 8 9 7 5 3 10 1 
20180704761 4 1 9 2 6 8 5 7 10 3 
20180704762 4 6 5 1 9 10 8 7 3 2 
20180704763 10 7 8 3 1 6 5 2 4 9 
20180704764 5 2 3 8 6 1 10 7 9 4 
20180704765 7 5 2 4 10 3 1 9 6 8 
20180704766 7 5 8 3 10 6 4 2 9 1 
20180704767 2 3 9 4 6 7 5 10 1 8 
20180704768 5 9 1 7 10 2 8 6 4 3 
20180704769 8 2 4 3 6 9 7 1 10 5 
20180704770 10 5 7 6 3 8 4 9 1 2 
20180704771 7 9 4 5 8 10 1 6 2 3 
20180704772 6 4 1 7 8 5 3 9 10 2 
20180704773 9 2 6 1 7 10 3 8 4 5 
20180704774 7 6 1 9 10 3 8 2 5 4 
20180704775 3 2 8 10 6 7 9 4 1 5 
20180704776 3 10 6 4 2 5 9 7 8 1 
20180704777 9 4 3 10 7 6 5 8 2 1 
20180704778 1 10 5 9 6 2 4 3 7 8 
20180704779 8 1 4 3 7 6 9 5 10 2 
20180704780 10 6 2 9 3 7 5 4 8 1 
20180704781 7 10 6 4 2 1 3 8 9 5 
20180704782 2 6 7 4 1 9 3 10 5 8 
20180704783 10 6 1 9 3 8 4 2 5 7 
20180704784 5 8 7 6 1 4 2 10 3 9 
20180704785 1 4 2 3 9 7 5 6 10 8 
20180704786 10 7 9 2 1 5 8 6 4 3 
20180704787 5 10 3 1 6 2 9 8 4 7 
20180704788 8 10 9 1 6 2 4 5 7 3 
20180704789 2 6 4 9 10 7 1 5 3 8 
20180704790 10 2 4 9 3 6 8 7 1 5 
20180704791 10 6 4 9 7 1 2 8 5 3 
20180704792 1 9 2 3 10 4 8 7 6 5 
20180704793 6 7 8 3 2 4 9 10 1 5 
20180704794 5 2 6 10 9 4 8 7 3 1 
20180704795 1 8 4 6 5 3 10 7 9 2 
20180704796 9 1 2 5 7 8 3 4 10 6 
20180704797 3 6 4 8 9 10 5 1 2 7 
20180704798 7 10 5 6 1 3 4 8 9 2 
20180704799 3 4 9 10 8 6 1 7 2 5 
20180704800 1 7 3 8 10 4 2 5 6 9 
20180704801 1 2 10 6 4 3 9 5 7 8 
20180704802 2 7 1 3 5 10 9 8 6 4 
20180704803 9 5 2 3 10 7 1 4 8 6 
20180704804 3 6 2 10 5 4 1 7 8 9 
20180704805 10 9 8 4 2 5 6 7 1 3 
20180704806 1 5 3 2 7 4 10 9 6 8 
20180704807 5 3 9 10 2 6 4 8 7 1 
20180704808 5 8 6 1 2 3 7 9 10 4 
20180704809 6 10 2 4 5 9 8 7 1 3 
20180704810 10 5 4 2 3 9 8 7 1 6 
20180704811 10 4 6 7 1 5 9 8 2 3 
20180704812 2 9 8 4 3 1 10 7 6 5 
20180704813 5 2 4 9 1 6 10 7 8 3 
20180704814 6 5 9 10 1 3 4 8 2 7 
20180704815 2 6 4 3 10 1 7 8 5 9 
20180704816 7 9 10 4 3 1 5 8 6 2 
20180704817 8 6 5 10 1 2 7 4 3 9 
20180704818 4 8 2 3 5 6 9 1 10 7 
20180704819 1 10 5 2 3 8 9 6 7 4 
20180704820 3 6 8 10 5 9 7 1 2 4 
20180704821 6 10 5 8 3 4 2 1 9 7 
20180704822 3 8 10 4 9 5 2 7 6 1 
20180704823 4 10 3 5 1 9 8 7 2 6 
20180704824 1 10 3 9 6 7 2 8 4 5 
20180704825 3 10 5 9 7 8 1 2 4 6 
20180704826 3 4 10 8 5 2 9 1 6 7 
20180704827 5 2 6 8 10 9 7 1 3 4 
20180704828 6 2 7 10 4 3 5 9 8 1 
20180704829 7 9 6 8 4 3 10 5 2 1 
20180704830 3 5 1 9 6 7 8 4 10 2 
20180704831 7 3 4 9 6 8 5 1 10 2 
20180704832 10 4 2 1 5 6 7 3 9 8 
20180704833 9 3 2 7 8 4 5 1 10 6 
20180704834 3 2 10 9 5 4 8 6 1 7 
20180704835 6 3 5 4 1 9 8 2 10 7 
20180704836 9 3 6 2 5 7 1 10 4 8 
20180704837 6 1 4 8 5 9 2 10 7 3 
20180704838 6 8 5 2 10 3 9 7 4 1 
20180704839 6 5 8 2 9 10 1 4 3 7 
20180704840 4 5 7 8 1 9 6 2 3 10 
20180704841 1 7 9 5 4 8 10 2 6 3 
20180704842 8 7 9 10 1 6 4 5 2 3 
20180704843 6 8 9 10 1 7 5 3 4 2 
20180704844 5 2 10 8 1 6 7 4 3 9 
20180704845 10 7 9 4 2 8 3 5 6 1 
20180704846 1 9 10 8 7 4 5 3 2 6 
20180704847 1 8 5 6 2 10 4 7 9 3 
20180704848 6 4 1 5 2 7 10 3 8 9 
20180704849 7 4 8 2 3 6 5 10 9 1 
20180704850 10 8 1 6 9 2 4 5 7 3 
20180704851 9 2 1 6 4 5 7 10 3 8 
20180704852 8 9 2 7 1 5 4 3 6 10 
20180704853 9 1 5 6 3 8 4 7 2 10 
20180704854 3 5 6 4 10 2 8 1 9 7 
20180704855 1 6 4 3 9 8 5 2 7 10 
20180704856 3 2 6 9 10 5 8 4 1 7 
20180704857 4 8 6 9 2 1 5 7 10 3 
20180704858 5 8 4 6 1 2 3 7 10 9 
20180704859 4 6 7 3 1 10 8 9 5 2 
20180704860 7 2 4 1 3 6 10 9 8 5 
20180704861 2 8 6 9 3 1 7 4 5 10 
20180704862 4 1 6 5 3 9 2 10 7 8 
20180704863 10 1 6 9 2 5 3 4 7 8 
20180704864 10 2 9 5 8 3 4 6 1 7 
20180704865 10 2 1 8 9 6 5 3 4 7 
20180704866 10 7 9 2 6 8 1 3 4 5 
20180704867 6 4 2 1 7 5 3 10 9 8 
20180704868 7 9 1 2 4 5 8 6 10 3 
20180704869 7 3 10 2 1 6 4 5 9 8 
20180704870 7 6 1 4 9 5 2 8 3 10 
20180704871 3 4 7 1 10 6 5 8 2 9 
20180704872 2 4 1 8 10 9 7 3 5 6 
20180704873 7 8 2 10 6 3 4 1 5 9 
20180704874 6 7 1 10 2 9 3 4 5 8 
20180704875 4 9 6 1 2 3 8 7 5 10 
20180704876 4 3 1 5 2 8 9 10 6 7 
20180704877 2 3 8 6 5 10 1 7 4 9 
20180704878 2 8 3 10 9 1 7 6 5 4 
20180704879 8 9 10 7 3 5 1 2 4 6 
20180704880 2 8 4 10 9 5 3 1 7 6 
20180704881 2 3 4 10 9 5 8 1 7 6 
20180704882 5 10 6 8 9 4 3 1 2 7 
20180704883 8 3 9 4 2 7 6 1 5 10 
20180704884 6 3 7 9 5 10 2 8 1 4 
20180704885 2 9 7 3 5 10 1 8 4 6 
20180704886 3 2 4 6 5 9 10 8 1 7 
20180704887 9 3 10 6 8 1 4 7 5 2 
20180704888 10 8 5 6 9 4 3 2 7 1 
20180704889 4 6 9 3 2 10 5 8 7 1 
20180704890 4 6 5 8 3 2 1 10 7 9 
20180704891 3 5 2 8 9 10 7 1 6 4 
20180704892 4 9 6 5 7 2 8 1 3 10 
20180704893 1 3 4 9 7 2 10 6 8 5 
20180704894 4 9 2 7 6 8 1 3 5 10 
20180704895 4 1 8 7 9 3 2 6 5 10 
20180704896 4 2 3 7 10 6 5 8 1 9 
20180704897 9 5 3 2 7 8 4 1 10 6 
20180704898 7 9 10 8 3 6 2 4 1 5 
20180704899 3 9 6 1 10 7 8 5 4 2 
20180704900 9 7 8 3 1 4 10 2 5 6 
20180704901 3 9 5 8 1 6 10 7 2 4 
20180704902 2 4 8 3 6 1 7 9 5 10 
20180704903 10 5 1 8 7 6 2 9 4 3 
20180704904 10 7 4 2 3 5 8 1 6 9 
20180704905 7 8 1 9 3 2 6 10 4 5 
20180704906 4 1 9 7 5 3 8 10 6 2 
20180704907 8 1 7 10 9 4 2 6 5 3 
20180704908 1 9 7 4 3 2 5 6 10 8 
20180704909 3 10 5 7 4 2 6 8 9 1 
20180704910 2 10 1 9 6 8 3 5 4 7 
20180704911 8 3 5 7 1 2 10 9 4 6 
20180704912 2 9 5 6 1 7 8 3 4 10 
20180704913 9 1 2 4 10 6 3 5 7 8 
20180704914 8 9 7 6 2 5 1 4 10 3 
20180704915 10 6 9 3 5 8 2 4 7 1 
20180704916 7 10 1 4 8 6 3 5 9 2 
20180704917 2 3 4 6 7 9 1 8 10 5 
20180704918 9 2 6 8 1 5 7 3 10 4 
20180704919 6 9 10 4 1 5 8 7 2 3 
20180704920 1 2 3 5 8 10 6 9 7 4 
20180704921 9 5 3 7 6 10 1 2 4 8 
20180704922 8 2 5 3 6 10 1 4 7 9 
20180704923 3 9 6 2 8 4 10 5 7 1 
20180704924 5 6 3 7 1 4 10 8 9 2 
20180704925 3 1 7 10 2 8 5 9 6 4 
20180704926 8 2 1 6 7 10 9 4 5 3 
20180704927 4 6 9 2 1 5 8 7 10 3 
20180704928 2 1 3 4 9 5 8 6 10 7 
20180704929 5 6 9 10 1 2 3 4 7 8 
20180704930 7 3 10 4 9 8 1 2 5 6 
20180704931 2 7 3 4 8 6 5 9 10 1 
20180704932 5 1 6 2 4 8 10 9 7 3 
20180704933 10 5 9 8 7 6 3 1 2 4 
20180704934 7 5 2 9 8 3 4 10 1 6 
20180704935 7 8 2 5 3 10 4 6 9 1 
20180704936 8 10 9 4 3 2 1 5 6 7 
20180704937 2 3 6 1 8 4 10 7 9 5 
20180704938 10 4 5 3 6 8 2 9 7 1 
20180704939 7 1 5 10 9 8 2 6 3 4 
20180704940 4 3 8 5 6 9 10 7 2 1 
20180704941 3 1 5 6 4 10 2 9 7 8 
20180704942 9 2 8 5 3 7 10 1 4 6 
20180704943 3 5 7 10 4 8 1 9 2 6 
20180704944 10 9 8 4 7 6 1 3 2 5 
20180704945 9 10 5 2 3 8 6 1 7 4 
20180704946 4 7 10 2 8 9 6 5 1 3 
20180704947 10 9 4 7 8 6 1 2 3 5 
20180704948 1 3 9 4 10 6 7 8 2 5 
20180704949 1 9 3 10 8 6 4 7 5 2 
20180704950 9 10 3 1 6 2 5 4 8 7 
20180704951 8 4 6 5 10 3 7 1 2 9 
20180704952 1 10 3 4 6 8 5 7 2 9 
20180704953 10 6 9 7 5 1 4 8 3 2 
20180704954 6 2 1 3 7 9 10 4 5 8 
20180704955 7 9 6 1 3 5 4 2 10 8 
20180704956 8 1 4 3 7 10 5 2 9 6 
20180704957 7 2 8 4 10 5 3 6 1 9 
20180704958 7 5 2 8 4 6 1 3 9 10 
20180704959 3 1 8 4 10 7 5 2 6 9 
20180704960 6 7 2 3 9 10 5 4 8 1 
20180704961 6 9 4 1 2 7 3 5 10 8 
20180704962 3 8 4 6 2 1 5 7 9 10 
20180704963 10 7 1 5 4 6 3 8 9 2 
20180704964 3 5 4 6 10 9 2 8 1 7 
20180704965 4 2 6 1 8 9 3 10 7 5 
20180704966 7 4 3 10 9 8 5 1 6 2 
20180704967 8 3 10 6 7 2 9 5 1 4 
20180704968 4 7 10 6 2 5 9 3 8 1 
20180704969 2 5 4 7 8 3 6 10 9 1 
20180704970 10 4 6 1 7 8 5 3 9 2 
20180704971 1 9 3 7 4 6 10 2 8 5 
20180704972 8 10 4 3 5 7 9 2 1 6 
20180704973 3 8 1 5 7 10 4 9 2 6 
20180704974 5 6 1 10 9 3 8 7 2 4 
20180704975 1 8 7 2 3 4 5 6 9 10 
20180704976 5 8 3 7 10 6 2 9 4 1 
20180704977 9 7 5 1 8 6 4 10 3 2 
20180704978 5 1 3 9 8 7 6 4 10 2 
20180704979 4 8 7 10 1 6 9 2 5 3 
20180704980 6 3 9 1 10 4 7 2 8 5 
20180704981 3 2 7 8 5 9 6 10 4 1 
20180704982 8 6 10 7 4 3 1 5 2 9 
20180704983 8 7 2 5 9 4 1 6 10 3 
20180704984 3 5 1 10 2 4 6 8 9 7 
20180704985 6 5 1 10 2 9 4 7 8 3 
