20180703001 5 10 7 9 8 1 3 6 4 2 
20180703002 3 4 6 5 9 7 2 1 10 8 
20180703003 1 2 3 7 4 5 6 8 9 10 
20180703004 10 5 7 4 1 9 3 6 8 2 
20180703005 3 6 8 2 1 5 7 4 9 10 
20180703006 2 4 9 5 3 10 8 6 1 7 
20180703007 7 3 6 4 2 1 9 5 10 8 
20180703008 3 2 6 7 9 10 8 4 5 1 
20180703009 3 9 8 4 7 6 10 2 1 5 
20180703010 3 9 1 4 8 10 6 2 5 7 
20180703011 9 5 1 4 10 8 3 6 7 2 
20180703012 8 7 2 6 1 10 4 3 5 9 
20180703013 7 6 9 4 10 2 5 1 3 8 
20180703014 10 4 9 2 1 5 7 6 3 8 
20180703015 3 7 1 6 4 10 8 9 5 2 
20180703016 5 10 9 6 8 1 4 7 3 2 
20180703017 4 8 10 9 1 6 7 3 5 2 
20180703018 9 6 3 7 2 5 8 1 4 10 
20180703019 4 5 6 1 10 2 3 7 9 8 
20180703020 1 2 10 4 8 5 3 9 7 6 
20180703021 4 8 10 6 9 2 5 7 3 1 
20180703022 3 7 2 8 5 1 10 9 6 4 
20180703023 6 5 1 8 2 7 9 3 4 10 
20180703024 4 8 1 7 2 10 6 3 9 5 
20180703025 2 9 8 4 7 10 6 1 5 3 
20180703026 1 8 9 6 2 5 3 7 4 10 
20180703027 6 10 8 1 3 9 4 7 5 2 
20180703028 6 7 10 3 8 4 2 9 1 5 
20180703029 9 7 4 6 5 1 8 3 2 10 
20180703030 10 5 2 7 6 4 9 1 8 3 
20180703031 8 2 1 4 6 10 7 9 5 3 
20180703032 7 3 2 6 1 8 4 10 5 9 
20180703033 9 8 3 2 4 6 1 5 10 7 
20180703034 7 3 5 6 8 9 2 4 10 1 
20180703035 7 5 1 9 3 4 6 2 10 8 
20180703036 1 5 4 8 10 7 9 3 2 6 
20180703037 5 10 8 1 2 3 6 9 4 7 
20180703038 4 10 7 8 6 2 3 5 1 9 
20180703039 4 6 9 7 3 10 8 2 5 1 
20180703040 4 2 9 7 6 8 1 5 10 3 
20180703041 6 10 4 1 9 7 5 3 2 8 
20180703042 10 8 5 6 7 1 3 9 2 4 
20180703043 10 1 6 3 8 4 5 7 2 9 
20180703044 8 10 4 5 1 3 6 7 9 2 
20180703045 3 5 7 6 8 1 2 10 9 4 
20180703046 1 10 7 4 2 6 8 9 5 3 
20180703047 5 9 1 10 4 2 8 7 3 6 
20180703048 10 9 2 6 8 5 4 1 7 3 
20180703049 5 7 10 2 6 1 4 8 9 3 
20180703050 7 1 9 4 8 3 2 6 5 10 
20180703051 8 2 5 4 10 3 9 1 7 6 
20180703052 3 6 10 5 2 4 8 7 9 1 
20180703053 5 1 8 10 3 9 2 4 7 6 
20180703054 7 8 4 6 2 5 1 3 10 9 
20180703055 10 4 1 9 2 6 8 3 5 7 
20180703056 10 1 8 5 3 9 4 6 7 2 
20180703057 1 7 4 3 6 5 10 9 2 8 
20180703058 8 2 4 3 1 6 7 5 10 9 
20180703059 10 3 4 6 9 8 2 1 5 7 
20180703060 9 8 4 2 5 7 6 1 3 10 
20180703061 3 9 10 5 2 6 7 4 1 8 
20180703062 6 9 2 5 4 1 10 8 7 3 
20180703063 9 1 6 5 4 10 2 3 8 7 
20180703064 3 7 2 8 10 9 5 1 4 6 
20180703065 5 7 1 2 6 9 8 3 10 4 
20180703066 4 10 1 8 6 9 3 2 7 5 
20180703067 3 10 2 5 4 1 6 7 8 9 
20180703068 5 9 2 1 4 6 8 7 3 10 
20180703069 8 2 9 3 1 10 6 7 4 5 
20180703070 3 8 4 7 6 1 10 5 9 2 
20180703071 4 8 7 10 3 6 1 2 9 5 
20180703072 8 5 4 10 9 3 7 2 6 1 
20180703073 3 2 1 10 8 5 6 7 4 9 
20180703074 2 5 4 10 1 8 3 6 7 9 
20180703075 2 7 10 9 3 6 4 1 8 5 
20180703076 8 3 2 10 6 1 4 7 9 5 
20180703077 6 4 9 7 1 8 3 5 10 2 
20180703078 3 7 5 4 9 10 2 8 6 1 
20180703079 5 4 7 2 6 8 3 10 9 1 
20180703080 8 6 1 5 3 7 10 4 2 9 
20180703081 3 2 4 8 9 6 1 5 7 10 
20180703082 4 7 9 2 5 8 10 6 3 1 
20180703083 5 2 8 1 4 6 7 3 10 9 
20180703084 1 5 6 8 7 3 9 2 10 4 
20180703085 7 8 3 9 2 6 4 5 1 10 
20180703086 5 7 6 8 3 10 4 2 9 1 
20180703087 3 10 9 6 1 5 2 4 7 8 
20180703088 3 9 2 7 4 1 6 5 10 8 
20180703089 1 4 9 8 5 7 3 2 10 6 
20180703090 9 10 5 8 7 1 4 6 3 2 
20180703091 2 10 4 7 9 3 6 5 8 1 
20180703092 9 10 5 4 8 3 2 6 7 1 
20180703093 9 4 2 10 3 6 5 8 7 1 
20180703094 10 4 9 8 2 7 5 6 3 1 
20180703095 7 2 3 10 1 8 6 9 5 4 
20180703096 9 1 4 3 7 5 6 2 8 10 
20180703097 9 3 7 4 10 5 1 8 6 2 
20180703098 9 3 2 7 10 5 4 6 8 1 
20180703099 2 4 6 7 8 10 1 5 9 3 
20180703100 6 10 8 9 1 5 4 2 3 7 
20180703101 3 5 1 4 8 9 2 6 7 10 
20180703102 10 7 6 8 3 9 5 4 2 1 
20180703103 2 4 9 7 5 6 10 1 8 3 
20180703104 6 5 2 7 3 8 9 10 4 1 
20180703105 2 5 9 3 1 10 7 6 4 8 
20180703106 1 8 7 10 9 3 2 4 6 5 
20180703107 4 2 10 1 7 6 9 8 3 5 
20180703108 6 5 3 4 1 10 2 7 9 8 
20180703109 10 5 1 4 9 6 8 2 3 7 
20180703110 5 3 2 8 4 6 1 7 10 9 
20180703111 9 5 8 10 7 4 1 3 6 2 
20180703112 3 6 1 5 2 4 8 10 9 7 
20180703113 1 3 8 5 7 9 4 10 2 6 
20180703114 3 5 6 10 2 9 1 7 4 8 
20180703115 9 6 3 5 1 8 2 4 7 10 
20180703116 7 4 8 9 10 3 6 1 5 2 
20180703117 7 9 4 5 8 6 1 2 3 10 
20180703118 7 3 9 1 4 8 10 6 5 2 
20180703119 3 2 1 10 5 7 8 6 9 4 
20180703120 3 6 8 9 7 4 5 1 2 10 
20180703121 9 6 10 3 1 8 7 5 2 4 
20180703122 7 1 3 8 4 9 10 5 2 6 
20180703123 7 10 1 2 3 9 5 8 6 4 
20180703124 1 10 6 7 9 2 8 5 4 3 
20180703125 3 10 9 2 5 6 4 1 8 7 
20180703126 5 9 3 2 10 6 1 8 4 7 
20180703127 7 4 6 1 10 5 9 3 8 2 
20180703128 7 8 10 3 9 6 2 1 5 4 
20180703129 3 6 7 9 2 4 8 5 1 10 
20180703130 5 1 3 4 9 10 6 2 8 7 
20180703131 5 2 10 4 3 8 9 7 6 1 
20180703132 2 1 5 10 3 8 7 4 6 9 
20180703133 5 4 9 3 8 1 10 6 2 7 
20180703134 10 3 1 7 4 9 5 6 2 8 
20180703135 5 10 8 1 6 4 2 9 3 7 
20180703136 9 7 6 4 10 1 8 5 3 2 
20180703137 6 10 9 5 3 7 8 1 4 2 
20180703138 3 2 5 8 7 4 9 10 1 6 
20180703139 7 1 2 10 4 5 3 6 9 8 
20180703140 1 3 7 6 9 10 2 4 8 5 
20180703141 10 9 7 5 3 6 1 8 2 4 
20180703142 3 8 2 9 6 5 10 7 4 1 
20180703143 4 1 6 5 2 8 9 3 7 10 
20180703144 2 3 8 9 10 4 1 7 5 6 
20180703145 2 5 1 4 9 10 6 3 8 7 
20180703146 4 3 7 8 5 9 1 2 6 10 
20180703147 7 4 2 9 8 6 1 5 10 3 
20180703148 9 8 2 5 1 4 6 10 3 7 
20180703149 2 4 10 7 8 1 6 9 5 3 
20180703150 8 5 4 6 9 3 2 1 7 10 
20180703151 1 6 5 3 7 10 2 4 8 9 
20180703152 3 10 6 1 5 8 9 2 7 4 
20180703153 2 10 8 7 9 5 4 6 3 1 
20180703154 1 10 6 4 5 3 2 7 9 8 
20180703155 1 2 10 9 8 4 6 5 7 3 
20180703156 4 9 3 6 8 2 5 7 1 10 
20180703157 9 7 3 10 8 4 2 1 5 6 
20180703158 1 7 8 4 6 9 3 2 5 10 
20180703159 1 3 8 4 7 5 2 9 10 6 
20180703160 2 4 9 1 7 10 3 6 8 5 
20180703161 4 7 3 8 10 6 5 1 9 2 
20180703162 2 9 10 8 1 3 6 7 5 4 
20180703163 1 2 5 9 7 4 8 3 10 6 
20180703164 3 8 10 9 2 5 7 4 1 6 
20180703165 10 7 1 5 4 3 9 6 2 8 
20180703166 3 1 10 2 6 9 4 5 7 8 
20180703167 8 3 4 1 2 5 10 6 7 9 
20180703168 1 4 8 7 2 6 5 3 9 10 
20180703169 1 3 6 8 5 2 9 7 10 4 
20180703170 7 8 1 4 6 2 5 10 9 3 
20180703171 6 10 2 7 3 8 1 9 5 4 
20180703172 6 7 9 8 4 5 2 3 10 1 
20180703173 5 6 8 3 9 4 7 1 2 10 
20180703174 9 7 5 2 3 1 4 6 10 8 
20180703175 1 10 2 8 5 6 7 3 4 9 
20180703176 5 3 7 1 2 4 10 6 8 9 
20180703177 2 9 1 5 7 4 10 3 8 6 
20180703178 8 9 5 6 4 3 7 10 1 2 
20180703179 10 5 7 1 9 6 8 3 4 2 
20180703180 4 9 3 6 1 5 10 2 8 7 
20180703181 2 5 9 10 8 7 1 6 3 4 
20180703182 1 8 7 6 3 2 4 10 5 9 
20180703183 4 6 2 5 9 1 8 10 7 3 
20180703184 8 10 3 7 9 1 2 4 5 6 
20180703185 2 3 5 7 10 6 4 9 8 1 
20180703186 5 10 9 4 1 3 7 2 8 6 
20180703187 1 7 6 4 9 5 2 8 10 3 
20180703188 8 2 1 9 5 7 6 10 3 4 
20180703189 4 9 6 5 10 7 8 1 2 3 
20180703190 2 8 10 7 9 5 1 3 4 6 
20180703191 4 1 7 2 10 8 5 6 3 9 
20180703192 3 8 6 9 5 4 7 10 2 1 
20180703193 4 9 8 7 1 6 2 3 10 5 
20180703194 2 6 7 4 10 1 9 8 3 5 
20180703195 4 5 8 9 7 6 3 10 1 2 
20180703196 4 10 9 5 8 1 6 3 7 2 
20180703197 6 8 7 3 2 5 9 1 4 10 
20180703198 9 3 2 8 1 4 6 5 7 10 
20180703199 9 1 5 7 4 3 2 10 6 8 
20180703200 8 5 1 4 2 7 3 10 6 9 
20180703201 8 5 7 2 1 6 10 4 3 9 
20180703202 8 5 9 10 6 4 7 1 2 3 
20180703203 10 5 6 2 7 1 3 4 9 8 
20180703204 10 1 4 2 6 3 9 8 7 5 
20180703205 4 9 8 10 5 3 1 6 2 7 
20180703206 8 5 4 3 6 7 2 1 10 9 
20180703207 3 1 9 6 7 8 10 5 4 2 
20180703208 9 7 1 2 10 6 3 8 4 5 
20180703209 9 10 2 3 6 8 5 4 7 1 
20180703210 5 6 4 8 10 1 2 9 7 3 
20180703211 2 5 10 8 3 1 7 9 6 4 
20180703212 6 7 4 8 3 10 2 9 1 5 
20180703213 3 10 4 8 5 2 6 1 9 7 
20180703214 6 9 7 5 2 3 4 1 8 10 
20180703215 4 8 3 9 5 6 10 2 1 7 
20180703216 10 7 4 9 2 5 8 6 1 3 
20180703217 10 6 4 5 2 8 3 1 9 7 
20180703218 1 8 2 3 10 7 6 9 5 4 
20180703219 9 3 4 6 2 1 5 7 10 8 
20180703220 5 8 6 4 9 1 10 7 3 2 
20180703221 8 3 7 1 4 5 9 2 6 10 
20180703222 6 1 10 3 4 7 9 5 8 2 
20180703223 4 5 3 6 10 8 1 7 2 9 
20180703224 2 7 6 5 3 1 10 9 4 8 
20180703225 9 3 6 4 10 8 7 2 1 5 
20180703226 10 7 8 3 5 6 1 4 9 2 
20180703227 8 1 2 7 3 4 10 6 5 9 
20180703228 10 8 5 6 1 9 2 3 7 4 
20180703229 2 1 7 8 4 5 10 6 3 9 
20180703230 4 9 1 6 7 8 3 2 10 5 
20180703231 3 4 6 2 1 10 5 7 9 8 
20180703232 9 1 5 2 3 6 7 8 10 4 
20180703233 9 1 3 7 4 5 8 2 6 10 
20180703234 8 4 9 1 2 3 6 7 5 10 
20180703235 10 1 5 9 2 7 8 6 3 4 
20180703236 1 2 5 3 6 10 9 8 7 4 
20180703237 7 2 4 1 9 6 3 5 10 8 
20180703238 8 5 7 6 4 10 3 1 2 9 
20180703239 5 1 9 7 10 3 8 2 4 6 
20180703240 5 1 2 7 9 4 3 10 8 6 
20180703241 3 5 4 10 8 7 6 9 1 2 
20180703242 10 5 6 2 8 1 9 4 3 7 
20180703243 3 1 5 7 6 8 4 9 2 10 
20180703244 3 8 2 9 7 4 10 6 5 1 
20180703245 1 3 6 5 7 9 2 10 4 8 
20180703246 10 3 4 7 1 6 9 8 2 5 
20180703247 3 1 9 4 6 2 8 10 7 5 
20180703248 10 8 3 4 1 7 6 5 9 2 
20180703249 2 9 6 7 3 5 10 8 4 1 
20180703250 10 3 7 4 6 5 9 1 8 2 
20180703251 3 10 5 1 6 7 2 9 4 8 
20180703252 2 10 1 3 6 5 9 8 7 4 
20180703253 6 9 2 10 3 8 7 4 1 5 
20180703254 4 2 10 9 7 8 5 6 1 3 
20180703255 2 10 5 8 7 6 1 4 3 9 
20180703256 7 6 2 10 5 4 1 9 8 3 
20180703257 2 10 6 9 3 5 1 8 4 7 
20180703258 9 7 6 5 2 10 1 4 3 8 
20180703259 6 3 1 8 2 10 5 4 9 7 
20180703260 5 9 10 6 3 8 4 2 1 7 
20180703261 5 1 6 4 9 7 3 2 10 8 
20180703262 3 7 2 10 1 5 8 6 9 4 
20180703263 6 7 1 9 8 10 4 2 5 3 
20180703264 3 5 2 6 8 9 1 4 7 10 
20180703265 5 7 4 3 9 10 6 2 1 8 
20180703266 1 7 6 8 2 5 10 9 3 4 
20180703267 5 1 3 10 7 8 4 9 2 6 
20180703268 3 10 2 8 5 9 7 4 1 6 
20180703269 5 8 7 1 4 6 9 10 2 3 
20180703270 3 7 1 4 10 2 9 8 6 5 
20180703271 4 5 3 8 6 1 10 7 9 2 
20180703272 4 2 3 10 1 5 7 6 9 8 
20180703273 1 9 5 10 3 7 4 8 2 6 
20180703274 5 10 8 9 7 3 6 1 4 2 
20180703275 1 2 6 4 5 9 7 10 8 3 
20180703276 1 2 9 5 10 3 4 6 7 8 
20180703277 9 2 8 6 1 3 4 5 10 7 
20180703278 8 10 4 2 1 9 7 6 3 5 
20180703279 8 7 1 6 5 2 9 4 10 3 
20180703280 5 6 2 7 4 3 10 8 9 1 
20180703281 2 6 8 10 9 3 5 7 4 1 
20180703282 5 4 10 8 6 7 2 3 9 1 
20180703283 9 8 10 4 1 6 7 3 5 2 
20180703284 8 7 6 1 2 10 9 5 4 3 
20180703285 10 5 9 6 4 1 7 2 8 3 
20180703286 5 6 9 7 4 1 10 2 8 3 
20180703287 6 9 4 3 10 1 2 8 7 5 
20180703288 7 9 10 2 6 5 8 1 3 4 
20180703289 10 3 2 5 1 7 9 4 6 8 
20180703290 7 6 9 5 8 1 4 10 2 3 
20180703291 9 3 6 7 2 1 4 10 8 5 
20180703292 6 9 5 10 3 1 2 8 4 7 
20180703293 10 8 7 6 1 4 2 3 5 9 
20180703294 4 6 7 1 2 10 9 8 5 3 
20180703295 6 4 5 3 7 10 9 1 8 2 
20180703296 9 10 6 4 5 2 7 3 8 1 
20180703297 7 1 9 5 6 4 10 8 3 2 
20180703298 5 9 3 8 6 7 4 1 10 2 
20180703299 2 1 6 8 10 7 5 4 9 3 
20180703300 9 3 2 1 8 10 4 6 5 7 
20180703301 3 6 2 1 10 8 7 9 5 4 
20180703302 7 10 9 6 4 1 8 5 2 3 
20180703303 6 5 9 8 3 1 10 2 7 4 
20180703304 9 7 5 10 2 1 6 8 3 4 
20180703305 9 1 8 6 7 2 10 3 4 5 
20180703306 6 1 4 10 5 9 7 3 8 2 
20180703307 3 2 4 1 6 10 5 8 9 7 
20180703308 4 8 9 6 7 5 2 1 3 10 
20180703309 4 6 5 9 7 1 8 2 10 3 
20180703310 6 4 1 5 7 10 9 8 2 3 
20180703311 8 9 2 7 3 5 10 4 1 6 
20180703312 2 9 3 4 10 5 7 8 1 6 
20180703313 3 10 4 7 5 1 8 6 9 2 
20180703314 9 7 5 8 10 4 3 2 6 1 
20180703315 9 8 4 6 5 3 7 1 10 2 
20180703316 9 4 5 6 10 8 2 1 3 7 
20180703317 9 2 5 8 6 7 10 3 1 4 
20180703318 5 10 2 9 1 8 7 4 6 3 
20180703319 3 8 5 10 4 7 9 1 2 6 
20180703320 10 8 1 3 4 9 2 7 6 5 
20180703321 5 9 3 7 2 4 8 1 10 6 
20180703322 7 10 9 6 5 1 8 2 3 4 
20180703323 6 7 10 3 2 4 5 8 1 9 
20180703324 8 6 5 7 2 4 10 3 1 9 
20180703325 10 8 3 2 9 1 4 7 5 6 
20180703326 2 7 10 6 5 9 8 3 1 4 
20180703327 10 4 2 1 6 5 9 7 8 3 
20180703328 4 7 8 5 6 1 3 10 2 9 
20180703329 5 6 3 7 4 8 2 1 10 9 
20180703330 4 7 9 5 6 8 1 3 10 2 
20180703331 5 2 10 7 3 9 4 1 8 6 
20180703332 9 1 10 6 7 3 8 2 5 4 
20180703333 3 7 9 6 1 4 8 2 5 10 
20180703334 8 6 5 3 4 10 2 1 7 9 
20180703335 2 6 3 8 4 10 7 5 9 1 
20180703336 5 2 10 1 9 7 8 6 4 3 
20180703337 9 8 7 6 10 1 3 5 4 2 
20180703338 9 3 1 2 10 7 6 4 5 8 
20180703339 2 9 3 1 4 6 10 7 5 8 
20180703340 1 2 3 6 10 9 8 7 4 5 
20180703341 7 1 3 5 10 9 6 2 8 4 
20180703342 1 4 7 8 5 3 6 2 10 9 
20180703343 5 6 3 9 8 7 4 1 10 2 
20180703344 3 2 5 8 7 6 9 1 10 4 
20180703345 10 7 5 1 8 9 4 6 2 3 
20180703346 10 7 5 4 1 8 6 2 3 9 
20180703347 4 3 7 8 10 5 6 2 9 1 
20180703348 4 10 8 3 7 2 9 1 6 5 
20180703349 3 8 1 9 10 7 6 4 5 2 
20180703350 10 5 6 3 8 7 4 9 2 1 
20180703351 1 10 5 4 8 3 9 6 7 2 
20180703352 10 6 2 7 4 8 3 1 5 9 
20180703353 9 6 3 7 5 2 1 8 4 10 
20180703354 7 6 8 2 10 5 4 3 9 1 
20180703355 2 6 9 3 8 1 10 7 4 5 
20180703356 1 3 8 9 2 10 7 4 5 6 
20180703357 4 6 8 3 2 7 10 5 1 9 
20180703358 9 4 3 8 10 6 1 7 2 5 
20180703359 9 5 7 2 3 8 1 4 10 6 
20180703360 8 5 1 3 4 10 6 2 7 9 
20180703361 5 1 9 6 3 8 4 2 10 7 
20180703362 3 1 5 4 7 2 9 10 6 8 
20180703363 1 4 7 3 8 2 9 5 10 6 
20180703364 4 7 5 10 9 2 8 6 3 1 
20180703365 6 7 5 1 3 9 10 4 8 2 
20180703366 3 9 5 10 8 7 4 2 1 6 
20180703367 8 4 5 10 1 7 3 2 6 9 
20180703368 10 6 5 2 1 4 8 3 9 7 
20180703369 10 4 6 2 3 9 5 7 8 1 
20180703370 8 10 1 2 6 4 5 3 9 7 
20180703371 10 7 5 3 8 1 9 6 4 2 
20180703372 6 7 8 3 9 4 5 10 2 1 
20180703373 2 8 6 7 10 5 9 1 4 3 
20180703374 3 7 9 6 2 8 4 1 10 5 
20180703375 2 9 1 6 7 3 10 5 4 8 
20180703376 9 10 6 7 8 4 5 3 1 2 
20180703377 9 1 7 2 5 4 3 8 10 6 
20180703378 7 2 9 10 5 8 3 1 4 6 
20180703379 10 8 5 1 9 7 2 6 4 3 
20180703380 4 1 9 8 6 5 10 7 3 2 
20180703381 5 6 9 7 8 4 2 10 1 3 
20180703382 10 8 1 4 5 7 9 3 6 2 
20180703383 6 10 9 3 1 2 7 8 4 5 
20180703384 4 6 2 1 9 10 8 7 5 3 
20180703385 10 2 6 3 1 9 4 7 8 5 
20180703386 9 7 10 6 3 4 1 2 5 8 
20180703387 6 4 9 5 2 3 1 8 10 7 
20180703388 2 6 7 10 5 4 9 3 1 8 
20180703389 1 4 2 9 5 3 6 10 7 8 
20180703390 3 2 9 7 6 4 5 1 8 10 
20180703391 3 10 4 9 1 7 2 8 6 5 
20180703392 10 8 9 6 5 2 7 4 1 3 
20180703393 6 2 4 3 8 9 5 1 7 10 
20180703394 1 6 8 3 2 9 10 5 4 7 
20180703395 3 4 7 10 2 9 5 1 8 6 
20180703396 3 4 2 6 1 7 10 9 8 5 
20180703397 1 5 10 7 3 4 9 6 2 8 
20180703398 7 2 4 3 9 8 10 1 6 5 
20180703399 6 3 5 9 7 10 4 8 1 2 
20180703400 4 2 6 9 10 7 1 3 8 5 
20180703401 7 10 9 1 8 2 3 4 5 6 
20180703402 8 9 10 1 2 6 4 5 3 7 
20180703403 5 2 7 1 10 9 4 6 8 3 
20180703404 7 10 8 1 5 3 4 2 9 6 
20180703405 9 8 2 1 4 5 3 10 7 6 
20180703406 1 10 8 6 3 2 7 5 9 4 
20180703407 4 1 7 9 10 8 2 6 5 3 
20180703408 3 10 2 4 5 9 6 7 1 8 
20180703409 2 7 3 8 5 10 9 4 1 6 
20180703410 10 9 4 2 3 5 6 7 1 8 
20180703411 4 8 1 6 10 3 2 5 9 7 
20180703412 2 8 6 5 7 10 4 9 3 1 
20180703413 1 3 2 5 7 8 6 10 4 9 
20180703414 4 8 9 3 1 2 6 10 5 7 
20180703415 2 8 9 4 3 1 5 6 10 7 
20180703416 8 9 6 3 5 10 4 2 7 1 
20180703417 9 6 7 2 4 5 10 1 8 3 
20180703418 2 3 1 9 4 5 6 7 8 10 
20180703419 10 5 2 6 9 8 4 7 3 1 
20180703420 8 6 3 5 10 9 4 1 7 2 
20180703421 7 2 3 9 5 1 10 8 6 4 
20180703422 4 6 8 3 1 2 10 5 7 9 
20180703423 2 9 3 7 10 1 4 6 5 8 
20180703424 3 5 1 6 4 9 10 7 2 8 
20180703425 2 1 3 4 9 5 8 7 10 6 
20180703426 4 6 1 2 9 8 5 10 7 3 
20180703427 2 1 7 5 4 10 3 9 6 8 
20180703428 8 6 5 9 2 10 1 7 3 4 
20180703429 5 1 10 2 6 8 9 7 4 3 
20180703430 1 9 7 10 5 4 8 2 3 6 
20180703431 5 6 1 3 10 7 4 8 2 9 
20180703432 7 2 8 9 5 10 1 6 4 3 
20180703433 8 4 2 9 5 10 6 3 1 7 
20180703434 8 3 10 4 5 2 7 1 9 6 
20180703435 1 6 7 5 2 4 3 9 10 8 
20180703436 10 2 5 9 3 6 1 8 4 7 
20180703437 2 4 7 1 8 5 10 6 9 3 
20180703438 3 10 6 8 2 4 1 5 7 9 
20180703439 3 2 10 5 6 1 9 4 7 8 
20180703440 6 3 8 9 7 2 5 4 1 10 
20180703441 4 6 5 10 7 1 2 3 9 8 
20180703442 6 1 10 2 4 5 3 8 7 9 
20180703443 3 2 5 1 10 4 7 8 9 6 
20180703444 5 10 2 6 7 4 3 1 8 9 
20180703445 10 2 5 8 7 6 9 3 4 1 
20180703446 4 8 7 2 10 5 6 1 9 3 
20180703447 8 6 3 4 2 1 7 9 10 5 
20180703448 4 10 7 1 6 9 8 3 5 2 
20180703449 5 3 7 2 8 4 6 9 1 10 
20180703450 4 8 1 10 9 5 2 3 6 7 
20180703451 5 3 2 10 4 7 9 6 8 1 
20180703452 9 6 2 4 5 1 3 7 8 10 
20180703453 6 2 3 5 8 4 9 7 1 10 
20180703454 9 6 8 7 5 3 2 4 1 10 
20180703455 10 4 3 6 7 2 8 5 1 9 
20180703456 4 2 7 5 3 1 10 9 6 8 
20180703457 6 1 9 3 5 7 10 2 8 4 
20180703458 9 7 2 3 1 8 10 5 4 6 
20180703459 6 5 8 10 3 7 9 2 1 4 
20180703460 2 6 9 8 1 10 7 3 5 4 
20180703461 1 8 4 3 5 2 6 9 10 7 
20180703462 8 3 9 10 6 7 1 4 2 5 
20180703463 4 8 2 5 3 7 1 6 10 9 
20180703464 2 8 5 4 3 6 10 1 7 9 
20180703465 2 4 7 5 9 6 3 8 10 1 
20180703466 3 9 1 7 2 6 4 10 5 8 
20180703467 10 7 3 1 9 2 6 4 8 5 
20180703468 2 3 8 9 6 10 5 4 1 7 
20180703469 3 9 2 1 4 6 7 8 5 10 
20180703470 1 8 3 4 9 7 5 2 6 10 
20180703471 10 6 3 2 7 1 5 9 8 4 
20180703472 7 1 4 8 9 3 6 5 2 10 
20180703473 7 2 10 4 5 1 9 8 6 3 
20180703474 4 6 1 10 2 5 9 8 3 7 
20180703475 9 1 4 10 5 8 7 3 2 6 
20180703476 4 1 8 6 2 9 10 7 3 5 
20180703477 7 8 3 2 6 1 5 9 4 10 
20180703478 7 4 1 9 2 10 8 3 6 5 
20180703479 10 7 1 2 4 3 8 9 5 6 
20180703480 9 10 4 7 5 3 8 1 2 6 
20180703481 3 4 8 7 1 10 6 2 9 5 
20180703482 5 4 1 2 9 3 6 10 8 7 
20180703483 4 5 3 1 2 6 8 9 7 10 
20180703484 2 5 6 4 9 1 8 3 10 7 
20180703485 6 2 5 1 10 7 4 8 9 3 
20180703486 10 3 4 5 8 6 7 9 1 2 
20180703487 8 1 6 3 9 10 7 2 4 5 
20180703488 6 10 2 7 5 3 9 8 4 1 
20180703489 6 5 9 4 1 3 2 10 8 7 
20180703490 1 4 5 6 10 2 3 8 7 9 
20180703491 3 1 5 10 8 9 4 2 6 7 
20180703492 10 1 6 2 8 7 9 5 4 3 
20180703493 8 7 5 9 2 4 1 6 10 3 
20180703494 10 1 8 9 3 2 6 7 5 4 
20180703495 3 5 4 1 9 2 10 7 6 8 
20180703496 2 5 6 9 3 10 1 7 4 8 
20180703497 8 6 1 7 4 3 2 5 9 10 
20180703498 5 3 4 10 7 8 2 9 1 6 
20180703499 7 8 6 5 1 4 10 9 3 2 
20180703500 6 5 1 2 7 4 3 8 9 10 
20180703501 3 5 6 4 1 2 8 10 9 7 
20180703502 8 1 5 2 10 6 3 9 7 4 
20180703503 2 8 5 1 9 7 4 10 6 3 
20180703504 7 6 3 2 4 1 9 5 10 8 
20180703505 1 6 3 4 5 9 8 2 7 10 
20180703506 9 10 7 4 3 2 8 1 5 6 
20180703507 7 10 8 6 4 3 2 5 9 1 
20180703508 3 5 6 2 7 1 4 9 8 10 
20180703509 6 1 7 4 8 10 3 2 5 9 
20180703510 1 6 5 7 9 2 8 4 3 10 
20180703511 3 7 5 8 2 4 6 10 9 1 
20180703512 3 2 6 4 7 1 9 5 10 8 
20180703513 10 4 3 2 6 8 1 7 5 9 
20180703514 2 6 10 7 4 1 8 3 5 9 
20180703515 7 1 2 10 6 4 5 8 9 3 
20180703516 1 5 2 6 10 8 9 4 7 3 
20180703517 4 8 7 6 10 5 3 1 2 9 
20180703518 6 1 7 5 10 9 2 3 8 4 
20180703519 2 9 1 8 6 7 3 4 10 5 
20180703520 4 10 5 8 9 3 1 6 2 7 
20180703521 8 3 7 2 5 9 1 6 4 10 
20180703522 6 9 5 3 1 4 8 7 2 10 
20180703523 1 4 3 9 6 5 8 7 10 2 
20180703524 1 2 5 8 3 4 6 9 10 7 
20180703525 4 2 1 5 10 3 9 7 8 6 
20180703526 3 5 10 6 2 7 4 1 8 9 
20180703527 3 2 1 9 10 5 4 8 7 6 
20180703528 9 4 7 2 1 10 3 6 5 8 
20180703529 9 3 10 1 5 6 8 4 7 2 
20180703530 7 4 1 9 5 6 8 10 3 2 
20180703531 3 2 4 7 8 1 10 6 5 9 
20180703532 1 9 3 5 6 4 2 7 8 10 
20180703533 10 9 6 3 4 1 2 7 8 5 
20180703534 4 8 3 9 7 1 5 10 6 2 
20180703535 4 2 3 1 9 7 6 10 8 5 
20180703536 7 8 5 2 1 9 4 10 3 6 
20180703537 8 2 10 9 3 7 1 4 5 6 
20180703538 4 6 7 2 9 5 1 8 10 3 
20180703539 7 2 8 4 9 1 6 5 3 10 
20180703540 9 7 10 6 1 4 3 5 2 8 
20180703541 10 7 4 5 1 9 6 2 3 8 
20180703542 9 10 3 8 5 6 2 1 7 4 
20180703543 4 8 5 3 1 10 9 2 7 6 
20180703544 5 1 6 8 3 4 9 10 7 2 
20180703545 10 6 2 8 1 3 4 7 5 9 
20180703546 4 6 8 2 5 1 9 10 3 7 
20180703547 4 7 8 3 9 6 1 2 5 10 
20180703548 1 6 7 3 8 5 9 2 10 4 
20180703549 5 4 9 2 1 6 7 3 10 8 
20180703550 5 6 2 10 1 7 8 3 4 9 
20180703551 7 1 8 4 5 10 6 9 3 2 
20180703552 9 3 10 4 7 2 6 5 8 1 
20180703553 4 9 3 7 10 8 1 2 5 6 
20180703554 9 3 5 10 8 1 4 7 2 6 
20180703555 2 5 4 10 1 8 9 6 7 3 
20180703556 9 1 6 4 10 8 7 2 3 5 
20180703557 6 3 2 4 10 5 8 7 9 1 
20180703558 9 2 8 10 6 4 5 7 1 3 
20180703559 4 2 8 9 1 3 5 6 10 7 
20180703560 9 10 5 4 2 3 6 8 1 7 
20180703561 2 4 5 9 7 8 1 6 3 10 
20180703562 3 6 7 9 1 4 10 2 5 8 
20180703563 3 9 7 2 8 4 6 1 5 10 
20180703564 8 9 7 5 3 4 6 10 1 2 
20180703565 10 6 3 2 4 8 5 9 7 1 
20180703566 1 6 8 10 5 2 3 4 7 9 
20180703567 9 5 4 7 10 8 2 6 3 1 
20180703568 1 9 2 7 6 10 5 3 4 8 
20180703569 8 9 10 5 2 1 3 6 4 7 
20180703570 9 5 3 1 7 10 8 6 4 2 
20180703571 9 10 4 2 3 6 8 7 1 5 
20180703572 9 10 7 6 3 2 5 8 1 4 
20180703573 3 9 2 5 10 7 6 1 4 8 
20180703574 10 2 3 4 6 7 9 1 5 8 
20180703575 2 8 6 5 7 3 9 1 10 4 
20180703576 5 3 9 1 7 10 6 8 4 2 
20180703577 4 8 1 2 6 3 7 10 5 9 
20180703578 3 10 4 7 6 8 5 1 2 9 
20180703579 6 1 3 9 2 10 8 4 7 5 
20180703580 2 5 3 7 6 8 9 10 1 4 
20180703581 3 6 5 9 1 2 10 8 4 7 
20180703582 5 1 8 6 9 7 3 2 4 10 
20180703583 8 3 9 6 10 2 1 5 4 7 
20180703584 4 9 2 10 6 5 1 8 3 7 
20180703585 7 1 10 5 9 3 2 6 8 4 
20180703586 4 5 6 9 2 7 1 8 10 3 
20180703587 6 2 9 3 1 4 5 7 10 8 
20180703588 1 8 7 9 3 2 4 10 5 6 
20180703589 5 7 10 9 8 3 2 4 6 1 
20180703590 10 7 3 9 5 4 6 8 1 2 
20180703591 1 10 7 6 4 3 2 8 9 5 
20180703592 3 6 8 1 5 10 9 7 2 4 
20180703593 1 8 3 4 5 6 9 10 2 7 
20180703594 6 8 1 7 9 2 10 5 3 4 
20180703595 2 3 10 5 6 8 4 7 1 9 
20180703596 5 8 2 9 3 10 6 1 4 7 
20180703597 10 4 6 9 3 7 1 5 8 2 
20180703598 4 9 6 10 8 2 7 5 1 3 
20180703599 1 5 10 7 3 9 4 8 6 2 
20180703600 4 3 10 1 5 2 6 7 9 8 
20180703601 9 4 5 2 3 8 7 10 1 6 
20180703602 9 6 10 8 3 1 5 2 4 7 
20180703603 2 8 6 3 5 1 7 9 10 4 
20180703604 1 2 5 4 3 10 7 6 9 8 
20180703605 5 9 8 10 3 1 7 2 4 6 
20180703606 2 5 3 9 8 4 7 10 6 1 
20180703607 4 9 3 7 2 6 8 1 5 10 
20180703608 6 7 3 9 5 4 8 1 2 10 
20180703609 2 9 8 6 7 4 1 3 5 10 
20180703610 9 8 10 4 2 5 6 7 3 1 
20180703611 5 7 4 6 8 9 2 1 10 3 
20180703612 5 1 10 3 6 8 9 7 2 4 
20180703613 2 9 1 4 10 6 3 7 8 5 
20180703614 5 1 10 7 3 8 4 2 6 9 
20180703615 10 2 3 1 9 4 6 8 5 7 
20180703616 5 3 4 9 6 10 2 1 7 8 
20180703617 5 2 9 8 7 4 10 6 1 3 
20180703618 1 9 3 6 7 4 8 10 5 2 
20180703619 2 7 6 5 10 4 3 8 9 1 
20180703620 4 5 6 10 7 2 9 3 1 8 
20180703621 1 4 10 8 5 2 3 6 9 7 
20180703622 10 2 1 5 7 9 6 4 8 3 
20180703623 1 8 3 7 6 9 4 10 5 2 
20180703624 7 10 1 3 4 5 2 8 9 6 
20180703625 9 1 2 7 3 8 10 4 5 6 
20180703626 2 5 7 1 9 4 8 10 3 6 
20180703627 1 5 6 2 4 3 9 10 7 8 
20180703628 6 1 5 7 2 9 8 3 10 4 
20180703629 2 9 1 6 7 8 10 4 3 5 
20180703630 7 6 9 2 10 3 5 4 8 1 
20180703631 2 4 6 9 10 3 7 1 8 5 
20180703632 4 6 3 5 8 10 2 7 1 9 
20180703633 10 7 3 5 4 6 9 2 1 8 
20180703634 4 8 5 10 9 6 1 7 2 3 
20180703635 3 8 4 6 10 2 1 7 5 9 
20180703636 7 4 3 6 1 9 2 5 8 10 
20180703637 4 8 1 2 10 7 3 6 5 9 
20180703638 8 5 6 9 2 3 7 4 1 10 
20180703639 6 2 9 5 3 7 1 8 10 4 
20180703640 9 4 5 1 2 6 10 7 8 3 
20180703641 9 3 8 5 7 6 4 2 1 10 
20180703642 7 5 8 9 2 6 1 10 4 3 
20180703643 8 4 6 10 2 9 7 3 5 1 
20180703644 6 8 3 1 10 2 5 4 7 9 
20180703645 7 8 10 5 6 4 3 2 9 1 
20180703646 10 6 5 8 7 4 3 2 1 9 
20180703647 2 9 7 10 5 1 8 6 4 3 
20180703648 10 8 6 3 4 2 1 9 5 7 
20180703649 7 4 2 3 10 9 5 6 1 8 
20180703650 3 1 10 2 9 8 4 7 5 6 
20180703651 4 5 3 10 8 9 7 1 6 2 
20180703652 4 8 2 7 9 10 3 1 5 6 
20180703653 4 10 7 1 6 3 5 2 9 8 
20180703654 10 8 5 2 9 7 4 3 6 1 
20180703655 2 10 7 8 1 5 6 9 3 4 
20180703656 7 4 5 8 2 6 3 1 9 10 
20180703657 3 2 7 9 4 10 1 5 6 8 
20180703658 2 10 4 1 3 7 9 8 5 6 
20180703659 3 6 5 10 9 7 8 1 4 2 
20180703660 6 2 9 1 4 5 7 8 3 10 
20180703661 1 10 2 5 6 7 3 4 9 8 
20180703662 5 2 7 9 10 4 8 1 3 6 
20180703663 1 7 8 10 9 6 4 3 2 5 
20180703664 9 4 10 7 6 2 1 3 5 8 
20180703665 5 4 9 8 3 7 2 1 6 10 
20180703666 3 9 6 4 7 8 5 10 2 1 
20180703667 1 4 10 8 7 2 6 5 3 9 
20180703668 9 5 2 7 10 6 3 8 4 1 
20180703669 10 2 5 3 6 9 1 8 7 4 
20180703670 8 2 3 6 10 4 1 7 9 5 
20180703671 8 3 4 2 9 5 10 1 6 7 
20180703672 1 6 9 8 5 3 7 10 2 4 
20180703673 4 7 10 8 9 3 2 1 5 6 
20180703674 9 5 6 8 7 4 1 3 2 10 
20180703675 10 5 4 3 9 7 2 8 6 1 
20180703676 5 4 7 1 3 9 6 2 10 8 
20180703677 4 1 9 5 7 10 2 3 8 6 
20180703678 1 4 3 10 2 7 8 6 5 9 
20180703679 10 3 8 9 7 4 2 1 5 6 
20180703680 1 4 9 5 8 6 7 10 3 2 
20180703681 7 10 2 9 3 8 1 6 4 5 
20180703682 1 4 8 10 6 5 3 9 2 7 
20180703683 7 2 3 10 8 4 1 6 9 5 
20180703684 8 1 10 7 9 4 2 3 5 6 
20180703685 10 4 8 6 1 9 5 2 7 3 
20180703686 10 4 3 9 8 6 7 1 2 5 
20180703687 4 5 7 6 9 8 1 2 3 10 
20180703688 10 2 9 6 4 5 1 3 7 8 
20180703689 7 4 1 3 9 2 10 5 8 6 
20180703690 7 5 2 6 1 10 4 9 8 3 
20180703691 9 7 2 10 1 8 6 3 5 4 
20180703692 1 7 4 6 3 5 8 2 9 10 
20180703693 8 7 6 3 9 5 4 1 10 2 
20180703694 2 5 1 9 10 4 7 6 3 8 
20180703695 7 3 9 2 10 6 1 8 5 4 
20180703696 1 5 4 6 2 3 7 9 8 10 
20180703697 8 10 6 3 9 7 2 1 4 5 
20180703698 4 2 8 10 3 9 1 5 7 6 
20180703699 3 9 7 4 10 8 5 2 6 1 
20180703700 7 6 4 2 5 8 1 9 3 10 
20180703701 3 4 7 8 2 9 1 6 5 10 
20180703702 3 7 4 1 6 2 5 10 9 8 
20180703703 2 3 1 7 4 8 10 6 9 5 
20180703704 1 10 8 9 5 6 3 7 2 4 
20180703705 5 8 7 2 3 10 1 9 6 4 
20180703706 4 2 6 10 1 3 9 8 5 7 
20180703707 9 1 7 4 3 10 5 2 8 6 
20180703708 8 2 5 9 1 3 7 10 4 6 
20180703709 3 7 6 8 4 1 2 5 10 9 
20180703710 5 8 2 9 10 3 6 1 7 4 
20180703711 8 9 10 3 4 7 6 2 1 5 
20180703712 10 5 3 6 9 8 2 7 1 4 
20180703713 2 5 4 10 7 8 9 1 3 6 
20180703714 3 9 2 6 4 5 10 7 8 1 
20180703715 9 1 8 7 2 3 10 4 6 5 
20180703716 9 4 2 1 10 6 5 8 7 3 
20180703717 9 10 6 8 2 4 3 7 5 1 
20180703718 7 2 10 3 4 5 1 8 6 9 
20180703719 7 3 5 8 2 10 6 9 4 1 
20180703720 8 7 5 9 1 10 4 6 3 2 
20180703721 6 8 1 2 9 10 4 5 7 3 
20180703722 3 2 10 7 1 5 4 8 6 9 
20180703723 2 7 5 3 10 9 6 8 4 1 
20180703724 6 1 10 3 5 7 9 8 2 4 
20180703725 5 6 4 8 2 10 7 3 9 1 
20180703726 3 2 1 8 5 4 7 9 10 6 
20180703727 7 2 6 3 4 8 5 1 9 10 
20180703728 1 9 5 7 4 10 8 2 3 6 
20180703729 8 10 2 3 4 1 6 9 5 7 
20180703730 10 6 4 2 8 9 7 3 1 5 
20180703731 1 7 4 2 10 6 5 3 9 8 
20180703732 2 7 6 9 8 1 10 4 5 3 
20180703733 7 2 6 9 5 10 3 1 4 8 
20180703734 9 2 3 7 6 5 10 8 4 1 
20180703735 9 6 10 5 4 2 7 8 1 3 
20180703736 9 3 10 6 1 4 8 7 2 5 
20180703737 3 5 4 2 9 6 1 7 8 10 
20180703738 1 9 7 2 8 6 5 3 10 4 
20180703739 6 2 3 1 7 9 8 10 4 5 
20180703740 9 10 5 1 2 6 3 8 7 4 
20180703741 6 2 10 7 8 3 5 1 4 9 
20180703742 5 3 6 2 7 4 9 8 10 1 
20180703743 2 3 4 8 5 6 10 9 7 1 
20180703744 5 10 9 1 6 8 7 3 4 2 
20180703745 6 2 4 7 5 9 8 10 3 1 
20180703746 2 10 8 3 9 4 6 5 1 7 
20180703747 4 2 10 3 8 7 6 5 1 9 
20180703748 4 8 6 10 2 7 9 5 1 3 
20180703749 10 3 7 9 1 8 2 6 5 4 
20180703750 7 10 5 2 3 8 6 4 1 9 
20180703751 10 5 2 4 8 3 6 9 1 7 
20180703752 9 7 6 5 3 10 8 4 1 2 
20180703753 3 2 5 9 7 1 4 8 6 10 
20180703754 1 9 10 7 5 8 2 3 4 6 
20180703755 10 2 8 1 4 6 7 3 9 5 
20180703756 7 5 2 8 10 6 4 3 1 9 
20180703757 10 9 5 6 3 1 2 4 7 8 
20180703758 5 1 10 3 7 8 6 2 4 9 
20180703759 6 1 8 10 2 5 3 7 4 9 
20180703760 7 3 4 9 6 5 2 8 1 10 
20180703761 5 3 10 2 8 6 9 7 4 1 
20180703762 9 2 5 4 3 6 1 7 10 8 
20180703763 7 4 2 8 1 9 3 6 5 10 
20180703764 7 8 10 3 2 1 9 4 6 5 
20180703765 10 7 8 3 4 1 9 5 2 6 
20180703766 7 9 5 2 1 10 8 3 6 4 
20180703767 7 5 4 3 10 9 6 1 2 8 
20180703768 7 5 6 2 10 1 3 8 9 4 
20180703769 8 10 7 9 5 4 6 2 3 1 
20180703770 9 5 8 4 10 3 6 2 1 7 
20180703771 10 7 3 1 9 2 4 6 8 5 
20180703772 6 4 2 1 10 5 3 7 8 9 
20180703773 1 4 6 5 7 2 10 3 8 9 
20180703774 8 6 3 7 9 1 10 2 5 4 
20180703775 1 9 3 7 4 6 5 10 2 8 
20180703776 3 5 9 6 4 10 2 1 8 7 
20180703777 7 8 10 9 6 4 2 5 1 3 
20180703778 7 10 1 2 4 5 9 3 8 6 
20180703779 9 7 5 6 2 10 1 3 4 8 
20180703780 10 1 4 9 7 6 8 3 5 2 
20180703781 10 5 8 6 4 3 7 2 9 1 
20180703782 8 10 1 4 6 7 9 3 5 2 
20180703783 3 5 9 1 4 6 7 10 2 8 
20180703784 5 7 4 8 1 2 10 9 6 3 
20180703785 4 1 8 5 10 9 2 7 3 6 
20180703786 3 5 7 1 4 6 8 2 9 10 
20180703787 10 5 1 8 6 3 7 9 2 4 
20180703788 3 5 6 10 4 2 9 8 1 7 
20180703789 10 2 8 3 5 4 7 9 6 1 
20180703790 2 8 4 1 5 6 10 9 3 7 
20180703791 6 2 9 1 10 7 4 3 5 8 
20180703792 7 1 2 3 6 5 4 10 8 9 
20180703793 2 4 6 3 7 9 8 1 10 5 
20180703794 10 7 3 9 1 8 2 6 4 5 
20180703795 8 7 5 10 6 4 9 2 3 1 
20180703796 3 8 10 6 5 9 1 4 2 7 
20180703797 7 6 1 3 8 2 9 10 4 5 
20180703798 6 4 10 5 1 3 2 8 9 7 
20180703799 7 4 9 8 3 5 10 2 1 6 
20180703800 6 3 8 2 9 10 1 4 5 7 
20180703801 10 9 1 7 4 8 5 3 2 6 
20180703802 10 5 9 8 1 6 4 3 7 2 
20180703803 5 4 8 9 10 6 1 3 7 2 
20180703804 4 10 2 6 3 9 5 7 8 1 
20180703805 3 8 7 4 2 6 1 10 5 9 
20180703806 8 3 9 4 1 5 6 10 7 2 
20180703807 10 4 3 5 2 7 6 9 8 1 
20180703808 8 6 9 10 4 7 5 3 2 1 
20180703809 2 3 7 5 4 6 8 1 10 9 
20180703810 3 5 9 4 8 7 6 10 2 1 
20180703811 7 9 6 1 5 2 10 8 4 3 
20180703812 6 2 8 1 4 7 10 9 5 3 
20180703813 8 10 7 1 2 9 6 4 3 5 
20180703814 3 4 1 2 6 7 10 9 8 5 
20180703815 2 7 3 8 4 6 9 1 5 10 
20180703816 9 6 7 4 8 2 1 10 3 5 
20180703817 10 9 5 7 4 6 8 2 3 1 
20180703818 6 4 8 1 5 10 9 7 2 3 
20180703819 10 9 5 6 7 3 2 1 4 8 
20180703820 8 6 2 9 1 7 5 10 3 4 
20180703821 10 9 6 8 4 1 3 7 2 5 
20180703822 7 10 1 8 5 2 9 6 4 3 
20180703823 7 5 6 1 9 3 2 10 4 8 
20180703824 2 7 1 9 3 6 10 5 4 8 
20180703825 3 5 4 7 8 1 9 2 6 10 
20180703826 4 8 10 5 7 9 3 6 1 2 
20180703827 1 8 5 3 2 9 10 4 6 7 
20180703828 9 6 2 7 10 3 5 4 8 1 
20180703829 7 1 8 3 2 9 6 4 10 5 
20180703830 2 6 4 5 10 7 8 1 9 3 
20180703831 4 6 5 2 8 1 10 9 7 3 
20180703832 3 8 1 9 10 2 5 4 7 6 
20180703833 4 10 5 2 9 7 3 6 1 8 
20180703834 6 5 2 9 7 4 10 8 1 3 
20180703835 3 2 6 1 10 5 9 8 4 7 
20180703836 7 8 6 10 9 4 2 3 5 1 
20180703837 9 5 2 7 1 3 4 8 6 10 
20180703838 7 6 3 4 9 1 10 5 8 2 
20180703839 9 6 3 7 10 8 2 4 5 1 
20180703840 6 5 4 10 8 1 7 2 9 3 
20180703841 8 4 3 2 9 5 7 1 6 10 
20180703842 9 1 6 7 5 3 4 8 2 10 
20180703843 8 6 1 2 9 5 3 4 7 10 
20180703844 3 4 7 9 1 2 10 6 5 8 
20180703845 10 4 5 1 8 7 9 6 2 3 
20180703846 6 9 2 8 1 5 10 3 7 4 
20180703847 9 1 8 5 3 7 6 4 2 10 
20180703848 7 1 4 5 9 3 2 8 6 10 
20180703849 9 2 4 10 8 5 7 6 3 1 
20180703850 5 2 7 6 3 4 8 10 1 9 
20180703851 2 9 8 3 7 6 4 10 5 1 
20180703852 6 10 7 9 5 8 1 2 3 4 
20180703853 9 2 3 1 5 10 8 4 7 6 
20180703854 3 2 10 7 5 4 9 1 8 6 
20180703855 6 5 1 8 9 10 4 2 3 7 
20180703856 10 4 2 9 3 1 5 7 6 8 
20180703857 6 5 10 8 1 4 3 9 7 2 
20180703858 9 4 6 8 5 10 2 7 1 3 
20180703859 5 1 2 6 10 3 9 7 8 4 
20180703860 2 8 1 5 7 10 6 4 3 9 
20180703861 8 10 2 5 6 3 7 4 1 9 
20180703862 9 7 6 4 8 1 3 5 10 2 
20180703863 4 10 7 1 8 2 6 3 5 9 
20180703864 1 3 2 5 7 8 9 6 10 4 
20180703865 4 3 9 8 1 6 2 10 5 7 
20180703866 5 9 6 4 8 2 3 10 1 7 
20180703867 2 1 8 6 3 10 5 7 4 9 
20180703868 7 5 9 3 6 4 1 10 2 8 
20180703869 5 10 4 6 2 8 3 7 9 1 
20180703870 7 3 1 10 4 5 8 2 9 6 
20180703871 8 10 2 7 6 3 4 5 1 9 
20180703872 8 7 5 1 4 2 10 6 9 3 
20180703873 2 4 7 1 10 3 6 5 8 9 
20180703874 9 1 2 6 3 7 10 4 5 8 
20180703875 6 2 5 8 3 10 9 1 4 7 
20180703876 7 1 6 4 5 3 9 8 2 10 
20180703877 10 7 1 9 6 2 3 4 8 5 
20180703878 3 5 2 10 7 4 1 8 9 6 
20180703879 7 6 5 2 1 3 8 4 10 9 
20180703880 4 3 8 1 9 6 2 10 7 5 
20180703881 3 2 7 1 6 10 5 8 4 9 
20180703882 7 2 9 4 10 8 5 6 1 3 
20180703883 1 4 2 5 7 10 6 8 3 9 
20180703884 2 1 10 4 8 5 3 7 9 6 
20180703885 2 1 9 10 6 8 3 4 7 5 
20180703886 4 3 8 9 6 7 10 5 2 1 
20180703887 1 3 2 5 10 7 4 9 6 8 
20180703888 1 4 10 9 3 7 5 8 2 6 
20180703889 8 2 10 7 9 6 1 5 4 3 
20180703890 7 5 1 8 9 4 10 6 3 2 
20180703891 3 1 7 9 5 6 10 2 8 4 
20180703892 8 6 2 10 1 4 5 3 9 7 
20180703893 4 10 9 6 3 8 5 7 1 2 
20180703894 5 10 7 6 3 2 8 4 9 1 
20180703895 7 6 3 9 4 5 2 8 10 1 
20180703896 2 5 10 9 4 3 8 1 6 7 
20180703897 1 7 6 9 3 2 10 4 5 8 
20180703898 8 6 7 10 2 4 3 1 9 5 
20180703899 2 6 7 9 1 5 10 8 4 3 
20180703900 8 5 9 7 6 1 2 4 3 10 
20180703901 2 7 6 8 10 9 4 5 1 3 
20180703902 8 4 1 5 10 9 7 3 6 2 
20180703903 9 3 6 1 10 4 2 5 8 7 
20180703904 9 6 10 3 5 7 4 8 1 2 
20180703905 5 6 2 4 1 7 3 10 8 9 
20180703906 3 8 6 2 10 7 1 9 5 4 
20180703907 5 7 2 9 3 1 8 6 10 4 
20180703908 3 1 8 7 6 5 2 4 10 9 
20180703909 6 5 3 7 2 10 1 9 4 8 
20180703910 2 3 4 7 9 5 8 1 6 10 
20180703911 8 5 3 9 10 6 7 1 4 2 
20180703912 10 3 1 2 8 5 6 4 7 9 
20180703913 3 2 10 6 4 5 9 1 7 8 
20180703914 5 2 3 4 10 7 8 9 6 1 
20180703915 4 5 10 2 3 9 1 7 6 8 
20180703916 3 8 10 5 9 6 4 7 1 2 
20180703917 4 1 8 5 10 7 9 3 2 6 
20180703918 10 8 6 7 9 5 1 4 3 2 
20180703919 1 3 8 6 4 7 5 10 2 9 
20180703920 5 8 6 10 7 4 9 2 3 1 
20180703921 10 2 8 6 5 9 1 4 3 7 
20180703922 5 1 2 3 6 8 10 9 4 7 
20180703923 1 4 5 2 8 6 3 10 7 9 
20180703924 8 10 2 3 7 1 6 5 4 9 
20180703925 6 4 2 8 9 10 3 7 5 1 
20180703926 9 3 10 6 8 2 7 4 5 1 
20180703927 4 6 7 8 9 1 3 2 5 10 
20180703928 8 2 3 1 7 9 5 10 6 4 
20180703929 5 6 7 3 1 8 2 9 4 10 
20180703930 7 1 8 4 6 9 10 5 3 2 
20180703931 9 2 1 5 6 8 10 7 4 3 
20180703932 4 8 5 10 6 9 2 1 3 7 
20180703933 4 5 1 10 3 2 9 8 7 6 
20180703934 4 1 5 2 10 3 7 8 6 9 
20180703935 5 9 2 8 1 4 10 7 3 6 
20180703936 9 5 8 3 2 7 1 6 10 4 
20180703937 6 2 5 7 8 4 1 9 3 10 
20180703938 7 4 10 6 1 9 2 3 8 5 
20180703939 10 7 8 6 5 3 2 1 9 4 
20180703940 9 1 6 7 8 3 10 4 2 5 
20180703941 7 3 1 4 8 6 9 10 2 5 
20180703942 3 5 8 10 6 9 1 7 4 2 
20180703943 8 2 5 9 7 3 10 6 1 4 
20180703944 4 8 9 1 2 7 10 6 3 5 
20180703945 2 6 7 5 3 9 8 1 10 4 
20180703946 2 1 3 4 6 5 10 9 7 8 
20180703947 9 10 6 3 5 4 2 1 8 7 
20180703948 8 7 5 4 9 3 10 1 6 2 
20180703949 8 6 7 9 4 2 3 10 5 1 
20180703950 2 5 7 4 10 6 8 3 1 9 
20180703951 3 9 10 4 5 6 1 2 7 8 
20180703952 7 1 4 8 9 2 6 5 3 10 
20180703953 10 6 1 5 3 7 2 8 9 4 
20180703954 3 1 9 5 7 10 4 8 2 6 
20180703955 2 5 7 6 1 3 8 9 4 10 
20180703956 1 7 10 6 5 3 2 8 4 9 
20180703957 10 6 1 7 2 4 5 3 9 8 
20180703958 8 5 4 1 9 3 6 7 10 2 
20180703959 8 2 9 6 7 10 3 1 4 5 
20180703960 6 10 3 8 5 2 4 7 1 9 
20180703961 1 7 4 10 5 8 3 9 2 6 
20180703962 9 2 1 8 4 10 7 3 5 6 
20180703963 9 8 7 1 3 5 4 2 10 6 
20180703964 9 5 8 2 1 6 7 3 4 10 
20180703965 3 2 10 5 7 9 8 4 6 1 
20180703966 5 10 4 8 3 7 9 2 6 1 
20180703967 3 9 1 5 8 4 2 10 6 7 
20180703968 5 6 9 10 3 7 2 1 4 8 
20180703969 10 1 9 5 8 3 7 6 2 4 
20180703970 9 5 4 3 7 10 1 2 6 8 
20180703971 6 4 7 3 9 2 5 8 10 1 
20180703972 5 2 9 1 7 8 10 6 3 4 
20180703973 8 6 3 1 9 2 7 10 4 5 
20180703974 8 2 5 7 1 4 10 9 3 6 
20180703975 1 3 4 7 5 6 9 10 2 8 
20180703976 10 5 1 8 6 7 9 3 2 4 
20180703977 9 4 5 6 3 10 2 1 8 7 
20180703978 10 8 7 1 2 9 5 6 4 3 
20180703979 4 6 10 1 3 2 5 7 9 8 
20180703980 9 2 4 6 1 10 3 7 5 8 
20180703981 6 7 4 5 10 9 1 8 3 2 
20180703982 2 8 1 6 5 3 4 7 9 10 
20180703983 5 1 8 4 7 3 9 2 6 10 
20180703984 7 4 6 3 10 5 9 1 2 8 
20180703985 6 5 3 4 10 2 7 9 8 1 
