20180709001 6 4 1 7 3 5 8 9 10 2 
20180709002 2 9 5 8 6 3 1 10 7 4 
20180709003 5 3 10 9 1 7 4 8 6 2 
20180709004 5 8 4 10 1 6 3 2 9 7 
20180709005 4 10 9 7 5 3 8 1 2 6 
20180709006 9 6 7 10 3 5 1 8 4 2 
20180709007 8 3 9 10 7 4 5 1 2 6 
20180709008 10 7 9 1 3 8 5 6 2 4 
20180709009 4 5 8 10 2 6 3 9 7 1 
20180709010 5 8 7 4 9 10 1 2 3 6 
20180709011 4 10 1 6 3 8 2 5 7 9 
20180709012 6 3 5 2 9 8 1 4 10 7 
20180709013 7 5 3 1 8 9 2 6 4 10 
20180709014 2 7 6 8 3 4 1 5 10 9 
20180709015 3 9 2 8 1 10 4 5 7 6 
20180709016 3 1 8 9 6 2 4 5 10 7 
20180709017 3 2 6 5 4 10 8 9 1 7 
20180709018 10 7 8 4 1 9 3 2 6 5 
20180709019 2 9 1 7 5 4 6 10 3 8 
20180709020 10 7 5 8 1 4 6 3 2 9 
20180709021 8 2 10 6 7 9 3 5 1 4 
20180709022 9 2 10 3 5 1 4 6 8 7 
20180709023 10 1 4 8 7 2 5 6 9 3 
20180709024 5 4 10 6 7 1 9 2 3 8 
20180709025 10 4 8 9 5 1 7 3 6 2 
20180709026 8 5 6 1 3 2 9 4 10 7 
20180709027 10 1 2 9 7 5 3 4 6 8 
20180709028 3 8 5 10 2 1 7 9 6 4 
20180709029 8 6 7 10 3 1 2 5 9 4 
20180709030 8 3 4 9 10 2 5 6 7 1 
20180709031 5 8 9 3 4 7 10 1 2 6 
20180709032 8 4 2 7 10 6 9 5 1 3 
20180709033 10 6 1 2 9 3 7 4 5 8 
20180709034 1 3 5 7 4 10 9 8 6 2 
20180709035 1 9 8 2 7 6 10 5 4 3 
20180709036 7 1 5 6 3 8 9 10 2 4 
20180709037 9 4 7 2 1 5 8 6 3 10 
20180709038 1 10 8 3 6 4 2 7 5 9 
20180709039 7 2 1 6 3 4 8 9 5 10 
20180709040 10 2 4 1 6 8 7 9 5 3 
20180709041 3 8 10 4 5 6 9 7 2 1 
20180709042 9 8 4 2 5 7 3 1 6 10 
20180709043 6 2 4 10 9 1 7 8 3 5 
20180709044 5 2 6 7 3 9 4 10 8 1 
20180709045 3 8 6 4 9 5 1 7 2 10 
20180709046 9 8 6 4 5 3 2 10 7 1 
20180709047 4 10 9 1 7 8 5 2 3 6 
20180709048 8 9 6 4 3 1 5 2 10 7 
20180709049 10 9 5 1 3 4 2 6 7 8 
20180709050 8 10 2 1 9 6 4 3 7 5 
20180709051 7 5 1 9 10 8 3 6 4 2 
20180709052 1 7 9 3 10 6 2 4 5 8 
20180709053 10 3 5 6 8 4 1 2 9 7 
20180709054 6 9 7 3 10 8 1 4 5 2 
20180709055 5 10 4 7 6 8 9 2 3 1 
20180709056 3 2 5 7 10 1 8 6 4 9 
20180709057 6 10 7 5 8 3 9 2 1 4 
20180709058 8 2 6 10 7 5 4 3 9 1 
20180709059 1 3 6 4 9 5 7 2 10 8 
20180709060 8 7 4 2 1 5 10 3 6 9 
20180709061 6 3 5 10 8 2 1 4 7 9 
20180709062 1 2 5 9 7 8 6 10 3 4 
20180709063 4 2 7 3 10 9 5 1 6 8 
20180709064 5 7 8 3 2 6 10 1 4 9 
20180709065 10 4 3 9 2 8 7 5 6 1 
20180709066 5 4 3 7 1 10 9 2 8 6 
20180709067 4 3 9 1 8 6 7 5 2 10 
20180709068 7 8 2 10 1 5 6 3 9 4 
20180709069 6 3 9 8 2 5 4 1 10 7 
20180709070 4 3 5 9 6 1 7 10 2 8 
20180709071 2 8 6 5 3 10 7 4 9 1 
20180709072 4 3 6 1 2 10 5 7 9 8 
20180709073 6 2 8 1 9 4 5 3 7 10 
20180709074 5 9 2 4 3 1 7 10 6 8 
20180709075 9 7 8 3 10 4 6 5 2 1 
20180709076 6 5 3 8 10 9 1 4 7 2 
20180709077 6 9 1 8 4 5 10 3 7 2 
20180709078 7 5 3 6 1 9 10 8 4 2 
20180709079 9 7 1 8 6 4 5 10 3 2 
20180709080 3 8 7 4 6 5 2 10 1 9 
20180709081 9 10 1 3 6 4 5 8 7 2 
20180709082 5 6 3 8 7 10 1 9 4 2 
20180709083 8 3 1 7 6 4 2 10 9 5 
20180709084 7 3 5 9 1 2 8 4 6 10 
20180709085 2 9 1 4 7 10 5 6 8 3 
20180709086 6 4 8 2 10 1 7 5 3 9 
20180709087 7 10 6 8 4 5 1 3 9 2 
20180709088 7 4 1 8 9 10 5 3 6 2 
20180709089 4 3 2 10 1 5 8 9 7 6 
20180709090 2 8 3 6 10 7 9 4 5 1 
20180709091 8 1 10 9 6 7 3 4 2 5 
20180709092 10 5 9 8 7 2 3 6 4 1 
20180709093 4 5 2 10 9 1 6 3 8 7 
20180709094 9 4 1 7 10 3 8 5 6 2 
20180709095 9 4 1 2 6 7 10 3 8 5 
20180709096 5 8 1 4 7 6 3 10 2 9 
20180709097 9 2 8 10 4 1 3 5 6 7 
20180709098 3 1 2 10 9 7 5 6 4 8 
20180709099 9 8 3 1 4 10 5 2 6 7 
20180709100 4 10 1 7 5 9 2 8 6 3 
20180709101 1 7 3 5 6 2 9 4 8 10 
20180709102 5 10 6 2 7 4 1 9 3 8 
20180709103 3 2 10 7 5 4 1 8 6 9 
20180709104 9 5 2 10 6 1 8 7 4 3 
20180709105 10 1 5 6 8 2 4 3 7 9 
20180709106 6 7 10 4 8 9 1 5 3 2 
20180709107 7 1 6 10 9 4 5 2 8 3 
20180709108 10 6 9 7 2 8 4 5 1 3 
20180709109 10 4 9 6 8 5 7 3 2 1 
20180709110 9 10 5 7 4 1 2 3 6 8 
20180709111 3 10 8 7 4 2 5 9 6 1 
20180709112 4 7 1 9 2 5 6 10 8 3 
20180709113 4 1 6 9 2 5 10 3 7 8 
20180709114 3 9 10 6 2 1 5 4 7 8 
20180709115 5 7 9 3 4 8 6 2 1 10 
20180709116 6 7 10 1 5 2 3 8 4 9 
20180709117 7 8 3 1 4 9 6 5 10 2 
20180709118 6 8 2 1 4 10 3 7 9 5 
20180709119 8 1 2 5 10 3 4 9 7 6 
20180709120 5 8 1 2 3 4 6 9 7 10 
20180709121 8 5 4 1 10 3 9 2 6 7 
20180709122 9 10 4 1 2 3 7 6 5 8 
20180709123 1 3 2 8 10 5 7 6 9 4 
20180709124 10 4 6 9 1 2 8 5 7 3 
20180709125 10 3 9 6 2 4 5 7 1 8 
20180709126 10 8 7 5 6 2 3 4 9 1 
20180709127 3 6 7 1 5 2 9 4 8 10 
20180709128 1 7 9 10 4 2 3 6 8 5 
20180709129 3 10 4 2 5 7 9 1 8 6 
20180709130 6 4 3 1 2 8 9 5 10 7 
20180709131 3 4 10 1 9 2 5 8 7 6 
20180709132 3 6 7 8 10 9 4 1 5 2 
20180709133 6 10 2 9 5 3 1 7 4 8 
20180709134 2 3 6 8 1 9 10 4 7 5 
20180709135 3 5 7 1 8 10 2 9 6 4 
20180709136 9 10 2 3 7 8 6 1 4 5 
20180709137 9 2 8 3 4 10 5 1 7 6 
20180709138 6 5 7 10 8 4 1 3 9 2 
20180709139 8 6 5 9 2 7 3 1 10 4 
20180709140 8 5 7 9 4 10 6 2 3 1 
20180709141 8 6 7 4 1 9 2 3 5 10 
20180709142 5 9 2 7 1 6 8 3 4 10 
20180709143 2 5 7 1 4 8 3 10 9 6 
20180709144 10 9 1 5 6 4 8 3 2 7 
20180709145 1 6 3 10 4 8 7 2 9 5 
20180709146 7 10 2 5 9 1 4 3 8 6 
20180709147 2 8 1 5 4 3 7 9 6 10 
20180709148 6 7 5 1 10 3 2 8 4 9 
20180709149 7 6 5 9 10 1 8 3 4 2 
20180709150 6 5 1 8 9 10 3 2 7 4 
20180709151 8 10 3 7 4 9 6 2 1 5 
20180709152 7 4 3 5 8 2 9 6 10 1 
20180709153 10 3 9 4 1 5 8 2 7 6 
20180709154 1 4 5 9 3 2 10 6 7 8 
20180709155 2 3 1 8 9 7 10 6 4 5 
20180709156 4 7 5 2 6 8 9 10 1 3 
20180709157 2 8 10 6 9 4 7 3 5 1 
20180709158 1 10 9 5 6 2 3 4 8 7 
20180709159 8 7 4 9 5 10 3 6 2 1 
20180709160 10 2 4 7 6 8 9 1 3 5 
20180709161 4 8 9 1 5 7 2 10 3 6 
20180709162 4 10 6 8 9 3 1 5 7 2 
20180709163 7 6 5 2 8 1 4 3 10 9 
20180709164 8 9 6 2 1 7 3 4 5 10 
20180709165 8 4 2 9 1 3 7 6 10 5 
20180709166 4 7 6 8 10 9 1 2 5 3 
20180709167 5 10 9 8 7 4 3 2 6 1 
20180709168 6 7 5 9 2 4 3 10 1 8 
20180709169 1 8 9 2 5 3 10 4 6 7 
20180709170 9 3 10 6 2 5 8 7 4 1 
20180709171 8 6 5 4 1 3 7 10 2 9 
20180709172 6 10 3 9 1 2 8 4 7 5 
20180709173 10 5 7 8 4 3 1 6 9 2 
20180709174 7 10 2 9 5 6 8 1 3 4 
20180709175 8 10 3 6 5 2 9 1 7 4 
20180709176 3 7 10 6 5 1 4 2 8 9 
20180709177 3 4 9 1 6 2 5 7 8 10 
20180709178 7 1 6 8 2 5 4 3 9 10 
20180709179 7 2 3 5 1 10 9 4 6 8 
20180709180 1 2 10 3 8 4 6 5 9 7 
20180709181 5 7 2 6 10 4 1 8 9 3 
20180709182 2 8 4 5 10 1 6 7 3 9 
20180709183 7 8 9 6 2 10 4 5 3 1 
20180709184 6 4 10 9 5 7 3 8 1 2 
20180709185 7 5 10 2 9 4 1 6 3 8 
20180709186 2 3 9 6 1 5 8 4 7 10 
20180709187 3 10 9 4 2 1 7 6 8 5 
20180709188 10 6 3 5 1 9 7 8 4 2 
20180709189 5 3 1 6 10 7 2 9 8 4 
20180709190 2 1 10 5 8 7 6 9 4 3 
20180709191 8 1 4 10 7 9 3 5 6 2 
20180709192 10 5 4 3 6 7 2 1 8 9 
20180709193 1 9 6 2 10 4 3 5 7 8 
20180709194 3 10 9 1 8 6 7 4 2 5 
20180709195 6 2 4 5 9 3 7 10 8 1 
20180709196 8 7 1 6 3 5 2 4 9 10 
20180709197 3 1 2 7 5 6 4 9 8 10 
20180709198 7 1 8 2 5 4 10 9 6 3 
20180709199 9 4 3 10 5 1 7 2 8 6 
20180709200 9 10 6 4 3 8 2 7 1 5 
20180709201 3 6 9 10 8 2 7 4 5 1 
20180709202 2 4 1 10 9 8 3 5 7 6 
20180709203 5 4 2 3 1 7 10 6 8 9 
20180709204 10 1 7 4 8 2 9 6 3 5 
20180709205 4 2 5 9 1 8 3 10 7 6 
20180709206 10 6 3 9 1 2 8 4 7 5 
20180709207 9 6 5 10 8 2 1 7 3 4 
20180709208 9 7 4 1 3 10 8 6 5 2 
20180709209 3 8 9 10 5 1 2 7 4 6 
20180709210 9 10 6 3 4 5 2 8 7 1 
20180709211 1 10 4 2 5 9 6 8 3 7 
20180709212 1 7 8 2 3 9 6 10 4 5 
20180709213 7 9 10 4 3 5 2 1 6 8 
20180709214 5 7 3 10 8 2 6 9 4 1 
20180709215 2 8 7 9 1 10 3 4 6 5 
20180709216 8 5 10 1 7 2 3 4 6 9 
20180709217 2 5 8 10 1 4 9 7 6 3 
20180709218 2 3 10 5 6 1 4 9 8 7 
20180709219 2 10 5 9 1 4 8 7 6 3 
20180709220 3 4 5 7 2 6 10 8 9 1 
20180709221 2 4 10 8 6 3 5 1 7 9 
20180709222 8 3 2 7 1 9 5 10 4 6 
20180709223 2 6 5 1 8 3 9 4 10 7 
20180709224 5 2 7 8 10 3 6 1 4 9 
20180709225 4 6 10 1 3 9 8 7 2 5 
20180709226 8 4 1 6 10 3 9 5 7 2 
20180709227 1 9 10 8 7 2 3 4 5 6 
20180709228 3 8 2 10 5 1 6 4 9 7 
20180709229 3 6 4 2 9 1 8 5 10 7 
20180709230 1 3 10 2 8 9 5 6 4 7 
20180709231 1 7 3 8 9 10 4 6 5 2 
20180709232 5 2 1 4 3 8 10 7 9 6 
20180709233 2 7 5 8 1 4 6 3 10 9 
20180709234 8 1 4 7 10 2 5 6 9 3 
20180709235 3 9 6 2 1 4 8 10 7 5 
20180709236 2 7 1 4 9 6 5 8 3 10 
20180709237 1 8 7 10 3 2 6 9 4 5 
20180709238 7 8 6 4 5 3 10 1 2 9 
20180709239 10 2 7 3 9 4 6 8 1 5 
20180709240 4 5 8 7 6 1 10 2 3 9 
20180709241 6 2 4 8 5 9 1 10 3 7 
20180709242 8 2 9 6 5 4 3 10 1 7 
20180709243 2 3 7 6 4 5 1 8 9 10 
20180709244 7 2 10 3 8 4 5 9 1 6 
20180709245 9 6 5 10 1 4 8 2 7 3 
20180709246 4 9 5 8 2 10 1 3 6 7 
20180709247 5 8 7 9 10 6 4 1 3 2 
20180709248 2 10 8 7 9 5 1 4 3 6 
20180709249 6 9 2 4 7 5 1 3 10 8 
20180709250 10 7 8 1 9 2 3 4 6 5 
20180709251 9 8 4 5 1 7 10 6 2 3 
20180709252 5 2 9 4 1 10 6 7 3 8 
20180709253 2 9 4 3 8 7 6 5 10 1 
20180709254 1 5 8 6 9 7 2 10 3 4 
20180709255 2 1 5 6 9 4 7 10 8 3 
20180709256 8 10 3 1 5 9 6 7 2 4 
20180709257 10 9 7 2 6 3 5 4 1 8 
20180709258 8 7 6 5 10 4 9 3 2 1 
20180709259 10 6 8 5 4 2 7 1 9 3 
20180709260 2 3 5 4 7 1 10 6 9 8 
20180709261 7 9 4 8 10 6 5 3 2 1 
20180709262 6 1 7 8 4 2 5 9 10 3 
20180709263 5 8 2 4 9 3 6 10 1 7 
20180709264 5 3 6 9 7 2 4 10 1 8 
20180709265 8 7 4 10 5 3 1 6 9 2 
20180709266 9 2 1 8 5 10 7 6 3 4 
20180709267 10 2 6 3 9 4 1 7 5 8 
20180709268 1 7 10 2 5 3 9 8 6 4 
20180709269 10 7 9 4 3 1 6 8 2 5 
20180709270 8 3 2 1 7 5 4 10 9 6 
20180709271 2 3 7 1 6 4 9 5 8 10 
20180709272 6 9 3 5 1 7 4 2 8 10 
20180709273 10 1 3 4 8 7 2 6 5 9 
20180709274 5 3 7 2 1 4 10 6 8 9 
20180709275 8 4 3 9 7 5 1 6 2 10 
20180709276 9 10 6 3 1 8 7 4 2 5 
20180709277 3 1 6 2 10 9 4 5 8 7 
20180709278 5 8 10 4 9 7 6 1 3 2 
20180709279 6 2 9 1 10 4 5 3 7 8 
20180709280 3 2 10 7 1 4 8 6 9 5 
20180709281 7 1 6 2 5 10 3 4 8 9 
20180709282 3 2 7 4 10 5 6 9 8 1 
20180709283 3 8 4 7 9 6 2 1 10 5 
20180709284 5 1 10 2 7 6 8 9 3 4 
20180709285 2 7 4 5 9 3 10 1 8 6 
20180709286 1 10 7 4 9 3 2 8 6 5 
20180709287 5 10 3 7 4 6 8 9 1 2 
20180709288 3 2 7 1 4 5 9 8 6 10 
20180709289 8 10 7 9 6 4 3 5 1 2 
20180709290 7 6 10 8 3 4 2 5 1 9 
20180709291 8 6 5 1 2 7 4 3 10 9 
20180709292 5 10 3 8 6 1 7 2 9 4 
20180709293 4 7 1 3 5 8 6 10 9 2 
20180709294 6 9 2 1 4 8 5 3 7 10 
20180709295 8 2 5 6 1 4 7 3 10 9 
20180709296 7 4 9 5 3 8 1 2 6 10 
20180709297 4 2 9 10 7 6 1 8 5 3 
20180709298 9 4 7 2 1 8 5 3 6 10 
20180709299 1 10 4 2 9 8 5 6 7 3 
20180709300 4 2 7 10 5 6 9 3 1 8 
20180709301 2 1 3 8 10 5 4 6 7 9 
20180709302 4 8 6 2 3 7 1 9 5 10 
20180709303 7 10 3 4 6 9 2 1 5 8 
20180709304 5 3 10 8 7 9 4 6 1 2 
20180709305 3 5 10 7 6 1 4 2 8 9 
20180709306 7 5 10 6 8 4 9 1 2 3 
20180709307 3 9 4 2 6 8 1 5 10 7 
20180709308 5 4 6 1 10 8 2 9 7 3 
20180709309 10 4 5 3 7 1 8 2 9 6 
20180709310 2 3 5 1 9 6 10 7 8 4 
20180709311 2 8 1 4 3 6 7 9 5 10 
20180709312 8 7 9 5 6 1 2 4 3 10 
20180709313 10 2 1 7 3 8 9 5 6 4 
20180709314 7 6 1 10 9 8 5 4 3 2 
20180709315 1 8 7 3 6 2 5 4 10 9 
20180709316 2 6 5 3 8 9 1 7 4 10 
20180709317 3 5 6 1 7 4 8 10 9 2 
20180709318 9 2 4 5 1 3 7 6 8 10 
20180709319 10 4 6 5 9 2 1 7 8 3 
20180709320 1 6 3 9 8 7 4 10 5 2 
20180709321 6 1 9 3 8 10 4 5 7 2 
20180709322 2 9 1 6 3 7 5 8 10 4 
20180709323 1 7 2 6 10 9 4 8 5 3 
20180709324 6 8 9 3 7 5 10 2 1 4 
20180709325 3 7 2 4 10 9 6 5 8 1 
20180709326 9 2 7 6 4 5 10 1 8 3 
20180709327 8 5 2 3 4 10 9 7 1 6 
20180709328 1 3 8 4 9 2 6 7 5 10 
20180709329 10 3 4 1 5 6 7 9 8 2 
20180709330 10 6 2 7 4 9 8 3 5 1 
20180709331 8 4 10 2 6 9 3 5 1 7 
20180709332 5 10 7 8 6 2 9 4 3 1 
20180709333 9 8 10 7 2 6 5 3 4 1 
20180709334 4 2 10 1 5 6 3 8 7 9 
20180709335 9 6 3 5 10 8 7 2 1 4 
20180709336 1 7 4 5 9 3 6 2 8 10 
20180709337 1 10 2 6 3 7 4 5 8 9 
20180709338 9 7 8 2 4 3 10 6 1 5 
20180709339 5 1 10 6 9 4 7 8 2 3 
20180709340 3 4 8 2 5 6 9 1 7 10 
20180709341 3 2 10 7 5 4 8 9 1 6 
20180709342 5 8 4 7 10 6 3 9 2 1 
20180709343 3 6 2 4 8 5 7 9 10 1 
20180709344 3 5 6 1 2 7 9 8 10 4 
20180709345 3 4 1 9 6 2 10 7 5 8 
20180709346 5 3 10 7 6 2 9 1 4 8 
20180709347 4 3 6 9 2 7 1 10 8 5 
20180709348 9 3 5 1 7 2 6 8 4 10 
20180709349 8 10 4 5 6 1 2 7 3 9 
20180709350 1 2 10 6 3 9 7 8 4 5 
20180709351 2 3 9 5 8 7 10 1 6 4 
20180709352 3 4 7 1 9 6 10 2 5 8 
20180709353 5 6 2 1 7 9 8 3 4 10 
20180709354 4 10 2 7 3 8 9 1 6 5 
20180709355 7 10 4 3 2 9 8 5 1 6 
20180709356 8 7 5 4 9 3 2 6 1 10 
20180709357 5 9 7 6 1 2 10 8 4 3 
20180709358 10 9 2 8 6 3 7 5 4 1 
20180709359 5 8 7 10 6 4 1 2 3 9 
20180709360 6 1 5 9 10 7 3 4 2 8 
20180709361 7 5 8 3 2 9 1 10 6 4 
20180709362 9 6 10 7 3 4 1 2 5 8 
20180709363 9 4 5 1 7 2 6 8 3 10 
20180709364 10 2 6 9 5 1 3 7 8 4 
20180709365 6 9 5 7 4 2 1 3 10 8 
20180709366 8 3 10 7 1 6 2 9 4 5 
20180709367 7 3 8 10 1 6 2 5 9 4 
20180709368 6 8 3 10 4 9 7 5 1 2 
20180709369 8 2 7 10 5 3 6 1 9 4 
20180709370 1 7 9 10 3 8 5 4 6 2 
20180709371 5 9 8 7 4 3 10 2 1 6 
20180709372 3 7 1 10 9 2 8 6 4 5 
20180709373 9 5 7 2 3 6 10 4 8 1 
20180709374 4 8 7 2 3 6 9 10 5 1 
20180709375 1 10 2 3 6 7 4 8 9 5 
20180709376 4 3 10 5 6 8 2 7 1 9 
20180709377 9 10 8 6 5 1 2 3 7 4 
20180709378 2 7 6 1 9 10 4 5 8 3 
20180709379 7 4 9 8 6 2 10 3 5 1 
20180709380 2 5 3 1 8 9 4 6 10 7 
20180709381 1 10 7 9 6 3 8 4 5 2 
20180709382 8 3 2 10 4 7 6 1 5 9 
20180709383 10 8 3 6 9 5 1 2 7 4 
20180709384 7 10 4 9 1 6 5 3 8 2 
20180709385 7 6 3 2 1 5 9 8 10 4 
20180709386 10 6 3 4 8 5 2 1 9 7 
20180709387 3 7 6 8 10 4 5 9 2 1 
20180709388 2 9 6 3 10 8 7 1 4 5 
20180709389 9 2 4 1 3 8 7 6 5 10 
20180709390 9 1 4 10 6 3 5 2 8 7 
20180709391 4 1 8 2 10 7 3 9 6 5 
20180709392 7 10 2 1 5 6 3 4 8 9 
20180709393 1 3 7 4 6 2 10 8 9 5 
20180709394 4 6 1 3 5 9 10 8 7 2 
20180709395 3 9 10 4 2 7 5 8 6 1 
20180709396 8 10 6 4 7 9 1 3 2 5 
20180709397 10 2 4 3 8 9 6 5 7 1 
20180709398 2 3 8 7 1 6 10 9 5 4 
20180709399 6 9 2 1 7 8 5 10 3 4 
20180709400 1 10 5 8 4 6 2 7 9 3 
20180709401 2 9 8 5 10 4 1 7 6 3 
20180709402 9 6 5 10 1 2 4 3 7 8 
20180709403 3 1 2 7 8 6 5 9 10 4 
20180709404 4 2 1 9 8 7 6 5 3 10 
20180709405 10 8 7 4 3 6 1 5 9 2 
20180709406 3 6 4 5 1 9 8 7 2 10 
20180709407 9 8 4 5 2 6 7 3 10 1 
20180709408 9 3 2 10 1 7 4 8 5 6 
20180709409 5 10 6 1 8 4 2 3 9 7 
20180709410 5 4 6 10 7 3 8 9 1 2 
20180709411 9 7 10 2 1 3 4 8 5 6 
20180709412 5 10 9 8 2 7 6 3 1 4 
20180709413 8 4 9 10 3 2 7 1 5 6 
20180709414 6 7 2 3 9 4 10 5 8 1 
20180709415 6 4 9 8 10 3 2 1 7 5 
20180709416 4 3 6 8 5 10 7 1 9 2 
20180709417 3 9 10 7 8 6 1 4 2 5 
20180709418 10 7 4 8 5 1 2 6 3 9 
20180709419 3 2 1 8 5 10 7 9 6 4 
20180709420 7 3 9 10 8 5 6 4 1 2 
20180709421 10 4 2 6 9 3 7 5 8 1 
20180709422 10 5 6 3 8 4 9 7 1 2 
20180709423 7 9 1 4 10 5 3 6 8 2 
20180709424 10 1 5 4 7 2 6 3 9 8 
20180709425 5 6 9 10 8 2 4 1 3 7 
20180709426 10 4 9 2 6 8 1 5 7 3 
20180709427 5 3 9 10 4 8 2 6 7 1 
20180709428 1 5 9 8 7 3 6 10 2 4 
20180709429 1 3 4 8 9 7 10 5 6 2 
20180709430 7 10 4 6 3 8 1 9 2 5 
20180709431 5 9 10 4 6 8 1 7 3 2 
20180709432 7 9 8 10 2 1 4 6 5 3 
20180709433 9 5 3 2 1 8 4 6 7 10 
20180709434 1 8 4 3 9 6 7 5 2 10 
20180709435 4 5 3 7 2 6 10 8 1 9 
20180709436 1 9 7 3 10 8 6 5 4 2 
20180709437 6 7 1 8 4 10 5 2 9 3 
20180709438 3 1 7 2 6 4 9 10 5 8 
20180709439 2 3 4 9 5 7 6 10 8 1 
20180709440 6 1 10 8 9 4 7 5 2 3 
20180709441 4 7 2 6 8 1 10 3 9 5 
20180709442 3 5 6 1 2 8 7 10 4 9 
20180709443 3 9 5 7 4 2 1 6 10 8 
20180709444 4 1 3 9 8 10 5 2 7 6 
20180709445 2 10 3 8 1 6 9 7 4 5 
20180709446 1 7 5 3 9 4 10 8 6 2 
20180709447 2 7 10 4 5 1 8 9 6 3 
20180709448 2 6 10 9 8 4 1 7 5 3 
20180709449 6 4 2 9 3 10 1 5 7 8 
20180709450 1 2 9 10 4 5 3 8 6 7 
20180709451 6 2 5 7 3 10 8 1 4 9 
20180709452 10 6 8 3 1 5 7 9 4 2 
20180709453 9 4 8 2 6 7 5 10 3 1 
20180709454 5 8 3 9 1 6 2 4 7 10 
20180709455 9 6 2 1 3 5 10 4 8 7 
20180709456 6 2 10 5 1 9 3 4 7 8 
20180709457 6 8 1 2 5 10 3 4 9 7 
20180709458 5 2 6 3 1 7 10 9 4 8 
20180709459 6 7 1 2 5 3 4 10 8 9 
20180709460 7 5 2 6 10 1 4 8 3 9 
20180709461 8 4 7 6 2 10 5 9 3 1 
20180709462 8 2 7 3 6 4 10 9 5 1 
20180709463 4 5 1 8 2 6 10 9 7 3 
20180709464 9 4 5 6 2 1 10 7 3 8 
20180709465 8 5 2 3 6 4 9 10 1 7 
20180709466 1 3 7 6 9 8 10 4 2 5 
20180709467 3 8 1 9 5 2 10 6 4 7 
20180709468 1 4 3 6 2 5 9 8 7 10 
20180709469 1 10 8 7 4 5 6 3 9 2 
20180709470 10 6 7 4 5 2 9 3 1 8 
20180709471 4 1 8 6 3 9 10 5 7 2 
20180709472 3 7 10 9 5 4 8 6 2 1 
20180709473 10 9 2 4 1 7 3 8 5 6 
20180709474 1 10 3 4 9 7 2 5 6 8 
20180709475 7 8 10 6 9 3 1 2 5 4 
20180709476 1 3 4 2 5 8 7 9 10 6 
20180709477 3 2 5 7 6 4 1 9 8 10 
20180709478 10 3 8 9 2 1 6 7 4 5 
20180709479 9 6 7 10 8 5 2 3 1 4 
20180709480 4 9 2 5 6 10 3 7 8 1 
20180709481 3 8 1 2 4 9 10 7 5 6 
20180709482 2 10 5 7 9 1 6 3 8 4 
20180709483 4 1 6 5 8 9 2 3 7 10 
20180709484 6 1 4 2 8 3 9 7 10 5 
20180709485 3 2 6 7 10 5 1 9 4 8 
20180709486 8 2 3 1 6 10 4 5 7 9 
20180709487 10 7 8 4 5 6 2 1 9 3 
20180709488 8 6 9 3 2 10 7 4 1 5 
20180709489 9 4 2 7 3 6 5 8 1 10 
20180709490 1 10 2 8 9 4 7 3 6 5 
20180709491 5 2 8 3 4 10 6 1 9 7 
20180709492 7 4 9 2 1 6 3 10 5 8 
20180709493 2 4 10 9 7 5 8 6 1 3 
20180709494 9 7 4 6 10 2 8 5 3 1 
20180709495 3 5 6 4 9 1 7 8 2 10 
20180709496 8 5 6 7 10 2 4 1 3 9 
20180709497 5 3 2 7 10 6 8 4 9 1 
20180709498 1 4 6 2 8 10 7 5 9 3 
20180709499 7 8 10 2 4 5 9 3 6 1 
20180709500 7 8 4 3 5 6 1 9 2 10 
20180709501 3 6 8 1 4 10 5 9 7 2 
20180709502 1 8 3 7 5 9 4 2 10 6 
20180709503 5 3 6 1 10 9 2 8 7 4 
20180709504 3 4 9 1 8 7 10 2 6 5 
20180709505 2 8 9 3 6 7 10 5 1 4 
20180709506 8 10 9 2 6 7 1 3 5 4 
20180709507 1 7 5 4 3 10 8 2 9 6 
20180709508 6 9 4 3 1 8 10 2 5 7 
20180709509 4 9 7 8 6 2 3 10 5 1 
20180709510 6 8 10 2 4 7 5 9 1 3 
20180709511 6 9 4 3 1 10 5 2 8 7 
20180709512 4 6 5 1 7 9 3 8 10 2 
20180709513 6 2 7 8 1 4 3 5 10 9 
20180709514 8 4 5 1 6 10 3 7 2 9 
20180709515 8 5 7 10 1 6 4 3 9 2 
20180709516 4 1 9 5 8 2 6 3 7 10 
20180709517 9 3 2 1 6 4 10 5 8 7 
20180709518 9 2 6 5 10 7 1 3 8 4 
20180709519 9 3 4 2 7 10 6 8 5 1 
20180709520 6 5 7 4 9 1 3 8 10 2 
20180709521 8 4 1 3 10 6 5 7 2 9 
20180709522 3 9 2 4 6 10 5 7 8 1 
20180709523 1 10 7 6 2 8 9 3 5 4 
20180709524 6 1 8 4 3 10 5 9 7 2 
20180709525 7 5 6 2 9 10 1 4 3 8 
20180709526 3 8 5 9 10 2 1 7 6 4 
20180709527 8 10 7 2 9 5 3 4 6 1 
20180709528 4 10 1 7 2 3 6 8 9 5 
20180709529 10 2 9 4 7 8 3 1 6 5 
20180709530 9 4 7 2 10 6 1 8 5 3 
20180709531 8 4 9 6 1 3 2 10 5 7 
20180709532 6 8 9 10 2 5 1 4 7 3 
20180709533 10 2 6 8 9 3 7 5 1 4 
20180709534 8 3 9 10 4 7 1 2 6 5 
20180709535 9 2 8 3 5 10 4 6 7 1 
20180709536 5 10 2 6 9 8 4 1 3 7 
20180709537 3 7 6 8 2 1 10 4 9 5 
20180709538 10 6 8 3 1 2 5 9 4 7 
20180709539 2 7 1 10 3 4 8 6 5 9 
20180709540 3 4 10 8 2 6 7 1 5 9 
20180709541 8 9 6 2 4 10 3 5 7 1 
20180709542 8 3 10 2 7 5 4 1 6 9 
20180709543 10 3 2 8 5 6 7 9 1 4 
20180709544 1 9 3 4 5 6 10 8 2 7 
20180709545 2 4 3 7 6 5 9 10 1 8 
20180709546 8 3 5 6 10 1 4 7 9 2 
20180709547 7 2 8 5 4 3 1 9 6 10 
20180709548 4 2 3 10 9 7 5 1 6 8 
20180709549 5 7 4 10 9 3 2 1 8 6 
20180709550 3 9 2 7 6 5 8 10 4 1 
20180709551 9 6 2 4 1 8 7 5 3 10 
20180709552 2 3 7 6 1 10 9 4 5 8 
20180709553 3 9 2 5 8 4 10 6 7 1 
20180709554 6 5 1 2 7 9 8 4 3 10 
20180709555 6 8 7 1 5 4 10 2 9 3 
20180709556 5 6 3 1 8 2 7 10 9 4 
20180709557 5 3 8 1 6 7 2 10 4 9 
20180709558 10 9 6 3 1 4 8 2 7 5 
20180709559 3 6 9 4 10 8 7 1 5 2 
20180709560 9 4 5 10 1 3 7 6 8 2 
20180709561 10 4 2 5 8 3 6 7 1 9 
20180709562 10 4 1 6 8 2 7 5 9 3 
20180709563 8 4 7 5 10 2 6 9 1 3 
20180709564 9 4 10 5 3 1 8 6 7 2 
20180709565 9 7 1 4 8 10 2 5 3 6 
20180709566 8 7 1 2 4 5 10 3 9 6 
20180709567 10 2 3 4 7 9 8 5 1 6 
20180709568 2 8 7 5 10 4 9 3 1 6 
20180709569 3 10 8 7 1 4 2 9 5 6 
20180709570 7 3 2 8 6 9 5 10 4 1 
20180709571 2 3 8 4 10 9 6 5 7 1 
20180709572 1 3 7 10 5 8 2 4 9 6 
20180709573 10 9 2 5 7 6 4 1 8 3 
20180709574 8 6 10 4 3 2 7 1 5 9 
20180709575 7 4 3 1 9 8 2 6 10 5 
20180709576 1 3 6 5 7 2 8 4 10 9 
20180709577 3 4 8 2 7 10 5 6 9 1 
20180709578 5 6 7 2 8 3 10 9 4 1 
20180709579 3 9 5 7 10 4 6 1 2 8 
20180709580 1 7 4 10 2 3 6 9 8 5 
20180709581 4 6 1 5 3 2 10 9 8 7 
20180709582 1 9 7 2 5 6 8 10 4 3 
20180709583 7 3 10 2 4 6 9 8 1 5 
20180709584 5 10 4 6 7 8 3 9 1 2 
20180709585 6 8 2 5 4 1 7 9 3 10 
20180709586 1 2 9 6 8 4 3 10 5 7 
20180709587 10 3 1 5 7 8 4 9 6 2 
20180709588 9 10 6 7 2 3 5 8 1 4 
20180709589 5 8 1 6 4 10 7 3 2 9 
20180709590 8 5 4 1 10 6 3 7 9 2 
20180709591 5 8 10 1 6 4 3 9 7 2 
20180709592 9 4 2 3 5 7 1 6 8 10 
20180709593 8 7 5 6 10 4 3 9 2 1 
20180709594 1 10 8 7 4 2 6 3 5 9 
20180709595 10 8 5 6 7 9 2 3 4 1 
20180709596 1 8 3 7 6 5 4 10 2 9 
20180709597 8 3 6 9 4 10 7 5 2 1 
20180709598 2 6 8 7 1 5 10 9 3 4 
20180709599 1 9 5 3 7 2 8 10 6 4 
20180709600 7 5 6 9 1 2 4 8 10 3 
20180709601 9 8 4 3 2 5 7 10 6 1 
20180709602 9 3 6 8 5 1 10 7 2 4 
20180709603 5 3 4 8 6 2 7 1 9 10 
20180709604 4 1 8 5 2 10 9 3 7 6 
20180709605 9 6 5 7 2 1 8 10 3 4 
20180709606 8 2 7 10 3 4 1 5 9 6 
20180709607 1 3 5 7 10 8 9 4 2 6 
20180709608 10 7 8 6 5 9 2 4 1 3 
20180709609 1 5 6 4 9 2 10 7 3 8 
20180709610 9 6 3 2 8 7 4 1 5 10 
20180709611 4 9 10 6 1 3 8 5 7 2 
20180709612 7 3 9 8 2 1 6 10 4 5 
20180709613 4 2 10 9 8 6 3 1 7 5 
20180709614 9 3 7 8 6 2 4 1 5 10 
20180709615 1 5 9 3 10 7 8 2 6 4 
20180709616 1 7 4 2 8 5 9 6 3 10 
20180709617 7 8 6 10 3 4 1 5 2 9 
20180709618 7 1 10 6 8 4 3 5 2 9 
20180709619 2 3 5 1 10 8 6 4 7 9 
20180709620 9 2 3 4 8 6 10 5 7 1 
20180709621 8 2 4 5 1 10 3 9 6 7 
20180709622 1 4 8 2 3 5 7 6 10 9 
20180709623 7 3 5 4 9 1 6 8 2 10 
20180709624 3 5 2 9 10 1 7 8 4 6 
20180709625 6 9 1 5 10 7 4 8 2 3 
20180709626 8 7 10 4 1 9 3 6 2 5 
20180709627 3 10 1 2 9 4 8 5 7 6 
20180709628 7 1 9 4 3 6 10 8 2 5 
20180709629 5 7 10 4 6 3 9 1 8 2 
20180709630 2 10 8 6 1 3 7 5 9 4 
20180709631 6 2 1 7 10 8 9 3 5 4 
20180709632 6 3 1 4 7 10 9 2 5 8 
20180709633 7 3 9 6 10 8 2 1 4 5 
20180709634 8 6 5 4 7 1 3 10 2 9 
20180709635 7 8 10 9 4 3 6 2 5 1 
20180709636 9 7 4 1 10 3 6 5 2 8 
20180709637 8 10 3 4 1 9 2 6 5 7 
20180709638 2 1 10 7 3 9 5 6 4 8 
20180709639 2 7 4 1 6 10 9 5 3 8 
20180709640 4 5 8 1 7 9 2 10 3 6 
20180709641 8 5 6 7 3 2 10 9 1 4 
20180709642 5 1 9 7 4 2 10 8 3 6 
20180709643 3 1 8 4 2 6 5 7 9 10 
20180709644 6 4 10 1 7 5 3 2 8 9 
20180709645 4 9 7 3 8 2 10 5 6 1 
20180709646 7 2 6 3 5 4 10 1 8 9 
20180709647 2 6 5 4 8 7 1 3 10 9 
20180709648 10 7 4 3 2 6 1 9 5 8 
20180709649 3 10 2 8 5 6 7 1 4 9 
20180709650 9 3 1 10 5 6 8 4 2 7 
20180709651 2 8 9 6 7 4 3 10 5 1 
20180709652 2 3 5 1 10 9 7 8 4 6 
20180709653 7 2 9 6 1 5 10 3 4 8 
20180709654 7 2 6 10 9 5 4 1 3 8 
20180709655 7 10 8 9 1 4 2 5 6 3 
20180709656 1 4 10 2 5 6 3 8 7 9 
20180709657 10 2 9 7 8 5 6 3 4 1 
20180709658 4 7 5 6 8 1 9 3 2 10 
20180709659 1 5 9 2 3 4 6 10 7 8 
20180709660 6 5 10 8 2 4 7 9 1 3 
20180709661 10 2 8 5 7 4 9 6 3 1 
20180709662 8 9 2 7 10 1 5 6 4 3 
20180709663 6 5 10 4 3 7 2 8 1 9 
20180709664 4 3 9 1 6 5 7 2 8 10 
20180709665 6 4 2 7 3 8 1 5 10 9 
20180709666 7 2 5 1 8 4 9 3 6 10 
20180709667 3 8 6 7 9 5 1 2 4 10 
20180709668 2 1 8 9 6 10 3 7 4 5 
20180709669 1 5 10 9 4 2 3 8 6 7 
20180709670 7 1 3 2 9 8 4 5 6 10 
20180709671 1 8 4 7 9 6 5 3 2 10 
20180709672 3 10 7 6 4 2 5 8 1 9 
20180709673 3 7 10 4 9 6 5 2 1 8 
20180709674 6 4 10 3 8 7 2 1 5 9 
20180709675 6 5 9 7 4 2 3 1 8 10 
20180709676 3 1 6 2 7 4 9 5 8 10 
20180709677 1 6 5 10 9 4 2 3 8 7 
20180709678 4 10 1 8 9 3 5 2 7 6 
20180709679 4 3 7 9 2 5 8 1 6 10 
20180709680 4 10 9 2 3 8 1 6 7 5 
20180709681 2 8 5 9 10 3 4 7 1 6 
20180709682 4 7 8 9 3 6 10 1 2 5 
20180709683 10 9 8 1 2 6 7 5 3 4 
20180709684 1 6 2 9 8 7 3 10 4 5 
20180709685 7 9 3 10 6 4 1 2 8 5 
20180709686 10 4 7 3 9 2 5 8 1 6 
20180709687 5 1 2 8 10 4 6 9 7 3 
20180709688 4 5 8 1 3 2 7 9 10 6 
20180709689 6 9 2 10 1 8 3 7 4 5 
20180709690 7 1 5 10 3 9 2 6 4 8 
20180709691 4 9 10 1 8 2 5 6 3 7 
20180709692 1 10 9 8 6 5 3 7 2 4 
20180709693 2 10 1 8 5 7 3 4 9 6 
20180709694 8 10 2 7 3 1 4 5 6 9 
20180709695 5 4 7 3 9 10 8 2 6 1 
20180709696 1 4 7 2 10 9 6 3 8 5 
20180709697 10 5 8 2 4 1 9 3 7 6 
20180709698 7 8 10 5 6 9 1 3 2 4 
20180709699 6 9 4 3 7 10 1 5 8 2 
20180709700 8 2 5 1 9 4 3 7 10 6 
20180709701 1 9 7 4 2 3 6 10 5 8 
20180709702 3 5 1 6 10 7 9 2 4 8 
20180709703 3 2 8 5 7 1 9 6 10 4 
20180709704 6 8 10 2 4 9 5 1 3 7 
20180709705 7 2 5 1 6 8 4 10 3 9 
20180709706 8 6 3 10 5 4 2 7 1 9 
20180709707 7 10 9 5 6 2 3 4 8 1 
20180709708 5 9 1 10 3 6 7 4 2 8 
20180709709 5 8 2 4 6 9 1 10 3 7 
20180709710 2 10 6 4 1 9 5 8 3 7 
20180709711 5 8 3 7 2 10 1 9 6 4 
20180709712 3 8 1 2 10 9 7 6 4 5 
20180709713 4 8 3 9 7 10 1 2 6 5 
20180709714 9 10 3 1 7 2 5 4 6 8 
20180709715 4 2 10 5 3 1 8 7 6 9 
20180709716 8 10 7 2 3 1 9 4 5 6 
20180709717 1 5 7 2 10 6 4 9 8 3 
20180709718 9 5 10 2 7 3 1 4 6 8 
20180709719 6 7 9 10 4 2 1 8 5 3 
20180709720 9 6 5 1 4 10 3 7 8 2 
20180709721 3 9 4 1 6 2 7 10 8 5 
20180709722 7 9 2 5 3 1 6 8 4 10 
20180709723 10 8 9 1 5 2 6 3 4 7 
20180709724 10 8 1 6 4 7 9 3 2 5 
20180709725 7 6 4 3 1 5 9 8 10 2 
20180709726 6 10 8 5 4 3 1 7 9 2 
20180709727 5 1 10 2 7 4 6 3 9 8 
20180709728 9 8 10 7 1 3 6 2 4 5 
20180709729 1 3 5 10 6 4 8 7 2 9 
20180709730 8 6 5 9 7 4 1 3 10 2 
20180709731 5 3 10 4 2 7 1 6 8 9 
20180709732 3 2 6 1 9 7 10 5 4 8 
20180709733 8 3 5 9 4 10 1 7 6 2 
20180709734 10 5 1 9 8 4 6 3 7 2 
20180709735 8 1 6 2 3 7 9 4 10 5 
20180709736 1 2 5 7 6 8 9 3 4 10 
20180709737 9 7 8 2 1 3 5 4 10 6 
20180709738 5 6 3 10 4 9 1 7 8 2 
20180709739 1 9 3 7 5 8 10 6 4 2 
20180709740 5 9 8 2 10 3 6 1 7 4 
20180709741 9 2 7 10 1 4 5 8 6 3 
20180709742 10 6 4 3 7 1 9 5 2 8 
20180709743 4 1 10 9 5 2 6 7 3 8 
20180709744 5 9 1 8 3 7 10 6 4 2 
20180709745 10 3 4 2 6 8 5 1 9 7 
20180709746 1 7 8 5 4 3 6 9 10 2 
20180709747 4 7 1 5 6 8 2 3 9 10 
20180709748 7 8 4 6 10 1 2 3 9 5 
20180709749 5 2 9 8 7 1 10 6 4 3 
20180709750 9 2 5 4 10 6 3 1 8 7 
20180709751 7 5 2 4 3 1 8 9 10 6 
20180709752 6 9 8 10 1 7 3 5 2 4 
20180709753 4 9 5 3 1 7 6 2 8 10 
20180709754 1 2 7 10 8 3 4 6 5 9 
20180709755 7 9 2 6 8 4 3 5 10 1 
20180709756 4 7 10 6 3 2 9 1 8 5 
20180709757 9 8 4 1 7 10 5 6 2 3 
20180709758 9 10 4 2 1 7 8 5 6 3 
20180709759 2 8 4 1 9 7 6 3 5 10 
20180709760 10 3 8 2 6 1 5 4 7 9 
20180709761 6 3 10 2 4 8 7 9 5 1 
20180709762 7 4 3 6 9 1 5 10 2 8 
20180709763 10 1 2 7 4 8 6 3 9 5 
20180709764 5 7 10 1 8 2 9 3 4 6 
20180709765 1 9 4 3 6 2 5 10 8 7 
20180709766 6 5 7 8 9 3 1 2 4 10 
20180709767 10 3 6 5 4 9 8 7 2 1 
20180709768 7 6 9 1 4 10 8 2 3 5 
20180709769 5 3 1 9 6 7 8 2 10 4 
20180709770 5 4 9 8 2 3 7 1 6 10 
20180709771 6 10 7 1 2 4 5 9 8 3 
20180709772 3 10 6 8 9 7 1 2 4 5 
20180709773 3 2 5 6 9 8 4 10 1 7 
20180709774 10 7 8 6 9 1 4 3 5 2 
20180709775 5 1 6 7 2 8 4 10 3 9 
20180709776 5 4 9 3 6 2 7 10 1 8 
20180709777 3 1 6 10 4 2 5 7 8 9 
20180709778 7 6 2 10 8 4 3 5 1 9 
20180709779 10 5 6 8 9 2 7 4 1 3 
20180709780 4 9 8 2 3 6 5 7 1 10 
20180709781 9 3 2 6 5 1 10 4 8 7 
20180709782 7 10 8 3 2 4 1 9 5 6 
20180709783 5 10 8 2 7 4 9 6 1 3 
20180709784 6 2 7 8 5 1 10 3 9 4 
20180709785 9 1 8 2 4 5 10 7 3 6 
20180709786 10 7 6 9 1 4 2 5 3 8 
20180709787 5 3 7 4 2 10 9 8 1 6 
20180709788 9 10 4 2 8 7 1 6 5 3 
20180709789 6 10 4 3 5 9 2 1 7 8 
20180709790 6 7 10 1 5 4 3 9 8 2 
20180709791 9 1 2 8 7 4 3 6 5 10 
20180709792 2 4 1 7 10 6 8 5 9 3 
20180709793 1 9 10 5 2 4 6 3 8 7 
20180709794 5 6 3 7 1 8 4 9 10 2 
20180709795 5 1 7 6 3 9 10 4 8 2 
20180709796 1 5 8 9 4 6 2 10 7 3 
20180709797 6 9 7 8 3 4 5 10 2 1 
20180709798 2 4 9 6 1 8 5 3 10 7 
20180709799 9 3 2 7 4 5 1 8 10 6 
20180709800 1 7 5 8 10 4 9 2 6 3 
20180709801 8 2 10 3 1 7 4 6 5 9 
20180709802 2 8 10 9 6 4 5 1 7 3 
20180709803 3 4 9 1 6 2 7 5 8 10 
20180709804 9 4 8 5 6 3 2 10 1 7 
20180709805 10 1 9 4 8 2 6 5 3 7 
20180709806 2 7 6 4 1 5 9 8 10 3 
20180709807 5 6 3 2 1 9 10 8 7 4 
20180709808 7 2 5 6 4 8 1 10 3 9 
20180709809 8 5 4 10 1 7 3 2 6 9 
20180709810 1 5 9 6 7 8 10 3 4 2 
20180709811 10 3 4 5 6 9 8 2 1 7 
20180709812 4 6 2 5 9 8 1 7 3 10 
20180709813 1 10 5 8 2 3 4 7 9 6 
20180709814 1 4 3 9 8 6 5 10 7 2 
20180709815 6 1 2 7 3 5 8 4 9 10 
20180709816 5 8 6 3 7 4 1 10 9 2 
20180709817 10 5 8 9 6 2 3 1 7 4 
20180709818 2 1 10 9 5 6 4 7 3 8 
20180709819 8 5 10 4 2 9 6 3 7 1 
20180709820 10 6 9 2 5 8 1 7 4 3 
20180709821 5 7 2 4 9 3 1 6 10 8 
20180709822 6 1 8 10 7 9 4 5 3 2 
20180709823 10 6 9 4 5 1 2 3 7 8 
20180709824 8 9 3 5 10 7 6 4 2 1 
20180709825 6 2 7 10 4 9 3 1 5 8 
20180709826 7 8 10 5 6 4 1 9 3 2 
20180709827 9 10 7 6 5 8 1 4 3 2 
20180709828 10 4 9 8 7 3 5 6 2 1 
20180709829 8 1 4 9 7 6 5 2 3 10 
20180709830 9 10 5 2 1 8 7 6 4 3 
20180709831 9 10 1 4 2 3 7 5 6 8 
20180709832 6 9 4 10 2 1 5 3 8 7 
20180709833 1 10 3 5 8 2 7 9 6 4 
20180709834 4 3 8 10 9 2 1 6 5 7 
20180709835 6 2 7 5 10 4 8 1 3 9 
20180709836 8 2 9 1 3 10 6 7 5 4 
20180709837 9 2 8 7 4 3 5 10 1 6 
20180709838 7 1 3 5 9 10 8 2 4 6 
20180709839 7 1 3 2 6 4 8 9 10 5 
20180709840 6 1 9 2 7 5 4 8 10 3 
20180709841 1 8 6 2 5 10 7 3 4 9 
20180709842 6 3 2 9 8 4 5 10 7 1 
20180709843 4 1 6 10 2 5 3 8 9 7 
20180709844 2 3 4 5 9 10 1 7 6 8 
20180709845 8 7 4 5 6 3 2 10 1 9 
20180709846 6 9 7 1 5 4 3 10 2 8 
20180709847 2 9 7 4 5 8 3 6 1 10 
20180709848 5 10 9 3 1 4 7 8 2 6 
20180709849 4 5 2 7 3 10 6 9 1 8 
20180709850 3 6 5 1 4 10 9 2 7 8 
20180709851 4 7 8 2 5 10 1 3 6 9 
20180709852 10 6 4 7 2 9 8 1 3 5 
20180709853 4 6 3 1 2 7 10 5 8 9 
20180709854 4 10 1 8 3 9 5 6 7 2 
20180709855 6 4 3 7 5 9 8 2 1 10 
20180709856 3 4 10 9 6 5 2 1 8 7 
20180709857 4 6 1 5 8 3 9 2 7 10 
20180709858 8 10 6 5 2 4 7 3 9 1 
20180709859 10 8 7 3 2 1 9 6 4 5 
20180709860 10 8 7 9 6 1 5 3 4 2 
20180709861 10 2 8 3 4 5 1 6 9 7 
20180709862 2 7 10 6 4 8 1 5 3 9 
20180709863 7 10 4 1 5 8 6 9 2 3 
20180709864 1 8 3 4 6 2 5 9 10 7 
20180709865 5 1 6 10 7 9 8 4 3 2 
20180709866 6 5 8 7 10 4 3 9 1 2 
20180709867 4 8 10 7 6 1 9 2 5 3 
20180709868 4 5 3 9 6 1 7 8 10 2 
20180709869 9 6 4 1 10 8 5 2 3 7 
20180709870 6 10 8 9 5 4 1 7 2 3 
20180709871 10 8 2 3 6 7 9 1 5 4 
20180709872 7 1 3 10 4 9 2 6 5 8 
20180709873 2 8 9 10 5 6 7 1 4 3 
20180709874 10 6 7 3 8 1 9 2 4 5 
20180709875 1 7 4 10 9 5 6 3 2 8 
20180709876 5 8 3 7 10 2 6 9 4 1 
20180709877 4 1 5 2 3 8 10 7 9 6 
20180709878 1 6 3 5 4 10 9 2 8 7 
20180709879 1 5 3 8 4 7 9 6 2 10 
20180709880 3 6 7 4 5 9 1 2 8 10 
20180709881 3 2 8 4 9 10 6 5 1 7 
20180709882 1 7 9 2 5 4 8 6 3 10 
20180709883 6 9 7 8 4 5 3 1 2 10 
20180709884 5 2 1 9 6 4 10 3 8 7 
20180709885 8 5 9 7 2 1 4 6 3 10 
20180709886 4 2 9 6 5 1 3 10 7 8 
20180709887 4 7 8 2 10 6 9 5 3 1 
20180709888 2 1 10 3 6 8 5 7 9 4 
20180709889 6 1 4 9 10 5 2 8 3 7 
20180709890 9 6 7 2 10 4 8 3 5 1 
20180709891 1 9 2 6 7 5 8 3 4 10 
20180709892 6 5 3 8 9 7 4 1 10 2 
20180709893 8 7 4 6 2 1 10 5 9 3 
20180709894 6 8 1 3 4 2 10 7 9 5 
20180709895 9 7 3 4 1 8 2 5 6 10 
20180709896 2 4 9 5 7 3 1 6 8 10 
20180709897 3 4 1 6 8 2 5 10 9 7 
20180709898 2 1 10 4 8 7 3 5 9 6 
20180709899 2 8 7 6 4 10 1 9 3 5 
20180709900 9 4 10 6 2 8 5 1 7 3 
20180709901 4 2 5 9 1 3 6 7 8 10 
20180709902 4 10 9 1 6 3 8 2 5 7 
20180709903 10 5 3 2 6 9 7 8 1 4 
20180709904 6 3 2 10 8 4 9 7 5 1 
20180709905 1 4 3 2 9 7 8 6 5 10 
20180709906 4 9 1 2 10 5 3 7 6 8 
20180709907 1 2 7 8 3 4 9 10 6 5 
20180709908 3 5 10 4 9 1 2 7 6 8 
20180709909 2 3 9 8 5 7 1 6 10 4 
20180709910 10 7 6 2 9 4 5 3 8 1 
20180709911 8 7 5 1 6 4 10 9 2 3 
20180709912 4 10 7 1 9 5 6 2 8 3 
20180709913 10 5 4 8 9 3 6 1 7 2 
20180709914 6 8 9 5 1 10 4 7 3 2 
20180709915 3 9 10 6 7 1 4 8 5 2 
20180709916 7 1 5 3 9 2 8 10 4 6 
20180709917 8 10 1 3 2 9 5 4 6 7 
20180709918 3 10 6 7 4 1 5 2 9 8 
20180709919 9 1 6 7 5 4 10 8 3 2 
20180709920 5 2 4 10 3 8 9 7 6 1 
20180709921 7 3 2 1 9 4 10 5 6 8 
20180709922 5 3 1 10 2 4 9 8 6 7 
20180709923 4 6 8 1 2 7 9 10 5 3 
20180709924 1 2 9 6 7 10 3 4 8 5 
20180709925 9 3 2 10 7 5 4 8 6 1 
20180709926 3 2 1 6 5 9 8 4 10 7 
20180709927 1 3 6 8 2 10 4 7 5 9 
20180709928 4 7 10 9 3 2 8 1 6 5 
20180709929 2 3 4 1 7 6 8 9 5 10 
20180709930 1 7 10 4 8 5 2 6 9 3 
20180709931 4 3 2 7 6 5 8 9 10 1 
20180709932 7 10 9 6 8 1 5 2 3 4 
20180709933 5 3 10 1 7 2 4 8 6 9 
20180709934 10 1 2 3 8 9 7 5 6 4 
20180709935 1 2 9 4 3 7 6 10 8 5 
20180709936 2 1 5 6 7 9 8 10 3 4 
20180709937 8 3 1 2 9 10 5 4 7 6 
20180709938 1 8 7 10 9 5 3 6 2 4 
20180709939 9 10 4 1 8 2 5 7 3 6 
20180709940 10 7 9 1 6 5 8 4 2 3 
20180709941 7 8 10 6 2 5 9 3 1 4 
20180709942 9 4 2 3 6 1 5 7 8 10 
20180709943 10 2 1 9 6 3 8 7 4 5 
20180709944 6 8 1 5 10 7 2 9 4 3 
20180709945 7 4 10 5 1 3 2 8 6 9 
20180709946 6 10 3 9 1 7 5 4 8 2 
20180709947 10 1 5 8 7 3 6 4 9 2 
20180709948 2 7 3 8 5 4 9 6 10 1 
20180709949 5 6 10 4 1 7 3 2 9 8 
20180709950 6 10 8 5 1 4 3 7 9 2 
20180709951 1 4 9 2 6 3 7 5 8 10 
20180709952 5 3 6 7 1 8 9 4 2 10 
20180709953 9 5 8 2 6 10 3 4 7 1 
20180709954 7 8 2 9 5 4 10 3 6 1 
20180709955 9 7 2 8 3 1 4 10 6 5 
20180709956 9 5 8 10 6 4 2 1 7 3 
20180709957 1 3 10 8 7 5 2 9 4 6 
20180709958 6 9 3 1 4 5 8 10 7 2 
20180709959 3 5 4 2 7 10 6 8 9 1 
20180709960 3 4 6 9 2 5 8 10 1 7 
20180709961 6 2 8 5 1 3 9 4 7 10 
20180709962 8 5 4 9 2 6 7 3 10 1 
20180709963 3 7 9 2 1 10 8 4 5 6 
20180709964 7 2 8 3 1 10 6 4 5 9 
20180709965 8 9 10 3 2 4 6 7 5 1 
20180709966 10 2 8 5 9 1 3 4 7 6 
20180709967 1 6 3 8 9 10 7 2 5 4 
20180709968 4 9 1 7 3 5 2 10 8 6 
20180709969 4 10 3 1 8 5 9 7 2 6 
20180709970 10 4 1 8 6 2 5 9 7 3 
20180709971 4 1 10 9 5 6 7 3 8 2 
20180709972 4 1 6 5 8 9 10 3 2 7 
20180709973 2 1 10 7 5 3 9 8 6 4 
20180709974 10 3 9 2 7 5 1 4 8 6 
20180709975 4 1 10 7 5 9 3 8 2 6 
20180709976 9 2 8 7 10 3 4 5 6 1 
20180709977 2 3 9 8 4 6 10 5 7 1 
20180709978 4 6 8 2 1 3 9 5 7 10 
20180709979 3 9 10 8 5 2 6 7 1 4 
20180709980 3 7 9 10 2 8 1 6 4 5 
20180709981 6 10 7 3 2 1 8 5 9 4 
20180709982 2 7 4 6 5 9 10 8 1 3 
20180709983 9 4 8 2 1 10 7 5 6 3 
20180709984 3 1 5 9 10 2 6 8 4 7 
20180709985 4 5 10 1 7 3 2 8 6 9 
