20180710001 4 1 8 6 9 5 10 7 3 2 
20180710002 6 3 9 2 5 8 4 7 1 10 
20180710003 9 3 1 7 5 4 2 8 10 6 
20180710004 6 3 10 1 7 2 4 5 9 8 
20180710005 8 3 6 10 2 1 9 7 5 4 
20180710006 1 9 3 6 7 8 5 10 4 2 
20180710007 9 6 8 7 2 10 5 3 1 4 
20180710008 4 3 2 5 6 10 9 7 8 1 
20180710009 3 9 10 4 6 8 5 2 7 1 
20180710010 8 2 10 9 4 7 5 3 6 1 
20180710011 3 5 2 6 9 7 10 1 8 4 
20180710012 3 10 6 7 2 4 1 9 8 5 
20180710013 1 2 10 5 4 9 7 3 8 6 
20180710014 4 2 1 8 9 3 10 6 5 7 
20180710015 9 7 5 10 6 2 1 3 4 8 
20180710016 8 9 3 10 5 6 4 7 1 2 
20180710017 5 9 6 8 2 4 1 7 3 10 
20180710018 10 3 2 9 4 8 5 6 7 1 
20180710019 8 6 10 9 1 4 7 3 5 2 
20180710020 3 1 10 8 9 6 2 7 5 4 
20180710021 7 4 1 8 6 2 3 5 9 10 
20180710022 5 8 4 7 6 1 9 2 10 3 
20180710023 6 2 9 4 8 10 1 3 5 7 
20180710024 2 7 1 9 8 5 3 6 4 10 
20180710025 3 8 5 2 4 10 7 1 9 6 
20180710026 1 7 6 10 5 9 4 3 8 2 
20180710027 5 7 1 9 10 6 3 8 4 2 
20180710028 8 7 1 10 3 9 6 4 2 5 
20180710029 5 3 2 4 6 1 9 7 10 8 
20180710030 9 7 8 2 10 6 3 5 1 4 
20180710031 6 1 2 3 5 9 8 7 4 10 
20180710032 3 8 9 10 7 5 1 6 4 2 
20180710033 3 6 8 7 10 9 2 1 4 5 
20180710034 5 3 8 1 9 4 6 10 7 2 
20180710035 10 2 4 8 7 1 3 5 6 9 
20180710036 1 6 4 5 8 9 2 7 3 10 
20180710037 6 8 10 5 4 9 7 2 1 3 
20180710038 9 10 3 6 7 4 2 1 5 8 
20180710039 8 1 4 10 3 5 6 9 7 2 
20180710040 7 2 1 9 10 5 6 8 4 3 
20180710041 6 4 5 7 3 10 8 9 1 2 
20180710042 3 10 6 7 4 1 5 2 9 8 
20180710043 1 3 5 9 2 4 6 7 8 10 
20180710044 8 6 4 5 7 10 3 1 2 9 
20180710045 8 5 4 7 6 9 1 3 2 10 
20180710046 3 4 8 7 2 6 5 10 9 1 
20180710047 1 7 6 5 8 10 4 2 3 9 
20180710048 3 4 10 2 8 9 6 7 1 5 
20180710049 4 5 7 2 9 3 6 1 8 10 
20180710050 7 1 9 8 10 4 2 3 6 5 
20180710051 6 1 8 9 7 2 4 3 10 5 
20180710052 1 10 9 4 8 3 2 6 7 5 
20180710053 8 3 4 7 5 1 2 10 9 6 
20180710054 5 9 1 2 7 4 8 10 3 6 
20180710055 7 6 5 10 8 3 4 2 9 1 
20180710056 5 2 10 8 1 6 4 9 3 7 
20180710057 3 5 6 7 10 1 8 9 2 4 
20180710058 6 9 10 4 2 8 1 7 3 5 
20180710059 1 4 9 2 7 5 10 8 3 6 
20180710060 10 8 6 3 4 2 5 7 1 9 
20180710061 9 6 1 5 8 3 7 2 10 4 
20180710062 2 1 7 5 4 9 8 10 6 3 
20180710063 5 7 9 4 1 3 2 6 10 8 
20180710064 10 7 3 5 6 4 9 2 8 1 
20180710065 5 4 7 8 2 10 9 6 3 1 
20180710066 8 7 2 3 4 9 5 1 6 10 
20180710067 7 2 6 10 8 1 5 4 3 9 
20180710068 10 6 1 4 5 3 9 2 7 8 
20180710069 4 3 1 7 5 2 10 9 8 6 
20180710070 4 1 5 3 2 9 7 8 6 10 
20180710071 6 5 10 2 4 9 8 1 3 7 
20180710072 7 8 5 1 3 4 6 2 9 10 
20180710073 5 7 2 4 8 3 10 1 6 9 
20180710074 7 5 4 2 8 6 1 9 10 3 
20180710075 6 9 1 10 2 5 7 8 4 3 
20180710076 8 1 10 3 6 7 9 2 4 5 
20180710077 5 2 7 9 8 6 3 4 10 1 
20180710078 4 5 1 3 10 9 6 8 2 7 
20180710079 8 10 6 9 4 3 1 5 7 2 
20180710080 4 10 1 3 8 2 9 7 6 5 
20180710081 9 3 10 5 4 8 2 1 7 6 
20180710082 4 2 5 8 1 9 7 3 6 10 
20180710083 4 7 1 2 3 10 8 9 6 5 
20180710084 2 1 10 6 7 4 5 8 3 9 
20180710085 6 9 3 5 4 1 8 10 2 7 
20180710086 8 7 3 4 10 1 6 2 9 5 
20180710087 8 10 6 7 3 5 1 2 4 9 
20180710088 5 9 2 7 1 3 4 8 10 6 
20180710089 6 3 5 2 7 1 10 9 8 4 
20180710090 6 1 4 8 3 7 2 5 9 10 
20180710091 5 6 8 9 7 3 1 4 10 2 
20180710092 9 3 10 1 8 6 2 5 4 7 
20180710093 7 9 3 10 5 2 6 4 1 8 
20180710094 1 9 8 2 10 7 5 3 4 6 
20180710095 4 6 9 7 1 3 10 5 2 8 
20180710096 7 6 5 9 2 4 8 10 1 3 
20180710097 7 4 6 1 3 5 9 8 10 2 
20180710098 5 10 2 8 7 6 1 3 9 4 
20180710099 10 7 4 2 1 8 9 6 5 3 
20180710100 9 2 10 6 3 7 5 1 8 4 
20180710101 10 9 8 5 1 6 4 3 7 2 
20180710102 9 6 1 4 5 3 2 10 7 8 
20180710103 8 6 7 4 9 1 10 2 5 3 
20180710104 9 7 2 3 8 5 1 6 4 10 
20180710105 2 3 4 10 9 8 1 5 6 7 
20180710106 5 2 4 9 3 8 7 6 1 10 
20180710107 5 4 7 3 8 1 6 10 2 9 
20180710108 1 5 9 2 3 4 7 10 8 6 
20180710109 10 1 2 6 3 9 8 4 7 5 
20180710110 9 8 7 2 6 5 10 4 3 1 
20180710111 6 4 3 5 7 1 8 2 9 10 
20180710112 5 2 9 4 10 8 7 1 3 6 
20180710113 7 6 2 10 4 1 9 8 5 3 
20180710114 7 1 2 5 6 4 8 10 9 3 
20180710115 2 8 3 9 10 1 5 7 6 4 
20180710116 2 8 6 4 9 10 5 1 7 3 
20180710117 8 10 5 2 4 6 3 7 1 9 
20180710118 4 1 10 8 6 7 3 9 2 5 
20180710119 9 7 6 5 3 4 10 2 8 1 
20180710120 8 3 5 4 2 10 1 7 6 9 
20180710121 4 8 9 3 2 7 10 5 1 6 
20180710122 3 5 9 1 7 4 10 6 2 8 
20180710123 1 2 8 7 10 4 3 5 9 6 
20180710124 6 1 5 9 3 2 7 4 10 8 
20180710125 1 10 3 7 5 6 4 9 2 8 
20180710126 2 6 9 10 8 3 7 1 4 5 
20180710127 2 5 4 9 3 10 7 6 8 1 
20180710128 2 9 7 5 8 3 1 10 6 4 
20180710129 1 5 4 9 8 7 10 3 2 6 
20180710130 2 8 4 9 5 7 1 3 10 6 
20180710131 4 9 2 5 10 7 3 8 1 6 
20180710132 4 5 2 6 7 8 3 10 1 9 
20180710133 7 9 4 1 5 6 10 8 2 3 
20180710134 4 9 3 7 10 5 2 1 6 8 
20180710135 5 3 8 10 9 2 7 1 6 4 
20180710136 1 10 8 9 7 4 5 6 2 3 
20180710137 4 3 2 5 9 6 1 8 7 10 
20180710138 5 8 6 10 7 3 4 1 9 2 
20180710139 10 3 2 4 1 6 7 5 8 9 
20180710140 5 10 9 8 7 4 1 2 3 6 
20180710141 6 1 4 5 3 7 2 8 10 9 
20180710142 6 2 1 8 10 9 7 5 3 4 
20180710143 2 3 1 5 4 9 6 7 10 8 
20180710144 6 8 4 7 9 3 1 5 10 2 
20180710145 9 2 1 10 6 7 4 8 3 5 
20180710146 9 3 8 6 1 5 2 10 7 4 
20180710147 6 2 1 3 5 9 4 10 8 7 
20180710148 8 1 2 6 7 5 9 4 10 3 
20180710149 10 2 9 3 6 1 8 4 5 7 
20180710150 8 4 6 1 5 3 2 7 9 10 
20180710151 6 8 10 7 9 3 4 1 5 2 
20180710152 4 9 7 2 10 8 1 3 6 5 
20180710153 8 3 10 4 5 6 9 1 2 7 
20180710154 4 10 8 5 7 6 2 3 9 1 
20180710155 1 3 9 6 4 10 7 5 8 2 
20180710156 9 2 7 10 5 3 8 4 6 1 
20180710157 3 2 6 1 8 5 7 4 10 9 
20180710158 2 3 1 10 6 8 4 7 9 5 
20180710159 7 5 4 10 8 1 3 9 6 2 
20180710160 7 4 3 8 10 9 1 5 2 6 
20180710161 9 3 8 6 7 2 4 5 1 10 
20180710162 3 6 7 8 1 10 5 2 9 4 
20180710163 4 10 6 8 5 2 3 9 7 1 
20180710164 6 4 7 10 9 2 5 3 1 8 
20180710165 8 1 2 5 4 3 10 9 6 7 
20180710166 1 7 10 6 2 9 5 3 4 8 
20180710167 4 5 10 9 7 1 6 8 3 2 
20180710168 1 9 6 10 4 7 2 3 8 5 
20180710169 2 9 6 1 8 10 7 3 5 4 
20180710170 5 10 1 2 8 6 9 7 4 3 
20180710171 2 10 1 5 8 4 7 3 9 6 
20180710172 3 10 1 7 6 5 4 8 2 9 
20180710173 4 8 7 6 5 1 9 2 10 3 
20180710174 3 7 5 9 1 8 4 2 10 6 
20180710175 3 4 7 9 1 2 10 6 5 8 
20180710176 2 7 8 1 6 10 4 3 9 5 
20180710177 5 6 9 2 10 3 1 4 8 7 
20180710178 5 9 1 8 7 3 6 4 10 2 
20180710179 4 1 10 7 5 9 6 8 3 2 
20180710180 5 7 10 4 9 6 8 2 3 1 
20180710181 5 2 3 6 10 8 4 1 7 9 
20180710182 8 3 4 1 10 6 9 5 7 2 
20180710183 9 6 3 5 8 2 10 4 7 1 
20180710184 3 5 1 6 7 8 2 10 4 9 
20180710185 4 8 6 2 5 1 3 7 9 10 
20180710186 1 5 8 2 10 9 7 6 3 4 
20180710187 7 8 5 2 9 6 1 3 4 10 
20180710188 9 8 10 6 3 7 4 1 5 2 
20180710189 6 1 8 4 5 2 3 10 7 9 
20180710190 6 1 9 4 7 3 8 10 5 2 
20180710191 7 1 6 2 10 4 9 3 5 8 
20180710192 7 8 2 6 1 10 5 9 3 4 
20180710193 8 2 9 5 3 1 7 10 6 4 
20180710194 7 3 8 6 2 9 4 1 10 5 
20180710195 2 8 1 7 4 9 10 5 3 6 
20180710196 3 8 4 2 1 5 6 10 7 9 
20180710197 7 5 3 2 9 6 8 4 1 10 
20180710198 2 4 5 1 8 7 6 10 3 9 
20180710199 9 7 5 4 6 8 3 1 2 10 
20180710200 9 5 8 7 3 2 10 1 4 6 
20180710201 3 9 7 2 4 6 10 5 1 8 
20180710202 7 5 1 8 6 9 10 4 2 3 
20180710203 2 6 5 9 3 8 4 10 1 7 
20180710204 5 10 1 9 2 8 6 7 4 3 
20180710205 7 4 9 3 8 5 10 6 1 2 
20180710206 2 6 4 9 1 3 5 7 8 10 
20180710207 4 6 5 8 3 7 1 9 10 2 
20180710208 1 9 10 7 5 8 3 6 2 4 
20180710209 3 2 1 6 10 5 7 4 9 8 
20180710210 1 4 2 9 8 5 3 10 6 7 
20180710211 4 2 1 3 6 7 8 9 5 10 
20180710212 1 5 10 6 4 3 8 7 9 2 
20180710213 5 4 1 9 10 3 7 2 8 6 
20180710214 10 4 9 8 3 1 5 2 6 7 
20180710215 2 8 4 3 9 1 6 5 7 10 
20180710216 6 7 10 9 2 3 5 8 4 1 
20180710217 6 2 3 1 8 5 7 9 4 10 
20180710218 9 2 4 7 10 5 6 8 1 3 
20180710219 10 8 2 7 5 1 3 9 4 6 
20180710220 2 8 9 3 6 4 5 1 7 10 
20180710221 2 3 6 1 7 5 9 4 8 10 
20180710222 6 3 7 2 8 10 9 1 4 5 
20180710223 5 3 8 7 6 9 2 1 4 10 
20180710224 6 1 8 4 3 10 2 7 5 9 
20180710225 7 1 8 9 10 2 6 5 4 3 
20180710226 4 2 3 1 8 10 6 7 5 9 
20180710227 4 6 2 5 3 10 9 8 7 1 
20180710228 7 8 1 4 10 2 3 9 5 6 
20180710229 6 2 7 4 10 3 9 1 8 5 
20180710230 2 8 9 3 7 10 6 5 1 4 
20180710231 4 3 9 7 6 8 1 5 10 2 
20180710232 4 6 3 10 2 5 1 8 7 9 
20180710233 7 4 8 5 9 10 1 6 2 3 
20180710234 10 6 8 5 3 1 2 9 4 7 
20180710235 6 10 1 2 9 4 8 3 7 5 
20180710236 1 9 5 4 2 10 6 3 8 7 
20180710237 8 3 1 6 5 2 9 7 4 10 
20180710238 1 2 10 9 3 5 7 4 8 6 
20180710239 5 3 4 8 2 6 1 7 9 10 
20180710240 8 2 5 7 3 6 4 10 1 9 
20180710241 9 5 4 8 6 2 3 10 7 1 
20180710242 2 8 9 1 4 3 5 10 6 7 
20180710243 8 1 10 7 3 4 5 2 6 9 
20180710244 4 3 5 10 6 1 9 8 7 2 
20180710245 9 1 10 5 3 4 7 6 8 2 
20180710246 9 10 5 7 1 4 3 8 6 2 
20180710247 5 9 3 6 2 4 10 8 7 1 
20180710248 4 9 7 10 3 8 5 2 1 6 
20180710249 3 7 9 4 5 6 10 8 1 2 
20180710250 5 7 2 4 8 6 10 9 1 3 
20180710251 7 8 10 1 6 3 9 2 5 4 
20180710252 5 7 6 10 9 3 1 4 2 8 
20180710253 8 4 1 3 2 6 10 7 5 9 
20180710254 3 2 6 8 7 4 9 5 10 1 
20180710255 4 1 7 10 6 8 3 5 2 9 
20180710256 1 7 3 10 6 4 9 5 8 2 
20180710257 4 1 10 6 9 5 8 3 7 2 
20180710258 10 3 5 2 8 7 9 4 1 6 
20180710259 7 9 3 8 1 2 6 4 10 5 
20180710260 3 10 9 6 2 4 5 8 1 7 
20180710261 2 7 1 9 10 5 6 3 8 4 
20180710262 5 6 9 1 8 7 3 2 10 4 
20180710263 1 6 7 4 9 5 8 3 10 2 
20180710264 1 5 3 9 7 8 4 10 2 6 
20180710265 5 9 2 4 3 1 10 7 8 6 
20180710266 5 2 7 9 1 8 3 4 10 6 
20180710267 7 3 10 5 6 1 2 8 4 9 
20180710268 8 5 4 6 10 3 2 1 9 7 
20180710269 3 5 4 9 1 8 7 10 6 2 
20180710270 10 1 3 4 6 8 7 5 2 9 
20180710271 1 3 4 5 7 2 8 6 10 9 
20180710272 10 9 5 1 7 3 2 6 4 8 
20180710273 2 10 3 9 8 4 1 5 6 7 
20180710274 3 8 10 4 6 1 2 7 9 5 
20180710275 6 10 5 8 7 4 2 9 3 1 
20180710276 10 7 8 9 1 6 4 5 2 3 
20180710277 4 7 8 5 3 6 1 10 9 2 
20180710278 4 3 10 1 9 6 2 5 8 7 
20180710279 3 7 6 5 9 1 10 8 2 4 
20180710280 8 7 10 6 5 1 9 4 3 2 
20180710281 6 3 4 7 8 5 1 10 9 2 
20180710282 3 4 6 1 9 2 7 8 5 10 
20180710283 10 4 5 8 6 7 1 9 3 2 
20180710284 1 7 4 9 3 10 5 6 2 8 
20180710285 9 8 6 5 1 2 7 4 10 3 
20180710286 4 3 1 10 6 7 2 9 5 8 
20180710287 8 3 2 9 7 6 4 5 10 1 
20180710288 8 9 6 10 2 1 7 5 3 4 
20180710289 8 2 7 6 3 4 9 5 1 10 
20180710290 8 10 9 1 2 7 6 4 3 5 
20180710291 4 5 6 2 8 9 7 3 1 10 
20180710292 10 6 5 1 8 3 2 9 4 7 
20180710293 3 2 6 4 9 8 7 10 1 5 
20180710294 7 8 5 3 6 1 10 2 4 9 
20180710295 2 1 4 5 9 7 3 6 8 10 
20180710296 10 2 9 8 1 5 6 3 4 7 
20180710297 3 2 7 8 6 10 1 4 5 9 
20180710298 7 6 2 3 4 1 10 5 9 8 
20180710299 6 10 3 5 7 2 1 4 9 8 
20180710300 6 3 9 7 4 2 1 8 10 5 
20180710301 2 1 7 4 6 9 8 10 3 5 
20180710302 9 6 8 10 4 7 2 3 1 5 
20180710303 3 5 6 9 10 4 1 7 2 8 
20180710304 2 3 8 9 4 7 5 1 10 6 
20180710305 10 5 9 6 1 7 4 2 8 3 
20180710306 2 10 4 5 7 3 8 1 6 9 
20180710307 2 10 1 4 5 6 3 9 7 8 
20180710308 9 4 3 2 5 8 6 10 1 7 
20180710309 1 7 5 3 9 2 10 4 8 6 
20180710310 8 3 9 1 7 2 4 10 6 5 
20180710311 8 9 3 1 6 4 7 2 5 10 
20180710312 4 1 2 10 8 6 7 9 3 5 
20180710313 6 7 5 1 10 4 2 8 9 3 
20180710314 3 4 7 5 6 10 1 8 9 2 
20180710315 7 1 9 8 10 6 5 4 3 2 
20180710316 3 10 2 4 5 6 1 7 8 9 
20180710317 2 6 5 3 7 1 8 9 4 10 
20180710318 2 6 8 10 1 5 9 3 7 4 
20180710319 3 2 1 8 10 7 9 4 6 5 
20180710320 8 7 1 10 6 2 4 3 9 5 
20180710321 7 6 2 10 3 1 4 9 5 8 
20180710322 6 2 3 9 4 7 1 5 10 8 
20180710323 8 2 7 6 1 5 4 9 10 3 
20180710324 6 9 5 8 1 2 3 7 10 4 
20180710325 10 7 8 9 6 3 4 5 2 1 
20180710326 9 8 2 10 1 7 4 5 6 3 
20180710327 2 6 7 9 5 8 1 3 10 4 
20180710328 3 9 7 5 8 6 10 1 2 4 
20180710329 10 1 7 3 4 2 5 6 8 9 
20180710330 5 8 9 7 2 3 4 10 6 1 
20180710331 8 5 9 10 1 3 7 2 6 4 
20180710332 5 1 2 4 6 7 3 8 10 9 
20180710333 4 10 9 6 5 2 7 8 3 1 
20180710334 2 3 7 4 10 5 8 9 6 1 
20180710335 5 7 2 8 4 1 6 9 10 3 
20180710336 9 1 7 6 2 4 10 8 3 5 
20180710337 10 3 6 1 7 5 4 9 2 8 
20180710338 10 3 6 8 5 4 2 7 9 1 
20180710339 9 1 6 7 4 5 8 2 3 10 
20180710340 7 10 4 1 5 3 2 9 6 8 
20180710341 6 9 5 2 4 3 1 10 8 7 
20180710342 1 4 10 9 2 8 5 7 3 6 
20180710343 1 2 10 9 3 4 6 5 7 8 
20180710344 3 4 9 5 1 7 8 2 10 6 
20180710345 9 4 7 8 6 5 2 1 10 3 
20180710346 4 2 9 1 10 7 5 8 3 6 
20180710347 8 4 3 2 1 9 10 5 6 7 
20180710348 3 9 4 1 7 6 8 2 10 5 
20180710349 9 4 10 7 5 2 3 1 6 8 
20180710350 2 1 8 10 7 4 6 5 3 9 
20180710351 10 3 8 9 6 2 4 7 5 1 
20180710352 6 2 4 7 5 10 9 8 1 3 
20180710353 9 10 7 1 4 3 2 6 8 5 
20180710354 3 8 2 10 6 7 4 9 5 1 
20180710355 7 6 1 5 2 10 9 3 8 4 
20180710356 7 2 9 5 3 6 10 4 1 8 
20180710357 3 10 5 9 7 8 2 4 1 6 
20180710358 3 7 1 8 4 9 5 2 6 10 
20180710359 1 4 2 3 9 8 7 6 10 5 
20180710360 10 4 3 7 2 1 5 6 8 9 
20180710361 7 4 8 6 9 10 3 2 1 5 
20180710362 5 6 7 2 3 10 1 4 8 9 
20180710363 8 10 4 6 9 5 3 7 1 2 
20180710364 9 4 2 8 7 1 6 10 3 5 
20180710365 5 8 7 9 1 4 10 6 2 3 
20180710366 8 2 3 9 10 6 5 4 7 1 
20180710367 6 9 4 5 7 1 2 10 3 8 
20180710368 8 4 9 2 7 1 10 5 6 3 
20180710369 3 7 2 9 5 10 6 1 8 4 
20180710370 4 5 7 10 9 3 2 1 8 6 
20180710371 2 10 7 1 9 5 3 8 6 4 
20180710372 10 6 5 8 3 7 1 9 4 2 
20180710373 8 6 5 7 2 9 1 4 3 10 
20180710374 5 4 6 1 10 2 8 3 9 7 
20180710375 3 4 9 7 8 6 10 5 2 1 
20180710376 2 10 3 5 6 4 7 1 8 9 
20180710377 4 3 7 1 8 10 2 5 9 6 
20180710378 2 10 6 4 7 3 5 1 9 8 
20180710379 10 4 2 7 5 1 8 6 9 3 
20180710380 3 10 2 7 5 1 8 4 6 9 
20180710381 6 1 9 10 3 2 8 4 7 5 
20180710382 6 5 1 3 8 10 4 2 7 9 
20180710383 6 7 10 4 2 9 1 5 3 8 
20180710384 9 6 2 10 3 1 7 8 5 4 
20180710385 4 9 8 6 5 10 3 1 2 7 
20180710386 9 1 2 3 8 4 10 7 6 5 
20180710387 9 3 4 2 7 6 10 5 8 1 
20180710388 1 5 7 9 2 6 8 10 3 4 
20180710389 7 1 6 2 3 4 8 5 10 9 
20180710390 9 4 1 7 5 8 3 10 2 6 
20180710391 1 6 5 10 3 4 2 7 8 9 
20180710392 2 10 8 7 3 5 4 9 1 6 
20180710393 4 10 5 6 2 3 9 7 1 8 
20180710394 5 3 2 6 4 7 9 10 8 1 
20180710395 8 10 4 6 7 2 5 3 1 9 
20180710396 6 9 5 4 10 2 3 7 8 1 
20180710397 1 5 7 10 3 8 6 9 4 2 
20180710398 6 7 1 2 8 10 9 5 4 3 
20180710399 6 1 2 9 4 7 3 5 10 8 
20180710400 9 2 10 6 7 3 8 1 4 5 
20180710401 6 4 3 7 5 2 1 10 8 9 
20180710402 8 9 2 1 5 6 4 10 3 7 
20180710403 2 7 1 10 9 4 8 5 6 3 
20180710404 5 2 3 1 8 7 9 6 10 4 
20180710405 10 4 1 2 9 5 8 3 6 7 
20180710406 1 10 7 8 3 6 4 2 5 9 
20180710407 7 6 3 5 2 1 8 4 9 10 
20180710408 2 1 8 9 7 6 5 3 10 4 
20180710409 1 7 2 10 8 5 6 4 3 9 
20180710410 7 4 3 1 2 6 8 5 10 9 
20180710411 9 6 8 4 10 5 3 2 1 7 
20180710412 3 5 9 7 8 1 6 2 10 4 
20180710413 6 9 1 7 5 2 10 4 8 3 
20180710414 10 1 2 8 3 7 9 6 4 5 
20180710415 3 5 1 6 8 10 9 7 2 4 
20180710416 4 3 1 6 9 2 7 10 8 5 
20180710417 9 3 7 8 5 2 1 6 4 10 
20180710418 10 9 2 7 4 5 3 6 8 1 
20180710419 7 5 6 10 1 3 4 2 8 9 
20180710420 2 3 6 10 5 7 4 9 8 1 
20180710421 4 9 8 10 5 1 7 3 2 6 
20180710422 2 7 4 3 8 5 10 1 9 6 
20180710423 4 7 1 8 9 10 6 3 2 5 
20180710424 2 10 3 4 6 1 8 9 5 7 
20180710425 9 5 4 10 6 2 8 1 3 7 
20180710426 7 10 4 1 9 2 6 8 5 3 
20180710427 8 1 3 7 2 5 6 10 4 9 
20180710428 8 5 6 2 7 1 3 4 10 9 
20180710429 9 2 10 1 4 3 5 7 8 6 
20180710430 8 1 10 2 9 4 7 5 6 3 
20180710431 2 4 6 8 10 7 3 1 9 5 
20180710432 5 2 8 9 6 7 4 3 10 1 
20180710433 3 6 9 8 1 2 7 10 5 4 
20180710434 6 3 2 7 10 4 8 1 5 9 
20180710435 3 6 1 9 4 2 7 8 10 5 
20180710436 5 3 9 7 8 4 2 6 1 10 
20180710437 5 6 3 4 1 8 9 2 7 10 
20180710438 5 9 1 6 8 2 3 10 4 7 
20180710439 8 4 1 7 3 6 10 9 5 2 
20180710440 1 9 7 4 3 2 6 10 5 8 
20180710441 7 3 2 9 5 8 4 10 1 6 
20180710442 8 7 1 9 5 4 6 2 10 3 
20180710443 8 4 2 3 1 9 7 6 10 5 
20180710444 3 6 8 9 2 4 10 5 7 1 
20180710445 5 7 3 8 2 9 1 10 6 4 
20180710446 4 1 7 6 9 5 3 2 10 8 
20180710447 7 6 2 4 5 8 9 10 3 1 
20180710448 10 1 7 4 6 3 2 9 8 5 
20180710449 6 9 4 8 7 3 5 10 1 2 
20180710450 1 2 10 8 7 9 4 6 3 5 
20180710451 2 6 1 5 3 9 10 4 8 7 
20180710452 10 6 2 1 5 4 7 8 9 3 
20180710453 2 8 3 10 1 6 7 9 5 4 
20180710454 4 2 10 6 5 1 7 9 3 8 
20180710455 10 3 8 6 5 2 4 1 9 7 
20180710456 1 10 6 4 7 8 3 9 2 5 
20180710457 5 7 10 9 4 8 6 3 2 1 
20180710458 4 5 9 7 10 2 8 3 1 6 
20180710459 6 5 1 3 10 8 7 4 9 2 
20180710460 3 6 4 7 8 9 10 1 2 5 
20180710461 9 3 5 1 2 7 6 8 10 4 
20180710462 10 4 7 5 2 1 3 9 8 6 
20180710463 5 4 3 1 8 2 10 6 9 7 
20180710464 10 7 3 4 8 1 5 2 9 6 
20180710465 3 7 1 10 9 2 5 6 8 4 
20180710466 7 6 8 3 10 2 4 1 5 9 
20180710467 8 4 3 9 5 2 6 7 1 10 
20180710468 7 3 8 1 2 10 9 6 4 5 
20180710469 4 9 6 10 1 5 8 7 3 2 
20180710470 2 1 9 6 3 8 4 5 7 10 
20180710471 9 4 10 3 6 5 1 7 8 2 
20180710472 2 8 6 9 7 10 1 4 3 5 
20180710473 6 7 8 3 5 1 9 2 4 10 
20180710474 8 6 5 1 9 4 2 3 7 10 
20180710475 9 4 6 7 8 3 10 5 1 2 
20180710476 9 3 7 2 10 4 6 5 1 8 
20180710477 2 6 7 9 4 1 3 8 5 10 
20180710478 10 3 6 1 7 2 5 4 9 8 
20180710479 10 1 6 3 8 7 2 4 9 5 
20180710480 2 3 10 1 4 9 5 7 6 8 
20180710481 6 1 10 4 3 7 2 9 5 8 
20180710482 8 6 4 9 10 2 7 3 5 1 
20180710483 6 9 2 1 8 10 7 4 3 5 
20180710484 10 7 8 2 9 3 6 1 4 5 
20180710485 5 1 7 10 6 3 2 4 9 8 
20180710486 10 1 5 4 9 8 3 6 7 2 
20180710487 5 8 1 6 9 7 2 4 3 10 
20180710488 3 10 1 7 4 8 6 2 9 5 
20180710489 7 4 5 6 1 9 8 2 10 3 
20180710490 2 9 8 5 1 10 3 4 6 7 
20180710491 6 5 4 2 9 7 1 10 8 3 
20180710492 8 5 10 6 4 7 9 2 1 3 
20180710493 4 10 7 1 9 5 6 3 2 8 
20180710494 5 6 10 2 8 1 4 3 7 9 
20180710495 2 10 1 4 6 5 7 9 8 3 
20180710496 9 5 7 4 10 6 1 8 2 3 
20180710497 3 9 7 2 5 4 8 6 1 10 
20180710498 9 8 6 3 10 5 1 2 4 7 
20180710499 7 8 1 2 9 3 4 6 5 10 
20180710500 7 6 2 8 9 1 3 10 5 4 
20180710501 6 4 3 10 9 2 7 1 8 5 
20180710502 9 10 5 4 8 1 3 2 6 7 
20180710503 3 9 1 10 8 6 5 2 4 7 
20180710504 4 1 5 6 3 2 7 9 10 8 
20180710505 2 8 1 9 5 10 7 4 3 6 
20180710506 3 4 5 7 6 9 2 1 8 10 
20180710507 9 10 8 1 4 6 2 7 3 5 
20180710508 1 6 7 4 9 10 3 2 8 5 
20180710509 8 2 7 4 5 6 3 1 10 9 
20180710510 8 4 3 10 9 7 1 5 2 6 
20180710511 1 4 10 7 9 3 8 2 6 5 
20180710512 1 7 6 5 10 2 4 3 9 8 
20180710513 6 8 9 1 7 10 4 2 5 3 
20180710514 6 5 3 9 10 7 2 4 1 8 
20180710515 1 5 3 7 9 6 4 2 8 10 
20180710516 7 4 6 10 3 1 8 9 2 5 
20180710517 4 2 9 3 8 6 5 7 1 10 
20180710518 1 6 5 7 8 2 4 9 10 3 
20180710519 3 4 10 6 2 8 5 1 9 7 
20180710520 2 4 6 8 3 10 7 9 1 5 
20180710521 9 2 4 7 8 5 3 6 10 1 
20180710522 1 6 8 2 9 10 5 7 3 4 
20180710523 5 3 4 2 7 6 9 8 10 1 
20180710524 1 10 7 9 4 2 8 3 5 6 
20180710525 3 6 8 4 1 9 7 2 5 10 
20180710526 3 8 2 4 7 9 10 1 5 6 
20180710527 6 5 4 2 7 9 3 8 1 10 
20180710528 1 7 9 6 10 5 8 2 3 4 
20180710529 6 2 4 1 10 7 5 3 8 9 
20180710530 1 4 3 9 5 7 2 10 8 6 
20180710531 6 5 7 9 10 3 4 8 1 2 
20180710532 4 3 5 8 10 7 2 6 9 1 
20180710533 7 3 6 9 2 10 4 8 5 1 
20180710534 5 1 7 8 9 4 10 6 3 2 
20180710535 1 8 10 3 6 7 9 4 5 2 
20180710536 4 10 6 7 5 8 1 2 9 3 
20180710537 5 7 6 4 3 10 1 2 8 9 
20180710538 6 4 9 10 1 7 2 3 5 8 
20180710539 6 4 8 9 7 5 1 10 3 2 
20180710540 5 8 4 1 3 10 9 6 7 2 
20180710541 6 1 2 7 10 4 8 9 3 5 
20180710542 10 9 6 1 8 4 2 7 3 5 
20180710543 3 5 10 9 2 1 6 7 8 4 
20180710544 9 5 1 7 2 3 10 6 4 8 
20180710545 10 9 7 5 4 3 8 1 2 6 
20180710546 8 9 6 4 5 1 2 10 3 7 
20180710547 3 8 6 9 7 5 10 4 2 1 
20180710548 8 2 4 1 7 3 6 5 10 9 
20180710549 7 1 9 10 8 2 4 5 3 6 
20180710550 8 10 9 1 2 6 4 3 5 7 
20180710551 4 6 10 5 9 3 2 8 1 7 
20180710552 2 8 3 5 9 4 6 1 7 10 
20180710553 3 10 5 1 8 4 9 6 7 2 
20180710554 1 8 2 3 10 7 4 5 9 6 
20180710555 5 10 4 2 9 6 7 1 3 8 
20180710556 6 5 7 10 1 2 9 4 8 3 
20180710557 3 2 8 6 9 5 7 1 4 10 
20180710558 1 9 7 8 3 4 10 5 6 2 
20180710559 7 10 9 8 4 5 2 1 3 6 
20180710560 1 7 10 3 2 5 9 4 6 8 
20180710561 5 4 3 10 8 1 9 2 6 7 
20180710562 6 5 9 4 2 7 8 10 1 3 
20180710563 1 4 6 5 9 8 3 2 7 10 
20180710564 3 9 7 10 5 6 4 1 8 2 
20180710565 1 4 10 2 6 5 7 8 3 9 
20180710566 8 9 3 10 1 5 4 7 6 2 
20180710567 4 6 10 3 9 2 7 5 1 8 
20180710568 9 10 6 2 3 1 4 8 7 5 
20180710569 3 8 5 2 6 7 10 4 9 1 
20180710570 2 8 3 5 6 1 9 10 7 4 
20180710571 7 1 5 8 6 4 10 9 2 3 
20180710572 8 2 9 1 3 4 5 10 7 6 
20180710573 5 10 9 4 3 1 8 2 7 6 
20180710574 8 4 7 2 5 3 10 1 6 9 
20180710575 2 3 7 4 9 10 5 1 6 8 
20180710576 9 4 1 7 3 8 5 6 10 2 
20180710577 3 8 4 10 7 6 2 1 9 5 
20180710578 9 7 8 10 1 6 2 4 3 5 
20180710579 3 5 7 8 1 4 2 10 9 6 
20180710580 8 6 1 2 5 10 3 7 4 9 
20180710581 2 9 7 5 4 6 10 1 8 3 
20180710582 8 9 4 2 3 6 1 5 7 10 
20180710583 10 4 2 9 6 7 3 1 5 8 
20180710584 2 7 10 8 5 4 3 9 6 1 
20180710585 1 9 3 4 8 6 7 2 10 5 
20180710586 5 1 10 8 4 7 2 9 6 3 
20180710587 4 5 8 1 2 10 6 7 3 9 
20180710588 7 8 10 3 6 4 2 5 1 9 
20180710589 2 6 1 9 5 8 7 4 10 3 
20180710590 1 5 8 2 3 9 7 4 10 6 
20180710591 8 7 1 10 3 4 6 9 2 5 
20180710592 9 7 6 2 3 10 8 5 1 4 
20180710593 5 4 10 2 6 9 1 7 8 3 
20180710594 1 4 6 5 3 10 9 7 2 8 
20180710595 8 6 9 1 4 3 10 2 5 7 
20180710596 7 5 1 3 2 4 9 8 10 6 
20180710597 2 1 8 6 4 10 5 7 3 9 
20180710598 6 1 8 3 4 7 2 10 5 9 
20180710599 10 2 7 8 3 6 1 4 9 5 
20180710600 8 1 10 2 5 7 9 6 3 4 
20180710601 2 1 5 8 10 6 4 7 9 3 
20180710602 7 1 8 5 9 3 6 10 2 4 
20180710603 9 1 2 5 6 4 7 8 3 10 
20180710604 10 9 4 8 5 1 3 6 2 7 
20180710605 1 7 10 3 4 5 8 2 9 6 
20180710606 1 10 3 4 5 9 6 8 2 7 
20180710607 3 6 2 9 5 8 1 10 7 4 
20180710608 9 5 8 2 10 1 7 6 4 3 
20180710609 5 3 2 4 1 6 10 7 8 9 
20180710610 2 3 7 5 9 6 8 1 10 4 
20180710611 9 5 8 6 3 4 2 10 1 7 
20180710612 8 9 4 2 10 7 3 5 6 1 
20180710613 3 4 10 7 6 5 8 1 2 9 
20180710614 10 3 2 4 7 9 5 6 1 8 
20180710615 1 10 5 2 6 9 8 7 4 3 
20180710616 7 8 2 5 6 3 10 9 1 4 
20180710617 7 5 8 3 6 10 2 9 4 1 
20180710618 10 9 8 3 5 6 4 1 7 2 
20180710619 3 5 9 1 2 4 8 6 10 7 
20180710620 9 6 7 10 8 2 5 1 4 3 
20180710621 7 4 5 9 3 1 2 6 10 8 
20180710622 9 7 3 4 5 10 8 2 1 6 
20180710623 4 1 3 2 8 10 6 5 9 7 
20180710624 1 2 3 6 4 10 5 9 8 7 
20180710625 9 3 5 6 1 7 10 4 8 2 
20180710626 1 7 8 6 4 9 5 3 10 2 
20180710627 3 9 7 4 5 10 2 6 8 1 
20180710628 10 3 9 1 6 8 5 2 4 7 
20180710629 4 8 7 6 10 2 3 5 1 9 
20180710630 7 2 10 6 1 8 9 3 5 4 
20180710631 9 5 4 3 8 1 2 7 6 10 
20180710632 10 3 6 1 2 8 5 9 7 4 
20180710633 3 1 8 4 5 2 6 10 9 7 
20180710634 9 2 8 10 4 7 6 1 5 3 
20180710635 6 5 2 3 10 1 8 4 7 9 
20180710636 8 4 6 1 10 2 5 9 3 7 
20180710637 3 2 5 4 1 6 7 8 10 9 
20180710638 3 8 1 7 9 10 2 5 6 4 
20180710639 8 3 9 5 4 7 2 10 6 1 
20180710640 8 3 1 9 7 6 5 2 10 4 
20180710641 10 3 6 7 4 5 9 1 2 8 
20180710642 10 2 9 6 7 4 1 8 3 5 
20180710643 7 2 6 3 10 9 1 5 8 4 
20180710644 4 7 6 3 8 10 9 5 2 1 
20180710645 2 9 1 10 8 6 7 4 5 3 
20180710646 7 3 10 2 5 6 8 9 1 4 
20180710647 10 2 1 6 7 4 3 8 5 9 
20180710648 5 1 2 10 6 4 3 7 8 9 
20180710649 8 7 3 4 10 6 9 2 5 1 
20180710650 10 8 4 1 5 7 9 6 2 3 
20180710651 10 5 1 6 3 7 4 9 8 2 
20180710652 6 5 7 10 4 2 1 8 9 3 
20180710653 8 9 10 7 5 1 4 3 2 6 
20180710654 4 5 6 2 7 3 1 10 9 8 
20180710655 9 6 5 8 4 10 1 7 3 2 
20180710656 3 8 1 9 6 2 4 10 5 7 
20180710657 3 6 1 4 10 5 9 7 8 2 
20180710658 4 6 3 9 7 2 1 10 5 8 
20180710659 5 2 7 1 6 3 8 4 10 9 
20180710660 6 5 9 1 8 7 4 10 2 3 
20180710661 1 9 6 8 7 3 10 4 5 2 
20180710662 6 2 10 1 7 9 4 5 8 3 
20180710663 6 2 9 4 3 8 1 7 10 5 
20180710664 4 2 7 1 3 6 8 10 9 5 
20180710665 8 2 5 6 9 1 3 7 4 10 
20180710666 6 7 9 3 8 2 1 4 5 10 
20180710667 9 2 10 8 7 5 3 6 4 1 
20180710668 4 8 1 9 2 7 6 5 3 10 
20180710669 7 4 2 5 1 9 8 6 10 3 
20180710670 5 9 2 3 4 7 6 10 8 1 
20180710671 1 5 8 4 3 9 6 2 10 7 
20180710672 2 5 9 6 1 10 7 3 4 8 
20180710673 6 2 7 5 3 9 8 10 1 4 
20180710674 3 7 4 5 10 6 8 1 2 9 
20180710675 4 9 8 6 3 7 5 10 1 2 
20180710676 10 6 9 3 8 4 1 5 2 7 
20180710677 7 3 8 2 6 1 9 10 4 5 
20180710678 1 5 7 10 4 8 6 9 2 3 
20180710679 10 6 7 3 1 2 4 8 9 5 
20180710680 10 7 3 9 8 4 2 5 1 6 
20180710681 7 3 9 8 10 4 1 2 5 6 
20180710682 8 2 3 7 6 4 1 9 5 10 
20180710683 8 5 7 1 9 2 4 3 10 6 
20180710684 4 10 5 1 7 6 9 3 2 8 
20180710685 10 5 1 9 6 3 7 8 2 4 
20180710686 2 4 6 3 5 7 10 1 9 8 
20180710687 10 7 6 9 2 4 5 8 1 3 
20180710688 3 8 7 9 6 5 10 4 2 1 
20180710689 8 4 9 7 5 6 2 10 3 1 
20180710690 8 4 6 1 3 7 10 9 2 5 
20180710691 5 9 7 1 10 8 6 4 3 2 
20180710692 1 2 6 5 4 9 10 3 7 8 
20180710693 3 2 1 9 6 7 10 8 4 5 
20180710694 4 2 6 1 9 10 8 7 5 3 
20180710695 7 9 2 4 3 5 8 6 10 1 
20180710696 6 8 3 7 2 10 5 9 4 1 
20180710697 9 7 1 10 2 5 6 8 4 3 
20180710698 5 3 4 2 8 9 7 1 10 6 
20180710699 5 8 7 3 2 1 10 9 4 6 
20180710700 3 6 2 7 8 4 5 10 9 1 
20180710701 6 9 2 5 10 4 8 7 3 1 
20180710702 5 6 7 10 1 8 4 9 3 2 
20180710703 3 5 6 2 10 7 8 9 1 4 
20180710704 9 2 3 8 1 4 7 10 6 5 
20180710705 2 3 6 10 7 1 4 5 8 9 
20180710706 10 4 1 3 2 9 6 5 8 7 
20180710707 6 1 7 8 2 3 10 5 4 9 
20180710708 2 5 3 7 10 4 1 9 8 6 
20180710709 5 4 7 10 3 8 2 1 6 9 
20180710710 3 2 7 9 4 6 5 8 10 1 
20180710711 1 10 2 3 7 9 6 4 5 8 
20180710712 1 10 3 5 9 4 8 7 2 6 
20180710713 3 9 6 10 8 7 2 4 1 5 
20180710714 10 7 8 1 9 6 2 4 5 3 
20180710715 4 8 2 3 7 9 5 1 10 6 
20180710716 6 3 8 4 2 9 5 7 10 1 
20180710717 5 8 7 2 10 6 4 3 1 9 
20180710718 2 6 4 9 10 3 5 1 8 7 
20180710719 4 10 3 2 1 6 9 7 8 5 
20180710720 5 2 1 8 3 9 6 4 10 7 
20180710721 5 3 6 10 1 8 7 4 9 2 
20180710722 9 7 2 4 1 10 6 5 3 8 
20180710723 4 10 8 3 5 7 1 9 2 6 
20180710724 10 7 5 9 3 2 8 1 6 4 
20180710725 5 2 9 8 10 4 3 6 7 1 
20180710726 10 3 2 4 6 5 9 8 1 7 
20180710727 9 1 10 2 6 8 5 7 3 4 
20180710728 4 5 9 2 8 1 10 6 7 3 
20180710729 10 8 5 4 6 9 7 1 3 2 
20180710730 6 4 8 2 5 7 3 1 9 10 
20180710731 5 4 3 9 2 6 10 8 1 7 
20180710732 6 9 10 8 1 5 7 4 2 3 
20180710733 10 7 4 2 8 3 5 1 6 9 
20180710734 2 4 9 1 10 5 7 3 6 8 
20180710735 3 6 7 10 8 2 4 5 1 9 
20180710736 2 9 4 7 6 5 3 1 10 8 
20180710737 7 6 10 2 1 3 4 9 5 8 
20180710738 3 2 7 4 5 9 6 10 8 1 
20180710739 8 2 3 5 7 9 4 1 6 10 
20180710740 1 7 5 4 8 3 10 2 6 9 
20180710741 4 10 7 3 6 5 2 1 9 8 
20180710742 2 3 4 5 10 8 9 6 7 1 
20180710743 6 2 5 4 3 8 7 9 1 10 
20180710744 9 1 8 6 2 7 10 5 4 3 
20180710745 10 5 3 8 7 9 6 1 4 2 
20180710746 1 2 4 10 5 6 3 8 9 7 
20180710747 9 6 5 1 10 4 7 8 3 2 
20180710748 9 8 5 2 10 7 1 4 3 6 
20180710749 4 10 2 5 7 8 6 9 1 3 
20180710750 9 6 8 1 5 10 4 7 3 2 
20180710751 9 3 4 7 8 6 2 10 1 5 
20180710752 1 2 5 7 10 8 4 3 9 6 
20180710753 3 7 4 5 1 2 10 8 9 6 
20180710754 9 4 5 10 3 7 8 1 2 6 
20180710755 2 3 6 8 10 9 5 4 7 1 
20180710756 2 5 3 7 10 8 4 9 6 1 
20180710757 1 4 5 2 10 3 9 6 8 7 
20180710758 1 4 8 9 5 7 10 6 2 3 
20180710759 8 3 5 1 4 9 10 2 7 6 
20180710760 6 10 7 3 4 8 1 5 9 2 
20180710761 1 10 6 4 3 2 5 7 8 9 
20180710762 8 1 5 9 7 6 10 3 4 2 
20180710763 9 5 6 4 3 1 10 7 2 8 
20180710764 4 6 5 10 7 8 3 2 1 9 
20180710765 2 7 6 3 1 8 5 9 4 10 
20180710766 10 8 1 3 5 9 7 6 2 4 
20180710767 2 4 9 6 3 1 8 7 5 10 
20180710768 4 9 7 10 6 3 8 2 1 5 
20180710769 8 4 2 3 9 5 6 10 1 7 
20180710770 3 10 5 9 2 6 4 7 8 1 
20180710771 4 9 1 5 8 3 6 2 10 7 
20180710772 4 8 2 5 10 1 3 7 9 6 
20180710773 5 2 3 10 7 9 8 4 6 1 
20180710774 3 1 5 7 2 4 9 8 6 10 
20180710775 3 1 10 7 2 6 9 4 5 8 
20180710776 10 9 3 1 8 2 5 7 4 6 
20180710777 2 6 4 7 5 8 10 9 3 1 
20180710778 5 7 6 4 9 2 8 10 1 3 
20180710779 2 1 3 5 7 10 9 4 6 8 
20180710780 3 2 9 1 5 6 4 10 7 8 
20180710781 10 1 2 5 8 4 6 3 9 7 
20180710782 10 2 3 1 4 6 9 5 8 7 
20180710783 8 4 3 5 10 6 2 1 7 9 
20180710784 10 3 1 8 2 5 4 6 7 9 
20180710785 3 4 8 6 7 1 9 10 2 5 
20180710786 5 4 8 3 9 6 10 1 2 7 
20180710787 10 6 4 9 2 5 1 3 8 7 
20180710788 9 5 4 6 2 1 3 7 8 10 
20180710789 9 6 1 5 4 7 3 8 2 10 
20180710790 2 7 9 1 10 3 4 8 6 5 
20180710791 10 6 2 4 7 3 1 8 9 5 
20180710792 4 6 3 8 10 7 5 2 1 9 
20180710793 3 10 6 1 7 8 2 4 9 5 
20180710794 8 6 5 7 10 2 1 9 3 4 
20180710795 7 2 4 9 6 3 10 5 1 8 
20180710796 3 4 8 1 2 7 10 9 5 6 
20180710797 4 1 8 3 9 5 6 7 2 10 
20180710798 8 6 5 10 7 1 2 3 9 4 
20180710799 6 2 9 5 10 3 1 7 4 8 
20180710800 2 6 8 4 10 7 9 3 5 1 
20180710801 3 6 4 7 9 2 8 1 5 10 
20180710802 5 10 3 9 2 6 1 8 7 4 
20180710803 4 8 2 9 7 6 5 1 10 3 
20180710804 8 9 2 6 4 5 3 10 7 1 
20180710805 6 1 2 7 10 9 5 4 3 8 
20180710806 4 5 9 2 7 6 10 3 1 8 
20180710807 6 3 8 4 5 7 10 2 9 1 
20180710808 1 3 6 9 7 8 5 10 2 4 
20180710809 8 6 5 7 4 9 3 1 2 10 
20180710810 7 5 9 1 6 3 2 10 4 8 
20180710811 1 8 9 5 3 10 6 4 7 2 
20180710812 9 3 6 4 8 1 7 5 2 10 
20180710813 5 2 3 1 8 10 9 7 4 6 
20180710814 3 7 2 9 8 4 5 6 1 10 
20180710815 3 1 7 2 10 8 6 9 4 5 
20180710816 6 5 2 7 4 9 10 3 1 8 
20180710817 9 10 3 7 5 6 1 8 2 4 
20180710818 4 1 2 7 8 5 6 9 10 3 
20180710819 3 5 8 10 7 2 9 4 6 1 
20180710820 2 1 9 8 10 6 5 7 4 3 
20180710821 3 5 8 9 7 1 2 4 6 10 
20180710822 10 5 7 8 4 9 3 6 2 1 
20180710823 10 8 5 3 7 4 2 6 9 1 
20180710824 3 4 10 5 8 6 7 2 1 9 
20180710825 3 5 9 4 1 8 10 7 6 2 
20180710826 2 9 1 3 6 4 5 7 8 10 
20180710827 9 4 6 3 7 1 5 8 10 2 
20180710828 2 9 8 6 7 10 5 4 3 1 
20180710829 10 4 6 5 8 3 7 1 9 2 
20180710830 9 3 2 1 4 8 10 7 5 6 
20180710831 9 8 7 6 5 4 1 2 10 3 
20180710832 10 9 2 3 8 4 7 6 1 5 
20180710833 3 10 7 9 6 4 8 5 2 1 
20180710834 10 8 4 3 1 7 2 6 5 9 
20180710835 5 1 4 2 6 7 8 9 3 10 
20180710836 8 6 7 10 5 9 3 4 2 1 
20180710837 10 1 3 6 5 2 9 8 7 4 
20180710838 6 10 2 4 9 1 3 7 8 5 
20180710839 4 3 8 5 9 1 10 6 2 7 
20180710840 10 7 9 5 3 8 1 2 6 4 
20180710841 2 9 1 6 5 3 10 4 7 8 
20180710842 9 5 7 2 8 1 10 4 6 3 
20180710843 7 3 5 2 1 10 6 9 8 4 
20180710844 10 8 3 9 4 6 1 5 2 7 
20180710845 5 7 4 3 10 9 8 6 1 2 
20180710846 10 6 2 9 1 7 8 3 5 4 
20180710847 3 6 2 8 9 1 4 10 7 5 
20180710848 4 6 1 8 3 5 10 7 2 9 
20180710849 3 5 2 1 8 6 7 10 4 9 
20180710850 7 9 1 8 2 4 5 3 6 10 
20180710851 1 4 8 6 10 7 9 2 3 5 
20180710852 5 8 6 1 2 7 4 10 9 3 
20180710853 7 2 5 1 8 10 3 6 4 9 
20180710854 4 7 5 3 2 8 6 10 9 1 
20180710855 5 3 1 10 7 6 4 8 9 2 
20180710856 6 9 8 10 5 7 1 3 4 2 
20180710857 6 3 4 8 9 10 1 5 2 7 
20180710858 5 9 7 10 8 4 1 6 3 2 
20180710859 10 1 9 2 4 3 6 5 7 8 
20180710860 3 5 4 9 10 8 2 7 6 1 
20180710861 2 9 1 5 3 8 4 7 6 10 
20180710862 9 3 10 2 6 8 5 1 4 7 
20180710863 8 2 6 9 1 7 5 4 10 3 
20180710864 7 6 1 3 9 10 8 5 4 2 
20180710865 7 2 6 3 5 10 4 9 8 1 
20180710866 9 6 4 1 5 8 7 3 2 10 
20180710867 8 10 1 9 6 3 4 5 7 2 
20180710868 9 7 10 6 5 1 3 4 8 2 
20180710869 9 2 10 7 8 6 4 5 3 1 
20180710870 10 1 5 2 6 9 3 8 7 4 
20180710871 8 4 9 10 1 2 6 7 3 5 
20180710872 2 6 5 8 10 3 1 9 7 4 
20180710873 10 5 6 1 3 7 9 2 4 8 
20180710874 1 2 10 9 3 6 7 8 5 4 
20180710875 3 10 5 7 8 6 9 1 2 4 
20180710876 2 9 5 10 4 6 7 8 3 1 
20180710877 5 8 1 7 9 6 10 4 2 3 
20180710878 2 7 10 8 3 6 1 4 9 5 
20180710879 9 3 7 10 6 8 4 1 2 5 
20180710880 3 2 1 9 7 5 8 6 10 4 
20180710881 7 9 1 5 3 2 4 8 10 6 
20180710882 10 3 6 1 4 8 5 2 7 9 
20180710883 6 1 4 9 10 2 5 7 8 3 
20180710884 5 9 6 3 1 7 10 8 4 2 
20180710885 10 9 7 3 5 8 2 4 1 6 
20180710886 1 2 3 9 7 6 4 10 5 8 
20180710887 9 5 8 10 3 4 1 7 2 6 
20180710888 4 9 7 8 2 1 3 6 10 5 
20180710889 7 4 8 2 6 10 3 1 9 5 
20180710890 5 7 3 10 1 6 9 4 2 8 
20180710891 10 1 3 5 4 7 8 2 9 6 
20180710892 3 8 7 4 9 5 10 1 6 2 
20180710893 3 4 5 6 1 2 10 8 9 7 
20180710894 4 8 7 5 6 3 2 1 10 9 
20180710895 4 5 2 7 3 1 10 6 8 9 
20180710896 5 9 3 10 8 1 7 6 2 4 
20180710897 3 9 10 7 8 5 6 2 4 1 
20180710898 4 2 10 1 7 8 9 5 3 6 
20180710899 5 9 10 8 4 3 2 1 6 7 
20180710900 9 1 7 4 10 3 6 2 8 5 
20180710901 3 2 10 4 9 7 6 5 8 1 
20180710902 7 3 8 5 9 10 6 1 4 2 
20180710903 1 5 10 9 6 8 2 7 4 3 
20180710904 1 9 10 5 7 8 3 2 6 4 
20180710905 1 10 7 6 3 2 8 4 5 9 
20180710906 5 3 6 9 10 2 1 7 8 4 
20180710907 3 1 4 10 2 7 6 8 9 5 
20180710908 4 8 9 2 6 5 1 3 10 7 
20180710909 3 2 7 8 10 9 5 4 1 6 
20180710910 1 10 7 4 9 3 2 6 8 5 
20180710911 1 2 6 10 8 9 7 3 5 4 
20180710912 3 2 4 6 9 1 5 10 8 7 
20180710913 5 4 8 7 9 1 2 3 10 6 
20180710914 7 9 2 3 1 8 5 10 6 4 
20180710915 10 3 2 6 4 5 9 1 7 8 
20180710916 2 6 8 1 4 9 3 5 10 7 
20180710917 2 8 3 10 7 4 6 1 9 5 
20180710918 6 8 3 1 2 10 5 9 4 7 
20180710919 6 4 7 9 1 2 8 3 5 10 
20180710920 2 10 5 7 1 3 4 8 6 9 
20180710921 9 1 10 4 2 7 8 3 5 6 
20180710922 2 7 8 4 1 10 5 6 9 3 
20180710923 2 5 7 9 10 1 6 3 8 4 
20180710924 4 10 7 6 3 9 5 1 8 2 
20180710925 9 3 7 6 4 5 8 1 2 10 
20180710926 6 7 5 9 3 1 4 10 2 8 
20180710927 10 2 8 9 6 1 3 4 7 5 
20180710928 8 10 1 7 5 6 3 2 4 9 
20180710929 8 2 6 5 3 10 9 4 7 1 
20180710930 2 9 4 3 7 10 6 5 1 8 
20180710931 7 3 9 2 10 6 4 8 1 5 
20180710932 8 7 9 10 6 3 5 2 4 1 
20180710933 10 5 8 3 4 2 9 1 7 6 
20180710934 10 6 3 2 8 1 7 9 4 5 
20180710935 5 7 6 10 8 9 1 4 2 3 
20180710936 9 3 7 6 4 10 8 5 2 1 
20180710937 7 8 4 10 3 9 1 2 6 5 
20180710938 9 1 8 6 2 10 7 5 4 3 
20180710939 5 9 3 7 2 4 6 8 10 1 
20180710940 8 10 5 3 1 7 9 6 4 2 
20180710941 5 4 10 9 2 8 1 6 7 3 
20180710942 1 9 7 8 2 3 5 10 6 4 
20180710943 9 4 2 1 8 7 10 3 6 5 
20180710944 8 10 1 9 3 6 5 2 4 7 
20180710945 3 8 1 5 4 10 6 2 9 7 
20180710946 4 8 6 2 5 7 3 1 10 9 
20180710947 3 10 2 9 6 7 4 8 5 1 
20180710948 10 9 6 8 2 1 4 5 3 7 
20180710949 1 2 8 10 4 5 7 6 3 9 
20180710950 5 8 3 2 7 1 10 4 9 6 
20180710951 8 10 4 7 9 5 6 2 1 3 
20180710952 3 6 10 8 5 1 7 2 4 9 
20180710953 6 8 1 10 9 7 2 3 4 5 
20180710954 7 3 1 6 8 9 10 4 2 5 
20180710955 10 6 7 2 1 8 3 4 5 9 
20180710956 1 6 2 7 8 10 4 9 3 5 
20180710957 4 1 6 10 3 2 5 9 7 8 
20180710958 8 3 10 6 5 1 4 2 7 9 
20180710959 6 9 4 5 8 2 3 10 1 7 
20180710960 9 1 4 7 8 5 6 10 2 3 
20180710961 9 8 4 3 5 6 10 1 2 7 
20180710962 2 9 5 1 3 10 6 4 8 7 
20180710963 5 6 1 3 4 8 10 2 7 9 
20180710964 9 5 7 1 10 2 6 8 4 3 
20180710965 9 1 8 10 3 4 2 5 7 6 
20180710966 9 5 8 1 4 10 6 7 3 2 
20180710967 1 5 3 10 9 4 8 6 7 2 
20180710968 2 7 3 9 10 8 1 6 5 4 
20180710969 2 1 7 6 5 9 3 4 8 10 
20180710970 1 9 2 10 4 8 3 7 6 5 
20180710971 10 6 9 5 1 3 7 2 8 4 
20180710972 6 7 4 10 5 3 1 2 8 9 
20180710973 9 2 6 7 4 1 10 8 5 3 
20180710974 1 2 4 8 9 5 3 7 10 6 
20180710975 6 10 5 3 7 9 2 1 8 4 
20180710976 2 1 7 5 8 9 4 3 6 10 
20180710977 9 6 4 1 7 5 10 8 3 2 
20180710978 3 6 9 8 2 7 1 5 4 10 
20180710979 1 2 5 10 9 8 4 6 3 7 
20180710980 7 2 1 8 5 3 6 9 4 10 
20180710981 10 6 5 7 3 8 4 9 1 2 
20180710982 10 5 3 1 2 4 7 9 6 8 
20180710983 4 6 10 5 9 2 8 1 7 3 
20180710984 8 7 6 9 4 2 5 3 1 10 
20180710985 1 8 10 4 7 9 2 5 3 6 
