20180728001 7 3 1 9 2 6 4 5 8 10 
20180728002 5 6 9 1 3 8 7 4 10 2 
20180728003 3 8 6 2 10 7 4 9 1 5 
20180728004 7 10 9 6 5 1 8 4 2 3 
20180728005 1 9 3 10 5 8 2 7 6 4 
20180728006 1 5 3 8 4 7 2 10 6 9 
20180728007 9 7 1 10 3 8 6 5 4 2 
20180728008 9 7 4 3 6 8 2 10 1 5 
20180728009 5 4 2 3 8 1 9 7 6 10 
20180728010 2 8 10 3 7 4 9 1 5 6 
20180728011 8 2 3 4 7 5 6 10 1 9 
20180728012 6 7 5 1 3 10 8 9 2 4 
20180728013 7 4 1 2 8 5 10 9 6 3 
20180728014 3 2 7 4 8 6 10 1 9 5 
20180728015 8 1 10 5 2 7 3 4 9 6 
20180728016 9 10 1 8 3 7 2 6 5 4 
20180728017 8 6 9 1 4 2 5 3 10 7 
20180728018 10 5 3 7 9 1 8 6 4 2 
20180728019 4 6 9 3 2 10 7 8 5 1 
20180728020 1 3 9 2 6 7 5 8 10 4 
20180728021 1 10 8 6 7 4 9 2 5 3 
20180728022 7 8 6 2 10 1 5 3 4 9 
20180728023 9 7 8 3 4 1 5 10 2 6 
20180728024 5 1 7 3 6 4 2 9 8 10 
20180728025 3 6 7 1 2 9 5 8 10 4 
20180728026 6 4 5 10 7 9 3 1 8 2 
20180728027 7 8 6 2 5 3 9 4 1 10 
20180728028 6 3 8 1 2 9 5 4 10 7 
20180728029 8 10 1 5 3 7 9 4 6 2 
20180728030 3 5 9 8 7 1 6 2 10 4 
20180728031 10 8 1 3 7 2 4 9 6 5 
20180728032 6 7 2 4 8 10 1 3 9 5 
20180728033 5 8 7 2 9 3 1 6 10 4 
20180728034 3 8 7 5 10 9 6 2 1 4 
20180728035 4 8 2 1 7 10 6 3 5 9 
20180728036 8 10 5 7 6 1 3 2 9 4 
20180728037 10 4 1 3 9 6 2 8 7 5 
20180728038 7 2 6 3 4 10 9 1 8 5 
20180728039 7 5 2 3 10 6 9 1 8 4 
20180728040 6 5 2 9 1 8 4 3 10 7 
20180728041 10 7 4 8 2 9 3 1 6 5 
20180728042 10 2 5 6 9 7 8 3 4 1 
20180728043 9 1 6 4 8 3 10 7 5 2 
20180728044 10 4 3 7 5 9 1 8 6 2 
20180728045 4 9 10 8 3 6 5 1 7 2 
20180728046 8 7 9 4 5 1 10 6 2 3 
20180728047 2 4 5 3 9 10 8 7 6 1 
20180728048 8 5 6 4 3 9 2 7 1 10 
20180728049 9 1 3 2 5 6 8 10 4 7 
20180728050 5 1 8 2 6 9 7 10 3 4 
20180728051 2 7 9 1 10 6 5 4 3 8 
20180728052 5 3 4 8 10 2 6 7 9 1 
20180728053 2 1 9 3 8 6 5 7 10 4 
20180728054 5 10 4 7 1 2 3 8 9 6 
20180728055 8 2 9 6 4 10 3 1 5 7 
20180728056 4 2 5 8 6 9 7 10 1 3 
20180728057 3 9 1 2 7 5 4 8 10 6 
20180728058 2 4 7 9 6 3 8 1 5 10 
20180728059 9 6 5 1 3 7 8 2 10 4 
20180728060 5 1 7 10 9 8 2 4 3 6 
20180728061 4 6 3 2 8 7 5 9 1 10 
20180728062 3 6 7 10 2 8 4 9 5 1 
20180728063 5 6 9 7 4 1 3 8 2 10 
20180728064 5 6 7 3 2 10 4 9 1 8 
20180728065 3 4 8 5 6 2 10 1 9 7 
20180728066 6 8 4 5 1 9 3 10 2 7 
20180728067 2 9 8 7 6 4 5 1 10 3 
20180728068 3 6 5 7 4 1 2 10 8 9 
20180728069 1 10 6 2 4 5 8 7 3 9 
20180728070 9 2 6 3 5 7 1 10 8 4 
20180728071 2 6 10 7 3 5 1 9 4 8 
20180728072 3 4 10 5 8 6 1 2 7 9 
20180728073 8 4 6 5 7 3 10 2 1 9 
20180728074 3 1 7 6 10 2 5 8 4 9 
20180728075 3 10 5 7 2 4 6 1 8 9 
20180728076 7 9 3 10 5 1 2 6 4 8 
20180728077 3 9 6 1 10 2 7 5 4 8 
20180728078 1 8 6 5 9 2 10 7 4 3 
20180728079 3 9 7 10 2 4 8 6 5 1 
20180728080 1 10 3 9 6 7 5 8 2 4 
20180728081 8 7 6 2 4 1 10 9 5 3 
20180728082 3 6 2 5 1 9 4 7 10 8 
20180728083 8 7 2 10 3 6 5 1 4 9 
20180728084 9 1 3 5 8 4 7 2 6 10 
20180728085 9 2 10 5 1 8 3 7 4 6 
20180728086 6 4 2 1 9 7 5 8 10 3 
20180728087 4 8 5 3 9 2 6 7 1 10 
20180728088 4 1 6 8 10 9 3 2 5 7 
20180728089 1 6 2 7 4 3 10 8 9 5 
20180728090 7 4 3 1 5 10 6 9 8 2 
20180728091 4 8 9 3 1 10 5 2 7 6 
20180728092 2 9 5 1 8 4 7 6 3 10 
20180728093 7 10 6 3 1 5 2 4 9 8 
20180728094 7 3 8 5 9 2 6 1 10 4 
20180728095 9 3 10 7 6 8 5 4 1 2 
20180728096 9 1 10 3 6 4 2 7 8 5 
20180728097 8 5 6 4 1 10 9 3 2 7 
20180728098 10 2 8 7 6 5 3 1 9 4 
20180728099 10 5 6 8 9 2 3 7 1 4 
20180728100 5 7 1 2 3 8 10 6 4 9 
20180728101 9 8 3 4 1 6 5 2 10 7 
20180728102 5 2 8 7 10 1 4 9 6 3 
20180728103 1 7 9 6 5 2 8 4 10 3 
20180728104 10 8 7 6 2 4 5 3 1 9 
20180728105 8 3 4 7 9 2 1 5 6 10 
20180728106 6 1 3 4 10 8 9 2 5 7 
20180728107 4 9 7 2 5 8 3 1 6 10 
20180728108 2 8 9 7 5 4 10 3 6 1 
20180728109 8 2 4 10 6 5 7 1 3 9 
20180728110 6 4 10 9 8 7 3 5 1 2 
20180728111 6 9 1 5 8 7 10 2 3 4 
20180728112 3 2 5 8 1 10 4 9 6 7 
20180728113 9 7 2 8 3 10 1 6 4 5 
20180728114 2 9 8 7 5 4 6 1 10 3 
20180728115 2 4 1 10 9 8 5 3 6 7 
20180728116 6 9 5 4 8 3 10 2 7 1 
20180728117 2 5 6 8 7 1 10 4 9 3 
20180728118 3 6 9 10 1 4 7 8 2 5 
20180728119 8 1 5 4 3 9 6 10 7 2 
20180728120 5 4 10 2 8 9 7 6 1 3 
20180728121 1 8 2 5 7 6 10 9 4 3 
20180728122 4 1 3 2 6 5 9 7 10 8 
20180728123 7 1 2 8 5 4 6 9 10 3 
20180728124 9 6 3 4 7 2 10 5 8 1 
20180728125 6 5 4 1 8 10 9 2 3 7 
20180728126 7 6 2 1 4 3 5 8 9 10 
20180728127 10 8 2 4 1 6 3 9 5 7 
20180728128 1 8 2 4 6 9 10 5 3 7 
20180728129 5 9 2 3 7 10 4 6 1 8 
20180728130 1 6 4 10 2 8 9 5 7 3 
20180728131 8 9 2 3 4 7 5 10 1 6 
20180728132 7 8 1 10 3 9 6 4 5 2 
20180728133 5 2 8 1 6 3 9 4 10 7 
20180728134 8 5 6 9 10 2 3 4 1 7 
20180728135 1 2 8 4 5 10 9 6 3 7 
20180728136 10 3 8 7 5 1 9 4 6 2 
20180728137 9 10 5 1 3 4 6 2 8 7 
20180728138 9 1 4 5 3 6 8 10 2 7 
20180728139 6 3 4 1 10 2 7 5 9 8 
20180728140 8 6 5 4 2 1 7 10 3 9 
20180728141 10 5 2 4 9 3 6 8 7 1 
20180728142 9 10 1 3 5 7 8 2 6 4 
20180728143 8 3 1 2 4 7 6 5 9 10 
20180728144 5 10 4 3 9 8 1 6 7 2 
20180728145 2 6 1 4 5 7 3 8 9 10 
20180728146 2 3 9 6 10 8 4 7 1 5 
20180728147 6 10 2 9 4 3 8 5 7 1 
20180728148 2 6 9 3 4 8 10 1 7 5 
20180728149 6 2 7 5 3 10 8 1 4 9 
20180728150 3 4 5 10 9 8 7 6 2 1 
20180728151 6 1 10 2 4 3 7 9 5 8 
20180728152 8 10 6 9 7 2 4 3 5 1 
20180728153 6 1 9 2 3 8 10 4 5 7 
20180728154 9 2 6 1 7 8 5 4 3 10 
20180728155 3 4 6 5 7 9 8 1 10 2 
20180728156 6 9 3 2 4 8 10 1 5 7 
20180728157 2 4 8 5 1 6 9 3 10 7 
20180728158 7 10 4 6 1 5 2 3 9 8 
20180728159 5 8 6 3 1 10 2 9 7 4 
20180728160 6 5 8 2 3 7 9 1 10 4 
20180728161 3 7 6 1 8 2 9 4 5 10 
20180728162 10 6 1 3 9 8 7 5 4 2 
20180728163 3 6 8 2 9 4 7 1 10 5 
20180728164 3 4 1 5 10 9 7 8 6 2 
20180728165 8 5 2 4 10 9 7 1 6 3 
20180728166 9 6 3 7 1 4 8 5 10 2 
20180728167 2 3 9 8 7 5 4 6 10 1 
20180728168 2 1 4 5 7 9 8 6 3 10 
20180728169 3 1 2 7 4 5 6 9 8 10 
20180728170 7 8 3 6 9 10 4 1 5 2 
20180728171 3 4 8 1 6 10 7 5 9 2 
20180728172 4 7 1 8 10 6 3 5 2 9 
20180728173 3 10 1 2 6 7 9 4 5 8 
20180728174 7 1 4 2 8 10 5 3 9 6 
20180728175 3 5 2 10 4 6 8 1 7 9 
20180728176 8 9 5 10 1 3 4 6 2 7 
20180728177 4 2 1 10 8 5 3 6 9 7 
20180728178 10 5 3 9 8 6 7 1 4 2 
20180728179 4 10 9 6 3 5 8 7 1 2 
20180728180 4 1 8 5 2 3 9 7 6 10 
20180728181 5 6 8 7 10 2 3 9 1 4 
20180728182 10 9 6 3 1 2 4 7 8 5 
20180728183 9 8 5 3 6 10 7 4 2 1 
20180728184 6 8 4 2 10 5 9 1 3 7 
20180728185 4 5 10 9 3 2 1 7 8 6 
20180728186 1 8 10 6 2 5 9 3 7 4 
20180728187 4 6 3 2 10 5 9 7 1 8 
20180728188 9 10 7 1 8 5 4 6 2 3 
20180728189 4 1 7 9 8 5 10 3 6 2 
20180728190 7 4 10 5 1 3 8 2 9 6 
20180728191 3 10 8 7 4 2 6 9 1 5 
20180728192 9 10 4 8 2 3 5 6 7 1 
20180728193 6 7 5 4 2 10 9 1 3 8 
20180728194 4 3 2 10 8 9 6 7 5 1 
20180728195 10 6 5 8 4 3 1 2 9 7 
20180728196 10 1 2 7 5 3 9 8 6 4 
20180728197 7 4 5 6 2 10 8 1 9 3 
20180728198 8 1 2 4 5 7 6 3 10 9 
20180728199 4 6 10 3 9 8 7 1 2 5 
20180728200 10 3 4 1 5 2 7 8 9 6 
20180728201 8 1 2 5 9 7 6 3 4 10 
20180728202 6 1 5 8 9 7 3 4 2 10 
20180728203 7 6 10 9 3 2 1 4 8 5 
20180728204 9 6 4 10 2 1 7 3 5 8 
20180728205 1 10 3 7 5 9 2 8 4 6 
20180728206 9 1 7 10 5 4 6 2 3 8 
20180728207 1 5 6 7 4 9 8 10 3 2 
20180728208 10 2 8 3 1 6 4 7 9 5 
20180728209 1 8 2 10 6 7 3 4 5 9 
20180728210 6 5 10 9 2 1 3 4 8 7 
20180728211 10 5 4 1 8 9 7 3 2 6 
20180728212 9 7 1 8 10 5 6 2 4 3 
20180728213 4 10 6 1 2 7 8 3 5 9 
20180728214 5 4 3 7 10 1 9 6 2 8 
20180728215 1 2 7 5 9 8 10 3 4 6 
20180728216 10 7 2 6 3 5 4 9 1 8 
20180728217 10 9 1 6 3 8 5 7 2 4 
20180728218 7 10 3 1 8 9 4 5 2 6 
20180728219 8 4 7 2 5 3 10 1 6 9 
20180728220 10 7 2 8 4 1 9 3 6 5 
20180728221 10 6 3 5 9 7 4 1 8 2 
20180728222 3 6 4 8 7 1 10 9 5 2 
20180728223 4 1 5 7 9 10 2 3 6 8 
20180728224 5 8 9 3 2 7 4 10 1 6 
20180728225 8 4 1 5 2 7 9 10 6 3 
20180728226 3 1 4 5 10 6 8 2 9 7 
20180728227 10 6 7 2 9 4 8 1 5 3 
20180728228 5 8 7 9 1 10 3 6 4 2 
20180728229 1 3 7 6 4 5 2 9 8 10 
20180728230 2 5 3 4 1 6 8 9 10 7 
20180728231 2 9 6 7 5 10 4 3 8 1 
20180728232 10 4 8 5 7 9 1 2 3 6 
20180728233 5 1 7 2 6 10 8 4 3 9 
20180728234 2 10 6 7 8 5 4 9 1 3 
20180728235 8 10 9 4 7 3 2 6 1 5 
20180728236 3 7 4 10 8 1 5 6 2 9 
20180728237 9 2 6 1 5 10 7 4 3 8 
20180728238 9 1 10 5 4 7 2 3 8 6 
20180728239 2 5 8 1 6 3 9 7 4 10 
20180728240 5 4 8 9 7 10 1 2 6 3 
20180728241 6 2 5 9 7 4 3 10 8 1 
20180728242 1 2 8 10 9 7 4 6 5 3 
20180728243 1 6 7 3 2 10 9 8 4 5 
20180728244 8 7 9 10 6 4 1 3 5 2 
20180728245 2 5 3 4 6 1 10 9 8 7 
20180728246 5 9 2 3 10 6 8 4 1 7 
20180728247 2 7 8 4 1 5 9 10 6 3 
20180728248 8 10 4 9 6 5 7 2 3 1 
20180728249 10 8 4 1 2 6 7 3 9 5 
20180728250 2 8 1 9 7 4 5 6 3 10 
20180728251 7 10 3 2 6 9 8 1 5 4 
20180728252 10 5 4 2 6 8 1 7 3 9 
20180728253 5 2 7 3 1 8 4 6 9 10 
20180728254 10 7 1 9 4 5 2 6 8 3 
20180728255 6 10 8 2 9 4 5 7 3 1 
20180728256 5 6 1 8 7 4 9 10 3 2 
20180728257 10 2 6 8 9 3 1 7 5 4 
20180728258 6 2 7 1 4 10 5 8 9 3 
20180728259 8 4 7 9 5 2 10 6 1 3 
20180728260 9 8 2 10 5 7 6 3 1 4 
20180728261 7 9 8 10 6 1 3 4 2 5 
20180728262 7 2 8 5 3 6 10 4 9 1 
20180728263 1 8 9 7 3 2 4 5 10 6 
20180728264 8 3 2 9 10 5 6 1 4 7 
20180728265 1 5 10 7 9 8 2 4 6 3 
20180728266 7 6 4 10 3 9 1 2 8 5 
20180728267 10 6 4 7 5 3 2 1 9 8 
20180728268 3 2 6 5 8 9 7 1 10 4 
20180728269 7 3 6 4 2 5 8 10 9 1 
20180728270 7 9 5 8 2 1 6 10 4 3 
20180728271 6 4 8 1 3 2 5 7 9 10 
20180728272 2 3 8 10 1 6 4 7 5 9 
20180728273 7 9 4 2 8 5 1 10 6 3 
20180728274 6 7 2 8 4 1 5 10 3 9 
20180728275 5 9 2 3 8 1 7 4 10 6 
20180728276 5 3 2 4 10 7 6 9 1 8 
20180728277 4 5 7 8 6 1 9 2 10 3 
20180728278 8 3 4 7 2 10 6 9 1 5 
20180728279 10 2 3 4 8 9 1 6 7 5 
20180728280 1 6 8 10 7 3 2 5 4 9 
20180728281 5 10 7 2 9 8 1 3 4 6 
20180728282 5 4 7 10 6 8 9 1 2 3 
20180728283 2 3 4 8 7 1 5 10 9 6 
20180728284 9 2 1 10 8 7 4 5 6 3 
20180728285 10 3 9 5 1 2 6 4 7 8 
20180728286 10 6 3 8 2 9 7 5 4 1 
20180728287 8 9 4 10 2 1 6 5 7 3 
20180728288 2 1 9 10 5 4 8 7 3 6 
20180728289 9 7 10 1 5 8 4 3 6 2 
20180728290 9 6 1 10 2 8 3 7 4 5 
20180728291 9 8 6 4 5 1 3 7 10 2 
20180728292 7 1 5 10 4 8 2 9 3 6 
20180728293 1 10 8 2 3 7 9 5 6 4 
20180728294 5 9 1 7 10 2 3 8 6 4 
20180728295 6 9 4 3 7 1 8 2 5 10 
20180728296 7 10 2 4 1 8 6 5 9 3 
20180728297 5 9 6 7 3 10 2 8 1 4 
20180728298 5 10 6 8 2 7 3 9 4 1 
20180728299 9 1 6 4 2 5 3 8 7 10 
20180728300 8 6 9 1 5 7 3 2 4 10 
20180728301 1 7 2 8 6 5 9 4 10 3 
20180728302 2 1 4 6 8 5 3 10 7 9 
20180728303 5 3 9 4 8 1 7 2 6 10 
20180728304 6 5 3 1 8 4 2 7 9 10 
20180728305 6 4 5 2 9 10 1 7 3 8 
20180728306 8 7 1 9 5 2 6 3 4 10 
20180728307 10 2 8 3 1 9 7 4 5 6 
20180728308 3 10 5 6 2 7 9 1 8 4 
20180728309 1 2 5 7 8 10 3 9 6 4 
20180728310 3 6 5 10 8 4 2 7 1 9 
20180728311 7 5 1 8 3 4 9 2 10 6 
20180728312 3 5 7 6 10 4 9 2 1 8 
20180728313 9 6 10 4 1 7 5 3 8 2 
20180728314 2 4 10 8 6 9 1 3 5 7 
20180728315 7 1 4 2 6 9 8 5 10 3 
20180728316 2 6 7 8 10 1 4 5 9 3 
20180728317 2 9 10 1 5 7 3 8 6 4 
20180728318 8 9 2 7 3 6 10 1 4 5 
20180728319 4 2 9 8 5 10 6 1 3 7 
20180728320 7 5 9 10 6 8 3 4 1 2 
20180728321 4 1 2 5 10 8 7 9 6 3 
20180728322 7 9 2 8 4 6 5 10 1 3 
20180728323 6 2 10 4 1 7 3 5 9 8 
20180728324 5 9 4 7 1 10 3 2 8 6 
20180728325 10 7 4 2 8 5 6 9 3 1 
20180728326 9 1 5 4 3 6 2 8 10 7 
20180728327 3 4 5 10 2 6 1 7 9 8 
20180728328 2 6 4 1 10 5 3 9 7 8 
20180728329 2 1 9 8 6 5 10 3 4 7 
20180728330 2 5 4 3 7 1 10 6 9 8 
20180728331 10 9 7 3 1 4 2 8 6 5 
20180728332 4 9 5 2 3 6 7 1 8 10 
20180728333 5 1 6 8 2 7 9 10 4 3 
20180728334 9 5 2 10 6 7 1 4 3 8 
20180728335 6 3 9 8 1 4 5 2 10 7 
20180728336 6 2 5 1 9 8 10 7 4 3 
20180728337 1 4 6 7 9 5 3 10 8 2 
20180728338 3 5 10 6 1 4 8 9 2 7 
20180728339 4 2 3 6 8 1 9 5 7 10 
20180728340 8 6 1 3 9 7 4 2 10 5 
20180728341 1 2 8 4 6 3 9 10 7 5 
20180728342 4 1 3 5 10 8 6 9 7 2 
20180728343 10 4 5 8 2 9 1 3 7 6 
20180728344 9 4 2 8 6 5 1 7 3 10 
20180728345 1 8 7 9 3 6 4 5 10 2 
20180728346 1 5 2 3 7 10 6 8 9 4 
20180728347 9 3 10 2 6 4 1 8 7 5 
20180728348 6 5 2 9 7 4 10 8 1 3 
20180728349 9 8 2 7 4 10 5 6 3 1 
20180728350 7 6 5 2 1 8 10 4 9 3 
20180728351 3 10 8 6 2 7 4 1 9 5 
20180728352 2 9 8 4 6 1 3 5 7 10 
20180728353 6 4 8 1 9 7 10 2 3 5 
20180728354 6 4 5 8 3 10 9 2 1 7 
20180728355 6 2 9 10 7 1 4 3 8 5 
20180728356 4 1 9 10 5 6 7 2 8 3 
20180728357 6 1 3 4 7 9 2 10 8 5 
20180728358 7 8 3 5 9 1 4 6 2 10 
20180728359 3 6 8 1 9 7 4 5 10 2 
20180728360 4 9 2 3 8 7 1 10 5 6 
20180728361 8 4 9 3 6 7 5 10 2 1 
20180728362 1 7 8 3 9 5 2 6 10 4 
20180728363 4 3 1 8 2 7 10 6 9 5 
20180728364 3 4 7 8 6 10 5 9 2 1 
20180728365 10 1 6 8 5 3 7 2 4 9 
20180728366 10 7 9 8 6 2 4 5 3 1 
20180728367 10 6 9 1 8 4 3 2 5 7 
20180728368 6 10 5 3 2 8 9 1 4 7 
20180728369 2 6 9 4 1 8 3 10 5 7 
20180728370 9 1 8 6 7 10 3 4 5 2 
20180728371 7 6 2 5 3 4 8 9 1 10 
20180728372 8 1 6 5 3 10 2 9 4 7 
20180728373 4 6 9 8 3 10 1 7 5 2 
20180728374 10 7 3 2 6 8 1 5 4 9 
20180728375 4 2 1 6 3 5 8 10 7 9 
20180728376 4 1 5 3 10 8 2 6 7 9 
20180728377 10 9 3 8 6 7 4 5 2 1 
20180728378 8 10 7 1 2 6 3 4 9 5 
20180728379 10 5 2 4 9 7 3 6 1 8 
20180728380 4 5 7 3 6 2 9 10 8 1 
20180728381 7 3 2 5 8 6 1 10 4 9 
20180728382 10 6 5 3 4 7 8 9 2 1 
20180728383 6 2 3 1 5 9 4 10 8 7 
20180728384 5 2 3 4 1 7 10 8 6 9 
20180728385 1 2 3 4 8 10 9 6 5 7 
20180728386 10 3 5 4 6 8 2 7 1 9 
20180728387 9 3 1 7 8 2 5 10 4 6 
20180728388 5 3 10 9 8 7 4 2 1 6 
20180728389 8 2 6 4 5 1 10 9 7 3 
20180728390 5 1 3 4 8 9 2 7 6 10 
20180728391 4 7 1 9 6 2 3 5 8 10 
20180728392 2 9 7 10 4 8 6 3 5 1 
20180728393 7 1 3 6 5 9 8 2 10 4 
20180728394 4 1 5 6 3 8 7 2 9 10 
20180728395 9 3 6 5 4 10 8 7 2 1 
20180728396 9 5 2 1 10 4 7 8 3 6 
20180728397 2 4 8 5 9 1 10 3 7 6 
20180728398 10 3 8 5 6 1 7 2 9 4 
20180728399 8 2 4 9 5 1 6 7 10 3 
20180728400 10 7 8 5 1 2 9 3 4 6 
20180728401 4 10 6 2 7 3 8 1 9 5 
20180728402 9 10 2 7 8 1 4 3 5 6 
20180728403 9 7 6 2 10 8 5 1 4 3 
20180728404 6 10 1 9 3 8 7 2 5 4 
20180728405 4 3 8 6 1 5 10 2 9 7 
20180728406 4 5 1 10 6 3 2 7 9 8 
20180728407 5 9 10 8 4 3 7 6 1 2 
20180728408 10 1 8 7 4 2 3 5 6 9 
20180728409 1 7 9 8 3 10 4 6 5 2 
20180728410 1 4 2 3 5 9 7 6 10 8 
20180728411 7 10 4 6 1 3 5 9 8 2 
20180728412 5 1 10 4 2 8 9 7 3 6 
20180728413 4 7 8 9 5 1 6 10 2 3 
20180728414 8 7 10 9 1 3 4 6 5 2 
20180728415 7 3 4 8 6 9 5 2 1 10 
20180728416 8 7 6 5 10 1 9 4 3 2 
20180728417 7 5 10 9 6 2 8 1 4 3 
20180728418 4 6 8 7 9 1 2 3 5 10 
20180728419 10 1 7 9 4 3 8 2 5 6 
20180728420 3 5 6 4 8 2 7 9 10 1 
20180728421 6 1 9 3 10 7 8 5 4 2 
20180728422 10 1 3 2 4 6 9 5 8 7 
20180728423 2 6 10 9 8 7 3 5 4 1 
20180728424 6 2 9 4 7 1 8 10 3 5 
20180728425 6 1 10 5 7 8 4 9 2 3 
20180728426 10 6 1 9 5 8 7 2 4 3 
20180728427 5 4 2 3 10 1 6 8 7 9 
20180728428 4 2 3 1 9 7 8 6 10 5 
20180728429 5 4 10 6 3 8 2 9 1 7 
20180728430 5 4 2 3 7 8 1 6 10 9 
20180728431 5 2 8 10 7 1 6 9 3 4 
20180728432 5 7 8 9 10 4 3 1 2 6 
20180728433 1 2 6 9 5 7 8 4 10 3 
20180728434 1 10 8 3 6 9 5 2 4 7 
20180728435 10 5 1 4 2 3 7 8 9 6 
20180728436 4 7 8 6 2 10 3 5 1 9 
20180728437 8 2 1 6 3 5 7 10 4 9 
20180728438 3 6 4 10 9 8 2 1 7 5 
20180728439 4 6 1 5 9 8 10 7 2 3 
20180728440 1 7 4 8 5 9 10 2 6 3 
20180728441 5 6 2 9 10 3 4 8 1 7 
20180728442 5 10 8 7 6 1 9 3 4 2 
20180728443 7 4 2 8 5 3 1 6 9 10 
20180728444 10 8 2 6 5 1 9 4 7 3 
20180728445 1 2 10 9 5 4 6 3 8 7 
20180728446 6 3 10 8 7 2 5 1 9 4 
20180728447 6 8 7 9 1 4 10 5 3 2 
20180728448 7 10 4 8 1 5 9 2 6 3 
20180728449 10 7 8 9 2 5 3 1 4 6 
20180728450 3 8 9 10 2 5 4 6 7 1 
20180728451 4 7 2 6 3 8 9 5 10 1 
20180728452 10 4 7 6 3 1 8 2 9 5 
20180728453 1 10 3 8 4 6 7 9 2 5 
20180728454 5 2 4 6 1 8 7 9 3 10 
20180728455 7 4 10 8 5 1 6 2 3 9 
20180728456 4 9 7 6 8 5 10 2 1 3 
20180728457 4 9 10 6 2 8 5 3 1 7 
20180728458 8 3 7 1 4 5 10 2 9 6 
20180728459 8 3 9 5 6 1 7 4 10 2 
20180728460 6 3 2 9 10 5 4 1 8 7 
20180728461 8 2 5 3 4 10 1 7 9 6 
20180728462 5 4 3 2 10 9 6 1 7 8 
20180728463 10 9 6 8 4 1 7 5 3 2 
20180728464 1 5 4 10 8 3 9 7 2 6 
20180728465 9 1 7 4 10 5 6 8 3 2 
20180728466 6 3 1 7 2 4 5 8 9 10 
20180728467 1 2 5 10 6 8 9 4 3 7 
20180728468 8 2 3 1 7 10 4 9 6 5 
20180728469 9 10 7 6 8 3 5 1 2 4 
20180728471 4 5 1 8 10 3 6 7 2 9 
20180728472 7 10 3 1 9 2 4 6 5 8 
20180728473 6 8 4 7 5 2 9 10 3 1 
20180728474 7 9 3 2 10 5 4 1 8 6 
20180728475 5 3 2 10 6 8 7 9 1 4 
20180728476 4 10 8 2 6 3 7 9 1 5 
20180728477 1 3 9 6 7 2 10 4 5 8 
20180728478 4 8 3 2 5 9 10 1 7 6 
20180728479 10 7 9 1 3 8 6 2 4 5 
20180728480 1 9 10 3 2 8 7 6 5 4 
20180728481 9 2 6 10 3 1 5 7 8 4 
20180728482 7 2 4 9 5 3 1 8 10 6 
20180728483 9 8 5 4 7 6 3 2 10 1 
20180728484 7 9 3 10 4 1 5 6 8 2 
20180728485 1 2 8 10 6 5 7 3 9 4 
20180728486 1 4 9 7 5 6 10 8 2 3 
20180728487 5 3 4 2 1 9 10 7 6 8 
20180728488 3 5 7 2 1 4 10 6 8 9 
20180728489 1 6 4 3 9 7 10 8 5 2 
20180728490 1 2 3 5 9 8 10 4 6 7 
20180728491 4 3 2 5 7 1 8 9 10 6 
20180728492 7 6 2 3 10 1 4 9 8 5 
20180728493 6 3 5 10 9 7 8 1 2 4 
20180728494 1 3 10 8 7 6 4 5 9 2 
20180728495 10 3 1 6 2 9 8 7 4 5 
20180728496 5 4 2 7 6 8 9 10 1 3 
20180728497 7 4 6 9 1 2 8 10 3 5 
20180728498 7 1 3 5 10 2 4 6 9 8 
20180728499 9 8 5 3 2 1 7 6 4 10 
20180728500 1 8 4 7 5 2 10 9 6 3 
20180728501 8 3 1 5 2 7 9 6 10 4 
20180728502 9 2 8 3 7 6 1 10 4 5 
20180728503 9 5 7 8 10 1 2 4 6 3 
20180728504 10 1 2 6 8 9 5 3 7 4 
20180728505 6 9 2 1 8 10 3 4 7 5 
20180728506 3 2 6 7 8 4 1 10 9 5 
20180728507 10 4 7 5 3 6 2 9 1 8 
20180728508 4 1 9 2 5 7 3 10 8 6 
20180728509 6 8 2 1 5 10 7 3 9 4 
20180728510 9 8 3 4 2 1 6 10 5 7 
20180728511 3 10 8 7 5 1 6 4 2 9 
20180728512 3 2 4 5 10 9 6 8 7 1 
20180728513 4 5 1 10 6 2 3 8 7 9 
20180728514 1 5 4 3 6 2 10 8 9 7 
20180728515 6 7 5 10 3 2 4 1 8 9 
20180728516 6 7 3 9 1 8 2 5 4 10 
20180728517 5 8 3 2 10 9 1 4 7 6 
20180728518 6 5 3 1 4 10 2 8 7 9 
20180728519 10 5 2 4 1 7 8 3 9 6 
20180728520 9 8 6 5 4 3 10 2 7 1 
20180728521 7 4 9 10 5 6 1 3 8 2 
20180728522 3 9 4 10 5 8 2 1 6 7 
20180728523 4 5 2 1 10 8 3 9 7 6 
20180728524 9 10 4 3 1 7 5 8 2 6 
20180728525 6 1 2 5 4 10 8 7 9 3 
20180728526 6 8 4 1 10 3 9 7 2 5 
20180728527 9 6 10 5 1 3 7 4 2 8 
20180728528 4 6 5 9 8 10 7 3 2 1 
20180728529 7 5 6 4 3 2 9 8 10 1 
20180728530 5 4 7 2 3 9 6 1 8 10 
20180728531 10 6 4 1 9 8 7 2 5 3 
20180728532 9 10 6 1 8 2 5 4 7 3 
20180728533 2 7 4 3 10 1 5 6 8 9 
20180728534 7 1 10 2 3 9 4 6 8 5 
20180728535 8 1 5 6 9 10 3 2 7 4 
20180728536 8 5 9 6 3 1 7 2 4 10 
20180728537 2 9 6 3 1 5 8 4 7 10 
20180728538 10 5 8 3 9 2 1 4 7 6 
20180728539 1 6 9 5 8 3 7 2 10 4 
20180728540 10 9 7 6 1 3 8 4 5 2 
20180728541 10 4 6 7 2 3 8 9 5 1 
20180728542 8 6 3 10 2 4 1 7 9 5 
20180728543 1 2 5 9 4 8 6 3 10 7 
20180728544 2 8 3 5 9 6 10 4 7 1 
20180728545 9 6 1 5 8 2 10 4 7 3 
20180728546 6 7 3 4 9 10 5 2 8 1 
20180728547 10 6 7 4 3 8 2 5 1 9 
20180728548 3 9 4 7 2 8 10 6 5 1 
20180728549 10 5 7 1 2 8 9 4 6 3 
20180728550 7 3 1 4 5 8 6 9 2 10 
20180728551 10 1 7 8 9 3 6 5 2 4 
20180728552 1 8 5 6 10 2 4 3 9 7 
20180728553 2 10 8 1 5 3 9 7 6 4 
20180728554 3 4 5 7 10 1 8 9 2 6 
20180728555 4 8 9 3 10 5 2 6 1 7 
20180728556 8 5 1 3 2 9 7 4 6 10 
20180728557 9 2 6 4 1 3 8 10 7 5 
20180728558 9 6 5 1 8 4 10 3 2 7 
20180728559 3 9 8 1 10 5 2 4 7 6 
20180728560 6 5 10 1 7 9 3 4 8 2 
20180728561 1 9 4 2 7 10 3 5 8 6 
20180728562 1 10 2 4 5 7 3 8 6 9 
20180728563 5 3 8 1 4 2 6 10 7 9 
20180728564 10 8 1 3 6 7 2 5 4 9 
20180728565 9 1 5 10 3 6 4 7 2 8 
20180728566 1 7 4 2 9 3 8 6 5 10 
20180728567 3 4 8 2 5 9 7 10 6 1 
20180728568 4 1 10 6 2 9 8 7 5 3 
20180728569 6 1 4 5 8 3 9 10 7 2 
20180728570 6 9 10 3 1 5 4 2 8 7 
20180728571 8 1 3 5 2 4 7 10 9 6 
20180728572 2 6 3 10 5 8 7 1 4 9 
20180728573 6 8 1 10 2 9 3 7 4 5 
20180728574 1 10 5 9 3 2 8 4 6 7 
20180728575 3 8 10 9 5 1 4 6 7 2 
20180728576 10 8 6 2 7 5 1 9 4 3 
20180728577 8 9 6 5 2 7 4 1 10 3 
20180728578 2 4 6 1 8 10 3 7 9 5 
20180728579 10 6 8 2 9 5 7 4 3 1 
20180728580 8 6 1 9 4 3 2 7 10 5 
20180728581 7 8 5 4 9 10 1 2 3 6 
20180728582 8 6 4 1 7 10 3 5 9 2 
20180728583 3 6 7 10 9 1 2 8 5 4 
20180728584 8 4 5 7 9 3 2 10 6 1 
20180728585 2 10 5 9 1 6 8 4 7 3 
20180728586 7 5 3 9 1 4 8 2 10 6 
20180728587 10 8 6 9 5 2 3 1 7 4 
20180728588 7 1 2 8 9 5 6 3 10 4 
20180728589 4 5 9 8 7 10 6 2 3 1 
20180728590 3 4 7 10 9 6 5 2 8 1 
20180728591 5 3 10 2 4 1 6 9 8 7 
20180728592 5 4 9 1 7 6 10 2 3 8 
20180728593 8 1 6 3 7 2 4 5 10 9 
20180728594 10 1 8 7 2 3 6 4 9 5 
20180728595 5 6 9 3 7 4 2 8 10 1 
20180728596 5 2 9 10 7 1 3 4 6 8 
20180728597 7 3 4 1 6 5 2 8 10 9 
20180728598 1 9 8 5 2 10 7 3 4 6 
20180728599 9 8 6 3 1 10 2 4 5 7 
20180728600 2 10 5 7 9 6 4 8 1 3 
20180728601 7 1 3 8 2 5 10 4 9 6 
20180728602 4 5 10 6 7 8 3 1 9 2 
20180728603 5 10 6 2 7 3 4 9 8 1 
20180728604 3 2 10 1 4 5 9 8 7 6 
20180728605 5 1 8 9 4 6 3 10 7 2 
20180728606 9 1 3 8 10 2 4 7 5 6 
20180728607 2 7 10 8 6 3 5 1 9 4 
20180728608 3 9 5 6 4 7 2 1 10 8 
20180728609 5 4 10 6 7 9 3 1 2 8 
20180728610 9 6 4 5 8 1 7 3 2 10 
20180728611 3 5 9 6 2 7 8 4 10 1 
20180728612 9 10 2 7 1 5 6 3 4 8 
20180728613 6 4 5 1 8 7 2 10 3 9 
20180728614 3 9 8 10 7 6 5 1 2 4 
20180728615 3 9 2 8 6 10 4 7 1 5 
20180728616 2 10 4 7 9 1 6 8 5 3 
20180728617 3 8 5 6 4 9 2 7 1 10 
20180728618 6 9 7 8 5 1 4 3 2 10 
20180728619 7 3 6 5 4 8 1 9 10 2 
20180728620 9 3 1 4 2 10 5 6 7 8 
20180728621 1 3 4 10 8 6 7 2 5 9 
20180728622 1 9 10 3 5 2 6 7 8 4 
20180728623 7 9 10 5 1 3 6 4 8 2 
20180728624 1 9 10 8 6 4 3 7 5 2 
20180728625 1 2 6 9 4 7 5 3 10 8 
20180728626 10 2 7 6 1 8 3 9 5 4 
20180728627 6 3 9 7 2 5 8 10 4 1 
20180728628 2 4 5 1 10 6 3 8 7 9 
20180728629 4 1 6 9 10 3 2 5 8 7 
20180728630 8 7 4 10 9 5 6 3 2 1 
20180728631 7 4 9 10 2 3 1 5 8 6 
20180728632 3 7 9 1 10 4 8 2 6 5 
20180728633 5 9 7 6 4 1 8 2 3 10 
20180728634 3 5 1 4 6 2 8 9 7 10 
20180728635 10 5 2 6 8 3 4 9 1 7 
20180728636 10 5 3 1 9 2 7 8 4 6 
20180728637 2 7 8 9 4 6 10 1 5 3 
20180728638 5 9 2 8 7 3 6 10 4 1 
20180728639 6 3 9 7 8 2 10 5 1 4 
20180728640 2 3 10 8 1 5 7 6 4 9 
20180728641 7 6 2 8 4 9 1 10 5 3 
20180728642 2 7 5 6 4 9 8 1 3 10 
20180728643 9 2 7 8 6 3 5 4 1 10 
20180728644 6 9 10 7 2 3 1 4 8 5 
20180728645 4 5 2 8 9 1 3 7 10 6 
20180728646 8 1 7 3 2 9 10 6 4 5 
20180728647 1 4 6 7 5 8 10 3 9 2 
20180728648 3 7 5 9 10 2 8 1 4 6 
20180728649 5 3 9 1 8 6 2 10 7 4 
20180728650 9 1 4 8 6 2 5 3 7 10 
20180728651 3 5 1 8 6 7 2 4 10 9 
20180728652 2 4 6 3 10 5 7 9 8 1 
20180728653 3 5 9 10 8 2 6 7 4 1 
20180728654 5 7 3 10 6 2 4 8 9 1 
20180728655 1 6 2 5 3 8 4 7 10 9 
20180728656 1 4 3 6 10 2 9 5 7 8 
20180728657 3 9 10 1 7 2 4 6 5 8 
20180728658 6 10 3 5 9 4 7 2 8 1 
20180728659 2 7 4 8 10 6 9 1 3 5 
20180728660 3 1 9 6 2 8 10 5 4 7 
20180728661 9 10 6 4 1 5 8 7 2 3 
20180728662 6 2 3 7 1 10 8 4 9 5 
20180728663 6 3 8 10 4 5 9 2 7 1 
20180728664 5 6 10 3 9 2 8 4 7 1 
20180728665 1 5 7 9 8 2 3 6 4 10 
20180728666 3 4 9 8 6 2 5 1 10 7 
20180728667 4 8 5 3 9 6 1 2 10 7 
20180728668 4 10 8 5 2 9 1 6 7 3 
20180728669 7 6 4 5 10 2 9 3 8 1 
20180728670 4 1 5 8 9 2 10 6 7 3 
20180728671 6 3 9 10 2 1 7 5 4 8 
20180728672 3 9 8 2 1 10 6 4 5 7 
20180728673 2 3 8 1 4 7 5 9 6 10 
20180728674 8 1 3 2 10 9 4 5 7 6 
20180728675 1 7 10 8 9 3 4 5 2 6 
20180728676 10 5 2 7 3 9 4 1 8 6 
20180728677 6 8 10 9 2 5 7 1 4 3 
20180728678 7 6 9 10 1 4 3 5 8 2 
20180728679 8 5 10 3 7 4 2 1 6 9 
20180728680 1 7 3 8 2 10 9 6 5 4 
20180728681 5 3 9 4 1 10 7 2 8 6 
20180728682 5 10 8 6 2 4 7 9 3 1 
20180728683 8 4 2 10 1 3 7 9 5 6 
20180728684 5 7 8 1 4 3 10 2 9 6 
20180728685 7 6 10 1 5 9 8 4 2 3 
20180728686 5 3 1 9 7 6 8 4 2 10 
20180728687 1 8 7 9 10 4 5 2 6 3 
20180728688 10 6 3 2 1 7 4 5 9 8 
20180728689 2 5 8 10 9 7 6 3 4 1 
20180728690 9 3 2 6 8 5 4 7 10 1 
20180728691 6 3 7 2 4 8 1 5 9 10 
20180728692 6 8 1 9 2 3 4 7 5 10 
20180728693 5 4 1 6 8 7 9 10 3 2 
20180728694 7 1 5 2 9 3 10 6 8 4 
20180728695 7 3 2 5 10 6 9 1 4 8 
20180728696 7 3 5 6 2 9 4 8 1 10 
20180728697 8 5 10 1 4 2 7 9 3 6 
20180728698 10 8 1 6 9 5 4 2 3 7 
20180728699 6 7 8 9 2 10 4 3 5 1 
20180728700 4 9 2 10 3 5 1 8 7 6 
20180728701 8 4 5 6 3 7 10 1 2 9 
20180728702 3 2 9 8 1 10 6 4 5 7 
20180728703 4 5 10 9 7 1 6 3 2 8 
20180728704 6 1 10 9 2 7 5 4 3 8 
20180728705 7 8 9 6 10 3 2 1 4 5 
20180728706 1 10 2 4 3 9 8 6 7 5 
20180728707 8 1 5 10 2 3 7 9 4 6 
20180728708 5 9 8 2 3 1 4 10 7 6 
20180728709 9 8 5 1 7 6 2 3 4 10 
20180728710 5 3 10 6 9 8 1 2 4 7 
20180728711 8 1 7 6 3 4 10 5 9 2 
20180728712 7 5 4 6 1 10 2 8 9 3 
20180728713 5 7 10 2 4 3 1 9 6 8 
20180728714 5 10 6 4 2 9 1 7 8 3 
20180728715 4 10 1 9 8 2 6 5 7 3 
20180728716 9 3 8 1 10 6 5 2 4 7 
20180728717 1 9 2 6 3 8 4 10 7 5 
20180728718 5 1 8 6 10 2 7 9 4 3 
20180728719 3 6 10 7 4 8 1 9 2 5 
20180728720 10 5 2 4 3 9 6 1 7 8 
20180728721 2 4 10 1 5 8 6 3 9 7 
20180728722 8 3 2 6 5 10 1 7 4 9 
20180728723 2 8 5 6 9 7 1 10 4 3 
20180728724 4 5 9 8 1 7 10 3 2 6 
20180728725 4 9 8 7 10 6 2 1 3 5 
20180728726 4 1 10 6 5 8 2 3 9 7 
20180728727 9 10 7 2 3 4 5 1 6 8 
20180728728 5 10 8 7 6 2 9 4 1 3 
20180728729 1 6 4 5 2 8 10 7 9 3 
20180728730 5 4 7 8 6 1 9 10 3 2 
20180728731 9 7 10 2 1 6 4 5 8 3 
20180728732 10 4 3 7 9 5 6 1 8 2 
20180728733 9 2 10 1 6 8 3 4 5 7 
20180728734 8 6 4 9 7 3 2 1 10 5 
20180728735 10 1 7 4 2 3 8 6 9 5 
20180728736 8 4 10 5 6 1 2 9 3 7 
20180728737 7 6 8 10 3 9 1 2 5 4 
20180728738 1 5 4 3 8 6 2 9 7 10 
20180728739 2 6 5 3 8 4 9 1 10 7 
20180728740 1 9 8 4 5 10 6 2 3 7 
20180728741 6 3 4 9 8 7 1 2 10 5 
20180728742 6 4 8 9 1 5 10 3 7 2 
20180728470 8 2 9 10 1 7 6 3 4 5 
20180728743 9 3 8 5 2 10 4 1 6 7 
20180728744 8 3 7 1 6 2 9 5 4 10 
20180728745 3 8 2 1 10 5 7 4 6 9 
20180728746 8 1 6 9 7 4 3 5 10 2 
20180728747 6 4 3 7 2 8 10 5 1 9 
20180728748 1 8 6 10 5 3 9 4 7 2 
20180728749 9 7 5 3 6 2 4 8 10 1 
20180728750 5 10 4 3 8 9 7 6 1 2 
20180728751 2 4 3 9 10 8 1 6 5 7 
20180728752 1 6 5 7 10 9 8 2 4 3 
20180728753 5 3 7 4 6 8 2 1 9 10 
20180728754 9 8 7 5 4 3 10 1 2 6 
20180728755 7 3 4 2 6 1 10 8 9 5 
20180728756 6 4 9 7 5 3 1 2 8 10 
20180728757 1 6 5 8 3 4 9 2 7 10 
20180728758 7 6 9 10 1 2 3 4 8 5 
20180728759 7 3 9 1 8 6 5 4 2 10 
20180728760 9 5 8 2 7 1 4 6 10 3 
20180728761 8 6 7 1 3 4 2 5 10 9 
20180728762 1 7 9 8 10 3 4 5 2 6 
20180728763 8 5 9 3 7 10 1 4 2 6 
20180728764 2 9 7 4 3 8 5 1 10 6 
20180728765 4 3 9 7 6 2 1 10 5 8 
20180728766 3 2 10 4 8 5 7 1 6 9 
20180728767 7 3 5 8 9 1 6 4 2 10 
20180728768 1 4 7 6 9 2 8 3 10 5 
20180728769 2 1 6 4 8 10 7 5 3 9 
20180728770 6 8 7 1 5 2 4 9 10 3 
20180728771 3 10 4 1 7 6 2 8 9 5 
20180728772 4 5 9 10 1 7 6 2 8 3 
20180728773 2 6 10 9 1 3 7 4 5 8 
20180728774 6 7 3 2 5 1 9 10 8 4 
20180728775 3 1 7 10 6 5 8 9 4 2 
20180728776 9 2 4 10 5 3 8 6 7 1 
20180728777 5 3 1 6 9 10 8 2 4 7 
20180728778 2 3 8 6 10 5 9 4 7 1 
20180728779 9 1 10 8 5 7 4 2 3 6 
20180728780 2 3 5 10 4 9 8 7 6 1 
20180728781 3 8 5 2 4 9 10 7 1 6 
20180728782 4 7 3 10 8 9 6 2 5 1 
20180728783 10 9 5 3 7 2 8 4 6 1 
20180728784 9 8 10 3 4 6 2 5 7 1 
20180728785 5 10 3 4 6 1 8 9 2 7 
20180728786 4 5 9 3 1 6 7 10 2 8 
20180728787 6 10 4 2 9 5 1 7 8 3 
20180728788 7 4 6 2 10 5 8 3 9 1 
20180728789 6 2 9 10 8 7 1 5 3 4 
20180728790 9 3 6 10 5 8 7 4 2 1 
20180728791 5 8 4 10 9 7 6 3 2 1 
20180728792 5 9 10 2 4 3 6 7 1 8 
20180728793 7 4 5 2 10 6 3 1 9 8 
20180728794 6 5 1 8 9 7 10 4 2 3 
20180728795 1 3 6 10 7 5 2 9 8 4 
20180728796 5 4 3 9 6 1 10 2 7 8 
20180728797 7 2 8 9 1 3 6 10 5 4 
20180728798 7 5 6 8 2 9 3 1 4 10 
20180728799 4 8 5 9 10 7 2 1 6 3 
20180728800 7 5 10 8 1 2 9 6 4 3 
20180728801 3 10 1 8 7 4 2 9 5 6 
20180728802 4 2 5 3 10 7 6 1 8 9 
20180728803 4 3 6 2 7 1 8 9 5 10 
20180728804 1 6 5 2 7 4 10 3 8 9 
20180728805 6 9 7 4 10 5 8 3 2 1 
20180728806 8 6 1 9 2 10 7 5 3 4 
20180728807 5 2 7 8 6 4 1 10 9 3 
20180728808 4 9 1 3 8 10 5 2 6 7 
20180728809 3 7 10 4 2 1 9 8 6 5 
20180728810 3 1 10 8 9 4 7 6 5 2 
20180728811 7 1 6 9 3 5 8 10 4 2 
20180728812 3 2 5 1 9 8 10 4 7 6 
20180728813 9 3 6 5 8 4 1 10 7 2 
20180728814 6 10 5 2 7 3 8 1 4 9 
20180728815 3 9 8 1 10 6 7 4 5 2 
20180728816 8 10 4 9 6 1 5 2 3 7 
20180728817 10 1 2 7 8 5 3 6 4 9 
20180728818 8 7 5 2 6 1 9 3 4 10 
20180728819 4 9 2 5 6 10 1 7 3 8 
20180728820 6 1 10 9 2 5 3 4 7 8 
20180728821 3 6 8 7 10 2 5 1 9 4 
20180728822 7 6 2 1 9 3 4 8 5 10 
20180728823 7 3 4 2 6 8 9 10 5 1 
20180728824 2 6 4 7 5 1 9 8 3 10 
20180728825 3 9 1 10 5 8 2 6 4 7 
20180728826 5 9 8 7 1 10 3 2 4 6 
20180728827 2 10 3 8 5 9 7 4 6 1 
20180728828 6 3 1 10 7 5 4 2 8 9 
20180728829 4 10 8 5 7 6 9 2 1 3 
20180728830 1 10 5 8 9 6 2 7 4 3 
20180728831 9 6 1 4 8 3 5 7 10 2 
20180728832 7 1 2 6 8 5 10 4 3 9 
20180728833 1 7 6 4 10 2 8 3 9 5 
20180728834 4 3 8 2 9 6 5 7 10 1 
20180728835 2 6 1 5 3 9 4 10 7 8 
20180728836 4 1 7 2 10 5 8 9 6 3 
20180728837 9 2 1 6 7 10 4 8 5 3 
20180728838 5 7 2 10 1 4 9 8 6 3 
20180728839 2 5 4 9 1 8 6 7 3 10 
20180728840 5 10 9 2 7 6 1 4 3 8 
20180728841 4 2 5 6 8 3 10 7 1 9 
20180728842 9 10 3 8 1 4 6 5 7 2 
20180728843 6 5 4 7 9 8 1 10 3 2 
20180728844 7 8 3 9 2 10 6 4 1 5 
20180728845 5 7 9 6 3 1 8 4 10 2 
20180728846 1 3 6 4 7 8 2 5 10 9 
20180728847 5 2 1 3 7 10 8 9 6 4 
20180728848 3 4 5 8 1 10 9 6 2 7 
20180728849 6 1 10 4 2 8 5 9 3 7 
20180728850 2 10 9 5 6 7 8 4 1 3 
20180728851 2 5 3 4 10 1 8 9 6 7 
20180728852 10 5 4 9 1 8 6 7 2 3 
20180728853 5 9 8 6 2 7 4 3 1 10 
20180728854 9 4 1 3 6 7 5 10 8 2 
20180728855 1 10 8 3 5 9 6 7 4 2 
20180728856 6 10 2 8 4 9 1 7 3 5 
20180728857 3 10 2 8 1 4 7 6 5 9 
20180728858 3 8 4 2 6 7 10 5 9 1 
20180728859 2 3 8 4 5 1 10 6 9 7 
20180728860 2 1 4 8 6 10 9 3 5 7 
20180728861 2 6 1 4 10 7 8 5 9 3 
20180728862 7 4 1 10 3 9 2 6 5 8 
20180728863 3 5 4 7 2 8 1 10 9 6 
20180728864 4 10 5 7 6 9 2 8 3 1 
20180728865 1 3 6 4 10 2 9 7 5 8 
20180728866 4 8 5 7 1 2 3 6 10 9 
20180728867 7 6 1 3 8 10 9 2 5 4 
20180728868 5 7 10 2 3 8 4 6 9 1 
20180728869 7 6 3 8 5 10 1 2 4 9 
20180728870 1 3 7 9 5 8 4 6 10 2 
20180728871 6 2 9 10 7 4 5 8 1 3 
20180728872 9 4 1 10 5 6 2 3 7 8 
20180728873 10 8 6 1 9 5 4 3 7 2 
20180728874 6 3 4 2 7 1 10 5 8 9 
20180728875 9 1 2 10 3 4 8 5 6 7 
20180728876 8 7 10 4 5 2 9 1 3 6 
20180728877 6 9 3 8 1 4 10 7 2 5 
20180728878 9 6 7 4 5 8 10 3 1 2 
20180728879 10 5 3 1 4 6 7 9 2 8 
20180728880 3 1 7 2 4 9 5 8 10 6 
20180728881 6 7 2 3 4 8 10 1 5 9 
20180728882 7 6 1 9 8 2 4 3 5 10 
20180728883 8 3 4 1 2 6 5 10 9 7 
20180728884 10 6 2 1 8 7 9 5 4 3 
20180728885 8 9 10 5 6 1 2 3 4 7 
20180728886 3 7 5 10 4 6 8 2 1 9 
20180728887 1 6 7 9 10 5 4 3 8 2 
20180728888 9 8 2 1 10 5 4 7 6 3 
20180728889 8 5 2 6 1 4 7 9 10 3 
20180728890 4 2 1 9 10 7 8 6 3 5 
20180728891 3 4 6 5 1 9 10 2 7 8 
20180728892 10 6 4 1 3 2 8 5 9 7 
20180728893 2 4 10 5 9 6 1 7 3 8 
20180728894 6 1 3 8 2 10 7 4 9 5 
20180728895 10 8 3 5 7 2 6 4 1 9 
20180728896 10 5 8 2 9 1 6 3 7 4 
20180728897 7 6 8 5 3 9 1 10 4 2 
20180728898 9 2 8 7 6 10 1 3 4 5 
20180728899 1 3 4 7 8 6 9 10 5 2 
20180728900 5 2 7 6 4 8 1 3 10 9 
20180728901 10 8 7 3 2 5 4 1 6 9 
20180728902 8 2 1 9 6 4 3 7 10 5 
20180728903 7 2 9 3 8 10 4 5 1 6 
20180728904 5 7 6 8 1 4 10 9 3 2 
20180728905 7 6 4 8 2 9 10 1 3 5 
20180728906 2 1 10 5 3 7 8 9 4 6 
20180728907 9 1 7 10 2 4 5 8 6 3 
20180728908 3 10 1 6 7 5 8 9 2 4 
20180728909 6 2 4 10 3 7 5 1 8 9 
20180728910 10 9 8 5 2 6 1 3 4 7 
20180728911 8 2 3 1 10 7 4 5 9 6 
20180728912 1 8 4 7 5 2 10 9 3 6 
20180728913 10 4 2 8 5 1 3 9 6 7 
20180728914 1 4 6 2 5 7 3 10 8 9 
20180728915 7 10 4 6 1 8 9 3 5 2 
20180728916 2 8 4 9 7 5 3 6 10 1 
20180728917 7 9 1 8 6 4 3 2 10 5 
20180728918 7 3 8 2 6 10 1 9 5 4 
20180728919 2 3 10 1 8 7 6 5 4 9 
20180728920 5 2 10 6 1 8 9 4 3 7 
20180728921 10 9 2 6 8 1 4 5 7 3 
20180728922 7 6 4 10 8 5 9 1 3 2 
20180728923 2 3 5 9 1 4 7 6 10 8 
20180728924 6 5 8 10 4 1 9 3 2 7 
20180728925 1 10 4 8 2 5 6 7 9 3 
20180728926 9 5 8 4 10 1 3 6 7 2 
20180728927 3 6 1 2 10 9 8 7 5 4 
20180728928 5 7 6 1 3 8 9 4 10 2 
20180728929 2 7 4 9 5 8 1 6 10 3 
20180728930 9 4 7 3 10 1 6 5 8 2 
20180728931 6 2 8 5 1 7 10 4 3 9 
20180728932 3 8 4 7 5 10 9 2 1 6 
20180728933 6 10 3 2 5 1 9 8 7 4 
20180728934 7 10 5 3 1 9 4 2 6 8 
20180728935 10 4 5 9 2 8 3 1 7 6 
20180728936 5 2 9 7 1 3 4 10 8 6 
20180728937 2 6 3 9 8 10 4 5 1 7 
20180728938 8 6 4 1 10 2 3 7 9 5 
20180728939 1 9 10 6 5 8 3 7 4 2 
20180728940 4 7 5 10 1 3 8 6 2 9 
20180728941 3 4 5 10 6 1 7 9 2 8 
20180728942 8 5 2 7 1 9 10 4 6 3 
20180728943 7 8 10 3 2 5 9 4 1 6 
20180728944 10 3 1 8 2 5 7 9 6 4 
20180728945 10 7 3 6 8 5 2 1 9 4 
20180728946 1 6 10 3 4 9 5 7 8 2 
20180728947 1 10 8 4 9 6 7 5 3 2 
20180728948 5 7 8 6 3 4 2 9 1 10 
20180728949 8 2 1 6 9 4 7 10 3 5 
20180728950 6 1 10 5 7 3 9 8 2 4 
20180728951 9 7 8 10 5 6 1 3 4 2 
20180728952 7 10 2 6 9 3 4 1 5 8 
20180728953 10 6 2 8 7 1 9 4 3 5 
20180728954 6 3 1 2 9 5 7 10 8 4 
20180728955 10 3 8 6 7 1 5 9 4 2 
20180728956 7 8 2 1 9 3 6 10 4 5 
20180728957 3 9 10 6 1 8 5 7 2 4 
20180728958 3 9 4 10 1 5 2 6 7 8 
20180728959 2 8 6 7 5 4 10 9 1 3 
20180728960 2 9 10 5 4 3 6 7 8 1 
20180728961 10 8 6 1 5 4 2 9 7 3 
20180728962 1 5 9 8 4 10 2 6 7 3 
20180728963 1 10 3 2 5 8 4 6 7 9 
20180728964 10 2 5 9 3 6 8 1 7 4 
20180728965 5 10 1 2 8 7 6 3 4 9 
20180728966 8 7 6 1 2 3 9 5 4 10 
20180728967 6 7 1 9 5 2 10 4 3 8 
20180728968 8 6 9 5 3 7 2 4 1 10 
20180728969 9 8 1 2 5 3 7 4 6 10 
20180728970 2 6 3 9 10 5 7 1 8 4 
20180728971 9 7 8 3 2 1 4 6 10 5 
20180728972 1 2 5 8 9 3 6 4 7 10 
20180728973 8 3 2 1 5 7 9 4 10 6 
20180728974 4 7 10 8 3 6 9 5 1 2 
20180728975 3 1 9 8 10 6 5 7 4 2 
20180728976 6 2 7 8 5 1 10 4 9 3 
20180728977 2 9 6 4 10 1 8 3 5 7 
20180728978 4 10 5 9 3 7 1 8 2 6 
20180728979 7 8 6 2 10 1 3 5 4 9 
20180728980 1 2 5 4 9 7 6 3 8 10 
20180728981 3 8 5 7 1 4 10 6 2 9 
20180728982 8 3 4 2 1 5 9 10 7 6 
20180728983 9 10 5 1 8 6 3 7 4 2 
20180728984 9 4 1 7 10 5 8 6 2 3 
20180728985 8 4 2 6 5 10 9 7 1 3 
