20180711001 9 8 4 7 6 3 1 5 2 10 
20180711002 7 6 9 10 1 2 5 8 4 3 
20180711003 2 7 1 4 9 8 6 5 3 10 
20180711004 7 5 8 10 2 1 6 9 3 4 
20180711005 7 1 8 4 6 10 2 9 5 3 
20180711006 4 5 2 9 8 10 1 3 6 7 
20180711007 4 1 7 9 2 6 3 5 8 10 
20180711008 8 9 6 5 1 10 4 2 7 3 
20180711009 2 7 4 3 6 1 10 9 5 8 
20180711010 9 5 3 8 10 2 4 7 6 1 
20180711011 7 9 4 5 8 2 1 10 3 6 
20180711012 5 2 4 8 7 3 9 10 6 1 
20180711013 5 6 9 7 8 3 1 2 4 10 
20180711014 8 5 3 2 9 6 7 4 1 10 
20180711015 1 4 9 6 5 10 2 8 3 7 
20180711016 1 7 10 3 5 6 9 8 4 2 
20180711017 2 9 6 5 4 1 10 3 7 8 
20180711018 3 8 10 5 6 1 4 9 2 7 
20180711019 6 9 2 4 1 5 8 7 10 3 
20180711020 3 10 1 8 9 5 6 2 7 4 
20180711021 9 8 2 5 6 1 4 10 3 7 
20180711022 4 3 1 10 5 9 7 2 8 6 
20180711023 6 5 1 9 10 8 2 7 4 3 
20180711024 7 4 10 9 5 6 2 8 1 3 
20180711025 7 4 10 3 2 5 8 1 6 9 
20180711026 8 2 10 5 4 1 3 7 9 6 
20180711027 5 2 6 7 8 9 4 3 1 10 
20180711028 7 3 4 10 9 5 1 6 8 2 
20180711029 10 7 2 8 1 4 9 6 5 3 
20180711030 4 5 10 2 1 3 6 8 9 7 
20180711031 1 9 10 6 8 7 5 4 3 2 
20180711032 8 2 1 3 6 5 7 10 4 9 
20180711033 8 3 5 7 4 9 2 1 10 6 
20180711034 9 6 4 3 7 10 8 1 5 2 
20180711035 2 8 4 9 1 5 3 10 7 6 
20180711036 9 8 5 3 1 10 2 7 4 6 
20180711037 1 7 9 4 6 10 8 3 5 2 
20180711038 9 5 8 10 4 2 7 6 1 3 
20180711039 2 9 7 3 8 1 10 4 6 5 
20180711040 4 2 6 1 5 8 10 3 7 9 
20180711041 2 1 8 7 5 10 4 3 9 6 
20180711042 3 5 4 1 8 10 7 6 9 2 
20180711043 7 9 4 6 1 8 3 5 2 10 
20180711044 10 1 8 4 6 3 5 7 9 2 
20180711045 1 8 5 4 9 2 7 6 3 10 
20180711046 2 10 3 1 9 6 4 5 8 7 
20180711047 3 2 5 10 8 6 7 9 1 4 
20180711048 8 10 7 6 4 1 2 9 3 5 
20180711049 5 7 8 10 4 3 9 2 1 6 
20180711050 10 9 8 2 5 3 1 4 7 6 
20180711051 5 3 9 2 4 1 6 10 8 7 
20180711052 2 6 7 10 3 5 8 1 4 9 
20180711053 6 10 5 4 9 8 7 3 2 1 
20180711054 5 9 6 10 3 2 4 7 1 8 
20180711055 3 6 2 7 9 8 5 10 1 4 
20180711056 5 6 7 4 9 8 3 1 2 10 
20180711057 8 5 6 4 10 1 7 9 3 2 
20180711058 5 6 8 2 3 7 4 10 9 1 
20180711059 7 1 6 5 3 9 2 10 8 4 
20180711060 9 1 10 4 8 5 3 7 2 6 
20180711061 9 1 10 8 2 5 6 7 3 4 
20180711062 9 6 5 8 7 2 4 10 1 3 
20180711063 2 7 3 9 8 10 6 5 4 1 
20180711064 7 8 4 5 10 1 3 6 9 2 
20180711065 6 1 8 5 3 10 9 2 4 7 
20180711066 4 8 5 2 1 6 3 10 7 9 
20180711067 5 2 7 6 4 3 9 1 8 10 
20180711068 1 9 5 4 2 3 10 6 8 7 
20180711069 10 4 5 8 1 9 6 7 2 3 
20180711070 8 2 6 9 1 4 10 7 3 5 
20180711071 8 1 4 2 6 7 3 10 9 5 
20180711072 10 3 1 8 4 7 6 5 2 9 
20180711073 10 1 2 9 4 7 3 6 5 8 
20180711074 5 8 3 1 9 7 10 2 4 6 
20180711075 8 4 10 1 7 3 9 6 2 5 
20180711076 1 5 7 10 3 2 4 9 8 6 
20180711077 6 7 3 5 10 1 9 8 2 4 
20180711078 7 2 10 9 3 6 5 1 4 8 
20180711079 2 10 8 1 7 4 9 5 6 3 
20180711080 4 2 7 1 5 6 9 8 3 10 
20180711081 3 6 9 4 8 5 1 2 7 10 
20180711082 4 5 1 9 10 8 6 7 3 2 
20180711083 1 10 6 3 2 5 4 7 8 9 
20180711084 9 2 10 1 4 6 3 8 7 5 
20180711085 6 1 2 9 3 10 7 4 8 5 
20180711086 8 4 10 2 7 9 1 5 6 3 
20180711087 6 4 5 3 7 8 10 2 1 9 
20180711088 9 1 8 10 5 2 4 7 6 3 
20180711089 7 8 1 3 5 2 10 9 6 4 
20180711090 1 9 6 8 5 10 3 2 4 7 
20180711091 3 10 4 7 5 1 8 2 6 9 
20180711092 8 2 10 4 9 7 5 3 1 6 
20180711093 9 8 1 2 6 5 7 3 10 4 
20180711094 3 9 7 1 4 5 2 6 8 10 
20180711095 9 4 8 3 5 6 10 7 2 1 
20180711096 1 2 10 5 4 6 3 9 7 8 
20180711097 5 3 1 10 7 9 6 2 4 8 
20180711098 8 1 6 3 4 10 5 7 9 2 
20180711099 3 1 9 8 4 6 7 10 2 5 
20180711100 8 7 2 6 9 1 5 10 4 3 
20180711101 2 5 7 3 8 1 9 6 4 10 
20180711102 10 6 1 4 3 5 2 9 7 8 
20180711103 2 10 7 4 9 6 3 5 1 8 
20180711104 10 6 8 4 9 1 2 5 3 7 
20180711105 6 2 4 10 9 5 1 7 3 8 
20180711106 1 3 10 9 5 4 8 7 2 6 
20180711107 4 8 10 5 6 7 3 9 2 1 
20180711108 4 7 1 9 8 10 5 6 2 3 
20180711109 5 7 3 8 4 9 1 10 6 2 
20180711110 3 6 9 7 2 10 1 4 5 8 
20180711111 8 10 1 4 6 3 5 2 7 9 
20180711112 10 1 8 2 9 4 3 5 6 7 
20180711113 10 2 4 1 6 8 5 7 9 3 
20180711114 5 6 7 10 8 9 3 2 1 4 
20180711115 8 4 10 5 3 7 2 6 9 1 
20180711116 6 4 5 1 7 2 3 9 10 8 
20180711117 9 8 1 5 4 3 7 6 2 10 
20180711118 10 9 7 6 8 4 3 5 1 2 
20180711119 5 4 8 2 1 7 6 9 3 10 
20180711120 6 4 9 8 1 7 3 5 2 10 
20180711121 3 10 5 2 9 8 7 4 1 6 
20180711122 1 8 2 7 3 10 5 9 6 4 
20180711123 5 10 7 3 4 9 6 8 2 1 
20180711124 6 2 8 4 3 5 7 9 1 10 
20180711125 8 4 5 10 3 2 7 1 9 6 
20180711126 5 6 4 8 1 9 10 7 3 2 
20180711127 5 4 3 10 1 9 8 2 6 7 
20180711128 4 5 6 7 2 9 10 8 3 1 
20180711129 10 1 5 6 7 2 8 4 9 3 
20180711130 2 7 9 6 1 4 8 10 3 5 
20180711131 5 3 10 9 4 2 6 8 7 1 
20180711132 2 7 3 4 10 6 5 1 9 8 
20180711133 6 3 8 5 7 9 4 10 1 2 
20180711134 3 10 7 6 5 9 1 8 2 4 
20180711135 10 7 4 2 1 5 3 8 6 9 
20180711136 3 1 2 9 4 8 5 6 10 7 
20180711137 6 7 5 4 10 8 2 9 3 1 
20180711138 2 9 3 1 6 8 10 5 4 7 
20180711139 1 9 8 7 6 3 4 2 10 5 
20180711140 1 2 9 8 6 4 7 5 10 3 
20180711141 7 9 4 5 8 3 10 2 6 1 
20180711142 7 5 1 6 2 9 8 4 10 3 
20180711143 1 4 9 3 2 10 7 5 8 6 
20180711144 9 10 1 3 2 5 8 6 4 7 
20180711145 5 4 7 2 8 6 1 3 9 10 
20180711146 1 5 2 3 9 4 7 6 10 8 
20180711147 5 6 10 8 4 3 2 9 7 1 
20180711148 5 3 10 9 6 1 2 4 8 7 
20180711149 8 7 10 6 9 4 3 2 5 1 
20180711150 4 8 9 3 10 1 6 7 5 2 
20180711151 3 6 1 2 4 8 7 10 9 5 
20180711152 3 5 2 6 1 10 9 8 4 7 
20180711153 1 2 10 6 9 8 7 5 4 3 
20180711154 8 4 6 2 9 7 1 10 5 3 
20180711155 5 7 9 8 2 4 3 1 6 10 
20180711156 1 7 10 3 5 2 4 6 8 9 
20180711157 8 10 6 5 3 9 1 4 7 2 
20180711158 7 2 1 3 9 4 6 5 10 8 
20180711159 7 10 3 1 8 4 2 6 5 9 
20180711160 4 10 1 3 2 6 5 9 8 7 
20180711161 6 10 8 9 1 2 4 7 3 5 
20180711162 10 3 1 6 2 8 7 9 4 5 
20180711163 7 6 1 4 3 10 5 2 8 9 
20180711164 8 3 7 6 10 9 1 2 5 4 
20180711165 9 2 3 8 5 7 10 4 6 1 
20180711166 3 6 1 9 4 10 2 8 5 7 
20180711167 4 5 9 2 3 6 10 1 8 7 
20180711168 5 2 9 7 10 1 4 3 8 6 
20180711169 6 7 4 9 1 3 5 2 8 10 
20180711170 6 5 3 10 4 8 9 1 7 2 
20180711171 6 10 1 2 9 7 8 4 5 3 
20180711172 6 3 7 8 9 1 4 5 10 2 
20180711173 8 9 5 7 2 6 4 3 1 10 
20180711174 7 2 3 6 9 4 5 10 1 8 
20180711175 3 5 4 6 1 8 2 9 10 7 
20180711176 7 8 6 10 1 2 9 5 3 4 
20180711177 5 3 1 4 2 8 7 9 10 6 
20180711178 10 4 2 9 7 5 3 1 6 8 
20180711179 5 4 6 9 7 1 8 10 2 3 
20180711180 2 3 5 7 9 10 4 1 8 6 
20180711181 5 1 4 2 3 6 9 10 8 7 
20180711182 10 1 9 5 3 2 7 4 6 8 
20180711183 7 1 9 4 2 5 6 3 8 10 
20180711184 9 4 7 2 8 5 10 1 6 3 
20180711185 4 9 8 1 5 2 10 3 7 6 
20180711186 4 6 7 2 1 8 10 3 5 9 
20180711187 9 7 2 8 4 5 10 6 3 1 
20180711188 10 3 1 8 2 9 4 7 5 6 
20180711189 3 1 4 6 9 10 2 8 5 7 
20180711190 5 3 7 4 1 2 9 6 10 8 
20180711191 6 2 4 1 9 3 5 10 8 7 
20180711192 10 9 1 5 4 6 2 7 8 3 
20180711193 6 5 8 2 10 9 3 4 1 7 
20180711194 7 10 2 9 1 5 6 8 3 4 
20180711195 3 5 4 10 2 8 6 1 9 7 
20180711196 6 7 3 9 8 10 5 1 2 4 
20180711197 7 2 5 4 3 9 1 6 8 10 
20180711198 3 9 2 6 10 5 7 1 8 4 
20180711199 1 3 4 6 10 7 2 9 5 8 
20180711200 4 1 2 9 10 6 8 5 7 3 
20180711201 6 3 4 2 8 10 1 9 7 5 
20180711202 3 5 2 4 1 6 9 7 10 8 
20180711203 5 2 1 7 3 8 4 10 6 9 
20180711204 3 10 7 8 5 2 1 9 4 6 
20180711205 8 3 4 9 1 7 10 6 2 5 
20180711206 6 2 1 7 4 10 9 8 3 5 
20180711207 5 2 7 1 4 6 9 8 10 3 
20180711208 7 3 6 10 8 9 1 4 5 2 
20180711209 2 10 7 1 9 4 3 8 6 5 
20180711210 10 6 2 5 1 7 9 3 8 4 
20180711211 2 1 4 10 8 5 7 3 6 9 
20180711212 5 7 9 4 8 1 6 10 2 3 
20180711213 10 4 2 1 9 6 8 5 3 7 
20180711214 1 4 2 6 7 8 9 5 10 3 
20180711215 5 10 1 7 3 2 8 6 4 9 
20180711216 7 8 4 6 1 5 2 9 3 10 
20180711217 3 8 9 6 1 5 7 2 4 10 
20180711218 5 7 1 6 10 2 8 3 9 4 
20180711219 9 8 1 6 2 3 7 4 10 5 
20180711220 9 3 8 4 2 5 6 10 1 7 
20180711221 6 2 1 8 7 5 4 9 3 10 
20180711222 2 7 10 5 1 4 9 8 6 3 
20180711223 4 10 2 6 3 8 9 7 1 5 
20180711224 9 7 10 4 3 2 5 8 6 1 
20180711225 7 9 1 8 6 2 10 4 3 5 
20180711226 10 2 3 7 5 4 1 9 8 6 
20180711227 1 3 9 2 8 10 5 7 6 4 
20180711228 1 5 6 4 9 3 7 2 10 8 
20180711229 7 4 8 9 10 3 2 1 5 6 
20180711230 9 6 3 7 10 8 5 1 2 4 
20180711231 2 4 3 8 1 9 5 10 6 7 
20180711232 9 5 8 6 2 7 4 3 10 1 
20180711233 10 1 6 3 4 7 5 2 9 8 
20180711234 9 3 1 6 4 2 7 5 10 8 
20180711235 3 7 5 6 1 9 2 8 10 4 
20180711236 6 7 8 10 9 4 1 3 5 2 
20180711237 1 4 2 9 3 7 8 6 5 10 
20180711238 8 10 5 7 4 3 1 9 6 2 
20180711239 7 3 8 1 6 10 4 5 9 2 
20180711240 3 10 4 2 9 5 8 7 1 6 
20180711241 4 7 2 6 9 3 1 5 10 8 
20180711242 4 8 1 7 6 5 9 3 2 10 
20180711243 6 2 5 7 4 9 10 1 8 3 
20180711244 4 2 10 8 7 3 6 9 1 5 
20180711245 7 5 8 4 1 10 9 3 6 2 
20180711246 3 6 7 10 8 5 4 1 2 9 
20180711247 6 5 7 4 10 2 3 9 8 1 
20180711248 8 3 2 5 9 7 10 1 4 6 
20180711249 6 1 10 2 9 3 8 4 7 5 
20180711250 4 10 7 6 2 5 3 1 9 8 
20180711251 6 7 1 9 10 5 2 3 4 8 
20180711252 4 9 2 8 7 5 6 10 1 3 
20180711253 8 10 5 1 2 6 9 3 7 4 
20180711254 1 7 4 5 3 8 2 6 10 9 
20180711255 9 7 6 3 4 2 8 10 5 1 
20180711256 6 5 3 4 10 2 8 7 1 9 
20180711257 3 10 2 6 9 7 8 5 1 4 
20180711258 3 4 8 5 9 7 2 10 6 1 
20180711259 6 10 5 9 1 7 3 2 4 8 
20180711260 10 8 5 2 3 9 4 1 7 6 
20180711261 4 2 1 7 3 10 5 8 6 9 
20180711262 6 10 8 1 2 7 9 5 4 3 
20180711263 10 2 6 4 5 1 8 9 3 7 
20180711264 3 10 2 1 8 7 9 5 4 6 
20180711265 3 2 5 8 6 1 10 9 4 7 
20180711266 10 2 1 7 6 9 5 8 4 3 
20180711267 4 7 10 6 5 3 9 1 2 8 
20180711268 5 2 1 3 10 4 9 6 8 7 
20180711269 4 3 6 2 7 1 5 8 9 10 
20180711270 10 6 4 2 7 3 9 1 5 8 
20180711271 6 1 9 5 4 3 10 8 7 2 
20180711272 4 7 1 8 2 10 9 6 5 3 
20180711273 1 10 5 8 7 2 4 3 6 9 
20180711274 1 9 7 3 4 8 5 10 2 6 
20180711275 8 5 4 1 10 9 3 6 7 2 
20180711276 5 10 4 1 3 8 6 2 7 9 
20180711277 6 8 3 9 7 2 1 4 10 5 
20180711278 8 2 6 3 7 9 5 10 4 1 
20180711279 2 3 4 8 1 9 6 5 10 7 
20180711280 7 5 8 9 2 4 6 3 1 10 
20180711281 8 4 1 7 5 6 10 3 9 2 
20180711282 5 1 2 8 7 4 10 3 9 6 
20180711283 7 6 2 9 5 4 10 8 1 3 
20180711284 8 2 3 7 5 10 4 1 6 9 
20180711285 5 10 3 8 1 6 4 2 7 9 
20180711286 1 10 8 5 7 3 2 4 6 9 
20180711287 2 10 1 3 5 6 4 8 7 9 
20180711288 2 6 5 4 7 8 1 9 3 10 
20180711289 8 7 2 6 5 1 4 3 10 9 
20180711290 5 10 3 4 8 1 7 2 9 6 
20180711291 5 6 2 3 8 4 7 10 1 9 
20180711292 3 2 9 1 8 6 4 7 5 10 
20180711293 1 5 6 10 3 7 9 2 8 4 
20180711294 7 5 6 2 4 8 1 9 3 10 
20180711295 2 4 6 8 10 9 7 3 1 5 
20180711296 10 4 9 5 7 1 3 2 8 6 
20180711297 9 7 2 8 10 6 3 4 5 1 
20180711298 5 2 6 3 7 1 10 4 9 8 
20180711299 1 6 5 4 2 10 7 9 3 8 
20180711300 1 2 10 5 4 7 8 9 3 6 
20180711301 5 7 1 4 3 2 9 8 6 10 
20180711302 3 9 1 6 4 2 8 7 10 5 
20180711303 3 5 2 9 4 10 8 6 1 7 
20180711304 9 7 3 5 4 8 6 1 2 10 
20180711305 1 3 5 10 2 8 9 4 6 7 
20180711306 2 8 7 4 1 9 3 6 5 10 
20180711307 8 1 5 7 3 9 6 4 2 10 
20180711308 2 3 1 8 6 5 10 9 4 7 
20180711309 10 3 6 4 9 2 5 1 8 7 
20180711310 1 2 8 4 9 5 3 7 6 10 
20180711311 9 6 7 3 2 8 5 10 1 4 
20180711312 6 1 10 3 4 7 2 9 8 5 
20180711313 5 4 3 1 10 9 2 6 7 8 
20180711314 3 2 1 9 5 6 8 10 7 4 
20180711315 10 2 9 7 1 5 3 6 8 4 
20180711316 9 5 2 1 10 7 6 4 8 3 
20180711317 5 6 8 1 10 7 4 2 9 3 
20180711318 10 2 4 8 3 6 5 1 7 9 
20180711319 1 8 3 9 6 4 5 10 2 7 
20180711320 3 5 9 8 10 7 4 1 2 6 
20180711321 4 10 5 7 3 9 2 1 6 8 
20180711322 4 7 3 1 6 8 2 9 10 5 
20180711323 7 2 9 5 10 4 3 6 8 1 
20180711324 9 2 8 6 5 4 1 3 10 7 
20180711325 3 10 5 8 9 6 4 2 7 1 
20180711326 8 9 10 7 6 5 4 1 2 3 
20180711327 7 1 9 6 3 10 5 4 2 8 
20180711328 3 6 1 9 5 8 10 4 2 7 
20180711329 2 8 9 3 6 4 5 10 7 1 
20180711330 1 4 5 10 3 2 6 8 7 9 
20180711331 9 3 4 8 10 7 2 5 1 6 
20180711332 7 6 4 8 3 10 9 5 1 2 
20180711333 5 8 3 2 1 9 10 4 6 7 
20180711334 4 9 2 1 3 8 10 7 5 6 
20180711335 2 3 10 6 7 5 9 8 1 4 
20180711336 7 3 4 5 1 9 10 6 2 8 
20180711337 4 7 3 2 6 10 9 8 1 5 
20180711338 7 1 9 4 2 5 6 8 3 10 
20180711339 9 2 8 7 4 6 5 1 3 10 
20180711340 8 2 10 3 4 5 1 9 6 7 
20180711341 2 3 4 10 5 8 7 1 9 6 
20180711342 5 7 1 10 8 2 4 6 3 9 
20180711343 6 8 3 9 10 4 5 7 2 1 
20180711344 8 4 2 1 5 6 10 7 9 3 
20180711345 2 5 9 4 6 3 7 8 1 10 
20180711346 8 2 10 3 5 7 9 6 4 1 
20180711347 8 6 2 4 3 7 1 9 10 5 
20180711348 5 8 9 4 10 7 3 6 1 2 
20180711349 8 2 3 5 6 9 4 10 1 7 
20180711350 10 5 8 1 4 2 3 6 9 7 
20180711351 5 9 3 8 1 2 10 6 4 7 
20180711352 4 5 1 9 3 7 2 6 8 10 
20180711353 1 9 2 10 5 4 3 7 6 8 
20180711354 3 5 7 6 4 10 2 9 1 8 
20180711355 9 1 4 7 8 10 6 2 3 5 
20180711356 7 5 2 10 3 8 9 4 1 6 
20180711357 1 4 8 7 3 2 6 5 9 10 
20180711358 8 5 2 10 4 7 9 3 6 1 
20180711359 8 4 5 6 2 9 7 1 3 10 
20180711360 1 7 6 3 10 9 2 5 8 4 
20180711361 7 5 1 10 9 4 6 8 3 2 
20180711362 5 6 1 9 7 8 3 2 10 4 
20180711363 2 8 9 10 6 3 5 4 7 1 
20180711364 10 9 6 3 8 7 1 5 4 2 
20180711365 6 1 2 5 7 3 10 9 4 8 
20180711366 7 9 8 3 2 10 1 5 6 4 
20180711367 1 3 5 8 6 2 9 7 10 4 
20180711368 5 8 9 4 6 3 7 10 1 2 
20180711369 4 5 10 9 2 6 8 3 7 1 
20180711370 2 10 1 7 6 5 3 9 8 4 
20180711371 5 1 4 6 2 10 7 3 9 8 
20180711372 8 7 1 9 6 4 2 3 10 5 
20180711373 3 9 7 6 10 8 2 4 1 5 
20180711374 4 2 9 6 8 10 5 3 1 7 
20180711375 9 3 8 2 7 1 4 5 6 10 
20180711376 3 8 5 6 2 4 1 7 9 10 
20180711377 2 6 4 5 10 8 3 7 9 1 
20180711378 4 1 6 8 9 7 10 3 2 5 
20180711379 5 4 10 2 6 7 9 1 3 8 
20180711380 4 3 9 7 6 1 2 10 5 8 
20180711381 5 1 4 2 3 7 9 6 10 8 
20180711382 2 3 7 1 4 5 6 10 9 8 
20180711383 2 7 4 5 10 6 1 3 9 8 
20180711384 9 2 5 1 7 4 3 8 6 10 
20180711385 8 5 7 3 1 6 4 9 10 2 
20180711386 9 2 8 5 4 7 10 1 3 6 
20180711387 5 8 7 10 2 3 6 9 1 4 
20180711388 8 7 3 9 4 1 2 5 10 6 
20180711389 1 6 7 9 3 2 4 10 8 5 
20180711390 4 8 10 2 1 6 9 3 7 5 
20180711391 7 10 4 2 1 9 3 6 8 5 
20180711392 7 4 3 10 1 5 6 2 8 9 
20180711393 9 10 8 3 6 2 5 1 7 4 
20180711394 9 4 1 8 6 7 2 3 5 10 
20180711395 4 1 2 5 10 6 9 3 7 8 
20180711396 1 4 9 8 6 7 2 3 10 5 
20180711397 8 9 7 2 6 4 10 1 5 3 
20180711398 6 3 4 2 9 10 7 1 5 8 
20180711399 10 5 1 2 7 9 8 3 6 4 
20180711400 3 4 5 1 10 9 2 7 8 6 
20180711401 10 2 9 7 4 1 6 5 8 3 
20180711402 2 4 10 1 6 9 3 5 7 8 
20180711403 4 2 3 9 10 5 6 7 1 8 
20180711404 7 1 3 6 4 8 2 9 5 10 
20180711405 5 2 7 4 10 9 1 3 6 8 
20180711406 5 10 8 6 4 1 3 9 2 7 
20180711407 7 8 2 4 3 10 9 5 6 1 
20180711408 3 8 4 9 1 2 7 6 5 10 
20180711409 5 9 10 8 3 6 7 4 1 2 
20180711410 3 2 1 7 6 5 8 4 9 10 
20180711411 10 1 9 8 7 6 5 3 2 4 
20180711412 7 2 4 6 10 8 9 1 5 3 
20180711413 5 10 6 4 7 2 1 9 3 8 
20180711414 10 9 5 2 3 8 4 6 7 1 
20180711415 1 7 5 9 3 10 4 2 6 8 
20180711416 5 6 3 8 1 2 9 4 7 10 
20180711417 9 7 6 3 4 8 10 1 5 2 
20180711418 9 6 4 3 2 5 1 10 7 8 
20180711419 4 8 7 1 10 2 9 6 3 5 
20180711420 5 9 4 10 3 7 1 2 8 6 
20180711421 6 5 1 9 2 3 8 10 7 4 
20180711422 2 8 6 4 1 5 3 7 9 10 
20180711423 5 8 4 6 9 10 2 3 7 1 
20180711424 2 6 10 8 7 1 5 9 3 4 
20180711425 9 5 8 10 7 3 4 2 6 1 
20180711426 7 5 6 8 1 2 4 10 3 9 
20180711427 6 1 7 8 5 4 3 9 10 2 
20180711428 6 2 7 8 4 1 3 9 5 10 
20180711429 6 2 5 4 3 10 8 9 7 1 
20180711430 5 7 10 2 1 3 9 6 8 4 
20180711431 8 9 3 10 7 6 2 1 5 4 
20180711432 1 9 10 6 4 3 2 8 7 5 
20180711433 8 9 10 1 2 3 6 5 4 7 
20180711434 7 9 3 2 1 5 8 4 6 10 
20180711435 10 2 6 8 7 9 1 4 5 3 
20180711436 5 3 7 6 1 8 4 9 10 2 
20180711437 8 9 10 6 1 7 4 3 5 2 
20180711438 5 10 8 9 2 7 6 3 1 4 
20180711439 5 8 10 3 9 7 1 6 2 4 
20180711440 5 10 6 2 1 7 4 9 3 8 
20180711441 10 5 6 2 3 8 1 9 4 7 
20180711442 9 8 3 2 7 4 10 6 1 5 
20180711443 9 6 5 4 10 8 1 2 7 3 
20180711444 3 7 9 6 10 1 4 5 8 2 
20180711445 6 7 1 10 5 2 8 3 9 4 
20180711446 10 4 6 1 5 2 3 9 7 8 
20180711447 8 5 3 10 6 7 2 9 4 1 
20180711448 9 10 7 8 3 5 6 2 4 1 
20180711449 2 4 5 6 7 9 1 3 10 8 
20180711450 8 2 1 5 3 9 4 6 7 10 
20180711451 2 8 9 3 5 7 4 1 6 10 
20180711452 10 9 6 2 8 7 3 4 5 1 
20180711453 10 9 1 7 8 4 3 5 2 6 
20180711454 6 7 4 8 1 3 9 2 10 5 
20180711455 2 3 6 5 10 4 7 9 1 8 
20180711456 4 8 7 6 2 1 9 3 10 5 
20180711457 2 9 6 7 5 10 8 4 1 3 
20180711458 8 9 7 10 5 2 4 3 6 1 
20180711459 8 9 1 4 2 10 7 6 3 5 
20180711460 3 4 1 6 2 10 8 5 7 9 
20180711461 9 2 6 8 5 10 3 1 4 7 
20180711462 9 1 3 2 10 5 6 7 8 4 
20180711463 3 10 5 7 4 1 6 9 2 8 
20180711464 7 10 1 6 2 5 9 8 4 3 
20180711465 5 10 7 1 9 2 3 6 8 4 
20180711466 1 8 2 4 3 7 6 5 9 10 
20180711467 7 5 2 1 10 4 3 6 9 8 
20180711468 3 6 5 10 4 2 8 7 1 9 
20180711469 5 1 6 8 9 10 7 3 2 4 
20180711470 3 7 5 8 2 6 1 4 10 9 
20180711471 6 10 5 3 4 1 9 8 7 2 
20180711472 9 8 1 7 5 2 6 4 10 3 
20180711473 4 6 8 7 5 9 1 10 2 3 
20180711474 10 3 4 6 8 5 1 7 2 9 
20180711475 2 9 5 7 8 3 10 4 1 6 
20180711476 1 6 4 2 9 10 5 8 3 7 
20180711477 3 8 7 4 1 2 6 10 5 9 
20180711478 2 7 8 10 6 4 5 1 9 3 
20180711479 3 7 8 9 4 5 10 2 6 1 
20180711480 6 1 10 4 7 5 3 9 2 8 
20180711481 3 10 9 2 4 1 8 7 5 6 
20180711482 8 4 2 9 7 5 6 3 1 10 
20180711483 9 8 6 2 4 10 1 7 5 3 
20180711484 9 1 2 5 8 3 4 10 7 6 
20180711485 4 7 8 9 5 3 2 6 10 1 
20180711486 1 8 2 3 5 10 6 4 7 9 
20180711487 8 4 6 7 9 2 10 3 5 1 
20180711488 2 10 8 3 5 7 9 6 4 1 
20180711489 10 7 2 3 9 8 1 4 5 6 
20180711490 10 1 4 8 7 6 2 3 5 9 
20180711491 1 9 8 10 5 2 3 6 4 7 
20180711492 2 1 7 10 3 8 5 4 9 6 
20180711493 8 5 1 4 9 10 3 2 7 6 
20180711494 3 5 9 4 7 1 10 6 2 8 
20180711495 9 10 1 2 6 5 4 8 7 3 
20180711496 1 3 4 2 9 6 5 8 10 7 
20180711497 6 5 9 2 7 10 8 4 3 1 
20180711498 7 6 10 8 4 3 9 2 1 5 
20180711499 5 3 7 1 10 4 8 6 9 2 
20180711500 9 2 5 3 6 10 1 7 4 8 
20180711501 4 8 5 6 3 2 7 1 9 10 
20180711502 6 3 2 10 9 8 4 7 1 5 
20180711503 2 9 7 10 4 1 8 6 3 5 
20180711504 9 6 10 4 1 3 2 8 5 7 
20180711505 9 4 1 2 6 10 3 8 5 7 
20180711506 2 10 4 8 3 1 6 7 5 9 
20180711507 6 8 3 1 5 7 4 2 10 9 
20180711508 4 2 10 3 5 6 1 7 8 9 
20180711509 10 5 2 1 8 3 9 7 6 4 
20180711510 8 5 7 6 9 4 3 2 10 1 
20180711511 7 4 10 9 5 6 1 2 8 3 
20180711512 10 7 6 8 2 9 1 3 5 4 
20180711513 10 2 6 5 4 3 7 1 8 9 
20180711514 5 6 8 3 10 1 4 9 2 7 
20180711515 4 9 8 7 1 2 10 6 5 3 
20180711516 3 9 1 7 6 5 4 2 10 8 
20180711517 9 7 2 6 8 5 3 1 4 10 
20180711518 9 4 5 8 6 3 10 7 1 2 
20180711519 10 5 9 3 6 2 1 8 4 7 
20180711520 7 1 4 8 10 6 3 5 9 2 
20180711521 3 2 6 8 1 9 4 7 5 10 
20180711522 5 6 8 3 7 4 10 1 2 9 
20180711523 4 5 3 2 6 9 1 8 7 10 
20180711524 10 1 2 5 7 4 6 3 8 9 
20180711525 5 4 1 7 2 10 6 3 9 8 
20180711526 7 6 4 10 1 2 5 3 8 9 
20180711527 9 7 1 5 8 10 3 6 4 2 
20180711528 5 9 2 3 7 1 6 8 4 10 
20180711529 7 5 4 10 9 1 6 8 3 2 
20180711530 4 9 6 5 3 1 2 8 10 7 
20180711531 2 10 1 3 9 5 6 8 7 4 
20180711532 10 9 5 2 7 6 8 1 4 3 
20180711533 1 10 5 2 4 7 9 3 6 8 
20180711534 9 6 7 8 1 5 4 3 2 10 
20180711535 6 7 1 5 8 10 2 9 3 4 
20180711536 1 3 2 7 4 8 5 6 10 9 
20180711537 8 2 10 3 7 1 9 4 5 6 
20180711538 9 5 7 1 3 6 10 8 2 4 
20180711539 8 5 3 7 1 10 9 4 6 2 
20180711540 3 9 10 2 4 1 5 8 7 6 
20180711541 3 8 6 5 4 1 7 10 2 9 
20180711542 5 8 1 7 6 9 4 2 3 10 
20180711543 9 3 6 8 10 1 5 4 7 2 
20180711544 9 3 2 6 8 5 1 4 10 7 
20180711545 5 4 8 10 2 6 3 1 7 9 
20180711546 1 2 7 10 4 6 3 9 5 8 
20180711547 1 10 8 6 9 3 5 7 2 4 
20180711548 3 2 4 6 1 5 8 7 9 10 
20180711549 4 9 10 5 1 6 7 8 2 3 
20180711550 7 9 4 10 1 6 8 5 2 3 
20180711551 7 2 6 9 5 1 10 3 4 8 
20180711552 3 10 4 7 6 8 9 1 5 2 
20180711553 8 5 2 4 1 3 10 6 9 7 
20180711554 8 5 4 6 2 7 1 3 10 9 
20180711555 7 8 2 10 9 5 3 6 4 1 
20180711556 5 1 10 6 3 9 7 8 2 4 
20180711557 4 9 10 2 5 3 1 7 8 6 
20180711558 4 1 7 9 3 5 8 6 10 2 
20180711559 5 4 1 2 10 6 8 3 7 9 
20180711560 3 4 8 9 2 10 6 1 7 5 
20180711561 4 10 5 1 9 3 7 6 2 8 
20180711562 9 6 1 7 10 8 3 4 2 5 
20180711563 9 1 7 5 3 2 10 4 6 8 
20180711564 4 7 6 2 3 10 5 9 8 1 
20180711565 8 3 2 1 10 4 7 5 9 6 
20180711566 9 3 6 5 4 10 8 1 2 7 
20180711567 6 3 7 4 1 5 10 2 9 8 
20180711568 9 7 2 1 10 6 8 4 5 3 
20180711569 10 5 9 8 4 1 2 3 7 6 
20180711570 3 8 5 1 7 2 6 4 9 10 
20180711571 9 6 8 5 4 7 10 1 2 3 
20180711572 3 5 8 4 2 7 9 1 6 10 
20180711573 6 9 4 1 7 8 2 5 3 10 
20180711574 1 4 6 3 8 9 5 2 7 10 
20180711575 7 4 9 2 5 3 8 6 10 1 
20180711576 6 1 5 2 4 8 10 7 9 3 
20180711577 6 7 1 8 2 10 4 3 5 9 
20180711578 2 7 3 5 9 10 4 8 1 6 
20180711579 8 4 1 7 3 5 10 2 6 9 
20180711580 4 2 3 9 7 5 10 1 6 8 
20180711581 5 9 7 3 4 1 10 6 8 2 
20180711582 7 5 2 6 3 8 9 1 4 10 
20180711583 10 7 2 3 5 9 8 6 4 1 
20180711584 5 2 3 4 7 6 9 10 1 8 
20180711585 3 9 10 5 2 1 7 8 6 4 
20180711586 8 1 5 6 4 7 2 10 3 9 
20180711587 6 5 2 4 9 1 3 10 7 8 
20180711588 1 10 8 5 9 4 6 2 3 7 
20180711589 9 2 4 1 8 7 6 3 5 10 
20180711590 5 6 7 1 2 10 9 4 8 3 
20180711591 7 1 4 3 2 9 6 10 8 5 
20180711592 8 7 6 3 9 2 5 10 1 4 
20180711593 4 5 9 6 2 7 3 1 8 10 
20180711594 10 3 7 5 9 6 1 2 4 8 
20180711595 6 8 2 7 1 9 5 3 4 10 
20180711596 10 6 9 8 1 5 2 3 7 4 
20180711597 4 7 8 6 2 9 10 5 1 3 
20180711598 8 7 6 10 5 2 1 3 9 4 
20180711599 1 9 4 6 3 8 2 7 5 10 
20180711600 5 8 7 3 2 1 4 10 6 9 
20180711601 6 1 8 9 4 10 2 3 7 5 
20180711602 10 1 7 4 6 9 3 2 5 8 
20180711603 8 7 10 5 2 6 4 1 3 9 
20180711604 10 1 8 7 9 4 2 3 6 5 
20180711605 9 3 10 8 6 5 7 2 4 1 
20180711606 5 8 4 2 6 10 3 9 7 1 
20180711607 4 2 1 9 3 7 6 5 10 8 
20180711608 5 9 10 8 2 1 4 7 3 6 
20180711609 8 4 10 5 9 2 7 6 1 3 
20180711610 10 6 9 4 8 2 7 5 3 1 
20180711611 5 3 9 10 1 8 6 2 7 4 
20180711612 3 7 8 5 2 6 9 4 1 10 
20180711613 8 5 10 9 7 3 4 2 1 6 
20180711614 4 5 2 3 8 10 6 9 7 1 
20180711615 2 10 6 9 8 3 5 4 1 7 
20180711616 2 3 6 4 10 8 7 5 9 1 
20180711617 6 5 9 8 4 2 3 1 7 10 
20180711618 5 1 4 2 7 10 8 9 6 3 
20180711619 2 7 8 5 1 9 6 3 4 10 
20180711620 10 8 5 1 6 7 3 2 4 9 
20180711621 10 3 1 5 6 9 4 7 2 8 
20180711622 4 1 6 3 2 10 5 7 9 8 
20180711623 10 8 6 4 1 3 7 2 9 5 
20180711624 2 10 7 5 9 6 1 3 8 4 
20180711625 4 6 2 1 10 7 3 8 9 5 
20180711626 5 6 10 8 9 3 4 1 7 2 
20180711627 9 1 4 10 2 7 8 3 6 5 
20180711628 3 4 7 8 9 1 10 6 5 2 
20180711629 10 3 6 9 5 7 2 4 1 8 
20180711630 9 3 1 6 2 10 4 5 7 8 
20180711631 4 6 8 2 9 7 5 10 3 1 
20180711632 4 8 5 9 7 1 10 2 3 6 
20180711633 2 9 8 1 10 5 4 7 3 6 
20180711634 1 7 4 2 10 9 6 5 8 3 
20180711635 2 6 10 3 8 5 7 1 9 4 
20180711636 2 5 9 3 6 10 8 7 1 4 
20180711637 4 1 10 7 2 9 3 5 8 6 
20180711638 1 10 6 4 8 9 3 7 2 5 
20180711639 6 1 7 5 3 4 8 10 2 9 
20180711640 4 2 3 7 10 5 1 6 8 9 
20180711641 8 6 4 3 9 1 7 2 10 5 
20180711642 6 2 8 4 1 7 3 5 9 10 
20180711643 6 8 5 10 9 7 4 1 2 3 
20180711644 7 8 1 9 10 4 5 6 2 3 
20180711645 7 8 6 4 3 10 1 5 9 2 
20180711646 4 6 2 10 1 9 8 3 5 7 
20180711647 6 1 7 3 4 9 5 8 2 10 
20180711648 10 7 2 9 1 3 5 8 4 6 
20180711649 1 7 8 5 6 4 3 10 9 2 
20180711650 6 4 1 7 5 3 10 9 8 2 
20180711651 5 3 6 1 7 10 4 8 2 9 
20180711652 2 7 3 9 1 5 6 10 8 4 
20180711653 2 6 9 7 10 4 8 3 1 5 
20180711654 8 7 5 10 9 6 1 4 2 3 
20180711655 6 4 1 9 5 10 7 8 3 2 
20180711656 6 9 4 5 3 2 1 10 8 7 
20180711657 1 8 9 5 4 2 3 6 10 7 
20180711658 10 3 7 8 9 4 6 2 5 1 
20180711659 10 6 3 1 7 9 4 2 5 8 
20180711660 3 5 4 9 6 1 7 2 10 8 
20180711661 4 10 1 5 8 2 9 7 3 6 
20180711662 3 1 7 8 10 4 5 6 2 9 
20180711663 7 2 8 4 6 9 3 1 10 5 
20180711664 9 3 2 1 7 6 8 5 10 4 
20180711665 6 5 7 8 3 9 1 4 2 10 
20180711666 4 1 9 7 10 8 2 3 5 6 
20180711667 3 7 2 10 8 5 9 4 1 6 
20180711668 7 9 6 8 2 3 10 4 1 5 
20180711669 2 9 10 1 8 4 5 7 6 3 
20180711670 8 9 2 10 6 4 7 1 5 3 
20180711671 6 2 9 5 1 10 4 7 3 8 
20180711672 1 10 6 5 9 7 2 8 4 3 
20180711673 1 4 9 2 5 10 8 6 3 7 
20180711674 10 9 3 7 5 6 8 4 2 1 
20180711675 10 6 9 1 7 5 8 3 4 2 
20180711676 1 5 10 4 3 2 7 6 8 9 
20180711677 9 4 2 7 1 8 3 5 6 10 
20180711678 10 5 2 6 7 3 8 9 4 1 
20180711679 6 9 2 1 3 7 5 4 10 8 
20180711680 1 2 4 7 5 9 6 10 3 8 
20180711681 6 1 3 9 4 2 7 5 8 10 
20180711682 4 8 9 1 10 7 2 3 6 5 
20180711683 9 1 3 6 2 10 7 8 5 4 
20180711684 2 4 9 7 5 6 1 10 8 3 
20180711685 5 9 10 1 7 6 2 8 3 4 
20180711686 8 7 4 9 5 10 6 2 1 3 
20180711687 4 3 5 2 7 9 10 1 6 8 
20180711688 4 5 6 3 8 7 2 1 9 10 
20180711689 3 10 5 2 4 7 9 8 1 6 
20180711690 5 7 9 6 2 4 3 1 10 8 
20180711691 8 2 1 6 5 4 9 10 3 7 
20180711692 1 9 6 5 4 2 7 10 8 3 
20180711693 6 4 8 10 2 7 9 5 1 3 
20180711694 10 2 4 1 5 3 9 8 6 7 
20180711695 7 2 6 10 3 9 1 8 4 5 
20180711696 9 2 8 1 4 7 3 10 5 6 
20180711697 3 6 8 1 4 9 7 10 5 2 
20180711698 8 2 10 4 3 5 1 9 7 6 
20180711699 6 4 3 8 5 10 7 9 1 2 
20180711700 5 10 9 1 3 4 2 8 6 7 
20180711701 1 5 3 8 4 6 2 7 9 10 
20180711702 6 4 9 10 1 5 3 2 7 8 
20180711703 6 3 8 1 2 10 7 9 5 4 
20180711704 6 4 10 3 5 7 1 8 9 2 
20180711705 7 9 1 10 6 8 2 4 3 5 
20180711706 10 5 3 2 1 7 4 6 9 8 
20180711707 6 8 4 2 5 3 7 1 10 9 
20180711708 8 7 6 3 2 9 10 5 4 1 
20180711709 8 9 5 7 6 3 10 1 4 2 
20180711710 10 2 9 8 4 1 6 7 3 5 
20180711711 6 1 7 4 10 8 5 9 2 3 
20180711712 3 10 4 6 7 9 2 8 5 1 
20180711713 4 6 8 5 2 1 3 7 10 9 
20180711714 5 6 4 1 2 10 8 3 7 9 
20180711715 3 5 9 7 4 6 10 1 2 8 
20180711716 5 8 10 1 6 4 3 9 2 7 
20180711717 7 6 1 9 5 8 2 3 10 4 
20180711718 5 3 7 9 1 4 6 8 2 10 
20180711719 7 5 6 9 10 4 2 8 3 1 
20180711720 6 3 4 8 7 1 5 2 9 10 
20180711721 6 10 3 7 5 1 8 9 2 4 
20180711722 7 6 1 2 8 4 3 9 10 5 
20180711723 9 10 7 8 1 3 4 5 6 2 
20180711724 6 9 10 7 4 5 8 2 1 3 
20180711725 8 5 1 7 6 9 10 2 3 4 
20180711726 1 4 7 8 10 5 6 9 3 2 
20180711727 10 3 7 4 8 9 6 2 1 5 
20180711728 4 7 3 9 8 5 1 6 2 10 
20180711729 7 4 9 3 5 6 1 2 8 10 
20180711730 9 8 6 2 5 10 7 4 3 1 
20180711731 2 5 4 3 10 7 8 1 6 9 
20180711732 8 9 4 6 3 10 2 5 7 1 
20180711733 7 8 10 9 1 6 5 3 2 4 
20180711734 6 7 1 10 3 5 9 4 8 2 
20180711735 1 2 10 4 5 3 6 9 7 8 
20180711736 1 5 2 4 10 8 6 9 7 3 
20180711737 2 1 5 9 4 7 10 3 8 6 
20180711738 10 2 9 8 7 5 1 3 4 6 
20180711739 8 1 10 7 3 5 6 4 9 2 
20180711740 1 6 4 3 5 9 10 8 2 7 
20180711741 10 3 9 2 4 8 7 1 5 6 
20180711742 8 1 9 3 5 10 2 7 4 6 
20180711743 9 4 10 3 2 7 6 5 8 1 
20180711744 10 5 8 2 9 7 3 4 6 1 
20180711745 3 5 7 10 9 6 4 1 2 8 
20180711746 3 2 4 7 8 1 6 10 9 5 
20180711747 7 8 9 6 1 2 5 10 4 3 
20180711748 10 1 5 6 4 8 3 7 2 9 
20180711749 1 5 4 3 6 9 10 2 7 8 
20180711750 6 1 5 10 7 3 9 8 4 2 
20180711751 10 7 1 8 6 2 4 3 5 9 
20180711752 1 9 8 5 2 10 3 6 7 4 
20180711753 7 4 10 5 6 2 3 1 8 9 
20180711754 3 4 9 10 1 6 7 2 8 5 
20180711755 2 7 10 8 1 3 6 5 4 9 
20180711756 7 5 9 2 4 3 10 1 6 8 
20180711757 1 2 6 9 5 10 4 8 7 3 
20180711758 3 7 1 8 5 6 9 4 10 2 
20180711759 1 3 2 7 8 4 9 6 5 10 
20180711760 4 6 8 1 7 9 2 10 5 3 
20180711761 2 7 6 4 1 9 8 3 10 5 
20180711762 2 10 3 4 7 1 6 9 5 8 
20180711763 10 3 2 4 7 6 8 9 1 5 
20180711764 10 2 3 4 6 1 7 8 9 5 
20180711765 6 10 2 3 9 4 8 7 5 1 
20180711766 1 2 10 9 3 8 4 5 7 6 
20180711767 9 10 4 3 2 1 6 7 5 8 
20180711768 4 1 10 8 3 2 5 9 6 7 
20180711769 9 4 10 7 8 6 2 3 5 1 
20180711770 10 9 7 4 8 2 1 3 5 6 
20180711771 1 9 6 2 4 8 10 5 3 7 
20180711772 4 5 3 2 10 7 6 1 9 8 
20180711773 6 10 2 5 3 7 1 8 9 4 
20180711774 6 1 2 5 7 8 10 9 4 3 
20180711775 2 10 7 6 4 9 5 8 3 1 
20180711776 6 3 4 7 2 8 9 10 5 1 
20180711777 3 6 1 10 5 4 8 2 7 9 
20180711778 2 1 9 5 10 3 7 8 6 4 
20180711779 2 10 4 8 7 3 1 6 5 9 
20180711780 4 2 3 10 9 5 6 1 7 8 
20180711781 3 8 9 7 4 10 2 5 1 6 
20180711782 7 2 4 3 1 9 10 6 5 8 
20180711783 9 7 6 1 8 3 10 5 2 4 
20180711784 10 9 6 4 1 2 5 7 8 3 
20180711785 7 3 2 1 4 10 6 9 8 5 
20180711786 5 1 3 7 6 2 9 4 10 8 
20180711787 10 5 2 6 4 9 3 7 8 1 
20180711788 10 1 2 3 4 7 6 5 9 8 
20180711789 9 4 3 5 10 8 2 1 7 6 
20180711790 3 9 10 4 8 6 5 7 2 1 
20180711791 6 9 3 10 7 1 2 4 8 5 
20180711792 3 2 10 6 7 9 5 8 4 1 
20180711793 7 6 9 1 8 3 4 10 2 5 
20180711794 5 10 9 1 3 8 4 6 2 7 
20180711795 5 9 2 4 10 3 8 7 6 1 
20180711796 3 9 1 7 5 4 2 10 6 8 
20180711797 7 1 5 9 2 3 6 8 4 10 
20180711798 9 6 1 8 7 5 4 3 2 10 
20180711799 5 4 1 10 8 2 3 7 6 9 
20180711800 9 6 7 4 8 10 3 1 5 2 
20180711801 9 3 5 1 6 7 4 8 10 2 
20180711802 3 1 5 8 9 4 2 7 10 6 
20180711803 6 5 10 1 2 3 8 4 9 7 
20180711804 1 8 9 4 7 3 5 10 6 2 
20180711805 7 9 6 3 4 1 2 5 10 8 
20180711806 4 8 10 7 3 5 1 2 6 9 
20180711807 4 7 6 3 1 8 10 5 2 9 
20180711808 4 8 7 6 1 10 9 2 3 5 
20180711809 5 4 9 1 7 6 8 10 3 2 
20180711810 5 2 10 9 1 6 4 7 3 8 
20180711811 9 3 4 5 7 6 2 8 1 10 
20180711812 7 6 10 2 4 1 3 8 9 5 
20180711813 3 6 2 8 1 4 9 10 5 7 
20180711814 5 4 2 6 8 1 3 10 7 9 
20180711815 7 2 1 10 5 8 6 4 9 3 
20180711816 3 2 10 7 9 1 8 4 5 6 
20180711817 3 8 4 7 10 6 1 9 5 2 
20180711818 3 2 7 10 4 6 8 1 9 5 
20180711819 5 1 4 9 10 8 2 7 6 3 
20180711820 1 2 9 7 6 8 4 3 5 10 
20180711821 8 9 6 10 1 5 3 2 7 4 
20180711822 1 7 9 2 3 5 10 4 6 8 
20180711823 2 8 10 9 4 1 7 3 5 6 
20180711824 10 3 6 2 1 8 4 7 9 5 
20180711825 7 2 9 3 1 4 6 10 5 8 
20180711826 9 8 1 4 2 10 5 7 6 3 
20180711827 8 5 7 10 4 2 9 3 6 1 
20180711828 2 7 4 8 9 3 5 1 10 6 
20180711829 5 1 3 9 7 2 8 4 10 6 
20180711830 6 2 9 4 8 7 3 5 10 1 
20180711831 5 3 2 8 4 6 7 1 10 9 
20180711832 8 6 9 4 2 1 7 3 10 5 
20180711833 2 10 3 8 5 4 7 9 1 6 
20180711834 4 1 5 10 2 7 8 6 3 9 
20180711835 10 8 2 3 1 7 6 5 9 4 
20180711836 3 6 5 7 9 10 8 4 1 2 
20180711837 9 7 3 10 2 8 1 5 6 4 
20180711838 1 5 2 7 10 3 6 4 8 9 
20180711839 1 5 8 3 7 4 9 10 2 6 
20180711840 4 2 7 3 10 9 1 5 8 6 
20180711841 4 5 1 9 7 2 8 3 6 10 
20180711842 6 7 3 4 9 2 5 8 10 1 
20180711843 7 4 3 9 6 10 2 5 8 1 
20180711844 6 1 7 3 2 5 4 8 9 10 
20180711845 9 7 3 5 8 10 1 4 2 6 
20180711846 2 1 3 10 5 6 7 8 9 4 
20180711847 7 5 6 8 4 10 2 3 9 1 
20180711848 1 10 9 5 6 2 8 3 4 7 
20180711849 8 10 1 7 4 3 5 2 6 9 
20180711850 5 6 2 4 8 3 9 7 1 10 
20180711851 7 8 4 1 5 6 9 2 10 3 
20180711852 4 9 5 7 1 8 6 10 3 2 
20180711853 1 7 9 6 3 8 5 10 4 2 
20180711854 2 8 5 4 3 1 9 7 10 6 
20180711855 9 6 3 10 4 8 5 2 1 7 
20180711856 1 9 10 6 5 8 2 7 3 4 
20180711857 1 3 10 4 5 6 8 9 7 2 
20180711858 5 10 9 2 7 4 8 6 1 3 
20180711859 3 10 9 6 5 1 2 7 8 4 
20180711860 2 6 4 7 5 9 10 3 1 8 
20180711861 1 7 2 6 10 3 8 9 5 4 
20180711862 1 9 6 3 7 2 5 10 4 8 
20180711863 2 1 5 7 4 6 3 9 10 8 
20180711864 4 10 2 9 1 7 5 3 6 8 
20180711865 6 7 3 5 2 8 1 10 4 9 
20180711866 3 9 5 1 6 2 7 10 4 8 
20180711867 5 3 7 2 10 1 6 8 9 4 
20180711868 10 8 5 2 6 9 7 1 3 4 
20180711869 2 1 4 3 5 9 6 8 10 7 
20180711870 1 7 9 10 5 6 8 4 2 3 
20180711871 7 8 9 4 10 5 6 1 3 2 
20180711872 3 8 4 7 1 6 10 9 2 5 
20180711873 2 10 3 8 7 5 6 4 9 1 
20180711874 8 2 9 3 4 10 7 1 5 6 
20180711875 7 9 10 2 5 1 6 4 3 8 
20180711876 1 2 4 10 8 5 9 7 3 6 
20180711877 7 5 8 2 3 10 9 4 6 1 
20180711878 3 9 6 7 1 8 2 10 4 5 
20180711879 7 4 5 3 9 6 2 1 8 10 
20180711880 3 7 6 2 1 8 10 5 9 4 
20180711881 3 1 7 2 4 6 9 10 5 8 
20180711882 8 10 3 7 5 6 9 4 2 1 
20180711883 5 1 3 2 9 8 4 7 10 6 
20180711884 5 10 2 6 4 3 1 8 9 7 
20180711885 6 5 4 7 3 9 2 1 10 8 
20180711886 9 4 7 5 2 6 3 8 10 1 
20180711887 4 10 9 7 5 2 1 8 6 3 
20180711888 5 3 6 4 8 2 1 9 7 10 
20180711889 3 7 5 4 9 2 8 10 6 1 
20180711890 3 9 1 6 4 2 7 5 10 8 
20180711891 6 5 1 10 8 2 3 9 7 4 
20180711892 10 8 5 3 2 6 9 1 7 4 
20180711893 9 7 10 6 8 1 3 4 5 2 
20180711894 8 3 4 10 6 5 7 9 1 2 
20180711895 5 8 1 9 10 3 2 6 4 7 
20180711896 8 5 1 10 4 6 7 3 9 2 
20180711897 9 5 2 6 10 3 4 7 1 8 
20180711898 6 1 8 9 4 3 5 7 2 10 
20180711899 9 1 2 5 4 6 8 3 7 10 
20180711900 1 6 9 2 7 5 8 4 3 10 
20180711901 7 9 2 8 3 4 10 6 1 5 
20180711902 6 1 4 2 10 9 5 3 8 7 
20180711903 9 4 7 5 3 10 6 2 1 8 
20180711904 9 4 7 10 2 1 3 8 6 5 
20180711905 4 1 9 6 10 2 7 3 8 5 
20180711906 9 3 5 8 7 10 6 4 2 1 
20180711907 9 4 10 8 3 5 1 2 6 7 
20180711908 9 5 2 6 7 8 1 10 4 3 
20180711909 8 5 3 9 10 2 7 1 6 4 
20180711910 5 3 7 4 10 2 8 6 1 9 
20180711911 2 5 7 4 1 3 8 9 6 10 
20180711912 10 4 5 8 7 3 1 2 6 9 
20180711913 7 5 6 10 3 1 4 8 9 2 
20180711914 7 2 3 10 5 1 9 6 4 8 
20180711915 9 1 5 6 4 7 3 10 2 8 
20180711916 1 10 7 2 3 8 5 6 9 4 
20180711917 2 3 9 4 8 10 5 1 7 6 
20180711918 5 2 6 10 7 8 1 4 9 3 
20180711919 4 1 2 9 6 5 3 7 10 8 
20180711920 6 10 4 3 2 9 5 7 8 1 
20180711921 10 2 9 1 6 4 3 7 5 8 
20180711922 4 7 10 5 6 3 8 1 9 2 
20180711923 3 10 7 1 5 6 4 2 8 9 
20180711924 6 2 3 10 4 9 7 1 5 8 
20180711925 8 3 7 5 1 10 9 4 2 6 
20180711926 4 10 7 2 3 1 9 5 8 6 
20180711927 2 10 8 6 9 4 5 3 7 1 
20180711928 10 3 8 6 5 1 9 7 2 4 
20180711929 10 3 1 4 5 2 6 8 7 9 
20180711930 4 2 7 8 9 6 10 1 5 3 
20180711931 3 2 4 8 10 1 5 7 9 6 
20180711932 7 1 3 9 8 5 10 2 6 4 
20180711933 5 3 2 4 7 9 1 10 6 8 
20180711934 6 9 4 8 3 1 2 5 10 7 
20180711935 5 10 8 9 3 4 2 6 1 7 
20180711936 4 10 2 5 8 1 6 9 3 7 
20180711937 10 6 7 8 5 1 4 2 9 3 
20180711938 3 7 5 2 10 9 1 4 6 8 
20180711939 3 9 1 6 10 2 8 5 7 4 
20180711940 5 4 3 2 6 1 9 10 8 7 
20180711941 2 9 6 3 8 5 10 4 7 1 
20180711942 8 5 4 7 2 6 9 3 1 10 
20180711943 10 4 2 6 9 5 8 1 7 3 
20180711944 8 2 3 6 4 7 9 10 1 5 
20180711945 1 4 6 9 3 7 5 10 8 2 
20180711946 10 7 6 3 4 5 8 9 2 1 
20180711947 7 8 2 9 1 5 6 3 4 10 
20180711948 6 10 9 5 4 3 1 8 7 2 
20180711949 8 4 5 2 1 6 10 7 3 9 
20180711950 2 4 9 6 8 1 3 5 7 10 
20180711951 6 9 4 2 10 7 8 1 5 3 
20180711952 1 10 5 2 9 8 6 3 4 7 
20180711953 3 8 7 6 10 9 5 2 1 4 
20180711954 3 1 5 10 2 4 8 6 7 9 
20180711955 6 5 8 9 7 2 3 1 4 10 
20180711956 10 6 5 8 7 4 2 1 9 3 
20180711957 8 7 9 6 1 4 3 2 10 5 
20180711958 5 8 4 10 6 3 7 2 1 9 
20180711959 1 8 7 6 10 2 9 5 3 4 
20180711960 5 3 4 1 6 7 10 9 2 8 
20180711961 2 4 10 8 1 3 7 9 6 5 
20180711962 8 10 6 4 5 9 1 3 7 2 
20180711963 6 10 5 7 4 3 8 1 9 2 
20180711964 2 10 3 5 8 4 9 7 6 1 
20180711965 2 7 10 9 8 5 4 3 6 1 
20180711966 3 6 4 1 5 7 10 9 2 8 
20180711967 2 3 8 7 9 6 1 4 10 5 
20180711968 8 10 7 2 3 1 5 9 4 6 
20180711969 10 2 8 7 5 4 3 1 6 9 
20180711970 4 10 5 8 2 6 9 1 3 7 
20180711971 2 6 3 9 4 1 8 5 10 7 
20180711972 4 6 10 3 8 2 1 7 9 5 
20180711973 6 1 8 7 3 4 5 10 2 9 
20180711974 2 6 10 1 9 4 7 8 5 3 
20180711975 2 5 7 6 10 1 4 9 8 3 
20180711976 5 10 6 2 3 7 9 8 1 4 
20180711977 10 7 2 5 4 6 1 9 8 3 
20180711978 9 4 1 7 3 5 10 6 8 2 
20180711979 3 6 2 5 8 1 9 4 10 7 
20180711980 8 5 4 6 9 7 1 10 3 2 
20180711981 5 4 3 6 9 8 7 1 2 10 
20180711982 8 1 3 10 2 6 4 9 5 7 
20180711983 7 2 6 3 8 10 5 1 4 9 
20180711984 10 4 8 5 7 9 6 3 2 1 
20180711985 1 10 6 7 5 2 3 4 8 9 
