20180726001 4 10 8 6 1 3 2 9 5 7 
20180726002 6 2 7 5 8 10 4 9 1 3 
20180726003 6 10 2 8 9 5 4 7 3 1 
20180726004 7 3 5 10 1 8 6 4 9 2 
20180726005 6 2 4 10 9 7 1 8 3 5 
20180726006 7 2 4 5 10 3 9 1 6 8 
20180726007 10 1 4 6 3 2 5 7 9 8 
20180726008 10 3 2 9 6 4 8 1 7 5 
20180726009 4 8 5 6 3 10 9 2 1 7 
20180726010 6 7 10 1 4 9 5 2 3 8 
20180726011 5 2 3 7 10 6 4 9 8 1 
20180726012 4 3 10 2 8 7 1 9 5 6 
20180726013 2 1 10 6 3 4 8 5 7 9 
20180726014 4 1 9 6 2 10 8 5 3 7 
20180726015 10 9 3 7 2 1 5 6 8 4 
20180726016 1 6 8 2 4 5 7 3 9 10 
20180726017 2 4 8 5 10 3 7 6 9 1 
20180726018 7 4 10 6 1 3 9 2 8 5 
20180726019 2 3 6 5 4 1 8 7 9 10 
20180726020 9 3 5 6 8 1 4 2 10 7 
20180726021 9 2 6 5 10 8 1 4 3 7 
20180726022 9 5 3 10 8 1 6 4 7 2 
20180726023 9 7 5 3 10 8 6 1 2 4 
20180726024 8 4 5 3 1 6 10 7 9 2 
20180726025 6 7 3 10 2 1 4 8 5 9 
20180726026 3 5 4 7 8 2 9 1 6 10 
20180726027 3 4 2 8 10 5 1 9 7 6 
20180726028 2 4 1 3 7 10 5 9 8 6 
20180726029 5 1 7 2 4 10 8 6 9 3 
20180726030 6 3 4 9 8 10 2 1 5 7 
20180726031 4 6 9 7 10 2 1 3 8 5 
20180726032 2 1 10 6 5 7 8 4 9 3 
20180726033 3 2 8 7 6 5 9 1 10 4 
20180726034 9 10 5 2 6 7 1 8 3 4 
20180726035 1 8 7 9 10 4 6 2 5 3 
20180726036 2 4 1 7 9 10 6 5 3 8 
20180726037 6 2 1 9 10 4 5 3 7 8 
20180726038 8 1 10 6 2 5 3 4 9 7 
20180726039 2 4 3 1 7 8 5 6 10 9 
20180726040 4 9 1 8 7 2 6 10 5 3 
20180726041 2 6 7 5 4 3 9 10 1 8 
20180726042 1 7 6 8 10 4 2 5 3 9 
20180726043 6 4 9 7 1 8 3 2 10 5 
20180726044 5 8 10 1 2 3 6 4 7 9 
20180726045 1 10 7 4 5 9 6 3 8 2 
20180726046 4 6 2 3 5 10 9 7 1 8 
20180726047 8 3 5 9 4 1 2 7 6 10 
20180726048 7 5 6 10 1 8 3 2 9 4 
20180726049 5 4 3 2 9 10 8 7 1 6 
20180726050 5 10 1 2 3 6 4 9 8 7 
20180726051 4 8 1 3 9 2 5 7 10 6 
20180726052 5 6 4 7 1 8 9 2 3 10 
20180726053 7 4 9 6 8 2 3 5 1 10 
20180726054 7 10 5 3 6 8 4 9 1 2 
20180726055 6 9 4 8 2 10 3 1 7 5 
20180726056 9 3 2 10 1 7 6 5 4 8 
20180726057 4 5 10 9 7 3 1 2 6 8 
20180726058 1 7 8 10 2 9 6 3 4 5 
20180726059 7 8 3 1 9 5 4 6 10 2 
20180726060 10 8 9 4 3 5 2 7 6 1 
20180726061 2 8 5 1 3 7 6 10 9 4 
20180726062 10 6 5 1 7 4 8 2 9 3 
20180726063 2 1 9 6 7 10 4 8 5 3 
20180726064 9 7 4 2 6 5 3 8 1 10 
20180726065 4 3 10 1 6 9 5 7 2 8 
20180726066 1 5 6 8 4 3 2 7 10 9 
20180726067 8 3 4 6 9 1 7 2 5 10 
20180726068 9 5 8 1 7 4 2 10 6 3 
20180726069 7 6 9 1 5 10 8 2 4 3 
20180726070 2 10 3 1 9 7 5 8 4 6 
20180726071 7 1 2 6 8 9 4 10 3 5 
20180726072 7 6 5 4 9 2 8 1 3 10 
20180726073 8 2 6 3 10 9 1 5 4 7 
20180726074 2 6 5 10 8 7 4 3 9 1 
20180726075 9 8 6 2 3 10 1 7 5 4 
20180726076 10 1 8 3 5 2 9 4 7 6 
20180726077 4 7 8 5 3 6 1 9 10 2 
20180726078 7 6 3 10 8 5 4 1 9 2 
20180726079 8 4 7 9 2 5 1 6 3 10 
20180726080 2 9 5 8 3 1 4 6 10 7 
20180726081 3 2 1 4 9 6 10 5 7 8 
20180726082 10 8 6 4 5 2 1 3 9 7 
20180726083 4 1 3 2 9 8 5 10 7 6 
20180726084 7 4 10 9 5 8 2 3 6 1 
20180726085 3 6 4 2 1 10 8 9 7 5 
20180726086 7 4 9 6 5 3 2 8 1 10 
20180726087 6 1 4 3 7 10 5 8 2 9 
20180726088 2 7 9 1 10 6 4 3 5 8 
20180726089 2 7 3 6 10 1 5 9 4 8 
20180726090 8 3 9 2 1 4 6 5 7 10 
20180726091 4 2 3 6 1 5 9 8 10 7 
20180726092 2 4 3 5 7 10 1 6 9 8 
20180726093 6 7 3 1 4 9 8 5 2 10 
20180726094 10 9 7 2 3 4 6 8 1 5 
20180726095 10 6 9 2 1 7 3 4 5 8 
20180726096 3 4 5 7 6 2 1 8 9 10 
20180726097 4 5 1 9 6 3 7 8 2 10 
20180726098 6 2 5 10 1 3 8 4 7 9 
20180726099 10 9 6 5 3 2 4 1 8 7 
20180726100 1 6 4 8 5 7 9 2 10 3 
20180726101 9 3 2 6 7 5 10 8 4 1 
20180726102 6 9 4 3 7 1 8 5 10 2 
20180726103 4 2 10 7 3 8 9 6 1 5 
20180726104 10 7 8 1 3 2 5 4 9 6 
20180726105 6 7 4 10 2 9 8 5 3 1 
20180726106 7 10 8 6 1 2 5 3 4 9 
20180726107 5 8 7 9 3 2 4 10 6 1 
20180726108 1 10 8 4 6 5 3 9 7 2 
20180726109 9 4 2 6 7 1 5 3 8 10 
20180726110 9 6 10 5 4 1 8 2 3 7 
20180726111 8 7 6 2 9 5 4 3 1 10 
20180726112 5 3 9 8 7 6 10 4 1 2 
20180726113 2 6 1 5 8 4 10 3 9 7 
20180726114 1 6 2 4 8 10 9 7 5 3 
20180726115 3 9 8 10 4 7 5 1 2 6 
20180726116 9 5 10 3 8 2 4 7 1 6 
20180726117 5 8 4 1 6 7 9 3 2 10 
20180726118 10 5 7 1 2 4 8 6 3 9 
20180726119 9 5 4 1 8 7 2 10 6 3 
20180726120 1 6 5 3 2 8 4 9 7 10 
20180726121 5 7 2 1 9 10 4 8 6 3 
20180726122 8 10 3 1 7 2 9 6 5 4 
20180726123 8 4 7 6 2 1 3 10 9 5 
20180726124 7 1 4 8 5 10 9 3 2 6 
20180726125 8 5 9 3 7 4 10 1 6 2 
20180726126 2 3 7 5 8 9 10 6 1 4 
20180726127 10 5 7 3 2 6 1 4 8 9 
20180726128 1 4 2 10 5 6 9 7 3 8 
20180726129 2 9 8 5 1 4 10 6 3 7 
20180726130 2 6 3 8 10 4 7 5 9 1 
20180726131 10 2 3 1 6 7 5 9 4 8 
20180726132 10 8 5 6 7 9 2 1 4 3 
20180726133 4 7 3 10 6 5 8 9 2 1 
20180726134 9 5 2 7 6 3 10 8 4 1 
20180726135 2 3 7 8 1 5 6 9 10 4 
20180726136 1 3 8 5 6 10 9 7 4 2 
20180726137 7 3 10 1 2 8 6 4 9 5 
20180726138 8 9 10 7 2 6 4 3 5 1 
20180726139 2 3 4 7 9 8 6 10 1 5 
20180726140 9 2 3 10 6 5 4 1 7 8 
20180726141 5 2 6 8 3 1 9 4 10 7 
20180726142 5 2 8 6 7 3 9 1 4 10 
20180726143 4 10 8 6 3 9 5 1 2 7 
20180726144 10 9 6 1 3 2 5 4 7 8 
20180726145 3 9 1 2 8 6 5 4 7 10 
20180726146 8 9 7 2 10 5 1 6 3 4 
20180726147 10 6 7 3 5 9 1 2 4 8 
20180726148 4 1 7 8 9 10 3 5 2 6 
20180726149 7 5 6 10 1 3 4 8 9 2 
20180726150 2 10 8 3 7 4 1 6 9 5 
20180726151 7 5 9 2 6 8 10 4 1 3 
20180726152 7 10 8 4 1 5 6 3 2 9 
20180726153 9 2 10 5 6 8 3 1 7 4 
20180726154 4 3 6 1 8 10 7 5 2 9 
20180726155 4 6 5 1 3 7 2 10 8 9 
20180726156 3 8 7 5 9 4 1 2 10 6 
20180726157 4 8 3 1 10 5 2 6 7 9 
20180726158 8 5 10 1 2 6 3 7 9 4 
20180726159 10 9 8 4 1 3 7 2 5 6 
20180726160 7 3 1 5 4 9 6 2 8 10 
20180726161 7 8 3 6 5 10 4 2 9 1 
20180726162 7 3 8 5 10 4 2 1 6 9 
20180726163 4 3 9 7 1 2 6 10 5 8 
20180726164 5 3 7 2 9 8 10 6 1 4 
20180726165 5 6 8 4 9 1 10 3 7 2 
20180726166 2 4 9 10 5 3 8 1 7 6 
20180726167 7 5 2 10 3 8 6 4 9 1 
20180726168 5 1 9 6 10 7 8 3 2 4 
20180726169 3 4 10 7 5 2 6 8 9 1 
20180726170 4 9 1 6 5 3 8 2 7 10 
20180726171 5 6 10 7 4 9 2 1 3 8 
20180726172 3 8 10 1 6 2 5 9 4 7 
20180726173 8 7 3 4 6 10 9 1 5 2 
20180726174 8 7 1 3 5 6 10 9 4 2 
20180726175 2 8 10 7 5 4 1 3 6 9 
20180726176 10 7 4 5 2 3 6 8 9 1 
20180726177 4 2 3 5 1 7 6 8 9 10 
20180726178 3 7 5 1 4 2 10 8 6 9 
20180726179 2 5 10 8 6 3 7 1 4 9 
20180726180 6 3 8 4 1 7 2 10 5 9 
20180726181 8 10 9 7 2 4 3 6 5 1 
20180726182 10 7 9 3 1 5 4 8 2 6 
20180726183 5 1 4 8 9 2 7 10 3 6 
20180726184 5 2 4 8 7 9 1 3 10 6 
20180726185 7 10 9 2 1 3 4 5 8 6 
20180726186 10 4 1 8 9 5 7 6 3 2 
20180726187 6 9 3 1 2 10 7 8 4 5 
20180726188 2 10 8 4 7 5 9 6 3 1 
20180726189 2 3 6 8 9 4 7 10 5 1 
20180726190 5 4 7 1 10 9 6 8 2 3 
20180726191 5 2 9 3 1 7 6 4 8 10 
20180726192 9 7 4 3 10 6 1 2 8 5 
20180726193 8 5 4 3 7 10 2 1 6 9 
20180726194 3 6 8 2 9 4 5 10 7 1 
20180726195 3 1 9 5 7 8 2 6 4 10 
20180726196 2 5 8 1 4 3 9 10 7 6 
20180726197 8 1 6 10 7 9 5 3 4 2 
20180726198 5 8 10 7 6 3 2 9 4 1 
20180726199 3 8 9 4 6 10 1 5 2 7 
20180726200 1 3 10 8 9 7 4 5 6 2 
20180726201 4 9 3 7 2 10 8 6 5 1 
20180726202 3 8 4 10 2 1 6 9 7 5 
20180726203 9 1 5 8 7 6 10 3 2 4 
20180726204 9 5 3 7 4 8 6 2 1 10 
20180726205 3 6 7 9 4 8 5 2 10 1 
20180726206 9 4 5 10 8 1 7 3 6 2 
20180726207 10 7 3 1 5 9 6 4 2 8 
20180726208 9 3 1 7 4 5 2 10 6 8 
20180726209 9 4 3 7 10 2 1 8 6 5 
20180726210 4 3 8 7 6 1 10 9 5 2 
20180726211 2 4 3 9 7 5 8 1 10 6 
20180726212 4 7 2 6 5 10 8 9 3 1 
20180726213 9 8 2 4 1 5 3 7 6 10 
20180726214 7 3 8 10 6 2 5 1 9 4 
20180726215 3 2 4 6 1 10 7 9 8 5 
20180726216 10 9 6 7 2 4 3 8 5 1 
20180726217 1 7 8 5 9 3 10 2 6 4 
20180726218 8 10 3 9 1 4 2 5 7 6 
20180726219 1 3 4 5 8 10 6 7 2 9 
20180726220 2 1 10 5 3 7 6 9 8 4 
20180726221 4 8 9 6 5 7 2 3 10 1 
20180726222 6 8 1 5 4 9 7 10 3 2 
20180726223 7 9 1 8 3 6 2 5 4 10 
20180726224 6 5 8 3 1 9 7 10 2 4 
20180726225 7 9 5 4 10 1 2 8 3 6 
20180726226 5 8 7 2 9 3 4 6 1 10 
20180726227 10 8 1 4 9 2 3 7 5 6 
20180726228 3 4 10 1 5 8 6 2 7 9 
20180726229 3 10 4 9 7 5 6 8 1 2 
20180726230 2 6 3 5 9 1 10 7 4 8 
20180726231 10 2 4 1 3 7 8 6 5 9 
20180726232 10 9 8 5 2 3 6 4 7 1 
20180726233 8 9 10 4 2 7 3 1 5 6 
20180726234 7 2 3 4 10 1 8 6 5 9 
20180726235 3 1 6 9 5 8 4 2 10 7 
20180726236 5 1 8 9 4 3 2 7 10 6 
20180726237 4 9 6 7 8 3 5 10 1 2 
20180726238 5 2 6 8 3 10 9 7 1 4 
20180726239 4 2 9 3 6 10 7 5 1 8 
20180726240 9 7 4 10 6 2 3 5 8 1 
20180726241 6 5 8 7 1 2 9 4 3 10 
20180726242 2 5 8 7 3 1 9 10 4 6 
20180726243 1 7 6 8 5 2 4 3 10 9 
20180726244 5 2 4 8 7 6 9 10 1 3 
20180726245 6 5 10 1 9 8 3 2 7 4 
20180726246 5 2 4 7 1 3 8 9 10 6 
20180726247 6 1 4 8 7 2 10 3 5 9 
20180726248 10 5 4 7 2 1 9 3 6 8 
20180726249 6 10 2 1 7 8 5 3 9 4 
20180726250 6 9 10 5 2 1 3 4 7 8 
20180726251 7 1 8 10 6 9 4 3 5 2 
20180726252 10 1 8 2 5 7 3 4 6 9 
20180726253 9 2 7 1 6 10 3 5 8 4 
20180726254 2 3 10 9 5 4 1 7 8 6 
20180726255 4 6 9 2 1 7 10 8 3 5 
20180726256 9 10 2 8 6 3 4 7 5 1 
20180726257 9 8 4 3 6 5 10 7 2 1 
20180726258 8 10 7 9 2 6 3 1 5 4 
20180726259 5 2 8 9 3 1 10 4 7 6 
20180726260 8 1 5 2 6 3 9 7 10 4 
20180726261 2 7 4 6 5 9 8 1 3 10 
20180726262 10 6 1 5 7 2 3 4 9 8 
20180726263 10 8 9 5 4 3 6 2 1 7 
20180726264 10 8 4 6 9 2 5 3 7 1 
20180726265 8 2 4 5 9 7 10 6 1 3 
20180726266 5 2 10 1 9 8 7 6 4 3 
20180726267 5 4 10 1 8 2 3 7 6 9 
20180726268 10 9 5 1 6 2 7 4 8 3 
20180726269 10 1 8 2 3 5 9 4 6 7 
20180726270 5 8 10 3 4 6 1 7 2 9 
20180726271 4 6 1 5 9 7 8 2 10 3 
20180726272 7 6 10 4 8 1 2 3 5 9 
20180726273 4 6 5 10 9 2 1 8 7 3 
20180726274 3 7 5 6 1 9 8 10 4 2 
20180726275 9 3 6 4 10 1 5 8 2 7 
20180726276 7 3 10 5 8 9 2 1 4 6 
20180726277 7 10 4 3 1 6 9 8 2 5 
20180726278 2 6 9 5 10 4 3 8 7 1 
20180726279 2 9 8 1 3 7 5 6 10 4 
20180726280 2 1 6 9 7 8 5 10 3 4 
20180726281 8 1 2 9 4 7 6 3 5 10 
20180726282 9 2 4 10 7 6 1 3 5 8 
20180726283 9 2 4 3 8 5 10 6 1 7 
20180726284 10 4 8 7 5 1 2 9 6 3 
20180726285 7 3 8 9 4 6 5 2 1 10 
20180726286 4 8 6 2 7 3 5 10 1 9 
20180726287 7 6 3 5 1 10 2 4 8 9 
20180726288 5 2 7 9 6 4 1 3 10 8 
20180726289 3 5 6 10 7 8 2 9 1 4 
20180726290 9 10 2 5 8 7 4 3 6 1 
20180726291 2 4 7 10 8 6 5 9 3 1 
20180726292 10 2 6 4 9 5 8 1 7 3 
20180726293 8 1 6 4 7 5 2 9 3 10 
20180726294 5 7 8 4 2 3 6 1 10 9 
20180726295 6 7 4 9 8 3 5 2 1 10 
20180726296 2 7 9 10 8 6 5 3 4 1 
20180726297 9 2 10 5 6 4 7 3 8 1 
20180726298 8 10 3 6 5 7 9 4 2 1 
20180726299 7 9 6 8 2 10 1 3 5 4 
20180726300 10 1 9 8 2 6 4 7 5 3 
20180726301 2 7 10 1 9 8 3 5 4 6 
20180726302 2 5 7 9 4 1 6 10 8 3 
20180726303 7 10 3 8 6 9 2 4 1 5 
20180726304 10 5 8 4 6 7 9 1 3 2 
20180726305 6 8 3 9 1 7 5 2 4 10 
20180726306 2 8 4 9 5 6 10 3 7 1 
20180726307 1 8 4 2 9 3 6 7 5 10 
20180726308 6 7 2 9 8 5 10 1 4 3 
20180726309 6 8 10 1 7 9 5 3 2 4 
20180726310 2 4 9 5 1 7 10 3 6 8 
20180726311 6 5 10 2 9 4 7 8 1 3 
20180726312 4 2 1 6 8 9 10 5 3 7 
20180726313 5 10 6 9 7 1 2 3 8 4 
20180726314 1 8 7 5 10 3 2 9 6 4 
20180726315 4 7 8 10 5 3 6 9 1 2 
20180726316 10 4 2 9 6 8 3 1 7 5 
20180726317 2 3 10 9 7 1 4 6 8 5 
20180726318 9 1 8 4 2 6 10 7 3 5 
20180726319 4 7 3 5 9 1 2 8 10 6 
20180726320 5 1 2 6 8 7 9 3 4 10 
20180726321 2 1 4 10 3 9 5 6 7 8 
20180726322 9 1 4 3 6 8 5 7 2 10 
20180726323 2 7 10 3 1 5 9 8 6 4 
20180726324 3 8 10 9 4 7 2 6 1 5 
20180726325 3 4 10 1 9 2 6 5 7 8 
20180726326 2 10 9 1 6 3 5 7 8 4 
20180726327 5 10 7 8 6 9 3 4 1 2 
20180726328 5 2 7 3 6 8 9 10 1 4 
20180726329 8 6 4 7 9 3 1 2 5 10 
20180726330 7 2 8 10 6 5 9 4 3 1 
20180726331 2 4 6 10 5 9 1 7 3 8 
20180726332 5 8 4 2 7 9 10 3 6 1 
20180726333 2 6 9 7 3 5 4 10 1 8 
20180726334 3 10 4 5 8 1 9 2 7 6 
20180726335 8 2 5 4 1 10 9 7 6 3 
20180726336 5 8 6 3 4 2 10 1 7 9 
20180726337 10 9 7 4 6 8 2 5 1 3 
20180726338 5 7 8 6 3 9 10 2 1 4 
20180726339 1 9 5 7 2 6 3 8 4 10 
20180726340 2 9 7 8 1 3 5 10 4 6 
20180726341 4 10 1 6 2 7 5 9 3 8 
20180726342 7 3 1 10 2 6 4 9 5 8 
20180726343 2 9 1 3 7 10 6 5 4 8 
20180726344 10 4 3 2 7 9 1 8 6 5 
20180726345 3 9 7 8 5 6 10 1 2 4 
20180726346 10 4 6 9 7 1 2 8 3 5 
20180726347 1 2 7 5 8 4 6 9 3 10 
20180726348 5 6 10 9 4 8 2 3 1 7 
20180726349 4 1 2 8 7 9 6 5 3 10 
20180726350 7 2 10 1 6 3 4 9 5 8 
20180726351 1 6 3 10 4 7 5 2 9 8 
20180726352 9 10 5 8 7 2 3 1 4 6 
20180726353 1 9 10 8 6 5 3 4 2 7 
20180726354 7 1 8 4 9 3 6 10 5 2 
20180726355 3 5 1 6 2 7 4 8 9 10 
20180726356 2 8 4 9 5 6 10 1 3 7 
20180726357 2 1 4 8 9 3 6 10 5 7 
20180726358 5 2 6 9 3 8 10 4 7 1 
20180726359 6 3 9 7 4 8 5 2 10 1 
20180726360 5 4 8 1 2 3 9 7 10 6 
20180726361 9 5 8 1 6 7 2 3 4 10 
20180726362 5 3 1 4 9 8 10 2 6 7 
20180726363 10 5 7 6 1 2 9 8 4 3 
20180726364 8 3 10 1 7 5 9 6 4 2 
20180726365 3 5 8 1 7 2 9 10 4 6 
20180726366 10 7 2 8 4 1 6 3 5 9 
20180726367 4 6 5 9 2 7 8 10 1 3 
20180726368 2 3 4 7 1 6 8 5 9 10 
20180726369 3 7 10 5 6 8 2 4 1 9 
20180726370 2 9 4 5 1 3 10 7 6 8 
20180726371 9 10 5 2 7 8 4 6 1 3 
20180726372 7 3 9 1 5 6 10 4 8 2 
20180726373 3 6 9 4 2 7 8 1 5 10 
20180726374 10 5 4 3 2 6 8 7 1 9 
20180726375 6 2 3 10 4 8 9 1 5 7 
20180726376 4 1 2 9 7 8 5 10 6 3 
20180726377 3 9 5 8 2 6 10 7 1 4 
20180726378 7 9 6 5 10 3 8 2 1 4 
20180726379 2 6 8 4 3 7 10 5 9 1 
20180726380 6 5 3 10 4 2 9 8 7 1 
20180726381 3 8 2 5 9 10 7 4 1 6 
20180726382 2 9 10 6 1 8 4 5 7 3 
20180726383 6 1 9 2 5 8 3 4 7 10 
20180726384 9 10 4 7 6 3 8 2 5 1 
20180726385 7 6 4 10 5 2 1 9 8 3 
20180726386 5 10 1 9 3 7 4 2 8 6 
20180726387 6 10 1 5 7 2 4 9 3 8 
20180726388 1 8 5 4 2 6 10 3 9 7 
20180726389 10 9 4 7 8 2 3 5 1 6 
20180726390 6 1 9 8 5 10 4 3 2 7 
20180726391 1 9 2 6 10 7 3 4 5 8 
20180726392 2 1 4 9 6 5 8 7 10 3 
20180726393 1 4 2 9 6 7 10 5 8 3 
20180726394 5 6 7 1 2 9 3 4 10 8 
20180726395 9 2 6 1 5 7 10 4 3 8 
20180726396 9 1 5 8 2 10 7 6 3 4 
20180726397 8 9 3 2 10 4 5 6 7 1 
20180726398 2 3 5 10 6 4 7 9 1 8 
20180726399 1 8 10 3 4 2 9 7 6 5 
20180726400 1 8 3 2 5 7 9 4 6 10 
20180726401 6 7 2 5 3 1 9 4 8 10 
20180726402 10 9 7 1 4 8 3 2 6 5 
20180726403 6 7 9 8 4 2 1 10 5 3 
20180726404 4 6 9 7 2 8 5 3 10 1 
20180726405 6 1 5 2 7 9 3 8 10 4 
20180726406 6 4 10 9 8 2 1 5 3 7 
20180726407 9 3 2 4 6 7 10 8 1 5 
20180726408 3 6 5 2 7 8 10 4 9 1 
20180726409 7 9 4 8 10 6 3 2 1 5 
20180726410 3 6 1 2 7 8 9 10 4 5 
20180726411 4 7 10 3 8 9 6 2 1 5 
20180726412 5 8 1 3 10 7 6 9 2 4 
20180726413 7 6 10 5 9 8 1 4 2 3 
20180726414 5 6 8 1 3 9 4 2 10 7 
20180726415 9 3 2 1 7 6 4 10 8 5 
20180726416 3 4 5 6 8 7 1 2 9 10 
20180726417 9 8 2 4 5 7 6 10 3 1 
20180726418 9 3 1 10 8 5 4 6 2 7 
20180726419 8 5 6 10 2 9 1 7 4 3 
20180726420 10 4 3 7 8 9 5 6 2 1 
20180726421 4 7 9 8 6 3 10 5 1 2 
20180726422 8 4 2 10 7 5 9 3 1 6 
20180726423 7 8 1 4 9 10 3 2 5 6 
20180726424 2 10 7 5 9 8 1 4 6 3 
20180726425 10 9 2 5 3 1 6 7 8 4 
20180726426 9 10 3 6 1 8 2 4 7 5 
20180726427 5 8 6 2 1 4 9 10 3 7 
20180726428 5 2 4 1 7 6 10 9 3 8 
20180726429 10 7 3 2 6 5 4 8 9 1 
20180726430 8 9 6 2 4 3 1 5 10 7 
20180726431 9 5 2 8 10 1 4 6 3 7 
20180726432 4 1 7 6 9 8 3 2 5 10 
20180726433 4 2 3 6 7 1 9 5 8 10 
20180726434 5 10 7 1 4 9 6 3 8 2 
20180726435 6 7 5 1 2 10 4 9 3 8 
20180726436 9 3 2 8 10 7 4 1 6 5 
20180726437 4 3 7 6 10 2 8 9 1 5 
20180726438 10 5 9 4 6 3 7 1 8 2 
20180726439 4 10 7 2 3 8 6 5 1 9 
20180726440 1 3 6 4 7 5 2 9 8 10 
20180726441 7 5 3 8 2 6 9 1 4 10 
20180726442 9 2 7 4 1 5 10 6 8 3 
20180726443 10 3 7 8 6 4 5 2 1 9 
20180726444 8 9 6 1 4 7 3 2 10 5 
20180726445 2 9 8 4 5 6 10 7 3 1 
20180726446 4 7 9 1 5 3 6 10 8 2 
20180726447 9 6 1 2 5 8 4 3 10 7 
20180726448 2 7 8 1 6 10 5 3 9 4 
20180726449 10 2 6 3 8 1 9 4 5 7 
20180726450 10 8 2 9 3 1 6 4 7 5 
20180726451 7 6 3 4 10 1 5 2 8 9 
20180726452 2 10 7 1 4 9 6 5 8 3 
20180726453 9 3 1 8 2 10 7 5 4 6 
20180726454 9 6 5 8 3 2 4 1 10 7 
20180726455 9 5 3 10 2 4 7 8 6 1 
20180726456 2 5 3 4 8 1 9 6 7 10 
20180726457 6 4 3 8 10 5 9 7 1 2 
20180726458 10 1 7 8 3 9 5 4 2 6 
20180726459 4 2 10 7 1 5 3 6 8 9 
20180726460 5 6 1 2 3 8 7 10 9 4 
20180726461 7 2 4 3 1 6 5 8 9 10 
20180726462 8 4 9 6 10 5 3 1 2 7 
20180726463 6 10 9 5 8 2 4 3 7 1 
20180726464 6 2 10 9 3 4 8 1 5 7 
20180726465 2 5 4 3 7 6 9 8 1 10 
20180726466 7 3 1 9 6 2 8 10 5 4 
20180726467 7 10 4 6 2 1 5 8 3 9 
20180726468 4 10 5 3 6 9 2 8 1 7 
20180726469 7 4 5 3 9 1 6 10 2 8 
20180726470 8 5 1 9 4 6 3 10 2 7 
20180726471 10 2 7 6 9 1 8 3 4 5 
20180726472 8 2 10 4 7 6 9 1 5 3 
20180726473 4 8 2 5 6 10 9 3 7 1 
20180726474 5 1 7 4 8 10 9 2 6 3 
20180726475 3 8 1 5 7 9 6 4 2 10 
20180726476 10 9 7 2 3 5 4 8 6 1 
20180726477 3 7 5 8 6 10 4 9 1 2 
20180726478 3 5 9 4 2 7 10 8 1 6 
20180726479 9 6 5 3 4 7 8 10 2 1 
20180726480 7 1 8 10 2 5 4 3 9 6 
20180726481 4 5 9 8 1 2 3 6 7 10 
20180726482 4 1 7 5 6 8 9 3 2 10 
20180726483 6 7 4 2 3 1 8 5 9 10 
20180726484 7 3 5 8 1 2 4 9 10 6 
20180726485 4 9 10 1 2 7 5 6 8 3 
20180726486 8 7 6 4 2 9 5 3 10 1 
20180726487 7 5 1 9 4 8 3 10 6 2 
20180726488 4 2 9 7 5 6 3 1 8 10 
20180726489 4 10 8 6 5 7 2 1 9 3 
20180726490 5 3 10 1 9 6 4 8 2 7 
20180726491 2 6 5 3 4 10 7 1 9 8 
20180726492 5 6 10 9 8 4 7 1 3 2 
20180726493 1 7 8 9 4 3 5 2 10 6 
20180726494 6 5 7 3 2 1 8 4 10 9 
20180726495 4 8 7 9 2 10 6 5 3 1 
20180726496 2 10 5 6 4 8 1 9 7 3 
20180726497 7 1 10 9 8 4 6 2 5 3 
20180726498 1 8 5 9 2 3 7 4 10 6 
20180726499 5 2 3 7 10 6 4 8 9 1 
20180726500 7 4 2 3 5 1 8 9 10 6 
20180726501 7 1 5 3 9 4 6 10 8 2 
20180726502 10 9 6 7 5 3 2 8 4 1 
20180726503 7 6 8 2 4 3 5 9 10 1 
20180726504 3 8 4 7 5 2 6 10 1 9 
20180726505 7 5 3 10 6 9 8 1 4 2 
20180726506 7 3 8 9 10 5 1 4 2 6 
20180726507 2 6 9 3 10 4 1 7 8 5 
20180726508 9 6 8 1 10 7 2 5 3 4 
20180726509 3 1 2 8 10 9 5 7 6 4 
20180726510 10 1 5 6 7 9 4 2 8 3 
20180726511 8 6 9 1 10 4 5 7 2 3 
20180726512 7 10 3 1 2 4 5 9 8 6 
20180726513 3 4 6 1 5 7 9 8 2 10 
20180726514 6 2 10 1 9 8 4 5 7 3 
20180726515 10 6 5 3 2 9 1 4 8 7 
20180726516 4 8 6 2 1 5 7 3 9 10 
20180726517 3 2 6 10 8 4 9 5 1 7 
20180726518 7 2 5 6 9 8 3 10 4 1 
20180726519 7 2 4 1 8 5 6 10 3 9 
20180726520 10 3 8 9 1 6 4 2 7 5 
20180726521 1 6 8 9 5 3 7 2 10 4 
20180726522 5 9 8 3 6 4 7 1 2 10 
20180726523 10 3 4 7 8 1 5 6 9 2 
20180726524 1 6 3 4 9 8 7 5 2 10 
20180726525 10 5 2 4 3 9 8 6 7 1 
20180726526 5 1 4 8 9 3 7 10 6 2 
20180726527 10 4 3 6 5 8 9 1 2 7 
20180726528 5 8 6 9 7 3 1 4 10 2 
20180726529 6 1 3 9 5 7 2 8 10 4 
20180726530 2 7 3 8 10 9 1 5 4 6 
20180726531 10 4 7 8 2 1 5 9 3 6 
20180726532 10 6 1 2 4 9 7 3 8 5 
20180726533 10 2 9 4 1 5 6 8 3 7 
20180726534 5 3 6 1 8 4 7 9 10 2 
20180726535 10 1 8 9 4 7 5 6 3 2 
20180726536 10 2 5 8 3 4 9 6 1 7 
20180726537 1 3 5 8 7 6 9 4 10 2 
20180726538 6 7 1 10 2 9 8 5 4 3 
20180726539 2 6 4 3 7 10 5 1 8 9 
20180726540 10 2 6 9 4 8 3 7 5 1 
20180726541 2 10 6 8 4 1 3 7 9 5 
20180726542 7 5 8 2 3 6 10 1 4 9 
20180726543 3 1 9 4 5 10 6 7 2 8 
20180726544 8 6 10 2 9 7 5 3 4 1 
20180726545 10 6 3 8 4 2 1 5 7 9 
20180726546 9 6 2 5 8 3 4 1 7 10 
20180726547 8 10 5 6 9 7 1 3 4 2 
20180726548 3 6 7 8 2 1 10 9 4 5 
20180726549 1 2 7 6 5 3 10 4 9 8 
20180726550 1 5 9 8 7 3 6 2 4 10 
20180726551 8 9 7 2 10 6 3 4 1 5 
20180726552 3 2 6 10 4 5 7 9 1 8 
20180726553 5 8 10 1 6 9 7 3 2 4 
20180726554 3 5 6 8 4 1 10 7 9 2 
20180726555 4 5 8 2 1 3 6 10 7 9 
20180726556 9 10 6 7 5 8 4 2 1 3 
20180726557 3 7 4 10 9 5 8 6 1 2 
20180726558 5 8 3 2 1 4 7 10 6 9 
20180726559 10 6 3 5 8 2 7 1 9 4 
20180726560 4 1 10 8 9 6 5 7 2 3 
20180726561 7 5 6 9 10 3 4 2 8 1 
20180726562 5 7 6 3 9 4 8 10 1 2 
20180726563 3 8 9 5 6 10 2 1 4 7 
20180726564 7 1 6 2 9 10 3 8 4 5 
20180726565 7 9 8 2 10 3 4 5 1 6 
20180726566 6 8 7 4 3 2 9 5 1 10 
20180726567 8 4 2 7 1 9 6 3 5 10 
20180726568 9 7 3 1 10 2 5 6 8 4 
20180726569 8 6 5 9 10 7 1 3 2 4 
20180726570 2 9 1 5 10 7 3 4 6 8 
20180726571 6 3 7 1 10 2 5 8 4 9 
20180726572 2 6 7 10 9 8 5 3 4 1 
20180726573 6 8 5 7 9 2 3 1 4 10 
20180726574 1 7 3 6 10 2 8 4 9 5 
20180726575 5 4 6 2 3 9 1 7 8 10 
20180726576 10 5 9 8 3 6 1 2 4 7 
20180726577 6 2 1 7 5 8 10 3 9 4 
20180726578 8 9 2 10 4 3 1 6 7 5 
20180726579 8 3 6 7 9 5 1 2 4 10 
20180726580 9 6 7 4 2 10 5 3 1 8 
20180726581 7 2 4 5 10 3 9 6 1 8 
20180726582 5 6 4 8 7 3 9 1 2 10 
20180726583 7 2 6 4 10 5 3 1 8 9 
20180726584 6 2 4 5 8 1 10 9 7 3 
20180726585 4 5 6 1 2 8 7 3 9 10 
20180726586 2 4 10 9 7 5 1 6 3 8 
20180726587 2 7 9 5 3 8 1 4 10 6 
20180726588 2 5 7 4 6 8 3 9 1 10 
20180726589 3 1 5 2 7 6 9 4 10 8 
20180726590 5 6 7 10 2 8 1 3 4 9 
20180726591 8 10 9 5 1 3 6 2 7 4 
20180726592 5 9 8 6 3 10 4 7 2 1 
20180726593 3 4 7 9 2 8 10 6 1 5 
20180726594 6 4 1 10 2 3 9 7 8 5 
20180726595 3 9 10 4 5 1 2 7 8 6 
20180726596 1 8 2 10 6 4 3 9 7 5 
20180726597 6 2 8 3 9 1 10 5 4 7 
20180726598 9 4 8 2 7 1 5 6 3 10 
20180726599 10 1 7 3 4 8 9 5 2 6 
20180726600 1 2 10 9 3 4 7 5 6 8 
20180726601 7 4 2 6 8 1 5 10 9 3 
20180726602 2 3 9 10 6 4 5 1 7 8 
20180726603 5 9 3 2 4 8 1 7 10 6 
20180726604 2 9 5 1 6 8 3 4 7 10 
20180726605 8 1 10 9 4 5 7 6 2 3 
20180726606 5 1 8 9 4 2 10 6 3 7 
20180726607 2 4 8 6 9 3 1 5 7 10 
20180726608 7 4 6 10 9 3 8 2 1 5 
20180726609 10 4 3 7 9 5 8 2 6 1 
20180726610 2 6 8 7 10 3 9 1 4 5 
20180726611 6 2 4 7 8 9 5 10 3 1 
20180726612 8 1 3 5 2 4 7 6 9 10 
20180726613 1 10 4 6 9 7 2 3 8 5 
20180726614 2 6 10 3 1 7 8 5 9 4 
20180726615 8 2 6 10 3 7 5 4 9 1 
20180726616 2 4 10 1 7 3 8 5 9 6 
20180726617 8 4 7 2 9 5 6 1 3 10 
20180726618 8 9 4 5 3 1 2 7 6 10 
20180726619 8 2 5 6 3 9 10 1 7 4 
20180726620 8 10 6 2 5 3 1 7 9 4 
20180726621 9 3 1 8 5 7 6 4 2 10 
20180726622 2 8 5 6 3 4 9 10 7 1 
20180726623 1 8 7 9 3 10 5 4 2 6 
20180726624 9 1 8 5 3 7 6 2 10 4 
20180726625 2 1 7 5 3 4 8 9 10 6 
20180726626 2 9 8 6 7 4 10 3 5 1 
20180726627 5 8 7 3 1 10 6 2 4 9 
20180726628 8 6 2 3 5 9 1 4 10 7 
20180726629 7 10 2 6 3 1 8 5 9 4 
20180726630 1 5 10 2 6 9 3 7 4 8 
20180726631 4 3 10 7 9 1 8 2 5 6 
20180726632 7 4 6 1 5 9 10 3 8 2 
20180726633 1 6 8 9 5 7 10 2 3 4 
20180726634 3 5 1 7 6 2 8 4 10 9 
20180726635 3 4 6 10 7 1 2 8 5 9 
20180726636 3 9 2 6 5 1 10 4 8 7 
20180726637 6 5 3 2 9 10 1 8 7 4 
20180726638 5 4 9 8 6 2 1 3 10 7 
20180726639 2 9 1 4 6 5 7 3 8 10 
20180726640 7 10 4 3 9 2 6 8 5 1 
20180726641 4 1 2 10 9 3 5 7 6 8 
20180726642 8 1 9 4 2 10 6 5 7 3 
20180726643 5 3 8 7 10 6 2 9 4 1 
20180726644 8 3 10 1 7 9 2 6 4 5 
20180726645 2 3 8 7 5 9 6 10 1 4 
20180726646 4 3 9 6 7 8 5 1 10 2 
20180726647 9 4 1 10 5 6 8 3 7 2 
20180726648 3 8 4 2 7 1 5 10 6 9 
20180726649 4 7 9 6 3 5 1 8 2 10 
20180726650 6 9 4 10 1 7 3 2 5 8 
20180726651 5 3 2 10 8 4 7 9 6 1 
20180726652 4 6 3 7 8 1 10 9 5 2 
20180726653 9 2 4 5 8 1 10 6 7 3 
20180726654 4 1 9 7 2 10 3 6 5 8 
20180726655 4 3 5 8 6 9 10 2 1 7 
20180726656 9 2 6 10 4 7 1 3 5 8 
20180726657 4 6 2 9 10 3 5 7 8 1 
20180726658 9 4 1 10 6 7 8 5 2 3 
20180726659 7 3 6 5 2 10 1 4 9 8 
20180726660 2 6 9 8 4 5 10 7 3 1 
20180726661 7 10 3 8 9 5 6 1 2 4 
20180726662 2 7 3 6 8 9 1 5 10 4 
20180726663 4 10 2 6 7 5 9 3 1 8 
20180726664 4 3 8 7 9 10 1 2 5 6 
20180726665 8 4 5 9 2 1 7 3 6 10 
20180726666 3 10 1 4 5 2 8 9 6 7 
20180726667 3 10 4 5 2 7 8 9 6 1 
20180726668 3 9 4 2 6 8 5 1 7 10 
20180726669 5 6 3 10 4 9 7 1 8 2 
20180726670 4 6 9 1 10 3 2 5 7 8 
20180726671 6 8 5 4 3 2 10 1 9 7 
20180726672 3 4 9 1 8 10 7 2 5 6 
20180726673 5 10 2 1 8 3 7 9 6 4 
20180726674 10 1 7 5 6 3 2 8 9 4 
20180726675 1 9 8 5 7 4 2 3 10 6 
20180726676 6 5 4 1 9 10 7 8 2 3 
20180726677 7 4 10 6 3 9 2 8 1 5 
20180726678 7 1 2 6 8 9 3 10 4 5 
20180726679 9 4 7 2 5 10 8 1 6 3 
20180726680 3 9 4 5 1 6 7 8 10 2 
20180726681 9 2 6 10 5 1 8 3 7 4 
20180726682 4 2 9 5 1 8 3 6 7 10 
20180726683 5 10 7 6 2 9 4 8 3 1 
20180726684 6 7 4 2 8 3 1 10 5 9 
20180726685 2 8 1 10 5 3 6 9 7 4 
20180726686 4 10 8 7 2 5 6 9 1 3 
20180726687 5 7 3 1 9 4 10 6 8 2 
20180726688 7 5 10 1 3 4 9 6 2 8 
20180726689 2 10 3 6 9 7 4 1 8 5 
20180726690 3 6 4 9 5 8 10 2 7 1 
20180726691 9 1 4 6 8 5 2 7 3 10 
20180726692 2 5 9 10 1 8 3 4 7 6 
20180726693 2 3 6 1 5 10 9 4 8 7 
20180726694 7 3 10 4 8 5 1 6 2 9 
20180726695 1 7 8 10 2 9 4 3 5 6 
20180726696 3 10 2 1 8 9 7 6 5 4 
20180726697 8 2 10 5 1 6 9 3 7 4 
20180726698 7 5 8 6 1 9 10 4 3 2 
20180726699 4 5 10 9 3 1 6 8 7 2 
20180726700 1 5 9 10 7 2 8 3 4 6 
20180726701 7 4 10 6 8 1 3 5 9 2 
20180726702 6 10 3 2 1 7 9 4 8 5 
20180726703 3 5 10 9 1 2 8 4 6 7 
20180726704 2 4 5 1 10 3 9 8 6 7 
20180726705 9 7 10 6 1 2 8 4 5 3 
20180726706 7 6 4 1 10 8 2 3 5 9 
20180726707 9 3 6 4 5 8 2 1 7 10 
20180726708 9 4 5 6 2 10 3 1 8 7 
20180726709 8 9 10 2 5 1 3 6 4 7 
20180726710 8 9 4 10 2 1 7 3 6 5 
20180726711 6 4 7 2 1 10 3 9 8 5 
20180726712 6 2 9 8 3 10 5 1 4 7 
20180726713 9 7 6 1 3 10 5 2 4 8 
20180726714 6 3 2 7 8 9 10 5 1 4 
20180726715 8 4 9 3 5 1 6 2 7 10 
20180726716 4 7 10 3 1 5 2 9 8 6 
20180726717 4 6 3 5 9 7 1 8 2 10 
20180726718 6 10 5 1 7 4 2 3 9 8 
20180726719 8 5 7 2 3 1 6 9 10 4 
20180726720 2 1 9 4 6 10 8 5 7 3 
20180726721 4 6 8 2 5 10 3 7 1 9 
20180726722 8 7 6 5 9 3 10 1 2 4 
20180726723 9 8 3 4 10 1 2 7 6 5 
20180726724 8 2 10 1 7 9 4 5 6 3 
20180726725 9 3 6 1 8 7 5 2 4 10 
20180726726 1 7 3 6 8 2 9 5 4 10 
20180726727 4 6 9 8 5 10 7 1 3 2 
20180726728 8 2 10 1 5 3 6 4 9 7 
20180726729 8 5 6 2 9 1 4 7 3 10 
20180726730 4 3 10 9 8 2 7 5 1 6 
20180726731 2 9 6 7 5 10 4 1 8 3 
20180726732 9 8 7 3 6 10 2 4 1 5 
20180726733 7 10 3 2 6 4 5 1 8 9 
20180726734 8 10 1 6 4 7 3 5 9 2 
20180726735 4 7 1 10 8 3 9 2 5 6 
20180726736 6 9 5 4 7 8 10 2 1 3 
20180726737 9 6 1 10 3 8 2 7 4 5 
20180726738 10 6 9 7 4 2 1 3 5 8 
20180726739 5 4 7 8 3 9 1 6 10 2 
20180726740 4 8 9 6 1 5 2 7 3 10 
20180726741 3 2 6 5 9 4 10 7 1 8 
20180726742 1 4 8 3 7 2 6 5 10 9 
20180726743 5 7 8 10 2 1 6 9 3 4 
20180726744 1 8 10 7 9 6 2 3 5 4 
20180726745 7 4 2 9 6 5 8 1 3 10 
20180726746 4 8 3 1 10 9 6 2 5 7 
20180726747 4 9 5 6 3 10 8 7 1 2 
20180726748 6 4 8 1 10 9 7 2 3 5 
20180726749 4 1 10 6 9 3 8 2 5 7 
20180726750 6 3 9 10 2 5 8 1 7 4 
20180726751 2 1 10 3 8 4 5 9 6 7 
20180726752 1 4 8 6 2 10 5 9 7 3 
20180726753 10 5 4 7 6 3 1 8 9 2 
20180726754 10 2 8 6 3 9 5 4 7 1 
20180726755 8 1 6 7 10 5 3 9 4 2 
20180726756 7 3 5 9 10 8 6 1 2 4 
20180726757 8 9 2 3 10 6 5 7 4 1 
20180726758 8 2 9 7 10 1 5 4 6 3 
20180726759 7 1 8 6 10 3 4 9 5 2 
20180726760 10 6 1 7 3 2 8 4 9 5 
20180726761 6 3 1 5 9 10 4 7 8 2 
20180726762 3 9 1 2 10 5 7 8 6 4 
20180726763 6 3 1 7 2 5 8 4 10 9 
20180726764 10 7 6 4 2 9 8 1 5 3 
20180726765 2 1 6 7 8 9 10 3 4 5 
20180726766 8 4 1 6 10 2 5 7 3 9 
20180726767 1 4 7 3 9 8 2 10 6 5 
20180726768 6 8 4 10 5 9 1 2 7 3 
20180726769 7 6 5 9 8 4 10 1 2 3 
20180726770 4 10 7 2 8 3 1 5 6 9 
20180726771 2 5 7 10 3 6 9 4 1 8 
20180726772 9 5 3 7 8 1 6 10 4 2 
20180726773 5 2 4 7 9 6 1 8 10 3 
20180726774 7 4 5 6 8 1 2 3 9 10 
20180726775 5 9 10 2 7 8 6 3 4 1 
20180726776 5 6 9 3 2 4 1 8 7 10 
20180726777 8 2 6 5 9 3 4 10 7 1 
20180726778 2 4 8 7 3 6 9 1 5 10 
20180726779 9 10 6 3 2 4 1 8 7 5 
20180726780 3 9 4 7 10 5 6 8 2 1 
20180726781 3 4 7 10 6 5 9 8 1 2 
20180726782 10 6 9 7 2 4 8 5 3 1 
20180726783 3 8 2 7 5 9 1 6 10 4 
20180726784 2 10 3 6 4 7 1 9 5 8 
20180726785 2 10 3 1 9 5 7 8 4 6 
20180726786 5 9 6 7 8 10 3 2 4 1 
20180726787 2 6 1 9 4 8 5 7 3 10 
20180726788 7 6 1 3 2 9 8 4 5 10 
20180726789 5 1 6 8 3 10 2 4 9 7 
20180726790 5 8 6 3 9 1 10 2 4 7 
20180726791 7 9 3 4 8 5 10 1 6 2 
20180726792 10 9 8 4 6 7 3 5 2 1 
20180726793 6 5 7 8 3 1 2 10 9 4 
20180726794 10 2 4 3 1 8 5 7 9 6 
20180726795 2 6 1 9 8 7 5 3 10 4 
20180726796 8 1 6 4 2 5 7 10 3 9 
20180726797 10 4 5 6 7 9 3 8 2 1 
20180726798 9 3 10 7 2 5 4 1 6 8 
20180726799 4 8 10 5 3 9 7 6 2 1 
20180726800 5 10 2 7 6 1 9 8 3 4 
20180726801 5 6 4 3 7 2 10 9 1 8 
20180726802 1 2 5 3 4 7 10 6 8 9 
20180726803 2 3 10 6 9 4 5 7 1 8 
20180726804 2 3 10 6 4 5 7 9 8 1 
20180726805 7 10 9 2 6 5 8 4 3 1 
20180726806 2 3 6 10 4 8 9 7 1 5 
20180726807 3 2 7 4 10 5 1 9 8 6 
20180726808 1 6 5 7 3 8 2 9 10 4 
20180726809 9 5 3 2 4 10 1 7 8 6 
20180726810 3 2 6 7 9 1 4 10 8 5 
20180726811 10 5 6 7 2 3 8 4 1 9 
20180726812 3 1 6 5 2 9 4 7 10 8 
20180726813 3 9 10 2 1 5 6 7 8 4 
20180726814 6 1 9 2 4 10 8 3 7 5 
20180726815 9 7 3 8 4 10 1 6 2 5 
20180726816 3 4 10 1 2 5 6 9 7 8 
20180726817 7 3 2 8 6 4 9 10 1 5 
20180726818 10 2 1 5 7 8 6 9 4 3 
20180726819 10 7 9 6 1 5 4 8 3 2 
20180726820 2 4 3 6 1 10 5 9 8 7 
20180726821 5 4 9 6 10 7 8 2 3 1 
20180726822 2 7 5 8 9 4 10 1 6 3 
20180726823 1 6 8 3 4 10 5 9 7 2 
20180726824 8 6 5 3 9 7 4 10 2 1 
20180726825 10 7 1 5 9 3 6 4 8 2 
20180726826 1 4 3 8 10 9 7 6 2 5 
20180726827 2 7 3 6 8 4 1 9 5 10 
20180726828 4 8 7 10 5 1 3 6 9 2 
20180726829 10 3 5 2 8 7 9 6 1 4 
20180726830 4 1 9 7 3 5 2 8 10 6 
20180726831 4 8 7 3 10 6 1 9 5 2 
20180726832 5 9 7 1 2 10 6 4 3 8 
20180726833 2 6 8 4 5 9 10 1 3 7 
20180726834 6 1 10 2 4 3 5 7 8 9 
20180726835 1 6 9 2 8 4 10 7 3 5 
20180726836 1 7 9 3 2 8 4 10 5 6 
20180726837 8 9 2 1 6 10 7 3 4 5 
20180726838 2 10 5 9 1 8 7 3 6 4 
20180726839 4 8 9 5 2 7 3 10 1 6 
20180726840 4 6 7 3 8 5 2 9 1 10 
20180726841 4 10 9 1 2 8 7 6 5 3 
20180726842 8 5 3 1 2 6 4 10 7 9 
20180726843 1 6 5 2 8 7 4 9 10 3 
20180726844 4 5 8 7 1 10 2 3 6 9 
20180726845 3 2 5 1 6 7 10 9 4 8 
20180726846 5 1 7 6 10 2 8 9 4 3 
20180726847 9 4 5 2 1 8 3 7 6 10 
20180726848 4 3 6 9 8 7 1 5 10 2 
20180726849 2 7 9 5 4 10 1 3 6 8 
20180726850 6 10 7 2 3 8 9 1 5 4 
20180726851 7 8 9 5 1 4 10 3 6 2 
20180726852 10 5 2 9 6 4 3 7 1 8 
20180726853 4 2 1 5 6 8 9 10 7 3 
20180726854 2 3 6 10 9 5 8 4 1 7 
20180726855 2 6 4 10 7 3 5 9 8 1 
20180726856 4 7 8 1 9 3 2 6 10 5 
20180726857 5 2 7 1 6 8 4 9 10 3 
20180726858 7 1 5 6 3 2 10 8 9 4 
20180726859 5 8 9 2 7 1 6 4 10 3 
20180726860 7 9 5 10 2 8 3 4 6 1 
20180726861 5 4 2 3 1 10 7 8 6 9 
20180726862 6 2 5 10 3 1 9 4 8 7 
20180726863 1 10 7 8 6 3 4 9 5 2 
20180726864 1 3 7 8 2 9 10 6 4 5 
20180726865 8 6 5 1 10 2 4 9 7 3 
20180726866 8 7 4 10 6 1 3 5 2 9 
20180726867 10 5 8 6 4 2 3 1 7 9 
20180726868 9 4 1 2 8 5 3 10 6 7 
20180726869 5 6 10 2 4 8 1 9 7 3 
20180726870 3 8 4 9 2 1 10 7 5 6 
20180726871 6 9 1 10 3 2 5 8 7 4 
20180726872 8 6 2 5 1 4 10 7 9 3 
20180726873 5 1 8 3 4 9 2 7 6 10 
20180726874 2 3 6 10 7 9 5 4 1 8 
20180726875 9 2 8 3 5 7 4 6 1 10 
20180726876 2 9 8 5 10 1 7 4 3 6 
20180726877 2 5 9 4 7 6 1 3 10 8 
20180726878 8 1 7 9 2 6 10 5 4 3 
20180726879 1 10 8 4 3 5 7 6 9 2 
20180726880 8 3 4 6 2 1 7 10 9 5 
20180726881 9 10 7 5 6 8 4 2 3 1 
20180726882 9 10 1 8 2 5 3 4 7 6 
20180726883 10 1 3 7 2 5 8 4 9 6 
20180726884 5 7 6 3 1 8 2 4 10 9 
20180726885 4 8 5 3 10 7 9 2 1 6 
20180726886 10 7 2 9 1 3 8 6 4 5 
20180726887 6 3 7 4 5 2 9 10 8 1 
20180726888 7 9 4 6 8 2 1 3 5 10 
20180726889 7 9 5 2 4 6 8 3 10 1 
20180726890 10 3 7 5 9 2 4 8 1 6 
20180726891 7 9 6 3 4 5 8 1 10 2 
20180726892 7 9 6 10 2 3 5 1 4 8 
20180726893 9 5 7 6 4 2 10 3 8 1 
20180726894 10 2 5 1 6 3 8 9 7 4 
20180726895 6 4 1 9 10 5 8 2 3 7 
20180726896 6 3 7 2 5 1 10 4 9 8 
20180726897 5 10 8 9 7 6 1 3 4 2 
20180726898 2 6 8 4 1 3 9 7 10 5 
20180726899 3 1 7 2 4 8 10 6 9 5 
20180726900 7 9 5 2 6 10 8 3 4 1 
20180726901 5 9 2 3 6 10 8 4 7 1 
20180726902 7 2 10 8 3 6 5 4 9 1 
20180726903 7 3 6 1 9 10 5 4 8 2 
20180726904 1 6 10 9 4 5 2 3 7 8 
20180726905 3 7 1 10 4 8 6 2 5 9 
20180726906 8 10 3 1 5 7 4 6 9 2 
20180726907 8 4 9 10 7 2 6 5 3 1 
20180726908 10 7 1 6 9 8 2 4 5 3 
20180726909 9 1 3 7 4 2 8 5 6 10 
20180726910 8 2 1 10 5 3 9 7 4 6 
20180726911 1 6 8 7 5 10 4 2 9 3 
20180726912 6 10 9 5 3 8 2 7 4 1 
20180726913 7 9 4 5 1 2 10 8 3 6 
20180726914 5 2 3 8 1 4 7 10 9 6 
20180726915 2 8 3 4 9 5 6 10 7 1 
20180726916 9 3 10 6 5 8 2 1 7 4 
20180726917 5 3 8 6 2 1 9 7 10 4 
20180726918 6 7 1 8 5 10 2 4 9 3 
20180726919 7 10 1 4 2 8 3 9 6 5 
20180726920 3 9 2 6 5 8 7 1 4 10 
20180726921 3 4 8 10 7 1 2 6 9 5 
20180726922 5 2 8 3 10 4 1 7 9 6 
20180726923 7 8 1 6 9 4 10 2 5 3 
20180726924 1 6 4 10 9 2 3 7 8 5 
20180726925 2 9 1 8 5 7 4 10 3 6 
20180726926 7 9 8 4 1 10 6 5 2 3 
20180726927 6 5 9 4 10 3 8 7 2 1 
20180726928 9 2 4 6 5 3 8 10 7 1 
20180726929 4 3 8 7 6 10 5 2 1 9 
20180726930 9 7 5 4 1 2 3 10 8 6 
20180726931 4 3 6 1 5 2 10 9 7 8 
20180726932 1 2 6 7 8 3 5 10 4 9 
20180726933 4 5 10 2 7 9 8 1 3 6 
20180726934 9 1 10 6 2 3 5 7 8 4 
20180726935 3 6 1 9 5 4 8 7 2 10 
20180726936 5 1 7 9 3 2 10 4 8 6 
20180726937 4 1 3 10 6 9 2 8 5 7 
20180726938 10 6 4 5 9 7 3 8 2 1 
20180726939 1 10 6 3 4 9 8 7 5 2 
20180726940 5 6 2 10 1 7 8 3 9 4 
20180726941 4 8 5 7 6 2 1 10 9 3 
20180726942 1 7 9 3 10 8 4 6 2 5 
20180726943 5 6 10 3 2 9 8 1 4 7 
20180726944 5 8 3 1 7 10 4 9 2 6 
20180726945 4 6 1 10 8 9 5 3 2 7 
20180726946 1 4 2 10 8 5 9 3 7 6 
20180726947 9 5 7 6 2 10 4 8 1 3 
20180726948 6 1 10 7 2 4 9 8 5 3 
20180726949 7 4 6 2 3 9 8 10 5 1 
20180726950 5 9 4 6 2 3 10 8 1 7 
20180726951 9 4 1 8 10 7 6 2 5 3 
20180726952 2 7 9 5 8 3 6 1 4 10 
20180726953 9 3 2 7 10 8 5 1 6 4 
20180726954 4 5 2 10 6 1 9 3 8 7 
20180726955 8 6 3 2 10 1 9 7 5 4 
20180726956 9 8 5 1 2 6 10 7 3 4 
20180726957 8 1 3 6 7 4 9 5 2 10 
20180726958 6 10 3 4 2 7 1 8 5 9 
20180726959 6 2 8 4 9 7 3 5 10 1 
20180726960 6 9 4 1 3 8 2 5 10 7 
20180726961 9 7 8 2 1 5 3 6 10 4 
20180726962 10 1 3 4 9 8 5 7 6 2 
20180726963 9 8 10 3 7 5 2 4 1 6 
20180726964 9 8 1 3 2 6 7 5 10 4 
20180726965 1 8 9 3 4 6 2 10 7 5 
20180726966 8 4 1 6 5 3 10 7 2 9 
20180726967 5 9 6 10 8 4 2 1 7 3 
20180726968 8 1 5 3 10 2 4 7 9 6 
20180726969 1 3 4 8 2 5 6 9 10 7 
20180726970 2 10 9 7 8 5 3 1 4 6 
20180726971 6 1 10 3 4 9 8 7 2 5 
20180726972 2 6 8 7 9 10 1 3 5 4 
20180726973 10 5 7 4 2 8 9 6 3 1 
20180726974 4 2 1 9 5 7 10 6 3 8 
20180726975 3 8 7 4 10 5 9 2 6 1 
20180726976 5 7 1 3 9 4 6 8 10 2 
20180726977 7 2 3 1 8 6 5 10 9 4 
20180726978 6 9 3 10 2 8 1 5 4 7 
20180726979 4 5 9 6 10 7 3 1 2 8 
20180726980 6 4 2 7 8 3 9 1 10 5 
20180726981 4 7 10 2 1 3 9 6 5 8 
20180726982 2 9 1 8 6 7 10 3 5 4 
20180726983 5 3 4 2 9 1 6 10 7 8 
20180726984 8 9 3 2 1 5 6 10 4 7 
20180726985 3 8 5 9 2 1 10 6 7 4 
