20180706001 8 6 4 1 10 5 9 2 3 7 
20180706002 3 1 7 6 4 10 5 8 9 2 
20180706003 2 3 7 9 5 8 1 4 10 6 
20180706004 6 5 4 2 10 8 7 9 3 1 
20180706005 2 8 6 9 5 10 7 3 4 1 
20180706006 9 8 5 3 6 7 4 2 10 1 
20180706007 9 8 1 4 7 10 3 6 2 5 
20180706008 4 9 5 7 1 8 3 6 2 10 
20180706009 10 2 1 8 9 7 3 6 5 4 
20180706010 7 2 6 4 10 5 1 8 9 3 
20180706011 4 5 10 3 1 8 6 7 2 9 
20180706012 1 3 8 6 5 2 9 7 10 4 
20180706013 8 6 1 10 5 4 2 3 7 9 
20180706014 8 6 9 2 4 3 7 5 1 10 
20180706015 6 7 5 8 4 10 3 9 2 1 
20180706016 2 7 6 9 10 1 4 3 8 5 
20180706017 9 6 1 7 10 3 4 2 5 8 
20180706018 5 9 1 7 6 10 3 2 8 4 
20180706019 8 1 9 10 4 6 3 2 5 7 
20180706020 4 2 6 10 5 1 9 7 8 3 
20180706021 2 10 4 9 8 7 1 5 6 3 
20180706022 5 2 6 8 7 4 9 10 1 3 
20180706023 2 10 5 4 6 9 7 8 3 1 
20180706024 3 10 9 1 7 4 6 8 2 5 
20180706025 3 7 6 9 1 4 2 8 10 5 
20180706026 8 2 5 10 9 3 6 7 1 4 
20180706027 5 2 8 10 1 7 3 6 9 4 
20180706028 8 10 2 3 6 1 4 5 9 7 
20180706029 6 10 1 2 3 9 7 4 8 5 
20180706030 3 2 7 4 8 5 9 6 1 10 
20180706031 6 10 4 9 5 3 1 8 2 7 
20180706032 6 7 2 5 1 4 8 10 9 3 
20180706033 7 1 10 2 6 3 5 4 9 8 
20180706034 3 7 9 10 4 2 1 6 8 5 
20180706035 6 7 5 3 2 8 9 4 1 10 
20180706036 8 6 4 5 3 10 2 9 7 1 
20180706037 10 9 2 1 6 7 8 4 5 3 
20180706038 10 2 4 6 5 8 7 9 1 3 
20180706039 2 4 6 7 8 10 5 3 9 1 
20180706040 1 6 2 3 5 7 10 4 9 8 
20180706041 1 4 6 3 5 9 8 7 10 2 
20180706042 4 7 8 10 1 3 9 2 6 5 
20180706043 7 9 6 5 2 1 10 3 4 8 
20180706044 8 6 4 2 3 5 1 10 7 9 
20180706045 8 2 5 1 7 9 4 6 10 3 
20180706046 10 7 5 1 4 9 3 6 8 2 
20180706047 6 10 2 1 4 3 8 7 9 5 
20180706048 10 1 8 6 4 5 9 2 3 7 
20180706049 4 10 3 5 8 6 7 9 2 1 
20180706050 9 10 4 6 3 7 5 2 8 1 
20180706051 4 6 1 3 8 7 9 5 10 2 
20180706052 2 6 10 7 9 5 4 3 1 8 
20180706053 10 3 5 1 4 8 6 9 2 7 
20180706054 7 5 10 9 1 2 6 4 8 3 
20180706055 8 6 4 5 1 7 2 9 10 3 
20180706056 6 4 2 3 10 8 7 5 1 9 
20180706057 4 8 7 10 1 2 3 9 5 6 
20180706058 5 4 1 6 2 9 8 3 7 10 
20180706059 10 3 8 7 5 4 9 6 1 2 
20180706060 10 8 5 2 1 6 3 7 9 4 
20180706061 10 6 3 8 7 1 2 4 9 5 
20180706062 5 8 4 1 7 2 9 6 3 10 
20180706063 9 3 5 1 6 8 2 4 7 10 
20180706064 8 7 9 6 1 2 3 4 10 5 
20180706065 10 4 1 8 9 2 6 7 5 3 
20180706066 7 8 5 1 9 3 4 6 2 10 
20180706067 4 10 3 1 2 6 7 5 8 9 
20180706068 7 10 4 3 6 2 1 9 5 8 
20180706069 10 9 7 4 6 5 8 1 2 3 
20180706070 6 8 3 1 4 10 9 2 7 5 
20180706071 10 5 2 4 6 3 1 8 9 7 
20180706072 8 7 9 5 1 3 6 10 4 2 
20180706073 1 4 5 7 10 8 6 3 2 9 
20180706074 8 3 9 5 10 4 1 2 6 7 
20180706075 6 1 2 7 9 3 5 10 4 8 
20180706076 4 5 8 2 7 1 6 9 3 10 
20180706077 6 3 7 4 1 8 2 5 10 9 
20180706078 6 9 10 8 3 1 4 7 5 2 
20180706079 7 3 6 1 8 9 2 4 5 10 
20180706080 2 8 4 1 6 3 7 5 10 9 
20180706081 5 2 10 4 1 6 3 7 9 8 
20180706082 8 7 6 1 2 5 3 4 9 10 
20180706083 2 6 8 3 4 10 7 1 9 5 
20180706084 7 6 10 8 4 1 2 9 5 3 
20180706085 2 1 8 6 5 10 3 7 4 9 
20180706086 1 9 4 10 6 8 7 3 2 5 
20180706087 1 5 7 6 9 4 8 10 2 3 
20180706088 2 10 5 6 7 3 4 1 8 9 
20180706089 4 8 2 1 10 3 6 7 5 9 
20180706090 2 1 3 5 9 10 4 7 8 6 
20180706091 9 6 1 4 5 7 8 3 10 2 
20180706092 4 10 9 3 8 7 6 5 1 2 
20180706093 8 1 10 5 7 9 6 4 2 3 
20180706094 1 9 3 8 5 4 2 7 10 6 
20180706095 9 6 3 1 2 4 10 5 8 7 
20180706096 7 8 2 4 9 10 3 6 1 5 
20180706097 2 4 9 5 3 7 6 8 1 10 
20180706098 1 6 4 9 3 10 2 5 8 7 
20180706099 5 6 8 9 7 10 2 1 3 4 
20180706100 4 2 9 1 6 7 5 10 8 3 
20180706101 4 3 6 5 2 9 10 7 1 8 
20180706102 7 1 10 4 8 2 9 3 5 6 
20180706103 5 10 6 1 2 4 8 9 7 3 
20180706104 5 8 4 1 7 3 2 9 10 6 
20180706105 3 2 6 8 4 5 9 1 10 7 
20180706106 7 1 5 6 9 4 8 3 10 2 
20180706107 10 9 7 8 5 4 3 1 2 6 
20180706108 6 5 7 2 1 8 4 10 9 3 
20180706109 3 10 6 1 4 8 2 7 9 5 
20180706110 7 1 10 5 9 3 6 8 4 2 
20180706111 4 8 6 2 7 10 3 5 1 9 
20180706112 2 4 9 3 7 5 8 6 10 1 
20180706113 6 4 8 2 1 7 9 5 10 3 
20180706114 7 5 9 3 4 8 10 1 2 6 
20180706115 6 2 1 3 9 4 10 8 5 7 
20180706116 9 8 5 2 1 6 3 4 10 7 
20180706117 8 2 4 3 1 6 10 9 7 5 
20180706118 1 7 3 6 4 5 9 8 2 10 
20180706119 1 6 3 5 2 9 8 10 4 7 
20180706120 9 7 2 1 5 10 4 3 8 6 
20180706121 10 3 2 4 1 7 8 5 9 6 
20180706122 6 9 2 3 10 5 8 1 4 7 
20180706123 7 5 6 4 10 2 9 8 3 1 
20180706124 10 4 2 3 5 9 1 6 8 7 
20180706125 4 8 9 10 5 7 6 3 2 1 
20180706126 1 6 7 2 10 5 8 4 3 9 
20180706127 1 3 10 5 4 9 6 7 8 2 
20180706128 10 4 8 2 5 6 3 9 1 7 
20180706129 5 3 7 2 6 8 9 10 1 4 
20180706130 9 4 2 1 5 7 3 6 8 10 
20180706131 10 5 8 1 4 7 3 2 6 9 
20180706132 9 2 1 5 8 10 7 4 6 3 
20180706133 10 6 4 2 9 7 3 1 5 8 
20180706134 4 8 7 9 10 2 1 3 5 6 
20180706135 4 10 8 6 1 9 3 2 5 7 
20180706136 2 8 7 4 1 9 6 10 3 5 
20180706137 1 8 4 3 5 9 2 7 6 10 
20180706138 8 9 7 10 1 6 5 3 4 2 
20180706139 3 2 7 8 1 6 10 9 5 4 
20180706140 3 5 2 1 7 9 4 8 10 6 
20180706141 9 7 10 3 8 1 6 5 2 4 
20180706142 4 9 8 2 5 7 1 10 6 3 
20180706143 9 8 10 4 1 6 2 5 3 7 
20180706144 1 4 6 10 2 9 8 3 7 5 
20180706145 10 5 7 2 8 9 1 3 6 4 
20180706146 9 10 1 8 3 4 6 5 7 2 
20180706147 6 5 8 3 7 4 2 10 1 9 
20180706148 4 9 1 7 2 10 5 3 6 8 
20180706149 7 10 2 3 4 9 1 5 8 6 
20180706150 8 7 6 4 2 5 1 9 3 10 
20180706151 9 3 10 7 5 8 4 6 1 2 
20180706152 3 6 2 1 8 4 10 7 9 5 
20180706153 7 3 4 5 2 10 1 6 9 8 
20180706154 9 1 3 5 4 7 2 10 6 8 
20180706155 4 3 5 8 9 2 10 6 1 7 
20180706156 9 5 4 8 1 3 10 6 2 7 
20180706157 7 9 6 8 4 2 10 3 1 5 
20180706158 10 7 2 3 6 4 9 8 5 1 
20180706159 4 2 8 5 1 9 3 7 6 10 
20180706160 3 9 5 10 4 8 1 7 2 6 
20180706161 5 1 9 8 4 2 3 6 7 10 
20180706162 1 10 5 9 2 3 4 6 7 8 
20180706163 2 5 10 8 3 9 6 4 7 1 
20180706164 1 9 10 7 8 2 4 6 3 5 
20180706165 3 5 9 8 2 4 7 1 10 6 
20180706166 2 6 10 1 7 5 3 9 8 4 
20180706167 4 9 5 2 10 1 3 6 8 7 
20180706168 2 3 8 9 10 4 7 6 5 1 
20180706169 2 6 7 5 3 1 4 9 10 8 
20180706170 9 5 8 4 1 6 2 3 7 10 
20180706171 10 5 6 4 7 1 8 9 3 2 
20180706172 6 2 5 4 7 9 8 1 10 3 
20180706173 4 2 3 1 6 10 5 9 7 8 
20180706174 9 6 7 8 1 3 4 2 10 5 
20180706175 6 5 8 7 3 10 1 2 9 4 
20180706176 9 8 3 7 5 4 10 1 2 6 
20180706177 1 9 5 3 10 4 7 6 8 2 
20180706178 10 2 6 9 3 1 7 8 4 5 
20180706179 6 3 10 1 5 9 8 4 7 2 
20180706180 3 8 5 4 7 6 2 9 1 10 
20180706181 10 6 4 7 2 5 9 8 1 3 
20180706182 3 4 8 5 2 7 9 6 1 10 
20180706183 5 7 9 3 10 2 6 8 1 4 
20180706184 10 9 5 1 6 3 4 2 8 7 
20180706185 1 9 2 5 8 7 10 3 4 6 
20180706186 5 2 6 8 1 9 4 10 3 7 
20180706187 2 3 1 7 4 8 9 10 5 6 
20180706188 8 5 9 7 4 6 2 10 1 3 
20180706189 10 9 1 3 2 8 7 5 4 6 
20180706190 6 2 3 7 8 4 5 10 9 1 
20180706191 1 2 6 3 10 7 4 9 5 8 
20180706192 7 9 10 5 3 8 1 6 4 2 
20180706193 9 7 10 1 5 8 4 2 3 6 
20180706194 9 3 5 7 6 2 8 4 1 10 
20180706195 3 2 7 8 4 10 9 1 5 6 
20180706196 7 1 6 5 3 10 9 8 4 2 
20180706197 7 3 9 6 1 10 5 4 2 8 
20180706198 8 3 2 5 1 7 10 9 4 6 
20180706199 8 7 2 4 1 9 10 5 3 6 
20180706200 2 9 6 8 1 10 5 3 7 4 
20180706201 4 2 1 6 10 5 8 3 9 7 
20180706202 1 4 9 8 3 7 10 6 5 2 
20180706203 9 7 5 6 1 10 3 4 2 8 
20180706204 7 3 6 5 10 4 2 1 9 8 
20180706205 6 9 10 3 8 7 5 2 1 4 
20180706206 4 8 7 1 2 9 5 3 10 6 
20180706207 10 6 1 7 2 8 9 3 4 5 
20180706208 6 3 9 1 7 2 8 10 5 4 
20180706209 10 2 3 4 5 6 7 1 8 9 
20180706210 9 10 2 1 7 4 5 6 8 3 
20180706211 2 10 7 8 6 1 3 9 4 5 
20180706212 10 2 1 5 9 4 3 8 7 6 
20180706213 1 9 3 6 2 7 5 8 10 4 
20180706214 2 10 5 1 8 9 4 3 7 6 
20180706215 3 6 7 8 4 5 10 2 1 9 
20180706216 2 5 8 10 6 9 7 1 4 3 
20180706217 5 6 3 10 2 9 1 7 8 4 
20180706218 5 1 7 4 6 9 8 10 3 2 
20180706219 6 5 3 1 7 9 4 2 8 10 
20180706220 3 4 5 6 1 8 10 7 9 2 
20180706221 8 7 6 5 9 2 3 10 4 1 
20180706222 4 2 7 9 8 10 3 5 6 1 
20180706223 2 3 6 1 4 8 5 7 10 9 
20180706224 2 4 7 1 5 3 8 9 6 10 
20180706225 2 6 10 1 9 8 5 4 3 7 
20180706226 8 2 7 10 5 3 9 1 6 4 
20180706227 10 7 1 5 3 6 2 4 8 9 
20180706228 8 7 2 4 6 5 9 10 1 3 
20180706229 9 8 6 7 5 10 1 4 2 3 
20180706230 8 3 10 4 7 1 5 6 2 9 
20180706231 3 10 1 2 6 4 5 7 9 8 
20180706232 8 7 3 5 4 6 10 9 1 2 
20180706233 4 2 1 5 10 8 7 3 9 6 
20180706234 3 2 8 10 7 9 4 5 1 6 
20180706235 4 9 7 10 6 5 8 3 1 2 
20180706236 8 2 5 7 3 4 1 10 6 9 
20180706237 3 6 10 1 4 9 5 8 2 7 
20180706238 6 4 1 2 3 5 8 7 10 9 
20180706239 10 2 4 3 9 6 8 7 5 1 
20180706240 7 6 4 3 5 8 10 2 1 9 
20180706241 1 7 6 9 10 4 2 8 5 3 
20180706242 10 9 3 7 6 5 8 2 4 1 
20180706243 5 9 10 6 3 8 2 7 1 4 
20180706244 6 8 4 2 10 5 3 9 7 1 
20180706245 5 6 8 3 2 9 7 10 4 1 
20180706246 1 5 6 2 7 9 8 10 4 3 
20180706247 3 8 10 9 4 1 2 6 5 7 
20180706248 10 3 4 8 7 1 9 2 5 6 
20180706249 4 7 8 6 9 1 10 5 3 2 
20180706250 7 5 1 9 3 10 2 8 4 6 
20180706251 8 10 7 2 3 1 5 9 6 4 
20180706252 3 5 8 1 7 2 4 10 9 6 
20180706253 4 10 2 7 6 5 9 1 8 3 
20180706254 1 6 2 7 4 3 8 5 9 10 
20180706255 1 3 10 8 6 5 9 7 2 4 
20180706256 4 8 6 7 1 10 9 2 3 5 
20180706257 4 10 7 8 1 9 2 3 5 6 
20180706258 8 9 6 7 2 3 5 4 1 10 
20180706259 8 4 5 1 2 10 6 7 3 9 
20180706260 10 6 3 1 7 8 9 4 2 5 
20180706261 10 4 2 9 3 6 7 1 5 8 
20180706262 1 6 7 2 10 5 4 9 3 8 
20180706263 1 3 10 2 7 5 6 8 9 4 
20180706264 9 5 10 8 3 4 2 6 7 1 
20180706265 1 3 7 8 2 5 9 10 6 4 
20180706266 3 10 1 8 4 9 6 5 7 2 
20180706267 10 5 3 9 2 6 1 4 7 8 
20180706268 2 4 7 5 1 9 8 3 10 6 
20180706269 4 5 7 6 3 2 8 10 9 1 
20180706270 6 10 3 5 8 1 9 4 2 7 
20180706271 5 3 9 6 7 8 2 4 10 1 
20180706272 6 7 8 10 2 5 4 3 9 1 
20180706273 10 8 1 7 2 4 5 3 9 6 
20180706274 6 4 9 2 10 1 7 8 5 3 
20180706275 7 2 5 3 4 9 6 10 1 8 
20180706276 2 5 7 4 8 1 9 10 3 6 
20180706277 9 2 10 8 3 4 5 6 1 7 
20180706278 9 10 3 7 5 8 6 4 1 2 
20180706279 8 10 5 3 1 9 7 6 4 2 
20180706280 6 9 10 8 5 4 2 7 3 1 
20180706281 2 10 1 6 7 4 8 5 3 9 
20180706282 6 8 1 5 10 7 4 2 9 3 
20180706283 6 8 1 9 2 7 10 5 3 4 
20180706284 2 4 3 6 9 5 10 7 1 8 
20180706285 4 3 10 5 2 7 6 8 9 1 
20180706286 10 6 7 2 4 9 1 8 5 3 
20180706287 8 10 3 2 4 1 5 6 9 7 
20180706288 9 7 3 6 5 1 4 2 10 8 
20180706289 8 7 2 3 6 5 10 4 1 9 
20180706290 3 8 7 4 2 6 9 10 1 5 
20180706291 2 10 1 8 5 4 7 9 6 3 
20180706292 9 2 6 1 8 5 3 4 10 7 
20180706293 10 5 4 3 9 8 1 2 6 7 
20180706294 3 5 7 1 6 4 10 8 2 9 
20180706295 9 5 7 4 10 8 6 1 2 3 
20180706296 4 5 1 2 9 10 6 8 3 7 
20180706297 9 7 8 1 2 6 5 4 10 3 
20180706298 7 9 2 10 5 3 8 6 1 4 
20180706299 4 1 5 8 7 6 10 9 3 2 
20180706300 9 8 10 3 1 6 5 7 4 2 
20180706301 6 3 8 10 4 9 2 1 5 7 
20180706302 5 6 1 10 7 9 2 3 4 8 
20180706303 2 5 4 9 10 8 6 1 7 3 
20180706304 7 5 9 3 10 2 1 6 8 4 
20180706305 5 9 4 2 7 10 3 8 1 6 
20180706306 3 7 8 5 9 1 2 4 10 6 
20180706307 2 8 6 5 9 10 3 4 1 7 
20180706308 6 5 3 2 7 10 1 4 8 9 
20180706309 1 5 8 4 6 10 2 3 9 7 
20180706310 10 8 7 3 9 5 6 2 1 4 
20180706311 9 3 1 6 7 5 8 2 10 4 
20180706312 9 5 10 8 6 2 7 3 4 1 
20180706313 8 3 9 6 1 10 5 2 4 7 
20180706314 9 10 7 3 6 8 1 2 5 4 
20180706315 10 2 3 9 4 1 6 7 5 8 
20180706316 1 7 4 10 9 6 3 8 2 5 
20180706317 10 5 6 8 2 1 3 9 7 4 
20180706318 10 3 6 8 1 7 9 4 2 5 
20180706319 3 4 2 10 8 5 9 6 1 7 
20180706320 1 2 6 5 10 7 9 4 3 8 
20180706321 2 5 4 3 10 7 6 1 9 8 
20180706322 4 6 9 3 8 10 1 5 2 7 
20180706323 5 3 9 4 2 10 8 6 1 7 
20180706324 5 2 8 6 9 7 1 3 10 4 
20180706325 6 5 8 7 10 2 4 1 9 3 
20180706326 1 7 8 4 2 5 9 10 3 6 
20180706327 3 10 8 2 4 6 7 1 5 9 
20180706328 1 5 7 3 10 8 4 2 6 9 
20180706329 2 10 9 3 6 1 5 8 7 4 
20180706330 4 1 7 10 8 9 5 3 6 2 
20180706331 8 2 10 5 4 9 7 3 6 1 
20180706332 2 9 3 4 5 7 6 1 8 10 
20180706333 3 5 7 6 10 9 2 4 1 8 
20180706334 1 4 10 5 8 2 9 3 6 7 
20180706335 9 10 4 1 7 6 5 2 3 8 
20180706336 9 10 5 2 8 1 4 3 6 7 
20180706337 10 5 9 1 2 4 3 7 6 8 
20180706338 8 3 9 10 4 7 2 5 1 6 
20180706339 7 9 1 8 3 10 6 2 4 5 
20180706340 7 1 6 4 8 9 5 2 3 10 
20180706341 7 1 9 3 4 8 5 2 6 10 
20180706342 8 7 3 10 9 1 6 2 4 5 
20180706343 8 10 6 9 1 5 4 2 7 3 
20180706344 6 4 10 2 9 1 8 7 3 5 
20180706345 4 10 9 1 7 3 2 8 5 6 
20180706346 2 7 5 6 9 1 3 4 10 8 
20180706347 1 9 7 4 5 3 6 2 10 8 
20180706348 7 6 2 9 4 3 8 1 10 5 
20180706349 6 2 9 4 8 1 10 3 5 7 
20180706350 10 7 8 6 4 5 3 9 1 2 
20180706351 8 2 3 9 4 5 10 6 1 7 
20180706352 8 4 10 5 9 2 6 3 1 7 
20180706353 1 8 7 3 9 2 10 6 4 5 
20180706354 8 1 5 4 9 6 10 2 7 3 
20180706355 6 1 8 2 10 9 5 3 4 7 
20180706356 7 8 3 4 6 10 9 1 2 5 
20180706357 2 3 9 8 1 10 6 4 7 5 
20180706358 3 6 7 1 9 5 4 8 2 10 
20180706359 10 7 2 9 4 3 6 1 5 8 
20180706360 9 3 8 7 10 5 2 6 4 1 
20180706361 1 4 10 9 5 8 2 7 6 3 
20180706362 8 5 10 9 7 3 1 6 2 4 
20180706363 9 2 5 4 6 8 7 10 3 1 
20180706364 5 8 9 4 1 6 3 10 7 2 
20180706365 9 7 2 8 5 10 6 1 4 3 
20180706366 6 4 10 1 9 3 7 2 5 8 
20180706367 7 10 1 5 4 6 3 9 2 8 
20180706368 1 3 4 10 9 6 8 2 7 5 
20180706369 6 1 10 3 4 8 9 7 2 5 
20180706370 7 4 5 6 8 10 9 1 3 2 
20180706371 4 7 1 8 6 3 5 10 9 2 
20180706372 10 6 8 9 1 7 3 2 4 5 
20180706373 7 9 6 5 3 4 2 8 10 1 
20180706374 10 4 2 1 5 7 3 9 6 8 
20180706375 2 7 5 9 4 1 6 10 8 3 
20180706376 9 6 5 8 4 3 7 1 2 10 
20180706377 9 8 6 4 2 1 7 5 3 10 
20180706378 4 3 10 5 9 6 7 8 1 2 
20180706379 8 1 2 6 9 5 7 4 3 10 
20180706380 5 6 2 10 4 8 7 9 1 3 
20180706381 7 5 10 3 9 8 2 1 4 6 
20180706382 10 8 7 4 6 1 2 9 3 5 
20180706383 5 8 10 2 3 6 4 1 7 9 
20180706384 8 3 2 1 6 4 7 9 10 5 
20180706385 2 7 5 6 3 4 9 8 10 1 
20180706386 9 5 6 3 1 7 8 10 4 2 
20180706387 7 10 1 2 3 9 8 6 5 4 
20180706388 6 7 4 8 10 1 9 2 3 5 
20180706389 8 3 2 7 5 10 9 4 6 1 
20180706390 3 8 2 4 1 9 10 5 7 6 
20180706391 10 3 4 7 1 9 8 2 6 5 
20180706392 3 6 1 2 7 10 8 5 9 4 
20180706393 10 9 1 7 5 6 3 8 4 2 
20180706394 9 5 6 3 10 1 8 2 7 4 
20180706395 8 4 7 2 3 1 10 5 9 6 
20180706396 4 3 2 10 7 1 8 6 5 9 
20180706397 4 6 9 7 5 2 3 8 10 1 
20180706398 3 8 6 7 1 9 2 5 4 10 
20180706399 7 2 5 9 3 1 10 4 6 8 
20180706400 7 6 10 3 4 2 8 1 9 5 
20180706401 8 7 3 1 5 2 9 10 6 4 
20180706402 4 9 3 10 8 7 5 6 1 2 
20180706403 9 1 6 2 5 7 8 3 4 10 
20180706404 6 9 1 5 3 4 2 10 8 7 
20180706405 9 8 4 7 5 2 6 1 10 3 
20180706406 10 2 3 9 7 1 6 4 5 8 
20180706407 5 9 10 7 6 4 8 1 3 2 
20180706408 7 3 10 5 9 1 2 4 8 6 
20180706409 3 1 4 5 2 8 7 6 10 9 
20180706410 2 9 5 8 1 4 6 10 7 3 
20180706411 6 4 1 10 5 3 2 8 9 7 
20180706412 2 6 8 4 5 7 9 1 3 10 
20180706413 3 5 7 6 10 1 4 8 9 2 
20180706414 1 10 6 8 7 3 9 5 2 4 
20180706415 4 8 10 1 5 7 2 3 6 9 
20180706416 10 9 2 3 7 4 5 8 1 6 
20180706417 6 9 3 2 8 5 7 1 10 4 
20180706418 1 2 10 4 9 8 7 5 6 3 
20180706419 7 2 1 5 4 3 10 6 8 9 
20180706420 9 6 7 2 4 3 10 5 8 1 
20180706421 5 8 2 4 10 1 6 7 3 9 
20180706422 9 6 2 3 1 10 5 8 4 7 
20180706423 10 7 8 1 5 6 9 4 2 3 
20180706424 2 5 8 10 9 4 6 1 7 3 
20180706425 8 6 7 2 5 10 3 4 9 1 
20180706426 6 4 9 5 3 7 10 1 8 2 
20180706427 1 9 2 4 10 3 5 6 8 7 
20180706428 3 5 9 6 10 2 4 1 7 8 
20180706429 6 4 2 9 1 8 10 3 5 7 
20180706430 1 6 8 10 4 5 2 3 9 7 
20180706431 2 6 9 5 8 7 4 10 1 3 
20180706432 9 7 10 3 6 2 4 8 5 1 
20180706433 4 5 3 6 10 1 9 2 7 8 
20180706434 1 5 6 4 8 3 2 7 9 10 
20180706435 2 7 1 8 5 3 4 9 6 10 
20180706436 9 2 1 10 3 8 4 5 6 7 
20180706437 2 3 4 1 7 10 9 8 5 6 
20180706438 6 5 1 7 4 10 9 3 2 8 
20180706439 6 5 10 7 9 1 8 2 4 3 
20180706440 10 6 1 5 2 9 4 7 3 8 
20180706441 8 9 3 2 10 6 1 7 5 4 
20180706442 10 2 4 1 6 8 5 9 7 3 
20180706443 2 4 5 9 8 3 7 10 1 6 
20180706444 1 7 8 10 2 6 3 4 9 5 
20180706445 1 2 10 7 4 3 9 8 6 5 
20180706446 5 2 8 6 9 3 7 10 4 1 
20180706447 5 7 6 1 2 4 8 9 10 3 
20180706448 7 3 9 6 1 5 10 8 2 4 
20180706449 5 1 8 4 7 2 10 9 6 3 
20180706450 1 10 5 8 2 3 4 6 9 7 
20180706451 7 1 6 9 5 4 10 8 2 3 
20180706452 5 9 1 8 4 6 10 2 3 7 
20180706453 6 7 3 8 1 9 10 4 2 5 
20180706454 6 3 7 5 10 1 4 9 8 2 
20180706455 1 2 7 3 10 8 9 4 6 5 
20180706456 2 6 4 7 9 3 10 8 5 1 
20180706457 4 3 7 2 10 5 1 6 9 8 
20180706458 9 2 8 3 1 7 4 6 10 5 
20180706459 8 2 3 7 10 4 5 9 1 6 
20180706460 7 2 6 3 4 10 9 5 8 1 
20180706461 10 2 3 7 6 4 1 9 8 5 
20180706462 7 6 2 5 4 10 3 9 1 8 
20180706463 9 3 2 7 10 1 8 5 6 4 
20180706464 6 3 4 5 2 9 10 1 8 7 
20180706465 2 10 5 1 7 9 6 3 4 8 
20180706466 5 8 3 9 1 6 7 10 4 2 
20180706467 5 3 6 7 9 1 10 2 4 8 
20180706468 7 6 1 2 5 10 8 3 9 4 
20180706469 10 1 4 9 8 2 7 3 6 5 
20180706470 3 1 9 10 2 5 8 6 7 4 
20180706471 4 7 5 1 2 10 6 9 8 3 
20180706472 2 4 8 7 9 5 10 1 6 3 
20180706473 5 8 7 1 10 3 2 6 4 9 
20180706474 8 9 1 10 5 6 3 2 4 7 
20180706475 8 3 6 7 10 2 5 4 1 9 
20180706476 6 4 10 5 8 3 1 9 7 2 
20180706477 10 5 6 3 4 9 7 2 8 1 
20180706478 4 3 9 1 2 7 8 5 6 10 
20180706479 10 9 6 2 7 4 1 5 3 8 
20180706480 4 7 3 2 9 10 6 1 5 8 
20180706481 10 1 9 6 7 4 3 5 8 2 
20180706482 2 4 9 3 7 8 10 1 6 5 
20180706483 9 4 5 3 6 10 2 1 7 8 
20180706484 2 10 6 7 3 1 9 4 5 8 
20180706485 3 6 10 8 5 7 2 9 1 4 
20180706486 9 2 1 7 4 10 3 6 8 5 
20180706487 4 1 9 5 8 7 10 2 3 6 
20180706488 10 1 5 4 6 8 3 9 2 7 
20180706489 8 2 9 3 6 4 5 7 1 10 
20180706490 4 6 2 1 3 9 5 7 10 8 
20180706491 3 2 8 6 5 4 10 9 7 1 
20180706492 6 1 10 9 5 3 4 7 8 2 
20180706493 1 8 9 2 5 3 7 4 10 6 
20180706494 10 5 4 2 7 1 9 6 3 8 
20180706495 7 8 2 1 5 10 9 4 6 3 
20180706496 4 3 6 2 7 10 8 9 5 1 
20180706497 7 9 3 8 1 4 2 10 6 5 
20180706498 7 6 5 2 8 1 10 3 4 9 
20180706499 8 3 6 1 10 9 7 2 4 5 
20180706500 4 2 9 8 3 1 6 10 7 5 
20180706501 6 3 10 1 7 8 5 2 9 4 
20180706502 10 8 4 5 3 9 2 6 1 7 
20180706503 6 8 7 4 2 1 3 10 9 5 
20180706504 4 8 3 10 6 1 5 9 2 7 
20180706505 6 5 8 4 1 7 9 3 2 10 
20180706506 1 7 8 4 10 5 6 3 2 9 
20180706507 1 7 3 4 2 9 6 10 5 8 
20180706508 4 6 10 2 7 8 5 3 1 9 
20180706509 1 8 10 9 6 3 5 2 4 7 
20180706510 10 5 4 9 3 8 2 6 7 1 
20180706511 5 10 1 2 3 4 9 7 6 8 
20180706512 3 1 9 2 5 8 6 7 4 10 
20180706513 1 5 7 3 6 2 9 8 10 4 
20180706514 4 6 1 10 7 8 2 9 5 3 
20180706515 8 1 10 4 7 3 6 5 2 9 
20180706516 2 8 7 1 3 10 9 6 5 4 
20180706517 9 7 2 3 5 1 4 6 10 8 
20180706518 1 8 10 7 9 4 3 6 5 2 
20180706519 1 3 4 8 5 7 2 9 6 10 
20180706520 2 6 3 5 9 10 7 8 1 4 
20180706521 3 10 6 1 5 4 9 7 8 2 
20180706522 9 6 8 7 1 2 5 10 3 4 
20180706523 2 10 1 3 7 5 9 4 8 6 
20180706524 7 10 2 5 9 6 1 3 8 4 
20180706525 1 7 9 5 6 4 2 10 3 8 
20180706526 7 6 2 1 8 10 4 3 5 9 
20180706527 1 4 10 7 6 8 3 5 9 2 
20180706528 10 9 7 8 1 4 5 6 2 3 
20180706529 5 2 8 6 7 3 1 9 10 4 
20180706530 7 10 1 6 9 3 5 4 2 8 
20180706531 9 7 5 3 2 8 10 6 4 1 
20180706532 2 4 3 1 8 9 10 6 7 5 
20180706533 9 6 1 2 3 4 10 7 5 8 
20180706534 9 2 6 7 1 5 4 3 8 10 
20180706535 3 1 10 7 6 8 5 2 4 9 
20180706536 10 3 5 8 4 7 9 6 2 1 
20180706537 5 6 8 7 9 2 4 1 10 3 
20180706538 3 5 8 10 2 6 1 7 9 4 
20180706539 3 5 10 2 9 4 1 6 7 8 
20180706540 3 9 8 6 5 10 1 7 2 4 
20180706541 8 3 7 10 9 5 4 2 6 1 
20180706542 3 6 5 9 10 2 4 1 7 8 
20180706543 10 5 6 4 7 1 8 2 3 9 
20180706544 4 5 2 9 1 10 3 6 8 7 
20180706545 4 1 2 10 8 5 3 6 9 7 
20180706546 2 8 7 1 4 5 6 9 3 10 
20180706547 1 2 3 10 6 9 4 8 7 5 
20180706548 3 2 7 4 9 5 8 6 1 10 
20180706549 8 2 5 6 4 7 1 3 10 9 
20180706550 3 10 2 8 5 6 7 9 4 1 
20180706551 10 9 7 2 5 3 1 6 8 4 
20180706552 10 4 9 8 3 7 2 1 6 5 
20180706553 4 5 10 6 3 7 8 1 9 2 
20180706554 10 7 1 3 2 8 9 5 4 6 
20180706555 3 9 7 1 4 10 5 8 6 2 
20180706556 5 7 1 4 8 6 3 2 9 10 
20180706557 5 10 8 2 6 3 7 4 9 1 
20180706558 7 8 6 9 4 5 3 10 2 1 
20180706559 2 6 5 1 7 10 3 4 8 9 
20180706560 2 4 8 5 6 1 10 9 3 7 
20180706561 1 10 9 5 4 3 2 7 6 8 
20180706562 2 6 7 8 5 10 4 1 9 3 
20180706563 2 4 6 9 8 10 3 1 7 5 
20180706564 4 1 5 2 6 8 7 3 9 10 
20180706565 7 10 6 9 2 3 8 1 5 4 
20180706566 4 1 3 8 2 7 5 6 10 9 
20180706567 8 3 2 10 4 1 6 7 5 9 
20180706568 10 1 2 7 6 5 8 3 9 4 
20180706569 8 2 10 1 6 9 4 7 5 3 
20180706570 4 6 9 2 5 3 10 1 7 8 
20180706571 3 6 10 4 1 8 2 9 7 5 
20180706572 10 2 8 3 5 7 6 9 4 1 
20180706573 7 6 8 9 1 4 10 5 3 2 
20180706574 10 5 8 1 6 7 2 4 3 9 
20180706575 3 9 8 7 4 5 1 6 10 2 
20180706576 8 7 4 2 9 6 5 1 3 10 
20180706577 4 8 1 5 6 2 3 7 10 9 
20180706578 1 2 5 8 3 4 10 9 6 7 
20180706579 5 2 6 3 9 8 7 10 4 1 
20180706580 10 1 8 3 5 7 2 9 6 4 
20180706581 4 1 6 7 5 9 8 2 3 10 
20180706582 10 4 7 3 9 5 8 2 1 6 
20180706583 1 8 4 7 6 5 10 2 3 9 
20180706584 10 7 3 1 9 2 4 5 8 6 
20180706585 6 4 7 3 1 10 8 2 5 9 
20180706586 6 8 5 1 3 9 7 2 10 4 
20180706587 1 5 6 4 8 10 9 3 2 7 
20180706588 3 5 7 4 8 9 1 10 2 6 
20180706589 3 4 9 7 10 1 8 5 2 6 
20180706590 6 2 5 1 9 10 3 8 7 4 
20180706591 1 5 7 10 3 4 6 2 9 8 
20180706592 4 8 2 6 10 5 1 3 7 9 
20180706593 10 7 3 8 1 4 6 5 9 2 
20180706594 5 10 9 2 8 7 6 4 1 3 
20180706595 7 5 8 4 1 6 9 10 3 2 
20180706596 9 1 7 8 4 2 10 5 6 3 
20180706597 4 6 9 2 10 1 7 8 3 5 
20180706598 4 3 6 2 9 1 8 10 5 7 
20180706599 9 4 6 10 5 3 2 7 8 1 
20180706600 7 3 1 5 9 8 6 2 4 10 
20180706601 10 9 2 6 4 3 8 1 5 7 
20180706602 3 6 4 9 7 5 10 2 1 8 
20180706603 6 9 8 4 5 1 2 10 3 7 
20180706604 4 2 1 7 8 6 5 9 3 10 
20180706605 5 6 3 8 2 10 4 7 9 1 
20180706606 4 5 2 1 3 7 8 6 9 10 
20180706607 8 3 6 1 9 7 4 5 10 2 
20180706608 3 1 9 5 7 2 4 10 6 8 
20180706609 10 6 2 9 3 5 7 1 8 4 
20180706610 6 1 4 7 5 8 10 2 9 3 
20180706611 1 10 6 8 4 2 7 9 3 5 
20180706612 2 10 3 8 5 4 9 6 7 1 
20180706613 8 4 10 7 9 1 2 6 3 5 
20180706614 7 3 9 4 1 5 10 2 8 6 
20180706615 7 10 3 1 9 8 4 5 6 2 
20180706616 2 4 7 10 5 1 3 6 8 9 
20180706617 5 9 10 2 7 6 3 8 1 4 
20180706618 10 4 5 9 1 6 2 3 7 8 
20180706619 5 10 3 2 6 8 4 1 7 9 
20180706620 8 10 3 2 6 9 1 7 4 5 
20180706621 10 7 3 4 2 9 6 8 5 1 
20180706622 1 3 9 5 7 6 4 2 10 8 
20180706623 6 7 5 2 4 8 10 9 3 1 
20180706624 3 5 7 8 2 10 4 9 6 1 
20180706625 4 6 7 3 2 9 10 5 1 8 
20180706626 4 8 3 9 7 5 6 10 1 2 
20180706627 1 8 7 3 10 4 2 5 6 9 
20180706628 2 8 1 10 3 7 6 5 4 9 
20180706629 9 8 4 3 1 2 10 7 5 6 
20180706630 7 10 2 1 6 8 5 9 3 4 
20180706631 6 3 2 8 7 1 9 4 10 5 
20180706632 5 3 9 6 1 8 2 4 7 10 
20180706633 4 1 2 9 3 7 5 6 10 8 
20180706634 6 4 3 7 8 10 5 1 9 2 
20180706635 2 3 6 10 8 9 4 7 1 5 
20180706636 10 6 3 7 8 9 1 5 4 2 
20180706637 3 7 1 6 8 9 10 2 5 4 
20180706638 10 6 9 7 3 1 5 2 4 8 
20180706639 3 1 10 2 7 8 5 6 9 4 
20180706640 2 5 4 9 1 3 10 7 6 8 
20180706641 7 5 4 6 8 3 1 9 10 2 
20180706642 10 2 8 5 7 6 3 1 4 9 
20180706643 1 10 3 9 2 4 5 7 6 8 
20180706644 4 9 2 3 7 10 5 6 8 1 
20180706645 5 2 1 8 7 10 6 9 3 4 
20180706646 8 2 3 10 9 4 5 6 7 1 
20180706647 5 8 3 4 1 10 9 6 2 7 
20180706648 8 2 5 6 9 4 10 3 1 7 
20180706649 9 6 8 10 5 2 3 7 4 1 
20180706650 7 2 6 9 10 4 3 8 1 5 
20180706651 8 6 3 9 10 2 4 1 5 7 
20180706652 9 5 4 10 8 3 1 7 6 2 
20180706653 6 2 10 7 5 8 1 3 9 4 
20180706654 4 6 8 9 3 7 2 5 1 10 
20180706655 9 8 4 6 10 7 5 1 3 2 
20180706656 1 6 7 5 8 4 10 2 3 9 
20180706657 1 5 3 4 9 6 7 8 2 10 
20180706658 10 1 8 6 4 5 3 7 9 2 
20180706659 9 10 4 3 2 1 6 8 5 7 
20180706660 7 9 2 4 1 6 3 5 10 8 
20180706661 8 6 5 3 9 2 1 7 4 10 
20180706662 7 1 9 6 3 8 10 5 4 2 
20180706663 7 6 5 3 4 8 9 10 2 1 
20180706664 5 4 7 9 6 3 8 1 10 2 
20180706665 7 4 3 5 1 6 9 8 2 10 
20180706666 9 6 3 10 8 1 2 4 5 7 
20180706667 2 5 3 8 1 7 4 6 10 9 
20180706668 6 1 9 10 8 7 5 3 2 4 
20180706669 8 1 7 6 9 10 5 3 2 4 
20180706670 3 10 5 1 8 6 7 9 2 4 
20180706671 2 8 3 7 4 10 9 1 6 5 
20180706672 1 5 2 6 10 7 4 9 3 8 
20180706673 2 1 5 6 9 10 8 4 3 7 
20180706674 6 5 8 3 4 10 1 7 2 9 
20180706675 2 4 7 6 5 9 10 3 1 8 
20180706676 4 1 5 9 2 10 6 3 7 8 
20180706677 8 7 5 10 2 1 4 9 3 6 
20180706678 1 2 9 8 5 4 10 3 6 7 
20180706679 8 7 4 5 1 9 2 6 10 3 
20180706680 9 8 7 5 4 1 2 3 6 10 
20180706681 9 1 10 4 8 3 7 2 5 6 
20180706682 2 5 7 4 10 1 6 3 9 8 
20180706683 1 7 3 9 10 2 6 5 4 8 
20180706684 6 2 1 4 5 8 10 3 9 7 
20180706685 6 9 7 4 1 5 8 10 3 2 
20180706686 2 8 4 6 7 10 1 5 9 3 
20180706687 7 9 6 8 10 5 3 4 2 1 
20180706688 6 7 1 4 10 3 2 9 8 5 
20180706689 8 9 4 1 6 3 5 10 2 7 
20180706690 4 3 7 10 8 6 1 2 5 9 
20180706691 8 10 6 9 7 4 5 2 1 3 
20180706692 2 1 4 7 3 6 10 8 9 5 
20180706693 6 2 9 5 10 3 8 1 7 4 
20180706694 4 2 1 10 7 5 8 6 9 3 
20180706695 10 4 2 5 6 8 9 3 1 7 
20180706696 10 4 5 9 2 6 1 3 8 7 
20180706697 8 1 7 10 4 6 5 9 2 3 
20180706698 4 3 8 10 6 1 7 9 5 2 
20180706699 2 7 6 10 3 9 8 4 5 1 
20180706700 1 10 9 7 5 4 6 8 3 2 
20180706701 3 6 10 9 7 4 2 8 1 5 
20180706702 6 3 9 1 4 8 2 7 10 5 
20180706703 5 6 8 10 3 1 9 7 2 4 
20180706704 9 10 3 6 1 2 8 5 4 7 
20180706705 7 8 3 1 9 5 2 4 6 10 
20180706706 5 6 3 7 8 1 9 2 10 4 
20180706707 8 6 5 9 3 4 10 1 7 2 
20180706708 8 6 4 9 3 10 2 1 5 7 
20180706709 5 4 3 1 2 9 6 7 10 8 
20180706710 8 1 7 5 4 6 9 3 2 10 
20180706711 3 6 10 8 4 1 7 5 9 2 
20180706712 4 1 9 7 8 5 3 6 2 10 
20180706713 8 10 4 6 2 5 7 9 1 3 
20180706714 5 6 4 10 3 1 9 7 2 8 
20180706715 2 4 1 8 9 3 7 10 5 6 
20180706716 9 3 5 10 6 8 4 2 1 7 
20180706717 4 7 6 9 8 2 3 1 5 10 
20180706718 2 10 1 8 3 6 9 5 4 7 
20180706719 10 8 2 7 4 6 9 3 5 1 
20180706720 4 7 3 6 5 8 10 2 1 9 
20180706721 5 3 8 1 9 6 2 10 4 7 
20180706722 2 3 4 6 5 9 10 7 1 8 
20180706723 3 2 7 9 10 5 6 8 1 4 
20180706724 2 10 8 9 1 7 6 4 5 3 
20180706725 6 7 8 10 2 3 9 4 5 1 
20180706726 10 8 3 5 9 7 2 1 4 6 
20180706727 6 2 1 4 7 8 9 10 5 3 
20180706728 8 6 1 5 7 4 10 9 2 3 
20180706729 5 8 6 3 10 4 7 2 9 1 
20180706730 10 6 8 2 3 7 5 9 4 1 
20180706731 5 7 4 1 9 8 3 6 10 2 
20180706732 3 8 6 4 2 5 10 9 1 7 
20180706733 1 3 10 5 7 8 9 6 2 4 
20180706734 5 10 7 1 4 2 3 8 6 9 
20180706735 5 8 10 7 6 9 1 3 4 2 
20180706736 1 4 9 10 7 8 5 6 3 2 
20180706737 6 2 9 5 8 4 3 1 10 7 
20180706738 5 8 7 4 3 10 1 6 9 2 
20180706739 8 1 2 7 4 5 10 9 6 3 
20180706740 6 3 10 1 2 4 7 8 9 5 
20180706741 6 2 3 7 9 1 5 10 4 8 
20180706742 7 10 9 4 1 3 8 2 6 5 
20180706743 9 5 2 8 3 10 1 6 7 4 
20180706744 9 5 7 8 10 3 4 1 2 6 
20180706745 7 5 10 4 1 6 8 9 2 3 
20180706746 6 10 7 8 5 9 3 4 1 2 
20180706747 10 4 7 1 9 6 5 3 8 2 
20180706748 5 2 3 8 9 4 10 1 7 6 
20180706749 8 10 5 3 9 1 7 6 4 2 
20180706750 6 3 2 8 1 9 7 10 4 5 
20180706751 6 5 8 9 7 3 1 4 10 2 
20180706752 8 7 3 4 2 5 9 6 10 1 
20180706753 7 8 10 6 1 3 4 2 9 5 
20180706754 1 4 3 6 5 9 7 2 10 8 
20180706755 7 1 2 10 4 8 3 6 9 5 
20180706756 10 7 8 1 5 4 2 3 9 6 
20180706757 8 6 9 5 3 4 2 7 1 10 
20180706758 6 1 7 5 8 9 3 2 4 10 
20180706759 4 7 3 6 9 10 5 8 1 2 
20180706760 6 9 10 1 7 8 3 2 4 5 
20180706761 2 9 5 7 10 8 4 3 1 6 
20180706762 9 1 4 3 5 7 8 10 6 2 
20180706763 8 6 1 2 4 7 3 10 9 5 
20180706764 6 2 8 10 4 9 5 7 1 3 
20180706765 9 2 5 10 1 8 4 3 6 7 
20180706766 9 6 7 10 2 1 3 4 8 5 
20180706767 8 2 7 1 10 4 3 5 6 9 
20180706768 1 6 9 4 8 10 3 2 7 5 
20180706769 2 7 5 4 8 6 3 9 10 1 
20180706770 10 6 3 4 5 7 1 2 8 9 
20180706771 8 10 6 7 3 2 1 9 4 5 
20180706772 1 9 6 10 7 5 3 8 2 4 
20180706773 7 4 6 10 3 5 9 8 2 1 
20180706774 3 9 2 5 7 4 8 6 1 10 
20180706775 7 3 2 5 6 10 9 1 4 8 
20180706776 6 4 1 7 9 10 5 3 8 2 
20180706777 9 4 6 10 3 7 8 1 5 2 
20180706778 10 8 3 9 4 1 6 7 2 5 
20180706779 3 6 2 7 8 9 10 1 5 4 
20180706780 5 2 8 3 7 10 4 9 6 1 
20180706781 10 3 6 2 4 8 5 7 1 9 
20180706782 6 10 3 4 1 2 8 5 9 7 
20180706783 8 4 10 7 1 2 9 6 5 3 
20180706784 6 1 8 7 2 3 4 5 9 10 
20180706785 7 10 2 3 8 4 1 5 9 6 
20180706786 4 2 7 5 8 10 9 1 3 6 
20180706787 8 4 9 2 10 5 6 7 3 1 
20180706788 4 3 6 2 9 7 10 5 8 1 
20180706789 5 4 10 7 2 9 3 6 1 8 
20180706790 6 7 9 3 10 5 2 4 1 8 
20180706791 8 10 1 2 6 9 5 7 3 4 
20180706792 4 2 7 8 10 3 9 1 5 6 
20180706793 6 9 2 3 8 7 10 1 4 5 
20180706794 5 8 3 7 6 1 9 10 2 4 
20180706795 3 4 2 1 10 9 7 5 6 8 
20180706796 9 3 7 6 1 2 4 8 10 5 
20180706797 9 4 8 10 5 2 7 1 6 3 
20180706798 6 8 4 10 1 5 2 9 7 3 
20180706799 8 4 10 5 7 3 6 9 1 2 
20180706800 3 1 2 4 9 5 7 8 10 6 
20180706801 7 6 2 4 8 1 9 10 3 5 
20180706802 2 4 8 10 6 5 9 7 3 1 
20180706803 3 8 2 5 10 1 7 9 6 4 
20180706804 10 2 4 9 8 7 6 5 1 3 
20180706805 5 9 1 4 10 8 6 2 7 3 
20180706806 9 2 5 7 4 10 1 3 6 8 
20180706807 8 6 2 7 10 5 4 3 9 1 
20180706808 2 8 5 7 6 10 4 3 9 1 
20180706809 10 4 3 5 9 6 8 2 1 7 
20180706810 4 1 7 10 2 5 3 6 9 8 
20180706811 9 8 2 3 10 7 6 1 4 5 
20180706812 9 10 5 8 7 1 3 6 4 2 
20180706813 1 7 5 6 9 10 4 2 3 8 
20180706814 3 10 7 6 8 4 9 2 5 1 
20180706815 9 7 10 4 5 3 8 1 2 6 
20180706816 1 10 5 6 8 9 4 7 3 2 
20180706817 2 8 6 1 10 4 7 9 5 3 
20180706818 3 10 7 9 6 4 8 1 2 5 
20180706819 10 2 9 1 3 6 7 8 4 5 
20180706820 9 6 2 7 10 8 1 5 4 3 
20180706821 10 9 2 5 8 3 4 6 7 1 
20180706822 4 3 8 1 9 2 7 6 5 10 
20180706823 6 5 4 1 8 10 7 3 2 9 
20180706824 5 2 6 9 3 7 1 10 8 4 
20180706825 6 8 1 10 9 2 7 5 3 4 
20180706826 5 7 9 10 2 4 3 8 6 1 
20180706827 3 7 6 1 2 8 4 5 9 10 
20180706828 8 5 2 10 6 3 1 7 9 4 
20180706829 7 4 9 5 8 2 6 3 1 10 
20180706830 5 3 7 9 10 8 1 2 4 6 
20180706831 4 8 9 10 7 1 3 2 6 5 
20180706832 4 5 10 9 1 8 2 3 6 7 
20180706833 10 4 8 3 2 5 9 6 1 7 
20180706834 7 4 1 9 10 6 2 5 3 8 
20180706835 4 2 8 7 6 5 3 9 1 10 
20180706836 3 8 7 10 2 1 4 9 6 5 
20180706837 8 7 3 9 2 1 10 6 4 5 
20180706838 1 3 2 10 9 7 5 6 4 8 
20180706839 6 1 4 8 2 5 7 10 9 3 
20180706840 1 2 6 5 3 7 9 10 4 8 
20180706841 8 3 10 1 9 6 4 5 2 7 
20180706842 1 7 9 8 10 4 5 2 3 6 
20180706843 10 9 7 3 6 4 2 1 8 5 
20180706844 9 7 8 1 5 3 10 2 4 6 
20180706845 8 2 4 3 9 5 10 7 6 1 
20180706846 9 1 10 5 6 8 7 3 4 2 
20180706847 8 9 3 4 6 1 2 5 10 7 
20180706848 10 6 9 7 5 8 4 2 3 1 
20180706849 4 9 1 5 7 3 8 2 6 10 
20180706850 2 7 3 4 5 9 6 1 8 10 
20180706851 5 10 3 7 1 4 6 9 2 8 
20180706852 7 8 5 2 10 4 6 1 9 3 
20180706853 7 6 5 8 4 1 3 9 2 10 
20180706854 4 8 5 7 6 10 1 2 3 9 
20180706855 1 2 3 9 6 4 5 10 8 7 
20180706856 9 1 4 10 6 7 2 5 3 8 
20180706857 5 6 10 7 3 2 8 1 4 9 
20180706858 6 9 5 2 1 10 8 4 3 7 
20180706859 2 1 4 8 5 10 7 3 9 6 
20180706860 3 8 7 10 2 5 6 9 1 4 
20180706861 10 5 7 6 4 1 2 3 9 8 
20180706862 4 8 10 7 6 5 9 1 3 2 
20180706863 1 5 3 6 10 4 7 2 9 8 
20180706864 4 1 2 6 8 7 9 5 10 3 
20180706865 1 3 8 7 5 10 9 2 4 6 
20180706866 9 2 4 10 8 5 7 6 1 3 
20180706867 6 7 10 8 1 9 2 3 5 4 
20180706868 6 2 4 7 8 9 10 1 3 5 
20180706869 7 3 6 4 1 8 9 10 5 2 
20180706870 8 9 4 2 6 3 10 5 7 1 
20180706871 4 10 3 1 9 6 2 8 5 7 
20180706872 6 8 5 3 2 4 1 7 9 10 
20180706873 7 10 6 3 8 1 9 4 5 2 
20180706874 1 7 10 4 8 6 9 3 2 5 
20180706875 6 3 4 1 9 7 10 5 8 2 
20180706876 3 4 2 8 1 9 6 7 5 10 
20180706877 10 1 9 6 7 4 8 2 3 5 
20180706878 3 10 9 4 8 2 1 7 6 5 
20180706879 5 2 6 8 3 9 1 7 10 4 
20180706880 2 7 5 8 6 9 1 3 4 10 
20180706881 9 10 8 3 5 1 2 6 4 7 
20180706882 5 2 1 10 4 7 6 3 8 9 
20180706883 8 1 7 3 2 4 6 10 5 9 
20180706884 3 6 8 10 1 2 5 4 7 9 
20180706885 4 9 10 8 6 7 1 3 5 2 
20180706886 10 6 3 4 2 9 1 8 5 7 
20180706887 4 3 9 2 1 5 7 8 10 6 
20180706888 8 5 10 6 4 7 9 3 2 1 
20180706889 7 3 10 1 8 9 2 6 5 4 
20180706890 6 10 2 8 1 7 4 9 5 3 
20180706891 10 4 6 1 9 3 7 8 2 5 
20180706892 3 8 5 10 1 6 9 4 7 2 
20180706893 2 8 9 4 3 5 1 7 10 6 
20180706894 6 10 3 7 9 2 8 1 5 4 
20180706895 2 9 10 1 7 4 8 6 3 5 
20180706896 8 3 1 6 10 4 5 2 9 7 
20180706897 10 2 3 4 8 6 1 7 5 9 
20180706898 2 6 1 5 7 9 8 3 4 10 
20180706899 1 5 7 9 2 4 6 10 8 3 
20180706900 1 3 9 2 5 4 8 10 6 7 
20180706901 1 2 6 8 4 10 9 5 3 7 
20180706902 4 7 10 6 5 9 1 2 8 3 
20180706903 10 2 7 5 1 9 8 4 3 6 
20180706904 10 5 6 1 8 4 7 2 9 3 
20180706905 6 1 10 3 8 7 4 9 2 5 
20180706906 2 4 10 7 8 9 5 1 3 6 
20180706907 10 1 2 3 5 9 6 4 7 8 
20180706908 9 1 3 10 8 6 4 7 2 5 
20180706909 7 2 5 6 4 1 9 8 10 3 
20180706910 1 3 5 2 7 4 9 8 6 10 
20180706911 1 6 2 9 4 10 8 3 7 5 
20180706912 3 7 9 1 2 5 10 4 6 8 
20180706913 5 4 1 3 2 10 9 6 7 8 
20180706914 3 10 2 8 6 1 5 7 4 9 
20180706915 10 1 2 7 3 4 6 9 8 5 
20180706916 5 4 10 6 2 1 7 9 3 8 
20180706917 4 6 9 10 1 7 3 5 2 8 
20180706918 7 6 9 2 4 1 8 3 10 5 
20180706919 5 2 4 7 8 10 6 1 3 9 
20180706920 4 10 6 7 2 3 8 5 9 1 
20180706921 3 10 7 5 4 9 8 2 1 6 
20180706922 1 5 7 8 10 4 2 9 3 6 
20180706923 5 4 10 2 9 7 1 3 6 8 
20180706924 10 7 8 3 4 2 1 9 6 5 
20180706925 6 7 10 9 3 8 5 4 1 2 
20180706926 4 5 7 10 1 6 8 2 9 3 
20180706927 2 10 3 5 9 7 6 8 4 1 
20180706928 9 8 3 2 5 10 6 4 1 7 
20180706929 6 4 5 7 10 3 2 1 9 8 
20180706930 5 6 3 8 4 2 1 10 7 9 
20180706931 3 7 6 8 1 2 4 10 9 5 
20180706932 5 9 4 2 6 8 7 3 10 1 
20180706933 8 2 1 4 10 7 9 5 6 3 
20180706934 10 8 9 6 1 3 4 7 2 5 
20180706935 1 7 5 3 4 6 9 2 10 8 
20180706936 10 4 2 7 5 9 1 3 8 6 
20180706937 10 2 5 7 1 4 9 8 6 3 
20180706938 8 6 5 1 4 3 10 9 2 7 
20180706939 2 4 8 10 9 3 6 5 1 7 
20180706940 7 4 8 2 9 1 3 5 10 6 
20180706941 10 4 6 8 5 2 7 1 9 3 
20180706942 4 2 5 10 6 3 7 8 1 9 
20180706943 5 4 6 10 1 7 8 2 9 3 
20180706944 7 4 1 6 10 9 3 5 2 8 
20180706945 5 8 10 9 6 3 4 2 1 7 
20180706946 6 7 5 1 10 3 8 2 4 9 
20180706947 8 6 1 7 9 5 3 10 2 4 
20180706948 4 6 5 1 2 9 7 3 8 10 
20180706949 9 1 4 6 10 8 5 7 2 3 
20180706950 1 4 2 9 6 5 7 10 3 8 
20180706951 5 8 6 4 1 2 9 3 10 7 
20180706952 6 10 5 4 2 3 1 7 8 9 
20180706953 7 6 5 3 10 8 4 9 1 2 
20180706954 10 6 4 3 1 2 9 5 7 8 
20180706955 9 5 10 2 6 7 8 1 4 3 
20180706956 6 10 3 8 4 7 1 9 5 2 
20180706957 10 7 5 2 4 3 6 9 1 8 
20180706958 3 9 8 6 2 5 1 4 7 10 
20180706959 10 8 7 4 3 1 2 5 6 9 
20180706960 4 1 6 5 10 3 2 9 8 7 
20180706961 10 1 7 4 5 2 9 8 3 6 
20180706962 2 7 1 3 10 6 5 4 8 9 
20180706963 7 9 1 8 5 4 10 3 6 2 
20180706964 8 3 9 4 5 6 1 10 2 7 
20180706965 9 6 8 2 3 5 1 4 7 10 
20180706966 9 2 5 10 8 3 1 7 4 6 
20180706967 3 7 1 5 2 10 8 9 4 6 
20180706968 9 8 4 10 6 3 5 7 2 1 
20180706969 6 3 7 10 5 1 9 2 8 4 
20180706970 6 7 3 5 8 2 4 9 10 1 
20180706971 6 5 4 9 10 2 7 3 1 8 
20180706972 6 10 9 2 3 8 7 1 5 4 
20180706973 5 6 2 8 1 3 4 10 9 7 
20180706974 2 9 7 3 4 8 5 10 1 6 
20180706975 7 8 2 6 10 3 1 4 9 5 
20180706976 7 1 6 3 5 2 9 8 4 10 
20180706977 1 3 8 7 9 4 2 5 10 6 
20180706978 6 10 4 3 5 1 9 2 7 8 
20180706979 2 3 8 9 7 1 4 6 5 10 
20180706980 10 3 8 4 2 7 9 5 6 1 
20180706981 8 7 1 3 9 6 4 2 10 5 
20180706982 8 3 7 4 9 10 6 2 1 5 
20180706983 3 4 1 2 6 9 8 7 10 5 
20180706984 7 10 6 3 4 8 2 9 5 1 
20180706985 2 4 6 9 10 5 3 1 8 7 
