20180907002 9 3 7 5 8 10 1 2 6 4 
20180907003 9 2 7 5 10 4 8 3 6 1 
20180907004 3 2 4 7 8 9 6 1 10 5 
20180907005 10 3 4 7 5 6 9 2 8 1 
20180907006 3 10 4 5 6 8 2 9 7 1 
20180907007 9 7 10 4 1 8 6 2 5 3 
20180907008 10 1 9 4 3 7 8 5 2 6 
20180907009 7 8 9 1 4 10 6 2 5 3 
20180907010 3 7 2 10 5 4 8 6 9 1 
20180907011 4 3 6 1 7 9 5 8 10 2 
20180907012 9 2 8 6 5 7 10 1 3 4 
20180907013 1 5 6 9 7 3 10 2 8 4 
20180907014 6 3 4 8 1 9 2 5 7 10 
20180907015 1 4 10 3 2 6 9 8 5 7 
20180907016 1 7 8 2 3 9 6 4 10 5 
20180907017 10 9 6 1 8 2 3 5 7 4 
20180907018 7 9 5 2 6 8 4 10 3 1 
20180907019 9 10 5 1 6 2 3 7 4 8 
20180907020 10 2 3 4 5 7 6 9 8 1 
20180907021 3 10 1 2 9 5 7 6 4 8 
20180907022 5 4 8 6 2 9 7 3 10 1 
20180907023 8 7 4 1 2 3 5 10 6 9 
20180907024 1 10 2 8 4 5 7 3 9 6 
20180907025 1 5 8 3 10 6 9 7 4 2 
20180907026 4 5 6 10 1 2 7 8 9 3 
20180907027 9 10 2 8 6 5 7 4 3 1 
20180907028 10 5 6 7 1 3 4 9 2 8 
20180907029 3 4 8 10 7 6 2 1 5 9 
20180907030 2 3 5 1 10 6 4 7 8 9 
20180907031 3 8 2 4 7 6 9 5 10 1 
20180907032 6 8 7 4 5 10 9 3 1 2 
20180907033 10 1 2 9 5 4 8 6 7 3 
20180907034 4 6 10 3 9 1 7 8 5 2 
20180907035 5 2 7 3 9 4 1 6 10 8 
20180907036 10 2 8 1 4 5 7 3 6 9 
20180907037 4 1 7 10 5 8 9 3 6 2 
20180907038 6 5 3 10 1 7 8 9 2 4 
20180907039 1 10 8 7 9 3 2 6 5 4 
20180907040 2 4 10 8 7 3 1 9 5 6 
20180907041 1 9 10 5 8 3 4 2 6 7 
20180907042 7 4 1 5 6 8 2 9 10 3 
20180907043 9 1 8 4 7 6 10 2 5 3 
20180907044 9 7 3 1 10 5 2 4 8 6 
20180907045 6 4 7 9 8 2 3 10 1 5 
20180907046 7 10 1 4 8 3 2 5 9 6 
20180907047 7 3 1 6 2 10 8 4 9 5 
20180907048 1 3 8 9 10 6 4 5 7 2 
20180907049 1 2 8 6 4 9 10 5 7 3 
20180907050 1 10 5 9 6 4 3 7 2 8 
20180907051 3 1 2 10 8 4 6 5 7 9 
20180907052 4 1 8 10 2 7 9 3 6 5 
20180907053 4 8 7 5 6 9 10 2 3 1 
20180907054 2 9 7 3 6 10 1 5 4 8 
20180907055 10 5 1 9 3 4 7 8 6 2 
20180907056 10 5 3 8 6 4 9 7 2 1 
20180907057 4 5 2 9 7 8 6 10 3 1 
20180907058 1 8 3 7 6 4 9 5 2 10 
20180907059 5 3 4 6 1 7 8 9 2 10 
20180907060 3 8 1 5 7 6 4 10 2 9 
20180907061 8 10 2 5 3 7 9 6 4 1 
20180907062 10 4 8 1 6 9 5 2 3 7 
20180907063 7 3 1 6 8 4 10 5 2 9 
20180907064 1 3 4 10 9 7 8 2 5 6 
20180907065 5 9 1 3 4 2 6 8 7 10 
20180907066 1 7 9 2 10 5 6 8 3 4 
20180907067 4 10 3 7 2 6 8 5 1 9 
20180907068 3 7 5 9 4 6 10 1 8 2 
20180907069 4 7 3 1 8 2 5 10 6 9 
20180907070 6 3 1 8 4 2 10 5 7 9 
20180907071 7 6 9 8 3 1 10 4 2 5 
20180907072 1 3 4 10 7 2 5 9 6 8 
20180907073 2 3 5 9 6 10 1 4 8 7 
20180907074 6 5 4 9 8 3 1 2 10 7 
20180907075 9 8 3 7 6 5 2 10 4 1 
20180907076 10 7 8 1 2 6 3 9 5 4 
20180907077 3 6 2 1 9 7 8 4 5 10 
20180907078 5 9 4 1 7 6 3 10 8 2 
20180907079 4 2 10 7 6 8 9 3 5 1 
20180907080 4 1 6 5 10 3 2 8 9 7 
20180907081 1 8 2 5 7 3 6 10 9 4 
20180907082 9 1 4 2 10 3 5 6 7 8 
20180907083 6 3 1 7 10 9 4 2 8 5 
20180907084 6 5 9 7 1 3 2 8 4 10 
20180907085 6 7 2 3 4 9 8 10 1 5 
20180907086 7 6 10 5 1 9 3 4 2 8 
20180907087 2 10 8 9 5 6 7 4 3 1 
20180907088 1 4 7 9 2 5 3 10 6 8 
20180907089 3 7 8 4 2 6 5 10 1 9 
20180907090 9 4 10 1 2 6 3 5 8 7 
20180907091 2 8 1 3 6 5 4 9 7 10 
20180907092 4 10 2 3 6 7 1 9 5 8 
20180907093 5 9 3 2 1 7 6 10 8 4 
20180907094 8 4 5 9 7 3 6 10 2 1 
20180907095 3 6 1 5 7 9 2 4 10 8 
20180907096 6 8 5 2 4 1 7 3 9 10 
20180907097 3 1 9 2 4 5 7 10 6 8 
20180907098 9 2 1 4 3 8 6 10 7 5 
20180907099 10 9 4 7 6 3 1 8 2 5 
20180907100 2 10 8 5 6 1 4 3 9 7 
20180907101 10 4 8 2 6 5 3 7 1 9 
20180907102 6 5 7 4 9 3 2 10 1 8 
20180907103 4 7 8 10 6 9 3 2 1 5 
20180907104 3 5 10 7 2 9 8 6 4 1 
20180907105 10 2 4 9 7 6 3 8 1 5 
20180907106 2 1 10 3 5 4 8 9 7 6 
20180907107 4 6 8 10 2 3 5 7 1 9 
20180907108 8 10 6 9 5 2 1 3 4 7 
20180907109 9 7 3 5 10 8 6 4 1 2 
20180907110 9 2 7 1 4 6 10 8 5 3 
20180907111 10 8 3 2 4 1 7 6 9 5 
20180907112 6 3 1 10 2 9 4 8 7 5 
20180907113 5 7 4 6 10 3 1 9 2 8 
20180907114 9 5 1 10 6 8 7 3 4 2 
20180907115 10 2 8 5 6 3 7 9 4 1 
20180907116 3 10 8 4 6 5 2 7 1 9 
20180907117 7 2 1 6 4 5 3 9 8 10 
20180907118 9 1 8 7 2 10 4 6 5 3 
20180907119 1 4 2 8 7 5 6 9 10 3 
20180907120 10 6 2 7 1 5 8 9 4 3 
20180907121 3 6 7 8 4 10 1 9 2 5 
20180907122 7 1 3 6 9 8 2 5 4 10 
20180907123 9 1 4 5 8 6 7 10 3 2 
20180907124 8 2 1 10 9 7 6 4 3 5 
20180907125 2 3 9 5 1 4 6 10 8 7 
20180907126 6 9 10 8 5 4 2 7 1 3 
20180907127 6 3 9 4 5 10 7 8 1 2 
20180907128 3 7 8 4 10 2 1 9 5 6 
20180907129 8 6 3 9 5 2 1 4 7 10 
20180907130 6 9 10 2 4 7 3 5 8 1 
20180907131 4 3 6 10 7 5 1 8 9 2 
20180907132 1 10 6 4 2 7 8 3 5 9 
20180907133 1 9 2 4 6 7 3 10 8 5 
20180907134 8 9 6 1 10 7 3 5 4 2 
20180907135 8 5 1 6 10 3 4 9 2 7 
20180907136 7 10 4 2 9 1 5 8 6 3 
20180907137 8 4 1 3 10 7 2 6 9 5 
20180907138 3 8 5 6 10 1 2 9 7 4 
20180907139 4 1 3 7 10 8 5 2 9 6 
20180907140 8 2 10 4 7 9 5 3 6 1 
20180907141 4 5 8 10 7 3 9 1 6 2 
20180907142 7 6 8 9 3 2 4 1 5 10 
20180907143 8 9 10 4 7 3 5 1 2 6 
20180907144 7 9 4 5 2 6 10 8 1 3 
20180907145 3 7 9 4 10 5 2 1 8 6 
20180907146 4 9 5 10 3 2 1 8 6 7 
20180907147 10 2 4 1 7 3 6 8 9 5 
20180907148 10 3 7 8 5 4 6 2 9 1 
20180907149 7 5 1 10 9 4 6 8 2 3 
20180907150 4 1 5 6 10 3 9 8 7 2 
20180907151 6 4 3 7 9 5 2 1 10 8 
20180907152 5 3 7 1 2 10 4 9 8 6 
20180907153 7 9 1 8 10 4 2 6 5 3 
20180907154 4 9 6 5 2 10 8 1 7 3 
20180907155 2 6 10 9 8 3 7 1 4 5 
20180907156 4 5 2 9 7 1 8 3 6 10 
20180907157 6 8 7 4 1 10 9 5 2 3 
20180907158 9 2 8 7 6 1 4 10 5 3 
20180907159 7 1 3 2 5 8 4 10 6 9 
20180907160 9 1 3 8 7 2 10 5 4 6 
20180907161 6 3 1 10 4 5 2 9 7 8 
20180907162 9 7 1 4 3 2 8 10 5 6 
20180907163 5 1 10 9 2 8 4 6 7 3 
20180907164 10 6 9 2 4 7 3 5 8 1 
20180907165 3 1 10 8 4 9 2 6 5 7 
20180907166 3 5 7 9 1 8 6 4 10 2 
20180907167 4 9 8 5 3 2 1 7 6 10 
20180907168 5 7 9 10 2 6 8 1 4 3 
20180907169 10 1 8 3 2 7 9 6 5 4 
20180907170 2 3 5 9 6 4 7 1 10 8 
20180907171 5 1 8 7 2 6 3 9 4 10 
20180907172 6 2 4 3 8 5 9 1 10 7 
20180907173 8 5 9 2 3 4 7 10 1 6 
20180907174 1 3 4 9 6 8 2 10 7 5 
20180907175 1 2 10 5 4 8 9 3 6 7 
20180907176 9 3 4 10 6 8 5 1 7 2 
20180907177 4 6 2 5 7 3 10 8 9 1 
20180907178 7 1 9 8 2 3 10 5 4 6 
20180907179 5 2 4 9 10 6 3 8 7 1 
20180907180 5 10 6 4 9 8 7 2 1 3 
20180907181 3 9 7 10 8 5 1 4 6 2 
20180907182 8 4 6 3 7 9 1 5 2 10 
20180907183 1 8 7 4 10 6 2 5 9 3 
20180907184 10 2 5 1 6 9 7 4 3 8 
20180907185 8 1 10 2 3 9 7 6 4 5 
20180907186 5 9 2 4 7 3 1 6 8 10 
20180907187 5 2 6 9 1 8 10 7 3 4 
20180907188 9 3 6 10 5 2 4 8 7 1 
20180907189 9 8 1 7 6 5 4 3 2 10 
20180907190 5 1 7 8 3 4 10 2 6 9 
20180907191 4 10 8 9 3 5 1 7 2 6 
20180907192 7 8 1 3 4 10 6 5 2 9 
20180907193 2 4 1 8 7 3 5 9 10 6 
20180907194 6 2 3 9 8 5 1 10 4 7 
20180907195 5 2 7 4 8 10 6 1 9 3 
20180907196 7 2 10 4 6 5 3 9 8 1 
20180907197 7 8 1 5 10 2 6 4 9 3 
20180907198 2 7 5 6 3 10 4 8 9 1 
20180907199 6 5 8 3 1 10 7 9 2 4 
20180907200 7 10 5 4 8 3 2 1 6 9 
20180907201 5 4 8 6 10 3 1 7 9 2 
20180907202 1 4 3 2 7 10 9 6 5 8 
20180907203 4 10 5 1 8 7 9 6 2 3 
20180907204 8 4 2 10 7 3 5 6 1 9 
20180907205 6 4 7 10 2 8 5 1 9 3 
20180907206 4 7 5 3 10 8 9 2 1 6 
20180907207 3 9 7 2 8 1 6 4 5 10 
20180907208 9 2 3 6 4 7 1 10 5 8 
20180907209 1 5 10 3 4 9 8 6 2 7 
20180907210 3 9 6 1 10 5 7 2 4 8 
20180907211 1 4 8 6 5 10 7 3 2 9 
20180907212 8 4 9 2 3 5 7 6 10 1 
20180907213 4 8 1 10 6 3 7 2 5 9 
20180907214 1 9 3 6 2 4 8 10 7 5 
20180907215 7 8 5 6 2 3 1 4 10 9 
20180907216 5 6 3 4 9 2 7 10 1 8 
20180907217 2 8 10 3 4 9 1 5 6 7 
20180907218 7 2 8 5 4 9 6 3 1 10 
20180907219 7 4 2 10 1 9 3 6 8 5 
20180907220 5 1 8 10 2 6 7 3 4 9 
20180907221 6 2 8 4 1 10 9 7 5 3 
20180907222 2 5 4 10 9 3 6 1 7 8 
20180907223 2 10 1 6 9 5 7 8 4 3 
20180907224 4 6 7 5 8 9 3 1 10 2 
20180907225 9 8 3 5 1 2 4 6 10 7 
20180907226 1 10 4 2 8 3 6 7 9 5 
20180907227 9 8 7 3 5 2 4 6 10 1 
20180907228 5 8 10 9 1 2 4 3 7 6 
20180907229 6 7 1 9 4 3 2 5 8 10 
20180907230 8 2 7 6 3 10 1 4 5 9 
20180907231 9 7 4 10 2 6 8 1 5 3 
20180907232 9 8 6 1 4 2 3 7 5 10 
20180907233 7 6 9 10 8 4 2 1 5 3 
20180907234 8 3 1 7 5 9 10 2 4 6 
20180907235 8 7 3 1 9 2 5 4 6 10 
20180907236 9 7 10 4 8 5 1 3 2 6 
20180907237 4 9 6 1 7 2 5 3 10 8 
20180907238 4 7 6 5 9 1 3 8 2 10 
20180907239 6 1 9 8 5 2 7 3 10 4 
20180907240 7 1 9 5 10 2 6 8 3 4 
20180907241 2 6 3 10 5 4 7 1 8 9 
20180907242 2 6 3 5 10 9 7 8 1 4 
20180907243 3 7 10 1 5 8 4 9 2 6 
20180907244 2 8 4 5 3 6 9 10 1 7 
20180907245 9 6 5 2 8 4 3 7 1 10 
20180907246 10 5 1 8 6 2 4 7 3 9 
20180907247 4 10 8 6 5 7 2 9 3 1 
20180907248 8 9 1 5 7 3 4 6 2 10 
20180907249 4 1 6 8 7 9 3 10 2 5 
20180907250 6 5 3 10 4 1 2 8 7 9 
20180907251 7 8 6 9 1 10 2 3 5 4 
20180907252 9 3 7 5 8 4 10 2 1 6 
20180907253 7 4 1 3 9 5 8 6 2 10 
20180907254 8 1 6 5 10 4 3 7 2 9 
20180907255 3 6 9 7 4 5 2 8 1 10 
20180907256 5 2 10 1 9 3 7 6 4 8 
20180907257 1 9 2 3 6 10 8 4 7 5 
20180907258 10 3 5 9 4 2 1 8 7 6 
20180907259 5 6 8 3 7 10 2 1 4 9 
20180907260 1 10 9 7 3 2 8 6 4 5 
20180907261 3 6 2 7 10 5 4 1 9 8 
20180907262 10 4 2 3 8 1 7 6 9 5 
20180907263 9 1 3 6 10 2 8 5 7 4 
20180907264 7 1 9 10 8 3 4 2 6 5 
20180907265 10 9 2 5 6 7 8 3 4 1 
20180907266 8 5 2 4 9 10 1 3 6 7 
20180907267 4 9 1 7 8 5 6 10 2 3 
20180907268 9 2 10 4 5 8 1 7 3 6 
20180907269 10 6 8 5 2 9 3 4 7 1 
20180907270 1 6 7 4 9 2 10 3 8 5 
20180907271 2 3 9 8 10 5 1 6 4 7 
20180907272 2 5 9 8 6 7 3 10 4 1 
20180907273 2 4 7 8 10 6 3 1 5 9 
20180907274 4 5 10 6 2 3 9 7 1 8 
20180907275 7 4 2 8 5 10 1 3 6 9 
20180907276 1 2 6 10 5 3 7 4 8 9 
20180907277 1 6 7 2 3 5 8 10 4 9 
20180907278 10 8 9 5 3 7 6 4 2 1 
20180907279 9 1 6 5 3 8 2 4 10 7 
20180907280 9 10 8 6 5 7 1 4 3 2 
20180907281 10 7 8 1 5 2 3 6 9 4 
20180907282 8 3 1 2 7 5 10 9 6 4 
20180907283 2 5 10 9 7 1 3 6 4 8 
20180907284 5 9 3 8 2 1 10 4 6 7 
20180907285 7 4 9 1 3 5 8 6 10 2 
20180907286 1 6 7 4 2 9 5 10 8 3 
20180907287 1 5 8 7 2 6 4 9 3 10 
20180907288 4 9 1 5 6 10 3 8 7 2 
20180907289 2 6 10 1 5 3 4 8 9 7 
20180907290 6 1 7 5 10 3 9 2 4 8 
20180907291 9 3 5 1 7 10 6 2 4 8 
20180907292 8 1 2 3 7 6 9 5 10 4 
20180907293 3 4 9 10 6 7 1 2 8 5 
20180907294 6 3 9 2 5 10 1 7 4 8 
20180907295 5 1 8 10 3 4 7 6 2 9 
20180907296 3 9 1 10 4 7 8 2 6 5 
20180907297 6 10 1 5 8 2 7 9 4 3 
20180907298 6 8 7 9 1 2 4 3 10 5 
20180907299 10 1 9 6 8 5 7 2 3 4 
20180907300 8 10 1 9 4 5 3 6 2 7 
20180907301 5 1 7 10 6 2 3 8 4 9 
20180907302 7 3 10 5 2 6 8 4 9 1 
20180907303 9 6 3 10 8 5 7 1 4 2 
20180907304 6 3 4 9 1 2 10 7 5 8 
20180907305 5 9 6 7 3 2 4 10 8 1 
20180907306 8 5 1 3 10 6 9 7 4 2 
20180907307 10 9 8 2 3 7 6 4 5 1 
20180907308 4 3 10 2 5 1 7 6 8 9 
20180907309 7 10 9 6 5 2 3 8 1 4 
20180907310 5 3 7 9 10 1 4 6 8 2 
20180907311 10 2 9 1 4 6 7 5 8 3 
20180907312 9 6 5 4 8 2 7 3 10 1 
20180907313 5 1 8 10 4 9 6 2 3 7 
20180907314 2 5 7 9 8 1 10 6 3 4 
20180907315 3 10 6 9 4 8 1 2 7 5 
20180907316 1 8 10 3 4 5 6 2 9 7 
20180907317 4 7 3 10 8 2 6 9 5 1 
20180907318 1 5 4 3 6 8 10 9 7 2 
20180907319 1 5 7 3 6 4 10 2 8 9 
20180907320 3 5 6 2 9 10 4 1 8 7 
20180907321 3 8 10 5 4 6 2 1 7 9 
20180907322 8 1 7 5 6 10 2 9 3 4 
20180907323 5 9 1 4 7 8 10 2 3 6 
20180907324 5 7 3 1 6 9 4 8 2 10 
20180907325 7 2 10 5 9 6 1 3 4 8 
20180907326 4 10 5 9 3 7 2 6 8 1 
20180907327 8 2 7 9 1 10 5 4 3 6 
20180907328 7 4 6 10 2 9 1 5 3 8 
20180907329 9 4 3 7 6 2 10 5 8 1 
20180907330 6 7 3 10 8 2 9 1 5 4 
20180907331 8 1 10 3 5 4 6 9 7 2 
20180907332 8 9 7 5 10 2 4 6 3 1 
20180907333 6 1 7 3 4 2 8 10 9 5 
20180907334 10 2 8 7 5 3 6 9 1 4 
20180907335 9 1 7 3 10 4 8 2 5 6 
20180907336 4 6 8 5 2 7 9 10 3 1 
20180907337 9 8 6 2 10 5 4 3 7 1 
20180907338 10 5 6 4 1 7 8 2 3 9 
20180907339 3 6 8 5 4 2 7 10 1 9 
20180907340 7 4 10 6 1 8 3 5 2 9 
20180907341 5 4 6 8 1 7 3 9 10 2 
20180907342 2 10 1 6 4 7 8 3 9 5 
20180907343 9 4 1 7 5 10 8 2 3 6 
20180907344 10 5 9 2 7 6 4 1 3 8 
20180907345 2 8 3 5 6 1 10 4 9 7 
20180907346 8 9 6 2 4 1 10 5 3 7 
20180907347 10 7 2 9 4 3 5 1 6 8 
20180907348 9 2 4 10 7 5 6 3 8 1 
20180907349 6 8 2 1 9 4 10 3 5 7 
20180907350 5 1 10 3 6 7 4 9 2 8 
20180907351 7 1 8 4 9 2 3 10 5 6 
20180907352 7 1 3 2 4 5 9 10 8 6 
20180907353 10 1 8 5 4 3 7 2 9 6 
20180907354 2 4 5 8 10 6 9 1 3 7 
20180907355 6 1 7 5 2 3 4 10 8 9 
20180907356 3 8 4 10 1 5 7 2 6 9 
20180907357 9 1 10 7 8 6 5 3 4 2 
20180907358 4 5 1 2 6 3 8 7 10 9 
20180907359 10 6 5 1 4 8 3 2 7 9 
20180907360 4 5 8 6 10 9 3 1 7 2 
20180907361 3 2 4 9 5 8 7 10 1 6 
20180907362 7 5 4 1 2 10 3 9 6 8 
20180907363 8 10 4 3 2 5 9 1 6 7 
20180907364 7 4 6 3 5 9 8 10 1 2 
20180907365 3 1 6 2 8 4 5 10 9 7 
20180907366 4 8 9 10 1 3 7 5 2 6 
20180907367 4 1 7 5 2 8 6 10 3 9 
20180907368 3 7 4 1 8 9 10 6 5 2 
20180907369 5 9 10 4 7 1 6 2 8 3 
20180907370 5 4 3 8 1 9 2 6 7 10 
20180907371 3 7 10 2 8 6 5 9 1 4 
20180907372 6 5 9 1 3 2 7 10 8 4 
20180907373 10 7 5 6 4 9 1 3 8 2 
20180907374 5 3 7 2 10 1 6 8 9 4 
20180907375 10 1 5 4 2 8 6 9 3 7 
20180907376 4 9 7 10 3 1 2 5 6 8 
20180907377 5 9 4 6 8 10 1 3 2 7 
20180907378 4 6 8 7 10 5 1 2 3 9 
20180907379 5 8 1 6 4 7 2 3 10 9 
20180907380 4 8 7 1 9 10 6 3 5 2 
20180907381 8 10 7 9 2 4 3 1 6 5 
20180907382 4 8 3 9 10 7 6 1 5 2 
20180907383 9 6 8 5 10 2 7 4 1 3 
20180907384 8 5 6 10 7 3 1 9 4 2 
20180907385 9 4 7 2 10 8 6 3 1 5 
20180907386 6 3 4 2 10 7 8 1 9 5 
20180907387 5 1 10 9 8 7 3 6 2 4 
20180907388 10 9 3 7 1 5 8 6 4 2 
20180907389 5 3 8 1 6 2 9 10 4 7 
20180907390 1 7 3 4 2 5 10 8 9 6 
20180907391 3 2 5 1 9 4 6 7 8 10 
20180907392 2 7 10 9 6 5 1 4 3 8 
20180907393 5 7 8 9 4 10 3 6 2 1 
20180907394 7 5 4 2 3 1 9 8 10 6 
20180907395 3 5 2 9 6 1 7 10 4 8 
20180907396 7 4 8 6 2 3 5 9 10 1 
20180907397 8 10 4 5 7 2 9 3 6 1 
20180907398 9 4 8 2 1 10 7 6 5 3 
20180907399 5 7 1 10 6 9 4 2 3 8 
20180907400 8 1 4 10 2 5 7 6 9 3 
20180907401 7 6 10 1 8 5 3 2 9 4 
20180907402 2 6 8 3 4 1 5 9 7 10 
20180907403 1 6 10 2 3 4 7 9 5 8 
20180907404 10 3 9 8 2 1 4 7 5 6 
20180907405 5 6 3 9 4 8 1 2 7 10 
20180907406 9 8 7 2 10 6 4 5 1 3 
20180907407 9 7 4 10 8 6 1 3 2 5 
20180907408 5 4 2 10 6 9 1 7 8 3 
20180907409 4 5 1 8 10 2 6 7 3 9 
20180907410 8 7 2 4 5 6 1 3 9 10 
20180907411 2 7 9 5 4 6 3 10 1 8 
20180907412 9 3 6 7 2 5 1 10 4 8 
20180907413 10 7 8 2 1 3 4 9 5 6 
20180907414 10 9 2 5 8 7 4 1 3 6 
20180907415 6 9 8 5 10 3 7 4 2 1 
20180907416 6 4 10 1 2 5 3 7 8 9 
20180907417 9 10 7 1 3 5 8 6 4 2 
20180907418 7 9 8 1 2 6 5 4 3 10 
20180907419 5 7 2 8 4 10 3 6 9 1 
20180907420 9 3 7 4 1 8 2 5 10 6 
20180907421 4 2 7 9 1 10 5 6 3 8 
20180907422 3 10 9 4 2 7 8 1 6 5 
20180907423 8 4 2 9 7 10 6 3 1 5 
20180907424 2 1 8 7 4 9 6 3 10 5 
20180907425 10 5 6 7 9 4 1 8 2 3 
20180907426 10 4 3 1 9 8 2 6 5 7 
20180907427 1 4 3 5 7 10 2 9 6 8 
20180907428 1 5 3 9 10 2 4 8 6 7 
20180907429 5 6 9 4 7 10 3 8 2 1 
20180907430 5 1 9 3 4 7 2 6 10 8 
20180907431 6 8 1 7 2 9 3 10 4 5 
20180907432 2 6 7 4 9 1 3 10 5 8 
20180907433 10 2 5 7 6 4 1 3 8 9 
20180907434 10 4 7 3 9 2 5 8 1 6 
20180907435 4 9 10 5 6 8 7 1 2 3 
20180907436 7 1 10 2 3 4 9 6 5 8 
20180907437 6 3 1 8 10 2 7 5 9 4 
20180907438 2 7 10 4 5 3 9 6 8 1 
20180907439 3 9 6 2 7 5 8 4 1 10 
20180907440 5 2 6 3 8 4 10 9 1 7 
20180907441 2 10 7 5 6 1 9 4 3 8 
20180907442 9 2 5 4 10 8 3 6 1 7 
20180907443 1 3 7 5 6 2 10 8 9 4 
20180907444 10 2 6 5 8 9 1 4 7 3 
20180907445 1 3 8 2 4 7 10 9 5 6 
20180907446 8 10 4 7 1 6 2 5 3 9 
20180907447 4 10 5 1 9 3 6 8 2 7 
20180907448 1 9 8 5 2 10 7 3 6 4 
20180907449 8 3 4 10 5 2 7 1 9 6 
20180907450 5 2 3 4 6 10 8 1 7 9 
20180907451 8 1 5 2 7 4 6 10 3 9 
20180907452 7 2 9 1 3 5 8 10 6 4 
20180907453 3 1 6 10 9 8 4 7 5 2 
20180907454 2 4 6 10 1 7 3 8 5 9 
20180907455 2 10 6 9 1 3 5 4 8 7 
20180907456 4 8 5 9 10 3 2 7 6 1 
20180907457 3 6 10 9 5 8 1 2 7 4 
20180907458 9 7 6 8 2 10 4 3 1 5 
20180907459 6 3 4 10 8 7 2 1 5 9 
20180907460 10 2 5 4 1 6 3 9 7 8 
20180907461 1 6 9 4 8 10 2 3 7 5 
20180907462 7 5 1 9 10 3 8 6 2 4 
20180907463 5 9 1 6 3 8 7 10 2 4 
20180907464 3 8 9 1 4 7 6 5 2 10 
20180907465 7 8 5 3 6 1 10 4 2 9 
20180907466 5 2 10 8 9 7 4 1 6 3 
20180907467 9 8 7 4 6 2 10 1 3 5 
20180907468 9 6 3 8 1 4 10 7 5 2 
20180907469 9 5 8 4 1 2 6 7 3 10 
20180907470 4 6 7 3 2 5 10 1 9 8 
20180907471 2 4 3 7 9 5 6 8 10 1 
20180907472 9 7 6 8 1 4 3 2 5 10 
20180907473 2 8 4 7 6 10 5 3 9 1 
20180907474 3 9 4 8 6 2 5 7 10 1 
20180907475 3 6 9 4 8 5 10 2 7 1 
20180907476 9 5 6 2 7 10 1 8 4 3 
20180907477 5 2 9 4 6 10 7 8 3 1 
20180907478 10 2 8 9 6 5 7 1 3 4 
20180907479 1 7 5 4 9 8 10 2 6 3 
20180907480 8 6 10 9 5 3 1 4 2 7 
20180907481 2 3 4 6 7 8 1 10 5 9 
20180907482 9 7 2 6 4 8 10 1 5 3 
20180907483 5 1 7 3 2 10 6 8 4 9 
20180907484 7 10 8 2 1 6 4 5 9 3 
20180907485 3 5 10 7 1 8 6 2 4 9 
20180907486 4 9 5 2 10 6 8 1 3 7 
20180907487 1 3 4 6 9 2 5 8 7 10 
20180907488 1 6 9 5 2 3 7 8 10 4 
20180907489 1 2 3 6 9 7 8 10 4 5 
20180907490 8 5 7 10 2 3 9 6 4 1 
20180907491 10 8 7 1 5 3 9 6 4 2 
20180907492 2 6 3 10 7 8 9 1 5 4 
20180907493 4 5 8 1 2 6 10 7 9 3 
20180907494 3 5 9 10 1 7 8 6 4 2 
20180907495 9 8 3 10 7 5 2 1 4 6 
20180907496 8 3 2 5 6 9 4 1 7 10 
20180907497 5 2 4 6 3 8 9 1 10 7 
20180907498 8 10 4 5 3 9 1 6 2 7 
20180907499 10 6 8 9 3 5 1 7 4 2 
20180907500 7 10 5 3 4 2 8 6 1 9 
20180907501 5 4 2 10 1 9 8 6 3 7 
20180907502 9 2 5 7 3 4 8 1 10 6 
20180907503 1 2 7 3 5 6 10 4 8 9 
20180907504 1 6 9 2 3 8 10 4 5 7 
20180907505 3 2 6 1 4 5 9 10 8 7 
20180907506 4 1 10 5 6 9 2 3 8 7 
20180907507 10 8 4 7 5 2 6 1 9 3 
20180907508 5 8 10 9 2 4 3 6 1 7 
20180907509 5 1 6 9 10 8 4 7 3 2 
20180907510 7 8 3 4 10 6 1 9 5 2 
20180907511 9 10 7 3 5 4 2 8 1 6 
20180907512 2 10 5 4 1 8 9 3 6 7 
20180907513 6 5 1 7 3 10 9 4 8 2 
20180907514 3 4 2 10 6 7 1 9 5 8 
20180907515 6 1 4 7 8 2 3 10 9 5 
20180907516 2 3 8 5 6 9 10 1 7 4 
20180907517 2 1 10 5 3 7 9 4 6 8 
20180907518 4 9 3 5 10 8 2 6 1 7 
20180907519 1 7 3 2 6 8 9 10 5 4 
20180907520 9 1 2 4 8 7 3 6 10 5 
20180907521 2 7 3 8 1 9 10 5 4 6 
20180907522 1 6 3 10 9 2 4 7 8 5 
20180907523 5 10 6 1 7 8 9 3 4 2 
20180907524 6 2 3 8 9 1 5 4 10 7 
20180907525 2 7 3 6 1 8 5 4 10 9 
20180907526 2 7 6 9 10 3 1 5 4 8 
20180907527 7 10 2 6 3 1 9 5 4 8 
20180907528 9 6 7 4 3 10 1 5 2 8 
20180907529 10 7 8 5 2 6 4 1 3 9 
20180907530 2 4 3 8 5 9 10 7 1 6 
20180907531 2 10 9 5 3 4 8 7 1 6 
20180907532 10 7 6 2 9 8 1 5 4 3 
20180907533 10 5 8 1 7 6 9 4 2 3 
20180907534 2 10 5 9 1 7 8 3 4 6 
20180907535 6 7 3 9 5 1 10 8 2 4 
20180907536 9 2 10 8 7 4 6 1 5 3 
20180907537 9 5 6 1 3 7 4 2 10 8 
20180907538 2 8 4 5 9 3 6 7 1 10 
20180907539 2 5 1 4 3 7 10 9 6 8 
20180907540 9 4 6 8 2 1 5 3 7 10 
20180907541 3 9 5 4 8 2 1 6 7 10 
20180907542 8 5 2 9 4 3 10 6 7 1 
20180907543 2 8 4 5 1 3 7 9 6 10 
20180907544 3 5 2 1 9 4 6 10 7 8 
20180907545 4 1 3 10 9 6 7 8 2 5 
20180907546 1 8 5 7 2 10 9 4 6 3 
20180907547 2 4 3 6 9 10 1 7 8 5 
20180907548 10 9 5 1 8 7 6 4 3 2 
20180907549 10 9 5 1 6 8 7 4 3 2 
20180907550 4 8 1 7 2 6 5 9 3 10 
20180907551 10 3 1 2 8 5 7 9 4 6 
20180907552 10 4 6 5 9 8 7 2 1 3 
20180907553 4 1 2 9 3 8 7 5 10 6 
20180907554 7 3 9 1 5 4 6 10 8 2 
20180907555 1 4 8 6 5 7 10 9 2 3 
20180907556 1 9 5 7 2 10 6 4 8 3 
20180907557 6 8 3 9 7 1 2 5 4 10 
20180907558 7 5 9 3 2 6 8 4 1 10 
20180907559 8 10 2 7 1 6 5 3 4 9 
20180907560 9 8 4 1 6 3 2 10 7 5 
20180907561 2 9 7 4 1 5 6 3 10 8 
20180907562 7 6 9 2 4 8 3 10 5 1 
20180907563 5 3 4 9 6 7 2 10 1 8 
20180907564 4 9 10 5 3 8 6 7 2 1 
20180907565 10 2 4 1 9 8 7 6 5 3 
20180907566 1 5 7 8 3 9 6 4 10 2 
20180907567 1 6 3 8 10 7 2 5 9 4 
20180907568 7 8 10 9 4 6 1 5 3 2 
20180907569 7 10 8 3 2 4 1 9 6 5 
20180907570 5 3 7 6 4 10 9 8 2 1 
20180907571 4 7 1 6 5 8 2 3 9 10 
20180907572 7 5 9 4 6 1 10 2 3 8 
20180907573 4 9 2 6 8 10 1 3 5 7 
20180907574 3 7 2 4 8 1 5 9 10 6 
20180907575 1 7 9 6 10 2 8 3 4 5 
20180907576 1 3 8 7 4 10 2 6 9 5 
20180907577 10 3 9 6 1 2 4 8 7 5 
20180907578 2 1 6 5 10 9 3 7 4 8 
20180907579 9 6 7 5 1 10 4 8 2 3 
20180907580 9 1 5 6 3 4 10 7 8 2 
20180907581 5 4 7 3 2 9 10 8 6 1 
20180907582 2 1 5 8 6 9 7 4 3 10 
20180907583 1 3 8 9 5 6 4 7 10 2 
20180907584 7 9 3 8 6 1 4 2 10 5 
20180907585 4 2 10 1 7 6 9 8 5 3 
20180907586 9 8 4 1 5 3 10 7 6 2 
20180907587 3 8 6 2 7 1 4 5 10 9 
20180907588 10 7 9 4 5 6 8 3 1 2 
20180907589 3 7 5 2 8 1 6 9 10 4 
20180907590 8 4 10 6 7 5 1 9 2 3 
20180907591 4 1 9 2 6 5 10 3 8 7 
20180907592 3 7 10 9 8 1 2 5 4 6 
20180907593 3 10 9 7 6 5 4 8 2 1 
20180907594 7 9 4 8 3 10 6 2 5 1 
20180907595 5 10 8 1 2 9 3 4 7 6 
20180907596 7 1 6 2 3 9 10 8 4 5 
20180907597 9 5 10 4 7 8 2 1 3 6 
20180907598 4 6 10 8 5 2 3 9 1 7 
20180907599 8 5 9 1 6 10 7 3 2 4 
20180907600 10 5 3 1 8 6 7 9 4 2 
20180907601 2 5 4 1 6 3 7 8 10 9 
20180907602 1 5 4 6 10 9 3 8 2 7 
20180907603 8 5 9 7 6 4 3 2 10 1 
20180907604 10 7 8 6 2 9 5 1 4 3 
20180907605 4 8 1 10 2 6 7 5 9 3 
20180907606 3 7 6 8 5 9 4 2 1 10 
20180907607 8 6 2 3 9 7 1 5 4 10 
20180907608 8 7 10 4 9 3 5 1 6 2 
20180907609 6 4 3 7 8 9 2 10 1 5 
20180907610 1 2 9 10 3 4 8 7 6 5 
20180907611 5 1 4 3 10 6 9 7 8 2 
20180907612 7 4 10 3 8 6 2 5 9 1 
20180907613 9 1 8 2 10 6 5 7 4 3 
20180907614 3 9 4 8 2 1 5 10 6 7 
20180907615 7 5 6 10 1 4 3 2 9 8 
20180907616 4 1 6 8 5 9 3 2 7 10 
20180907617 6 7 10 8 2 4 9 1 5 3 
20180907618 10 2 1 3 5 4 7 8 6 9 
20180907619 10 6 4 8 2 5 1 3 7 9 
20180907620 7 4 1 5 8 6 9 10 3 2 
20180907621 1 6 2 3 7 8 5 4 9 10 
20180907622 9 4 5 6 8 2 3 1 10 7 
20180907623 10 8 9 6 2 4 7 1 5 3 
20180907624 6 10 3 7 2 9 1 5 4 8 
20180907625 9 10 8 5 3 6 2 1 7 4 
20180907626 8 3 7 1 6 5 4 2 9 10 
20180907627 10 4 3 5 6 1 8 2 7 9 
20180907628 10 8 4 9 2 6 3 5 7 1 
20180907629 7 10 1 3 5 2 4 9 6 8 
20180907630 10 4 7 6 3 8 2 1 9 5 
20180907631 2 6 4 8 10 5 7 9 1 3 
20180907632 8 6 3 7 2 4 10 1 5 9 
20180907633 5 7 10 8 4 1 3 6 9 2 
20180907634 8 10 3 4 2 6 1 5 7 9 
20180907635 1 9 6 7 10 4 8 2 3 5 
20180907636 7 6 2 10 9 3 5 8 1 4 
20180907637 7 8 1 9 5 4 10 6 3 2 
20180907638 8 1 9 6 5 7 4 3 2 10 
20180907639 2 6 7 5 4 10 8 9 1 3 
20180907640 5 3 9 1 4 8 6 10 7 2 
20180907641 2 10 5 1 4 6 9 7 8 3 
20180907642 3 4 5 2 1 10 6 9 8 7 
20180907643 6 5 7 4 9 3 10 8 1 2 
20180907644 1 4 6 10 9 2 8 3 5 7 
20180907645 5 4 8 6 7 2 10 9 3 1 
20180907646 4 7 8 1 3 10 9 6 5 2 
20180907647 6 10 1 8 2 3 9 7 4 5 
20180907648 9 8 4 3 5 2 1 10 6 7 
20180907649 5 8 2 7 6 10 1 4 3 9 
20180907650 5 9 4 7 1 2 8 10 6 3 
20180907651 4 7 9 1 3 2 8 10 6 5 
20180907652 8 6 7 3 5 1 2 9 4 10 
20180907653 1 5 8 6 7 2 4 3 9 10 
20180907654 1 10 9 6 8 4 5 7 3 2 
20180907655 2 10 5 7 4 1 6 3 9 8 
20180907656 5 2 4 7 6 9 3 1 10 8 
20180907657 2 4 9 7 5 10 6 1 8 3 
20180907658 4 2 5 10 6 7 1 9 3 8 
20180907659 5 10 9 8 3 6 2 4 7 1 
20180907660 7 4 2 8 9 5 3 1 6 10 
20180907661 10 5 3 8 7 1 2 4 9 6 
20180907662 4 9 7 10 6 2 5 3 1 8 
20180907663 4 5 9 8 10 7 2 1 3 6 
20180907664 1 10 7 3 5 2 9 4 8 6 
20180907665 6 8 9 1 5 3 4 2 10 7 
20180907666 6 4 8 9 7 5 3 1 10 2 
20180907667 1 5 3 2 10 8 9 6 4 7 
20180907668 9 8 5 2 7 6 10 3 1 4 
20180907669 5 4 10 8 7 2 6 9 3 1 
20180907670 1 7 10 9 6 3 2 8 4 5 
20180907671 6 8 5 2 9 10 3 7 4 1 
20180907672 10 6 8 4 9 7 5 1 2 3 
20180907673 3 5 10 8 4 6 7 9 1 2 
20180907674 10 7 6 2 5 1 4 3 9 8 
20180907675 5 1 9 6 2 4 7 8 3 10 
20180907676 1 7 2 4 9 5 8 6 10 3 
20180907677 6 7 3 2 10 4 8 1 9 5 
20180907678 10 7 6 4 2 3 5 1 8 9 
20180907679 10 4 8 2 6 3 5 9 7 1 
20180907680 10 4 9 2 5 3 8 1 6 7 
20180907681 6 5 4 9 8 7 2 1 10 3 
20180907682 10 5 2 6 7 3 1 9 8 4 
20180907683 2 7 6 9 1 3 10 5 8 4 
20180907684 3 6 8 2 7 4 9 10 5 1 
20180907685 5 6 9 8 7 1 4 10 2 3 
20180907686 7 2 3 10 1 8 4 9 6 5 
20180907687 9 8 1 7 4 5 6 10 3 2 
20180907688 1 7 9 10 4 5 6 8 3 2 
20180907689 7 4 8 9 3 1 10 6 5 2 
20180907690 7 5 8 10 9 6 1 3 2 4 
20180907691 8 4 1 7 3 9 10 6 5 2 
20180907692 10 2 3 5 9 7 6 1 8 4 
20180907693 9 4 1 3 8 5 10 6 2 7 
20180907694 6 4 9 5 2 8 1 3 10 7 
20180907695 3 7 4 8 2 5 10 6 9 1 
20180907696 3 1 4 10 7 5 9 8 2 6 
20180907697 9 5 3 2 6 10 4 1 7 8 
20180907698 6 3 7 4 10 5 8 1 2 9 
20180907699 5 4 10 2 1 8 7 9 3 6 
20180907700 3 2 5 7 8 4 9 1 6 10 
20180907701 8 5 6 1 7 10 2 9 3 4 
20180907702 6 5 3 10 2 8 7 9 1 4 
20180907703 6 4 8 10 9 7 1 2 5 3 
20180907704 10 1 5 8 7 3 6 9 2 4 
20180907705 6 1 7 10 3 8 5 9 4 2 
20180907706 5 3 4 7 1 2 6 8 10 9 
20180907707 7 3 6 4 10 5 9 1 2 8 
20180907708 5 3 6 10 4 1 9 2 8 7 
20180907709 7 8 5 2 10 3 6 9 4 1 
20180907710 1 9 5 10 3 4 2 8 7 6 
20180907711 5 10 1 6 8 4 7 9 2 3 
20180907712 3 6 9 1 10 4 8 2 5 7 
20180907713 2 9 3 5 1 4 8 10 6 7 
20180907714 10 2 4 7 9 1 8 3 6 5 
20180907715 7 9 2 3 8 5 6 1 10 4 
20180907716 3 9 1 5 10 2 8 6 7 4 
20180907717 3 10 6 8 1 9 7 5 2 4 
20180907718 7 5 3 2 8 4 9 6 10 1 
20180907719 7 5 10 3 6 1 2 8 4 9 
20180907720 10 2 6 1 7 8 5 4 9 3 
20180907721 9 10 1 7 3 2 4 6 5 8 
20180907722 6 9 3 4 8 5 10 2 7 1 
20180907723 8 6 3 5 10 4 1 2 7 9 
20180907724 6 4 7 1 10 8 9 3 2 5 
20180907725 1 7 2 8 3 10 5 9 6 4 
20180907726 7 5 8 10 3 6 4 9 1 2 
20180907727 10 7 8 2 9 3 1 5 4 6 
20180907728 1 6 2 7 9 4 8 10 3 5 
20180907729 5 7 9 3 2 6 8 1 10 4 
20180907730 7 4 10 5 9 3 1 8 2 6 
20180907731 3 7 1 8 9 10 2 6 5 4 
20180907732 9 4 1 6 2 7 5 10 3 8 
20180907733 6 4 7 10 1 8 2 3 5 9 
20180907734 7 5 8 4 2 3 10 1 6 9 
20180907735 7 2 6 3 4 9 5 10 8 1 
20180907736 6 2 10 4 7 9 8 5 1 3 
20180907737 9 5 3 7 4 8 1 2 6 10 
20180907738 8 1 3 9 7 4 10 2 5 6 
20180907739 5 8 3 7 4 6 10 9 2 1 
20180907740 7 10 2 5 9 8 4 6 1 3 
20180907741 3 4 7 5 8 10 6 2 9 1 
20180907742 10 1 5 8 6 4 9 3 7 2 
20180907743 6 5 9 1 10 7 2 4 8 3 
20180907744 10 2 9 1 4 6 8 5 3 7 
20180907745 10 6 1 2 3 7 5 8 4 9 
20180907746 6 9 10 5 4 3 7 1 8 2 
20180907747 3 6 10 4 5 7 9 2 8 1 
20180907748 10 5 9 1 3 2 6 7 8 4 
20180907749 2 1 10 4 3 8 6 5 9 7 
20180907750 8 5 9 4 3 6 2 1 10 7 
20180907751 4 7 9 5 6 8 10 3 2 1 
20180907752 7 10 9 3 8 2 5 4 1 6 
20180907753 5 6 7 8 1 9 2 4 3 10 
20180907754 5 2 7 3 9 10 1 4 8 6 
20180907755 7 3 8 6 1 5 9 2 4 10 
20180907756 5 2 8 9 6 1 4 7 3 10 
20180907757 10 6 2 8 5 7 9 1 4 3 
20180907758 5 2 7 10 6 9 1 4 3 8 
20180907759 9 4 1 3 8 7 5 2 10 6 
20180907760 6 9 10 3 1 8 7 4 2 5 
20180907761 8 5 1 4 6 9 3 7 2 10 
20180907762 3 10 1 4 5 7 9 2 8 6 
20180907763 2 1 6 10 7 4 9 3 8 5 
20180907764 3 6 1 9 8 2 5 7 10 4 
20180907765 3 7 2 9 6 10 5 8 4 1 
20180907766 8 5 10 4 2 1 3 6 9 7 
20180907767 9 1 5 7 2 10 3 6 8 4 
20180907768 2 10 8 4 3 9 5 6 7 1 
20180907769 5 10 1 6 9 4 2 7 3 8 
20180907770 7 3 8 10 9 1 6 2 5 4 
20180907771 10 1 7 9 4 5 3 6 2 8 
20180907772 1 8 10 7 2 5 9 3 4 6 
20180907773 3 7 1 10 5 6 8 4 9 2 
20180907774 8 3 7 9 10 2 1 6 5 4 
20180907775 3 5 6 8 1 4 7 9 10 2 
20180907776 1 8 6 5 10 2 3 7 4 9 
20180907777 8 1 7 4 6 2 9 5 10 3 
20180907778 7 2 8 5 1 4 3 6 10 9 
20180907779 6 3 1 9 4 2 5 7 8 10 
20180907780 7 9 10 1 5 6 4 2 3 8 
20180907781 10 9 7 6 3 2 1 5 4 8 
20180907782 7 3 9 8 5 6 4 2 1 10 
20180907783 2 9 5 6 4 1 7 10 3 8 
20180907784 10 6 5 8 1 7 4 9 2 3 
20180907785 10 8 4 3 2 1 5 6 7 9 
20180907786 6 4 9 5 2 10 1 3 8 7 
20180907787 10 4 7 6 1 2 5 9 8 3 
20180907788 9 4 5 10 1 3 6 7 8 2 
20180907789 6 5 4 10 8 3 7 9 2 1 
20180907790 1 9 2 5 6 8 7 3 4 10 
20180907791 1 6 5 3 4 9 2 8 10 7 
20180907792 6 2 7 4 1 5 3 8 10 9 
20180907793 5 6 2 8 3 4 9 10 1 7 
20180907794 4 5 8 7 1 3 6 2 9 10 
20180907795 9 8 3 6 2 10 7 4 1 5 
20180907796 5 9 10 1 2 7 8 4 6 3 
20180907797 1 7 3 6 10 5 9 4 8 2 
20180907798 6 7 2 3 1 4 9 8 5 10 
20180907799 7 5 3 9 6 10 8 2 1 4 
20180907800 3 5 6 9 8 1 10 4 7 2 
20180907801 2 7 6 10 1 9 5 8 4 3 
20180907802 4 3 10 5 1 2 8 9 7 6 
20180907803 3 9 7 8 5 4 1 2 6 10 
20180907804 10 3 9 8 6 4 1 7 5 2 
20180907805 7 5 8 4 10 2 3 9 6 1 
20180907806 4 8 10 7 2 6 5 9 1 3 
20180907807 6 7 9 8 5 3 10 2 1 4 
20180907808 10 2 8 4 7 6 1 5 3 9 
20180907809 9 3 7 2 6 5 10 1 4 8 
20180907810 1 5 6 7 3 4 2 8 9 10 
20180907811 1 7 3 8 5 10 2 9 4 6 
20180907812 9 8 6 4 10 5 7 1 2 3 
20180907813 2 4 5 10 8 7 1 6 9 3 
20180907814 6 10 8 2 1 7 3 9 4 5 
20180907815 8 10 9 6 7 1 3 2 4 5 
20180907816 10 9 8 1 2 7 4 6 5 3 
20180907817 8 7 6 5 1 9 10 4 2 3 
20180907818 8 1 2 10 7 6 5 9 3 4 
20180907819 7 2 3 10 5 9 1 4 8 6 
20180907820 9 5 8 4 2 6 3 1 7 10 
20180907821 5 3 10 4 8 2 7 9 6 1 
20180907822 2 3 6 9 7 1 8 10 5 4 
20180907823 1 6 2 9 8 10 5 7 4 3 
20180907824 4 10 5 3 7 8 2 6 9 1 
20180907825 5 4 8 7 10 1 2 9 6 3 
20180907826 2 9 3 6 10 4 8 5 1 7 
20180907827 10 2 9 8 1 6 5 3 7 4 
20180907828 6 10 8 1 3 9 4 2 7 5 
20180907829 8 5 4 10 1 2 9 6 3 7 
20180907830 10 2 1 7 8 5 4 3 9 6 
20180907831 6 7 9 2 10 4 5 8 3 1 
20180907832 8 2 5 10 9 3 7 6 4 1 
20180907833 3 4 1 5 2 10 6 7 8 9 
20180907834 5 8 10 9 4 7 2 1 3 6 
20180907835 6 1 9 4 7 2 10 3 5 8 
20180907836 6 2 9 3 7 8 4 5 10 1 
20180907837 10 2 9 3 5 4 6 8 7 1 
20180907838 4 7 9 2 10 1 8 3 5 6 
20180907839 4 9 5 3 8 7 10 1 2 6 
20180907840 10 9 6 5 7 1 4 8 2 3 
20180907841 6 4 3 10 8 1 7 2 9 5 
20180907842 5 8 7 10 9 1 3 4 6 2 
20180907843 9 1 4 5 7 8 6 2 10 3 
20180907844 9 3 6 8 10 4 7 1 2 5 
20180907845 4 2 5 6 7 1 3 10 8 9 
20180907846 6 1 8 5 2 3 4 9 10 7 
20180907847 6 3 5 1 9 2 8 7 4 10 
20180907848 5 2 8 6 4 1 3 10 7 9 
20180907849 10 3 8 9 4 5 1 6 2 7 
20180907850 4 9 8 6 3 10 2 7 5 1 
20180907851 7 9 10 3 5 6 1 8 2 4 
20180907852 10 1 7 5 4 9 2 3 6 8 
20180907853 7 3 8 9 1 4 2 10 5 6 
20180907854 7 9 3 4 1 5 6 2 8 10 
20180907855 1 9 2 6 5 7 8 10 4 3 
20180907856 1 5 9 2 3 4 6 7 10 8 
20180907857 3 2 6 7 9 8 10 1 5 4 
20180907858 4 2 3 6 5 1 7 8 10 9 
20180907859 7 4 9 10 3 2 8 1 5 6 
20180907860 10 1 7 9 4 5 2 8 6 3 
20180907861 7 5 1 10 6 8 4 2 9 3 
20180907862 5 1 7 4 9 3 6 10 2 8 
20180907863 5 4 10 9 8 7 2 3 1 6 
20180907864 2 7 5 9 1 4 10 8 3 6 
20180907865 1 8 10 5 6 2 9 7 3 4 
20180907866 6 3 7 8 1 10 5 9 4 2 
20180907867 5 9 3 4 1 8 7 10 6 2 
20180907868 3 8 5 6 1 4 2 10 9 7 
20180907869 6 2 7 8 9 5 3 1 4 10 
20180907870 9 1 6 5 8 10 3 4 7 2 
20180907871 5 4 8 7 3 1 2 10 6 9 
20180907872 6 1 9 7 10 4 8 2 3 5 
20180907873 4 1 2 7 6 9 5 10 3 8 
20180907874 10 6 4 1 9 3 8 5 2 7 
20180907875 7 6 1 3 9 8 10 4 5 2 
20180907876 9 10 1 4 3 6 2 8 5 7 
20180907877 5 1 7 10 3 9 2 4 8 6 
20180907878 5 10 7 2 3 1 4 6 8 9 
20180907879 2 9 10 8 1 5 6 7 3 4 
20180907880 3 9 10 8 2 5 1 6 7 4 
20180907881 4 1 5 9 2 6 3 8 10 7 
20180907882 8 2 10 1 4 9 5 3 7 6 
20180907883 1 4 5 9 2 6 8 10 7 3 
20180907884 9 8 3 10 5 6 2 4 7 1 
20180907885 7 8 2 10 5 9 1 3 6 4 
20180907886 1 4 9 2 7 10 5 3 6 8 
20180907887 5 1 6 3 7 9 2 10 8 4 
20180907888 3 8 2 10 7 4 5 6 9 1 
20180907889 1 10 6 5 4 9 2 3 7 8 
20180907890 3 4 10 7 8 5 1 9 6 2 
20180907891 8 5 6 7 2 4 9 3 10 1 
20180907892 3 9 7 10 2 1 4 6 8 5 
20180907893 7 8 10 9 4 5 2 1 3 6 
20180907894 9 6 5 10 3 8 2 7 1 4 
20180907895 6 9 4 1 3 10 2 5 7 8 
20180907896 9 5 2 10 7 3 4 8 6 1 
20180907897 7 10 5 3 9 2 1 8 6 4 
20180907898 4 5 8 10 3 9 7 2 1 6 
20180907899 7 10 4 6 1 2 5 9 3 8 
20180907900 10 3 7 5 2 9 8 4 1 6 
20180907901 5 7 1 2 6 3 10 8 4 9 
20180907902 4 6 3 10 1 2 8 7 5 9 
20180907903 7 8 5 10 3 1 9 4 6 2 
20180907904 3 9 5 7 8 1 4 10 2 6 
20180907905 5 3 2 8 6 4 1 9 10 7 
20180907906 3 5 7 2 9 6 8 4 1 10 
20180907907 4 7 1 10 2 6 9 8 5 3 
20180907908 2 3 5 10 1 7 4 8 6 9 
20180907909 6 8 4 2 7 1 10 5 3 9 
20180907910 4 1 5 8 9 6 3 7 10 2 
20180907911 10 8 9 6 4 7 3 2 1 5 
20180907912 5 2 7 9 8 3 10 1 4 6 
20180907913 3 5 4 1 9 10 7 8 2 6 
20180907914 6 1 2 8 5 9 3 7 4 10 
20180907915 4 10 8 5 9 6 7 1 2 3 
20180907916 1 8 5 9 7 4 2 6 3 10 
20180907917 7 8 5 9 10 6 4 1 3 2 
20180907918 2 1 6 7 10 5 9 8 4 3 
20180907919 2 9 1 6 3 5 10 8 7 4 
20180907920 3 9 7 10 2 1 4 8 6 5 
20180907921 8 2 5 9 10 3 1 4 6 7 
20180907922 5 10 3 1 4 9 6 2 7 8 
20180907923 8 4 2 9 10 1 6 7 3 5 
20180907924 5 8 4 7 2 10 3 1 6 9 
20180907925 6 9 5 1 8 10 3 2 7 4 
20180907926 6 9 4 2 5 10 1 7 3 8 
20180907927 6 1 10 8 4 7 5 9 2 3 
20180907928 2 5 3 4 9 8 1 10 6 7 
20180907929 3 10 7 1 6 8 4 5 9 2 
20180907930 3 2 6 1 8 10 7 9 4 5 
20180907931 8 10 3 1 9 5 2 6 7 4 
20180907932 6 2 9 4 10 8 7 1 3 5 
20180907933 4 10 2 1 5 9 3 7 6 8 
20180907934 9 5 6 1 7 10 8 4 2 3 
20180907935 8 10 7 2 4 5 3 1 9 6 
20180907936 10 8 2 3 4 9 6 7 1 5 
20180907937 8 1 10 9 6 3 4 7 2 5 
20180907938 9 7 10 1 8 6 3 4 2 5 
20180907939 1 5 2 9 7 4 3 8 6 10 
20180907940 2 5 6 7 1 9 3 10 4 8 
20180907941 4 9 1 8 3 10 5 2 6 7 
20180907942 2 3 6 8 7 5 1 10 4 9 
20180907943 8 6 4 9 5 1 3 7 2 10 
20180907944 2 9 7 3 5 4 8 6 10 1 
20180907945 1 8 5 2 7 10 3 4 6 9 
20180907946 3 9 2 1 5 6 4 8 10 7 
20180907947 8 4 2 1 6 10 3 9 7 5 
20180907948 6 4 9 7 10 2 5 1 3 8 
20180907949 4 8 1 10 6 9 2 7 3 5 
20180907950 8 5 3 6 4 7 1 10 9 2 
20180907951 4 10 5 3 1 7 2 6 8 9 
20180907952 10 9 7 8 1 6 5 2 3 4 
20180907953 6 9 8 2 3 5 1 7 10 4 
20180907954 8 2 10 4 9 3 7 1 5 6 
20180907955 7 6 4 9 3 10 1 8 2 5 
20180907956 6 3 8 7 9 1 10 4 5 2 
20180907957 1 6 2 3 7 4 9 10 5 8 
20180907958 7 1 9 8 5 10 6 4 3 2 
20180907959 4 3 6 10 8 7 2 1 9 5 
20180907960 4 1 3 7 8 10 6 5 2 9 
20180907961 2 5 4 10 9 1 6 8 3 7 
20180907962 3 9 6 10 5 4 8 7 2 1 
20180907963 9 8 5 4 7 6 1 3 2 10 
20180907964 6 4 1 10 3 8 5 2 7 9 
20180907965 1 4 10 5 6 2 8 3 7 9 
20180907966 3 8 6 10 7 4 5 9 1 2 
20180907967 4 3 10 5 2 9 7 6 1 8 
20180907968 2 8 1 4 9 5 10 3 7 6 
20180907969 3 6 7 5 4 2 10 1 9 8 
20180907970 1 5 9 10 2 7 3 6 8 4 
20180907971 2 6 3 10 5 4 1 7 9 8 
20180907972 6 3 9 10 4 2 1 5 8 7 
20180907973 10 4 5 2 8 6 1 7 3 9 
20180907974 8 2 1 4 3 7 5 9 10 6 
20180907975 4 7 3 5 2 6 8 10 9 1 
20180907976 6 8 3 5 2 1 4 7 10 9 
20180907977 9 4 10 6 8 7 3 5 2 1 
20180907978 4 9 3 7 10 6 5 8 1 2 
20180907979 5 4 1 9 2 7 8 3 6 10 
20180907980 7 1 8 10 4 3 2 6 5 9 
20180907981 9 5 10 3 8 2 7 1 6 4 
20180907982 10 2 9 7 8 6 5 3 4 1 
20180907983 10 4 6 3 8 9 5 2 7 1 
20180907984 6 7 2 3 5 4 8 9 10 1 
20180907985 7 2 1 4 5 3 10 6 9 8 
20180908001 10 5 1 8 2 3 4 9 7 6 
