20180926002 4 1 8 10 7 5 3 6 9 2 
20180926003 7 5 9 3 1 10 6 2 8 4 
20180926004 7 6 3 10 4 5 2 9 1 8 
20180926005 5 8 6 7 3 2 4 9 10 1 
20180926006 8 9 3 10 1 5 6 7 2 4 
20180926007 5 7 6 10 9 1 8 2 4 3 
20180926008 7 9 4 6 3 8 2 5 1 10 
20180926009 7 3 9 5 8 1 6 2 4 10 
20180926010 10 4 7 3 9 5 8 6 1 2 
20180926011 1 8 5 10 7 2 6 4 3 9 
20180926012 8 2 10 4 3 9 5 7 1 6 
20180926013 3 2 1 8 5 7 10 4 6 9 
20180926014 1 7 10 3 8 2 4 9 6 5 
20180926015 3 10 9 1 7 5 6 4 2 8 
20180926016 6 5 2 9 3 8 10 4 7 1 
20180926017 7 10 8 1 5 4 6 2 9 3 
20180926018 5 4 8 3 9 7 1 10 6 2 
20180926019 7 5 3 6 4 9 2 1 10 8 
20180926020 7 4 8 1 3 9 5 10 2 6 
20180926021 4 5 9 3 10 1 8 2 6 7 
20180926022 2 5 8 10 6 7 4 3 9 1 
20180926023 5 6 1 9 8 3 2 7 10 4 
20180926024 9 7 4 5 6 1 10 8 2 3 
20180926025 2 9 6 7 10 8 5 1 4 3 
20180926026 1 7 9 3 4 6 2 5 10 8 
20180926027 4 3 5 9 8 2 6 1 7 10 
20180926028 1 6 8 4 2 7 10 9 3 5 
20180926029 8 2 3 10 9 7 4 5 6 1 
20180926030 4 2 9 7 3 8 1 6 5 10 
20180926031 4 1 8 10 6 7 9 2 5 3 
20180926032 4 9 8 1 5 10 7 2 6 3 
20180926033 1 6 7 9 2 10 5 3 4 8 
20180926034 7 1 10 8 9 4 3 5 2 6 
20180926035 6 8 4 5 9 1 2 3 7 10 
20180926036 5 1 6 2 7 3 4 9 10 8 
20180926037 2 6 4 10 7 5 8 3 1 9 
20180926038 6 2 8 10 5 3 4 7 1 9 
20180926039 3 2 5 4 7 1 10 8 9 6 
20180926040 1 10 7 5 8 2 6 4 3 9 
20180926041 8 7 3 4 9 6 1 10 2 5 
20180926042 4 10 1 3 8 6 5 9 7 2 
20180926043 10 3 7 9 8 5 4 1 2 6 
20180926044 9 2 7 10 1 4 5 3 6 8 
20180926045 9 3 7 5 10 1 4 8 2 6 
20180926046 1 6 5 10 2 9 4 8 3 7 
20180926047 10 6 8 3 1 5 2 9 4 7 
20180926048 5 10 1 7 4 9 6 8 3 2 
20180926049 7 4 5 1 10 2 9 3 8 6 
20180926050 5 7 2 8 6 10 3 4 1 9 
20180926051 8 7 2 5 10 6 4 1 9 3 
20180926052 5 6 9 8 1 4 3 7 10 2 
20180926053 1 6 10 7 3 2 9 5 4 8 
20180926054 7 6 5 1 3 9 10 8 4 2 
20180926055 8 9 5 6 10 2 4 7 3 1 
20180926056 10 9 2 3 4 7 6 1 8 5 
20180926057 10 2 3 8 1 5 9 4 6 7 
20180926058 7 3 5 10 6 4 8 1 9 2 
20180926059 5 2 6 1 8 7 4 10 9 3 
20180926060 3 8 10 4 9 6 7 5 1 2 
20180926061 7 10 9 6 8 5 1 2 3 4 
20180926062 4 10 3 9 1 7 2 5 8 6 
20180926063 4 9 10 8 3 5 6 7 1 2 
20180926064 5 7 8 10 3 2 4 9 6 1 
20180926065 6 1 4 5 8 7 2 10 9 3 
20180926066 10 5 6 9 8 1 7 2 4 3 
20180926067 4 5 8 7 6 2 9 3 1 10 
20180926068 9 1 5 7 10 8 2 3 6 4 
20180926069 2 10 3 5 6 8 9 7 1 4 
20180926070 4 6 2 8 9 3 5 10 7 1 
20180926071 7 8 9 2 3 10 5 1 6 4 
20180926072 2 3 8 7 9 4 10 1 5 6 
20180926073 6 10 2 5 7 8 9 1 3 4 
20180926074 5 4 7 8 6 10 9 2 1 3 
20180926075 9 10 2 8 5 4 7 1 6 3 
20180926076 6 1 8 4 5 2 7 9 3 10 
20180926077 4 2 8 10 3 1 7 6 9 5 
20180926078 6 7 1 2 9 4 3 8 5 10 
20180926079 2 4 6 5 3 9 10 1 8 7 
20180926080 7 8 4 3 2 5 1 10 6 9 
20180926081 2 4 6 7 10 9 5 3 1 8 
20180926082 2 1 4 8 5 9 6 10 7 3 
20180926083 10 8 5 2 1 3 9 4 7 6 
20180926084 5 8 10 4 3 2 1 9 6 7 
20180926085 7 4 10 5 2 8 9 6 1 3 
20180926086 6 7 4 9 5 10 8 2 1 3 
20180926087 1 4 3 10 9 5 2 8 7 6 
20180926088 2 8 3 9 5 6 4 10 7 1 
20180926089 9 4 7 1 3 10 6 8 2 5 
20180926090 6 2 1 9 3 8 7 5 4 10 
20180926091 3 6 2 7 4 9 10 5 8 1 
20180926092 10 8 2 1 5 9 6 7 3 4 
20180926093 10 8 6 5 7 9 3 2 1 4 
20180926094 1 8 9 5 7 2 6 3 4 10 
20180926095 2 1 10 5 9 7 6 8 3 4 
20180926096 10 2 8 3 6 9 7 4 1 5 
20180926097 4 6 5 2 7 9 3 8 10 1 
20180926098 5 8 1 3 6 7 2 4 10 9 
20180926099 9 10 3 7 8 1 4 2 5 6 
20180926100 7 6 9 4 10 3 8 2 1 5 
20180926101 2 3 1 9 4 5 10 6 7 8 
20180926102 5 3 8 1 7 10 6 4 9 2 
20180926103 7 9 1 3 4 6 8 2 10 5 
20180926104 3 5 10 9 4 1 7 6 2 8 
20180926105 1 4 3 7 6 9 2 10 5 8 
20180926106 2 7 6 4 3 5 9 8 1 10 
20180926107 10 9 1 3 5 8 2 6 7 4 
20180926108 10 1 7 5 3 9 2 6 8 4 
20180926109 8 6 4 1 7 3 9 10 2 5 
20180926110 6 9 3 4 1 7 5 10 8 2 
20180926111 3 4 2 10 7 6 1 9 8 5 
20180926112 3 5 9 4 8 7 2 1 6 10 
20180926113 3 8 10 1 4 2 5 6 9 7 
20180926114 2 6 7 1 3 9 10 4 5 8 
20180926115 10 4 6 1 2 8 9 5 7 3 
20180926116 9 1 6 7 3 4 2 8 5 10 
20180926117 4 8 2 1 6 5 10 3 9 7 
20180926118 9 6 2 10 5 7 3 4 8 1 
20180926119 8 5 10 1 9 4 6 7 3 2 
20180926120 2 10 1 8 6 4 7 9 3 5 
20180926121 9 3 6 1 4 8 2 5 7 10 
20180926122 4 2 8 6 10 7 5 9 1 3 
20180926123 6 4 2 9 7 5 8 10 1 3 
20180926124 9 6 8 10 5 7 2 1 4 3 
20180926125 7 3 10 6 9 5 8 4 1 2 
20180926126 3 8 9 7 2 4 5 1 10 6 
20180926127 2 9 3 4 1 7 6 5 10 8 
20180926128 7 9 10 1 5 6 3 8 2 4 
20180926129 7 10 4 9 5 1 3 6 2 8 
20180926130 3 7 10 5 4 8 1 9 2 6 
20180926131 5 9 10 8 7 2 1 6 4 3 
20180926132 10 3 6 9 8 2 1 7 4 5 
20180926133 4 1 3 9 2 6 7 10 8 5 
20180926134 4 6 9 10 2 8 5 3 1 7 
20180926135 9 8 7 5 1 4 3 2 10 6 
20180926136 4 8 5 10 1 6 2 3 9 7 
20180926137 8 1 10 3 2 4 5 7 9 6 
20180926138 1 10 3 2 9 4 8 6 5 7 
20180926139 1 4 8 10 6 2 3 7 5 9 
20180926140 2 5 3 6 10 8 9 1 4 7 
20180926141 6 7 4 2 10 1 3 8 5 9 
20180926142 6 3 4 9 5 7 2 10 1 8 
20180926143 2 6 7 5 10 4 8 3 9 1 
20180926144 6 7 3 1 8 9 4 5 10 2 
20180926145 1 6 9 8 7 4 2 5 10 3 
20180926146 5 7 6 10 8 2 3 1 9 4 
20180926147 4 7 2 5 10 1 3 6 9 8 
20180926148 6 7 2 5 9 8 1 4 10 3 
20180926149 4 2 5 9 1 3 6 7 8 10 
20180926150 6 9 2 4 5 8 10 7 1 3 
20180926151 8 10 4 1 5 3 7 6 9 2 
20180926152 6 4 9 3 8 7 1 10 2 5 
20180926153 10 4 5 6 2 8 3 1 9 7 
20180926154 10 7 2 1 5 3 6 4 9 8 
20180926155 10 3 8 1 7 6 2 5 4 9 
20180926156 4 10 5 2 3 7 8 9 6 1 
20180926157 2 8 9 10 7 3 6 5 1 4 
20180926158 6 1 5 7 8 3 2 4 10 9 
20180926159 9 5 2 7 6 8 4 3 10 1 
20180926160 3 1 10 5 9 2 6 4 8 7 
20180926161 6 1 7 3 4 10 5 9 2 8 
20180926162 10 9 1 4 6 7 3 2 5 8 
20180926163 2 10 3 7 4 5 1 9 6 8 
20180926164 3 6 7 8 1 9 4 5 10 2 
20180926165 4 1 6 5 3 8 9 10 7 2 
20180926166 6 1 7 2 5 9 8 10 3 4 
20180926167 9 10 8 1 4 6 2 7 3 5 
20180926168 3 5 7 4 8 10 9 2 1 6 
20180926169 10 6 9 8 7 5 4 3 2 1 
20180926170 1 8 9 3 4 5 10 2 6 7 
20180926171 4 9 3 2 6 1 8 7 5 10 
20180926172 1 7 5 2 6 10 9 4 8 3 
20180926173 3 8 5 1 4 10 2 7 6 9 
20180926174 5 4 9 10 6 3 8 1 2 7 
20180926175 6 1 2 7 8 4 5 3 9 10 
20180926176 1 3 7 6 5 2 4 10 8 9 
20180926177 7 9 4 6 1 8 2 5 3 10 
20180926178 10 6 4 7 2 3 8 5 1 9 
20180926179 6 5 9 7 2 10 1 3 8 4 
20180926180 2 4 10 9 5 7 3 6 8 1 
20180926181 3 7 8 9 5 10 6 4 2 1 
20180926182 3 7 5 8 6 4 1 2 10 9 
20180926183 6 3 4 2 7 1 5 10 8 9 
20180926184 8 9 4 1 10 6 7 3 2 5 
20180926185 10 6 4 2 7 1 8 3 9 5 
20180926186 2 6 9 1 4 3 8 5 7 10 
20180926187 4 1 2 8 5 10 7 3 6 9 
20180926188 3 2 9 10 6 1 5 4 8 7 
20180926189 3 10 8 9 1 4 6 5 2 7 
20180926190 9 3 4 1 10 7 5 6 8 2 
20180926191 8 10 1 6 3 2 4 9 5 7 
20180926192 3 9 2 6 8 1 5 10 4 7 
20180926193 2 7 9 8 3 6 5 1 10 4 
20180926194 7 5 6 3 9 2 1 4 10 8 
20180926195 4 6 3 9 8 10 1 2 5 7 
20180926196 2 3 10 4 5 1 6 7 9 8 
20180926197 7 2 1 3 4 5 8 6 9 10 
20180926198 5 7 6 10 2 1 8 3 4 9 
20180926199 7 3 9 1 4 6 5 10 8 2 
20180926200 2 7 10 8 3 1 4 5 9 6 
20180926201 2 6 7 9 3 1 8 10 4 5 
20180926202 5 2 8 10 9 1 7 6 4 3 
20180926203 7 2 3 6 1 10 9 8 5 4 
20180926204 5 1 3 10 8 2 7 6 4 9 
20180926205 2 1 6 8 3 10 9 5 4 7 
20180926206 2 7 6 8 4 10 5 3 9 1 
20180926207 4 6 5 9 8 7 2 10 3 1 
20180926208 2 1 5 8 3 7 9 6 10 4 
20180926209 2 9 3 10 6 5 8 7 4 1 
20180926210 9 5 2 8 4 3 6 10 7 1 
20180926211 2 1 3 4 10 9 5 6 7 8 
20180926212 10 7 2 6 3 1 9 8 4 5 
20180926213 3 6 2 4 8 9 5 1 7 10 
20180926214 9 2 4 7 8 1 5 6 10 3 
20180926215 1 7 2 6 10 4 3 5 8 9 
20180926216 5 2 10 8 9 6 4 1 3 7 
20180926217 1 7 2 6 8 4 3 5 10 9 
20180926218 1 3 6 5 8 2 4 7 9 10 
20180926219 1 3 5 10 6 4 7 2 9 8 
20180926220 8 2 10 6 5 3 7 4 1 9 
20180926221 7 3 6 1 5 2 9 4 8 10 
20180926222 5 8 2 7 6 4 1 3 10 9 
20180926223 5 3 4 9 2 10 1 7 6 8 
20180926224 8 1 6 7 4 9 2 3 10 5 
20180926225 7 9 1 2 5 6 4 10 8 3 
20180926226 8 9 2 4 6 5 7 10 1 3 
20180926227 9 3 6 7 8 1 10 4 2 5 
20180926228 2 6 9 3 4 5 8 1 10 7 
20180926229 8 3 5 4 6 7 1 9 2 10 
20180926230 7 1 10 3 4 8 5 2 9 6 
20180926231 2 8 9 6 5 7 4 1 10 3 
20180926232 7 2 10 3 4 1 5 6 9 8 
20180926233 8 7 3 9 4 1 6 10 2 5 
20180926234 9 1 10 3 2 5 7 8 6 4 
20180926235 6 5 7 3 9 4 10 8 2 1 
20180926236 1 3 7 5 8 10 4 6 2 9 
20180926237 5 2 1 7 3 6 4 8 10 9 
20180926238 6 9 5 10 1 3 4 7 8 2 
20180926239 1 3 8 9 10 5 6 4 7 2 
20180926240 4 8 7 3 9 1 2 5 10 6 
20180926241 3 2 4 10 1 8 6 5 9 7 
20180926242 7 4 8 5 10 6 3 1 2 9 
20180926243 1 5 6 8 7 10 4 2 3 9 
20180926244 10 6 1 3 7 8 2 5 9 4 
20180926245 3 5 10 2 4 8 6 1 9 7 
20180926246 10 4 5 3 1 6 9 8 2 7 
20180926247 9 4 6 3 5 7 10 8 1 2 
20180926248 8 4 2 7 10 6 3 1 9 5 
20180926249 8 2 1 3 10 9 5 6 7 4 
20180926250 9 8 5 10 2 1 6 3 4 7 
20180926251 9 3 1 5 8 4 10 7 2 6 
20180926252 10 2 5 7 1 6 3 4 8 9 
20180926253 5 10 7 9 3 2 6 8 4 1 
20180926254 2 5 1 10 3 8 6 7 4 9 
20180926255 6 4 2 10 3 1 8 7 5 9 
20180926256 1 7 2 5 6 9 4 3 10 8 
20180926257 2 10 3 4 5 6 8 7 1 9 
20180926258 7 4 10 3 1 2 6 5 8 9 
20180926259 7 10 6 5 9 4 8 1 2 3 
20180926260 10 8 9 4 6 2 3 5 1 7 
20180926261 10 4 8 9 7 5 6 3 1 2 
20180926262 5 1 8 7 10 6 9 4 2 3 
20180926263 1 5 9 4 2 10 7 6 3 8 
20180926264 1 3 2 9 8 7 5 10 6 4 
20180926265 4 8 5 7 3 6 10 1 2 9 
20180926266 5 4 2 6 3 8 9 10 1 7 
20180926267 6 10 8 5 3 9 7 1 4 2 
20180926268 6 5 7 4 3 8 10 9 2 1 
20180926269 7 10 6 8 2 9 3 5 4 1 
20180926270 9 2 4 8 3 1 5 6 7 10 
20180926271 2 9 6 3 8 4 5 1 10 7 
20180926272 6 3 7 9 10 4 2 1 5 8 
20180926273 1 7 4 9 5 6 10 2 8 3 
20180926274 3 4 9 8 5 2 7 1 6 10 
20180926275 3 4 9 2 10 7 5 8 6 1 
20180926276 5 6 2 7 10 3 8 1 9 4 
20180926277 6 10 4 2 1 5 3 9 7 8 
20180926278 8 2 4 6 3 5 9 7 10 1 
20180926279 8 4 1 6 7 5 3 2 9 10 
20180926280 7 5 10 1 4 6 3 9 2 8 
20180926281 10 1 3 2 4 7 9 6 5 8 
20180926282 4 5 9 7 2 8 6 10 1 3 
20180926283 4 6 9 10 8 5 3 1 2 7 
20180926284 3 7 6 9 8 2 5 4 1 10 
20180926285 10 5 4 8 9 1 3 2 7 6 
20180926286 3 9 6 4 8 2 10 1 5 7 
20180926287 10 4 6 3 9 1 8 7 2 5 
20180926288 7 1 2 5 3 8 4 9 6 10 
20180926289 2 3 7 10 1 9 5 8 4 6 
20180926290 2 5 9 10 7 1 8 4 3 6 
20180926291 8 3 6 7 9 2 10 1 4 5 
20180926292 10 8 7 3 9 2 6 4 1 5 
20180926293 5 9 3 10 2 7 4 8 1 6 
20180926294 10 6 4 7 8 2 3 9 1 5 
20180926295 5 7 8 2 9 10 1 3 4 6 
20180926296 7 5 6 8 2 1 4 10 9 3 
20180926297 5 9 3 8 7 4 6 1 10 2 
20180926298 1 2 6 3 4 5 7 8 9 10 
20180926299 7 9 10 2 8 4 1 3 5 6 
20180926300 6 9 2 3 4 1 7 8 5 10 
20180926301 4 7 10 9 2 3 8 5 6 1 
20180926302 6 3 1 4 5 10 9 8 2 7 
20180926303 10 8 5 2 9 3 4 7 6 1 
20180926304 3 6 5 10 8 7 2 4 1 9 
20180926305 10 9 6 3 8 5 7 4 2 1 
20180926306 1 6 3 9 10 7 5 8 2 4 
20180926307 7 1 9 3 5 2 10 8 6 4 
20180926308 6 8 7 9 1 2 5 4 3 10 
20180926309 8 4 2 3 6 7 10 9 1 5 
20180926310 4 8 7 1 6 9 5 10 3 2 
20180926311 5 7 9 6 1 2 4 10 8 3 
20180926312 5 3 6 1 2 10 7 4 9 8 
20180926313 10 9 5 7 6 2 3 1 8 4 
20180926314 1 10 5 3 7 4 6 9 8 2 
20180926315 5 1 3 9 4 7 6 2 8 10 
20180926316 6 5 10 7 2 9 4 1 8 3 
20180926317 4 5 2 6 8 7 10 3 9 1 
20180926318 6 8 4 7 10 2 3 1 5 9 
20180926319 5 10 7 2 4 9 6 3 8 1 
20180926320 4 7 8 6 10 9 3 2 1 5 
20180926321 6 4 1 10 2 7 9 5 8 3 
20180926322 4 7 10 1 8 3 9 5 6 2 
20180926323 8 4 7 6 9 2 10 1 5 3 
20180926324 1 5 4 9 10 2 3 8 7 6 
20180926325 1 7 4 5 2 9 8 10 6 3 
20180926326 8 4 7 10 3 9 1 6 5 2 
20180926327 8 5 7 10 6 3 9 4 1 2 
20180926328 8 1 6 4 9 10 3 2 7 5 
20180926329 7 5 9 6 3 2 8 10 4 1 
20180926330 1 10 8 9 5 3 7 6 2 4 
20180926331 5 10 9 3 6 2 8 4 7 1 
20180926332 2 3 8 7 10 6 4 5 9 1 
20180926333 3 1 8 10 6 7 5 4 2 9 
20180926334 5 8 6 10 9 2 3 4 1 7 
20180926335 4 2 10 1 8 5 6 7 3 9 
20180926336 8 6 5 1 3 2 7 4 10 9 
20180926337 5 8 10 6 9 2 1 3 7 4 
20180926338 10 9 8 3 4 2 1 7 5 6 
20180926339 9 8 7 1 2 5 3 6 10 4 
20180926340 2 4 6 8 10 3 9 7 5 1 
20180926341 3 8 1 9 6 7 2 4 5 10 
20180926342 1 7 5 3 10 8 2 6 4 9 
20180926343 9 3 6 7 8 10 4 1 2 5 
20180926344 10 6 5 7 8 4 2 1 9 3 
20180926345 6 3 4 2 1 7 9 8 10 5 
20180926346 10 1 7 3 5 2 6 8 9 4 
20180926347 9 6 8 3 5 4 7 2 10 1 
20180926348 10 6 7 1 5 8 9 3 2 4 
20180926349 3 4 10 9 6 7 8 5 2 1 
20180926350 10 4 5 9 3 1 7 8 2 6 
20180926351 7 6 3 5 2 10 4 8 1 9 
20180926352 1 3 7 6 8 4 9 5 2 10 
20180926353 1 2 4 9 8 7 3 6 10 5 
20180926354 3 7 2 10 5 1 9 6 8 4 
20180926355 2 1 6 7 8 5 10 3 4 9 
20180926356 9 3 10 6 7 1 2 5 4 8 
20180926357 5 9 4 8 2 6 3 10 1 7 
20180926358 4 3 10 5 6 2 7 9 8 1 
20180926359 7 9 6 8 1 10 4 2 5 3 
20180926360 8 4 6 3 1 9 5 7 10 2 
20180926361 3 5 6 4 1 9 7 2 10 8 
20180926362 4 3 8 5 7 1 10 2 9 6 
20180926363 5 1 2 7 3 9 4 10 8 6 
20180926364 6 3 8 1 7 2 9 10 5 4 
20180926365 6 10 4 7 3 9 2 1 8 5 
20180926366 10 7 2 3 8 1 9 5 6 4 
20180926367 3 6 7 10 2 1 8 9 4 5 
20180926368 3 9 6 1 10 4 2 8 5 7 
20180926369 2 10 3 9 6 5 1 7 4 8 
20180926370 2 3 7 4 10 9 6 8 5 1 
20180926371 8 6 2 3 4 5 10 7 1 9 
20180926372 6 1 7 10 5 3 8 2 4 9 
20180926373 9 10 6 8 5 7 1 3 4 2 
20180926374 5 9 10 3 8 7 2 1 6 4 
20180926375 2 8 9 6 5 10 1 7 4 3 
20180926376 9 5 8 6 4 3 1 10 2 7 
20180926377 6 1 7 10 9 5 3 8 2 4 
20180926378 8 4 1 9 5 6 7 3 2 10 
20180926379 10 4 1 3 9 5 6 7 8 2 
20180926380 10 9 1 2 5 6 7 3 8 4 
20180926381 7 2 5 3 9 8 1 10 6 4 
20180926382 9 4 5 1 8 6 10 3 2 7 
20180926383 7 8 10 3 1 5 9 6 2 4 
20180926384 10 1 5 2 8 7 4 9 3 6 
20180926385 2 3 6 10 5 1 7 9 8 4 
20180926386 3 10 6 9 5 7 1 4 8 2 
20180926387 3 10 5 9 7 2 8 1 6 4 
20180926388 3 5 4 1 2 6 7 10 9 8 
20180926389 7 2 10 1 8 6 5 4 9 3 
20180926390 5 6 9 8 1 10 4 7 3 2 
20180926391 2 10 8 7 4 3 1 9 5 6 
20180926392 10 8 1 3 9 5 4 2 6 7 
20180926393 4 10 5 9 7 3 6 2 1 8 
20180926394 10 8 9 6 7 2 4 5 3 1 
20180926395 3 10 8 1 6 7 4 9 2 5 
20180926396 3 4 7 6 1 8 9 10 2 5 
20180926397 2 10 3 8 6 7 5 4 9 1 
20180926398 8 4 2 7 5 6 3 9 10 1 
20180926399 7 1 3 10 2 4 6 8 5 9 
20180926400 2 4 7 6 3 8 9 10 5 1 
20180926401 3 2 1 4 9 8 7 5 6 10 
20180926402 7 4 10 2 8 9 1 5 6 3 
20180926403 1 9 7 10 8 2 3 5 6 4 
20180926404 5 4 1 3 9 8 6 10 7 2 
20180926405 4 10 2 5 9 7 8 6 1 3 
20180926406 3 6 5 10 7 4 8 9 2 1 
20180926407 10 7 8 6 1 2 3 5 9 4 
20180926408 2 7 5 3 1 8 6 10 4 9 
20180926409 10 9 2 3 4 6 8 1 5 7 
20180926410 1 9 8 6 10 2 4 7 5 3 
20180926411 10 7 8 9 4 1 3 5 2 6 
20180926412 10 7 9 3 5 6 2 8 4 1 
20180926413 6 1 7 8 10 9 4 5 3 2 
20180926414 7 10 6 3 8 5 2 9 4 1 
20180926415 5 4 9 7 6 3 1 2 8 10 
20180926416 4 5 9 10 3 6 2 1 7 8 
20180926417 2 10 9 3 1 7 5 6 8 4 
20180926418 10 1 4 5 3 2 8 6 7 9 
20180926419 2 3 5 1 7 10 4 8 9 6 
20180926420 4 6 1 10 7 2 5 3 8 9 
20180926421 10 5 3 9 4 2 6 7 1 8 
20180926422 1 3 8 2 10 9 5 7 6 4 
20180926423 9 8 5 7 3 1 2 10 4 6 
20180926424 6 10 9 4 8 5 2 7 1 3 
20180926425 7 9 3 6 4 5 10 2 1 8 
20180926426 10 4 5 9 7 8 3 1 2 6 
20180926427 7 1 3 4 10 8 9 5 6 2 
20180926428 1 6 9 2 5 7 10 3 4 8 
20180926429 8 7 10 4 6 1 3 9 5 2 
20180926430 8 3 5 2 10 6 4 1 9 7 
20180926431 4 9 7 6 3 1 5 2 10 8 
20180926432 10 6 7 9 1 2 4 5 3 8 
20180926433 9 4 7 3 1 8 6 5 2 10 
20180926434 6 4 7 5 2 10 9 1 8 3 
20180926435 4 1 3 10 9 5 7 2 8 6 
20180926436 3 7 4 1 8 6 5 2 9 10 
20180926437 3 1 10 2 9 5 8 7 6 4 
20180926438 7 6 5 1 4 9 10 2 3 8 
20180926439 8 7 3 4 10 1 2 9 6 5 
20180926440 9 7 6 5 8 1 2 10 3 4 
20180926441 7 5 9 6 2 8 4 1 10 3 
20180926442 9 5 10 8 3 2 1 6 4 7 
20180926443 2 1 9 3 6 10 5 8 4 7 
20180926444 8 9 3 7 4 5 6 1 2 10 
20180926445 10 7 8 5 6 3 4 2 9 1 
20180926446 3 4 10 2 8 1 6 7 9 5 
20180926447 5 3 10 6 9 7 2 8 1 4 
20180926448 10 4 9 5 7 2 8 1 3 6 
20180926449 5 10 1 8 6 2 3 7 9 4 
20180926450 7 10 5 3 6 4 2 8 9 1 
20180926451 6 4 9 2 5 1 10 7 8 3 
20180926452 10 3 7 1 4 2 8 9 6 5 
20180926453 4 1 7 5 9 10 3 6 2 8 
20180926454 6 9 4 1 3 10 5 8 2 7 
20180926455 9 7 8 4 3 10 2 6 1 5 
20180926456 5 9 3 2 6 1 8 7 10 4 
20180926457 6 10 5 8 2 1 7 9 3 4 
20180926458 1 2 9 3 4 6 10 8 5 7 
20180926459 9 2 3 7 10 8 5 6 1 4 
20180926460 7 6 2 10 1 4 8 3 9 5 
20180926461 1 9 5 2 6 3 8 7 4 10 
20180926462 4 3 5 6 8 2 7 10 1 9 
20180926463 9 1 8 7 6 4 10 3 5 2 
20180926464 2 7 4 8 3 10 6 1 9 5 
20180926465 5 3 2 9 7 8 1 10 6 4 
20180926466 3 8 5 10 6 7 4 2 9 1 
20180926467 2 8 5 1 4 10 6 7 3 9 
20180926468 8 2 3 4 1 9 6 7 10 5 
20180926469 3 5 8 7 2 1 10 4 9 6 
20180926470 4 1 10 3 2 6 8 7 5 9 
20180926471 5 3 4 8 1 6 10 7 2 9 
20180926472 9 10 6 5 3 7 4 2 1 8 
20180926473 3 9 1 10 5 4 8 7 2 6 
20180926474 3 4 7 8 6 5 9 1 2 10 
20180926475 3 5 7 9 8 10 1 6 2 4 
20180926476 7 1 8 2 3 4 10 6 5 9 
20180926477 3 10 4 8 1 5 6 9 7 2 
20180926478 7 4 10 2 8 5 9 3 6 1 
20180926479 2 8 6 1 10 7 3 5 4 9 
20180926480 1 6 10 9 7 3 2 5 8 4 
20180926481 10 7 5 4 1 8 3 9 6 2 
20180926482 10 3 6 7 5 9 4 2 1 8 
20180926483 2 1 7 8 4 6 10 3 5 9 
20180926484 8 5 10 9 6 2 1 7 4 3 
20180926485 1 8 2 10 9 3 5 4 6 7 
20180926486 9 7 4 6 3 10 5 8 2 1 
20180926487 7 5 6 1 4 8 3 10 2 9 
20180926488 9 2 6 3 4 10 1 8 5 7 
20180926489 8 9 6 10 2 5 1 7 4 3 
20180926490 7 6 3 5 2 8 9 4 1 10 
20180926491 7 5 8 2 10 4 9 3 6 1 
20180926492 5 9 3 6 4 10 7 1 8 2 
20180926493 4 6 7 10 5 9 8 1 3 2 
20180926494 2 6 7 8 1 9 4 3 5 10 
20180926495 2 1 4 8 6 7 3 9 10 5 
20180926496 1 6 5 7 2 8 4 10 3 9 
20180926497 2 7 6 8 5 10 3 4 9 1 
20180926498 1 8 5 6 2 10 4 9 3 7 
20180926499 7 4 6 5 2 1 8 3 9 10 
20180926500 8 5 1 7 4 3 9 6 10 2 
20180926501 8 9 3 7 10 5 2 1 4 6 
20180926502 3 5 9 10 6 8 1 7 2 4 
20180926503 1 8 4 6 3 5 9 2 7 10 
20180926504 5 9 10 2 7 6 3 1 4 8 
20180926505 4 7 3 1 10 2 6 5 8 9 
20180926506 5 10 1 3 6 2 9 4 8 7 
20180926507 4 10 9 7 3 2 8 1 5 6 
20180926508 1 6 7 8 9 10 5 3 2 4 
20180926509 9 2 4 3 6 5 7 8 10 1 
20180926510 10 2 3 1 8 9 6 5 4 7 
20180926511 10 4 5 3 7 6 2 9 1 8 
20180926512 5 8 2 4 7 9 6 3 1 10 
20180926513 1 5 9 3 2 4 7 6 10 8 
20180926514 4 5 2 10 9 6 7 1 3 8 
20180926515 3 1 5 8 10 6 4 7 9 2 
20180926516 1 5 8 4 2 10 7 9 3 6 
20180926517 1 9 10 5 8 6 3 2 7 4 
20180926518 4 9 6 8 1 2 5 3 7 10 
20180926519 1 9 4 6 2 10 8 5 3 7 
20180926520 7 9 10 8 4 3 2 6 1 5 
20180926521 8 6 7 5 2 10 3 1 9 4 
20180926522 6 8 10 4 5 2 1 9 3 7 
20180926523 6 9 5 7 10 8 1 4 2 3 
20180926524 8 9 6 5 3 7 2 1 4 10 
20180926525 4 3 7 6 2 5 8 1 10 9 
20180926526 10 4 3 1 7 8 6 2 5 9 
20180926527 4 1 5 3 10 7 6 2 9 8 
20180926528 4 5 3 6 1 10 2 9 8 7 
20180926529 10 6 4 1 5 9 7 3 2 8 
20180926530 1 8 5 10 9 6 3 2 4 7 
20180926531 7 1 10 8 9 5 4 3 6 2 
20180926532 8 3 4 10 1 7 2 5 9 6 
20180926533 7 4 2 5 3 8 9 6 1 10 
20180926534 3 5 7 1 4 10 2 9 8 6 
20180926535 4 9 5 1 6 7 2 10 8 3 
20180926536 10 6 5 3 9 7 2 8 1 4 
20180926537 5 9 1 3 2 8 6 4 7 10 
20180926538 1 6 10 3 2 4 5 9 8 7 
20180926539 1 6 3 9 7 8 4 10 2 5 
20180926540 2 9 4 3 5 1 10 6 8 7 
20180926541 2 5 10 4 9 3 8 6 7 1 
20180926542 7 2 1 9 10 8 6 5 4 3 
20180926543 10 2 5 7 9 3 1 6 8 4 
20180926544 3 5 1 7 9 6 2 4 8 10 
20180926545 4 1 6 9 2 10 7 8 5 3 
20180926546 2 6 5 3 10 4 8 7 1 9 
20180926547 10 3 9 6 4 7 5 1 2 8 
20180926548 3 5 7 10 8 1 6 9 4 2 
20180926549 9 1 8 4 2 3 5 7 6 10 
20180926550 3 4 1 8 7 10 2 6 5 9 
20180926551 8 7 10 4 1 5 3 6 9 2 
20180926552 8 7 2 5 3 9 1 10 6 4 
20180926553 4 6 3 2 10 1 8 5 7 9 
20180926554 8 10 6 2 4 5 9 1 3 7 
20180926555 3 9 10 5 2 7 1 6 4 8 
20180926556 1 8 2 3 4 9 10 6 7 5 
20180926557 10 6 1 4 7 9 5 3 2 8 
20180926558 4 7 8 10 5 6 1 2 9 3 
20180926559 10 7 3 1 5 8 9 4 6 2 
20180926560 4 1 6 5 8 10 3 2 9 7 
20180926561 1 9 2 5 6 4 3 8 10 7 
20180926562 4 7 3 2 9 1 5 8 6 10 
20180926563 5 6 10 4 2 1 8 3 9 7 
20180926564 1 9 10 3 6 4 8 2 7 5 
20180926565 10 3 7 4 6 9 8 2 1 5 
20180926566 8 1 7 9 2 10 5 4 3 6 
20180926567 2 5 9 8 1 3 4 7 6 10 
20180926568 8 6 3 4 10 2 7 9 1 5 
20180926569 1 3 8 5 10 2 6 7 9 4 
20180926570 8 7 1 3 2 10 9 4 5 6 
20180926571 8 2 6 9 4 3 7 1 5 10 
20180926572 4 5 9 7 2 8 3 1 10 6 
20180926573 1 7 10 5 4 2 3 6 9 8 
20180926574 3 7 5 8 1 10 4 9 2 6 
20180926575 5 3 2 4 6 7 10 1 9 8 
20180926576 5 8 2 4 9 3 10 6 1 7 
20180926577 1 8 7 4 2 3 10 5 9 6 
20180926578 6 2 4 8 9 7 3 5 1 10 
20180926579 6 3 1 4 9 10 2 7 8 5 
20180926580 1 9 8 4 2 3 10 7 6 5 
20180926581 1 6 8 9 2 5 4 3 7 10 
20180926582 7 4 9 2 10 5 1 8 3 6 
20180926583 7 9 3 8 10 5 2 6 1 4 
20180926584 1 4 10 7 3 5 6 8 2 9 
20180926585 2 9 6 3 1 7 5 8 4 10 
20180926586 8 5 9 1 10 6 3 4 7 2 
20180926587 1 3 4 9 5 2 10 7 8 6 
20180926588 8 6 5 1 10 4 9 3 2 7 
20180926589 8 10 6 9 5 4 7 3 2 1 
20180926590 10 6 3 5 1 2 7 8 4 9 
20180926591 1 9 7 2 5 6 10 8 4 3 
20180926592 9 8 6 7 5 4 3 2 10 1 
20180926593 5 10 3 1 7 4 2 9 8 6 
20180926594 8 6 3 9 2 1 7 10 5 4 
20180926595 3 4 6 7 2 5 9 1 8 10 
20180926596 3 1 8 5 4 6 9 2 7 10 
20180926597 3 5 4 6 2 8 9 7 1 10 
20180926598 2 5 7 8 1 3 10 9 4 6 
20180926599 8 7 2 6 5 3 9 1 10 4 
20180926600 10 9 3 7 5 6 2 4 8 1 
20180926601 5 3 4 6 8 1 9 7 2 10 
20180926602 6 2 8 5 4 9 3 1 10 7 
20180926603 6 8 7 2 5 3 1 10 4 9 
20180926604 2 1 7 3 5 4 8 9 10 6 
20180926605 8 7 4 2 9 10 6 3 1 5 
20180926606 4 8 7 6 5 2 1 10 9 3 
20180926607 8 5 2 3 1 9 4 6 10 7 
20180926608 6 1 10 9 2 5 7 8 4 3 
20180926609 2 7 5 8 10 9 3 1 4 6 
20180926610 7 1 9 6 8 10 5 2 4 3 
20180926611 2 4 5 3 1 9 6 8 7 10 
20180926612 6 7 8 10 1 4 9 5 2 3 
20180926613 2 1 3 9 5 4 10 8 6 7 
20180926614 2 5 7 10 1 8 3 9 6 4 
20180926615 6 9 5 8 2 4 3 1 10 7 
20180926616 1 4 2 3 10 8 7 9 5 6 
20180926617 6 9 1 8 5 3 10 2 4 7 
20180926618 4 7 3 5 1 8 10 6 2 9 
20180926619 8 5 1 10 9 7 6 4 3 2 
20180926620 1 8 9 7 10 3 2 6 5 4 
20180926621 1 5 2 6 4 7 10 8 3 9 
20180926622 3 4 5 1 2 7 10 8 6 9 
20180926623 10 2 3 8 5 1 6 4 7 9 
20180926624 9 6 4 8 2 10 1 7 5 3 
20180926625 9 1 10 3 4 2 8 5 6 7 
20180926626 8 9 3 6 7 4 10 2 1 5 
20180926627 2 4 8 3 6 1 5 7 10 9 
20180926628 10 9 6 3 5 1 8 4 7 2 
20180926629 5 3 7 8 4 6 2 10 9 1 
20180926630 10 2 5 8 1 4 9 6 7 3 
20180926631 10 3 9 7 6 2 8 4 1 5 
20180926632 3 7 4 6 9 5 2 10 8 1 
20180926633 1 4 5 6 3 8 7 2 9 10 
20180926634 4 8 7 10 6 5 3 9 2 1 
20180926635 4 5 9 10 1 7 6 2 8 3 
20180926636 4 6 1 3 9 5 8 2 7 10 
20180926637 3 5 10 2 1 9 8 6 4 7 
20180926638 10 1 8 7 3 5 4 2 9 6 
20180926639 1 9 7 2 10 8 6 3 5 4 
20180926640 9 4 8 1 6 7 5 3 2 10 
20180926641 5 1 3 10 6 7 9 4 2 8 
20180926642 6 3 8 9 7 2 5 10 1 4 
20180926643 3 10 9 7 4 6 2 1 5 8 
20180926644 2 9 1 7 4 6 10 3 5 8 
20180926645 10 8 6 5 9 2 1 4 7 3 
20180926646 4 5 2 8 3 9 10 7 1 6 
20180926647 8 5 7 10 2 3 9 6 4 1 
20180926648 9 1 5 6 4 8 10 7 2 3 
20180926649 1 4 3 8 10 6 7 5 9 2 
20180926650 2 1 7 6 8 4 10 9 3 5 
20180926651 7 4 6 9 3 8 1 2 5 10 
20180926652 6 7 4 10 5 8 1 3 2 9 
20180926653 6 4 5 8 10 7 3 1 9 2 
20180926654 1 2 6 5 4 10 7 9 3 8 
20180926655 9 8 2 6 10 5 7 1 3 4 
20180926656 6 2 10 7 5 1 4 9 8 3 
20180926657 10 9 6 4 8 7 5 2 3 1 
20180926658 5 10 6 7 1 3 4 8 2 9 
20180926659 10 3 8 1 4 2 7 9 5 6 
20180926660 6 10 8 7 3 1 5 4 9 2 
20180926661 8 2 10 1 6 9 4 7 5 3 
20180926662 6 2 4 3 7 10 5 1 8 9 
20180926663 10 9 3 6 4 1 2 5 8 7 
20180926664 9 4 7 2 10 1 8 3 6 5 
20180926665 9 2 6 3 5 1 4 7 10 8 
20180926666 3 4 9 1 10 8 7 2 6 5 
20180926667 1 4 3 9 7 8 2 5 6 10 
20180926668 7 9 6 10 3 8 5 1 4 2 
20180926669 5 7 2 9 4 8 3 1 6 10 
20180926670 6 7 10 9 2 4 3 1 8 5 
20180926671 1 6 7 4 8 9 10 3 5 2 
20180926672 8 9 1 4 5 7 10 2 6 3 
20180926673 3 10 8 6 5 4 1 2 9 7 
20180926674 3 7 5 1 2 9 10 6 4 8 
20180926675 4 7 9 8 3 10 1 6 5 2 
20180926676 10 8 2 6 9 3 4 5 1 7 
20180926677 5 9 1 8 6 7 2 3 4 10 
20180926678 5 8 3 10 7 6 4 1 9 2 
20180926679 6 2 5 7 8 3 4 9 1 10 
20180926680 5 6 9 2 10 3 4 1 8 7 
20180926681 6 1 3 8 2 7 9 10 4 5 
20180926682 10 3 9 4 1 2 6 8 7 5 
20180926683 1 9 2 5 7 10 3 6 4 8 
20180926684 7 5 9 1 8 4 2 6 10 3 
20180926685 10 4 9 3 6 8 1 7 5 2 
20180926686 4 1 9 2 7 6 10 3 8 5 
20180926687 1 4 7 3 5 2 8 6 10 9 
20180926688 9 10 7 2 8 1 5 6 3 4 
20180926689 3 4 2 8 10 1 5 6 7 9 
20180926690 8 5 2 7 10 1 9 6 4 3 
20180926691 6 8 5 1 9 10 2 7 3 4 
20180926692 1 6 9 5 2 10 4 7 3 8 
20180926693 1 4 6 9 10 3 5 7 2 8 
20180926694 4 2 10 6 5 3 7 1 8 9 
20180926695 1 3 9 2 10 7 5 8 4 6 
20180926696 2 3 4 7 10 1 9 8 6 5 
20180926697 8 4 5 3 1 7 6 10 2 9 
20180926698 5 6 3 1 2 9 7 4 10 8 
20180926699 3 7 8 2 4 1 9 5 6 10 
20180926700 3 9 6 4 5 8 10 1 2 7 
20180926701 4 3 8 1 2 9 5 10 7 6 
20180926702 3 5 2 10 7 4 6 8 1 9 
20180926703 8 6 10 3 7 5 2 4 9 1 
20180926704 1 2 5 8 9 7 3 10 6 4 
20180926705 7 5 8 4 9 10 6 2 3 1 
20180926706 6 8 3 10 4 9 7 5 2 1 
20180926707 10 7 1 3 8 4 2 9 5 6 
20180926708 1 3 5 4 8 7 9 2 6 10 
20180926709 6 4 10 1 5 7 2 8 9 3 
20180926710 1 5 10 8 3 2 6 9 4 7 
20180926711 6 7 4 5 2 8 10 1 9 3 
20180926712 4 5 2 8 10 6 1 7 9 3 
20180926713 2 8 7 10 3 5 1 6 9 4 
20180926714 8 3 10 6 5 9 2 4 7 1 
20180926715 7 2 6 4 10 1 9 5 3 8 
20180926716 8 6 7 3 10 1 2 5 9 4 
20180926717 3 7 5 8 1 9 6 4 10 2 
20180926718 7 4 3 10 9 2 1 8 5 6 
20180926719 8 10 3 2 1 4 9 7 6 5 
20180926720 6 2 9 1 10 8 7 3 4 5 
20180926721 1 10 6 5 7 9 2 8 4 3 
20180926722 3 8 6 10 7 2 5 9 1 4 
20180926723 10 3 7 6 4 9 1 8 5 2 
20180926724 4 3 9 2 1 8 7 5 10 6 
20180926725 5 10 4 8 1 7 2 6 3 9 
20180926726 6 3 5 2 9 10 8 1 4 7 
20180926727 1 6 4 3 7 10 5 9 8 2 
20180926728 9 2 6 4 8 3 1 5 10 7 
20180926729 10 2 4 3 1 6 9 5 8 7 
20180926730 6 8 5 2 1 3 9 10 4 7 
20180926731 7 2 4 6 9 5 8 10 1 3 
20180926732 6 7 2 8 1 4 10 9 3 5 
20180926733 2 5 10 4 7 6 9 1 3 8 
20180926734 2 4 9 10 3 7 5 8 1 6 
20180926735 6 8 4 7 3 5 1 2 9 10 
20180926736 1 9 3 4 7 5 6 8 10 2 
20180926737 2 3 8 4 5 10 1 7 6 9 
20180926738 3 5 10 9 7 4 1 8 2 6 
20180926739 2 8 7 10 3 5 4 1 9 6 
20180926740 10 1 8 6 9 3 2 7 4 5 
20180926741 1 7 6 5 2 10 9 4 3 8 
20180926742 8 3 2 7 1 9 5 10 6 4 
20180926743 9 4 8 3 10 2 7 5 1 6 
20180926744 3 5 6 8 2 10 7 4 9 1 
20180926745 1 3 8 5 6 2 4 9 10 7 
20180926746 6 9 8 1 2 4 5 10 7 3 
20180926747 5 9 6 1 8 4 7 10 3 2 
20180926748 7 1 3 10 4 9 2 6 8 5 
20180926749 5 3 7 8 6 9 2 10 4 1 
20180926750 7 6 8 5 2 1 9 10 4 3 
20180926751 8 1 3 9 2 6 10 5 7 4 
20180926752 3 9 1 7 2 4 5 8 10 6 
20180926753 3 10 1 9 4 8 2 7 6 5 
20180926754 8 9 6 4 5 3 10 1 2 7 
20180926755 6 10 2 3 5 7 1 8 9 4 
20180926756 6 10 9 2 4 8 3 1 7 5 
20180926757 3 10 4 2 6 8 9 7 1 5 
20180926758 7 5 3 4 1 9 6 10 8 2 
20180926759 6 5 3 1 4 8 2 9 10 7 
20180926760 9 10 1 6 8 3 4 5 7 2 
20180926761 4 10 7 1 8 9 6 3 5 2 
20180926762 2 8 9 1 3 7 6 10 4 5 
20180926763 10 5 7 4 1 9 2 6 8 3 
20180926764 1 9 10 5 4 6 8 2 3 7 
20180926765 6 2 4 7 3 1 5 8 10 9 
20180926766 6 9 4 2 8 10 3 5 1 7 
20180926767 6 5 3 2 8 7 9 10 1 4 
20180926768 4 2 9 8 6 10 7 3 5 1 
20180926769 1 6 9 4 2 7 5 3 8 10 
20180926770 5 1 8 3 9 4 6 2 7 10 
20180926771 7 2 9 4 6 10 8 5 1 3 
20180926772 6 10 7 1 9 5 8 4 2 3 
20180926773 3 4 7 5 2 10 6 8 9 1 
20180926774 3 9 7 4 1 8 5 2 10 6 
20180926775 5 4 8 6 9 3 1 10 2 7 
20180926776 4 8 2 1 6 3 10 9 5 7 
20180926777 2 5 10 6 8 9 1 3 7 4 
20180926778 6 10 7 8 9 4 5 1 2 3 
20180926779 4 3 10 8 2 5 1 6 9 7 
20180926780 1 7 10 4 5 2 6 3 8 9 
20180926781 9 4 5 3 2 7 8 6 1 10 
20180926782 8 3 10 9 5 7 6 2 4 1 
20180926783 4 6 2 9 5 7 8 3 10 1 
20180926784 5 7 6 9 10 3 1 4 8 2 
20180926785 9 10 1 2 5 4 7 8 3 6 
20180926786 4 8 2 6 1 10 9 3 7 5 
20180926787 9 8 3 6 7 2 4 5 1 10 
20180926788 7 4 9 6 5 2 1 3 8 10 
20180926789 3 7 4 6 8 1 10 5 2 9 
20180926790 9 8 2 7 10 3 1 6 4 5 
20180926791 3 5 10 7 2 8 6 9 1 4 
20180926792 7 6 9 8 1 4 3 5 2 10 
20180926793 10 8 6 3 4 2 9 1 7 5 
20180926794 10 3 2 6 1 8 7 9 4 5 
20180926795 3 5 8 6 7 10 9 4 1 2 
20180926796 1 4 5 6 9 8 3 10 2 7 
20180926797 1 2 4 8 6 10 7 3 5 9 
20180926798 2 10 6 1 7 5 9 8 4 3 
20180926799 4 1 5 10 9 6 2 3 8 7 
20180926800 10 7 2 6 5 1 9 3 8 4 
20180926801 2 1 8 9 10 4 7 5 3 6 
20180926802 5 10 4 7 1 8 2 9 6 3 
20180926803 10 3 5 4 9 6 2 8 7 1 
20180926804 4 7 9 5 2 10 3 6 1 8 
20180926805 3 1 2 6 8 4 5 9 10 7 
20180926806 4 10 6 7 5 2 9 8 3 1 
20180926807 9 5 3 4 2 7 1 10 8 6 
20180926808 10 7 5 4 6 1 8 2 9 3 
20180926809 8 10 5 9 2 6 4 7 1 3 
20180926810 4 7 2 5 3 8 9 6 10 1 
20180926811 9 4 6 3 8 1 5 7 10 2 
20180926812 4 6 5 7 10 3 8 9 1 2 
20180926813 6 1 9 2 10 5 7 3 4 8 
20180926814 9 1 10 3 2 8 7 5 4 6 
20180926815 4 9 10 3 7 6 1 8 2 5 
20180926816 2 6 10 4 8 1 5 3 9 7 
20180926817 5 6 10 4 2 3 8 1 7 9 
20180926818 5 7 1 2 6 9 10 8 4 3 
20180926819 2 3 4 7 10 5 8 9 6 1 
20180926820 7 10 6 4 2 8 1 3 5 9 
20180926821 7 10 4 9 1 2 6 3 5 8 
20180926822 1 4 6 9 8 2 10 7 5 3 
20180926823 4 8 1 3 7 9 2 10 5 6 
20180926824 9 8 5 7 3 1 4 6 2 10 
20180926825 6 7 8 5 3 1 4 10 9 2 
20180926826 1 2 3 7 8 4 9 5 6 10 
20180926827 8 5 9 4 6 2 10 7 3 1 
20180926828 1 3 5 2 4 7 9 6 10 8 
20180926829 9 4 6 2 1 7 8 3 5 10 
20180926830 4 3 10 2 5 6 8 9 1 7 
20180926831 2 6 4 3 5 1 7 8 9 10 
20180926832 3 9 5 10 8 1 4 7 2 6 
20180926833 2 6 5 8 4 10 3 7 1 9 
20180926834 6 5 3 10 4 8 2 7 1 9 
20180926835 9 1 2 4 5 6 10 3 8 7 
20180926836 6 5 3 9 2 7 1 4 8 10 
20180926837 10 8 6 9 1 7 5 4 2 3 
20180926838 1 2 3 5 4 7 8 9 10 6 
20180926839 9 2 3 5 1 4 6 8 10 7 
20180926840 4 9 8 10 3 6 7 1 5 2 
20180926841 2 3 4 1 7 9 5 6 8 10 
20180926842 8 7 1 3 6 4 5 2 10 9 
20180926843 2 4 5 1 6 7 8 9 10 3 
20180926844 1 8 10 7 9 3 4 2 5 6 
20180926845 4 1 6 9 8 7 2 5 10 3 
20180926846 10 6 4 7 3 5 8 2 1 9 
20180926847 9 6 8 7 5 2 3 4 10 1 
20180926848 5 10 2 6 3 1 7 4 8 9 
20180926849 9 10 6 7 5 4 1 3 2 8 
20180926850 4 7 2 1 6 5 3 8 9 10 
20180926851 4 6 9 1 5 7 8 3 10 2 
20180926852 2 5 9 1 7 8 3 4 6 10 
20180926853 3 6 7 9 4 10 5 1 8 2 
20180926854 10 7 5 2 8 6 9 1 3 4 
20180926855 6 7 3 2 10 5 1 8 4 9 
20180926856 2 4 6 8 7 10 9 5 1 3 
20180926857 7 3 4 10 9 8 1 5 2 6 
20180926858 4 7 6 10 5 1 3 8 2 9 
20180926859 1 6 9 8 10 2 4 5 7 3 
20180926860 5 6 10 3 8 4 9 7 1 2 
20180926861 7 3 4 5 6 2 8 1 9 10 
20180926862 9 7 8 2 4 5 10 3 6 1 
20180926863 7 2 10 4 1 5 9 8 3 6 
20180926864 8 4 7 3 1 2 5 10 9 6 
20180926865 2 10 1 7 3 6 5 4 8 9 
20180926866 1 3 7 8 2 6 5 9 10 4 
20180926867 3 9 4 5 7 2 10 8 1 6 
20180926868 10 1 5 9 6 3 2 7 4 8 
20180926869 7 4 2 5 9 8 10 1 6 3 
20180926870 7 5 4 6 2 10 1 8 3 9 
20180926871 6 7 5 9 3 2 8 1 10 4 
20180926872 7 3 6 10 1 9 5 2 4 8 
20180926873 2 7 8 10 3 4 6 1 9 5 
20180926874 5 7 3 1 6 2 4 10 9 8 
20180926875 1 9 8 7 6 10 5 3 2 4 
20180926876 4 8 2 1 3 10 5 7 9 6 
20180926877 4 2 3 9 1 8 6 5 7 10 
20180926878 1 5 7 6 4 2 3 8 10 9 
20180926879 10 3 1 5 9 8 2 6 7 4 
20180926880 9 8 10 5 7 1 3 4 2 6 
20180926881 6 3 1 10 8 7 2 4 9 5 
20180926882 9 3 7 6 8 10 4 5 2 1 
20180926883 10 3 1 4 8 7 6 9 5 2 
20180926884 9 5 8 3 7 2 1 4 10 6 
20180926885 1 2 10 4 6 5 8 7 3 9 
20180926886 6 5 1 7 4 8 10 9 2 3 
20180926887 6 4 7 10 9 5 3 1 2 8 
20180926888 10 7 6 2 4 9 3 5 1 8 
20180926889 8 10 3 5 2 7 9 1 4 6 
20180926890 6 2 4 9 8 3 1 10 5 7 
20180926891 6 9 3 10 8 2 7 5 1 4 
20180926892 7 5 6 9 10 8 1 3 2 4 
20180926893 4 1 3 2 7 6 10 5 9 8 
20180926894 4 8 3 6 1 10 9 2 5 7 
20180926895 7 10 6 1 4 2 9 5 8 3 
20180926896 6 5 3 7 1 4 10 9 8 2 
20180926897 10 5 2 7 1 8 6 9 3 4 
20180926898 4 3 8 9 2 1 6 5 7 10 
20180926899 7 3 6 5 8 4 1 9 2 10 
20180926900 3 10 2 9 1 4 5 7 8 6 
20180926901 6 5 10 3 8 9 2 4 1 7 
20180926902 1 8 7 4 3 5 6 10 9 2 
20180926903 9 5 3 2 1 8 7 10 6 4 
20180926904 10 5 9 8 6 4 7 2 1 3 
20180926905 10 6 1 2 4 3 7 8 5 9 
20180926906 6 1 7 4 8 3 2 9 5 10 
20180926907 7 5 3 9 8 6 10 2 4 1 
20180926908 4 3 1 9 2 7 8 6 5 10 
20180926909 10 3 5 2 6 8 7 1 9 4 
20180926910 6 10 2 9 7 1 3 4 5 8 
20180926911 4 9 8 5 10 1 3 6 7 2 
20180926912 7 4 8 2 9 6 5 3 1 10 
20180926913 8 10 2 4 7 6 1 3 9 5 
20180926914 4 6 3 8 10 9 5 2 1 7 
20180926915 8 3 1 4 9 7 2 5 10 6 
20180926916 6 3 8 4 1 5 2 10 9 7 
20180926917 2 9 8 10 7 5 4 1 3 6 
20180926918 2 8 1 7 10 9 3 4 6 5 
20180926919 6 1 9 10 2 5 7 4 8 3 
20180926920 4 10 3 8 5 7 9 2 6 1 
20180926921 10 1 9 6 8 3 5 2 7 4 
20180926922 5 4 6 10 9 3 8 1 2 7 
20180926923 7 4 3 9 6 2 10 1 5 8 
20180926924 9 1 7 6 2 10 4 8 5 3 
20180926925 5 4 9 2 3 1 6 7 8 10 
20180926926 1 4 5 3 6 7 10 2 8 9 
20180926927 6 7 10 5 3 9 8 4 2 1 
20180926928 1 8 9 3 4 5 10 7 2 6 
20180926929 6 1 9 2 5 4 3 7 10 8 
20180926930 2 7 8 6 5 4 10 3 1 9 
20180926931 7 5 8 6 4 3 9 2 1 10 
20180926932 3 4 8 1 7 2 10 9 5 6 
20180926933 4 1 8 9 6 2 10 7 5 3 
20180926934 2 8 1 5 10 6 4 3 9 7 
20180926935 1 10 3 6 2 9 7 4 5 8 
20180926936 1 10 9 2 5 4 8 3 6 7 
20180926937 6 4 3 8 2 1 10 9 7 5 
20180926938 6 2 10 3 4 7 9 5 1 8 
20180926939 5 4 8 10 6 1 2 7 3 9 
20180926940 4 10 5 3 7 2 8 6 1 9 
20180926941 6 3 9 1 8 4 2 5 10 7 
20180926942 2 5 8 4 9 1 7 3 6 10 
20180926943 4 8 7 2 10 9 3 5 6 1 
20180926944 6 8 3 7 1 4 2 9 5 10 
20180926945 8 3 5 1 10 4 6 2 7 9 
20180926946 7 9 6 3 4 5 8 1 10 2 
20180926947 6 2 3 4 10 7 5 8 9 1 
20180926948 9 3 4 10 6 2 5 1 7 8 
20180926949 2 10 8 1 3 7 4 6 9 5 
20180926950 10 4 2 8 7 3 1 9 5 6 
20180926951 5 1 9 4 6 3 10 2 8 7 
20180926952 8 2 9 4 10 5 1 6 3 7 
20180926953 1 9 10 7 3 2 4 5 8 6 
20180926954 10 4 3 8 7 5 1 9 6 2 
20180926955 3 5 2 10 1 7 4 6 9 8 
20180926956 5 6 8 2 10 3 7 1 9 4 
20180926957 4 8 3 10 2 6 1 7 9 5 
20180926958 2 10 7 3 5 8 6 1 9 4 
20180926959 3 1 5 4 9 6 2 8 10 7 
20180926960 1 9 7 2 8 5 4 6 10 3 
20180926961 3 10 5 7 9 1 6 2 4 8 
20180926962 10 5 9 6 8 3 2 1 7 4 
20180926963 6 2 8 5 3 7 1 9 10 4 
20180926964 8 10 2 5 9 1 3 7 4 6 
20180926965 5 10 2 3 9 4 8 6 1 7 
20180926966 6 3 10 2 9 1 7 4 8 5 
20180926967 1 5 3 2 4 7 10 8 6 9 
20180926968 8 10 2 6 4 3 7 1 5 9 
20180926969 3 5 10 8 4 2 1 7 6 9 
20180926970 8 10 1 2 7 6 3 9 5 4 
20180926971 6 5 3 4 1 2 10 8 7 9 
20180926972 4 2 1 6 3 5 7 9 10 8 
20180926973 1 8 3 2 10 7 4 9 5 6 
20180926974 6 1 5 9 2 8 7 10 4 3 
20180926975 2 7 4 8 9 10 3 6 1 5 
20180926976 6 5 10 7 4 3 9 1 2 8 
20180926977 7 8 6 2 10 3 4 1 9 5 
20180926978 8 4 1 9 6 7 10 2 3 5 
20180926979 1 6 2 7 9 10 3 4 5 8 
20180926980 7 5 4 8 1 3 6 2 9 10 
20180926981 10 6 7 3 4 2 9 8 5 1 
20180926982 7 5 8 9 10 4 6 1 3 2 
20180926983 4 2 3 6 1 8 5 10 7 9 
20180926984 10 4 1 9 5 8 6 7 2 3 
20180926985 9 10 1 7 6 3 8 2 4 5 
