20180905002 3 8 2 1 6 5 10 7 4 9 
20180905003 5 3 2 10 9 6 7 8 4 1 
20180905004 4 3 10 7 8 5 6 9 1 2 
20180905005 5 8 7 4 2 6 9 1 3 10 
20180905006 2 9 3 4 6 8 10 1 7 5 
20180905007 5 7 3 1 9 10 8 6 4 2 
20180905008 4 6 3 9 10 7 8 2 5 1 
20180905009 5 10 3 7 1 6 9 8 4 2 
20180905010 6 10 2 5 9 4 1 3 7 8 
20180905011 7 10 5 3 6 9 4 8 2 1 
20180905012 9 4 3 5 2 7 10 1 8 6 
20180905013 8 5 3 10 2 7 4 1 6 9 
20180905014 9 2 4 5 8 3 10 1 7 6 
20180905015 1 3 7 10 5 2 6 8 4 9 
20180905016 5 6 4 8 1 3 10 7 9 2 
20180905017 8 1 9 3 6 5 10 7 4 2 
20180905018 4 5 9 7 8 3 6 1 2 10 
20180905019 3 1 2 8 5 7 9 4 6 10 
20180905020 1 4 3 7 6 5 2 8 10 9 
20180905021 1 4 2 9 7 8 5 6 3 10 
20180905022 3 1 2 9 4 5 7 8 10 6 
20180905023 2 9 3 7 8 4 1 5 10 6 
20180905024 8 3 10 6 9 2 5 4 1 7 
20180905025 9 4 2 1 7 5 10 8 6 3 
20180905026 6 4 7 2 1 3 5 9 10 8 
20180905027 4 6 3 8 5 9 7 1 2 10 
20180905028 2 9 7 6 8 4 1 5 3 10 
20180905029 2 1 3 9 6 8 7 5 4 10 
20180905030 9 6 7 10 5 2 8 1 3 4 
20180905031 9 2 3 10 4 5 1 6 8 7 
20180905032 2 4 5 9 7 1 6 8 3 10 
20180905033 5 4 2 1 8 9 6 10 7 3 
20180905034 7 2 4 3 1 9 10 6 5 8 
20180905035 1 7 2 9 6 8 3 4 10 5 
20180905036 7 5 2 1 4 3 9 6 8 10 
20180905037 3 5 10 2 8 9 6 1 4 7 
20180905038 1 2 7 5 8 10 9 6 3 4 
20180905039 3 4 1 2 8 9 6 7 5 10 
20180905040 8 6 1 5 2 3 9 10 4 7 
20180905041 2 4 8 6 10 7 3 5 9 1 
20180905042 9 10 5 1 6 8 4 3 2 7 
20180905043 6 8 10 7 3 4 9 2 5 1 
20180905044 3 9 2 4 7 8 1 10 6 5 
20180905045 4 5 6 1 7 9 2 10 8 3 
20180905046 7 9 4 2 1 8 6 10 5 3 
20180905047 7 1 2 6 9 4 3 5 8 10 
20180905048 6 7 5 4 8 2 3 9 10 1 
20180905049 6 10 4 8 9 5 3 7 1 2 
20180905050 2 10 6 8 3 9 4 5 7 1 
20180905051 5 8 9 3 6 1 7 4 2 10 
20180905052 10 6 5 7 1 2 9 3 8 4 
20180905053 10 8 5 9 7 1 3 6 4 2 
20180905054 4 5 1 3 10 7 8 6 9 2 
20180905055 5 10 7 1 6 9 8 4 3 2 
20180905056 8 4 6 5 7 2 3 1 9 10 
20180905057 7 5 3 6 9 1 2 10 8 4 
20180905058 4 1 5 6 3 2 8 10 7 9 
20180905059 4 5 6 2 8 1 3 9 10 7 
20180905060 7 5 1 2 9 8 6 4 10 3 
20180905061 9 2 5 8 3 6 4 1 10 7 
20180905062 7 1 10 8 3 4 5 2 9 6 
20180905063 3 6 8 10 9 2 4 7 5 1 
20180905064 4 7 3 5 1 6 2 8 10 9 
20180905065 8 10 2 4 3 1 7 5 9 6 
20180905066 1 6 10 8 7 4 9 3 5 2 
20180905067 5 10 1 4 3 6 7 8 9 2 
20180905068 9 8 10 5 7 3 1 2 4 6 
20180905069 7 5 1 6 9 4 10 2 8 3 
20180905070 6 2 10 5 4 7 8 9 1 3 
20180905071 2 7 10 6 5 1 3 8 4 9 
20180905072 5 2 3 6 8 9 4 7 10 1 
20180905073 1 10 3 7 6 8 5 2 9 4 
20180905074 10 4 5 3 8 6 7 2 1 9 
20180905075 4 8 10 7 3 2 6 1 5 9 
20180905076 7 1 2 4 5 3 10 6 8 9 
20180905077 10 2 7 4 9 5 6 8 1 3 
20180905078 1 3 2 4 10 7 5 9 8 6 
20180905079 3 2 6 10 1 4 7 9 8 5 
20180905080 2 3 4 5 7 1 8 6 9 10 
20180905081 1 7 8 2 9 10 6 4 5 3 
20180905082 6 3 9 7 2 5 10 4 8 1 
20180905083 5 3 10 4 7 6 1 2 9 8 
20180905084 2 4 9 5 10 8 7 3 1 6 
20180905085 10 5 8 6 1 3 9 4 2 7 
20180905086 7 3 9 4 1 2 8 6 5 10 
20180905087 7 10 8 6 4 1 2 3 5 9 
20180905088 8 2 1 10 5 3 6 9 7 4 
20180905089 4 1 8 7 6 10 9 3 5 2 
20180905090 4 6 10 3 8 7 2 5 9 1 
20180905091 10 2 5 9 4 8 3 1 6 7 
20180905092 9 4 10 3 8 1 5 2 6 7 
20180905093 7 9 5 6 8 2 1 10 4 3 
20180905094 8 2 10 4 5 6 3 1 9 7 
20180905095 9 2 8 1 10 3 7 4 6 5 
20180905096 3 10 2 8 1 9 4 5 6 7 
20180905097 7 9 6 2 10 1 4 8 5 3 
20180905098 9 10 8 1 3 5 2 4 6 7 
20180905099 4 6 8 1 5 10 2 3 7 9 
20180905100 6 8 7 9 4 5 2 1 3 10 
20180905101 4 6 10 3 9 2 5 1 7 8 
20180905102 10 5 8 4 3 6 1 2 7 9 
20180905103 2 7 10 9 4 3 6 1 8 5 
20180905104 8 1 9 4 2 10 3 6 5 7 
20180905105 3 10 9 4 8 7 6 5 1 2 
20180905106 2 4 7 9 10 3 1 8 5 6 
20180905107 4 5 2 9 10 3 1 7 8 6 
20180905108 7 3 1 4 8 6 10 2 5 9 
20180905109 10 7 5 2 6 9 4 3 1 8 
20180905110 7 10 5 1 6 9 8 4 3 2 
20180905111 4 7 6 9 1 2 8 3 10 5 
20180905112 2 4 10 5 8 3 9 7 1 6 
20180905113 6 7 2 4 10 8 1 3 9 5 
20180905114 6 1 3 4 5 10 8 9 2 7 
20180905115 2 6 3 4 8 7 1 5 9 10 
20180905116 9 8 6 5 4 2 3 1 10 7 
20180905117 2 3 1 9 4 10 5 7 6 8 
20180905118 10 4 6 3 9 7 8 2 5 1 
20180905119 8 4 2 1 9 7 3 6 10 5 
20180905120 1 9 2 7 6 8 3 4 5 10 
20180905121 3 9 8 6 5 4 10 1 7 2 
20180905122 2 9 6 4 10 5 1 8 3 7 
20180905123 1 10 5 8 4 9 7 6 3 2 
20180905124 8 6 10 7 2 5 4 9 3 1 
20180905125 9 8 5 1 3 7 4 10 6 2 
20180905126 2 5 10 7 6 4 3 1 9 8 
20180905127 4 6 3 8 2 1 7 10 5 9 
20180905128 4 1 7 2 3 10 5 8 6 9 
20180905129 10 2 9 8 3 6 7 1 5 4 
20180905130 6 7 2 4 10 8 9 3 5 1 
20180905131 6 9 3 8 7 10 1 5 4 2 
20180905132 8 5 3 1 7 9 2 4 6 10 
20180905133 8 3 10 1 7 5 2 6 9 4 
20180905134 7 10 1 4 8 9 3 6 5 2 
20180905135 8 6 9 7 3 5 4 1 10 2 
20180905136 9 7 3 2 4 8 5 1 6 10 
20180905137 1 9 4 5 10 7 3 2 8 6 
20180905138 2 6 5 3 1 8 9 4 10 7 
20180905139 10 7 1 8 6 2 5 4 9 3 
20180905140 2 7 10 9 4 3 5 8 1 6 
20180905141 3 10 6 2 1 9 4 8 7 5 
20180905142 6 4 9 3 2 5 10 7 8 1 
20180905143 1 9 3 6 5 7 4 8 10 2 
20180905144 6 1 7 9 5 8 2 10 4 3 
20180905145 5 4 10 2 9 1 7 3 8 6 
20180905146 5 10 8 4 9 7 3 1 6 2 
20180905147 9 7 6 2 8 1 4 5 10 3 
20180905148 6 5 9 10 1 4 7 3 8 2 
20180905149 3 10 1 6 8 4 2 9 7 5 
20180905150 4 1 9 3 7 5 10 8 2 6 
20180905151 9 6 8 2 3 10 1 7 4 5 
20180905152 8 5 3 6 4 2 9 1 7 10 
20180905153 10 9 7 3 8 5 4 6 1 2 
20180905154 3 8 4 9 5 10 1 2 7 6 
20180905155 7 2 8 9 4 3 5 10 1 6 
20180905156 5 1 6 8 3 7 2 9 4 10 
20180905157 8 3 10 6 4 2 5 7 9 1 
20180905158 7 1 6 8 2 9 4 10 3 5 
20180905159 7 3 6 10 8 1 4 9 5 2 
20180905160 5 1 7 6 3 8 2 10 4 9 
20180905161 5 1 3 4 10 2 8 7 9 6 
20180905162 8 5 6 3 7 4 9 1 2 10 
20180905163 6 2 5 10 8 3 9 1 7 4 
20180905164 3 6 1 7 10 8 5 2 4 9 
20180905165 5 9 6 10 1 4 3 8 2 7 
20180905166 2 10 3 9 7 5 1 8 4 6 
20180905167 9 3 10 6 4 1 8 2 7 5 
20180905168 5 8 4 6 1 10 3 2 7 9 
20180905169 2 9 5 10 8 4 3 6 7 1 
20180905170 1 10 4 8 2 3 7 9 6 5 
20180905171 2 8 9 7 10 6 4 3 1 5 
20180905172 6 7 9 8 1 2 10 5 3 4 
20180905173 8 2 4 6 10 9 5 3 1 7 
20180905174 9 3 1 5 7 4 2 6 10 8 
20180905175 6 3 5 8 4 9 7 2 1 10 
20180905176 9 8 10 7 3 6 5 2 1 4 
20180905177 9 8 10 4 5 6 2 1 7 3 
20180905178 3 9 7 1 5 10 8 6 4 2 
20180905179 3 2 7 9 1 8 4 5 6 10 
20180905180 9 8 10 4 2 6 1 3 7 5 
20180905181 10 9 8 3 2 6 7 5 4 1 
20180905182 4 8 5 2 10 6 3 9 1 7 
20180905183 5 1 8 3 2 4 9 10 6 7 
20180905184 7 6 4 10 9 5 1 3 2 8 
20180905185 9 2 4 7 8 5 1 10 3 6 
20180905186 1 3 6 7 5 2 4 8 10 9 
20180905187 1 8 3 9 2 4 6 10 5 7 
20180905188 4 9 10 7 5 8 3 6 2 1 
20180905189 1 5 8 2 10 7 4 3 9 6 
20180905190 4 3 8 5 10 6 1 9 2 7 
20180905191 1 10 5 2 8 4 3 7 6 9 
20180905192 4 1 5 10 9 7 8 2 6 3 
20180905193 7 4 10 2 8 9 3 5 1 6 
20180905194 9 3 10 4 7 2 1 6 8 5 
20180905195 1 7 9 3 8 2 6 5 10 4 
20180905196 4 5 9 8 7 2 10 1 6 3 
20180905197 3 9 1 6 4 2 5 7 8 10 
20180905198 10 1 5 8 3 2 4 7 9 6 
20180905199 1 10 9 3 2 8 7 4 5 6 
20180905200 9 4 5 1 6 10 2 7 8 3 
20180905201 9 1 5 7 3 6 2 10 4 8 
20180905202 2 8 4 6 3 9 7 5 10 1 
20180905203 3 8 6 2 9 10 4 1 5 7 
20180905204 1 8 4 5 3 7 6 2 9 10 
20180905205 1 10 7 3 2 8 9 4 6 5 
20180905206 5 3 9 10 6 1 8 7 4 2 
20180905207 8 6 4 3 2 9 7 1 10 5 
20180905208 9 8 1 2 5 6 3 10 7 4 
20180905209 7 6 2 5 9 3 4 8 1 10 
20180905210 2 8 4 7 6 9 3 1 5 10 
20180905211 8 10 2 1 3 4 5 7 9 6 
20180905212 3 8 5 4 10 1 6 9 2 7 
20180905213 9 2 4 7 1 6 8 10 5 3 
20180905214 6 4 1 9 5 8 7 10 2 3 
20180905215 10 3 2 9 5 6 7 8 1 4 
20180905216 3 5 10 2 6 7 1 8 4 9 
20180905217 4 10 7 9 6 5 8 1 3 2 
20180905218 10 2 6 9 3 8 1 4 7 5 
20180905219 2 5 1 8 9 6 4 7 3 10 
20180905220 2 6 7 3 8 5 10 9 4 1 
20180905221 5 3 1 4 2 10 8 7 9 6 
20180905222 9 8 1 4 2 7 5 6 10 3 
20180905223 8 4 2 10 9 5 6 1 7 3 
20180905224 9 2 6 10 7 5 4 3 8 1 
20180905225 7 2 1 3 9 4 6 5 8 10 
20180905226 10 3 5 7 1 2 8 4 6 9 
20180905227 1 6 8 9 7 10 3 4 5 2 
20180905228 8 4 10 2 7 5 9 6 3 1 
20180905229 10 2 8 7 9 5 4 6 3 1 
20180905230 9 5 10 2 1 4 8 3 6 7 
20180905231 4 7 9 5 6 8 10 3 1 2 
20180905232 9 7 4 10 8 6 1 5 2 3 
20180905233 10 6 5 1 8 7 2 4 9 3 
20180905234 10 6 1 3 7 8 4 5 9 2 
20180905235 6 3 8 7 2 10 5 9 1 4 
20180905236 1 3 9 7 5 10 4 6 8 2 
20180905237 9 6 2 4 10 8 7 1 5 3 
20180905238 5 1 3 9 7 4 2 10 6 8 
20180905239 9 2 3 4 7 1 8 6 10 5 
20180905240 9 5 7 1 2 6 8 10 4 3 
20180905241 4 10 3 9 6 7 8 2 1 5 
20180905242 5 10 8 1 7 9 6 4 3 2 
20180905243 7 10 2 9 6 3 8 4 1 5 
20180905244 4 1 7 8 9 3 5 2 6 10 
20180905245 5 9 4 6 8 3 1 2 7 10 
20180905246 9 4 10 6 1 3 7 5 8 2 
20180905247 3 5 4 10 8 9 1 6 7 2 
20180905248 8 6 4 5 10 7 3 2 1 9 
20180905249 6 10 5 9 7 3 2 4 1 8 
20180905250 10 1 6 3 7 5 4 8 2 9 
20180905251 4 5 9 10 6 7 1 3 8 2 
20180905252 10 3 2 9 7 1 5 4 8 6 
20180905253 2 4 10 3 9 7 1 6 5 8 
20180905254 9 7 10 5 8 2 3 6 4 1 
20180905255 8 2 3 7 4 6 5 1 10 9 
20180905256 8 6 10 3 7 9 1 2 5 4 
20180905257 5 1 2 10 6 9 4 7 3 8 
20180905258 10 7 2 4 8 9 1 6 5 3 
20180905259 1 3 7 8 10 6 2 5 4 9 
20180905260 10 8 1 5 7 4 3 6 2 9 
20180905261 1 3 5 4 7 10 9 6 8 2 
20180905262 7 1 10 9 6 4 2 5 3 8 
20180905263 3 8 10 6 7 1 5 2 4 9 
20180905264 1 5 7 4 8 9 6 3 2 10 
20180905265 5 8 6 4 9 1 10 7 2 3 
20180905266 10 7 5 8 1 6 4 9 2 3 
20180905267 9 5 1 7 10 6 2 4 8 3 
20180905268 8 2 4 1 10 5 9 7 6 3 
20180905269 5 6 8 1 9 10 7 3 2 4 
20180905270 9 3 6 1 2 4 7 5 10 8 
20180905271 1 8 4 7 3 9 5 6 10 2 
20180905272 7 6 5 9 1 8 2 10 3 4 
20180905273 8 4 10 6 3 1 9 5 2 7 
20180905274 4 7 9 6 1 10 8 5 2 3 
20180905275 8 5 4 2 3 1 10 6 7 9 
20180905276 5 3 4 6 8 2 7 1 10 9 
20180905277 10 7 9 1 2 5 3 8 4 6 
20180905278 3 7 5 1 6 9 10 4 8 2 
20180905279 7 9 10 2 5 6 1 4 3 8 
20180905280 3 5 1 9 8 6 4 7 2 10 
20180905281 3 10 9 5 7 8 6 4 1 2 
20180905282 10 3 1 6 4 5 9 2 7 8 
20180905283 7 5 8 9 4 3 10 1 2 6 
20180905284 1 7 10 6 9 2 4 8 5 3 
20180905285 1 9 10 8 6 5 3 4 2 7 
20180905286 9 7 2 5 4 3 8 1 10 6 
20180905287 8 4 9 5 1 2 3 6 10 7 
20180905288 1 9 2 5 6 8 3 10 4 7 
20180905289 1 8 7 4 3 9 6 2 10 5 
20180905290 5 2 1 3 9 8 6 4 10 7 
20180905291 8 5 6 3 1 2 9 7 10 4 
20180905292 10 1 4 3 8 5 6 2 7 9 
20180905293 5 10 4 9 2 7 3 1 8 6 
20180905294 10 6 8 3 4 7 1 9 5 2 
20180905295 5 8 6 3 1 4 7 2 10 9 
20180905296 7 6 2 9 4 10 1 3 5 8 
20180905297 9 5 4 8 10 7 3 1 6 2 
20180905298 6 1 8 5 7 9 4 10 2 3 
20180905299 3 8 4 10 5 9 6 1 2 7 
20180905300 1 9 2 8 7 4 5 3 10 6 
20180905301 9 5 10 2 7 6 3 1 4 8 
20180905302 2 8 9 10 3 6 1 7 5 4 
20180905303 1 6 7 9 8 5 2 10 3 4 
20180905304 3 8 9 7 6 4 2 1 10 5 
20180905305 3 7 1 6 9 5 2 10 8 4 
20180905306 8 4 3 9 7 1 10 2 6 5 
20180905307 9 8 3 4 5 7 2 10 6 1 
20180905308 1 7 8 10 9 5 4 3 6 2 
20180905309 8 7 6 4 5 1 10 3 9 2 
20180905310 2 1 7 5 9 8 4 6 10 3 
20180905311 8 10 1 4 2 6 7 5 3 9 
20180905312 10 4 2 5 7 9 8 6 1 3 
20180905313 4 10 6 9 8 7 3 2 5 1 
20180905314 4 3 2 10 6 8 1 7 9 5 
20180905315 1 2 9 4 6 5 3 7 8 10 
20180905316 10 3 8 1 5 9 2 6 7 4 
20180905317 5 2 7 8 6 9 10 3 1 4 
20180905318 5 2 7 9 1 8 6 4 3 10 
20180905319 5 10 1 8 7 2 6 4 9 3 
20180905320 3 9 5 8 2 10 7 6 1 4 
20180905321 3 9 4 1 7 8 2 10 6 5 
20180905322 9 2 1 7 4 10 5 8 3 6 
20180905323 3 5 2 10 4 9 8 6 7 1 
20180905324 9 6 3 4 2 1 8 5 10 7 
20180905325 5 6 10 4 2 9 7 8 1 3 
20180905326 7 2 10 6 4 5 8 3 1 9 
20180905327 1 9 2 10 8 5 7 4 6 3 
20180905328 9 3 5 6 10 2 4 7 8 1 
20180905329 7 8 9 10 4 5 6 1 2 3 
20180905330 5 8 2 3 7 6 4 1 9 10 
20180905331 3 4 1 7 9 6 10 8 5 2 
20180905332 10 4 7 9 5 6 8 3 2 1 
20180905333 6 7 8 9 5 4 1 2 10 3 
20180905334 6 10 4 7 5 3 1 2 8 9 
20180905335 3 1 2 9 8 7 6 4 5 10 
20180905336 8 1 6 5 7 2 10 3 9 4 
20180905337 9 2 1 7 6 4 8 3 10 5 
20180905338 5 2 3 4 8 6 10 9 7 1 
20180905339 4 8 2 5 3 10 1 6 7 9 
20180905340 1 6 4 3 9 10 5 2 7 8 
20180905341 4 8 7 6 1 10 5 3 2 9 
20180905342 10 4 8 6 3 2 5 9 1 7 
20180905343 9 10 7 4 5 1 6 8 2 3 
20180905344 4 6 3 9 7 8 1 2 5 10 
20180905345 8 6 3 4 9 2 1 10 7 5 
20180905346 6 2 1 4 8 5 7 3 10 9 
20180905347 6 2 9 4 10 8 5 7 3 1 
20180905348 9 6 2 5 8 7 4 1 3 10 
20180905349 9 10 8 7 6 5 1 2 4 3 
20180905350 6 10 4 5 2 1 7 3 9 8 
20180905351 1 4 3 6 8 2 7 10 9 5 
20180905352 7 8 9 5 1 3 4 2 10 6 
20180905353 7 2 8 10 4 3 5 6 9 1 
20180905354 8 6 2 9 4 3 5 7 1 10 
20180905355 4 7 8 2 10 9 6 3 5 1 
20180905356 8 4 9 2 5 6 1 10 3 7 
20180905357 3 6 7 9 8 5 2 4 10 1 
20180905358 10 9 8 4 3 7 2 5 1 6 
20180905359 2 9 8 7 4 1 6 10 5 3 
20180905360 6 9 4 2 1 7 3 10 8 5 
20180905361 4 1 3 2 10 7 5 8 6 9 
20180905362 5 6 2 9 7 1 3 8 4 10 
20180905363 4 3 10 7 2 1 8 9 5 6 
20180905364 8 9 1 4 5 10 2 7 6 3 
20180905365 8 10 2 9 6 7 1 5 3 4 
20180905366 4 2 8 9 7 5 3 10 1 6 
20180905367 9 5 7 10 8 1 3 2 6 4 
20180905368 2 5 3 7 10 8 9 4 1 6 
20180905369 10 4 6 2 8 7 9 3 1 5 
20180905370 8 4 10 7 5 3 9 6 2 1 
20180905371 6 2 9 4 1 3 10 7 5 8 
20180905372 6 7 1 10 9 2 5 3 4 8 
20180905373 6 2 10 3 7 5 1 8 4 9 
20180905374 6 7 5 3 8 10 2 9 4 1 
20180905375 10 8 4 6 7 3 1 5 9 2 
20180905376 6 7 3 10 4 2 5 9 1 8 
20180905377 10 5 9 3 1 2 8 4 7 6 
20180905378 7 6 3 2 9 10 1 4 5 8 
20180905379 6 7 4 2 1 3 8 10 5 9 
20180905380 6 1 8 7 5 4 10 3 9 2 
20180905381 6 10 2 3 7 1 5 8 9 4 
20180905382 1 5 3 4 6 10 7 8 2 9 
20180905383 9 6 4 2 10 7 1 8 3 5 
20180905384 2 8 1 7 4 6 3 9 5 10 
20180905385 3 10 4 6 8 9 7 1 2 5 
20180905386 8 6 1 4 2 7 9 10 3 5 
20180905387 6 7 3 4 1 2 9 8 10 5 
20180905388 5 9 2 1 6 7 3 4 8 10 
20180905389 8 3 9 1 5 4 6 2 10 7 
20180905390 6 4 2 10 3 9 8 7 1 5 
20180905391 10 1 4 7 3 5 2 6 9 8 
20180905392 6 3 5 2 8 10 4 9 1 7 
20180905393 8 9 4 6 3 5 1 10 2 7 
20180905394 4 8 6 7 5 9 10 2 1 3 
20180905395 8 9 5 3 7 6 10 2 4 1 
20180905396 4 5 1 8 9 6 10 7 3 2 
20180905397 5 7 3 9 1 10 8 4 2 6 
20180905398 1 8 3 6 4 7 9 10 5 2 
20180905399 10 5 1 2 4 9 8 3 6 7 
20180905400 4 7 8 10 2 1 5 6 9 3 
20180905401 9 8 6 7 4 3 5 10 1 2 
20180905402 4 7 9 6 2 8 10 1 3 5 
20180905403 4 8 2 9 7 3 1 6 5 10 
20180905404 7 5 4 2 9 1 6 10 3 8 
20180905405 8 5 6 9 4 2 1 3 10 7 
20180905406 5 3 8 2 7 10 9 6 1 4 
20180905407 9 2 4 10 7 1 6 3 8 5 
20180905408 9 1 4 3 8 7 2 10 6 5 
20180905409 1 8 9 3 5 7 2 6 10 4 
20180905410 10 1 9 8 7 3 4 6 2 5 
20180905411 1 7 6 4 10 3 8 5 9 2 
20180905412 5 8 7 6 2 10 9 4 3 1 
20180905413 5 8 4 3 6 7 2 10 1 9 
20180905414 8 6 5 2 10 4 7 3 1 9 
20180905415 7 10 3 2 1 6 8 5 9 4 
20180905416 5 3 2 8 7 6 10 4 9 1 
20180905417 7 2 5 1 4 6 8 3 9 10 
20180905418 4 10 8 3 5 7 2 9 6 1 
20180905419 4 5 2 10 8 6 3 9 7 1 
20180905420 4 7 3 8 9 5 10 2 1 6 
20180905421 9 1 2 7 6 5 4 10 3 8 
20180905422 6 8 9 7 5 4 2 3 10 1 
20180905423 5 2 1 6 7 9 10 4 8 3 
20180905424 1 4 9 2 10 6 3 7 8 5 
20180905425 10 4 8 2 7 1 5 6 9 3 
20180905426 10 4 6 2 9 3 1 5 8 7 
20180905427 2 5 10 9 1 3 4 6 8 7 
20180905428 7 9 4 2 10 5 3 6 8 1 
20180905429 7 6 1 9 5 8 3 4 10 2 
20180905430 4 10 5 9 3 2 1 7 8 6 
20180905431 9 2 5 10 1 3 8 7 4 6 
20180905432 8 9 7 5 3 10 4 2 1 6 
20180905433 4 1 3 2 7 9 10 6 5 8 
20180905434 7 10 6 5 3 4 8 9 1 2 
20180905435 3 9 2 4 10 5 1 6 7 8 
20180905436 9 8 2 5 7 10 1 4 6 3 
20180905437 10 3 4 9 2 6 1 7 5 8 
20180905438 5 3 6 4 8 10 7 2 9 1 
20180905439 7 5 4 6 2 8 1 9 3 10 
20180905440 9 3 6 8 1 5 7 2 10 4 
20180905441 8 2 9 3 1 6 7 10 4 5 
20180905442 3 5 2 1 6 9 10 4 7 8 
20180905443 6 9 1 2 5 4 8 10 7 3 
20180905444 10 6 7 1 5 2 9 3 8 4 
20180905445 7 10 4 9 5 2 3 6 8 1 
20180905446 10 5 6 7 1 9 2 8 3 4 
20180905447 8 2 3 1 6 7 5 10 4 9 
20180905448 2 7 9 8 10 5 4 1 6 3 
20180905449 9 10 6 3 5 1 4 2 8 7 
20180905450 6 7 3 4 1 5 9 8 2 10 
20180905451 7 8 9 5 4 2 1 3 6 10 
20180905452 1 8 5 10 9 4 7 2 3 6 
20180905453 2 3 5 7 6 10 4 8 1 9 
20180905454 6 4 9 1 2 3 5 10 8 7 
20180905455 9 2 5 10 3 4 7 8 1 6 
20180905456 10 1 2 9 3 6 8 7 4 5 
20180905457 1 6 2 3 9 8 5 4 7 10 
20180905458 9 1 8 2 7 5 4 6 10 3 
20180905459 1 10 8 5 9 4 3 2 6 7 
20180905460 2 1 6 5 3 4 9 10 8 7 
20180905461 3 8 9 1 4 10 6 5 2 7 
20180905462 3 9 4 10 2 7 6 5 1 8 
20180905463 5 10 9 4 6 8 1 2 7 3 
20180905464 4 5 10 9 6 7 3 2 8 1 
20180905465 9 1 7 6 4 8 2 10 3 5 
20180905466 4 9 5 8 10 6 2 7 1 3 
20180905467 3 9 1 7 6 4 2 5 10 8 
20180905468 1 10 4 3 9 8 7 5 6 2 
20180905469 5 2 1 8 10 6 3 4 7 9 
20180905470 2 6 8 10 5 7 3 4 1 9 
20180905471 5 7 10 2 4 8 3 9 6 1 
20180905472 7 5 4 10 1 8 2 6 9 3 
20180905473 6 7 2 9 3 1 8 10 4 5 
20180905474 4 1 10 5 3 2 8 9 6 7 
20180905475 2 9 5 7 8 1 10 4 3 6 
20180905476 7 3 4 10 9 6 2 1 5 8 
20180905477 4 1 9 2 10 5 6 8 7 3 
20180905478 5 6 9 2 3 4 1 10 8 7 
20180905479 8 10 3 5 1 4 7 2 9 6 
20180905480 3 2 5 4 6 7 10 1 9 8 
20180905481 9 4 7 3 6 1 8 5 10 2 
20180905482 5 9 2 7 10 3 4 6 1 8 
20180905483 8 10 1 6 5 7 3 2 9 4 
20180905484 10 4 1 6 2 5 9 3 7 8 
20180905485 3 5 7 1 4 2 8 10 9 6 
20180905486 10 6 9 1 7 5 8 2 3 4 
20180905487 4 2 7 1 6 5 9 10 8 3 
20180905488 10 4 6 9 2 3 8 5 1 7 
20180905489 7 2 5 1 10 8 6 3 9 4 
20180905490 10 6 5 2 9 7 4 1 3 8 
20180905491 1 2 7 8 5 9 6 10 4 3 
20180905492 7 1 3 8 2 9 6 5 10 4 
20180905493 5 6 2 3 10 9 7 8 4 1 
20180905494 4 10 6 8 2 7 5 1 9 3 
20180905495 10 3 6 7 2 4 5 1 9 8 
20180905496 6 10 4 2 5 9 7 3 8 1 
20180905497 8 3 7 9 10 5 6 1 4 2 
20180905498 3 6 1 10 5 7 9 2 8 4 
20180905499 6 2 4 8 7 9 1 10 3 5 
20180905500 10 2 1 4 5 6 9 8 3 7 
20180905501 6 9 1 10 5 7 4 8 3 2 
20180905502 4 7 10 2 9 5 6 3 8 1 
20180905503 4 9 1 10 8 3 6 7 2 5 
20180905504 6 5 3 9 1 2 8 7 4 10 
20180905505 6 9 2 10 3 4 5 7 8 1 
20180905506 1 9 6 4 5 3 10 8 7 2 
20180905507 8 6 5 9 2 3 4 7 1 10 
20180905508 1 5 8 10 4 6 7 3 2 9 
20180905509 7 9 6 3 2 1 8 4 10 5 
20180905510 5 2 10 8 9 1 4 7 6 3 
20180905511 1 3 6 5 9 4 2 8 10 7 
20180905512 4 9 5 8 2 10 3 7 6 1 
20180905513 6 9 10 3 4 8 2 7 5 1 
20180905514 6 4 10 7 8 5 3 9 1 2 
20180905515 1 9 7 8 10 3 5 2 4 6 
20180905516 4 9 2 6 7 1 3 10 5 8 
20180905517 9 3 8 6 10 7 4 2 5 1 
20180905518 4 9 3 8 10 7 2 1 5 6 
20180905519 8 7 10 4 5 9 2 6 3 1 
20180905520 6 10 9 5 8 2 4 3 7 1 
20180905521 5 4 7 8 1 10 3 9 6 2 
20180905522 6 4 7 10 1 9 8 3 5 2 
20180905523 6 9 1 4 5 3 10 2 7 8 
20180905524 8 4 7 6 2 3 10 5 1 9 
20180905525 10 8 3 2 5 9 1 7 4 6 
20180905526 3 7 5 4 1 2 8 10 9 6 
20180905527 5 10 8 9 4 6 1 2 7 3 
20180905528 9 5 1 8 7 4 10 6 2 3 
20180905529 7 3 6 4 2 8 9 1 10 5 
20180905530 8 9 4 2 3 5 10 6 7 1 
20180905531 9 3 2 10 5 4 8 6 7 1 
20180905532 5 9 7 1 4 3 10 8 6 2 
20180905533 5 10 3 2 1 6 9 4 8 7 
20180905534 9 5 4 10 3 7 8 2 6 1 
20180905535 8 9 4 2 7 3 10 1 6 5 
20180905536 10 7 8 5 2 4 1 3 6 9 
20180905537 4 6 9 3 10 1 7 2 5 8 
20180905538 5 8 6 1 2 10 9 4 3 7 
20180905539 3 9 7 5 4 8 10 6 2 1 
20180905540 6 1 7 2 5 9 8 4 3 10 
20180905541 2 6 7 1 3 9 5 8 4 10 
20180905542 2 7 3 9 5 1 8 10 4 6 
20180905543 4 8 7 5 3 1 10 9 2 6 
20180905544 9 6 1 8 7 10 2 4 5 3 
20180905545 5 6 4 1 8 10 2 7 9 3 
20180905546 5 7 3 8 1 2 6 10 9 4 
20180905547 6 3 4 9 7 10 1 5 8 2 
20180905548 5 8 1 10 9 4 3 2 6 7 
20180905549 8 5 9 4 2 6 10 1 3 7 
20180905550 8 1 9 6 10 3 2 4 7 5 
20180905551 6 10 1 5 7 4 2 3 9 8 
20180905552 9 3 10 7 1 2 6 5 8 4 
20180905553 10 3 8 7 5 9 4 2 1 6 
20180905554 6 4 10 7 1 5 3 9 8 2 
20180905555 6 7 3 9 2 5 8 1 10 4 
20180905556 7 1 5 4 9 3 8 6 2 10 
20180905557 10 5 2 9 4 7 1 3 6 8 
20180905558 9 1 6 2 4 8 3 5 10 7 
20180905559 7 8 5 3 4 10 1 9 6 2 
20180905560 7 6 9 5 10 3 2 1 8 4 
20180905561 3 9 10 8 5 6 2 1 4 7 
20180905562 8 5 3 2 7 9 4 10 1 6 
20180905563 7 9 4 6 1 5 8 2 3 10 
20180905564 4 5 9 3 7 2 1 10 6 8 
20180905565 4 7 1 8 6 5 9 10 2 3 
20180905566 10 9 4 3 5 8 1 7 2 6 
20180905567 4 2 7 9 1 8 3 6 10 5 
20180905568 7 8 2 5 3 1 9 6 4 10 
20180905569 1 8 3 9 5 6 2 7 4 10 
20180905570 4 5 9 2 8 7 10 3 1 6 
20180905571 9 5 10 1 8 7 2 4 6 3 
20180905572 4 9 2 3 7 6 5 8 1 10 
20180905573 10 7 3 8 2 5 4 1 6 9 
20180905574 10 9 7 5 8 3 6 2 4 1 
20180905575 4 1 9 3 6 10 8 7 2 5 
20180905576 9 3 1 10 7 2 5 8 4 6 
20180905577 2 10 3 7 4 1 8 9 6 5 
20180905578 1 8 6 3 10 5 7 9 4 2 
20180905579 1 5 6 9 2 3 7 4 10 8 
20180905580 3 10 6 4 1 8 7 9 2 5 
20180905581 9 5 7 8 6 3 2 4 10 1 
20180905582 7 9 8 2 5 6 1 10 4 3 
20180905583 9 8 3 4 1 2 7 10 5 6 
20180905584 7 3 1 8 6 10 5 2 9 4 
20180905585 7 3 9 6 10 1 2 8 4 5 
20180905586 1 5 2 7 9 3 10 6 8 4 
20180905587 3 7 5 10 4 8 1 2 6 9 
20180905588 3 10 9 8 6 7 2 4 5 1 
20180905589 9 7 5 8 6 2 4 10 1 3 
20180905590 10 8 3 6 4 9 7 5 2 1 
20180905591 9 7 8 5 6 2 1 10 4 3 
20180905592 10 5 9 1 2 4 3 6 8 7 
20180905593 9 1 5 3 6 10 7 4 2 8 
20180905594 2 10 9 8 1 5 4 3 7 6 
20180905595 9 4 8 7 6 10 5 3 1 2 
20180905596 8 4 5 9 1 3 7 2 6 10 
20180905597 2 4 9 7 3 8 5 1 10 6 
20180905598 8 2 3 9 4 10 1 5 7 6 
20180905599 6 8 2 4 7 3 9 10 5 1 
20180905600 4 8 2 5 9 7 3 10 1 6 
20180905601 2 7 1 5 9 3 10 6 8 4 
20180905602 8 9 6 3 1 5 10 4 7 2 
20180905603 7 9 3 5 10 4 8 1 6 2 
20180905604 9 5 2 6 10 7 8 4 3 1 
20180905605 7 2 3 5 4 1 8 10 6 9 
20180905606 5 4 6 10 3 2 1 7 9 8 
20180905607 3 9 2 7 4 6 10 1 8 5 
20180905608 3 4 8 2 6 1 10 5 9 7 
20180905609 7 5 2 8 9 4 10 3 6 1 
20180905610 4 3 1 6 9 10 8 5 7 2 
20180905611 1 7 10 8 5 3 2 4 6 9 
20180905612 10 5 6 8 2 4 7 9 1 3 
20180905613 3 9 5 4 1 2 8 6 10 7 
20180905614 1 8 6 10 2 4 3 5 9 7 
20180905615 3 5 10 4 9 1 2 8 7 6 
20180905616 9 8 1 7 3 5 6 10 2 4 
20180905617 2 5 9 3 1 10 4 6 8 7 
20180905618 5 4 9 7 10 3 8 2 6 1 
20180905619 1 8 10 5 3 4 9 6 2 7 
20180905620 3 4 2 5 6 1 10 9 7 8 
20180905621 1 2 9 6 7 4 3 5 10 8 
20180905622 9 8 6 10 7 3 5 2 1 4 
20180905623 5 6 9 10 4 1 2 8 3 7 
20180905624 5 6 4 10 9 1 3 7 2 8 
20180905625 8 10 5 2 9 4 3 1 7 6 
20180905626 9 6 7 10 4 1 2 5 8 3 
20180905627 10 3 8 9 1 7 4 6 2 5 
20180905628 1 5 6 7 4 2 8 9 3 10 
20180905629 3 8 10 2 6 7 5 4 9 1 
20180905630 2 10 1 9 4 6 5 8 3 7 
20180905631 9 2 8 4 1 7 3 10 6 5 
20180905632 4 5 9 3 2 1 6 7 10 8 
20180905633 1 6 3 10 5 4 7 2 8 9 
20180905634 8 3 9 2 6 5 1 4 10 7 
20180905635 1 2 3 10 9 5 7 8 6 4 
20180905636 1 6 10 9 4 5 3 8 2 7 
20180905637 8 2 1 6 10 7 9 5 3 4 
20180905638 6 3 10 7 8 5 1 4 9 2 
20180905639 1 9 3 2 7 4 8 10 6 5 
20180905640 6 8 1 9 10 3 2 7 4 5 
20180905641 4 5 8 7 1 3 9 10 6 2 
20180905642 3 6 2 8 9 5 1 10 7 4 
20180905643 10 8 3 1 9 4 7 6 2 5 
20180905644 2 3 5 4 10 7 8 1 6 9 
20180905645 6 4 3 1 5 9 2 10 8 7 
20180905646 2 4 1 8 5 6 3 10 9 7 
20180905647 1 2 5 9 8 10 6 3 7 4 
20180905648 7 8 4 2 5 9 6 1 3 10 
20180905649 6 7 8 10 1 4 9 3 5 2 
20180905650 7 4 5 10 8 3 2 9 6 1 
20180905651 4 5 8 3 6 9 1 2 7 10 
20180905652 1 7 3 10 8 6 5 2 4 9 
20180905653 10 3 6 7 4 2 1 8 5 9 
20180905654 8 3 9 10 6 4 2 1 7 5 
20180905655 8 4 1 7 10 2 5 9 3 6 
20180905656 1 4 9 6 5 2 10 3 8 7 
20180905657 3 4 6 9 7 10 1 5 8 2 
20180905658 3 2 5 8 9 7 1 6 4 10 
20180905659 9 2 1 5 10 3 7 8 4 6 
20180905660 1 2 7 4 6 10 3 5 8 9 
20180905661 4 7 3 8 1 9 5 10 6 2 
20180905662 4 7 5 6 1 9 8 2 3 10 
20180905663 4 9 7 5 2 10 3 6 1 8 
20180905664 1 8 2 10 3 5 9 7 6 4 
20180905665 7 8 6 2 9 10 1 5 4 3 
20180905666 3 7 6 1 9 2 8 4 5 10 
20180905667 7 8 2 10 5 9 3 4 6 1 
20180905668 2 6 4 10 9 5 7 3 8 1 
20180905669 5 3 1 7 9 6 8 10 4 2 
20180905670 5 6 8 2 7 4 10 1 3 9 
20180905671 9 5 1 6 4 7 3 10 8 2 
20180905672 3 10 2 9 6 4 1 5 8 7 
20180905673 2 10 7 5 9 6 8 1 3 4 
20180905674 6 4 10 9 3 1 5 7 8 2 
20180905675 4 3 8 9 6 7 2 5 1 10 
20180905676 2 8 10 6 7 5 1 3 9 4 
20180905677 6 7 4 3 5 2 10 1 9 8 
20180905678 5 6 4 7 8 9 3 10 1 2 
20180905679 10 2 6 7 9 4 1 8 3 5 
20180905680 9 4 2 3 8 5 7 1 10 6 
20180905681 4 3 6 1 5 2 7 10 8 9 
20180905682 8 6 5 2 10 1 9 3 7 4 
20180905683 6 8 10 7 1 4 2 3 5 9 
20180905684 4 7 8 9 10 2 6 3 1 5 
20180905685 9 3 8 1 7 5 6 2 4 10 
20180905686 4 8 6 7 1 10 2 3 5 9 
20180905687 3 2 7 9 1 5 6 4 10 8 
20180905688 5 8 7 2 6 10 1 3 4 9 
20180905689 3 4 5 2 1 10 6 7 9 8 
20180905690 4 7 10 2 1 8 5 3 6 9 
20180905691 3 8 5 7 9 6 2 10 1 4 
20180905692 9 6 2 7 8 4 10 3 5 1 
20180905693 9 1 8 6 4 2 10 5 7 3 
20180905694 10 1 5 7 9 8 2 4 3 6 
20180905695 7 5 1 10 9 3 2 4 6 8 
20180905696 2 8 4 3 10 1 5 9 6 7 
20180905697 5 9 4 2 10 1 8 7 6 3 
20180905698 1 7 4 9 5 3 2 10 6 8 
20180905699 6 2 7 4 5 10 9 8 1 3 
20180905700 2 5 10 9 1 7 4 6 3 8 
20180905701 10 6 8 2 5 4 1 9 3 7 
20180905702 5 2 8 3 6 10 9 1 4 7 
20180905703 5 2 8 1 9 7 10 4 6 3 
20180905704 7 2 3 5 1 9 6 4 8 10 
20180905705 3 10 5 9 4 6 8 7 2 1 
20180905706 3 1 7 2 8 9 4 5 10 6 
20180905707 7 4 6 2 9 1 8 10 5 3 
20180905708 2 5 4 3 10 7 6 9 8 1 
20180905709 7 1 4 2 5 3 9 10 8 6 
20180905710 3 6 2 7 1 5 10 4 9 8 
20180905711 10 2 1 4 7 9 5 8 3 6 
20180905712 3 8 7 2 9 6 1 10 4 5 
20180905713 7 5 9 4 8 2 10 6 1 3 
20180905714 6 1 7 4 8 3 5 10 9 2 
20180905715 5 6 8 2 10 7 9 4 3 1 
20180905716 8 7 2 4 6 5 10 3 9 1 
20180905717 6 9 3 7 2 8 5 10 4 1 
20180905718 2 3 1 8 6 9 4 7 10 5 
20180905719 1 8 4 5 9 2 10 7 6 3 
20180905720 10 5 2 6 8 4 1 7 3 9 
20180905721 3 10 7 4 2 1 5 8 9 6 
20180905722 8 4 7 5 1 6 9 2 3 10 
20180905723 8 2 4 6 9 10 5 7 1 3 
20180905724 8 5 7 4 10 6 3 2 1 9 
20180905725 1 4 7 5 8 6 3 2 9 10 
20180905726 5 9 1 4 3 2 8 7 6 10 
20180905727 8 1 4 2 3 9 7 6 5 10 
20180905728 9 4 7 2 10 1 8 3 6 5 
20180905729 8 3 5 6 1 2 4 10 9 7 
20180905730 4 10 5 6 9 1 7 3 8 2 
20180905731 9 4 2 10 8 7 1 6 3 5 
20180905732 8 5 1 2 7 6 10 3 9 4 
20180905733 5 8 6 10 3 2 4 9 1 7 
20180905734 8 2 1 9 4 3 7 6 5 10 
20180905735 8 7 6 3 9 5 10 2 4 1 
20180905736 1 9 3 2 5 8 4 10 6 7 
20180905737 1 9 8 7 5 6 2 3 10 4 
20180905738 7 2 6 10 3 4 1 8 5 9 
20180905739 10 2 7 3 1 6 9 5 4 8 
20180905740 2 10 1 6 4 9 7 8 5 3 
20180905741 9 7 5 3 8 6 2 1 10 4 
20180905742 5 6 1 2 9 4 10 7 8 3 
20180905743 10 2 6 5 7 4 9 8 1 3 
20180905744 7 2 5 3 8 4 1 6 10 9 
20180905745 3 6 5 7 8 4 10 1 2 9 
20180905746 9 7 4 5 3 8 2 10 1 6 
20180905747 6 9 7 1 2 8 5 10 4 3 
20180905748 2 4 3 5 6 8 7 1 10 9 
20180905749 6 3 2 8 10 9 5 4 7 1 
20180905750 5 1 4 6 3 8 7 9 2 10 
20180905751 9 2 7 8 10 6 4 5 3 1 
20180905752 10 7 3 5 8 9 1 4 6 2 
20180905753 9 7 4 1 8 2 6 3 5 10 
20180905754 10 6 8 3 7 9 4 1 2 5 
20180905755 3 2 9 7 4 6 5 8 10 1 
20180905756 9 4 7 10 1 2 5 8 3 6 
20180905757 8 9 2 1 6 7 5 4 3 10 
20180905758 3 8 5 2 7 1 10 4 6 9 
20180905759 7 6 10 4 3 9 2 5 8 1 
20180905760 7 1 6 3 4 2 5 8 10 9 
20180905761 8 3 9 4 5 1 6 2 7 10 
20180905762 8 1 6 4 7 2 5 10 3 9 
20180905763 3 5 6 9 7 10 8 2 1 4 
20180905764 8 5 6 2 1 7 10 4 3 9 
20180905765 6 3 7 8 2 4 1 5 9 10 
20180905766 4 8 6 2 9 5 10 1 3 7 
20180905767 6 10 4 5 9 3 2 1 8 7 
20180905768 6 3 1 4 9 8 2 7 5 10 
20180905769 4 6 3 9 7 2 8 10 5 1 
20180905770 3 7 2 4 9 10 5 8 1 6 
20180905771 5 10 9 2 7 8 1 3 6 4 
20180905772 7 6 1 2 3 10 4 9 8 5 
20180905773 3 1 9 2 6 5 10 8 7 4 
20180905774 3 9 4 5 7 2 6 10 1 8 
20180905775 8 1 9 10 2 6 7 5 3 4 
20180905776 4 5 2 9 3 10 6 1 7 8 
20180905777 4 2 8 3 10 6 1 7 5 9 
20180905778 9 4 2 3 8 10 7 5 1 6 
20180905779 9 7 4 2 6 5 3 8 10 1 
20180905780 9 8 5 1 7 10 4 6 3 2 
20180905781 9 6 7 8 3 4 1 2 10 5 
20180905782 3 2 8 6 10 4 7 5 1 9 
20180905783 5 2 1 9 6 3 7 10 4 8 
20180905784 3 9 1 8 5 10 4 2 7 6 
20180905785 6 8 4 10 9 1 2 3 5 7 
20180905786 7 1 6 2 5 9 4 3 10 8 
20180905787 5 9 1 6 3 10 2 4 8 7 
20180905788 2 10 5 6 1 4 9 8 3 7 
20180905789 5 3 7 1 10 4 6 9 2 8 
20180905790 6 1 7 10 9 8 2 4 5 3 
20180905791 1 6 2 4 7 5 3 10 8 9 
20180905792 10 9 1 4 7 3 2 8 5 6 
20180905793 9 6 4 2 5 8 7 10 1 3 
20180905794 8 3 5 9 4 6 2 10 1 7 
20180905795 10 8 7 3 1 4 2 6 5 9 
20180905796 9 10 8 4 5 3 6 2 1 7 
20180905797 1 6 4 7 10 9 2 5 8 3 
20180905798 7 5 6 4 3 10 1 9 2 8 
20180905799 3 10 9 8 2 4 7 1 5 6 
20180905800 8 9 7 3 2 5 10 4 1 6 
20180905801 4 9 1 10 3 6 5 8 7 2 
20180905802 2 8 10 7 5 1 9 4 3 6 
20180905803 9 6 4 3 8 7 10 5 1 2 
20180905804 10 5 7 1 4 9 8 2 6 3 
20180905805 3 8 6 1 4 7 10 2 9 5 
20180905806 1 10 7 3 2 8 4 5 9 6 
20180905807 9 2 3 5 10 6 1 8 7 4 
20180905808 6 2 7 9 3 10 5 8 1 4 
20180905809 1 9 10 8 4 3 5 2 6 7 
20180905810 4 7 10 9 5 8 6 2 3 1 
20180905811 1 5 2 6 3 10 8 4 7 9 
20180905812 1 8 6 4 2 5 3 10 9 7 
20180905813 8 7 5 4 10 6 1 3 2 9 
20180905814 5 9 4 2 8 7 10 3 1 6 
20180905815 7 4 9 8 10 5 6 3 2 1 
20180905816 4 5 1 7 8 3 6 2 9 10 
20180905817 8 1 6 4 3 9 2 10 7 5 
20180905818 10 7 9 2 5 6 1 3 8 4 
20180905819 9 4 10 6 8 7 1 2 3 5 
20180905820 1 2 9 8 10 6 7 3 5 4 
20180905821 2 4 3 5 1 10 7 8 6 9 
20180905822 7 10 4 3 8 1 9 6 5 2 
20180905823 4 6 5 3 9 10 7 8 2 1 
20180905824 3 5 4 7 2 6 8 10 9 1 
20180905825 9 5 8 1 3 6 4 7 10 2 
20180905826 8 10 5 1 9 3 6 7 4 2 
20180905827 6 2 10 1 5 8 7 3 4 9 
20180905828 9 5 1 4 7 3 6 8 2 10 
20180905829 9 8 2 5 4 7 1 10 3 6 
20180905830 10 3 9 2 6 5 4 7 1 8 
20180905831 4 5 9 6 10 8 7 2 1 3 
20180905832 5 2 3 6 8 9 7 10 4 1 
20180905833 4 10 8 9 6 7 2 3 1 5 
20180905834 7 6 5 1 10 8 9 4 2 3 
20180905835 2 6 9 10 3 1 4 8 5 7 
20180905836 7 8 1 9 5 10 3 6 4 2 
20180905837 9 5 7 8 2 10 3 6 4 1 
20180905838 1 10 9 7 8 3 2 6 4 5 
20180905839 1 6 2 9 5 8 7 3 4 10 
20180905840 9 3 6 10 8 7 4 1 5 2 
20180905841 9 7 6 2 1 10 3 8 4 5 
20180905842 6 2 1 4 8 5 3 10 9 7 
20180905843 1 10 6 7 9 4 3 5 2 8 
20180905844 1 3 7 6 2 10 4 5 9 8 
20180905845 6 3 4 8 1 9 5 2 10 7 
20180905846 10 6 2 4 3 8 9 5 7 1 
20180905847 6 1 10 9 4 8 2 7 3 5 
20180905848 8 2 1 4 6 3 7 10 5 9 
20180905849 3 9 8 1 6 10 7 4 2 5 
20180905850 9 6 4 1 8 5 3 10 7 2 
20180905851 1 10 2 5 6 4 7 8 3 9 
20180905852 7 9 1 5 4 2 8 10 6 3 
20180905853 2 9 5 4 10 3 6 8 7 1 
20180905854 8 7 4 3 6 1 5 9 2 10 
20180905855 6 8 3 9 2 5 1 7 4 10 
20180905856 9 8 1 6 3 10 5 7 4 2 
20180905857 8 7 9 4 5 10 6 1 3 2 
20180905858 9 4 3 2 8 5 6 1 7 10 
20180905859 7 3 4 9 2 8 10 6 1 5 
20180905860 4 6 7 2 9 1 3 10 5 8 
20180905861 1 3 8 5 6 7 9 4 2 10 
20180905862 3 9 1 6 7 2 8 10 4 5 
20180905863 6 8 9 7 4 3 10 1 5 2 
20180905864 5 7 9 4 1 3 2 10 8 6 
20180905865 8 6 2 1 3 7 5 4 10 9 
20180905866 4 10 1 7 6 3 8 9 2 5 
20180905867 9 8 4 6 1 10 2 7 3 5 
20180905868 7 5 9 2 8 1 10 3 6 4 
20180905869 2 5 10 8 9 3 1 4 7 6 
20180905870 5 8 6 9 10 7 3 4 1 2 
20180905871 5 6 2 3 9 1 8 4 7 10 
20180905872 9 8 2 1 10 7 6 5 3 4 
20180905873 1 9 10 7 5 3 8 4 6 2 
20180905874 8 2 5 6 7 3 4 9 1 10 
20180905875 3 7 2 10 8 6 4 5 1 9 
20180905876 9 4 2 10 1 5 6 8 3 7 
20180905877 2 7 9 4 3 5 8 1 6 10 
20180905878 3 2 9 8 5 7 6 4 1 10 
20180905879 3 9 5 4 1 10 2 7 8 6 
20180905880 8 4 10 3 5 1 7 6 9 2 
20180905881 4 5 7 9 6 8 2 3 10 1 
20180905882 9 2 4 10 6 5 1 7 8 3 
20180905883 2 4 3 8 7 5 9 6 1 10 
20180905884 8 2 1 4 5 6 10 3 7 9 
20180905885 9 6 4 2 10 3 8 1 5 7 
20180905886 9 1 5 10 2 3 6 8 7 4 
20180905887 2 3 6 9 10 4 7 8 1 5 
20180905888 10 6 9 3 7 1 5 2 8 4 
20180905889 9 4 6 5 7 10 3 1 8 2 
20180905890 9 6 2 5 8 4 1 3 10 7 
20180905891 2 4 8 7 5 3 9 6 10 1 
20180905892 10 2 5 8 7 4 3 1 6 9 
20180905893 6 4 8 3 2 7 5 10 1 9 
20180905894 5 7 8 4 9 10 3 2 6 1 
20180905895 6 1 9 3 10 4 5 7 8 2 
20180905896 4 7 2 9 10 6 1 3 5 8 
20180905897 3 1 4 2 6 5 7 9 8 10 
20180905898 1 10 2 4 7 9 6 3 8 5 
20180905899 8 7 2 9 1 6 3 10 5 4 
20180905900 3 4 1 8 5 2 7 9 6 10 
20180905901 3 10 1 4 6 5 2 7 8 9 
20180905902 10 6 9 1 4 5 3 8 7 2 
20180905903 10 2 6 7 4 9 5 1 3 8 
20180905904 3 9 10 6 8 7 2 4 5 1 
20180905905 8 1 6 3 4 9 7 2 10 5 
20180905906 8 9 6 2 4 10 7 5 3 1 
20180905907 1 8 7 4 9 3 10 5 6 2 
20180905908 1 8 5 7 2 9 6 3 4 10 
20180905909 6 5 10 8 7 4 2 3 9 1 
20180905910 3 9 2 6 1 8 10 5 4 7 
20180905911 7 8 4 9 2 6 5 10 3 1 
20180905912 3 8 4 7 9 2 5 1 10 6 
20180905913 1 2 9 10 5 6 8 4 7 3 
20180905914 4 8 7 10 6 5 1 2 3 9 
20180905915 2 1 5 10 4 6 3 9 7 8 
20180905916 3 4 8 6 5 7 2 10 1 9 
20180905917 4 6 5 9 10 8 1 3 2 7 
20180905918 7 3 6 10 1 9 8 5 2 4 
20180905919 6 4 5 10 2 7 8 3 1 9 
20180905920 5 1 2 4 6 8 3 9 10 7 
20180905921 3 10 9 5 8 1 7 4 6 2 
20180905922 10 1 5 7 4 8 9 6 2 3 
20180905923 7 4 5 9 3 2 8 1 10 6 
20180905924 10 6 9 4 7 8 2 1 3 5 
20180905925 8 1 4 2 7 3 6 9 10 5 
20180905926 6 2 3 9 4 5 1 8 7 10 
20180905927 8 5 6 3 10 4 9 7 2 1 
20180905928 7 2 1 4 6 10 3 8 5 9 
20180905929 6 9 3 10 5 4 2 1 7 8 
20180905930 9 7 6 4 3 1 5 10 2 8 
20180905931 5 2 6 10 4 9 3 1 8 7 
20180905932 8 3 10 4 1 9 2 7 6 5 
20180905933 4 1 6 10 2 9 7 3 5 8 
20180905934 6 3 5 7 10 4 9 2 1 8 
20180905935 5 1 7 4 6 10 2 3 8 9 
20180905936 8 3 4 9 1 6 10 2 5 7 
20180905937 6 1 4 9 10 7 2 8 3 5 
20180905938 4 6 10 1 8 5 7 9 3 2 
20180905939 8 9 10 1 6 3 2 5 7 4 
20180905940 4 1 2 5 3 8 7 10 9 6 
20180905941 10 4 1 7 2 5 3 8 9 6 
20180905942 8 7 9 6 5 1 4 10 3 2 
20180905943 6 9 2 5 3 1 8 4 10 7 
20180905944 9 3 7 8 4 5 10 6 2 1 
20180905945 4 6 7 3 5 10 9 8 2 1 
20180905946 6 3 8 7 1 2 10 9 4 5 
20180905947 1 8 10 4 5 6 9 3 7 2 
20180905948 9 4 6 2 8 3 10 1 5 7 
20180905949 3 8 6 1 2 9 4 10 7 5 
20180905950 8 3 10 9 4 1 6 2 7 5 
20180905951 2 4 8 6 7 1 5 3 9 10 
20180905952 9 5 1 2 3 7 6 8 10 4 
20180905953 5 9 3 4 2 7 1 6 8 10 
20180905954 6 7 10 5 1 9 4 3 8 2 
20180905955 10 7 6 5 4 3 8 2 9 1 
20180905956 2 6 9 3 5 7 10 1 8 4 
20180905957 5 4 9 7 6 2 10 3 1 8 
20180905958 6 5 10 4 9 7 8 2 1 3 
20180905959 4 7 9 8 10 5 3 2 1 6 
20180905960 9 7 3 1 5 8 10 4 6 2 
20180905961 3 4 8 9 7 5 1 2 10 6 
20180905962 1 4 10 3 8 7 9 6 2 5 
20180905963 3 6 8 7 4 10 2 5 9 1 
20180905964 9 5 3 6 8 10 1 2 4 7 
20180905965 2 6 9 8 4 7 1 5 3 10 
20180905966 3 7 8 2 9 4 1 5 10 6 
20180905967 10 7 3 9 2 6 1 8 4 5 
20180905968 7 6 1 2 8 5 3 10 9 4 
20180905969 1 3 2 8 7 4 9 6 10 5 
20180905970 7 5 3 2 10 4 9 1 8 6 
20180905971 1 4 2 8 5 6 9 7 3 10 
20180905972 8 5 7 1 4 9 6 2 3 10 
20180905973 1 4 2 3 5 7 8 10 9 6 
20180905974 4 8 7 3 9 1 5 10 2 6 
20180905975 5 4 8 6 1 9 2 10 7 3 
20180905976 6 3 4 5 1 7 9 2 10 8 
20180905977 7 3 4 8 1 5 10 9 2 6 
20180905978 9 4 5 3 6 7 10 8 2 1 
20180905979 10 7 4 1 2 3 5 8 9 6 
20180905980 2 1 6 10 5 4 9 8 7 3 
20180905981 1 7 6 8 10 2 5 9 3 4 
20180905982 3 4 10 7 9 6 2 8 1 5 
20180905983 9 2 4 10 1 8 7 3 6 5 
20180905984 10 8 2 9 1 7 4 5 6 3 
20180905985 2 5 4 9 10 8 3 1 7 6 
20180906001 1 9 7 8 5 6 3 4 2 10 
