20180911002 3 7 1 2 8 10 6 5 9 4 
20180911003 9 7 1 2 8 4 10 3 5 6 
20180911004 1 10 9 7 8 2 4 3 5 6 
20180911005 8 7 3 5 1 4 9 10 6 2 
20180911006 1 2 5 7 8 4 9 3 10 6 
20180911007 10 5 8 7 9 6 2 1 3 4 
20180911008 1 9 6 5 2 4 3 8 7 10 
20180911009 5 1 3 9 6 8 10 7 2 4 
20180911010 4 6 1 5 3 7 9 10 2 8 
20180911011 2 3 8 1 4 7 6 9 10 5 
20180911012 6 4 1 8 9 2 7 3 10 5 
20180911013 1 3 10 6 9 2 7 8 4 5 
20180911014 6 1 3 7 10 9 4 2 8 5 
20180911015 9 3 2 10 1 8 7 5 6 4 
20180911016 9 4 8 10 2 1 3 5 6 7 
20180911017 3 7 10 4 5 2 1 9 8 6 
20180911018 7 2 6 8 9 10 4 5 3 1 
20180911019 10 8 2 7 5 4 3 6 9 1 
20180911020 5 1 4 6 8 2 10 9 7 3 
20180911021 9 2 6 5 3 1 4 10 7 8 
20180911022 9 7 5 3 10 1 6 4 2 8 
20180911023 1 2 10 4 8 3 6 5 7 9 
20180911024 9 3 7 8 6 5 10 4 2 1 
20180911025 10 6 1 5 7 4 8 2 3 9 
20180911026 7 8 10 4 3 1 6 2 5 9 
20180911027 9 7 10 5 3 4 8 6 1 2 
20180911028 4 7 5 9 3 10 1 8 2 6 
20180911029 9 10 6 1 5 2 3 8 4 7 
20180911030 3 5 2 6 1 9 7 4 10 8 
20180911031 7 8 6 9 1 2 5 4 10 3 
20180911032 6 1 8 2 7 9 4 10 3 5 
20180911033 3 5 4 2 7 1 9 10 8 6 
20180911034 10 7 8 3 4 9 5 1 2 6 
20180911035 4 10 9 3 2 7 1 5 6 8 
20180911036 4 3 2 7 1 8 10 5 9 6 
20180911037 1 2 8 10 7 3 5 6 9 4 
20180911038 9 1 4 8 7 6 2 3 10 5 
20180911039 4 7 2 6 3 9 10 8 5 1 
20180911040 6 5 8 3 9 10 4 7 1 2 
20180911041 5 9 4 3 7 10 8 2 1 6 
20180911042 1 4 6 5 10 9 7 2 8 3 
20180911043 4 1 8 7 2 10 9 6 5 3 
20180911044 6 10 4 1 7 8 9 5 2 3 
20180911045 4 1 9 10 6 8 3 7 2 5 
20180911046 4 8 7 5 1 9 2 10 6 3 
20180911047 7 8 9 4 6 2 3 5 1 10 
20180911048 7 5 9 2 4 1 6 10 3 8 
20180911049 7 3 9 1 10 2 4 6 5 8 
20180911050 7 2 1 10 5 4 3 8 6 9 
20180911051 4 3 7 5 6 8 2 9 10 1 
20180911052 9 3 1 5 8 2 7 10 4 6 
20180911053 1 6 2 4 10 8 7 9 5 3 
20180911054 7 5 1 9 10 8 2 6 3 4 
20180911055 10 4 6 8 2 7 3 5 1 9 
20180911056 4 1 6 7 3 8 5 10 2 9 
20180911057 2 8 6 4 10 9 1 5 7 3 
20180911058 9 5 3 6 8 4 10 7 2 1 
20180911059 9 3 6 7 5 8 4 1 10 2 
20180911060 5 10 1 4 8 3 9 2 6 7 
20180911061 6 7 9 3 1 10 8 2 5 4 
20180911062 1 10 8 5 9 2 3 6 7 4 
20180911063 9 4 10 1 7 3 6 5 2 8 
20180911064 6 4 10 2 9 3 5 8 7 1 
20180911065 7 9 3 5 1 4 6 8 10 2 
20180911066 3 10 2 5 8 7 6 1 4 9 
20180911067 1 3 2 5 8 7 6 10 9 4 
20180911068 1 10 6 5 3 7 8 2 4 9 
20180911069 4 3 1 9 2 5 6 7 8 10 
20180911070 10 2 4 5 3 1 8 9 6 7 
20180911071 5 10 6 1 9 2 8 3 7 4 
20180911072 3 6 1 10 7 2 8 4 5 9 
20180911073 9 5 1 8 3 10 2 6 4 7 
20180911074 5 4 9 3 2 1 6 8 7 10 
20180911075 3 7 9 1 8 5 4 10 2 6 
20180911076 8 6 3 4 10 9 1 5 7 2 
20180911077 8 4 5 6 2 7 9 1 3 10 
20180911078 1 3 6 2 5 7 10 8 9 4 
20180911079 3 8 5 10 7 2 9 6 4 1 
20180911080 2 8 7 6 5 3 10 1 4 9 
20180911081 10 5 1 3 9 2 4 7 6 8 
20180911082 2 7 4 5 8 10 3 1 6 9 
20180911083 10 1 7 3 8 2 5 9 6 4 
20180911084 10 8 4 6 5 1 9 3 7 2 
20180911085 9 8 3 10 2 4 7 1 5 6 
20180911086 5 10 1 8 6 3 2 7 9 4 
20180911087 2 8 1 10 3 7 9 5 4 6 
20180911088 4 8 5 9 7 10 6 1 3 2 
20180911089 7 1 6 3 10 9 8 5 2 4 
20180911090 7 1 10 8 6 4 5 3 9 2 
20180911091 9 4 10 3 2 6 5 8 7 1 
20180911092 6 8 5 7 10 9 3 4 1 2 
20180911093 5 4 8 10 7 1 6 3 9 2 
20180911094 6 10 3 9 7 4 5 1 2 8 
20180911095 5 10 8 2 4 6 7 1 9 3 
20180911096 7 4 1 3 9 5 8 6 10 2 
20180911097 4 10 9 5 2 6 1 7 8 3 
20180911098 4 5 8 1 3 10 6 2 7 9 
20180911099 3 6 9 7 2 8 5 1 4 10 
20180911100 4 7 8 9 6 10 5 3 1 2 
20180911101 1 3 4 9 2 7 6 5 10 8 
20180911102 10 6 2 4 9 1 3 7 5 8 
20180911103 3 1 9 6 2 7 10 5 4 8 
20180911104 9 1 7 4 2 8 3 6 10 5 
20180911105 1 5 10 7 2 3 8 9 4 6 
20180911106 3 8 1 9 4 6 10 7 5 2 
20180911107 5 9 10 8 1 2 6 7 3 4 
20180911108 2 9 10 6 3 1 4 8 7 5 
20180911109 1 4 9 8 6 5 2 10 7 3 
20180911110 4 8 5 10 7 3 1 6 2 9 
20180911111 2 7 5 6 9 4 1 3 10 8 
20180911112 7 8 5 1 10 2 4 3 6 9 
20180911113 9 8 10 3 4 2 7 6 5 1 
20180911114 1 2 7 8 4 6 5 9 3 10 
20180911115 10 7 1 3 5 4 6 9 8 2 
20180911116 9 2 4 1 6 3 10 8 7 5 
20180911117 7 3 1 8 5 6 9 4 10 2 
20180911118 7 2 8 4 3 9 5 6 10 1 
20180911119 2 8 6 4 1 5 9 7 3 10 
20180911120 10 4 9 7 2 5 6 1 3 8 
20180911121 1 2 9 4 5 8 7 3 6 10 
20180911122 2 1 7 10 5 3 8 4 9 6 
20180911123 7 2 4 8 1 10 3 6 9 5 
20180911124 8 9 4 2 1 3 5 10 7 6 
20180911125 9 3 2 6 10 5 8 4 1 7 
20180911126 4 6 7 8 2 9 3 10 1 5 
20180911127 3 4 2 6 1 9 10 5 8 7 
20180911128 8 10 6 1 7 9 5 4 2 3 
20180911129 9 5 10 8 2 3 4 7 6 1 
20180911130 4 2 6 5 1 8 10 9 3 7 
20180911131 2 4 6 5 1 8 3 7 9 10 
20180911132 4 9 6 10 2 1 7 8 5 3 
20180911133 1 7 8 3 5 6 2 4 9 10 
20180911134 6 8 4 7 9 2 3 5 1 10 
20180911135 6 5 3 9 8 4 10 7 2 1 
20180911136 6 5 10 3 7 1 4 8 9 2 
20180911137 9 10 2 8 6 5 7 1 4 3 
20180911138 1 7 3 8 5 6 4 9 2 10 
20180911139 5 3 10 9 7 8 2 6 4 1 
20180911140 5 6 4 10 3 8 2 9 1 7 
20180911141 6 10 1 4 3 9 8 7 5 2 
20180911142 4 7 9 5 8 1 2 10 3 6 
20180911143 3 8 10 2 9 4 7 5 1 6 
20180911144 8 3 6 9 10 1 2 7 4 5 
20180911145 9 6 1 7 3 5 2 8 4 10 
20180911146 8 1 4 10 6 5 2 3 9 7 
20180911147 5 9 10 8 4 3 7 2 1 6 
20180911148 4 9 8 2 6 7 3 5 10 1 
20180911149 1 10 3 6 8 2 4 7 9 5 
20180911150 9 7 2 4 3 1 5 8 6 10 
20180911151 5 8 2 6 3 4 9 7 10 1 
20180911152 6 3 7 2 1 5 8 4 10 9 
20180911153 7 1 4 6 5 8 9 10 2 3 
20180911154 7 3 4 5 2 6 8 9 1 10 
20180911155 3 1 7 8 2 5 9 6 4 10 
20180911156 3 10 8 6 9 1 5 7 2 4 
20180911157 7 8 4 3 10 2 5 1 6 9 
20180911158 1 9 7 8 10 6 5 2 4 3 
20180911159 1 7 2 8 3 9 5 4 6 10 
20180911160 4 7 10 1 9 5 3 6 8 2 
20180911161 2 4 1 3 8 6 5 9 10 7 
20180911162 10 1 2 4 7 5 8 6 9 3 
20180911163 1 10 2 6 3 7 5 8 4 9 
20180911164 6 5 2 9 8 4 1 10 7 3 
20180911165 9 10 5 6 2 3 7 8 1 4 
20180911166 9 4 2 5 3 8 6 7 1 10 
20180911167 3 5 10 1 7 8 2 4 6 9 
20180911168 8 1 6 3 10 5 2 7 4 9 
20180911169 3 2 4 9 6 5 7 10 1 8 
20180911170 9 1 7 2 3 5 10 4 8 6 
20180911171 8 5 9 4 2 3 6 1 7 10 
20180911172 7 5 2 4 8 10 3 9 1 6 
20180911173 10 8 3 5 2 6 1 4 9 7 
20180911174 8 4 6 5 7 3 10 1 2 9 
20180911175 8 3 6 7 5 4 2 9 10 1 
20180911176 3 8 1 7 10 5 2 9 4 6 
20180911177 9 7 3 1 8 4 5 6 10 2 
20180911178 6 2 3 1 9 8 4 5 7 10 
20180911179 1 9 6 2 4 7 8 10 3 5 
20180911180 4 6 2 9 3 8 7 1 5 10 
20180911181 8 1 3 7 6 5 2 4 10 9 
20180911182 3 4 1 8 5 9 10 6 2 7 
20180911183 4 1 6 9 2 5 7 10 8 3 
20180911184 1 4 3 5 8 7 6 10 9 2 
20180911185 5 1 3 8 9 7 6 10 4 2 
20180911186 3 8 2 7 6 4 1 5 9 10 
20180911187 3 7 10 8 2 4 1 5 9 6 
20180911188 2 4 6 3 1 5 7 10 8 9 
20180911189 6 3 2 5 4 10 1 7 8 9 
20180911190 4 7 5 1 8 2 6 10 3 9 
20180911191 4 1 9 5 2 6 3 8 10 7 
20180911192 5 1 8 9 3 10 7 6 4 2 
20180911193 5 4 6 8 10 7 1 9 3 2 
20180911194 3 6 7 2 9 8 4 5 1 10 
20180911195 10 7 4 9 5 1 3 8 2 6 
20180911196 1 2 3 7 8 5 9 6 4 10 
20180911197 7 8 9 6 5 4 10 3 2 1 
20180911198 10 3 9 4 8 5 7 2 1 6 
20180911199 5 4 3 6 1 8 7 10 9 2 
20180911200 2 5 3 7 1 8 4 6 9 10 
20180911201 2 3 1 8 5 4 6 7 10 9 
20180911202 5 6 10 3 4 1 9 7 2 8 
20180911203 8 4 2 3 10 7 9 6 5 1 
20180911204 3 5 7 10 8 1 4 2 6 9 
20180911205 8 2 3 4 7 5 6 1 10 9 
20180911206 10 8 7 2 5 1 6 3 4 9 
20180911207 7 6 2 1 4 5 3 9 8 10 
20180911208 7 3 1 8 10 5 6 2 4 9 
20180911209 7 3 5 1 2 10 9 6 4 8 
20180911210 1 5 6 8 2 4 7 3 9 10 
20180911211 7 4 1 8 3 10 9 6 5 2 
20180911212 4 8 3 1 2 6 5 10 9 7 
20180911213 10 8 6 1 3 5 4 2 7 9 
20180911214 4 10 9 3 2 7 1 5 6 8 
20180911215 9 8 4 7 10 5 2 1 3 6 
20180911216 1 9 7 8 10 5 2 6 3 4 
20180911217 2 10 9 5 6 3 7 8 4 1 
20180911218 9 2 6 5 7 3 8 4 1 10 
20180911219 1 6 8 2 7 9 5 10 3 4 
20180911220 8 7 10 6 2 4 1 9 5 3 
20180911221 5 7 3 2 9 6 1 4 10 8 
20180911222 8 6 10 9 3 7 2 1 5 4 
20180911223 2 1 8 5 9 4 7 6 10 3 
20180911224 9 8 2 7 4 3 1 6 10 5 
20180911225 9 2 6 1 5 7 4 3 10 8 
20180911226 8 3 6 5 7 2 1 4 9 10 
20180911227 8 10 5 3 9 2 4 1 6 7 
20180911228 6 7 4 2 1 3 10 9 5 8 
20180911229 8 1 3 4 6 5 9 7 10 2 
20180911230 3 7 10 2 1 8 6 4 5 9 
20180911231 8 10 6 1 3 2 9 5 4 7 
20180911232 4 9 1 2 10 8 6 3 5 7 
20180911233 9 6 4 2 8 10 5 3 1 7 
20180911234 1 4 7 6 9 5 3 2 8 10 
20180911235 6 2 7 4 9 10 3 1 5 8 
20180911236 2 10 8 4 5 3 9 7 1 6 
20180911237 3 10 4 6 9 7 8 5 1 2 
20180911238 5 9 3 1 2 6 8 7 4 10 
20180911239 1 10 6 5 2 3 4 7 9 8 
20180911240 6 10 7 5 1 2 9 4 3 8 
20180911241 9 7 5 1 8 2 4 10 3 6 
20180911242 3 5 2 6 10 8 9 4 7 1 
20180911243 7 4 9 2 1 8 6 3 10 5 
20180911244 7 10 5 6 3 9 4 8 2 1 
20180911245 5 7 10 1 6 4 8 9 2 3 
20180911246 8 1 6 4 7 3 10 2 5 9 
20180911247 10 5 2 1 8 6 9 4 3 7 
20180911248 8 2 9 6 3 4 1 10 5 7 
20180911249 6 4 9 1 2 7 5 8 3 10 
20180911250 7 6 3 9 1 5 2 10 8 4 
20180911251 5 2 4 7 9 10 8 6 3 1 
20180911252 5 7 3 10 6 9 4 2 8 1 
20180911253 8 9 4 7 2 10 1 6 3 5 
20180911254 5 2 9 6 10 1 8 4 7 3 
20180911255 4 6 5 10 1 7 2 8 9 3 
20180911256 6 1 9 8 7 5 4 10 2 3 
20180911257 4 6 7 9 10 1 5 2 3 8 
20180911258 2 10 1 6 5 8 3 9 7 4 
20180911259 8 10 1 2 4 3 5 9 7 6 
20180911260 2 5 8 4 6 1 9 3 7 10 
20180911261 8 4 3 10 9 1 5 2 6 7 
20180911262 10 3 2 1 6 7 4 5 9 8 
20180911263 7 4 6 10 1 9 3 5 8 2 
20180911264 8 9 5 1 7 2 10 6 3 4 
20180911265 10 2 6 5 8 3 1 7 4 9 
20180911266 9 1 6 5 4 3 7 8 10 2 
20180911267 3 7 8 9 10 6 4 5 1 2 
20180911268 10 4 2 3 6 5 9 8 1 7 
20180911269 6 2 1 7 5 3 8 9 10 4 
20180911270 6 8 4 3 2 7 1 9 10 5 
20180911271 4 1 8 2 3 9 10 5 7 6 
20180911272 4 8 1 3 6 5 10 9 7 2 
20180911273 4 7 5 9 8 2 1 3 6 10 
20180911274 2 6 9 7 5 3 1 4 8 10 
20180911275 9 10 8 2 5 1 4 3 7 6 
20180911276 9 2 3 8 7 6 5 10 1 4 
20180911277 8 7 3 4 1 9 6 2 10 5 
20180911278 6 1 4 7 3 9 10 8 2 5 
20180911279 4 2 3 6 8 7 10 9 5 1 
20180911280 3 9 4 6 1 7 8 5 10 2 
20180911281 7 8 1 3 4 6 10 9 2 5 
20180911282 8 10 7 6 5 1 3 9 2 4 
20180911283 1 7 4 3 10 2 9 8 5 6 
20180911284 2 1 6 5 4 7 10 3 8 9 
20180911285 6 7 4 9 10 5 3 8 1 2 
20180911286 8 7 2 1 6 4 3 5 10 9 
20180911287 9 10 6 7 3 4 2 5 1 8 
20180911288 4 3 5 8 10 6 7 9 2 1 
20180911289 6 7 3 1 8 5 2 9 4 10 
20180911290 10 7 2 9 8 4 6 3 1 5 
20180911291 5 4 7 1 2 10 9 6 8 3 
20180911292 6 9 1 8 5 7 10 3 2 4 
20180911293 4 6 7 5 2 3 1 9 10 8 
20180911294 4 10 5 6 9 3 7 1 2 8 
20180911295 7 5 4 6 9 10 8 2 3 1 
20180911296 9 10 8 1 5 7 4 2 3 6 
20180911297 9 7 1 3 8 6 2 10 4 5 
20180911298 7 5 10 4 2 3 6 1 8 9 
20180911299 8 1 2 5 3 4 6 10 7 9 
20180911300 6 3 1 9 10 2 7 5 8 4 
20180911301 7 4 5 9 1 2 3 8 6 10 
20180911302 10 7 5 4 8 1 9 3 2 6 
20180911303 2 4 3 7 5 8 10 1 6 9 
20180911304 10 6 3 4 1 2 9 7 5 8 
20180911305 5 6 8 2 9 10 4 1 7 3 
20180911306 3 2 4 5 10 7 1 8 6 9 
20180911307 9 6 5 3 7 4 8 1 2 10 
20180911308 2 7 6 3 9 1 10 8 5 4 
20180911309 10 6 4 7 2 8 9 1 5 3 
20180911310 10 1 7 8 5 2 9 4 6 3 
20180911311 8 5 9 2 7 3 1 10 6 4 
20180911312 3 7 1 10 4 8 5 2 9 6 
20180911313 8 6 9 4 7 2 5 1 10 3 
20180911314 2 4 6 5 1 7 9 8 10 3 
20180911315 2 1 6 4 10 9 7 5 8 3 
20180911316 6 1 2 7 4 5 10 8 9 3 
20180911317 2 9 4 3 8 10 7 1 6 5 
20180911318 8 5 9 10 7 3 1 2 6 4 
20180911319 10 5 8 6 7 9 1 4 3 2 
20180911320 8 1 6 7 3 10 4 5 9 2 
20180911321 1 8 5 7 6 9 4 10 3 2 
20180911322 2 5 9 4 7 1 3 8 10 6 
20180911323 7 6 10 1 4 2 8 9 5 3 
20180911324 8 2 9 6 4 5 1 7 3 10 
20180911325 8 3 5 2 6 7 10 1 9 4 
20180911326 6 9 5 4 1 7 8 3 10 2 
20180911327 9 5 7 1 2 6 3 8 4 10 
20180911328 10 8 5 2 7 4 6 1 9 3 
20180911329 8 4 5 1 7 10 3 9 2 6 
20180911330 5 3 7 1 8 10 6 2 4 9 
20180911331 5 1 9 10 7 6 3 2 8 4 
20180911332 6 8 7 10 9 5 2 4 3 1 
20180911333 1 10 5 6 2 3 7 9 4 8 
20180911334 5 4 9 10 6 2 1 8 7 3 
20180911335 6 2 8 5 9 10 1 4 7 3 
20180911336 7 6 5 3 2 9 1 8 4 10 
20180911337 4 7 5 10 3 2 8 6 1 9 
20180911338 8 10 4 9 5 7 6 1 2 3 
20180911339 8 4 3 10 2 7 9 6 5 1 
20180911340 5 9 6 10 8 2 3 1 4 7 
20180911341 2 4 1 7 6 9 8 10 5 3 
20180911342 6 8 9 2 3 10 7 5 1 4 
20180911343 10 2 4 3 5 1 7 6 9 8 
20180911344 6 7 3 1 8 5 4 2 10 9 
20180911345 1 2 7 3 6 4 9 8 5 10 
20180911346 3 6 10 4 1 2 7 5 8 9 
20180911347 10 7 4 1 3 9 5 6 8 2 
20180911348 8 3 1 6 2 10 7 9 4 5 
20180911349 3 9 1 2 4 6 7 8 5 10 
20180911350 7 6 10 8 2 1 3 5 9 4 
20180911351 9 2 1 7 5 8 6 10 3 4 
20180911352 9 2 8 1 4 3 10 7 6 5 
20180911353 8 7 4 5 10 1 2 9 6 3 
20180911354 4 3 6 7 5 9 10 8 1 2 
20180911355 10 2 4 9 8 3 6 5 7 1 
20180911356 7 3 8 10 1 2 9 6 4 5 
20180911357 4 3 1 5 8 10 9 2 6 7 
20180911358 8 4 1 6 3 5 2 7 10 9 
20180911359 10 6 2 3 1 5 7 9 4 8 
20180911360 2 10 6 4 5 7 9 1 8 3 
20180911361 10 8 4 5 7 2 6 9 1 3 
20180911362 1 4 2 5 3 10 8 7 9 6 
20180911363 1 3 9 7 10 4 8 2 5 6 
20180911364 4 1 6 7 8 2 10 3 9 5 
20180911365 6 7 10 9 1 4 2 3 5 8 
20180911366 4 9 7 10 1 8 2 3 5 6 
20180911367 9 1 4 5 6 7 8 10 3 2 
20180911368 7 5 9 1 4 6 8 3 10 2 
20180911369 9 8 7 3 6 1 10 2 4 5 
20180911370 6 5 3 4 1 10 2 8 7 9 
20180911371 6 4 3 8 1 10 5 9 2 7 
20180911372 5 1 7 3 4 9 6 10 8 2 
20180911373 8 9 2 5 6 3 7 1 4 10 
20180911374 5 10 3 1 8 9 6 2 7 4 
20180911375 9 7 1 4 10 3 2 8 5 6 
20180911376 2 4 8 5 7 3 1 9 10 6 
20180911377 2 6 4 7 8 1 10 9 5 3 
20180911378 10 1 4 7 8 5 6 2 3 9 
20180911379 1 5 7 8 2 4 9 10 3 6 
20180911380 7 1 10 3 5 9 2 6 8 4 
20180911381 1 5 10 2 4 3 7 6 9 8 
20180911382 4 7 6 1 10 2 5 3 8 9 
20180911383 10 9 6 7 2 8 3 4 5 1 
20180911384 7 1 8 10 4 6 3 5 2 9 
20180911385 3 5 4 9 1 6 2 7 10 8 
20180911386 8 3 2 6 10 9 4 5 1 7 
20180911387 10 8 1 5 7 6 4 9 3 2 
20180911388 3 2 10 6 7 9 1 5 8 4 
20180911389 10 1 7 8 9 3 6 2 4 5 
20180911390 9 5 1 2 6 7 10 3 4 8 
20180911391 2 7 3 1 5 10 8 4 6 9 
20180911392 7 2 1 10 9 4 6 5 8 3 
20180911393 8 3 9 5 1 6 10 2 4 7 
20180911394 3 6 4 7 5 10 9 8 1 2 
20180911395 7 1 9 2 6 5 3 4 8 10 
20180911396 8 7 3 1 4 10 6 5 2 9 
20180911397 8 1 2 3 10 6 9 4 7 5 
20180911398 4 7 6 1 3 10 8 5 2 9 
20180911399 10 7 5 9 6 8 4 2 1 3 
20180911400 1 5 9 8 6 10 3 2 4 7 
20180911401 7 9 6 4 3 1 2 8 5 10 
20180911402 10 2 6 8 1 4 9 7 3 5 
20180911403 6 4 10 2 8 5 3 1 7 9 
20180911404 5 9 8 4 6 10 1 2 3 7 
20180911405 8 9 6 4 5 7 2 3 1 10 
20180911406 7 2 9 6 5 10 3 1 8 4 
20180911407 7 10 4 6 5 1 3 2 8 9 
20180911408 2 6 1 8 3 9 10 5 4 7 
20180911409 5 3 6 8 9 1 10 7 4 2 
20180911410 1 8 7 5 6 4 9 2 3 10 
20180911411 1 7 6 4 8 9 10 3 5 2 
20180911412 5 3 8 9 6 10 7 1 4 2 
20180911413 4 9 6 1 3 7 2 8 5 10 
20180911414 7 2 5 4 8 10 3 9 6 1 
20180911415 2 10 7 8 4 3 1 6 5 9 
20180911416 6 10 4 5 3 8 7 2 9 1 
20180911417 6 2 3 1 5 4 10 9 8 7 
20180911418 7 4 1 10 6 8 5 9 2 3 
20180911419 1 8 4 9 10 5 2 7 3 6 
20180911420 6 7 9 4 3 2 5 8 10 1 
20180911421 5 7 3 4 1 10 2 9 8 6 
20180911422 5 1 2 4 7 10 8 6 3 9 
20180911423 1 9 8 10 2 3 6 7 4 5 
20180911424 6 2 10 5 7 3 4 9 8 1 
20180911425 10 4 8 6 3 5 9 2 1 7 
20180911426 10 3 4 9 7 6 1 2 8 5 
20180911427 7 5 9 2 6 1 4 3 10 8 
20180911428 1 2 3 7 4 9 10 5 6 8 
20180911429 2 5 4 1 8 9 7 6 3 10 
20180911430 6 3 2 10 4 5 7 9 1 8 
20180911431 10 3 8 4 7 6 2 9 5 1 
20180911432 8 3 4 2 9 6 10 1 5 7 
20180911433 4 3 9 2 6 5 10 7 1 8 
20180911434 4 3 9 2 1 6 5 10 7 8 
20180911435 7 5 1 8 2 3 9 4 6 10 
20180911436 2 7 1 6 10 3 9 4 5 8 
20180911437 1 8 5 3 7 9 4 6 10 2 
20180911438 5 4 8 7 6 10 9 1 2 3 
20180911439 2 6 8 1 10 3 4 9 5 7 
20180911440 7 10 8 9 5 2 4 1 3 6 
20180911441 3 4 2 5 10 6 1 8 7 9 
20180911442 8 3 5 10 2 1 9 7 4 6 
20180911443 2 5 8 9 4 1 3 7 6 10 
20180911444 5 1 7 6 2 3 4 9 8 10 
20180911445 3 8 10 1 4 7 9 2 5 6 
20180911446 9 4 8 1 6 7 5 3 10 2 
20180911447 8 7 3 4 2 6 5 10 1 9 
20180911448 1 9 5 6 2 3 7 4 8 10 
20180911449 7 5 3 2 8 1 9 4 6 10 
20180911450 5 4 7 3 6 1 9 2 8 10 
20180911451 8 6 10 7 3 2 5 9 1 4 
20180911452 3 9 5 4 2 10 6 1 8 7 
20180911453 4 7 6 5 9 1 8 3 2 10 
20180911454 4 5 1 6 10 8 3 7 2 9 
20180911455 6 10 1 4 9 2 8 7 3 5 
20180911456 6 3 4 1 5 9 2 8 10 7 
20180911457 7 2 3 5 8 10 4 6 1 9 
20180911458 1 2 6 3 4 10 9 8 5 7 
20180911459 2 4 1 10 9 3 5 8 7 6 
20180911460 10 7 4 9 5 1 6 2 3 8 
20180911461 2 10 1 8 4 9 7 5 3 6 
20180911462 10 3 7 8 5 9 6 4 2 1 
20180911463 10 2 4 9 8 7 6 1 3 5 
20180911464 9 1 2 8 3 7 5 4 6 10 
20180911465 4 10 5 3 1 2 7 6 9 8 
20180911466 6 4 1 2 8 7 3 9 5 10 
20180911467 4 6 7 2 9 3 8 10 5 1 
20180911468 10 2 9 5 8 1 7 3 4 6 
20180911469 9 6 2 7 3 10 8 5 1 4 
20180911470 10 8 7 5 9 6 3 4 1 2 
20180911471 6 9 7 5 3 1 4 10 8 2 
20180911472 10 6 1 7 8 5 2 9 3 4 
20180911473 4 9 8 6 1 10 3 5 2 7 
20180911474 1 6 9 2 8 5 4 3 7 10 
20180911475 4 1 2 6 5 3 9 8 10 7 
20180911476 9 4 3 1 10 7 8 6 2 5 
20180911477 4 5 3 7 2 10 9 6 8 1 
20180911478 8 2 1 5 7 9 3 10 6 4 
20180911479 4 1 6 5 3 8 9 2 10 7 
20180911480 7 9 4 6 5 1 3 10 2 8 
20180911481 3 6 10 2 5 7 1 9 8 4 
20180911482 4 2 1 3 6 5 7 10 9 8 
20180911483 1 10 3 9 6 4 8 2 5 7 
20180911484 3 1 8 2 7 9 10 4 6 5 
20180911485 9 8 6 5 7 3 10 2 1 4 
20180911486 5 6 10 1 3 4 2 8 9 7 
20180911487 4 9 6 2 3 8 5 1 10 7 
20180911488 9 4 6 10 8 1 3 7 5 2 
20180911489 10 3 2 1 7 9 4 6 8 5 
20180911490 3 4 1 2 5 9 6 8 10 7 
20180911491 3 1 8 2 10 9 5 4 6 7 
20180911492 7 3 9 5 1 2 10 4 6 8 
20180911493 9 8 10 7 3 2 4 6 1 5 
20180911494 7 6 2 9 8 1 10 4 5 3 
20180911495 2 9 6 5 1 7 4 10 3 8 
20180911496 2 8 4 1 6 5 7 9 3 10 
20180911497 10 5 9 2 6 8 3 7 1 4 
20180911498 3 10 5 9 8 2 6 4 1 7 
20180911499 7 10 9 4 1 6 2 8 3 5 
20180911500 1 5 9 4 10 7 8 2 3 6 
20180911501 1 4 10 2 8 9 7 6 5 3 
20180911502 2 3 1 4 5 7 6 10 9 8 
20180911503 10 2 7 3 1 9 5 4 8 6 
20180911504 2 5 1 3 7 10 4 9 8 6 
20180911505 1 8 5 9 4 7 10 2 3 6 
20180911506 6 4 8 9 7 3 5 2 10 1 
20180911507 3 8 1 7 10 5 9 6 2 4 
20180911508 8 7 3 2 4 6 10 9 1 5 
20180911509 10 2 4 5 9 1 8 3 6 7 
20180911510 5 3 1 7 4 10 9 2 6 8 
20180911511 6 5 4 2 7 3 8 1 10 9 
20180911512 5 3 10 7 6 9 1 8 4 2 
20180911513 9 6 8 1 7 2 10 4 3 5 
20180911514 10 8 6 3 1 4 2 9 5 7 
20180911515 4 5 9 2 1 7 3 10 8 6 
20180911516 1 5 10 8 7 6 4 3 2 9 
20180911517 1 2 8 3 10 7 5 9 4 6 
20180911518 8 2 6 5 10 9 1 3 4 7 
20180911519 9 1 7 5 4 10 3 8 2 6 
20180911520 6 5 10 4 9 7 3 1 2 8 
20180911521 6 7 3 10 9 2 4 5 8 1 
20180911522 3 4 1 8 7 5 10 6 2 9 
20180911523 9 2 3 6 10 5 4 7 1 8 
20180911524 5 2 9 4 1 7 8 10 3 6 
20180911525 6 10 5 3 9 2 1 4 7 8 
20180911526 5 7 3 1 6 10 9 2 4 8 
20180911527 5 3 10 9 6 8 1 2 4 7 
20180911528 10 7 3 6 1 9 5 8 2 4 
20180911529 1 7 8 4 10 3 5 9 2 6 
20180911530 10 4 1 3 7 5 9 6 8 2 
20180911531 2 7 8 5 3 1 4 10 6 9 
20180911532 5 4 10 9 8 2 1 6 3 7 
20180911533 6 5 10 9 8 3 7 2 1 4 
20180911534 8 3 6 7 4 9 2 5 10 1 
20180911535 3 6 2 4 7 10 5 1 8 9 
20180911536 5 9 4 7 10 1 8 6 2 3 
20180911537 1 2 9 5 3 6 8 4 10 7 
20180911538 2 1 8 7 3 5 4 10 9 6 
20180911539 7 4 6 1 3 10 2 8 5 9 
20180911540 10 8 4 2 3 6 1 7 5 9 
20180911541 5 3 8 6 1 10 9 2 4 7 
20180911542 6 7 1 10 3 9 5 4 2 8 
20180911543 9 8 5 10 4 1 3 6 7 2 
20180911544 1 7 2 4 6 5 9 10 3 8 
20180911545 10 1 4 6 7 3 8 2 9 5 
20180911546 5 7 6 8 4 1 10 9 3 2 
20180911547 5 7 6 2 9 8 4 1 3 10 
20180911548 2 7 4 8 3 1 5 10 6 9 
20180911549 5 8 1 4 9 6 7 3 2 10 
20180911550 6 7 9 5 10 2 3 4 1 8 
20180911551 1 5 3 9 2 7 4 8 6 10 
20180911552 10 2 4 6 8 1 9 3 7 5 
20180911553 7 1 5 2 8 4 3 6 10 9 
20180911554 6 1 7 5 4 3 9 8 10 2 
20180911555 3 2 5 4 9 10 8 1 7 6 
20180911556 8 10 5 9 2 3 7 4 6 1 
20180911557 7 8 6 1 3 9 4 2 5 10 
20180911558 7 8 4 1 6 5 3 10 2 9 
20180911559 9 5 1 10 4 6 2 3 7 8 
20180911560 10 3 2 4 8 5 1 7 9 6 
20180911561 8 6 9 10 4 1 3 7 2 5 
20180911562 5 1 7 9 2 3 10 6 4 8 
20180911563 5 1 6 9 8 3 7 10 2 4 
20180911564 8 5 2 9 3 7 1 4 10 6 
20180911565 10 8 5 4 1 9 6 3 2 7 
20180911566 8 4 10 1 9 7 3 5 2 6 
20180911567 1 6 10 3 7 5 9 2 4 8 
20180911568 9 6 3 8 5 10 2 7 1 4 
20180911569 9 3 2 4 8 10 6 5 7 1 
20180911570 6 8 4 1 9 7 2 10 3 5 
20180911571 1 5 4 3 6 2 9 10 8 7 
20180911572 5 10 6 1 9 8 3 7 4 2 
20180911573 10 8 5 2 1 4 9 3 7 6 
20180911574 10 7 4 8 3 5 1 9 6 2 
20180911575 6 2 8 10 7 9 4 1 5 3 
20180911576 6 8 3 4 2 10 9 7 5 1 
20180911577 7 10 5 2 9 8 4 6 1 3 
20180911578 1 5 9 6 8 10 3 7 4 2 
20180911579 7 3 1 8 5 10 6 4 9 2 
20180911580 1 8 9 5 6 7 4 10 3 2 
20180911581 8 6 3 7 1 2 5 9 10 4 
20180911582 9 6 3 10 1 2 7 4 5 8 
20180911583 9 4 5 6 1 10 3 7 2 8 
20180911584 10 8 1 2 7 3 4 9 6 5 
20180911585 3 10 9 5 4 8 2 7 6 1 
20180911586 5 2 9 4 1 10 7 3 6 8 
20180911587 2 10 8 6 7 1 5 3 4 9 
20180911588 4 3 1 2 6 5 9 10 8 7 
20180911589 3 10 5 2 9 4 1 6 8 7 
20180911590 2 8 6 9 10 3 5 4 1 7 
20180911591 3 6 4 5 7 1 8 2 9 10 
20180911592 5 7 1 3 2 4 9 8 6 10 
20180911593 2 3 1 6 9 8 5 10 4 7 
20180911594 1 2 5 3 6 10 7 8 9 4 
20180911595 4 7 1 9 5 8 3 6 2 10 
20180911596 3 7 8 6 1 9 10 2 4 5 
20180911597 2 5 3 8 10 6 4 7 1 9 
20180911598 3 1 4 10 8 9 7 6 5 2 
20180911599 2 8 3 9 7 4 6 1 10 5 
20180911600 5 9 3 7 8 2 4 1 6 10 
20180911601 7 8 3 1 2 5 6 4 10 9 
20180911602 5 1 2 4 6 3 8 10 9 7 
20180911603 6 3 2 1 9 4 8 7 5 10 
20180911604 1 8 10 2 6 3 5 9 7 4 
20180911605 2 3 4 1 9 7 10 5 8 6 
20180911606 7 4 3 5 9 2 6 8 1 10 
20180911607 9 7 1 5 6 10 8 3 2 4 
20180911608 9 1 7 10 5 2 3 8 6 4 
20180911609 10 7 6 8 9 2 4 1 5 3 
20180911610 2 7 8 4 5 3 10 1 6 9 
20180911611 9 7 6 5 2 4 3 10 8 1 
20180911612 7 1 5 3 6 2 4 8 10 9 
20180911613 9 2 8 4 7 6 10 5 1 3 
20180911614 1 8 2 4 6 3 7 10 5 9 
20180911615 5 9 2 6 1 8 4 3 7 10 
20180911616 9 3 8 4 10 7 1 2 5 6 
20180911617 4 9 1 8 5 2 10 3 7 6 
20180911618 4 6 3 1 5 8 2 7 10 9 
20180911619 8 1 4 3 5 2 10 7 6 9 
20180911620 5 7 10 9 1 8 2 3 6 4 
20180911621 9 6 2 10 1 8 5 7 4 3 
20180911622 1 8 7 10 9 4 2 5 6 3 
20180911623 3 4 2 10 5 1 6 9 8 7 
20180911624 2 7 3 6 8 10 5 9 1 4 
20180911625 8 2 6 1 5 3 9 10 7 4 
20180911626 7 4 9 6 10 1 8 2 3 5 
20180911627 8 9 7 3 5 10 2 6 4 1 
20180911628 10 2 6 9 3 7 4 1 5 8 
20180911629 3 1 4 10 2 5 7 8 9 6 
20180911630 10 6 4 7 8 9 3 2 5 1 
20180911631 4 7 5 1 10 8 3 2 6 9 
20180911632 3 9 7 5 2 1 6 8 4 10 
20180911633 4 1 2 3 9 5 6 7 10 8 
20180911634 6 2 1 7 4 10 9 5 8 3 
20180911635 10 5 6 1 9 3 4 2 7 8 
20180911636 6 8 9 4 7 1 3 2 10 5 
20180911637 10 5 3 7 9 2 8 4 1 6 
20180911638 10 6 3 4 8 2 5 9 1 7 
20180911639 2 5 4 6 8 3 7 9 1 10 
20180911640 8 3 7 6 2 4 9 10 5 1 
20180911641 10 1 6 8 5 4 2 3 9 7 
20180911642 2 1 7 8 3 10 9 5 4 6 
20180911643 5 9 2 8 1 7 3 6 10 4 
20180911644 2 9 1 10 7 8 4 3 5 6 
20180911645 4 8 3 9 5 7 1 10 2 6 
20180911646 2 1 4 9 3 7 5 10 8 6 
20180911647 9 1 8 6 3 4 5 10 2 7 
20180911648 8 7 5 9 1 2 10 3 4 6 
20180911649 9 7 2 1 6 8 3 4 5 10 
20180911650 8 6 9 7 3 10 2 4 5 1 
20180911651 6 5 1 9 4 8 7 3 2 10 
20180911652 2 10 3 7 5 8 1 6 4 9 
20180911653 2 7 3 9 8 1 10 6 4 5 
20180911654 4 6 9 5 7 2 1 3 10 8 
20180911655 1 7 8 10 6 4 9 2 5 3 
20180911656 1 5 2 4 7 6 10 3 8 9 
20180911657 1 7 5 9 6 4 8 2 3 10 
20180911658 7 4 1 8 10 3 6 2 5 9 
20180911659 10 2 4 5 3 1 9 8 6 7 
20180911660 10 3 8 6 5 1 2 9 7 4 
20180911661 3 10 8 4 1 6 9 7 5 2 
20180911662 10 9 5 4 7 6 1 3 2 8 
20180911663 9 10 7 3 2 8 6 1 5 4 
20180911664 7 2 3 1 6 10 8 4 9 5 
20180911665 3 9 2 4 6 10 7 5 1 8 
20180911666 5 9 3 10 6 2 1 4 7 8 
20180911667 6 9 10 7 1 8 5 4 2 3 
20180911668 6 8 9 1 10 2 4 7 5 3 
20180911669 1 6 5 10 7 2 9 4 8 3 
20180911670 5 7 3 2 10 8 1 9 4 6 
20180911671 10 4 2 8 7 6 3 9 1 5 
20180911672 2 4 5 8 10 3 1 6 9 7 
20180911673 1 2 7 8 5 3 6 10 9 4 
20180911674 3 4 6 7 2 1 5 10 8 9 
20180911675 1 10 6 7 2 9 5 3 4 8 
20180911676 5 9 10 7 2 3 8 6 4 1 
20180911677 10 1 2 6 5 4 3 9 8 7 
20180911678 2 7 3 9 1 5 4 10 6 8 
20180911679 2 9 4 3 10 5 1 6 7 8 
20180911680 3 6 8 5 7 2 10 1 9 4 
20180911681 5 3 1 7 8 6 2 4 10 9 
20180911682 6 4 3 1 5 10 2 9 7 8 
20180911683 10 1 5 9 2 4 8 7 3 6 
20180911684 1 8 4 5 2 3 7 6 9 10 
20180911685 6 3 10 1 4 7 9 8 2 5 
20180911686 3 5 9 10 8 4 1 2 6 7 
20180911687 7 5 10 9 6 1 3 8 4 2 
20180911688 6 5 10 9 4 2 7 3 8 1 
20180911689 7 9 2 10 8 4 6 1 5 3 
20180911690 5 4 9 2 10 8 1 6 7 3 
20180911691 10 7 3 6 8 2 9 5 1 4 
20180911692 3 7 2 10 9 5 6 4 8 1 
20180911693 9 2 5 7 4 8 3 1 10 6 
20180911694 2 7 9 6 3 8 4 1 5 10 
20180911695 4 8 9 7 3 5 10 1 2 6 
20180911696 3 10 2 1 9 8 4 5 6 7 
20180911697 7 3 9 5 1 10 2 4 8 6 
20180911698 1 7 6 3 9 2 8 5 10 4 
20180911699 6 7 8 10 4 2 3 5 9 1 
20180911700 4 2 7 10 1 3 5 8 9 6 
20180911701 4 8 9 6 2 1 3 7 10 5 
20180911702 4 3 9 10 7 8 2 5 6 1 
20180911703 6 3 8 2 4 5 7 1 9 10 
20180911704 6 4 5 7 2 3 1 10 9 8 
20180911705 3 10 7 6 8 4 5 9 2 1 
20180911706 7 10 8 2 5 4 9 6 1 3 
20180911707 2 7 5 1 9 8 6 3 10 4 
20180911708 4 9 1 8 2 10 5 6 7 3 
20180911709 4 2 5 3 9 1 7 8 6 10 
20180911710 4 8 7 2 5 1 3 10 6 9 
20180911711 4 6 7 2 3 10 8 5 9 1 
20180911712 3 7 5 8 6 4 2 9 10 1 
20180911713 6 1 9 2 3 10 4 8 7 5 
20180911714 2 1 6 8 4 10 5 3 9 7 
20180911715 8 6 10 3 2 4 7 5 9 1 
20180911716 5 1 9 7 2 8 10 3 4 6 
20180911717 5 10 4 3 8 1 7 9 2 6 
20180911718 2 6 5 10 7 9 1 3 4 8 
20180911719 1 2 10 9 3 8 6 7 5 4 
20180911720 5 3 6 8 10 4 1 2 9 7 
20180911721 5 3 7 1 8 2 9 6 10 4 
20180911722 3 6 9 5 7 2 4 8 10 1 
20180911723 4 5 7 2 1 3 10 9 8 6 
20180911724 8 6 9 1 4 3 2 5 7 10 
20180911725 10 8 4 6 1 2 3 5 7 9 
20180911726 7 3 9 2 5 10 1 8 4 6 
20180911727 1 7 4 3 6 5 8 9 2 10 
20180911728 1 10 4 2 9 7 6 5 3 8 
20180911729 4 1 8 3 10 6 5 2 7 9 
20180911730 7 10 1 2 5 4 8 9 6 3 
20180911731 7 2 4 5 1 6 9 3 10 8 
20180911732 10 2 9 5 6 3 4 1 7 8 
20180911733 6 7 10 5 1 3 8 4 2 9 
20180911734 1 6 10 9 7 4 8 2 5 3 
20180911735 3 5 4 1 9 10 6 7 8 2 
20180911736 8 7 1 5 3 4 6 10 2 9 
20180911737 4 10 6 2 9 8 1 5 7 3 
20180911738 4 10 1 5 7 3 6 9 2 8 
20180911739 4 6 2 3 1 5 8 9 10 7 
20180911740 3 7 10 4 1 8 6 9 5 2 
20180911741 5 10 6 2 9 8 3 7 1 4 
20180911742 2 5 10 7 8 6 4 9 1 3 
20180911743 3 8 9 4 2 10 6 5 1 7 
20180911744 5 7 9 6 3 4 8 10 2 1 
20180911745 3 4 9 5 1 8 2 7 10 6 
20180911746 2 9 5 7 3 4 1 6 10 8 
20180911747 8 2 3 9 4 6 10 1 5 7 
20180911748 4 3 5 1 10 6 9 8 2 7 
20180911749 10 6 7 3 1 4 8 2 9 5 
20180911750 5 2 8 1 6 9 3 4 7 10 
20180911751 4 3 8 7 6 5 9 2 1 10 
20180911752 10 9 6 3 2 1 4 7 5 8 
20180911753 5 3 2 1 8 9 4 6 7 10 
20180911754 8 1 6 4 7 2 9 3 5 10 
20180911755 3 8 6 5 4 10 2 1 9 7 
20180911756 8 3 9 4 6 5 2 10 7 1 
20180911757 9 10 7 1 5 8 6 2 3 4 
20180911758 5 1 8 7 6 10 9 2 4 3 
20180911759 9 3 2 8 6 5 7 4 10 1 
20180911760 8 5 4 3 2 10 9 7 1 6 
20180911761 2 7 8 5 9 10 1 6 3 4 
20180911762 7 8 5 6 2 9 3 1 4 10 
20180911763 2 4 7 8 9 3 6 10 1 5 
20180911764 6 10 3 4 9 5 1 2 8 7 
20180911765 2 3 4 5 6 9 1 8 7 10 
20180911766 7 10 4 6 9 1 3 2 5 8 
20180911767 6 1 2 3 8 10 5 7 4 9 
20180911768 3 4 2 1 9 8 6 5 10 7 
20180911769 5 2 3 4 10 8 7 9 6 1 
20180911770 2 4 7 1 10 9 5 3 8 6 
20180911771 9 10 3 8 7 6 5 4 2 1 
20180911772 3 6 4 7 5 1 8 10 2 9 
20180911773 3 9 5 2 7 10 4 6 8 1 
20180911774 3 5 9 10 6 7 1 4 8 2 
20180911775 10 3 7 4 1 5 8 6 9 2 
20180911776 3 5 2 4 10 7 6 9 1 8 
20180911777 10 3 7 8 9 6 5 4 2 1 
20180911778 7 6 5 3 8 2 9 1 4 10 
20180911779 8 3 10 9 1 5 6 2 4 7 
20180911780 10 9 2 1 6 5 8 7 3 4 
20180911781 8 6 2 3 10 5 7 4 1 9 
20180911782 9 7 1 8 2 3 5 10 6 4 
20180911783 2 4 3 7 5 8 6 9 1 10 
20180911784 5 8 1 9 10 3 7 4 6 2 
20180911785 5 2 9 4 8 6 1 3 10 7 
20180911786 6 4 7 9 2 5 3 8 1 10 
20180911787 3 5 8 9 2 6 7 1 10 4 
20180911788 1 8 5 4 7 3 9 10 6 2 
20180911789 6 2 4 1 7 9 8 3 5 10 
20180911790 10 4 5 1 8 9 6 7 3 2 
20180911791 6 3 9 7 10 5 1 4 8 2 
20180911792 4 10 1 8 3 9 7 2 5 6 
20180911793 9 4 2 7 3 1 6 8 10 5 
20180911794 6 8 2 9 1 5 10 3 4 7 
20180911795 2 1 3 4 10 8 6 5 9 7 
20180911796 5 4 7 1 6 9 3 2 10 8 
20180911797 6 1 2 10 7 5 4 9 3 8 
20180911798 4 5 7 3 1 9 8 10 6 2 
20180911799 1 9 6 10 3 5 4 7 8 2 
20180911800 7 5 4 10 6 1 2 3 8 9 
20180911801 1 10 3 9 4 5 2 7 8 6 
20180911802 9 2 6 7 1 4 3 10 8 5 
20180911803 5 2 4 1 10 3 9 8 6 7 
20180911804 10 1 3 6 9 7 5 8 4 2 
20180911805 3 10 7 5 4 2 6 8 9 1 
20180911806 3 9 6 4 1 7 5 8 10 2 
20180911807 6 1 2 10 4 7 8 5 3 9 
20180911808 8 4 9 1 5 10 3 7 2 6 
20180911809 1 5 3 2 4 10 6 9 7 8 
20180911810 7 1 6 2 10 4 8 3 9 5 
20180911811 9 10 8 3 7 1 4 2 6 5 
20180911812 10 2 8 9 5 3 1 4 7 6 
20180911813 3 1 2 10 7 4 5 9 8 6 
20180911814 7 4 2 1 8 6 10 3 9 5 
20180911815 7 1 8 10 6 5 3 9 4 2 
20180911816 6 4 1 2 9 10 3 5 8 7 
20180911817 3 5 7 1 4 9 8 6 2 10 
20180911818 9 5 10 8 6 7 2 3 1 4 
20180911819 5 3 1 4 9 10 7 2 8 6 
20180911820 2 7 10 4 3 9 5 6 1 8 
20180911821 7 5 9 2 8 4 1 10 6 3 
20180911822 4 2 6 5 3 7 8 10 1 9 
20180911823 6 10 5 9 2 8 7 3 4 1 
20180911824 6 4 1 2 9 5 8 3 10 7 
20180911825 5 9 2 1 8 10 7 3 4 6 
20180911826 9 3 1 2 8 4 6 7 10 5 
20180911827 10 3 8 2 6 4 5 7 1 9 
20180911828 2 6 1 4 7 5 10 9 8 3 
20180911829 3 9 6 5 7 8 4 10 1 2 
20180911830 5 8 4 7 6 2 9 3 10 1 
20180911831 8 10 6 5 1 3 9 2 7 4 
20180911832 7 2 4 10 8 1 3 9 5 6 
20180911833 3 10 2 1 9 5 4 6 8 7 
20180911834 7 9 1 2 10 8 4 6 5 3 
20180911835 5 2 4 1 9 6 3 8 10 7 
20180911836 2 10 8 6 7 5 4 3 9 1 
20180911837 1 8 4 2 7 10 5 3 6 9 
20180911838 4 8 10 6 1 5 3 9 2 7 
20180911839 4 7 2 1 9 10 8 5 3 6 
20180911840 3 6 5 8 2 4 9 10 1 7 
20180911841 7 3 9 8 1 2 4 6 10 5 
20180911842 4 3 1 2 8 5 10 6 7 9 
20180911843 1 5 10 8 2 4 7 6 9 3 
20180911844 2 5 7 3 1 10 6 4 8 9 
20180911845 7 1 5 10 6 4 9 3 8 2 
20180911846 9 8 5 10 3 1 6 7 2 4 
20180911847 3 2 5 9 6 8 10 1 7 4 
20180911848 9 1 3 2 7 6 10 8 4 5 
20180911849 8 5 3 7 10 6 9 2 1 4 
20180911850 1 7 3 4 8 5 10 6 9 2 
20180911851 3 10 5 1 8 7 4 9 2 6 
20180911852 6 2 10 3 8 5 4 9 7 1 
20180911853 2 10 3 6 7 4 1 8 9 5 
20180911854 6 9 1 2 7 3 8 5 4 10 
20180911855 10 5 7 3 8 9 4 6 1 2 
20180911856 2 3 4 7 5 10 6 1 8 9 
20180911857 6 5 10 1 9 8 3 4 7 2 
20180911858 9 3 6 7 8 10 5 1 4 2 
20180911859 4 3 8 6 10 9 2 7 5 1 
20180911860 3 2 5 4 1 6 8 7 9 10 
20180911861 2 5 6 4 1 10 9 8 7 3 
20180911862 1 5 6 3 2 10 8 4 9 7 
20180911863 3 9 7 2 10 5 1 4 8 6 
20180911864 3 4 6 8 9 5 10 1 7 2 
20180911865 5 7 6 3 10 2 8 1 9 4 
20180911866 1 3 2 10 8 5 7 9 4 6 
20180911867 4 6 3 5 7 9 8 1 2 10 
20180911868 1 8 9 10 3 4 7 5 2 6 
20180911869 6 3 1 2 10 7 9 5 4 8 
20180911870 2 5 3 1 9 7 10 8 4 6 
20180911871 7 3 10 4 1 5 6 9 8 2 
20180911872 4 10 1 9 7 6 3 8 5 2 
20180911873 2 9 6 1 3 4 8 10 7 5 
20180911874 9 1 4 2 10 5 6 7 3 8 
20180911875 8 4 5 9 1 10 3 6 2 7 
20180911876 10 4 3 5 6 9 2 1 8 7 
20180911877 1 6 8 4 9 7 2 5 3 10 
20180911878 7 10 6 3 1 4 2 5 8 9 
20180911879 3 10 8 5 2 4 6 7 1 9 
20180911880 4 2 6 8 5 3 7 9 10 1 
20180911881 8 7 1 10 2 9 6 5 4 3 
20180911882 10 8 5 7 6 4 9 2 3 1 
20180911883 3 7 10 6 2 4 1 8 9 5 
20180911884 7 5 10 3 9 8 6 4 2 1 
20180911885 2 6 5 1 4 7 8 10 3 9 
20180911886 8 5 2 3 1 6 9 10 4 7 
20180911887 6 3 8 4 5 9 1 7 2 10 
20180911888 6 1 8 9 2 10 4 3 5 7 
20180911889 2 4 7 3 10 9 5 6 1 8 
20180911890 2 4 9 10 3 7 1 5 6 8 
20180911891 6 10 8 4 5 7 9 3 1 2 
20180911892 10 4 1 2 3 8 7 9 6 5 
20180911893 9 5 10 3 2 6 1 7 8 4 
20180911894 3 1 8 7 9 6 2 5 10 4 
20180911895 2 3 6 9 7 10 1 8 5 4 
20180911896 1 8 7 3 2 5 10 4 6 9 
20180911897 3 9 4 8 7 6 2 5 10 1 
20180911898 6 8 2 5 7 10 3 9 1 4 
20180911899 5 10 2 4 1 9 6 3 7 8 
20180911900 4 2 8 7 5 10 9 1 3 6 
20180911901 1 10 2 8 7 3 9 6 4 5 
20180911902 10 4 5 3 9 6 7 1 8 2 
20180911903 4 2 5 8 1 9 3 10 7 6 
20180911904 3 1 4 5 9 10 8 7 6 2 
20180911905 3 6 9 1 10 5 7 8 4 2 
20180911906 5 10 9 3 1 6 2 8 4 7 
20180911907 5 1 4 3 8 7 9 2 10 6 
20180911908 7 4 8 10 6 5 3 2 1 9 
20180911909 5 8 7 4 10 9 6 1 2 3 
20180911910 9 5 6 2 3 10 4 1 8 7 
20180911911 7 10 8 5 6 3 4 2 9 1 
20180911912 3 2 6 7 5 9 4 1 10 8 
20180911913 2 10 4 7 3 5 6 1 9 8 
20180911914 10 6 8 9 3 4 5 2 7 1 
20180911915 7 8 1 6 4 5 2 10 3 9 
20180911916 5 6 10 9 8 7 2 4 3 1 
20180911917 1 7 2 5 3 8 6 9 10 4 
20180911918 7 8 6 10 5 9 2 4 3 1 
20180911919 7 4 2 8 6 1 9 3 5 10 
20180911920 8 6 2 1 9 7 10 5 4 3 
20180911921 7 4 2 5 6 3 10 1 9 8 
20180911922 7 2 9 5 4 1 8 10 3 6 
20180911923 6 10 5 4 1 3 7 2 8 9 
20180911924 2 1 7 10 9 8 6 4 5 3 
20180911925 2 9 8 10 4 3 6 7 1 5 
20180911926 5 4 9 2 8 3 10 6 7 1 
20180911927 4 7 3 8 10 5 2 9 6 1 
20180911928 2 5 9 6 4 3 1 10 8 7 
20180911929 9 6 10 5 2 8 1 7 4 3 
20180911930 3 5 8 9 7 6 1 4 10 2 
20180911931 10 6 8 3 5 1 7 4 2 9 
20180911932 3 10 4 5 9 7 1 8 6 2 
20180911933 5 10 7 6 3 8 4 2 9 1 
20180911934 8 1 9 10 4 6 3 7 5 2 
20180911935 6 5 2 1 3 4 9 8 10 7 
20180911936 4 8 2 10 9 6 5 1 7 3 
20180911937 8 7 10 6 1 2 4 3 5 9 
20180911938 2 9 7 5 6 8 3 1 10 4 
20180911939 9 4 3 1 7 2 6 10 8 5 
20180911940 7 2 3 5 9 1 8 10 6 4 
20180911941 9 3 6 2 4 7 10 5 8 1 
20180911942 10 1 6 7 8 4 2 9 5 3 
20180911943 2 8 5 1 9 7 3 4 10 6 
20180911944 1 5 2 7 10 6 9 4 3 8 
20180911945 2 4 8 7 9 6 1 10 5 3 
20180911946 4 5 6 8 1 7 2 3 10 9 
20180911947 1 7 2 4 10 3 6 8 9 5 
20180911948 8 3 5 4 6 2 1 9 7 10 
20180911949 4 2 9 3 1 7 8 6 5 10 
20180911950 3 4 6 1 5 10 9 7 8 2 
20180911951 7 9 3 4 5 10 8 2 6 1 
20180911952 10 4 2 8 7 6 9 1 3 5 
20180911953 4 8 10 5 6 3 1 9 2 7 
20180911954 7 3 6 2 1 9 4 8 10 5 
20180911955 3 7 4 6 1 9 5 2 10 8 
20180911956 7 1 3 9 6 4 10 5 8 2 
20180911957 8 7 1 4 9 5 2 6 10 3 
20180911958 8 10 4 9 2 7 1 5 3 6 
20180911959 10 1 5 6 2 3 9 7 4 8 
20180911960 10 3 4 1 8 6 7 2 5 9 
20180911961 10 7 3 9 1 2 6 8 5 4 
20180911962 6 2 9 7 4 5 8 1 10 3 
20180911963 4 3 10 1 8 7 2 5 9 6 
20180911964 6 8 3 4 5 10 2 9 7 1 
20180911965 1 7 5 4 3 9 6 2 8 10 
20180911966 4 8 7 3 10 2 6 1 9 5 
20180911967 4 2 3 5 10 8 7 1 9 6 
20180911968 4 10 7 9 5 8 3 1 2 6 
20180911969 1 2 8 10 3 7 4 6 9 5 
20180911970 5 10 7 3 1 6 2 8 4 9 
20180911971 1 10 6 8 4 7 3 9 2 5 
20180911972 7 5 4 6 3 9 2 10 1 8 
20180911973 6 3 2 5 9 7 1 4 8 10 
20180911974 4 9 10 6 5 8 1 3 7 2 
20180911975 1 7 3 4 9 5 6 2 10 8 
20180911976 3 9 6 4 10 5 1 2 7 8 
20180911977 1 7 5 9 2 4 8 6 10 3 
20180911978 1 3 6 4 2 7 8 10 9 5 
20180911979 3 6 9 10 8 5 4 1 7 2 
20180911980 7 6 5 4 1 2 9 10 3 8 
20180911981 10 6 3 7 5 8 2 1 4 9 
20180911982 2 7 3 6 4 9 5 1 10 8 
20180911983 1 10 3 7 2 9 6 8 4 5 
20180911984 6 10 3 4 8 9 5 7 1 2 
20180911985 10 8 1 5 2 9 3 6 7 4 
20180912001 5 9 6 10 2 3 7 4 8 1 
