20180923002 8 5 3 10 7 9 6 4 2 1 
20180923003 2 4 3 1 10 7 8 5 9 6 
20180923004 10 8 6 5 9 7 3 1 2 4 
20180923005 7 3 5 9 10 2 4 8 1 6 
20180923006 7 2 3 10 6 9 5 4 8 1 
20180923007 1 5 4 9 8 7 6 3 2 10 
20180923008 8 6 9 5 10 2 3 1 7 4 
20180923009 8 7 10 4 9 6 5 2 1 3 
20180923010 5 9 8 7 2 3 4 1 6 10 
20180923011 3 2 8 5 6 4 9 1 7 10 
20180923012 1 9 6 3 10 2 8 5 4 7 
20180923013 3 6 1 4 2 10 5 9 7 8 
20180923014 7 5 3 1 8 10 9 2 4 6 
20180923015 2 1 9 6 8 7 10 4 5 3 
20180923016 9 1 10 6 5 7 4 3 2 8 
20180923017 3 8 5 4 2 1 6 7 10 9 
20180923018 1 10 7 4 8 6 2 9 3 5 
20180923019 4 8 10 1 6 5 9 3 2 7 
20180923020 7 4 5 10 3 2 9 8 1 6 
20180923021 9 2 3 6 7 1 5 4 8 10 
20180923022 4 7 10 6 1 8 9 3 5 2 
20180923023 8 10 4 6 5 7 1 3 9 2 
20180923024 4 2 6 9 3 8 5 10 1 7 
20180923025 1 7 3 2 5 6 8 4 10 9 
20180923026 8 4 1 7 5 9 3 10 2 6 
20180923027 6 7 2 1 3 8 10 5 9 4 
20180923028 5 3 7 1 4 8 9 2 10 6 
20180923029 3 5 4 6 7 1 9 8 10 2 
20180923030 9 3 8 1 2 5 7 10 6 4 
20180923031 6 9 4 3 7 2 1 10 5 8 
20180923032 10 4 7 9 5 1 6 3 8 2 
20180923033 4 6 7 10 3 2 9 1 8 5 
20180923034 7 4 10 2 6 9 5 3 8 1 
20180923035 4 5 2 1 7 9 6 8 3 10 
20180923036 3 9 10 1 4 6 2 8 7 5 
20180923037 5 3 9 4 6 2 1 7 10 8 
20180923038 9 8 4 7 6 10 2 1 5 3 
20180923039 9 5 7 4 8 1 10 6 3 2 
20180923040 8 5 7 6 3 2 4 10 9 1 
20180923041 8 9 2 7 5 6 3 1 10 4 
20180923042 1 8 9 10 4 3 2 5 6 7 
20180923043 1 5 2 6 8 9 10 3 7 4 
20180923044 8 6 2 4 5 7 3 9 1 10 
20180923045 1 3 4 6 8 9 10 7 5 2 
20180923046 9 3 7 1 2 5 4 6 8 10 
20180923047 9 3 2 7 6 10 1 5 4 8 
20180923048 1 6 8 9 10 5 3 7 4 2 
20180923049 3 6 7 2 9 10 1 4 8 5 
20180923050 8 3 4 2 9 1 6 7 5 10 
20180923051 1 8 4 10 3 9 7 2 6 5 
20180923052 10 9 1 8 7 6 3 5 2 4 
20180923053 2 5 9 1 8 6 7 10 4 3 
20180923054 5 1 6 10 3 7 8 2 4 9 
20180923055 8 4 9 5 10 3 6 2 1 7 
20180923056 4 8 3 7 2 6 5 9 10 1 
20180923057 3 8 10 6 9 2 1 7 4 5 
20180923058 5 9 7 4 6 3 1 8 2 10 
20180923059 2 4 7 8 1 5 9 10 3 6 
20180923060 9 8 4 1 2 6 5 7 3 10 
20180923061 3 6 1 7 4 9 8 5 10 2 
20180923062 9 4 1 10 7 3 2 6 8 5 
20180923063 5 3 7 1 2 10 8 4 6 9 
20180923064 3 4 7 10 6 2 9 1 8 5 
20180923065 3 7 8 2 4 5 1 9 6 10 
20180923066 7 3 8 1 10 9 6 5 4 2 
20180923067 10 7 9 1 4 2 8 6 5 3 
20180923068 6 1 2 9 8 10 4 3 5 7 
20180923069 2 4 6 7 1 5 8 3 9 10 
20180923070 4 2 9 3 8 6 1 5 10 7 
20180923071 9 3 4 10 1 5 6 7 2 8 
20180923072 9 1 7 4 6 8 10 3 2 5 
20180923073 1 7 2 4 5 8 3 6 10 9 
20180923074 4 6 1 3 5 7 9 10 8 2 
20180923075 7 10 4 8 5 6 2 3 9 1 
20180923076 3 7 2 4 8 1 5 9 6 10 
20180923077 10 2 6 3 4 7 5 1 8 9 
20180923078 3 10 9 1 4 7 5 2 6 8 
20180923079 10 2 9 3 6 1 8 5 7 4 
20180923080 3 10 5 9 7 2 1 4 8 6 
20180923081 6 10 7 5 8 4 1 3 9 2 
20180923082 5 4 3 2 9 10 8 1 7 6 
20180923083 8 1 7 5 9 4 3 10 2 6 
20180923084 10 7 9 3 8 5 2 6 1 4 
20180923085 5 1 10 9 7 8 4 3 6 2 
20180923086 10 6 2 7 8 5 4 1 3 9 
20180923087 9 7 5 3 6 10 1 4 2 8 
20180923088 9 8 7 5 10 4 2 3 1 6 
20180923089 6 8 10 1 9 5 4 7 2 3 
20180923090 1 4 3 2 10 6 5 8 9 7 
20180923091 3 2 1 8 4 9 6 7 10 5 
20180923092 6 2 5 4 1 7 10 9 8 3 
20180923093 10 3 7 8 9 4 6 1 5 2 
20180923094 2 4 5 8 9 3 1 10 6 7 
20180923095 5 10 8 7 9 3 2 4 1 6 
20180923096 6 2 9 10 1 3 5 7 4 8 
20180923097 6 9 7 5 8 10 1 2 4 3 
20180923098 4 2 1 9 8 10 5 6 3 7 
20180923099 3 6 4 1 10 7 9 2 5 8 
20180923100 1 10 2 5 7 8 6 4 3 9 
20180923101 4 8 6 9 5 1 10 2 3 7 
20180923102 6 1 7 5 10 9 8 2 4 3 
20180923103 9 4 5 2 6 10 1 7 8 3 
20180923104 4 6 2 9 8 7 1 3 5 10 
20180923105 6 10 7 8 9 1 2 4 3 5 
20180923106 4 9 1 7 5 8 6 2 10 3 
20180923107 6 10 5 7 2 8 3 1 9 4 
20180923108 3 8 7 1 10 5 4 2 6 9 
20180923109 1 5 6 4 3 7 8 9 2 10 
20180923110 9 5 3 6 2 10 8 4 1 7 
20180923111 3 9 8 1 6 2 5 4 10 7 
20180923112 2 7 9 5 6 1 4 10 3 8 
20180923113 3 10 8 6 7 1 5 4 2 9 
20180923114 10 2 4 5 9 1 8 6 7 3 
20180923115 3 8 5 4 6 10 7 9 1 2 
20180923116 1 2 7 5 9 4 3 8 6 10 
20180923117 1 8 5 3 9 2 10 7 4 6 
20180923118 4 7 3 10 6 9 2 5 8 1 
20180923119 10 9 1 4 6 5 3 7 2 8 
20180923120 9 8 1 2 4 5 10 3 7 6 
20180923121 5 7 2 10 8 4 3 1 9 6 
20180923122 8 4 2 1 10 5 7 6 3 9 
20180923123 5 9 6 1 2 4 7 8 10 3 
20180923124 10 6 3 8 9 5 4 7 1 2 
20180923125 3 2 4 8 9 7 6 5 1 10 
20180923126 10 6 8 7 2 1 5 9 3 4 
20180923127 5 10 4 9 3 2 8 6 1 7 
20180923128 7 8 1 9 2 6 10 4 5 3 
20180923129 2 4 6 7 10 1 9 3 5 8 
20180923130 3 5 9 7 2 1 6 10 8 4 
20180923131 6 2 4 10 8 1 7 3 9 5 
20180923132 3 1 2 8 5 9 10 4 6 7 
20180923133 5 10 6 2 9 8 1 3 7 4 
20180923134 9 7 2 5 8 4 6 3 1 10 
20180923135 2 4 3 7 5 6 10 9 1 8 
20180923136 7 8 4 9 6 5 2 1 10 3 
20180923137 4 5 3 10 1 9 7 8 2 6 
20180923138 1 5 6 4 7 8 2 10 3 9 
20180923139 7 8 2 9 6 5 1 3 10 4 
20180923140 5 9 1 7 6 8 10 4 2 3 
20180923141 3 2 10 8 1 6 7 4 5 9 
20180923142 4 10 6 1 2 7 3 5 9 8 
20180923143 1 5 10 7 8 6 3 9 2 4 
20180923144 1 3 8 4 10 9 5 2 6 7 
20180923145 1 4 3 8 10 5 6 9 2 7 
20180923146 1 4 10 5 6 9 2 7 8 3 
20180923147 5 1 3 4 6 9 8 2 10 7 
20180923148 4 8 1 2 6 5 3 7 9 10 
20180923149 8 6 1 9 10 2 3 4 7 5 
20180923150 7 5 8 10 2 9 3 1 4 6 
20180923151 5 3 2 1 8 7 6 4 9 10 
20180923152 1 7 3 10 6 5 9 2 8 4 
20180923153 1 6 10 9 7 3 8 2 5 4 
20180923154 3 8 5 6 2 7 10 1 4 9 
20180923155 1 7 9 4 8 2 6 5 3 10 
20180923156 4 6 10 5 9 1 2 7 8 3 
20180923157 6 4 8 5 3 7 2 1 10 9 
20180923158 5 10 6 8 4 2 1 9 3 7 
20180923159 9 4 7 8 1 6 2 10 5 3 
20180923160 1 7 3 4 2 8 10 9 6 5 
20180923161 5 6 3 10 2 4 8 1 9 7 
20180923162 7 6 4 10 2 5 8 3 9 1 
20180923163 3 4 10 7 8 2 5 6 9 1 
20180923164 10 1 5 8 2 7 9 6 3 4 
20180923165 10 9 5 7 2 6 8 4 3 1 
20180923166 10 6 3 8 2 4 7 5 9 1 
20180923167 4 10 5 7 2 3 6 8 1 9 
20180923168 8 5 9 2 1 4 7 3 10 6 
20180923169 8 7 9 2 1 3 10 5 4 6 
20180923170 9 10 7 8 3 4 1 2 6 5 
20180923171 10 6 2 4 9 3 5 8 7 1 
20180923172 9 4 6 1 2 7 8 10 5 3 
20180923173 8 6 9 7 2 10 5 4 3 1 
20180923174 5 8 2 6 3 4 7 10 9 1 
20180923175 9 1 6 7 8 4 3 5 2 10 
20180923176 4 7 6 3 8 1 5 2 9 10 
20180923177 3 8 9 2 7 1 10 5 6 4 
20180923178 5 2 1 6 10 7 8 9 4 3 
20180923179 1 4 2 6 7 3 5 8 10 9 
20180923180 5 1 10 2 6 4 3 9 7 8 
20180923181 4 10 5 1 2 6 8 7 3 9 
20180923182 9 10 8 2 5 4 3 6 7 1 
20180923183 6 4 9 1 8 5 7 2 10 3 
20180923184 1 3 5 6 7 10 9 2 4 8 
20180923185 5 3 10 4 9 8 6 2 7 1 
20180923186 2 6 5 4 10 8 3 1 7 9 
20180923187 1 5 8 2 7 10 4 9 6 3 
20180923188 6 4 10 9 1 5 3 8 7 2 
20180923189 7 2 1 5 10 9 8 4 6 3 
20180923190 10 8 2 3 9 7 4 5 6 1 
20180923191 8 6 1 4 2 10 3 5 7 9 
20180923192 7 6 5 9 4 10 8 1 2 3 
20180923193 1 4 2 9 10 3 5 6 7 8 
20180923194 7 8 10 4 9 3 2 6 1 5 
20180923195 9 5 3 10 7 8 1 6 4 2 
20180923196 3 1 4 6 9 5 7 8 10 2 
20180923197 9 3 2 4 10 6 5 7 1 8 
20180923198 6 8 2 5 3 1 4 10 9 7 
20180923199 1 10 9 6 4 8 3 2 7 5 
20180923200 2 4 7 1 8 6 3 9 10 5 
20180923201 5 1 9 8 4 2 3 10 6 7 
20180923202 6 8 10 3 2 5 4 7 9 1 
20180923203 5 1 8 3 6 10 2 7 9 4 
20180923204 8 5 7 9 3 4 10 6 1 2 
20180923205 5 10 3 6 8 2 1 7 4 9 
20180923206 3 9 1 7 10 5 8 2 4 6 
20180923207 9 3 8 2 1 5 10 7 4 6 
20180923208 8 10 9 7 6 1 4 2 3 5 
20180923209 10 5 4 8 7 6 2 1 9 3 
20180923210 9 4 5 10 8 6 7 2 1 3 
20180923211 3 6 9 4 1 10 7 5 2 8 
20180923212 1 10 4 5 2 6 7 8 3 9 
20180923213 1 9 6 7 3 4 10 5 8 2 
20180923214 4 7 2 8 10 5 6 9 1 3 
20180923215 3 5 6 1 9 10 7 8 4 2 
20180923216 6 10 2 8 4 9 1 3 5 7 
20180923217 5 9 7 2 6 4 1 3 10 8 
20180923218 4 1 5 10 8 7 6 9 2 3 
20180923219 10 6 3 7 4 8 2 9 5 1 
20180923220 9 8 7 1 3 6 2 5 4 10 
20180923221 7 2 1 6 9 10 4 8 3 5 
20180923222 2 5 8 10 4 3 6 7 9 1 
20180923223 9 2 7 6 8 10 3 5 4 1 
20180923224 8 9 4 1 6 7 10 5 3 2 
20180923225 4 8 2 1 6 10 3 7 5 9 
20180923226 3 9 1 10 8 2 6 5 4 7 
20180923227 4 8 6 10 5 9 2 7 1 3 
20180923228 6 4 3 2 7 5 9 10 8 1 
20180923229 3 10 9 5 2 1 6 4 8 7 
20180923230 3 6 1 2 10 5 4 9 7 8 
20180923231 3 2 6 1 10 4 9 7 5 8 
20180923232 1 7 3 8 10 2 9 6 4 5 
20180923233 2 9 7 10 4 3 5 1 6 8 
20180923234 9 10 2 1 6 4 8 3 7 5 
20180923235 8 3 7 5 2 10 1 9 6 4 
20180923236 9 6 10 8 1 4 5 3 7 2 
20180923237 10 5 8 1 3 4 7 2 9 6 
20180923238 3 7 5 6 8 9 2 4 10 1 
20180923239 2 7 6 10 4 3 9 5 8 1 
20180923240 5 2 3 6 7 1 9 10 8 4 
20180923241 3 6 9 8 2 7 10 4 1 5 
20180923242 1 9 7 6 3 5 2 8 4 10 
20180923243 10 9 2 6 3 8 1 4 7 5 
20180923244 10 7 6 1 2 4 5 9 8 3 
20180923245 3 4 10 5 8 6 1 7 2 9 
20180923246 1 6 5 7 4 2 3 9 8 10 
20180923247 10 3 4 7 5 8 1 9 2 6 
20180923248 7 2 1 10 9 5 8 4 3 6 
20180923249 1 8 6 5 9 7 2 10 3 4 
20180923250 6 1 8 7 4 2 3 5 9 10 
20180923251 9 1 6 2 7 4 8 5 3 10 
20180923252 1 6 8 5 3 4 10 9 7 2 
20180923253 8 10 7 1 6 3 4 9 5 2 
20180923254 2 1 9 3 8 5 10 4 7 6 
20180923255 2 1 3 6 10 9 7 8 5 4 
20180923256 8 1 2 9 5 3 6 7 4 10 
20180923257 3 7 9 2 4 5 1 10 8 6 
20180923258 3 7 2 5 8 10 1 9 4 6 
20180923259 1 8 5 3 7 4 9 6 2 10 
20180923260 9 1 3 4 2 10 8 6 7 5 
20180923261 8 4 5 1 10 2 3 7 9 6 
20180923262 9 8 10 1 2 7 5 6 3 4 
20180923263 10 7 2 3 8 6 5 9 4 1 
20180923264 10 9 1 5 4 2 3 6 7 8 
20180923265 4 1 7 2 9 10 6 3 5 8 
20180923266 1 4 5 3 2 7 6 9 8 10 
20180923267 7 8 2 10 6 3 9 1 4 5 
20180923268 10 7 2 8 3 9 6 1 5 4 
20180923269 3 7 4 2 10 1 5 8 6 9 
20180923270 1 2 5 4 3 8 10 7 6 9 
20180923271 2 8 5 3 4 6 9 1 7 10 
20180923272 9 6 8 1 4 7 2 10 5 3 
20180923273 7 2 8 5 9 10 1 3 4 6 
20180923274 6 2 3 8 7 9 10 1 4 5 
20180923275 9 1 10 5 2 3 6 7 4 8 
20180923276 3 10 5 8 1 2 7 6 9 4 
20180923277 2 7 6 8 5 9 10 4 3 1 
20180923278 3 7 5 10 9 8 6 4 1 2 
20180923279 9 4 6 5 8 1 3 7 2 10 
20180923280 7 6 1 5 9 10 8 3 4 2 
20180923281 2 10 3 5 7 1 6 8 9 4 
20180923282 3 5 6 4 9 8 7 1 10 2 
20180923283 7 5 8 1 4 2 6 10 9 3 
20180923284 10 5 7 9 8 2 3 4 1 6 
20180923285 1 8 10 5 4 2 9 6 7 3 
20180923286 10 1 5 3 4 6 7 2 9 8 
20180923287 9 4 1 7 10 3 8 2 5 6 
20180923288 1 4 8 3 10 2 5 6 7 9 
20180923289 9 4 5 10 7 8 1 6 3 2 
20180923290 10 3 1 8 2 5 9 7 6 4 
20180923291 2 9 6 5 4 8 1 7 3 10 
20180923292 5 3 6 9 7 1 2 10 8 4 
20180923293 8 3 10 7 1 4 5 9 6 2 
20180923294 3 9 5 6 4 1 8 10 2 7 
20180923295 3 10 4 7 9 5 2 1 8 6 
20180923296 9 10 6 3 5 4 2 7 1 8 
20180923297 7 8 6 4 1 10 5 3 9 2 
20180923298 8 7 1 5 4 6 10 9 3 2 
20180923299 9 4 7 3 6 1 2 5 10 8 
20180923300 4 2 5 1 8 10 7 6 9 3 
20180923301 6 3 9 5 1 2 7 8 4 10 
20180923302 7 5 3 9 1 10 8 2 4 6 
20180923303 2 1 10 4 3 6 7 9 5 8 
20180923304 2 9 6 10 4 1 5 7 8 3 
20180923305 9 7 6 4 2 5 3 10 8 1 
20180923306 6 3 7 2 5 1 4 9 10 8 
20180923307 10 5 8 6 3 1 9 2 7 4 
20180923308 8 2 6 4 7 10 9 3 1 5 
20180923309 7 8 10 3 1 4 5 6 9 2 
20180923310 1 6 2 7 9 4 10 8 3 5 
20180923311 6 5 1 10 7 4 2 8 3 9 
20180923312 6 1 9 3 10 4 8 7 2 5 
20180923313 1 8 2 5 7 10 3 9 6 4 
20180923314 2 7 9 4 8 5 3 6 10 1 
20180923315 8 5 9 6 3 4 10 2 7 1 
20180923316 7 5 1 4 9 3 10 8 2 6 
20180923317 6 8 4 1 9 10 5 7 2 3 
20180923318 9 2 3 4 8 10 5 6 7 1 
20180923319 7 10 6 9 1 5 4 2 8 3 
20180923320 2 5 8 7 6 9 1 3 4 10 
20180923321 9 8 3 4 2 5 10 6 7 1 
20180923322 3 8 2 6 10 4 9 1 5 7 
20180923323 8 1 9 5 2 4 7 10 6 3 
20180923324 1 6 7 10 3 8 2 4 9 5 
20180923325 5 6 2 8 1 9 10 4 3 7 
20180923326 4 7 6 10 5 8 2 9 3 1 
20180923327 7 6 3 9 10 4 5 8 2 1 
20180923328 7 2 8 3 1 4 6 9 5 10 
20180923329 1 4 5 6 10 2 8 7 3 9 
20180923330 9 3 8 6 5 4 10 7 1 2 
20180923331 6 3 9 10 8 4 7 2 5 1 
20180923332 9 5 1 6 3 7 8 4 2 10 
20180923333 8 1 9 2 5 4 3 7 10 6 
20180923334 10 6 8 7 2 5 4 1 9 3 
20180923335 8 6 1 2 7 5 10 3 9 4 
20180923336 1 8 10 4 5 2 9 6 3 7 
20180923337 5 6 10 4 7 3 1 9 2 8 
20180923338 5 4 1 3 7 10 2 8 9 6 
20180923339 7 3 8 9 2 6 10 4 5 1 
20180923340 8 1 10 6 3 5 9 7 4 2 
20180923341 5 6 10 9 8 4 3 1 2 7 
20180923342 6 10 4 5 3 1 9 7 8 2 
20180923343 2 4 10 5 7 8 9 6 1 3 
20180923344 3 7 5 8 4 6 1 9 2 10 
20180923345 10 3 9 7 4 6 5 8 2 1 
20180923346 3 2 6 1 9 10 5 7 8 4 
20180923347 1 8 9 4 3 6 5 2 7 10 
20180923348 9 6 5 2 3 10 4 1 8 7 
20180923349 6 10 1 5 4 3 7 9 8 2 
20180923350 2 1 4 6 7 9 3 5 8 10 
20180923351 2 4 1 3 9 7 10 5 8 6 
20180923352 9 6 3 7 5 2 8 1 4 10 
20180923353 2 10 3 8 1 9 7 6 5 4 
20180923354 2 8 6 1 3 5 4 9 7 10 
20180923355 6 4 1 8 7 5 10 3 9 2 
20180923356 7 4 8 2 3 5 6 1 10 9 
20180923357 2 3 9 5 7 10 1 6 4 8 
20180923358 5 7 10 2 8 6 4 3 1 9 
20180923359 8 10 5 4 7 3 9 1 6 2 
20180923360 3 6 7 2 4 10 5 8 9 1 
20180923361 3 10 7 1 4 5 2 6 8 9 
20180923362 7 10 8 4 9 1 2 6 5 3 
20180923363 4 5 9 10 1 2 3 8 7 6 
20180923364 2 1 10 4 6 5 3 7 8 9 
20180923365 10 8 6 9 7 1 2 4 3 5 
20180923366 10 3 2 5 9 4 1 6 8 7 
20180923367 2 10 5 9 4 8 1 6 3 7 
20180923368 1 6 10 5 4 2 8 3 7 9 
20180923369 3 4 10 8 6 5 7 1 2 9 
20180923370 9 3 8 5 1 4 10 7 6 2 
20180923371 5 2 10 1 9 8 3 6 7 4 
20180923372 1 4 3 10 5 9 6 8 2 7 
20180923373 7 9 10 2 3 4 1 5 6 8 
20180923374 2 5 6 4 8 9 3 10 7 1 
20180923375 10 2 9 1 8 5 6 3 7 4 
20180923376 2 9 7 10 5 1 6 4 3 8 
20180923377 3 10 5 6 4 1 8 2 7 9 
20180923378 9 7 5 3 6 8 10 1 4 2 
20180923379 5 6 1 4 2 8 10 9 7 3 
20180923380 9 5 1 8 4 10 2 6 7 3 
20180923381 6 9 8 4 1 10 2 7 3 5 
20180923382 8 6 1 10 2 4 9 7 5 3 
20180923383 1 9 6 2 10 5 4 7 3 8 
20180923384 10 4 9 8 7 6 5 3 2 1 
20180923385 2 10 3 7 9 8 4 5 1 6 
20180923386 10 4 6 7 1 3 5 8 2 9 
20180923387 5 10 2 3 4 9 8 1 6 7 
20180923388 3 10 1 5 8 4 6 2 9 7 
20180923389 2 7 9 1 8 5 4 3 10 6 
20180923390 1 7 10 6 4 9 5 3 2 8 
20180923391 4 2 8 9 7 1 10 6 3 5 
20180923392 6 2 1 8 5 7 9 3 10 4 
20180923393 2 7 10 9 8 6 5 3 4 1 
20180923394 3 2 1 8 6 5 7 4 10 9 
20180923395 5 3 9 2 7 4 8 6 10 1 
20180923396 2 10 7 1 4 3 5 6 9 8 
20180923397 4 7 1 6 8 2 9 3 10 5 
20180923398 10 1 6 3 5 2 9 7 4 8 
20180923399 2 1 6 3 10 4 9 5 7 8 
20180923400 6 4 9 2 5 3 7 8 10 1 
20180923401 9 10 2 6 7 1 8 3 5 4 
20180923402 6 2 8 7 9 3 4 1 10 5 
20180923403 10 7 2 3 1 4 6 9 8 5 
20180923404 1 2 6 7 4 3 9 5 10 8 
20180923405 7 3 9 5 10 2 4 6 8 1 
20180923406 6 2 8 9 5 4 1 3 10 7 
20180923407 9 3 2 6 8 10 4 1 5 7 
20180923408 5 8 3 6 2 1 10 7 9 4 
20180923409 8 1 4 10 9 2 5 6 3 7 
20180923410 1 5 4 9 7 3 10 8 6 2 
20180923411 6 2 7 1 10 8 4 9 5 3 
20180923412 3 8 5 10 1 2 9 6 7 4 
20180923413 8 5 9 2 4 3 7 1 10 6 
20180923414 1 8 5 10 4 7 9 2 6 3 
20180923415 1 3 5 10 6 4 8 9 2 7 
20180923416 6 3 9 2 4 10 1 7 8 5 
20180923417 4 3 9 5 7 10 1 6 8 2 
20180923418 6 3 8 5 9 1 7 10 4 2 
20180923419 1 10 2 6 4 7 9 5 8 3 
20180923420 8 6 1 5 7 10 9 3 4 2 
20180923421 10 6 1 2 9 8 3 7 4 5 
20180923422 8 7 1 3 6 5 9 4 2 10 
20180923423 5 8 1 7 2 3 6 9 10 4 
20180923424 4 1 7 2 3 10 9 8 6 5 
20180923425 9 2 1 7 4 10 5 3 6 8 
20180923426 8 4 9 7 1 3 2 5 10 6 
20180923427 4 5 6 9 8 10 3 2 7 1 
20180923428 5 2 8 3 10 6 1 7 9 4 
20180923429 3 2 4 10 7 9 8 6 5 1 
20180923430 10 8 7 5 9 2 6 1 4 3 
20180923431 9 4 10 8 1 6 5 2 3 7 
20180923432 7 5 3 1 9 6 2 4 10 8 
20180923433 2 3 10 6 9 1 5 8 4 7 
20180923434 2 7 4 10 5 8 9 6 1 3 
20180923435 4 8 9 2 3 10 5 1 6 7 
20180923436 8 4 5 9 6 7 1 2 3 10 
20180923437 9 4 5 2 6 8 3 10 7 1 
20180923438 1 8 7 6 9 10 5 4 3 2 
20180923439 7 4 8 9 2 5 3 1 6 10 
20180923440 4 1 3 8 5 7 2 9 6 10 
20180923441 1 7 5 2 3 8 10 9 4 6 
20180923442 3 5 2 7 6 1 8 4 9 10 
20180923443 6 2 8 10 3 7 4 1 5 9 
20180923444 9 2 1 10 4 7 3 8 5 6 
20180923445 8 1 2 10 5 6 3 7 9 4 
20180923446 10 1 3 7 2 4 6 8 9 5 
20180923447 4 8 6 2 1 7 9 3 5 10 
20180923448 1 7 6 4 9 8 2 3 10 5 
20180923449 5 8 6 2 1 3 7 4 10 9 
20180923450 8 5 4 2 3 6 10 7 9 1 
20180923451 9 7 2 6 1 3 8 4 5 10 
20180923452 6 1 3 7 9 2 8 10 5 4 
20180923453 8 10 9 4 6 5 2 7 3 1 
20180923454 6 4 7 3 10 5 9 2 8 1 
20180923455 2 7 10 4 5 3 9 1 6 8 
20180923456 3 1 9 8 4 5 2 10 7 6 
20180923457 6 9 3 4 1 5 8 10 2 7 
20180923458 7 5 9 8 1 10 3 4 6 2 
20180923459 10 3 5 4 6 7 8 1 9 2 
20180923460 7 3 2 8 9 10 5 4 6 1 
20180923461 8 5 10 1 9 2 3 4 6 7 
20180923462 3 4 9 8 10 2 1 6 7 5 
20180923463 4 1 5 6 2 3 8 9 7 10 
20180923464 8 2 5 4 3 6 9 7 10 1 
20180923465 5 7 6 8 3 9 10 4 1 2 
20180923466 9 2 6 3 5 8 7 4 10 1 
20180923467 4 10 5 6 2 8 7 9 3 1 
20180923468 5 6 2 4 7 8 3 9 10 1 
20180923469 5 1 3 9 7 2 8 4 6 10 
20180923470 1 2 4 9 8 6 5 7 3 10 
20180923471 2 1 9 4 8 6 3 5 7 10 
20180923472 2 9 10 1 3 4 5 8 6 7 
20180923473 10 4 6 5 1 7 9 3 2 8 
20180923474 2 4 6 10 8 7 9 1 3 5 
20180923475 1 4 5 2 6 7 8 9 10 3 
20180923476 3 7 10 6 9 5 4 8 1 2 
20180923477 8 6 2 9 3 1 5 7 10 4 
20180923478 1 5 8 7 2 6 3 10 4 9 
20180923479 1 5 2 9 6 4 10 7 8 3 
20180923480 6 9 4 10 5 7 3 8 2 1 
20180923481 10 2 6 7 1 4 5 9 3 8 
20180923482 10 1 7 3 6 9 8 2 5 4 
20180923483 3 5 4 10 8 2 9 7 6 1 
20180923484 5 1 10 2 8 6 4 3 7 9 
20180923485 7 6 1 10 4 2 3 8 5 9 
20180923486 10 5 7 2 1 6 3 9 8 4 
20180923487 1 2 9 10 5 8 6 3 4 7 
20180923488 7 6 4 8 2 9 10 3 1 5 
20180923489 4 9 1 2 5 8 6 7 3 10 
20180923490 7 3 8 10 9 5 2 1 4 6 
20180923491 5 7 4 8 10 2 6 1 9 3 
20180923492 10 9 8 7 5 1 6 2 3 4 
20180923493 10 5 6 3 9 7 1 4 8 2 
20180923494 6 9 3 10 2 7 4 5 8 1 
20180923495 7 8 5 3 10 2 4 9 1 6 
20180923496 3 1 9 8 5 7 10 4 6 2 
20180923497 1 10 3 5 6 7 2 9 4 8 
20180923498 4 3 5 8 1 10 9 2 6 7 
20180923499 5 8 9 10 4 3 6 7 2 1 
20180923500 5 6 10 9 8 2 3 7 4 1 
20180923501 4 5 1 3 7 10 8 9 2 6 
20180923502 2 5 9 3 10 1 7 4 6 8 
20180923503 2 4 1 7 6 10 9 3 5 8 
20180923504 1 2 3 7 8 4 9 10 6 5 
20180923505 1 2 6 8 3 10 4 5 9 7 
20180923506 8 9 5 2 7 1 4 6 3 10 
20180923507 1 4 3 5 9 2 8 10 7 6 
20180923508 4 10 9 1 3 5 7 2 8 6 
20180923509 8 10 4 9 5 6 3 7 1 2 
20180923510 8 6 2 9 7 4 5 10 3 1 
20180923511 1 6 8 7 5 9 10 3 4 2 
20180923512 5 1 9 4 6 10 7 2 3 8 
20180923513 5 2 1 9 3 10 4 7 8 6 
20180923514 3 10 6 4 2 8 1 9 5 7 
20180923515 4 10 6 8 7 5 2 9 3 1 
20180923516 9 1 2 7 3 10 4 6 8 5 
20180923517 5 9 4 1 6 8 10 3 7 2 
20180923518 5 10 9 1 7 6 8 2 3 4 
20180923519 4 2 8 1 3 9 7 10 5 6 
20180923520 9 1 5 3 6 2 10 8 4 7 
20180923521 9 1 6 4 7 3 5 8 2 10 
20180923522 5 8 9 10 2 6 3 4 1 7 
20180923523 8 9 2 1 5 7 6 4 3 10 
20180923524 1 10 8 6 7 5 9 2 3 4 
20180923525 2 8 10 3 4 7 5 9 6 1 
20180923526 5 3 10 2 7 4 9 6 1 8 
20180923527 6 1 2 9 5 4 10 3 7 8 
20180923528 6 8 9 7 1 10 2 3 5 4 
20180923529 3 10 9 5 2 1 7 6 8 4 
20180923530 1 8 4 5 7 10 9 3 6 2 
20180923531 10 1 5 3 6 8 9 7 2 4 
20180923532 7 5 3 8 4 10 1 9 6 2 
20180923533 7 2 1 10 9 6 4 3 8 5 
20180923534 1 5 8 2 10 4 7 3 9 6 
20180923535 9 3 6 5 2 7 4 1 10 8 
20180923536 7 9 1 3 8 5 4 2 10 6 
20180923537 3 7 2 1 8 5 4 6 9 10 
20180923538 10 7 2 5 6 1 3 9 4 8 
20180923539 6 3 8 10 1 4 7 9 2 5 
20180923540 6 3 4 7 9 1 5 2 10 8 
20180923541 5 9 2 3 6 10 4 8 7 1 
20180923542 5 4 1 6 2 3 7 8 9 10 
20180923543 4 5 7 10 2 3 8 9 1 6 
20180923544 7 6 5 4 8 10 1 2 9 3 
20180923545 9 3 4 1 8 5 10 2 6 7 
20180923546 7 1 2 6 5 8 10 4 9 3 
20180923547 9 8 7 10 2 5 6 3 1 4 
20180923548 2 4 8 10 1 6 3 9 7 5 
20180923549 6 1 9 3 4 2 10 7 5 8 
20180923550 9 2 7 3 1 4 10 5 6 8 
20180923551 2 8 9 4 6 10 1 3 5 7 
20180923552 9 10 3 1 5 8 4 7 6 2 
20180923553 4 6 9 3 1 10 8 7 2 5 
20180923554 3 7 8 1 10 6 9 5 2 4 
20180923555 9 1 6 4 8 10 3 7 5 2 
20180923556 7 2 3 5 1 10 4 9 6 8 
20180923557 10 1 4 9 3 7 6 8 5 2 
20180923558 9 5 1 10 2 8 6 3 4 7 
20180923559 7 8 6 9 5 2 3 1 10 4 
20180923560 1 3 5 6 10 8 7 9 2 4 
20180923561 2 7 9 5 10 3 8 4 1 6 
20180923562 10 8 5 3 7 4 6 2 9 1 
20180923563 8 9 3 1 6 4 10 2 5 7 
20180923564 7 2 8 5 1 10 6 4 9 3 
20180923565 9 2 3 1 10 7 5 6 4 8 
20180923566 4 7 6 3 10 1 9 8 5 2 
20180923567 3 5 2 6 4 8 10 9 1 7 
20180923568 4 10 6 9 8 3 5 2 7 1 
20180923569 5 10 1 6 3 7 4 9 8 2 
20180923570 3 6 10 4 1 2 8 9 7 5 
20180923571 4 5 10 1 9 3 6 8 7 2 
20180923572 5 6 7 2 8 1 3 9 10 4 
20180923573 9 4 8 1 10 2 6 7 5 3 
20180923574 8 4 1 9 3 10 6 5 2 7 
20180923575 4 3 10 8 1 9 5 6 2 7 
20180923576 5 6 8 2 1 9 4 7 3 10 
20180923577 5 4 7 8 9 10 1 2 6 3 
20180923578 2 1 6 7 9 4 8 10 5 3 
20180923579 2 4 6 9 3 1 5 10 8 7 
20180923580 5 10 8 6 1 3 9 2 4 7 
20180923581 9 3 1 8 6 2 4 7 10 5 
20180923582 9 4 8 10 1 6 5 7 3 2 
20180923583 9 3 5 7 8 1 6 4 10 2 
20180923584 5 9 8 7 2 6 1 10 4 3 
20180923585 8 6 5 3 7 4 9 1 2 10 
20180923586 4 6 5 10 8 3 9 2 7 1 
20180923587 3 10 7 4 5 1 6 8 2 9 
20180923588 6 5 2 8 7 1 4 10 3 9 
20180923589 4 8 10 3 2 7 5 9 6 1 
20180923590 2 4 1 10 5 6 9 3 7 8 
20180923591 8 7 6 1 2 10 9 4 5 3 
20180923592 7 5 8 6 1 3 9 2 10 4 
20180923593 9 8 2 1 10 3 6 5 7 4 
20180923594 6 10 5 7 3 2 1 8 9 4 
20180923595 6 8 5 10 2 9 4 7 3 1 
20180923596 10 2 3 7 8 4 9 6 1 5 
20180923597 1 2 3 6 9 4 5 8 7 10 
20180923598 9 3 2 6 7 5 4 8 1 10 
20180923599 4 3 7 10 9 5 1 6 8 2 
20180923600 2 7 1 8 5 3 4 6 9 10 
20180923601 9 5 1 10 2 8 7 6 3 4 
20180923602 6 8 10 1 3 5 2 7 9 4 
20180923603 2 10 5 3 4 9 6 8 1 7 
20180923604 3 9 4 2 10 1 6 5 8 7 
20180923605 2 5 1 6 8 4 7 3 9 10 
20180923606 6 3 5 1 2 4 10 8 9 7 
20180923607 1 7 10 2 6 5 8 4 9 3 
20180923608 8 1 6 4 7 3 2 9 5 10 
20180923609 7 2 8 4 10 1 6 5 9 3 
20180923610 4 8 1 3 2 7 5 10 6 9 
20180923611 9 1 10 3 2 5 4 6 8 7 
20180923612 6 4 8 10 2 3 1 7 9 5 
20180923613 10 6 2 7 9 1 5 8 4 3 
20180923614 4 2 1 5 10 6 3 8 7 9 
20180923615 10 3 6 4 9 5 8 2 1 7 
20180923616 5 10 1 2 6 9 7 3 4 8 
20180923617 5 8 7 4 3 6 1 2 9 10 
20180923618 5 4 7 10 6 1 8 2 9 3 
20180923619 8 3 4 5 6 7 10 2 9 1 
20180923620 6 8 7 9 4 3 5 2 1 10 
20180923621 10 3 8 2 6 7 9 5 4 1 
20180923622 5 9 2 6 10 4 3 7 1 8 
20180923623 6 8 2 10 5 9 3 7 1 4 
20180923624 9 7 6 5 4 1 10 8 3 2 
20180923625 6 8 10 5 7 2 9 3 1 4 
20180923626 3 6 4 1 10 7 8 2 9 5 
20180923627 6 1 8 9 3 4 2 7 5 10 
20180923628 6 3 10 7 1 2 5 9 4 8 
20180923629 4 1 8 2 9 7 5 10 3 6 
20180923630 1 7 6 5 4 3 9 8 2 10 
20180923631 7 1 6 4 5 8 10 2 9 3 
20180923632 5 2 9 8 7 3 1 10 6 4 
20180923633 9 8 6 5 7 2 10 3 1 4 
20180923634 9 7 8 6 2 1 10 4 3 5 
20180923635 5 3 10 9 7 2 8 6 4 1 
20180923636 8 9 4 6 7 1 10 3 5 2 
20180923637 8 5 7 9 10 2 3 6 4 1 
20180923638 8 9 7 6 10 1 5 4 3 2 
20180923639 5 2 10 7 9 6 3 8 4 1 
20180923640 8 6 9 7 5 1 2 3 4 10 
20180923641 8 7 2 5 9 3 1 10 4 6 
20180923642 10 3 9 6 7 2 1 8 4 5 
20180923643 9 10 4 6 7 1 3 2 8 5 
20180923644 6 9 3 1 10 8 5 4 7 2 
20180923645 8 4 10 7 3 9 2 6 1 5 
20180923646 9 4 7 10 3 2 6 1 5 8 
20180923647 9 8 7 3 5 2 4 6 10 1 
20180923648 6 4 1 5 2 9 3 10 8 7 
20180923649 2 1 3 7 5 6 4 10 9 8 
20180923650 8 5 9 2 7 6 3 1 4 10 
20180923651 5 8 10 2 7 6 3 4 9 1 
20180923652 9 2 5 1 6 7 3 4 8 10 
20180923653 10 2 9 3 5 1 8 4 7 6 
20180923654 10 5 4 9 6 1 2 3 8 7 
20180923655 7 5 10 6 1 9 3 2 4 8 
20180923656 5 1 10 8 6 3 7 4 2 9 
20180923657 3 9 1 4 7 6 8 10 2 5 
20180923658 1 10 6 5 4 9 8 7 2 3 
20180923659 6 3 8 1 9 4 5 7 10 2 
20180923660 10 6 8 3 7 9 5 1 4 2 
20180923661 2 7 3 6 8 10 1 4 5 9 
20180923662 7 10 4 5 2 8 3 9 6 1 
20180923663 3 1 8 2 10 7 4 5 9 6 
20180923664 8 2 4 1 7 6 10 5 9 3 
20180923665 2 4 1 10 6 9 7 5 8 3 
20180923666 5 3 10 4 9 8 1 7 2 6 
20180923667 1 8 6 5 3 4 2 7 10 9 
20180923668 5 3 1 4 7 8 9 6 10 2 
20180923669 3 2 6 10 1 5 7 9 8 4 
20180923670 4 7 6 3 2 10 5 1 8 9 
20180923671 2 6 3 10 7 4 5 9 1 8 
20180923672 7 10 9 1 3 2 8 6 4 5 
20180923673 2 10 4 3 8 1 7 6 9 5 
20180923674 2 1 10 5 4 6 3 7 9 8 
20180923675 5 10 3 8 9 4 1 7 6 2 
20180923676 5 2 3 4 1 9 8 10 6 7 
20180923677 1 2 4 10 6 9 5 8 3 7 
20180923678 3 6 10 7 5 1 8 4 9 2 
20180923679 2 8 9 3 4 6 1 7 10 5 
20180923680 6 10 1 8 4 7 2 3 5 9 
20180923681 9 4 3 1 10 2 8 7 5 6 
20180923682 10 9 3 7 1 4 8 2 6 5 
20180923683 6 2 4 8 5 9 1 10 7 3 
20180923684 10 9 7 2 3 8 1 4 5 6 
20180923685 2 8 4 3 1 7 6 10 5 9 
20180923686 10 6 1 4 3 2 7 8 9 5 
20180923687 4 8 10 1 7 5 2 9 3 6 
20180923688 4 6 1 2 3 9 8 7 10 5 
20180923689 7 4 6 9 1 8 5 3 10 2 
20180923690 2 1 5 3 6 10 4 7 8 9 
20180923691 7 9 1 2 8 5 3 4 6 10 
20180923692 9 10 3 2 6 8 7 4 1 5 
20180923693 5 10 2 8 1 6 7 4 3 9 
20180923694 6 9 8 3 7 1 4 10 5 2 
20180923695 6 2 7 8 3 10 1 9 4 5 
20180923696 8 9 7 5 4 3 10 1 2 6 
20180923697 2 8 1 3 5 7 6 10 4 9 
20180923698 6 10 8 4 3 5 9 1 2 7 
20180923699 8 2 4 9 5 7 3 6 10 1 
20180923700 3 2 8 10 6 4 5 9 7 1 
20180923701 7 9 2 5 8 3 4 6 1 10 
20180923702 1 8 5 10 3 9 7 6 2 4 
20180923703 6 5 4 10 9 1 2 8 7 3 
20180923704 10 8 2 7 4 6 9 3 5 1 
20180923705 2 6 7 10 4 1 8 5 3 9 
20180923706 8 9 4 5 6 10 1 2 3 7 
20180923707 3 9 6 5 4 1 10 8 2 7 
20180923708 9 8 3 4 2 6 5 7 10 1 
20180923709 10 8 7 2 6 5 3 9 1 4 
20180923710 5 9 10 7 3 4 1 8 6 2 
20180923711 7 9 1 2 4 8 5 3 10 6 
20180923712 4 8 5 6 3 10 7 1 2 9 
20180923713 9 6 2 1 4 3 5 8 7 10 
20180923714 6 9 8 7 2 4 5 1 3 10 
20180923715 6 10 5 3 7 1 9 4 2 8 
20180923716 6 7 3 1 5 10 4 2 8 9 
20180923717 8 3 6 9 1 10 2 7 5 4 
20180923718 8 7 4 3 5 10 9 6 1 2 
20180923719 6 1 4 7 3 9 8 5 10 2 
20180923720 7 6 1 5 10 8 2 3 9 4 
20180923721 1 8 10 5 3 6 2 7 4 9 
20180923722 10 8 2 1 5 6 9 4 3 7 
20180923723 5 8 2 3 10 4 9 6 7 1 
20180923724 9 8 1 3 7 4 5 2 6 10 
20180923725 6 10 3 7 2 8 4 9 5 1 
20180923726 1 10 8 3 7 9 2 5 6 4 
20180923727 8 6 10 7 5 4 3 1 9 2 
20180923728 4 7 1 8 5 3 9 2 10 6 
20180923729 8 5 7 1 4 3 10 9 2 6 
20180923730 9 2 3 7 10 6 4 8 5 1 
20180923731 4 6 10 5 8 1 3 7 9 2 
20180923732 8 10 6 1 9 5 2 7 3 4 
20180923733 7 1 4 9 10 8 3 2 5 6 
20180923734 5 2 6 9 3 1 7 10 4 8 
20180923735 3 1 8 5 6 9 2 7 4 10 
20180923736 1 2 10 5 3 9 7 6 8 4 
20180923737 7 8 6 10 2 4 3 5 1 9 
20180923738 3 4 5 6 9 1 8 2 7 10 
20180923739 6 7 4 1 2 10 8 5 3 9 
20180923740 3 6 9 5 2 7 4 8 10 1 
20180923741 3 5 6 7 1 8 10 9 2 4 
20180923742 4 3 6 1 7 9 8 2 10 5 
20180923743 5 4 3 2 6 1 7 9 8 10 
20180923744 8 7 10 1 3 6 4 2 5 9 
20180923745 9 5 1 7 10 4 8 6 3 2 
20180923746 4 5 3 2 6 9 8 10 7 1 
20180923747 2 10 4 3 6 5 9 8 1 7 
20180923748 3 10 5 8 9 4 7 1 2 6 
20180923749 9 2 1 4 10 3 8 5 7 6 
20180923750 3 9 7 4 10 6 8 2 5 1 
20180923751 5 6 9 10 8 3 1 4 7 2 
20180923752 2 6 8 3 4 7 1 10 9 5 
20180923753 5 8 1 9 3 7 4 6 2 10 
20180923754 8 2 6 1 9 3 5 4 7 10 
20180923755 1 4 2 7 3 6 9 8 5 10 
20180923756 7 1 6 4 9 10 2 5 8 3 
20180923757 2 3 1 4 9 8 6 7 5 10 
20180923758 5 9 10 7 8 3 2 1 4 6 
20180923759 2 1 5 8 3 10 6 7 9 4 
20180923760 4 9 10 8 2 7 1 5 3 6 
20180923761 4 3 2 1 5 9 8 10 7 6 
20180923762 6 10 8 9 1 5 4 2 7 3 
20180923763 5 2 6 9 3 8 7 1 4 10 
20180923764 7 5 1 4 10 3 9 2 8 6 
20180923765 1 9 8 5 6 10 4 3 2 7 
20180923766 5 8 7 4 1 10 9 3 6 2 
20180923767 8 5 3 6 1 7 4 10 2 9 
20180923768 6 1 5 4 7 8 2 3 10 9 
20180923769 7 8 9 5 3 6 1 2 10 4 
20180923770 6 7 1 3 9 10 8 2 4 5 
20180923771 6 9 5 8 7 4 3 10 1 2 
20180923772 10 4 3 2 5 8 1 9 7 6 
20180923773 8 7 10 5 9 3 1 4 6 2 
20180923774 2 6 5 7 3 9 10 8 4 1 
20180923775 9 5 10 1 8 4 6 2 7 3 
20180923776 10 3 8 2 4 6 9 5 1 7 
20180923777 5 9 8 6 2 10 4 3 7 1 
20180923778 7 4 10 1 5 9 2 3 8 6 
20180923779 3 9 1 4 6 8 10 7 2 5 
20180923780 1 7 8 5 3 4 6 2 9 10 
20180923781 6 9 1 5 7 10 4 2 3 8 
20180923782 5 1 6 3 9 7 10 4 8 2 
20180923783 2 1 10 7 8 4 6 3 9 5 
20180923784 3 8 6 4 2 5 10 9 7 1 
20180923785 1 3 9 6 10 7 2 8 5 4 
20180923786 7 2 1 3 10 6 9 5 4 8 
20180923787 5 7 2 9 8 1 3 10 4 6 
20180923788 3 1 5 7 9 8 6 10 4 2 
20180923789 5 3 2 9 1 4 7 8 6 10 
20180923790 4 2 1 7 8 10 5 3 6 9 
20180923791 3 7 1 5 2 6 8 9 4 10 
20180923792 5 10 3 6 9 7 8 1 2 4 
20180923793 5 10 6 3 4 9 7 2 8 1 
20180923794 3 10 8 2 6 1 7 9 5 4 
20180923795 9 4 6 1 10 7 8 2 3 5 
20180923796 1 6 7 5 10 3 2 9 4 8 
20180923797 3 6 7 4 8 5 9 2 1 10 
20180923798 7 3 10 2 5 6 9 8 1 4 
20180923799 2 6 9 10 4 8 7 3 5 1 
20180923800 3 4 6 7 8 10 2 5 1 9 
20180923801 1 9 4 6 8 7 3 2 5 10 
20180923802 1 3 8 6 5 2 9 7 4 10 
20180923803 3 9 10 2 5 7 4 8 6 1 
20180923804 7 6 5 3 1 9 4 2 10 8 
20180923805 7 10 2 4 8 3 5 1 6 9 
20180923806 6 10 1 9 2 3 5 7 4 8 
20180923807 2 4 9 3 8 6 10 1 5 7 
20180923808 2 6 1 8 3 9 10 7 5 4 
20180923809 8 2 5 6 1 4 9 7 3 10 
20180923810 3 10 8 4 6 9 5 1 2 7 
20180923811 10 3 5 4 9 6 2 1 7 8 
20180923812 10 3 5 4 7 2 6 1 9 8 
20180923813 5 10 6 1 2 9 8 3 7 4 
20180923814 6 2 4 1 10 5 8 9 3 7 
20180923815 3 10 4 9 5 6 1 7 8 2 
20180923816 6 7 1 4 8 9 2 10 5 3 
20180923817 7 9 3 8 5 10 1 6 2 4 
20180923818 6 8 7 9 4 2 3 5 1 10 
20180923819 1 2 5 8 9 3 6 7 10 4 
20180923820 3 4 1 2 5 6 8 10 7 9 
20180923821 5 1 8 7 2 6 4 9 3 10 
20180923822 8 10 2 1 9 3 6 4 5 7 
20180923823 10 3 2 6 1 5 9 7 8 4 
20180923824 8 3 10 1 6 9 2 4 5 7 
20180923825 7 1 6 4 8 5 3 2 10 9 
20180923826 5 9 6 1 8 7 2 10 3 4 
20180923827 4 9 1 3 8 5 10 2 6 7 
20180923828 6 4 2 9 5 8 3 10 7 1 
20180923829 5 3 7 8 1 6 10 4 2 9 
20180923830 6 2 1 7 8 5 4 3 10 9 
20180923831 9 10 7 4 1 8 5 2 6 3 
20180923832 9 10 3 2 7 1 4 6 8 5 
20180923833 5 10 1 8 4 9 6 2 3 7 
20180923834 1 3 9 10 4 8 2 7 6 5 
20180923835 5 1 6 4 2 7 3 10 9 8 
20180923836 5 2 3 10 6 9 7 1 4 8 
20180923837 10 4 9 5 7 1 2 8 3 6 
20180923838 8 5 6 4 9 2 3 10 7 1 
20180923839 1 2 3 4 8 7 10 9 6 5 
20180923840 5 2 8 10 7 1 4 6 3 9 
20180923841 3 5 6 1 9 10 2 4 7 8 
20180923842 1 10 3 5 8 9 6 4 7 2 
20180923843 5 6 7 4 10 1 8 9 2 3 
20180923844 10 5 7 4 6 9 2 8 1 3 
20180923845 1 7 3 2 5 8 9 6 10 4 
20180923846 9 10 3 6 5 2 8 7 1 4 
20180923847 8 6 3 1 9 2 10 4 7 5 
20180923848 8 10 5 6 2 9 1 7 4 3 
20180923849 7 2 9 6 3 4 1 10 8 5 
20180923850 7 9 3 6 8 10 1 4 5 2 
20180923851 8 10 7 2 9 3 4 1 6 5 
20180923852 3 9 6 2 8 1 10 7 4 5 
20180923853 3 7 6 4 1 9 8 10 2 5 
20180923854 6 2 1 8 9 5 3 10 7 4 
20180923855 8 10 4 6 2 9 5 7 1 3 
20180923856 8 4 1 10 9 7 5 2 3 6 
20180923857 1 4 2 9 3 6 10 5 8 7 
20180923858 10 8 3 2 5 9 4 7 6 1 
20180923859 7 3 10 9 2 4 6 8 1 5 
20180923860 7 3 1 9 10 5 2 6 4 8 
20180923861 8 10 1 6 2 5 3 4 7 9 
20180923862 6 4 7 9 2 1 8 5 10 3 
20180923863 5 4 6 8 7 1 9 3 10 2 
20180923864 8 4 2 10 5 7 1 3 6 9 
20180923865 6 9 4 10 7 2 8 5 1 3 
20180923866 7 2 8 3 10 4 6 9 1 5 
20180923867 5 7 10 4 1 3 9 6 2 8 
20180923868 3 8 6 10 9 1 2 4 7 5 
20180923869 2 1 3 5 8 7 4 9 10 6 
20180923870 8 6 9 4 10 1 7 2 5 3 
20180923871 1 5 6 9 2 10 8 3 7 4 
20180923872 6 10 3 2 1 5 4 9 7 8 
20180923873 2 9 5 8 1 3 4 7 10 6 
20180923874 5 3 6 1 10 4 2 7 9 8 
20180923875 8 5 10 4 9 2 1 3 7 6 
20180923876 3 9 1 5 6 2 10 7 8 4 
20180923877 8 6 9 1 7 10 2 3 4 5 
20180923878 10 7 9 1 5 8 6 3 4 2 
20180923879 2 9 5 10 3 4 7 6 1 8 
20180923880 7 9 4 8 6 5 2 1 3 10 
20180923881 8 4 9 10 1 6 3 2 7 5 
20180923882 3 8 2 4 7 6 5 10 9 1 
20180923883 5 2 6 1 3 7 9 8 10 4 
20180923884 10 3 4 2 7 6 8 9 1 5 
20180923885 6 3 7 2 8 4 1 5 9 10 
20180923886 10 2 4 9 1 8 6 3 5 7 
20180923887 2 7 8 1 4 6 5 10 9 3 
20180923888 4 8 3 1 7 5 9 10 6 2 
20180923889 3 10 7 9 2 6 8 1 4 5 
20180923890 6 4 1 2 9 7 3 5 10 8 
20180923891 4 1 7 2 5 3 9 6 10 8 
20180923892 4 2 6 10 3 5 7 8 1 9 
20180923893 10 9 7 4 8 1 6 3 5 2 
20180923894 10 4 8 7 6 2 9 5 3 1 
20180923895 6 9 4 5 7 1 8 10 2 3 
20180923896 1 5 2 8 9 7 4 3 10 6 
20180923897 2 8 6 5 4 9 3 10 1 7 
20180923898 8 5 2 7 6 9 1 10 4 3 
20180923899 6 4 2 10 3 9 5 7 1 8 
20180923900 5 10 4 8 6 7 3 2 1 9 
20180923901 5 9 8 6 3 1 7 2 10 4 
20180923902 10 7 2 6 8 1 4 5 3 9 
20180923903 2 6 7 8 3 5 10 4 1 9 
20180923904 3 10 1 9 7 4 6 8 2 5 
20180923905 10 6 3 9 5 4 7 1 8 2 
20180923906 9 10 6 2 7 8 5 3 1 4 
20180923907 8 1 10 4 7 9 5 6 3 2 
20180923908 3 7 1 2 10 9 5 6 4 8 
20180923909 7 3 4 2 6 1 5 8 9 10 
20180923910 8 4 3 1 9 7 6 2 10 5 
20180923911 5 3 6 2 7 9 4 1 8 10 
20180923912 2 9 5 6 7 10 1 8 4 3 
20180923913 7 5 9 3 10 4 8 6 1 2 
20180923914 2 9 3 8 6 5 1 10 4 7 
20180923915 10 1 2 3 5 9 8 4 7 6 
20180923916 1 8 10 3 2 6 7 4 9 5 
20180923917 10 2 8 7 6 9 4 3 5 1 
20180923918 2 4 8 1 9 10 3 7 5 6 
20180923919 9 1 3 10 2 7 6 8 5 4 
20180923920 4 6 7 3 2 1 9 5 8 10 
20180923921 8 5 4 1 10 7 9 6 2 3 
20180923922 9 6 5 4 7 10 3 1 2 8 
20180923923 3 1 9 2 4 10 5 7 8 6 
20180923924 2 6 7 8 4 9 10 3 1 5 
20180923925 8 4 10 7 3 1 9 2 6 5 
20180923926 5 3 10 7 1 4 8 2 9 6 
20180923927 3 5 10 1 7 8 9 6 2 4 
20180923928 2 5 6 1 10 9 4 3 8 7 
20180923929 5 8 7 2 1 9 6 10 4 3 
20180923930 9 2 1 4 8 10 6 3 5 7 
20180923931 6 10 5 8 2 3 1 4 7 9 
20180923932 9 2 5 3 7 1 10 6 4 8 
20180923933 6 3 9 4 7 1 10 8 5 2 
20180923934 10 5 7 9 4 3 2 1 8 6 
20180923935 1 8 5 7 4 9 6 10 2 3 
20180923936 4 10 3 5 2 7 1 8 6 9 
20180923937 6 3 9 1 10 8 5 2 4 7 
20180923938 8 2 4 5 9 6 1 3 7 10 
20180923939 8 9 4 3 7 6 10 2 5 1 
20180923940 5 10 1 2 3 6 9 8 4 7 
20180923941 1 9 7 3 4 10 2 8 6 5 
20180923942 4 7 9 10 8 1 3 5 6 2 
20180923943 10 3 9 6 8 1 7 4 5 2 
20180923944 2 4 6 9 10 3 1 8 7 5 
20180923945 6 8 10 5 1 2 3 4 9 7 
20180923946 6 10 9 5 2 8 4 3 7 1 
20180923947 7 4 2 10 9 3 5 6 1 8 
20180923948 6 10 8 4 9 5 7 1 2 3 
20180923949 1 2 6 9 5 10 8 4 3 7 
20180923950 6 3 1 9 5 10 2 4 7 8 
20180923951 10 9 5 2 4 1 7 8 6 3 
20180923952 7 3 2 8 5 9 1 10 6 4 
20180923953 2 3 9 10 6 5 8 1 7 4 
20180923954 2 6 1 3 8 10 7 9 5 4 
20180923955 1 3 5 2 4 6 8 7 10 9 
20180923956 8 4 6 1 2 3 7 10 9 5 
20180923957 1 5 10 4 6 7 2 8 3 9 
20180923958 9 4 6 1 8 2 10 3 7 5 
20180923959 3 8 10 6 9 5 1 4 2 7 
20180923960 2 6 3 7 1 8 5 9 10 4 
20180923961 6 10 2 3 8 9 5 4 7 1 
20180923962 7 4 2 5 3 10 8 1 9 6 
20180923963 5 8 2 9 7 10 1 3 6 4 
20180923964 10 5 2 9 1 6 3 4 8 7 
20180923965 7 10 2 5 1 4 6 8 9 3 
20180923966 9 1 6 10 8 7 3 2 5 4 
20180923967 6 5 4 3 2 1 9 10 8 7 
20180923968 9 1 6 8 5 10 4 2 7 3 
20180923969 5 2 9 8 7 6 4 3 1 10 
20180923970 10 2 5 7 4 3 6 8 9 1 
20180923971 6 7 9 1 10 5 3 4 2 8 
20180923972 3 1 6 7 10 9 5 2 8 4 
20180923973 7 5 4 9 2 10 6 1 3 8 
20180923974 10 3 7 1 4 5 9 8 2 6 
20180923975 2 7 6 9 1 8 10 4 3 5 
20180923976 7 2 6 3 9 4 5 8 10 1 
20180923977 9 1 5 2 6 8 10 3 7 4 
20180923978 5 7 8 10 6 4 1 2 9 3 
20180923979 7 8 10 1 4 2 5 3 9 6 
20180923980 4 9 1 6 5 2 10 7 8 3 
20180923981 1 4 9 8 3 6 10 2 7 5 
20180923982 7 1 9 4 6 10 2 5 8 3 
20180923983 6 5 1 3 4 10 2 8 9 7 
20180923984 3 2 8 4 6 5 7 10 1 9 
20180923985 4 7 2 9 1 3 8 6 10 5 
