20180904002 6 3 4 1 7 10 2 8 5 9 
20180904003 9 5 2 7 1 3 4 6 8 10 
20180904004 6 9 10 3 4 1 7 2 5 8 
20180904005 3 6 10 4 7 2 9 5 8 1 
20180904006 7 4 1 8 10 9 5 6 3 2 
20180904007 8 6 5 4 2 10 1 9 3 7 
20180904008 2 7 4 8 9 3 1 10 5 6 
20180904009 3 4 7 9 6 1 10 5 8 2 
20180904010 2 1 6 7 9 8 5 10 4 3 
20180904011 8 3 4 10 7 6 9 5 1 2 
20180904012 7 3 10 8 2 5 4 1 6 9 
20180904013 2 3 9 8 1 10 7 4 6 5 
20180904014 5 8 7 6 10 4 1 3 9 2 
20180904015 8 10 3 7 2 4 1 6 9 5 
20180904016 5 8 1 4 9 2 10 7 3 6 
20180904017 5 3 6 2 9 8 7 4 1 10 
20180904018 8 1 6 10 4 3 7 5 9 2 
20180904019 6 4 3 8 2 9 5 1 7 10 
20180904020 4 1 10 6 3 9 2 5 7 8 
20180904021 8 2 3 4 1 6 9 5 7 10 
20180904022 4 6 8 1 5 10 9 7 3 2 
20180904023 1 6 2 7 9 8 10 4 3 5 
20180904024 3 6 4 1 10 8 7 9 5 2 
20180904025 7 6 1 5 3 8 10 2 9 4 
20180904026 3 2 10 6 7 4 8 5 1 9 
20180904027 10 2 1 5 7 8 6 9 4 3 
20180904028 6 2 4 3 7 9 1 5 8 10 
20180904029 4 2 8 3 1 5 10 9 6 7 
20180904030 2 8 5 10 3 7 6 1 4 9 
20180904031 6 10 3 4 9 1 2 7 5 8 
20180904032 3 9 10 2 6 8 5 1 4 7 
20180904033 7 4 8 6 2 5 3 9 1 10 
20180904034 1 10 5 8 4 7 6 2 9 3 
20180904035 6 1 7 5 8 3 4 2 10 9 
20180904036 1 7 9 10 5 3 4 6 8 2 
20180904037 3 1 10 8 9 5 4 7 6 2 
20180904038 4 5 10 6 8 7 9 3 2 1 
20180904039 1 3 5 6 4 8 9 7 2 10 
20180904040 4 6 7 3 8 9 1 5 10 2 
20180904041 3 7 6 5 2 4 10 1 8 9 
20180904042 2 9 8 5 6 7 4 1 3 10 
20180904043 7 6 4 10 2 8 3 1 9 5 
20180904044 10 9 5 6 4 2 1 7 3 8 
20180904045 10 1 9 5 2 4 8 7 3 6 
20180904046 6 7 9 1 2 10 5 8 4 3 
20180904047 9 6 8 7 10 5 2 1 3 4 
20180904048 6 8 2 4 3 1 7 10 9 5 
20180904049 7 2 3 10 8 4 5 6 1 9 
20180904050 4 1 6 8 3 2 5 10 7 9 
20180904051 1 8 2 9 6 3 7 4 10 5 
20180904052 8 4 5 9 3 7 2 1 6 10 
20180904053 5 2 6 7 9 10 4 8 1 3 
20180904054 1 7 10 6 2 8 5 3 4 9 
20180904055 6 3 9 10 5 1 7 2 8 4 
20180904056 6 10 3 1 4 9 5 7 2 8 
20180904057 2 6 9 10 4 7 1 5 3 8 
20180904058 7 9 3 1 8 5 4 10 6 2 
20180904059 10 9 5 7 8 2 4 1 3 6 
20180904060 5 10 4 2 9 7 3 6 1 8 
20180904061 8 9 4 2 7 5 10 6 1 3 
20180904062 9 5 8 2 10 7 1 3 4 6 
20180904063 1 5 4 2 10 6 9 8 3 7 
20180904064 6 3 1 9 4 5 10 2 7 8 
20180904065 6 10 2 4 9 1 5 8 3 7 
20180904066 2 4 8 7 9 5 10 1 3 6 
20180904067 9 5 4 6 3 7 8 1 10 2 
20180904068 1 3 2 7 9 5 6 8 10 4 
20180904069 7 2 9 4 6 3 1 5 8 10 
20180904070 9 1 4 6 3 10 8 7 5 2 
20180904071 4 9 3 10 1 8 7 6 5 2 
20180904072 8 9 6 4 10 7 1 5 3 2 
20180904073 1 3 6 5 2 9 4 10 7 8 
20180904074 2 9 5 10 1 3 4 7 6 8 
20180904075 1 7 3 9 10 5 8 6 4 2 
20180904076 2 3 4 1 9 8 6 5 7 10 
20180904077 1 10 7 6 8 9 3 5 2 4 
20180904078 6 2 1 4 9 10 3 5 7 8 
20180904079 3 6 1 5 2 4 9 7 10 8 
20180904080 4 8 2 6 7 3 9 1 10 5 
20180904081 10 3 4 7 5 1 9 8 2 6 
20180904082 4 1 10 5 8 2 6 3 7 9 
20180904083 8 2 6 7 5 9 3 10 4 1 
20180904084 3 2 5 9 4 6 1 10 7 8 
20180904085 5 6 4 3 10 8 2 9 1 7 
20180904086 5 8 1 6 10 7 9 3 4 2 
20180904087 2 5 10 8 3 4 9 7 6 1 
20180904088 9 7 10 4 2 5 6 8 1 3 
20180904089 10 3 1 4 5 9 2 7 8 6 
20180904090 3 4 6 8 10 9 1 5 2 7 
20180904091 8 1 10 4 7 2 9 3 6 5 
20180904092 9 1 4 8 10 6 2 3 7 5 
20180904093 1 3 8 5 9 10 4 7 6 2 
20180904094 4 10 6 8 1 7 5 9 2 3 
20180904095 6 5 1 9 4 10 7 3 2 8 
20180904096 4 2 3 8 9 1 5 10 6 7 
20180904097 5 1 2 10 4 6 9 7 8 3 
20180904098 8 9 7 3 6 10 2 4 1 5 
20180904099 10 2 1 8 5 4 9 6 7 3 
20180904100 10 9 1 2 3 8 4 5 6 7 
20180904101 9 3 4 10 8 6 2 7 5 1 
20180904102 1 7 8 5 4 6 2 3 9 10 
20180904103 6 7 4 5 9 8 3 1 2 10 
20180904104 3 10 5 8 9 7 6 2 1 4 
20180904105 1 6 9 3 8 10 5 7 4 2 
20180904106 3 4 6 2 8 1 7 5 9 10 
20180904107 3 9 7 1 4 10 5 8 2 6 
20180904108 2 3 8 7 1 9 4 10 5 6 
20180904109 6 5 10 2 8 4 7 3 9 1 
20180904110 3 7 1 10 4 8 5 9 6 2 
20180904111 6 7 3 2 8 9 5 1 4 10 
20180904112 1 7 10 5 8 3 6 9 2 4 
20180904113 3 9 2 6 10 7 1 5 4 8 
20180904114 7 2 8 9 4 3 10 1 6 5 
20180904115 4 8 10 1 7 5 9 2 6 3 
20180904116 7 2 6 5 1 8 9 4 10 3 
20180904117 3 10 7 5 6 1 4 9 2 8 
20180904118 8 2 6 7 4 1 10 9 5 3 
20180904119 6 5 10 9 1 8 4 7 2 3 
20180904120 5 8 4 3 10 2 6 9 7 1 
20180904121 5 9 7 10 4 1 8 3 6 2 
20180904122 1 8 6 9 7 4 5 10 3 2 
20180904123 8 3 9 5 6 10 7 4 2 1 
20180904124 3 6 9 8 1 5 2 7 10 4 
20180904125 1 10 3 6 2 8 7 4 5 9 
20180904126 9 10 2 8 6 7 4 1 3 5 
20180904127 1 8 9 7 4 10 3 2 5 6 
20180904128 3 4 8 2 10 7 6 5 9 1 
20180904129 10 4 9 5 7 8 1 6 2 3 
20180904130 10 1 5 7 6 8 4 3 9 2 
20180904131 1 9 5 7 6 2 10 8 4 3 
20180904132 2 3 1 7 4 9 6 5 10 8 
20180904133 8 3 5 7 6 10 2 1 9 4 
20180904134 4 9 8 10 3 7 5 1 6 2 
20180904135 9 5 1 4 10 2 7 3 6 8 
20180904136 3 5 1 10 4 9 7 6 8 2 
20180904137 9 6 8 7 4 10 3 5 2 1 
20180904138 7 3 2 6 8 5 9 10 1 4 
20180904139 8 3 10 4 5 2 7 9 6 1 
20180904140 6 4 1 3 5 10 8 2 7 9 
20180904141 10 8 3 6 7 2 1 9 4 5 
20180904142 1 8 9 7 3 4 5 10 6 2 
20180904143 8 3 5 2 7 4 1 9 6 10 
20180904144 8 1 6 4 3 7 5 10 2 9 
20180904145 4 3 9 2 7 8 5 10 6 1 
20180904146 10 5 9 4 8 6 2 3 1 7 
20180904147 1 7 5 9 10 2 4 3 8 6 
20180904148 7 9 2 4 10 6 8 1 5 3 
20180904149 4 7 10 6 9 3 1 2 8 5 
20180904150 9 10 6 3 1 7 4 5 8 2 
20180904151 5 9 6 4 2 10 1 7 3 8 
20180904152 7 2 3 8 10 4 1 9 5 6 
20180904153 4 2 5 10 9 6 3 7 8 1 
20180904154 8 1 3 5 4 2 10 7 9 6 
20180904155 8 6 9 1 4 2 3 5 10 7 
20180904156 8 7 4 10 3 2 5 9 1 6 
20180904157 10 1 8 4 5 9 3 6 7 2 
20180904158 2 8 7 1 10 4 3 9 5 6 
20180904159 2 1 7 4 3 8 10 6 5 9 
20180904160 4 10 6 5 9 8 7 1 2 3 
20180904161 9 4 2 10 7 1 6 3 8 5 
20180904162 7 8 3 4 6 9 2 1 5 10 
20180904163 1 7 3 8 4 5 9 2 6 10 
20180904164 2 3 6 10 5 7 4 8 1 9 
20180904165 4 8 3 5 7 1 10 2 9 6 
20180904166 3 5 8 4 2 7 9 6 1 10 
20180904167 2 4 5 6 3 7 9 1 8 10 
20180904168 3 6 4 8 5 1 9 7 2 10 
20180904169 7 3 10 6 2 8 9 5 1 4 
20180904170 10 5 6 7 1 9 8 2 3 4 
20180904171 8 3 6 5 7 4 1 10 2 9 
20180904172 4 7 1 2 8 6 10 9 5 3 
20180904173 3 2 10 5 4 9 1 7 6 8 
20180904174 3 6 2 8 9 4 5 1 7 10 
20180904175 7 3 1 8 2 4 9 5 10 6 
20180904176 9 8 6 1 2 3 10 5 7 4 
20180904177 6 8 5 2 1 9 3 7 10 4 
20180904178 2 9 7 8 10 4 3 5 6 1 
20180904179 6 7 10 4 5 9 1 2 3 8 
20180904180 5 10 2 1 3 6 4 9 8 7 
20180904181 3 7 6 5 1 8 9 4 10 2 
20180904182 2 4 8 3 9 7 10 1 5 6 
20180904183 6 2 5 4 9 1 10 3 7 8 
20180904184 1 3 8 6 9 2 5 4 7 10 
20180904185 6 10 1 5 8 3 2 9 4 7 
20180904186 4 6 1 10 7 5 8 3 2 9 
20180904187 3 7 2 6 8 5 4 9 10 1 
20180904188 7 3 4 9 1 5 2 6 10 8 
20180904189 7 5 8 4 3 6 10 9 2 1 
20180904190 10 6 2 7 1 9 3 8 5 4 
20180904191 4 8 7 10 2 6 5 3 1 9 
20180904192 7 8 4 9 2 1 5 3 10 6 
20180904193 2 3 10 4 7 8 6 1 5 9 
20180904194 8 1 4 9 6 5 2 10 7 3 
20180904195 9 8 4 6 10 2 1 3 7 5 
20180904196 6 8 7 1 9 5 3 4 10 2 
20180904197 5 9 4 1 3 10 8 6 2 7 
20180904198 2 9 3 7 1 10 4 8 6 5 
20180904199 1 9 8 3 10 7 5 4 6 2 
20180904200 6 5 1 3 4 10 2 7 9 8 
20180904201 9 7 8 1 6 5 10 2 4 3 
20180904202 8 5 10 1 4 3 9 6 2 7 
20180904203 6 4 1 9 3 7 10 5 2 8 
20180904204 2 1 9 4 8 6 5 7 3 10 
20180904205 8 10 2 9 7 3 4 5 1 6 
20180904206 7 1 2 10 4 8 3 6 9 5 
20180904207 8 6 2 3 7 5 10 4 1 9 
20180904208 4 3 2 8 1 10 5 7 6 9 
20180904209 5 10 4 6 8 2 3 7 1 9 
20180904210 9 2 5 4 1 6 3 10 7 8 
20180904211 8 7 3 5 6 2 1 10 4 9 
20180904212 3 8 1 6 2 9 5 4 7 10 
20180904213 6 5 7 10 9 1 8 3 4 2 
20180904214 8 10 3 6 2 1 7 9 5 4 
20180904215 4 8 7 2 3 1 5 9 10 6 
20180904216 4 9 8 5 1 2 7 6 10 3 
20180904217 7 4 9 8 10 1 2 6 3 5 
20180904218 6 8 1 3 7 10 4 9 2 5 
20180904219 9 8 10 1 2 5 4 6 7 3 
20180904220 1 10 2 5 3 7 4 9 8 6 
20180904221 1 4 6 7 3 9 10 8 5 2 
20180904222 4 5 10 3 6 7 1 2 9 8 
20180904223 8 10 1 3 4 7 9 6 2 5 
20180904224 9 8 4 2 5 7 1 3 10 6 
20180904225 7 5 2 1 8 6 9 4 10 3 
20180904226 10 7 5 6 2 1 4 9 8 3 
20180904227 6 9 8 3 2 4 1 7 5 10 
20180904228 7 9 6 5 4 3 1 2 8 10 
20180904229 2 4 5 7 1 6 9 8 3 10 
20180904230 6 10 4 5 1 2 3 8 9 7 
20180904231 1 7 2 5 6 8 9 10 3 4 
20180904232 2 3 6 1 4 7 9 5 8 10 
20180904233 10 3 9 7 6 5 2 8 4 1 
20180904234 3 9 10 7 2 5 1 4 8 6 
20180904235 4 7 5 2 10 1 6 8 9 3 
20180904236 6 7 5 10 2 1 8 3 9 4 
20180904237 10 4 3 2 5 1 8 9 7 6 
20180904238 1 5 7 8 9 6 3 4 2 10 
20180904239 4 3 7 10 8 2 5 9 6 1 
20180904240 8 2 3 6 4 1 5 7 10 9 
20180904241 4 3 1 6 8 9 2 10 5 7 
20180904242 2 8 9 5 4 3 10 6 7 1 
20180904243 1 2 7 9 3 8 10 6 4 5 
20180904244 10 4 6 3 8 9 5 7 2 1 
20180904245 3 7 10 8 1 6 4 5 9 2 
20180904246 9 8 7 3 5 1 2 4 6 10 
20180904247 2 10 8 4 9 6 5 7 3 1 
20180904248 9 3 1 10 4 7 6 8 2 5 
20180904249 1 10 4 9 2 5 8 6 7 3 
20180904250 5 8 4 6 2 7 9 10 1 3 
20180904251 5 9 4 1 2 10 3 8 7 6 
20180904252 9 10 5 3 6 4 2 1 7 8 
20180904253 3 10 8 7 2 4 6 5 9 1 
20180904254 6 1 4 5 9 8 3 7 10 2 
20180904255 5 1 7 10 3 8 4 9 2 6 
20180904256 4 7 5 3 2 6 1 8 10 9 
20180904257 7 6 8 5 9 3 4 10 1 2 
20180904258 6 4 7 9 1 10 2 5 8 3 
20180904259 10 8 5 4 9 6 3 1 7 2 
20180904260 3 4 6 7 9 5 2 1 10 8 
20180904261 3 4 2 8 5 6 10 1 7 9 
20180904262 4 8 2 3 10 7 5 9 1 6 
20180904263 7 1 8 2 6 4 10 3 9 5 
20180904264 7 9 6 2 3 5 4 1 10 8 
20180904265 2 10 6 5 7 8 3 4 1 9 
20180904266 4 1 8 9 3 2 6 10 5 7 
20180904267 10 7 2 9 4 1 8 3 6 5 
20180904268 7 8 3 10 1 5 2 9 4 6 
20180904269 3 10 8 4 1 5 2 9 6 7 
20180904270 9 2 4 1 3 8 10 7 6 5 
20180904271 8 10 4 3 1 5 6 7 2 9 
20180904272 4 6 10 9 5 3 2 8 1 7 
20180904273 1 6 3 4 7 10 2 8 9 5 
20180904274 10 9 7 2 1 8 4 5 6 3 
20180904275 2 9 7 6 3 4 10 1 5 8 
20180904276 4 3 2 6 9 1 8 10 7 5 
20180904277 6 8 7 2 1 4 10 5 3 9 
20180904278 4 5 6 1 7 10 2 8 3 9 
20180904279 6 2 9 8 7 5 1 3 4 10 
20180904280 9 2 5 7 1 8 3 6 10 4 
20180904281 7 10 9 6 2 5 3 4 1 8 
20180904282 2 5 8 9 7 4 6 10 3 1 
20180904283 9 3 6 5 8 1 4 7 2 10 
20180904284 4 2 10 7 3 6 1 5 9 8 
20180904285 10 3 4 2 9 1 8 5 7 6 
20180904286 7 1 9 5 8 2 3 10 6 4 
20180904287 10 1 6 5 2 8 7 9 4 3 
20180904288 1 9 3 2 6 4 7 8 10 5 
20180904289 2 7 4 3 5 9 1 10 8 6 
20180904290 1 5 4 2 9 7 3 6 8 10 
20180904291 2 4 9 3 8 7 1 6 10 5 
20180904292 10 2 1 3 4 6 9 7 8 5 
20180904293 10 6 9 3 1 7 4 5 2 8 
20180904294 2 6 9 8 10 4 3 1 7 5 
20180904295 3 6 4 8 7 1 10 5 2 9 
20180904296 8 1 5 10 2 6 3 9 7 4 
20180904297 4 10 5 9 6 1 3 2 7 8 
20180904298 5 3 2 6 10 7 1 8 9 4 
20180904299 4 1 9 8 7 10 2 5 3 6 
20180904300 5 9 1 7 6 2 3 8 4 10 
20180904301 4 7 1 2 5 9 8 6 3 10 
20180904302 3 6 2 4 7 9 8 10 1 5 
20180904303 3 5 8 1 10 4 7 2 6 9 
20180904304 9 1 4 2 6 7 8 5 3 10 
20180904305 5 6 1 9 7 3 8 10 4 2 
20180904306 7 2 5 8 1 3 10 4 9 6 
20180904307 9 3 1 7 2 5 10 4 8 6 
20180904308 8 7 3 9 6 4 5 1 10 2 
20180904309 4 5 2 9 10 6 3 8 1 7 
20180904310 1 8 2 9 3 5 10 6 7 4 
20180904311 6 1 4 2 10 3 5 9 8 7 
20180904312 1 9 10 5 7 6 3 4 2 8 
20180904313 3 2 7 8 6 5 9 1 10 4 
20180904314 8 3 2 4 7 5 10 9 6 1 
20180904315 5 1 10 2 9 8 6 4 7 3 
20180904316 6 9 1 8 10 2 7 5 3 4 
20180904317 6 8 3 2 10 7 5 9 4 1 
20180904318 6 1 7 4 8 9 10 2 3 5 
20180904319 1 9 2 8 10 5 4 3 6 7 
20180904320 6 1 4 10 2 8 7 9 3 5 
20180904321 3 2 1 4 5 9 8 7 6 10 
20180904322 2 6 3 10 8 7 5 1 4 9 
20180904323 9 8 4 1 5 7 3 2 6 10 
20180904324 5 2 4 9 8 7 6 10 3 1 
20180904325 4 2 9 1 7 10 5 3 6 8 
20180904326 2 7 6 4 9 1 10 3 5 8 
20180904327 2 9 10 7 6 1 3 5 8 4 
20180904328 10 1 5 8 9 4 6 2 3 7 
20180904329 3 10 8 5 9 1 7 2 4 6 
20180904330 7 5 9 8 2 3 1 6 4 10 
20180904331 2 4 8 5 3 9 1 6 10 7 
20180904332 1 5 4 6 7 9 3 8 2 10 
20180904333 4 3 9 8 2 10 6 1 5 7 
20180904334 10 1 7 5 3 2 8 6 4 9 
20180904335 7 3 9 2 1 6 4 5 8 10 
20180904336 2 5 6 8 10 9 1 3 7 4 
20180904337 2 9 7 3 6 10 5 4 8 1 
20180904338 4 3 9 1 5 8 2 10 6 7 
20180904339 3 9 8 7 2 6 10 5 1 4 
20180904340 3 4 10 1 8 7 6 2 9 5 
20180904341 2 3 5 6 10 7 4 9 1 8 
20180904342 6 2 5 8 3 1 4 7 10 9 
20180904343 5 8 1 3 7 6 10 4 2 9 
20180904344 3 6 1 9 2 5 10 7 8 4 
20180904345 6 1 9 8 7 4 10 3 2 5 
20180904346 1 7 4 2 3 5 9 10 8 6 
20180904347 5 2 3 10 9 4 6 1 8 7 
20180904348 7 2 6 4 5 8 3 10 9 1 
20180904349 3 8 4 9 1 6 2 7 5 10 
20180904350 4 2 9 10 7 5 6 8 1 3 
20180904351 1 5 8 2 10 7 6 4 9 3 
20180904352 4 3 9 5 8 6 10 1 7 2 
20180904353 6 7 4 1 3 2 5 9 10 8 
20180904354 9 10 4 3 8 2 7 5 1 6 
20180904355 7 5 4 6 10 2 8 9 3 1 
20180904356 10 4 6 9 1 2 7 3 5 8 
20180904357 6 5 8 2 9 4 10 1 3 7 
20180904358 8 9 1 7 4 5 3 2 6 10 
20180904359 6 9 8 3 5 2 7 1 4 10 
20180904360 10 7 8 1 3 9 4 5 2 6 
20180904361 5 9 2 4 10 6 7 8 3 1 
20180904362 4 10 1 9 6 2 7 8 5 3 
20180904363 6 9 5 2 4 10 8 1 7 3 
20180904364 5 10 4 3 1 6 8 2 7 9 
20180904365 10 8 5 6 3 1 2 9 4 7 
20180904366 9 1 2 7 6 10 8 5 4 3 
20180904367 8 1 5 6 9 2 4 10 7 3 
20180904368 6 9 4 3 5 2 1 8 7 10 
20180904369 3 9 5 6 1 10 8 2 7 4 
20180904370 2 8 7 6 4 9 3 10 1 5 
20180904371 7 1 2 9 8 6 10 3 5 4 
20180904372 5 6 4 1 8 9 10 3 7 2 
20180904373 4 8 1 3 9 2 10 7 5 6 
20180904374 7 2 1 8 6 3 10 9 5 4 
20180904375 4 5 2 7 1 10 6 9 8 3 
20180904376 9 7 5 6 2 3 4 8 1 10 
20180904377 5 6 10 7 3 8 4 2 9 1 
20180904378 6 10 2 4 7 3 5 1 8 9 
20180904379 7 8 5 4 2 6 3 10 1 9 
20180904380 10 3 1 8 5 7 9 2 6 4 
20180904381 5 1 10 8 6 7 4 9 2 3 
20180904382 7 6 8 1 10 5 2 9 3 4 
20180904383 1 2 8 7 4 9 5 6 3 10 
20180904384 4 3 6 2 10 9 1 8 7 5 
20180904385 2 4 6 3 1 9 5 10 8 7 
20180904386 3 6 4 2 7 5 8 9 1 10 
20180904387 4 6 5 7 9 3 1 10 8 2 
20180904388 4 1 9 6 2 5 7 8 10 3 
20180904389 7 5 2 4 1 3 6 9 10 8 
20180904390 9 2 1 6 3 8 4 7 5 10 
20180904391 6 2 10 3 4 8 1 9 5 7 
20180904392 7 6 4 9 8 1 3 10 2 5 
20180904393 3 4 9 2 10 8 5 7 6 1 
20180904394 6 7 5 10 1 4 3 8 9 2 
20180904395 5 4 7 6 9 1 3 10 2 8 
20180904396 8 5 1 7 4 6 10 2 3 9 
20180904397 9 10 6 5 1 2 4 7 8 3 
20180904398 3 9 1 10 8 5 2 7 6 4 
20180904399 7 1 3 5 10 2 8 9 4 6 
20180904400 1 2 3 4 8 7 10 5 6 9 
20180904401 7 8 2 3 9 10 5 1 6 4 
20180904402 1 10 7 5 8 4 9 2 6 3 
20180904403 10 4 6 2 3 8 7 1 5 9 
20180904404 8 7 1 9 10 4 2 3 6 5 
20180904405 8 1 4 10 2 3 9 7 6 5 
20180904406 2 8 4 7 5 6 9 10 1 3 
20180904407 10 6 7 3 5 2 8 1 9 4 
20180904408 3 2 5 9 10 7 6 8 1 4 
20180904409 6 4 1 8 10 7 2 9 3 5 
20180904410 7 9 2 4 10 6 3 1 8 5 
20180904411 10 7 5 3 1 4 8 9 6 2 
20180904412 7 6 3 1 8 5 10 4 2 9 
20180904413 1 7 3 2 10 8 6 5 9 4 
20180904414 3 8 10 6 5 4 9 2 1 7 
20180904415 6 5 7 8 9 2 3 1 4 10 
20180904416 1 8 2 10 5 9 3 7 6 4 
20180904417 10 2 3 1 9 8 6 4 7 5 
20180904418 7 1 6 3 10 2 8 4 9 5 
20180904419 1 9 10 2 8 6 3 4 7 5 
20180904420 2 9 3 1 4 5 7 10 8 6 
20180904421 3 6 10 4 8 9 5 7 2 1 
20180904422 6 8 9 10 7 4 5 1 3 2 
20180904423 9 3 10 5 7 6 8 1 2 4 
20180904424 10 3 2 7 8 4 5 9 1 6 
20180904425 5 10 6 3 1 7 4 2 9 8 
20180904426 4 10 2 9 7 1 5 3 8 6 
20180904427 2 8 9 4 5 10 6 7 1 3 
20180904428 1 9 2 10 3 5 8 6 4 7 
20180904429 7 1 8 10 2 4 6 5 3 9 
20180904430 9 5 1 10 6 3 7 2 8 4 
20180904431 10 4 7 2 3 9 8 5 6 1 
20180904432 1 9 4 5 7 10 8 6 3 2 
20180904433 5 8 9 6 4 7 10 3 2 1 
20180904434 8 3 5 1 10 9 4 6 2 7 
20180904435 10 1 6 9 3 8 2 5 7 4 
20180904436 6 1 2 10 5 9 4 8 7 3 
20180904437 2 8 4 7 9 10 3 6 1 5 
20180904438 1 6 3 5 4 10 8 2 7 9 
20180904439 5 4 9 1 2 6 10 8 7 3 
20180904440 3 9 1 2 7 4 6 8 5 10 
20180904441 1 8 3 9 5 2 10 6 7 4 
20180904442 7 10 8 9 1 3 6 5 4 2 
20180904443 4 5 3 2 9 6 1 7 10 8 
20180904444 9 4 6 3 10 7 8 5 2 1 
20180904445 4 3 6 1 8 2 5 10 9 7 
20180904446 5 2 7 8 3 10 9 1 4 6 
20180904447 9 6 7 4 2 3 5 1 8 10 
20180904448 10 3 8 5 4 7 6 9 2 1 
20180904449 8 2 1 5 9 6 7 10 3 4 
20180904450 7 8 4 1 10 3 6 9 2 5 
20180904451 3 6 2 10 4 8 7 1 9 5 
20180904452 6 8 3 9 1 7 5 4 2 10 
20180904453 1 4 2 3 7 6 5 8 10 9 
20180904454 9 8 6 2 1 10 7 4 5 3 
20180904455 7 4 8 2 3 5 1 9 10 6 
20180904456 5 3 10 2 7 8 9 6 4 1 
20180904457 10 4 3 8 7 6 5 1 2 9 
20180904458 7 1 9 4 5 3 10 8 2 6 
20180904459 2 5 4 7 9 1 3 6 8 10 
20180904460 7 10 4 1 5 9 8 6 2 3 
20180904461 10 8 9 4 7 2 5 3 6 1 
20180904462 9 5 6 2 7 10 3 1 8 4 
20180904463 7 6 5 1 8 4 10 2 9 3 
20180904464 8 6 9 1 10 7 5 2 4 3 
20180904465 3 5 8 6 1 7 10 2 9 4 
20180904466 6 9 3 4 2 5 8 10 7 1 
20180904467 8 4 7 9 3 6 5 1 2 10 
20180904468 10 2 7 9 4 3 1 8 5 6 
20180904469 8 7 4 6 1 2 3 9 10 5 
20180904470 7 3 9 10 6 1 2 4 8 5 
20180904471 8 6 9 2 5 7 10 1 4 3 
20180904472 10 5 9 1 7 2 8 4 3 6 
20180904473 8 1 4 2 3 5 10 7 9 6 
20180904474 5 7 10 1 3 6 2 8 4 9 
20180904475 2 8 7 9 5 10 3 6 1 4 
20180904476 3 7 8 4 6 1 9 2 10 5 
20180904477 6 10 8 1 3 4 7 5 9 2 
20180904478 1 4 7 10 2 9 6 5 8 3 
20180904479 6 5 2 7 3 9 1 8 10 4 
20180904480 10 2 8 1 6 9 5 4 7 3 
20180904481 3 4 1 7 2 8 6 10 9 5 
20180904482 3 2 4 6 5 10 7 1 8 9 
20180904483 3 1 4 10 8 7 5 9 6 2 
20180904484 4 2 3 10 8 6 1 5 7 9 
20180904485 1 7 10 5 4 9 8 2 6 3 
20180904486 1 7 3 10 5 6 8 4 2 9 
20180904487 2 7 4 6 8 9 1 3 5 10 
20180904488 3 5 10 8 2 6 4 7 9 1 
20180904489 7 6 1 2 9 10 4 3 5 8 
20180904490 6 10 8 7 9 1 2 4 3 5 
20180904491 3 1 7 8 2 6 5 10 9 4 
20180904492 2 7 1 10 8 9 5 3 6 4 
20180904493 6 7 5 8 2 3 4 10 1 9 
20180904494 7 8 3 9 10 5 4 6 2 1 
20180904495 3 9 6 7 5 8 4 2 1 10 
20180904496 5 8 1 4 3 6 9 7 2 10 
20180904497 4 3 6 10 5 8 1 7 2 9 
20180904498 2 3 7 10 6 8 9 5 1 4 
20180904499 3 9 4 8 10 2 6 7 5 1 
20180904500 4 8 5 1 2 7 3 6 9 10 
20180904501 7 1 3 2 4 5 10 8 6 9 
20180904502 2 5 10 3 8 1 7 4 9 6 
20180904503 10 1 3 6 5 4 8 9 7 2 
20180904504 8 6 2 4 3 1 9 5 7 10 
20180904505 5 9 3 4 7 2 6 1 10 8 
20180904506 6 1 3 10 8 5 2 9 4 7 
20180904507 10 8 4 5 6 7 3 2 9 1 
20180904508 9 5 4 10 3 7 2 8 6 1 
20180904509 2 1 5 3 8 6 9 10 7 4 
20180904510 5 7 8 4 1 2 6 3 9 10 
20180904511 2 7 9 8 6 3 1 10 5 4 
20180904512 1 7 5 3 9 8 4 6 2 10 
20180904513 7 5 6 3 1 2 10 9 8 4 
20180904514 1 10 4 6 8 2 7 5 3 9 
20180904515 6 9 4 1 8 3 2 7 10 5 
20180904516 9 4 3 6 10 7 8 1 2 5 
20180904517 5 6 8 2 7 3 10 9 1 4 
20180904518 4 2 6 3 5 9 8 1 7 10 
20180904519 6 5 2 1 8 7 4 9 3 10 
20180904520 10 2 9 1 4 7 5 3 8 6 
20180904521 7 4 6 3 9 2 5 8 10 1 
20180904522 9 8 7 6 5 4 3 10 1 2 
20180904523 5 10 2 4 7 8 6 3 9 1 
20180904524 8 5 3 4 2 7 9 1 10 6 
20180904525 9 10 2 5 3 7 6 4 1 8 
20180904526 9 4 10 8 1 3 7 5 2 6 
20180904527 5 6 8 10 1 2 7 9 3 4 
20180904528 2 1 5 7 8 9 10 4 3 6 
20180904529 7 9 1 10 6 8 2 4 3 5 
20180904530 6 4 5 8 9 7 10 1 2 3 
20180904531 6 5 3 1 8 4 9 10 2 7 
20180904532 6 2 9 5 10 3 8 4 7 1 
20180904533 7 6 2 1 10 8 9 5 4 3 
20180904534 1 5 7 4 2 6 8 3 10 9 
20180904535 10 5 3 8 4 9 1 2 7 6 
20180904536 7 6 9 5 4 2 1 3 10 8 
20180904537 4 8 6 3 9 10 2 5 7 1 
20180904538 7 2 9 10 3 4 6 5 1 8 
20180904539 7 8 4 2 10 9 6 1 3 5 
20180904540 2 5 8 3 1 4 9 7 10 6 
20180904541 8 9 5 10 6 1 3 2 7 4 
20180904542 1 2 8 3 10 5 6 9 7 4 
20180904543 9 6 5 1 3 10 7 8 4 2 
20180904544 5 7 1 10 8 4 9 2 3 6 
20180904545 2 6 7 5 10 9 4 3 1 8 
20180904546 5 10 8 4 3 7 2 9 6 1 
20180904547 9 2 7 4 5 10 8 1 6 3 
20180904548 8 10 5 2 4 9 6 3 7 1 
20180904549 9 1 2 4 8 6 10 5 7 3 
20180904550 10 4 7 2 8 3 6 9 5 1 
20180904551 5 4 1 2 9 8 6 7 10 3 
20180904552 2 1 6 3 10 4 5 8 9 7 
20180904553 8 9 10 1 5 7 4 2 3 6 
20180904554 5 3 9 1 4 2 7 10 6 8 
20180904555 9 5 3 10 7 1 2 6 4 8 
20180904556 8 4 1 10 5 7 3 9 6 2 
20180904557 2 3 6 1 4 5 9 10 8 7 
20180904558 8 1 4 5 10 2 3 6 9 7 
20180904559 2 10 8 1 9 5 6 4 7 3 
20180904560 3 6 1 9 2 5 4 7 10 8 
20180904561 8 1 5 6 10 4 7 9 3 2 
20180904562 2 9 10 4 8 1 6 5 7 3 
20180904563 1 7 3 6 10 8 4 5 2 9 
20180904564 6 4 8 9 5 10 3 1 7 2 
20180904565 4 1 6 3 9 10 5 2 8 7 
20180904566 3 5 4 7 9 8 2 10 1 6 
20180904567 8 10 2 5 7 4 6 9 1 3 
20180904568 4 10 2 8 1 7 3 5 6 9 
20180904569 7 6 4 8 2 10 9 5 3 1 
20180904570 9 4 5 1 2 8 3 10 6 7 
20180904571 8 10 6 2 5 7 1 9 4 3 
20180904572 8 3 6 9 5 4 2 10 7 1 
20180904573 8 2 9 1 5 4 10 3 7 6 
20180904574 10 3 4 9 1 7 6 8 2 5 
20180904575 2 7 6 5 1 10 9 4 3 8 
20180904576 2 8 1 5 10 9 7 3 4 6 
20180904577 4 9 8 1 6 2 5 3 7 10 
20180904578 4 6 5 3 10 7 2 9 8 1 
20180904579 9 3 5 4 2 1 7 8 6 10 
20180904580 7 5 10 3 9 6 1 8 4 2 
20180904581 1 3 6 5 8 9 4 10 2 7 
20180904582 3 2 5 4 7 9 1 8 10 6 
20180904583 6 9 1 3 10 2 8 7 4 5 
20180904584 3 5 1 2 7 8 9 4 10 6 
20180904585 2 3 4 9 10 1 8 6 7 5 
20180904586 1 3 9 2 10 8 4 5 6 7 
20180904587 8 3 7 1 5 9 4 6 2 10 
20180904588 8 6 1 3 9 10 2 7 4 5 
20180904589 7 5 8 6 10 4 2 1 3 9 
20180904590 5 2 8 10 9 7 6 1 4 3 
20180904591 5 2 4 8 9 1 10 6 3 7 
20180904592 3 5 4 6 2 10 8 7 9 1 
20180904593 4 9 7 5 10 3 2 8 6 1 
20180904594 7 9 5 8 2 10 6 4 3 1 
20180904595 10 7 6 2 5 1 4 3 9 8 
20180904596 6 8 10 5 7 3 9 1 2 4 
20180904597 4 10 5 9 3 1 2 7 8 6 
20180904598 4 5 10 9 2 1 6 3 8 7 
20180904599 9 8 3 10 2 7 6 5 4 1 
20180904600 3 4 1 6 5 2 10 7 8 9 
20180904601 7 3 10 5 6 2 9 4 1 8 
20180904602 9 4 8 6 10 7 5 2 3 1 
20180904603 1 4 9 2 7 5 6 3 10 8 
20180904604 2 1 6 4 3 5 8 10 7 9 
20180904605 5 10 8 7 1 3 6 9 4 2 
20180904606 7 6 2 1 8 5 3 9 10 4 
20180904607 2 1 8 4 3 5 7 6 9 10 
20180904608 3 9 6 8 2 4 5 1 7 10 
20180904609 1 6 9 8 4 3 2 5 10 7 
20180904610 8 10 9 2 4 6 1 7 3 5 
20180904611 7 9 8 2 6 3 5 10 1 4 
20180904612 5 2 4 1 8 3 10 7 9 6 
20180904613 8 10 9 6 5 3 2 1 7 4 
20180904614 2 4 6 10 8 9 1 5 7 3 
20180904615 7 1 5 9 10 2 6 3 8 4 
20180904616 10 3 7 8 6 4 5 2 9 1 
20180904617 5 2 9 3 6 1 10 7 4 8 
20180904618 7 4 8 10 6 2 1 5 9 3 
20180904619 9 1 3 10 4 8 6 2 7 5 
20180904620 6 3 4 7 9 1 10 5 2 8 
20180904621 8 2 1 9 3 4 5 7 6 10 
20180904622 7 1 6 10 2 8 4 3 9 5 
20180904623 6 2 9 4 5 3 7 1 8 10 
20180904624 4 9 10 5 2 1 3 8 7 6 
20180904625 2 10 9 4 3 7 1 6 8 5 
20180904626 5 8 9 10 1 2 3 6 4 7 
20180904627 3 4 8 2 6 10 7 9 5 1 
20180904628 3 8 7 10 6 2 9 4 5 1 
20180904629 7 8 1 9 3 6 5 4 10 2 
20180904630 2 6 5 1 3 4 10 7 8 9 
20180904631 7 4 5 1 8 10 3 9 6 2 
20180904632 10 7 2 8 4 3 9 5 1 6 
20180904633 5 4 10 7 8 6 9 2 3 1 
20180904634 9 10 7 5 2 3 4 8 1 6 
20180904635 1 8 6 5 10 7 3 4 2 9 
20180904636 1 4 7 2 10 8 3 5 9 6 
20180904637 9 2 1 6 8 4 7 5 10 3 
20180904638 3 10 8 5 4 6 1 7 2 9 
20180904639 3 9 4 7 10 6 8 2 5 1 
20180904640 8 10 6 3 1 9 7 2 5 4 
20180904641 3 1 7 9 2 10 5 8 4 6 
20180904642 5 9 8 2 4 6 10 7 3 1 
20180904643 3 6 10 4 5 2 1 8 9 7 
20180904644 10 7 6 2 3 8 1 4 9 5 
20180904645 6 2 5 3 8 7 10 9 4 1 
20180904646 2 8 4 10 1 9 6 7 3 5 
20180904647 9 2 4 8 5 6 1 3 10 7 
20180904648 3 1 2 7 6 9 4 8 5 10 
20180904649 1 7 6 9 3 2 8 4 10 5 
20180904650 1 7 8 6 5 10 4 9 3 2 
20180904651 1 4 7 10 5 9 8 6 2 3 
20180904652 10 9 1 4 8 3 7 6 2 5 
20180904653 10 6 7 8 4 2 3 5 1 9 
20180904654 3 10 6 4 9 7 2 8 5 1 
20180904655 4 10 9 1 8 6 7 3 2 5 
20180904656 9 7 8 6 10 5 2 4 3 1 
20180904657 10 9 2 1 8 4 3 5 6 7 
20180904658 1 5 4 2 7 8 9 10 6 3 
20180904659 4 8 5 2 7 9 6 1 10 3 
20180904660 6 10 4 7 1 2 8 5 3 9 
20180904661 1 3 2 8 10 7 6 4 9 5 
20180904662 2 8 10 9 6 5 1 3 4 7 
20180904663 4 2 9 8 3 1 5 10 6 7 
20180904664 4 2 7 6 5 10 9 8 1 3 
20180904665 6 8 2 7 3 4 10 1 9 5 
20180904666 4 7 1 5 9 6 10 2 3 8 
20180904667 7 5 3 9 1 8 4 10 2 6 
20180904668 9 3 1 10 8 5 6 2 7 4 
20180904669 4 7 8 2 3 6 9 5 1 10 
20180904670 10 9 3 2 5 8 7 4 1 6 
20180904671 4 3 8 5 2 10 6 1 7 9 
20180904672 6 1 4 8 10 5 2 3 9 7 
20180904673 10 8 4 5 2 6 7 9 1 3 
20180904674 5 8 1 7 4 10 6 3 2 9 
20180904675 3 9 2 6 1 4 10 8 5 7 
20180904676 2 8 9 3 7 10 5 4 1 6 
20180904677 5 4 7 8 3 10 6 1 2 9 
20180904678 5 7 6 1 2 8 3 10 9 4 
20180904679 5 4 9 2 8 6 10 3 1 7 
20180904680 7 3 4 8 1 9 2 10 5 6 
20180904681 2 6 10 5 9 1 7 4 3 8 
20180904682 1 6 4 8 3 7 9 5 2 10 
20180904683 3 4 9 2 10 1 8 7 5 6 
20180904684 10 5 1 3 7 8 4 9 2 6 
20180904685 3 10 5 9 6 8 4 7 1 2 
20180904686 7 1 4 8 6 3 9 5 10 2 
20180904687 3 4 5 10 1 9 2 8 6 7 
20180904688 9 6 7 2 3 1 4 8 10 5 
20180904689 3 4 6 7 5 1 9 2 10 8 
20180904690 2 6 8 9 4 1 10 7 5 3 
20180904691 3 5 4 6 2 1 8 7 10 9 
20180904692 9 6 8 3 10 1 5 2 4 7 
20180904693 2 4 10 8 3 7 6 1 5 9 
20180904694 1 10 8 2 3 5 6 9 7 4 
20180904695 1 5 8 10 7 4 6 9 2 3 
20180904696 4 2 5 8 6 9 1 7 10 3 
20180904697 5 8 9 10 4 6 3 2 7 1 
20180904698 7 6 2 9 10 1 3 5 8 4 
20180904699 7 9 8 10 3 6 5 4 1 2 
20180904700 1 10 2 8 7 5 9 6 3 4 
20180904701 3 5 7 2 6 4 10 8 9 1 
20180904702 1 5 10 3 6 7 4 8 2 9 
20180904703 10 5 6 1 8 4 9 7 3 2 
20180904704 4 5 6 1 8 10 7 2 3 9 
20180904705 7 5 1 10 3 4 2 6 8 9 
20180904706 10 6 4 1 3 2 8 5 9 7 
20180904707 2 7 9 10 4 6 3 8 5 1 
20180904708 1 4 7 6 8 5 3 10 9 2 
20180904709 9 3 10 4 2 8 7 6 1 5 
20180904710 9 4 6 7 8 10 1 5 2 3 
20180904711 9 8 1 6 4 10 3 2 5 7 
20180904712 10 1 3 9 6 5 2 7 8 4 
20180904713 2 7 5 10 3 1 8 4 6 9 
20180904714 2 1 7 3 6 8 4 10 5 9 
20180904715 2 9 3 5 8 10 4 7 6 1 
20180904716 10 2 4 9 7 8 6 1 3 5 
20180904717 9 4 3 6 1 5 2 10 8 7 
20180904718 7 9 2 5 1 8 3 4 6 10 
20180904719 8 5 4 2 9 10 1 7 3 6 
20180904720 8 10 4 9 1 7 6 2 3 5 
20180904721 4 9 3 10 2 6 5 1 7 8 
20180904722 10 4 3 1 9 7 6 8 5 2 
20180904723 1 6 8 7 2 4 3 10 9 5 
20180904724 9 6 3 5 1 2 7 10 8 4 
20180904725 2 10 8 4 1 5 9 7 6 3 
20180904726 2 5 8 10 7 3 1 6 9 4 
20180904727 1 8 5 3 6 2 9 10 7 4 
20180904728 10 4 3 5 8 7 9 6 2 1 
20180904729 6 2 4 3 5 7 8 10 9 1 
20180904730 5 4 7 3 1 10 6 9 2 8 
20180904731 4 5 8 6 7 1 10 9 2 3 
20180904732 3 10 2 1 4 7 8 9 5 6 
20180904733 2 1 8 3 4 10 5 6 7 9 
20180904734 10 5 9 2 6 7 4 1 8 3 
20180904735 6 5 3 2 8 9 4 7 10 1 
20180904736 9 3 2 10 1 5 4 7 8 6 
20180904737 2 7 5 6 10 4 1 8 3 9 
20180904738 3 8 7 4 9 10 6 1 5 2 
20180904739 8 10 1 3 5 2 7 9 4 6 
20180904740 4 6 9 1 5 7 10 3 8 2 
20180904741 4 2 3 10 1 5 7 9 8 6 
20180904742 6 10 9 4 8 7 2 1 3 5 
20180904743 2 10 7 8 5 6 1 3 9 4 
20180904744 4 6 2 8 3 5 10 9 1 7 
20180904745 3 7 10 4 2 8 9 5 1 6 
20180904746 7 9 3 5 2 8 1 6 4 10 
20180904747 3 1 4 9 6 8 2 10 7 5 
20180904748 10 1 8 2 5 7 9 4 3 6 
20180904749 2 7 9 4 8 10 5 6 1 3 
20180904750 6 4 3 10 8 7 9 2 1 5 
20180904751 4 3 7 8 6 1 5 9 2 10 
20180904752 4 1 8 3 5 9 6 10 7 2 
20180904753 7 2 4 10 5 1 9 3 6 8 
20180904754 1 8 7 3 5 9 6 2 10 4 
20180904755 10 1 7 3 8 4 2 6 5 9 
20180904756 2 4 6 9 10 1 7 5 8 3 
20180904757 8 7 4 10 1 9 2 6 5 3 
20180904758 10 8 4 5 7 9 6 2 3 1 
20180904759 4 8 6 5 9 10 3 1 2 7 
20180904760 1 2 8 3 9 5 10 4 6 7 
20180904761 9 5 10 7 8 4 6 2 3 1 
20180904762 4 1 7 8 6 5 10 2 3 9 
20180904763 8 2 6 7 10 3 4 5 1 9 
20180904764 10 6 8 9 5 4 2 3 7 1 
20180904765 1 6 2 9 8 4 7 5 10 3 
20180904766 3 1 10 7 8 2 5 9 4 6 
20180904767 5 1 10 9 7 6 2 8 3 4 
20180904768 9 5 6 3 10 8 4 1 7 2 
20180904769 10 1 9 7 8 4 3 5 2 6 
20180904770 10 4 7 3 5 6 9 2 1 8 
20180904771 3 8 4 7 6 9 10 5 1 2 
20180904772 9 1 8 6 10 3 2 5 7 4 
20180904773 5 10 6 9 3 8 4 7 1 2 
20180904774 6 10 4 7 9 8 5 3 1 2 
20180904775 5 4 9 3 1 2 8 6 7 10 
20180904776 10 8 2 1 4 7 9 5 6 3 
20180904777 6 4 7 2 9 5 3 8 10 1 
20180904778 2 6 3 4 7 8 10 9 5 1 
20180904779 1 10 3 5 6 9 7 8 4 2 
20180904780 4 9 6 5 2 8 3 1 10 7 
20180904781 9 8 7 6 2 4 3 5 10 1 
20180904782 4 5 1 8 3 2 10 7 9 6 
20180904783 1 3 2 9 10 6 8 4 5 7 
20180904784 8 5 10 1 7 9 2 4 6 3 
20180904785 8 10 7 1 5 6 4 3 9 2 
20180904786 4 10 9 6 2 1 7 3 5 8 
20180904787 1 8 9 7 4 3 2 5 10 6 
20180904788 2 4 1 5 7 8 9 6 10 3 
20180904789 2 1 9 7 4 10 6 8 5 3 
20180904790 7 5 9 3 1 2 6 4 10 8 
20180904791 9 4 8 7 3 2 10 1 5 6 
20180904792 1 4 10 5 7 9 3 8 6 2 
20180904793 2 3 1 8 7 5 4 10 6 9 
20180904794 8 10 2 4 1 5 9 3 7 6 
20180904795 10 5 4 8 7 6 3 9 1 2 
20180904796 9 1 7 4 3 5 2 6 8 10 
20180904797 2 6 5 9 7 3 8 10 1 4 
20180904798 1 2 5 4 8 9 7 10 3 6 
20180904799 3 5 1 7 6 9 10 4 8 2 
20180904800 4 7 5 8 3 2 1 10 6 9 
20180904801 5 6 9 4 2 3 8 1 7 10 
20180904802 10 8 6 7 2 5 1 9 3 4 
20180904803 9 2 7 1 6 8 5 4 10 3 
20180904804 6 1 8 10 9 4 3 5 7 2 
20180904805 10 1 7 9 4 3 2 6 8 5 
20180904806 7 1 10 3 5 6 4 2 9 8 
20180904807 6 10 9 2 1 7 5 3 8 4 
20180904808 8 1 4 7 5 9 2 6 10 3 
20180904809 4 8 10 2 5 7 3 1 9 6 
20180904810 5 2 4 3 8 10 9 1 6 7 
20180904811 9 4 1 3 6 10 7 5 2 8 
20180904812 5 2 3 4 1 8 7 6 10 9 
20180904813 6 8 3 4 7 5 9 10 2 1 
20180904814 10 4 5 9 7 2 6 1 8 3 
20180904815 4 7 8 9 1 6 10 3 5 2 
20180904816 5 7 1 4 2 9 3 8 10 6 
20180904817 2 6 3 5 10 7 8 1 9 4 
20180904818 9 4 5 8 2 10 7 1 3 6 
20180904819 2 9 10 7 3 8 5 4 6 1 
20180904820 10 9 4 6 5 2 1 7 3 8 
20180904821 6 4 2 3 5 10 8 7 1 9 
20180904822 5 9 10 7 2 3 1 6 8 4 
20180904823 3 6 7 9 10 5 8 1 2 4 
20180904824 9 10 6 7 4 5 8 2 3 1 
20180904825 10 9 3 6 2 8 7 4 1 5 
20180904826 3 7 10 5 2 4 9 8 1 6 
20180904827 3 5 7 4 6 8 10 1 9 2 
20180904828 5 10 3 2 8 6 9 4 1 7 
20180904829 6 10 2 1 4 9 8 3 7 5 
20180904830 3 6 1 10 8 4 9 7 5 2 
20180904831 5 8 3 2 9 1 7 4 10 6 
20180904832 4 7 5 10 2 1 9 8 6 3 
20180904833 7 5 4 10 9 6 8 1 2 3 
20180904834 9 4 10 6 1 5 3 7 8 2 
20180904835 8 5 4 3 9 10 7 2 6 1 
20180904836 5 1 3 6 8 10 7 2 9 4 
20180904837 3 8 5 6 7 9 2 1 4 10 
20180904838 9 2 5 6 3 1 8 4 10 7 
20180904839 4 2 5 1 3 8 10 9 6 7 
20180904840 10 8 3 1 2 7 4 9 5 6 
20180904841 1 4 6 3 9 8 10 2 7 5 
20180904842 9 4 7 2 1 3 10 5 8 6 
20180904843 1 2 3 8 10 6 7 4 9 5 
20180904844 3 7 1 2 5 10 6 8 4 9 
20180904845 4 2 5 6 7 3 8 10 9 1 
20180904846 2 9 10 3 4 7 6 8 5 1 
20180904847 10 1 3 2 4 6 9 5 7 8 
20180904848 9 10 7 4 6 2 1 8 5 3 
20180904849 5 10 6 9 1 7 8 3 2 4 
20180904850 6 8 2 5 3 1 7 9 4 10 
20180904851 6 9 10 4 8 5 2 3 7 1 
20180904852 2 3 6 1 4 7 9 5 8 10 
20180904853 2 9 5 1 6 8 4 10 7 3 
20180904854 7 10 1 8 2 3 4 9 6 5 
20180904855 7 3 2 4 6 10 8 1 5 9 
20180904856 7 8 2 6 5 3 4 9 1 10 
20180904857 4 7 6 8 3 1 2 9 10 5 
20180904858 4 10 9 1 2 7 5 3 6 8 
20180904859 5 8 10 4 6 3 9 7 1 2 
20180904860 1 5 9 3 7 10 4 6 2 8 
20180904861 10 3 9 2 4 7 1 8 6 5 
20180904862 8 10 9 2 1 4 3 6 5 7 
20180904863 5 10 1 6 4 3 8 2 7 9 
20180904864 9 7 6 1 4 5 8 3 10 2 
20180904865 2 1 5 10 6 8 9 3 7 4 
20180904866 5 10 4 2 1 3 7 6 9 8 
20180904867 1 9 2 4 8 5 3 6 7 10 
20180904868 4 10 7 9 5 3 6 2 1 8 
20180904869 9 10 7 2 5 4 8 6 1 3 
20180904870 9 7 4 10 3 5 6 2 1 8 
20180904871 4 2 5 1 9 8 3 10 7 6 
20180904872 8 10 7 5 3 1 4 2 6 9 
20180904873 8 6 1 4 3 2 5 9 10 7 
20180904874 3 10 9 1 6 5 4 7 8 2 
20180904875 10 8 9 4 5 6 3 7 2 1 
20180904876 7 9 3 1 6 5 10 2 8 4 
20180904877 10 2 1 9 7 6 3 8 5 4 
20180904878 10 9 4 2 8 3 7 6 5 1 
20180904879 6 4 3 7 10 2 8 9 1 5 
20180904880 2 4 7 9 8 5 1 10 6 3 
20180904881 3 10 6 4 9 2 1 5 7 8 
20180904882 8 2 10 3 5 1 6 7 4 9 
20180904883 5 7 8 6 2 4 3 9 10 1 
20180904884 6 2 10 7 3 4 9 1 5 8 
20180904885 4 3 7 1 9 2 5 6 10 8 
20180904886 3 10 6 5 2 4 8 1 9 7 
20180904887 6 1 7 3 2 5 9 10 4 8 
20180904888 9 1 3 6 7 4 8 10 2 5 
20180904889 5 8 1 7 4 3 9 2 6 10 
20180904890 8 9 3 6 7 5 2 4 10 1 
20180904891 4 5 7 10 1 9 3 2 8 6 
20180904892 4 7 2 6 3 8 9 1 10 5 
20180904893 2 3 9 7 4 8 1 5 10 6 
20180904894 6 4 3 9 2 7 10 1 8 5 
20180904895 9 1 7 10 5 4 2 6 3 8 
20180904896 4 9 3 8 6 2 5 1 10 7 
20180904897 8 9 5 2 3 4 6 7 10 1 
20180904898 8 1 3 9 5 4 10 2 7 6 
20180904899 7 3 8 2 10 9 1 4 5 6 
20180904900 6 9 3 2 7 10 1 4 8 5 
20180904901 1 3 4 10 9 8 2 7 6 5 
20180904902 7 2 5 9 6 8 4 10 1 3 
20180904903 8 1 4 5 9 10 6 3 2 7 
20180904904 2 7 4 6 5 8 10 3 9 1 
20180904905 7 3 5 1 6 4 9 8 2 10 
20180904906 8 6 4 9 10 3 5 2 7 1 
20180904907 6 4 9 3 2 7 10 8 5 1 
20180904908 1 6 8 4 2 7 3 10 9 5 
20180904909 1 10 4 8 7 2 3 5 6 9 
20180904910 7 1 9 4 8 6 5 3 2 10 
20180904911 8 7 2 10 5 1 9 3 6 4 
20180904912 7 2 10 3 9 8 4 6 1 5 
20180904913 7 6 4 10 2 3 9 8 1 5 
20180904914 2 8 6 9 1 5 3 10 7 4 
20180904915 9 4 1 3 8 5 2 7 10 6 
20180904916 4 5 6 7 1 2 8 10 9 3 
20180904917 6 1 3 5 7 8 9 4 10 2 
20180904918 7 2 8 6 5 4 3 9 10 1 
20180904919 1 4 5 8 7 10 9 2 3 6 
20180904920 7 6 3 2 4 10 8 9 5 1 
20180904921 10 5 2 3 6 8 4 7 1 9 
20180904922 6 9 4 3 7 1 2 5 8 10 
20180904923 5 2 9 6 4 1 8 3 10 7 
20180904924 4 6 9 8 7 1 10 3 2 5 
20180904925 5 3 7 1 4 8 9 6 2 10 
20180904926 6 9 1 5 10 4 3 2 7 8 
20180904927 6 2 1 10 3 9 5 4 8 7 
20180904928 3 5 2 8 9 6 4 10 1 7 
20180904929 9 5 8 3 6 1 2 7 10 4 
20180904930 9 8 6 2 3 1 5 10 7 4 
20180904931 8 4 5 2 6 1 3 9 10 7 
20180904932 1 4 6 5 8 7 3 9 2 10 
20180904933 5 4 6 8 10 1 9 3 7 2 
20180904934 7 4 8 6 5 9 3 1 2 10 
20180904935 10 5 8 7 3 1 6 4 9 2 
20180904936 8 2 1 6 10 3 9 7 4 5 
20180904937 3 7 5 1 2 8 9 4 10 6 
20180904938 6 7 5 4 2 1 9 10 3 8 
20180904939 6 10 4 8 2 9 1 3 7 5 
20180904940 3 6 9 7 4 5 8 10 2 1 
20180904941 2 9 7 1 5 3 4 10 6 8 
20180904942 10 1 7 6 9 4 8 2 5 3 
20180904943 2 10 4 8 5 6 3 7 9 1 
20180904944 1 4 7 10 2 5 6 3 8 9 
20180904945 7 4 5 2 10 9 1 3 6 8 
20180904946 10 9 1 6 4 5 7 2 8 3 
20180904947 7 9 5 6 10 8 1 3 4 2 
20180904948 7 2 4 10 9 5 6 3 8 1 
20180904949 2 9 7 5 4 1 6 10 3 8 
20180904950 5 10 4 1 6 2 8 9 7 3 
20180904951 7 4 3 1 9 10 2 5 6 8 
20180904952 10 7 3 8 9 5 4 6 2 1 
20180904953 8 4 6 7 9 5 1 10 2 3 
20180904954 4 10 6 5 3 2 1 7 8 9 
20180904955 6 4 1 9 8 2 10 5 3 7 
20180904956 3 10 2 6 5 8 1 7 4 9 
20180904957 10 2 9 6 5 4 3 7 1 8 
20180904958 4 5 8 7 10 1 9 3 2 6 
20180904959 1 10 6 8 4 3 2 9 7 5 
20180904960 10 8 3 5 1 6 7 4 9 2 
20180904961 10 9 3 5 2 7 4 1 8 6 
20180904962 5 1 4 7 2 6 9 10 3 8 
20180904963 6 7 3 4 8 9 10 2 1 5 
20180904964 1 3 5 9 4 7 10 6 8 2 
20180904965 6 4 9 10 3 1 2 8 5 7 
20180904966 6 10 3 2 7 8 4 9 1 5 
20180904967 9 6 8 4 1 7 5 10 2 3 
20180904968 8 4 10 6 7 1 5 3 9 2 
20180904969 2 6 5 9 4 7 8 3 10 1 
20180904970 5 9 3 2 1 6 4 7 10 8 
20180904971 10 1 9 4 7 5 3 2 6 8 
20180904972 1 8 5 3 4 6 7 10 2 9 
20180904973 5 2 3 8 1 10 9 4 6 7 
20180904974 4 3 8 6 9 2 10 5 7 1 
20180904975 1 4 9 6 8 10 5 7 3 2 
20180904976 6 5 8 3 2 1 4 9 10 7 
20180904977 8 5 3 10 1 2 4 9 6 7 
20180904978 9 7 1 3 10 5 8 4 6 2 
20180904979 7 1 5 3 6 8 2 10 4 9 
20180904980 8 6 1 4 5 2 10 9 3 7 
20180904981 1 8 7 2 3 5 4 9 6 10 
20180904982 2 5 6 4 8 9 7 3 10 1 
20180904983 8 3 2 9 10 4 7 1 6 5 
20180904984 4 5 1 8 9 6 10 2 3 7 
20180904985 6 3 4 5 10 2 8 1 9 7 
20180905001 10 2 5 3 4 8 1 6 7 9 
