20180909033 2 5 10 3 7 8 9 4 6 1 
20180909034 3 4 8 9 2 1 5 6 7 10 
20180909035 1 8 10 2 5 3 7 6 4 9 
20180909036 8 6 5 10 7 4 9 3 2 1 
20180909037 10 3 9 6 4 1 8 5 7 2 
20180909038 5 6 3 4 1 10 8 9 2 7 
20180909039 9 1 6 4 7 8 2 3 10 5 
20180909040 9 3 1 4 5 7 8 6 10 2 
20180909041 2 6 7 10 4 9 8 1 5 3 
20180909042 2 4 8 5 6 10 9 3 7 1 
20180909043 10 6 3 1 2 8 7 4 5 9 
20180909044 4 10 1 5 6 8 9 7 2 3 
20180909045 7 5 10 9 1 2 3 4 8 6 
20180909046 2 3 10 7 1 6 4 8 9 5 
20180909047 5 7 3 10 4 9 6 1 2 8 
20180909048 5 10 4 6 1 3 8 2 9 7 
20180909049 6 10 8 4 1 7 2 3 5 9 
20180909050 9 4 8 7 5 6 2 3 10 1 
20180909051 10 7 1 4 5 9 2 3 6 8 
20180909052 8 5 7 6 4 10 9 2 3 1 
20180909053 5 2 9 6 4 3 7 1 8 10 
20180909054 4 3 2 9 10 8 5 6 1 7 
20180909055 4 7 3 9 10 2 8 1 5 6 
20180909056 2 8 10 1 9 5 7 6 3 4 
20180909057 8 3 6 1 9 7 5 2 4 10 
20180909058 2 3 4 10 9 1 5 7 8 6 
20180909059 9 6 1 8 3 7 5 2 10 4 
20180909060 3 4 1 7 6 2 8 9 5 10 
20180909061 4 7 6 3 1 8 5 2 9 10 
20180909062 10 7 5 1 4 8 3 9 2 6 
20180909063 1 5 6 9 8 7 4 2 10 3 
20180909064 7 1 9 10 5 3 2 6 4 8 
20180909065 9 4 5 8 10 6 3 2 7 1 
20180909066 10 3 8 4 5 1 6 7 9 2 
20180909067 9 8 5 1 2 6 3 4 10 7 
20180909068 2 10 9 6 4 1 5 7 3 8 
20180909069 4 5 10 9 2 3 1 8 6 7 
20180909070 9 4 8 10 6 3 7 5 2 1 
20180909071 4 3 9 5 8 6 2 10 1 7 
20180909072 1 10 5 4 2 7 6 3 9 8 
20180909073 4 9 6 10 8 2 7 3 5 1 
20180909074 7 9 4 6 1 10 5 3 2 8 
20180909075 10 9 7 4 6 3 2 1 8 5 
20180909076 6 1 7 9 3 2 10 4 8 5 
20180909077 8 3 4 1 7 6 2 5 10 9 
20180909078 2 7 10 1 3 4 5 6 9 8 
20180909079 8 3 5 2 7 1 10 6 4 9 
20180909080 7 6 8 9 5 1 2 3 4 10 
20180909081 1 10 2 8 7 3 5 6 4 9 
20180909082 3 6 1 8 4 7 9 5 2 10 
20180909083 6 8 3 7 4 10 5 9 2 1 
20180909084 3 6 8 10 9 7 5 1 4 2 
20180909085 10 3 1 2 7 8 9 4 5 6 
20180909086 6 7 4 8 10 1 2 5 3 9 
20180909087 2 6 4 9 7 8 3 1 10 5 
20180909088 5 9 6 2 8 1 3 4 10 7 
20180909089 7 2 4 10 1 8 9 3 6 5 
20180909090 7 10 2 8 5 4 9 6 3 1 
20180909091 3 1 8 7 5 10 4 2 9 6 
20180909092 1 6 8 7 4 5 10 3 2 9 
20180909093 5 1 6 3 10 8 4 7 2 9 
20180909094 6 8 1 3 10 4 5 7 9 2 
20180909095 9 4 5 10 8 2 6 3 1 7 
20180909096 10 7 6 3 2 9 5 1 4 8 
20180909097 5 7 9 4 2 8 6 3 1 10 
20180909098 1 7 3 8 9 4 5 6 2 10 
20180909099 1 3 9 7 5 10 2 6 8 4 
20180909100 1 8 2 6 3 10 4 9 5 7 
20180909101 10 7 3 9 8 1 6 2 4 5 
20180909102 2 8 7 9 3 4 1 5 6 10 
20180909103 8 2 10 9 3 4 6 1 5 7 
20180909104 7 2 1 9 10 3 6 8 4 5 
20180909105 2 1 3 9 5 6 8 4 7 10 
20180909106 8 4 1 5 6 3 7 10 2 9 
20180909107 3 7 8 9 2 5 4 1 10 6 
20180909108 7 2 6 10 3 1 4 5 8 9 
20180909109 4 7 6 9 8 2 10 1 3 5 
20180909110 1 6 10 8 2 5 3 7 9 4 
20180909111 1 2 10 8 7 9 5 4 6 3 
20180909112 7 5 6 4 9 10 3 8 1 2 
20180909113 10 9 5 3 7 1 4 6 8 2 
20180909114 10 9 5 8 7 6 2 1 3 4 
20180909115 2 8 6 5 4 10 1 9 7 3 
20180909116 4 10 5 8 9 3 1 7 6 2 
20180909117 7 6 5 9 4 8 3 10 1 2 
20180909118 10 6 8 4 3 9 1 7 2 5 
20180909119 8 7 3 10 1 5 6 2 9 4 
20180909120 5 3 9 4 8 10 6 2 7 1 
20180909121 3 8 10 9 7 6 1 5 4 2 
20180909122 6 9 1 10 2 8 5 7 3 4 
20180909123 8 7 4 5 10 9 3 1 6 2 
20180909124 3 5 1 8 2 9 10 4 7 6 
20180909125 9 6 3 1 10 2 8 5 4 7 
20180909127 5 8 9 10 7 6 3 2 4 1 
20180909126 6 4 1 2 10 7 5 3 9 8 
20180909129 3 8 9 10 7 4 2 5 1 6 
20180909130 2 6 4 7 9 1 3 10 5 8 
20180909131 4 2 5 6 7 10 8 3 1 9 
20180909133 2 10 1 8 7 3 4 6 9 5 
20180909135 10 4 7 1 2 3 5 9 8 6 
20180909136 2 10 1 5 8 9 6 3 4 7 
20180909137 7 9 2 10 3 1 6 8 4 5 
20180909138 7 4 1 5 8 2 9 10 6 3 
20180909139 10 4 2 7 1 9 8 6 3 5 
20180909140 8 3 7 6 10 9 5 4 1 2 
20180909141 9 6 10 3 4 2 5 1 8 7 
20180909142 3 6 8 7 1 2 5 9 4 10 
20180909143 6 8 10 2 9 1 7 4 3 5 
20180909144 2 7 10 1 8 9 3 4 6 5 
20180909145 5 2 10 8 1 3 9 6 4 7 
20180909146 9 3 1 8 10 5 7 6 2 4 
20180909147 5 7 4 2 8 9 1 6 3 10 
20180909148 1 10 5 7 9 8 3 4 6 2 
20180909149 7 10 8 4 3 2 6 1 9 5 
20180909150 6 5 2 1 10 4 8 3 7 9 
20180909151 2 4 9 1 7 5 10 3 8 6 
20180909152 8 2 1 9 7 3 5 6 4 10 
20180909153 1 10 6 9 3 2 4 8 7 5 
20180909154 2 3 4 8 9 7 6 10 1 5 
20180909155 3 1 9 7 6 2 5 8 4 10 
20180909156 4 7 2 10 8 3 5 6 9 1 
20180909157 4 7 5 1 2 6 9 8 3 10 
20180909158 5 2 4 1 3 6 7 10 8 9 
20180909159 2 5 9 6 7 1 8 3 4 10 
20180909160 3 8 10 4 5 7 9 1 6 2 
20180909161 9 4 2 10 7 1 6 5 3 8 
20180909162 8 5 1 7 9 2 10 3 6 4 
20180909163 3 10 2 9 7 4 5 8 6 1 
20180909164 3 9 4 1 6 8 2 7 10 5 
20180909165 2 9 8 5 1 3 10 6 4 7 
20180909166 1 4 5 6 2 9 3 7 10 8 
20180909167 7 1 9 8 4 10 6 5 3 2 
20180909168 10 6 9 7 8 4 3 1 5 2 
20180909169 8 9 2 7 5 1 10 4 6 3 
20180909170 5 9 8 4 6 10 7 2 3 1 
20180909171 2 6 8 4 1 7 10 9 5 3 
20180909173 4 7 6 8 9 2 3 10 5 1 
20180909174 10 4 2 5 3 9 1 8 6 7 
20180909175 3 7 10 6 2 1 5 4 8 9 
20180909176 3 9 2 5 6 1 4 7 10 8 
20180909177 5 7 8 3 6 10 9 4 1 2 
20180909178 8 5 1 7 9 3 2 6 4 10 
20180909179 2 4 5 3 6 1 9 8 10 7 
20180909180 10 1 7 5 8 3 6 4 2 9 
20180909181 5 1 2 10 7 3 8 4 9 6 
20180909182 4 9 7 8 10 3 5 2 1 6 
20180909183 5 4 10 6 7 2 1 3 8 9 
20180909184 5 8 3 1 7 6 2 10 9 4 
20180909185 4 7 1 10 5 3 8 9 6 2 
20180909186 2 10 3 4 6 1 9 5 7 8 
20180909187 3 6 4 7 5 2 9 1 8 10 
20180909188 10 7 5 1 8 4 6 3 9 2 
20180909189 5 8 10 9 1 2 7 6 3 4 
20180909190 8 9 10 2 3 1 7 4 6 5 
20180909191 10 3 6 2 1 8 4 5 9 7 
20180909192 7 4 5 6 1 9 8 2 3 10 
20180909193 6 1 3 10 2 4 7 8 9 5 
20180909194 3 8 9 2 7 1 6 4 10 5 
20180909195 3 4 8 10 2 5 1 9 6 7 
20180909196 6 1 8 3 10 5 4 2 7 9 
20180909197 9 7 6 10 1 2 4 3 5 8 
20180909198 1 9 4 2 3 10 5 7 6 8 
20180909199 3 10 4 9 8 6 1 5 7 2 
20180909200 5 3 10 2 7 8 9 4 1 6 
20180909201 9 6 3 1 2 8 7 5 4 10 
20180909221 1 6 10 9 7 4 8 3 2 5 
20180909222 2 5 7 10 6 1 8 3 9 4 
20180909223 4 10 3 8 6 5 7 2 1 9 
20180909224 4 10 7 3 9 6 2 5 1 8 
20180909225 3 5 6 8 1 7 10 4 2 9 
20180909226 5 2 1 6 8 10 4 3 7 9 
20180909227 2 8 1 5 9 3 6 10 4 7 
20180909228 3 1 5 8 4 6 2 9 7 10 
20180909229 8 2 5 3 10 9 4 1 7 6 
20180909230 4 8 1 2 7 6 3 10 9 5 
20180909231 2 10 1 8 3 6 7 9 5 4 
20180909232 8 6 4 2 3 9 10 7 1 5 
20180909233 9 2 1 5 8 6 10 4 7 3 
20180909234 5 4 9 1 3 2 6 10 7 8 
20180909235 3 10 6 2 5 4 9 7 1 8 
20180909236 3 7 8 9 2 1 10 5 4 6 
20180909237 8 1 5 10 7 2 3 4 9 6 
20180909238 8 1 5 3 7 6 2 10 9 4 
20180909239 6 1 4 10 5 3 8 2 7 9 
20180909240 2 5 6 10 3 8 9 1 7 4 
20180909241 7 9 6 8 4 2 10 1 5 3 
20180909242 2 1 9 3 4 10 6 7 5 8 
20180909243 6 5 9 8 3 10 4 7 2 1 
20180909244 8 1 3 5 7 9 4 2 6 10 
20180909245 8 9 4 6 3 1 10 2 7 5 
20180909246 5 10 1 9 2 8 3 6 7 4 
20180909247 5 10 8 9 6 3 7 1 2 4 
20180909248 2 3 1 7 6 9 8 5 10 4 
20180909249 9 4 8 3 1 5 10 2 7 6 
20180909250 6 10 8 9 1 5 2 7 3 4 
20180909251 9 2 3 1 5 10 4 6 8 7 
20180909252 5 1 3 6 4 9 10 7 8 2 
20180909253 1 10 3 2 4 8 7 9 5 6 
20180909254 5 6 8 10 2 9 4 7 1 3 
20180909255 3 9 2 1 5 10 8 6 7 4 
20180909256 7 8 4 10 1 5 6 2 3 9 
20180909257 4 1 9 6 5 8 7 3 10 2 
20180909258 5 7 6 10 8 2 4 3 9 1 
20180909259 4 6 8 2 5 3 1 10 9 7 
20180909260 5 9 7 4 10 8 1 3 6 2 
20180909261 8 5 10 1 3 4 7 2 9 6 
20180909262 5 4 9 3 6 8 1 7 10 2 
20180909263 6 3 1 9 8 2 4 5 7 10 
20180909264 3 8 10 5 6 9 4 1 2 7 
20180909265 1 9 2 5 7 10 6 8 4 3 
20180909266 1 6 8 4 2 3 9 7 5 10 
20180909267 2 10 4 5 3 7 8 1 9 6 
20180909268 2 3 8 6 7 10 4 9 5 1 
20180909269 10 8 9 1 5 4 2 3 6 7 
20180909270 5 2 1 8 4 6 7 3 10 9 
20180909271 6 5 10 1 9 3 4 7 8 2 
20180909272 5 1 6 2 10 7 4 8 3 9 
20180909273 1 9 10 6 8 7 4 3 5 2 
20180909274 9 8 6 2 7 4 10 3 1 5 
20180909275 9 7 2 10 3 6 4 1 5 8 
20180909276 10 1 5 8 7 2 4 6 9 3 
20180909277 9 5 3 4 2 8 10 7 1 6 
20180909278 7 9 1 8 3 10 5 6 4 2 
20180909279 10 7 5 6 9 4 2 8 3 1 
20180909280 8 6 10 3 5 1 4 7 2 9 
20180909281 5 9 1 7 10 2 3 6 4 8 
20180909282 6 5 1 2 7 10 4 9 3 8 
20180909283 10 4 9 3 2 6 8 5 7 1 
20180909284 6 3 4 2 1 5 7 8 10 9 
20180909285 9 8 3 7 1 4 10 2 5 6 
20180909286 8 1 3 4 10 2 9 5 6 7 
20180909287 5 6 10 7 9 1 4 3 8 2 
20180909288 1 5 7 9 6 10 3 8 2 4 
20180909289 4 6 2 3 8 9 7 10 5 1 
20180909290 1 7 10 5 8 4 9 2 3 6 
20180909291 9 4 7 5 10 6 3 1 2 8 
20180909292 7 2 6 9 1 5 4 3 10 8 
20180909293 5 7 1 10 3 6 2 4 9 8 
20180909294 9 7 1 10 8 3 4 5 6 2 
20180909295 5 1 2 3 8 10 4 6 7 9 
20180909296 7 10 5 3 4 1 8 2 9 6 
20180909297 8 9 1 4 2 7 6 10 3 5 
20180909298 8 1 9 5 3 10 2 6 4 7 
20180909299 7 8 9 6 4 2 5 3 10 1 
20180909300 6 10 9 8 4 2 3 5 7 1 
20180909301 7 10 8 6 3 1 5 9 2 4 
20180909302 7 2 10 4 1 5 6 9 3 8 
20180909303 1 5 8 9 10 7 3 6 4 2 
20180909304 5 8 4 6 9 1 10 2 7 3 
20180909305 7 2 9 8 1 4 10 5 3 6 
20180909306 4 8 5 6 9 7 10 2 3 1 
20180909307 9 1 6 2 3 7 5 8 10 4 
20180909308 4 10 8 7 3 5 9 1 6 2 
20180909309 1 8 4 6 9 5 7 2 3 10 
20180909310 6 3 1 5 4 8 2 10 9 7 
20180909311 1 10 6 3 2 9 8 4 5 7 
20180909312 4 6 1 8 5 3 9 2 7 10 
20180909313 2 9 7 8 1 6 4 3 5 10 
20180909314 8 6 4 2 5 1 7 9 10 3 
20180909315 8 4 2 6 10 3 1 5 7 9 
20180909316 6 2 7 8 3 10 4 5 1 9 
20180909317 7 4 9 10 5 8 2 6 1 3 
20180909318 10 9 6 8 1 5 3 4 7 2 
20180909319 3 8 5 9 2 1 10 6 7 4 
20180909320 2 8 1 7 6 5 4 9 10 3 
20180909321 9 2 6 3 7 8 1 5 4 10 
20180909322 8 7 3 1 4 2 5 10 9 6 
20180909323 8 1 2 5 4 10 6 7 9 3 
20180909324 3 7 2 8 10 4 5 6 9 1 
20180909325 2 8 4 6 1 5 9 3 10 7 
20180909326 1 7 8 4 10 9 6 3 2 5 
20180909327 10 2 3 1 7 6 5 4 8 9 
20180909328 1 10 8 5 2 6 9 4 3 7 
20180909329 7 8 10 6 9 2 5 3 1 4 
20180909330 2 4 10 5 3 9 1 7 8 6 
20180909331 4 3 9 10 8 1 7 2 5 6 
20180909332 9 7 3 4 8 2 1 6 10 5 
20180909333 1 6 9 3 2 5 10 8 7 4 
20180909334 1 5 9 6 7 2 10 8 3 4 
20180909335 2 6 8 4 3 1 7 9 10 5 
20180909336 5 2 10 6 1 3 4 8 9 7 
20180909337 6 5 7 8 3 4 2 9 1 10 
20180909338 6 1 2 7 4 3 5 10 8 9 
20180909339 9 3 10 4 2 5 7 6 8 1 
20180909340 8 7 4 9 1 6 10 2 3 5 
20180909341 10 8 7 9 3 2 5 1 4 6 
20180909342 6 1 5 10 4 3 7 8 2 9 
20180909343 9 7 4 2 10 3 1 8 5 6 
20180909344 5 7 9 3 1 4 6 8 10 2 
20180909345 10 8 1 6 5 3 7 9 2 4 
20180909346 1 10 7 5 2 6 3 8 4 9 
20180909347 5 9 1 8 4 3 10 2 7 6 
20180909348 7 8 10 9 4 2 5 1 6 3 
20180909349 2 9 5 7 4 3 6 8 1 10 
20180909350 9 8 1 10 7 6 2 4 5 3 
20180909351 10 8 9 2 6 3 5 4 7 1 
20180909352 7 8 4 2 10 9 1 6 3 5 
20180909353 5 3 4 1 10 6 2 9 8 7 
20180909354 2 6 9 7 5 1 10 8 3 4 
20180909355 1 3 5 10 7 6 4 2 8 9 
20180909356 10 4 5 9 6 8 1 3 7 2 
20180909357 2 4 10 1 8 6 9 5 3 7 
20180909358 1 6 2 5 3 7 8 10 9 4 
20180909359 2 8 7 4 3 10 5 1 9 6 
20180909360 9 5 6 2 1 8 7 10 4 3 
20180909361 8 2 6 5 10 1 4 3 7 9 
20180909362 1 3 2 4 6 9 7 10 8 5 
20180909363 9 6 5 1 4 10 2 8 3 7 
20180909364 6 1 3 5 8 9 4 2 7 10 
20180909365 3 9 2 4 1 10 8 5 7 6 
20180909366 5 8 6 9 4 3 1 10 2 7 
20180909367 1 2 4 6 7 10 5 9 3 8 
20180909368 7 4 5 9 10 1 3 6 8 2 
20180909369 7 2 5 1 9 6 4 3 10 8 
20180909370 4 7 2 8 6 5 1 3 9 10 
20180909371 6 3 8 4 9 5 10 2 7 1 
20180909372 10 7 6 2 4 1 3 5 9 8 
20180909373 10 7 9 3 5 2 6 1 8 4 
20180909374 6 7 10 1 3 2 4 9 5 8 
20180909375 6 1 8 9 10 4 7 2 3 5 
20180909376 3 5 9 6 2 1 8 4 10 7 
20180909377 8 3 4 2 5 1 6 9 7 10 
20180909378 7 8 2 3 1 10 5 9 6 4 
20180909379 1 10 5 7 4 3 9 8 6 2 
20180909380 2 6 7 10 3 4 5 1 8 9 
20180909381 7 2 6 8 4 9 5 10 1 3 
20180909382 6 5 9 8 3 1 7 10 2 4 
20180909383 4 3 9 10 7 1 8 5 2 6 
20180909384 1 6 7 3 8 2 5 9 4 10 
20180909385 4 10 1 8 3 5 6 9 2 7 
20180909386 3 6 8 1 2 5 7 9 4 10 
20180909387 5 6 1 7 2 9 4 8 10 3 
20180909388 5 8 3 2 9 10 7 6 4 1 
20180909389 3 5 9 4 1 2 6 10 8 7 
20180909390 3 9 10 4 8 1 2 5 6 7 
20180909391 2 9 7 3 5 1 6 10 8 4 
20180909392 9 5 10 1 4 3 7 2 6 8 
20180909393 2 1 9 10 6 5 4 8 7 3 
20180909394 9 5 6 8 2 3 7 4 1 10 
20180909395 6 8 3 1 4 5 7 2 10 9 
20180909396 9 2 8 1 5 3 6 10 4 7 
20180909397 10 6 1 3 5 2 9 4 7 8 
20180909398 7 4 2 9 8 5 3 6 10 1 
20180909399 10 6 5 2 1 4 9 8 3 7 
20180909400 9 1 5 10 6 8 7 3 2 4 
20180909401 2 9 7 6 3 5 1 8 4 10 
20180909402 3 5 2 4 1 7 9 10 6 8 
20180909403 10 5 6 3 1 9 4 2 7 8 
20180909404 2 1 8 6 3 5 9 10 4 7 
20180909405 10 4 6 3 5 1 9 2 8 7 
20180909406 4 2 6 8 10 5 9 1 7 3 
20180909407 9 6 1 5 2 3 8 10 4 7 
20180909408 6 2 1 5 9 8 10 7 4 3 
20180909409 3 4 9 2 1 6 7 10 5 8 
20180909410 7 2 1 8 5 9 6 3 4 10 
20180909411 5 1 7 9 10 4 2 6 3 8 
20180909412 1 3 2 9 6 7 8 5 4 10 
20180909413 6 7 8 4 9 5 3 1 2 10 
20180909414 5 7 1 6 3 4 8 2 10 9 
20180909415 2 5 3 10 4 7 9 1 8 6 
20180909416 2 10 5 4 8 9 1 3 7 6 
20180909417 4 8 2 6 3 1 7 9 10 5 
20180909418 3 10 7 4 5 2 6 9 8 1 
20180909419 5 10 2 3 8 6 7 1 4 9 
20180909420 10 6 5 8 4 2 9 7 1 3 
20180909421 6 2 5 8 7 4 10 3 1 9 
20180909422 1 6 10 5 8 4 9 7 3 2 
20180909423 3 4 5 9 2 10 7 8 6 1 
20180909424 10 8 1 6 9 3 5 2 7 4 
20180909425 1 9 5 2 4 8 10 6 3 7 
20180909426 5 6 8 2 10 1 4 7 3 9 
20180909427 10 5 7 6 1 9 8 3 2 4 
20180909428 7 6 5 2 4 10 8 1 9 3 
20180909429 9 8 2 5 6 4 3 1 10 7 
20180909430 5 10 2 4 6 3 7 8 1 9 
20180909431 3 7 2 5 6 4 1 10 8 9 
20180909432 10 4 2 3 5 9 7 1 6 8 
20180909433 10 6 3 9 4 5 7 2 8 1 
20180909434 5 1 3 7 10 4 6 8 2 9 
20180909435 6 4 1 10 7 5 3 2 8 9 
20180909436 7 2 9 10 8 5 6 1 4 3 
20180909437 9 5 1 4 6 3 8 10 2 7 
20180909438 9 4 10 7 1 8 3 5 2 6 
20180909439 4 6 10 7 3 8 5 1 9 2 
20180909440 6 1 5 4 3 9 8 2 10 7 
20180909441 9 1 6 5 10 2 7 3 4 8 
20180909442 8 9 10 3 4 7 6 5 2 1 
20180909443 6 5 2 7 8 4 3 9 1 10 
20180909444 6 3 4 7 9 5 2 8 10 1 
20180909445 8 9 7 2 3 6 10 1 4 5 
20180909446 6 8 7 1 4 2 9 10 3 5 
20180909447 6 5 4 9 2 10 7 1 3 8 
20180909448 10 9 6 1 8 4 7 5 2 3 
20180909449 4 5 1 2 3 7 9 8 6 10 
20180909450 4 10 1 8 6 3 9 2 7 5 
20180909451 8 6 2 9 3 4 10 5 1 7 
20180909452 7 3 1 9 2 10 6 4 5 8 
20180909453 8 5 6 7 2 4 9 10 1 3 
20180909454 4 6 8 7 2 9 3 1 5 10 
20180909455 8 10 2 3 7 9 6 1 4 5 
20180909456 9 4 7 3 10 5 6 8 2 1 
20180909457 8 6 7 10 3 1 2 5 4 9 
20180909458 7 8 9 1 3 10 5 2 4 6 
20180909459 4 9 7 3 6 8 1 2 10 5 
20180909460 5 7 10 6 1 2 8 4 3 9 
20180909461 2 7 3 8 4 9 1 10 5 6 
20180909462 8 4 9 2 3 1 5 7 10 6 
20180909463 4 10 1 8 6 2 7 3 9 5 
20180909464 7 1 9 2 8 3 4 6 10 5 
20180909465 10 4 1 5 3 2 6 9 7 8 
20180909466 4 2 1 8 10 3 5 7 6 9 
20180909467 9 5 8 3 4 1 10 6 2 7 
20180909468 2 3 6 5 4 8 10 9 1 7 
20180909469 4 9 5 1 10 3 2 7 8 6 
20180909470 4 8 1 10 6 3 2 7 9 5 
20180909471 5 10 2 3 7 9 6 4 1 8 
20180909472 8 10 2 5 4 9 6 7 1 3 
20180909473 8 7 3 2 1 6 9 10 4 5 
20180909474 1 7 9 8 10 5 4 6 2 3 
20180909475 2 6 10 7 5 1 9 3 4 8 
20180909476 4 9 6 5 10 2 7 3 8 1 
20180909477 6 3 10 9 8 7 1 4 2 5 
20180909478 3 2 5 6 1 4 7 10 9 8 
20180909479 9 3 6 1 4 5 2 8 10 7 
20180909480 10 2 9 7 1 6 5 8 3 4 
20180909481 4 3 9 7 1 6 5 8 2 10 
20180909482 5 7 9 10 3 6 1 8 2 4 
20180909483 3 1 6 10 4 9 5 2 7 8 
20180909484 2 3 6 8 4 7 5 9 1 10 
20180909485 3 10 8 4 1 7 6 9 2 5 
20180909486 5 6 8 3 2 10 4 9 1 7 
20180909487 2 3 7 10 9 1 5 8 4 6 
20180909488 10 4 6 3 8 2 7 9 5 1 
20180909489 9 8 3 6 2 1 7 10 5 4 
20180909490 7 9 4 1 6 5 8 3 10 2 
20180909491 10 3 2 9 8 1 6 5 7 4 
20180909492 8 5 2 7 4 6 10 3 9 1 
20180909493 4 10 2 8 1 5 6 9 7 3 
20180909494 10 3 6 9 2 4 1 5 7 8 
20180909495 5 8 1 7 4 2 10 9 6 3 
20180909496 1 2 5 10 3 8 6 9 7 4 
20180909497 5 9 3 8 6 7 2 10 1 4 
20180909498 5 10 8 1 4 6 9 7 3 2 
20180909499 3 2 6 7 9 5 8 4 10 1 
20180909500 4 9 10 5 3 8 6 1 7 2 
20180909501 1 10 7 6 2 5 9 4 8 3 
20180909502 3 9 2 4 1 10 7 5 8 6 
20180909503 7 10 3 9 8 2 4 6 5 1 
20180909504 6 9 1 5 2 3 10 7 8 4 
20180909505 3 8 9 1 4 6 5 2 10 7 
20180909506 1 5 9 6 3 8 7 4 2 10 
20180909507 1 9 2 4 7 10 3 6 5 8 
20180909508 1 9 10 3 5 7 2 8 6 4 
20180909509 8 4 1 5 3 6 2 9 7 10 
20180909510 9 6 1 4 8 7 2 3 5 10 
20180909511 9 1 7 6 8 4 5 2 3 10 
20180909512 2 9 5 3 1 7 8 4 6 10 
20180909513 6 10 5 7 2 1 4 3 8 9 
20180909514 8 2 7 3 5 6 9 1 10 4 
20180909515 3 4 9 6 5 7 10 1 2 8 
20180909516 3 7 2 4 8 6 9 10 1 5 
20180909517 7 3 6 5 2 1 8 9 10 4 
20180909518 2 8 4 6 1 9 10 5 3 7 
20180909519 4 5 8 6 9 1 7 10 2 3 
20180909520 1 2 8 3 7 9 6 5 4 10 
20180909521 6 2 10 8 4 3 7 1 5 9 
20180909522 5 10 4 6 2 3 8 1 9 7 
20180909523 10 7 6 4 1 8 9 3 5 2 
20180909524 3 4 8 7 2 9 1 6 10 5 
20180909525 8 3 5 9 4 7 6 2 1 10 
20180909526 5 7 10 2 6 8 9 3 4 1 
20180909527 10 8 4 6 9 3 1 2 7 5 
20180909528 2 10 3 6 8 7 9 4 5 1 
20180909529 4 9 3 5 1 10 6 7 8 2 
20180909530 10 5 6 9 4 7 1 3 2 8 
20180909531 3 4 6 7 8 1 2 9 5 10 
20180909532 5 2 10 7 4 8 3 9 1 6 
20180909533 7 1 6 8 4 5 2 3 10 9 
20180909534 7 9 8 4 2 6 10 3 5 1 
20180909535 10 5 6 3 8 2 9 4 1 7 
20180909536 9 1 8 7 3 6 10 4 5 2 
20180909537 9 1 4 8 3 2 7 5 6 10 
20180909538 7 1 6 3 2 5 9 4 10 8 
20180909539 1 7 4 6 9 10 3 8 5 2 
20180909540 2 7 10 6 4 9 3 8 5 1 
20180909541 3 7 1 9 5 2 6 4 8 10 
20180909542 7 6 5 1 2 8 9 3 4 10 
20180909543 9 10 8 7 2 6 4 3 5 1 
20180909544 2 5 3 10 1 6 9 8 7 4 
20180909545 2 3 7 1 5 10 8 4 6 9 
20180909546 4 6 3 8 9 10 7 1 2 5 
20180909547 6 4 1 10 2 5 9 7 8 3 
20180909548 1 10 2 9 5 4 8 7 3 6 
20180909549 10 4 7 5 1 3 2 6 8 9 
20180909550 2 3 10 1 7 5 9 8 4 6 
20180909551 6 1 8 4 9 5 2 3 7 10 
20180909552 8 2 5 6 3 4 7 10 9 1 
20180909553 3 8 1 6 9 7 4 2 5 10 
20180909554 10 6 8 5 4 7 9 3 1 2 
20180909555 2 6 7 3 8 9 10 1 5 4 
20180909556 1 6 4 5 10 9 2 7 3 8 
20180909557 9 3 10 1 2 6 4 8 5 7 
20180909558 4 3 8 2 9 1 5 7 6 10 
20180909559 5 8 4 9 6 10 2 7 1 3 
20180909560 3 4 10 5 6 2 9 8 7 1 
20180909561 3 2 10 1 5 6 7 9 8 4 
20180909562 8 6 3 5 9 7 10 2 4 1 
20180909563 5 4 9 1 10 2 3 8 6 7 
20180909564 8 4 3 7 2 1 6 9 5 10 
20180909565 9 8 5 7 3 2 6 1 4 10 
20180909566 5 4 9 1 8 3 6 10 2 7 
20180909567 10 8 1 9 4 2 3 7 5 6 
20180909568 10 1 7 4 2 5 3 9 8 6 
20180909569 2 6 7 10 3 8 4 1 9 5 
20180909570 4 6 7 9 2 1 8 10 3 5 
20180909571 2 7 5 1 3 6 8 9 4 10 
20180909572 1 10 7 5 2 9 6 3 8 4 
20180909573 9 10 1 3 4 7 8 6 2 5 
20180909574 5 2 1 4 8 9 3 6 10 7 
20180909575 1 3 9 6 5 8 2 10 7 4 
20180909576 8 10 4 1 2 7 9 5 6 3 
20180909577 6 8 4 2 9 7 10 3 5 1 
20180909578 4 6 3 5 1 8 2 7 10 9 
20180909579 5 7 9 8 2 1 4 3 6 10 
20180909580 5 10 3 2 7 1 8 4 9 6 
20180909581 5 1 3 9 2 8 6 10 7 4 
20180909582 2 10 6 8 3 1 4 7 9 5 
20180909583 8 3 10 1 9 4 6 7 2 5 
20180909584 4 2 8 3 7 5 1 9 10 6 
20180909585 8 9 5 2 3 4 6 7 10 1 
20180909586 7 8 9 4 10 3 6 2 5 1 
20180909587 1 2 7 5 6 4 9 3 8 10 
20180909588 8 4 6 9 5 3 1 10 7 2 
20180909589 6 1 4 8 3 9 2 5 7 10 
20180909590 2 5 8 9 4 7 3 6 10 1 
20180909591 2 9 8 1 7 3 10 4 5 6 
20180909592 8 9 3 1 6 5 4 10 2 7 
20180909593 1 2 8 4 7 10 5 9 6 3 
20180909594 8 9 2 1 3 6 4 10 5 7 
20180909595 7 3 2 8 6 4 5 9 1 10 
20180909596 2 1 5 7 6 4 3 10 8 9 
20180909597 9 3 10 7 8 5 1 6 2 4 
20180909598 9 8 10 7 1 3 6 4 2 5 
20180909599 9 4 10 7 6 1 2 5 8 3 
20180909600 10 6 3 9 2 4 5 8 7 1 
20180909601 3 7 2 5 4 10 1 6 9 8 
20180909602 6 8 1 10 5 2 3 4 9 7 
20180909603 9 10 5 4 3 1 6 8 2 7 
20180909604 7 1 4 2 3 5 6 10 9 8 
20180909605 1 3 6 4 5 2 8 7 10 9 
20180909606 7 10 4 2 3 6 5 8 1 9 
20180909607 7 8 1 2 5 10 9 6 3 4 
20180909608 1 5 7 4 2 9 3 10 8 6 
20180909609 8 9 1 10 6 7 2 4 3 5 
20180909610 3 8 6 1 10 9 5 7 4 2 
20180909611 2 1 4 10 7 5 6 9 8 3 
20180909612 3 10 5 2 6 7 8 9 4 1 
20180909613 3 5 8 4 2 9 1 7 6 10 
20180909614 4 1 7 5 6 3 9 10 2 8 
20180909615 10 9 3 8 6 7 1 2 4 5 
20180909616 6 3 4 9 10 8 7 5 1 2 
20180909617 6 3 4 7 10 5 1 2 8 9 
20180909618 8 2 5 3 6 7 4 9 1 10 
20180909619 3 10 6 1 9 4 5 2 8 7 
20180909620 7 1 4 10 9 2 6 5 3 8 
20180909621 7 9 8 5 2 6 1 3 10 4 
20180909622 7 9 5 2 6 8 1 10 4 3 
20180909623 5 9 3 8 6 2 7 1 4 10 
20180909624 2 10 6 8 9 7 3 5 4 1 
20180909625 8 4 2 9 3 1 5 7 6 10 
20180909626 9 1 5 6 3 8 7 10 2 4 
20180909627 6 10 8 5 2 4 3 7 9 1 
20180909628 1 6 4 2 9 5 3 10 7 8 
20180909629 7 3 10 9 2 6 1 5 8 4 
20180909630 5 8 4 2 9 3 10 1 7 6 
20180909631 8 2 9 10 3 5 1 4 7 6 
20180909632 5 8 1 7 3 4 9 2 6 10 
20180909633 7 9 4 8 6 10 1 2 5 3 
20180909634 6 10 5 8 9 2 4 7 3 1 
20180909635 7 5 8 4 9 2 10 3 6 1 
20180909636 7 4 1 10 5 3 9 2 8 6 
20180909637 3 5 8 1 2 6 7 10 4 9 
20180909638 1 8 5 4 9 3 2 6 7 10 
20180909639 8 3 1 10 5 7 2 9 4 6 
20180909640 6 2 1 9 10 7 3 8 5 4 
20180909641 4 6 2 7 5 10 9 8 1 3 
20180909642 4 9 10 5 1 3 8 7 6 2 
20180909643 6 4 10 7 9 8 3 2 5 1 
20180909644 9 1 5 8 6 3 4 10 7 2 
20180909645 6 5 1 3 7 4 10 8 9 2 
20180909646 10 8 4 7 2 6 1 5 9 3 
20180909647 3 8 6 7 10 5 4 9 1 2 
20180909648 10 8 5 7 4 6 3 9 1 2 
20180909649 5 7 3 9 1 10 4 6 8 2 
20180909650 6 10 8 1 9 5 4 7 2 3 
20180909651 10 3 6 2 1 9 5 7 4 8 
20180909652 8 3 5 10 2 9 7 6 4 1 
20180909653 3 6 8 10 5 4 2 1 9 7 
20180909654 6 10 3 5 7 9 1 4 8 2 
20180909655 3 2 1 10 7 4 9 6 5 8 
20180909656 9 10 6 2 4 8 3 5 1 7 
20180909657 9 10 4 2 8 1 6 5 7 3 
20180909658 4 9 7 8 3 6 5 2 1 10 
20180909659 4 8 3 10 5 1 2 6 9 7 
20180909660 1 5 3 4 2 7 8 6 9 10 
20180909661 1 2 10 3 9 7 8 4 5 6 
20180909662 3 5 2 10 6 8 7 1 9 4 
20180909663 9 1 3 6 2 7 8 5 4 10 
20180909664 5 1 10 2 4 9 6 8 7 3 
20180909665 6 10 8 9 7 3 2 4 1 5 
20180909666 3 8 9 4 10 1 5 2 7 6 
20180909667 6 9 5 4 3 8 1 7 10 2 
20180909668 9 6 8 7 10 3 4 2 1 5 
20180909669 5 7 9 10 4 1 3 6 8 2 
20180909670 4 5 2 7 6 3 1 9 10 8 
20180909671 8 4 6 1 9 10 3 2 5 7 
20180909672 8 4 6 3 10 5 9 7 2 1 
20180909673 1 4 5 10 9 6 2 7 3 8 
20180909674 6 2 4 9 8 10 1 3 5 7 
20180909675 5 8 9 6 1 3 4 7 10 2 
20180909676 5 6 3 9 1 7 10 2 8 4 
20180909677 3 7 6 2 1 8 5 9 10 4 
20180909678 7 1 6 5 3 9 10 8 4 2 
20180909679 3 9 1 7 6 5 2 4 10 8 
20180909680 8 9 4 10 7 5 2 3 1 6 
20180909681 1 7 3 4 10 8 9 2 6 5 
20180909682 9 10 2 8 1 7 5 4 6 3 
20180909683 8 6 4 3 10 2 7 9 1 5 
20180909684 1 4 9 2 10 6 3 5 8 7 
20180909685 9 6 4 7 5 8 10 3 1 2 
20180909686 3 4 1 5 2 8 10 9 7 6 
20180909687 8 6 4 1 9 5 3 7 2 10 
20180909688 10 5 3 8 7 1 2 6 9 4 
20180909689 8 7 3 4 6 1 5 10 2 9 
20180909690 6 2 9 7 5 4 8 3 10 1 
20180909691 4 7 3 9 2 6 8 1 10 5 
20180909692 1 3 8 4 6 9 2 10 7 5 
20180909693 5 6 10 2 3 8 1 4 7 9 
20180909694 8 5 6 1 4 2 7 10 3 9 
20180909695 6 8 5 4 7 2 3 9 1 10 
20180909696 10 2 1 9 8 3 4 7 5 6 
20180909697 2 5 6 7 4 10 8 3 1 9 
20180909698 5 8 9 7 4 10 6 1 3 2 
20180909699 5 2 4 6 7 3 1 10 9 8 
20180909700 2 1 4 7 6 5 3 10 8 9 
20180909701 7 5 4 2 9 10 1 6 8 3 
20180909702 8 4 9 6 5 1 2 10 7 3 
20180909703 8 7 3 9 4 10 1 5 2 6 
20180909704 7 2 5 6 8 1 4 3 10 9 
20180909705 8 2 1 3 9 7 5 6 10 4 
20180909706 3 2 7 10 8 4 6 5 1 9 
20180909707 3 1 6 9 8 4 5 10 2 7 
20180909708 7 9 4 6 10 5 1 2 8 3 
20180909709 1 6 4 8 5 7 10 9 3 2 
20180909710 9 5 6 1 10 8 2 3 7 4 
20180909711 3 9 10 6 8 5 1 2 4 7 
20180909712 1 3 8 4 7 5 10 6 9 2 
20180909713 10 3 7 2 1 9 6 4 8 5 
20180909714 1 3 2 5 4 10 9 8 7 6 
20180909715 1 7 9 6 4 5 3 10 8 2 
20180909716 7 10 1 9 2 5 6 3 4 8 
20180909717 10 9 4 8 6 7 1 5 2 3 
20180909718 1 7 10 3 6 4 9 8 2 5 
20180909719 7 8 1 5 2 4 6 9 10 3 
20180909720 6 10 4 3 1 5 8 2 7 9 
20180909721 3 10 7 4 1 5 2 9 8 6 
20180909722 4 7 9 3 6 10 1 2 5 8 
20180909723 7 6 2 4 5 10 8 9 1 3 
20180909724 3 8 2 6 1 10 7 9 4 5 
20180909725 7 10 2 8 3 5 1 6 4 9 
20180909726 2 5 6 8 1 3 4 10 9 7 
20180909727 7 8 3 4 10 1 6 2 9 5 
20180909728 10 2 8 6 3 5 7 9 1 4 
20180909729 10 9 5 7 4 3 2 1 8 6 
20180909730 4 6 8 7 9 10 1 5 2 3 
20180909731 7 2 9 4 5 3 8 6 10 1 
20180909732 4 10 8 9 2 1 7 6 3 5 
20180909733 9 7 5 3 6 8 10 2 1 4 
20180909734 8 5 3 6 4 2 9 7 10 1 
20180909735 7 9 6 3 10 2 4 8 1 5 
20180909736 6 8 10 3 9 4 5 7 1 2 
20180909737 6 10 2 5 1 9 4 8 7 3 
20180909738 6 2 3 9 10 5 1 4 7 8 
20180909739 10 5 9 6 8 2 7 1 3 4 
20180909740 2 8 1 3 10 5 7 9 6 4 
20180909741 9 5 7 3 10 2 1 8 4 6 
20180909742 6 1 8 10 9 5 3 2 7 4 
20180909743 7 3 8 5 1 2 6 10 4 9 
20180909744 2 4 8 1 10 5 6 9 7 3 
20180909745 1 9 6 8 5 10 7 3 4 2 
20180909746 1 10 8 7 4 2 3 6 5 9 
20180909747 10 3 6 5 8 2 9 7 1 4 
20180909748 2 10 8 7 6 5 3 9 4 1 
20180909749 9 3 5 4 6 10 7 8 1 2 
20180909750 8 6 7 5 3 4 1 2 10 9 
20180909751 9 1 8 4 6 3 2 5 10 7 
20180909752 8 3 7 9 10 2 1 5 6 4 
20180909753 7 5 1 6 8 10 4 3 2 9 
20180909754 9 3 10 1 7 6 2 4 8 5 
20180909755 5 6 3 8 1 9 7 4 10 2 
20180909756 5 10 9 8 4 1 3 6 2 7 
20180909757 1 2 6 10 8 5 9 3 4 7 
20180909758 6 4 5 7 10 8 9 2 1 3 
20180909759 2 10 5 3 6 1 4 9 8 7 
20180909760 1 2 3 8 9 7 5 6 4 10 
20180909761 7 2 1 10 4 8 6 3 9 5 
20180909762 1 2 3 10 5 8 6 9 4 7 
20180909763 6 7 5 2 8 4 10 1 9 3 
20180909764 7 5 2 10 4 9 3 6 1 8 
20180909765 2 4 6 10 7 1 8 3 5 9 
20180909766 5 1 7 9 2 4 6 3 10 8 
20180909767 7 1 5 9 10 8 6 2 3 4 
20180909768 4 9 3 5 2 1 10 6 7 8 
20180909769 9 8 6 10 2 5 3 1 4 7 
20180909770 6 8 4 10 9 2 1 3 5 7 
20180909771 8 6 10 4 3 1 2 7 9 5 
20180909772 2 5 6 3 8 4 7 9 10 1 
20180909773 1 4 5 7 8 3 10 6 2 9 
20180909774 2 9 5 4 3 1 10 6 7 8 
20180909775 9 7 1 4 10 2 5 3 6 8 
20180909776 7 10 1 5 2 3 4 6 9 8 
20180909777 6 7 5 3 4 10 8 9 2 1 
20180909778 4 3 5 2 7 6 10 1 8 9 
20180909779 7 1 4 9 3 6 10 5 2 8 
20180909780 9 10 4 7 5 2 8 1 6 3 
20180909781 1 7 5 2 8 10 4 6 3 9 
20180909782 3 4 8 5 9 7 10 2 1 6 
20180909783 6 9 3 8 10 5 2 7 1 4 
20180909784 6 4 8 5 1 10 2 3 9 7 
20180909785 4 5 9 1 7 10 6 3 2 8 
20180909786 8 2 9 6 4 10 1 7 3 5 
20180909787 5 1 7 8 2 9 4 10 6 3 
20180909788 9 5 8 10 4 2 7 3 6 1 
20180909789 2 6 1 4 9 10 3 7 5 8 
20180909790 10 6 8 4 2 1 9 3 5 7 
20180909791 4 6 5 10 2 8 9 7 3 1 
20180909792 1 2 8 4 6 5 10 7 9 3 
20180909793 9 6 4 7 3 2 5 1 10 8 
20180909794 7 3 10 5 4 9 1 8 6 2 
20180909795 9 10 6 7 5 4 3 8 2 1 
20180909796 3 6 10 9 2 4 1 5 8 7 
20180909797 5 1 10 2 8 3 4 9 7 6 
20180909798 4 8 9 10 1 3 7 6 5 2 
20180909799 3 1 7 10 9 8 4 2 6 5 
20180909800 1 2 7 9 6 10 8 5 4 3 
20180909801 9 8 10 5 2 6 7 3 1 4 
20180909802 4 6 9 5 2 1 8 7 10 3 
20180909803 4 2 7 6 1 10 5 8 3 9 
20180909804 10 6 5 9 1 4 7 3 8 2 
20180909805 2 9 10 3 7 1 8 4 5 6 
20180909806 7 8 3 4 6 1 2 5 9 10 
20180909807 6 5 2 10 7 3 9 4 8 1 
20180909808 3 9 10 7 4 1 5 8 2 6 
20180909809 8 5 4 7 9 1 10 6 2 3 
20180909810 5 9 1 6 7 4 8 2 10 3 
20180909811 5 1 3 7 10 2 6 8 9 4 
20180909812 10 5 9 8 3 4 7 1 2 6 
20180909813 5 4 3 6 8 2 7 10 1 9 
20180909814 9 8 10 6 4 1 3 7 2 5 
20180909815 1 4 10 5 2 9 8 7 3 6 
20180909816 3 10 6 7 4 5 1 8 2 9 
20180909817 10 2 7 4 9 5 3 6 1 8 
20180909818 6 5 3 2 1 4 9 8 7 10 
20180909819 3 2 9 1 8 5 7 6 4 10 
20180909820 6 10 1 2 4 5 7 3 8 9 
20180909821 7 4 8 10 9 6 1 2 3 5 
20180909822 1 10 5 9 2 4 7 6 3 8 
20180909823 6 4 5 1 10 9 7 3 8 2 
20180909824 3 2 10 8 5 6 7 4 9 1 
20180909825 10 1 5 9 8 4 7 3 6 2 
20180909826 7 4 8 9 2 10 5 1 6 3 
20180909827 1 8 9 3 7 4 10 5 6 2 
20180909828 3 8 7 9 4 6 10 1 2 5 
20180909829 8 10 5 7 9 3 1 6 2 4 
20180909830 4 3 2 6 10 5 1 8 7 9 
20180909831 7 8 1 3 4 9 10 6 5 2 
20180909832 1 7 4 6 10 9 8 5 3 2 
20180909833 8 5 2 1 10 4 3 6 7 9 
20180909834 6 1 2 4 3 10 8 9 5 7 
20180909835 8 7 10 1 6 4 3 9 2 5 
20180909836 9 8 2 1 10 5 7 6 4 3 
20180909837 9 1 5 3 10 7 4 2 6 8 
20180909838 6 1 8 2 9 10 4 7 3 5 
20180909839 9 5 1 6 4 8 10 3 2 7 
20180909840 4 9 5 7 2 1 8 6 3 10 
20180909841 3 1 5 7 9 8 2 10 4 6 
20180909842 9 6 4 2 8 1 7 3 5 10 
20180909843 5 6 2 1 7 9 8 3 4 10 
20180909844 9 7 8 10 6 3 5 1 4 2 
20180909845 5 1 6 7 2 10 3 8 4 9 
20180909846 7 1 4 2 5 6 9 3 10 8 
20180909847 8 7 1 9 3 2 4 5 6 10 
20180909848 2 5 8 7 10 3 4 1 6 9 
20180909849 1 4 5 10 3 2 7 6 8 9 
20180909850 5 4 6 10 7 9 2 3 1 8 
20180909851 3 10 4 5 6 1 7 2 9 8 
20180909852 8 10 2 1 5 7 6 3 9 4 
20180909853 7 8 1 4 9 5 3 6 10 2 
20180909854 2 4 1 3 7 10 9 8 5 6 
20180909855 10 9 3 5 1 2 7 4 6 8 
20180909856 5 4 7 8 10 9 2 6 1 3 
20180909857 3 1 10 9 4 2 8 6 7 5 
20180909858 8 7 1 9 5 10 4 3 2 6 
20180909859 3 7 9 1 4 10 6 8 2 5 
20180909860 1 7 2 5 8 9 3 4 10 6 
20180909861 3 5 7 1 4 10 8 9 2 6 
20180909862 9 8 7 10 5 1 6 2 3 4 
20180909863 5 9 8 2 3 4 1 10 6 7 
20180909864 10 7 5 8 1 2 9 4 3 6 
20180909865 10 7 2 6 3 9 8 4 5 1 
20180909866 10 6 8 2 1 3 9 5 4 7 
20180909867 2 7 5 8 3 4 10 6 1 9 
20180909868 10 3 2 4 9 5 1 6 7 8 
20180909869 8 3 5 4 9 1 7 6 2 10 
20180909870 10 5 2 7 3 4 8 1 6 9 
20180909871 5 4 6 2 8 3 10 1 9 7 
20180909872 4 1 8 3 7 2 5 6 9 10 
20180909873 9 4 2 8 3 10 5 1 7 6 
20180909874 3 9 10 6 7 1 4 5 2 8 
20180909875 5 3 6 7 1 4 9 10 2 8 
20180909876 7 5 8 9 6 1 3 10 2 4 
20180909877 3 5 10 6 1 8 2 7 4 9 
20180909878 1 3 7 2 6 5 4 8 9 10 
20180909879 5 3 8 9 10 4 6 1 2 7 
20180909880 2 1 6 9 8 3 5 4 7 10 
20180909881 10 4 1 2 3 9 5 6 8 7 
20180909882 6 9 2 8 1 3 5 7 4 10 
20180909883 5 10 2 1 4 3 9 6 8 7 
20180909884 6 4 2 7 3 1 9 8 5 10 
20180909885 1 6 2 9 10 7 5 8 3 4 
20180909886 2 6 3 7 4 5 9 10 8 1 
20180909887 1 7 10 2 3 6 9 4 5 8 
20180909888 8 7 10 1 5 9 2 6 3 4 
20180909889 1 4 10 3 8 6 9 5 2 7 
20180909890 4 10 1 9 3 7 6 8 2 5 
20180909891 7 2 1 5 4 6 10 3 9 8 
20180909892 4 7 2 3 1 10 9 6 5 8 
20180909893 4 8 2 3 10 9 1 7 5 6 
20180909894 1 6 8 2 5 3 7 4 10 9 
20180909895 3 7 2 10 8 9 5 4 1 6 
20180909896 1 6 10 4 7 8 2 9 3 5 
20180909897 5 6 9 8 3 7 1 2 4 10 
20180909898 8 6 10 7 1 2 4 9 5 3 
20180909899 8 5 6 4 3 7 9 1 2 10 
20180909900 3 7 5 10 8 4 2 6 9 1 
20180909901 6 2 3 5 7 10 4 1 9 8 
20180909902 2 10 3 8 7 6 1 5 9 4 
20180909903 2 9 4 5 6 3 10 7 1 8 
20180909904 8 3 7 1 4 5 9 2 6 10 
20180909905 4 8 7 5 3 10 1 9 6 2 
20180909906 6 3 2 1 4 9 7 5 10 8 
20180909907 9 5 6 3 2 1 10 7 8 4 
20180909908 9 10 3 4 6 8 2 5 7 1 
20180909909 7 3 6 9 4 10 1 8 2 5 
20180909910 8 1 6 5 10 3 2 4 7 9 
20180909911 8 1 10 3 4 7 5 6 2 9 
20180909912 4 3 2 5 9 6 7 8 10 1 
20180909913 1 5 10 4 9 3 2 8 7 6 
20180909914 1 9 4 6 10 5 7 2 8 3 
20180909915 1 4 9 6 8 5 2 7 10 3 
20180909916 4 8 6 5 10 3 9 2 7 1 
20180909917 7 1 2 8 10 4 3 6 9 5 
20180909918 5 9 7 2 1 3 10 8 4 6 
20180909919 2 8 4 6 7 1 9 3 10 5 
20180909920 7 3 10 4 8 9 5 2 6 1 
20180909921 5 9 10 8 7 4 6 1 3 2 
20180909922 1 8 4 3 9 5 7 10 2 6 
20180909923 5 1 8 9 4 2 10 6 3 7 
20180909924 4 9 2 8 10 7 1 3 6 5 
20180909925 9 2 4 3 8 5 10 1 7 6 
20180909926 2 9 6 1 5 3 4 7 8 10 
20180909927 10 7 5 1 2 4 9 8 3 6 
20180909928 7 9 1 2 4 3 8 6 10 5 
20180909929 1 4 5 2 9 10 7 3 8 6 
20180909930 9 1 10 2 3 5 4 8 7 6 
20180909931 7 10 2 1 4 8 9 5 3 6 
20180909932 3 9 1 10 7 5 4 8 2 6 
20180909933 10 2 7 9 3 4 8 6 1 5 
20180909934 8 4 7 1 9 6 3 10 2 5 
20180909935 9 2 7 6 1 5 4 3 10 8 
20180909936 2 8 7 4 6 3 1 5 9 10 
20180909937 8 7 5 1 10 2 9 3 4 6 
20180909938 7 1 6 9 4 8 10 3 5 2 
20180909939 7 2 1 9 3 10 4 5 8 6 
20180909940 5 9 2 1 8 6 4 10 7 3 
20180909941 2 4 6 10 7 1 9 3 8 5 
20180909942 4 10 1 3 2 7 8 5 9 6 
20180909943 3 2 9 6 4 8 10 1 5 7 
20180909944 4 3 5 2 9 7 6 8 10 1 
20180909945 1 9 3 6 8 5 10 7 4 2 
20180909946 6 1 3 8 10 9 4 5 2 7 
20180909947 2 4 7 1 10 3 8 6 9 5 
20180909948 1 6 8 7 3 10 9 2 4 5 
20180909949 4 3 7 1 9 2 10 5 8 6 
20180909950 8 1 10 2 7 3 9 6 5 4 
20180909951 4 8 1 6 5 7 3 10 2 9 
20180909952 5 4 1 7 10 2 6 9 8 3 
20180909953 6 5 2 1 3 4 9 7 8 10 
20180909954 9 4 6 7 5 8 10 1 3 2 
20180909955 3 7 9 1 8 5 10 4 6 2 
20180909956 2 8 9 7 6 3 1 10 4 5 
20180909957 10 6 3 1 4 9 2 7 5 8 
20180909958 7 10 8 2 4 9 3 5 1 6 
20180909959 2 4 6 8 7 3 9 10 1 5 
20180909960 9 5 8 10 4 7 2 6 1 3 
20180909961 2 4 3 6 1 10 8 5 9 7 
20180909962 6 9 1 3 7 8 10 4 5 2 
20180909963 1 7 4 2 10 6 9 8 5 3 
20180909964 10 2 5 3 7 8 1 6 9 4 
20180909965 2 1 8 9 7 6 5 4 3 10 
20180909966 4 8 9 10 3 7 2 5 1 6 
20180909967 7 6 9 10 4 1 5 2 3 8 
20180909968 3 10 7 9 6 1 2 5 8 4 
20180909969 10 4 3 7 2 1 5 6 9 8 
20180909970 4 2 5 10 7 8 3 1 6 9 
20180909971 7 5 1 8 6 3 2 4 9 10 
20180909972 1 2 3 6 7 4 10 8 5 9 
20180909973 5 3 2 6 7 8 10 9 1 4 
20180909974 2 4 5 8 3 1 7 6 9 10 
20180909975 10 5 8 6 9 3 1 2 4 7 
20180909976 7 10 2 8 5 6 9 3 4 1 
20180909977 1 4 3 8 10 5 9 6 7 2 
20180909978 6 10 5 9 8 1 4 3 7 2 
20180909979 2 7 1 10 6 3 5 4 8 9 
20180909980 6 8 2 5 10 3 7 9 4 1 
20180909981 7 9 1 3 8 5 10 6 2 4 
20180909982 6 5 2 8 4 9 1 7 10 3 
20180909983 3 10 5 2 4 9 7 1 8 6 
20180909984 8 9 4 10 1 3 5 7 2 6 
20180909985 4 10 2 3 7 9 6 5 8 1 
20180910001 7 1 4 5 2 10 6 3 9 8 
