20180906002 6 10 9 8 3 2 5 7 4 1 
20180906003 3 10 2 4 7 8 5 6 1 9 
20180906004 8 9 3 1 7 2 4 6 10 5 
20180906005 7 3 4 10 8 2 9 6 1 5 
20180906006 5 7 2 6 4 10 8 9 3 1 
20180906007 2 10 3 8 1 5 7 9 4 6 
20180906008 9 10 3 8 6 4 2 5 1 7 
20180906009 3 7 8 1 6 5 9 4 2 10 
20180906010 8 2 4 6 5 9 7 1 10 3 
20180906011 3 4 10 8 7 1 9 6 2 5 
20180906012 6 2 9 4 5 3 10 1 8 7 
20180906013 9 5 7 2 8 10 4 1 6 3 
20180906014 6 10 9 3 8 4 2 5 1 7 
20180906015 5 6 1 4 2 3 10 8 7 9 
20180906016 1 7 5 3 9 8 2 6 4 10 
20180906017 8 1 6 3 10 5 4 9 2 7 
20180906018 6 3 8 9 5 7 1 2 4 10 
20180906019 4 9 8 3 2 5 7 1 6 10 
20180906020 8 6 2 3 1 7 9 4 5 10 
20180906021 4 8 5 1 6 3 9 10 2 7 
20180906022 6 2 9 3 10 7 4 5 8 1 
20180906023 9 1 7 3 4 6 10 8 5 2 
20180906024 6 10 4 9 8 5 1 7 2 3 
20180906025 9 3 1 4 6 2 5 7 8 10 
20180906026 5 10 8 3 2 4 6 7 9 1 
20180906027 10 6 7 5 2 4 9 1 8 3 
20180906028 6 1 10 2 9 5 3 7 4 8 
20180906029 7 5 6 8 3 1 4 9 2 10 
20180906030 4 3 8 5 1 7 10 6 2 9 
20180906031 7 6 5 9 4 8 1 3 10 2 
20180906032 4 6 3 7 5 10 8 9 2 1 
20180906033 2 6 10 1 7 4 5 3 9 8 
20180906034 4 3 7 8 6 9 2 10 1 5 
20180906035 9 4 3 6 2 5 7 8 10 1 
20180906036 8 7 9 5 6 10 1 3 4 2 
20180906037 5 2 9 6 3 10 7 4 8 1 
20180906038 9 4 5 3 7 10 2 1 6 8 
20180906039 10 4 8 2 5 6 1 9 7 3 
20180906040 5 6 3 9 10 7 2 4 1 8 
20180906041 9 3 4 6 5 10 2 1 7 8 
20180906042 1 10 6 3 9 7 2 5 4 8 
20180906043 10 1 5 3 2 4 9 7 6 8 
20180906044 1 10 5 3 9 7 8 4 2 6 
20180906045 9 7 10 8 5 1 4 3 2 6 
20180906046 7 5 3 2 8 4 9 1 10 6 
20180906047 6 10 4 1 9 3 7 2 5 8 
20180906048 4 7 3 6 2 8 10 1 5 9 
20180906049 6 10 8 2 9 1 4 5 7 3 
20180906050 9 1 8 4 3 10 7 6 2 5 
20180906051 5 2 1 7 6 4 9 10 3 8 
20180906052 2 7 1 8 9 3 5 6 10 4 
20180906053 2 7 9 3 4 6 5 8 1 10 
20180906054 2 10 3 7 9 1 8 6 4 5 
20180906055 8 9 5 7 2 4 3 1 6 10 
20180906056 7 10 1 3 6 4 8 2 9 5 
20180906057 1 9 6 2 10 8 5 3 7 4 
20180906058 5 2 8 10 4 3 9 1 6 7 
20180906059 10 1 9 5 8 6 3 2 7 4 
20180906060 1 9 6 8 4 3 2 10 7 5 
20180906061 2 3 8 7 5 1 10 4 6 9 
20180906062 1 9 8 5 4 10 6 3 2 7 
20180906063 4 6 8 9 1 5 2 7 3 10 
20180906064 10 7 4 3 8 9 6 5 1 2 
20180906065 4 7 8 5 3 10 2 9 6 1 
20180906066 1 10 2 7 9 8 4 6 5 3 
20180906067 7 5 2 10 1 8 3 6 4 9 
20180906068 8 9 2 7 5 4 10 6 3 1 
20180906069 5 7 8 6 2 9 1 10 3 4 
20180906070 10 2 1 5 3 9 6 7 8 4 
20180906071 2 9 7 5 3 8 6 1 10 4 
20180906072 3 4 7 9 10 8 5 2 6 1 
20180906073 10 1 4 9 8 3 2 6 7 5 
20180906074 6 5 4 1 10 2 9 8 3 7 
20180906075 6 1 8 9 4 5 3 7 2 10 
20180906076 9 7 2 10 8 5 1 3 6 4 
20180906077 6 3 9 7 1 10 2 8 4 5 
20180906078 10 9 6 3 1 2 8 7 4 5 
20180906079 3 1 5 10 8 6 2 4 7 9 
20180906080 10 4 7 5 1 9 2 3 6 8 
20180906081 7 9 6 3 4 8 10 2 1 5 
20180906082 7 6 9 4 5 10 1 8 2 3 
20180906083 2 7 6 5 3 8 10 4 1 9 
20180906084 4 2 5 3 1 6 10 8 9 7 
20180906085 1 2 3 8 7 6 5 10 4 9 
20180906086 5 8 7 6 9 2 1 10 3 4 
20180906087 2 6 8 1 5 7 4 10 9 3 
20180906088 2 3 1 5 6 8 4 9 7 10 
20180906089 4 9 1 7 2 6 5 10 3 8 
20180906090 1 5 2 10 7 9 4 6 8 3 
20180906091 2 9 7 4 8 10 3 5 1 6 
20180906092 1 10 7 2 3 4 8 5 6 9 
20180906093 5 3 10 9 7 4 6 8 1 2 
20180906094 5 7 10 4 2 3 6 9 8 1 
20180906095 4 7 5 8 6 10 2 3 9 1 
20180906096 5 3 6 9 8 1 7 4 10 2 
20180906097 10 8 5 3 2 9 6 1 4 7 
20180906098 9 3 1 2 10 4 7 5 6 8 
20180906099 3 8 4 9 10 1 2 6 5 7 
20180906100 6 8 2 9 7 5 4 10 3 1 
20180906101 9 5 4 1 7 8 10 2 6 3 
20180906102 6 9 7 1 8 3 10 5 4 2 
20180906103 7 8 3 6 2 1 5 10 9 4 
20180906104 8 5 6 4 10 9 3 2 1 7 
20180906105 7 6 5 1 9 3 2 10 8 4 
20180906106 7 5 3 10 4 6 2 1 9 8 
20180906107 1 4 2 10 8 7 5 3 6 9 
20180906108 8 4 10 2 7 3 1 6 5 9 
20180906109 9 8 5 2 6 7 1 3 10 4 
20180906110 1 9 3 7 8 4 2 10 6 5 
20180906111 4 3 8 1 10 6 2 5 9 7 
20180906112 1 3 4 2 9 8 5 6 10 7 
20180906113 4 2 1 9 8 5 3 7 6 10 
20180906114 6 7 8 2 5 1 9 4 10 3 
20180906115 10 6 2 1 7 3 8 9 5 4 
20180906116 6 3 4 1 2 8 7 5 9 10 
20180906117 1 10 4 3 2 8 9 7 6 5 
20180906118 6 2 3 9 10 5 1 8 7 4 
20180906119 6 10 4 3 2 1 8 9 7 5 
20180906120 3 7 10 2 9 5 6 1 4 8 
20180906121 2 4 7 1 9 5 3 8 10 6 
20180906122 5 10 2 9 1 6 7 4 3 8 
20180906123 10 4 6 3 7 9 1 5 8 2 
20180906124 1 10 5 9 6 4 3 2 7 8 
20180906125 9 8 10 1 6 5 2 4 7 3 
20180906126 3 8 4 2 7 5 6 1 9 10 
20180906127 4 7 5 3 6 10 2 8 1 9 
20180906128 4 3 10 5 2 8 1 6 7 9 
20180906129 7 1 8 10 5 6 9 2 4 3 
20180906130 4 7 10 9 1 5 8 3 2 6 
20180906131 6 7 5 4 3 10 2 1 8 9 
20180906132 8 6 4 7 10 3 2 5 9 1 
20180906133 1 3 5 6 9 8 2 4 7 10 
20180906134 4 6 8 9 3 10 2 5 1 7 
20180906135 1 6 10 9 7 4 5 3 8 2 
20180906136 8 9 1 6 5 4 10 7 2 3 
20180906137 4 7 9 1 5 3 6 10 8 2 
20180906138 9 7 5 8 1 2 3 10 6 4 
20180906139 4 7 9 8 10 1 3 2 5 6 
20180906140 6 8 1 2 5 4 10 7 9 3 
20180906141 6 8 10 4 7 3 5 2 1 9 
20180906142 5 1 8 3 6 4 9 2 10 7 
20180906143 7 3 1 9 8 5 4 6 10 2 
20180906144 7 10 5 9 2 3 6 4 8 1 
20180906145 9 3 5 1 2 8 4 6 10 7 
20180906146 1 10 3 9 8 2 6 7 4 5 
20180906147 2 6 10 5 9 3 7 8 4 1 
20180906148 7 8 2 3 9 6 5 1 10 4 
20180906149 2 7 8 4 10 9 6 3 5 1 
20180906150 2 3 1 5 6 9 7 4 10 8 
20180906151 5 2 1 9 3 10 6 4 7 8 
20180906152 2 4 5 8 3 7 6 1 10 9 
20180906153 9 8 4 10 5 3 6 2 1 7 
20180906154 2 5 6 4 7 10 9 3 8 1 
20180906155 2 1 9 7 10 3 5 4 8 6 
20180906156 8 5 2 7 6 9 4 3 10 1 
20180906157 3 7 6 5 9 1 10 2 8 4 
20180906158 6 8 10 4 3 9 2 1 5 7 
20180906159 2 10 4 9 1 5 3 8 6 7 
20180906160 5 10 1 9 7 4 6 3 8 2 
20180906161 3 1 5 10 8 9 6 7 4 2 
20180906162 4 2 1 6 9 7 10 8 5 3 
20180906163 3 8 2 5 7 4 1 6 9 10 
20180906164 10 1 4 2 7 5 3 6 9 8 
20180906165 1 10 2 7 9 3 6 5 8 4 
20180906166 5 7 1 10 9 3 6 8 4 2 
20180906167 5 4 6 2 7 3 9 8 10 1 
20180906168 2 1 8 9 7 6 3 10 5 4 
20180906169 10 4 6 2 3 1 8 7 9 5 
20180906170 7 9 3 2 1 5 10 8 6 4 
20180906171 2 8 6 10 5 4 7 9 3 1 
20180906172 3 4 6 5 8 9 7 1 2 10 
20180906173 5 2 4 7 3 6 1 8 10 9 
20180906174 10 2 3 6 8 1 4 9 5 7 
20180906175 4 2 3 9 1 6 5 8 10 7 
20180906176 5 1 10 4 8 2 6 3 7 9 
20180906177 6 8 10 7 5 3 9 4 1 2 
20180906178 5 6 9 7 3 1 2 8 10 4 
20180906179 2 9 3 4 6 8 10 5 1 7 
20180906180 10 9 7 5 6 4 8 2 3 1 
20180906181 2 3 10 1 9 8 4 5 7 6 
20180906182 1 4 6 10 8 5 9 2 7 3 
20180906183 4 10 9 2 7 3 6 8 5 1 
20180906184 5 7 10 6 4 8 1 2 9 3 
20180906185 1 3 4 2 9 5 7 8 10 6 
20180906186 8 6 10 1 3 4 5 7 2 9 
20180906187 3 8 7 2 6 9 10 1 4 5 
20180906188 7 8 6 3 1 10 2 4 9 5 
20180906189 6 9 3 7 5 1 4 8 2 10 
20180906190 6 9 10 8 5 4 7 1 3 2 
20180906191 10 2 6 7 1 3 5 9 8 4 
20180906192 9 7 6 1 4 2 10 5 8 3 
20180906193 2 5 1 6 10 7 4 9 3 8 
20180906194 3 10 5 2 9 6 1 4 8 7 
20180906195 2 7 5 9 1 8 4 6 10 3 
20180906196 3 1 6 10 8 7 5 9 4 2 
20180906197 7 9 2 6 8 4 5 10 3 1 
20180906198 4 1 6 7 5 2 3 9 8 10 
20180906199 9 4 8 2 6 5 7 10 3 1 
20180906200 4 9 7 3 10 2 5 1 8 6 
20180906201 1 9 6 4 7 2 5 8 3 10 
20180906202 8 9 1 7 5 6 4 2 3 10 
20180906203 4 6 5 3 1 2 8 10 7 9 
20180906204 4 10 1 7 3 9 5 8 6 2 
20180906205 10 6 3 7 8 1 5 4 9 2 
20180906206 6 2 10 8 4 1 5 7 9 3 
20180906207 1 9 4 2 5 7 6 10 8 3 
20180906208 3 10 9 7 4 1 6 5 2 8 
20180906209 6 2 3 8 10 4 9 5 7 1 
20180906210 7 4 1 8 3 6 2 10 9 5 
20180906211 4 9 6 10 1 7 2 3 8 5 
20180906212 5 3 2 7 10 8 4 1 9 6 
20180906213 5 6 2 8 1 3 9 10 7 4 
20180906214 5 3 7 9 1 8 10 2 4 6 
20180906215 8 4 7 3 6 10 1 5 2 9 
20180906216 9 3 5 6 7 1 8 10 4 2 
20180906217 8 7 5 3 4 6 9 10 2 1 
20180906218 5 1 8 9 6 7 3 2 4 10 
20180906219 7 10 8 4 6 3 2 5 9 1 
20180906220 2 7 1 4 9 5 8 3 10 6 
20180906221 5 8 4 6 2 7 3 9 1 10 
20180906222 3 10 9 2 8 6 5 1 4 7 
20180906223 2 10 3 6 1 4 7 8 5 9 
20180906224 10 4 8 5 3 1 6 2 7 9 
20180906225 10 6 8 9 3 5 2 4 7 1 
20180906226 4 7 9 2 10 3 5 8 1 6 
20180906227 5 8 7 9 3 2 1 6 10 4 
20180906228 7 2 9 8 5 4 3 10 1 6 
20180906229 7 3 8 2 5 4 6 10 9 1 
20180906230 10 7 1 2 4 3 9 6 8 5 
20180906231 1 8 2 10 7 6 9 3 4 5 
20180906232 3 8 7 6 9 2 4 1 10 5 
20180906233 2 9 5 10 7 8 3 1 6 4 
20180906234 7 8 3 9 6 4 2 1 5 10 
20180906235 7 10 3 5 6 2 4 9 8 1 
20180906236 2 1 9 5 6 7 10 3 8 4 
20180906237 2 3 4 10 9 8 5 7 1 6 
20180906238 3 5 6 1 8 4 9 10 7 2 
20180906239 6 3 7 4 8 5 2 1 10 9 
20180906240 3 1 6 10 8 9 7 2 4 5 
20180906241 2 8 10 9 1 7 6 4 5 3 
20180906242 9 4 3 1 7 10 8 5 6 2 
20180906243 7 2 8 4 9 1 3 6 10 5 
20180906244 6 5 4 2 7 8 3 9 1 10 
20180906245 9 8 6 2 5 10 1 4 7 3 
20180906246 2 10 5 1 8 7 3 4 9 6 
20180906247 7 4 5 10 6 2 3 8 1 9 
20180906248 6 5 8 1 10 2 3 4 7 9 
20180906249 8 7 4 1 3 9 5 10 2 6 
20180906250 3 6 7 8 5 9 10 1 2 4 
20180906251 3 7 2 1 8 5 9 10 4 6 
20180906252 2 8 5 7 10 3 6 1 4 9 
20180906253 4 10 9 5 2 3 1 7 6 8 
20180906254 4 5 3 7 1 6 2 10 9 8 
20180906255 10 5 4 8 1 3 6 7 2 9 
20180906256 7 8 6 2 10 3 5 4 9 1 
20180906257 1 2 7 4 10 5 9 6 8 3 
20180906258 7 1 8 9 6 3 4 5 2 10 
20180906259 10 2 8 4 9 5 1 7 6 3 
20180906260 3 5 2 1 4 9 10 7 6 8 
20180906261 10 8 6 4 1 9 5 7 2 3 
20180906262 2 5 7 4 8 3 1 9 10 6 
20180906263 10 7 8 1 9 6 5 2 3 4 
20180906264 6 9 10 2 3 1 4 5 7 8 
20180906265 4 7 1 3 2 9 10 8 5 6 
20180906266 9 7 1 2 4 6 3 8 5 10 
20180906267 10 9 6 8 1 7 4 2 3 5 
20180906268 5 1 4 7 9 6 3 8 10 2 
20180906269 4 6 3 10 9 2 1 7 8 5 
20180906270 6 10 1 3 5 4 9 7 8 2 
20180906271 6 7 10 4 1 8 5 2 9 3 
20180906272 3 7 2 6 10 5 9 8 4 1 
20180906273 8 7 5 2 10 3 1 4 6 9 
20180906274 5 9 1 7 8 3 4 2 6 10 
20180906275 5 6 7 1 9 3 10 4 2 8 
20180906276 10 1 8 9 6 7 3 5 2 4 
20180906277 10 2 9 3 5 1 4 8 7 6 
20180906278 6 8 10 4 2 9 3 5 7 1 
20180906279 3 8 9 4 6 7 2 5 1 10 
20180906280 8 9 6 2 3 10 4 7 5 1 
20180906281 6 10 1 3 5 4 7 8 9 2 
20180906282 2 1 3 10 5 7 4 6 9 8 
20180906283 4 8 6 10 7 3 1 5 2 9 
20180906284 6 1 4 8 10 3 2 5 9 7 
20180906285 8 10 9 6 1 3 5 4 2 7 
20180906286 1 6 8 10 3 2 5 7 4 9 
20180906287 5 6 10 8 7 4 9 3 2 1 
20180906288 6 5 9 7 3 8 10 4 1 2 
20180906289 7 3 10 8 4 2 9 6 5 1 
20180906290 2 6 3 4 1 5 7 8 9 10 
20180906291 2 7 10 3 6 9 5 8 1 4 
20180906292 5 7 10 9 4 8 3 2 1 6 
20180906293 7 2 8 5 3 1 4 9 10 6 
20180906294 6 8 7 3 1 9 10 4 2 5 
20180906295 2 8 9 7 3 5 1 6 10 4 
20180906296 4 8 5 3 7 1 9 2 10 6 
20180906297 1 5 2 9 4 3 7 6 10 8 
20180906298 2 6 7 5 8 9 1 3 10 4 
20180906299 1 8 7 9 4 6 5 3 10 2 
20180906300 8 3 7 4 1 2 6 9 10 5 
20180906301 4 1 8 3 9 5 2 10 6 7 
20180906302 1 2 7 9 4 8 5 10 6 3 
20180906303 7 8 4 2 6 3 1 10 5 9 
20180906304 8 2 3 4 10 7 5 6 1 9 
20180906305 9 5 7 3 8 6 2 4 1 10 
20180906306 9 5 3 10 7 8 6 4 2 1 
20180906307 1 4 10 6 8 7 5 9 2 3 
20180906308 10 1 5 8 6 2 7 3 9 4 
20180906309 8 6 4 2 7 10 1 9 3 5 
20180906310 1 8 4 9 7 5 2 3 10 6 
20180906311 4 8 2 1 9 6 5 3 7 10 
20180906312 2 8 5 7 1 3 10 4 9 6 
20180906313 4 8 2 5 10 1 3 6 9 7 
20180906314 5 7 2 1 9 6 4 10 3 8 
20180906315 3 6 2 5 7 10 4 8 1 9 
20180906316 4 9 6 7 1 2 10 8 5 3 
20180906317 2 10 9 6 4 3 1 5 7 8 
20180906318 7 1 3 2 9 5 10 8 4 6 
20180906319 3 10 4 9 1 7 8 5 6 2 
20180906320 6 9 8 4 1 5 2 10 7 3 
20180906321 6 3 9 7 8 10 2 4 5 1 
20180906322 7 4 1 9 5 8 2 3 6 10 
20180906323 3 8 10 1 9 5 2 4 7 6 
20180906324 2 5 4 6 10 3 9 8 1 7 
20180906325 2 7 9 10 6 8 1 4 5 3 
20180906326 8 2 9 3 7 10 1 5 6 4 
20180906327 6 9 4 8 1 3 7 10 5 2 
20180906328 8 5 1 2 9 6 7 3 10 4 
20180906329 5 7 10 2 8 3 1 9 6 4 
20180906330 3 7 9 5 6 4 8 2 10 1 
20180906331 6 9 8 3 7 1 5 10 2 4 
20180906332 4 5 10 2 1 6 7 8 9 3 
20180906333 1 5 7 4 9 6 10 3 2 8 
20180906334 8 9 6 4 5 1 10 7 3 2 
20180906335 4 5 10 8 3 7 9 2 6 1 
20180906336 6 9 5 7 4 3 1 8 10 2 
20180906337 8 4 7 1 10 5 9 2 3 6 
20180906338 10 6 8 7 5 3 2 4 9 1 
20180906339 9 4 10 8 6 3 7 2 5 1 
20180906340 10 3 7 8 6 2 5 9 4 1 
20180906341 10 4 9 6 8 5 7 1 3 2 
20180906342 10 8 3 5 4 2 9 7 1 6 
20180906343 9 1 6 7 3 2 8 10 4 5 
20180906344 1 10 4 8 3 6 5 7 9 2 
20180906345 4 1 7 5 10 3 8 6 2 9 
20180906346 1 3 10 9 4 2 6 8 5 7 
20180906347 10 6 8 4 3 1 9 2 5 7 
20180906348 8 4 5 3 6 7 9 10 1 2 
20180906349 5 10 7 1 4 6 2 3 9 8 
20180906350 7 4 1 8 6 9 5 2 3 10 
20180906351 7 8 4 10 6 2 1 5 9 3 
20180906352 5 2 7 1 4 9 6 3 10 8 
20180906353 2 5 8 6 7 9 3 1 4 10 
20180906354 3 10 2 7 4 8 1 6 9 5 
20180906355 7 4 9 3 10 1 8 5 6 2 
20180906356 6 2 8 5 10 3 7 1 4 9 
20180906357 10 5 8 1 9 6 3 4 2 7 
20180906358 5 10 6 2 9 7 1 3 4 8 
20180906359 9 7 8 6 2 3 5 10 4 1 
20180906360 1 6 9 10 8 3 7 2 4 5 
20180906361 7 5 2 1 8 9 10 4 6 3 
20180906362 7 8 9 6 10 2 3 1 5 4 
20180906363 4 9 3 10 7 8 6 5 1 2 
20180906364 6 8 4 5 2 10 3 1 7 9 
20180906365 5 7 2 8 3 4 6 9 1 10 
20180906366 1 2 6 7 5 4 10 8 3 9 
20180906367 1 8 9 5 7 4 3 10 2 6 
20180906368 1 10 5 2 9 3 8 4 7 6 
20180906369 6 3 8 1 5 2 9 7 10 4 
20180906370 9 4 3 8 7 1 10 5 2 6 
20180906371 5 6 10 2 3 4 7 9 8 1 
20180906372 3 6 2 9 4 7 5 10 8 1 
20180906373 7 9 1 10 2 8 6 3 4 5 
20180906374 1 7 4 10 5 3 9 6 2 8 
20180906375 6 1 10 4 3 9 2 5 8 7 
20180906376 5 8 2 7 6 4 9 10 1 3 
20180906377 1 10 6 9 3 5 7 4 8 2 
20180906378 3 5 6 10 1 4 2 7 8 9 
20180906379 6 3 10 8 2 5 1 9 4 7 
20180906380 2 7 8 10 6 3 4 5 1 9 
20180906381 7 1 3 8 10 6 2 4 9 5 
20180906382 10 3 7 5 8 9 6 4 2 1 
20180906383 3 5 8 10 9 1 7 6 2 4 
20180906384 8 6 5 4 1 3 2 7 9 10 
20180906385 10 3 2 6 8 7 9 5 4 1 
20180906386 4 6 10 8 5 9 2 7 1 3 
20180906387 3 5 9 6 4 2 1 8 10 7 
20180906388 10 4 8 7 3 6 5 2 1 9 
20180906389 1 5 3 8 9 10 4 6 7 2 
20180906390 9 2 6 5 10 1 4 8 3 7 
20180906391 9 1 5 6 10 2 4 8 3 7 
20180906392 8 2 6 10 3 5 7 4 1 9 
20180906393 3 1 2 9 6 5 7 4 10 8 
20180906394 5 8 2 7 10 3 4 9 1 6 
20180906395 2 8 1 3 4 9 7 10 5 6 
20180906396 4 8 7 5 6 1 2 3 9 10 
20180906397 8 9 6 7 1 10 2 4 3 5 
20180906398 3 5 10 9 6 4 8 2 1 7 
20180906399 4 7 3 10 1 9 6 8 5 2 
20180906400 1 8 9 5 3 6 4 7 2 10 
20180906401 2 8 5 1 4 9 3 6 7 10 
20180906402 10 2 8 4 7 3 1 6 5 9 
20180906403 5 6 8 4 1 2 3 7 10 9 
20180906404 5 3 10 8 9 1 6 7 4 2 
20180906405 10 1 2 8 9 3 5 4 6 7 
20180906406 5 4 7 2 8 10 3 6 9 1 
20180906407 7 6 10 1 3 2 9 8 4 5 
20180906408 3 7 10 9 8 5 6 1 4 2 
20180906409 10 4 6 1 8 9 7 3 5 2 
20180906410 4 8 1 6 3 2 10 9 7 5 
20180906411 10 6 4 9 8 5 1 3 2 7 
20180906412 5 2 1 10 4 7 3 9 6 8 
20180906413 4 9 6 3 2 1 5 7 10 8 
20180906414 2 7 3 8 5 6 1 4 10 9 
20180906415 8 9 1 3 2 10 6 7 4 5 
20180906416 4 2 6 1 9 10 8 3 7 5 
20180906417 6 2 7 4 9 10 5 3 8 1 
20180906418 9 7 5 4 1 6 3 8 2 10 
20180906419 8 5 10 1 9 2 7 4 6 3 
20180906420 5 9 1 8 4 3 7 10 2 6 
20180906421 3 9 10 8 2 7 4 5 1 6 
20180906422 3 7 5 2 8 4 9 1 6 10 
20180906423 4 9 10 1 6 3 7 2 5 8 
20180906424 5 1 3 7 2 4 8 10 6 9 
20180906425 4 10 5 1 6 7 2 8 9 3 
20180906426 4 6 5 1 2 7 3 10 9 8 
20180906427 10 8 9 4 3 2 5 7 6 1 
20180906428 2 7 6 4 8 10 3 9 5 1 
20180906429 9 6 4 2 1 10 3 8 5 7 
20180906430 3 2 7 9 6 8 4 5 1 10 
20180906431 1 7 4 2 3 10 5 6 9 8 
20180906432 7 8 3 2 6 1 10 4 5 9 
20180906433 7 6 1 5 3 9 8 4 10 2 
20180906434 9 5 4 2 7 6 8 1 10 3 
20180906435 5 7 3 1 4 9 8 2 10 6 
20180906436 6 1 8 2 10 7 4 3 9 5 
20180906437 5 7 4 8 2 9 10 1 3 6 
20180906438 9 4 10 1 5 6 7 8 3 2 
20180906439 5 8 6 3 10 7 1 2 9 4 
20180906440 7 8 1 2 4 9 5 3 6 10 
20180906441 7 9 2 5 1 6 8 10 3 4 
20180906442 6 1 8 5 10 4 7 3 2 9 
20180906443 9 4 2 3 1 5 7 6 8 10 
20180906444 6 5 8 7 1 3 2 10 9 4 
20180906445 9 6 2 3 10 5 1 7 4 8 
20180906446 3 10 6 2 4 9 7 1 8 5 
20180906447 3 4 5 7 8 6 9 1 10 2 
20180906448 1 9 5 8 2 7 6 3 4 10 
20180906449 4 1 3 2 10 9 8 5 7 6 
20180906450 2 7 6 1 9 8 5 3 10 4 
20180906451 5 3 2 7 1 4 6 9 10 8 
20180906452 10 1 7 4 6 9 2 8 3 5 
20180906453 9 5 4 2 3 6 7 1 10 8 
20180906454 8 9 3 1 2 5 10 6 7 4 
20180906455 7 8 1 4 3 10 5 9 2 6 
20180906456 3 6 4 8 10 5 1 7 2 9 
20180906457 3 5 2 7 9 10 4 6 1 8 
20180906458 1 9 5 4 6 10 2 7 8 3 
20180906459 8 7 5 6 10 1 3 2 9 4 
20180906460 4 8 9 2 3 5 10 1 7 6 
20180906461 8 6 7 3 9 4 10 1 2 5 
20180906462 1 10 4 9 2 5 7 3 6 8 
20180906463 9 8 6 7 10 1 5 3 4 2 
20180906464 7 10 3 4 5 8 2 9 6 1 
20180906465 3 8 6 10 1 5 9 4 2 7 
20180906466 1 3 9 4 5 10 6 8 7 2 
20180906467 10 3 1 2 7 5 8 9 4 6 
20180906468 2 1 4 7 8 10 3 9 6 5 
20180906469 4 1 5 9 10 6 2 8 3 7 
20180906470 7 10 4 3 6 1 2 5 9 8 
20180906471 6 7 3 9 8 10 4 5 2 1 
20180906472 8 2 9 5 6 4 3 10 7 1 
20180906473 8 2 1 4 3 7 5 9 6 10 
20180906474 1 4 7 3 8 2 10 6 5 9 
20180906475 6 8 3 5 2 9 1 10 4 7 
20180906476 1 10 2 9 8 4 7 5 6 3 
20180906477 3 1 7 2 10 5 6 4 8 9 
20180906478 4 8 3 1 2 7 9 6 5 10 
20180906479 2 5 1 10 3 8 6 9 7 4 
20180906480 7 6 4 9 1 2 10 5 3 8 
20180906481 4 8 6 7 3 10 1 2 9 5 
20180906482 10 7 2 4 5 1 9 3 6 8 
20180906483 7 8 3 9 1 4 2 6 5 10 
20180906484 4 8 7 10 9 6 1 3 2 5 
20180906485 4 7 9 3 2 6 8 1 5 10 
20180906486 5 7 8 4 9 3 6 10 2 1 
20180906487 1 5 7 2 3 6 4 10 9 8 
20180906488 6 4 8 1 9 5 3 10 2 7 
20180906489 9 3 5 6 4 2 8 1 7 10 
20180906490 3 9 1 10 5 7 8 2 4 6 
20180906491 6 3 7 5 10 2 9 8 1 4 
20180906492 4 5 1 2 3 10 7 9 6 8 
20180906493 1 9 7 8 3 6 2 4 5 10 
20180906494 1 3 6 9 10 5 7 4 8 2 
20180906495 3 4 10 9 6 7 8 1 2 5 
20180906496 4 6 5 2 9 1 7 3 8 10 
20180906497 6 10 7 8 4 5 3 2 9 1 
20180906498 3 5 7 1 9 8 4 2 6 10 
20180906499 6 10 9 5 8 1 2 3 7 4 
20180906500 8 7 2 10 9 1 6 5 4 3 
20180906501 2 4 1 6 5 3 7 9 8 10 
20180906502 4 8 3 10 5 9 7 6 1 2 
20180906503 8 10 4 6 1 7 5 9 3 2 
20180906504 4 8 5 6 9 1 7 10 2 3 
20180906505 4 5 6 1 9 10 8 2 3 7 
20180906506 10 7 5 8 4 2 3 9 1 6 
20180906507 9 3 7 6 1 10 4 5 8 2 
20180906508 6 4 10 8 3 1 7 5 9 2 
20180906509 9 8 2 4 10 3 5 7 6 1 
20180906510 9 7 10 5 4 1 3 2 8 6 
20180906511 5 4 9 2 8 10 6 3 7 1 
20180906512 4 5 9 10 2 3 7 6 8 1 
20180906513 6 1 4 5 7 8 3 10 2 9 
20180906514 6 5 1 9 10 8 7 3 2 4 
20180906515 9 6 3 10 4 8 2 1 5 7 
20180906516 10 9 7 5 1 6 3 8 2 4 
20180906517 4 2 6 1 3 5 8 7 10 9 
20180906518 6 7 4 5 10 1 8 3 9 2 
20180906519 4 8 3 6 2 7 5 1 10 9 
20180906520 6 9 2 5 10 3 7 8 1 4 
20180906521 2 3 6 1 10 8 7 5 4 9 
20180906522 10 9 8 6 2 7 1 4 5 3 
20180906523 5 3 6 7 8 10 9 4 2 1 
20180906524 9 3 8 4 2 5 7 6 1 10 
20180906525 9 10 7 4 6 8 5 3 2 1 
20180906526 5 7 6 10 9 4 2 3 1 8 
20180906527 1 8 7 4 9 3 2 6 10 5 
20180906528 6 10 8 5 7 2 1 3 4 9 
20180906529 7 5 10 4 1 9 8 2 6 3 
20180906530 10 3 2 7 8 1 9 4 5 6 
20180906531 2 9 1 7 4 6 8 3 5 10 
20180906532 8 5 10 7 3 6 9 2 1 4 
20180906533 9 7 5 10 2 8 1 6 3 4 
20180906534 10 2 8 1 3 5 9 6 7 4 
20180906535 8 2 6 3 4 9 10 7 1 5 
20180906536 4 7 10 5 3 9 2 1 8 6 
20180906537 1 6 2 4 10 8 5 9 3 7 
20180906538 8 2 6 1 5 4 3 10 7 9 
20180906539 4 5 9 3 6 2 7 10 1 8 
20180906540 6 8 4 9 10 2 3 5 7 1 
20180906541 2 8 7 4 9 5 10 1 6 3 
20180906542 9 10 2 3 4 1 8 6 7 5 
20180906543 9 6 4 2 8 7 1 3 10 5 
20180906544 6 7 10 8 1 9 4 2 3 5 
20180906545 7 3 1 4 9 6 8 10 2 5 
20180906546 2 7 6 4 5 9 8 3 1 10 
20180906547 2 10 8 1 3 6 9 5 7 4 
20180906548 10 9 5 4 1 3 2 8 7 6 
20180906549 9 5 3 7 8 2 4 10 6 1 
20180906550 9 4 8 10 7 3 2 6 1 5 
20180906551 10 6 1 3 9 4 5 8 2 7 
20180906552 5 3 2 9 6 10 4 1 7 8 
20180906553 8 9 3 6 10 1 5 2 7 4 
20180906554 2 4 10 6 5 8 3 1 9 7 
20180906555 8 9 1 6 3 7 2 5 4 10 
20180906556 5 1 2 4 6 7 3 9 10 8 
20180906557 1 3 5 6 10 9 8 2 4 7 
20180906558 8 3 9 2 5 7 10 1 6 4 
20180906559 3 5 7 10 1 4 2 9 6 8 
20180906560 5 9 4 10 2 3 1 7 6 8 
20180906561 4 6 2 3 1 9 8 7 5 10 
20180906562 6 3 4 1 9 5 7 10 2 8 
20180906563 10 7 6 8 9 2 5 4 3 1 
20180906564 7 4 1 6 3 5 9 8 10 2 
20180906565 2 1 6 7 5 3 8 10 4 9 
20180906566 2 5 4 7 1 6 3 8 10 9 
20180906567 9 1 10 2 8 4 3 5 7 6 
20180906568 9 7 1 2 8 6 3 4 5 10 
20180906569 9 10 7 2 6 3 1 4 8 5 
20180906570 6 4 9 5 7 2 1 3 8 10 
20180906571 2 9 1 8 7 10 6 3 5 4 
20180906572 3 7 9 1 2 8 5 6 4 10 
20180906573 7 2 5 9 3 8 6 4 10 1 
20180906574 3 2 4 8 9 1 5 7 10 6 
20180906575 7 2 10 5 1 4 3 9 6 8 
20180906576 10 5 4 7 3 1 8 9 6 2 
20180906577 2 9 3 1 4 8 5 7 6 10 
20180906578 8 5 1 9 2 4 3 10 6 7 
20180906579 2 7 9 6 5 3 4 1 10 8 
20180906580 8 1 9 6 3 7 5 4 2 10 
20180906581 2 10 3 4 9 6 5 7 8 1 
20180906582 7 2 1 8 5 6 4 3 10 9 
20180906583 8 7 6 3 5 10 4 1 2 9 
20180906584 8 6 7 1 10 3 9 5 2 4 
20180906585 8 10 1 4 7 9 3 5 6 2 
20180906586 3 7 1 10 8 9 5 2 4 6 
20180906587 3 1 4 10 7 6 5 8 9 2 
20180906588 10 4 9 5 7 3 1 2 8 6 
20180906589 4 3 9 8 1 5 10 2 6 7 
20180906590 2 3 1 6 5 10 7 9 8 4 
20180906591 6 9 5 3 2 4 7 8 10 1 
20180906592 8 3 6 7 2 4 10 1 5 9 
20180906593 7 10 5 3 1 9 6 8 2 4 
20180906594 1 9 8 3 10 5 6 4 2 7 
20180906595 5 6 1 10 8 2 3 7 9 4 
20180906596 1 5 6 8 2 3 7 9 4 10 
20180906597 2 8 6 3 1 4 9 10 5 7 
20180906598 7 9 8 10 3 4 2 1 5 6 
20180906599 5 9 8 1 7 10 4 3 2 6 
20180906600 4 2 3 5 1 10 9 6 7 8 
20180906601 6 5 1 7 9 3 2 8 10 4 
20180906602 9 1 6 2 3 10 5 4 8 7 
20180906603 4 9 6 10 5 8 2 1 3 7 
20180906604 7 10 8 2 6 4 1 9 5 3 
20180906605 8 4 10 7 1 3 6 9 2 5 
20180906606 3 4 5 10 7 9 6 2 8 1 
20180906607 4 7 2 1 8 6 10 3 5 9 
20180906608 1 5 9 4 8 7 6 3 10 2 
20180906609 8 4 1 7 2 9 5 6 10 3 
20180906610 10 2 6 8 9 7 3 4 5 1 
20180906611 2 5 9 3 1 7 4 8 10 6 
20180906612 10 6 2 1 7 3 5 4 8 9 
20180906613 3 10 7 2 1 6 4 9 5 8 
20180906614 10 4 3 9 8 1 2 7 6 5 
20180906615 2 3 8 1 10 9 6 5 7 4 
20180906616 5 8 3 1 9 10 4 7 6 2 
20180906617 3 6 7 10 1 9 5 2 4 8 
20180906618 10 9 1 6 7 5 2 3 4 8 
20180906619 7 2 4 1 6 9 3 10 8 5 
20180906620 10 7 2 6 8 4 1 3 5 9 
20180906621 3 6 2 1 4 10 8 7 5 9 
20180906622 1 7 5 2 4 9 10 6 3 8 
20180906623 5 8 1 3 6 7 2 9 10 4 
20180906624 6 3 5 4 2 1 9 7 10 8 
20180906625 8 9 2 10 7 6 4 5 1 3 
20180906626 10 7 1 9 8 3 6 4 5 2 
20180906627 1 7 3 2 4 8 6 5 10 9 
20180906628 2 1 5 4 6 3 9 7 10 8 
20180906629 1 5 2 3 8 6 10 4 9 7 
20180906630 10 1 4 9 6 7 3 2 5 8 
20180906631 7 3 5 1 2 8 4 10 6 9 
20180906632 6 8 3 1 7 9 4 10 2 5 
20180906633 1 8 3 10 7 2 9 5 6 4 
20180906634 6 1 7 2 10 8 4 3 5 9 
20180906635 7 9 6 3 10 5 1 2 4 8 
20180906636 4 9 1 8 5 7 2 10 6 3 
20180906637 4 5 3 2 7 1 6 8 10 9 
20180906638 7 3 10 2 5 6 1 4 9 8 
20180906639 7 6 3 4 5 9 10 1 8 2 
20180906640 8 5 3 10 6 7 4 2 1 9 
20180906641 6 4 1 3 8 9 5 7 2 10 
20180906642 4 1 10 7 9 2 8 5 6 3 
20180906643 4 6 10 7 8 1 3 5 9 2 
20180906644 10 2 8 7 4 6 5 9 3 1 
20180906645 4 3 1 10 5 9 2 8 6 7 
20180906646 1 4 7 6 3 2 9 10 5 8 
20180906647 5 1 2 7 8 10 4 9 6 3 
20180906648 7 6 3 9 8 4 10 2 5 1 
20180906649 10 2 7 1 4 9 5 6 3 8 
20180906650 5 6 3 9 8 2 1 4 10 7 
20180906651 1 6 3 4 5 7 8 2 9 10 
20180906652 7 4 10 3 2 5 9 8 6 1 
20180906653 7 2 8 1 6 4 3 10 5 9 
20180906654 5 9 2 7 3 10 1 4 8 6 
20180906655 5 2 9 1 8 3 10 7 4 6 
20180906656 10 5 4 8 2 9 1 6 7 3 
20180906657 4 5 6 10 2 8 9 3 1 7 
20180906658 6 7 4 1 8 10 9 2 5 3 
20180906659 3 1 10 5 7 9 6 2 8 4 
20180906660 1 2 7 10 8 9 4 5 6 3 
20180906661 4 7 9 6 8 1 10 3 2 5 
20180906662 9 7 2 1 3 10 4 8 6 5 
20180906663 10 3 6 9 1 4 8 7 2 5 
20180906664 5 2 1 7 8 9 10 6 3 4 
20180906665 5 4 3 7 2 1 9 10 8 6 
20180906666 2 6 10 5 9 8 3 7 1 4 
20180906667 6 3 10 2 4 7 1 5 8 9 
20180906668 10 6 8 7 9 3 2 1 5 4 
20180906669 10 9 7 1 3 8 6 4 2 5 
20180906670 1 3 7 10 8 9 5 2 6 4 
20180906671 10 2 3 5 7 9 4 8 6 1 
20180906672 5 8 7 4 1 10 9 2 6 3 
20180906673 5 8 9 1 7 6 2 3 4 10 
20180906674 2 9 10 5 4 3 7 8 6 1 
20180906675 4 5 9 1 7 10 8 2 3 6 
20180906676 5 4 8 6 10 9 2 7 3 1 
20180906677 6 7 4 3 8 10 1 2 9 5 
20180906678 6 4 3 1 7 10 5 2 9 8 
20180906679 9 7 1 3 8 6 5 10 4 2 
20180906680 10 2 3 8 9 6 5 7 1 4 
20180906681 10 7 2 3 5 6 1 8 9 4 
20180906682 3 9 7 10 2 8 4 5 1 6 
20180906683 10 9 7 4 6 2 8 1 5 3 
20180906684 2 9 10 1 5 4 7 8 3 6 
20180906685 1 2 4 5 7 6 9 8 10 3 
20180906686 1 4 2 5 9 8 10 6 7 3 
20180906687 6 4 3 2 5 9 1 8 7 10 
20180906688 2 4 5 9 7 6 10 8 3 1 
20180906689 3 10 8 2 9 1 6 4 7 5 
20180906690 8 4 6 2 3 10 9 7 1 5 
20180906691 10 2 5 4 3 1 7 6 9 8 
20180906692 2 7 10 8 5 6 9 3 1 4 
20180906693 2 10 7 5 3 4 1 9 8 6 
20180906694 10 8 4 2 9 5 7 1 3 6 
20180906695 1 4 10 9 7 5 6 8 2 3 
20180906696 10 4 9 8 2 3 1 6 7 5 
20180906697 6 2 1 4 8 10 3 9 7 5 
20180906698 10 1 3 2 6 4 7 5 9 8 
20180906699 8 9 4 6 3 1 5 10 2 7 
20180906700 4 6 3 1 2 8 10 5 7 9 
20180906701 10 5 9 6 4 7 3 2 8 1 
20180906702 8 9 6 5 7 4 1 10 3 2 
20180906703 1 4 2 7 5 6 9 3 10 8 
20180906704 6 10 5 9 2 1 7 4 3 8 
20180906705 3 6 8 7 5 2 10 4 9 1 
20180906706 1 9 6 10 3 2 8 5 7 4 
20180906707 4 8 3 7 9 5 6 2 1 10 
20180906708 10 3 1 9 4 5 2 7 8 6 
20180906709 9 5 8 7 6 4 1 2 3 10 
20180906710 4 9 10 3 6 5 8 7 1 2 
20180906711 3 7 1 4 5 9 6 2 8 10 
20180906712 2 7 4 5 6 10 1 8 3 9 
20180906713 4 6 7 1 2 8 10 9 3 5 
20180906714 10 5 8 1 4 6 2 7 9 3 
20180906715 7 8 4 1 9 10 6 3 5 2 
20180906716 7 6 10 1 9 5 8 3 4 2 
20180906717 5 3 10 1 6 2 9 7 8 4 
20180906718 10 4 1 9 2 3 6 7 8 5 
20180906719 3 6 10 7 1 8 9 4 5 2 
20180906720 2 8 4 7 10 9 3 1 5 6 
20180906721 5 4 8 6 7 9 3 2 1 10 
20180906722 6 8 2 7 10 3 9 5 1 4 
20180906723 7 2 5 10 8 9 6 1 3 4 
20180906724 10 5 8 6 7 4 3 1 9 2 
20180906725 6 3 5 2 4 7 1 8 9 10 
20180906726 4 6 9 1 2 3 10 7 8 5 
20180906727 2 1 6 7 10 4 5 8 3 9 
20180906728 3 5 2 4 6 1 8 7 9 10 
20180906729 5 9 3 6 7 10 2 4 8 1 
20180906730 8 10 7 1 5 6 2 3 9 4 
20180906731 2 3 4 1 7 6 9 8 10 5 
20180906732 10 2 9 8 1 6 7 3 5 4 
20180906733 7 5 2 1 9 10 3 4 6 8 
20180906734 2 1 6 8 4 10 9 7 3 5 
20180906735 1 3 10 6 4 7 8 9 5 2 
20180906736 1 8 6 7 4 5 2 3 10 9 
20180906737 2 3 1 5 6 10 8 9 7 4 
20180906738 7 10 1 4 6 3 5 8 9 2 
20180906739 1 6 9 7 8 4 2 3 5 10 
20180906740 9 5 7 4 1 8 10 6 3 2 
20180906741 3 10 1 7 5 6 4 8 2 9 
20180906742 2 10 1 4 7 8 3 9 6 5 
20180906743 3 4 5 6 7 9 1 10 2 8 
20180906744 3 4 8 5 2 1 6 9 10 7 
20180906745 6 8 9 1 10 4 2 7 3 5 
20180906746 9 1 7 5 2 4 6 8 10 3 
20180906747 7 1 3 6 5 9 10 2 4 8 
20180906748 1 7 2 4 9 3 8 10 6 5 
20180906749 2 5 10 4 8 7 6 1 9 3 
20180906750 5 10 2 6 3 9 8 1 4 7 
20180906751 6 4 9 10 8 2 3 7 5 1 
20180906752 1 6 7 3 2 8 4 5 9 10 
20180906753 7 4 5 9 8 3 6 10 1 2 
20180906754 8 10 7 9 6 2 1 3 4 5 
20180906755 5 3 9 10 2 4 6 7 1 8 
20180906756 8 4 10 7 2 9 5 3 1 6 
20180906757 5 6 3 2 7 1 10 4 9 8 
20180906758 4 1 8 2 5 9 3 6 7 10 
20180906759 4 10 7 9 8 2 5 6 1 3 
20180906760 7 9 4 5 1 2 8 3 6 10 
20180906761 2 5 10 4 3 6 1 8 9 7 
20180906762 6 1 8 4 5 3 2 7 10 9 
20180906763 1 5 10 7 6 8 9 3 2 4 
20180906764 2 5 3 8 7 6 1 4 9 10 
20180906765 4 9 2 10 1 7 8 6 5 3 
20180906766 6 9 1 4 7 2 5 8 3 10 
20180906767 2 8 10 5 3 7 4 6 1 9 
20180906768 2 10 5 8 9 3 4 6 7 1 
20180906769 5 3 7 4 8 6 10 1 2 9 
20180906770 10 1 5 9 7 2 6 3 4 8 
20180906771 3 4 5 6 2 8 10 7 1 9 
20180906772 4 5 10 2 8 1 7 3 6 9 
20180906773 4 2 1 5 9 10 8 6 7 3 
20180906774 5 7 9 2 3 10 6 4 1 8 
20180906775 2 9 8 7 1 6 4 5 10 3 
20180906776 8 4 6 10 9 3 2 7 1 5 
20180906777 10 7 3 8 1 5 6 2 4 9 
20180906778 5 7 8 3 4 1 9 10 6 2 
20180906779 6 4 1 3 8 7 2 10 5 9 
20180906780 7 3 6 2 8 5 10 9 1 4 
20180906781 7 6 3 2 9 1 10 8 4 5 
20180906782 4 8 9 6 5 7 2 10 3 1 
20180906783 10 5 9 8 4 1 6 7 2 3 
20180906784 7 1 10 8 5 2 3 9 6 4 
20180906785 9 6 5 10 2 8 3 7 4 1 
20180906786 8 4 5 6 2 7 3 1 9 10 
20180906787 3 5 2 6 8 4 9 10 7 1 
20180906788 9 4 7 1 2 5 8 6 10 3 
20180906789 2 1 9 5 7 6 4 3 8 10 
20180906790 5 1 4 10 3 8 9 7 6 2 
20180906791 9 4 8 2 6 1 3 5 7 10 
20180906792 2 8 6 3 5 4 9 7 1 10 
20180906793 4 5 8 9 6 10 3 2 7 1 
20180906794 6 9 3 1 7 5 2 10 8 4 
20180906795 8 7 10 2 6 5 3 1 9 4 
20180906796 8 10 9 2 3 6 5 1 7 4 
20180906797 4 10 1 9 8 6 5 3 7 2 
20180906798 7 6 9 5 10 4 1 8 3 2 
20180906799 2 6 8 4 7 1 10 5 9 3 
20180906800 2 5 10 7 3 1 8 4 6 9 
20180906801 2 8 4 7 1 3 6 5 10 9 
20180906802 5 3 10 6 7 9 4 2 1 8 
20180906803 3 1 9 2 4 7 5 8 10 6 
20180906804 6 3 4 7 2 10 8 5 1 9 
20180906805 7 5 1 10 9 8 2 3 6 4 
20180906806 8 3 1 7 6 9 4 2 5 10 
20180906807 1 7 10 5 3 9 6 8 4 2 
20180906808 1 2 9 4 6 3 7 5 8 10 
20180906809 9 4 5 3 7 1 2 8 10 6 
20180906810 5 7 8 3 9 1 4 6 10 2 
20180906811 1 7 3 2 9 5 10 8 4 6 
20180906812 6 10 7 5 1 4 2 9 3 8 
20180906813 4 7 2 10 6 8 5 9 1 3 
20180906814 5 8 9 2 1 6 4 7 3 10 
20180906815 9 3 4 6 8 10 1 5 2 7 
20180906816 9 8 10 4 5 6 7 3 1 2 
20180906817 9 2 1 5 4 7 3 8 10 6 
20180906818 3 9 1 8 10 7 5 2 6 4 
20180906819 1 3 6 7 4 10 2 9 8 5 
20180906820 4 9 8 2 3 6 10 1 5 7 
20180906821 10 1 4 8 6 3 5 9 2 7 
20180906822 5 6 9 4 1 7 2 3 8 10 
20180906823 7 9 5 1 10 2 3 4 6 8 
20180906824 10 7 9 2 5 6 1 8 4 3 
20180906825 3 4 1 10 9 8 6 5 7 2 
20180906826 2 6 1 8 4 9 3 7 10 5 
20180906827 4 6 10 2 1 5 8 3 7 9 
20180906828 4 1 7 6 2 3 8 10 9 5 
20180906829 2 1 3 10 7 6 8 9 4 5 
20180906830 10 4 9 7 2 3 6 8 1 5 
20180906831 6 9 8 3 1 4 5 7 2 10 
20180906832 10 3 5 4 6 2 1 8 7 9 
20180906833 8 5 2 9 6 10 1 4 3 7 
20180906834 9 10 7 3 5 2 6 1 8 4 
20180906835 3 2 8 4 1 9 6 5 7 10 
20180906836 9 4 10 8 2 5 6 7 1 3 
20180906837 10 7 1 4 3 2 9 6 5 8 
20180906838 9 1 4 6 3 5 7 2 10 8 
20180906839 8 7 1 5 3 4 6 9 2 10 
20180906840 1 4 2 3 6 9 5 10 7 8 
20180906841 3 10 4 7 5 8 1 9 2 6 
20180906842 1 2 5 8 6 10 7 9 3 4 
20180906843 9 4 2 8 6 1 5 3 10 7 
20180906844 8 3 10 6 7 4 2 5 1 9 
20180906845 8 2 9 4 6 10 5 7 3 1 
20180906846 3 8 10 1 4 2 5 7 9 6 
20180906847 2 8 4 5 9 3 7 1 6 10 
20180906848 4 8 5 6 10 1 3 9 7 2 
20180906849 5 1 4 3 10 8 7 2 9 6 
20180906850 3 1 4 8 5 10 7 6 9 2 
20180906851 4 2 6 10 9 1 8 7 5 3 
20180906852 8 6 7 2 9 10 5 3 1 4 
20180906853 6 2 9 10 3 1 7 5 4 8 
20180906854 10 9 2 1 5 3 7 8 6 4 
20180906855 9 3 5 7 2 8 1 10 4 6 
20180906856 8 9 3 1 5 6 2 4 10 7 
20180906857 6 3 8 2 7 5 1 9 10 4 
20180906858 5 6 10 9 7 2 3 4 1 8 
20180906859 2 3 10 5 9 8 4 7 6 1 
20180906860 10 5 2 6 3 1 9 7 8 4 
20180906861 6 2 1 3 5 9 8 4 10 7 
20180906862 5 7 6 10 9 1 8 4 2 3 
20180906863 3 9 8 10 5 7 6 2 4 1 
20180906864 1 8 5 9 3 7 4 2 10 6 
20180906865 6 3 1 4 10 2 7 5 9 8 
20180906866 10 1 2 8 7 3 6 5 9 4 
20180906867 3 4 2 7 10 8 9 6 1 5 
20180906868 7 4 8 6 1 10 9 3 2 5 
20180906869 2 8 3 4 9 6 7 10 1 5 
20180906870 9 7 2 5 1 6 10 4 8 3 
20180906871 4 9 3 6 2 10 7 5 1 8 
20180906872 6 1 9 10 2 3 5 7 8 4 
20180906873 4 6 3 8 2 1 5 9 10 7 
20180906874 1 6 7 10 2 9 4 8 5 3 
20180906875 10 8 2 9 1 7 5 4 3 6 
20180906876 4 9 8 1 10 6 3 5 7 2 
20180906877 3 8 10 6 7 1 9 4 2 5 
20180906878 4 10 3 6 2 1 9 5 8 7 
20180906879 5 1 3 6 8 2 4 10 9 7 
20180906880 9 2 6 3 1 8 5 10 4 7 
20180906881 2 3 7 6 10 1 5 8 9 4 
20180906882 4 1 2 7 9 10 8 3 5 6 
20180906883 4 8 5 6 9 10 3 7 1 2 
20180906884 5 8 10 6 2 7 1 9 4 3 
20180906885 8 1 10 9 3 2 4 6 7 5 
20180906886 7 6 3 8 10 5 4 1 9 2 
20180906887 2 3 10 8 1 7 6 5 4 9 
20180906888 3 9 7 4 10 5 8 2 1 6 
20180906889 5 3 4 8 7 10 2 1 6 9 
20180906890 6 3 5 9 8 7 4 2 10 1 
20180906891 8 9 5 10 7 6 4 1 2 3 
20180906892 7 6 4 2 8 9 5 3 1 10 
20180906893 1 3 4 5 2 7 9 10 8 6 
20180906894 2 9 5 10 3 6 8 1 4 7 
20180906895 3 1 10 8 6 9 2 4 7 5 
20180906896 7 2 9 3 4 1 6 8 10 5 
20180906897 1 5 7 8 4 6 3 2 9 10 
20180906898 8 1 4 3 5 7 10 2 6 9 
20180906899 8 10 9 4 3 5 6 1 7 2 
20180906900 1 8 5 7 6 3 9 2 10 4 
20180906901 5 3 2 10 4 7 8 6 9 1 
20180906902 3 10 6 5 8 4 7 2 9 1 
20180906903 7 1 8 2 4 9 6 10 3 5 
20180906904 6 1 3 10 8 4 5 2 7 9 
20180906905 9 4 10 6 8 1 7 5 2 3 
20180906906 2 1 6 8 4 10 5 3 9 7 
20180906907 7 8 2 9 6 10 5 3 4 1 
20180906908 3 4 10 1 2 9 5 6 7 8 
20180906909 4 10 3 6 2 9 7 1 5 8 
20180906910 7 5 10 2 6 8 9 4 1 3 
20180906911 7 3 6 1 4 2 8 9 5 10 
20180906912 5 6 10 2 3 9 1 7 4 8 
20180906913 6 2 9 4 1 7 5 8 10 3 
20180906914 6 7 10 5 4 2 1 8 3 9 
20180906915 1 2 5 6 3 9 4 8 10 7 
20180906916 9 4 6 2 7 10 1 3 5 8 
20180906917 3 9 7 4 1 8 10 2 5 6 
20180906918 10 1 2 7 6 3 5 8 4 9 
20180906919 3 2 6 1 8 4 10 9 7 5 
20180906920 8 1 7 3 10 5 4 9 6 2 
20180906921 9 6 1 10 8 7 3 2 4 5 
20180906922 1 7 10 6 9 3 5 4 2 8 
20180906923 7 4 9 3 6 8 10 5 1 2 
20180906924 4 2 7 6 1 3 8 9 10 5 
20180906925 2 9 6 10 4 5 7 1 3 8 
20180906926 1 9 8 10 3 4 2 7 6 5 
20180906927 3 10 5 8 6 9 1 7 2 4 
20180906928 5 7 3 4 10 1 9 2 8 6 
20180906929 7 1 6 8 9 10 2 3 4 5 
20180906930 1 2 5 6 3 8 10 7 9 4 
20180906931 9 6 5 1 7 10 4 8 2 3 
20180906932 5 6 7 8 10 3 2 4 1 9 
20180906933 9 1 4 8 6 2 5 7 10 3 
20180906934 5 6 4 2 8 7 10 9 1 3 
20180906935 7 10 9 8 6 4 1 5 2 3 
20180906936 10 9 6 8 2 7 3 4 1 5 
20180906937 8 2 7 6 3 1 10 5 9 4 
20180906938 9 1 6 3 7 5 2 4 10 8 
20180906939 1 6 8 7 10 2 9 4 5 3 
20180906940 7 4 6 2 8 10 1 9 5 3 
20180906941 2 3 7 8 10 1 4 9 5 6 
20180906942 10 1 5 6 8 3 9 4 2 7 
20180906943 2 6 5 8 1 3 4 7 10 9 
20180906944 3 9 10 8 5 2 1 7 6 4 
20180906945 2 9 4 6 7 10 5 8 1 3 
20180906946 6 5 8 9 7 4 2 10 3 1 
20180906947 6 9 8 4 7 2 1 10 5 3 
20180906948 7 10 4 6 1 3 9 8 5 2 
20180906949 4 10 9 6 5 2 7 1 8 3 
20180906950 8 4 2 6 7 10 5 1 9 3 
20180906951 9 4 3 8 7 6 10 2 5 1 
20180906952 2 8 6 1 4 9 5 10 7 3 
20180906953 10 7 9 5 1 4 2 8 6 3 
20180906954 5 4 1 3 10 9 6 7 2 8 
20180906955 5 4 2 3 10 7 8 9 1 6 
20180906956 1 2 8 3 5 7 4 10 9 6 
20180906957 5 9 10 1 7 2 4 3 6 8 
20180906958 4 5 10 9 3 6 7 2 8 1 
20180906959 10 7 9 8 2 6 5 3 4 1 
20180906960 1 3 6 8 7 2 4 9 5 10 
20180906961 4 1 10 9 7 5 2 8 3 6 
20180906962 1 8 3 6 7 4 10 9 5 2 
20180906963 2 1 6 5 3 10 9 8 4 7 
20180906964 5 2 8 9 7 1 4 10 6 3 
20180906965 1 3 7 6 5 4 2 8 10 9 
20180906966 6 5 2 7 9 10 4 1 3 8 
20180906967 2 6 8 3 1 7 10 4 9 5 
20180906968 10 3 4 2 1 7 8 5 9 6 
20180906969 10 9 2 5 6 7 3 8 1 4 
20180906970 2 10 3 5 6 9 4 7 8 1 
20180906971 1 8 7 3 10 2 4 5 6 9 
20180906972 9 4 2 3 8 5 10 1 6 7 
20180906973 10 2 7 3 5 6 1 9 8 4 
20180906974 10 8 2 9 7 6 4 5 3 1 
20180906975 5 7 4 6 8 3 1 2 9 10 
20180906976 10 3 8 2 9 7 5 6 1 4 
20180906977 1 8 3 9 6 2 4 10 5 7 
20180906978 4 10 3 7 2 1 5 9 6 8 
20180906979 1 7 4 9 6 8 5 3 2 10 
20180906980 9 8 7 1 2 10 4 6 5 3 
20180906981 5 2 3 7 9 4 6 1 10 8 
20180906982 10 6 4 9 1 3 7 8 2 5 
20180906983 3 10 8 6 5 1 2 9 7 4 
20180906984 2 7 8 6 1 5 9 10 3 4 
20180906985 7 9 8 2 4 10 6 1 5 3 
20180907001 2 1 5 6 9 8 7 3 10 4 
