20180922001 4 3 1 10 7 5 8 9 2 6 
20180922002 6 9 5 10 1 7 8 2 4 3 
20180922003 8 4 7 1 3 6 2 10 5 9 
20180922004 8 2 4 10 3 6 1 9 7 5 
20180922005 2 7 3 6 4 5 1 8 10 9 
20180922006 9 2 6 3 10 4 5 8 7 1 
20180922007 5 4 9 8 10 3 7 6 1 2 
20180922008 5 4 9 6 2 8 1 3 10 7 
20180922009 9 2 5 8 6 4 10 1 7 3 
20180922010 4 7 3 10 5 2 8 6 1 9 
20180922011 2 8 10 4 6 5 7 9 1 3 
20180922012 1 10 9 4 5 6 8 3 7 2 
20180922013 5 3 1 8 7 9 6 2 4 10 
20180922014 9 8 10 5 4 1 3 6 2 7 
20180922015 5 8 7 1 6 3 10 2 4 9 
20180922016 3 6 1 5 10 4 2 7 9 8 
20180922017 5 9 7 4 3 10 6 1 2 8 
20180922018 7 4 1 5 10 8 9 6 2 3 
20180922019 10 2 8 1 6 5 4 3 9 7 
20180922020 7 2 4 1 6 10 3 8 9 5 
20180922021 2 3 4 10 7 9 8 5 1 6 
20180922022 9 6 1 8 10 3 4 5 7 2 
20180922023 6 3 8 2 7 9 10 1 4 5 
20180922024 7 9 8 3 2 10 5 4 6 1 
20180922025 2 5 9 10 3 1 7 4 8 6 
20180922026 10 7 6 9 4 8 3 5 2 1 
20180922027 5 8 10 3 6 7 1 4 9 2 
20180922028 3 5 10 1 6 8 2 9 4 7 
20180922029 9 4 5 10 7 3 6 1 8 2 
20180922030 4 6 9 1 10 7 5 3 2 8 
20180922031 4 3 9 7 1 2 5 8 6 10 
20180922032 3 10 2 7 4 1 9 8 6 5 
20180922033 6 9 5 10 7 4 2 3 8 1 
20180922034 9 1 8 2 5 6 10 3 4 7 
20180922035 8 2 10 6 9 5 4 3 1 7 
20180922036 5 1 3 10 6 4 9 2 8 7 
20180922037 10 3 2 9 8 7 4 1 5 6 
20180922038 6 10 3 8 4 1 9 2 5 7 
20180922039 8 9 7 3 5 6 10 4 1 2 
20180922040 9 6 10 2 4 8 3 1 5 7 
20180922041 6 3 5 2 4 10 1 7 9 8 
20180922042 8 7 3 1 9 2 10 4 6 5 
20180922043 5 7 1 6 4 10 9 8 2 3 
20180922044 4 9 3 7 6 10 5 8 1 2 
20180922045 3 6 4 10 2 8 5 9 1 7 
20180922046 6 5 7 1 10 8 4 2 3 9 
20180922047 10 6 2 8 5 4 9 1 3 7 
20180922048 2 8 3 9 1 5 6 7 4 10 
20180922049 5 7 3 6 2 10 9 4 8 1 
20180922050 4 1 2 7 5 3 8 9 6 10 
20180922051 3 10 4 9 6 5 8 7 2 1 
20180922052 2 6 7 4 8 1 3 9 5 10 
20180922053 9 4 6 10 2 7 1 5 3 8 
20180922054 7 1 10 8 5 4 6 9 2 3 
20180922055 6 4 1 2 7 5 3 10 8 9 
20180922056 7 1 10 3 9 6 4 2 8 5 
20180922057 7 2 9 3 8 10 4 6 5 1 
20180922058 1 6 5 8 9 10 2 3 7 4 
20180922059 10 3 6 8 5 2 7 9 1 4 
20180922060 1 2 3 6 8 9 7 5 4 10 
20180922061 9 3 7 1 4 6 5 10 2 8 
20180922062 10 7 5 1 3 2 6 9 4 8 
20180922063 7 5 2 6 1 4 10 9 3 8 
20180922064 2 7 10 4 5 3 9 6 8 1 
20180922065 4 5 6 1 10 2 7 3 9 8 
20180922066 10 4 6 3 5 2 8 7 1 9 
20180922067 2 10 1 9 5 6 3 4 8 7 
20180922068 2 9 10 3 5 6 1 8 7 4 
20180922069 2 8 7 3 1 9 6 5 10 4 
20180922070 5 9 7 1 10 6 4 2 8 3 
20180922071 1 10 7 3 8 2 9 6 5 4 
20180922072 1 2 9 6 10 5 8 3 4 7 
20180922073 4 9 2 5 10 7 8 6 1 3 
20180922074 3 5 6 8 7 1 2 9 4 10 
20180922075 8 9 5 4 7 1 10 2 6 3 
20180922076 2 6 3 10 1 8 7 4 9 5 
20180922077 3 6 8 5 9 7 4 2 10 1 
20180922078 6 4 8 9 2 1 10 7 5 3 
20180922079 2 5 3 9 10 6 8 7 4 1 
20180922080 4 8 3 7 5 10 6 1 2 9 
20180922081 5 10 9 6 8 1 7 3 2 4 
20180922082 5 7 6 10 9 8 2 4 1 3 
20180922083 1 2 9 5 8 6 3 4 7 10 
20180922084 8 2 6 7 5 3 1 10 9 4 
20180922085 3 1 6 5 8 2 9 7 10 4 
20180922086 10 8 3 9 7 1 4 2 5 6 
20180922087 5 9 1 2 6 7 10 3 4 8 
20180922088 8 3 10 4 1 9 7 2 5 6 
20180922089 6 1 8 3 9 5 2 7 10 4 
20180922090 2 10 7 5 6 8 3 4 1 9 
20180922091 3 2 9 6 10 4 7 5 1 8 
20180922092 5 1 9 3 2 7 8 4 6 10 
20180922093 1 3 10 9 6 2 5 7 4 8 
20180922094 10 5 4 7 1 2 6 3 8 9 
20180922095 7 8 5 10 4 2 9 6 3 1 
20180922096 7 5 8 4 2 9 6 10 1 3 
20180922097 7 1 10 2 4 5 3 9 8 6 
20180922098 7 4 5 9 3 6 1 8 2 10 
20180922099 1 10 7 9 8 5 2 6 4 3 
20180922100 1 8 10 3 9 2 5 4 6 7 
20180922101 10 5 7 6 8 2 4 3 9 1 
20180922102 4 9 5 7 10 3 8 1 2 6 
20180922103 10 2 7 6 3 8 5 1 4 9 
20180922104 2 1 5 9 10 7 6 4 8 3 
20180922105 1 8 9 2 6 10 5 4 3 7 
20180922106 4 9 10 8 3 1 5 6 2 7 
20180922107 3 9 2 1 6 4 5 8 7 10 
20180922108 4 2 5 8 9 6 3 10 7 1 
20180922109 1 4 3 2 8 7 5 10 9 6 
20180922110 1 6 3 10 9 5 2 4 7 8 
20180922111 8 9 4 3 1 6 5 2 7 10 
20180922112 9 10 5 3 2 4 1 6 8 7 
20180922113 7 5 1 2 10 8 4 6 9 3 
20180922114 3 4 10 8 5 7 9 6 1 2 
20180922115 3 10 6 5 4 8 2 9 7 1 
20180922116 10 2 9 6 5 1 4 3 8 7 
20180922117 4 6 9 8 5 3 7 10 1 2 
20180922118 1 10 3 4 6 7 9 2 8 5 
20180922119 6 10 2 3 1 4 7 5 8 9 
20180922120 4 3 1 7 5 6 2 10 9 8 
20180922121 10 5 1 7 6 4 2 3 8 9 
20180922122 9 2 10 8 3 4 7 1 5 6 
20180922123 4 2 1 8 9 7 5 6 10 3 
20180922124 6 3 1 5 2 10 9 4 8 7 
20180922125 3 7 4 9 8 2 6 5 1 10 
20180922126 3 1 5 2 4 6 8 9 7 10 
20180922127 9 10 8 6 4 7 3 2 1 5 
20180922128 6 7 4 1 3 10 2 5 8 9 
20180922129 4 3 6 8 5 10 7 1 2 9 
20180922130 5 9 6 3 10 2 8 7 1 4 
20180922131 2 3 4 1 6 5 8 10 7 9 
20180922132 5 9 4 10 1 3 6 2 7 8 
20180922133 1 5 7 4 3 6 10 9 2 8 
20180922134 4 5 3 1 7 10 2 9 6 8 
20180922135 6 4 8 1 3 7 9 10 5 2 
20180922136 4 5 1 8 2 6 10 7 9 3 
20180922137 1 8 5 4 10 3 9 7 2 6 
20180922138 8 9 1 7 3 5 2 4 6 10 
20180922139 3 1 5 8 6 10 7 4 9 2 
20180922140 3 4 5 9 7 2 6 10 8 1 
20180922141 1 2 5 7 9 8 10 4 6 3 
20180922142 2 5 7 1 3 4 6 8 10 9 
20180922143 6 5 4 9 7 8 3 2 10 1 
20180922144 4 10 7 6 1 9 2 3 8 5 
20180922145 9 8 10 5 1 6 3 2 7 4 
20180922146 3 6 10 1 4 9 2 8 7 5 
20180922147 4 3 10 2 6 9 7 8 1 5 
20180922148 8 10 1 3 6 2 7 4 5 9 
20180922149 3 10 5 1 4 6 7 8 9 2 
20180922150 5 10 3 2 9 6 1 7 8 4 
20180922151 9 5 7 8 6 3 1 10 2 4 
20180922152 8 7 4 10 9 2 6 5 1 3 
20180922153 10 1 6 9 7 3 4 2 5 8 
20180922154 5 1 4 9 3 7 6 10 2 8 
20180922155 10 2 1 5 3 4 6 9 7 8 
20180922156 9 8 6 5 3 2 4 1 7 10 
20180922157 3 8 7 5 10 1 9 6 2 4 
20180922158 1 2 6 7 5 8 4 9 10 3 
20180922159 4 1 9 8 7 3 6 10 2 5 
20180922160 6 5 3 9 7 10 4 1 2 8 
20180922161 5 4 2 6 10 7 9 8 3 1 
20180922162 1 3 10 5 6 2 4 7 9 8 
20180922163 10 5 3 8 9 2 1 7 4 6 
20180922164 7 1 10 6 2 8 9 4 3 5 
20180922165 7 10 4 3 1 8 2 9 6 5 
20180922166 8 6 1 10 7 3 4 2 5 9 
20180922167 1 3 9 2 10 8 7 4 6 5 
20180922168 9 5 10 4 7 2 3 1 8 6 
20180922169 4 3 8 6 9 7 5 1 2 10 
20180922170 2 3 10 8 4 6 5 9 1 7 
20180922171 8 1 9 2 7 10 5 4 3 6 
20180922172 5 8 4 10 6 9 2 3 7 1 
20180922173 4 2 8 10 7 1 5 3 6 9 
20180922174 8 2 4 1 5 10 9 7 3 6 
20180922175 1 6 7 5 3 8 9 10 2 4 
20180922176 7 5 9 1 6 10 8 4 3 2 
20180922177 1 7 8 4 9 2 10 6 3 5 
20180922178 4 3 9 7 8 6 2 5 10 1 
20180922179 7 1 6 9 3 4 10 5 2 8 
20180922180 5 8 3 10 6 4 1 7 2 9 
20180922181 9 8 2 5 4 10 7 3 6 1 
20180922182 8 5 6 2 1 3 10 9 4 7 
20180922183 3 5 10 8 6 4 7 1 2 9 
20180922184 4 9 1 10 3 6 2 8 5 7 
20180922185 9 5 8 3 7 4 10 1 2 6 
20180922186 1 5 6 7 8 4 9 10 2 3 
20180922187 6 7 4 8 9 1 2 10 5 3 
20180922188 2 1 4 8 10 9 5 7 6 3 
20180922189 3 4 8 2 6 7 9 1 5 10 
20180922190 7 9 4 3 6 2 1 5 8 10 
20180922191 2 1 4 3 5 6 9 10 7 8 
20180922192 8 6 3 7 9 10 1 2 5 4 
20180922193 3 4 1 2 5 9 6 10 7 8 
20180922194 7 1 6 3 4 9 5 10 8 2 
20180922195 7 2 9 3 5 4 6 1 10 8 
20180922196 4 6 1 5 8 7 3 2 9 10 
20180922197 2 1 3 6 7 8 4 10 5 9 
20180922198 10 9 2 8 5 1 4 3 7 6 
20180922199 6 7 4 8 5 1 9 2 10 3 
20180922200 9 2 7 3 6 5 10 1 8 4 
20180922201 7 6 5 10 8 4 9 1 2 3 
20180922202 1 7 6 4 5 10 9 8 3 2 
20180922203 9 4 1 10 8 2 5 6 3 7 
20180922204 8 5 9 2 3 10 1 6 4 7 
20180922205 7 4 5 3 8 10 2 6 9 1 
20180922206 9 10 3 5 6 4 1 8 2 7 
20180922207 3 7 2 5 9 1 10 8 4 6 
20180922208 6 3 8 4 2 1 7 10 5 9 
20180922209 8 4 10 6 5 9 1 7 3 2 
20180922210 1 6 9 4 5 7 2 8 3 10 
20180922211 9 10 3 5 6 8 2 4 1 7 
20180922212 9 3 2 10 6 8 7 1 5 4 
20180922213 9 2 6 4 10 8 5 1 3 7 
20180922214 6 10 7 1 8 9 2 3 5 4 
20180922215 7 5 8 6 2 1 10 4 3 9 
20180922216 8 3 7 1 6 9 5 10 4 2 
20180922217 5 9 2 7 10 8 1 6 3 4 
20180922218 9 6 4 3 8 5 7 2 1 10 
20180922219 3 7 2 9 6 1 4 10 5 8 
20180922220 5 1 4 3 8 2 7 9 6 10 
20180922221 5 3 6 9 1 10 7 8 4 2 
20180922222 6 4 3 8 9 2 5 1 7 10 
20180922223 7 4 6 3 10 8 2 1 9 5 
20180922224 4 10 1 9 5 3 8 6 7 2 
20180922225 8 2 6 3 5 4 10 1 9 7 
20180922226 5 1 8 7 6 4 9 2 3 10 
20180922227 4 8 9 1 10 7 5 6 3 2 
20180922228 10 8 5 3 1 4 7 2 6 9 
20180922229 7 2 9 8 5 10 3 4 6 1 
20180922230 8 5 2 7 9 1 10 6 3 4 
20180922231 9 2 5 3 10 6 4 8 7 1 
20180922232 8 9 5 1 4 10 6 3 7 2 
20180922233 9 2 3 4 7 8 1 10 5 6 
20180922234 9 6 10 4 5 1 7 3 8 2 
20180922235 4 3 6 2 10 5 1 8 7 9 
20180922236 2 4 3 8 9 10 7 1 5 6 
20180922237 6 9 4 1 3 10 2 5 8 7 
20180922238 4 2 7 9 3 1 6 8 5 10 
20180922239 7 4 2 9 5 3 10 6 1 8 
20180922240 7 3 1 5 6 8 4 2 10 9 
20180922241 8 7 10 1 9 3 5 2 4 6 
20180922242 5 2 3 1 8 4 7 10 9 6 
20180922243 10 3 4 6 5 8 2 7 1 9 
20180922244 3 8 6 4 5 7 1 9 2 10 
20180922245 4 3 7 10 6 9 1 2 8 5 
20180922246 4 1 3 6 7 9 2 8 5 10 
20180922247 8 10 6 1 9 3 2 5 4 7 
20180922248 4 6 1 3 5 2 8 7 10 9 
20180922249 3 1 10 4 6 8 5 9 2 7 
20180922250 2 10 9 5 1 8 4 7 3 6 
20180922251 6 7 1 5 9 2 8 4 3 10 
20180922252 3 9 5 6 1 2 10 4 7 8 
20180922253 6 4 1 5 10 7 2 8 9 3 
20180922254 5 3 2 4 1 9 8 6 10 7 
20180922255 6 1 8 5 7 10 9 4 2 3 
20180922256 4 7 2 10 6 8 3 9 1 5 
20180922257 9 8 10 2 3 4 6 7 5 1 
20180922258 9 3 1 6 8 2 4 10 5 7 
20180922259 5 9 4 2 1 3 8 6 7 10 
20180922260 2 6 1 4 5 8 7 10 9 3 
20180922261 6 2 10 5 4 7 8 1 9 3 
20180922262 4 9 3 6 7 2 1 10 5 8 
20180922263 3 1 7 2 8 9 5 6 4 10 
20180922264 4 7 2 1 6 5 9 3 8 10 
20180922265 1 4 3 8 10 6 9 2 7 5 
20180922266 3 6 10 1 8 7 9 5 2 4 
20180922267 10 7 9 1 4 5 6 8 3 2 
20180922268 4 8 10 3 9 2 1 6 7 5 
20180922269 9 4 1 2 8 3 5 10 7 6 
20180922270 6 2 1 3 10 8 9 5 7 4 
20180922271 2 3 1 4 8 6 10 7 9 5 
20180922272 4 6 8 2 3 9 1 5 7 10 
20180922273 4 10 7 3 2 9 1 8 6 5 
20180922274 1 5 6 7 2 9 8 4 3 10 
20180922275 5 7 8 1 2 10 3 6 9 4 
20180922276 9 6 5 4 3 2 1 10 8 7 
20180922277 10 9 7 8 5 2 6 4 3 1 
20180922278 1 8 3 7 9 2 6 4 5 10 
20180922279 8 2 3 9 6 1 4 5 10 7 
20180922280 5 6 1 7 4 3 2 9 8 10 
20180922281 7 6 4 3 1 2 8 9 5 10 
20180922282 8 6 9 5 10 3 7 2 1 4 
20180922283 10 5 9 2 7 8 3 6 1 4 
20180922284 8 5 10 2 7 6 4 1 9 3 
20180922285 6 7 4 8 5 2 1 3 9 10 
20180922286 3 5 4 7 10 9 6 1 8 2 
20180922287 2 10 4 5 6 8 9 3 7 1 
20180922288 2 6 7 1 5 4 8 10 9 3 
20180922289 7 6 10 5 1 2 3 4 8 9 
20180922290 4 8 6 9 10 2 5 7 3 1 
20180922291 7 8 9 2 4 10 1 5 6 3 
20180922292 2 1 9 8 5 6 10 4 3 7 
20180922293 4 7 6 5 10 9 3 1 2 8 
20180922294 1 8 9 3 4 7 5 10 6 2 
20180922295 4 6 10 2 9 7 8 1 3 5 
20180922296 5 7 4 8 2 6 1 3 9 10 
20180922297 1 4 3 10 7 9 5 8 2 6 
20180922298 9 1 8 6 4 5 10 7 3 2 
20180922299 9 2 5 4 8 1 3 7 10 6 
20180922300 1 2 9 4 7 6 10 3 5 8 
20180922301 7 3 6 8 1 9 2 5 4 10 
20180922302 9 2 7 3 1 6 8 5 10 4 
20180922303 8 1 10 3 7 9 5 2 4 6 
20180922304 1 8 9 3 2 10 6 4 7 5 
20180922305 5 2 4 9 7 10 8 3 6 1 
20180922306 1 7 9 6 2 5 4 3 8 10 
20180922307 4 10 5 7 9 8 2 3 6 1 
20180922308 6 7 5 10 8 2 9 1 3 4 
20180922309 7 10 2 8 5 1 9 4 6 3 
20180922310 8 3 2 10 9 4 7 1 5 6 
20180922311 4 7 9 10 6 8 5 1 3 2 
20180922312 4 9 3 1 7 10 8 5 6 2 
20180922313 5 3 7 8 6 4 2 10 1 9 
20180922314 1 6 9 10 5 7 4 8 2 3 
20180922315 8 3 2 7 6 5 4 1 9 10 
20180922316 5 9 3 6 1 2 4 10 8 7 
20180922317 1 3 8 2 5 10 4 9 6 7 
20180922318 10 4 7 1 3 5 6 9 2 8 
20180922319 9 1 8 7 2 6 10 5 3 4 
20180922320 2 4 6 3 1 10 9 7 5 8 
20180922321 2 4 3 1 6 7 9 5 10 8 
20180922322 4 9 1 8 5 3 6 10 2 7 
20180922323 4 1 6 7 8 3 10 9 5 2 
20180922324 2 8 5 1 7 3 10 4 9 6 
20180922325 9 6 5 4 1 8 3 7 10 2 
20180922326 4 3 2 6 7 1 10 8 9 5 
20180922327 9 6 3 2 10 4 7 1 8 5 
20180922328 10 9 7 3 4 6 2 1 5 8 
20180922329 10 2 8 5 9 4 7 1 6 3 
20180922330 1 10 5 8 7 3 4 2 6 9 
20180922331 3 6 5 7 8 1 10 4 2 9 
20180922332 5 1 6 7 3 4 10 8 9 2 
20180922333 6 3 1 5 8 4 7 2 10 9 
20180922334 6 9 10 4 3 1 7 2 8 5 
20180922335 5 8 1 6 4 10 9 3 7 2 
20180922336 9 5 2 1 7 6 8 3 10 4 
20180922337 10 6 8 7 9 3 2 4 5 1 
20180922338 5 1 8 9 10 3 6 4 2 7 
20180922339 9 8 2 5 10 6 1 3 4 7 
20180922340 9 3 8 6 1 5 4 2 7 10 
20180922341 9 2 7 10 1 3 5 8 4 6 
20180922342 4 9 3 6 8 10 5 1 7 2 
20180922343 9 7 1 6 3 5 4 10 8 2 
20180922344 1 3 8 7 2 10 4 9 6 5 
20180922345 3 8 7 10 1 6 5 2 4 9 
20180922346 4 7 6 9 8 5 10 3 1 2 
20180922347 6 8 1 4 9 5 7 10 2 3 
20180922348 8 6 10 4 2 9 7 5 3 1 
20180922349 9 1 8 6 5 3 7 4 10 2 
20180922350 10 1 4 6 5 3 9 8 2 7 
20180922351 8 10 2 5 3 1 9 7 6 4 
20180922352 9 4 2 1 6 7 10 3 8 5 
20180922353 7 3 5 9 1 8 2 10 4 6 
20180922354 9 4 3 5 6 2 1 8 7 10 
20180922355 9 8 1 7 6 2 3 4 5 10 
20180922356 6 3 9 1 2 10 8 7 4 5 
20180922357 8 1 4 10 2 9 7 5 6 3 
20180922358 3 5 10 6 1 2 4 8 7 9 
20180922359 9 6 10 1 4 3 5 2 8 7 
20180922360 4 9 1 8 3 5 6 7 10 2 
20180922361 5 3 6 1 9 2 7 4 10 8 
20180922362 10 8 9 7 4 3 5 6 1 2 
20180922363 1 10 9 7 5 8 4 2 6 3 
20180922364 1 9 7 3 5 8 10 4 2 6 
20180922365 9 10 3 4 6 5 7 2 8 1 
20180922366 3 9 7 5 8 6 4 1 2 10 
20180922367 6 4 3 10 9 5 1 2 7 8 
20180922368 3 5 8 10 2 9 7 4 1 6 
20180922369 3 9 4 1 6 10 8 5 7 2 
20180922370 9 10 7 2 3 1 8 5 4 6 
20180922371 1 2 6 3 4 10 9 8 5 7 
20180922372 5 1 3 10 4 9 2 6 7 8 
20180922373 4 2 8 3 9 7 5 6 10 1 
20180922374 10 8 2 6 4 9 1 3 5 7 
20180922375 2 10 5 4 6 3 8 9 1 7 
20180922376 4 10 1 2 9 8 5 6 3 7 
20180922377 6 8 3 9 1 2 4 5 7 10 
20180922378 6 2 5 3 10 1 8 4 9 7 
20180922379 3 5 8 7 1 2 4 10 9 6 
20180922380 1 4 2 3 10 6 7 5 9 8 
20180922381 1 9 10 4 3 2 8 7 6 5 
20180922382 2 10 9 8 7 4 6 3 1 5 
20180922383 5 9 6 10 4 7 8 2 3 1 
20180922384 4 1 2 8 7 10 5 6 3 9 
20180922385 2 7 5 6 9 1 8 10 4 3 
20180922386 1 7 3 8 5 6 2 4 10 9 
20180922387 10 1 3 9 5 8 2 6 4 7 
20180922388 4 3 5 2 1 9 7 6 10 8 
20180922389 2 6 9 8 5 4 1 7 3 10 
20180922390 7 10 5 3 9 8 2 1 4 6 
20180922391 10 8 6 1 7 4 9 2 5 3 
20180922392 1 9 2 4 6 7 10 3 8 5 
20180922393 1 9 5 4 8 10 6 2 3 7 
20180922394 6 10 4 1 5 3 2 7 8 9 
20180922395 10 1 9 7 2 8 4 5 6 3 
20180922396 10 5 3 8 7 9 1 2 4 6 
20180922397 8 2 7 1 9 6 10 5 4 3 
20180922398 4 5 8 10 2 6 1 9 3 7 
20180922399 1 4 6 5 8 10 3 7 9 2 
20180922400 3 2 5 1 10 6 4 8 7 9 
20180922401 7 2 4 10 1 3 5 8 9 6 
20180922402 9 7 10 5 8 6 4 2 3 1 
20180922403 9 2 5 1 8 4 10 7 3 6 
20180922404 9 2 10 3 1 5 4 8 6 7 
20180922405 2 7 5 10 8 3 4 6 1 9 
20180922406 3 6 2 1 4 7 10 9 5 8 
20180922407 1 10 7 3 6 8 5 2 9 4 
20180922408 3 9 8 7 5 10 1 4 6 2 
20180922409 10 4 5 3 2 6 1 8 9 7 
20180922410 6 10 1 9 2 8 4 3 5 7 
20180922411 9 8 6 5 7 4 3 2 10 1 
20180922412 2 10 5 1 4 9 6 7 8 3 
20180922413 2 8 4 9 5 3 1 10 6 7 
20180922414 4 7 10 6 5 9 8 1 2 3 
20180922415 3 1 10 5 6 8 9 2 4 7 
20180922416 9 4 8 5 7 10 6 3 2 1 
20180922417 5 10 2 7 8 6 1 3 9 4 
20180922418 6 10 9 1 4 3 5 2 7 8 
20180922419 1 9 8 2 5 6 7 4 3 10 
20180922420 3 4 1 8 6 9 2 7 10 5 
20180922421 5 1 3 8 6 2 9 7 10 4 
20180922422 5 9 8 2 7 3 4 10 6 1 
20180922423 6 3 1 10 4 2 7 8 9 5 
20180922424 3 9 4 7 6 2 10 5 8 1 
20180922425 6 9 8 7 5 2 4 3 1 10 
20180922426 10 6 5 4 3 8 2 9 1 7 
20180922427 8 6 1 2 7 5 4 3 10 9 
20180922428 9 3 1 4 10 7 5 8 2 6 
20180922429 9 8 4 5 7 1 2 6 10 3 
20180922430 3 1 5 7 10 9 4 6 2 8 
20180922431 2 1 9 4 5 7 10 8 6 3 
20180922432 6 8 9 2 1 7 5 4 3 10 
20180922433 10 4 8 3 2 6 5 9 1 7 
20180922434 5 9 10 7 8 2 4 6 3 1 
20180922435 7 3 1 5 6 10 4 9 2 8 
20180922436 2 8 9 6 1 4 5 10 7 3 
20180922437 4 8 1 7 2 6 9 10 3 5 
20180922438 7 5 3 6 1 4 8 2 10 9 
20180922439 1 10 3 8 4 9 6 5 7 2 
20180922440 3 8 10 9 1 6 7 4 5 2 
20180922441 7 1 5 2 9 6 8 3 10 4 
20180922442 1 5 8 10 3 9 7 6 4 2 
20180922443 9 5 1 7 3 10 2 6 8 4 
20180922444 7 9 4 5 1 6 8 2 10 3 
20180922445 6 1 10 4 9 5 8 7 3 2 
20180922446 10 6 5 1 7 4 9 2 3 8 
20180922447 5 9 4 1 8 2 10 7 3 6 
20180922448 7 4 5 8 6 1 2 9 10 3 
20180922449 7 5 6 2 10 3 4 8 9 1 
20180922450 1 5 10 3 7 8 6 4 9 2 
20180922451 10 6 5 3 1 9 2 8 4 7 
20180922452 5 10 3 1 4 7 9 8 2 6 
20180922453 3 4 8 9 6 7 5 2 1 10 
20180922454 2 9 4 5 8 1 6 3 10 7 
20180922455 3 9 7 4 6 2 8 10 5 1 
20180922456 9 6 2 5 4 3 8 1 10 7 
20180922457 10 7 8 3 1 6 9 2 4 5 
20180922458 3 10 2 1 9 6 4 7 8 5 
20180922459 1 4 3 5 7 10 6 2 8 9 
20180922460 7 3 2 4 6 5 9 1 8 10 
20180922461 1 6 8 3 5 10 9 2 7 4 
20180922462 5 4 10 2 9 8 6 7 3 1 
20180922463 3 6 1 4 10 8 5 7 9 2 
20180922464 6 7 1 5 10 2 9 3 4 8 
20180922465 9 7 10 8 4 3 6 1 5 2 
20180922466 5 10 1 8 4 6 2 3 9 7 
20180922467 5 2 6 3 4 7 9 8 10 1 
20180922468 5 8 10 1 7 6 2 3 4 9 
20180922469 1 9 7 8 10 6 4 5 3 2 
20180922470 3 10 5 8 2 6 1 9 4 7 
20180922471 4 9 1 3 6 7 8 5 2 10 
20180922472 9 2 5 3 1 10 4 7 6 8 
20180922473 7 4 3 2 10 5 9 6 1 8 
20180922474 4 3 6 7 2 5 10 9 1 8 
20180922475 1 9 4 10 3 7 5 2 6 8 
20180922476 6 2 4 9 10 5 3 7 8 1 
20180922477 4 1 7 6 5 2 8 3 10 9 
20180922478 7 1 2 3 9 5 8 6 10 4 
20180922479 7 5 1 6 2 4 8 3 9 10 
20180922480 5 3 4 6 1 9 8 2 7 10 
20180922481 2 5 3 8 1 4 6 10 9 7 
20180922482 4 2 1 10 6 5 7 8 3 9 
20180922483 3 8 2 9 10 6 7 4 1 5 
20180922484 5 3 7 2 10 4 6 1 9 8 
20180922485 9 4 3 6 7 1 5 8 2 10 
20180922486 10 3 6 5 4 9 7 1 8 2 
20180922487 6 8 2 4 5 7 9 1 10 3 
20180922488 2 8 7 9 4 6 1 3 10 5 
20180922489 9 6 2 4 10 8 7 5 1 3 
20180922490 3 4 2 5 8 9 1 6 7 10 
20180922491 4 9 10 2 1 7 3 5 6 8 
20180922492 5 7 3 10 6 9 2 4 8 1 
20180922493 9 10 7 8 3 5 6 4 1 2 
20180922494 3 5 6 2 7 10 9 4 1 8 
20180922495 9 7 8 6 5 4 3 1 2 10 
20180922496 6 9 7 1 5 8 3 2 4 10 
20180922497 10 9 6 2 7 3 5 1 8 4 
20180922498 5 7 1 3 10 6 2 8 9 4 
20180922499 5 7 8 2 3 4 1 6 9 10 
20180922500 3 2 10 7 1 4 9 6 8 5 
20180922501 9 7 3 8 6 1 4 5 10 2 
20180922502 4 10 3 8 5 6 2 1 9 7 
20180922503 5 7 10 2 4 1 6 3 8 9 
20180922504 5 9 10 8 3 4 6 7 1 2 
20180922505 5 10 8 2 9 7 6 3 4 1 
20180922506 5 8 3 6 10 1 4 2 7 9 
20180922507 10 9 2 3 7 4 6 8 5 1 
20180922508 7 4 1 10 5 8 3 9 2 6 
20180922509 7 9 5 1 3 4 10 8 2 6 
20180922510 1 6 2 4 10 3 7 9 8 5 
20180922511 1 9 2 10 8 5 4 7 3 6 
20180922512 1 8 9 3 4 5 7 2 6 10 
20180922513 5 7 1 2 6 9 10 4 3 8 
20180922514 10 4 2 9 1 7 6 8 3 5 
20180922515 3 2 9 10 5 6 1 4 7 8 
20180922516 6 4 9 2 8 1 7 5 3 10 
20180922517 10 3 2 8 1 4 6 9 7 5 
20180922518 5 3 7 8 4 10 6 9 1 2 
20180922519 10 4 2 7 3 1 8 9 5 6 
20180922520 7 9 5 2 4 1 3 6 10 8 
20180922521 1 10 4 5 7 2 3 9 8 6 
20180922522 6 2 1 7 3 8 9 10 5 4 
20180922523 6 8 5 1 3 2 10 7 4 9 
20180922524 1 6 7 5 9 4 8 2 3 10 
20180922525 4 6 3 10 8 5 2 7 1 9 
20180922526 1 4 5 10 2 6 8 7 3 9 
20180922527 9 5 1 8 2 7 10 4 6 3 
20180922528 8 3 7 10 2 5 6 9 1 4 
20180922529 4 2 5 9 1 10 3 6 8 7 
20180922530 5 10 3 1 9 4 7 2 8 6 
20180922531 5 7 8 3 2 9 6 4 1 10 
20180922532 8 9 5 2 7 4 10 3 1 6 
20180922533 8 7 9 3 2 1 5 6 4 10 
20180922534 4 2 10 3 5 6 1 9 8 7 
20180922535 7 8 4 5 2 1 10 9 3 6 
20180922536 4 5 10 3 8 2 9 7 6 1 
20180922537 10 6 3 2 5 4 8 9 1 7 
20180922538 5 3 2 7 6 8 4 10 9 1 
20180922539 4 3 7 5 6 1 10 9 2 8 
20180922540 5 2 4 7 6 9 3 1 10 8 
20180922541 1 4 9 3 10 2 8 5 7 6 
20180922542 7 3 8 9 10 1 2 4 6 5 
20180922543 3 9 1 10 4 7 5 8 6 2 
20180922544 9 10 8 4 3 7 5 6 1 2 
20180922545 2 9 7 6 5 3 10 4 1 8 
20180922546 6 8 9 5 1 4 10 7 3 2 
20180922547 6 1 8 3 5 2 10 9 7 4 
20180922548 3 6 2 10 5 1 7 4 9 8 
20180922549 9 1 7 10 6 5 2 8 4 3 
20180922550 8 4 10 3 5 7 1 6 2 9 
20180922551 9 7 4 2 5 1 10 3 8 6 
20180922552 10 2 5 3 1 9 7 4 8 6 
20180922553 5 6 8 7 2 10 9 1 4 3 
20180922554 4 2 6 3 5 9 1 10 8 7 
20180922555 3 1 8 6 4 5 7 10 9 2 
20180922556 5 8 6 3 10 9 4 1 2 7 
20180922557 6 10 4 5 8 1 3 7 9 2 
20180922558 2 1 8 3 10 6 7 9 5 4 
20180922559 6 10 5 3 9 1 4 8 2 7 
20180922560 5 1 9 7 8 6 10 3 2 4 
20180922561 8 10 7 3 9 1 2 4 6 5 
20180922562 9 6 1 8 3 10 4 2 5 7 
20180922563 6 2 3 4 10 9 8 5 1 7 
20180922564 1 8 7 5 6 9 2 4 10 3 
20180922565 10 3 5 4 9 2 8 6 1 7 
20180922566 9 5 6 7 10 3 1 2 4 8 
20180922567 5 9 3 6 8 10 1 2 4 7 
20180922568 8 7 1 2 3 6 5 9 10 4 
20180922569 2 5 10 1 8 7 3 4 6 9 
20180922570 3 2 10 1 8 5 9 4 7 6 
20180922571 7 8 6 4 1 3 9 10 5 2 
20180922572 4 10 5 3 1 6 2 8 7 9 
20180922573 1 8 4 9 5 3 6 10 7 2 
20180922574 2 3 5 4 7 6 10 9 1 8 
20180922575 8 7 2 9 5 3 10 1 6 4 
20180922576 9 6 5 3 7 10 4 8 1 2 
20180922577 1 7 5 4 8 9 6 2 10 3 
20180922578 6 9 10 5 4 2 1 3 8 7 
20180922579 2 8 4 7 3 6 5 1 10 9 
20180922580 1 10 9 6 4 8 2 5 7 3 
20180922581 5 4 1 6 9 8 3 2 7 10 
20180922582 4 5 6 7 1 8 10 9 2 3 
20180922583 4 9 5 10 6 1 8 2 3 7 
20180922584 7 6 9 1 10 3 8 4 5 2 
20180922585 7 9 1 4 2 5 10 6 3 8 
20180922586 1 8 4 10 9 6 2 5 7 3 
20180922587 6 5 4 8 7 2 10 1 3 9 
20180922588 8 5 9 1 4 7 6 3 10 2 
20180922589 3 4 5 8 2 10 1 6 9 7 
20180922590 10 6 3 9 7 1 5 2 4 8 
20180922591 3 8 2 7 9 10 4 5 6 1 
20180922592 10 7 2 6 5 4 3 9 1 8 
20180922593 6 3 10 9 4 2 8 1 7 5 
20180922594 4 7 1 6 8 9 5 10 2 3 
20180922595 3 7 6 9 5 10 4 2 8 1 
20180922596 4 10 2 5 9 3 1 8 7 6 
20180922597 9 1 5 2 7 10 6 3 4 8 
20180922598 10 3 5 8 7 6 2 4 1 9 
20180922599 3 2 4 5 1 8 9 10 6 7 
20180922600 6 9 1 7 8 5 10 2 4 3 
20180922601 3 5 9 10 6 1 2 4 7 8 
20180922602 8 4 2 6 3 5 9 1 10 7 
20180922603 10 8 7 4 5 1 2 3 6 9 
20180922604 6 10 2 9 5 3 7 1 4 8 
20180922605 9 1 4 2 7 5 8 3 10 6 
20180922606 4 1 9 6 7 8 3 5 2 10 
20180922607 3 8 2 6 7 9 1 5 10 4 
20180922608 10 3 1 4 8 5 7 2 9 6 
20180922609 4 8 9 5 6 2 3 1 7 10 
20180922610 6 2 4 10 8 9 7 3 1 5 
20180922611 2 4 7 5 3 10 6 8 1 9 
20180922612 7 6 1 4 8 3 2 10 9 5 
20180922613 2 5 9 7 10 3 6 8 1 4 
20180922614 7 10 9 8 4 1 5 3 2 6 
20180922615 4 8 7 1 10 5 2 3 6 9 
20180922616 9 3 8 7 5 10 1 6 4 2 
20180922617 9 10 6 8 2 5 7 3 4 1 
20180922618 3 4 7 2 5 1 6 8 9 10 
20180922619 8 1 10 3 2 7 4 9 6 5 
20180922620 1 10 2 6 8 3 5 7 9 4 
20180922621 4 9 5 8 7 10 6 3 2 1 
20180922622 8 5 6 9 4 1 7 2 10 3 
20180922623 4 8 5 1 3 2 6 7 9 10 
20180922624 8 1 9 3 5 6 4 2 10 7 
20180922625 2 5 1 6 9 8 3 7 10 4 
20180922626 6 10 3 4 9 2 8 1 7 5 
20180922627 8 5 7 1 3 6 9 4 2 10 
20180922628 9 2 8 7 4 1 6 10 5 3 
20180922629 6 3 1 10 5 7 8 4 9 2 
20180922630 8 6 7 4 3 5 10 1 9 2 
20180922631 2 5 6 4 10 3 8 1 7 9 
20180922632 8 2 3 6 7 1 10 9 5 4 
20180922633 5 7 1 2 9 3 10 4 6 8 
20180922634 10 3 6 7 9 2 4 5 8 1 
20180922635 4 1 5 9 7 6 8 3 10 2 
20180922636 5 2 9 7 4 1 10 3 8 6 
20180922637 8 3 10 7 9 4 1 5 6 2 
20180922638 5 2 8 3 6 4 1 7 10 9 
20180922639 6 9 5 8 4 1 7 10 2 3 
20180922640 9 7 5 8 1 10 3 6 2 4 
20180922641 7 4 8 5 10 6 1 3 2 9 
20180922642 3 5 1 6 2 9 7 8 10 4 
20180922643 8 9 4 1 6 7 10 2 3 5 
20180922644 7 4 9 10 8 1 6 3 5 2 
20180922645 3 5 7 2 9 8 6 10 4 1 
20180922646 7 3 4 6 8 2 10 1 9 5 
20180922647 9 6 1 4 3 10 5 7 2 8 
20180922648 2 3 7 8 10 1 9 6 4 5 
20180922649 10 4 8 1 7 9 5 2 6 3 
20180922650 10 9 4 3 1 6 2 5 7 8 
20180922651 9 5 6 7 4 2 1 3 10 8 
20180922652 10 4 1 2 5 6 3 8 9 7 
20180922653 8 4 5 6 3 2 10 9 7 1 
20180922654 1 5 9 8 6 2 7 10 4 3 
20180922655 1 8 2 5 10 7 6 3 9 4 
20180922656 2 4 3 6 7 8 9 1 10 5 
20180922657 7 4 1 10 8 5 2 6 3 9 
20180922658 6 1 2 8 7 5 9 3 10 4 
20180922659 1 5 10 7 8 3 2 9 4 6 
20180922660 8 5 6 4 10 2 7 3 9 1 
20180922661 6 5 4 7 2 9 3 10 8 1 
20180922662 9 3 1 4 7 6 5 2 8 10 
20180922663 6 8 1 7 5 9 10 2 4 3 
20180922664 8 3 1 10 4 9 2 7 5 6 
20180922665 3 1 9 6 7 4 2 5 10 8 
20180922666 4 6 1 10 9 7 5 8 3 2 
20180922667 6 1 10 9 3 7 5 8 4 2 
20180922668 7 3 4 10 1 8 9 2 5 6 
20180922669 6 7 3 2 4 5 10 8 1 9 
20180922670 1 3 2 8 10 5 4 9 6 7 
20180922671 7 9 1 5 6 10 2 3 8 4 
20180922672 4 9 3 5 10 2 7 1 8 6 
20180922673 10 5 6 1 8 4 9 2 7 3 
20180922674 10 7 2 1 4 3 6 5 8 9 
20180922675 10 5 1 9 4 2 7 6 3 8 
20180922676 1 3 10 4 8 7 9 5 2 6 
20180922677 6 2 10 5 1 4 3 9 7 8 
20180922678 5 2 6 8 3 10 7 1 4 9 
20180922679 1 2 8 10 9 5 4 3 7 6 
20180922680 6 2 8 1 4 3 7 10 5 9 
20180922681 10 2 3 8 5 4 7 1 6 9 
20180922682 7 9 6 8 1 3 5 10 2 4 
20180922683 1 10 2 8 3 5 4 6 9 7 
20180922684 9 4 5 8 10 6 3 2 7 1 
20180922685 3 5 2 8 10 4 7 6 1 9 
20180922686 10 1 4 8 5 7 6 3 9 2 
20180922687 4 7 3 6 1 8 10 2 9 5 
20180922688 8 7 1 9 5 6 2 3 4 10 
20180922689 4 3 1 5 9 10 8 2 6 7 
20180922690 3 2 7 6 5 9 8 10 1 4 
20180922691 8 4 10 2 6 3 9 7 1 5 
20180922692 10 1 2 7 5 3 6 4 9 8 
20180922693 4 5 8 10 3 6 1 7 2 9 
20180922694 3 7 2 5 4 8 9 1 6 10 
20180922695 9 10 6 5 3 2 1 8 7 4 
20180922696 2 6 3 5 4 1 9 7 8 10 
20180922697 3 1 5 6 2 8 7 9 10 4 
20180922698 3 2 10 7 1 4 6 8 5 9 
20180922699 2 4 6 10 7 8 5 1 3 9 
20180922700 3 5 2 6 10 7 1 8 4 9 
20180922701 3 6 5 1 10 7 2 4 9 8 
20180922702 7 8 9 4 5 1 10 6 3 2 
20180922703 2 3 6 9 10 7 1 5 4 8 
20180922704 2 8 7 10 1 4 9 6 5 3 
20180922705 8 10 3 2 4 7 5 1 6 9 
20180922706 1 8 6 5 3 2 10 9 4 7 
20180922707 9 3 8 1 7 4 6 2 5 10 
20180922708 8 10 6 2 3 5 4 9 1 7 
20180922709 9 1 5 3 2 10 7 6 8 4 
20180922710 6 7 9 5 2 4 3 8 1 10 
20180922711 7 6 3 5 10 2 9 8 4 1 
20180922712 6 7 5 3 4 10 1 2 9 8 
20180922713 8 9 7 1 5 4 3 2 6 10 
20180922714 2 9 3 1 6 7 5 10 8 4 
20180922715 7 8 3 4 10 2 6 9 5 1 
20180922716 4 7 5 10 8 6 3 9 2 1 
20180922717 8 3 10 9 5 7 2 4 6 1 
20180922718 6 10 5 4 2 7 8 3 1 9 
20180922719 6 5 4 9 10 7 8 1 2 3 
20180922720 3 6 7 1 10 2 8 5 9 4 
20180922721 2 9 4 10 7 3 5 6 8 1 
20180922722 10 8 1 2 5 6 4 3 9 7 
20180922723 5 10 4 1 3 8 7 6 9 2 
20180922724 9 6 1 4 8 5 7 2 3 10 
20180922725 6 3 5 8 7 2 4 10 9 1 
20180922726 7 6 1 10 5 4 8 9 2 3 
20180922727 7 1 2 10 3 5 9 6 8 4 
20180922728 6 2 1 8 3 4 10 7 9 5 
20180922729 4 2 5 7 3 1 8 10 6 9 
20180922730 4 10 3 6 2 5 1 8 7 9 
20180922731 8 10 3 6 9 1 5 7 4 2 
20180922732 9 5 4 6 7 2 8 3 10 1 
20180922733 2 1 4 5 6 9 8 10 7 3 
20180922734 8 9 1 3 7 5 6 2 10 4 
20180922735 6 10 4 8 2 7 5 1 3 9 
20180922736 10 4 2 1 9 3 7 8 6 5 
20180922737 4 8 10 5 3 7 9 2 1 6 
20180922738 10 5 8 1 6 4 9 7 3 2 
20180922739 10 2 4 3 1 6 7 5 8 9 
20180922740 10 7 9 8 5 4 3 6 2 1 
20180922741 7 8 6 4 10 5 3 2 9 1 
20180922742 1 5 7 4 3 8 2 6 10 9 
20180922743 2 1 3 9 7 5 10 6 8 4 
20180922744 3 5 1 10 7 2 4 9 8 6 
20180922745 3 1 5 6 8 9 4 7 10 2 
20180922746 7 4 6 3 5 9 2 10 1 8 
20180922747 10 9 2 1 5 4 8 6 7 3 
20180922748 7 3 8 1 5 10 6 2 9 4 
20180922749 3 4 6 2 5 1 9 7 10 8 
20180922750 2 5 4 1 6 7 3 10 9 8 
20180922751 6 1 5 2 7 4 10 3 8 9 
20180922752 9 2 10 8 3 4 7 5 1 6 
20180922753 10 8 9 2 1 4 6 3 5 7 
20180922754 9 4 1 7 6 5 10 8 3 2 
20180922755 3 7 4 9 8 1 5 2 6 10 
20180922756 10 6 3 4 2 5 1 9 8 7 
20180922757 4 10 9 7 3 6 8 5 1 2 
20180922758 9 1 5 3 10 2 7 8 6 4 
20180922759 10 2 1 9 5 4 6 7 3 8 
20180922760 2 8 7 9 4 10 6 5 1 3 
20180922761 10 1 7 5 4 9 6 2 3 8 
20180922762 1 9 10 2 5 3 8 6 4 7 
20180922763 3 6 1 9 8 5 10 7 2 4 
20180922764 6 1 3 2 10 7 8 9 4 5 
20180922765 6 9 10 8 1 3 7 2 5 4 
20180922766 6 10 3 2 9 5 7 4 1 8 
20180922767 5 2 3 7 10 1 8 6 9 4 
20180922768 3 2 5 4 10 9 6 1 8 7 
20180922769 2 7 10 5 6 3 9 1 8 4 
20180922770 6 2 3 7 8 1 10 4 9 5 
20180922771 7 5 10 6 9 1 4 3 8 2 
20180922772 3 8 1 9 10 2 4 7 5 6 
20180922773 7 9 2 10 1 4 6 3 8 5 
20180922774 1 2 6 8 3 4 9 7 10 5 
20180922775 2 6 3 4 5 8 9 7 1 10 
20180922776 4 3 8 9 2 5 10 6 1 7 
20180922777 8 5 6 1 3 4 9 7 10 2 
20180922778 9 8 10 4 7 5 1 3 2 6 
20180922779 5 7 9 6 2 1 4 3 8 10 
20180922780 6 2 5 8 3 4 10 1 7 9 
20180922781 2 9 1 6 8 7 4 3 5 10 
20180922782 10 4 1 8 2 7 5 3 9 6 
20180922783 6 8 7 9 10 2 1 3 5 4 
20180922784 6 7 5 4 1 10 9 3 2 8 
20180922785 8 3 9 1 5 10 7 2 4 6 
20180922786 9 7 1 5 4 10 2 8 3 6 
20180922787 5 10 8 4 6 2 7 9 1 3 
20180922788 10 4 3 1 6 8 9 2 5 7 
20180922789 8 5 4 9 3 7 10 1 6 2 
20180922790 6 2 7 8 10 9 5 1 3 4 
20180922791 8 1 3 9 6 4 7 10 2 5 
20180922792 7 6 1 8 4 5 2 9 3 10 
20180922793 4 6 1 9 3 10 2 7 5 8 
20180922794 5 4 1 10 6 8 9 3 2 7 
20180922795 9 7 10 1 4 3 5 2 8 6 
20180922796 5 3 7 2 9 10 1 4 8 6 
20180922797 4 10 6 1 9 8 2 7 5 3 
20180922798 6 2 4 8 9 1 3 7 5 10 
20180922799 7 3 4 8 2 1 10 5 6 9 
20180922800 9 5 1 7 2 8 10 4 6 3 
20180922801 1 2 3 4 5 7 9 6 8 10 
20180922802 10 3 6 9 7 8 1 4 2 5 
20180922803 4 5 8 3 2 6 7 10 9 1 
20180922804 1 3 7 9 10 2 8 5 6 4 
20180922805 6 7 9 10 4 1 5 2 3 8 
20180922806 10 6 7 1 2 3 9 8 5 4 
20180922807 7 8 5 4 6 1 2 3 10 9 
20180922808 9 7 1 10 5 2 8 4 6 3 
20180922809 7 1 2 5 3 6 10 4 9 8 
20180922810 9 1 7 6 8 2 10 4 5 3 
20180922811 10 4 5 2 8 3 7 9 1 6 
20180922812 3 2 8 6 4 10 9 7 1 5 
20180922813 8 7 2 5 10 4 1 9 3 6 
20180922814 2 7 10 6 8 1 5 4 3 9 
20180922815 6 1 9 8 5 10 7 3 2 4 
20180922816 2 7 9 1 10 4 6 5 8 3 
20180922817 2 1 7 5 9 3 4 8 6 10 
20180922818 4 3 9 8 6 5 1 2 7 10 
20180922819 6 3 4 2 9 7 5 8 1 10 
20180922820 7 6 10 4 1 5 3 2 9 8 
20180922821 9 7 1 10 5 8 3 2 4 6 
20180922822 2 7 9 6 4 8 5 3 1 10 
20180922823 1 8 9 5 6 4 3 2 10 7 
20180922824 3 5 4 7 2 9 8 6 1 10 
20180922825 6 5 4 7 1 2 8 9 10 3 
20180922826 1 5 7 8 6 9 2 4 3 10 
20180922827 4 9 3 8 1 10 7 6 5 2 
20180922828 7 2 9 8 6 3 4 1 10 5 
20180922829 6 7 9 10 3 4 5 8 2 1 
20180922830 2 5 3 9 8 1 7 10 6 4 
20180922831 5 8 3 10 1 9 2 7 4 6 
20180922832 8 9 4 6 1 7 5 2 10 3 
20180922833 5 8 2 4 3 1 9 6 10 7 
20180922834 7 10 3 1 5 8 2 6 9 4 
20180922835 10 2 3 4 1 7 8 5 6 9 
20180922836 6 3 1 2 8 7 10 5 4 9 
20180922837 4 10 5 7 1 6 8 2 3 9 
20180922838 1 10 4 5 7 9 6 3 8 2 
20180922839 3 5 10 6 9 1 7 8 2 4 
20180922840 4 7 5 10 3 1 6 9 2 8 
20180922841 8 2 1 9 5 4 3 6 7 10 
20180922842 10 3 9 1 5 8 6 7 2 4 
20180922843 10 6 9 2 8 7 4 5 1 3 
20180922844 3 2 4 6 8 7 9 1 5 10 
20180922845 7 6 9 3 1 5 4 10 2 8 
20180922846 10 9 2 7 4 3 8 6 5 1 
20180922847 4 5 1 10 6 2 8 3 9 7 
20180922848 7 3 9 6 1 10 5 2 4 8 
20180922849 7 3 10 4 5 8 1 9 2 6 
20180922850 6 3 8 10 9 4 1 5 7 2 
20180922851 5 2 4 9 10 6 7 8 1 3 
20180922852 1 7 3 5 2 8 4 9 10 6 
20180922853 8 5 6 4 10 2 7 9 1 3 
20180922854 6 1 8 10 4 2 5 7 9 3 
20180922855 10 6 8 4 7 1 9 2 5 3 
20180922856 6 5 8 7 9 10 3 4 2 1 
20180922857 2 7 6 3 4 8 1 5 9 10 
20180922858 5 1 2 9 10 7 4 3 6 8 
20180922859 5 8 10 3 1 4 6 7 2 9 
20180922860 7 5 3 4 10 8 9 2 1 6 
20180922861 2 10 9 1 3 5 7 8 6 4 
20180922862 5 9 6 3 8 7 4 1 10 2 
20180922863 2 5 3 9 1 7 4 6 10 8 
20180922864 7 3 2 4 1 5 9 10 8 6 
20180922865 3 2 10 8 6 4 9 5 7 1 
20180922866 8 3 9 2 6 10 4 1 5 7 
20180922867 9 10 1 2 4 7 8 6 3 5 
20180922868 3 2 6 1 4 7 10 8 9 5 
20180922869 6 10 9 5 3 4 2 8 7 1 
20180922870 10 4 6 2 5 3 8 7 1 9 
20180922871 1 2 7 6 9 10 4 5 8 3 
20180922872 8 7 5 1 10 6 9 2 4 3 
20180922873 6 10 3 1 5 8 9 4 7 2 
20180922874 2 6 9 1 8 4 7 5 10 3 
20180922875 10 9 3 7 5 6 4 1 8 2 
20180922876 7 9 6 2 10 3 4 8 5 1 
20180922877 10 6 4 1 5 2 3 7 8 9 
20180922878 4 6 10 2 7 3 1 5 8 9 
20180922879 5 3 4 7 9 10 6 2 1 8 
20180922880 2 10 1 7 8 9 3 6 5 4 
20180922881 4 8 6 2 1 3 5 9 7 10 
20180922882 10 9 6 5 2 4 1 7 3 8 
20180922883 3 6 1 7 4 8 2 10 9 5 
20180922884 4 1 2 6 7 10 3 5 9 8 
20180922885 10 8 6 1 2 3 5 7 4 9 
20180922886 6 7 4 9 2 3 1 8 10 5 
20180922887 7 5 10 1 2 8 9 6 3 4 
20180922888 10 8 5 3 2 7 9 1 4 6 
20180922889 7 9 3 1 4 5 2 6 10 8 
20180922890 8 10 2 1 7 5 9 4 3 6 
20180922891 10 7 8 9 6 3 2 4 5 1 
20180922892 8 6 10 1 5 2 7 4 9 3 
20180922893 1 5 6 4 2 9 8 7 10 3 
20180922894 2 8 6 4 7 10 5 9 3 1 
20180922895 8 5 2 10 6 4 7 9 1 3 
20180922896 7 9 6 3 8 1 5 4 10 2 
20180922897 3 1 8 5 4 7 2 10 6 9 
20180922898 1 2 7 9 6 4 10 5 8 3 
20180922899 3 10 7 2 1 9 6 4 5 8 
20180922900 8 7 5 9 3 1 2 4 6 10 
20180922901 3 9 6 4 8 2 1 7 10 5 
20180922902 5 10 8 9 3 2 4 1 6 7 
20180922903 3 1 5 6 9 7 8 10 4 2 
20180922904 9 5 8 6 7 3 1 4 10 2 
20180922905 3 5 1 6 4 8 10 7 2 9 
20180922906 4 9 6 10 7 8 5 1 3 2 
20180922907 10 9 2 5 3 1 6 8 4 7 
20180922908 5 8 6 3 1 4 10 2 9 7 
20180922909 10 2 6 3 7 9 5 8 4 1 
20180922910 6 10 3 5 2 9 7 8 4 1 
20180922911 3 1 7 10 4 9 5 8 2 6 
20180922912 3 8 4 7 2 9 5 10 6 1 
20180922913 7 2 6 5 8 3 10 9 4 1 
20180922914 7 1 5 3 2 6 9 10 8 4 
20180922915 2 10 3 7 4 6 9 5 1 8 
20180922916 9 1 3 6 2 4 8 10 7 5 
20180922917 5 10 6 4 8 7 9 1 2 3 
20180922918 8 4 3 2 9 6 5 10 1 7 
20180922919 2 8 10 5 6 4 3 7 9 1 
20180922920 9 3 2 8 10 1 6 4 5 7 
20180922921 8 2 1 5 3 4 7 9 10 6 
20180922922 5 7 8 6 4 2 1 10 9 3 
20180922923 4 6 9 3 7 10 8 2 1 5 
20180922924 3 4 10 2 8 5 1 9 7 6 
20180922925 5 10 9 6 2 8 4 3 1 7 
20180922926 2 1 8 10 5 4 7 6 9 3 
20180922927 3 5 9 4 2 1 8 6 7 10 
20180922928 9 8 4 6 7 2 3 10 5 1 
20180922929 9 1 4 7 8 5 10 3 2 6 
20180922930 6 5 7 1 9 8 4 10 3 2 
20180922931 5 4 8 3 6 9 1 7 2 10 
20180922932 3 6 2 8 10 1 5 4 9 7 
20180922933 8 10 5 2 7 3 1 9 4 6 
20180922934 3 5 1 6 9 2 7 8 4 10 
20180922935 5 6 8 2 1 4 9 7 3 10 
20180922936 3 2 7 1 4 5 9 10 8 6 
20180922937 3 9 8 1 2 6 10 4 7 5 
20180922938 8 9 3 6 4 1 2 5 10 7 
20180922939 1 8 6 5 7 4 2 3 9 10 
20180922940 6 10 1 2 4 8 5 9 3 7 
20180922941 3 5 4 10 7 2 1 6 8 9 
20180922942 3 7 8 5 10 2 4 6 1 9 
20180922943 3 10 6 2 4 5 9 8 1 7 
20180922944 7 9 4 8 3 1 2 6 5 10 
20180922945 6 7 5 8 1 2 9 4 10 3 
20180922946 9 4 10 2 8 5 1 3 7 6 
20180922947 4 3 6 5 7 9 1 10 8 2 
20180922948 9 10 5 3 6 2 8 1 7 4 
20180922949 10 3 8 7 6 1 5 4 2 9 
20180922950 4 2 7 3 1 6 5 10 9 8 
20180922951 9 1 6 4 8 3 5 7 2 10 
20180922952 10 7 3 4 8 9 6 5 1 2 
20180922953 3 10 7 2 9 6 1 4 5 8 
20180922954 2 8 4 1 7 3 6 10 5 9 
20180922955 7 1 2 9 6 8 3 10 5 4 
20180922956 3 1 9 10 2 4 7 6 5 8 
20180922957 4 3 7 1 10 6 8 9 2 5 
20180922958 6 9 2 4 8 5 7 1 3 10 
20180922959 2 10 9 5 7 3 8 6 4 1 
20180922960 9 7 6 8 10 5 3 4 2 1 
20180922961 2 3 9 10 5 4 1 6 8 7 
20180922962 7 1 5 2 10 3 6 8 4 9 
20180922963 1 8 5 9 3 7 10 6 2 4 
20180922964 8 9 1 3 4 6 10 7 2 5 
20180922965 6 8 10 5 4 9 1 3 7 2 
20180922966 4 7 1 9 3 10 5 2 8 6 
20180922967 10 8 2 3 7 4 6 1 5 9 
20180922968 3 4 8 10 6 1 2 9 5 7 
20180922969 2 3 4 7 5 6 10 8 9 1 
20180922970 5 4 1 10 7 8 2 3 6 9 
20180922971 8 5 4 2 1 6 3 9 7 10 
20180922972 2 7 9 4 10 3 5 6 8 1 
20180922973 4 9 2 5 10 8 1 7 6 3 
20180922974 7 3 8 4 10 6 1 5 9 2 
20180922975 7 9 2 3 4 8 6 5 10 1 
20180922976 2 7 8 6 5 10 4 1 3 9 
20180922977 5 4 9 2 8 3 10 7 6 1 
20180922978 5 1 9 4 7 6 2 8 10 3 
20180922979 3 6 7 9 10 4 2 5 1 8 
20180922980 3 1 9 6 7 10 4 5 8 2 
20180922981 9 2 7 8 3 6 4 1 10 5 
20180922982 5 1 4 8 3 6 2 10 9 7 
20180922983 1 2 10 6 5 9 7 3 8 4 
20180922984 3 9 6 2 8 7 10 4 1 5 
20180922985 3 7 10 6 1 4 9 8 5 2 
20180923001 1 9 7 3 6 5 4 8 2 10 
