20180924078 3 2 8 9 7 10 4 5 6 1 
20180924079 10 5 4 8 3 2 9 1 6 7 
20180924080 9 6 3 4 1 2 5 8 10 7 
20180924081 5 10 4 1 2 8 7 3 9 6 
20180924082 2 3 4 10 5 8 9 7 6 1 
20180924083 10 1 3 8 6 2 5 7 4 9 
20180924084 3 5 10 4 7 6 1 8 2 9 
20180924085 2 9 4 10 7 8 6 3 5 1 
20180924086 7 3 10 9 1 2 6 4 8 5 
20180924087 2 8 4 6 1 9 7 3 10 5 
20180924088 10 7 8 2 3 5 6 9 1 4 
20180924089 5 10 6 8 7 2 4 1 9 3 
20180924090 9 3 7 1 6 8 10 2 5 4 
20180924091 2 5 10 9 8 4 7 3 1 6 
20180924092 9 1 4 10 8 2 5 6 3 7 
20180924093 5 4 1 8 7 6 3 2 9 10 
20180924094 2 10 7 3 5 6 1 4 9 8 
20180924095 8 3 2 7 9 5 4 6 10 1 
20180924096 8 1 3 6 7 5 4 2 10 9 
20180924097 8 4 7 2 6 9 5 1 10 3 
20180924098 1 7 4 10 6 2 5 8 3 9 
20180924099 7 4 8 1 2 3 5 6 10 9 
20180924100 8 6 3 5 1 7 2 9 10 4 
20180924101 7 2 3 10 6 1 5 4 8 9 
20180924103 7 9 6 10 8 3 4 5 1 2 
20180924104 5 4 7 1 2 9 6 3 8 10 
20180924105 4 3 2 7 6 1 10 9 5 8 
20180924106 4 8 7 6 9 2 3 10 5 1 
20180924107 4 1 7 10 5 2 8 9 6 3 
20180924108 2 10 5 4 9 1 8 6 7 3 
20180924109 9 8 3 7 4 1 10 5 6 2 
20180924111 3 2 1 6 4 10 7 5 9 8 
20180924110 6 9 2 1 7 10 3 4 5 8 
20180924112 2 5 3 1 9 7 6 8 4 10 
20180924113 5 1 8 6 9 4 2 10 7 3 
20180924114 10 8 2 1 6 3 7 9 4 5 
20180924115 1 9 7 3 5 10 8 2 4 6 
20180924116 7 10 3 5 4 8 1 6 2 9 
20180924117 7 2 4 3 6 8 1 10 5 9 
20180924118 5 1 7 2 8 10 6 3 4 9 
20180924119 4 2 3 10 6 7 9 8 1 5 
20180924120 2 1 4 7 8 6 10 3 9 5 
20180924121 4 6 8 3 1 10 2 9 5 7 
20180924122 4 5 7 10 1 6 9 3 2 8 
20180924124 7 4 2 9 5 1 3 6 8 10 
20180924123 8 5 10 2 6 9 3 7 4 1 
20180924125 5 7 2 9 3 4 6 1 8 10 
20180924126 2 6 8 5 9 1 7 4 10 3 
20180924127 4 9 7 3 2 8 1 5 6 10 
20180924128 10 4 9 2 6 7 1 3 8 5 
20180924129 2 8 5 9 1 6 3 10 4 7 
20180924130 9 8 10 1 7 2 3 5 6 4 
20180924131 3 6 10 2 8 4 1 9 7 5 
20180924132 7 5 2 10 8 1 4 6 3 9 
20180924133 5 6 3 1 7 8 2 10 4 9 
20180924135 4 2 3 1 9 8 10 7 6 5 
20180924136 2 1 7 4 6 10 9 3 8 5 
20180924137 10 5 8 6 4 2 1 7 3 9 
20180924138 10 9 1 4 6 8 2 3 5 7 
20180924139 1 6 9 10 3 8 2 7 4 5 
20180924140 6 9 10 5 8 4 3 2 7 1 
20180924141 3 10 4 1 6 7 9 5 2 8 
20180924142 6 5 3 1 2 10 4 8 9 7 
20180924143 8 9 2 6 10 4 1 5 3 7 
20180924144 8 6 5 9 10 4 7 3 1 2 
20180924145 5 2 1 9 7 8 4 10 6 3 
20180924146 2 10 5 1 3 7 4 8 6 9 
20180924147 3 5 10 9 8 2 7 1 6 4 
20180924148 4 6 7 5 3 8 2 9 10 1 
20180924149 10 4 8 1 7 3 5 2 6 9 
20180924150 1 4 6 5 3 7 9 8 2 10 
20180924151 2 5 3 8 10 9 6 1 7 4 
20180924152 4 9 3 8 2 6 10 5 7 1 
20180924153 2 4 9 3 7 5 6 1 8 10 
20180924154 6 9 4 10 1 3 7 2 5 8 
20180924155 9 4 5 2 1 3 10 6 7 8 
20180924156 2 7 9 1 8 10 6 5 4 3 
20180924157 3 7 8 6 5 1 10 4 9 2 
20180924158 3 6 10 7 1 9 8 5 2 4 
20180924159 3 9 5 7 1 4 10 2 6 8 
20180924160 8 3 4 6 7 9 2 5 1 10 
20180924161 1 5 9 4 2 7 3 6 10 8 
20180924162 1 4 9 10 2 8 3 5 7 6 
20180924163 7 4 6 1 3 5 8 10 9 2 
20180924164 3 6 2 9 7 8 10 4 5 1 
20180924165 6 7 1 3 8 2 5 10 9 4 
20180924166 3 6 10 4 2 5 8 7 9 1 
20180924167 8 6 10 2 4 1 9 5 7 3 
20180924168 4 1 7 5 6 8 2 9 3 10 
20180924169 8 5 1 9 4 2 6 7 10 3 
20180924170 1 6 8 5 9 2 3 7 10 4 
20180924171 1 2 6 3 5 10 8 9 7 4 
20180924172 7 6 8 10 5 9 2 3 1 4 
20180924173 5 6 2 3 4 7 9 10 1 8 
20180924174 6 3 9 8 10 1 4 5 7 2 
20180924175 6 10 9 2 3 8 1 4 7 5 
20180924176 1 5 8 9 2 4 7 10 6 3 
20180924177 5 7 1 2 8 10 6 9 3 4 
20180924178 2 5 7 10 4 9 6 8 3 1 
20180924179 10 5 6 2 4 3 8 9 7 1 
20180924180 2 5 1 6 7 3 10 9 8 4 
20180924181 3 1 5 9 2 10 7 4 8 6 
20180924182 2 4 5 8 3 9 7 10 6 1 
20180924183 2 3 8 10 4 1 7 6 9 5 
20180924184 1 10 7 4 5 9 6 3 2 8 
20180924185 3 10 9 2 7 1 8 4 5 6 
20180924186 8 6 7 2 1 10 4 3 5 9 
20180924187 3 1 10 6 8 5 7 4 2 9 
20180924188 1 9 7 3 8 10 5 2 6 4 
20180924189 2 4 6 10 1 9 5 3 7 8 
20180924190 10 3 9 6 2 4 5 8 7 1 
20180924191 6 1 10 2 7 8 9 3 4 5 
20180924192 2 5 9 6 4 8 1 10 3 7 
20180924193 6 3 1 9 10 4 8 2 5 7 
20180924194 6 5 3 4 9 7 1 2 8 10 
20180924195 8 6 7 3 9 4 5 1 2 10 
20180924196 1 3 6 10 4 5 8 7 2 9 
20180924197 6 4 10 5 2 3 8 1 7 9 
20180924198 10 2 7 9 3 1 5 4 8 6 
20180924199 10 1 4 8 2 6 9 5 3 7 
20180924200 7 5 8 4 1 2 9 3 10 6 
20180924201 2 7 6 8 5 1 9 3 4 10 
20180924202 10 1 6 8 7 5 3 4 9 2 
20180924203 1 6 3 4 2 10 8 7 5 9 
20180924204 6 3 9 10 7 5 8 2 1 4 
20180924205 10 7 4 6 2 1 9 8 5 3 
20180924206 2 8 3 5 10 4 7 1 6 9 
20180924207 5 4 6 9 7 8 10 1 3 2 
20180924208 4 2 3 8 7 6 10 5 9 1 
20180924209 9 5 8 6 3 1 4 10 7 2 
20180924210 10 1 6 5 4 8 9 2 7 3 
20180924211 4 6 1 8 3 2 7 9 10 5 
20180924212 6 7 9 4 2 5 8 1 10 3 
20180924213 6 9 2 8 3 7 1 10 5 4 
20180924214 4 10 9 6 5 1 7 2 3 8 
20180924215 8 3 1 2 5 6 10 7 9 4 
20180924216 4 2 6 5 1 10 9 3 8 7 
20180924217 3 8 7 2 9 6 4 1 10 5 
20180924218 9 6 8 1 2 4 3 10 7 5 
20180924219 4 1 7 9 2 3 8 6 10 5 
20180924220 8 10 6 5 3 4 1 9 7 2 
20180924221 2 10 1 8 4 6 5 7 3 9 
20180924222 4 3 8 6 7 5 1 10 2 9 
20180924223 9 1 5 7 8 3 2 6 4 10 
20180924224 10 6 8 4 7 2 9 3 5 1 
20180924225 4 10 6 5 7 9 8 1 3 2 
20180924226 9 1 5 8 2 6 3 4 7 10 
20180924227 6 3 7 10 4 5 2 1 9 8 
20180924228 5 1 7 10 3 9 6 4 8 2 
20180924229 2 3 4 8 1 9 6 7 5 10 
20180924230 9 4 1 6 8 2 3 7 5 10 
20180924231 5 10 1 9 3 2 4 6 7 8 
20180924232 10 9 1 3 8 5 7 6 4 2 
20180924233 6 9 3 5 4 1 8 2 10 7 
20180924234 5 1 8 6 2 4 7 9 3 10 
20180924235 1 2 8 4 6 10 7 5 9 3 
20180924236 6 4 7 10 5 8 2 1 3 9 
20180924237 9 7 1 6 8 2 5 3 10 4 
20180924238 1 10 3 6 9 4 2 8 5 7 
20180924239 8 5 4 7 10 3 2 9 1 6 
20180924240 6 8 3 5 9 10 1 7 2 4 
20180924241 7 10 1 4 2 3 9 8 6 5 
20180924242 3 4 8 9 5 2 7 10 6 1 
20180924243 10 7 9 8 6 5 2 4 1 3 
20180924244 10 2 8 9 3 4 1 7 5 6 
20180924245 4 3 1 7 10 6 9 8 5 2 
20180924246 9 4 1 5 10 7 2 8 6 3 
20180924247 10 2 3 1 9 5 4 7 8 6 
20180924248 7 10 3 6 5 9 1 4 2 8 
20180924249 6 8 3 4 9 5 1 2 10 7 
20180924250 1 6 4 5 2 7 10 8 3 9 
20180924251 2 3 10 6 4 5 7 9 1 8 
20180924252 3 6 10 8 5 4 9 2 1 7 
20180924253 4 8 7 9 10 5 1 3 2 6 
20180924254 4 9 6 7 5 2 1 8 10 3 
20180924255 5 1 4 8 10 7 9 6 2 3 
20180924256 8 4 5 7 1 2 6 10 3 9 
20180924257 8 7 4 9 6 10 2 1 5 3 
20180924258 7 2 3 9 6 4 10 1 8 5 
20180924259 8 1 5 10 4 7 6 2 9 3 
20180924260 4 6 7 9 2 8 3 5 10 1 
20180924261 4 2 10 8 1 6 3 5 9 7 
20180924262 5 3 7 8 1 4 2 9 10 6 
20180924263 6 5 3 10 8 4 1 7 2 9 
20180924264 5 2 9 8 7 6 4 10 3 1 
20180924265 9 6 8 5 1 7 10 4 3 2 
20180924266 5 6 2 4 1 10 8 3 9 7 
20180924267 2 8 5 1 7 4 9 6 3 10 
20180924268 6 10 5 1 2 4 7 9 8 3 
20180924269 5 10 1 8 7 2 9 6 3 4 
20180924270 4 10 7 8 6 3 1 5 2 9 
20180924271 5 7 3 1 2 4 10 8 6 9 
20180924272 1 5 3 2 10 6 7 9 8 4 
20180924273 7 4 1 9 10 2 3 8 6 5 
20180924274 5 6 4 2 8 10 9 1 3 7 
20180924275 3 9 10 6 4 5 8 1 2 7 
20180924276 3 7 5 1 8 2 9 6 4 10 
20180924277 10 4 2 8 3 7 5 1 9 6 
20180924278 6 3 5 7 9 1 4 10 8 2 
20180924279 6 3 10 5 2 9 8 4 1 7 
20180924280 9 8 1 2 5 6 7 4 10 3 
20180924281 5 1 7 6 3 9 4 2 10 8 
20180924282 2 10 8 7 4 3 5 1 6 9 
20180924283 10 2 3 6 5 4 1 7 9 8 
20180924284 9 2 4 5 6 1 3 7 8 10 
20180924285 3 8 5 7 10 6 9 1 2 4 
20180924286 3 4 10 8 2 6 1 5 9 7 
20180924287 1 10 9 7 2 5 4 6 8 3 
20180924288 8 1 3 2 4 5 10 7 6 9 
20180924289 10 2 9 7 4 1 8 3 5 6 
20180924290 5 8 7 10 9 4 3 6 2 1 
20180924291 3 1 9 10 7 5 8 4 2 6 
20180924292 3 6 9 10 4 1 7 8 5 2 
20180924293 1 5 3 8 2 4 6 7 9 10 
20180924294 5 9 6 7 4 8 3 10 2 1 
20180924295 2 9 7 10 8 6 1 4 3 5 
20180924296 2 3 6 4 1 5 7 8 9 10 
20180924297 2 3 8 5 9 7 6 1 4 10 
20180924298 9 7 4 8 5 2 1 3 10 6 
20180924299 1 2 3 10 9 6 5 7 8 4 
20180924300 7 2 1 9 5 3 4 10 8 6 
20180924301 2 3 8 10 9 7 5 1 6 4 
20180924302 4 10 9 1 2 5 3 8 6 7 
20180924303 2 4 3 9 6 1 5 8 7 10 
20180924304 5 10 4 7 9 8 3 2 1 6 
20180924305 9 10 5 3 4 7 2 6 1 8 
20180924306 2 6 5 1 3 8 10 9 4 7 
20180924307 8 5 6 1 7 2 9 4 10 3 
20180924308 10 9 5 4 3 1 8 6 7 2 
20180924309 2 1 10 8 5 3 9 6 4 7 
20180924310 8 10 2 5 9 3 7 1 6 4 
20180924311 2 5 7 3 10 8 4 6 1 9 
20180924312 9 4 5 3 1 6 2 7 8 10 
20180924313 2 7 6 1 3 9 8 10 4 5 
20180924314 6 8 3 1 7 5 9 10 4 2 
20180924315 6 8 5 4 10 3 7 1 9 2 
20180924316 4 6 8 3 7 1 5 10 2 9 
20180924317 8 1 9 2 3 10 5 4 7 6 
20180924318 4 2 5 8 7 1 9 10 3 6 
20180924319 6 1 2 3 9 7 10 8 4 5 
20180924320 1 9 6 4 8 7 2 10 5 3 
20180924321 2 7 1 5 3 8 10 4 9 6 
20180924322 4 3 7 1 8 9 10 5 2 6 
20180924323 10 5 8 2 9 7 4 1 6 3 
20180924324 8 9 5 4 6 2 10 3 7 1 
20180924325 7 6 8 3 4 2 9 5 10 1 
20180924326 5 8 2 3 10 4 9 1 7 6 
20180924327 1 5 2 10 6 3 9 4 8 7 
20180924328 10 5 1 3 7 4 8 9 2 6 
20180924329 6 9 8 3 1 4 10 7 2 5 
20180924330 4 7 10 2 8 9 5 1 6 3 
20180924331 3 5 6 10 8 1 9 7 4 2 
20180924332 9 4 1 3 8 2 5 6 7 10 
20180924333 3 9 8 6 5 7 4 10 2 1 
20180924334 4 9 3 2 10 8 6 5 7 1 
20180924335 8 1 10 2 4 7 3 5 9 6 
20180924336 9 8 4 2 10 7 1 3 5 6 
20180924337 4 5 8 1 6 10 2 7 3 9 
20180924338 9 1 10 3 2 6 8 7 4 5 
20180924339 7 10 4 3 5 2 9 6 1 8 
20180924340 1 9 10 2 7 3 6 5 8 4 
20180924341 8 3 9 7 4 2 10 1 5 6 
20180924342 10 4 2 7 3 1 5 8 9 6 
20180924343 7 10 3 5 1 8 9 4 6 2 
20180924344 1 7 4 3 2 10 9 8 5 6 
20180924345 9 10 6 4 5 7 3 8 1 2 
20180924346 7 10 1 6 2 4 8 9 5 3 
20180924347 9 2 1 3 4 5 10 8 7 6 
20180924348 10 7 2 1 9 6 3 5 8 4 
20180924349 2 3 1 5 9 4 8 7 6 10 
20180924350 3 1 2 10 5 7 6 9 8 4 
20180924351 1 2 4 7 8 6 9 5 10 3 
20180924352 6 8 4 3 5 1 10 9 2 7 
20180924353 5 10 3 4 8 6 9 7 1 2 
20180924354 2 10 8 1 3 6 9 4 5 7 
20180924355 10 2 3 4 5 8 9 1 6 7 
20180924356 4 7 6 5 3 9 10 1 8 2 
20180924357 7 1 2 10 3 8 9 6 5 4 
20180924358 7 10 9 5 6 4 2 3 1 8 
20180924359 4 3 8 7 10 1 6 5 2 9 
20180924360 10 3 6 1 8 5 7 4 2 9 
20180924361 6 8 2 5 10 9 7 4 1 3 
20180924362 5 3 6 8 2 9 10 7 4 1 
20180924363 4 9 8 3 6 1 7 5 2 10 
20180924364 6 4 10 9 2 5 7 1 8 3 
20180924365 9 1 3 4 2 5 7 8 10 6 
20180924366 7 1 8 3 9 6 5 4 10 2 
20180924367 4 8 10 7 5 2 1 3 9 6 
20180924368 10 1 7 8 3 5 4 6 2 9 
20180924369 9 1 5 3 10 7 6 4 2 8 
20180924370 4 1 5 7 3 9 10 2 8 6 
20180924371 3 2 6 10 9 1 5 7 8 4 
20180924372 3 8 1 7 6 9 10 5 2 4 
20180924373 8 9 6 10 7 4 5 1 2 3 
20180924374 4 6 7 8 10 2 3 1 9 5 
20180924375 1 6 9 5 4 2 8 7 10 3 
20180924376 1 2 3 9 5 4 8 7 6 10 
20180924377 7 1 2 8 10 6 9 3 4 5 
20180924378 6 1 5 9 8 4 7 10 3 2 
20180924379 3 1 8 9 2 6 7 5 4 10 
20180924380 8 9 3 6 10 5 2 1 4 7 
20180924381 8 4 2 5 9 10 7 6 1 3 
20180924382 4 7 5 6 8 10 3 1 9 2 
20180924383 10 1 7 8 3 6 5 2 9 4 
20180924384 7 9 3 1 10 6 8 4 5 2 
20180924385 1 7 8 5 10 6 3 2 4 9 
20180924386 8 3 7 4 10 6 2 9 1 5 
20180924387 2 1 6 4 5 8 3 7 9 10 
20180924388 6 10 8 3 9 5 2 4 7 1 
20180924389 2 4 1 3 5 6 7 9 8 10 
20180924390 2 4 6 3 1 10 5 9 8 7 
20180924391 3 2 1 9 8 6 10 5 4 7 
20180924392 3 5 4 1 2 10 8 9 6 7 
20180924393 6 1 5 3 2 10 4 8 7 9 
20180924394 6 3 5 2 1 8 9 7 4 10 
20180924395 2 4 1 8 6 10 7 3 5 9 
20180924396 8 3 1 2 4 6 10 7 5 9 
20180924397 1 2 8 7 4 6 10 9 5 3 
20180924398 8 3 1 2 6 9 7 10 5 4 
20180924399 8 2 5 6 4 10 9 7 1 3 
20180924400 3 4 1 2 10 6 9 7 5 8 
20180924401 1 2 4 5 8 9 6 7 10 3 
20180924402 1 10 6 3 4 5 7 9 2 8 
20180924403 4 7 2 1 6 5 9 3 10 8 
20180924404 6 2 4 3 1 7 10 8 5 9 
20180924405 3 1 4 5 2 6 8 10 9 7 
20180924406 3 1 10 8 4 6 9 7 2 5 
20180924407 1 3 4 2 9 10 5 7 6 8 
20180924408 10 4 2 7 5 8 6 1 9 3 
20180924409 6 5 8 4 3 1 7 2 10 9 
20180924410 3 10 9 4 5 8 7 6 2 1 
20180924411 2 9 4 5 6 3 8 7 10 1 
20180924412 8 4 2 5 10 1 3 7 6 9 
20180924413 3 1 10 9 5 8 7 2 4 6 
20180924414 10 6 9 3 4 8 1 5 2 7 
20180924415 8 5 2 7 3 10 9 6 1 4 
20180924416 1 3 10 2 4 5 9 8 6 7 
20180924417 2 10 6 4 8 3 9 7 5 1 
20180924418 7 5 6 8 2 1 4 10 9 3 
20180924419 9 1 5 6 3 4 10 8 7 2 
20180924420 5 7 10 1 6 2 9 8 3 4 
20180924421 2 5 9 10 7 3 8 1 4 6 
20180924422 7 3 9 2 8 6 5 10 1 4 
20180924423 1 2 4 5 7 3 6 9 8 10 
20180924424 3 2 9 1 5 8 10 7 4 6 
20180924425 1 8 3 5 2 10 9 6 7 4 
20180924426 1 10 2 7 9 5 8 6 4 3 
20180924427 1 5 3 8 9 2 4 10 6 7 
20180924428 8 5 4 6 3 2 1 7 10 9 
20180924429 2 3 1 6 10 8 5 4 7 9 
20180924430 8 2 6 10 5 3 1 4 7 9 
20180924431 2 4 7 8 6 5 10 1 3 9 
20180924432 3 9 2 5 4 10 8 1 6 7 
20180924433 5 8 2 10 1 9 6 7 3 4 
20180924434 1 5 7 3 6 2 9 10 8 4 
20180924435 8 1 6 4 2 7 5 10 9 3 
20180924436 10 8 6 9 7 4 5 3 2 1 
20180924437 10 7 1 2 6 9 4 5 8 3 
20180924438 10 8 1 4 5 7 2 9 6 3 
20180924439 1 9 2 7 8 5 6 3 10 4 
20180924440 1 4 9 3 6 7 10 8 2 5 
20180924441 1 3 8 5 6 4 10 7 9 2 
20180924442 1 9 3 2 5 4 7 10 8 6 
20180924443 10 1 5 3 6 2 4 7 8 9 
20180924444 6 5 1 7 8 9 4 3 2 10 
20180924445 8 2 1 5 10 9 3 6 7 4 
20180924446 10 2 7 5 3 4 6 8 9 1 
20180924447 10 7 8 6 5 1 3 2 9 4 
20180924448 5 9 2 7 4 10 3 8 6 1 
20180924449 4 3 8 2 6 5 7 1 10 9 
20180924450 6 1 8 5 4 9 10 7 3 2 
20180924451 8 4 1 2 6 5 3 9 10 7 
20180924452 7 6 10 8 4 5 2 3 9 1 
20180924453 3 8 1 4 10 2 7 9 5 6 
20180924454 8 10 4 6 1 7 2 3 5 9 
20180924455 8 6 2 5 9 3 1 10 4 7 
20180924456 6 2 1 8 10 4 5 7 9 3 
20180924457 7 8 3 4 1 2 5 6 10 9 
20180924458 5 9 7 4 1 8 3 6 10 2 
20180924459 5 9 2 1 4 3 8 10 7 6 
20180924460 1 6 8 10 3 2 7 4 9 5 
20180924461 6 1 4 3 10 9 2 8 7 5 
20180924462 8 5 3 7 2 4 9 1 10 6 
20180924463 1 6 2 10 4 9 3 8 7 5 
20180924464 4 6 10 2 5 3 9 7 1 8 
20180924465 10 4 1 9 6 8 5 3 2 7 
20180924466 7 8 10 3 9 5 2 1 6 4 
20180924467 8 9 1 7 2 4 10 3 5 6 
20180924468 5 9 10 7 2 4 8 6 3 1 
20180924469 2 4 9 1 6 3 10 5 8 7 
20180924470 2 10 8 5 9 1 6 7 4 3 
20180924471 4 6 9 1 3 7 8 2 5 10 
20180924472 2 8 9 6 7 1 4 5 3 10 
20180924473 4 9 7 6 1 8 2 5 3 10 
20180924474 2 7 10 5 8 1 6 4 9 3 
20180924475 4 5 6 10 2 3 8 7 9 1 
20180924476 4 8 3 6 9 10 5 1 2 7 
20180924477 9 4 3 8 6 7 5 1 2 10 
20180924478 1 5 7 8 4 3 2 6 9 10 
20180924479 5 6 4 10 3 8 1 2 9 7 
20180924480 7 4 5 1 10 3 2 6 8 9 
20180924481 8 2 1 4 10 9 5 3 7 6 
20180924482 5 8 7 1 10 3 6 2 9 4 
20180924483 8 6 5 1 4 7 10 3 9 2 
20180924484 7 9 2 8 1 4 3 5 10 6 
20180924485 4 8 5 3 1 2 6 7 9 10 
20180924486 8 5 7 9 3 1 10 6 4 2 
20180924487 6 4 1 7 10 2 9 8 5 3 
20180924488 3 10 9 1 6 8 4 7 2 5 
20180924489 4 10 3 5 6 1 9 2 7 8 
20180924490 9 8 6 3 1 2 5 10 7 4 
20180924491 8 1 9 5 7 3 6 2 4 10 
20180924492 2 5 1 10 7 6 3 9 4 8 
20180924493 4 6 7 1 10 3 5 8 9 2 
20180924494 1 3 2 5 7 4 6 8 9 10 
20180924495 2 1 8 9 5 6 3 7 10 4 
20180924496 6 4 9 2 7 3 5 1 10 8 
20180924497 8 1 6 10 4 9 5 2 7 3 
20180924498 3 8 2 10 9 1 7 6 4 5 
20180924499 8 5 3 10 9 2 1 7 6 4 
20180924500 10 5 4 1 3 9 6 8 7 2 
20180924501 10 7 5 1 6 2 8 4 3 9 
20180924502 2 3 4 5 8 9 7 1 10 6 
20180924503 7 6 1 9 4 10 8 5 2 3 
20180924504 8 10 6 4 2 9 7 1 5 3 
20180924505 8 3 6 5 10 1 9 2 4 7 
20180924506 6 7 3 2 8 5 10 1 4 9 
20180924507 7 3 9 6 4 10 5 2 8 1 
20180924508 2 7 8 9 6 5 1 4 10 3 
20180924509 10 2 6 4 3 9 1 5 8 7 
20180924510 7 8 9 10 6 5 1 4 2 3 
20180924511 9 5 3 10 1 4 2 6 7 8 
20180924512 8 3 4 7 9 2 10 5 6 1 
20180924513 6 4 1 3 7 8 10 9 2 5 
20180924514 2 9 7 6 8 10 4 1 3 5 
20180924515 10 8 5 7 4 6 3 2 1 9 
20180924516 3 8 10 7 2 4 1 5 9 6 
20180924517 4 6 3 7 1 5 2 8 10 9 
20180924518 5 10 9 3 7 1 6 2 4 8 
20180924519 10 2 8 3 7 5 9 1 4 6 
20180924520 8 10 3 5 7 6 2 1 4 9 
20180924521 6 3 10 8 1 4 9 5 2 7 
20180924522 7 1 10 4 9 6 5 8 2 3 
20180924523 10 4 1 9 6 2 7 5 8 3 
20180924524 8 5 10 2 9 6 4 1 3 7 
20180924525 10 8 3 9 7 6 1 4 2 5 
20180924526 3 5 1 9 7 10 2 8 6 4 
20180924527 8 9 10 4 5 2 7 6 1 3 
20180924528 10 4 3 8 1 9 7 6 2 5 
20180924529 1 9 7 10 8 2 6 5 3 4 
20180924530 6 10 9 1 2 7 5 4 3 8 
20180924531 2 10 3 5 7 8 9 6 1 4 
20180924532 8 7 10 3 6 5 2 1 9 4 
20180924533 6 4 3 1 9 7 2 5 10 8 
20180924534 8 3 5 4 6 10 1 7 2 9 
20180924535 8 7 1 10 6 2 4 5 3 9 
20180924536 8 3 10 6 2 1 9 7 4 5 
20180924537 8 5 10 1 4 6 3 9 7 2 
20180924538 3 10 7 1 4 5 9 2 6 8 
20180924539 4 7 5 9 3 10 6 2 1 8 
20180924540 5 4 9 2 7 10 6 1 8 3 
20180924541 1 4 7 2 3 5 6 10 8 9 
20180924542 10 6 4 3 9 1 7 8 2 5 
20180924543 2 6 9 1 3 5 7 8 10 4 
20180924544 8 1 4 2 10 6 9 5 7 3 
20180924545 3 7 5 8 9 1 2 10 6 4 
20180924546 10 6 2 7 9 3 8 1 4 5 
20180924547 2 4 10 8 5 9 3 6 1 7 
20180924548 9 3 6 7 4 1 10 8 2 5 
20180924549 1 10 6 3 5 7 2 9 4 8 
20180924550 2 10 5 9 6 7 3 4 1 8 
20180924551 7 2 9 6 1 4 5 8 3 10 
20180924552 5 9 8 7 6 3 4 2 10 1 
20180924553 10 7 6 4 5 3 8 9 1 2 
20180924554 3 5 4 8 9 7 6 10 1 2 
20180924555 2 3 7 8 5 1 6 10 9 4 
20180924556 5 1 2 7 9 8 3 6 4 10 
20180924557 7 10 9 6 2 5 8 3 1 4 
20180924558 3 8 1 7 6 2 5 10 9 4 
20180924559 10 1 9 4 6 2 3 7 8 5 
20180924560 4 7 3 2 8 6 5 1 10 9 
20180924561 5 10 3 1 4 6 2 8 9 7 
20180924562 7 8 1 9 5 6 2 10 3 4 
20180924563 8 3 2 4 9 6 7 10 5 1 
20180924564 6 7 2 3 10 1 4 5 9 8 
20180924565 6 7 8 2 5 3 4 9 1 10 
20180924566 9 4 3 6 7 10 5 2 1 8 
20180924567 3 2 5 6 1 9 8 7 4 10 
20180924568 1 8 10 4 3 6 2 9 5 7 
20180924569 8 4 2 6 7 5 10 3 1 9 
20180924570 5 7 6 2 1 4 8 3 10 9 
20180924571 4 7 3 1 9 10 5 2 8 6 
20180924572 10 9 5 3 4 2 1 7 6 8 
20180924573 8 1 6 10 4 2 7 5 3 9 
20180924574 10 5 3 8 1 9 2 6 4 7 
20180924575 7 5 10 6 8 9 4 2 3 1 
20180924576 1 5 3 7 10 6 9 8 4 2 
20180924577 4 5 1 3 8 9 6 2 7 10 
20180924578 9 6 3 7 8 10 2 5 4 1 
20180924579 9 5 7 8 6 4 3 10 2 1 
20180924580 9 6 7 5 10 1 3 4 8 2 
20180924581 6 8 4 1 2 9 5 3 10 7 
20180924582 9 5 8 4 10 1 6 7 2 3 
20180924583 10 7 9 4 5 6 8 1 2 3 
20180924584 3 6 10 4 1 2 7 8 9 5 
20180924585 3 10 7 6 4 8 1 5 9 2 
20180924586 6 9 7 4 5 3 1 10 2 8 
20180924587 2 1 4 10 6 9 7 5 3 8 
20180924588 9 3 1 10 2 5 8 6 7 4 
20180924589 8 2 1 9 10 7 6 3 4 5 
20180924590 1 5 6 10 3 9 4 7 2 8 
20180924591 9 7 4 8 10 3 1 6 5 2 
20180924592 4 3 6 2 8 1 7 5 10 9 
20180924593 4 5 3 1 2 8 9 6 7 10 
20180924594 3 10 5 9 7 2 1 4 6 8 
20180924595 9 3 5 2 4 10 6 8 1 7 
20180924596 5 10 9 3 8 6 1 4 2 7 
20180924597 3 10 4 7 1 2 5 9 8 6 
20180924598 6 2 9 3 7 1 10 8 5 4 
20180924599 10 3 1 7 8 2 6 4 5 9 
20180924600 2 6 5 8 9 10 7 1 4 3 
20180924601 9 6 1 3 10 7 4 5 2 8 
20180924602 6 5 7 9 4 3 2 8 1 10 
20180924603 6 2 4 10 8 7 1 9 5 3 
20180924604 4 7 1 6 8 5 2 10 3 9 
20180924605 10 2 4 1 5 6 3 7 8 9 
20180924606 1 8 3 2 6 7 10 5 4 9 
20180924607 7 9 4 10 5 6 8 3 1 2 
20180924608 5 4 7 1 8 2 9 3 6 10 
20180924609 1 2 6 9 7 4 3 8 5 10 
20180924610 6 2 10 1 7 5 8 3 9 4 
20180924611 2 9 10 6 1 7 5 3 8 4 
20180924612 4 3 7 8 9 10 5 1 6 2 
20180924613 9 10 3 7 1 4 6 2 5 8 
20180924614 5 3 8 10 7 1 9 6 2 4 
20180924615 2 6 3 8 10 7 5 9 4 1 
20180924616 3 5 7 1 6 2 9 8 4 10 
20180924617 4 7 10 1 6 8 5 3 2 9 
20180924618 5 9 1 4 2 7 8 6 3 10 
20180924619 2 8 9 10 6 4 3 5 7 1 
20180924620 8 7 2 5 10 4 6 1 9 3 
20180924621 2 6 10 4 7 8 1 3 5 9 
20180924622 2 10 4 1 3 9 8 5 6 7 
20180924623 1 2 10 4 9 7 8 5 6 3 
20180924624 6 8 7 5 1 9 2 3 4 10 
20180924625 10 5 9 6 2 3 1 8 7 4 
20180924626 3 10 7 8 5 2 1 9 6 4 
20180924627 2 9 10 5 8 4 1 7 6 3 
20180924628 9 7 5 10 8 6 3 2 1 4 
20180924629 1 5 10 4 3 2 9 8 7 6 
20180924630 2 8 6 5 4 10 1 3 7 9 
20180924631 3 4 1 5 9 6 8 10 2 7 
20180924632 5 10 2 3 8 9 4 1 6 7 
20180924633 4 3 10 9 7 6 1 5 2 8 
20180924634 4 3 2 8 9 10 1 6 7 5 
20180924635 7 1 6 4 10 8 5 3 9 2 
20180924636 1 7 6 2 4 8 10 5 3 9 
20180924637 7 6 3 9 1 2 5 10 4 8 
20180924638 3 6 8 7 10 9 4 5 1 2 
20180924639 1 8 9 3 4 5 7 2 10 6 
20180924640 7 6 5 3 8 10 2 9 4 1 
20180924641 7 1 10 5 6 3 4 2 8 9 
20180924642 1 6 5 2 10 4 9 7 8 3 
20180924643 6 3 1 9 4 8 2 10 5 7 
20180924644 9 5 7 8 2 1 10 3 6 4 
20180924645 4 9 8 10 1 2 7 5 3 6 
20180924646 5 6 8 3 4 2 1 10 7 9 
20180924647 1 6 2 5 3 4 7 10 9 8 
20180924648 2 8 6 3 9 7 5 10 1 4 
20180924649 2 5 6 1 4 10 8 7 3 9 
20180924650 2 6 3 7 8 5 1 4 10 9 
20180924651 7 6 10 1 3 9 2 5 8 4 
20180924652 4 9 8 5 1 2 10 3 7 6 
20180924653 2 6 9 5 7 4 8 3 10 1 
20180924654 5 1 2 10 3 6 4 8 9 7 
20180924655 9 7 4 5 3 10 8 1 2 6 
20180924656 8 7 1 6 10 9 4 5 2 3 
20180924657 6 2 5 3 4 9 7 8 10 1 
20180924658 8 9 3 7 1 5 4 2 10 6 
20180924659 10 7 8 5 4 6 2 3 1 9 
20180924660 3 1 10 2 7 4 6 5 9 8 
20180924661 8 5 10 1 4 2 9 6 7 3 
20180924662 4 6 9 10 3 7 1 2 8 5 
20180924663 4 9 3 10 5 1 6 8 7 2 
20180924664 7 2 4 10 5 8 1 6 9 3 
20180924665 6 9 4 3 1 8 5 10 2 7 
20180924666 3 1 10 6 8 2 7 5 4 9 
20180924667 8 3 2 1 9 5 6 4 10 7 
20180924668 5 6 8 3 1 10 2 7 4 9 
20180924669 10 4 6 8 7 5 2 1 3 9 
20180924670 3 5 7 10 8 9 6 1 4 2 
20180924671 7 5 3 6 2 8 9 4 10 1 
20180924672 4 5 7 1 6 8 2 9 3 10 
20180924673 9 2 6 10 3 4 8 7 1 5 
20180924674 9 8 5 3 1 2 10 6 4 7 
20180924675 8 9 6 5 2 3 1 4 10 7 
20180924676 2 8 5 4 1 6 9 10 7 3 
20180924677 5 4 7 8 1 3 9 6 10 2 
20180924678 1 7 6 2 3 8 4 9 5 10 
20180924679 5 7 10 3 4 1 2 8 9 6 
20180924680 9 2 8 7 1 3 4 10 6 5 
20180924681 2 3 6 5 7 4 1 10 9 8 
20180924682 5 4 9 8 1 3 6 2 7 10 
20180924683 2 5 4 1 9 3 6 8 10 7 
20180924684 6 8 7 10 9 1 4 5 3 2 
20180924685 4 2 6 5 10 7 9 3 1 8 
20180924686 8 1 3 10 4 5 9 6 2 7 
20180924687 10 7 1 4 6 3 5 8 2 9 
20180924688 5 9 4 1 6 10 7 3 8 2 
20180924689 10 9 8 3 2 1 4 6 7 5 
20180924690 8 2 1 7 10 9 4 6 5 3 
20180924691 7 5 10 1 6 3 4 2 8 9 
20180924692 10 3 6 1 2 9 8 4 7 5 
20180924693 7 1 10 3 4 5 9 6 2 8 
20180924694 6 2 10 8 3 9 7 5 1 4 
20180924695 9 8 10 4 3 6 5 1 7 2 
20180924696 2 8 10 7 6 9 3 1 4 5 
20180924697 6 1 9 4 5 8 3 10 7 2 
20180924698 7 5 2 10 9 4 3 8 1 6 
20180924699 6 1 5 3 2 10 4 9 8 7 
20180924700 8 6 3 4 9 10 5 2 7 1 
20180924701 1 2 6 8 4 5 9 3 10 7 
20180924702 9 7 6 1 8 10 2 4 5 3 
20180924703 7 4 10 9 6 3 1 2 5 8 
20180924704 10 1 3 8 2 6 9 7 4 5 
20180924705 9 1 8 2 3 6 10 4 7 5 
20180924706 3 4 8 1 10 9 5 7 2 6 
20180924707 1 9 5 10 3 8 2 6 4 7 
20180924708 1 6 7 2 4 10 9 5 3 8 
20180924709 2 6 5 4 7 8 9 1 3 10 
20180924710 4 5 1 10 7 3 9 2 8 6 
20180924711 1 10 8 4 7 9 3 2 6 5 
20180924712 8 2 7 9 10 5 1 3 6 4 
20180924713 5 7 8 1 4 3 9 10 2 6 
20180924714 1 9 2 5 6 7 3 8 4 10 
20180924715 1 5 7 2 6 8 4 9 10 3 
20180924716 3 10 5 1 2 8 7 9 6 4 
20180924717 2 10 4 5 7 9 6 1 3 8 
20180924718 1 7 3 6 10 2 9 8 5 4 
20180924719 4 8 5 6 2 10 1 9 7 3 
20180924720 4 10 3 9 7 8 5 1 2 6 
20180924721 2 4 1 9 5 7 6 8 10 3 
20180924722 4 3 6 1 7 2 8 5 9 10 
20180924723 10 6 9 7 3 2 5 4 1 8 
20180924724 3 9 4 1 10 5 8 6 7 2 
20180924725 6 10 3 8 1 9 2 5 7 4 
20180924726 6 1 2 8 5 7 3 9 10 4 
20180924727 9 2 1 8 6 5 10 3 7 4 
20180924728 5 2 10 4 3 6 7 8 9 1 
20180924729 6 3 2 9 5 1 8 7 4 10 
20180924730 9 4 6 7 3 5 10 8 1 2 
20180924731 2 3 10 9 4 6 8 5 1 7 
20180924732 1 10 7 9 8 2 6 4 3 5 
20180924733 4 9 2 10 1 7 8 6 3 5 
20180924734 5 4 3 10 7 6 2 9 1 8 
20180924735 5 2 3 7 8 9 4 10 6 1 
20180924736 1 5 10 3 4 6 8 2 9 7 
20180924737 3 7 9 6 8 2 5 10 4 1 
20180924738 7 5 10 1 2 3 6 8 9 4 
20180924739 9 3 5 4 10 6 8 7 1 2 
20180924740 4 5 1 6 2 10 7 8 3 9 
20180924741 2 1 9 4 6 3 10 8 5 7 
20180924742 6 2 8 1 10 9 5 4 3 7 
20180924743 8 2 10 5 6 4 7 1 9 3 
20180924744 5 2 1 7 10 8 3 9 6 4 
20180924745 1 7 3 5 10 6 9 8 2 4 
20180924746 6 5 1 10 3 2 8 4 9 7 
20180924747 8 4 5 1 7 10 9 6 3 2 
20180924748 2 10 3 5 1 8 4 7 9 6 
20180924749 5 3 6 9 4 2 10 1 8 7 
20180924750 2 3 1 7 6 4 8 9 10 5 
20180924751 4 10 3 8 1 6 2 9 5 7 
20180924752 9 3 7 2 1 10 5 8 6 4 
20180924753 8 7 1 6 3 10 2 9 5 4 
20180924754 4 8 10 5 1 7 9 3 2 6 
20180924755 5 6 1 10 7 9 8 3 2 4 
20180924756 5 4 3 6 10 7 1 8 2 9 
20180924757 4 3 7 5 10 6 2 8 1 9 
20180924758 3 2 1 8 7 6 4 9 10 5 
20180924759 2 5 6 4 1 7 10 8 9 3 
20180924760 7 2 9 8 10 5 6 3 4 1 
20180924761 1 4 9 2 8 5 10 7 3 6 
20180924762 9 4 7 8 3 5 2 10 6 1 
20180924763 10 2 6 1 8 7 9 4 5 3 
20180924764 1 4 7 6 5 2 9 8 3 10 
20180924765 7 4 10 6 2 9 1 8 3 5 
20180924766 7 2 4 9 3 5 10 6 8 1 
20180924767 1 7 4 9 8 2 10 5 3 6 
20180924768 6 1 2 8 7 3 5 4 9 10 
20180924769 5 9 8 6 2 7 4 1 3 10 
20180924770 5 6 8 2 7 10 3 9 4 1 
20180924771 10 3 8 5 7 9 2 4 1 6 
20180924772 9 8 10 3 6 4 5 2 1 7 
20180924773 10 2 3 5 1 6 8 4 9 7 
20180924774 3 7 5 6 2 1 10 8 4 9 
20180924775 10 7 4 9 3 1 2 8 5 6 
20180924776 4 8 7 9 6 2 1 3 5 10 
20180924777 3 1 6 7 8 9 10 5 2 4 
20180924778 2 5 4 6 3 8 1 10 7 9 
20180924779 7 5 8 6 1 4 3 9 2 10 
20180924780 10 9 7 3 4 1 2 8 6 5 
20180924781 8 2 1 9 5 10 3 4 7 6 
20180924782 3 8 4 7 10 6 1 5 2 9 
20180924783 2 7 1 3 10 6 8 9 5 4 
20180924784 6 3 4 1 2 9 8 7 10 5 
20180924785 8 9 6 7 5 4 2 10 1 3 
20180924786 6 2 10 9 1 7 3 4 8 5 
20180924787 4 10 6 7 2 5 3 1 9 8 
20180924788 2 1 8 5 10 4 3 9 7 6 
20180924789 9 7 8 10 6 3 5 2 1 4 
20180924790 8 6 9 7 2 4 3 5 10 1 
20180924791 9 1 6 5 2 10 4 8 3 7 
20180924792 10 3 7 4 1 8 5 2 6 9 
20180924793 9 3 1 8 7 6 10 2 5 4 
20180924794 3 6 10 4 8 7 2 1 5 9 
20180924795 7 6 4 9 1 5 2 3 8 10 
20180924796 1 9 7 10 6 8 2 4 3 5 
20180924797 9 8 7 5 4 10 2 3 6 1 
20180924798 2 9 10 5 6 3 8 7 4 1 
20180924799 8 5 4 2 6 9 1 10 7 3 
20180924800 1 8 7 2 3 10 4 9 5 6 
20180924801 9 3 1 10 6 4 2 8 5 7 
20180924802 10 3 1 2 7 9 6 5 4 8 
20180924803 10 2 5 1 3 9 6 8 7 4 
20180924804 2 4 8 6 10 3 1 7 5 9 
20180924805 6 9 10 7 4 5 2 8 3 1 
20180924806 5 8 2 7 9 10 1 4 6 3 
20180924807 9 10 1 8 4 5 7 6 3 2 
20180924808 2 7 8 5 9 4 6 3 1 10 
20180924809 9 6 5 10 3 2 1 4 7 8 
20180924810 7 9 3 2 6 4 10 5 8 1 
20180924811 5 1 2 6 8 7 9 10 4 3 
20180924812 9 6 7 8 5 4 10 2 1 3 
20180924813 2 3 9 4 6 7 5 10 8 1 
20180924814 8 7 3 4 5 6 10 2 9 1 
20180924815 9 7 5 10 6 4 8 2 3 1 
20180924816 5 8 6 2 4 7 10 3 1 9 
20180924817 2 5 9 8 6 1 10 7 3 4 
20180924818 9 6 7 2 4 3 1 5 10 8 
20180924819 6 7 10 1 3 5 8 9 4 2 
20180924820 9 1 4 2 3 10 6 5 8 7 
20180924821 2 1 3 5 9 10 6 4 8 7 
20180924822 9 10 7 3 4 1 8 6 2 5 
20180924823 6 8 9 7 4 10 3 5 1 2 
20180924824 3 2 7 5 6 8 4 10 9 1 
20180924825 1 7 8 3 6 2 5 9 10 4 
20180924826 5 2 4 10 8 6 1 9 7 3 
20180924827 9 3 8 10 4 1 7 2 6 5 
20180924828 2 9 4 7 1 6 10 8 5 3 
20180924829 10 4 5 7 1 6 8 3 2 9 
20180924830 4 7 6 10 2 1 8 3 5 9 
20180924831 8 9 3 5 10 1 7 2 6 4 
20180924832 8 5 9 4 6 1 10 2 3 7 
20180924833 8 4 1 7 10 9 6 2 5 3 
20180924834 9 7 6 4 10 5 3 1 2 8 
20180924835 10 5 4 2 6 8 1 3 7 9 
20180924836 9 7 6 1 5 10 2 3 8 4 
20180924837 4 7 1 2 8 9 6 5 10 3 
20180924838 7 1 8 3 2 9 10 4 5 6 
20180924839 5 6 3 8 4 1 7 10 9 2 
20180924840 5 8 1 7 6 3 9 2 10 4 
20180924841 2 1 10 4 7 8 6 5 3 9 
20180924842 6 3 10 5 8 7 4 1 9 2 
20180924843 6 2 7 10 5 3 9 1 8 4 
20180924844 6 2 10 3 9 4 5 8 7 1 
20180924845 3 1 7 6 5 2 4 8 9 10 
20180924846 8 1 10 9 4 7 2 5 3 6 
20180924847 9 10 2 1 6 7 4 8 5 3 
20180924848 10 4 7 9 2 8 6 1 5 3 
20180924849 3 5 2 9 10 7 8 4 1 6 
20180924850 5 9 4 1 10 2 7 6 8 3 
20180924851 5 9 3 7 10 2 4 1 8 6 
20180924852 6 1 2 7 9 10 4 8 5 3 
20180924853 3 4 8 2 7 9 1 10 5 6 
20180924854 7 2 3 8 9 10 1 4 6 5 
20180924855 1 9 2 8 3 5 4 6 10 7 
20180924856 8 10 4 1 3 5 6 9 7 2 
20180924857 7 8 1 10 2 3 5 6 4 9 
20180924858 2 5 10 6 9 4 1 3 8 7 
20180924859 1 2 7 9 8 4 5 3 10 6 
20180924860 5 4 10 6 2 9 8 1 3 7 
20180924861 5 8 4 2 7 6 1 10 9 3 
20180924862 1 4 5 3 2 6 10 8 9 7 
20180924863 9 3 2 6 7 5 4 10 8 1 
20180924864 1 8 7 2 4 9 6 3 5 10 
20180924865 9 4 8 3 2 1 6 7 5 10 
20180924866 8 7 10 2 6 9 5 1 3 4 
20180924867 2 6 10 4 1 8 5 3 7 9 
20180924868 3 6 10 9 1 5 8 7 4 2 
20180924869 3 9 7 8 10 5 1 4 6 2 
20180924870 2 9 7 6 4 8 3 5 10 1 
20180924871 4 5 3 1 7 10 2 9 6 8 
20180924872 1 3 8 7 6 2 4 5 9 10 
20180924873 1 4 6 5 7 9 3 10 8 2 
20180924874 2 10 4 1 7 6 5 3 9 8 
20180924875 6 2 10 4 3 1 8 5 9 7 
20180924876 9 10 7 6 5 1 2 3 4 8 
20180924877 6 3 4 8 5 1 10 9 7 2 
20180924878 1 4 10 8 3 9 6 5 2 7 
20180924879 6 2 8 7 5 4 10 3 9 1 
20180924880 6 7 2 3 9 5 10 1 8 4 
20180924881 6 7 1 4 10 8 2 9 5 3 
20180924882 7 1 10 6 3 4 8 9 5 2 
20180924883 8 5 10 4 6 1 2 9 7 3 
20180924884 4 7 3 5 2 1 8 10 9 6 
20180924885 1 5 6 4 2 3 9 8 7 10 
20180924886 2 6 9 4 8 5 10 7 3 1 
20180924887 8 10 9 7 3 5 4 2 6 1 
20180924888 10 3 6 9 5 2 8 4 7 1 
20180924889 9 10 3 4 5 8 7 1 6 2 
20180924890 10 5 3 1 4 8 6 9 2 7 
20180924891 8 5 9 2 1 7 4 6 10 3 
20180924892 3 6 8 5 9 4 1 2 7 10 
20180924893 6 9 2 7 10 4 5 8 3 1 
20180924894 1 7 3 4 2 6 10 5 9 8 
20180924895 10 6 8 4 9 1 2 5 7 3 
20180924896 3 6 1 5 7 9 10 8 4 2 
20180924897 7 4 5 9 1 2 6 3 10 8 
20180924898 6 10 7 2 4 8 5 9 3 1 
20180924899 8 10 6 7 4 2 5 3 9 1 
20180924900 9 2 6 7 5 8 4 3 1 10 
20180924901 2 8 9 6 4 10 7 5 3 1 
20180924902 4 2 10 6 7 9 1 8 5 3 
20180924903 6 8 10 4 7 2 9 5 3 1 
20180924904 5 7 10 4 6 2 8 3 9 1 
20180924905 6 8 4 2 9 1 7 5 10 3 
20180924906 3 4 10 7 2 5 8 9 6 1 
20180924907 5 7 3 10 4 2 1 6 8 9 
20180924908 3 8 6 5 1 9 7 10 4 2 
20180924909 9 3 2 4 8 10 7 5 1 6 
20180924910 9 10 3 1 6 5 2 7 4 8 
20180924911 5 2 6 4 9 8 1 3 10 7 
20180924912 2 1 3 6 10 9 5 8 4 7 
20180924913 5 2 7 9 1 3 10 4 8 6 
20180924914 3 8 2 9 4 5 6 7 10 1 
20180924915 1 8 4 6 9 5 3 10 2 7 
20180924916 6 7 5 4 10 2 3 8 9 1 
20180924917 3 5 1 2 10 8 9 7 6 4 
20180924918 6 3 5 7 9 4 1 10 2 8 
20180924919 7 8 5 3 9 6 4 1 2 10 
20180924920 7 5 4 6 3 8 9 2 10 1 
20180924921 7 2 4 9 6 10 5 3 8 1 
20180924922 1 4 5 6 8 10 7 2 3 9 
20180924923 5 3 8 2 4 9 6 10 1 7 
20180924924 8 7 2 6 10 3 4 9 1 5 
20180924925 5 3 10 6 2 1 7 9 8 4 
20180924926 4 1 10 5 8 6 2 9 3 7 
20180924927 4 9 6 8 10 7 5 3 1 2 
20180924928 7 5 2 10 4 3 9 1 6 8 
20180924929 4 7 3 2 1 6 5 9 8 10 
20180924930 4 10 2 5 6 7 1 3 9 8 
20180924931 6 7 9 8 2 4 3 1 10 5 
20180924932 8 9 10 3 5 1 7 2 6 4 
20180924933 4 5 1 10 7 9 2 8 3 6 
20180924934 4 3 10 1 9 7 2 5 6 8 
20180924935 10 6 1 3 2 9 5 7 4 8 
20180924936 1 6 5 3 9 10 2 8 7 4 
20180924937 2 5 6 3 1 9 4 8 10 7 
20180924938 8 3 2 1 10 4 5 6 7 9 
20180924939 1 9 4 6 5 10 2 3 8 7 
20180924940 3 8 9 7 10 4 1 6 5 2 
20180924941 2 3 6 10 9 8 5 7 1 4 
20180924942 8 2 3 10 4 1 5 9 6 7 
20180924943 6 4 2 5 7 8 9 3 1 10 
20180924944 3 5 6 8 7 2 4 1 10 9 
20180924945 2 1 7 10 3 9 8 5 6 4 
20180924946 1 2 6 8 5 10 7 9 3 4 
20180924947 3 1 2 5 8 6 7 9 10 4 
20180924948 10 5 4 2 8 7 1 3 9 6 
20180924949 4 2 1 3 6 5 9 7 10 8 
20180924950 8 3 2 1 9 10 5 4 6 7 
20180924951 3 4 5 8 10 9 2 6 7 1 
20180924952 3 6 1 5 10 9 4 2 8 7 
20180924953 9 6 8 7 10 5 3 2 1 4 
20180924954 1 7 10 2 9 4 5 6 3 8 
20180924955 2 3 1 9 6 8 7 5 10 4 
20180924956 10 8 2 5 6 7 4 9 1 3 
20180924957 1 8 4 5 6 10 7 9 2 3 
20180924958 6 2 8 1 4 9 7 10 3 5 
20180924959 3 6 9 2 8 5 1 10 4 7 
20180924960 4 8 2 7 6 9 5 3 10 1 
20180924961 4 9 5 7 3 1 8 6 2 10 
20180924962 3 7 2 6 1 9 10 5 8 4 
20180924963 3 5 6 4 8 1 2 9 10 7 
20180924964 1 9 10 4 8 6 2 7 5 3 
20180924965 8 7 1 4 2 10 5 9 3 6 
20180924966 1 4 10 5 6 2 9 7 3 8 
20180924967 4 8 1 2 3 10 7 5 6 9 
20180924968 4 5 6 10 9 3 1 2 7 8 
20180924969 6 9 8 2 5 4 1 3 7 10 
20180924970 9 4 2 8 6 3 1 7 10 5 
20180924971 1 8 2 6 7 5 9 10 3 4 
20180924972 4 9 1 7 2 8 5 3 6 10 
20180924973 2 5 3 4 1 9 10 8 6 7 
20180924974 8 4 7 10 6 3 9 2 5 1 
20180924975 6 3 9 5 2 1 10 8 7 4 
20180924976 5 7 10 8 4 3 1 6 9 2 
20180924977 3 5 10 7 4 9 1 2 6 8 
20180924978 10 1 9 7 2 8 5 3 4 6 
20180924979 6 4 3 2 5 10 8 9 1 7 
20180924980 10 7 8 9 2 1 6 5 3 4 
20180924981 8 5 3 9 10 2 1 7 4 6 
20180924982 10 7 8 4 5 1 3 6 2 9 
20180924983 7 4 8 1 2 10 6 5 3 9 
20180924984 4 2 1 3 8 5 6 7 10 9 
20180924985 10 1 7 3 6 2 5 8 4 9 
20180925001 5 7 10 1 8 3 6 9 4 2 
