20180928001 4 3 5 7 9 8 1 10 2 6 
20180928002 2 4 5 6 7 3 1 10 9 8 
20180928003 4 3 9 7 10 2 5 1 8 6 
20180928004 10 3 2 4 9 1 6 7 8 5 
20180928005 8 5 6 10 9 4 3 2 7 1 
20180928006 5 10 6 9 8 4 7 1 3 2 
20180928007 10 2 3 1 9 8 4 6 5 7 
20180928008 9 8 1 10 5 3 7 2 6 4 
20180928009 5 7 10 9 1 4 3 2 6 8 
20180928010 10 3 7 6 9 4 8 1 5 2 
20180928011 2 9 1 7 8 3 5 6 10 4 
20180928012 1 7 10 3 6 9 4 8 5 2 
20180928013 2 9 8 1 10 6 4 5 7 3 
20180928014 8 3 6 4 7 9 2 10 5 1 
20180928015 6 4 2 10 5 3 9 1 8 7 
20180928016 3 5 6 9 1 7 2 8 10 4 
20180928017 2 1 6 5 3 10 8 9 4 7 
20180928018 8 5 9 1 3 2 7 4 6 10 
20180928019 3 4 2 5 1 9 8 6 10 7 
20180928020 1 4 9 10 6 8 3 2 7 5 
20180928021 5 1 4 9 2 6 7 10 3 8 
20180928022 7 8 3 6 5 10 9 1 2 4 
20180928023 4 1 2 7 8 3 10 5 6 9 
20180928024 3 7 6 10 4 5 1 2 9 8 
20180928025 9 7 5 6 8 10 1 4 3 2 
20180928026 1 10 6 7 2 8 3 9 5 4 
20180928027 3 5 2 1 7 10 8 6 9 4 
20180928028 3 2 7 8 9 6 5 4 1 10 
20180928029 8 3 4 5 7 10 9 1 6 2 
20180928030 1 4 6 10 8 2 5 9 3 7 
20180928031 1 6 4 7 9 3 2 10 8 5 
20180928032 7 4 5 10 1 9 3 6 2 8 
20180928033 5 10 1 8 3 2 4 9 6 7 
20180928034 7 1 3 10 4 9 8 6 2 5 
20180928035 2 3 10 6 1 7 9 8 4 5 
20180928036 5 10 3 7 9 6 8 4 2 1 
20180928037 1 2 10 4 6 7 9 3 5 8 
20180928038 8 10 6 9 1 4 2 3 7 5 
20180928039 7 2 3 6 9 10 8 5 1 4 
20180928040 6 7 9 1 8 3 10 2 4 5 
20180928041 2 5 4 8 3 6 7 9 10 1 
20180928042 4 7 8 3 1 9 6 5 2 10 
20180928043 6 3 10 8 1 2 7 9 5 4 
20180928044 9 2 1 5 3 8 7 10 6 4 
20180928045 7 10 5 6 2 8 4 9 1 3 
20180928046 3 4 7 10 6 1 5 2 9 8 
20180928047 2 5 10 1 9 7 4 8 6 3 
20180928048 4 7 8 1 9 5 10 6 2 3 
20180928049 7 9 8 3 5 1 2 4 10 6 
20180928050 8 9 3 6 10 2 5 4 7 1 
20180928051 6 5 2 8 7 4 1 10 9 3 
20180928052 3 10 7 5 1 4 6 2 9 8 
20180928053 2 10 4 9 8 1 7 6 5 3 
20180928054 5 1 6 8 4 2 9 3 10 7 
20180928055 3 10 1 7 5 8 2 4 6 9 
20180928056 9 1 10 3 5 4 8 7 6 2 
20180928057 6 1 8 4 3 7 5 10 2 9 
20180928058 8 7 2 5 3 10 1 4 9 6 
20180928059 7 9 5 10 1 8 3 6 4 2 
20180928060 9 3 8 5 1 2 6 10 4 7 
20180928061 4 10 7 5 2 8 6 1 9 3 
20180928062 3 9 6 4 8 5 10 1 7 2 
20180928063 9 10 6 7 1 3 4 2 5 8 
20180928064 8 6 3 2 1 7 10 5 4 9 
20180928065 5 3 10 8 6 2 7 9 4 1 
20180928066 7 10 8 5 6 3 2 9 4 1 
20180928067 9 1 3 8 4 6 7 10 2 5 
20180928068 6 8 5 2 10 9 4 1 7 3 
20180928069 8 1 3 10 2 4 9 6 7 5 
20180928070 6 7 3 5 1 10 8 9 4 2 
20180928071 6 4 10 2 1 3 9 8 5 7 
20180928072 7 3 8 5 1 9 2 6 10 4 
20180928073 10 5 6 7 1 4 2 9 8 3 
20180928074 2 3 9 5 1 10 6 4 7 8 
20180928075 7 10 6 1 9 8 5 3 4 2 
20180928076 2 3 5 10 4 8 6 7 1 9 
20180928077 5 3 6 8 2 7 4 9 10 1 
20180928078 6 3 5 4 1 8 7 2 9 10 
20180928079 3 7 1 9 6 8 5 2 10 4 
20180928080 7 5 2 3 4 8 9 1 6 10 
20180928081 7 8 4 5 2 3 10 9 1 6 
20180928082 5 9 8 3 1 7 10 6 2 4 
20180928083 7 5 3 2 10 9 8 4 1 6 
20180928084 9 4 7 2 1 8 3 10 6 5 
20180928085 3 8 1 10 6 7 4 2 9 5 
20180928086 4 7 1 10 2 5 3 9 6 8 
20180928087 10 7 2 8 1 4 6 5 3 9 
20180928088 10 8 2 9 5 4 6 3 7 1 
20180928089 9 10 6 3 2 1 4 8 5 7 
20180928090 10 2 1 8 5 4 9 3 7 6 
20180928091 1 9 3 6 2 10 5 7 4 8 
20180928092 6 3 4 1 2 7 8 10 5 9 
20180928093 6 3 4 1 5 10 8 9 7 2 
20180928094 6 3 5 2 8 9 10 4 7 1 
20180928095 3 5 7 10 6 1 2 9 4 8 
20180928096 3 4 5 10 7 2 8 1 9 6 
20180928097 9 3 7 4 8 1 5 2 10 6 
20180928098 4 6 10 1 5 2 3 8 9 7 
20180928099 4 9 7 2 5 1 10 6 8 3 
20180928100 2 1 4 8 10 6 7 9 5 3 
20180928101 7 10 1 8 3 4 2 6 9 5 
20180928102 1 8 3 10 5 4 7 2 9 6 
20180928103 6 5 9 10 1 4 7 8 3 2 
20180928104 5 1 8 2 3 9 7 6 4 10 
20180928105 10 6 8 4 3 2 9 1 5 7 
20180928106 9 7 2 10 3 8 1 4 6 5 
20180928107 10 3 5 6 9 4 8 7 2 1 
20180928108 10 3 1 8 6 2 7 4 5 9 
20180928109 7 4 2 6 10 5 1 9 3 8 
20180928110 9 4 2 6 1 3 7 10 8 5 
20180928111 3 9 7 1 4 5 10 6 2 8 
20180928112 10 7 5 9 1 6 8 4 3 2 
20180928113 2 3 4 5 7 6 8 9 10 1 
20180928114 10 4 5 3 6 8 2 7 9 1 
20180928115 9 7 5 3 4 6 10 8 2 1 
20180928116 7 6 3 9 4 5 8 10 2 1 
20180928117 7 1 2 9 6 5 4 8 10 3 
20180928118 7 2 10 3 8 9 6 1 4 5 
20180928119 1 6 5 2 9 4 3 10 8 7 
20180928120 8 7 5 9 3 6 1 4 2 10 
20180928121 2 7 9 10 8 5 4 1 6 3 
20180928122 4 1 8 5 3 6 10 7 2 9 
20180928123 1 7 9 2 5 6 4 3 8 10 
20180928124 2 10 8 6 3 9 1 5 4 7 
20180928125 8 9 7 6 3 4 5 1 10 2 
20180928126 2 4 10 3 8 5 7 1 6 9 
20180928127 2 9 8 6 5 1 3 4 10 7 
20180928128 2 5 6 8 9 1 7 10 3 4 
20180928129 6 2 4 7 8 9 10 1 5 3 
20180928130 5 4 3 1 8 7 2 10 6 9 
20180928131 1 5 7 8 2 3 4 6 9 10 
20180928132 7 8 1 10 9 3 6 4 2 5 
20180928133 6 10 5 4 7 9 2 8 3 1 
20180928134 2 10 8 6 4 7 9 5 1 3 
20180928135 3 4 5 2 8 1 6 10 7 9 
20180928136 5 3 4 8 6 2 9 10 1 7 
20180928137 5 9 10 4 6 1 2 8 7 3 
20180928138 6 10 8 5 7 4 3 2 9 1 
20180928139 6 2 10 1 4 9 3 5 7 8 
20180928140 5 3 9 4 6 1 7 2 8 10 
20180928141 3 2 8 9 5 7 6 4 1 10 
20180928142 8 7 10 3 4 1 2 5 9 6 
20180928143 3 7 2 4 8 10 1 6 5 9 
20180928144 2 5 1 6 9 7 8 3 10 4 
20180928145 6 3 9 7 5 2 4 10 1 8 
20180928146 10 3 5 4 1 9 7 8 2 6 
20180928147 3 8 5 10 4 1 2 7 9 6 
20180928148 7 6 8 2 1 5 4 10 3 9 
20180928149 5 4 8 6 10 2 9 1 7 3 
20180928150 5 2 3 8 4 10 6 9 1 7 
20180928151 2 10 5 7 8 6 9 1 3 4 
20180928152 8 7 6 10 1 5 2 3 4 9 
20180928153 4 1 9 10 3 6 8 2 7 5 
20180928154 2 8 7 6 4 10 1 5 9 3 
20180928155 9 3 7 6 10 1 8 2 4 5 
20180928156 1 3 8 9 4 10 5 6 7 2 
20180928157 1 2 4 7 3 9 8 6 10 5 
20180928158 8 5 3 4 7 6 10 9 2 1 
20180928159 7 8 9 6 5 3 1 2 4 10 
20180928160 3 9 2 6 5 8 7 1 10 4 
20180928161 1 10 6 7 3 5 2 8 9 4 
20180928162 10 4 1 5 7 2 8 3 6 9 
20180928163 4 10 1 3 5 7 6 9 8 2 
20180928164 1 2 9 10 3 5 6 8 4 7 
20180928165 8 6 4 2 10 1 5 9 7 3 
20180928166 7 5 2 4 3 10 1 6 9 8 
20180928167 7 1 5 2 4 9 8 6 10 3 
20180928168 9 1 5 3 8 4 6 10 7 2 
20180928169 6 1 9 4 8 3 5 7 10 2 
20180928170 5 3 10 8 7 2 4 1 9 6 
20180928171 9 1 4 7 10 3 2 5 8 6 
20180928172 2 4 3 10 6 5 9 1 8 7 
20180928173 8 10 9 5 3 1 4 7 6 2 
20180928174 7 3 2 4 1 10 5 6 8 9 
20180928175 8 3 7 10 2 1 4 9 6 5 
20180928176 5 8 7 10 4 6 1 3 2 9 
20180928177 5 7 8 4 2 6 9 10 1 3 
20180928178 4 2 1 8 6 3 5 7 10 9 
20180928179 4 8 9 6 3 5 2 10 1 7 
20180928180 1 9 2 7 10 8 6 4 5 3 
20180928181 7 9 1 10 8 2 6 3 5 4 
20180928182 5 1 8 6 4 7 9 10 2 3 
20180928183 4 8 7 2 6 3 1 10 9 5 
20180928184 5 10 4 9 6 7 2 3 8 1 
20180928185 1 2 4 9 10 3 7 5 6 8 
20180928186 2 9 6 7 3 5 10 4 1 8 
20180928187 5 7 4 3 8 2 10 9 6 1 
20180928188 10 9 4 3 5 2 8 7 6 1 
20180928189 9 5 10 1 3 4 6 8 2 7 
20180928190 10 3 6 2 4 5 8 9 1 7 
20180928191 1 8 7 10 5 2 9 6 3 4 
20180928192 6 8 10 4 3 7 9 5 2 1 
20180928193 2 5 8 1 4 6 3 9 7 10 
20180928194 10 8 9 1 6 2 4 3 7 5 
20180928195 5 6 10 4 8 3 9 7 1 2 
20180928196 10 9 5 3 8 6 1 2 4 7 
20180928197 3 6 2 8 7 1 9 10 4 5 
20180928198 5 7 2 1 6 9 10 3 8 4 
20180928199 5 7 4 6 3 10 1 9 8 2 
20180928200 7 8 10 4 2 3 9 6 5 1 
20180928201 6 5 1 2 10 3 9 8 7 4 
20180928202 8 4 3 10 1 6 5 2 9 7 
20180928203 3 4 7 10 9 2 5 6 8 1 
20180928204 3 4 1 8 2 9 6 10 7 5 
20180928205 2 3 9 4 10 6 8 5 7 1 
20180928206 9 1 5 4 7 10 3 8 6 2 
20180928207 4 2 1 10 9 6 8 5 3 7 
20180928208 1 7 6 5 2 8 4 9 3 10 
20180928209 8 4 7 5 10 9 6 2 3 1 
20180928210 1 4 6 10 2 3 7 5 9 8 
20180928211 9 7 4 2 5 3 8 6 1 10 
20180928212 4 7 9 3 5 2 8 6 10 1 
20180928213 5 8 9 4 1 7 10 3 2 6 
20180928214 7 9 1 4 5 2 6 3 10 8 
20180928215 3 1 8 9 7 4 6 2 10 5 
20180928216 9 8 1 4 2 7 6 10 5 3 
20180928217 2 4 9 5 8 6 10 7 1 3 
20180928218 6 8 5 3 7 2 4 9 10 1 
20180928219 2 5 9 4 1 8 6 10 3 7 
20180928220 3 4 1 10 9 8 5 7 2 6 
20180928221 3 9 6 10 2 1 8 5 7 4 
20180928222 3 5 6 1 10 2 4 8 9 7 
20180928223 5 4 6 8 1 2 3 9 10 7 
20180928224 7 8 1 9 6 10 3 5 2 4 
20180928225 4 5 8 1 3 6 7 2 10 9 
20180928226 7 1 8 4 2 6 9 3 10 5 
20180928227 2 6 4 8 1 9 7 5 10 3 
20180928228 1 3 9 4 8 10 6 7 2 5 
20180928229 2 6 10 4 9 3 7 1 5 8 
20180928230 3 4 9 8 7 2 10 6 5 1 
20180928231 7 6 3 9 10 1 4 5 2 8 
20180928232 10 5 2 8 7 6 4 3 1 9 
20180928233 1 10 6 9 3 8 7 4 2 5 
20180928234 6 2 7 10 5 1 8 3 4 9 
20180928235 1 3 9 8 5 4 10 2 7 6 
20180928236 7 1 5 9 2 10 4 3 8 6 
20180928237 9 6 1 2 7 4 5 3 8 10 
20180928238 9 3 7 1 5 4 8 10 2 6 
20180928239 1 8 9 4 5 7 3 6 2 10 
20180928240 3 4 2 5 8 7 9 6 1 10 
20180928241 9 3 5 4 10 8 7 6 1 2 
20180928242 6 1 7 9 2 4 8 10 5 3 
20180928243 1 10 5 9 3 6 2 8 7 4 
20180928244 6 5 7 3 4 2 9 1 8 10 
20180928245 3 9 10 7 2 4 1 5 8 6 
20180928246 3 4 9 6 8 5 1 7 10 2 
20180928247 5 9 8 1 7 10 3 2 6 4 
20180928248 5 9 7 4 1 6 3 8 2 10 
20180928249 6 7 1 3 9 4 10 5 2 8 
20180928250 5 7 9 1 2 6 8 4 10 3 
20180928251 2 10 9 8 7 6 4 3 1 5 
20180928252 10 4 8 3 2 9 1 5 6 7 
20180928253 5 9 8 3 2 10 7 4 1 6 
20180928254 10 3 9 2 7 8 4 1 6 5 
20180928255 6 4 9 7 8 2 3 5 1 10 
20180928256 1 6 3 8 5 2 9 10 7 4 
20180928257 6 5 7 3 2 1 9 10 8 4 
20180928258 1 4 3 2 10 9 6 8 5 7 
20180928259 6 1 4 8 5 9 3 7 2 10 
20180928260 6 9 1 7 3 2 4 10 5 8 
20180928261 7 2 8 10 6 9 4 5 1 3 
20180928262 5 9 4 2 10 3 8 7 1 6 
20180928263 5 1 10 4 3 9 7 2 8 6 
20180928264 3 4 7 5 6 10 9 1 8 2 
20180928265 8 9 2 1 5 3 4 7 6 10 
20180928266 8 1 3 5 6 10 4 2 9 7 
20180928267 5 1 8 3 4 9 6 10 7 2 
20180928268 4 10 6 2 5 9 8 1 3 7 
20180928269 1 4 10 3 9 2 8 5 7 6 
20180928270 5 3 6 8 10 7 9 2 4 1 
20180928271 3 10 1 6 8 5 9 4 2 7 
20180928272 1 6 10 9 8 4 5 3 7 2 
20180928273 1 9 7 10 8 3 6 4 2 5 
20180928274 7 4 9 1 3 6 8 2 10 5 
20180928275 9 2 10 6 7 3 1 4 5 8 
20180928276 10 7 2 8 6 3 1 4 5 9 
20180928277 6 3 9 1 7 10 5 4 2 8 
20180928278 3 9 8 5 6 4 7 1 2 10 
20180928279 8 7 5 6 9 2 3 1 10 4 
20180928280 8 9 1 2 5 3 4 7 10 6 
20180928281 2 9 5 1 6 3 7 8 10 4 
20180928282 8 3 1 5 7 4 6 9 2 10 
20180928283 4 8 9 2 7 10 6 1 3 5 
20180928284 2 6 3 5 4 9 1 7 10 8 
20180928285 8 7 2 1 4 9 5 3 6 10 
20180928286 9 8 5 4 1 7 6 2 3 10 
20180928287 7 6 9 2 4 1 3 10 5 8 
20180928288 3 2 7 4 8 5 6 1 10 9 
20180928289 5 6 9 10 2 7 4 3 1 8 
20180928290 1 4 8 7 10 6 5 3 9 2 
20180928291 6 7 1 5 9 3 4 2 10 8 
20180928292 3 7 8 2 1 10 9 5 6 4 
20180928293 9 10 6 4 3 7 8 1 2 5 
20180928294 1 7 2 3 4 5 6 9 10 8 
20180928295 3 6 4 1 8 10 2 9 5 7 
20180928296 8 4 3 1 2 10 7 9 5 6 
20180928297 3 1 2 7 6 5 8 10 4 9 
20180928298 7 8 9 3 4 2 5 1 10 6 
20180928299 5 7 3 6 9 10 4 2 8 1 
20180928300 8 9 2 7 6 10 4 3 5 1 
20180928301 10 8 6 9 5 1 3 4 2 7 
20180928302 1 9 7 6 2 4 8 5 3 10 
20180928303 5 6 7 2 1 4 8 3 10 9 
20180928304 8 1 9 5 4 10 3 2 7 6 
20180928305 5 9 3 6 1 8 10 7 2 4 
20180928306 8 5 4 6 10 9 3 1 2 7 
20180928307 7 10 5 8 2 1 3 9 4 6 
20180928308 10 9 3 4 6 5 7 8 2 1 
20180928309 6 2 7 10 5 8 3 4 1 9 
20180928310 6 9 4 1 3 5 2 7 8 10 
20180928311 9 2 5 6 10 4 7 8 3 1 
20180928312 5 8 2 1 9 10 3 6 4 7 
20180928313 7 4 2 10 6 1 9 5 8 3 
20180928314 4 9 2 6 10 5 1 8 7 3 
20180928315 9 2 10 5 3 4 1 8 6 7 
20180928316 8 7 2 9 4 3 6 1 10 5 
20180928317 6 1 2 7 9 3 10 5 8 4 
20180928318 1 9 6 2 3 7 5 10 4 8 
20180928319 1 5 9 6 4 8 10 2 3 7 
20180928320 8 2 5 3 6 10 4 1 9 7 
20180928321 3 5 9 2 6 7 4 10 8 1 
20180928322 4 10 3 7 2 8 9 5 1 6 
20180928323 1 6 5 2 3 7 8 4 9 10 
20180928324 8 1 10 2 7 3 9 5 6 4 
20180928325 5 10 7 4 6 3 2 9 1 8 
20180928326 1 7 6 5 8 2 3 9 10 4 
20180928327 7 6 5 4 9 2 3 10 8 1 
20180928328 5 7 2 8 4 3 1 10 9 6 
20180928329 7 6 8 9 1 10 2 5 4 3 
20180928330 6 4 7 9 3 10 2 1 5 8 
20180928331 9 8 3 10 6 7 1 4 2 5 
20180928332 1 8 6 2 7 5 9 10 3 4 
20180928333 8 6 9 7 5 3 4 1 10 2 
20180928334 10 8 6 5 2 1 3 4 7 9 
20180928335 7 9 4 5 8 2 3 6 1 10 
20180928336 8 5 10 1 2 3 6 4 9 7 
20180928337 2 3 8 7 5 6 9 1 4 10 
20180928338 7 5 1 4 3 10 9 6 2 8 
20180928339 5 8 3 2 4 1 6 9 10 7 
20180928340 2 4 9 6 3 5 1 10 8 7 
20180928341 3 1 8 5 9 4 2 7 10 6 
20180928342 3 2 1 8 6 7 4 10 9 5 
20180928343 6 3 8 4 5 9 10 2 1 7 
20180928344 2 8 6 7 9 4 5 1 10 3 
20180928345 3 2 6 4 10 5 9 7 8 1 
20180928346 7 8 2 9 5 6 10 4 1 3 
20180928347 1 4 5 9 8 3 6 2 7 10 
20180928348 9 8 7 5 4 10 3 6 2 1 
20180928349 2 1 8 5 7 6 9 4 3 10 
20180928350 6 3 4 7 5 1 8 10 2 9 
20180928351 3 4 9 2 10 8 6 7 5 1 
20180928352 4 7 6 2 9 10 8 1 5 3 
20180928353 9 1 2 4 6 7 8 3 10 5 
20180928354 6 1 5 8 2 10 3 9 4 7 
20180928355 2 4 5 9 3 7 1 6 10 8 
20180928356 8 1 4 2 5 10 6 9 7 3 
20180928357 6 1 5 4 8 9 2 7 10 3 
20180928358 3 9 7 6 8 2 4 1 10 5 
20180928359 6 1 9 4 10 7 2 3 5 8 
20180928360 6 3 9 5 7 1 4 2 8 10 
20180928361 1 6 4 3 10 7 8 2 9 5 
20180928362 1 9 2 5 6 7 10 4 8 3 
20180928363 9 4 6 10 3 5 1 8 2 7 
20180928364 10 5 7 1 3 9 2 8 4 6 
20180928365 5 2 1 7 10 8 4 3 6 9 
20180928366 10 2 6 3 7 1 4 9 8 5 
20180928367 4 9 1 8 5 2 6 3 10 7 
20180928368 6 4 5 1 10 7 3 9 2 8 
20180928369 4 6 10 7 2 8 3 9 1 5 
20180928370 1 9 3 5 8 6 7 10 2 4 
20180928371 6 8 10 9 3 2 5 1 4 7 
20180928372 7 2 3 5 6 8 10 4 1 9 
20180928373 10 9 7 8 1 6 4 2 5 3 
20180928374 3 6 5 2 1 8 10 9 4 7 
20180928375 9 10 8 6 1 4 7 5 3 2 
20180928376 5 9 6 8 4 10 1 2 7 3 
20180928377 9 8 3 5 1 6 4 7 2 10 
20180928378 1 5 7 9 4 3 8 6 10 2 
20180928379 2 3 1 7 5 6 10 4 9 8 
20180928380 8 1 10 7 9 2 4 6 5 3 
20180928381 3 8 10 9 7 1 6 5 4 2 
20180928382 9 3 2 8 7 1 5 6 4 10 
20180928383 10 5 6 7 1 4 8 2 9 3 
20180928384 5 8 4 3 9 10 1 2 7 6 
20180928385 2 1 7 9 3 4 10 5 6 8 
20180928386 9 2 5 6 7 8 10 1 3 4 
20180928387 9 4 2 10 3 6 1 8 5 7 
20180928388 9 1 4 5 3 7 2 8 6 10 
20180928389 1 7 10 5 3 8 2 4 6 9 
20180928390 10 1 6 3 5 9 7 2 4 8 
20180928391 5 4 6 8 2 9 1 7 3 10 
20180928392 4 3 7 1 5 8 10 9 6 2 
20180928393 6 7 2 9 10 4 3 5 1 8 
20180928394 4 9 8 10 6 7 1 5 3 2 
20180928395 2 4 6 9 3 5 1 7 10 8 
20180928396 3 4 10 6 1 2 8 9 5 7 
20180928397 7 10 1 2 5 9 4 6 8 3 
20180928398 6 7 2 8 1 10 9 3 4 5 
20180928399 9 1 4 3 6 2 5 10 7 8 
20180928400 3 6 1 8 2 10 5 4 7 9 
20180928401 3 4 6 8 1 7 2 10 9 5 
20180928402 9 2 5 4 8 3 6 10 1 7 
20180928403 3 7 5 4 6 9 1 10 8 2 
20180928404 10 8 4 7 2 9 3 1 5 6 
20180928405 2 7 10 9 3 1 8 6 5 4 
20180928406 2 6 4 7 5 10 3 8 1 9 
20180928407 5 4 2 1 9 8 7 10 6 3 
20180928408 7 4 3 2 1 6 8 10 5 9 
20180928409 7 8 5 9 1 2 10 6 4 3 
20180928410 8 3 9 5 6 10 1 4 7 2 
20180928411 1 7 2 5 8 9 3 10 4 6 
20180928412 7 9 5 10 6 3 8 1 4 2 
20180928413 10 5 7 2 1 9 4 6 3 8 
20180928414 6 2 7 3 5 9 10 8 1 4 
20180928415 10 9 1 6 5 7 2 8 3 4 
20180928416 4 1 2 6 7 3 5 9 8 10 
20180928417 10 3 6 4 1 8 7 2 5 9 
20180928418 6 1 3 9 7 8 10 5 4 2 
20180928419 9 3 6 8 1 5 7 4 10 2 
20180928420 3 4 9 10 8 2 5 1 7 6 
20180928421 8 4 1 2 3 7 9 10 5 6 
20180928422 3 2 4 6 7 8 1 9 10 5 
20180928423 6 7 3 9 10 8 5 1 4 2 
20180928424 10 9 1 3 6 8 5 2 4 7 
20180928425 1 3 6 7 2 10 8 4 5 9 
20180928426 7 2 10 1 3 6 8 5 9 4 
20180928427 4 2 1 7 3 8 6 5 9 10 
20180928428 10 3 1 6 8 9 4 2 7 5 
20180928429 3 8 6 1 9 7 4 10 5 2 
20180928430 4 5 3 1 10 7 8 6 9 2 
20180928431 4 10 3 8 5 7 2 6 1 9 
20180928432 1 7 5 3 6 10 9 8 4 2 
20180928433 7 1 6 5 2 4 9 3 8 10 
20180928434 4 8 3 10 6 9 5 1 2 7 
20180928435 7 1 6 4 5 2 8 9 3 10 
20180928436 1 5 2 3 7 8 4 6 9 10 
20180928437 2 5 4 3 1 8 9 6 10 7 
20180928438 8 4 2 6 9 10 7 3 5 1 
20180928439 9 6 7 5 1 4 3 10 2 8 
20180928440 9 5 3 4 6 8 10 7 2 1 
20180928441 8 4 3 9 10 2 1 7 5 6 
20180928442 3 1 6 7 9 2 10 8 4 5 
20180928443 7 3 4 9 6 5 2 10 8 1 
20180928444 9 1 2 5 6 3 7 10 8 4 
20180928445 2 7 8 10 4 5 1 6 9 3 
20180928446 1 4 2 9 10 8 7 3 5 6 
20180928447 3 8 5 7 4 10 9 1 2 6 
20180928448 10 9 2 1 6 7 4 3 8 5 
20180928449 4 6 9 1 8 7 2 5 3 10 
20180928450 9 7 6 4 1 3 2 10 8 5 
20180928451 2 9 5 8 1 10 7 4 3 6 
20180928452 4 1 3 7 8 10 5 9 2 6 
20180928453 7 3 6 1 8 10 2 5 9 4 
20180928454 7 5 8 4 10 1 2 6 9 3 
20180928455 7 5 1 3 10 8 4 2 6 9 
20180928456 6 3 7 2 10 5 9 4 1 8 
20180928457 5 1 4 8 7 2 3 6 9 10 
20180928458 5 6 8 4 7 1 2 9 10 3 
20180928459 10 2 4 3 5 9 1 8 6 7 
20180928460 7 8 2 3 9 4 6 5 1 10 
20180928461 4 6 5 7 8 2 3 9 1 10 
20180928462 3 2 9 4 7 10 6 5 8 1 
20180928463 6 7 1 9 5 4 3 10 2 8 
20180928464 8 9 10 2 5 3 7 1 6 4 
20180928465 3 1 6 4 10 9 8 2 7 5 
20180928466 6 1 4 7 10 2 9 5 3 8 
20180928467 3 8 7 2 6 1 5 10 4 9 
20180928468 8 9 2 7 1 5 10 4 3 6 
20180928469 3 7 8 1 9 2 6 10 5 4 
20180928470 6 2 7 9 4 1 8 5 10 3 
20180928471 4 7 10 2 3 9 5 6 8 1 
20180928472 9 8 1 3 4 10 6 5 7 2 
20180928473 6 8 2 3 9 7 1 4 10 5 
20180928474 3 9 7 4 8 1 5 10 2 6 
20180928475 1 6 5 9 3 4 7 2 8 10 
20180928476 7 5 2 1 3 4 9 6 8 10 
20180928477 8 4 3 6 2 9 5 1 10 7 
20180928478 9 2 5 3 4 7 6 1 8 10 
20180928479 9 6 2 8 3 7 4 5 10 1 
20180928480 3 8 2 7 10 9 6 1 4 5 
20180928481 9 2 1 6 10 7 4 8 5 3 
20180928482 4 10 3 1 6 8 7 5 2 9 
20180928483 2 4 5 6 7 10 1 8 3 9 
20180928484 7 4 9 8 6 1 2 5 3 10 
20180928485 8 7 3 10 4 1 9 5 2 6 
20180928486 2 9 7 8 6 4 1 3 5 10 
20180928487 7 10 5 8 3 4 1 6 9 2 
20180928488 8 4 1 3 5 9 2 7 10 6 
20180928489 1 9 4 3 10 6 5 2 8 7 
20180928490 3 2 9 1 10 5 6 8 7 4 
20180928491 10 2 5 1 4 7 8 6 3 9 
20180928492 6 4 9 1 7 5 8 3 2 10 
20180928493 2 10 7 1 4 3 6 8 9 5 
20180928494 9 4 3 7 10 8 6 5 1 2 
20180928495 4 5 10 7 9 3 2 6 1 8 
20180928496 7 3 4 2 5 9 6 1 10 8 
20180928497 4 8 10 9 2 6 7 5 1 3 
20180928498 3 7 9 4 5 10 1 8 2 6 
20180928499 8 5 4 10 2 9 6 3 7 1 
20180928500 9 8 5 7 3 2 4 10 6 1 
20180928501 7 5 9 4 8 3 10 6 2 1 
20180928502 10 4 8 3 1 5 6 2 9 7 
20180928503 3 9 1 5 4 10 6 2 7 8 
20180928504 5 2 10 4 1 9 8 7 3 6 
20180928505 10 2 1 9 4 6 3 8 5 7 
20180928506 2 1 4 3 5 8 6 10 9 7 
20180928507 5 7 8 9 1 10 3 6 2 4 
20180928508 3 10 4 5 8 1 7 9 2 6 
20180928509 5 9 4 8 3 10 1 6 7 2 
20180928510 6 4 1 7 9 5 10 8 2 3 
20180928511 2 4 5 9 6 1 8 3 7 10 
20180928512 1 9 8 2 7 6 4 5 3 10 
20180928513 7 9 10 8 4 3 6 1 2 5 
20180928514 10 6 4 8 3 7 1 2 9 5 
20180928515 2 8 1 6 7 9 5 3 4 10 
20180928516 3 6 7 5 2 9 10 8 4 1 
20180928517 7 2 10 4 9 5 1 6 8 3 
20180928518 6 4 3 2 5 10 1 8 7 9 
20180928519 7 3 10 6 4 2 8 9 5 1 
20180928520 3 10 9 1 7 2 4 6 8 5 
20180928521 2 7 8 3 4 9 10 5 1 6 
20180928522 8 6 9 1 3 2 10 4 7 5 
20180928523 9 7 8 2 10 3 6 1 5 4 
20180928524 10 8 4 3 5 9 2 1 7 6 
20180928525 1 4 2 10 6 3 5 8 9 7 
20180928526 6 2 10 8 4 9 7 5 3 1 
20180928527 4 2 9 3 5 6 10 1 7 8 
20180928528 4 1 5 2 7 8 10 6 9 3 
20180928529 4 1 5 7 9 6 10 8 3 2 
20180928530 1 10 5 9 3 7 8 4 2 6 
20180928531 10 5 4 1 6 7 3 8 2 9 
20180928532 7 1 4 5 2 10 8 9 3 6 
20180928533 3 1 8 10 5 6 2 9 7 4 
20180928534 9 7 6 5 4 2 8 10 1 3 
20180928535 5 10 3 7 9 2 4 1 8 6 
20180928536 8 6 4 5 10 1 3 9 7 2 
20180928537 5 6 9 4 2 7 3 10 8 1 
20180928538 2 3 4 7 10 1 8 6 9 5 
20180928539 7 1 2 6 8 3 5 9 10 4 
20180928540 2 7 8 4 6 10 1 5 3 9 
20180928541 8 10 9 1 6 2 3 5 4 7 
20180928542 7 5 1 10 2 9 3 8 4 6 
20180928543 4 5 1 7 10 6 9 3 8 2 
20180928544 2 8 4 7 3 10 1 9 5 6 
20180928545 8 5 1 10 4 9 2 6 7 3 
20180928546 1 5 6 2 10 3 4 8 9 7 
20180928547 10 9 7 1 3 8 5 2 4 6 
20180928548 6 2 1 8 9 10 7 5 3 4 
20180928549 9 8 7 1 3 6 4 2 10 5 
20180928550 8 2 6 9 10 1 5 7 4 3 
20180928551 1 6 10 7 5 8 9 2 4 3 
20180928552 7 8 1 10 3 2 9 4 6 5 
20180928553 9 10 2 6 3 8 4 7 1 5 
20180928554 3 1 10 8 5 2 9 6 4 7 
20180928555 7 4 6 10 2 3 1 8 9 5 
20180928556 3 6 4 9 1 10 8 7 2 5 
20180928557 8 10 4 9 7 5 2 1 3 6 
20180928558 2 9 4 5 7 8 1 3 10 6 
20180928559 3 5 10 7 6 9 8 4 1 2 
20180928560 4 10 7 3 2 6 9 1 8 5 
20180928561 2 3 9 5 10 4 8 7 6 1 
20180928562 8 5 2 4 7 6 1 9 3 10 
20180928563 2 5 8 7 4 9 10 1 3 6 
20180928564 7 10 4 5 9 6 1 2 3 8 
20180928565 8 1 9 4 5 2 3 10 6 7 
20180928566 1 4 8 2 3 6 7 10 5 9 
20180928567 3 4 10 1 2 7 5 6 9 8 
20180928568 3 5 1 2 10 4 8 7 6 9 
20180928569 9 3 7 2 6 10 8 1 4 5 
20180928570 8 3 7 2 9 5 4 6 10 1 
20180928571 1 2 10 7 3 8 9 6 4 5 
20180928572 10 4 1 6 2 8 9 7 3 5 
20180928573 4 1 6 5 7 3 10 8 9 2 
20180928574 1 4 8 2 3 9 7 10 6 5 
20180928575 8 5 6 1 3 2 9 7 4 10 
20180928576 1 7 4 9 8 2 3 6 10 5 
20180928577 8 5 2 1 3 7 9 6 4 10 
20180928578 1 3 7 5 8 2 10 6 9 4 
20180928579 9 2 7 10 6 4 5 3 1 8 
20180928580 5 10 6 8 2 3 1 9 7 4 
20180928581 9 7 1 4 3 6 8 5 10 2 
20180928582 1 10 2 9 4 8 5 7 3 6 
20180928583 6 10 5 9 2 1 3 7 8 4 
20180928584 5 10 3 2 8 4 7 9 6 1 
20180928585 3 7 8 5 10 9 1 4 6 2 
20180928586 9 4 5 7 10 1 6 8 2 3 
20180928587 5 6 7 3 8 9 1 10 4 2 
20180928588 3 2 8 6 1 10 4 7 9 5 
20180928589 4 8 1 6 9 2 10 3 7 5 
20180928590 1 4 7 5 2 3 8 10 6 9 
20180928591 3 5 4 7 9 6 1 2 8 10 
20180928592 8 7 9 10 4 2 1 5 3 6 
20180928593 5 1 8 3 6 4 9 2 10 7 
20180928594 5 9 6 7 3 8 10 1 4 2 
20180928595 2 6 5 7 9 4 1 8 10 3 
20180928596 5 2 4 6 8 3 7 10 9 1 
20180928597 3 5 10 4 6 1 7 8 2 9 
20180928598 4 8 9 2 1 6 10 3 5 7 
20180928599 5 8 2 1 7 3 10 6 9 4 
20180928600 4 5 1 6 8 2 7 3 10 9 
20180928601 7 6 10 9 2 8 4 1 5 3 
20180928602 3 5 2 9 4 8 7 1 10 6 
20180928603 2 8 7 4 5 10 1 6 9 3 
20180928604 8 9 1 5 2 4 6 3 7 10 
20180928605 5 8 1 6 2 4 3 9 10 7 
20180928606 5 8 3 4 2 10 1 6 7 9 
20180928607 10 7 2 4 1 3 5 9 8 6 
20180928608 2 6 3 10 9 8 1 4 7 5 
20180928609 8 5 10 9 7 6 3 2 1 4 
20180928610 6 4 7 2 10 5 1 3 9 8 
20180928611 6 7 1 5 2 3 9 10 8 4 
20180928612 2 4 9 10 5 1 3 7 8 6 
20180928613 8 10 7 9 3 4 6 5 1 2 
20180928614 3 5 8 6 10 2 4 1 7 9 
20180928615 9 10 7 2 1 8 5 6 3 4 
20180928616 6 1 10 4 2 5 3 7 8 9 
20180928617 3 1 10 8 6 2 5 9 4 7 
20180928618 4 2 3 8 1 5 6 7 9 10 
20180928619 6 3 5 10 9 7 1 8 4 2 
20180928620 7 3 5 4 2 9 6 8 1 10 
20180928621 4 5 1 9 8 6 3 7 2 10 
20180928622 6 5 3 8 2 1 10 7 9 4 
20180928623 8 5 3 1 7 9 2 4 6 10 
20180928624 1 4 3 5 7 10 8 9 2 6 
20180928625 9 4 5 7 1 8 3 6 2 10 
20180928626 10 1 2 8 4 6 3 9 5 7 
20180928627 7 4 9 10 6 2 1 5 8 3 
20180928628 10 2 8 3 5 7 6 1 4 9 
20180928629 9 2 3 6 7 4 10 8 1 5 
20180928630 4 8 2 5 6 10 3 7 1 9 
20180928631 2 10 4 3 7 5 6 1 9 8 
20180928632 10 2 1 9 5 4 7 6 8 3 
20180928633 1 7 6 8 3 9 2 4 5 10 
20180928634 2 5 4 3 1 9 8 6 7 10 
20180928635 1 3 9 10 5 4 2 6 8 7 
20180928636 10 9 8 5 1 6 4 7 2 3 
20180928637 6 3 2 10 5 7 9 4 8 1 
20180928638 5 7 6 10 2 4 3 1 8 9 
20180928639 6 7 8 3 4 10 1 5 2 9 
20180928640 8 4 10 7 1 9 3 6 5 2 
20180928641 8 3 2 9 7 6 5 1 4 10 
20180928642 1 6 9 2 5 3 10 8 7 4 
20180928643 3 4 1 2 5 6 9 8 10 7 
20180928644 7 10 5 1 9 8 3 4 2 6 
20180928645 10 5 2 4 9 6 8 7 1 3 
20180928646 3 9 2 1 4 8 10 7 6 5 
20180928647 9 2 7 4 10 5 1 8 3 6 
20180928648 10 8 2 3 1 9 5 6 7 4 
20180928649 8 2 3 9 1 4 6 10 7 5 
20180928650 1 7 8 5 4 10 3 2 9 6 
20180928651 4 8 7 1 9 2 3 5 10 6 
20180928652 10 2 6 4 9 8 3 7 1 5 
20180928653 9 4 5 6 1 10 2 7 3 8 
20180928654 5 2 9 10 8 4 1 6 7 3 
20180928655 2 10 8 3 9 4 1 6 7 5 
20180928656 9 10 4 2 6 8 1 3 5 7 
20180928657 3 7 9 2 4 5 1 10 8 6 
20180928658 8 2 7 10 6 1 9 4 3 5 
20180928659 8 4 2 5 7 6 3 10 1 9 
20180928660 7 2 5 9 10 4 1 3 6 8 
20180928661 8 6 1 9 5 3 10 2 4 7 
20180928662 4 9 2 1 8 6 7 5 10 3 
20180928663 6 7 5 1 2 8 4 10 9 3 
20180928664 8 3 9 10 5 4 1 6 7 2 
20180928665 9 1 10 4 3 8 7 6 2 5 
20180928666 4 7 10 1 5 9 2 3 8 6 
20180928667 7 1 8 4 6 9 2 3 10 5 
20180928668 7 10 2 5 9 4 1 8 3 6 
20180928669 4 10 1 2 6 8 3 9 7 5 
20180928670 1 4 9 5 7 3 2 10 8 6 
20180928671 8 7 9 6 4 5 2 10 1 3 
20180928672 8 10 3 6 7 9 5 4 1 2 
20180928673 3 10 4 9 8 2 7 5 1 6 
20180928674 4 9 3 7 2 8 6 5 10 1 
20180928675 9 5 10 8 6 4 2 3 1 7 
20180928676 4 8 1 9 6 2 3 5 10 7 
20180928677 7 4 2 5 10 9 6 3 1 8 
20180928678 5 1 2 7 8 10 4 3 9 6 
20180928679 8 3 10 9 5 4 1 6 2 7 
20180928680 6 5 4 8 1 2 3 10 7 9 
20180928681 10 2 4 6 9 3 5 8 1 7 
20180928682 8 6 5 10 7 9 2 3 1 4 
20180928683 2 4 5 7 9 1 8 10 3 6 
20180928684 1 7 10 3 6 4 2 9 5 8 
20180928685 4 5 7 8 10 6 9 3 2 1 
20180928686 4 7 8 10 1 2 3 9 5 6 
20180928687 5 9 3 2 8 1 7 10 4 6 
20180928688 1 6 2 8 3 4 9 7 10 5 
20180928689 10 3 8 6 1 2 9 7 4 5 
20180928690 5 7 9 4 10 8 2 1 3 6 
20180928691 8 10 2 9 1 3 6 5 4 7 
20180928692 7 6 9 2 5 10 4 1 3 8 
20180928693 4 1 3 10 8 7 6 9 5 2 
20180928694 1 6 10 3 8 4 5 7 9 2 
20180928695 6 4 5 3 1 8 10 2 9 7 
20180928696 2 8 7 6 4 9 10 1 3 5 
20180928697 3 8 10 7 6 4 9 5 2 1 
20180928698 3 9 5 7 10 2 1 8 6 4 
20180928699 10 7 4 1 5 6 9 3 8 2 
20180928700 3 5 9 8 10 7 1 4 2 6 
20180928701 3 9 4 6 7 2 8 10 5 1 
20180928702 3 10 2 4 1 8 5 9 6 7 
20180928703 3 6 8 2 4 7 10 5 1 9 
20180928704 4 2 1 5 9 6 3 8 7 10 
20180928705 1 8 4 5 10 3 2 6 7 9 
20180928706 4 3 1 9 10 6 5 2 7 8 
20180928707 1 5 6 7 2 3 4 9 10 8 
20180928708 4 7 3 10 1 5 6 8 2 9 
20180928709 1 4 6 8 5 7 9 10 3 2 
20180928710 3 9 5 7 6 8 2 4 10 1 
20180928711 7 4 8 1 5 9 10 3 6 2 
20180928712 10 3 9 5 4 7 6 2 8 1 
20180928713 10 6 7 4 3 5 2 9 1 8 
20180928714 8 7 6 2 5 1 10 4 3 9 
20180928715 5 7 6 8 4 3 10 2 9 1 
20180928716 7 4 5 10 3 8 9 2 1 6 
20180928717 3 10 9 2 4 7 8 1 6 5 
20180928718 10 6 2 3 1 9 4 5 7 8 
20180928719 6 4 9 3 8 2 1 7 10 5 
20180928720 1 2 3 9 6 4 7 5 8 10 
20180928721 10 9 1 4 7 5 2 6 8 3 
20180928722 2 1 4 7 6 9 10 5 3 8 
20180928723 10 5 8 6 2 4 7 3 1 9 
20180928724 10 4 3 1 7 9 6 5 2 8 
20180928725 3 5 7 9 4 8 6 1 2 10 
20180928726 5 9 2 7 6 1 4 8 3 10 
20180928727 5 3 8 2 7 10 4 9 6 1 
20180928728 3 2 9 8 6 7 1 10 5 4 
20180928729 9 5 10 4 3 8 2 1 7 6 
20180928730 9 2 7 8 5 10 3 1 4 6 
20180928731 1 5 4 10 8 6 7 3 2 9 
20180928732 2 5 3 9 1 6 4 7 10 8 
20180928733 10 1 7 6 5 2 8 3 9 4 
20180928734 8 1 4 6 7 2 5 9 10 3 
20180928735 1 10 3 2 7 6 5 9 4 8 
20180928736 10 9 5 7 8 2 3 1 6 4 
20180928737 4 7 6 8 2 5 3 10 9 1 
20180928738 8 7 6 1 9 10 5 2 4 3 
20180928739 5 3 6 2 9 4 1 7 10 8 
20180928740 4 2 10 1 7 6 3 9 5 8 
20180928741 5 7 10 9 8 1 6 2 3 4 
20180928742 7 10 6 8 5 3 4 9 1 2 
20180928743 10 2 9 5 3 1 8 7 4 6 
20180928744 3 7 2 1 5 6 8 4 9 10 
20180928745 4 1 7 9 2 8 3 10 6 5 
20180928746 6 10 8 4 7 2 5 1 9 3 
20180928747 7 8 1 9 2 3 10 6 5 4 
20180928748 9 2 10 4 3 5 1 7 8 6 
20180928749 10 2 1 8 3 6 5 9 7 4 
20180928750 10 8 4 9 2 5 6 3 7 1 
20180928751 3 7 8 9 4 10 5 6 1 2 
20180928752 5 3 4 9 1 6 8 10 2 7 
20180928753 2 3 4 8 5 10 7 9 6 1 
20180928754 3 9 8 4 5 2 10 6 7 1 
20180928755 1 6 5 3 7 9 10 2 4 8 
20180928756 3 5 1 10 8 9 4 2 7 6 
20180928757 9 5 1 4 10 2 7 3 6 8 
20180928758 7 5 3 8 9 4 2 10 1 6 
20180928759 9 3 2 4 1 5 6 10 8 7 
20180928760 6 2 10 8 1 7 3 9 5 4 
20180928761 1 4 9 10 6 3 2 8 7 5 
20180928762 3 2 5 8 4 9 6 10 7 1 
20180928763 3 8 10 7 9 4 1 5 6 2 
20180928764 8 10 5 2 4 3 7 1 6 9 
20180928765 5 6 4 3 1 8 2 10 9 7 
20180928766 9 6 5 2 1 3 8 4 7 10 
20180928767 5 8 4 1 6 7 2 10 9 3 
20180928768 9 10 1 3 4 8 5 6 7 2 
20180928769 2 10 7 9 3 1 4 8 6 5 
20180928770 10 7 6 4 9 1 8 3 2 5 
20180928771 1 6 2 3 8 7 4 5 10 9 
20180928772 9 8 2 6 1 3 7 4 10 5 
20180928773 2 8 3 5 1 9 4 10 7 6 
20180928774 4 2 3 9 8 7 5 1 6 10 
20180928775 1 3 4 7 2 6 9 5 8 10 
20180928776 8 9 6 3 1 5 10 2 7 4 
20180928777 3 6 10 8 1 4 9 7 2 5 
20180928778 5 2 8 10 1 7 6 9 4 3 
20180928779 7 1 2 9 3 10 5 4 6 8 
20180928780 8 5 6 2 1 9 3 4 10 7 
20180928781 7 10 5 4 2 8 3 9 6 1 
20180928782 8 3 9 10 6 1 5 4 2 7 
20180928783 8 10 5 2 7 3 1 4 6 9 
20180928784 5 2 10 7 3 9 4 8 6 1 
20180928785 8 5 2 7 9 4 1 3 10 6 
20180928786 1 2 8 3 5 4 10 7 9 6 
20180928787 10 1 7 5 4 8 2 3 9 6 
20180928788 7 1 5 6 8 3 2 9 4 10 
20180928789 10 8 5 7 4 1 2 9 3 6 
20180928790 9 5 4 7 1 2 3 10 8 6 
20180928791 6 5 1 9 4 7 2 10 8 3 
20180928792 10 1 3 5 8 4 2 9 6 7 
20180928793 3 6 10 5 2 9 7 4 8 1 
20180928794 5 4 3 9 1 8 7 2 10 6 
20180928795 2 10 9 3 1 8 5 7 6 4 
20180928796 10 4 6 2 8 1 7 3 9 5 
20180928797 5 3 9 10 7 4 8 2 6 1 
20180928798 7 3 8 5 9 4 1 2 6 10 
20180928799 1 10 3 9 5 2 4 7 8 6 
20180928800 9 3 1 4 10 6 5 2 7 8 
20180928801 9 3 5 10 7 1 4 6 8 2 
20180928802 5 1 2 3 7 8 9 6 10 4 
20180928803 9 1 5 3 4 10 8 6 7 2 
20180928804 7 6 10 4 8 2 9 3 1 5 
20180928805 8 7 2 6 5 4 3 1 10 9 
20180928806 3 5 6 1 10 2 8 7 9 4 
20180928807 3 2 5 9 10 7 4 1 6 8 
20180928808 7 4 8 9 3 6 10 5 1 2 
20180928809 4 9 3 2 8 5 6 7 10 1 
20180928810 8 2 4 7 6 3 1 10 5 9 
20180928811 2 5 3 9 7 1 6 10 4 8 
20180928812 10 7 3 1 8 9 5 2 4 6 
20180928813 8 9 2 6 5 10 1 3 7 4 
20180928814 2 8 7 5 4 6 1 9 10 3 
20180928815 7 6 4 2 1 5 3 8 9 10 
20180928816 3 4 10 8 2 5 9 7 6 1 
20180928817 1 9 10 2 7 3 6 5 8 4 
20180928818 4 1 2 9 5 10 8 6 3 7 
20180928819 3 6 7 2 8 5 9 1 10 4 
20180928820 4 8 3 6 2 1 9 7 5 10 
20180928821 1 6 10 7 8 9 3 2 4 5 
20180928822 5 4 3 7 6 8 9 1 2 10 
20180928823 4 9 2 6 1 8 7 10 3 5 
20180928824 5 6 8 7 9 3 4 10 2 1 
20180928825 8 10 7 3 9 4 1 5 2 6 
20180928826 6 4 8 1 7 10 3 9 2 5 
20180928827 6 1 3 9 10 7 4 5 8 2 
20180928828 10 3 4 9 8 7 5 6 1 2 
20180928829 3 6 7 2 9 4 8 1 10 5 
20180928830 7 5 10 8 2 4 1 9 3 6 
20180928831 5 2 3 8 1 10 4 7 6 9 
20180928832 1 7 4 10 8 5 6 9 3 2 
20180928833 1 10 3 2 9 8 4 6 7 5 
20180928834 6 5 8 7 4 3 1 9 2 10 
20180928835 9 1 10 8 2 3 6 4 5 7 
20180928836 2 10 7 4 5 8 9 6 3 1 
20180928837 3 2 4 6 10 7 8 9 1 5 
20180928838 5 4 7 6 10 2 9 3 8 1 
20180928839 4 7 3 2 9 5 1 6 8 10 
20180928840 3 5 1 2 6 10 9 7 8 4 
20180928841 2 5 9 4 3 1 6 7 10 8 
20180928842 9 10 8 4 3 7 6 1 2 5 
20180928843 4 10 7 3 5 2 8 9 1 6 
20180928844 3 10 2 5 4 8 1 6 9 7 
20180928845 8 10 1 4 7 3 9 6 5 2 
20180928846 5 1 8 3 7 4 6 2 9 10 
20180928847 10 9 7 2 3 6 1 5 8 4 
20180928848 4 3 7 9 5 1 2 10 8 6 
20180928849 2 1 5 3 7 4 10 6 8 9 
20180928850 10 9 5 7 4 1 8 3 6 2 
20180928851 10 8 7 3 5 2 6 4 1 9 
20180928852 7 1 5 8 9 6 10 2 3 4 
20180928853 5 1 2 8 9 6 4 3 10 7 
20180928854 4 1 6 2 9 8 5 10 3 7 
20180928855 5 8 9 10 6 4 7 3 1 2 
20180928856 6 9 5 10 7 1 8 4 2 3 
20180928857 6 4 3 5 1 2 7 8 10 9 
20180928858 4 10 5 2 3 7 9 8 1 6 
20180928859 2 4 7 10 9 8 1 3 6 5 
20180928860 3 1 8 9 2 6 5 4 10 7 
20180928861 6 2 9 7 1 4 3 10 5 8 
20180928862 8 6 2 7 4 10 3 5 1 9 
20180928863 4 5 6 9 2 10 3 8 7 1 
20180928864 7 1 10 8 3 5 6 9 4 2 
20180928865 6 5 3 7 1 8 4 10 9 2 
20180928866 4 1 6 9 7 3 5 10 2 8 
20180928867 2 5 4 9 10 3 8 1 6 7 
20180928868 4 8 5 6 10 7 1 9 3 2 
20180928869 7 1 2 9 5 3 6 8 10 4 
20180928870 1 9 5 7 8 2 10 3 6 4 
20180928871 3 1 9 8 10 2 7 6 4 5 
20180928872 5 6 1 9 3 8 7 2 4 10 
20180928873 4 8 2 5 9 10 7 3 6 1 
20180928874 10 5 8 9 2 6 4 1 7 3 
20180928875 1 9 5 10 2 7 8 3 6 4 
20180928876 2 1 5 6 9 8 10 4 7 3 
20180928877 1 7 2 4 3 8 6 5 10 9 
20180928878 4 7 1 5 3 2 10 9 6 8 
20180928879 5 2 6 3 7 9 4 1 10 8 
20180928880 2 3 5 4 7 10 6 8 9 1 
20180928881 8 3 1 9 2 5 10 4 7 6 
20180928882 2 3 8 4 5 10 1 7 9 6 
20180928883 8 10 9 3 1 6 7 2 4 5 
20180928884 3 4 7 9 6 8 5 2 1 10 
20180928885 2 8 7 4 9 6 1 3 5 10 
20180928886 5 7 8 4 1 2 6 3 9 10 
20180928887 7 4 2 3 10 6 5 9 1 8 
20180928888 2 7 10 9 3 5 8 1 6 4 
20180928889 9 10 6 2 4 1 7 3 8 5 
20180928890 9 4 5 1 7 10 3 6 8 2 
20180928891 4 8 9 10 7 6 2 3 1 5 
20180928892 5 4 7 9 1 2 6 10 3 8 
20180928893 7 8 3 5 2 9 10 1 6 4 
20180928894 10 9 7 6 4 1 5 3 2 8 
20180928895 2 6 9 10 8 3 1 5 4 7 
20180928896 8 10 4 6 7 3 9 2 5 1 
20180928897 10 1 9 4 6 7 3 2 5 8 
20180928898 2 9 7 8 10 4 5 1 3 6 
20180928899 7 1 6 8 3 2 9 10 4 5 
20180928900 5 10 9 4 1 7 8 6 3 2 
20180928901 8 2 6 9 1 4 7 10 5 3 
20180928902 8 2 4 5 3 10 9 7 1 6 
20180928903 2 1 9 6 8 7 5 4 3 10 
20180928904 2 3 5 10 1 9 6 4 8 7 
20180928905 6 2 4 1 10 3 7 5 8 9 
20180928906 2 10 1 5 3 9 4 6 7 8 
20180928907 8 6 9 1 3 5 10 7 2 4 
20180928908 1 5 4 3 10 2 9 7 8 6 
20180928909 10 5 1 4 9 7 3 8 6 2 
20180928910 8 1 3 6 10 2 9 4 7 5 
20180928911 7 8 9 3 10 4 1 2 6 5 
20180928912 6 7 8 5 4 1 2 9 3 10 
20180928913 6 10 3 1 7 4 8 5 9 2 
20180928914 3 10 8 2 9 5 1 6 7 4 
20180928915 9 3 5 4 8 7 2 1 10 6 
20180928916 6 10 8 4 9 2 5 7 1 3 
20180928917 4 3 6 9 5 7 1 10 2 8 
20180928918 1 2 6 7 9 5 3 10 8 4 
20180928919 2 8 6 4 10 7 5 1 9 3 
20180928920 9 2 8 5 7 1 4 3 10 6 
20180928921 2 3 5 10 8 4 1 6 7 9 
20180928922 1 8 2 10 3 9 4 7 6 5 
20180928923 3 7 4 10 2 9 6 1 8 5 
20180928924 5 7 10 3 6 1 4 2 9 8 
20180928925 10 8 9 6 2 5 4 1 7 3 
20180928926 9 8 1 2 5 6 3 7 4 10 
20180928927 1 6 2 7 3 4 5 10 9 8 
20180928928 1 3 8 5 7 4 6 9 10 2 
20180928929 10 8 5 1 2 7 9 6 3 4 
20180928930 3 8 1 7 10 2 9 4 5 6 
20180928931 2 4 3 9 6 7 5 1 8 10 
20180928932 5 8 10 6 4 2 1 7 9 3 
20180928933 8 9 1 3 7 5 10 4 2 6 
20180928934 9 3 6 2 1 7 8 4 10 5 
20180928935 1 7 4 8 10 3 9 2 6 5 
20180928936 4 5 3 7 1 6 8 9 10 2 
20180928937 7 4 10 6 2 9 8 1 5 3 
20180928938 6 2 5 7 9 3 1 4 8 10 
20180928939 3 6 10 5 9 2 4 1 8 7 
20180928940 1 4 9 6 8 2 10 5 7 3 
20180928941 6 7 5 8 9 1 3 4 10 2 
20180928942 3 10 8 6 9 4 2 5 7 1 
20180928943 3 7 9 4 10 6 2 5 8 1 
20180928944 8 6 9 1 10 5 7 4 3 2 
20180928945 5 2 4 3 1 6 8 7 10 9 
20180928946 3 6 2 9 1 5 7 10 8 4 
20180928947 8 9 4 1 3 7 10 5 2 6 
20180928948 2 7 3 10 6 5 8 9 4 1 
20180928949 9 1 5 10 7 2 3 8 6 4 
20180928950 7 6 4 8 5 2 9 10 1 3 
20180928951 3 9 1 2 4 10 5 6 8 7 
20180928952 7 5 4 6 3 8 10 1 9 2 
20180928953 3 2 10 6 1 5 7 8 4 9 
20180928954 1 3 8 4 5 6 9 7 10 2 
20180928955 5 9 2 7 4 1 3 8 6 10 
20180928956 4 9 8 1 3 10 6 2 5 7 
20180928957 4 5 8 7 2 10 6 1 3 9 
20180928958 9 8 10 3 6 5 4 2 1 7 
20180928959 10 2 9 3 8 6 1 7 5 4 
20180928960 2 6 10 7 9 8 1 4 5 3 
20180928961 4 2 6 5 8 7 10 3 9 1 
20180928962 4 3 9 8 5 7 10 1 6 2 
20180928963 1 5 8 7 4 10 6 2 9 3 
20180928964 9 2 8 1 4 7 5 3 10 6 
20180928965 3 4 2 6 9 1 10 5 7 8 
20180928966 2 1 7 6 9 10 3 5 8 4 
20180928967 8 9 6 5 3 2 7 4 1 10 
20180928968 9 2 6 1 10 3 5 7 4 8 
20180928969 5 7 9 4 3 2 8 6 1 10 
20180928970 10 2 1 4 5 9 7 8 6 3 
20180928971 4 7 10 5 1 9 6 3 2 8 
20180928972 9 5 6 10 3 7 4 1 2 8 
20180928973 8 2 3 10 7 1 5 6 4 9 
20180928974 9 7 5 3 8 10 6 4 1 2 
20180928975 2 1 5 3 9 10 4 7 8 6 
20180928976 1 3 6 8 7 10 2 9 4 5 
20180928977 7 4 3 10 1 8 2 5 9 6 
20180928978 6 7 1 3 10 9 5 4 2 8 
20180928979 2 3 4 7 10 8 5 6 9 1 
20180928980 7 3 6 4 10 8 2 1 9 5 
20180928981 7 2 4 9 1 10 3 8 5 6 
20180928982 7 3 9 5 1 4 10 2 6 8 
20180928983 8 3 2 6 9 7 1 4 5 10 
20180928984 5 6 9 7 1 4 2 3 10 8 
20180928985 9 10 2 5 3 7 6 4 1 8 
