20180916002 2 6 8 1 9 5 3 4 10 7 
20180916003 4 9 2 10 8 7 6 1 3 5 
20180916004 3 10 8 2 7 6 5 4 9 1 
20180916005 8 9 1 4 7 6 2 10 3 5 
20180916006 1 4 2 3 8 7 5 10 6 9 
20180916007 1 3 7 4 5 9 10 6 8 2 
20180916008 9 2 8 3 4 6 1 5 10 7 
20180916009 6 3 2 4 1 9 7 10 5 8 
20180916010 4 1 5 10 7 3 6 9 8 2 
20180916011 5 1 10 2 9 6 3 4 7 8 
20180916012 10 4 3 1 7 2 8 9 6 5 
20180916013 6 5 4 2 1 10 3 8 7 9 
20180916014 5 2 7 3 8 6 9 4 1 10 
20180916015 6 7 1 8 10 2 3 5 9 4 
20180916016 9 6 7 4 3 10 8 2 1 5 
20180916017 9 1 7 10 2 8 4 5 6 3 
20180916018 3 5 7 10 1 8 2 4 6 9 
20180916019 3 5 4 6 10 8 2 7 1 9 
20180916020 7 2 1 8 5 4 9 6 3 10 
20180916021 7 9 1 10 6 4 3 5 8 2 
20180916022 3 5 6 7 1 2 4 8 9 10 
20180916023 1 2 6 3 9 10 8 5 4 7 
20180916024 8 5 2 4 7 9 6 1 3 10 
20180916025 3 2 1 9 6 4 10 7 5 8 
20180916026 8 6 1 3 5 2 9 10 7 4 
20180916027 6 7 1 8 10 3 9 4 2 5 
20180916028 5 7 6 9 10 3 8 1 2 4 
20180916029 5 7 8 1 4 2 9 6 3 10 
20180916030 6 2 3 5 9 7 10 1 8 4 
20180916031 9 5 1 6 2 7 4 8 3 10 
20180916032 4 5 6 3 2 10 7 8 1 9 
20180916033 2 10 6 3 9 7 5 8 4 1 
20180916034 6 5 7 1 10 2 9 3 4 8 
20180916035 3 2 4 10 7 5 1 8 9 6 
20180916036 9 1 7 5 6 10 4 8 3 2 
20180916037 2 4 7 1 10 6 5 8 3 9 
20180916038 8 1 3 4 5 2 7 6 9 10 
20180916039 10 8 4 1 5 3 9 6 7 2 
20180916040 9 1 8 6 5 10 4 7 3 2 
20180916041 6 7 8 4 3 1 10 9 2 5 
20180916042 4 5 7 1 6 2 9 3 10 8 
20180916043 5 4 7 8 10 6 2 9 1 3 
20180916044 6 3 9 4 8 10 5 2 7 1 
20180916045 1 6 10 3 9 5 4 7 2 8 
20180916046 2 3 1 8 9 10 6 4 7 5 
20180916047 1 5 4 3 9 6 2 7 8 10 
20180916048 5 4 6 10 3 9 8 1 2 7 
20180916049 7 10 5 3 8 4 6 2 1 9 
20180916050 4 3 5 6 1 8 7 10 2 9 
20180916051 8 10 3 9 7 2 5 1 4 6 
20180916052 9 7 3 6 4 5 10 8 1 2 
20180916053 10 7 4 2 6 9 1 3 5 8 
20180916054 5 3 1 9 7 4 10 2 8 6 
20180916055 2 5 7 4 8 1 10 9 3 6 
20180916056 9 2 1 4 7 10 5 8 3 6 
20180916057 8 10 2 5 7 9 3 4 6 1 
20180916058 10 3 9 7 5 8 2 6 1 4 
20180916059 5 4 7 8 10 9 2 3 1 6 
20180916060 2 9 6 5 3 10 8 1 7 4 
20180916061 6 3 1 5 9 7 8 4 10 2 
20180916062 10 2 9 7 5 6 8 1 3 4 
20180916063 9 3 10 4 2 7 5 8 6 1 
20180916064 9 10 2 7 8 4 1 6 5 3 
20180916065 2 9 1 4 5 10 8 6 3 7 
20180916066 5 1 6 3 8 10 4 7 2 9 
20180916067 5 6 7 4 1 10 2 8 3 9 
20180916068 2 6 7 9 5 10 8 4 1 3 
20180916069 6 4 3 2 10 8 5 7 1 9 
20180916070 8 5 4 3 9 1 10 2 7 6 
20180916071 3 6 1 5 8 2 10 4 9 7 
20180916072 5 6 10 7 8 4 9 3 1 2 
20180916073 10 2 7 3 6 8 9 5 4 1 
20180916074 10 2 6 4 8 5 3 9 1 7 
20180916075 1 3 8 9 10 4 7 6 5 2 
20180916076 8 3 2 4 9 5 10 1 7 6 
20180916077 4 5 2 9 1 7 10 3 8 6 
20180916078 6 9 2 10 1 8 4 7 3 5 
20180916079 5 3 7 10 8 9 1 4 2 6 
20180916080 3 6 10 1 5 4 9 8 2 7 
20180916081 1 5 7 4 3 6 2 10 8 9 
20180916082 1 2 9 5 10 4 6 8 7 3 
20180916083 3 9 10 4 2 7 6 1 8 5 
20180916084 5 10 2 4 9 3 8 6 1 7 
20180916085 3 6 2 8 10 7 1 5 4 9 
20180916086 2 6 8 5 3 4 10 1 7 9 
20180916087 1 4 7 3 9 8 6 2 5 10 
20180916088 4 5 3 6 9 2 8 1 7 10 
20180916089 3 7 5 10 9 8 2 4 6 1 
20180916090 10 8 1 9 4 3 2 6 5 7 
20180916091 9 2 10 4 3 8 7 6 1 5 
20180916092 10 5 9 2 6 4 3 1 7 8 
20180916093 7 5 10 8 2 1 6 4 3 9 
20180916094 6 10 4 1 8 2 5 7 9 3 
20180916095 6 7 2 1 8 3 9 4 5 10 
20180916096 5 9 3 8 4 1 2 10 6 7 
20180916097 1 3 8 4 5 2 9 7 10 6 
20180916098 10 2 5 7 9 3 4 8 6 1 
20180916099 10 7 5 8 3 2 1 4 6 9 
20180916100 5 10 1 3 2 9 7 4 8 6 
20180916101 1 5 10 2 8 9 4 3 6 7 
20180916102 9 2 10 5 8 3 7 6 1 4 
20180916103 1 10 9 6 4 2 8 5 3 7 
20180916104 2 5 7 1 4 6 10 9 8 3 
20180916105 10 2 6 9 7 8 5 4 1 3 
20180916106 10 4 8 3 6 7 9 2 5 1 
20180916107 2 10 7 3 6 8 1 4 5 9 
20180916108 9 4 5 7 8 6 10 1 3 2 
20180916109 10 9 1 6 3 4 5 8 7 2 
20180916110 9 2 10 4 1 6 3 8 5 7 
20180916111 8 7 5 10 1 2 4 6 3 9 
20180916112 5 3 9 7 1 2 8 6 10 4 
20180916113 9 1 8 5 2 10 4 7 3 6 
20180916114 2 9 3 5 4 7 10 1 8 6 
20180916115 10 9 6 1 5 7 8 4 2 3 
20180916116 5 2 9 7 1 4 3 10 8 6 
20180916117 9 3 8 6 4 5 7 2 1 10 
20180916118 7 1 5 10 2 8 9 4 6 3 
20180916119 2 8 10 5 6 1 3 4 9 7 
20180916120 1 5 6 10 3 8 2 9 7 4 
20180916121 5 4 9 7 10 6 3 2 8 1 
20180916122 8 6 4 2 7 9 1 10 5 3 
20180916123 2 7 8 9 3 10 6 5 4 1 
20180916124 1 9 5 3 8 2 10 7 6 4 
20180916125 4 2 3 1 6 10 5 7 9 8 
20180916126 8 7 1 4 3 10 2 9 6 5 
20180916127 10 8 3 6 4 1 5 2 9 7 
20180916128 10 8 9 1 6 3 4 7 2 5 
20180916129 1 2 9 5 7 10 3 8 4 6 
20180916130 5 7 3 4 9 2 6 1 10 8 
20180916131 5 1 3 6 2 9 10 4 7 8 
20180916132 6 5 7 3 2 1 8 9 10 4 
20180916133 8 2 10 1 3 5 6 4 9 7 
20180916134 1 8 9 2 10 5 3 6 4 7 
20180916135 9 5 3 8 4 1 7 10 6 2 
20180916136 6 1 8 7 9 4 3 5 10 2 
20180916137 10 1 3 7 5 2 8 9 4 6 
20180916138 9 6 3 1 8 10 5 2 4 7 
20180916139 9 5 3 7 8 6 4 10 2 1 
20180916140 1 2 9 7 4 6 10 8 5 3 
20180916141 7 9 4 6 1 3 5 2 10 8 
20180916142 3 6 5 1 10 7 8 9 4 2 
20180916143 5 7 2 10 4 6 9 1 3 8 
20180916144 4 2 10 8 7 9 6 3 1 5 
20180916145 1 10 2 3 7 4 6 9 5 8 
20180916146 1 10 8 7 4 6 5 3 2 9 
20180916147 9 7 2 5 8 1 10 6 4 3 
20180916148 2 1 5 6 8 10 9 3 7 4 
20180916149 7 4 10 3 1 6 8 9 5 2 
20180916150 7 10 3 9 8 4 1 6 5 2 
20180916151 7 3 1 9 8 10 2 6 5 4 
20180916152 2 9 5 7 1 4 8 6 3 10 
20180916153 7 3 4 6 8 9 1 2 5 10 
20180916154 1 7 5 9 10 2 6 8 4 3 
20180916155 7 2 3 1 8 10 4 9 5 6 
20180916156 8 10 6 7 1 9 2 4 3 5 
20180916157 2 10 8 1 9 4 3 5 7 6 
20180916158 4 9 6 2 8 5 3 1 10 7 
20180916159 4 10 2 5 8 9 6 3 7 1 
20180916160 6 9 2 5 3 7 4 10 1 8 
20180916161 3 8 9 6 5 1 7 2 4 10 
20180916162 3 4 1 7 2 6 5 9 10 8 
20180916163 7 8 6 10 3 5 2 4 1 9 
20180916164 10 2 1 8 5 4 3 6 7 9 
20180916165 7 4 9 8 6 3 10 2 1 5 
20180916166 10 6 7 1 4 3 8 9 5 2 
20180916167 7 6 9 5 10 8 4 1 3 2 
20180916168 5 8 4 6 2 9 7 1 10 3 
20180916169 10 2 1 4 5 8 9 6 3 7 
20180916170 2 4 8 5 10 9 3 7 1 6 
20180916171 6 2 3 1 7 5 10 8 9 4 
20180916172 2 6 1 10 3 5 4 7 9 8 
20180916173 5 3 7 9 1 10 6 8 2 4 
20180916174 10 9 6 1 8 3 2 4 7 5 
20180916175 6 7 9 10 4 2 1 8 3 5 
20180916176 5 4 2 9 10 6 8 7 1 3 
20180916177 3 7 2 4 9 5 1 10 8 6 
20180916178 5 4 8 10 3 6 7 2 1 9 
20180916179 4 9 2 1 7 6 10 5 8 3 
20180916180 9 4 6 7 3 2 5 8 1 10 
20180916181 4 8 9 10 5 1 3 7 2 6 
20180916182 5 2 3 10 4 8 7 1 9 6 
20180916183 2 7 3 6 1 9 4 5 10 8 
20180916184 3 1 8 5 7 2 10 6 9 4 
20180916185 1 3 5 4 2 9 7 6 10 8 
20180916186 5 10 7 8 1 3 6 9 2 4 
20180916187 6 10 4 7 5 3 8 1 2 9 
20180916188 3 9 1 8 2 6 10 4 5 7 
20180916189 5 9 6 8 4 10 1 2 7 3 
20180916190 1 5 4 10 3 9 8 6 7 2 
20180916191 5 7 6 8 4 10 3 2 9 1 
20180916192 5 1 6 8 2 3 4 10 9 7 
20180916193 7 8 10 9 5 1 4 3 6 2 
20180916194 5 9 4 10 1 2 6 3 8 7 
20180916195 10 9 3 8 4 1 5 2 6 7 
20180916196 3 2 9 8 10 5 1 7 4 6 
20180916197 2 5 10 9 7 8 3 4 6 1 
20180916198 8 6 1 9 7 4 2 5 10 3 
20180916199 9 3 10 5 4 6 8 2 1 7 
20180916200 2 5 1 8 6 7 3 9 4 10 
20180916201 3 2 10 1 4 7 9 5 6 8 
20180916202 2 9 8 7 3 10 1 6 5 4 
20180916203 5 2 4 7 6 9 1 8 3 10 
20180916204 10 7 6 1 2 3 5 9 8 4 
20180916205 1 9 8 5 7 4 3 6 10 2 
20180916206 5 2 4 9 3 7 10 1 6 8 
20180916207 3 2 4 6 9 8 1 7 5 10 
20180916208 5 8 10 1 9 6 3 2 4 7 
20180916209 1 7 6 2 10 3 8 5 4 9 
20180916210 6 7 4 10 5 8 9 1 3 2 
20180916211 3 6 10 5 2 1 8 4 9 7 
20180916212 9 1 6 5 10 2 3 4 8 7 
20180916213 2 10 5 3 1 9 8 7 6 4 
20180916214 6 4 3 7 8 10 9 1 5 2 
20180916215 8 1 3 9 6 10 4 5 7 2 
20180916216 6 3 8 5 1 10 7 4 9 2 
20180916217 3 2 6 1 7 10 4 5 8 9 
20180916218 2 8 1 10 4 9 7 3 5 6 
20180916219 8 10 6 7 9 1 2 3 4 5 
20180916220 9 8 10 7 4 3 1 2 6 5 
20180916221 8 9 5 4 10 3 2 6 1 7 
20180916222 6 3 10 9 7 1 2 8 5 4 
20180916223 4 9 6 8 2 10 7 5 3 1 
20180916224 7 6 1 8 9 4 3 5 10 2 
20180916225 5 2 4 6 1 10 7 9 3 8 
20180916226 8 5 9 6 4 1 2 7 3 10 
20180916227 8 10 4 3 5 1 2 9 6 7 
20180916228 8 7 5 3 9 1 10 2 6 4 
20180916229 3 2 5 6 10 1 4 8 9 7 
20180916230 1 7 8 3 5 6 9 2 4 10 
20180916231 1 9 6 7 8 3 5 10 2 4 
20180916232 6 7 2 9 4 10 1 3 5 8 
20180916233 5 9 6 4 7 10 1 3 8 2 
20180916234 8 4 3 7 6 5 2 1 10 9 
20180916235 10 2 9 5 8 3 4 1 6 7 
20180916236 4 9 5 1 2 6 8 10 7 3 
20180916237 2 10 1 6 8 7 4 9 5 3 
20180916238 9 5 1 4 6 3 2 7 8 10 
20180916239 10 1 5 2 8 6 9 4 7 3 
20180916240 8 2 6 7 5 4 1 3 10 9 
20180916241 10 8 1 2 4 5 7 9 3 6 
20180916242 2 8 4 3 9 5 7 1 6 10 
20180916243 1 2 8 6 4 5 3 7 9 10 
20180916244 9 6 4 7 5 3 10 1 8 2 
20180916245 9 5 4 10 6 1 8 7 2 3 
20180916246 8 6 10 1 2 3 7 9 4 5 
20180916247 2 4 9 3 1 5 7 6 8 10 
20180916248 6 2 7 10 1 4 3 9 5 8 
20180916249 6 5 3 7 8 4 10 2 1 9 
20180916250 2 5 6 8 9 7 10 4 3 1 
20180916251 1 10 8 2 5 4 6 7 9 3 
20180916252 9 3 7 6 10 4 5 8 2 1 
20180916253 5 8 2 6 10 7 9 3 4 1 
20180916254 8 1 5 6 9 4 7 10 2 3 
20180916255 7 5 9 6 1 2 10 8 3 4 
20180916256 7 8 2 3 10 1 5 4 9 6 
20180916257 5 7 4 8 9 1 2 3 6 10 
20180916258 2 6 10 4 1 8 3 7 9 5 
20180916259 5 10 2 8 7 9 6 4 3 1 
20180916260 2 9 8 10 1 5 3 6 7 4 
20180916261 7 9 2 5 6 3 1 8 10 4 
20180916262 8 10 2 7 3 4 6 9 5 1 
20180916263 6 8 9 1 3 5 7 2 4 10 
20180916264 2 8 5 4 10 3 6 1 7 9 
20180916265 7 8 5 3 6 10 4 1 9 2 
20180916266 9 7 6 5 1 2 8 3 10 4 
20180916267 8 6 5 2 3 7 1 4 10 9 
20180916268 9 1 10 4 3 6 2 8 5 7 
20180916269 6 10 3 8 2 5 7 4 9 1 
20180916270 5 7 10 9 2 3 6 1 8 4 
20180916271 2 6 3 10 8 1 7 9 4 5 
20180916272 4 5 2 1 10 3 8 9 6 7 
20180916273 3 1 5 6 8 7 2 9 10 4 
20180916274 8 1 5 3 9 4 7 2 6 10 
20180916275 8 2 7 4 10 6 9 1 5 3 
20180916276 4 5 3 1 9 2 10 6 7 8 
20180916277 1 10 3 4 8 9 7 5 2 6 
20180916278 6 8 9 1 10 3 4 2 7 5 
20180916279 4 2 3 8 6 9 1 7 10 5 
20180916280 5 8 7 10 2 3 1 6 4 9 
20180916281 4 7 8 3 6 1 5 2 10 9 
20180916282 7 6 8 1 10 3 5 4 2 9 
20180916283 7 6 2 1 9 10 5 3 4 8 
20180916284 1 9 8 3 10 7 6 5 4 2 
20180916285 6 2 4 3 5 8 10 1 9 7 
20180916286 3 6 4 9 8 2 10 5 1 7 
20180916287 5 10 9 6 8 3 2 4 1 7 
20180916288 8 10 9 3 5 7 4 2 6 1 
20180916289 2 1 8 4 3 9 7 10 6 5 
20180916290 4 3 9 10 2 5 7 8 1 6 
20180916291 4 6 3 8 9 1 2 10 5 7 
20180916292 7 5 10 4 8 9 2 6 3 1 
20180916293 3 6 4 2 5 8 1 9 7 10 
20180916294 10 2 5 3 6 4 8 9 7 1 
20180916295 1 9 6 10 8 5 3 7 4 2 
20180916296 10 8 9 4 6 2 7 1 3 5 
20180916297 7 5 1 6 4 10 3 8 9 2 
20180916298 6 7 5 8 2 9 3 10 1 4 
20180916299 6 5 8 9 7 1 2 3 10 4 
20180916300 3 6 7 1 10 5 2 8 9 4 
20180916301 9 1 8 2 3 10 7 6 5 4 
20180916302 4 6 5 1 10 9 2 8 7 3 
20180916303 9 5 2 1 8 6 4 10 7 3 
20180916304 2 4 5 8 7 9 10 6 3 1 
20180916305 2 7 8 3 4 10 9 5 1 6 
20180916306 9 3 8 6 1 10 4 2 7 5 
20180916307 6 9 7 2 1 10 4 3 8 5 
20180916308 4 2 10 8 9 6 3 7 5 1 
20180916309 5 2 7 6 4 3 8 10 1 9 
20180916310 1 5 10 3 7 8 2 9 4 6 
20180916311 5 6 3 10 7 1 4 2 9 8 
20180916312 4 3 10 6 5 2 8 9 7 1 
20180916313 1 6 2 3 10 8 7 5 9 4 
20180916314 2 8 1 7 4 10 3 5 6 9 
20180916315 10 8 9 5 2 4 7 6 1 3 
20180916316 7 8 3 10 1 6 9 5 2 4 
20180916317 8 2 5 9 1 4 7 6 10 3 
20180916318 8 9 3 7 10 2 5 6 1 4 
20180916319 3 10 5 9 8 6 1 2 7 4 
20180916320 6 2 1 4 8 3 10 7 9 5 
20180916321 3 8 9 2 7 1 4 10 6 5 
20180916322 7 10 2 9 5 6 4 3 1 8 
20180916323 9 4 3 5 7 10 8 6 1 2 
20180916324 5 1 10 6 8 7 3 4 9 2 
20180916325 7 10 4 1 2 8 5 9 3 6 
20180916326 2 8 7 1 10 4 6 3 9 5 
20180916327 9 4 3 5 2 10 6 8 7 1 
20180916328 9 4 8 2 3 5 7 10 1 6 
20180916329 2 5 4 1 6 9 7 10 8 3 
20180916330 2 9 8 6 3 5 10 1 4 7 
20180916331 10 9 8 5 2 4 1 7 3 6 
20180916332 2 10 6 4 9 7 1 8 3 5 
20180916333 5 1 3 2 8 6 4 10 7 9 
20180916334 9 5 1 6 4 8 3 2 10 7 
20180916335 3 10 5 7 6 4 9 2 1 8 
20180916336 9 1 3 7 2 10 8 5 4 6 
20180916337 3 5 2 9 10 7 4 1 6 8 
20180916338 8 2 4 9 1 5 3 6 7 10 
20180916339 7 10 3 8 5 9 6 4 2 1 
20180916340 4 7 2 3 6 1 8 10 5 9 
20180916341 1 8 7 9 2 4 10 5 3 6 
20180916342 3 10 6 8 5 2 1 4 9 7 
20180916343 10 1 3 9 2 7 4 8 5 6 
20180916344 10 3 2 9 7 4 6 1 5 8 
20180916345 9 4 3 5 1 7 2 6 8 10 
20180916346 3 9 4 2 10 1 5 6 7 8 
20180916347 4 5 2 9 1 8 3 10 7 6 
20180916348 6 4 9 10 2 5 1 7 8 3 
20180916349 9 3 1 6 4 10 7 8 2 5 
20180916350 3 7 4 6 9 10 8 5 2 1 
20180916351 10 1 7 3 9 6 4 2 8 5 
20180916352 4 10 8 9 7 3 1 6 2 5 
20180916353 2 10 3 5 6 9 8 1 7 4 
20180916354 4 9 7 5 8 10 3 1 2 6 
20180916355 7 4 5 9 10 2 6 1 3 8 
20180916356 4 1 6 10 5 7 8 2 9 3 
20180916357 4 9 5 6 8 1 7 10 3 2 
20180916358 10 8 5 9 2 4 6 7 3 1 
20180916359 10 7 5 6 3 4 8 1 2 9 
20180916360 6 1 7 2 10 5 9 3 4 8 
20180916361 3 8 10 1 5 6 9 7 2 4 
20180916362 10 2 1 8 7 3 6 9 4 5 
20180916363 6 1 8 2 10 9 7 5 4 3 
20180916364 3 2 4 5 10 8 6 7 1 9 
20180916365 1 5 3 7 4 6 9 2 8 10 
20180916366 4 9 2 7 5 3 6 8 1 10 
20180916367 2 4 3 7 9 10 8 5 1 6 
20180916368 9 2 5 1 7 8 10 3 4 6 
20180916369 10 3 1 9 7 8 6 4 2 5 
20180916370 1 7 5 9 2 10 4 8 3 6 
20180916371 5 3 7 4 10 9 6 1 2 8 
20180916372 6 3 4 8 10 1 9 2 5 7 
20180916373 4 10 5 8 3 6 7 9 1 2 
20180916374 4 9 5 6 7 10 8 1 3 2 
20180916375 4 2 7 8 10 6 5 3 9 1 
20180916376 1 2 7 6 8 4 3 10 5 9 
20180916377 8 7 5 1 6 4 10 2 9 3 
20180916378 10 6 3 5 2 1 4 8 9 7 
20180916379 4 10 5 2 6 8 9 7 3 1 
20180916380 8 4 10 2 7 1 3 9 5 6 
20180916381 10 7 1 6 2 8 9 5 3 4 
20180916382 1 3 7 8 4 2 10 6 5 9 
20180916383 9 4 7 6 8 2 1 10 5 3 
20180916384 2 10 4 1 5 7 8 3 9 6 
20180916385 4 5 7 3 6 10 2 8 1 9 
20180916386 1 5 9 2 4 3 8 6 10 7 
20180916387 8 2 1 9 7 3 4 5 6 10 
20180916388 1 5 8 10 9 7 4 6 2 3 
20180916389 1 5 3 4 8 7 2 10 9 6 
20180916390 4 5 10 1 2 8 6 9 3 7 
20180916391 10 6 1 5 4 9 8 2 3 7 
20180916392 6 9 10 3 8 5 4 7 1 2 
20180916393 5 3 10 4 9 6 7 2 1 8 
20180916394 6 2 9 5 10 8 4 7 1 3 
20180916395 9 5 2 1 6 4 3 8 7 10 
20180916396 1 4 3 7 8 2 9 5 10 6 
20180916397 4 5 9 1 6 2 3 7 8 10 
20180916398 8 4 10 5 7 9 3 2 1 6 
20180916399 2 10 3 7 1 8 4 6 5 9 
20180916400 3 7 8 9 1 5 10 4 2 6 
20180916401 10 5 4 1 6 7 3 2 9 8 
20180916402 1 5 9 3 2 8 6 4 7 10 
20180916403 5 2 9 1 6 8 7 4 10 3 
20180916404 5 3 2 4 10 9 6 7 8 1 
20180916405 9 7 10 1 2 8 6 4 3 5 
20180916406 6 2 5 4 8 3 10 7 9 1 
20180916407 8 6 5 10 1 7 4 9 3 2 
20180916408 8 4 10 2 3 9 7 5 1 6 
20180916409 9 4 10 3 5 6 1 8 2 7 
20180916410 2 8 3 5 1 7 6 4 9 10 
20180916411 7 1 2 8 5 9 10 3 6 4 
20180916412 6 8 9 5 10 1 2 7 3 4 
20180916413 2 9 3 6 4 8 1 10 7 5 
20180916414 1 10 9 5 8 3 7 4 2 6 
20180916415 6 3 5 7 10 1 2 8 9 4 
20180916416 9 10 3 1 2 4 8 6 5 7 
20180916417 3 6 5 8 1 7 4 10 2 9 
20180916418 10 1 7 2 6 8 4 5 3 9 
20180916419 8 1 2 4 3 5 6 10 7 9 
20180916420 7 1 4 6 9 2 8 10 5 3 
20180916421 5 4 9 2 10 3 1 7 8 6 
20180916422 4 10 2 1 3 8 7 6 5 9 
20180916423 7 5 8 10 2 6 9 3 4 1 
20180916424 9 8 3 4 1 5 2 10 6 7 
20180916425 7 1 4 9 10 3 6 8 2 5 
20180916426 10 1 2 9 5 3 6 8 4 7 
20180916427 7 5 3 4 9 8 1 6 2 10 
20180916428 4 2 5 1 3 9 6 10 7 8 
20180916429 6 10 9 5 2 3 8 4 1 7 
20180916430 6 9 3 10 8 5 2 7 1 4 
20180916431 9 8 10 2 3 1 4 5 7 6 
20180916432 8 9 5 7 3 2 4 6 10 1 
20180916433 8 3 10 6 4 7 5 1 9 2 
20180916434 9 6 7 8 1 10 2 3 5 4 
20180916435 7 9 4 3 6 10 5 8 2 1 
20180916436 2 7 6 9 10 1 4 8 5 3 
20180916437 3 4 2 9 8 5 10 7 6 1 
20180916438 8 4 10 1 5 6 2 9 7 3 
20180916439 1 3 4 10 8 9 2 5 7 6 
20180916440 9 2 1 4 3 10 5 6 8 7 
20180916441 2 8 9 10 7 5 4 1 3 6 
20180916442 2 1 5 10 7 3 6 8 9 4 
20180916443 4 3 7 9 8 1 10 2 5 6 
20180916444 4 1 2 9 10 8 6 5 7 3 
20180916445 2 8 6 10 7 9 5 3 4 1 
20180916446 5 7 4 6 9 10 1 8 2 3 
20180916447 3 10 4 6 1 7 5 9 2 8 
20180916448 10 4 8 9 7 5 2 6 3 1 
20180916449 1 5 10 7 6 8 4 9 3 2 
20180916450 1 10 4 9 7 5 2 8 3 6 
20180916451 2 6 8 9 5 10 1 3 7 4 
20180916452 8 2 3 4 1 6 7 5 10 9 
20180916453 3 5 10 4 8 2 9 1 7 6 
20180916454 8 6 2 7 1 9 4 3 10 5 
20180916455 10 5 9 8 1 2 7 4 6 3 
20180916456 10 4 8 2 9 1 7 3 5 6 
20180916457 7 1 8 10 2 9 5 6 3 4 
20180916458 2 9 7 1 3 5 4 10 6 8 
20180916459 4 3 7 6 8 1 10 2 9 5 
20180916460 8 3 7 6 5 4 9 1 2 10 
20180916461 1 6 8 2 3 5 9 7 4 10 
20180916462 5 1 8 10 3 6 9 7 4 2 
20180916463 10 8 6 4 5 7 1 2 3 9 
20180916464 2 10 6 8 5 9 3 4 7 1 
20180916465 3 2 4 1 5 10 9 7 6 8 
20180916466 5 6 1 7 4 3 9 2 8 10 
20180916467 3 7 8 1 10 2 5 6 9 4 
20180916468 1 10 2 3 8 4 7 9 6 5 
20180916469 2 7 3 10 9 5 4 1 8 6 
20180916470 9 7 4 1 8 3 5 6 10 2 
20180916471 9 6 5 3 1 7 2 4 10 8 
20180916472 6 10 4 9 8 1 5 7 2 3 
20180916473 9 5 8 4 1 7 10 3 2 6 
20180916474 3 2 8 7 10 9 6 4 5 1 
20180916475 10 6 3 9 2 7 1 5 4 8 
20180916476 5 9 10 8 1 2 6 3 7 4 
20180916477 8 10 5 7 3 4 1 2 6 9 
20180916478 7 5 2 9 10 4 1 6 3 8 
20180916479 10 3 8 2 1 4 9 6 5 7 
20180916480 3 1 9 4 8 5 2 10 7 6 
20180916481 10 4 1 8 5 2 6 3 7 9 
20180916482 1 9 2 5 3 10 4 8 7 6 
20180916483 3 6 1 4 8 5 9 10 2 7 
20180916484 1 2 4 7 9 8 5 6 3 10 
20180916485 10 5 6 7 2 9 1 3 8 4 
20180916486 7 2 8 9 1 5 10 3 6 4 
20180916487 2 6 10 8 3 1 4 9 5 7 
20180916488 10 6 1 2 7 8 3 5 9 4 
20180916489 8 3 2 9 7 1 4 5 6 10 
20180916490 7 3 10 9 2 8 5 1 4 6 
20180916491 2 1 9 5 10 8 3 4 6 7 
20180916492 3 1 5 4 8 9 10 2 6 7 
20180916493 4 7 9 10 5 2 3 1 6 8 
20180916494 6 8 9 2 1 10 7 5 4 3 
20180916495 2 7 6 8 10 5 3 9 1 4 
20180916496 8 6 2 5 3 10 1 9 4 7 
20180916497 9 4 2 7 1 3 5 10 6 8 
20180916498 2 5 8 10 6 9 4 7 3 1 
20180916499 2 6 9 3 1 10 5 4 7 8 
20180916500 6 5 10 3 8 1 9 7 4 2 
20180916501 5 8 9 4 1 6 7 3 2 10 
20180916502 7 10 8 5 2 6 3 9 4 1 
20180916503 6 3 8 7 4 9 10 5 1 2 
20180916504 4 1 5 7 8 9 2 3 6 10 
20180916505 9 1 6 3 2 8 10 7 4 5 
20180916506 9 8 3 1 5 7 4 6 2 10 
20180916507 8 4 7 10 3 1 9 2 6 5 
20180916508 4 5 7 6 8 10 2 1 9 3 
20180916509 10 7 3 4 5 6 9 8 1 2 
20180916510 9 8 10 4 3 6 2 5 1 7 
20180916511 4 9 7 3 1 6 8 5 2 10 
20180916512 10 9 7 2 8 5 3 6 4 1 
20180916513 2 6 4 10 8 5 3 7 9 1 
20180916514 10 1 4 5 7 6 2 8 9 3 
20180916515 5 7 8 10 6 1 2 9 3 4 
20180916516 4 7 9 5 1 6 3 2 10 8 
20180916517 6 7 9 2 3 10 1 4 5 8 
20180916518 1 6 9 10 4 2 5 7 3 8 
20180916519 5 3 10 8 2 6 9 1 7 4 
20180916520 2 4 6 9 8 5 10 3 7 1 
20180916521 3 9 8 10 1 7 2 5 4 6 
20180916522 5 3 2 4 6 1 9 8 10 7 
20180916523 2 10 7 4 1 6 5 8 9 3 
20180916524 7 4 10 2 3 5 8 9 1 6 
20180916525 9 2 7 4 10 1 3 5 8 6 
20180916526 8 3 4 7 5 9 6 1 2 10 
20180916527 5 2 6 3 7 9 1 10 8 4 
20180916528 9 3 5 10 1 2 7 8 6 4 
20180916529 6 7 10 3 4 8 2 9 5 1 
20180916530 3 10 5 2 8 1 6 9 7 4 
20180916531 9 1 4 5 3 10 8 7 6 2 
20180916532 2 3 8 4 6 10 7 5 1 9 
20180916533 2 7 4 3 9 5 10 1 6 8 
20180916534 2 4 10 7 8 9 3 1 5 6 
20180916535 3 5 7 10 8 4 1 2 6 9 
20180916536 2 10 3 7 6 5 4 8 9 1 
20180916537 8 7 9 5 4 6 1 10 2 3 
20180916538 9 1 8 4 2 3 6 5 7 10 
20180916539 8 6 5 10 1 2 3 7 4 9 
20180916540 6 9 2 5 3 8 4 1 7 10 
20180916541 6 8 10 2 3 7 5 9 4 1 
20180916542 1 7 5 4 3 10 6 9 8 2 
20180916543 8 4 7 3 1 10 2 9 5 6 
20180916544 2 7 3 6 8 5 1 10 4 9 
20180916545 7 1 2 4 8 10 9 6 5 3 
20180916546 5 1 7 9 6 3 2 4 8 10 
20180916547 5 4 8 7 10 3 1 2 9 6 
20180916548 4 9 10 2 6 1 7 5 3 8 
20180916549 7 5 8 4 9 6 10 1 2 3 
20180916550 2 4 3 10 6 7 8 9 5 1 
20180916551 5 10 9 8 7 4 6 1 2 3 
20180916552 1 2 5 9 4 8 6 7 10 3 
20180916553 9 7 4 5 3 6 8 10 2 1 
20180916554 1 9 3 10 5 2 7 8 6 4 
20180916555 2 7 1 4 5 8 3 10 6 9 
20180916556 7 5 4 1 3 9 8 2 10 6 
20180916557 7 10 3 9 4 8 6 1 5 2 
20180916558 2 3 9 4 5 10 6 7 1 8 
20180916559 8 6 3 2 4 1 7 9 10 5 
20180916560 4 3 7 6 9 1 2 8 10 5 
20180916561 2 9 8 6 5 4 10 7 1 3 
20180916562 5 4 9 8 1 6 7 3 2 10 
20180916563 8 10 6 1 9 5 4 7 2 3 
20180916564 4 7 3 6 8 9 10 1 5 2 
20180916565 10 5 9 6 1 4 3 8 7 2 
20180916566 10 9 6 3 7 5 1 2 8 4 
20180916567 8 2 4 5 7 6 9 1 3 10 
20180916568 4 3 10 9 8 7 2 5 1 6 
20180916569 8 2 4 10 5 1 7 3 6 9 
20180916570 1 3 8 9 4 2 5 7 6 10 
20180916571 8 3 9 4 5 10 1 2 7 6 
20180916572 8 4 10 2 7 1 6 3 9 5 
20180916573 1 5 8 3 9 10 7 4 6 2 
20180916574 6 7 4 3 2 1 9 8 10 5 
20180916575 8 7 10 5 4 9 3 2 6 1 
20180916576 6 3 9 5 2 8 4 10 1 7 
20180916577 10 5 9 8 3 1 7 4 6 2 
20180916578 9 5 2 1 6 10 4 3 8 7 
20180916579 4 3 5 2 7 6 10 8 9 1 
20180916580 9 8 4 10 7 3 5 6 1 2 
20180916581 1 5 3 7 10 9 2 6 4 8 
20180916582 10 8 6 5 9 3 2 1 4 7 
20180916583 1 5 4 3 9 8 2 6 10 7 
20180916584 3 2 5 4 1 9 6 10 8 7 
20180916585 9 3 8 4 5 6 2 7 10 1 
20180916586 2 9 6 5 4 7 3 8 10 1 
20180916587 3 6 5 4 9 7 1 8 10 2 
20180916588 5 9 1 8 6 4 3 2 7 10 
20180916589 1 3 6 8 9 2 10 5 7 4 
20180916590 8 2 4 9 3 6 7 1 10 5 
20180916591 6 1 8 9 7 2 3 5 4 10 
20180916592 7 3 2 8 5 1 10 4 9 6 
20180916593 2 4 6 7 8 3 9 10 1 5 
20180916594 2 10 4 9 3 6 5 7 8 1 
20180916595 6 1 2 10 3 7 8 9 4 5 
20180916596 8 9 4 3 5 1 10 2 6 7 
20180916597 9 2 10 4 8 6 7 3 5 1 
20180916598 4 8 3 1 10 2 5 6 7 9 
20180916599 3 10 2 4 6 8 5 7 1 9 
20180916600 4 7 10 1 3 2 9 5 8 6 
20180916601 8 5 4 1 7 3 9 10 6 2 
20180916602 1 9 10 7 6 4 2 8 5 3 
20180916603 2 8 1 5 4 9 7 10 3 6 
20180916604 1 9 10 6 7 4 5 8 2 3 
20180916605 8 10 4 3 9 7 6 1 5 2 
20180916606 7 4 1 8 2 5 6 3 10 9 
20180916607 5 9 8 7 10 2 6 4 3 1 
20180916608 3 5 2 1 4 7 8 6 9 10 
20180916609 10 1 6 8 7 2 4 3 5 9 
20180916610 2 9 10 5 1 8 7 3 6 4 
20180916611 4 9 5 7 8 2 1 10 3 6 
20180916612 4 2 1 6 3 5 8 9 10 7 
20180916613 1 9 7 4 10 6 3 8 2 5 
20180916614 5 4 2 9 8 10 6 3 1 7 
20180916615 9 4 10 3 8 5 2 6 7 1 
20180916616 1 6 7 3 8 9 2 10 4 5 
20180916617 10 6 2 7 1 3 9 8 4 5 
20180916618 1 8 6 2 3 4 9 7 10 5 
20180916619 3 8 2 10 4 6 1 5 7 9 
20180916620 3 7 4 2 10 9 6 1 8 5 
20180916621 4 5 8 3 7 1 9 10 2 6 
20180916622 6 10 4 7 5 1 8 2 3 9 
20180916623 1 5 8 4 2 3 10 6 7 9 
20180916624 9 3 8 6 7 2 5 10 4 1 
20180916625 4 2 9 3 8 1 6 7 10 5 
20180916626 6 3 1 7 5 4 2 8 10 9 
20180916627 10 6 8 5 9 7 2 3 4 1 
20180916628 4 7 3 8 10 6 2 5 1 9 
20180916629 10 2 8 6 9 7 3 1 4 5 
20180916630 5 3 1 8 7 9 10 4 2 6 
20180916631 8 5 9 4 10 2 3 7 1 6 
20180916632 3 2 1 7 9 10 6 8 5 4 
20180916633 1 5 4 10 8 7 3 6 9 2 
20180916634 8 3 7 10 4 6 5 2 9 1 
20180916635 6 3 10 2 1 4 9 8 7 5 
20180916636 3 7 2 6 4 1 5 9 8 10 
20180916637 10 8 5 2 4 9 3 6 1 7 
20180916638 4 1 2 8 9 10 6 3 7 5 
20180916639 4 2 3 1 7 10 6 5 9 8 
20180916640 7 6 3 4 9 8 1 5 2 10 
20180916641 7 2 10 4 8 5 1 6 9 3 
20180916642 4 9 1 6 8 3 2 7 5 10 
20180916643 2 1 8 6 9 4 10 3 5 7 
20180916644 1 6 5 10 8 3 7 9 2 4 
20180916645 8 7 4 1 6 3 9 10 5 2 
20180916646 3 2 4 8 7 10 5 6 9 1 
20180916647 7 5 10 3 2 6 8 9 1 4 
20180916648 1 4 7 5 2 9 3 8 6 10 
20180916649 9 3 1 4 8 7 6 5 10 2 
20180916650 8 3 5 9 6 10 7 2 4 1 
20180916651 2 6 9 5 3 4 7 1 8 10 
20180916652 3 9 1 4 7 6 5 10 8 2 
20180916653 6 9 3 8 5 2 1 10 4 7 
20180916654 1 9 4 2 5 3 6 8 10 7 
20180916655 1 8 2 6 7 5 10 3 9 4 
20180916656 3 4 7 8 6 10 1 5 9 2 
20180916657 8 2 1 3 7 4 6 5 9 10 
20180916658 3 9 1 10 5 7 2 6 4 8 
20180916659 6 3 4 5 9 10 8 2 7 1 
20180916660 5 4 7 9 6 2 3 1 8 10 
20180916661 4 5 2 3 7 8 6 10 1 9 
20180916662 2 7 3 10 5 4 9 1 8 6 
20180916663 10 3 2 9 1 5 6 7 4 8 
20180916664 3 6 2 7 1 8 4 5 10 9 
20180916665 2 3 1 10 9 5 6 7 4 8 
20180916666 9 8 6 3 4 2 5 7 10 1 
20180916667 4 2 10 7 1 6 8 3 5 9 
20180916668 2 4 1 9 3 8 6 10 5 7 
20180916669 2 4 1 9 8 7 3 5 6 10 
20180916670 3 1 6 8 9 7 4 5 10 2 
20180916671 2 10 8 9 1 4 7 3 6 5 
20180916672 1 8 6 9 7 10 2 5 4 3 
20180916673 7 6 4 1 10 2 9 5 3 8 
20180916674 10 3 5 7 8 9 2 6 4 1 
20180916675 7 4 9 8 5 2 6 3 1 10 
20180916676 6 9 8 10 5 3 2 1 4 7 
20180916677 10 3 1 9 8 7 6 2 4 5 
20180916678 6 2 9 10 4 8 7 3 1 5 
20180916679 1 8 7 5 2 6 9 10 3 4 
20180916680 3 4 9 5 8 10 1 2 7 6 
20180916681 5 2 8 10 4 9 6 1 3 7 
20180916682 4 3 5 7 8 1 2 6 10 9 
20180916683 2 5 1 3 7 6 8 10 4 9 
20180916684 8 5 6 4 10 3 1 9 2 7 
20180916685 8 5 4 9 10 2 7 3 1 6 
20180916686 6 4 7 1 2 10 5 3 9 8 
20180916687 9 3 7 4 2 1 8 5 10 6 
20180916688 4 1 9 8 2 6 3 10 7 5 
20180916689 2 4 5 3 1 7 10 6 9 8 
20180916690 10 9 7 6 1 2 3 8 4 5 
20180916691 1 3 8 10 4 5 2 9 7 6 
20180916692 4 5 8 3 2 1 9 6 7 10 
20180916693 9 5 3 1 4 6 7 10 8 2 
20180916694 1 9 3 4 7 10 8 5 2 6 
20180916695 1 9 3 7 2 6 5 8 10 4 
20180916696 9 3 7 8 6 1 4 2 10 5 
20180916697 9 7 6 5 4 3 10 1 2 8 
20180916698 7 8 4 6 3 9 10 5 2 1 
20180916699 6 10 8 4 2 9 7 5 3 1 
20180916700 2 10 6 8 5 4 9 7 3 1 
20180916701 6 8 3 7 10 2 9 4 1 5 
20180916702 6 10 1 7 4 3 8 2 5 9 
20180916703 8 3 1 4 6 7 2 9 10 5 
20180916704 8 3 5 9 4 2 10 7 1 6 
20180916705 3 9 1 6 5 10 4 7 2 8 
20180916706 7 1 5 10 8 3 6 4 9 2 
20180916707 7 4 9 3 8 10 6 5 1 2 
20180916708 7 3 8 5 9 6 4 10 1 2 
20180916709 2 4 5 9 1 7 3 10 8 6 
20180916710 3 4 8 2 5 9 1 10 6 7 
20180916711 4 8 7 9 10 2 3 6 5 1 
20180916712 4 10 1 7 9 5 3 8 6 2 
20180916713 2 4 9 3 1 5 7 10 6 8 
20180916714 5 1 9 8 10 3 2 4 7 6 
20180916715 5 1 4 2 10 3 9 6 7 8 
20180916716 3 6 9 2 5 4 1 10 7 8 
20180916717 1 10 2 3 8 4 5 9 7 6 
20180916718 5 8 6 1 4 2 9 7 3 10 
20180916719 9 1 7 4 6 10 2 5 3 8 
20180916720 9 3 6 4 7 2 5 10 1 8 
20180916721 10 2 4 1 8 6 9 3 7 5 
20180916722 4 9 2 8 3 1 7 10 6 5 
20180916723 10 1 4 2 6 5 8 3 9 7 
20180916724 4 1 2 7 9 6 5 8 3 10 
20180916725 3 4 7 1 6 2 10 5 9 8 
20180916726 4 3 2 8 9 5 1 7 10 6 
20180916727 4 3 7 9 8 1 6 5 10 2 
20180916728 1 4 6 2 10 7 9 8 3 5 
20180916729 7 3 8 5 1 4 2 10 9 6 
20180916730 3 1 9 8 6 5 2 7 4 10 
20180916731 4 5 7 2 8 10 9 3 6 1 
20180916732 9 5 1 4 7 8 3 6 2 10 
20180916733 2 5 6 3 9 7 8 1 4 10 
20180916734 2 9 3 6 7 1 5 4 10 8 
20180916735 1 3 8 9 10 7 5 4 2 6 
20180916736 5 6 3 1 8 2 9 7 10 4 
20180916737 7 8 3 4 1 5 10 9 2 6 
20180916738 9 2 7 1 5 6 8 3 10 4 
20180916739 2 8 9 6 5 1 7 10 4 3 
20180916740 9 8 6 4 3 2 10 7 5 1 
20180916741 5 9 6 2 1 3 8 10 7 4 
20180916742 10 4 8 6 9 3 1 7 2 5 
20180916743 10 9 3 7 5 8 4 6 2 1 
20180916744 9 5 7 4 10 1 8 2 6 3 
20180916745 10 2 9 3 4 6 1 7 5 8 
20180916746 9 3 2 7 6 8 5 10 1 4 
20180916747 1 3 5 4 10 2 8 9 7 6 
20180916748 9 8 6 1 5 3 10 4 2 7 
20180916749 6 8 3 9 5 2 10 1 4 7 
20180916750 2 9 3 1 8 7 10 6 4 5 
20180916751 5 8 1 3 2 6 4 10 9 7 
20180916752 10 7 1 3 5 6 9 8 4 2 
20180916753 3 6 7 8 10 5 1 2 9 4 
20180916754 10 7 1 4 3 8 5 6 9 2 
20180916755 3 1 2 6 7 5 10 9 4 8 
20180916756 3 1 8 2 7 9 4 10 5 6 
20180916757 8 1 10 7 9 4 6 5 2 3 
20180916758 4 5 10 7 1 8 9 6 2 3 
20180916759 3 8 5 1 6 2 7 10 4 9 
20180916760 7 10 2 9 1 5 3 6 4 8 
20180916761 2 5 4 7 1 9 3 8 10 6 
20180916762 6 8 10 7 1 5 4 9 2 3 
20180916763 6 5 1 9 3 7 4 10 8 2 
20180916764 9 5 2 3 4 6 7 1 8 10 
20180916765 2 1 9 4 8 3 10 7 6 5 
20180916766 10 6 5 7 1 4 8 3 2 9 
20180916767 2 10 6 9 4 3 8 1 5 7 
20180916768 1 4 8 2 9 3 10 6 5 7 
20180916769 4 9 1 2 3 5 8 6 7 10 
20180916770 3 4 2 9 8 5 10 6 1 7 
20180916771 10 6 2 3 1 9 5 8 4 7 
20180916772 1 7 6 4 3 8 9 2 10 5 
20180916773 9 2 5 8 4 3 7 10 1 6 
20180916774 8 5 1 9 4 6 7 10 3 2 
20180916775 5 2 4 3 7 10 8 6 1 9 
20180916776 3 4 10 7 1 8 6 9 2 5 
20180916777 4 9 8 2 1 10 6 3 7 5 
20180916778 1 8 7 10 4 5 9 6 2 3 
20180916779 1 2 4 6 10 5 3 8 7 9 
20180916780 3 9 4 5 6 7 2 1 8 10 
20180916781 2 8 7 3 4 9 10 1 5 6 
20180916782 3 6 9 8 2 1 7 5 4 10 
20180916783 10 2 9 4 7 5 8 1 3 6 
20180916784 4 10 7 1 2 3 8 6 9 5 
20180916785 2 5 1 4 6 3 9 10 8 7 
20180916786 8 6 5 2 4 3 10 7 9 1 
20180916787 9 3 5 4 10 1 8 7 2 6 
20180916788 2 6 9 4 7 1 3 10 8 5 
20180916789 5 3 8 6 10 7 9 1 4 2 
20180916790 7 3 2 8 10 1 4 9 6 5 
20180916791 10 6 8 5 4 9 3 1 7 2 
20180916792 9 4 5 6 10 1 2 7 3 8 
20180916793 5 2 9 4 7 3 8 10 1 6 
20180916794 4 6 1 7 2 10 9 5 3 8 
20180916795 5 9 6 3 8 7 2 10 1 4 
20180916796 10 4 9 6 7 5 1 8 2 3 
20180916797 8 10 3 5 4 2 6 1 9 7 
20180916798 3 5 9 8 6 1 4 7 2 10 
20180916799 5 7 2 4 6 3 10 9 1 8 
20180916800 3 8 6 9 4 10 5 2 1 7 
20180916801 4 7 6 9 10 1 8 2 3 5 
20180916802 1 7 9 4 10 2 8 5 3 6 
20180916803 7 9 10 8 5 6 2 1 3 4 
20180916804 7 1 6 10 3 9 8 4 2 5 
20180916805 3 2 7 1 9 10 4 8 6 5 
20180916806 4 6 10 8 3 9 7 1 5 2 
20180916807 9 8 7 3 2 6 1 10 5 4 
20180916808 7 9 10 1 5 4 3 6 8 2 
20180916809 2 8 7 5 6 9 3 1 10 4 
20180916810 3 4 8 9 1 2 6 10 5 7 
20180916811 2 4 3 7 10 6 9 1 8 5 
20180916812 8 3 4 5 9 10 1 7 6 2 
20180916813 7 5 8 9 6 1 3 2 10 4 
20180916814 10 4 8 9 5 7 3 6 1 2 
20180916815 8 6 9 7 4 3 2 1 10 5 
20180916816 1 10 2 7 4 3 9 8 6 5 
20180916817 10 8 6 2 7 1 3 5 4 9 
20180916818 4 10 1 2 5 3 7 6 9 8 
20180916819 7 10 2 6 5 8 9 1 4 3 
20180916820 10 5 4 1 8 3 2 7 9 6 
20180916821 9 5 4 3 7 6 2 1 8 10 
20180916822 8 10 4 6 9 7 3 1 2 5 
20180916823 10 2 4 5 9 1 3 6 8 7 
20180916824 4 5 2 8 9 6 7 3 1 10 
20180916825 9 4 8 6 5 2 1 10 3 7 
20180916826 4 3 7 1 8 5 2 10 9 6 
20180916827 4 2 3 8 7 10 6 5 9 1 
20180916828 10 3 9 1 7 2 6 5 8 4 
20180916829 10 2 5 8 3 9 6 1 7 4 
20180916830 3 7 1 9 4 6 10 5 8 2 
20180916831 8 7 5 4 9 10 6 2 1 3 
20180916832 8 1 6 2 3 5 10 7 9 4 
20180916833 7 4 1 10 2 9 6 3 8 5 
20180916834 7 8 9 3 2 5 4 10 6 1 
20180916835 4 5 10 2 7 3 8 1 9 6 
20180916836 9 6 7 4 2 5 8 1 3 10 
20180916837 1 8 10 7 4 6 5 2 3 9 
20180916838 4 7 9 3 10 8 5 2 6 1 
20180916839 7 3 8 4 5 9 6 2 1 10 
20180916840 9 1 10 8 4 6 3 7 2 5 
20180916841 7 9 10 8 1 3 2 4 5 6 
20180916842 1 4 7 5 2 9 8 10 3 6 
20180916843 9 7 5 4 6 3 8 2 10 1 
20180916844 5 1 7 2 9 8 4 6 10 3 
20180916845 7 1 6 2 3 8 9 5 4 10 
20180916846 1 5 3 7 2 8 4 9 10 6 
20180916847 4 8 5 3 1 9 7 2 6 10 
20180916848 2 5 9 8 6 7 3 10 1 4 
20180916849 9 6 5 2 8 3 4 1 7 10 
20180916850 1 2 4 3 7 6 5 9 8 10 
20180916851 9 3 1 6 10 8 5 2 7 4 
20180916852 6 7 1 8 3 9 4 5 2 10 
20180916853 2 8 10 5 3 9 1 4 6 7 
20180916854 2 6 10 1 5 3 7 8 9 4 
20180916855 8 6 9 1 3 4 10 5 7 2 
20180916856 5 3 1 9 6 7 4 8 2 10 
20180916857 7 4 10 6 9 2 8 5 3 1 
20180916858 7 6 4 10 8 9 1 2 5 3 
20180916859 9 10 6 2 5 3 1 7 4 8 
20180916860 7 4 5 2 1 10 8 9 3 6 
20180916861 10 4 9 3 5 7 2 8 1 6 
20180916862 3 2 5 4 10 7 6 1 8 9 
20180916863 10 3 1 7 8 9 4 2 5 6 
20180916864 7 3 10 2 6 1 5 4 9 8 
20180916865 6 7 8 1 2 3 5 10 9 4 
20180916866 1 4 9 2 7 5 6 8 3 10 
20180916867 4 3 6 2 10 8 5 9 7 1 
20180916868 7 6 2 5 1 3 10 8 9 4 
20180916869 4 6 1 3 10 5 8 9 2 7 
20180916870 9 7 2 6 1 3 10 4 5 8 
20180916871 3 7 6 1 9 4 8 2 10 5 
20180916872 8 6 3 10 2 4 7 5 9 1 
20180916873 10 2 5 9 8 4 6 1 7 3 
20180916874 5 6 2 7 9 3 10 8 1 4 
20180916875 3 5 1 2 4 9 7 10 8 6 
20180916876 6 2 8 9 1 3 7 5 10 4 
20180916877 5 7 9 2 8 1 10 6 3 4 
20180916878 8 2 5 7 10 4 3 1 6 9 
20180916879 4 6 3 9 1 5 10 8 7 2 
20180916880 7 6 2 5 9 4 10 3 1 8 
20180916881 7 3 4 10 6 2 8 5 1 9 
20180916882 1 5 6 2 3 8 4 9 7 10 
20180916883 10 7 9 3 1 6 2 8 5 4 
20180916884 3 8 4 9 5 1 7 10 6 2 
20180916885 2 8 6 5 3 10 4 7 1 9 
20180916886 4 2 10 7 1 6 5 3 8 9 
20180916887 2 5 10 8 9 4 6 1 3 7 
20180916888 4 5 7 3 1 10 9 2 8 6 
20180916889 6 7 10 5 8 9 4 2 1 3 
20180916890 6 3 2 5 10 9 4 1 8 7 
20180916891 1 5 2 9 7 4 10 6 8 3 
20180916892 8 10 4 7 3 2 6 9 5 1 
20180916893 4 6 2 10 8 3 7 9 1 5 
20180916894 1 7 4 5 9 8 10 6 3 2 
20180916895 9 8 3 5 2 10 1 7 4 6 
20180916896 5 2 10 7 4 9 1 6 3 8 
20180916897 2 9 10 4 6 1 5 3 7 8 
20180916898 9 8 5 7 6 3 10 4 1 2 
20180916899 5 9 8 3 1 6 4 7 10 2 
20180916900 9 7 1 5 2 3 8 4 10 6 
20180916901 10 8 9 5 7 2 1 3 4 6 
20180916902 7 5 4 3 2 8 6 10 9 1 
20180916903 10 3 8 2 9 5 4 1 6 7 
20180916904 8 4 6 2 3 7 1 9 10 5 
20180916905 2 6 1 3 4 9 7 5 10 8 
20180916906 3 7 4 5 1 6 8 10 2 9 
20180916907 1 7 3 9 8 6 10 4 2 5 
20180916908 4 5 2 9 1 7 6 8 3 10 
20180916909 10 6 3 1 9 4 8 2 7 5 
20180916910 9 2 5 4 1 7 3 8 10 6 
20180916911 6 5 7 2 3 8 9 4 1 10 
20180916912 1 6 7 2 3 5 10 4 8 9 
20180916913 9 3 4 1 6 8 7 5 2 10 
20180916914 3 2 1 4 9 8 6 5 10 7 
20180916915 6 4 2 10 9 3 7 8 1 5 
20180916916 1 10 7 2 9 8 5 3 6 4 
20180916917 4 9 2 10 5 8 6 3 1 7 
20180916918 8 3 4 7 6 2 1 5 10 9 
20180916919 9 2 8 7 4 10 3 6 5 1 
20180916920 9 5 1 8 3 6 7 10 2 4 
20180916921 9 8 5 7 1 10 6 3 4 2 
20180916922 4 6 10 1 2 8 7 5 3 9 
20180916923 1 7 9 6 10 4 8 5 2 3 
20180916924 4 3 2 6 8 9 1 5 7 10 
20180916925 7 8 1 4 10 3 5 9 2 6 
20180916926 7 4 10 6 1 9 3 5 2 8 
20180916927 7 5 3 6 10 1 2 4 9 8 
20180916928 1 4 7 2 6 5 8 10 3 9 
20180916929 4 10 7 8 6 5 9 3 1 2 
20180916930 4 6 2 7 9 5 10 8 1 3 
20180916931 2 7 10 8 4 1 6 9 3 5 
20180916932 6 1 10 4 2 9 5 7 3 8 
20180916933 3 2 6 10 5 7 1 4 8 9 
20180916934 6 9 1 3 7 4 8 2 10 5 
20180916935 1 5 4 6 7 3 2 8 10 9 
20180916936 7 8 3 6 2 4 5 10 9 1 
20180916937 2 5 10 3 1 7 8 6 9 4 
20180916938 1 6 7 9 10 3 5 4 8 2 
20180916939 8 4 9 5 10 7 6 3 2 1 
20180916940 2 4 7 8 3 6 9 5 10 1 
20180916941 10 2 5 1 6 7 9 3 4 8 
20180916942 10 3 1 7 2 5 8 4 6 9 
20180916943 2 10 3 5 6 4 7 9 8 1 
20180916944 5 4 9 10 6 8 7 3 2 1 
20180916945 1 6 9 8 5 2 7 4 3 10 
20180916946 10 6 5 3 9 7 1 2 4 8 
20180916947 7 10 8 1 6 4 2 3 9 5 
20180916948 4 3 1 5 10 8 7 9 2 6 
20180916949 3 8 1 10 6 2 9 5 7 4 
20180916950 4 9 3 1 8 6 7 5 2 10 
20180916951 9 8 5 3 2 10 6 7 4 1 
20180916952 6 10 2 9 7 8 4 3 1 5 
20180916953 7 8 6 1 4 5 9 10 2 3 
20180916954 10 6 5 4 3 2 8 1 9 7 
20180916955 10 7 5 3 9 6 8 2 4 1 
20180916956 5 10 1 2 3 9 8 7 4 6 
20180916957 8 4 7 9 3 6 10 1 5 2 
20180916958 7 6 1 3 10 9 4 2 8 5 
20180916959 5 4 9 2 10 7 6 3 8 1 
20180916960 6 8 4 2 3 7 9 10 5 1 
20180916961 1 4 10 2 6 5 7 3 8 9 
20180916962 3 9 1 8 10 5 2 7 6 4 
20180916963 5 4 6 9 2 8 7 10 3 1 
20180916964 7 6 8 10 5 1 2 4 9 3 
20180916965 10 2 5 8 6 4 9 7 1 3 
20180916966 2 6 3 10 9 7 1 4 5 8 
20180916967 10 5 8 9 2 3 7 6 4 1 
20180916968 9 5 8 10 6 7 4 1 2 3 
20180916969 10 4 5 1 7 9 2 3 6 8 
20180916970 6 4 3 5 9 1 7 2 8 10 
20180916971 1 9 3 10 4 8 5 7 6 2 
20180916972 4 3 7 1 6 5 10 8 2 9 
20180916973 5 8 6 2 10 3 4 9 1 7 
20180916974 9 1 2 3 7 5 6 4 8 10 
20180916975 10 5 1 3 2 6 9 7 8 4 
20180916976 2 8 4 3 7 5 10 1 9 6 
20180916977 8 5 7 2 1 9 3 10 6 4 
20180916978 2 1 8 10 5 6 9 3 7 4 
20180916979 3 2 8 6 4 1 10 9 5 7 
20180916980 1 6 4 5 3 10 2 7 9 8 
20180916981 7 10 3 5 9 1 4 8 2 6 
20180916982 5 3 2 8 1 4 6 10 7 9 
20180916983 3 5 6 10 2 4 7 1 9 8 
20180916984 1 7 8 5 6 2 4 9 10 3 
20180916985 1 8 4 3 5 10 9 6 7 2 
20180917001 2 4 6 10 7 3 8 5 9 1 
