20180917002 1 4 3 2 8 9 7 6 10 5 
20180917003 1 3 9 2 4 6 8 10 7 5 
20180917004 7 3 10 5 9 6 1 4 2 8 
20180917005 7 2 6 4 5 1 10 8 3 9 
20180917006 9 2 1 8 6 10 4 3 5 7 
20180917007 3 10 4 2 5 1 7 8 6 9 
20180917008 5 8 6 3 7 1 2 4 9 10 
20180917009 8 1 9 4 3 10 7 2 5 6 
20180917010 7 5 2 10 8 1 3 6 4 9 
20180917011 8 7 6 3 1 9 5 4 2 10 
20180917012 1 10 8 5 3 9 6 2 4 7 
20180917013 5 3 1 4 10 6 2 8 9 7 
20180917014 7 8 5 3 10 2 9 4 1 6 
20180917015 5 7 10 3 8 2 6 9 1 4 
20180917016 4 10 8 5 7 3 9 2 6 1 
20180917017 5 9 6 1 7 3 4 8 2 10 
20180917018 5 4 6 7 8 3 9 2 1 10 
20180917019 9 1 2 8 6 10 7 5 3 4 
20180917020 5 9 4 8 2 7 1 3 10 6 
20180917021 9 1 4 10 5 2 8 6 3 7 
20180917022 4 8 9 1 5 10 7 2 3 6 
20180917023 5 2 6 7 3 10 4 8 9 1 
20180917024 9 5 3 1 6 10 2 8 7 4 
20180917025 6 10 7 1 2 5 8 3 4 9 
20180917026 7 1 10 8 5 6 3 9 2 4 
20180917027 10 4 8 7 5 1 2 9 6 3 
20180917028 7 6 9 10 1 2 3 8 5 4 
20180917029 6 1 2 10 8 9 7 4 5 3 
20180917030 6 7 1 4 9 2 5 10 3 8 
20180917031 10 8 3 9 5 4 2 6 1 7 
20180917032 7 8 2 10 9 4 6 5 1 3 
20180917033 8 10 9 4 7 2 1 6 3 5 
20180917034 9 7 2 5 6 10 3 8 1 4 
20180917035 5 10 4 9 2 1 6 7 3 8 
20180917036 8 4 7 3 9 2 6 1 10 5 
20180917037 6 7 2 4 1 9 8 10 5 3 
20180917038 4 7 2 1 10 8 9 6 3 5 
20180917039 10 7 6 4 9 8 5 2 3 1 
20180917040 7 5 3 6 2 10 8 1 9 4 
20180917041 8 10 6 4 3 2 1 5 7 9 
20180917042 1 4 9 3 8 7 2 6 5 10 
20180917043 2 6 10 8 3 7 5 1 4 9 
20180917044 10 2 9 8 7 5 1 6 4 3 
20180917045 4 6 3 8 5 2 10 9 7 1 
20180917046 2 8 9 1 6 4 10 5 7 3 
20180917047 6 7 9 2 1 5 10 4 3 8 
20180917048 5 10 9 1 3 6 4 2 7 8 
20180917049 5 2 3 7 9 8 1 4 6 10 
20180917050 6 2 5 9 3 1 8 7 10 4 
20180917051 8 7 9 5 3 1 10 6 2 4 
20180917052 4 1 7 5 2 9 6 10 8 3 
20180917053 10 5 1 8 6 9 3 4 7 2 
20180917054 4 10 5 8 9 2 7 1 6 3 
20180917055 5 8 9 7 1 6 2 10 3 4 
20180917056 9 7 6 4 5 3 8 10 1 2 
20180917057 9 2 7 10 6 4 5 8 1 3 
20180917058 8 2 4 6 10 1 9 7 3 5 
20180917059 4 8 3 6 5 9 7 1 10 2 
20180917060 10 7 4 9 5 2 6 1 8 3 
20180917061 1 7 4 8 5 6 3 10 9 2 
20180917062 9 5 3 6 8 10 7 4 2 1 
20180917063 8 1 9 3 2 5 4 6 7 10 
20180917064 10 2 5 4 6 3 9 1 7 8 
20180917065 4 3 6 8 1 5 2 9 7 10 
20180917066 6 4 8 5 7 2 1 9 10 3 
20180917067 1 9 6 2 5 7 4 10 8 3 
20180917068 6 3 2 4 5 9 10 8 7 1 
20180917069 4 3 6 7 9 5 2 10 8 1 
20180917070 7 2 9 10 8 5 1 6 3 4 
20180917071 4 10 2 3 5 8 9 1 6 7 
20180917072 10 3 2 5 1 9 6 8 4 7 
20180917073 2 1 4 8 9 10 3 5 7 6 
20180917074 9 5 3 7 1 10 4 2 8 6 
20180917075 5 1 9 6 10 4 8 7 3 2 
20180917076 10 1 3 7 9 4 2 6 5 8 
20180917077 3 8 10 4 1 5 2 9 7 6 
20180917078 7 5 9 8 2 1 4 10 6 3 
20180917079 7 3 8 4 9 10 6 5 2 1 
20180917080 5 7 2 8 9 3 4 1 10 6 
20180917081 6 2 1 9 5 7 4 10 3 8 
20180917082 4 9 5 3 2 6 8 1 10 7 
20180917083 3 10 2 6 8 9 4 1 7 5 
20180917084 5 10 7 8 1 3 4 2 9 6 
20180917085 2 3 1 8 9 5 6 10 4 7 
20180917086 4 9 3 6 7 2 8 10 5 1 
20180917087 6 9 10 2 8 5 7 1 4 3 
20180917088 9 6 7 1 3 2 5 4 8 10 
20180917089 6 3 9 10 5 8 1 4 2 7 
20180917090 4 1 10 3 8 7 5 9 6 2 
20180917091 2 10 1 7 8 4 3 5 9 6 
20180917092 10 7 5 4 2 1 9 8 6 3 
20180917093 4 8 2 1 9 3 10 7 5 6 
20180917094 9 10 7 4 3 8 5 6 1 2 
20180917095 1 7 2 8 4 10 5 9 6 3 
20180917096 2 1 9 5 4 8 10 3 6 7 
20180917097 6 1 4 9 3 5 10 7 8 2 
20180917098 5 8 9 10 3 1 4 2 6 7 
20180917099 2 9 8 6 1 3 7 10 5 4 
20180917100 8 4 5 7 6 9 2 3 1 10 
20180917101 9 1 10 4 5 6 3 7 8 2 
20180917102 1 6 10 9 3 5 8 4 7 2 
20180917103 5 4 2 3 6 10 8 7 9 1 
20180917104 3 10 4 1 6 9 2 7 8 5 
20180917105 5 9 3 8 2 6 4 1 7 10 
20180917106 1 9 3 7 2 6 5 4 10 8 
20180917107 10 3 1 8 6 5 4 9 7 2 
20180917108 6 1 10 2 4 7 9 3 8 5 
20180917109 2 1 10 3 7 4 5 8 6 9 
20180917110 1 8 5 4 10 6 7 3 2 9 
20180917111 2 9 8 5 10 4 3 7 6 1 
20180917112 10 8 7 2 5 6 3 4 9 1 
20180917113 10 7 9 1 2 5 6 3 4 8 
20180917114 1 3 6 4 8 5 2 10 7 9 
20180917115 5 2 6 1 7 10 8 3 4 9 
20180917116 5 2 8 7 1 3 6 4 10 9 
20180917117 8 4 6 10 9 5 2 1 3 7 
20180917118 4 10 2 8 9 5 7 3 1 6 
20180917119 6 7 3 2 10 8 9 4 5 1 
20180917120 1 5 3 2 8 9 10 6 7 4 
20180917121 8 7 10 5 2 9 6 4 1 3 
20180917122 9 1 8 10 6 7 2 5 4 3 
20180917123 4 2 5 9 8 6 7 3 1 10 
20180917124 1 7 10 3 5 9 8 2 4 6 
20180917125 8 9 7 5 1 6 4 10 2 3 
20180917126 7 3 8 1 6 5 9 4 2 10 
20180917127 6 1 8 9 5 7 3 10 4 2 
20180917128 6 4 5 8 2 1 3 10 7 9 
20180917129 10 3 5 6 2 9 1 7 4 8 
20180917130 8 1 6 7 10 2 9 5 4 3 
20180917131 10 6 9 5 3 7 4 1 2 8 
20180917132 5 1 7 8 6 9 2 3 10 4 
20180917133 6 7 9 4 1 10 3 5 2 8 
20180917134 9 8 3 7 1 10 2 4 5 6 
20180917135 6 8 9 10 2 5 7 3 4 1 
20180917136 2 4 9 5 3 10 1 8 7 6 
20180917137 2 1 10 9 7 6 8 3 4 5 
20180917138 6 8 7 4 10 5 1 3 2 9 
20180917139 10 3 5 1 4 8 7 9 2 6 
20180917140 7 3 9 6 4 8 2 1 10 5 
20180917141 6 7 10 9 4 1 5 2 8 3 
20180917142 3 8 1 9 7 6 2 5 4 10 
20180917143 3 10 7 8 2 5 9 4 1 6 
20180917144 2 3 8 7 5 1 6 10 4 9 
20180917145 3 8 1 9 2 5 10 4 7 6 
20180917146 2 6 3 7 4 1 5 9 10 8 
20180917147 2 4 7 3 8 1 9 6 10 5 
20180917148 9 2 3 4 10 7 5 1 8 6 
20180917149 1 10 8 6 5 2 7 9 4 3 
20180917150 8 10 3 5 7 2 1 4 6 9 
20180917151 5 4 10 9 3 1 6 7 8 2 
20180917152 2 6 8 4 5 1 10 9 7 3 
20180917153 10 1 3 4 9 5 7 2 6 8 
20180917154 2 10 9 7 8 5 4 6 3 1 
20180917155 1 6 7 2 9 8 10 4 3 5 
20180917156 1 7 2 3 4 6 9 10 8 5 
20180917157 10 1 7 8 4 2 9 3 5 6 
20180917158 9 8 7 1 4 10 5 3 6 2 
20180917159 4 3 10 7 9 8 6 2 1 5 
20180917160 10 4 7 3 6 5 1 9 2 8 
20180917161 6 5 2 10 9 8 1 3 4 7 
20180917162 9 10 8 5 1 6 7 4 2 3 
20180917163 4 3 2 5 6 8 9 1 7 10 
20180917164 10 8 4 1 9 5 6 3 2 7 
20180917165 8 10 1 9 5 6 7 2 4 3 
20180917166 1 4 10 9 6 5 7 2 3 8 
20180917167 6 7 8 4 9 5 2 10 3 1 
20180917168 6 2 1 5 9 10 4 3 8 7 
20180917169 7 3 8 9 1 6 4 5 2 10 
20180917170 7 2 3 1 8 4 9 10 6 5 
20180917171 5 4 1 7 3 10 8 2 9 6 
20180917172 9 2 8 10 4 3 6 7 1 5 
20180917173 9 8 7 4 6 2 3 10 1 5 
20180917174 3 7 4 6 2 5 10 9 1 8 
20180917175 3 8 10 4 1 9 6 2 5 7 
20180917176 8 5 10 1 6 9 4 3 2 7 
20180917177 9 10 7 6 4 2 5 8 1 3 
20180917178 2 8 5 1 6 10 7 4 9 3 
20180917179 3 7 10 4 9 2 5 1 6 8 
20180917180 9 10 6 4 7 5 3 2 8 1 
20180917181 1 10 9 7 2 6 4 3 5 8 
20180917182 4 5 10 2 6 8 1 7 9 3 
20180917183 3 4 7 5 10 8 2 6 1 9 
20180917184 1 8 6 7 5 3 9 10 4 2 
20180917185 2 9 1 6 4 3 5 7 8 10 
20180917186 7 6 1 8 2 3 9 10 5 4 
20180917187 1 5 6 2 10 7 4 8 3 9 
20180917188 4 7 9 6 5 3 2 10 1 8 
20180917189 8 3 1 10 7 6 2 4 9 5 
20180917190 7 6 10 9 5 8 2 1 4 3 
20180917191 5 3 2 8 6 1 7 9 10 4 
20180917192 1 7 4 9 2 5 10 6 8 3 
20180917193 9 4 8 1 5 3 7 2 10 6 
20180917194 7 8 3 1 2 9 4 10 6 5 
20180917195 6 4 7 9 5 8 1 10 2 3 
20180917196 2 9 3 8 5 1 7 10 6 4 
20180917197 6 4 10 3 7 1 9 2 5 8 
20180917198 4 8 7 6 3 1 10 5 9 2 
20180917199 7 9 6 4 2 3 1 8 10 5 
20180917200 6 5 8 7 10 1 4 3 2 9 
20180917201 8 9 4 1 3 5 7 10 6 2 
20180917202 9 8 6 4 3 1 10 7 2 5 
20180917203 6 9 5 4 7 1 10 3 8 2 
20180917204 4 9 10 5 6 7 3 8 1 2 
20180917205 3 9 8 6 5 2 10 7 1 4 
20180917206 8 6 5 10 1 4 7 9 3 2 
20180917207 7 5 6 10 1 8 3 9 4 2 
20180917208 9 10 1 6 5 4 7 8 2 3 
20180917209 10 8 4 9 6 3 1 7 5 2 
20180917210 3 6 2 7 1 8 9 4 5 10 
20180917211 2 1 8 4 9 7 3 5 6 10 
20180917212 4 7 9 5 3 6 1 2 10 8 
20180917213 6 2 3 9 10 4 7 1 8 5 
20180917214 7 4 5 10 3 2 6 8 9 1 
20180917215 8 10 2 1 7 6 3 4 5 9 
20180917216 8 9 1 5 2 3 7 10 6 4 
20180917217 7 9 4 1 5 2 10 6 8 3 
20180917218 10 9 1 2 6 3 7 8 4 5 
20180917219 10 6 8 1 5 3 2 9 4 7 
20180917220 8 10 4 1 9 5 6 3 2 7 
20180917221 8 5 3 2 4 6 9 10 7 1 
20180917222 1 5 7 9 6 8 10 4 2 3 
20180917223 2 1 3 9 5 8 6 10 7 4 
20180917224 2 3 6 5 1 7 9 8 10 4 
20180917225 3 4 7 5 9 8 2 10 1 6 
20180917226 4 5 8 2 9 1 10 3 7 6 
20180917227 4 8 2 7 5 10 9 1 6 3 
20180917228 3 10 8 2 5 9 7 6 1 4 
20180917229 9 7 3 5 1 4 8 2 6 10 
20180917230 2 9 5 8 10 4 7 3 1 6 
20180917231 5 9 4 3 8 10 2 7 1 6 
20180917232 6 8 3 2 4 1 10 5 9 7 
20180917233 1 2 6 9 3 7 4 10 8 5 
20180917234 1 9 10 7 5 2 4 6 3 8 
20180917235 1 7 2 10 5 3 9 8 4 6 
20180917236 3 4 2 7 6 1 8 5 9 10 
20180917237 1 9 8 6 4 10 5 7 3 2 
20180917238 1 7 10 2 5 9 6 3 8 4 
20180917239 10 3 6 2 9 8 5 4 1 7 
20180917240 5 8 1 10 6 9 4 2 3 7 
20180917241 8 1 5 7 3 4 2 6 9 10 
20180917242 4 10 9 8 7 6 5 2 3 1 
20180917243 8 10 6 1 3 9 7 4 2 5 
20180917244 4 2 3 1 8 9 10 6 5 7 
20180917245 10 3 9 6 7 1 5 8 4 2 
20180917246 1 3 4 10 5 2 9 8 6 7 
20180917247 9 1 5 6 4 2 3 8 7 10 
20180917248 4 1 5 10 8 2 3 7 9 6 
20180917249 4 3 2 1 10 8 6 5 9 7 
20180917250 3 10 5 7 1 6 2 8 9 4 
20180917251 6 2 1 8 3 7 10 9 5 4 
20180917252 6 1 10 5 4 2 9 7 3 8 
20180917253 2 1 8 4 5 3 9 6 10 7 
20180917254 6 1 9 2 7 4 3 8 5 10 
20180917255 6 4 3 5 8 10 1 2 7 9 
20180917256 2 1 8 6 3 5 7 10 9 4 
20180917257 6 3 5 9 7 2 8 4 1 10 
20180917258 6 2 9 7 5 8 4 10 3 1 
20180917259 7 10 5 1 8 4 3 9 6 2 
20180917260 4 2 7 9 6 8 5 1 3 10 
20180917261 7 1 4 10 2 9 3 6 5 8 
20180917262 8 9 4 6 2 1 5 10 7 3 
20180917263 10 1 4 7 5 9 2 8 6 3 
20180917264 4 1 6 9 2 7 3 8 5 10 
20180917265 2 3 5 6 8 7 1 9 10 4 
20180917266 6 3 9 2 8 10 4 5 7 1 
20180917267 3 6 7 8 2 4 1 10 5 9 
20180917268 2 5 6 1 7 3 9 10 8 4 
20180917269 10 4 7 8 6 9 2 5 3 1 
20180917270 10 9 6 1 3 5 4 2 7 8 
20180917271 5 6 1 4 7 3 8 10 9 2 
20180917272 7 8 6 5 3 4 10 2 9 1 
20180917273 7 9 8 4 1 3 10 6 2 5 
20180917274 5 6 8 10 1 9 2 3 7 4 
20180917275 10 6 3 5 8 4 2 1 7 9 
20180917276 2 6 5 7 4 3 1 8 9 10 
20180917277 9 1 6 8 7 2 4 10 3 5 
20180917278 6 4 5 7 10 1 9 2 8 3 
20180917279 7 4 3 2 9 8 6 10 5 1 
20180917280 3 5 10 9 2 7 4 1 6 8 
20180917281 6 1 3 8 7 2 4 10 5 9 
20180917282 7 4 9 10 8 6 2 1 3 5 
20180917283 3 6 9 7 2 4 10 5 1 8 
20180917284 4 10 6 5 1 7 8 9 3 2 
20180917285 7 2 6 4 10 9 1 5 8 3 
20180917286 7 1 4 8 10 3 2 6 9 5 
20180917287 1 8 2 4 10 6 3 9 5 7 
20180917288 8 9 6 3 7 1 4 10 2 5 
20180917289 4 8 3 2 6 1 7 9 10 5 
20180917290 8 10 9 2 4 3 7 6 1 5 
20180917291 1 4 2 9 5 8 3 10 6 7 
20180917292 1 10 7 9 8 3 4 6 2 5 
20180917293 3 7 9 2 4 8 1 10 6 5 
20180917294 10 3 1 2 8 5 6 7 4 9 
20180917295 1 2 7 3 8 6 5 4 10 9 
20180917296 9 6 2 1 3 5 7 8 10 4 
20180917297 5 3 4 10 6 9 2 8 7 1 
20180917298 2 5 8 6 7 1 3 4 9 10 
20180917299 1 8 6 4 5 3 9 2 10 7 
20180917300 9 1 5 8 3 7 6 2 4 10 
20180917301 3 6 1 2 10 9 4 7 5 8 
20180917302 10 4 8 3 1 5 2 7 9 6 
20180917303 2 9 7 10 5 1 4 3 8 6 
20180917304 6 3 8 9 5 4 2 10 1 7 
20180917305 10 7 8 3 6 1 2 5 9 4 
20180917306 3 9 6 7 8 2 10 5 1 4 
20180917307 2 3 7 4 1 6 8 5 10 9 
20180917308 5 3 7 2 9 1 10 4 6 8 
20180917309 9 8 10 4 2 6 1 7 5 3 
20180917310 4 2 1 3 10 7 9 8 6 5 
20180917311 9 8 10 5 7 2 4 1 6 3 
20180917312 8 5 7 9 1 10 6 3 2 4 
20180917313 4 6 7 5 9 3 8 10 2 1 
20180917314 4 7 1 8 5 6 9 2 10 3 
20180917315 1 6 7 8 5 10 3 9 4 2 
20180917316 8 9 3 6 1 7 10 2 4 5 
20180917317 10 4 7 8 3 9 2 5 6 1 
20180917318 9 7 4 6 2 10 1 8 3 5 
20180917319 5 10 7 3 1 4 9 8 6 2 
20180917320 3 10 6 9 8 2 1 7 5 4 
20180917321 4 2 5 1 3 8 9 6 7 10 
20180917322 1 10 3 8 7 9 4 6 5 2 
20180917323 9 10 6 8 3 2 5 4 1 7 
20180917324 2 5 6 4 7 8 10 9 1 3 
20180917325 2 5 3 7 1 4 9 6 10 8 
20180917326 5 2 8 10 9 1 4 7 3 6 
20180917327 3 9 6 1 2 7 5 10 8 4 
20180917328 3 7 2 6 8 5 4 9 10 1 
20180917329 3 8 4 10 5 6 2 9 1 7 
20180917330 7 8 5 3 1 10 4 6 9 2 
20180917331 3 1 8 6 7 9 4 10 2 5 
20180917332 9 4 8 5 2 7 6 10 1 3 
20180917333 1 3 6 9 8 7 2 10 5 4 
20180917334 4 5 3 2 8 6 7 1 9 10 
20180917335 6 5 1 2 9 3 10 4 8 7 
20180917336 7 10 2 3 4 5 1 8 9 6 
20180917337 5 8 6 3 9 1 4 10 2 7 
20180917338 1 9 4 5 3 6 7 2 8 10 
20180917339 4 9 7 8 6 1 10 2 3 5 
20180917340 3 6 2 9 8 7 10 1 4 5 
20180917341 6 8 7 4 2 3 1 10 9 5 
20180917342 6 3 1 4 7 10 5 2 9 8 
20180917343 1 10 7 5 3 2 8 6 4 9 
20180917344 6 7 5 10 9 3 4 1 2 8 
20180917345 3 10 5 1 8 2 6 4 7 9 
20180917346 4 1 3 10 9 6 5 7 2 8 
20180917347 7 5 3 10 1 2 9 8 6 4 
20180917348 5 10 4 7 9 3 6 8 2 1 
20180917349 9 6 7 4 5 3 10 1 8 2 
20180917350 10 9 1 5 6 8 3 7 2 4 
20180917351 2 9 5 10 8 7 3 6 4 1 
20180917352 5 1 9 2 10 4 6 3 7 8 
20180917353 1 6 2 8 7 10 3 9 4 5 
20180917354 2 4 6 3 10 5 9 1 7 8 
20180917355 6 8 1 2 10 4 5 7 3 9 
20180917356 2 6 10 9 7 4 3 1 8 5 
20180917357 3 8 4 9 2 6 7 5 1 10 
20180917358 6 4 5 7 3 2 9 8 10 1 
20180917359 8 5 7 1 4 3 2 9 6 10 
20180917360 5 3 9 10 4 2 7 6 8 1 
20180917361 7 2 6 5 10 3 1 4 8 9 
20180917362 2 3 6 9 5 10 4 1 7 8 
20180917363 10 6 8 4 7 9 5 2 3 1 
20180917364 2 1 8 5 6 9 3 7 10 4 
20180917365 4 7 8 1 3 5 10 6 2 9 
20180917366 5 7 10 3 4 8 1 2 6 9 
20180917367 4 9 7 8 6 2 10 1 3 5 
20180917368 10 8 5 7 9 3 4 1 2 6 
20180917369 6 3 7 4 10 1 2 5 9 8 
20180917370 6 3 1 10 9 4 8 5 2 7 
20180917371 2 6 10 5 3 7 9 8 4 1 
20180917372 1 7 6 3 4 9 5 10 2 8 
20180917373 9 3 5 6 1 4 8 2 10 7 
20180917374 8 7 9 6 10 2 3 4 1 5 
20180917375 3 2 1 6 4 9 8 7 5 10 
20180917376 5 3 7 1 2 9 10 4 8 6 
20180917377 4 7 2 3 8 5 9 10 1 6 
20180917378 6 10 3 4 7 2 1 8 5 9 
20180917379 5 8 10 6 4 1 7 9 3 2 
20180917380 1 3 9 6 4 7 5 10 8 2 
20180917381 9 2 5 10 8 4 6 1 3 7 
20180917382 1 6 2 9 3 7 4 8 5 10 
20180917383 6 2 3 8 10 9 7 1 4 5 
20180917384 8 6 10 3 4 7 5 2 9 1 
20180917385 3 1 6 9 2 7 5 10 8 4 
20180917386 5 4 6 9 3 7 10 2 1 8 
20180917387 7 5 8 10 9 2 3 6 4 1 
20180917388 1 3 2 8 4 5 6 10 7 9 
20180917389 1 8 7 4 9 2 6 5 3 10 
20180917390 4 2 8 5 1 3 7 6 9 10 
20180917391 2 3 9 10 6 8 1 5 7 4 
20180917392 4 2 6 5 8 3 1 10 7 9 
20180917393 1 8 2 4 7 10 9 5 3 6 
20180917394 9 5 10 3 6 4 1 7 8 2 
20180917395 3 5 2 9 4 7 1 10 6 8 
20180917396 5 9 8 3 10 7 1 2 4 6 
20180917397 10 9 7 8 3 1 6 2 4 5 
20180917398 4 6 9 7 8 2 10 5 3 1 
20180917399 9 1 3 8 2 4 5 7 10 6 
20180917400 5 7 2 9 8 3 4 6 1 10 
20180917401 9 7 1 6 2 10 3 5 8 4 
20180917402 6 4 9 1 3 7 2 8 5 10 
20180917403 8 10 4 2 1 6 7 9 3 5 
20180917404 5 2 10 7 8 3 4 9 6 1 
20180917405 8 1 7 6 5 2 10 9 4 3 
20180917406 9 6 2 8 7 1 4 10 3 5 
20180917407 10 2 9 4 1 8 5 3 6 7 
20180917408 10 6 3 9 2 5 7 8 4 1 
20180917409 4 1 5 10 9 6 7 2 3 8 
20180917410 4 8 6 3 9 10 5 1 2 7 
20180917411 10 1 3 5 6 7 2 8 4 9 
20180917412 6 5 3 9 7 2 1 8 4 10 
20180917413 3 7 2 4 8 9 5 1 6 10 
20180917414 9 7 1 6 10 4 2 8 5 3 
20180917415 2 3 10 9 1 7 4 5 6 8 
20180917416 5 4 7 10 2 8 6 3 1 9 
20180917417 7 6 5 8 4 3 9 1 10 2 
20180917418 10 8 5 3 4 9 7 1 2 6 
20180917419 1 7 3 10 6 2 9 5 8 4 
20180917420 9 4 10 1 2 5 7 6 8 3 
20180917421 1 3 7 6 2 8 4 9 10 5 
20180917422 8 1 3 4 2 7 5 9 10 6 
20180917423 2 3 9 6 7 10 4 8 1 5 
20180917424 7 9 8 5 6 4 1 10 3 2 
20180917425 8 2 1 4 10 3 9 5 7 6 
20180917426 10 5 9 8 2 1 4 6 7 3 
20180917427 4 6 7 2 10 9 5 3 1 8 
20180917428 8 3 2 7 1 6 4 9 10 5 
20180917429 5 3 9 7 1 6 4 8 10 2 
20180917430 4 8 10 5 7 9 3 6 2 1 
20180917431 6 2 5 3 4 10 7 1 8 9 
20180917432 5 7 2 6 9 8 3 1 10 4 
20180917433 8 4 10 5 6 1 7 2 9 3 
20180917434 6 3 9 1 7 8 4 2 5 10 
20180917435 4 9 7 8 3 6 10 5 2 1 
20180917436 7 9 2 6 1 5 10 8 3 4 
20180917437 7 8 9 2 6 3 1 5 4 10 
20180917438 8 1 9 4 10 5 6 3 7 2 
20180917439 1 5 3 2 6 9 10 7 4 8 
20180917440 4 3 1 5 6 9 7 8 2 10 
20180917441 5 9 2 1 4 10 3 8 7 6 
20180917442 2 7 8 6 3 5 10 1 9 4 
20180917443 3 4 10 9 7 5 1 6 8 2 
20180917444 3 8 2 6 9 5 4 10 1 7 
20180917445 8 2 1 4 9 7 5 3 10 6 
20180917446 5 3 6 10 1 7 4 9 2 8 
20180917447 6 8 7 10 1 9 3 2 5 4 
20180917448 9 10 4 2 5 6 1 7 3 8 
20180917449 8 7 6 1 3 4 5 10 9 2 
20180917450 2 5 4 3 9 6 7 10 8 1 
20180917451 8 5 7 9 1 2 3 10 6 4 
20180917452 3 5 7 10 6 4 1 2 8 9 
20180917453 4 7 6 3 8 1 9 5 2 10 
20180917454 1 3 10 9 4 7 2 6 5 8 
20180917455 7 2 5 3 4 10 9 6 1 8 
20180917456 7 2 9 1 8 6 4 10 3 5 
20180917457 1 9 8 3 2 6 4 5 7 10 
20180917458 8 6 1 5 9 3 10 7 4 2 
20180917459 6 4 10 9 2 1 8 5 7 3 
20180917460 4 6 10 8 7 2 5 1 9 3 
20180917461 6 4 10 5 7 9 3 1 2 8 
20180917462 3 9 1 8 2 5 4 7 6 10 
20180917463 10 1 4 7 2 6 3 5 8 9 
20180917464 3 7 9 2 8 4 10 1 6 5 
20180917465 10 9 1 5 6 2 3 8 7 4 
20180917466 10 5 7 1 9 8 3 4 2 6 
20180917467 1 2 6 9 5 7 8 10 4 3 
20180917468 9 1 10 7 8 6 5 3 4 2 
20180917469 3 2 10 1 9 8 4 6 7 5 
20180917470 4 5 2 8 6 9 7 1 3 10 
20180917471 3 2 1 6 7 8 5 9 4 10 
20180917472 2 5 6 8 10 7 3 1 9 4 
20180917473 10 6 8 2 9 7 5 3 1 4 
20180917474 7 3 10 9 5 6 4 8 1 2 
20180917475 6 10 2 4 9 8 3 1 7 5 
20180917476 3 5 1 8 6 2 7 9 10 4 
20180917477 7 10 2 3 1 4 8 6 9 5 
20180917478 10 2 8 7 3 5 6 1 9 4 
20180917479 5 2 3 9 1 10 4 8 7 6 
20180917480 5 8 10 6 1 2 4 3 9 7 
20180917481 4 1 10 9 7 2 8 6 3 5 
20180917482 7 10 1 2 4 3 8 6 9 5 
20180917483 4 7 3 8 10 2 9 6 1 5 
20180917484 10 6 7 1 2 9 3 8 4 5 
20180917485 7 3 9 10 4 2 1 5 6 8 
20180917486 6 3 9 2 1 4 8 10 7 5 
20180917487 6 1 2 4 10 3 9 5 8 7 
20180917488 8 9 5 1 2 7 4 6 10 3 
20180917489 10 9 8 2 4 1 6 7 5 3 
20180917490 6 10 4 7 9 8 3 5 1 2 
20180917491 7 4 8 6 2 3 10 5 9 1 
20180917492 6 8 9 4 3 5 10 2 1 7 
20180917493 2 3 7 6 5 9 1 4 8 10 
20180917494 1 9 5 4 6 7 2 3 8 10 
20180917495 9 7 5 10 4 1 2 6 8 3 
20180917496 10 3 6 4 5 1 7 8 9 2 
20180917497 1 3 4 6 7 10 8 5 9 2 
20180917498 4 10 7 1 5 6 2 9 8 3 
20180917499 5 8 4 7 9 1 10 3 2 6 
20180917500 8 1 9 3 7 4 5 2 6 10 
20180917501 7 8 2 4 3 1 10 6 5 9 
20180917502 5 3 2 4 8 10 9 7 1 6 
20180917503 3 8 6 5 1 7 2 9 10 4 
20180917504 5 2 8 6 10 9 4 3 7 1 
20180917505 9 8 4 5 1 2 3 10 7 6 
20180917506 1 6 5 7 10 8 9 2 4 3 
20180917507 6 8 3 1 5 4 7 9 2 10 
20180917508 2 1 6 5 4 7 10 8 3 9 
20180917509 1 7 2 4 9 10 6 8 3 5 
20180917510 8 2 1 4 6 7 3 10 5 9 
20180917511 3 4 6 9 5 10 7 8 2 1 
20180917512 9 5 10 2 4 7 6 8 1 3 
20180917513 10 3 2 4 1 5 6 9 7 8 
20180917514 8 3 10 5 6 7 4 2 9 1 
20180917515 3 6 2 9 10 7 4 1 8 5 
20180917516 1 3 9 6 7 8 10 2 5 4 
20180917517 1 4 8 3 6 2 5 10 7 9 
20180917518 6 7 10 5 8 4 9 3 2 1 
20180917519 6 2 4 10 5 1 7 8 3 9 
20180917520 4 8 3 10 9 7 2 5 1 6 
20180917521 9 10 5 4 7 8 2 6 3 1 
20180917522 9 1 4 7 2 10 5 8 3 6 
20180917523 2 7 8 4 1 10 6 9 3 5 
20180917524 6 2 9 5 8 4 3 10 1 7 
20180917525 5 2 8 9 1 6 7 10 4 3 
20180917526 4 2 7 6 3 1 9 5 10 8 
20180917527 10 7 6 8 2 9 1 3 4 5 
20180917528 2 1 7 8 9 10 6 5 3 4 
20180917529 1 7 9 3 10 6 2 4 5 8 
20180917530 9 7 2 10 5 8 6 4 1 3 
20180917531 9 6 3 7 1 8 2 5 4 10 
20180917532 7 4 1 6 5 10 2 9 8 3 
20180917533 5 7 2 10 4 3 6 9 8 1 
20180917534 5 7 8 2 10 1 6 9 3 4 
20180917535 3 1 8 2 7 5 10 4 9 6 
20180917536 7 4 2 10 3 6 5 1 9 8 
20180917537 2 1 8 6 7 9 3 4 5 10 
20180917538 1 3 2 5 9 6 8 7 10 4 
20180917539 3 1 2 8 7 4 5 6 10 9 
20180917540 5 10 1 2 6 8 4 7 3 9 
20180917541 8 9 1 2 10 6 5 3 4 7 
20180917542 3 7 8 6 9 5 4 2 1 10 
20180917543 3 7 4 1 8 5 10 9 6 2 
20180917544 1 2 4 10 3 5 8 9 6 7 
20180917545 7 5 6 9 8 10 3 4 1 2 
20180917546 6 7 10 1 4 9 3 2 5 8 
20180917547 5 3 7 10 4 2 8 1 9 6 
20180917548 8 4 3 7 2 1 6 9 5 10 
20180917549 10 9 7 4 8 1 6 5 2 3 
20180917550 9 10 6 8 4 3 1 2 5 7 
20180917551 3 7 2 9 10 1 8 4 6 5 
20180917552 3 8 5 6 4 7 9 1 10 2 
20180917553 2 8 1 4 10 9 5 7 3 6 
20180917554 6 10 4 7 8 5 2 3 9 1 
20180917555 4 8 7 5 2 6 3 10 9 1 
20180917556 7 3 4 5 10 8 6 9 1 2 
20180917557 7 6 10 9 2 4 8 5 3 1 
20180917558 6 3 8 7 9 4 10 1 2 5 
20180917559 2 3 6 8 10 9 4 7 5 1 
20180917560 5 2 9 4 7 8 10 6 3 1 
20180917561 8 6 5 3 4 1 9 10 7 2 
