20180902002 2 6 10 9 4 5 3 8 1 7 
20180902003 7 1 6 3 8 2 9 10 5 4 
20180902004 10 1 2 6 7 8 4 5 3 9 
20180902005 1 3 7 4 8 6 2 5 9 10 
20180902006 8 9 2 5 1 10 7 3 6 4 
20180902007 9 6 10 8 4 2 3 5 7 1 
20180902008 4 1 9 10 3 2 7 6 8 5 
20180902009 7 9 8 10 5 4 6 2 3 1 
20180902010 3 4 9 8 6 5 1 10 7 2 
20180902011 8 3 1 6 10 2 7 4 9 5 
20180902012 8 4 9 7 5 3 6 2 10 1 
20180902013 9 2 4 6 8 1 7 10 5 3 
20180902014 3 4 7 6 9 2 8 5 10 1 
20180902015 7 6 4 3 9 1 2 5 10 8 
20180902016 10 5 9 3 7 6 1 2 8 4 
20180902017 6 2 7 10 5 4 3 9 1 8 
20180902018 5 6 7 4 2 10 8 3 9 1 
20180902019 9 3 5 1 8 10 2 6 7 4 
20180902020 9 3 8 2 10 7 4 5 1 6 
20180902021 3 10 4 9 7 5 6 8 1 2 
20180902022 10 5 3 9 7 6 4 1 8 2 
20180902023 9 6 3 7 1 2 8 10 4 5 
20180902024 8 7 4 1 9 10 5 6 3 2 
20180902025 2 1 8 6 4 3 9 10 5 7 
20180902026 7 1 5 9 10 2 8 6 4 3 
20180902027 2 10 7 8 3 9 5 6 1 4 
20180902028 2 7 8 4 9 3 6 10 5 1 
20180902029 2 4 6 1 3 5 8 7 10 9 
20180902030 3 9 2 1 10 5 4 8 6 7 
20180902031 4 5 2 10 8 3 6 9 7 1 
20180902032 7 10 5 3 2 8 6 1 9 4 
20180902033 2 7 10 1 3 8 5 6 4 9 
20180902034 1 10 3 5 9 2 6 7 8 4 
20180902035 2 3 6 10 5 4 9 1 7 8 
20180902036 2 1 10 6 8 7 9 4 3 5 
20180902037 10 3 7 2 9 6 8 1 5 4 
20180902038 2 1 9 8 3 5 6 10 7 4 
20180902039 9 2 1 5 4 3 6 8 7 10 
20180902040 8 3 6 5 4 7 10 1 9 2 
20180902041 4 2 6 9 5 3 1 10 8 7 
20180902042 8 3 2 6 7 1 10 9 4 5 
20180902043 5 6 1 8 4 10 9 2 3 7 
20180902044 8 9 4 3 5 7 6 10 2 1 
20180902045 10 1 5 7 4 8 3 6 9 2 
20180902046 1 7 9 8 6 5 3 10 2 4 
20180902047 8 10 3 5 4 7 1 6 9 2 
20180902048 6 2 8 10 1 4 9 7 3 5 
20180902049 10 4 8 9 1 2 3 5 6 7 
20180902050 5 2 9 10 6 7 1 3 8 4 
20180902051 8 7 5 4 3 10 9 6 2 1 
20180902052 7 6 8 5 3 9 10 1 2 4 
20180902053 2 7 5 9 4 1 6 10 3 8 
20180902054 5 10 8 1 7 2 3 6 9 4 
20180902055 10 9 6 2 1 3 7 5 4 8 
20180902056 4 9 1 2 6 10 7 8 3 5 
20180902057 10 9 2 4 5 1 7 3 6 8 
20180902058 10 1 9 5 7 2 4 3 6 8 
20180902059 7 4 10 5 2 9 8 3 1 6 
20180902060 9 4 10 7 2 1 3 6 5 8 
20180902061 2 1 7 9 6 8 5 4 3 10 
20180902062 5 2 3 6 9 8 1 7 4 10 
20180902063 3 1 6 10 4 9 7 5 2 8 
20180902064 5 4 1 10 8 3 7 9 6 2 
20180902065 7 5 1 10 9 6 2 8 3 4 
20180902066 8 7 10 3 1 6 9 4 2 5 
20180902067 7 6 1 4 10 3 2 5 9 8 
20180902068 9 3 8 6 2 5 10 7 1 4 
20180902069 6 1 3 2 9 10 7 8 4 5 
20180902070 8 6 5 9 2 1 7 10 4 3 
20180902071 2 5 1 6 8 9 4 7 3 10 
20180902072 9 4 7 5 1 3 10 8 2 6 
20180902073 2 3 7 6 10 9 1 4 5 8 
20180902074 2 6 5 7 10 1 4 8 3 9 
20180902075 2 8 10 7 6 9 3 5 4 1 
20180902076 9 8 5 2 6 1 4 3 7 10 
20180902077 6 2 3 7 4 5 1 9 10 8 
20180902078 1 4 10 3 7 2 9 8 6 5 
20180902079 4 9 7 10 1 2 8 5 6 3 
20180902080 8 3 10 2 5 4 7 6 9 1 
20180902081 8 9 2 5 1 3 7 6 10 4 
20180902082 8 7 10 6 9 3 2 1 4 5 
20180902083 7 6 10 1 2 5 3 4 8 9 
20180902084 7 3 10 1 6 5 8 2 4 9 
20180902085 9 4 1 2 10 5 6 8 7 3 
20180902086 8 4 7 6 5 3 2 1 9 10 
20180902087 9 7 4 2 5 8 6 1 3 10 
20180902088 7 5 3 9 2 10 6 1 4 8 
20180902089 2 10 6 9 3 1 8 4 7 5 
20180902090 3 1 6 5 10 7 4 8 2 9 
20180902091 1 6 4 8 9 3 10 5 7 2 
20180902092 10 2 4 1 7 8 5 6 9 3 
20180902093 4 9 1 8 3 2 7 10 6 5 
20180902094 4 5 2 3 9 10 1 8 7 6 
20180902095 3 1 4 7 6 2 9 8 10 5 
20180902096 6 1 3 5 10 7 2 4 9 8 
20180902097 9 6 2 3 1 5 7 8 4 10 
20180902098 4 1 3 2 5 9 7 8 6 10 
20180902099 7 8 1 10 6 4 9 2 3 5 
20180902100 5 9 3 6 7 2 8 1 4 10 
20180902101 5 6 4 9 1 2 10 7 3 8 
20180902102 2 1 6 5 4 9 3 7 8 10 
20180902103 5 4 9 10 6 7 8 2 3 1 
20180902104 10 9 5 8 4 2 1 3 7 6 
20180902105 1 5 4 9 8 10 2 7 6 3 
20180902106 1 10 3 7 4 8 9 2 6 5 
20180902107 2 4 5 1 7 10 8 3 6 9 
20180902108 2 3 5 9 6 7 4 10 1 8 
20180902109 2 3 7 5 1 10 6 9 8 4 
20180902110 10 2 4 7 9 3 5 8 6 1 
20180902111 5 9 7 2 1 10 8 3 4 6 
20180902112 1 8 9 3 10 2 4 7 5 6 
20180902113 5 2 3 6 9 8 1 7 4 10 
20180902114 5 9 10 1 3 4 2 7 8 6 
20180902115 2 1 4 9 8 7 10 5 3 6 
20180902116 9 4 5 2 3 7 1 8 10 6 
20180902117 10 4 2 7 3 6 9 8 1 5 
20180902118 4 1 7 3 2 5 10 8 6 9 
20180902119 8 5 10 4 1 7 2 6 3 9 
20180902120 3 10 5 8 2 6 9 4 1 7 
20180902121 2 7 9 3 6 5 1 4 8 10 
20180902122 4 7 6 3 5 1 2 10 8 9 
20180902123 9 1 7 4 6 2 5 3 8 10 
20180902124 6 4 2 8 5 9 10 1 7 3 
20180902125 7 8 2 1 10 3 5 4 9 6 
20180902126 7 3 8 4 6 10 1 9 5 2 
20180902127 6 9 8 3 5 10 7 2 1 4 
20180902128 3 7 4 9 6 5 8 2 1 10 
20180902129 4 2 8 3 5 10 7 6 9 1 
20180902130 7 2 10 5 6 8 3 1 9 4 
20180902131 9 6 1 2 7 10 3 4 5 8 
20180902132 10 4 1 9 5 7 2 6 8 3 
20180902133 5 4 10 7 2 8 6 9 3 1 
20180902134 1 2 6 10 5 4 7 3 8 9 
20180902135 1 10 2 6 4 8 9 3 5 7 
20180902136 9 1 10 5 7 3 2 4 8 6 
20180902137 9 6 5 3 7 8 1 4 10 2 
20180902138 8 3 1 5 6 2 9 10 4 7 
20180902139 4 6 2 7 3 8 9 5 1 10 
20180902140 3 10 2 6 5 7 4 9 8 1 
20180902141 1 8 7 2 10 4 9 5 6 3 
20180902142 1 10 9 4 8 3 5 7 2 6 
20180902143 2 3 4 6 5 7 9 8 10 1 
20180902144 9 5 1 6 4 3 8 7 10 2 
20180902145 10 3 6 7 4 8 5 9 2 1 
20180902146 10 3 7 4 5 8 2 9 6 1 
20180902147 1 7 3 4 6 8 10 9 5 2 
20180902148 4 6 8 10 7 5 3 2 1 9 
20180902149 3 7 6 1 9 5 4 2 8 10 
20180902150 1 2 9 8 7 6 10 5 3 4 
20180902151 8 5 2 10 9 4 7 3 1 6 
20180902152 1 6 5 10 4 9 7 2 3 8 
20180902153 8 4 6 10 9 5 7 1 2 3 
20180902154 6 8 4 9 10 5 1 2 3 7 
20180902155 2 7 3 10 9 5 6 1 4 8 
20180902156 4 3 2 1 10 9 8 6 5 7 
20180902157 10 6 4 7 8 5 9 1 3 2 
20180902158 8 1 7 10 2 6 4 5 3 9 
20180902159 1 2 5 6 7 3 9 10 8 4 
20180902160 9 4 6 2 1 7 5 3 10 8 
20180902161 10 5 7 1 2 4 3 9 6 8 
20180902162 6 3 1 10 5 9 7 8 4 2 
20180902163 1 7 4 9 10 8 5 6 2 3 
20180902164 3 9 6 1 8 10 2 4 7 5 
20180902165 4 3 8 7 9 10 2 6 5 1 
20180902166 1 3 9 6 10 2 4 5 7 8 
20180902167 8 7 3 5 4 2 6 9 10 1 
20180902168 7 2 3 5 8 1 9 4 6 10 
20180902169 5 2 9 6 10 4 1 8 3 7 
20180902170 9 7 8 10 5 2 3 6 1 4 
20180902171 2 3 9 7 10 5 6 4 1 8 
20180902172 5 10 9 3 1 2 8 6 4 7 
20180902173 8 10 6 1 7 9 5 3 2 4 
20180902174 2 4 3 10 6 1 7 8 9 5 
20180902175 10 3 4 5 9 6 8 1 7 2 
20180902176 2 3 9 1 7 4 10 8 5 6 
20180902177 7 1 8 9 4 2 3 10 5 6 
20180902178 7 1 8 3 5 10 6 4 9 2 
20180902179 4 8 2 1 9 6 7 3 5 10 
20180902180 8 9 10 4 7 1 5 3 6 2 
20180902181 8 10 3 4 2 7 6 1 5 9 
20180902182 6 8 4 9 2 5 7 10 1 3 
20180902183 4 9 2 8 6 1 3 7 10 5 
20180902184 2 7 4 10 6 8 3 5 1 9 
20180902185 7 3 8 4 5 9 1 6 10 2 
20180902186 2 8 7 10 3 6 1 4 5 9 
20180902187 9 1 8 5 2 4 6 7 10 3 
20180902188 1 6 4 2 8 3 5 9 10 7 
20180902189 8 5 9 6 3 4 10 2 1 7 
20180902190 9 4 7 1 6 5 2 8 10 3 
20180902191 2 7 10 4 9 5 8 1 6 3 
20180902192 4 9 6 5 8 3 2 7 10 1 
20180902193 7 5 8 6 2 4 1 10 3 9 
20180902194 1 3 4 8 9 10 2 7 5 6 
20180902195 3 9 10 2 1 8 5 6 7 4 
20180902196 1 2 4 6 3 5 10 9 7 8 
20180902197 4 7 3 5 8 1 2 10 6 9 
20180902198 10 8 2 3 4 6 7 9 5 1 
20180902199 9 2 10 6 8 5 7 3 1 4 
20180902200 4 2 3 7 6 9 8 5 1 10 
20180902201 2 7 6 4 10 9 5 3 8 1 
20180902202 3 10 9 8 4 2 7 1 6 5 
20180902203 7 5 2 6 10 4 3 8 9 1 
20180902204 6 9 7 4 5 8 3 1 10 2 
20180902205 5 4 7 9 3 2 8 1 10 6 
20180902206 5 6 9 7 10 1 3 2 8 4 
20180902207 10 5 2 7 9 3 6 8 1 4 
20180902208 10 2 3 1 6 7 5 9 4 8 
20180902209 5 4 3 1 8 10 9 7 6 2 
20180902210 8 6 4 3 2 9 5 10 7 1 
20180902211 5 2 1 10 4 7 3 8 6 9 
20180902212 1 4 2 10 7 5 3 6 9 8 
20180902213 10 2 1 6 3 8 5 4 7 9 
20180902214 1 7 6 5 2 8 10 9 4 3 
20180902215 7 9 1 2 8 3 5 6 10 4 
20180902216 10 3 6 2 4 5 7 8 9 1 
20180902217 7 5 8 2 6 10 3 4 9 1 
20180902218 3 1 8 10 6 4 5 2 9 7 
20180902219 2 7 1 9 3 5 10 4 8 6 
20180902220 1 5 7 8 6 3 4 2 9 10 
20180902221 4 9 8 1 2 10 6 7 5 3 
20180902222 4 1 8 10 7 6 2 9 5 3 
20180902223 6 10 7 8 2 9 5 1 3 4 
20180902224 8 10 3 7 9 4 6 2 5 1 
20180902225 3 2 9 6 7 10 8 5 4 1 
20180902226 5 10 2 7 9 3 8 6 1 4 
20180902227 1 2 3 7 4 9 10 8 6 5 
20180902228 2 5 8 1 7 9 10 3 6 4 
20180902229 8 1 6 10 5 9 4 3 7 2 
20180902230 8 10 1 2 7 9 5 6 4 3 
20180902231 5 3 4 10 6 9 2 7 1 8 
20180902232 10 2 4 6 9 5 8 1 3 7 
20180902233 3 1 9 4 6 5 10 2 7 8 
20180902234 4 3 6 2 5 1 7 9 10 8 
20180902235 6 4 2 1 8 10 7 9 5 3 
20180902236 4 3 8 1 2 7 9 5 6 10 
20180902237 8 1 6 7 2 5 9 3 4 10 
20180902238 10 8 5 3 4 9 1 7 2 6 
20180902239 10 5 2 4 8 6 7 3 9 1 
20180902240 3 2 4 9 7 6 1 5 8 10 
20180902241 3 8 4 1 6 2 10 5 7 9 
20180902242 4 10 5 3 2 1 6 7 8 9 
20180902243 4 5 9 2 8 1 10 3 7 6 
20180902244 5 10 9 6 8 7 3 1 4 2 
20180902245 1 3 7 2 10 8 9 5 4 6 
20180902246 1 8 2 5 10 7 4 9 6 3 
20180902247 10 3 2 8 9 1 7 4 5 6 
20180902248 1 7 10 9 8 3 2 4 5 6 
20180902249 1 8 2 5 4 3 10 6 7 9 
20180902250 8 10 7 6 3 4 1 5 2 9 
20180902251 9 4 8 6 5 10 7 3 1 2 
20180902252 5 3 4 8 6 7 2 10 9 1 
20180902253 2 9 5 4 7 6 1 10 8 3 
20180902254 10 7 3 5 2 4 1 6 8 9 
20180902255 7 2 10 8 1 4 9 6 3 5 
20180902256 9 1 3 2 5 8 6 7 10 4 
20180902257 3 1 9 2 8 7 10 6 5 4 
20180902258 4 10 7 5 3 8 2 9 1 6 
20180902259 4 1 6 3 2 10 9 8 5 7 
20180902260 9 5 10 7 4 8 1 3 2 6 
20180902261 8 4 6 1 3 7 10 5 9 2 
20180902262 1 7 2 8 6 10 5 9 3 4 
20180902263 9 3 2 5 7 6 10 1 8 4 
20180902264 2 9 1 3 10 5 8 7 4 6 
20180902265 4 9 1 10 2 8 3 6 7 5 
20180902266 6 9 1 10 7 8 4 3 2 5 
20180902267 8 10 3 6 2 1 7 9 4 5 
20180902268 4 5 8 3 9 1 6 7 10 2 
20180902269 6 1 8 5 4 2 10 3 7 9 
20180902270 9 3 1 8 7 4 2 5 10 6 
20180902271 2 7 6 8 5 1 9 10 3 4 
20180902272 8 3 6 5 4 7 10 9 2 1 
20180902273 10 5 9 6 1 3 2 8 7 4 
20180902274 9 3 4 7 6 5 2 8 1 10 
20180902275 4 5 2 8 1 9 7 3 10 6 
20180902276 2 1 7 5 3 10 6 9 4 8 
20180902277 7 4 10 5 1 3 2 8 6 9 
20180902278 7 1 9 2 4 8 10 6 5 3 
20180902279 8 9 5 2 7 3 10 4 1 6 
20180902280 9 7 8 2 10 1 3 4 6 5 
20180902281 9 5 7 2 3 6 1 4 8 10 
20180902282 7 5 2 3 9 10 1 6 8 4 
20180902283 7 4 2 9 3 1 8 5 6 10 
20180902284 10 7 3 5 1 9 8 6 2 4 
20180902285 3 7 10 5 9 2 6 4 1 8 
20180902286 7 1 9 6 4 10 8 2 3 5 
20180902287 1 10 5 6 2 8 3 4 9 7 
20180902288 7 4 9 8 2 10 6 1 5 3 
20180902289 6 9 7 4 10 1 2 3 8 5 
20180902290 10 2 7 1 3 6 8 9 4 5 
20180902291 4 5 9 7 1 6 10 8 3 2 
20180902292 7 2 9 5 3 4 10 1 6 8 
20180902293 9 3 8 5 7 6 4 10 1 2 
20180902294 3 2 5 7 6 10 8 9 4 1 
20180902295 4 6 3 1 2 10 7 9 5 8 
20180902296 4 3 1 2 6 8 9 5 7 10 
20180902297 7 9 6 2 10 4 8 5 1 3 
20180902298 2 3 7 5 6 9 4 1 8 10 
20180902299 4 6 9 7 5 2 8 1 10 3 
20180902300 8 2 6 1 3 5 10 7 9 4 
20180902301 3 7 9 5 1 2 6 4 10 8 
20180902302 2 5 3 1 7 10 4 6 8 9 
20180902303 3 5 7 4 2 10 8 1 9 6 
20180902304 6 5 8 4 9 10 2 7 3 1 
20180902305 8 10 3 5 9 1 6 7 2 4 
20180902306 7 4 2 9 10 1 5 3 6 8 
20180902307 7 3 8 5 2 4 9 10 6 1 
20180902308 4 10 3 5 9 8 2 1 6 7 
20180902309 9 10 4 8 6 1 3 2 5 7 
20180902310 1 7 5 10 9 4 3 8 6 2 
20180902311 2 7 10 3 9 1 6 4 5 8 
20180902312 1 8 6 9 3 2 5 10 7 4 
20180902313 1 5 8 4 3 2 6 9 10 7 
20180902314 7 1 8 4 5 10 9 6 3 2 
20180902315 10 4 2 5 8 6 9 7 1 3 
20180902316 6 5 2 7 10 8 1 9 3 4 
20180902317 8 3 6 9 10 4 1 2 5 7 
20180902318 7 4 3 10 1 9 5 8 6 2 
20180902319 8 10 2 6 5 4 9 7 3 1 
20180902320 7 1 3 6 4 2 9 8 10 5 
20180902321 5 2 4 7 8 9 6 3 10 1 
20180902322 2 3 1 9 7 4 5 8 10 6 
20180902323 9 3 5 7 8 1 4 2 6 10 
20180902324 6 2 8 1 9 7 5 10 4 3 
20180902325 10 1 9 4 3 5 2 7 8 6 
20180902326 2 9 4 5 10 7 6 8 1 3 
20180902327 1 6 2 3 10 5 4 9 8 7 
20180902328 6 3 8 2 9 5 1 4 7 10 
20180902329 5 2 6 4 1 9 3 8 10 7 
20180902330 3 10 6 5 7 2 4 8 1 9 
20180902331 6 9 5 10 4 7 3 2 1 8 
20180902332 9 10 5 7 8 4 1 3 2 6 
20180902333 4 5 3 2 10 6 7 9 8 1 
20180902334 6 2 1 4 3 10 8 7 5 9 
20180902335 4 1 9 10 3 5 7 8 6 2 
20180902336 3 1 5 4 8 2 9 6 7 10 
20180902337 4 8 5 3 6 2 1 7 9 10 
20180902338 1 4 2 8 7 5 3 10 6 9 
20180902339 7 6 9 5 3 1 4 2 8 10 
20180902340 10 3 5 1 4 2 8 7 9 6 
20180902341 2 5 8 6 1 10 7 4 3 9 
20180902342 6 4 1 5 2 3 8 7 10 9 
20180902343 3 9 10 2 8 5 6 4 7 1 
20180902344 5 1 7 4 9 8 2 6 3 10 
20180902345 7 3 6 2 10 1 5 4 9 8 
20180902346 9 5 6 8 7 4 3 10 2 1 
20180902347 8 3 10 2 4 6 5 9 1 7 
20180902348 8 3 2 1 10 7 5 4 9 6 
20180902349 1 8 6 4 7 9 3 2 10 5 
20180902350 8 6 3 4 9 2 10 5 1 7 
20180902351 4 7 3 5 8 9 2 10 1 6 
20180902352 3 2 1 9 4 10 7 6 8 5 
20180902353 4 1 9 8 6 5 10 3 7 2 
20180902354 6 9 10 3 5 8 4 2 1 7 
20180902355 3 5 9 10 6 4 1 2 8 7 
20180902356 6 3 8 9 2 4 1 10 7 5 
20180902357 7 5 10 9 3 4 6 8 2 1 
20180902358 5 10 4 8 1 2 6 3 9 7 
20180902359 10 7 3 9 1 6 4 5 8 2 
20180902360 3 7 1 8 5 4 10 9 6 2 
20180902361 2 7 3 9 1 6 4 8 10 5 
20180902362 3 1 7 2 10 4 9 6 8 5 
20180902363 7 3 1 5 4 6 8 9 10 2 
20180902364 2 3 1 7 5 8 9 4 6 10 
20180902365 9 6 4 7 8 2 3 1 10 5 
20180902366 2 3 5 6 4 10 7 9 8 1 
20180902367 1 5 9 7 3 4 8 2 10 6 
20180902368 2 8 9 7 6 4 10 3 1 5 
20180902369 5 8 7 2 10 9 3 6 4 1 
20180902370 9 8 5 2 7 10 3 4 6 1 
20180902371 6 9 4 3 1 7 2 8 10 5 
20180902372 7 9 4 8 10 3 5 6 1 2 
20180902373 8 4 7 2 9 5 6 3 10 1 
20180902374 9 1 5 2 10 6 8 7 4 3 
20180902375 6 4 5 9 2 1 3 7 8 10 
20180902376 10 6 8 5 9 2 3 1 7 4 
20180902377 1 6 7 3 9 5 10 4 2 8 
20180902378 3 8 4 6 7 9 10 1 2 5 
20180902379 3 1 2 5 8 7 10 9 4 6 
20180902380 7 5 3 1 4 9 6 8 2 10 
20180902381 10 6 5 9 2 4 7 1 3 8 
20180902382 6 8 7 9 10 5 1 3 2 4 
20180902383 6 8 10 9 3 1 2 7 5 4 
20180902384 6 5 4 3 10 1 8 9 2 7 
20180902385 9 8 3 4 2 7 10 5 1 6 
20180902386 1 7 10 8 6 3 9 5 2 4 
20180902387 2 1 10 9 3 5 7 6 8 4 
20180902388 7 8 4 10 3 5 9 2 1 6 
20180902389 5 7 10 6 2 9 1 8 3 4 
20180902390 8 2 3 4 10 5 9 1 6 7 
20180902391 5 7 1 10 8 9 4 3 6 2 
20180902392 8 9 2 6 7 5 4 10 3 1 
20180902393 4 9 6 2 8 3 7 5 1 10 
20180902394 3 6 10 5 2 7 4 8 1 9 
20180902395 6 10 3 1 2 9 4 8 5 7 
20180902396 3 1 10 2 6 8 4 5 7 9 
20180902397 3 1 7 6 10 9 5 8 4 2 
20180902398 8 1 3 5 6 2 9 10 4 7 
20180902399 2 4 9 1 8 5 10 7 3 6 
20180902400 5 9 1 4 6 3 8 2 7 10 
20180902401 8 2 7 4 3 10 6 5 9 1 
20180902402 8 9 2 1 6 10 3 5 7 4 
20180902403 8 10 9 1 2 7 6 4 3 5 
20180902404 5 2 8 6 9 3 7 10 1 4 
20180902405 7 4 10 5 3 8 9 2 1 6 
20180902406 5 4 3 6 1 9 7 2 10 8 
20180902407 3 1 6 10 5 2 8 4 7 9 
20180902408 1 7 6 9 8 4 3 10 2 5 
20180902409 3 4 2 6 10 8 7 9 5 1 
20180902410 1 2 3 8 10 5 9 6 7 4 
20180902411 6 2 10 7 1 3 9 4 5 8 
20180902412 4 8 5 9 7 1 10 2 6 3 
20180902413 3 1 9 2 5 6 4 7 8 10 
20180902414 8 1 10 6 4 7 9 5 3 2 
20180902415 1 6 8 3 5 9 10 4 2 7 
20180902416 9 5 2 4 6 1 7 3 8 10 
20180902417 9 1 4 3 5 2 8 7 10 6 
20180902418 7 1 3 2 9 6 4 5 10 8 
20180902419 4 2 1 3 10 6 5 9 7 8 
20180902420 10 5 3 9 7 8 6 4 2 1 
20180902421 7 6 4 3 2 9 1 8 5 10 
20180902422 1 2 8 5 3 4 7 9 10 6 
20180902423 5 7 4 6 2 10 8 1 3 9 
20180902424 10 1 3 7 8 2 4 5 6 9 
20180902425 3 4 5 9 7 1 2 8 10 6 
20180902426 5 4 7 3 6 1 2 8 9 10 
20180902427 9 2 3 8 6 1 5 7 10 4 
20180902428 7 5 10 6 2 3 4 9 1 8 
20180902429 6 5 9 10 1 2 3 8 4 7 
20180902430 9 5 2 10 4 3 6 1 7 8 
20180902431 10 5 8 2 3 7 1 6 9 4 
20180902432 4 6 8 5 3 1 7 9 10 2 
20180902433 6 4 3 2 1 10 7 5 9 8 
20180902434 9 2 10 1 8 3 4 6 5 7 
20180902435 4 8 9 5 1 10 3 6 7 2 
20180902436 8 6 1 10 7 4 5 2 9 3 
20180902437 6 1 8 5 2 10 7 9 3 4 
20180902438 6 1 2 5 9 8 3 4 10 7 
20180902439 2 5 4 3 10 1 8 6 9 7 
20180902440 5 2 1 7 8 6 9 10 4 3 
20180902441 8 10 5 7 1 6 3 9 2 4 
20180902442 8 4 5 10 1 6 3 7 2 9 
20180902443 5 6 2 4 3 9 8 7 1 10 
20180902444 8 9 5 10 3 1 6 4 7 2 
20180902445 1 4 10 7 2 8 9 5 6 3 
20180902446 6 4 8 9 3 5 1 2 10 7 
20180902447 7 10 5 3 4 8 2 1 6 9 
20180902448 10 3 7 9 1 2 4 5 8 6 
20180902449 10 7 6 2 1 8 3 9 4 5 
20180902450 6 5 1 3 9 8 4 7 10 2 
20180902451 9 8 10 7 4 6 5 1 3 2 
20180902452 10 6 2 8 5 7 4 3 1 9 
20180902453 2 8 10 6 1 9 4 5 3 7 
20180902454 6 9 1 2 5 10 3 8 4 7 
20180902455 1 10 7 2 8 4 6 3 5 9 
20180902456 8 1 7 5 9 10 4 2 3 6 
20180902457 5 4 8 3 6 1 7 9 2 10 
20180902458 10 3 2 9 4 8 6 7 1 5 
20180902459 9 1 3 10 8 7 6 5 4 2 
20180902460 4 5 3 6 10 1 2 9 8 7 
20180902461 3 4 8 5 2 9 10 6 7 1 
20180902462 9 3 4 8 7 10 1 2 5 6 
20180902463 2 5 4 7 3 9 8 1 10 6 
20180902464 10 4 2 7 1 5 9 3 6 8 
20180902465 7 3 6 1 9 10 8 5 4 2 
20180902466 10 3 9 6 8 1 5 7 2 4 
20180902467 2 5 1 3 8 4 9 7 10 6 
20180902468 4 9 7 6 10 8 3 5 1 2 
20180902469 7 8 3 2 9 10 1 5 6 4 
20180902470 7 5 9 1 8 10 4 6 2 3 
20180902471 4 7 9 10 5 2 8 6 1 3 
20180902472 1 9 4 3 10 8 2 6 7 5 
20180902473 10 2 9 6 1 8 7 5 4 3 
20180902474 1 5 10 3 8 9 4 7 2 6 
20180902475 9 7 4 2 5 8 1 3 10 6 
20180902476 9 8 3 10 7 1 2 4 5 6 
20180902477 8 6 9 4 3 7 1 2 10 5 
20180902478 9 1 5 10 8 6 3 4 2 7 
20180902479 1 10 9 3 8 2 7 4 5 6 
20180902480 7 3 1 4 2 9 8 10 6 5 
20180902481 7 4 5 10 1 6 8 3 9 2 
20180902482 9 7 8 10 6 4 1 5 2 3 
20180902483 6 5 9 1 2 8 3 7 4 10 
20180902484 8 4 2 3 1 9 7 10 5 6 
20180902485 4 3 2 5 8 6 9 10 7 1 
20180902486 6 1 5 2 8 10 3 7 4 9 
20180902487 2 10 4 8 3 5 9 1 6 7 
20180902488 8 10 1 6 3 2 5 7 4 9 
20180902489 5 7 1 4 10 9 8 2 3 6 
20180902490 5 4 7 3 8 2 10 6 1 9 
20180902491 8 9 1 6 4 3 7 5 10 2 
20180902492 3 1 9 4 2 10 5 8 6 7 
20180902493 3 8 5 9 1 10 2 7 4 6 
20180902494 10 8 6 1 4 5 7 9 2 3 
20180902495 10 2 1 3 4 8 7 9 5 6 
20180902496 5 1 6 7 3 8 2 10 4 9 
20180902497 8 10 3 4 1 5 7 6 2 9 
20180902498 3 1 7 8 5 2 9 10 4 6 
20180902499 1 9 2 7 3 6 8 10 4 5 
20180902500 2 5 7 4 3 10 1 8 9 6 
20180902501 7 9 2 6 1 8 3 4 5 10 
20180902502 5 3 8 4 10 1 7 9 2 6 
20180902503 10 9 2 1 6 3 4 5 8 7 
20180902504 4 8 10 2 5 7 6 9 3 1 
20180902505 6 2 4 8 9 3 10 7 1 5 
20180902506 10 9 5 3 6 1 7 8 2 4 
20180902507 10 9 8 2 3 1 6 4 5 7 
20180902508 3 1 8 7 4 10 9 5 6 2 
20180902509 1 9 5 2 8 4 7 3 6 10 
20180902510 5 1 6 10 4 7 8 9 2 3 
20180902511 1 8 2 10 7 3 6 4 5 9 
20180902512 2 6 7 1 9 8 10 3 4 5 
20180902513 3 4 6 8 10 7 5 2 1 9 
20180902514 4 1 5 3 7 10 2 8 6 9 
20180902515 8 1 9 3 10 6 5 7 4 2 
20180902516 1 5 2 9 7 6 8 4 3 10 
20180902517 3 7 1 5 8 9 4 6 10 2 
20180902518 10 9 7 1 3 4 6 2 5 8 
20180902519 2 7 4 6 8 9 3 5 1 10 
20180902520 7 3 9 2 6 8 10 4 1 5 
20180902521 7 1 10 6 8 5 4 2 9 3 
20180902522 1 8 3 5 6 2 4 10 9 7 
20180902523 2 5 3 10 6 1 4 8 9 7 
20180902524 1 10 6 4 5 8 2 7 9 3 
20180902525 10 3 2 4 1 9 6 8 5 7 
20180902526 10 2 1 7 5 3 8 4 6 9 
20180902527 4 3 2 9 1 8 7 6 10 5 
20180902528 2 5 1 7 10 3 8 4 6 9 
20180902529 1 3 2 5 4 6 7 8 9 10 
20180902530 7 2 8 1 5 9 6 10 4 3 
20180902531 8 5 10 6 9 3 1 7 4 2 
20180902532 10 1 4 8 2 9 6 7 3 5 
20180902533 1 10 5 9 7 6 2 8 3 4 
20180902534 3 5 8 7 1 6 10 2 4 9 
20180902535 8 9 6 3 4 10 2 5 1 7 
20180902536 6 9 2 7 10 1 5 3 4 8 
20180902537 8 4 6 9 5 10 1 3 2 7 
20180902538 8 9 3 4 7 5 1 2 6 10 
20180902539 2 7 4 9 8 10 5 1 6 3 
20180902540 1 2 3 7 5 10 6 9 8 4 
20180902541 4 9 3 1 8 10 2 5 6 7 
20180902542 9 7 1 8 10 4 2 6 3 5 
20180902543 10 5 8 2 4 9 7 6 1 3 
20180902544 3 9 8 7 5 2 4 6 1 10 
20180902545 8 4 7 5 9 10 1 2 6 3 
20180902546 2 1 8 6 10 7 3 5 4 9 
20180902547 10 8 3 4 9 2 6 7 5 1 
20180902548 5 1 8 3 9 10 7 2 6 4 
20180902549 2 6 9 4 1 8 3 10 5 7 
20180902550 1 3 8 6 9 5 2 4 10 7 
20180902551 10 4 9 1 8 5 3 7 6 2 
20180902552 2 6 10 1 8 7 4 5 3 9 
20180902553 6 8 10 9 2 4 3 5 1 7 
20180902554 3 6 4 7 2 10 9 1 8 5 
20180902555 10 6 5 7 8 9 2 1 4 3 
20180902556 1 10 5 6 9 2 4 7 8 3 
20180902557 1 8 3 7 5 9 2 10 6 4 
20180902558 1 7 2 8 5 4 6 3 9 10 
20180902559 2 8 3 7 10 5 4 9 6 1 
20180902560 4 10 3 1 9 6 2 7 8 5 
20180902561 1 3 6 4 5 7 10 8 2 9 
20180902562 8 10 9 6 7 3 1 4 2 5 
20180902563 3 2 6 9 1 5 7 8 10 4 
20180902564 6 7 9 2 5 4 8 3 1 10 
20180902565 8 2 3 1 10 9 5 6 4 7 
20180902566 10 2 7 9 4 1 5 6 8 3 
20180902567 3 5 8 4 2 7 9 6 10 1 
20180902568 5 1 8 6 9 10 4 2 3 7 
20180902569 8 1 3 9 2 7 4 10 6 5 
20180902570 2 3 6 7 5 10 9 8 4 1 
20180902571 6 3 4 8 2 10 1 7 9 5 
20180902572 7 2 6 10 3 4 1 9 5 8 
20180902573 9 3 10 1 2 8 4 5 6 7 
20180902574 7 4 3 5 6 8 2 10 9 1 
20180902575 9 3 2 7 6 10 4 8 1 5 
20180902576 2 5 4 10 3 6 9 1 8 7 
20180902577 1 2 6 4 10 9 7 5 8 3 
20180902578 8 3 7 6 5 2 9 1 4 10 
20180902579 7 2 4 8 1 6 5 10 9 3 
20180902580 4 6 9 5 3 8 1 2 10 7 
20180902581 9 2 4 8 1 7 10 6 3 5 
20180902582 9 1 6 10 2 7 4 3 5 8 
20180902583 5 6 9 2 10 8 4 3 1 7 
20180902584 4 3 8 5 2 9 7 6 1 10 
20180902585 8 6 1 9 5 3 4 2 10 7 
20180902586 7 3 6 1 2 8 10 5 4 9 
20180902587 8 10 3 5 2 9 6 1 4 7 
20180902588 2 7 6 1 3 9 4 10 5 8 
20180902589 4 10 2 5 3 6 7 1 9 8 
20180902590 9 10 8 7 3 2 6 5 1 4 
20180902591 6 5 2 9 7 3 10 8 1 4 
20180902592 3 9 5 2 6 10 7 1 8 4 
20180902593 9 7 4 2 10 1 8 3 6 5 
20180902594 1 7 8 2 9 10 4 3 5 6 
20180902595 6 10 8 3 2 1 9 7 4 5 
20180902596 2 9 10 7 8 4 6 1 3 5 
20180902597 9 4 7 10 3 2 6 8 5 1 
20180902598 8 2 6 3 1 5 7 4 9 10 
20180902599 4 3 10 2 1 6 5 9 8 7 
20180902600 1 4 10 6 5 2 7 8 9 3 
20180902601 2 4 7 8 10 6 5 9 3 1 
20180902602 9 4 2 3 8 6 7 10 1 5 
20180902603 7 3 10 1 2 6 9 4 5 8 
20180902604 4 5 1 7 10 8 3 9 6 2 
20180902605 8 2 5 3 10 9 7 1 6 4 
20180902606 5 10 2 7 4 6 9 8 3 1 
20180902607 6 3 8 7 9 5 2 10 1 4 
20180902608 9 3 2 6 5 1 4 8 7 10 
20180902609 7 1 2 5 6 10 9 4 3 8 
20180902610 10 2 9 7 5 4 6 3 1 8 
20180902611 6 7 9 3 8 2 10 1 5 4 
20180902612 8 6 10 2 7 1 5 9 3 4 
20180902613 5 10 7 2 1 9 6 8 4 3 
20180902614 6 5 1 4 8 10 2 7 9 3 
20180902615 1 5 7 9 8 4 6 10 3 2 
20180902616 5 10 4 7 6 9 2 1 8 3 
20180902617 5 4 2 1 9 3 7 6 8 10 
20180902618 8 6 9 7 1 2 4 10 3 5 
20180902619 2 6 10 1 7 5 4 9 8 3 
20180902620 1 2 9 6 7 10 3 4 8 5 
20180902621 2 3 4 1 9 8 10 5 6 7 
20180902622 2 10 3 1 8 4 5 7 6 9 
20180902623 4 1 10 9 5 8 6 2 7 3 
20180902624 9 7 10 8 6 5 3 4 1 2 
20180902625 7 3 4 6 8 5 1 9 10 2 
20180902626 1 6 9 4 5 10 8 7 2 3 
20180902627 4 2 7 6 1 9 8 5 10 3 
20180902628 5 8 7 1 2 6 3 4 10 9 
20180902629 2 4 6 7 8 9 1 10 3 5 
20180902630 3 4 10 1 2 9 8 5 7 6 
20180902631 3 7 8 2 10 9 1 6 4 5 
20180902632 3 2 10 1 5 9 7 6 4 8 
20180902633 2 7 8 10 6 9 5 3 4 1 
20180902634 10 5 6 3 9 8 1 7 2 4 
20180902635 9 6 10 5 8 4 7 3 1 2 
20180902636 8 6 4 2 7 10 5 1 3 9 
20180902637 6 1 5 2 8 9 4 10 3 7 
20180902638 5 3 9 2 6 10 1 4 7 8 
20180902639 4 3 2 6 9 8 5 7 1 10 
20180902640 10 1 8 9 3 6 7 4 5 2 
20180902641 4 8 7 10 9 2 1 5 3 6 
20180902642 7 3 1 10 2 8 4 5 9 6 
20180902643 3 1 10 7 9 8 5 4 2 6 
20180902644 4 2 5 7 8 3 6 1 10 9 
20180902645 7 3 6 10 5 8 2 4 1 9 
20180902646 1 7 10 2 3 5 8 9 4 6 
20180902647 3 5 1 7 10 4 9 8 2 6 
20180902648 7 9 1 5 10 8 2 6 4 3 
20180902649 7 3 1 9 4 6 5 8 2 10 
20180902650 3 9 8 6 1 10 7 4 5 2 
20180902651 9 2 1 5 8 10 3 6 7 4 
20180902652 7 6 3 1 10 5 2 9 8 4 
20180902653 10 1 9 2 3 4 6 7 5 8 
20180902654 9 1 10 6 8 3 7 2 5 4 
20180902655 9 1 8 2 7 3 4 5 10 6 
20180902656 1 7 8 10 4 5 6 2 9 3 
20180902657 5 10 3 4 2 6 7 8 9 1 
20180902658 7 9 1 8 5 10 3 2 4 6 
20180902659 1 6 5 4 8 7 3 10 9 2 
20180902660 8 9 5 7 10 2 6 3 1 4 
20180902661 5 9 8 10 1 6 4 2 3 7 
20180902662 10 4 2 6 5 9 8 7 1 3 
20180902663 2 8 9 5 7 6 10 4 1 3 
20180902664 1 3 4 2 6 10 7 5 8 9 
20180902665 5 1 4 8 6 7 9 3 10 2 
20180902666 6 7 2 1 3 10 8 9 5 4 
20180902667 4 1 8 9 5 10 3 7 6 2 
20180902668 5 2 1 9 3 10 4 8 7 6 
20180902669 5 1 9 8 4 3 2 10 6 7 
20180902670 4 6 7 5 8 9 10 3 2 1 
20180902671 5 1 8 2 4 6 10 3 9 7 
20180902672 6 4 9 8 1 7 3 5 10 2 
20180902673 2 3 1 9 4 7 8 10 6 5 
20180902674 10 8 3 7 5 6 4 2 9 1 
20180902675 7 3 9 2 8 5 4 10 6 1 
20180902676 9 1 7 4 2 6 8 3 5 10 
20180902677 2 3 10 6 4 1 9 7 8 5 
20180902678 10 5 6 9 1 7 2 4 8 3 
20180902679 2 10 1 8 3 9 5 4 6 7 
20180902680 3 6 1 10 8 4 2 5 9 7 
20180902681 2 8 5 4 3 1 7 6 10 9 
20180902682 4 8 1 7 6 9 3 10 5 2 
20180902683 8 5 2 6 4 10 1 3 9 7 
20180902684 7 10 9 2 6 5 3 4 8 1 
20180902685 2 1 5 6 3 10 7 9 4 8 
20180902686 7 6 1 3 4 8 9 10 5 2 
20180902687 7 3 2 5 1 8 4 9 10 6 
20180902688 1 6 8 2 9 4 3 5 7 10 
20180902689 3 9 10 6 4 2 8 5 1 7 
20180902690 10 6 8 2 9 7 5 4 1 3 
20180902691 2 3 5 6 7 4 10 8 1 9 
20180902692 3 7 9 4 8 10 1 2 5 6 
20180902693 1 5 7 6 8 3 10 4 9 2 
20180902694 4 5 6 9 10 2 8 3 7 1 
20180902695 4 5 3 8 7 2 9 1 10 6 
20180902696 8 7 5 1 6 3 10 9 2 4 
20180902697 2 9 3 1 6 10 4 5 8 7 
20180902698 4 2 8 9 10 5 7 6 1 3 
20180902699 7 6 9 8 4 2 10 1 3 5 
20180902700 5 2 8 1 4 10 3 7 6 9 
20180902701 10 2 6 1 9 8 4 7 3 5 
20180902702 1 9 8 3 2 4 5 7 10 6 
20180902703 6 1 8 4 7 10 2 9 5 3 
20180902704 1 7 2 10 9 5 8 6 3 4 
20180902705 3 4 5 9 6 10 7 1 8 2 
20180902706 9 2 7 1 8 3 10 4 5 6 
20180902707 5 7 9 6 2 8 4 10 3 1 
20180902708 7 1 2 9 4 8 6 3 5 10 
20180902709 6 3 10 8 9 7 2 4 5 1 
20180902710 1 10 6 7 8 9 4 3 5 2 
20180902711 4 5 1 3 7 10 9 8 2 6 
20180902712 10 8 3 6 1 2 7 9 5 4 
20180902713 1 5 2 8 6 7 3 9 4 10 
20180902714 1 10 7 4 9 2 5 8 6 3 
20180902715 5 8 3 7 2 1 4 10 9 6 
20180902716 9 8 4 10 1 5 6 7 3 2 
20180902717 1 10 2 8 3 4 7 5 9 6 
20180902718 2 8 10 7 1 9 4 3 6 5 
20180902719 4 2 6 1 3 10 5 9 7 8 
20180902720 4 10 7 6 2 3 1 9 5 8 
20180902721 8 10 9 3 1 6 5 4 2 7 
20180902722 4 10 2 1 5 7 8 6 3 9 
20180902723 5 9 3 10 2 4 1 8 6 7 
20180902724 6 1 4 2 10 8 9 5 3 7 
20180902725 1 5 2 4 9 10 3 6 8 7 
20180902726 5 8 10 2 9 6 3 4 1 7 
20180902727 6 3 8 4 7 9 1 5 2 10 
20180902728 8 4 3 9 10 2 6 1 7 5 
20180902729 3 7 1 6 8 2 9 4 10 5 
20180902730 6 5 9 2 8 3 7 1 10 4 
20180902731 3 4 10 8 7 6 1 5 9 2 
20180902732 10 2 7 4 3 9 8 1 5 6 
20180902733 1 7 3 8 2 10 6 5 4 9 
20180902734 4 7 8 3 10 6 1 9 5 2 
20180902735 7 2 8 10 1 9 3 6 4 5 
20180902736 9 6 4 10 7 3 8 5 1 2 
20180902737 7 3 10 4 9 5 2 8 6 1 
20180902738 2 9 10 4 1 6 3 8 5 7 
20180902739 8 6 10 7 5 3 4 1 9 2 
20180902740 1 2 6 5 9 10 8 4 7 3 
20180902741 5 7 9 1 6 10 8 3 2 4 
20180902742 9 8 7 4 2 1 6 5 3 10 
20180902743 3 9 7 8 5 4 10 6 2 1 
20180902744 10 2 5 7 4 1 8 6 9 3 
20180902745 8 4 7 5 1 9 2 3 6 10 
20180902746 5 4 3 7 10 8 2 1 6 9 
20180902747 7 9 1 5 10 4 2 8 3 6 
20180902748 10 2 5 9 6 3 4 7 1 8 
20180902749 1 9 4 8 3 6 7 10 2 5 
20180902750 6 5 9 1 10 8 7 4 3 2 
20180902751 4 8 3 9 1 10 7 2 5 6 
20180902752 3 10 1 6 9 4 8 5 2 7 
20180902753 10 5 9 7 4 6 8 1 3 2 
20180902754 5 3 10 2 6 7 8 1 4 9 
20180902755 3 10 8 6 5 2 7 4 1 9 
20180902756 2 7 5 10 8 6 9 1 3 4 
20180902757 10 6 2 7 4 1 3 5 9 8 
20180902758 7 1 3 10 6 9 8 2 4 5 
20180902759 3 9 2 6 7 10 5 1 4 8 
20180902760 4 10 7 5 1 6 2 3 8 9 
20180902761 7 2 6 8 3 5 9 4 10 1 
20180902762 7 3 1 6 10 5 2 8 9 4 
20180902763 8 9 1 7 3 10 2 4 6 5 
20180902764 7 1 6 10 5 9 3 2 8 4 
20180902765 2 4 6 10 7 8 9 5 1 3 
20180902766 6 5 10 9 7 4 8 1 3 2 
20180902767 3 8 5 6 1 10 4 9 7 2 
20180902768 6 3 4 10 2 9 5 7 8 1 
20180902769 7 5 1 10 9 3 4 2 6 8 
20180902770 7 3 10 9 4 2 5 1 6 8 
20180902771 6 7 10 5 3 4 2 1 9 8 
20180902772 4 3 10 8 9 2 5 6 1 7 
20180902773 7 6 10 3 8 2 9 5 4 1 
20180902774 8 9 6 4 5 10 7 3 2 1 
20180902775 3 10 6 5 7 1 9 4 2 8 
20180902776 3 5 8 4 9 6 2 10 1 7 
20180902777 1 9 6 5 10 3 4 7 8 2 
20180902778 8 7 1 4 6 9 10 2 3 5 
20180902779 10 2 4 9 6 7 5 8 1 3 
20180902780 9 7 3 2 10 5 1 4 6 8 
20180902781 5 2 1 10 6 3 8 7 9 4 
20180902782 2 5 3 10 9 8 4 6 7 1 
20180902783 4 6 1 10 8 2 3 7 5 9 
20180902784 7 10 8 9 2 5 3 4 1 6 
20180902785 3 9 5 6 4 10 1 7 8 2 
20180902786 3 10 4 9 5 6 7 8 1 2 
20180902787 4 7 2 1 10 5 9 3 6 8 
20180902788 10 7 8 3 1 2 5 9 6 4 
20180902789 4 8 7 3 2 10 6 1 5 9 
20180902790 6 10 8 3 5 7 9 1 2 4 
20180902791 5 3 2 9 7 4 10 6 1 8 
20180902792 3 4 5 7 1 2 6 9 10 8 
20180902793 4 3 6 10 9 1 8 7 5 2 
20180902794 2 10 3 7 4 6 9 1 5 8 
20180902795 9 6 5 2 8 10 7 4 1 3 
20180902796 8 10 3 9 2 6 5 7 1 4 
20180902797 3 5 1 9 2 7 10 4 8 6 
20180902798 10 6 7 8 4 1 2 3 9 5 
20180902799 10 4 2 9 7 6 8 1 3 5 
20180902800 3 10 4 2 5 7 6 8 9 1 
20180902801 4 6 9 5 8 3 2 7 10 1 
20180902802 7 3 8 10 2 9 5 6 4 1 
20180902803 2 9 3 10 8 1 6 4 7 5 
20180902804 10 2 1 3 9 4 6 7 8 5 
20180902805 8 4 6 7 9 3 2 10 1 5 
20180902806 3 1 4 10 2 8 5 9 7 6 
20180902807 3 4 8 1 7 6 10 2 9 5 
20180902808 8 1 6 4 2 10 3 7 9 5 
20180902809 6 3 5 1 2 7 8 10 9 4 
20180902810 2 3 5 6 4 9 10 8 1 7 
20180902811 3 2 1 7 8 6 9 4 5 10 
20180902812 5 6 9 4 1 10 7 2 8 3 
20180902813 6 3 10 9 7 8 2 4 5 1 
20180902814 6 10 4 2 9 3 7 8 5 1 
20180902815 4 2 5 8 6 9 10 7 3 1 
20180902816 3 2 5 10 9 4 1 6 7 8 
20180902817 3 6 2 4 10 1 7 8 9 5 
20180902818 4 6 7 1 5 8 9 3 10 2 
20180902819 2 7 3 8 10 1 9 5 6 4 
20180902820 3 10 7 4 5 8 1 2 6 9 
20180902821 4 3 8 9 2 5 10 1 6 7 
20180902822 2 5 8 6 4 7 3 1 10 9 
20180902823 9 2 5 8 10 1 7 3 6 4 
20180902824 10 6 7 2 9 1 5 8 4 3 
20180902825 1 8 2 5 4 7 6 9 3 10 
20180902826 6 8 9 4 5 7 10 1 3 2 
20180902827 1 5 9 6 3 2 10 7 4 8 
20180902828 7 3 8 4 5 10 2 6 1 9 
20180902829 1 7 6 8 10 9 5 3 2 4 
20180902830 6 8 10 1 2 3 4 7 9 5 
20180902831 3 2 4 6 5 1 10 8 7 9 
20180902832 8 4 6 5 1 7 3 9 2 10 
20180902833 2 10 5 8 7 9 3 6 4 1 
20180902834 4 9 1 10 3 7 2 6 5 8 
20180902835 9 3 8 7 10 6 5 4 2 1 
20180902836 3 2 5 10 6 4 8 9 7 1 
20180902837 3 2 1 9 4 8 10 7 6 5 
20180902838 7 1 10 6 2 9 5 4 8 3 
20180902839 6 4 9 10 3 2 1 7 5 8 
20180902840 8 4 5 9 3 10 6 2 1 7 
20180902841 10 8 2 4 3 9 7 6 5 1 
20180902842 8 5 2 7 4 3 1 6 9 10 
20180902843 3 4 8 2 1 6 10 5 9 7 
20180902844 9 1 3 5 4 10 6 2 7 8 
20180902845 4 10 3 5 1 6 9 8 2 7 
20180902846 6 4 2 9 8 7 10 1 3 5 
20180902847 8 10 2 9 4 7 6 1 5 3 
20180902848 4 10 7 8 5 9 6 3 1 2 
20180902849 8 1 2 6 10 4 3 7 5 9 
20180902850 4 2 8 5 6 3 7 1 9 10 
20180902851 1 7 2 4 5 3 10 6 9 8 
20180902852 4 5 7 8 2 9 3 10 1 6 
20180902853 1 7 3 6 9 4 2 8 10 5 
20180902854 7 8 3 1 10 2 5 9 4 6 
20180902855 10 7 2 6 4 8 1 5 9 3 
20180902856 9 8 4 10 3 6 1 5 7 2 
20180902857 10 4 5 3 9 6 1 2 7 8 
20180902858 3 5 1 9 6 8 7 10 2 4 
20180902859 7 9 3 6 8 2 10 1 5 4 
20180902860 2 3 5 9 8 6 7 1 4 10 
20180902861 1 3 10 4 9 2 5 6 8 7 
20180902862 2 3 10 7 6 5 8 9 4 1 
20180902863 2 9 7 6 4 10 1 3 5 8 
20180902864 4 3 2 7 8 10 5 9 6 1 
20180902865 7 4 3 1 10 6 9 2 8 5 
20180902866 6 9 3 4 7 1 10 5 8 2 
20180902867 6 2 4 10 7 8 3 1 9 5 
20180902868 9 6 10 7 5 1 3 8 2 4 
20180902869 4 1 7 2 10 5 9 3 6 8 
20180902870 8 6 2 4 1 3 5 9 7 10 
20180902871 6 5 4 2 3 10 8 9 7 1 
20180902872 1 2 5 7 3 8 9 4 10 6 
20180902873 3 6 7 4 5 8 1 2 10 9 
20180902874 1 7 5 6 4 3 10 2 9 8 
20180902875 8 5 3 7 10 1 2 9 6 4 
20180902876 6 1 3 9 10 8 5 7 2 4 
20180902877 5 7 2 4 6 9 1 3 10 8 
20180902878 2 6 7 4 3 1 5 9 8 10 
20180902879 2 4 8 1 7 3 5 9 6 10 
20180902880 4 1 9 8 3 7 6 2 10 5 
20180902881 3 5 8 7 1 10 9 4 6 2 
20180902882 6 1 5 3 8 4 9 2 7 10 
20180902883 5 4 8 7 1 3 10 6 2 9 
20180902884 10 2 8 4 7 1 5 6 9 3 
20180902885 7 1 8 10 4 6 5 2 3 9 
20180902886 2 3 10 1 6 4 9 8 5 7 
20180902887 7 2 1 10 4 6 5 3 9 8 
20180902888 9 1 3 2 5 10 4 8 7 6 
20180902889 10 2 3 4 6 7 1 8 5 9 
20180902890 7 10 2 4 9 3 5 8 1 6 
20180902891 3 5 10 4 6 9 7 8 2 1 
20180902892 2 10 5 1 3 7 9 4 8 6 
20180902893 7 9 4 6 3 1 5 10 2 8 
20180902894 10 8 6 1 5 3 9 7 2 4 
20180902895 10 1 7 4 8 3 2 9 5 6 
20180902896 9 5 2 6 1 4 8 10 3 7 
20180902897 5 3 7 1 9 4 6 8 2 10 
20180902898 6 1 9 8 7 3 10 2 5 4 
20180902899 3 10 5 9 7 2 6 1 4 8 
20180902900 3 5 2 4 6 7 8 10 1 9 
20180902901 5 8 10 6 4 7 1 3 9 2 
20180902902 5 9 3 8 1 7 10 4 6 2 
20180902903 1 9 3 7 10 6 4 8 2 5 
20180902904 3 5 9 4 7 2 6 10 8 1 
20180902905 1 7 4 2 9 5 3 10 8 6 
20180902906 2 4 8 6 5 1 9 7 3 10 
20180902907 5 10 4 1 6 7 3 9 8 2 
20180902908 9 7 4 10 1 3 6 8 2 5 
20180902909 2 1 5 7 10 4 6 3 9 8 
20180902910 7 2 5 10 6 8 1 9 3 4 
20180902911 5 3 9 7 6 8 10 2 1 4 
20180902912 9 6 3 5 8 2 7 4 1 10 
20180902913 8 3 10 9 7 6 1 2 4 5 
20180902914 1 9 5 8 3 2 10 4 7 6 
20180902915 7 8 5 3 4 6 1 2 10 9 
20180902916 7 4 10 2 3 9 5 8 1 6 
20180902917 2 7 4 1 10 5 8 3 6 9 
20180902918 2 6 9 7 10 8 3 5 1 4 
20180902919 6 3 8 2 5 7 9 4 1 10 
20180902920 5 3 9 10 2 1 6 8 7 4 
20180902921 1 2 8 9 10 6 3 5 7 4 
20180902922 7 10 8 3 5 4 2 1 6 9 
20180902923 7 9 6 2 8 4 10 3 5 1 
20180902924 2 3 4 6 9 7 1 8 5 10 
20180902925 8 5 6 2 9 3 7 1 10 4 
20180902926 8 3 5 6 10 7 2 1 9 4 
20180902927 5 10 1 2 3 7 4 8 9 6 
20180902928 4 7 5 1 10 8 9 6 2 3 
20180902929 10 4 9 7 5 8 3 1 2 6 
20180902930 7 10 2 5 1 3 8 6 9 4 
20180902931 4 2 9 8 1 6 7 10 3 5 
20180902932 4 5 7 1 2 8 3 10 9 6 
20180902933 7 10 2 5 4 9 1 6 3 8 
20180902934 2 7 1 6 5 8 9 3 4 10 
20180902935 7 2 8 9 4 5 6 10 1 3 
20180902936 2 5 8 9 4 6 1 7 3 10 
20180902937 8 3 4 6 7 2 9 1 5 10 
20180902938 3 7 2 1 9 8 6 5 4 10 
20180902939 9 2 10 6 5 4 3 8 7 1 
20180902940 5 4 8 2 6 7 9 1 3 10 
20180902941 8 6 10 3 7 2 9 5 1 4 
20180902942 8 5 3 2 10 6 9 1 7 4 
20180902943 7 1 4 9 3 6 10 2 5 8 
20180902944 6 3 10 4 2 9 8 5 7 1 
20180902945 2 1 9 8 10 5 4 6 3 7 
20180902946 4 9 1 6 2 10 5 3 7 8 
20180902947 2 8 10 4 3 7 6 5 9 1 
20180902948 5 2 6 1 4 9 3 7 8 10 
20180902949 6 5 1 9 2 8 3 4 7 10 
20180902950 5 9 6 7 2 8 3 1 4 10 
20180902951 3 10 6 9 7 8 1 2 4 5 
20180902952 3 9 10 8 2 6 1 5 7 4 
20180902953 7 10 4 2 6 3 5 8 1 9 
20180902954 5 3 2 9 8 7 10 4 1 6 
20180902955 2 5 9 4 8 10 3 7 6 1 
20180902956 8 4 3 6 5 1 10 9 2 7 
20180902957 4 5 2 9 7 1 3 8 10 6 
20180902958 4 7 10 5 8 1 3 6 2 9 
20180902959 6 2 10 3 5 4 9 1 8 7 
20180902960 10 4 3 9 8 7 2 6 5 1 
20180902961 8 3 6 1 2 5 9 10 7 4 
20180902962 8 9 4 1 2 7 3 6 5 10 
20180902963 5 6 8 3 9 2 10 7 1 4 
20180902964 6 7 3 1 4 5 10 2 9 8 
20180902965 2 1 7 8 9 10 5 4 3 6 
20180902966 9 5 6 3 10 7 1 4 2 8 
20180902967 1 9 3 4 6 2 10 7 8 5 
20180902968 6 5 10 9 4 1 2 3 7 8 
20180902969 4 2 6 8 1 7 3 5 10 9 
20180902970 3 6 9 10 4 1 5 7 8 2 
20180902971 4 1 9 8 2 3 6 10 7 5 
20180902972 1 3 4 10 5 7 2 6 9 8 
20180902973 6 3 1 9 8 7 5 10 4 2 
20180902974 4 7 9 10 1 6 2 5 8 3 
20180902975 2 7 1 5 4 6 3 9 8 10 
20180902976 7 2 5 10 4 1 9 8 3 6 
20180902977 6 5 7 4 3 8 9 10 1 2 
20180902978 2 10 3 5 7 8 9 6 1 4 
20180902979 10 1 5 7 8 6 4 9 3 2 
20180902980 4 5 8 2 9 6 7 10 1 3 
20180902981 7 10 3 1 9 8 4 2 6 5 
20180902982 9 1 5 2 6 10 8 3 7 4 
20180902983 5 2 10 6 4 8 7 3 1 9 
20180902984 9 1 10 5 3 7 2 6 8 4 
20180902985 2 9 4 1 5 10 6 8 7 3 
20180903001 1 8 3 6 10 4 5 7 2 9 
