20180915002 4 10 1 2 3 5 6 7 8 9 
20180915003 5 8 10 2 9 6 1 4 7 3 
20180915004 4 6 1 10 2 7 3 8 5 9 
20180915005 4 8 3 10 9 5 7 2 6 1 
20180915006 4 3 6 7 5 9 8 2 1 10 
20180915007 8 10 3 6 7 5 1 9 4 2 
20180915008 3 4 2 5 10 6 7 9 1 8 
20180915009 7 2 3 1 6 5 10 9 8 4 
20180915010 9 6 4 3 1 5 7 2 10 8 
20180915011 6 1 9 3 2 5 4 8 10 7 
20180915012 1 3 9 7 5 6 2 10 8 4 
20180915013 4 9 2 7 5 8 6 1 3 10 
20180915014 3 7 10 1 9 2 4 5 6 8 
20180915015 8 1 10 6 2 5 3 9 7 4 
20180915016 6 3 1 5 4 9 7 2 10 8 
20180915017 7 4 9 10 3 6 5 8 1 2 
20180915018 5 4 8 7 3 2 10 9 1 6 
20180915019 9 2 5 10 4 7 8 6 1 3 
20180915020 6 8 5 2 10 3 7 1 9 4 
20180915021 1 4 5 9 10 6 8 2 7 3 
20180915022 5 8 9 2 7 4 3 10 6 1 
20180915023 3 9 7 4 6 10 1 2 5 8 
20180915024 5 7 4 8 6 2 10 1 3 9 
20180915025 5 1 7 2 3 4 10 9 6 8 
20180915026 5 2 10 7 6 8 3 9 4 1 
20180915027 2 1 4 3 8 6 10 5 9 7 
20180915028 8 6 5 2 1 7 4 3 9 10 
20180915029 7 10 5 2 4 6 9 3 1 8 
20180915030 9 2 1 6 3 10 7 4 5 8 
20180915031 6 7 8 2 3 4 1 10 9 5 
20180915032 2 4 9 3 5 1 10 8 7 6 
20180915033 8 6 1 9 10 3 4 2 5 7 
20180915034 1 4 5 3 2 10 6 9 7 8 
20180915035 9 6 5 2 10 7 3 8 4 1 
20180915036 9 6 4 7 3 8 2 10 1 5 
20180915037 9 8 1 5 6 3 10 7 4 2 
20180915038 2 1 3 10 7 8 4 5 6 9 
20180915039 8 6 10 3 7 1 2 4 5 9 
20180915040 7 9 2 6 4 5 10 3 1 8 
20180915041 8 1 6 3 9 10 4 2 7 5 
20180915042 8 7 2 1 4 6 5 3 10 9 
20180915043 1 7 6 8 10 3 5 2 4 9 
20180915044 4 2 5 7 8 3 10 9 1 6 
20180915045 3 7 5 8 10 2 1 4 9 6 
20180915046 6 3 7 4 9 10 8 5 2 1 
20180915047 1 2 5 6 9 7 4 10 8 3 
20180915048 1 9 6 4 8 2 3 5 10 7 
20180915049 5 10 6 1 3 9 8 4 2 7 
20180915050 3 10 2 8 1 9 6 7 5 4 
20180915051 6 4 3 7 8 2 1 10 5 9 
20180915052 5 3 2 4 9 10 8 7 6 1 
20180915053 4 7 5 2 10 9 6 1 3 8 
20180915054 7 5 9 2 1 3 6 10 8 4 
20180915055 2 4 3 7 6 5 10 8 9 1 
20180915056 1 5 7 3 8 10 2 6 9 4 
20180915057 5 1 9 10 3 7 8 2 6 4 
20180915058 9 7 1 2 8 4 5 10 3 6 
20180915059 1 3 10 2 6 4 7 8 9 5 
20180915060 1 10 8 2 4 9 3 6 5 7 
20180915061 8 5 7 2 9 6 3 10 1 4 
20180915062 1 10 7 4 2 3 9 5 8 6 
20180915063 3 9 6 8 1 4 5 2 7 10 
20180915064 7 1 4 6 8 5 3 2 9 10 
20180915065 8 7 6 9 5 1 4 10 3 2 
20180915066 6 3 7 8 1 4 9 2 5 10 
20180915067 1 4 2 6 8 3 7 10 5 9 
20180915068 9 1 2 5 10 4 3 7 8 6 
20180915069 2 7 6 4 9 5 3 10 8 1 
20180915070 9 5 2 3 8 4 1 7 6 10 
20180915071 5 4 3 6 10 8 9 1 7 2 
20180915072 9 10 5 1 4 6 8 3 7 2 
20180915073 2 6 1 7 9 3 5 10 4 8 
20180915074 5 10 9 3 8 2 7 6 4 1 
20180915075 8 7 3 10 1 5 6 9 2 4 
20180915076 5 4 3 1 7 6 2 9 10 8 
20180915077 2 1 8 4 7 6 5 9 3 10 
20180915078 3 7 6 10 1 8 4 5 2 9 
20180915079 4 3 6 5 10 8 1 2 9 7 
20180915080 10 3 8 2 9 5 1 6 7 4 
20180915081 2 3 9 10 8 5 6 4 7 1 
20180915082 8 3 5 1 4 9 10 6 7 2 
20180915083 4 1 10 9 5 3 8 2 7 6 
20180915084 2 4 7 5 8 10 9 6 1 3 
20180915085 9 6 10 4 1 5 2 7 3 8 
20180915086 2 3 7 8 6 1 9 10 5 4 
20180915087 3 2 4 9 7 5 1 8 10 6 
20180915088 7 8 4 3 10 6 9 2 1 5 
20180915089 5 9 10 1 8 6 2 3 4 7 
20180915090 4 7 6 1 5 8 10 3 2 9 
20180915091 6 9 8 2 10 7 4 1 5 3 
20180915092 1 9 5 3 8 2 7 10 4 6 
20180915093 6 4 8 10 5 1 2 9 7 3 
20180915094 5 2 3 1 4 7 6 8 9 10 
20180915095 6 1 3 5 4 9 8 10 7 2 
20180915096 6 5 8 9 10 7 4 3 2 1 
20180915097 9 8 5 6 1 7 2 10 3 4 
20180915098 7 2 10 1 9 4 5 8 3 6 
20180915099 4 7 2 10 1 6 9 3 5 8 
20180915100 9 3 5 10 6 4 1 7 8 2 
20180915101 4 9 7 2 1 5 3 10 6 8 
20180915102 7 10 4 9 6 5 8 1 3 2 
20180915103 7 9 8 4 3 6 10 1 2 5 
20180915104 9 3 10 4 5 1 2 8 6 7 
20180915105 4 3 2 6 5 9 10 1 8 7 
20180915106 8 2 10 6 1 7 5 4 3 9 
20180915107 10 2 7 9 5 1 8 4 6 3 
20180915108 8 1 9 5 2 10 3 6 4 7 
20180915109 3 4 10 5 2 6 1 7 8 9 
20180915110 2 9 7 6 8 5 3 4 1 10 
20180915111 2 3 7 4 10 8 1 6 9 5 
20180915112 2 3 5 9 1 8 10 6 7 4 
20180915113 9 10 5 7 4 6 1 3 2 8 
20180915114 7 2 4 5 3 9 8 6 10 1 
20180915115 7 5 10 8 1 9 3 2 6 4 
20180915116 8 2 9 4 10 1 5 7 6 3 
20180915117 3 7 9 2 6 4 5 10 1 8 
20180915118 3 2 8 5 10 9 1 6 7 4 
20180915119 1 7 3 4 6 9 8 10 5 2 
20180915120 4 3 5 10 6 8 2 7 9 1 
20180915121 3 7 8 10 6 4 9 1 5 2 
20180915122 4 3 9 1 5 10 2 7 6 8 
20180915123 10 6 3 4 2 7 8 9 5 1 
20180915124 9 5 2 3 7 4 1 6 8 10 
20180915125 10 8 1 6 9 7 2 4 5 3 
20180915126 4 3 8 2 7 10 5 1 6 9 
20180915127 7 1 4 2 3 5 9 8 6 10 
20180915128 6 7 3 2 9 8 1 10 5 4 
20180915129 4 7 6 5 9 3 10 8 2 1 
20180915130 4 9 8 2 10 6 3 1 7 5 
20180915131 9 3 8 7 6 5 2 1 4 10 
20180915132 9 2 8 7 6 10 4 3 5 1 
20180915133 6 3 2 10 8 4 9 7 5 1 
20180915134 4 2 1 8 5 10 6 7 9 3 
20180915135 6 2 3 8 7 5 4 1 10 9 
20180915136 1 5 4 3 10 9 6 2 7 8 
20180915137 4 8 5 2 3 6 7 9 1 10 
20180915138 6 3 9 8 5 2 10 4 1 7 
20180915139 8 4 9 2 1 7 6 3 10 5 
20180915140 8 9 7 2 10 5 1 4 3 6 
20180915141 9 5 8 3 10 2 6 7 1 4 
20180915142 10 7 2 1 4 9 3 6 8 5 
20180915143 1 10 3 5 2 6 7 4 8 9 
20180915144 9 3 2 6 1 7 5 8 4 10 
20180915145 4 8 2 7 9 1 5 10 3 6 
20180915146 1 9 5 6 8 3 4 7 10 2 
20180915147 5 9 10 7 6 1 4 2 8 3 
20180915148 5 4 8 1 9 2 7 10 6 3 
20180915149 10 7 8 1 2 5 9 3 4 6 
20180915150 8 6 2 1 4 7 5 3 9 10 
20180915151 8 6 10 5 3 2 4 7 1 9 
20180915152 1 9 5 2 3 10 6 8 4 7 
20180915153 4 5 3 7 1 8 2 10 9 6 
20180915154 7 3 2 4 8 9 5 10 1 6 
20180915155 1 8 2 10 7 4 6 9 5 3 
20180915156 5 10 7 9 3 1 2 4 8 6 
20180915157 10 8 4 1 7 3 6 5 2 9 
20180915158 5 6 4 10 9 8 1 2 7 3 
20180915159 10 4 5 9 6 2 3 7 1 8 
20180915160 2 1 7 6 10 4 9 5 3 8 
20180915161 8 5 1 3 10 6 2 4 7 9 
20180915162 7 10 4 1 5 2 6 3 8 9 
20180915163 2 7 4 6 10 8 5 9 1 3 
20180915164 4 3 7 10 9 2 1 5 8 6 
20180915165 3 6 7 5 8 4 1 10 2 9 
20180915166 9 1 10 4 5 2 6 3 8 7 
20180915167 8 9 3 6 5 10 4 7 2 1 
20180915168 10 8 4 5 6 1 7 9 3 2 
20180915169 5 2 6 9 10 7 1 8 4 3 
20180915170 3 7 10 9 1 2 6 8 4 5 
20180915171 3 10 9 2 6 1 5 7 4 8 
20180915172 7 1 4 6 2 9 5 3 8 10 
20180915173 9 1 10 2 4 3 8 6 7 5 
20180915174 4 1 10 8 5 3 7 2 9 6 
20180915175 8 10 4 1 2 9 6 7 5 3 
20180915176 8 5 9 7 2 3 6 4 1 10 
20180915177 5 8 9 2 4 3 6 10 7 1 
20180915178 4 1 6 3 7 5 2 9 8 10 
20180915179 1 9 7 10 5 6 4 2 8 3 
20180915180 8 6 9 3 7 10 2 1 4 5 
20180915181 3 1 8 5 2 10 4 9 7 6 
20180915182 1 9 10 2 7 6 5 8 3 4 
20180915183 3 7 5 4 9 8 10 6 2 1 
20180915184 10 2 6 9 3 4 7 1 5 8 
20180915185 8 2 1 5 4 10 7 3 6 9 
20180915186 9 2 4 6 1 7 5 10 3 8 
20180915187 10 1 2 4 6 5 3 7 8 9 
20180915188 9 2 7 3 4 6 8 10 1 5 
20180915189 8 4 2 3 5 6 10 1 9 7 
20180915190 1 8 4 3 5 2 9 10 7 6 
20180915191 10 8 2 3 6 1 4 5 9 7 
20180915192 3 7 6 5 10 8 1 2 4 9 
20180915193 3 5 4 8 6 1 10 9 2 7 
20180915194 10 6 4 3 2 5 1 9 8 7 
20180915195 2 5 10 3 1 7 8 9 4 6 
20180915196 8 4 1 2 9 3 7 10 6 5 
20180915197 6 7 4 5 1 8 2 10 9 3 
20180915198 2 9 6 3 4 1 7 10 5 8 
20180915199 8 3 5 4 6 10 9 1 2 7 
20180915200 9 2 10 5 8 4 6 1 7 3 
20180915201 7 8 3 6 9 5 10 4 2 1 
20180915202 3 1 4 6 10 2 9 5 8 7 
20180915203 7 5 9 10 4 1 8 3 6 2 
20180915204 7 5 3 8 1 9 4 6 10 2 
20180915205 9 3 1 5 4 10 2 7 6 8 
20180915206 3 7 9 5 6 10 4 8 1 2 
20180915207 6 8 5 1 4 3 10 2 9 7 
20180915208 4 3 2 5 9 7 8 1 10 6 
20180915209 2 10 3 1 9 8 5 7 6 4 
20180915210 9 10 8 4 2 5 3 6 7 1 
20180915211 7 2 3 1 9 8 5 10 6 4 
20180915212 3 2 5 6 4 9 1 8 10 7 
20180915213 10 5 8 9 6 2 1 4 3 7 
20180915214 4 1 10 6 9 5 2 7 8 3 
20180915215 2 1 10 5 9 6 7 3 4 8 
20180915216 5 7 10 3 6 9 1 4 8 2 
20180915217 5 2 8 6 4 7 9 1 10 3 
20180915218 3 10 6 9 5 7 2 1 4 8 
20180915219 3 6 8 7 4 10 2 1 5 9 
20180915220 6 8 1 3 4 2 10 9 7 5 
20180915221 5 9 1 4 8 10 7 2 6 3 
20180915222 4 6 5 2 10 9 8 1 7 3 
20180915223 8 7 10 1 2 4 6 3 9 5 
20180915224 10 9 2 7 1 6 4 8 5 3 
20180915225 9 6 7 10 3 2 8 4 5 1 
20180915226 9 10 5 8 3 1 6 7 2 4 
20180915227 7 6 1 4 10 3 2 8 5 9 
20180915228 3 2 1 10 8 6 7 9 5 4 
20180915229 9 4 7 5 10 2 1 6 8 3 
20180915230 9 10 8 6 5 1 2 7 4 3 
20180915231 5 7 1 6 4 10 9 2 3 8 
20180915232 2 7 10 6 4 3 1 8 5 9 
20180915233 10 7 2 4 9 8 5 1 6 3 
20180915234 1 5 6 2 4 8 7 10 3 9 
20180915235 4 7 5 6 1 2 3 9 8 10 
20180915236 8 4 3 1 9 7 5 6 10 2 
20180915237 7 8 6 5 3 9 4 10 2 1 
20180915238 6 5 1 9 8 10 4 7 3 2 
20180915239 3 4 9 10 1 7 2 5 6 8 
20180915240 4 8 6 2 3 5 7 1 9 10 
20180915241 9 6 8 7 1 2 5 3 10 4 
20180915242 8 3 5 9 4 1 10 6 2 7 
20180915243 10 2 6 8 4 5 3 9 7 1 
20180915244 6 7 1 10 9 5 3 8 4 2 
20180915245 4 7 2 8 10 1 6 9 3 5 
20180915246 2 9 8 10 7 3 6 5 1 4 
20180915247 3 2 10 6 5 1 4 8 9 7 
20180915248 7 2 4 1 8 3 5 6 9 10 
20180915249 1 7 10 4 9 3 6 5 2 8 
20180915250 7 2 9 10 5 6 3 8 4 1 
20180915251 6 4 7 5 1 3 8 2 9 10 
20180915252 7 8 6 3 10 5 2 9 1 4 
20180915253 10 9 8 4 3 6 1 5 7 2 
20180915254 8 10 7 2 1 5 3 4 9 6 
20180915255 9 5 2 7 8 3 4 10 6 1 
20180915256 5 2 9 3 4 7 1 8 10 6 
20180915257 4 5 8 9 1 2 7 10 6 3 
20180915258 5 1 7 4 9 8 2 3 10 6 
20180915259 9 6 10 2 3 8 5 7 4 1 
20180915260 1 10 4 8 6 7 5 2 3 9 
20180915261 3 5 4 7 10 9 2 6 1 8 
20180915262 1 3 10 9 2 4 8 5 6 7 
20180915263 8 7 4 10 9 5 2 3 1 6 
20180915264 3 8 1 2 6 4 10 5 7 9 
20180915265 3 7 2 8 6 1 9 10 4 5 
20180915266 6 3 7 8 2 9 5 1 4 10 
20180915267 7 8 1 6 4 5 2 10 9 3 
20180915268 4 5 10 1 9 3 7 6 2 8 
20180915269 3 5 9 4 2 10 6 7 1 8 
20180915270 2 1 3 4 8 7 5 10 9 6 
20180915271 10 3 8 7 9 4 5 6 1 2 
20180915272 1 7 8 10 2 4 6 9 3 5 
20180915273 1 4 9 2 6 3 8 10 5 7 
20180915274 9 6 5 8 2 7 10 1 4 3 
20180915275 1 9 8 10 7 3 2 5 4 6 
20180915276 7 8 6 4 2 5 9 1 10 3 
20180915277 8 3 5 2 9 10 6 7 4 1 
20180915278 7 1 4 8 6 2 5 3 9 10 
20180915279 8 6 10 2 4 9 5 7 3 1 
20180915280 1 8 10 6 3 9 7 4 2 5 
20180915281 5 4 9 6 2 8 1 10 7 3 
20180915282 10 9 1 4 5 6 7 2 3 8 
20180915283 10 9 5 1 3 7 4 6 8 2 
20180915284 7 5 9 10 4 8 6 3 1 2 
20180915285 2 1 9 6 10 4 3 8 5 7 
20180915286 8 5 3 7 9 4 1 6 10 2 
20180915287 9 6 10 1 2 5 4 3 8 7 
20180915288 3 1 7 4 8 5 6 10 2 9 
20180915289 7 8 1 5 2 10 3 4 6 9 
20180915290 7 5 4 3 2 10 6 8 1 9 
20180915291 3 6 7 5 4 9 2 1 8 10 
20180915292 3 5 9 7 4 2 1 10 6 8 
20180915293 7 4 1 8 10 3 9 6 5 2 
20180915294 7 6 1 9 8 4 3 2 5 10 
20180915295 9 4 7 10 6 8 5 3 2 1 
20180915296 6 9 5 10 2 7 4 3 1 8 
20180915297 10 3 6 4 7 5 2 8 9 1 
20180915298 8 2 7 6 9 4 3 10 1 5 
20180915299 10 4 8 5 6 3 2 9 1 7 
20180915300 2 3 1 4 8 9 10 7 6 5 
20180915301 9 2 7 3 6 10 4 8 1 5 
20180915302 5 8 7 2 9 10 4 6 1 3 
20180915303 5 6 2 3 4 10 9 7 1 8 
20180915304 7 10 5 4 9 1 6 2 8 3 
20180915305 10 4 7 9 5 1 2 3 8 6 
20180915306 8 6 7 2 1 9 10 4 3 5 
20180915307 7 2 4 5 9 1 6 10 8 3 
20180915308 9 1 8 10 7 3 5 4 2 6 
20180915309 8 3 6 7 5 9 4 1 2 10 
20180915310 8 3 7 5 2 9 4 1 6 10 
20180915311 3 5 2 7 10 4 9 8 6 1 
20180915312 10 1 6 9 2 5 8 3 7 4 
20180915313 1 6 10 9 7 4 8 5 3 2 
20180915314 9 2 5 4 3 10 8 1 7 6 
20180915315 5 3 4 6 7 2 9 1 8 10 
20180915316 4 10 9 6 7 1 5 3 8 2 
20180915317 8 5 3 2 1 7 10 4 9 6 
20180915318 2 10 5 3 1 9 4 7 8 6 
20180915319 9 8 5 7 4 10 1 6 3 2 
20180915320 8 5 3 9 1 7 10 2 4 6 
20180915321 1 7 10 9 4 2 6 8 5 3 
20180915322 5 7 10 9 6 8 4 1 2 3 
20180915323 6 9 2 3 7 8 5 1 10 4 
20180915324 4 9 6 5 10 8 7 2 1 3 
20180915325 10 8 1 6 7 3 5 9 4 2 
20180915326 6 7 4 2 8 1 5 10 9 3 
20180915327 1 7 8 2 9 3 10 5 4 6 
20180915328 1 4 3 2 7 8 6 9 5 10 
20180915329 5 8 1 4 3 6 2 9 7 10 
20180915330 1 2 6 7 3 9 8 10 5 4 
20180915331 5 4 1 6 2 10 8 9 3 7 
20180915332 10 6 1 4 2 8 7 9 5 3 
20180915333 7 4 10 1 3 6 5 8 9 2 
20180915334 8 6 7 9 3 1 2 5 10 4 
20180915335 5 2 7 8 3 1 4 10 9 6 
20180915336 2 3 10 6 5 7 1 9 4 8 
20180915337 7 10 9 3 2 8 5 1 4 6 
20180915338 10 9 5 4 1 6 2 7 3 8 
20180915339 3 6 1 9 8 4 10 5 7 2 
20180915340 5 10 6 1 7 4 2 9 3 8 
20180915341 5 10 6 8 2 3 4 1 7 9 
20180915342 8 2 5 6 3 10 7 1 4 9 
20180915343 8 1 9 5 6 7 4 2 10 3 
20180915344 10 8 7 4 9 5 3 1 6 2 
20180915345 4 2 8 10 5 7 1 6 3 9 
20180915346 3 4 1 9 7 8 5 10 6 2 
20180915347 3 10 7 1 2 8 4 6 5 9 
20180915348 10 8 1 2 7 9 4 6 5 3 
20180915349 3 5 9 2 1 8 10 4 7 6 
20180915350 1 8 10 4 3 6 7 9 5 2 
20180915351 7 6 9 1 4 10 2 3 8 5 
20180915352 5 1 2 3 9 6 8 7 10 4 
20180915353 7 2 3 8 5 1 9 10 4 6 
20180915354 6 1 9 10 3 8 4 2 5 7 
20180915355 9 6 7 5 3 1 2 4 10 8 
20180915356 7 6 1 9 4 10 2 8 3 5 
20180915357 1 5 7 3 6 2 4 9 10 8 
20180915358 7 8 6 2 4 1 5 9 10 3 
20180915359 3 8 9 10 6 7 4 5 2 1 
20180915360 6 4 7 2 1 3 10 5 9 8 
20180915361 3 1 9 2 8 6 7 5 4 10 
20180915362 10 8 9 6 7 4 3 5 1 2 
20180915363 8 4 2 3 7 10 1 9 6 5 
20180915364 6 1 4 7 2 8 3 5 9 10 
20180915365 9 3 7 5 8 6 2 10 1 4 
20180915366 3 7 10 6 4 1 8 9 2 5 
20180915367 8 3 6 4 2 9 7 10 1 5 
20180915368 8 6 2 4 9 3 5 1 10 7 
20180915369 4 8 1 9 6 10 3 5 2 7 
20180915370 7 9 2 6 8 3 5 10 4 1 
20180915371 4 10 6 8 5 3 1 9 2 7 
20180915372 6 7 3 2 1 4 9 8 5 10 
20180915373 5 4 9 10 2 1 7 8 3 6 
20180915374 4 3 8 10 2 9 1 7 6 5 
20180915375 4 9 10 7 5 2 1 3 6 8 
20180915376 6 3 5 9 10 2 7 4 8 1 
20180915377 5 7 9 3 8 6 10 1 4 2 
20180915378 4 10 8 5 1 2 6 9 3 7 
20180915379 5 4 10 1 6 7 3 9 8 2 
20180915380 2 8 5 4 9 3 1 10 7 6 
20180915381 9 10 4 5 7 6 2 1 8 3 
20180915382 8 7 6 3 10 2 5 9 1 4 
20180915383 9 7 4 3 8 5 6 1 10 2 
20180915384 10 3 8 7 9 2 1 6 4 5 
20180915385 8 4 10 1 9 2 3 7 5 6 
20180915386 7 5 10 8 2 6 4 3 9 1 
20180915387 5 2 10 9 8 3 4 6 7 1 
20180915388 9 8 1 4 2 7 3 5 10 6 
20180915389 3 8 2 4 7 1 5 9 10 6 
20180915390 6 5 9 10 8 3 7 2 4 1 
20180915391 9 1 5 7 6 2 4 8 3 10 
20180915392 5 7 3 1 10 9 6 4 2 8 
20180915393 5 2 3 9 8 4 1 10 7 6 
20180915394 5 2 1 4 3 8 7 6 10 9 
20180915395 4 5 3 1 7 6 9 8 2 10 
20180915396 7 4 10 2 6 3 5 9 8 1 
20180915397 2 1 8 9 6 3 4 7 10 5 
20180915398 7 6 3 4 9 1 10 8 5 2 
20180915399 7 8 5 3 10 4 9 1 6 2 
20180915400 9 4 10 3 6 7 8 1 2 5 
20180915401 7 5 2 9 4 1 3 6 10 8 
20180915402 10 8 1 9 5 4 6 7 3 2 
20180915403 3 2 10 9 7 5 4 1 8 6 
20180915404 10 9 6 1 2 4 8 7 5 3 
20180915405 3 9 1 7 6 8 4 5 10 2 
20180915406 7 8 6 5 9 10 3 2 1 4 
20180915407 7 8 3 5 4 10 9 2 1 6 
20180915408 5 9 10 2 8 6 1 4 3 7 
20180915409 10 1 2 5 3 9 6 8 7 4 
20180915410 3 4 8 7 6 2 5 9 1 10 
20180915411 7 1 6 5 2 3 10 9 8 4 
20180915412 4 3 9 10 7 1 5 2 6 8 
20180915413 6 2 4 9 1 5 7 3 10 8 
20180915414 3 8 1 2 4 7 10 9 6 5 
20180915415 7 3 10 4 6 2 8 1 5 9 
20180915416 8 10 3 4 9 5 7 2 6 1 
20180915417 4 10 9 3 8 6 2 5 7 1 
20180915418 3 7 5 10 1 2 8 6 4 9 
20180915419 10 5 7 1 8 4 3 9 2 6 
20180915420 7 5 6 2 10 3 9 4 8 1 
20180915421 3 6 2 1 8 5 9 7 10 4 
20180915422 6 10 8 1 2 3 7 5 9 4 
20180915423 6 7 9 8 4 5 3 2 1 10 
20180915424 7 1 10 8 5 6 3 2 4 9 
20180915425 8 6 4 5 2 10 9 7 1 3 
20180915426 6 2 4 8 7 10 3 1 5 9 
20180915427 5 8 6 2 7 9 4 10 1 3 
20180915428 8 4 1 3 5 9 7 10 6 2 
20180915429 5 1 7 10 3 9 8 2 6 4 
20180915430 4 2 3 8 6 9 10 5 7 1 
20180915431 3 8 6 10 5 2 7 9 4 1 
20180915432 1 7 8 6 4 3 2 5 10 9 
20180915433 8 2 5 9 1 7 4 10 3 6 
20180915434 4 2 9 10 6 1 8 3 5 7 
20180915435 1 7 2 10 4 9 8 5 6 3 
20180915436 5 1 10 8 3 7 4 2 9 6 
20180915437 5 3 4 8 10 7 9 6 1 2 
20180915438 7 1 6 2 5 10 3 8 9 4 
20180915439 6 9 4 2 3 8 5 7 10 1 
20180915440 5 3 4 10 1 7 6 2 8 9 
20180915441 5 1 4 9 7 6 2 8 3 10 
20180915442 3 5 2 6 7 9 8 4 1 10 
20180915443 4 1 8 3 6 10 5 2 7 9 
20180915444 3 9 6 7 4 5 10 1 8 2 
20180915445 10 6 9 8 2 3 1 5 4 7 
20180915446 1 8 9 5 2 4 3 6 7 10 
20180915447 1 9 2 5 10 7 4 8 3 6 
20180915448 3 10 1 9 8 5 2 4 7 6 
20180915449 5 7 1 2 10 4 8 9 3 6 
20180915450 6 3 8 2 4 7 5 9 10 1 
20180915451 4 7 6 1 3 5 8 9 2 10 
20180915452 2 9 4 6 8 3 5 7 1 10 
20180915453 4 5 8 9 1 6 3 7 10 2 
20180915454 4 7 2 8 10 9 5 3 1 6 
20180915455 7 5 9 3 10 4 6 1 8 2 
20180915456 3 1 8 9 4 10 6 7 2 5 
20180915457 4 9 2 7 1 5 8 6 3 10 
20180915458 7 6 10 1 9 5 2 3 8 4 
20180915459 8 7 10 5 4 9 1 6 2 3 
20180915460 9 4 6 3 1 7 8 5 10 2 
20180915461 5 2 6 8 9 3 7 1 4 10 
20180915462 6 1 3 7 9 5 8 10 2 4 
20180915463 5 3 9 1 10 6 7 4 8 2 
20180915464 8 7 2 10 1 5 6 9 4 3 
20180915465 3 1 10 7 6 4 9 8 5 2 
20180915466 1 9 4 5 3 7 10 8 6 2 
20180915467 3 10 8 4 6 5 2 7 9 1 
20180915468 2 1 4 9 5 6 3 7 8 10 
20180915469 8 6 4 9 5 2 3 1 10 7 
20180915470 9 8 1 4 2 6 10 5 3 7 
20180915471 9 5 3 7 10 6 2 8 1 4 
20180915472 2 6 3 9 5 1 10 7 4 8 
20180915473 8 3 1 9 5 10 6 7 2 4 
20180915474 4 8 10 5 7 2 3 6 9 1 
20180915475 3 4 2 7 5 8 9 6 1 10 
20180915476 4 3 2 10 9 7 6 8 5 1 
20180915477 2 8 3 9 4 5 7 6 1 10 
20180915478 6 4 9 10 1 8 2 3 7 5 
20180915479 3 8 5 4 9 10 7 2 1 6 
20180915480 3 2 6 4 9 7 10 5 8 1 
20180915481 10 1 3 5 6 8 4 9 2 7 
20180915482 6 5 2 9 8 1 7 4 10 3 
20180915483 5 2 3 8 10 7 9 1 6 4 
20180915484 9 2 6 1 5 4 3 10 7 8 
20180915485 10 7 2 1 6 4 3 8 5 9 
20180915486 6 1 7 5 9 4 2 3 10 8 
20180915487 5 2 8 7 6 9 3 4 1 10 
20180915488 8 10 3 7 5 4 6 2 1 9 
20180915489 5 9 7 8 4 6 1 3 2 10 
20180915490 1 9 3 5 7 10 8 4 6 2 
20180915491 1 6 5 2 9 3 7 8 4 10 
20180915492 4 9 8 6 1 10 2 3 7 5 
20180915493 6 7 1 10 8 2 9 4 5 3 
20180915494 9 3 4 1 8 10 5 2 7 6 
20180915495 2 6 7 3 4 5 1 10 8 9 
20180915496 3 2 9 4 8 1 7 5 6 10 
20180915497 5 2 6 8 1 10 9 3 7 4 
20180915498 2 1 7 5 4 9 3 8 10 6 
20180915499 2 3 5 4 10 8 9 1 7 6 
20180915500 2 10 7 4 3 8 5 6 9 1 
20180915501 1 4 8 2 7 5 6 10 3 9 
20180915502 7 1 10 3 2 5 6 8 4 9 
20180915503 7 9 3 1 6 8 2 4 5 10 
20180915504 3 1 5 6 10 9 8 4 7 2 
20180915505 1 10 3 7 9 6 2 8 5 4 
20180915506 6 5 2 7 9 8 3 1 10 4 
20180915507 1 10 8 6 2 5 7 9 4 3 
20180915508 7 9 2 3 4 1 8 10 6 5 
20180915509 8 3 1 9 6 5 2 4 10 7 
20180915510 10 7 3 6 5 1 8 2 4 9 
20180915511 9 8 10 1 5 2 4 3 6 7 
20180915512 8 3 1 2 10 7 9 4 6 5 
20180915513 10 2 8 3 9 5 6 4 1 7 
20180915514 10 2 7 9 3 1 5 6 4 8 
20180915515 10 9 5 3 1 6 4 8 2 7 
20180915516 8 4 2 6 7 10 1 3 9 5 
20180915517 1 10 9 2 6 3 7 8 4 5 
20180915518 5 9 7 6 2 8 10 3 1 4 
20180915519 4 5 3 7 6 8 10 1 9 2 
20180915520 4 8 6 3 9 7 1 2 5 10 
20180915521 5 1 6 3 9 8 7 2 10 4 
20180915522 6 8 5 4 9 2 3 1 10 7 
20180915523 10 1 9 8 7 5 3 4 2 6 
20180915524 3 6 9 4 8 1 5 10 7 2 
20180915525 5 3 7 9 10 8 1 6 4 2 
20180915526 3 8 2 7 6 9 5 1 10 4 
20180915527 3 4 5 1 7 9 2 10 6 8 
20180915528 7 1 6 5 3 4 8 10 2 9 
20180915529 4 1 9 2 6 7 5 8 10 3 
20180915530 5 2 1 3 9 8 4 6 7 10 
20180915531 5 2 9 7 3 10 8 4 6 1 
20180915532 5 8 10 9 6 3 1 2 4 7 
20180915533 1 10 9 6 8 7 3 2 4 5 
20180915534 2 8 3 10 5 7 9 1 4 6 
20180915535 7 2 8 3 4 9 5 1 10 6 
20180915536 9 5 2 1 7 8 3 10 4 6 
20180915537 2 8 9 4 5 7 10 3 1 6 
20180915538 10 4 2 9 5 3 7 1 8 6 
20180915539 5 2 3 1 7 9 10 8 4 6 
20180915540 7 3 1 4 8 6 9 10 2 5 
20180915541 5 7 9 8 1 2 4 3 6 10 
20180915542 9 10 2 7 8 5 4 1 3 6 
20180915543 6 8 1 2 5 10 3 9 7 4 
20180915544 10 7 8 3 1 9 4 6 5 2 
20180915545 10 6 4 7 3 2 8 5 1 9 
20180915546 4 7 8 9 3 5 2 6 1 10 
20180915547 3 9 8 10 2 4 5 6 1 7 
20180915548 9 8 5 2 3 1 10 7 6 4 
20180915549 7 1 5 9 3 4 6 10 8 2 
20180915550 9 7 8 3 10 5 6 2 4 1 
20180915551 6 8 5 7 3 9 2 1 10 4 
20180915552 9 3 4 10 1 8 2 5 7 6 
20180915553 9 5 10 6 7 8 3 4 1 2 
20180915554 7 4 10 6 1 9 5 8 3 2 
20180915555 2 4 6 7 8 1 3 9 5 10 
20180915556 3 4 9 2 7 1 10 8 6 5 
20180915557 3 7 2 6 5 4 8 1 10 9 
20180915558 2 3 8 6 9 5 7 4 1 10 
20180915559 4 8 3 6 2 9 1 5 7 10 
20180915560 3 9 7 10 5 2 1 8 4 6 
20180915561 7 6 2 8 5 9 10 3 1 4 
20180915562 1 10 8 7 9 4 5 3 6 2 
20180915563 7 2 5 9 6 4 1 10 8 3 
20180915564 2 5 7 4 3 8 6 10 1 9 
20180915565 2 6 1 10 4 7 8 3 5 9 
20180915566 7 4 3 6 8 9 2 5 1 10 
20180915567 2 6 3 1 5 4 10 7 8 9 
20180915568 8 6 7 4 9 2 3 1 5 10 
20180915569 4 9 6 7 5 3 8 2 10 1 
20180915570 1 3 6 4 9 7 2 8 5 10 
20180915571 10 5 2 7 4 6 8 1 3 9 
20180915572 5 9 10 2 1 7 6 3 4 8 
20180915573 7 4 9 5 10 6 8 1 2 3 
20180915574 6 1 5 9 8 2 3 4 7 10 
20180915575 6 4 1 7 10 5 2 8 3 9 
20180915576 8 9 2 7 1 5 6 10 3 4 
20180915577 10 4 1 7 5 6 2 8 9 3 
20180915578 10 4 9 3 2 1 6 5 8 7 
20180915579 6 8 4 9 1 3 5 10 7 2 
20180915580 3 10 6 2 4 9 8 1 5 7 
20180915581 2 7 10 1 8 3 5 6 9 4 
20180915582 4 1 7 10 2 3 9 5 6 8 
20180915583 6 10 7 9 4 5 1 2 8 3 
20180915584 9 3 5 4 1 10 6 8 2 7 
20180915585 6 3 5 1 10 2 8 4 9 7 
20180915586 2 9 10 1 8 4 3 7 5 6 
20180915587 3 4 5 6 1 7 10 9 8 2 
20180915588 4 10 6 7 5 8 3 2 9 1 
20180915589 5 2 10 3 8 7 9 1 4 6 
20180915590 5 6 4 7 8 1 10 9 3 2 
20180915591 1 10 2 9 5 4 3 6 7 8 
20180915592 3 6 2 4 10 1 8 5 7 9 
20180915593 2 1 10 8 5 9 7 3 4 6 
20180915594 6 4 10 3 9 7 1 5 2 8 
20180915595 3 5 8 9 7 10 1 6 2 4 
20180915596 7 6 10 9 1 3 8 4 2 5 
20180915597 2 5 4 10 1 7 6 9 8 3 
20180915598 4 10 9 6 3 5 7 1 8 2 
20180915599 1 10 2 8 6 4 7 3 5 9 
20180915600 6 4 5 3 2 1 10 9 7 8 
20180915601 7 10 2 5 9 4 6 3 1 8 
20180915602 10 5 1 9 8 3 2 4 7 6 
20180915603 4 7 3 8 2 6 10 5 9 1 
20180915604 2 9 5 4 6 1 7 8 3 10 
20180915605 4 7 8 1 5 3 9 6 2 10 
20180915606 2 8 1 6 3 9 4 5 7 10 
20180915607 2 3 7 9 5 4 10 6 1 8 
20180915608 10 9 1 4 5 8 6 7 2 3 
20180915609 4 6 3 9 2 7 5 1 8 10 
20180915610 5 2 3 10 4 9 7 8 1 6 
20180915611 10 2 4 9 1 3 8 7 6 5 
20180915612 2 7 4 6 3 8 10 9 5 1 
20180915613 3 8 7 10 5 2 6 4 9 1 
20180915614 7 10 1 6 5 4 9 3 8 2 
20180915615 3 9 10 8 4 1 2 5 6 7 
20180915616 10 9 5 7 4 1 8 6 2 3 
20180915617 3 9 7 1 2 5 6 10 4 8 
20180915618 10 5 3 1 4 6 8 2 7 9 
20180915619 9 1 8 6 2 10 7 3 4 5 
20180915620 5 6 8 2 10 3 9 1 7 4 
20180915621 2 7 1 3 10 8 4 6 5 9 
20180915622 1 4 3 9 8 2 5 7 10 6 
20180915623 7 1 2 8 3 6 5 10 9 4 
20180915624 4 8 2 7 1 3 10 6 5 9 
20180915625 5 10 2 7 9 3 8 1 6 4 
20180915626 2 4 10 3 8 7 6 9 5 1 
20180915627 10 9 5 3 8 1 2 4 6 7 
20180915628 7 6 10 4 2 3 9 1 8 5 
20180915629 3 7 6 10 9 1 5 4 8 2 
20180915630 5 4 3 1 10 8 2 7 9 6 
20180915631 6 1 3 5 8 4 9 2 7 10 
20180915632 9 7 4 6 2 1 8 5 10 3 
20180915633 1 8 7 10 9 4 5 2 3 6 
20180915634 9 4 8 5 10 7 3 1 6 2 
20180915635 6 5 3 4 9 7 1 10 8 2 
20180915636 7 8 3 9 10 4 5 6 1 2 
20180915637 8 9 1 3 4 10 7 5 6 2 
20180915638 4 6 1 2 10 9 8 3 5 7 
20180915639 9 10 1 6 2 5 8 7 3 4 
20180915640 5 4 2 9 8 3 10 6 7 1 
20180915641 6 4 5 7 1 9 2 10 3 8 
20180915642 6 4 1 2 9 5 3 8 10 7 
20180915643 9 8 5 6 3 1 2 7 4 10 
20180915644 4 5 6 8 9 1 7 3 10 2 
20180915645 6 5 9 2 10 4 7 8 1 3 
20180915646 5 3 2 6 8 7 10 1 9 4 
20180915647 7 3 5 2 6 10 8 4 1 9 
20180915648 6 3 10 9 1 5 4 2 8 7 
20180915649 7 8 3 9 5 1 4 10 6 2 
20180915650 1 3 8 4 9 2 7 6 5 10 
20180915651 8 1 2 4 5 6 9 10 7 3 
20180915652 4 3 5 10 9 6 2 1 8 7 
20180915653 9 8 7 4 1 3 6 5 10 2 
20180915654 4 9 6 5 3 2 8 1 7 10 
20180915655 1 7 5 2 10 3 8 4 6 9 
20180915656 2 1 10 5 9 3 7 8 4 6 
20180915657 1 3 4 5 7 2 9 6 8 10 
20180915658 3 7 4 2 5 8 9 1 6 10 
20180915659 3 2 9 5 8 4 7 1 10 6 
20180915660 6 4 1 7 2 10 3 9 8 5 
20180915661 1 5 3 7 8 4 6 2 10 9 
20180915662 4 9 5 6 8 10 7 2 1 3 
20180915663 6 9 8 3 2 1 7 4 10 5 
20180915664 7 1 6 10 9 5 4 2 3 8 
20180915665 1 6 2 10 8 3 7 9 5 4 
20180915666 1 8 6 9 10 7 3 2 5 4 
20180915667 4 3 2 10 8 6 5 9 1 7 
20180915668 8 6 5 1 9 3 4 10 7 2 
20180915669 1 10 9 6 7 8 4 3 2 5 
20180915670 7 10 2 6 8 5 1 9 4 3 
20180915671 8 5 9 6 10 2 4 7 1 3 
20180915672 1 9 6 3 7 10 4 5 8 2 
20180915673 4 10 5 7 6 8 9 3 2 1 
20180915674 1 3 2 10 9 5 7 4 8 6 
20180915675 8 7 9 10 5 6 3 4 1 2 
20180915676 1 3 10 9 4 8 7 2 6 5 
20180915677 2 9 1 8 5 4 7 10 3 6 
20180915678 6 5 1 3 4 8 10 2 7 9 
20180915679 7 9 6 8 2 4 5 1 10 3 
20180915680 3 10 9 8 2 5 6 4 7 1 
20180915681 1 3 8 2 5 9 10 6 7 4 
20180915682 8 1 10 6 7 2 4 5 9 3 
20180915683 6 9 2 3 10 4 7 1 5 8 
20180915684 4 3 6 9 7 1 5 10 2 8 
20180915685 8 10 9 6 1 3 7 5 4 2 
20180915686 9 10 8 2 1 5 4 7 3 6 
20180915687 1 9 3 8 7 10 4 6 5 2 
20180915688 10 5 1 4 8 2 9 6 3 7 
20180915689 7 4 6 9 2 5 1 10 3 8 
20180915690 3 6 1 7 9 5 10 8 2 4 
20180915691 3 2 5 6 8 9 4 7 1 10 
20180915692 6 4 8 1 2 3 10 5 7 9 
20180915693 9 2 3 8 4 6 7 10 5 1 
20180915694 2 5 1 8 4 6 3 7 9 10 
20180915695 7 1 8 2 9 6 10 3 4 5 
20180915696 1 5 2 10 9 8 6 4 3 7 
20180915697 9 6 7 5 2 10 4 8 3 1 
20180915698 4 10 8 3 7 6 2 9 5 1 
20180915699 9 3 1 4 2 5 7 6 8 10 
20180915700 1 7 6 10 2 8 4 3 5 9 
20180915701 10 9 7 4 3 6 8 2 1 5 
20180915702 7 1 8 4 2 3 6 10 5 9 
20180915703 3 4 10 8 5 6 9 1 7 2 
20180915704 1 8 9 3 2 5 10 6 7 4 
20180915705 2 1 4 8 3 7 9 10 5 6 
20180915706 7 1 2 3 6 4 8 10 5 9 
20180915707 1 7 5 2 8 10 3 6 4 9 
20180915708 6 5 10 4 9 8 2 7 3 1 
20180915709 2 10 6 8 7 9 5 3 4 1 
20180915710 3 4 8 7 6 9 5 2 1 10 
20180915711 6 5 9 4 7 2 3 10 1 8 
20180915712 9 5 1 7 8 10 2 4 3 6 
20180915713 4 6 2 10 7 5 3 1 8 9 
20180915714 8 6 5 9 2 10 7 3 1 4 
20180915715 7 3 5 8 1 6 10 9 2 4 
20180915716 4 7 6 3 2 5 1 10 8 9 
20180915717 7 9 6 1 3 10 4 5 2 8 
20180915718 3 8 4 7 10 6 9 5 2 1 
20180915719 7 1 8 5 3 6 10 2 4 9 
20180915720 9 1 4 7 5 10 3 8 6 2 
20180915721 3 8 10 4 5 9 2 1 7 6 
20180915722 1 10 7 9 3 4 6 8 2 5 
20180915723 4 8 10 9 6 5 1 7 3 2 
20180915724 3 6 10 8 4 9 2 7 5 1 
20180915725 10 6 3 5 2 8 1 9 4 7 
20180915726 8 9 6 10 2 5 7 4 1 3 
20180915727 9 8 1 2 3 6 7 10 5 4 
20180915728 1 9 3 10 7 5 4 8 2 6 
20180915729 7 8 5 2 9 1 10 3 4 6 
20180915730 9 1 4 5 8 2 10 7 6 3 
20180915731 3 4 6 10 7 8 5 1 9 2 
20180915732 8 9 6 3 2 10 4 5 1 7 
20180915733 8 1 3 9 2 4 5 10 6 7 
20180915734 9 1 3 2 8 5 7 10 6 4 
20180915735 4 7 10 1 9 5 2 6 8 3 
20180915736 1 6 3 9 8 4 10 7 2 5 
20180915737 3 5 4 10 7 1 9 6 2 8 
20180915738 5 4 1 2 6 3 9 10 7 8 
20180915739 10 2 4 9 6 7 1 8 5 3 
20180915740 7 6 4 5 9 2 3 10 1 8 
20180915741 6 8 10 2 3 7 5 9 4 1 
20180915742 1 7 3 4 6 10 2 5 8 9 
20180915743 4 3 8 10 5 1 7 2 6 9 
20180915744 4 3 6 1 8 10 9 2 5 7 
20180915745 6 4 10 7 5 2 1 8 9 3 
20180915746 10 9 6 4 1 2 3 5 7 8 
20180915747 10 8 6 7 3 4 1 5 9 2 
20180915748 7 8 2 6 1 9 4 3 10 5 
20180915749 10 7 1 2 8 3 9 6 5 4 
20180915750 9 8 5 7 10 4 2 6 1 3 
20180915751 10 6 4 5 8 9 7 3 2 1 
20180915752 6 7 10 8 5 2 3 9 4 1 
20180915753 9 4 7 2 3 1 5 10 6 8 
20180915754 7 3 1 8 5 9 6 4 10 2 
20180915755 5 9 8 6 4 2 1 7 3 10 
20180915756 8 9 6 3 2 1 7 4 10 5 
20180915757 5 10 3 1 2 7 4 6 8 9 
20180915758 4 10 2 9 1 8 5 7 6 3 
20180915759 9 4 10 6 7 5 3 2 8 1 
20180915760 7 2 5 4 1 3 9 10 6 8 
20180915761 6 7 3 2 9 4 5 10 8 1 
20180915762 3 4 9 1 2 6 10 8 5 7 
20180915763 10 8 2 4 1 5 7 9 3 6 
20180915764 4 8 6 10 9 3 2 1 5 7 
20180915765 3 5 4 8 6 1 9 10 2 7 
20180915766 4 8 2 10 3 5 9 1 7 6 
20180915767 8 4 10 2 3 1 5 6 7 9 
20180915768 4 2 6 10 8 5 9 3 7 1 
20180915769 3 4 7 9 8 10 6 5 2 1 
20180915770 8 6 1 5 10 3 4 7 2 9 
20180915771 10 3 4 8 1 2 7 9 6 5 
20180915772 10 5 6 1 9 4 8 7 3 2 
20180915773 10 4 6 3 1 9 8 7 2 5 
20180915774 5 2 1 7 3 6 10 8 9 4 
20180915775 3 10 9 4 7 1 8 2 5 6 
20180915776 4 1 8 7 2 10 3 5 9 6 
20180915777 5 6 3 7 8 2 10 4 9 1 
20180915778 7 8 5 1 2 6 4 9 3 10 
20180915779 5 7 9 2 3 1 4 8 10 6 
20180915780 4 9 8 2 5 1 7 6 10 3 
20180915781 2 3 6 7 4 8 1 9 5 10 
20180915782 2 7 4 6 3 1 9 10 8 5 
20180915783 7 5 2 1 3 6 10 8 4 9 
20180915784 4 7 9 2 8 3 1 6 10 5 
20180915785 1 10 2 6 8 9 4 3 5 7 
20180915786 9 1 2 5 8 4 3 6 7 10 
20180915787 1 10 9 5 7 2 3 4 8 6 
20180915788 7 9 2 4 5 3 6 10 8 1 
20180915789 2 3 10 9 6 1 8 4 5 7 
20180915790 5 9 8 2 6 3 10 4 7 1 
20180915791 5 10 9 6 1 2 3 8 7 4 
20180915792 2 8 4 10 3 5 9 7 6 1 
20180915793 4 1 10 7 5 2 8 9 6 3 
20180915794 3 2 5 4 7 1 6 10 8 9 
20180915795 10 2 7 8 4 1 9 3 6 5 
20180915796 5 9 8 6 3 10 1 4 2 7 
20180915797 3 10 1 5 2 6 9 4 8 7 
20180915798 2 6 9 5 10 3 4 8 7 1 
20180915799 5 1 4 8 3 2 9 7 6 10 
20180915800 5 10 8 1 7 9 6 2 3 4 
20180915801 3 8 5 2 9 1 4 10 6 7 
20180915802 3 10 6 5 2 1 7 9 8 4 
20180915803 2 10 7 8 4 6 3 5 1 9 
20180915804 10 9 8 2 7 3 4 6 5 1 
20180915805 4 1 7 2 8 9 6 5 10 3 
20180915806 3 9 7 4 10 6 8 5 2 1 
20180915807 7 3 10 6 5 1 9 2 4 8 
20180915808 5 7 2 9 6 4 1 10 3 8 
20180915809 6 10 5 8 3 9 1 7 4 2 
20180915810 1 2 6 4 10 3 5 7 8 9 
20180915811 5 6 3 8 2 1 9 10 7 4 
20180915812 10 8 2 6 3 9 4 7 5 1 
20180915813 8 1 7 6 9 4 5 2 3 10 
20180915814 5 2 9 4 7 3 6 1 10 8 
20180915815 9 7 6 5 2 4 10 1 3 8 
20180915816 7 4 10 8 3 6 2 5 1 9 
20180915817 4 7 3 9 6 1 10 2 8 5 
20180915818 9 1 2 6 8 10 5 4 3 7 
20180915819 4 8 2 3 9 10 6 5 7 1 
20180915820 1 9 2 8 5 10 7 6 3 4 
20180915821 1 9 8 3 7 4 5 10 2 6 
20180915822 7 10 6 1 2 9 8 3 4 5 
20180915823 1 2 9 3 6 7 10 4 8 5 
20180915824 5 3 6 4 10 2 7 8 9 1 
20180915825 2 10 3 8 1 6 7 4 9 5 
20180915826 8 1 3 2 4 10 5 7 9 6 
20180915827 5 1 9 7 2 10 6 8 4 3 
20180915828 8 4 10 6 1 3 7 2 5 9 
20180915829 6 9 10 8 4 7 2 5 1 3 
20180915830 8 5 4 7 3 1 6 2 10 9 
20180915831 3 6 4 8 2 1 9 7 10 5 
20180915832 8 10 9 7 6 2 5 1 4 3 
20180915833 10 1 4 7 2 8 9 5 3 6 
20180915834 10 9 4 6 5 7 3 8 1 2 
20180915835 5 3 6 10 2 7 1 9 8 4 
20180915836 10 9 6 8 2 4 5 1 3 7 
20180915837 1 10 8 6 3 2 7 5 4 9 
20180915838 1 3 7 6 2 4 5 10 9 8 
20180915839 10 2 7 4 6 1 9 3 5 8 
20180915840 7 9 4 1 10 8 2 3 5 6 
20180915841 1 7 9 4 6 5 10 3 8 2 
20180915842 5 4 6 2 1 9 7 10 8 3 
20180915843 8 7 9 3 6 5 4 2 1 10 
20180915844 6 10 8 9 1 4 7 2 3 5 
20180915845 9 1 8 4 2 5 6 10 7 3 
20180915846 7 3 6 9 10 4 5 8 2 1 
20180915847 9 10 2 4 1 5 8 3 6 7 
20180915848 2 4 1 3 7 6 5 10 8 9 
20180915849 5 6 1 7 2 10 4 9 8 3 
20180915850 1 8 7 3 10 4 2 9 5 6 
20180915851 8 1 2 7 6 3 10 5 9 4 
20180915852 6 3 9 10 7 4 2 5 8 1 
20180915853 1 6 4 10 7 5 2 8 3 9 
20180915854 8 2 5 7 1 6 10 4 3 9 
20180915855 6 10 3 2 8 4 7 1 5 9 
20180915856 4 7 6 9 1 3 10 2 8 5 
20180915857 3 1 2 4 7 8 5 10 9 6 
20180915858 5 7 6 9 10 1 8 4 2 3 
20180915859 7 8 5 10 6 9 4 2 1 3 
20180915860 6 3 2 4 10 5 8 1 7 9 
20180915861 3 1 4 8 5 9 2 10 6 7 
20180915862 4 5 2 10 6 9 8 7 3 1 
20180915863 4 8 1 10 9 5 3 7 6 2 
20180915864 3 6 2 10 4 8 9 1 7 5 
20180915865 1 7 10 4 5 2 8 9 3 6 
20180915866 4 3 2 5 10 1 8 9 6 7 
20180915867 10 7 6 4 9 2 1 3 5 8 
20180915868 9 1 10 8 5 6 2 3 4 7 
20180915869 6 10 1 2 4 9 5 7 8 3 
20180915870 2 10 6 5 9 4 3 7 8 1 
20180915871 10 7 9 8 6 1 3 2 5 4 
20180915872 7 5 2 4 9 8 10 1 6 3 
20180915873 9 5 8 10 2 4 7 6 3 1 
20180915874 5 4 7 10 6 8 2 1 9 3 
20180915875 9 1 7 6 3 5 2 10 8 4 
20180915876 3 7 8 4 5 6 9 2 10 1 
20180915877 1 3 2 9 10 6 7 4 8 5 
20180915878 7 1 10 5 6 8 2 9 3 4 
20180915879 7 4 6 8 1 3 5 10 2 9 
20180915880 1 4 9 3 8 10 5 7 2 6 
20180915881 3 9 8 1 10 7 4 6 2 5 
20180915882 2 4 6 3 8 1 9 7 10 5 
20180915883 6 10 4 8 2 1 3 5 7 9 
20180915884 8 7 10 5 3 6 4 2 9 1 
20180915885 4 2 9 1 8 3 10 6 5 7 
20180915886 8 2 3 5 9 10 1 7 4 6 
20180915887 8 6 1 3 9 2 5 4 10 7 
20180915888 10 7 1 8 9 5 2 3 4 6 
20180915889 7 1 9 4 6 10 5 3 8 2 
20180915890 5 10 9 8 2 3 6 1 4 7 
20180915891 8 10 2 1 5 3 9 4 7 6 
20180915892 10 3 5 6 8 7 1 9 4 2 
20180915893 9 2 7 4 6 3 5 10 8 1 
20180915894 3 5 1 4 10 9 8 6 7 2 
20180915895 7 2 5 10 4 6 9 1 8 3 
20180915896 4 3 1 2 9 8 6 5 10 7 
20180915897 4 2 3 10 6 1 7 8 5 9 
20180915898 4 2 7 9 10 6 8 5 1 3 
20180915899 7 6 3 2 4 8 5 9 10 1 
20180915900 9 2 10 5 7 3 6 4 1 8 
20180915901 9 6 4 2 7 3 10 5 1 8 
20180915902 5 10 6 2 8 1 3 9 7 4 
20180915903 2 1 8 9 4 6 3 7 5 10 
20180915904 6 3 2 1 10 7 5 4 8 9 
20180915905 8 3 10 7 1 6 5 9 2 4 
20180915906 1 9 5 3 6 7 8 10 4 2 
20180915907 6 9 10 7 8 2 5 1 4 3 
20180915908 7 5 4 6 2 3 10 8 9 1 
20180915909 9 10 5 4 7 1 6 3 8 2 
20180915910 2 7 1 6 5 4 9 10 8 3 
20180915911 10 7 1 5 8 4 9 6 3 2 
20180915912 3 2 9 1 5 8 6 7 4 10 
20180915913 8 6 5 4 2 1 9 10 7 3 
20180915914 5 10 4 1 9 7 2 3 8 6 
20180915915 8 1 2 7 3 5 4 6 9 10 
20180915916 4 2 8 6 3 10 9 5 7 1 
20180915917 5 6 4 9 7 8 1 3 10 2 
20180915918 8 3 1 4 2 6 5 9 7 10 
20180915919 7 5 6 4 9 1 3 8 10 2 
20180915920 6 3 9 2 7 1 10 5 4 8 
20180915921 8 1 3 10 4 9 6 5 2 7 
20180915922 2 8 9 1 10 5 4 7 6 3 
20180915923 8 2 10 3 6 4 5 9 1 7 
20180915924 9 1 3 4 8 7 5 10 6 2 
20180915925 4 8 2 7 3 5 10 6 1 9 
20180915926 4 7 8 3 9 6 2 10 1 5 
20180915927 10 4 3 9 1 6 7 2 5 8 
20180915928 4 8 5 10 2 9 6 7 1 3 
20180915929 2 3 6 7 5 1 8 9 10 4 
20180915930 4 10 1 9 6 5 8 7 2 3 
20180915931 4 6 1 10 7 5 2 3 9 8 
20180915932 10 6 3 9 2 5 4 7 8 1 
20180915933 5 2 9 8 10 6 4 7 3 1 
20180915934 2 5 7 9 1 3 8 6 4 10 
20180915935 3 9 5 1 10 2 7 4 8 6 
20180915936 1 3 6 9 4 2 5 8 7 10 
20180915937 4 6 2 1 5 8 3 10 9 7 
20180915938 6 1 9 8 5 4 3 7 2 10 
20180915939 10 8 4 6 7 9 1 3 2 5 
20180915940 4 1 6 2 7 8 5 10 3 9 
20180915941 8 3 10 9 4 5 1 6 7 2 
20180915942 5 9 3 1 8 6 10 4 7 2 
20180915943 10 1 7 4 6 9 5 8 2 3 
20180915944 10 2 7 1 6 4 9 5 3 8 
20180915945 7 8 5 2 9 3 10 6 1 4 
20180915946 1 9 7 10 8 5 4 3 6 2 
20180915947 5 9 7 2 8 4 1 10 3 6 
20180915948 2 4 9 1 8 10 3 5 6 7 
20180915949 6 8 10 2 3 9 5 7 4 1 
20180915950 2 8 4 3 9 7 6 5 1 10 
20180915951 4 10 2 3 9 7 5 1 6 8 
20180915952 5 4 9 3 8 7 6 2 1 10 
20180915953 6 2 3 7 10 9 1 5 8 4 
20180915954 1 3 10 5 7 6 4 8 2 9 
20180915955 1 7 8 3 10 4 9 5 6 2 
20180915956 8 6 10 1 3 9 2 5 7 4 
20180915957 10 6 5 4 1 7 9 8 2 3 
20180915958 6 8 9 10 5 3 4 1 2 7 
20180915959 3 2 8 4 7 9 1 10 6 5 
20180915960 9 10 5 2 4 1 8 3 6 7 
20180915961 9 6 8 4 10 5 7 1 2 3 
20180915962 5 3 9 4 6 8 2 10 1 7 
20180915963 4 2 8 6 7 1 3 5 9 10 
20180915964 5 7 3 4 9 8 10 6 1 2 
20180915965 2 4 5 10 1 6 3 7 8 9 
20180915966 4 6 9 3 5 2 1 7 10 8 
20180915967 6 4 2 10 5 9 7 1 8 3 
20180915968 1 4 8 10 3 9 5 7 6 2 
20180915969 7 1 2 8 5 4 9 6 10 3 
20180915970 10 1 2 8 7 4 6 9 5 3 
20180915971 3 2 6 7 9 1 10 4 8 5 
20180915972 5 1 7 8 10 2 3 4 9 6 
20180915973 4 3 2 8 7 6 10 5 1 9 
20180915974 10 5 7 1 6 3 8 4 9 2 
20180915975 9 6 7 2 8 4 10 3 5 1 
20180915976 10 1 9 3 2 6 7 5 8 4 
20180915977 5 9 6 1 7 2 3 4 10 8 
20180915978 6 3 2 8 5 4 10 1 7 9 
20180915979 1 6 10 7 4 3 8 9 2 5 
20180915980 6 7 2 8 3 1 4 10 9 5 
20180915981 10 3 7 1 8 5 9 4 6 2 
20180915982 8 3 5 9 2 4 6 7 10 1 
20180915983 9 3 1 5 4 2 10 7 8 6 
20180915984 8 9 1 10 7 4 3 2 5 6 
20180915985 7 6 4 10 3 5 9 2 8 1 
20180916001 8 1 6 10 2 4 5 7 9 3 
