20180925002 6 8 2 4 7 10 3 1 5 9 
20180925003 4 3 7 6 2 1 5 9 10 8 
20180925004 3 8 6 7 10 2 9 5 4 1 
20180925005 6 5 10 7 9 1 4 3 8 2 
20180925006 9 4 1 6 10 2 3 7 8 5 
20180925007 8 9 3 7 6 2 10 4 1 5 
20180925008 1 4 9 2 3 8 6 10 5 7 
20180925009 7 9 8 6 2 5 1 4 10 3 
20180925010 2 7 6 4 10 1 3 8 5 9 
20180925011 9 5 1 6 3 10 2 7 4 8 
20180925012 2 7 3 9 10 1 5 6 4 8 
20180925013 3 6 2 1 9 5 4 10 7 8 
20180925014 7 5 1 4 8 9 3 10 2 6 
20180925015 6 5 9 3 4 7 2 8 1 10 
20180925016 7 8 4 3 9 5 6 10 2 1 
20180925017 5 8 1 3 2 9 10 6 7 4 
20180925018 4 10 9 8 5 7 2 1 6 3 
20180925019 5 7 6 2 9 4 8 10 3 1 
20180925020 2 1 4 6 9 7 3 8 5 10 
20180925021 2 6 1 9 4 8 10 7 5 3 
20180925022 8 1 10 9 3 7 6 4 5 2 
20180925023 8 2 7 10 3 1 9 6 5 4 
20180925024 9 3 6 8 2 1 10 7 5 4 
20180925025 6 9 4 5 1 8 7 2 3 10 
20180925026 7 6 8 5 10 9 1 3 4 2 
20180925027 10 6 3 7 2 5 1 4 9 8 
20180925028 7 8 10 5 6 3 1 2 9 4 
20180925029 6 2 9 5 8 7 4 3 10 1 
20180925030 10 4 9 5 7 1 3 8 2 6 
20180925031 7 4 8 10 6 5 1 2 3 9 
20180925032 6 9 7 3 8 2 5 4 1 10 
20180925033 9 7 10 5 4 8 1 2 3 6 
20180925034 5 3 1 10 2 7 9 8 4 6 
20180925035 2 1 5 8 6 4 7 3 9 10 
20180925036 4 3 2 1 9 6 7 10 8 5 
20180925037 7 2 6 8 1 3 5 10 4 9 
20180925038 2 9 3 8 10 7 5 6 4 1 
20180925039 5 2 4 3 1 8 10 6 9 7 
20180925040 2 6 4 8 5 1 10 7 3 9 
20180925041 5 7 1 8 3 6 4 2 9 10 
20180925042 10 7 9 4 5 2 8 3 6 1 
20180925043 2 5 3 9 1 6 7 10 4 8 
20180925044 9 7 5 2 6 3 1 10 8 4 
20180925045 8 9 5 4 3 10 6 1 7 2 
20180925046 3 1 5 8 7 6 10 4 2 9 
20180925047 3 8 5 10 1 4 6 2 7 9 
20180925048 7 9 2 6 1 10 4 8 5 3 
20180925049 3 1 2 4 7 9 6 8 5 10 
20180925050 7 5 3 1 10 8 9 2 4 6 
20180925051 3 2 4 5 6 8 1 10 9 7 
20180925052 1 3 8 6 4 5 10 9 2 7 
20180925053 9 5 6 4 8 3 1 2 10 7 
20180925054 10 3 2 8 1 5 7 6 4 9 
20180925055 3 1 8 10 7 5 4 9 6 2 
20180925056 9 6 5 8 1 2 3 7 4 10 
20180925057 8 4 5 9 6 10 2 7 1 3 
20180925058 3 8 4 6 9 5 7 1 2 10 
20180925059 1 7 10 6 3 5 4 8 2 9 
20180925060 6 5 7 9 4 8 3 10 2 1 
20180925061 6 1 2 9 4 10 8 3 7 5 
20180925062 6 3 1 4 2 9 10 8 7 5 
20180925063 4 5 3 7 8 2 1 9 10 6 
20180925064 1 6 10 9 4 5 2 3 8 7 
20180925065 3 7 10 5 6 9 8 4 2 1 
20180925066 3 8 5 4 2 6 1 9 10 7 
20180925067 6 8 3 5 10 7 1 4 2 9 
20180925068 8 1 7 9 5 2 4 10 6 3 
20180925069 7 4 3 8 2 6 1 5 10 9 
20180925070 2 4 6 7 10 1 3 8 5 9 
20180925071 4 9 10 3 1 8 6 7 5 2 
20180925072 5 4 2 10 1 3 8 6 9 7 
20180925073 8 7 9 5 3 10 4 1 2 6 
20180925074 2 10 6 9 3 5 7 4 8 1 
20180925075 8 10 4 3 9 5 2 6 1 7 
20180925076 7 8 3 2 9 5 4 6 1 10 
20180925077 3 2 7 4 5 10 9 1 8 6 
20180925078 2 7 10 3 8 6 5 9 4 1 
20180925079 9 2 5 1 3 7 6 8 4 10 
20180925080 1 7 10 3 9 4 5 6 8 2 
20180925081 4 8 6 2 1 5 9 3 10 7 
20180925082 2 3 10 8 9 1 5 7 6 4 
20180925083 7 10 3 1 4 5 6 8 2 9 
20180925084 9 8 10 4 7 3 2 5 1 6 
20180925085 10 6 9 1 4 2 5 3 8 7 
20180925086 8 10 1 7 9 4 2 3 5 6 
20180925087 3 8 4 1 9 7 10 5 6 2 
20180925088 10 1 3 2 7 5 4 8 6 9 
20180925089 9 5 3 10 2 6 7 8 4 1 
20180925090 9 7 8 3 6 1 2 4 10 5 
20180925091 7 2 5 10 1 6 4 8 9 3 
20180925092 8 3 9 6 4 10 5 7 2 1 
20180925093 8 5 10 9 4 7 6 2 3 1 
20180925094 6 5 4 3 10 7 9 1 2 8 
20180925095 1 9 10 8 6 5 4 3 7 2 
20180925096 9 5 7 3 8 6 1 10 4 2 
20180925097 5 10 2 4 3 1 8 6 9 7 
20180925098 7 9 4 1 10 6 8 5 2 3 
20180925099 1 6 7 10 8 2 9 3 5 4 
20180925100 8 5 2 3 10 9 1 6 7 4 
20180925101 1 3 8 7 5 2 6 10 9 4 
20180925102 6 3 2 10 8 5 7 1 4 9 
20180925103 7 9 6 5 3 4 10 8 1 2 
20180925104 5 9 10 6 7 2 8 1 4 3 
20180925105 9 10 6 4 3 2 5 8 1 7 
20180925106 6 7 3 1 5 10 2 9 4 8 
20180925107 9 1 2 5 8 10 3 6 7 4 
20180925108 7 2 1 5 4 3 10 6 8 9 
20180925109 3 2 10 1 7 5 6 9 4 8 
20180925110 3 9 2 7 1 4 6 5 10 8 
20180925111 6 10 8 5 1 2 7 3 9 4 
20180925112 10 3 1 6 9 2 7 4 8 5 
20180925113 9 6 5 4 10 3 7 2 1 8 
20180925114 4 10 7 5 9 6 3 8 2 1 
20180925115 6 4 7 5 8 9 1 10 2 3 
20180925116 7 5 4 1 3 9 8 6 2 10 
20180925117 2 5 9 3 6 8 7 1 10 4 
20180925118 7 4 1 9 10 8 5 2 6 3 
20180925119 6 7 2 3 1 5 4 9 8 10 
20180925120 2 9 8 1 3 4 5 7 10 6 
20180925121 2 4 6 10 3 9 5 7 8 1 
20180925122 2 1 7 9 8 6 4 5 3 10 
20180925123 8 7 9 5 1 2 10 6 4 3 
20180925124 10 1 7 3 8 2 6 9 5 4 
20180925125 10 9 6 4 1 3 7 8 5 2 
20180925126 5 8 2 4 1 9 10 6 3 7 
20180925127 1 6 3 8 2 9 10 4 5 7 
20180925128 6 5 8 2 3 9 4 10 1 7 
20180925129 5 8 4 6 2 10 7 1 9 3 
20180925130 4 5 9 8 2 7 6 10 1 3 
20180925131 7 10 6 9 3 2 1 8 5 4 
20180925132 4 8 10 1 7 9 5 6 3 2 
20180925133 3 7 2 8 4 6 9 1 5 10 
20180925134 6 8 1 10 7 5 4 3 2 9 
20180925135 10 2 5 7 8 4 1 6 9 3 
20180925136 1 2 9 7 4 3 5 8 10 6 
20180925137 1 3 10 9 8 7 4 2 6 5 
20180925138 2 1 4 7 5 6 3 9 8 10 
20180925139 2 1 7 8 4 3 5 9 6 10 
20180925140 8 1 3 6 9 7 4 2 5 10 
20180925141 4 6 9 8 10 1 2 3 5 7 
20180925142 5 7 4 2 1 3 9 6 8 10 
20180925143 2 5 9 3 8 7 6 1 10 4 
20180925144 1 6 8 3 7 5 4 9 10 2 
20180925145 8 6 5 4 10 9 7 1 3 2 
20180925146 6 3 7 5 4 9 8 1 10 2 
20180925147 8 2 6 4 7 5 9 1 10 3 
20180925148 1 4 5 2 6 3 9 10 8 7 
20180925149 4 3 2 9 10 7 5 6 1 8 
20180925150 1 2 8 5 3 7 10 9 4 6 
20180925151 9 5 3 10 7 6 1 8 4 2 
20180925152 8 5 6 3 9 4 1 7 2 10 
20180925153 5 4 9 7 2 6 3 8 10 1 
20180925154 9 7 1 2 10 5 8 6 3 4 
20180925155 1 7 3 6 4 10 5 2 8 9 
20180925156 3 7 2 5 4 6 9 8 1 10 
20180925157 4 2 5 9 10 8 3 6 7 1 
20180925158 3 9 2 5 7 1 8 10 6 4 
20180925159 10 6 3 4 8 9 7 1 2 5 
20180925160 1 4 7 9 2 10 6 8 5 3 
20180925161 8 5 4 10 7 1 9 6 3 2 
20180925162 5 8 7 9 2 3 10 6 4 1 
20180925163 7 6 3 10 2 1 5 9 8 4 
20180925164 1 9 4 8 3 7 5 10 2 6 
20180925165 1 3 2 8 10 7 5 6 9 4 
20180925166 6 1 5 7 8 9 10 2 3 4 
20180925167 6 10 4 5 1 9 2 3 7 8 
20180925168 8 10 7 4 5 6 9 3 2 1 
20180925169 9 4 8 1 10 7 6 5 2 3 
20180925170 6 2 5 8 1 9 3 7 10 4 
20180925171 9 10 3 7 5 1 6 2 4 8 
20180925172 6 9 8 2 10 4 5 3 7 1 
20180925173 5 9 2 6 3 4 10 8 1 7 
20180925174 4 2 8 7 10 9 6 3 5 1 
20180925175 9 1 3 2 8 7 6 4 10 5 
20180925176 3 8 1 4 7 2 6 5 10 9 
20180925177 3 4 2 10 5 8 7 9 1 6 
20180925178 9 4 1 6 5 8 2 10 3 7 
20180925179 4 10 6 2 1 7 8 5 3 9 
20180925180 3 9 6 10 1 4 2 8 5 7 
20180925181 8 5 1 3 9 2 10 6 7 4 
20180925182 2 1 8 3 5 10 4 6 7 9 
20180925183 6 4 7 3 9 2 10 5 8 1 
20180925184 7 4 5 2 10 1 8 3 6 9 
20180925185 3 8 9 4 5 2 7 10 1 6 
20180925186 4 3 10 2 6 9 5 1 8 7 
20180925187 8 7 5 9 10 6 2 1 3 4 
20180925188 10 2 7 6 5 1 3 9 4 8 
20180925189 1 5 8 2 10 6 3 9 7 4 
20180925190 5 7 6 3 9 1 10 8 4 2 
20180925191 4 2 6 9 3 10 8 5 7 1 
20180925192 3 2 7 1 9 4 8 6 10 5 
20180925193 4 9 7 1 8 6 2 10 3 5 
20180925194 5 1 9 3 10 8 7 2 6 4 
20180925195 1 10 4 7 9 5 2 8 3 6 
20180925196 10 5 1 3 8 2 7 4 6 9 
20180925197 7 2 5 6 10 4 8 1 9 3 
20180925198 3 8 4 10 5 9 2 7 6 1 
20180925199 8 7 2 6 1 9 10 4 5 3 
20180925200 4 9 6 3 2 10 1 7 8 5 
20180925201 10 4 2 5 9 1 8 3 6 7 
20180925202 3 9 5 4 10 1 8 2 7 6 
20180925203 2 8 1 5 4 10 6 3 7 9 
20180925204 9 3 4 10 6 7 1 8 5 2 
20180925205 4 5 10 9 2 3 7 8 1 6 
20180925206 6 1 10 4 2 9 8 7 3 5 
20180925207 8 6 10 5 4 9 3 7 1 2 
20180925208 1 4 3 8 5 10 9 2 6 7 
20180925209 9 2 10 8 1 7 4 3 6 5 
20180925210 8 9 1 2 10 5 3 4 6 7 
20180925211 6 5 10 4 9 2 8 1 7 3 
20180925212 1 7 10 6 5 2 9 4 8 3 
20180925213 4 6 9 1 7 2 3 10 8 5 
20180925214 5 8 1 10 4 7 3 6 2 9 
20180925215 3 7 9 2 10 1 5 6 8 4 
20180925216 3 6 9 2 4 10 5 7 8 1 
20180925217 6 4 3 1 2 10 9 5 7 8 
20180925218 8 9 2 3 4 7 6 10 1 5 
20180925219 2 6 9 7 10 1 5 3 8 4 
20180925220 6 7 4 1 10 9 2 8 5 3 
20180925221 10 9 7 5 3 1 6 4 8 2 
20180925222 1 7 10 9 3 4 2 5 6 8 
20180925223 6 7 8 10 1 9 3 4 2 5 
20180925224 6 2 3 8 1 7 10 9 4 5 
20180925225 4 9 3 5 6 8 2 7 1 10 
20180925226 1 3 9 5 7 10 4 2 6 8 
20180925227 4 9 2 1 8 7 3 5 10 6 
20180925228 2 9 4 10 7 5 3 8 1 6 
20180925229 6 8 10 1 5 3 7 9 4 2 
20180925230 1 4 5 9 10 2 3 8 6 7 
20180925231 10 2 7 8 4 9 3 6 1 5 
20180925232 2 8 4 7 5 9 1 10 6 3 
20180925233 9 2 7 10 6 5 1 8 3 4 
20180925234 9 1 10 7 3 4 6 2 8 5 
20180925235 9 4 6 2 7 8 5 3 1 10 
20180925236 5 10 6 1 8 9 7 3 4 2 
20180925237 8 1 6 9 5 10 4 2 7 3 
20180925238 3 7 8 2 10 4 1 6 9 5 
20180925239 3 9 1 2 10 6 7 8 5 4 
20180925240 2 9 3 4 5 10 8 1 7 6 
20180925241 4 5 6 1 7 3 2 9 8 10 
20180925242 1 5 2 3 10 4 6 9 7 8 
20180925243 1 3 6 10 4 5 7 9 2 8 
20180925244 2 7 5 6 10 1 8 9 4 3 
20180925245 8 10 2 7 9 4 5 3 6 1 
20180925246 6 10 9 3 5 2 8 4 7 1 
20180925247 5 7 1 8 6 2 3 4 10 9 
20180925248 4 1 10 6 2 5 3 8 9 7 
20180925249 4 10 2 1 7 6 8 3 9 5 
20180925250 4 3 1 2 7 8 5 6 9 10 
20180925251 9 10 1 3 8 5 4 6 7 2 
20180925252 5 9 6 10 7 4 1 8 2 3 
20180925253 7 1 10 9 3 5 8 6 4 2 
20180925254 4 10 7 9 2 3 8 1 6 5 
20180925255 7 4 10 3 9 1 2 6 8 5 
20180925256 6 1 7 2 10 4 8 9 3 5 
20180925257 10 4 5 6 8 7 2 3 1 9 
20180925258 4 10 5 9 6 3 1 8 7 2 
20180925259 10 5 9 1 4 3 8 7 6 2 
20180925260 7 2 10 4 6 3 8 1 9 5 
20180925261 4 2 1 6 7 5 8 3 10 9 
20180925262 8 6 2 1 9 10 7 3 5 4 
20180925263 2 4 5 9 3 8 1 10 6 7 
20180925264 3 1 8 2 4 10 9 7 5 6 
20180925265 1 9 4 10 3 6 8 7 2 5 
20180925266 9 3 1 10 4 6 5 8 2 7 
20180925267 2 4 9 1 3 6 10 7 8 5 
20180925268 7 3 10 4 9 5 8 1 2 6 
20180925269 4 10 8 6 2 5 1 3 9 7 
20180925270 10 2 8 9 4 1 6 5 3 7 
20180925271 3 6 7 8 4 9 1 10 5 2 
20180925272 1 5 10 4 3 7 9 2 8 6 
20180925273 8 7 6 2 4 9 10 5 3 1 
20180925274 5 2 6 7 9 1 8 10 4 3 
20180925275 4 8 10 7 1 3 2 6 5 9 
20180925276 1 2 6 10 5 9 8 7 4 3 
20180925277 9 1 8 2 10 7 5 6 4 3 
20180925278 4 5 6 3 9 1 10 8 7 2 
20180925279 8 3 7 2 6 4 10 5 9 1 
20180925280 5 1 7 4 3 6 8 10 9 2 
20180925281 2 4 7 5 3 10 8 9 1 6 
20180925282 2 4 5 6 1 3 8 10 9 7 
20180925283 5 3 2 1 4 9 8 10 6 7 
20180925284 9 6 4 10 5 7 1 3 8 2 
20180925285 5 8 4 9 1 7 6 10 2 3 
20180925286 3 2 6 1 7 10 8 5 4 9 
20180925287 8 2 10 3 5 6 7 1 9 4 
20180925288 5 8 6 10 1 4 2 7 9 3 
20180925289 6 1 10 3 4 9 8 7 5 2 
20180925290 2 6 8 4 1 10 3 5 7 9 
20180925291 9 4 5 10 6 3 7 8 1 2 
20180925292 10 9 5 8 6 7 1 3 4 2 
20180925293 2 4 7 5 10 8 6 9 3 1 
20180925294 6 5 7 10 8 3 4 2 1 9 
20180925295 5 3 8 7 6 10 1 9 2 4 
20180925296 9 3 7 4 6 10 8 5 1 2 
20180925297 4 1 6 5 2 8 10 7 9 3 
20180925298 6 3 10 2 1 4 9 7 5 8 
20180925299 1 5 3 9 8 6 7 2 10 4 
20180925300 4 10 9 5 3 7 1 8 6 2 
20180925301 7 8 3 4 2 6 9 5 1 10 
20180925302 6 2 10 3 1 9 8 7 5 4 
20180925303 5 2 6 3 7 4 1 8 10 9 
20180925304 2 3 9 6 4 5 8 10 1 7 
20180925305 10 1 6 7 8 9 4 2 3 5 
20180925306 5 2 4 7 10 1 6 3 8 9 
20180925307 7 3 1 8 6 4 2 10 9 5 
20180925308 10 7 5 6 2 9 1 4 8 3 
20180925309 5 6 2 3 8 7 4 1 9 10 
20180925310 1 2 4 3 6 5 7 8 10 9 
20180925311 9 5 6 4 8 3 10 1 2 7 
20180925312 1 10 9 6 2 5 7 4 3 8 
20180925313 4 5 3 1 6 9 7 8 2 10 
20180925314 5 2 1 7 6 4 8 10 9 3 
20180925315 8 7 3 2 9 4 10 5 6 1 
20180925316 6 8 3 2 4 7 5 9 1 10 
20180925317 3 9 10 1 8 6 7 2 5 4 
20180925318 9 6 1 4 10 5 7 3 8 2 
20180925319 9 10 5 6 7 2 1 8 4 3 
20180925320 6 2 3 4 8 7 9 1 5 10 
20180925321 4 5 10 9 1 7 3 6 2 8 
20180925322 2 4 1 8 6 7 9 10 5 3 
20180925323 2 6 4 1 8 3 9 5 7 10 
20180925324 8 3 9 2 10 1 7 4 5 6 
20180925325 3 10 4 1 8 7 6 9 2 5 
20180925326 10 2 5 6 8 3 9 4 7 1 
20180925327 1 6 5 2 9 8 10 7 3 4 
20180925328 10 1 8 7 9 2 3 4 6 5 
20180925329 1 8 10 9 3 2 4 6 7 5 
20180925330 1 7 9 5 6 10 3 2 8 4 
20180925331 1 5 3 9 7 6 4 10 8 2 
20180925332 6 8 9 4 7 5 3 1 2 10 
20180925333 3 5 1 7 9 2 8 10 4 6 
20180925334 1 5 3 9 2 6 10 8 4 7 
20180925335 3 5 2 4 6 9 1 8 7 10 
20180925336 10 3 9 7 8 1 4 2 6 5 
20180925337 9 5 1 6 10 7 4 3 8 2 
20180925338 5 7 1 4 3 9 10 6 2 8 
20180925339 5 4 6 9 10 8 3 7 2 1 
20180925340 8 4 1 7 5 3 2 6 9 10 
20180925341 3 6 5 8 7 2 9 10 1 4 
20180925342 9 5 6 10 4 2 7 3 1 8 
20180925343 1 8 4 10 2 9 5 7 3 6 
20180925344 6 3 2 4 7 5 1 10 9 8 
20180925345 4 7 9 8 6 3 10 1 2 5 
20180925346 1 6 8 3 5 7 10 9 4 2 
20180925347 1 4 5 8 6 7 2 9 10 3 
20180925348 8 6 9 2 4 5 3 1 7 10 
20180925349 1 7 10 5 8 2 4 6 9 3 
20180925350 9 5 3 8 1 2 6 7 10 4 
20180925351 4 8 10 9 3 6 2 7 5 1 
20180925352 3 1 5 4 9 2 10 7 6 8 
20180925353 9 3 8 5 6 2 1 7 4 10 
20180925354 3 8 7 10 5 2 1 9 6 4 
20180925355 10 1 3 6 5 2 4 9 7 8 
20180925356 4 5 3 7 8 1 6 10 9 2 
20180925357 8 1 10 5 9 7 2 4 6 3 
20180925358 2 4 3 6 10 1 9 8 7 5 
20180925359 7 1 8 3 6 4 9 2 5 10 
20180925360 10 7 3 6 8 2 9 4 1 5 
20180925361 7 3 1 2 8 10 6 4 5 9 
20180925362 5 3 4 8 9 7 1 2 10 6 
20180925363 1 5 8 9 10 3 4 7 2 6 
20180925364 3 1 2 6 4 7 8 10 5 9 
20180925365 2 1 8 10 9 3 4 7 5 6 
20180925366 4 3 6 9 8 10 2 7 5 1 
20180925367 10 6 4 1 9 7 8 2 5 3 
20180925368 5 3 1 7 2 6 10 9 4 8 
20180925369 5 3 8 9 7 6 2 10 4 1 
20180925370 6 10 2 3 1 9 7 5 4 8 
20180925371 5 7 8 3 2 1 4 10 6 9 
20180925372 5 8 10 1 4 9 6 2 7 3 
20180925373 4 3 5 9 6 1 2 8 10 7 
20180925374 5 7 10 8 4 6 2 9 3 1 
20180925375 3 10 7 8 2 1 6 4 9 5 
20180925376 6 9 1 8 3 4 10 5 2 7 
20180925377 8 4 6 9 10 3 1 5 2 7 
20180925378 8 5 7 9 4 1 2 10 3 6 
20180925379 5 8 6 10 7 1 9 2 4 3 
20180925380 3 7 2 4 8 1 10 6 5 9 
20180925381 9 5 8 10 2 7 1 4 6 3 
20180925382 10 7 8 6 3 9 1 4 5 2 
20180925383 4 3 7 2 1 6 5 9 10 8 
20180925384 3 2 10 6 8 9 1 7 4 5 
20180925385 3 7 9 1 4 2 8 5 10 6 
20180925386 5 7 4 9 6 3 2 1 10 8 
20180925387 7 8 10 5 3 6 9 4 1 2 
20180925388 5 9 2 8 4 7 1 6 3 10 
20180925389 6 3 7 8 4 10 5 9 1 2 
20180925390 1 10 5 3 2 4 7 8 9 6 
20180925391 3 2 5 1 6 9 10 7 4 8 
20180925392 2 4 5 9 8 10 3 6 7 1 
20180925393 7 4 2 6 5 1 3 8 10 9 
20180925394 3 7 4 8 5 9 10 2 6 1 
20180925395 9 10 1 3 5 7 2 8 4 6 
20180925396 8 9 2 1 3 4 10 7 6 5 
20180925397 3 9 8 10 1 7 4 2 6 5 
20180925398 6 7 4 2 1 9 3 8 10 5 
20180925399 3 9 5 2 1 10 7 8 4 6 
20180925400 4 2 6 5 1 8 3 10 7 9 
20180925401 6 4 2 1 8 5 3 7 9 10 
20180925402 4 6 9 7 2 8 5 10 3 1 
20180925403 6 8 10 4 3 1 7 9 2 5 
20180925404 7 3 8 6 5 4 9 1 10 2 
20180925405 2 5 3 9 7 10 1 4 6 8 
20180925406 1 5 6 10 7 9 4 3 8 2 
20180925407 2 10 7 8 6 9 5 1 3 4 
20180925408 8 4 7 10 6 3 1 5 9 2 
20180925409 3 10 1 4 5 6 2 9 7 8 
20180925410 10 9 8 6 5 4 1 3 2 7 
20180925411 7 8 1 4 3 6 5 2 10 9 
20180925412 5 9 10 2 6 1 3 8 7 4 
20180925413 4 3 2 8 10 9 1 6 7 5 
20180925414 4 3 9 6 2 7 5 10 8 1 
20180925415 7 3 9 8 5 2 10 4 6 1 
20180925416 9 3 1 8 5 10 6 4 7 2 
20180925417 8 1 3 2 5 9 6 4 7 10 
20180925418 3 5 8 2 7 4 1 10 9 6 
20180925419 10 4 9 8 6 2 7 5 3 1 
20180925420 7 3 2 6 9 10 4 5 1 8 
20180925421 5 6 2 10 3 9 7 4 1 8 
20180925422 5 7 1 9 3 10 4 2 8 6 
20180925423 4 10 2 6 9 7 1 5 8 3 
20180925424 6 10 5 9 2 1 7 3 4 8 
20180925425 10 1 4 2 8 6 7 3 5 9 
20180925426 10 4 7 8 6 3 2 1 5 9 
20180925427 5 9 4 10 7 8 1 3 2 6 
20180925428 8 10 1 2 3 5 9 6 7 4 
20180925429 3 7 4 8 2 9 1 5 6 10 
20180925430 1 3 4 5 2 8 10 9 7 6 
20180925431 9 7 3 4 2 10 6 5 8 1 
20180925432 3 9 6 2 7 10 4 5 1 8 
20180925433 2 9 8 5 3 6 7 10 4 1 
20180925434 5 8 9 2 4 6 1 10 7 3 
20180925435 6 10 9 7 8 4 5 2 1 3 
20180925436 4 3 9 10 6 8 1 5 2 7 
20180925437 2 3 6 7 1 5 4 8 10 9 
20180925438 4 2 1 8 9 7 10 6 3 5 
20180925439 8 1 2 3 7 5 4 10 9 6 
20180925440 3 4 1 6 2 7 10 9 8 5 
20180925441 3 8 2 4 6 5 9 10 7 1 
20180925442 3 1 10 6 4 2 9 8 7 5 
20180925443 3 7 5 2 1 8 4 10 9 6 
20180925444 1 8 3 6 9 4 5 10 7 2 
20180925445 9 5 1 8 3 7 6 4 2 10 
20180925446 1 10 6 9 8 2 7 4 3 5 
20180925447 3 2 6 4 8 10 1 7 9 5 
20180925448 3 9 2 10 4 6 7 5 8 1 
20180925449 5 8 9 1 6 2 4 10 3 7 
20180925450 3 6 1 10 9 7 2 8 4 5 
20180925451 2 3 8 9 6 1 10 4 5 7 
20180925452 8 5 9 2 7 4 10 1 3 6 
20180925453 4 6 1 3 7 2 9 10 5 8 
20180925454 8 5 10 2 4 9 7 3 6 1 
20180925455 3 9 2 7 10 8 5 1 6 4 
20180925456 5 8 10 9 7 2 1 6 4 3 
20180925457 1 3 7 8 5 10 4 6 2 9 
20180925458 1 3 6 8 7 9 5 10 2 4 
20180925459 8 2 4 5 9 7 10 1 6 3 
20180925460 6 5 3 1 10 8 9 2 4 7 
20180925461 7 9 6 3 10 1 8 2 4 5 
20180925462 4 9 10 5 6 1 7 8 2 3 
20180925463 9 5 3 7 4 1 2 8 6 10 
20180925464 4 8 10 6 1 3 9 7 2 5 
20180925465 8 5 4 7 2 3 6 10 9 1 
20180925466 3 2 5 1 8 6 7 4 9 10 
20180925467 7 5 2 1 9 4 10 3 6 8 
20180925468 1 10 6 2 7 3 4 5 8 9 
20180925469 4 10 2 9 6 8 5 7 3 1 
20180925470 9 7 10 4 8 3 1 5 2 6 
20180925471 1 3 8 10 9 5 6 4 2 7 
20180925472 3 9 10 1 8 4 6 2 5 7 
20180925473 8 7 3 10 4 9 2 5 1 6 
20180925474 5 8 2 3 6 7 1 4 9 10 
20180925475 3 4 6 5 2 10 1 8 9 7 
20180925476 9 6 3 5 1 8 2 7 10 4 
20180925477 7 4 2 5 3 1 9 6 8 10 
20180925478 4 5 8 3 1 2 10 9 6 7 
20180925479 7 9 1 3 4 8 2 5 10 6 
20180925480 1 2 6 8 5 4 10 9 7 3 
20180925481 2 1 6 5 9 7 4 10 8 3 
20180925482 8 1 4 2 7 9 10 5 6 3 
20180925483 1 10 4 5 6 2 8 7 3 9 
20180925484 6 4 1 10 3 8 9 5 7 2 
20180925485 3 1 5 9 2 8 10 4 6 7 
20180925486 5 2 4 8 9 10 3 7 1 6 
20180925487 5 10 6 8 9 7 3 1 2 4 
20180925488 9 4 2 5 7 6 8 3 10 1 
20180925489 3 4 6 5 7 1 8 9 10 2 
20180925490 10 1 7 9 4 6 2 3 8 5 
20180925491 9 6 7 5 8 2 4 1 3 10 
20180925492 8 2 6 5 10 3 9 4 1 7 
20180925493 6 10 5 9 1 3 4 8 2 7 
20180925494 5 9 8 10 4 7 2 6 3 1 
20180925495 8 7 5 3 1 4 9 10 2 6 
20180925496 10 5 8 1 4 7 2 3 9 6 
20180925497 4 7 9 5 8 6 3 2 10 1 
20180925498 8 9 7 4 10 2 1 6 3 5 
20180925499 7 1 9 5 4 8 6 2 3 10 
20180925500 7 8 3 5 1 10 6 2 9 4 
20180925501 4 10 8 7 1 6 5 3 9 2 
20180925502 9 2 7 10 6 4 5 1 8 3 
20180925503 1 9 4 5 7 3 2 8 6 10 
20180925504 4 8 2 7 3 1 9 5 10 6 
20180925505 1 10 4 6 9 2 5 7 8 3 
20180925506 1 5 10 8 9 6 4 3 7 2 
20180925507 4 6 9 2 10 8 3 7 1 5 
20180925508 4 5 3 7 6 1 2 9 8 10 
20180925509 4 8 2 9 10 5 1 6 7 3 
20180925510 5 9 4 7 1 2 3 10 8 6 
20180925511 4 5 7 10 9 3 2 6 8 1 
20180925512 10 4 8 6 3 1 2 7 5 9 
20180925513 1 7 5 2 9 6 8 10 3 4 
20180925514 10 5 6 9 4 1 2 8 3 7 
20180925515 10 9 1 8 3 7 6 2 4 5 
20180925516 10 9 1 2 6 8 3 5 7 4 
20180925517 5 2 10 8 3 7 4 9 1 6 
20180925518 7 1 10 8 6 9 5 4 3 2 
20180925519 6 5 9 2 1 8 10 7 3 4 
20180925520 8 1 4 7 3 6 9 10 5 2 
20180925521 5 6 7 2 10 1 3 8 4 9 
20180925522 8 7 6 3 2 4 1 10 5 9 
20180925523 7 10 5 8 3 2 4 1 9 6 
20180925524 10 7 4 9 1 3 6 8 5 2 
20180925525 1 4 2 8 3 6 9 10 5 7 
20180925526 9 5 8 6 7 10 4 1 2 3 
20180925527 5 3 10 4 6 2 7 9 1 8 
20180925528 2 1 3 7 8 9 10 5 6 4 
20180925529 6 10 5 1 2 3 4 7 9 8 
20180925530 7 9 8 4 5 10 2 1 6 3 
20180925531 10 1 2 7 6 5 3 4 9 8 
20180925532 8 1 7 6 10 4 9 2 3 5 
20180925533 7 9 4 10 3 5 8 1 2 6 
20180925534 6 7 10 5 3 2 9 8 1 4 
20180925535 8 5 6 2 10 9 7 3 1 4 
20180925536 7 9 2 4 1 5 8 10 6 3 
20180925537 6 9 3 1 5 4 8 7 2 10 
20180925538 5 6 10 8 2 1 3 4 7 9 
20180925539 7 3 9 10 4 6 1 8 2 5 
20180925540 6 3 9 4 8 5 1 7 10 2 
20180925541 4 8 5 10 7 9 2 1 6 3 
20180925542 10 3 8 6 2 5 7 9 4 1 
20180925543 2 9 10 3 4 1 7 5 6 8 
20180925544 5 6 3 8 1 9 4 2 10 7 
20180925545 9 7 3 10 4 5 2 6 8 1 
20180925546 2 6 7 1 9 5 4 10 3 8 
20180925547 8 6 9 3 1 10 4 7 5 2 
20180925548 9 6 2 4 8 5 1 3 10 7 
20180925549 9 5 6 3 4 2 10 8 7 1 
20180925550 10 9 1 5 6 4 3 8 7 2 
20180925551 7 6 9 4 2 8 1 10 3 5 
20180925552 4 7 1 5 10 9 3 2 6 8 
20180925553 9 5 1 8 10 2 7 6 4 3 
20180925554 8 7 2 5 1 4 9 6 10 3 
20180925555 7 1 6 5 9 8 2 10 3 4 
20180925556 3 5 8 6 4 1 9 10 2 7 
20180925557 9 8 10 6 7 3 4 2 1 5 
20180925558 9 3 5 10 2 6 4 1 8 7 
20180925559 3 2 1 7 6 4 10 5 9 8 
20180925560 7 4 9 8 5 3 1 10 2 6 
20180925561 3 1 2 7 6 10 8 9 5 4 
20180925562 4 7 2 1 9 5 3 8 6 10 
20180925563 7 6 4 2 1 10 8 9 5 3 
20180925564 5 1 2 8 3 9 6 10 4 7 
20180925565 3 6 10 5 8 9 4 2 7 1 
20180925566 7 2 4 6 1 10 8 5 9 3 
20180925567 9 7 6 2 10 1 3 8 5 4 
20180925568 3 10 4 2 7 1 6 9 5 8 
20180925569 5 9 6 8 2 3 7 10 4 1 
20180925570 6 8 1 9 10 3 7 2 5 4 
20180925571 9 5 8 4 3 7 10 6 1 2 
20180925572 7 4 6 5 10 3 2 8 9 1 
20180925573 5 10 2 8 4 1 3 9 7 6 
20180925574 8 4 7 9 5 6 1 3 10 2 
20180925575 3 7 10 1 2 4 8 6 5 9 
20180925576 7 10 9 6 3 1 2 4 8 5 
20180925577 3 8 7 6 2 9 5 10 4 1 
20180925578 6 8 2 7 3 5 10 4 1 9 
20180925579 10 3 4 5 9 6 1 7 2 8 
20180925580 6 4 2 7 8 1 9 3 5 10 
20180925581 2 9 1 6 3 4 5 8 10 7 
20180925582 7 3 10 4 8 9 1 5 6 2 
20180925583 1 8 2 9 3 10 6 5 7 4 
20180925584 6 3 7 2 1 9 4 10 5 8 
20180925585 4 1 7 8 3 5 6 2 9 10 
20180925586 5 3 1 10 7 9 6 2 8 4 
20180925587 5 2 4 6 9 10 7 8 3 1 
20180925588 1 7 9 3 6 5 2 10 4 8 
20180925589 7 8 2 4 5 1 10 3 6 9 
20180925590 7 2 3 9 1 4 5 10 8 6 
20180925591 8 2 5 7 4 9 3 1 6 10 
20180925592 6 10 7 2 8 5 3 4 1 9 
20180925593 9 2 8 1 5 7 3 10 6 4 
20180925594 3 2 5 7 8 10 9 1 6 4 
20180925595 8 10 9 1 7 2 5 3 4 6 
20180925596 1 9 6 8 4 7 3 10 5 2 
20180925597 9 5 10 3 4 6 8 2 7 1 
20180925598 6 5 4 8 1 3 2 10 9 7 
20180925599 7 8 3 2 6 1 4 5 10 9 
20180925600 5 8 4 7 6 1 2 9 3 10 
20180925601 8 6 2 3 4 10 1 5 9 7 
20180925602 9 1 3 6 8 7 2 5 4 10 
20180925603 1 5 2 7 8 6 9 3 10 4 
20180925604 2 1 5 3 7 10 6 9 4 8 
20180925605 3 10 6 7 2 4 8 9 5 1 
20180925606 5 4 9 7 6 3 1 2 10 8 
20180925607 3 2 8 6 9 5 10 4 7 1 
20180925608 8 5 4 1 3 6 2 10 7 9 
20180925609 6 2 5 3 7 9 10 1 4 8 
20180925610 3 6 4 5 1 8 9 2 10 7 
20180925611 3 9 6 2 5 10 8 1 4 7 
20180925612 3 7 5 6 4 2 9 10 8 1 
20180925613 6 2 3 5 8 1 4 7 10 9 
20180925614 3 1 6 8 2 10 7 9 5 4 
20180925615 6 7 2 8 5 3 1 4 9 10 
20180925616 6 8 3 4 10 1 2 9 7 5 
20180925617 3 8 10 5 1 7 6 9 4 2 
20180925618 9 4 2 8 1 6 7 10 5 3 
20180925619 8 1 10 6 2 5 7 3 4 9 
20180925620 7 10 2 8 4 5 1 9 6 3 
20180925621 10 2 1 5 3 8 7 9 6 4 
20180925622 9 5 6 1 8 4 10 7 2 3 
20180925623 6 2 10 8 7 4 1 9 3 5 
20180925624 6 2 10 9 7 5 1 8 4 3 
20180925625 5 10 6 4 8 1 3 7 2 9 
20180925626 2 6 8 4 3 7 10 1 5 9 
20180925627 4 8 7 10 5 1 3 9 2 6 
20180925628 6 9 2 1 4 8 7 3 5 10 
20180925629 6 5 2 4 7 3 1 9 10 8 
20180925630 1 6 7 4 3 10 8 2 5 9 
20180925631 1 3 7 6 9 2 5 10 8 4 
20180925632 7 9 8 10 6 4 3 1 2 5 
20180925633 1 2 5 9 7 6 4 8 10 3 
20180925634 5 6 9 10 8 4 7 2 3 1 
20180925635 5 7 10 4 1 2 6 3 8 9 
20180925636 10 8 2 4 3 1 7 6 9 5 
20180925637 8 3 7 2 9 6 5 10 4 1 
20180925638 6 1 7 5 4 2 8 3 10 9 
20180925639 5 8 1 3 6 9 10 7 2 4 
20180925640 5 3 9 8 2 6 10 4 7 1 
20180925641 5 8 3 4 10 6 1 9 7 2 
20180925642 2 1 7 9 10 6 5 8 4 3 
20180925643 6 9 7 5 4 2 1 10 3 8 
20180925644 7 8 4 3 1 2 6 10 5 9 
20180925645 6 3 8 4 7 9 10 2 5 1 
20180925646 9 7 6 5 4 3 8 1 10 2 
20180925647 8 2 1 5 4 9 6 3 10 7 
20180925648 2 9 5 10 4 3 6 8 1 7 
20180925649 6 10 2 9 5 3 8 4 7 1 
20180925650 2 4 10 8 5 6 1 3 7 9 
20180925651 7 9 1 6 3 10 5 8 4 2 
20180925652 6 10 5 1 7 8 2 9 3 4 
20180925653 6 10 1 2 8 9 7 5 4 3 
20180925654 9 2 8 10 7 1 6 3 4 5 
20180925655 7 8 1 6 3 4 9 10 5 2 
20180925656 7 3 4 10 1 2 9 5 8 6 
20180925657 10 8 3 9 7 1 2 4 5 6 
20180925658 3 10 2 1 9 8 4 6 7 5 
20180925659 1 2 4 5 10 7 9 6 8 3 
20180925660 5 2 6 3 1 10 4 8 9 7 
20180925661 1 2 9 8 5 6 10 4 3 7 
20180925662 10 3 7 8 9 5 2 6 1 4 
20180925663 1 3 7 9 8 4 2 10 5 6 
20180925664 7 5 6 1 10 4 8 2 3 9 
20180925665 4 2 3 9 7 8 10 5 6 1 
20180925666 1 7 10 4 5 2 6 9 3 8 
20180925667 9 6 3 7 2 8 10 4 5 1 
20180925668 4 6 10 5 2 7 3 8 9 1 
20180925669 1 7 10 2 6 9 4 8 3 5 
20180925670 7 8 3 10 5 2 9 1 6 4 
20180925671 2 10 5 7 8 1 3 6 9 4 
20180925672 3 5 2 7 8 10 4 1 9 6 
20180925673 1 4 6 2 9 7 8 3 10 5 
20180925674 7 4 8 1 3 5 2 6 10 9 
20180925675 2 6 1 10 4 8 9 7 3 5 
20180925676 4 1 2 10 9 8 3 6 5 7 
20180925677 9 5 3 8 1 7 6 2 10 4 
20180925678 1 8 4 7 9 2 5 10 6 3 
20180925679 8 1 6 3 2 4 10 7 9 5 
20180925680 1 6 5 10 3 7 8 9 4 2 
20180925681 4 1 8 3 10 5 2 9 7 6 
20180925682 3 2 5 4 1 8 6 9 7 10 
20180925683 7 10 1 5 9 2 8 3 6 4 
20180925684 1 5 10 8 7 6 2 3 9 4 
20180925685 2 10 5 9 8 6 3 1 4 7 
20180925686 9 7 8 3 6 1 4 5 10 2 
20180925687 8 3 10 7 5 9 6 1 4 2 
20180925688 8 3 7 5 1 9 4 10 2 6 
20180925689 6 4 9 1 3 5 10 7 8 2 
20180925690 3 10 2 6 1 4 7 8 9 5 
20180925691 7 4 9 3 6 2 8 1 5 10 
20180925692 10 1 5 8 4 9 7 6 3 2 
20180925693 3 4 10 6 5 8 1 2 7 9 
20180925694 8 4 9 7 2 6 3 1 10 5 
20180925695 5 3 6 1 9 2 8 7 10 4 
20180925696 7 2 5 1 4 3 6 9 8 10 
20180925697 8 2 5 1 7 4 10 9 3 6 
20180925698 2 6 1 3 4 8 5 7 9 10 
20180925699 8 10 9 6 7 4 3 5 2 1 
20180925700 7 4 1 6 2 8 3 9 5 10 
20180925701 7 8 9 4 6 2 1 10 5 3 
20180925702 7 6 4 3 5 2 9 10 8 1 
20180925703 3 9 7 6 2 10 8 5 4 1 
20180925704 7 4 5 3 6 2 9 8 10 1 
20180925705 3 8 2 1 4 6 9 7 5 10 
20180925706 1 8 3 7 9 6 5 2 10 4 
20180925707 4 2 9 5 10 8 6 1 3 7 
20180925708 8 5 9 7 10 2 4 3 1 6 
20180925709 9 2 10 4 5 3 6 1 8 7 
20180925710 3 7 6 2 10 9 4 8 5 1 
20180925711 10 2 9 5 6 3 7 4 1 8 
20180925712 1 6 8 9 2 7 5 3 10 4 
20180925713 5 6 3 8 10 4 7 1 9 2 
20180925714 10 7 2 1 4 9 3 6 8 5 
20180925715 7 9 8 3 10 5 2 4 1 6 
20180925716 8 2 9 4 7 3 5 10 6 1 
20180925717 6 3 4 2 1 10 9 7 5 8 
20180925718 9 4 10 3 1 7 6 5 2 8 
20180925719 10 4 3 2 1 7 8 9 6 5 
20180925720 4 7 3 9 5 6 2 8 1 10 
20180925721 10 6 9 2 4 1 7 8 5 3 
20180925722 10 9 6 5 2 4 1 3 7 8 
20180925723 10 8 3 1 7 6 2 9 4 5 
20180925724 9 10 6 5 8 7 3 2 1 4 
20180925725 1 6 4 7 5 8 9 3 2 10 
20180925726 6 8 10 9 1 7 2 3 5 4 
20180925727 5 10 7 4 2 8 9 3 1 6 
20180925728 8 10 6 9 1 5 7 2 4 3 
20180925729 7 10 6 4 2 9 1 3 8 5 
20180925730 4 8 6 7 5 1 2 3 9 10 
20180925731 1 10 3 8 7 2 4 6 9 5 
20180925732 1 8 6 10 5 9 3 2 7 4 
20180925733 10 2 8 3 6 9 5 7 4 1 
20180925734 1 7 6 8 3 4 5 9 10 2 
20180925735 2 6 1 4 9 8 7 5 3 10 
20180925736 4 7 1 9 10 8 2 3 6 5 
20180925737 4 2 8 6 1 9 5 7 3 10 
20180925738 10 4 9 1 7 8 5 3 6 2 
20180925739 4 5 6 9 1 2 10 7 3 8 
20180925740 6 4 5 9 8 7 10 3 1 2 
20180925741 8 9 3 6 10 2 1 7 5 4 
20180925742 4 6 10 9 3 2 8 1 7 5 
20180925743 2 6 7 5 8 9 1 3 10 4 
20180925744 7 1 3 2 9 5 10 6 8 4 
20180925745 6 1 4 2 7 10 3 5 8 9 
20180925746 3 9 2 4 7 5 1 6 10 8 
20180925747 8 2 9 6 4 10 7 3 5 1 
20180925748 2 9 10 5 1 4 6 8 3 7 
20180925749 9 8 2 5 6 3 1 7 4 10 
20180925750 9 4 6 1 2 7 10 8 5 3 
20180925751 5 6 10 7 2 4 9 1 3 8 
20180925752 1 6 9 8 10 2 5 7 4 3 
20180925753 2 5 6 10 1 7 9 8 4 3 
20180925754 6 10 1 7 4 2 9 3 5 8 
20180925755 8 5 6 1 9 7 10 3 4 2 
20180925756 9 8 2 3 1 5 7 10 6 4 
20180925757 1 9 4 6 7 5 3 8 2 10 
20180925758 9 10 4 1 3 8 7 2 5 6 
20180925759 5 4 10 9 7 2 1 6 8 3 
20180925760 3 4 5 2 1 9 10 8 7 6 
20180925761 9 3 2 10 5 6 4 7 8 1 
20180925762 5 10 8 6 3 1 4 9 7 2 
20180925763 8 10 1 5 3 9 4 6 7 2 
20180925764 2 1 9 6 7 5 10 4 3 8 
20180925765 3 4 9 2 10 6 7 5 8 1 
20180925766 5 6 2 4 1 8 7 3 9 10 
20180925767 5 1 7 9 3 8 6 10 2 4 
20180925768 7 9 3 8 2 6 4 5 10 1 
20180925769 10 9 3 1 7 6 4 8 2 5 
20180925770 5 4 3 8 10 9 7 1 6 2 
20180925771 3 10 9 1 7 4 6 8 5 2 
20180925772 10 9 4 2 3 5 6 8 7 1 
20180925773 3 6 1 7 5 9 4 2 8 10 
20180925774 7 2 1 4 6 10 9 5 8 3 
20180925775 3 8 1 7 5 9 4 6 10 2 
20180925776 6 3 8 10 5 7 4 2 9 1 
20180925777 4 6 7 3 10 1 8 9 2 5 
20180925778 7 4 3 1 8 10 2 6 5 9 
20180925779 1 10 4 7 3 5 6 9 2 8 
20180925780 7 3 2 8 6 5 10 9 4 1 
20180925781 8 4 6 1 9 2 5 3 7 10 
20180925782 10 1 9 2 6 4 5 3 7 8 
20180925783 2 7 9 6 4 5 1 8 10 3 
20180925784 1 10 2 5 9 4 7 8 6 3 
20180925785 9 5 4 2 10 3 8 7 1 6 
20180925786 8 2 4 1 10 7 3 9 5 6 
20180925787 1 6 5 10 3 7 9 8 4 2 
20180925788 5 6 8 3 7 9 1 2 4 10 
20180925789 4 5 7 6 1 3 2 8 9 10 
20180925790 10 2 8 6 9 1 7 5 3 4 
20180925791 3 7 8 5 10 1 4 9 6 2 
20180925792 3 1 9 7 10 2 5 4 8 6 
20180925793 8 3 6 2 7 9 4 10 5 1 
20180925794 6 1 10 3 8 7 4 2 5 9 
20180925795 3 2 6 4 10 9 7 5 8 1 
20180925796 8 1 4 6 9 2 7 5 3 10 
20180925797 1 4 6 2 5 8 7 10 9 3 
20180925798 7 4 9 3 10 1 6 5 8 2 
20180925799 7 10 1 3 4 9 2 6 8 5 
20180925800 5 1 7 10 2 6 8 4 3 9 
20180925801 7 1 6 3 2 9 8 10 5 4 
20180925802 2 9 6 1 10 4 8 3 7 5 
20180925803 7 5 6 8 10 4 3 1 9 2 
20180925804 6 2 9 4 8 7 5 3 10 1 
20180925805 4 3 2 7 9 6 8 5 1 10 
20180925806 2 1 6 7 9 10 5 8 4 3 
20180925807 9 1 4 5 7 10 2 8 6 3 
20180925808 4 3 5 7 10 8 6 1 9 2 
20180925809 9 6 2 1 4 5 3 7 8 10 
20180925810 10 5 4 8 9 6 1 7 3 2 
20180925811 8 7 6 5 9 2 4 10 1 3 
20180925812 10 9 5 7 3 2 4 8 6 1 
20180925813 5 1 3 10 2 7 4 9 8 6 
20180925814 9 3 4 6 5 1 2 7 8 10 
20180925815 5 7 4 1 10 9 6 3 8 2 
20180925816 6 10 5 9 2 4 8 3 1 7 
20180925817 7 4 6 2 3 9 8 5 1 10 
20180925818 7 10 4 2 8 6 5 9 3 1 
20180925819 10 4 9 1 7 3 2 5 6 8 
20180925820 2 3 6 7 9 10 4 1 8 5 
20180925821 2 3 8 1 5 10 7 6 9 4 
20180925822 6 4 7 8 10 3 9 2 5 1 
20180925823 6 9 3 4 2 7 10 8 1 5 
20180925824 8 2 4 1 7 6 10 3 9 5 
20180925825 1 6 2 8 3 9 5 10 4 7 
20180925826 9 6 10 1 2 7 8 4 5 3 
20180925827 9 7 1 10 8 4 3 2 6 5 
20180925828 1 5 6 2 7 3 8 9 10 4 
20180925829 10 9 1 6 4 8 5 2 7 3 
20180925830 1 9 4 5 6 2 10 8 7 3 
20180925831 7 4 5 2 8 10 3 1 9 6 
20180925832 9 3 2 5 7 10 6 8 1 4 
20180925833 9 5 3 4 8 6 10 1 7 2 
20180925834 9 2 5 6 3 8 4 7 1 10 
20180925835 10 6 7 8 1 2 3 9 4 5 
20180925836 3 7 10 6 4 1 9 8 5 2 
20180925837 2 4 3 1 9 6 10 8 5 7 
20180925838 2 10 1 6 9 3 4 7 8 5 
20180925839 7 4 10 5 9 8 6 1 2 3 
20180925840 9 3 2 5 7 6 4 10 1 8 
20180925841 8 7 9 2 3 5 4 10 1 6 
20180925842 4 8 10 2 9 5 3 1 7 6 
20180925843 5 6 1 9 8 4 2 7 10 3 
20180925844 9 10 5 7 2 4 1 6 8 3 
20180925845 7 10 5 3 6 8 9 1 4 2 
20180925846 8 3 7 6 10 2 5 4 1 9 
20180925847 8 9 7 5 10 1 6 2 3 4 
20180925848 2 9 7 8 1 3 4 10 6 5 
20180925849 7 1 10 4 3 5 9 6 8 2 
20180925850 7 5 4 1 2 9 8 3 10 6 
20180925851 5 9 8 4 3 7 6 2 1 10 
20180925852 6 1 4 9 5 8 10 2 3 7 
20180925853 5 7 1 10 9 2 3 4 6 8 
20180925854 7 4 1 5 8 10 6 2 3 9 
20180925855 2 1 6 4 3 10 7 5 8 9 
20180925856 3 8 7 5 2 6 1 4 10 9 
20180925857 7 8 4 3 2 5 6 9 10 1 
20180925858 6 2 5 4 10 1 9 3 7 8 
20180925859 10 4 2 5 6 8 9 1 7 3 
20180925860 5 10 3 1 4 2 7 9 8 6 
20180925861 9 8 10 2 1 7 5 6 4 3 
20180925862 9 6 5 8 3 10 7 4 1 2 
20180925863 1 5 7 4 6 9 8 2 3 10 
20180925864 1 2 8 10 3 4 6 9 5 7 
20180925865 7 8 10 6 1 3 5 4 9 2 
20180925866 4 10 8 5 2 7 6 9 1 3 
20180925867 5 9 10 2 4 6 8 3 1 7 
20180925868 6 3 5 8 9 2 1 7 4 10 
20180925869 1 10 4 7 2 6 8 5 3 9 
20180925870 3 2 5 7 8 1 9 6 10 4 
20180925871 4 2 1 3 5 9 8 10 6 7 
20180925872 6 2 10 8 7 9 3 4 5 1 
20180925873 1 3 10 9 8 5 4 2 6 7 
20180925874 7 6 8 4 10 2 3 9 5 1 
20180925875 1 2 4 10 5 8 7 9 6 3 
20180925876 6 7 3 8 5 10 1 2 4 9 
20180925877 3 2 1 4 7 10 8 5 9 6 
20180925878 6 10 2 1 9 5 8 7 3 4 
20180925879 1 3 8 7 4 2 10 9 5 6 
20180925880 5 9 8 2 4 1 3 10 7 6 
20180925881 9 1 6 2 7 10 4 5 8 3 
20180925882 10 5 6 4 8 3 1 7 9 2 
20180925883 3 5 10 8 4 7 2 6 1 9 
20180925884 4 10 2 5 1 9 7 6 3 8 
20180925885 10 6 1 8 4 2 3 5 9 7 
20180925886 10 5 3 7 8 6 9 2 4 1 
20180925887 4 8 7 2 10 9 3 1 6 5 
20180925888 3 6 5 7 8 9 2 4 1 10 
20180925889 1 9 10 3 7 5 4 8 6 2 
20180925890 4 7 2 3 8 1 10 6 5 9 
20180925891 9 5 7 2 8 3 6 1 10 4 
20180925892 3 1 6 10 4 9 8 2 5 7 
20180925893 1 8 2 7 6 9 4 10 3 5 
20180925894 2 5 10 7 3 6 1 8 9 4 
20180925895 3 8 9 10 6 1 7 5 2 4 
20180925896 3 4 10 9 8 2 5 7 6 1 
20180925897 2 1 8 6 9 5 4 10 7 3 
20180925898 2 3 9 7 4 6 5 10 8 1 
20180925899 3 8 7 1 2 10 9 5 4 6 
20180925900 10 8 9 5 7 1 2 6 4 3 
20180925901 5 4 8 10 3 2 7 6 1 9 
20180925902 6 2 1 3 5 8 10 4 9 7 
20180925903 6 10 7 1 2 5 9 3 8 4 
20180925904 10 6 1 5 4 8 9 2 7 3 
20180925905 3 5 2 1 10 7 9 4 8 6 
20180925906 10 4 6 1 8 5 9 7 2 3 
20180925907 10 3 2 7 6 1 8 9 4 5 
20180925908 10 9 8 4 6 1 2 3 7 5 
20180925909 9 8 10 4 7 2 6 1 3 5 
20180925910 6 8 10 9 5 4 2 7 1 3 
20180925911 10 8 5 1 7 2 4 9 3 6 
20180925912 8 2 3 5 9 4 6 10 7 1 
20180925913 2 3 4 9 10 5 7 8 1 6 
20180925914 9 6 2 8 5 4 7 1 3 10 
20180925915 8 5 6 4 9 3 10 2 7 1 
20180925916 9 7 4 10 2 1 3 8 6 5 
20180925917 1 10 3 5 9 7 6 2 4 8 
20180925918 1 6 4 7 8 10 2 3 9 5 
20180925919 4 2 8 7 1 5 6 9 10 3 
20180925920 5 9 6 3 10 1 2 8 4 7 
20180925921 10 1 6 4 7 3 9 2 5 8 
20180925922 6 10 2 3 9 1 7 4 8 5 
20180925923 3 7 1 8 6 9 5 4 2 10 
20180925924 4 2 3 5 7 8 9 10 6 1 
20180925925 4 1 3 5 8 2 6 9 7 10 
20180925926 9 3 1 7 2 10 8 4 6 5 
20180925927 4 5 7 3 9 6 1 10 2 8 
20180925928 3 2 10 9 1 8 5 4 6 7 
20180925929 10 1 5 3 9 4 8 6 7 2 
20180925930 5 7 2 6 9 1 10 4 8 3 
20180925931 8 4 10 6 2 5 9 7 3 1 
20180925932 9 4 5 10 8 6 1 7 2 3 
20180925933 3 7 4 9 8 1 6 10 5 2 
20180925934 7 1 3 9 10 2 8 6 5 4 
20180925935 9 3 8 7 6 10 5 1 2 4 
20180925936 3 4 8 1 6 5 7 2 10 9 
20180925937 9 3 1 8 5 10 2 7 6 4 
20180925938 7 3 1 9 10 6 8 2 4 5 
20180925939 6 2 4 3 10 7 9 8 1 5 
20180925940 8 9 1 4 2 5 3 10 7 6 
20180925941 10 8 2 1 5 3 7 9 4 6 
20180925942 3 1 2 4 5 10 9 7 6 8 
20180925943 3 5 1 9 2 6 10 7 4 8 
20180925944 5 3 8 4 10 1 7 9 2 6 
20180925945 1 8 9 7 10 5 3 2 4 6 
20180925946 7 3 1 8 6 5 9 10 2 4 
20180925947 5 9 1 10 8 4 3 7 2 6 
20180925948 5 7 8 2 1 10 6 4 9 3 
20180925949 5 3 1 6 2 7 9 4 10 8 
20180925950 9 8 6 3 2 7 1 4 10 5 
20180925951 10 7 3 4 8 5 2 9 6 1 
20180925952 4 2 3 8 9 10 1 5 7 6 
20180925953 2 8 10 1 6 3 4 9 5 7 
20180925954 1 7 4 2 6 10 9 8 5 3 
20180925955 2 9 10 1 4 3 6 5 7 8 
20180925956 9 8 6 5 10 1 7 3 4 2 
20180925957 8 5 6 2 1 9 7 4 3 10 
20180925958 7 4 9 8 10 1 5 2 3 6 
20180925959 1 2 10 7 8 3 6 9 5 4 
20180925960 2 9 7 6 8 3 1 5 4 10 
20180925961 8 1 9 4 5 7 10 2 3 6 
20180925962 5 8 6 2 7 10 1 9 3 4 
20180925963 6 1 2 3 7 9 10 5 4 8 
20180925964 7 3 6 1 10 5 9 2 4 8 
20180925965 5 6 7 10 2 1 4 9 8 3 
20180925966 8 10 5 4 9 7 2 6 1 3 
20180925967 5 7 10 2 9 6 8 4 1 3 
20180925968 5 7 10 2 6 1 9 8 4 3 
20180925969 1 3 5 9 2 10 8 6 4 7 
20180925970 2 8 3 1 7 10 6 5 9 4 
20180925971 9 4 7 3 10 8 6 2 1 5 
20180925972 6 3 5 10 4 1 9 2 7 8 
20180925973 9 5 7 4 2 1 3 8 6 10 
20180925974 9 8 2 5 1 4 10 3 6 7 
20180925975 9 10 4 8 5 2 7 1 6 3 
20180925976 2 3 8 6 1 10 7 9 5 4 
20180925977 9 2 3 10 5 4 6 1 8 7 
20180925978 7 5 9 8 6 1 10 2 3 4 
20180925979 1 5 3 6 2 7 8 4 10 9 
20180925980 7 1 2 6 8 4 9 5 3 10 
20180925981 1 3 9 10 2 5 8 7 4 6 
20180925982 7 6 10 9 3 5 8 4 2 1 
20180925983 4 2 3 8 6 7 5 10 9 1 
20180925984 6 10 3 1 7 9 2 5 8 4 
20180925985 2 1 9 5 8 4 6 3 7 10 
20180926001 10 2 1 4 5 9 8 3 6 7 
