20180901002 1 10 6 5 2 9 7 3 4 8 
20180901003 9 4 6 10 1 5 3 2 8 7 
20180901004 3 2 5 10 4 9 6 8 1 7 
20180901005 3 5 2 9 10 1 6 4 8 7 
20180901006 10 5 4 7 9 6 3 1 2 8 
20180901007 4 10 9 7 8 1 3 5 6 2 
20180901008 7 4 1 5 8 2 9 6 10 3 
20180901009 10 4 7 1 9 2 5 3 6 8 
20180901010 6 7 2 5 3 9 1 4 8 10 
20180901011 2 3 5 6 8 1 9 7 4 10 
20180901012 2 6 7 3 5 1 9 4 10 8 
20180901013 9 6 3 10 5 2 8 7 4 1 
20180901014 9 6 4 3 7 1 10 2 5 8 
20180901015 4 7 8 1 3 5 2 10 6 9 
20180901016 4 10 2 5 9 7 1 6 3 8 
20180901017 10 1 4 6 3 7 8 2 9 5 
20180901018 6 4 1 9 8 3 10 7 5 2 
20180901019 4 1 2 5 10 6 3 9 7 8 
20180901020 2 10 8 7 4 9 1 3 5 6 
20180901021 10 5 7 8 6 2 3 4 9 1 
20180901022 4 9 6 2 5 7 1 8 3 10 
20180901023 5 3 6 7 10 9 2 8 4 1 
20180901024 8 10 7 9 4 1 5 3 6 2 
20180901025 10 2 9 3 7 1 6 5 8 4 
20180901026 8 5 6 4 7 9 2 1 10 3 
20180901027 8 3 10 6 1 4 2 5 7 9 
20180901028 8 7 1 9 6 10 2 5 3 4 
20180901029 2 10 8 9 4 5 3 7 1 6 
20180901030 10 1 2 3 4 7 5 9 6 8 
20180901031 8 6 2 7 3 9 10 1 5 4 
20180901032 3 9 7 10 8 5 1 6 2 4 
20180901033 3 8 7 10 1 4 6 2 5 9 
20180901034 7 1 10 9 4 6 2 8 3 5 
20180901035 5 4 8 3 2 10 6 9 7 1 
20180901036 1 2 9 8 5 7 6 4 10 3 
20180901037 7 9 3 10 2 6 4 8 1 5 
20180901038 6 4 1 2 3 7 5 8 10 9 
20180901039 6 4 10 9 3 5 8 1 2 7 
20180901040 7 6 2 5 1 9 10 8 3 4 
20180901041 2 1 9 7 6 3 10 8 5 4 
20180901042 9 7 2 1 4 8 6 5 10 3 
20180901043 3 4 5 6 7 1 8 9 10 2 
20180901044 5 8 1 4 3 10 2 7 6 9 
20180901045 7 9 10 4 3 6 8 2 5 1 
20180901046 9 10 7 4 3 8 2 5 1 6 
20180901047 3 5 10 2 4 6 7 9 8 1 
20180901048 4 9 3 7 5 6 10 8 2 1 
20180901049 9 10 1 3 5 7 6 2 4 8 
20180901050 6 10 9 1 3 4 7 8 5 2 
20180901051 1 9 4 8 3 2 6 10 5 7 
20180901052 4 9 6 2 1 10 5 7 8 3 
20180901053 2 3 8 6 7 4 9 5 10 1 
20180901054 7 9 5 8 1 2 3 4 10 6 
20180901055 9 10 6 1 2 7 3 8 4 5 
20180901056 4 6 10 5 1 3 7 8 2 9 
20180901057 8 1 3 7 5 4 9 2 10 6 
20180901058 10 3 5 9 2 8 4 7 1 6 
20180901059 2 6 8 10 1 9 4 5 3 7 
20180901060 2 5 6 4 3 1 9 8 10 7 
20180901061 8 3 6 2 4 9 10 5 1 7 
20180901062 7 10 3 8 4 2 5 6 1 9 
20180901063 1 2 6 10 4 3 5 9 8 7 
20180901064 5 6 8 9 1 3 7 10 4 2 
20180901065 5 6 9 3 1 2 4 10 7 8 
20180901066 1 5 8 6 3 4 9 10 2 7 
20180901067 9 2 3 4 1 7 6 8 5 10 
20180901068 3 5 2 8 1 4 6 10 9 7 
20180901069 7 4 8 9 6 3 10 1 2 5 
20180901070 8 9 5 10 6 7 4 2 3 1 
20180901071 4 2 10 7 3 6 1 5 9 8 
20180901072 8 2 4 10 3 1 5 7 6 9 
20180901073 3 1 9 6 5 4 8 7 2 10 
20180901074 4 7 5 6 9 10 8 2 3 1 
20180901075 5 8 1 2 6 3 9 10 7 4 
20180901076 7 8 9 4 3 10 1 5 2 6 
20180901077 7 3 10 8 2 5 6 1 9 4 
20180901078 9 3 6 7 1 2 10 8 4 5 
20180901079 5 8 7 6 9 2 1 4 10 3 
20180901080 6 4 8 2 7 5 1 10 3 9 
20180901081 3 10 9 2 6 5 7 1 4 8 
20180901082 8 1 4 2 5 7 10 3 6 9 
20180901083 7 6 5 8 10 2 9 3 1 4 
20180901084 6 2 1 10 9 4 5 8 3 7 
20180901085 5 2 9 6 10 3 7 1 8 4 
20180901086 10 3 8 9 5 1 7 2 4 6 
20180901087 2 9 3 5 8 1 4 6 10 7 
20180901088 8 9 2 10 6 4 7 3 1 5 
20180901089 9 8 4 10 5 7 6 1 2 3 
20180901090 10 2 6 8 7 9 1 3 4 5 
20180901091 9 7 2 5 4 1 8 6 10 3 
20180901092 7 9 6 2 3 5 8 4 10 1 
20180901093 2 6 5 4 3 9 7 10 8 1 
20180901094 7 5 4 1 3 10 9 8 2 6 
20180901095 5 2 6 9 1 7 4 8 3 10 
20180901096 4 6 9 1 2 5 3 8 10 7 
20180901097 1 2 9 5 6 4 8 7 3 10 
20180901098 2 7 9 6 3 1 10 8 5 4 
20180901099 5 1 3 7 6 9 8 10 2 4 
20180901100 8 9 3 6 7 1 10 5 4 2 
20180901101 9 2 8 5 10 3 6 1 4 7 
20180901102 4 8 6 7 2 5 1 9 3 10 
20180901103 3 1 10 4 9 6 5 7 2 8 
20180901104 8 7 9 5 2 4 1 6 10 3 
20180901105 10 5 1 8 3 2 9 4 6 7 
20180901106 1 9 10 5 3 7 8 4 2 6 
20180901107 1 3 6 10 5 2 9 4 8 7 
20180901108 5 8 2 3 7 4 6 9 1 10 
20180901109 2 1 10 9 6 3 4 8 7 5 
20180901110 3 8 2 6 5 1 9 7 10 4 
20180901111 7 1 10 2 5 9 8 6 3 4 
20180901112 10 3 1 6 4 8 2 9 5 7 
20180901113 9 7 2 3 5 4 10 8 1 6 
20180901114 4 9 7 5 10 8 3 1 2 6 
20180901115 10 3 5 8 1 2 7 4 6 9 
20180901116 8 9 2 4 7 1 5 6 10 3 
20180901117 8 4 6 2 3 10 7 1 9 5 
20180901118 2 8 7 5 3 6 10 9 4 1 
20180901119 6 4 9 10 7 8 5 3 1 2 
20180901120 6 5 10 2 7 1 8 4 3 9 
20180901121 3 9 5 6 4 10 8 2 1 7 
20180901122 8 2 5 6 1 9 10 3 7 4 
20180901123 7 3 2 5 8 1 6 10 4 9 
20180901124 4 6 2 8 3 10 1 7 9 5 
20180901125 5 6 10 4 2 1 3 8 7 9 
20180901126 6 3 9 7 8 5 2 4 1 10 
20180901127 5 7 8 2 6 1 3 4 10 9 
20180901128 7 1 2 4 8 10 9 3 6 5 
20180901129 7 4 8 9 5 3 10 1 6 2 
20180901130 7 9 6 2 5 4 10 1 8 3 
20180901131 6 10 7 2 9 1 8 5 4 3 
20180901132 9 2 5 4 1 6 7 3 10 8 
20180901133 4 1 2 7 9 5 10 8 6 3 
20180901134 3 10 9 1 8 7 6 5 4 2 
20180901135 10 7 4 1 2 6 8 5 9 3 
20180901136 9 10 3 5 7 4 8 2 1 6 
20180901137 10 7 5 9 1 2 3 6 8 4 
20180901138 9 10 3 1 6 2 7 5 8 4 
20180901139 7 10 6 5 8 1 4 3 2 9 
20180901140 1 2 5 4 6 7 8 3 9 10 
20180901141 8 10 4 9 1 5 6 7 2 3 
20180901142 4 8 3 10 7 6 1 9 2 5 
20180901143 9 3 5 7 8 1 6 4 2 10 
20180901144 5 8 2 4 9 1 10 6 7 3 
20180901145 10 2 1 4 8 9 6 5 3 7 
20180901146 7 6 5 9 8 4 1 10 2 3 
20180901147 10 1 3 2 4 5 6 9 7 8 
20180901148 1 3 2 10 9 8 6 4 5 7 
20180901149 7 5 6 3 8 10 9 1 4 2 
20180901150 6 1 9 5 2 7 3 8 10 4 
20180901151 1 2 4 3 10 7 5 9 6 8 
20180901152 4 3 1 5 10 2 9 7 6 8 
20180901153 9 1 3 2 5 7 6 8 10 4 
20180901154 5 10 1 9 6 2 3 7 4 8 
20180901155 2 4 6 10 1 7 3 8 5 9 
20180901156 1 3 8 10 9 4 7 2 5 6 
20180901157 10 5 3 2 9 8 1 4 7 6 
20180901158 10 7 3 9 2 6 1 8 4 5 
20180901159 8 3 6 9 2 7 4 5 1 10 
20180901160 4 5 6 2 3 7 10 9 8 1 
20180901161 2 5 8 4 7 3 9 6 10 1 
20180901162 8 3 9 2 4 7 5 10 6 1 
20180901163 10 1 2 4 6 9 7 8 3 5 
20180901164 8 10 2 4 6 3 7 9 1 5 
20180901165 3 9 8 6 10 7 5 2 4 1 
20180901166 1 4 6 3 8 7 10 2 9 5 
20180901167 6 1 2 10 9 7 5 4 3 8 
20180901168 4 10 1 5 9 2 8 3 7 6 
20180901169 4 2 1 10 6 8 3 5 7 9 
20180901170 2 6 4 1 9 8 7 10 5 3 
20180901171 7 4 10 8 2 3 6 9 5 1 
20180901172 9 8 5 4 10 2 7 6 3 1 
20180901173 3 9 1 2 5 6 10 7 8 4 
20180901174 8 10 9 7 5 2 4 1 6 3 
20180901175 7 2 3 1 8 4 5 6 10 9 
20180901176 6 8 4 10 5 3 1 7 9 2 
20180901177 3 4 10 8 2 1 9 7 5 6 
20180901178 8 4 10 3 5 2 6 9 7 1 
20180901179 6 10 4 9 7 8 3 2 1 5 
20180901180 3 8 10 6 7 9 1 4 5 2 
20180901181 3 6 2 7 9 4 5 8 1 10 
20180901182 2 4 7 1 5 3 8 10 6 9 
20180901183 4 5 10 7 3 2 6 8 1 9 
20180901184 4 2 6 9 8 7 1 10 3 5 
20180901185 2 1 10 4 9 5 8 6 3 7 
20180901186 4 2 10 6 8 1 5 9 7 3 
20180901187 7 3 8 1 2 9 5 4 10 6 
20180901188 4 3 1 2 9 6 8 7 10 5 
20180901189 3 8 9 4 2 7 10 5 1 6 
20180901190 1 3 5 4 8 9 2 6 10 7 
20180901191 4 1 6 5 2 10 9 7 3 8 
20180901192 9 5 7 3 8 1 4 2 10 6 
20180901193 5 8 6 3 7 2 1 9 4 10 
20180901194 2 8 3 9 4 10 1 5 7 6 
20180901195 10 2 5 3 6 1 8 7 9 4 
20180901196 6 8 1 3 9 2 10 4 7 5 
20180901197 8 2 5 9 3 4 7 10 1 6 
20180901198 4 6 10 5 1 2 7 9 8 3 
20180901199 2 5 10 8 3 6 1 7 9 4 
20180901200 1 10 3 6 4 5 7 8 2 9 
20180901201 2 9 6 1 3 5 4 7 10 8 
20180901202 8 7 9 5 10 6 3 4 1 2 
20180901203 6 7 1 5 8 3 2 4 10 9 
20180901204 3 8 1 6 5 10 7 4 9 2 
20180901205 2 7 9 10 8 3 4 1 5 6 
20180901206 10 6 7 3 8 2 5 4 9 1 
20180901207 2 5 9 6 10 7 4 3 1 8 
20180901208 5 7 2 3 1 4 10 8 9 6 
20180901209 6 9 8 5 1 4 3 2 10 7 
20180901210 4 3 2 6 7 5 9 1 8 10 
20180901211 6 7 3 10 4 2 1 5 9 8 
20180901212 7 2 1 10 4 6 8 5 9 3 
20180901213 9 6 8 1 10 3 4 7 2 5 
20180901214 5 7 4 8 3 10 6 1 9 2 
20180901215 8 7 5 4 9 10 2 3 1 6 
20180901216 10 7 9 6 8 1 4 5 3 2 
20180901217 4 8 7 2 3 10 1 9 6 5 
20180901218 1 10 8 6 7 3 9 4 5 2 
20180901219 5 8 10 3 1 2 7 9 6 4 
20180901220 6 2 8 5 7 4 10 1 3 9 
20180901221 7 8 10 4 2 6 3 9 1 5 
20180901222 5 4 7 6 10 1 9 3 8 2 
20180901223 9 8 5 3 6 7 10 4 2 1 
20180901224 5 4 8 2 10 1 9 3 6 7 
20180901225 1 9 4 6 10 3 7 5 8 2 
20180901226 9 5 10 7 4 2 8 3 1 6 
20180901227 3 5 2 1 7 4 9 6 8 10 
20180901228 9 10 2 1 6 3 4 7 8 5 
20180901229 5 8 2 10 6 7 1 4 3 9 
20180901230 10 4 6 5 2 8 1 9 7 3 
20180901231 8 7 1 5 4 10 6 3 9 2 
20180901232 2 1 9 4 10 6 7 3 8 5 
20180901233 2 8 7 9 6 3 10 5 4 1 
20180901234 8 6 9 7 1 4 10 5 3 2 
20180901235 9 2 8 10 1 5 6 7 4 3 
20180901236 5 2 10 6 4 1 7 8 9 3 
20180901237 9 3 10 2 5 6 4 7 8 1 
20180901238 9 6 3 1 7 10 4 2 8 5 
20180901239 9 3 5 8 2 7 6 4 10 1 
20180901240 3 7 9 10 8 5 4 6 1 2 
20180901241 1 8 6 3 7 2 9 4 5 10 
20180901242 3 2 6 8 10 4 7 1 9 5 
20180901243 2 9 3 10 7 6 8 4 1 5 
20180901244 10 2 3 8 9 6 1 7 4 5 
20180901245 4 8 7 3 2 9 5 10 1 6 
20180901246 7 8 2 1 4 9 6 10 3 5 
20180901247 2 3 8 9 1 7 4 5 6 10 
20180901248 9 2 4 8 3 5 7 6 10 1 
20180901249 4 3 8 7 1 5 10 2 6 9 
20180901250 2 6 9 1 5 4 3 7 10 8 
20180901251 3 6 5 8 4 2 1 9 10 7 
20180901252 3 9 5 4 8 1 10 2 7 6 
20180901253 8 4 10 2 7 5 9 3 1 6 
20180901254 3 5 7 6 1 10 8 2 9 4 
20180901255 9 4 6 1 2 5 7 10 8 3 
20180901256 9 8 10 2 4 5 1 3 6 7 
20180901257 7 9 6 10 2 5 4 1 3 8 
20180901258 3 2 1 5 9 4 8 6 7 10 
20180901259 3 10 9 8 5 4 2 6 1 7 
20180901260 6 9 4 2 3 5 8 10 7 1 
20180901261 3 2 8 4 5 10 1 7 6 9 
20180901262 2 8 5 7 6 1 9 10 3 4 
20180901263 5 4 9 3 7 2 6 1 10 8 
20180901264 3 10 8 5 9 1 4 6 7 2 
20180901265 5 1 3 8 10 6 7 2 9 4 
20180901266 5 7 1 8 2 10 6 3 4 9 
20180901267 10 7 8 1 9 3 6 4 2 5 
20180901268 2 4 8 10 5 9 6 7 3 1 
20180901269 4 10 2 1 7 9 6 8 3 5 
20180901270 9 3 1 8 7 10 5 6 2 4 
20180901271 10 5 6 3 4 9 8 2 1 7 
20180901272 2 1 5 8 10 6 3 7 9 4 
20180901273 7 3 9 1 8 6 4 2 10 5 
20180901274 2 5 7 8 3 10 6 4 9 1 
20180901275 1 7 6 10 8 9 2 4 5 3 
20180901276 4 5 7 3 6 9 2 8 10 1 
20180901277 9 4 2 1 6 8 3 5 10 7 
20180901278 9 4 1 3 10 5 6 8 2 7 
20180901279 4 2 3 10 8 6 7 9 1 5 
20180901280 7 8 6 4 2 5 1 9 3 10 
20180901281 10 9 6 5 8 7 4 2 1 3 
20180901282 7 5 8 10 6 1 4 3 9 2 
20180901283 6 4 10 5 9 3 8 1 7 2 
20180901284 10 2 7 6 5 3 4 1 9 8 
20180901285 4 7 2 5 3 9 10 6 8 1 
20180901286 1 6 9 7 2 5 4 10 8 3 
20180901287 3 4 7 9 5 6 1 8 10 2 
20180901288 2 10 3 6 5 4 9 8 1 7 
20180901289 5 10 6 2 1 8 7 4 3 9 
20180901290 1 3 7 10 6 4 2 8 9 5 
20180901291 3 1 5 8 2 6 9 4 7 10 
20180901292 3 6 4 5 7 9 2 10 1 8 
20180901293 2 3 1 6 9 8 10 7 4 5 
20180901294 2 9 3 4 8 7 6 10 5 1 
20180901295 3 10 6 7 5 2 1 8 9 4 
20180901296 6 7 9 3 10 4 8 1 5 2 
20180901297 2 9 1 4 5 8 6 3 7 10 
20180901298 5 9 7 1 10 6 4 3 2 8 
20180901299 10 4 6 7 2 1 8 3 9 5 
20180901300 1 5 7 2 4 9 6 10 8 3 
20180901301 2 7 4 9 8 6 1 3 10 5 
20180901302 4 7 8 3 10 9 6 5 1 2 
20180901303 5 10 1 4 2 8 6 9 3 7 
20180901304 10 4 1 5 8 2 7 3 9 6 
20180901305 4 8 3 10 5 9 7 1 6 2 
20180901306 2 6 5 1 3 8 9 10 7 4 
20180901307 9 4 6 7 8 5 2 3 1 10 
20180901308 5 3 2 6 1 7 8 4 10 9 
20180901309 2 8 3 9 4 1 7 6 5 10 
20180901310 2 3 8 10 7 5 9 6 1 4 
20180901311 3 10 9 7 1 4 6 8 2 5 
20180901312 9 5 6 3 7 4 8 1 10 2 
20180901313 1 7 2 9 5 8 4 3 6 10 
20180901314 6 2 7 10 1 3 9 8 5 4 
20180901315 5 6 7 2 3 10 4 9 8 1 
20180901316 8 3 10 2 1 9 5 7 4 6 
20180901317 7 4 9 1 2 10 8 6 3 5 
20180901318 7 1 8 10 6 2 5 3 9 4 
20180901319 4 6 10 9 7 2 1 8 3 5 
20180901320 2 4 6 3 9 7 8 5 1 10 
20180901321 1 5 6 2 4 7 9 10 8 3 
20180901322 1 9 2 6 3 8 5 4 7 10 
20180901323 6 7 10 8 4 3 5 2 9 1 
20180901324 5 2 8 1 7 9 4 6 3 10 
20180901325 1 9 6 4 7 2 8 5 10 3 
20180901326 10 9 1 5 2 3 8 6 7 4 
20180901327 5 3 10 7 6 9 4 1 2 8 
20180901328 4 5 2 3 8 6 1 9 7 10 
20180901329 2 5 6 7 9 10 1 3 4 8 
20180901330 8 6 3 5 2 1 7 10 9 4 
20180901331 4 8 3 6 10 7 5 2 9 1 
20180901332 10 3 1 5 2 9 8 7 4 6 
20180901333 7 2 6 3 9 8 4 1 10 5 
20180901334 1 6 10 2 5 9 7 4 3 8 
20180901335 6 3 4 1 10 7 5 9 2 8 
20180901336 10 2 3 8 9 1 4 7 6 5 
20180901337 9 3 4 6 2 8 7 10 5 1 
20180901338 6 8 3 5 10 4 9 1 7 2 
20180901339 10 9 4 7 8 6 3 1 5 2 
20180901340 1 7 5 9 2 4 3 6 10 8 
20180901341 9 1 5 4 8 7 10 3 2 6 
20180901342 2 1 8 3 7 6 5 4 10 9 
20180901343 8 6 9 4 10 3 2 5 1 7 
20180901344 6 3 8 7 4 5 10 2 1 9 
20180901345 8 3 10 9 4 6 7 2 1 5 
20180901346 5 8 4 3 7 1 9 2 10 6 
20180901347 6 5 2 4 7 8 1 3 9 10 
20180901348 6 5 2 3 1 4 9 10 8 7 
20180901349 10 9 2 7 4 5 8 3 6 1 
20180901350 3 10 1 4 6 9 5 8 7 2 
20180901351 1 5 4 3 10 6 8 2 7 9 
20180901352 10 1 9 5 7 3 6 2 8 4 
20180901353 9 5 10 2 4 8 6 7 3 1 
20180901354 7 5 6 10 1 9 4 3 8 2 
20180901355 4 8 1 6 2 7 10 3 9 5 
20180901356 7 6 10 8 1 5 2 3 9 4 
20180901357 7 2 4 1 3 9 6 5 10 8 
20180901358 5 6 7 10 3 4 1 9 8 2 
20180901359 7 5 1 4 2 6 9 10 3 8 
20180901360 4 7 3 9 2 10 6 8 5 1 
20180901361 4 10 5 2 1 7 8 3 9 6 
20180901362 1 3 10 7 6 4 5 9 8 2 
20180901363 2 10 6 1 5 3 8 7 9 4 
20180901364 8 7 6 5 2 4 1 3 9 10 
20180901365 5 10 9 2 4 8 6 7 3 1 
20180901366 2 6 7 1 3 9 5 8 10 4 
20180901367 8 3 5 1 9 10 7 2 4 6 
20180901368 4 5 9 10 3 8 6 1 7 2 
20180901369 2 10 5 8 7 1 6 3 9 4 
20180901370 7 4 9 1 5 8 10 2 6 3 
20180901371 8 9 1 10 4 2 6 3 5 7 
20180901372 2 5 1 7 9 8 10 6 4 3 
20180901373 1 5 7 6 2 10 4 8 9 3 
20180901374 1 3 6 5 9 8 4 7 10 2 
20180901375 5 4 2 9 7 3 10 1 8 6 
20180901376 6 9 4 1 5 2 8 10 7 3 
20180901377 7 5 2 9 4 3 10 6 8 1 
20180901378 6 8 4 7 2 1 5 10 9 3 
20180901379 10 2 8 7 6 9 3 4 1 5 
20180901380 7 8 2 5 4 9 6 1 3 10 
20180901381 5 2 9 8 3 10 7 1 4 6 
20180901382 8 9 2 3 4 6 10 7 5 1 
20180901383 8 3 9 5 4 2 10 1 7 6 
20180901384 10 5 4 3 8 1 2 6 9 7 
20180901385 2 7 3 6 9 5 10 4 1 8 
20180901386 10 7 6 5 8 1 3 2 9 4 
20180901387 8 1 5 10 9 7 6 4 2 3 
20180901388 8 6 1 2 9 5 7 10 3 4 
20180901389 1 2 3 6 10 9 4 5 7 8 
20180901390 4 9 7 1 2 6 10 3 8 5 
20180901391 5 8 1 6 9 2 7 10 3 4 
20180901392 3 4 9 5 10 2 8 7 1 6 
20180901393 2 1 10 9 7 5 8 4 6 3 
20180901394 1 3 7 4 8 2 6 5 9 10 
20180901395 3 10 1 2 7 8 9 5 6 4 
20180901396 4 2 5 10 3 6 8 1 7 9 
20180901397 10 2 3 4 9 6 5 8 1 7 
20180901398 5 1 3 9 8 10 7 6 2 4 
20180901399 1 8 5 9 10 6 7 4 3 2 
20180901400 5 2 8 7 1 4 10 3 6 9 
20180901401 10 7 6 5 2 9 8 1 3 4 
20180901402 3 2 5 8 6 7 9 4 1 10 
20180901403 10 6 1 2 9 8 4 3 5 7 
20180901404 10 1 5 2 6 9 7 3 8 4 
20180901405 4 5 7 8 6 10 3 1 2 9 
20180901406 10 9 4 7 1 6 3 2 8 5 
20180901407 7 9 6 8 4 2 5 1 3 10 
20180901408 2 1 8 7 6 4 5 9 3 10 
20180901409 3 2 6 5 10 1 8 9 7 4 
20180901410 1 4 7 2 10 8 5 3 9 6 
20180901411 6 8 5 3 10 1 2 9 7 4 
20180901412 4 6 7 3 2 10 8 9 5 1 
20180901413 10 9 4 2 7 3 5 8 6 1 
20180901414 10 7 3 9 5 4 1 8 6 2 
20180901415 4 9 6 2 5 7 1 3 10 8 
20180901416 2 9 4 10 7 3 5 6 8 1 
20180901417 3 10 9 6 7 4 1 5 2 8 
20180901418 5 7 4 1 9 8 2 10 6 3 
20180901419 6 4 2 3 5 10 1 9 8 7 
20180901420 8 10 7 6 2 5 3 9 1 4 
20180901421 4 6 8 7 5 2 9 10 1 3 
20180901422 2 1 8 9 6 7 10 4 5 3 
20180901423 9 8 4 6 5 3 10 7 1 2 
20180901424 4 10 9 6 8 7 5 1 2 3 
20180901425 4 7 5 10 3 1 8 2 6 9 
20180901426 8 1 4 7 10 3 9 2 6 5 
20180901427 9 5 4 2 3 10 1 8 6 7 
20180901428 5 1 8 10 7 2 3 9 4 6 
20180901429 10 6 4 7 9 2 8 5 3 1 
20180901430 2 1 9 6 5 7 8 3 10 4 
20180901431 5 7 4 6 3 10 9 1 8 2 
20180901432 1 10 7 2 3 9 5 4 8 6 
20180901433 10 1 3 9 7 2 8 4 6 5 
20180901434 3 10 9 2 6 5 7 8 4 1 
20180901435 6 4 5 7 10 9 1 2 8 3 
20180901436 1 4 9 8 3 2 5 7 6 10 
20180901437 8 6 2 1 7 5 10 3 4 9 
20180901438 7 10 5 2 6 9 3 4 8 1 
20180901439 9 6 2 4 10 1 3 8 5 7 
20180901440 7 6 4 8 5 3 10 2 1 9 
20180901441 9 6 10 1 2 8 4 3 5 7 
20180901442 1 6 5 4 9 8 10 2 7 3 
20180901443 10 2 1 4 8 3 6 5 7 9 
20180901444 6 7 3 8 10 4 2 1 9 5 
20180901445 6 9 10 4 5 2 1 7 8 3 
20180901446 4 6 2 8 5 10 7 3 1 9 
20180901447 3 2 6 9 7 5 8 4 1 10 
20180901448 5 1 2 6 10 3 7 8 4 9 
20180901449 5 3 2 10 4 9 7 6 1 8 
20180901450 8 10 3 2 6 1 4 5 9 7 
20180901451 10 2 7 1 5 4 3 9 8 6 
20180901452 6 7 5 2 3 8 1 9 10 4 
20180901453 7 10 5 9 8 6 1 3 2 4 
20180901454 1 9 5 6 3 8 7 2 4 10 
20180901455 6 8 4 2 10 5 7 9 1 3 
20180901456 3 4 7 8 1 9 6 10 5 2 
20180901457 3 9 6 2 8 4 10 7 5 1 
20180901458 7 1 8 10 9 2 6 5 3 4 
20180901459 10 9 1 6 2 4 8 7 5 3 
20180901460 7 9 3 1 6 2 10 5 8 4 
20180901461 6 10 9 3 4 8 1 2 5 7 
20180901462 4 10 8 7 9 6 1 5 3 2 
20180901463 3 7 10 4 8 5 1 2 9 6 
20180901464 7 4 5 9 6 2 10 1 8 3 
20180901465 2 9 6 3 1 8 10 4 7 5 
20180901466 5 9 10 1 6 7 4 3 8 2 
20180901467 9 3 4 7 6 2 10 5 8 1 
20180901468 3 8 7 6 1 4 10 5 9 2 
20180901469 6 5 3 4 7 8 1 10 2 9 
20180901470 5 2 8 6 4 3 7 9 10 1 
20180901471 10 3 9 1 4 6 2 8 5 7 
20180901472 8 1 10 7 6 9 5 2 4 3 
20180901473 1 3 10 5 2 8 6 9 4 7 
20180901474 3 10 9 4 6 1 8 5 2 7 
20180901475 4 6 1 10 9 7 3 5 2 8 
20180901476 9 6 5 10 8 1 3 4 2 7 
20180901477 10 3 7 4 5 6 8 2 9 1 
20180901478 2 3 4 5 7 6 10 8 1 9 
20180901479 5 4 1 10 9 2 7 8 6 3 
20180901480 7 6 10 4 5 8 9 1 3 2 
20180901481 3 9 5 10 2 1 8 4 6 7 
20180901482 3 8 4 6 5 2 1 10 7 9 
20180901483 9 8 1 5 2 7 4 6 3 10 
20180901484 4 8 6 2 9 7 3 10 1 5 
20180901485 7 9 10 6 2 1 8 5 3 4 
20180901486 7 10 6 4 2 3 9 1 8 5 
20180901487 8 10 2 9 5 3 4 1 7 6 
20180901488 3 2 9 7 10 8 1 4 5 6 
20180901489 9 6 10 4 5 3 7 1 8 2 
20180901490 9 5 6 7 10 8 2 4 3 1 
20180901491 8 2 9 10 1 5 4 3 7 6 
20180901492 7 10 1 6 4 5 9 8 3 2 
20180901493 9 10 1 8 4 6 2 5 7 3 
20180901494 10 8 1 6 5 7 3 4 9 2 
20180901495 2 9 6 1 10 4 8 7 5 3 
20180901496 5 3 2 9 10 8 6 4 7 1 
20180901497 9 8 1 3 7 6 2 5 10 4 
20180901498 10 7 2 3 5 8 1 6 4 9 
20180901499 1 5 4 3 9 10 6 7 8 2 
20180901500 4 2 6 5 1 9 3 10 8 7 
20180901501 2 8 10 6 4 3 5 9 1 7 
20180901502 7 9 4 2 10 5 6 1 8 3 
20180901503 8 1 10 3 6 9 4 2 5 7 
20180901504 8 7 5 3 2 9 4 1 6 10 
20180901505 6 5 10 1 4 3 7 9 8 2 
20180901506 4 7 2 10 9 8 1 5 3 6 
20180901507 4 9 8 10 2 3 6 5 1 7 
20180901508 6 7 3 1 5 4 2 9 10 8 
20180901509 8 3 9 10 2 1 4 5 7 6 
20180901510 7 8 9 5 1 2 4 6 10 3 
20180901511 4 9 2 10 6 1 7 3 8 5 
20180901512 7 4 5 8 3 2 1 6 10 9 
20180901513 5 3 1 8 7 2 10 9 4 6 
20180901514 6 3 4 1 9 8 2 7 5 10 
20180901515 9 1 7 8 10 2 4 5 6 3 
20180901516 8 4 6 10 5 7 9 2 3 1 
20180901517 10 5 1 2 3 6 4 9 8 7 
20180901518 3 6 2 10 8 9 4 1 7 5 
20180901519 9 8 1 7 4 3 2 5 10 6 
20180901520 9 5 2 6 1 7 10 3 8 4 
20180901521 1 4 6 9 8 5 7 2 10 3 
20180901522 2 6 4 10 5 8 3 1 7 9 
20180901523 7 5 1 3 6 2 10 8 9 4 
20180901524 2 3 1 9 5 10 7 4 8 6 
20180901525 8 10 4 7 1 6 3 2 5 9 
20180901526 7 1 6 2 4 8 5 10 3 9 
20180901527 10 1 4 9 6 7 5 8 2 3 
20180901528 1 4 7 5 8 2 3 9 10 6 
20180901529 6 1 5 9 7 3 8 10 4 2 
20180901530 10 5 3 9 4 8 7 2 6 1 
20180901531 3 7 1 4 5 6 8 2 9 10 
20180901532 9 6 10 8 7 5 3 1 2 4 
20180901533 1 5 8 10 3 6 9 7 2 4 
20180901534 4 7 1 6 9 5 8 10 3 2 
20180901535 7 10 5 8 1 2 9 4 6 3 
20180901536 9 5 3 4 8 6 1 7 2 10 
20180901537 2 7 8 3 6 10 5 1 4 9 
20180901538 10 7 6 9 3 4 5 2 8 1 
20180901539 1 7 4 3 10 9 2 8 5 6 
20180901540 1 6 8 2 7 9 4 5 10 3 
20180901541 7 1 3 9 10 8 5 4 6 2 
20180901542 1 3 10 2 8 6 7 5 4 9 
20180901543 1 6 9 4 8 3 7 10 5 2 
20180901544 4 5 7 3 2 10 1 8 9 6 
20180901545 2 4 10 3 7 5 6 1 9 8 
20180901546 5 7 4 6 1 9 10 8 2 3 
20180901547 7 4 2 1 6 10 8 3 9 5 
20180901548 2 1 4 7 8 5 9 6 3 10 
20180901549 4 7 1 8 2 9 10 3 6 5 
20180901550 6 9 8 1 7 2 4 10 5 3 
20180901551 10 9 1 8 6 7 2 5 3 4 
20180901552 2 3 7 4 10 5 8 6 1 9 
20180901553 3 6 8 4 5 10 7 2 9 1 
20180901554 2 5 4 9 3 8 6 10 1 7 
20180901555 10 9 3 2 4 5 1 7 6 8 
20180901556 2 4 5 6 10 8 7 1 9 3 
20180901557 7 8 1 4 2 3 6 5 9 10 
20180901558 6 10 2 3 5 8 9 7 1 4 
20180901559 10 7 6 1 2 9 3 5 4 8 
20180901560 6 10 1 3 9 2 8 7 4 5 
20180901561 9 3 1 5 7 2 10 6 8 4 
20180901562 2 10 8 6 7 4 9 5 1 3 
20180901563 5 3 8 1 7 4 9 2 6 10 
20180901564 10 7 4 6 3 8 5 9 2 1 
20180901565 6 7 4 5 10 9 2 8 3 1 
20180901566 6 10 2 1 9 3 5 4 8 7 
20180901567 2 10 4 9 1 6 8 5 7 3 
20180901568 6 1 3 2 5 4 9 10 8 7 
20180901569 4 5 3 9 2 7 1 6 8 10 
20180901570 7 3 9 4 10 8 2 5 1 6 
20180901571 2 7 6 5 9 4 1 3 10 8 
20180901572 6 3 1 8 7 5 4 10 9 2 
20180901573 3 1 5 2 7 8 4 6 10 9 
20180901574 9 7 6 8 4 1 5 3 2 10 
20180901575 9 6 7 2 8 1 3 4 5 10 
20180901576 5 9 3 4 8 2 6 1 7 10 
20180901577 9 7 1 2 5 6 3 10 8 4 
20180901578 1 4 8 5 10 2 9 6 7 3 
20180901579 5 1 3 2 7 8 4 10 6 9 
20180901580 3 1 7 5 4 2 8 6 9 10 
20180901581 4 5 1 10 7 2 3 6 9 8 
20180901582 8 7 4 1 6 2 9 5 3 10 
20180901583 6 2 3 8 10 7 5 1 9 4 
20180901584 1 3 7 4 10 8 9 6 5 2 
20180901585 10 7 5 8 1 9 3 4 6 2 
20180901586 9 4 3 7 5 10 2 6 1 8 
20180901587 1 8 9 5 10 6 4 7 2 3 
20180901588 2 9 8 6 5 3 1 7 10 4 
20180901589 1 8 9 6 10 4 5 3 2 7 
20180901590 6 9 4 7 2 5 8 3 1 10 
20180901591 1 3 8 6 9 10 2 5 7 4 
20180901592 2 8 9 1 10 7 6 5 3 4 
20180901593 6 8 10 3 1 2 7 4 9 5 
20180901594 4 1 3 8 10 2 6 7 5 9 
20180901595 6 1 8 2 5 7 3 9 4 10 
20180901596 4 10 5 7 9 6 3 8 2 1 
20180901597 6 8 5 9 10 7 3 1 2 4 
20180901598 4 5 2 9 3 8 6 10 7 1 
20180901599 10 5 2 4 8 1 9 7 6 3 
20180901600 5 6 10 4 9 7 8 1 2 3 
20180901601 1 10 2 8 7 4 5 9 6 3 
20180901602 10 4 6 3 2 8 9 1 5 7 
20180901603 2 4 1 9 10 8 7 6 5 3 
20180901604 5 9 4 6 2 3 8 1 10 7 
20180901605 8 2 9 7 3 5 10 1 6 4 
20180901606 1 5 10 8 3 7 2 6 4 9 
20180901607 2 9 1 6 4 10 3 5 8 7 
20180901608 7 5 8 10 3 2 1 6 9 4 
20180901609 1 8 2 6 4 10 3 7 5 9 
20180901610 3 8 7 6 1 2 4 5 9 10 
20180901611 6 2 4 8 3 10 7 1 9 5 
20180901612 8 1 6 2 9 5 3 10 7 4 
20180901613 1 2 9 3 7 10 6 5 8 4 
20180901614 1 6 3 8 7 5 4 10 9 2 
20180901615 4 2 3 8 1 9 6 10 5 7 
20180901616 9 3 6 8 10 5 2 1 4 7 
20180901617 9 4 1 3 2 6 8 7 10 5 
20180901618 3 2 7 8 6 5 9 10 1 4 
20180901619 8 4 6 9 7 2 5 10 1 3 
20180901620 10 8 9 6 4 3 5 1 2 7 
20180901621 3 6 1 2 5 4 7 8 9 10 
20180901622 5 9 6 10 1 8 2 3 7 4 
20180901623 9 5 4 7 8 10 6 3 1 2 
20180901624 3 8 1 9 7 5 10 2 6 4 
20180901625 8 7 3 6 1 9 10 2 4 5 
20180901626 2 3 7 5 1 8 9 4 6 10 
20180901627 7 3 5 4 1 6 10 9 8 2 
20180901628 5 10 7 4 6 9 1 8 3 2 
20180901629 2 5 1 3 9 4 6 8 10 7 
20180901630 9 4 8 2 6 3 5 7 10 1 
20180901631 6 2 7 8 1 9 4 5 10 3 
20180901632 7 5 4 6 3 1 2 10 8 9 
20180901633 6 8 10 5 3 7 2 4 9 1 
20180901634 4 5 3 6 7 10 9 2 1 8 
20180901635 6 2 3 9 10 5 8 7 1 4 
20180901636 10 3 9 1 6 7 4 8 5 2 
20180901637 3 6 4 10 9 7 5 8 2 1 
20180901638 4 8 5 2 9 3 10 6 7 1 
20180901639 7 10 6 5 1 8 9 3 2 4 
20180901640 8 2 5 4 3 10 7 9 1 6 
20180901641 7 3 1 10 6 4 2 9 8 5 
20180901642 3 4 7 1 2 5 6 9 10 8 
20180901643 8 4 5 9 10 7 1 2 3 6 
20180901644 2 1 9 5 6 7 10 8 3 4 
20180901645 5 4 8 6 9 7 1 2 3 10 
20180901646 6 9 2 3 5 1 10 7 8 4 
20180901647 4 6 1 8 5 3 9 10 2 7 
20180901648 7 9 2 4 5 1 3 6 8 10 
20180901649 3 1 6 8 7 9 10 4 5 2 
20180901650 1 8 3 4 7 9 10 6 5 2 
20180901651 2 9 4 5 10 8 6 7 1 3 
20180901652 7 10 8 1 6 2 5 4 3 9 
20180901653 10 5 8 1 2 7 9 3 6 4 
20180901654 3 4 2 6 8 5 1 7 10 9 
20180901655 10 1 2 6 3 8 5 7 9 4 
20180901656 8 4 5 2 6 10 1 3 9 7 
20180901657 3 9 8 7 2 6 4 10 1 5 
20180901658 8 4 9 3 10 7 1 6 2 5 
20180901659 1 9 10 4 3 5 8 2 7 6 
20180901660 8 5 2 3 4 1 6 9 7 10 
20180901661 4 7 2 5 9 10 3 8 6 1 
20180901662 5 4 8 9 1 2 6 7 10 3 
20180901663 2 7 9 6 5 1 8 4 10 3 
20180901664 1 9 2 5 7 6 4 3 10 8 
20180901665 8 5 9 4 7 6 3 1 10 2 
20180901666 7 9 4 3 2 1 10 5 8 6 
20180901667 4 1 3 7 2 10 5 6 8 9 
20180901668 4 1 10 3 2 8 9 6 7 5 
20180901669 1 8 6 2 3 9 10 5 4 7 
20180901670 1 6 8 3 10 7 9 4 5 2 
20180901671 8 1 5 4 3 10 9 7 2 6 
20180901672 1 4 5 9 2 7 10 3 6 8 
20180901673 10 4 6 3 9 5 8 7 1 2 
20180901674 1 7 9 4 8 6 2 5 10 3 
20180901675 3 6 5 2 1 4 7 9 10 8 
20180901676 3 7 6 9 5 10 4 8 1 2 
20180901677 1 8 7 6 3 9 5 4 2 10 
20180901678 10 8 3 7 6 4 5 9 1 2 
20180901679 2 6 7 4 9 10 3 1 5 8 
20180901680 9 10 2 5 8 7 4 1 3 6 
20180901681 9 4 6 10 1 3 2 5 7 8 
20180901682 7 1 3 6 2 10 4 5 8 9 
20180901683 8 6 4 3 5 2 7 9 10 1 
20180901684 10 9 1 2 4 3 8 7 6 5 
20180901685 9 3 1 2 7 8 6 5 10 4 
20180901686 9 8 5 6 3 4 2 7 10 1 
20180901687 5 3 9 10 4 6 8 1 7 2 
20180901688 5 1 4 2 6 10 9 7 3 8 
20180901689 2 5 4 1 7 10 8 3 9 6 
20180901690 3 8 9 2 4 7 5 6 1 10 
20180901691 2 7 9 8 6 1 4 10 3 5 
20180901692 5 10 9 2 3 6 7 4 1 8 
20180901693 4 6 3 2 8 1 10 9 7 5 
20180901694 6 1 4 2 3 8 9 7 5 10 
20180901695 3 8 7 2 1 9 5 4 6 10 
20180901696 5 7 9 8 10 2 1 3 6 4 
20180901697 6 10 3 7 4 5 1 8 2 9 
20180901698 3 8 6 1 10 7 5 9 2 4 
20180901699 6 4 7 1 8 9 10 3 2 5 
20180901700 10 4 8 6 5 7 2 1 3 9 
20180901701 3 7 6 9 2 10 8 4 5 1 
20180901702 9 10 4 1 7 6 5 8 2 3 
20180901703 8 10 5 4 2 7 1 3 9 6 
20180901704 2 8 9 4 6 7 5 10 1 3 
20180901705 4 1 8 5 6 3 7 2 10 9 
20180901706 4 8 1 5 10 6 7 9 3 2 
20180901707 3 10 5 8 4 7 6 1 9 2 
20180901708 7 6 9 3 10 1 8 5 4 2 
20180901709 6 3 7 10 1 4 9 2 5 8 
20180901710 5 2 9 8 1 4 3 10 7 6 
20180901711 5 1 6 9 10 7 4 3 2 8 
20180901712 3 10 1 9 6 5 7 2 4 8 
20180901713 7 4 2 3 10 6 8 1 5 9 
20180901714 9 2 8 4 1 5 10 6 3 7 
20180901715 8 10 6 1 2 3 4 5 9 7 
20180901716 9 3 7 2 1 6 10 4 8 5 
20180901717 4 7 9 6 2 10 5 3 8 1 
20180901718 10 3 4 9 7 2 6 8 1 5 
20180901719 5 10 3 2 4 6 9 1 7 8 
20180901720 2 3 7 5 10 1 9 4 8 6 
20180901721 8 10 7 3 2 5 6 1 4 9 
20180901722 4 10 2 7 3 6 8 5 1 9 
20180901723 6 2 5 7 9 4 10 1 8 3 
20180901724 10 6 5 3 4 7 9 8 1 2 
20180901725 8 7 2 3 6 4 1 10 9 5 
20180901726 8 1 3 6 5 10 7 4 2 9 
20180901727 8 6 4 7 10 9 2 1 3 5 
20180901728 3 6 1 5 2 8 10 7 4 9 
20180901729 3 1 4 10 2 6 7 5 9 8 
20180901730 1 7 4 3 2 10 6 9 5 8 
20180901731 10 2 6 5 7 3 8 9 1 4 
20180901732 1 7 2 4 3 10 9 5 6 8 
20180901733 3 9 6 1 8 4 10 2 5 7 
20180901734 1 4 8 9 7 10 3 6 5 2 
20180901735 10 6 3 1 5 9 2 8 4 7 
20180901736 5 6 3 8 9 1 10 2 7 4 
20180901737 8 7 4 5 3 6 1 9 10 2 
20180901738 10 1 2 8 7 4 6 3 5 9 
20180901739 7 9 10 3 5 4 8 1 6 2 
20180901740 4 6 10 3 8 7 2 1 5 9 
20180901741 7 1 2 9 8 6 4 10 3 5 
20180901742 10 2 4 5 3 6 1 9 7 8 
20180901743 2 5 9 7 8 3 1 4 6 10 
20180901744 3 4 10 9 1 5 6 2 7 8 
20180901745 3 2 10 1 6 7 8 5 4 9 
20180901746 1 6 3 2 7 9 4 8 5 10 
20180901747 9 8 4 7 2 10 5 1 3 6 
20180901748 6 2 1 5 9 8 3 10 7 4 
20180901749 9 8 6 5 4 3 7 1 2 10 
20180901750 4 10 5 9 2 8 6 7 3 1 
20180901751 10 9 5 6 4 8 2 1 7 3 
20180901752 1 6 9 7 3 5 2 8 4 10 
20180901753 6 10 8 4 9 7 2 3 1 5 
20180901754 6 5 7 10 2 9 4 3 1 8 
20180901755 2 7 3 10 1 8 9 4 6 5 
20180901756 9 3 10 4 1 7 5 2 6 8 
20180901757 1 3 10 2 7 5 9 6 8 4 
20180901758 9 4 10 5 1 3 7 8 2 6 
20180901759 7 8 10 9 6 2 1 3 4 5 
20180901760 5 9 4 1 6 8 10 7 3 2 
20180901761 7 5 4 2 1 8 10 6 3 9 
20180901762 9 4 5 8 3 6 10 2 7 1 
20180901763 8 7 6 5 1 9 4 10 2 3 
20180901764 5 9 6 4 3 1 8 10 7 2 
20180901765 5 3 1 4 6 7 2 9 10 8 
20180901766 4 6 2 5 8 1 10 3 9 7 
20180901767 4 2 10 3 6 7 1 5 9 8 
20180901768 4 9 1 2 5 6 8 10 7 3 
20180901769 9 10 7 3 4 1 8 5 6 2 
20180901770 3 10 4 1 8 9 2 5 7 6 
20180901771 10 9 2 7 3 5 4 6 8 1 
20180901772 8 6 2 3 9 5 4 10 1 7 
20180901773 1 6 4 8 7 10 2 3 9 5 
20180901774 9 7 1 6 10 4 2 3 8 5 
20180901775 6 7 2 10 9 8 4 1 3 5 
20180901776 5 4 8 7 9 3 2 1 6 10 
20180901777 9 3 2 4 8 1 7 10 5 6 
20180901778 5 3 7 4 2 1 9 6 10 8 
20180901779 4 2 10 6 8 3 7 9 5 1 
20180901780 1 2 3 8 9 6 10 5 7 4 
20180901781 8 1 7 4 10 3 5 6 9 2 
20180901782 4 5 8 2 10 7 3 1 9 6 
20180901783 7 2 3 6 1 10 8 9 5 4 
20180901784 2 8 6 10 7 5 4 3 1 9 
20180901785 9 6 8 4 5 2 1 10 7 3 
20180901786 9 4 10 8 3 6 2 7 1 5 
20180901787 4 5 1 9 3 7 10 8 2 6 
20180901788 1 8 7 3 9 4 2 6 5 10 
20180901789 10 9 8 4 7 3 1 2 5 6 
20180901790 1 5 10 6 9 2 3 4 7 8 
20180901791 8 6 3 4 10 5 9 1 2 7 
20180901792 4 2 5 6 1 9 10 3 8 7 
20180901793 10 7 3 8 5 9 1 6 4 2 
20180901794 1 2 5 6 8 3 9 10 4 7 
20180901795 2 9 5 6 10 7 8 4 3 1 
20180901796 3 9 8 7 10 2 5 1 6 4 
20180901797 1 8 10 2 5 4 3 6 7 9 
20180901798 9 8 5 4 10 7 3 1 2 6 
20180901799 8 10 7 1 3 9 4 6 2 5 
20180901800 10 7 3 5 8 6 9 4 2 1 
20180901801 1 3 10 9 8 5 6 7 2 4 
20180901802 1 4 2 3 7 10 6 9 5 8 
20180901803 2 4 6 8 3 10 7 9 5 1 
20180901804 3 6 1 8 7 5 10 9 2 4 
20180901805 5 1 8 9 7 2 10 6 3 4 
20180901806 2 3 7 4 1 6 10 9 5 8 
20180901807 10 7 9 5 4 8 3 2 1 6 
20180901808 5 9 7 8 4 3 1 10 2 6 
20180901809 8 6 5 9 3 10 1 4 7 2 
20180901810 2 6 9 1 10 7 5 3 8 4 
20180901811 8 4 6 9 10 2 1 5 3 7 
20180901812 1 8 9 4 6 10 3 5 2 7 
20180901813 7 10 2 3 4 1 9 8 6 5 
20180901814 3 8 2 10 5 9 6 7 4 1 
20180901815 3 1 6 10 8 4 5 2 9 7 
20180901816 10 7 2 5 6 4 1 9 8 3 
20180901817 6 3 8 10 4 1 9 7 5 2 
20180901818 4 3 2 10 6 1 8 9 5 7 
20180901819 9 6 10 4 2 1 7 8 5 3 
20180901820 8 9 5 1 3 10 2 4 7 6 
20180901821 9 3 4 1 8 6 2 7 10 5 
20180901822 1 8 7 10 9 3 4 2 6 5 
20180901823 7 8 4 1 3 9 6 5 2 10 
20180901824 8 6 4 5 7 3 9 2 1 10 
20180901825 5 7 10 2 3 9 4 1 8 6 
20180901826 6 5 8 1 9 7 4 3 2 10 
20180901827 6 1 3 10 2 7 4 5 9 8 
20180901828 4 1 5 3 9 6 7 10 2 8 
20180901829 6 3 4 10 9 8 7 5 1 2 
20180901830 8 9 5 6 7 2 4 10 1 3 
20180901831 6 3 8 1 10 2 4 9 7 5 
20180901832 9 4 10 7 3 5 2 1 8 6 
20180901833 10 4 6 2 9 8 3 1 5 7 
20180901834 8 4 1 5 10 3 9 7 2 6 
20180901835 10 7 4 8 2 1 6 3 5 9 
20180901836 2 9 1 3 10 8 5 4 7 6 
20180901837 5 7 6 3 2 10 4 1 9 8 
20180901838 8 6 10 5 2 1 9 7 4 3 
20180901839 9 4 3 10 2 1 8 5 7 6 
20180901840 9 3 8 4 2 7 10 1 6 5 
20180901841 3 7 5 1 8 10 4 2 9 6 
20180901842 3 10 2 6 7 1 8 9 5 4 
20180901843 1 6 7 10 9 8 5 3 2 4 
20180901844 6 3 9 2 10 4 5 8 1 7 
20180901845 4 1 8 10 7 9 6 3 2 5 
20180901846 1 6 7 9 4 5 10 2 8 3 
20180901847 4 6 2 1 5 8 9 3 7 10 
20180901848 6 3 5 4 9 8 10 2 7 1 
20180901849 4 5 7 10 8 9 2 1 6 3 
20180901850 7 1 3 8 9 6 2 4 10 5 
20180901851 4 3 5 10 2 1 8 6 7 9 
20180901852 5 2 9 1 10 6 8 4 3 7 
20180901853 6 2 9 3 1 4 10 8 5 7 
20180901854 5 1 7 2 8 3 6 4 9 10 
20180901855 10 5 2 8 3 9 7 6 1 4 
20180901856 2 4 6 5 3 10 7 8 1 9 
20180901857 5 6 8 9 10 2 4 7 1 3 
20180901858 2 1 6 3 9 10 7 8 4 5 
20180901859 5 10 3 9 2 8 7 1 6 4 
20180901860 4 10 6 5 3 9 8 1 7 2 
20180901861 3 9 5 10 1 6 4 7 8 2 
20180901862 5 9 2 7 10 4 3 6 1 8 
20180901863 8 5 2 1 10 6 9 4 7 3 
20180901864 10 4 7 6 5 8 9 3 1 2 
20180901865 7 4 1 2 8 3 5 6 9 10 
20180901866 5 10 2 9 3 4 8 7 1 6 
20180901867 2 1 4 8 3 6 9 5 10 7 
20180901868 10 6 7 4 5 8 2 3 9 1 
20180901869 4 1 5 8 6 2 7 3 10 9 
20180901870 2 6 9 4 3 5 1 10 8 7 
20180901871 6 8 1 5 3 7 4 2 10 9 
20180901872 2 5 1 4 8 3 6 7 9 10 
20180901873 4 9 6 1 5 3 8 2 10 7 
20180901874 1 10 5 4 7 6 2 9 8 3 
20180901875 7 8 9 1 2 5 3 6 10 4 
20180901876 3 8 9 10 1 2 4 6 5 7 
20180901877 5 1 6 3 10 8 2 7 9 4 
20180901878 4 5 3 1 10 7 8 2 6 9 
20180901879 5 8 6 2 10 7 4 3 1 9 
20180901880 9 5 6 8 7 1 4 3 2 10 
20180901881 3 2 10 4 1 9 5 8 7 6 
20180901882 10 1 2 8 3 7 4 5 6 9 
20180901883 3 9 4 6 1 2 10 8 5 7 
20180901884 3 6 10 1 2 9 7 4 5 8 
20180901885 4 3 10 9 8 2 1 5 7 6 
20180901886 4 3 10 7 8 2 5 1 9 6 
20180901887 6 1 5 9 10 8 3 7 4 2 
20180901888 8 10 7 1 9 4 5 2 6 3 
20180901889 9 3 5 6 7 2 4 10 8 1 
20180901890 8 10 2 5 7 6 4 9 1 3 
20180901891 4 7 5 9 6 8 3 1 10 2 
20180901892 2 8 1 7 3 9 5 4 10 6 
20180901893 6 3 9 7 2 4 10 5 1 8 
20180901894 5 3 8 4 2 9 1 10 7 6 
20180901895 2 7 3 9 4 10 6 5 1 8 
20180901896 7 4 10 6 2 8 3 5 9 1 
20180901897 5 6 2 8 4 9 10 1 3 7 
20180901898 4 5 8 10 7 9 2 6 3 1 
20180901899 7 10 5 3 8 9 4 2 6 1 
20180901900 1 2 3 4 9 8 7 5 6 10 
20180901901 7 3 6 10 5 4 1 8 9 2 
20180901902 6 3 2 4 9 8 7 1 10 5 
20180901903 2 10 3 8 6 5 1 7 4 9 
20180901904 8 10 9 7 6 2 3 4 1 5 
20180901905 4 9 1 2 7 5 10 6 3 8 
20180901906 8 4 2 6 1 3 7 9 5 10 
20180901907 4 2 9 8 6 5 3 10 1 7 
20180901908 6 5 8 9 7 10 1 4 2 3 
20180901909 4 6 5 2 8 1 9 3 10 7 
20180901910 4 6 3 10 5 8 7 2 9 1 
20180901911 5 4 9 7 3 10 6 2 1 8 
20180901912 7 10 9 6 2 8 4 5 1 3 
20180901913 5 1 7 10 8 9 4 6 2 3 
20180901914 6 4 1 9 7 10 3 2 5 8 
20180901915 8 6 10 5 9 2 3 4 7 1 
20180901916 6 4 9 8 7 10 2 5 3 1 
20180901917 8 4 9 3 7 6 5 1 10 2 
20180901918 4 8 6 5 7 1 3 9 2 10 
20180901919 3 8 9 5 4 6 2 7 1 10 
20180901920 2 1 4 9 6 8 3 7 10 5 
20180901921 2 4 5 10 8 6 1 3 7 9 
20180901922 3 9 4 1 10 2 6 7 5 8 
20180901923 8 2 5 9 4 10 1 6 3 7 
20180901924 1 7 2 6 3 9 5 8 4 10 
20180901925 5 2 1 10 3 4 9 7 6 8 
20180901926 1 9 6 10 8 7 3 4 5 2 
20180901927 6 3 7 8 9 5 4 10 2 1 
20180901928 6 3 7 10 2 4 5 8 1 9 
20180901929 3 8 1 7 5 2 10 9 4 6 
20180901930 9 10 7 3 6 2 5 8 1 4 
20180901931 6 7 8 1 2 5 9 3 4 10 
20180901932 7 3 10 8 6 9 2 4 5 1 
20180901933 9 2 10 6 7 8 5 4 3 1 
20180901934 1 5 4 9 6 3 7 8 10 2 
20180901935 5 3 8 1 9 7 4 6 10 2 
20180901936 4 9 10 2 1 3 7 5 6 8 
20180901937 9 2 8 4 7 6 5 3 1 10 
20180901938 5 9 2 8 1 4 6 7 10 3 
20180901939 8 9 10 7 2 6 4 1 5 3 
20180901940 10 6 5 1 7 4 2 8 9 3 
20180901941 6 8 3 7 2 9 1 10 4 5 
20180901942 6 8 3 1 7 9 4 10 2 5 
20180901943 6 10 8 7 1 3 4 9 5 2 
20180901944 4 7 8 10 2 9 3 6 1 5 
20180901945 5 4 1 7 6 2 8 10 3 9 
20180901946 3 8 4 2 10 6 5 7 9 1 
20180901947 2 1 3 7 4 9 6 8 5 10 
20180901948 3 5 8 10 4 1 7 6 9 2 
20180901949 8 9 7 10 5 2 3 6 4 1 
20180901950 5 6 1 7 8 9 10 2 4 3 
20180901951 3 1 2 10 7 8 6 4 9 5 
20180901952 4 2 7 5 8 6 3 10 9 1 
20180901953 9 1 2 10 6 5 4 3 8 7 
20180901954 4 3 6 1 7 2 10 8 9 5 
20180901955 4 5 1 7 9 6 8 3 10 2 
20180901956 5 2 4 6 3 9 1 7 10 8 
20180901957 4 9 7 5 10 6 1 2 3 8 
20180901958 4 2 8 3 9 7 5 6 10 1 
20180901959 6 9 3 8 4 7 5 2 1 10 
20180901960 5 9 4 1 2 7 6 8 10 3 
20180901961 7 3 9 6 5 8 2 1 4 10 
20180901962 8 1 9 6 10 5 3 7 4 2 
20180901963 6 3 10 7 2 9 5 1 4 8 
20180901964 8 10 4 1 9 6 3 2 7 5 
20180901965 2 7 10 1 8 4 5 3 9 6 
20180901966 1 7 10 3 6 4 9 2 5 8 
20180901967 5 3 4 9 10 1 8 2 7 6 
20180901968 10 5 1 6 4 3 2 9 7 8 
20180901969 4 8 9 2 5 6 10 1 7 3 
20180901970 5 8 10 1 4 3 2 7 9 6 
20180901971 5 7 6 10 8 2 9 3 1 4 
20180901972 5 2 9 7 4 6 10 3 8 1 
20180901973 1 5 10 4 6 2 3 7 9 8 
20180901974 9 6 7 10 8 4 5 1 3 2 
20180901975 10 2 9 8 5 3 7 1 6 4 
20180901976 5 9 2 3 7 1 4 6 8 10 
20180901977 9 10 7 2 8 3 4 1 5 6 
20180901978 9 4 2 7 5 6 1 10 8 3 
20180901979 1 6 3 10 5 4 2 8 7 9 
20180901980 6 9 10 1 7 2 4 3 8 5 
20180901981 5 8 4 2 7 9 1 10 3 6 
20180901982 5 4 7 1 2 10 6 8 3 9 
20180901983 10 7 9 3 2 5 6 8 4 1 
20180901984 7 3 1 2 4 5 8 9 6 10 
20180901985 8 9 4 10 7 1 6 5 2 3 
20180902001 3 10 4 5 2 8 9 6 1 7 
