20180921276 9 10 3 5 4 1 7 8 6 2 
20180921277 8 7 1 6 10 2 4 9 5 3 
20180921278 10 1 7 5 9 8 6 4 2 3 
20180921279 8 6 2 10 5 9 4 3 1 7 
20180921280 8 9 1 2 7 10 6 3 5 4 
20180921281 10 4 1 6 7 2 3 9 5 8 
20180921282 7 4 1 2 5 9 3 6 8 10 
20180921283 9 3 1 10 8 4 6 5 2 7 
20180921284 4 5 3 7 8 9 10 2 1 6 
20180921285 6 4 1 2 10 3 5 8 9 7 
20180921286 4 6 2 3 5 1 10 7 8 9 
20180921287 10 9 4 8 6 7 3 2 1 5 
20180921288 9 1 8 10 4 3 7 5 2 6 
20180921289 9 8 1 3 7 10 4 2 5 6 
20180921290 2 6 10 5 7 4 3 8 1 9 
20180921291 6 2 9 1 3 8 4 5 10 7 
20180921292 8 1 3 9 10 6 7 2 4 5 
20180921293 9 3 1 6 10 5 8 7 2 4 
20180921294 7 2 9 1 3 6 8 10 4 5 
20180921295 8 5 7 6 9 10 4 2 1 3 
20180921296 5 7 6 2 3 4 9 1 8 10 
20180921297 1 10 8 9 3 7 4 6 2 5 
20180921298 2 5 6 3 4 8 10 7 1 9 
20180921299 3 10 9 2 8 5 7 1 6 4 
20180921300 8 7 10 3 2 1 4 5 6 9 
20180921301 2 10 4 7 9 1 3 5 6 8 
20180921302 10 4 1 5 9 8 2 7 3 6 
20180921303 5 2 6 10 9 8 3 7 4 1 
20180921304 8 7 6 5 10 3 4 9 2 1 
20180921305 2 6 1 7 10 4 8 9 5 3 
20180921306 1 4 10 8 9 2 5 3 6 7 
20180921307 8 4 6 7 3 2 9 1 5 10 
20180921308 10 4 1 3 8 6 5 2 9 7 
20180921309 3 1 9 6 2 8 4 10 7 5 
20180921310 1 7 9 5 3 8 4 2 6 10 
20180921311 9 5 3 2 7 8 6 4 1 10 
20180921312 7 10 6 8 4 9 5 1 2 3 
20180921313 2 3 10 7 4 6 5 8 9 1 
20180921314 1 10 9 2 7 8 6 4 5 3 
20180921315 4 9 5 7 2 3 8 10 6 1 
20180921316 4 7 8 5 3 6 2 10 1 9 
20180921317 6 1 4 10 9 3 2 5 7 8 
20180921318 4 8 6 1 7 2 3 10 9 5 
20180921319 1 9 7 6 8 2 5 3 4 10 
20180921320 1 10 8 7 5 9 3 4 2 6 
20180921321 5 4 3 7 6 2 1 9 10 8 
20180921322 5 10 2 9 1 8 7 4 3 6 
20180921323 2 4 3 6 1 7 8 5 9 10 
20180921324 3 5 7 9 1 4 8 10 2 6 
20180921325 5 3 4 8 2 7 10 6 9 1 
20180921326 1 9 4 10 7 5 8 2 6 3 
20180921327 4 2 1 9 10 6 3 8 5 7 
20180921328 10 5 4 6 9 7 1 3 8 2 
20180921329 8 6 1 2 3 4 9 10 5 7 
20180921330 10 6 2 7 8 5 9 4 1 3 
20180921331 7 9 1 4 10 8 2 3 6 5 
20180921332 10 1 9 7 3 6 4 5 8 2 
20180921333 3 1 5 4 10 8 9 2 6 7 
20180921334 6 10 9 7 8 5 4 2 1 3 
20180921335 2 9 8 10 7 6 5 4 1 3 
20180921336 6 10 4 5 7 1 3 2 8 9 
20180921337 10 6 4 1 2 3 7 8 5 9 
20180921338 4 5 6 8 1 2 9 10 7 3 
20180921339 6 4 1 2 8 10 7 9 3 5 
20180921340 10 9 6 7 4 2 5 8 3 1 
20180921341 4 2 8 7 10 6 3 9 1 5 
20180921342 9 5 2 1 3 6 7 4 8 10 
20180921343 8 5 2 1 10 9 7 4 6 3 
20180921344 10 7 8 2 5 1 4 6 3 9 
20180921345 6 10 4 7 9 3 8 5 2 1 
20180921346 1 2 5 6 4 7 10 3 8 9 
20180921347 6 1 5 10 8 7 2 4 3 9 
20180921348 3 9 4 2 8 7 10 5 6 1 
20180921349 10 5 2 3 1 4 9 6 7 8 
20180921350 2 5 8 9 3 7 4 6 10 1 
20180921351 6 3 1 4 9 10 7 5 8 2 
20180921352 5 4 8 10 3 2 6 7 9 1 
20180921353 6 3 2 4 5 9 10 1 7 8 
20180921354 8 9 7 6 4 5 2 3 1 10 
20180921355 2 6 7 9 5 10 3 4 8 1 
20180921356 10 8 4 3 9 5 2 1 7 6 
20180921357 4 10 9 7 1 6 2 8 5 3 
20180921358 1 5 2 7 8 4 6 10 9 3 
20180921359 6 7 4 5 10 8 9 3 1 2 
20180921360 9 6 5 8 1 10 7 2 4 3 
20180921361 7 3 10 6 9 2 5 1 4 8 
20180921362 1 4 6 9 7 3 2 10 8 5 
20180921363 8 4 9 2 5 10 1 6 7 3 
20180921364 1 2 7 3 6 10 4 9 5 8 
20180921365 6 1 3 4 8 9 10 2 7 5 
20180921366 4 8 5 2 1 3 10 9 6 7 
20180921367 4 2 3 1 5 10 7 6 9 8 
20180921368 3 9 6 2 4 5 8 7 1 10 
20180921369 4 10 1 2 7 9 8 5 3 6 
20180921370 5 8 4 10 9 6 3 2 7 1 
20180921371 4 7 10 3 6 8 2 5 1 9 
20180921372 1 10 3 6 4 2 7 9 5 8 
20180921373 4 8 9 2 6 7 1 10 5 3 
20180921374 9 5 8 10 7 3 6 1 4 2 
20180921375 7 1 10 6 3 9 2 4 8 5 
20180921376 6 7 1 2 10 8 5 3 9 4 
20180921377 6 2 1 5 3 9 10 8 7 4 
20180921378 4 8 9 2 6 5 7 3 10 1 
20180921379 10 1 8 3 7 9 5 4 6 2 
20180921380 3 2 8 5 1 6 4 7 10 9 
20180921381 8 7 2 5 9 6 4 1 10 3 
20180921382 9 1 2 10 7 3 6 8 4 5 
20180921383 3 10 8 1 2 7 4 6 5 9 
20180921384 9 6 10 8 5 1 3 2 4 7 
20180921385 5 7 4 2 1 10 6 3 8 9 
20180921386 1 9 8 5 7 3 2 10 4 6 
20180921387 9 10 7 8 4 3 5 1 6 2 
20180921388 4 2 1 7 9 3 10 8 6 5 
20180921389 6 9 3 2 8 4 7 1 10 5 
20180921390 7 4 10 1 5 8 6 2 9 3 
20180921391 8 4 7 5 10 9 3 1 6 2 
20180921392 8 1 4 3 7 6 10 9 2 5 
20180921393 6 8 7 2 1 3 4 5 10 9 
20180921394 5 6 3 8 7 10 4 2 1 9 
20180921395 6 3 2 7 4 9 1 10 5 8 
20180921396 4 5 9 6 1 8 7 10 2 3 
20180921397 5 9 6 8 3 10 4 1 2 7 
20180921398 9 6 7 1 3 8 10 2 5 4 
20180921399 8 3 4 1 6 9 7 5 10 2 
20180921400 1 7 2 8 4 3 5 6 10 9 
20180921401 4 7 3 10 9 2 8 5 6 1 
20180921402 10 8 9 5 6 4 1 3 2 7 
20180921403 6 5 4 1 3 7 9 2 10 8 
20180921404 10 5 8 6 2 3 4 1 9 7 
20180921405 1 3 2 9 4 6 10 5 7 8 
20180921406 7 9 8 10 3 4 1 2 5 6 
20180921407 9 3 4 7 5 10 1 8 2 6 
20180921408 1 4 9 10 3 5 8 7 6 2 
20180921409 7 4 10 3 9 5 8 1 6 2 
20180921410 4 5 9 6 1 2 3 10 8 7 
20180921411 10 8 3 6 5 2 1 9 4 7 
20180921412 5 6 9 2 1 3 7 4 8 10 
20180921413 4 8 7 5 6 1 10 2 9 3 
20180921414 6 7 4 10 2 3 5 1 8 9 
20180921415 7 10 8 1 4 6 5 3 9 2 
20180921416 1 10 2 8 9 3 5 4 7 6 
20180921417 5 1 10 2 6 4 7 8 3 9 
20180921418 3 2 6 7 4 1 5 9 8 10 
20180921419 2 5 3 9 7 8 4 6 10 1 
20180921420 4 1 9 8 10 3 5 6 7 2 
20180921421 2 4 6 1 8 9 10 7 3 5 
20180921422 4 5 6 1 8 3 2 7 10 9 
20180921423 5 10 6 7 9 1 2 4 3 8 
20180921424 2 8 5 7 9 1 6 4 10 3 
20180921425 4 9 1 2 7 3 10 6 8 5 
20180921426 7 3 4 8 9 6 2 1 5 10 
20180921427 5 10 9 2 6 8 3 7 1 4 
20180921428 9 10 5 1 6 7 4 8 2 3 
20180921429 10 5 8 9 4 1 7 3 6 2 
20180921430 5 8 7 9 3 1 2 10 6 4 
20180921431 6 7 2 9 8 1 4 3 5 10 
20180921432 6 9 3 1 10 5 7 4 8 2 
20180921433 5 7 3 6 4 9 1 10 8 2 
20180921434 6 7 4 10 1 8 3 9 5 2 
20180921435 1 9 6 5 8 2 7 4 3 10 
20180921436 4 6 5 2 8 9 1 3 10 7 
20180921437 2 1 6 4 3 9 7 8 10 5 
20180921438 7 8 1 4 5 6 9 10 3 2 
20180921439 5 9 1 7 3 10 8 2 6 4 
20180921440 8 6 3 9 4 5 2 10 7 1 
20180921441 7 3 1 5 6 8 2 10 4 9 
20180921442 2 1 9 4 6 7 10 3 8 5 
20180921443 5 9 4 1 10 8 3 7 2 6 
20180921444 5 1 4 10 8 7 3 9 2 6 
20180921445 2 9 8 3 1 4 7 6 5 10 
20180921446 1 6 2 9 10 3 7 5 8 4 
20180921447 9 8 6 10 5 2 3 4 1 7 
20180921448 7 5 2 10 9 4 6 1 3 8 
20180921449 1 2 10 3 5 7 6 9 4 8 
20180921450 3 7 4 8 2 1 10 5 9 6 
20180921451 8 5 2 10 4 7 3 6 9 1 
20180921452 4 10 1 9 2 3 7 6 8 5 
20180921453 10 2 5 3 7 8 1 6 4 9 
20180921454 1 6 9 5 2 7 10 8 3 4 
20180921455 4 1 9 8 10 6 2 7 5 3 
20180921456 1 9 7 4 6 2 8 5 3 10 
20180921457 8 5 9 6 10 1 4 2 7 3 
20180921458 5 3 9 1 8 10 2 4 6 7 
20180921459 1 6 9 5 8 2 4 7 3 10 
20180921460 8 1 10 7 2 9 3 4 6 5 
20180921461 5 10 8 3 6 7 9 4 1 2 
20180921462 5 1 4 6 9 2 3 8 7 10 
20180921463 1 10 5 6 8 7 9 3 4 2 
20180921464 9 4 6 1 3 2 8 10 7 5 
20180921465 3 2 1 4 7 10 9 8 6 5 
20180921466 8 5 3 10 7 6 9 2 1 4 
20180921467 4 5 10 7 6 2 3 1 8 9 
20180921468 5 9 2 8 4 10 1 3 6 7 
20180921469 4 3 7 2 9 5 6 1 8 10 
20180921470 3 9 6 2 10 7 4 5 8 1 
20180921471 1 2 6 3 9 7 10 5 8 4 
20180921472 6 5 8 3 10 2 1 9 4 7 
20180921473 8 10 7 1 3 2 6 5 9 4 
20180921474 7 9 10 3 4 1 8 6 2 5 
20180921475 1 2 3 10 9 4 7 5 6 8 
20180921476 7 10 3 6 9 1 4 2 5 8 
20180921477 1 6 2 7 8 3 5 9 10 4 
20180921478 10 2 4 8 9 3 7 1 6 5 
20180921479 9 1 4 3 7 5 10 8 6 2 
20180921480 8 2 1 7 3 6 10 9 5 4 
20180921481 4 3 5 1 7 10 9 6 8 2 
20180921482 4 8 7 5 2 6 3 9 10 1 
20180921483 1 6 7 10 9 2 3 4 8 5 
20180921484 3 10 4 6 9 7 2 8 5 1 
20180921485 1 2 3 7 4 10 9 6 8 5 
20180921486 9 8 2 6 10 1 3 5 7 4 
20180921487 10 2 4 1 8 7 9 3 6 5 
20180921488 4 6 1 8 2 7 5 9 3 10 
20180921489 9 1 4 3 6 7 2 8 5 10 
20180921490 10 9 3 2 7 8 6 1 4 5 
20180921491 8 10 6 1 2 4 9 3 7 5 
20180921492 4 1 7 8 5 3 2 10 9 6 
20180921493 9 10 7 3 5 8 4 1 6 2 
20180921494 5 2 8 6 3 4 10 7 9 1 
20180921495 1 7 10 4 5 2 3 8 9 6 
20180921496 3 8 6 1 10 4 7 2 9 5 
20180921497 10 1 8 7 3 6 9 5 4 2 
20180921498 7 1 9 3 2 10 8 5 4 6 
20180921499 10 1 7 9 6 8 4 5 2 3 
20180921500 10 1 3 9 8 6 7 5 2 4 
20180921501 4 6 7 8 1 3 2 5 10 9 
20180921502 2 8 3 5 6 4 1 9 10 7 
20180921503 4 1 10 7 5 6 9 3 8 2 
20180921504 1 10 5 2 9 7 6 3 4 8 
20180921505 4 9 5 10 2 1 8 3 6 7 
20180921506 9 7 1 3 6 10 4 8 2 5 
20180921507 3 5 6 7 2 9 4 1 10 8 
20180921508 8 5 10 2 4 1 7 6 3 9 
20180921509 8 1 10 3 9 6 5 4 2 7 
20180921510 6 8 9 5 10 3 2 7 4 1 
20180921511 9 1 3 4 8 10 6 2 5 7 
20180921512 2 6 5 1 8 7 9 3 10 4 
20180921513 2 4 6 9 7 3 10 1 8 5 
20180921514 9 2 7 6 4 8 10 1 5 3 
20180921515 2 5 6 3 10 8 4 1 9 7 
20180921516 9 7 2 3 6 4 8 5 1 10 
20180921517 8 4 1 3 2 9 5 7 10 6 
20180921518 1 5 4 9 2 3 10 7 8 6 
20180921519 3 8 7 6 5 9 2 1 10 4 
20180921520 4 2 3 6 5 9 1 7 10 8 
20180921521 9 8 10 6 4 1 3 2 7 5 
20180921522 8 5 7 1 10 3 4 2 9 6 
20180921523 7 9 6 10 8 4 3 2 1 5 
20180921524 9 10 2 8 1 5 7 3 4 6 
20180921525 5 8 3 1 7 4 9 2 6 10 
20180921526 5 8 7 3 4 10 9 1 6 2 
20180921527 6 10 4 2 1 9 5 3 8 7 
20180921528 9 3 8 5 6 2 1 7 4 10 
20180921529 7 6 4 5 1 9 8 2 3 10 
20180921530 3 6 2 4 7 9 8 5 10 1 
20180921531 8 7 3 4 9 1 2 6 5 10 
20180921532 9 2 10 5 4 8 3 6 1 7 
20180921533 6 2 8 10 7 9 1 4 5 3 
20180921534 7 4 9 10 1 5 3 8 6 2 
20180921535 2 3 4 8 9 1 5 6 7 10 
20180921536 10 2 3 5 8 7 6 1 9 4 
20180921537 4 10 5 8 2 1 7 6 3 9 
20180921538 4 3 5 7 9 1 8 6 10 2 
20180921539 1 4 6 5 2 7 10 9 8 3 
20180921540 9 8 7 3 5 2 10 1 4 6 
20180921541 9 7 1 3 2 5 10 6 4 8 
20180921542 6 10 7 2 3 8 5 9 1 4 
20180921543 6 3 4 1 2 7 10 5 8 9 
20180921544 8 2 4 6 7 3 1 5 9 10 
20180921545 5 2 4 6 3 9 10 7 8 1 
20180921546 10 3 1 8 6 2 7 4 5 9 
20180921547 6 3 5 2 8 1 10 7 4 9 
20180921548 3 6 8 9 7 1 10 4 5 2 
20180921549 2 4 10 6 1 9 7 3 8 5 
20180921550 3 2 9 5 7 4 6 1 8 10 
20180921551 1 6 2 9 7 3 5 8 10 4 
20180921552 9 7 3 6 2 10 8 4 5 1 
20180921553 1 3 6 2 9 7 8 4 10 5 
20180921554 5 3 10 9 8 4 1 6 7 2 
20180921555 7 3 1 5 6 8 9 10 4 2 
20180921556 2 10 3 7 4 1 5 9 8 6 
20180921557 10 1 5 8 3 4 2 7 9 6 
20180921558 6 7 1 3 9 2 8 10 5 4 
20180921559 2 6 8 9 4 1 5 3 7 10 
20180921560 8 7 2 1 3 9 5 10 4 6 
20180921561 9 4 6 10 5 3 1 7 8 2 
20180921562 5 9 1 6 4 8 2 7 3 10 
20180921563 1 3 5 4 10 2 6 8 7 9 
20180921564 1 9 5 6 2 10 8 3 7 4 
20180921565 2 6 1 7 3 5 10 4 9 8 
20180921566 4 2 10 1 7 8 6 9 5 3 
20180921567 6 9 1 4 5 3 10 8 2 7 
20180921568 7 4 6 10 5 9 8 2 3 1 
20180921569 10 4 8 5 2 1 7 9 3 6 
20180921570 8 1 5 2 4 3 6 7 10 9 
20180921571 8 9 4 6 2 5 7 10 3 1 
20180921572 8 6 4 1 7 5 10 3 9 2 
20180921573 7 3 2 4 1 9 8 6 10 5 
20180921574 9 8 10 6 4 2 5 7 3 1 
20180921575 3 1 5 9 6 2 4 10 8 7 
20180921576 8 6 4 7 10 9 5 1 2 3 
20180921577 2 7 8 4 10 6 3 1 9 5 
20180921578 4 3 9 8 6 2 5 7 10 1 
20180921579 9 10 4 1 8 3 7 5 6 2 
20180921580 4 5 1 3 8 7 6 10 9 2 
20180921581 3 5 1 8 9 7 4 10 2 6 
20180921582 8 10 3 5 6 4 1 2 7 9 
20180921583 10 4 5 7 9 3 6 8 1 2 
20180921584 7 6 8 3 10 4 9 2 1 5 
20180921585 7 2 3 10 6 8 4 1 5 9 
20180921586 4 2 5 3 8 6 1 10 7 9 
20180921587 1 8 3 4 5 6 7 10 9 2 
20180921588 1 2 9 3 8 7 6 10 4 5 
20180921589 2 9 1 3 8 10 7 4 5 6 
20180921590 8 10 5 6 7 1 3 2 4 9 
20180921591 8 7 10 3 5 2 4 9 1 6 
20180921592 1 4 2 8 9 7 5 3 6 10 
20180921593 10 4 9 2 6 3 8 7 1 5 
20180921594 3 1 4 10 7 6 9 8 2 5 
20180921595 9 5 7 6 10 1 2 3 8 4 
20180921596 6 3 10 8 9 2 7 4 5 1 
20180921597 1 5 9 4 2 6 7 8 10 3 
20180921598 9 7 6 4 8 1 3 2 10 5 
20180921599 3 7 9 5 2 10 1 6 8 4 
20180921600 4 2 6 7 8 3 10 1 5 9 
20180921601 6 8 2 4 1 7 9 10 3 5 
20180921602 5 7 3 8 1 9 10 4 6 2 
20180921603 6 4 2 7 10 1 9 5 3 8 
20180921604 6 7 8 10 4 3 5 9 2 1 
20180921605 6 4 10 8 9 7 1 5 2 3 
20180921606 10 8 6 4 5 9 3 2 1 7 
20180921607 3 9 5 6 2 1 8 10 4 7 
20180921608 5 4 3 1 7 6 10 2 9 8 
20180921609 6 7 1 4 9 2 5 3 8 10 
20180921610 6 3 7 2 10 8 4 9 5 1 
20180921611 4 6 9 8 10 3 1 5 7 2 
20180921612 7 6 8 4 1 10 5 3 2 9 
20180921613 3 2 4 9 1 8 10 5 6 7 
20180921614 2 7 9 8 3 1 6 10 4 5 
20180921615 8 5 3 1 2 9 7 6 10 4 
20180921616 8 10 9 3 2 6 7 4 5 1 
20180921617 5 2 4 1 7 10 9 8 6 3 
20180921618 2 1 9 3 7 8 5 4 10 6 
20180921619 8 2 6 3 5 10 1 7 4 9 
20180921620 8 2 4 9 1 7 3 6 5 10 
20180921621 7 8 9 5 10 3 4 1 2 6 
20180921622 5 1 8 4 3 7 2 10 9 6 
20180921623 2 3 8 5 4 10 7 1 6 9 
20180921624 10 4 9 8 6 2 5 3 1 7 
20180921625 1 8 6 4 10 2 9 7 5 3 
20180921626 4 5 7 2 9 1 10 6 3 8 
20180921627 2 10 3 5 1 6 9 8 4 7 
20180921628 6 1 8 3 10 4 7 2 9 5 
20180921629 2 1 5 4 9 3 10 7 6 8 
20180921630 2 8 7 1 6 4 5 9 10 3 
20180921631 10 5 8 3 2 1 9 7 6 4 
20180921632 5 10 4 3 1 2 9 7 8 6 
20180921633 2 3 10 7 5 4 6 1 9 8 
20180921634 8 9 4 6 3 2 5 10 7 1 
20180921635 6 5 8 7 2 4 3 9 1 10 
20180921636 1 6 9 8 10 7 2 3 4 5 
20180921637 2 8 5 6 4 10 3 7 9 1 
20180921638 6 3 7 2 9 4 5 10 1 8 
20180921639 3 5 7 8 6 4 10 2 9 1 
20180921640 9 6 1 5 3 7 10 8 4 2 
20180921641 6 1 10 7 3 8 9 2 5 4 
20180921642 2 7 1 8 3 6 4 9 5 10 
20180921643 4 5 1 8 3 2 7 6 9 10 
20180921644 5 8 10 7 6 4 1 2 3 9 
20180921645 3 10 9 7 2 4 1 5 8 6 
20180921646 1 3 10 9 7 2 6 8 4 5 
20180921647 3 4 10 9 6 2 1 5 8 7 
20180921648 5 9 6 10 7 8 4 3 2 1 
20180921649 8 3 2 9 1 7 4 10 5 6 
20180921650 5 2 8 3 1 7 10 9 6 4 
20180921651 3 4 2 1 10 5 7 6 8 9 
20180921652 9 10 6 2 4 3 8 5 7 1 
20180921653 7 2 8 4 1 6 5 10 9 3 
20180921654 9 7 1 8 5 4 2 3 10 6 
20180921655 9 5 2 3 8 1 10 4 7 6 
20180921656 4 7 10 9 1 3 6 2 8 5 
20180921657 5 6 3 2 1 7 10 8 4 9 
20180921658 10 8 5 2 9 4 1 6 7 3 
20180921659 6 7 8 5 9 10 1 4 2 3 
20180921660 6 7 8 1 3 4 9 10 5 2 
20180921661 4 1 3 7 9 6 10 2 8 5 
20180921662 9 3 6 2 1 8 5 10 7 4 
20180921663 8 1 2 6 4 9 3 7 10 5 
20180921664 9 7 5 1 6 8 10 4 2 3 
20180921665 2 1 6 8 9 7 10 3 4 5 
20180921666 2 1 6 3 7 8 10 4 9 5 
20180921667 1 3 5 8 7 4 2 6 9 10 
20180921668 8 2 5 6 1 10 7 3 4 9 
20180921669 2 3 9 6 8 7 5 1 4 10 
20180921670 5 7 9 4 10 3 2 1 8 6 
20180921671 3 6 1 5 4 10 7 8 2 9 
20180921672 10 9 3 7 1 5 4 6 2 8 
20180921673 7 2 3 4 5 9 1 6 10 8 
20180921674 2 7 5 10 6 4 1 9 3 8 
20180921675 10 5 8 4 9 3 7 1 6 2 
20180921676 10 8 5 3 9 7 4 1 6 2 
20180921677 5 10 1 3 2 6 8 4 9 7 
20180921678 5 4 9 8 3 1 6 10 2 7 
20180921679 8 3 1 5 10 7 6 9 2 4 
20180921680 6 8 1 4 5 3 10 7 9 2 
20180921681 4 6 3 9 1 2 8 10 5 7 
20180921682 10 4 6 2 9 5 7 1 3 8 
20180921683 10 2 5 9 8 6 3 1 7 4 
20180921684 3 9 8 5 10 1 2 6 7 4 
20180921685 10 8 2 4 9 3 1 6 7 5 
20180921686 1 3 7 4 10 8 2 5 6 9 
20180921687 10 6 2 8 5 7 4 1 9 3 
20180921688 7 1 4 10 3 9 2 8 5 6 
20180921689 7 9 6 1 3 8 2 5 4 10 
20180921690 4 7 8 10 5 2 1 6 3 9 
20180921691 7 6 5 4 2 8 1 10 3 9 
20180921692 6 2 10 4 9 3 1 7 8 5 
20180921693 8 1 9 5 4 2 7 10 6 3 
20180921694 2 8 5 1 9 4 7 3 10 6 
20180921695 7 5 2 10 1 3 4 8 6 9 
20180921696 8 3 1 5 2 7 9 6 10 4 
20180921697 3 6 1 9 2 7 5 10 4 8 
20180921698 4 6 9 1 7 10 5 8 3 2 
20180921699 5 9 10 2 8 6 3 1 4 7 
20180921700 7 8 4 2 9 6 5 1 3 10 
20180921701 8 5 3 7 1 4 6 9 10 2 
20180921702 1 5 10 6 7 4 3 8 9 2 
20180921703 6 5 8 2 9 7 3 10 4 1 
20180921704 2 6 5 7 9 3 4 8 1 10 
20180921705 6 9 7 10 4 1 5 8 3 2 
20180921706 7 3 2 5 4 1 8 9 6 10 
20180921707 6 8 4 10 2 5 1 7 3 9 
20180921708 6 4 2 8 1 10 5 9 3 7 
20180921709 6 3 9 10 4 5 7 8 2 1 
20180921710 4 6 9 7 3 2 10 8 1 5 
20180921711 1 4 9 7 2 10 5 3 8 6 
20180921712 8 5 10 6 3 4 2 9 7 1 
20180921713 8 5 3 6 9 4 7 2 10 1 
20180921714 9 3 2 4 6 7 5 10 1 8 
20180921715 8 5 9 6 10 7 4 1 3 2 
20180921716 10 1 2 3 8 4 7 9 5 6 
20180921717 9 4 1 10 6 8 2 3 5 7 
20180921718 2 4 5 1 9 8 6 10 3 7 
20180921719 10 6 1 9 3 7 8 4 2 5 
20180921720 2 9 4 7 10 5 1 6 3 8 
20180921721 4 7 8 6 3 10 5 1 9 2 
20180921722 3 2 10 1 4 7 8 9 6 5 
20180921723 1 6 9 4 10 7 3 8 5 2 
20180921724 10 8 2 1 9 6 4 3 7 5 
20180921725 1 9 10 7 3 5 4 6 8 2 
20180921726 5 9 1 8 4 6 10 2 7 3 
20180921727 8 7 6 2 4 3 9 5 10 1 
20180921728 4 3 7 8 10 2 6 9 1 5 
20180921729 6 3 4 2 5 8 1 9 10 7 
20180921730 9 3 5 10 7 2 8 4 6 1 
20180921731 9 10 6 1 2 3 8 4 5 7 
20180921732 5 3 2 9 10 1 8 6 4 7 
20180921733 4 3 2 10 8 7 6 5 1 9 
20180921734 5 7 1 4 10 3 9 8 2 6 
20180921735 10 8 2 5 4 1 7 6 3 9 
20180921736 1 6 3 9 7 2 5 10 8 4 
20180921737 1 6 3 8 4 7 10 5 2 9 
20180921738 4 6 7 9 2 8 5 10 1 3 
20180921739 5 3 9 2 1 7 10 8 6 4 
20180921740 1 6 8 4 2 3 5 10 9 7 
20180921741 8 10 5 1 7 3 6 2 4 9 
20180921742 7 4 1 9 6 8 10 5 2 3 
20180921743 10 8 2 5 7 1 4 3 9 6 
20180921744 4 5 10 9 3 8 7 6 1 2 
20180921745 8 10 2 5 7 6 4 1 9 3 
20180921746 1 3 10 2 9 6 7 5 4 8 
20180921747 9 5 3 6 8 10 2 1 7 4 
20180921748 1 5 8 9 3 10 7 4 6 2 
20180921749 9 10 4 3 5 1 2 6 7 8 
20180921750 6 9 1 3 4 5 2 10 8 7 
20180921751 4 1 10 2 7 8 6 3 9 5 
20180921752 2 5 8 7 9 4 10 3 6 1 
20180921753 8 3 1 4 6 2 7 5 9 10 
20180921754 1 5 4 3 6 2 10 7 8 9 
20180921755 2 3 9 4 6 10 5 8 7 1 
20180921756 4 9 10 6 1 8 5 2 3 7 
20180921757 9 4 8 5 3 10 6 1 7 2 
20180921758 6 3 9 1 7 2 4 8 10 5 
20180921759 2 6 7 9 10 4 5 8 1 3 
20180921760 3 6 9 4 2 10 1 7 8 5 
20180921761 3 6 9 8 10 7 2 1 4 5 
20180921762 3 4 1 5 7 9 6 8 10 2 
20180921763 1 3 7 4 9 2 6 5 10 8 
20180921764 1 2 4 3 6 7 5 8 9 10 
20180921765 3 5 2 8 6 1 4 10 7 9 
20180921766 7 3 1 5 10 4 6 2 9 8 
20180921767 9 3 2 10 8 6 5 1 4 7 
20180921768 1 9 2 6 8 5 10 3 7 4 
20180921769 4 2 8 9 5 1 3 10 6 7 
20180921770 8 2 1 9 10 7 5 6 3 4 
20180921771 10 8 1 9 4 2 6 5 3 7 
20180921772 6 2 1 10 3 5 4 7 9 8 
20180921773 3 2 10 6 9 1 4 8 5 7 
20180921774 4 8 6 5 7 10 9 3 1 2 
20180921775 5 1 9 4 2 10 6 3 8 7 
20180921776 5 7 9 1 10 2 8 3 6 4 
20180921777 6 9 10 3 1 4 5 2 8 7 
20180921778 8 3 6 2 9 4 5 7 1 10 
20180921779 8 7 4 6 2 10 5 9 1 3 
20180921780 4 3 9 6 2 8 7 10 5 1 
20180921781 5 2 9 1 6 10 4 8 3 7 
20180921782 8 4 2 5 6 7 3 9 10 1 
20180921783 1 2 10 4 6 8 3 9 7 5 
20180921784 4 1 6 5 10 7 3 2 8 9 
20180921785 5 1 4 3 7 6 8 2 10 9 
20180921786 1 10 3 9 4 8 2 5 6 7 
20180921787 4 1 9 2 7 6 3 5 8 10 
20180921788 3 1 5 7 2 8 9 4 6 10 
20180921789 2 5 6 4 10 8 7 3 9 1 
20180921790 3 6 7 2 4 1 5 8 10 9 
20180921791 2 6 3 10 5 4 1 8 7 9 
20180921792 10 6 3 2 9 1 4 5 8 7 
20180921793 3 8 6 10 9 2 4 1 5 7 
20180921794 6 3 9 10 8 1 7 2 4 5 
20180921795 9 1 3 2 4 6 10 7 8 5 
20180921796 4 7 1 9 5 8 3 10 2 6 
20180921797 8 1 9 7 5 2 6 10 4 3 
20180921798 7 4 8 9 2 10 5 1 3 6 
20180921799 7 4 3 2 8 9 5 10 6 1 
20180921800 7 10 6 4 8 3 5 2 1 9 
20180921801 2 8 9 1 5 10 3 4 6 7 
20180921802 10 8 9 7 2 4 6 5 1 3 
20180921803 5 3 10 4 9 1 2 7 8 6 
20180921804 7 4 6 10 9 5 8 3 2 1 
20180921805 6 7 8 10 9 5 3 1 2 4 
20180921806 9 4 2 3 1 10 5 6 7 8 
20180921807 2 6 4 9 7 10 5 1 8 3 
20180921808 2 9 1 3 4 8 10 5 7 6 
20180921809 5 6 1 7 4 10 8 9 3 2 
20180921810 2 7 4 9 8 1 3 10 6 5 
20180921811 10 7 1 5 3 4 2 9 8 6 
20180921812 2 1 3 7 10 4 8 5 6 9 
20180921813 9 2 5 7 10 1 4 8 6 3 
20180921814 5 8 7 2 1 4 6 9 10 3 
20180921815 4 9 10 2 6 1 7 3 8 5 
20180921816 8 10 4 7 6 9 1 2 5 3 
20180921817 8 6 3 9 4 7 1 2 10 5 
20180921818 9 5 1 6 3 8 4 2 10 7 
20180921819 4 2 5 7 9 3 1 6 10 8 
20180921820 9 3 10 7 5 4 6 1 8 2 
20180921821 4 6 2 3 9 7 10 1 5 8 
20180921822 4 3 6 7 1 2 10 8 9 5 
20180921823 9 2 3 7 1 6 8 5 4 10 
20180921824 1 9 3 4 5 6 2 8 7 10 
20180921825 4 9 7 8 2 10 5 3 1 6 
20180921826 1 6 7 4 8 3 9 5 2 10 
20180921827 6 8 5 7 1 4 10 3 9 2 
20180921828 6 8 7 10 3 4 1 9 5 2 
20180921829 6 2 10 8 5 9 4 7 3 1 
20180921830 5 9 7 4 1 8 6 2 10 3 
20180921832 2 4 8 6 10 1 9 7 5 3 
20180921833 1 8 9 2 10 7 5 4 3 6 
20180921834 2 3 9 1 10 7 6 5 4 8 
20180921835 10 7 9 2 6 3 1 8 5 4 
20180921836 10 9 4 6 1 3 7 8 5 2 
20180921837 2 9 4 10 1 7 6 5 3 8 
20180921838 10 8 4 1 7 3 9 5 6 2 
20180921839 9 2 6 7 5 3 1 10 8 4 
20180921840 10 7 4 9 6 8 3 5 1 2 
20180921841 6 9 3 10 8 4 7 2 5 1 
20180921842 6 9 1 4 5 2 10 3 7 8 
20180921843 7 1 5 9 6 8 10 2 3 4 
20180921844 10 9 7 6 3 1 4 5 2 8 
20180921845 2 7 3 5 10 4 1 8 9 6 
20180921847 4 6 2 7 3 1 9 8 5 10 
20180921846 1 3 8 2 4 9 7 6 5 10 
20180921848 5 10 3 1 7 8 6 9 4 2 
20180921849 8 6 10 4 5 3 2 1 9 7 
20180921850 8 5 10 1 3 9 4 7 2 6 
20180921851 1 10 5 4 7 9 3 2 6 8 
20180921852 9 4 8 10 3 6 1 2 5 7 
20180921853 6 9 5 1 8 2 10 7 4 3 
20180921855 7 1 10 3 4 9 5 6 2 8 
20180921856 7 1 3 10 2 5 4 9 8 6 
20180921857 4 8 1 5 9 7 6 3 2 10 
20180921858 9 10 7 8 4 5 6 1 3 2 
20180921859 9 3 4 7 1 5 10 8 2 6 
20180921860 5 9 7 10 2 8 6 4 3 1 
20180921861 5 9 4 2 7 10 8 1 3 6 
20180921862 8 10 6 4 5 7 1 2 3 9 
20180921863 9 3 6 7 2 8 1 4 10 5 
20180921864 4 7 3 6 2 8 9 10 5 1 
20180921865 10 6 4 2 3 9 5 7 8 1 
20180921866 5 4 3 7 10 1 6 8 2 9 
20180921867 6 9 4 3 1 5 8 10 2 7 
20180921868 1 5 6 10 8 4 7 3 2 9 
20180921869 8 4 10 9 2 6 1 3 7 5 
20180921870 9 5 4 10 8 6 3 1 2 7 
20180921871 5 10 3 2 1 9 8 6 7 4 
20180921872 3 10 1 8 9 5 6 4 2 7 
20180921873 7 6 8 10 1 3 4 2 9 5 
20180921874 10 2 4 7 8 9 6 3 5 1 
20180921875 9 8 6 1 3 5 10 7 4 2 
20180921876 7 4 3 10 1 5 8 2 6 9 
20180921877 4 9 10 2 5 1 7 6 8 3 
20180921878 3 2 5 10 9 6 4 8 1 7 
20180921879 2 9 1 5 10 4 6 8 3 7 
20180921880 6 4 3 7 1 2 5 8 9 10 
20180921881 2 7 6 5 1 10 4 9 3 8 
20180921882 5 6 3 8 10 7 1 2 9 4 
20180921883 8 9 10 4 5 1 3 2 7 6 
20180921884 10 3 4 8 5 9 2 1 7 6 
20180921885 10 7 9 5 6 3 8 1 2 4 
20180921886 6 5 2 9 7 1 4 8 10 3 
20180921887 9 7 8 4 5 10 3 2 6 1 
20180921888 5 7 6 8 10 4 1 9 2 3 
20180921889 8 7 1 5 6 4 3 9 10 2 
20180921890 10 5 6 2 1 8 3 9 4 7 
20180921891 1 4 5 8 6 3 2 9 7 10 
20180921892 5 3 1 2 4 9 10 8 7 6 
20180921893 7 2 4 10 6 8 3 5 1 9 
20180921894 6 8 10 7 9 1 4 3 5 2 
20180921895 6 4 5 1 8 2 3 9 10 7 
20180921896 9 1 6 7 3 2 5 10 8 4 
20180921897 7 5 4 10 8 1 9 3 2 6 
20180921898 6 5 7 2 3 8 10 4 9 1 
20180921899 10 6 9 8 7 3 4 1 5 2 
20180921900 2 8 7 10 5 9 3 6 4 1 
20180921901 10 1 8 2 9 6 7 5 4 3 
20180921902 7 10 5 8 2 9 4 6 1 3 
20180921903 5 1 8 4 10 7 6 2 3 9 
20180921904 5 2 10 4 9 6 8 1 7 3 
20180921905 2 5 10 7 4 1 9 6 8 3 
20180921906 6 1 2 8 3 9 4 10 5 7 
20180921907 5 10 4 8 3 7 9 1 6 2 
20180921908 5 10 7 2 9 4 8 6 1 3 
20180921909 8 2 5 9 6 7 4 3 10 1 
20180921910 6 10 9 5 8 2 4 1 3 7 
20180921911 6 1 7 3 8 10 2 5 9 4 
20180921912 4 5 3 1 2 7 8 10 9 6 
20180921913 8 7 9 10 6 5 4 3 1 2 
20180921914 2 10 4 6 9 3 7 8 1 5 
20180921915 10 4 5 3 8 2 6 7 9 1 
20180921916 6 5 9 2 4 1 3 7 8 10 
20180921917 8 5 9 6 3 4 1 2 7 10 
20180921918 10 7 1 2 4 6 8 9 3 5 
20180921919 3 9 10 6 2 8 4 1 5 7 
20180921920 4 3 7 6 1 5 8 9 10 2 
20180921921 8 9 2 1 6 7 5 3 4 10 
20180921922 9 8 1 2 6 7 10 5 4 3 
20180921923 7 6 8 3 9 2 5 4 10 1 
20180921924 9 7 8 6 2 4 10 1 5 3 
20180921925 1 4 5 9 2 8 10 6 7 3 
20180921926 3 5 1 4 7 9 8 2 6 10 
20180921927 5 2 10 4 1 7 8 9 6 3 
20180921928 1 7 8 4 9 3 5 6 10 2 
20180921929 9 1 5 2 10 4 3 7 8 6 
20180921930 1 2 3 5 10 7 8 9 6 4 
20180921931 10 6 7 8 3 9 1 2 5 4 
20180921932 2 3 5 7 1 4 10 8 9 6 
20180921933 9 7 3 6 10 1 4 8 2 5 
20180921934 3 2 4 7 1 9 6 10 8 5 
20180921935 4 1 7 6 10 5 9 8 2 3 
20180921936 9 2 7 10 3 6 4 1 5 8 
20180921937 10 3 1 4 6 2 8 7 9 5 
20180921938 5 7 8 3 2 6 10 9 1 4 
20180921939 7 5 8 1 3 4 2 9 10 6 
20180921940 10 3 1 9 8 6 5 2 7 4 
20180921941 8 4 1 5 3 7 6 2 9 10 
20180921942 10 9 3 5 4 8 2 6 7 1 
20180921943 1 5 10 6 4 2 3 9 8 7 
20180921944 7 4 3 5 9 2 1 10 8 6 
20180921945 7 5 9 3 10 6 2 1 8 4 
20180921946 3 6 10 2 1 8 9 5 7 4 
20180921947 4 2 7 10 1 3 5 9 6 8 
20180921948 3 6 5 1 7 10 4 8 2 9 
20180921949 6 2 1 3 8 5 7 10 4 9 
20180921950 9 5 6 2 1 4 3 8 7 10 
20180921951 9 5 2 8 3 4 1 10 6 7 
20180921952 8 6 4 2 7 9 3 5 10 1 
20180921953 2 10 1 7 9 8 4 3 5 6 
20180921954 9 10 1 3 4 8 5 6 7 2 
20180921955 6 9 10 3 2 5 8 7 1 4 
20180921956 3 9 2 1 5 6 10 8 7 4 
20180921957 5 8 1 2 10 7 3 4 6 9 
20180921958 6 3 8 9 4 5 7 2 1 10 
20180921959 5 2 3 10 9 1 4 6 8 7 
20180921960 7 2 8 3 10 9 1 4 6 5 
20180921961 3 4 9 10 6 1 8 5 7 2 
20180921962 5 4 9 3 2 8 7 6 1 10 
20180921963 4 7 2 9 8 5 10 1 6 3 
20180921964 2 8 1 7 6 4 9 3 5 10 
20180921965 3 8 2 9 5 6 7 1 10 4 
20180921966 10 1 5 6 9 7 4 8 2 3 
20180921967 1 8 10 5 2 7 3 4 6 9 
20180921968 4 10 8 1 7 5 2 6 9 3 
20180921969 5 3 4 10 9 6 2 1 7 8 
20180921970 5 1 10 6 9 8 3 4 2 7 
20180921971 8 1 2 7 9 4 5 6 3 10 
20180921972 3 7 4 10 2 1 6 8 5 9 
20180921973 1 8 9 10 7 6 3 5 4 2 
20180921974 3 10 1 2 7 9 4 8 5 6 
20180921975 3 5 9 1 4 2 8 10 7 6 
20180921976 1 8 4 2 6 7 9 5 3 10 
20180921977 10 3 2 9 8 4 5 1 7 6 
20180921978 10 2 7 5 6 1 4 8 9 3 
20180921979 4 10 5 1 7 8 6 2 3 9 
20180921980 3 2 4 1 8 10 6 5 7 9 
20180921981 1 2 5 8 7 4 3 10 6 9 
20180921982 7 4 5 3 9 1 10 8 2 6 
20180921983 9 1 8 4 5 3 2 7 6 10 
20180921984 5 1 10 6 2 3 8 7 4 9 
20180921985 10 3 8 5 2 7 9 1 6 4 
