20180913002 4 3 5 8 6 10 7 2 9 1 
20180913003 4 8 2 3 1 9 5 10 6 7 
20180913004 4 6 8 2 7 1 5 9 3 10 
20180913005 4 2 10 9 3 1 7 6 8 5 
20180913006 1 9 8 3 4 2 10 7 5 6 
20180913007 8 6 10 9 5 3 2 7 1 4 
20180913008 5 1 8 4 9 3 7 6 2 10 
20180913009 7 2 8 3 1 4 6 5 9 10 
20180913010 8 6 9 7 3 5 1 2 4 10 
20180913011 4 5 8 3 9 2 6 10 7 1 
20180913012 6 5 4 3 9 8 10 7 1 2 
20180913013 8 9 4 10 5 2 1 7 3 6 
20180913014 5 3 8 9 1 4 2 6 7 10 
20180913015 4 3 5 2 7 9 6 10 1 8 
20180913016 3 9 8 4 1 5 7 10 2 6 
20180913017 1 7 5 6 9 10 3 2 8 4 
20180913018 3 9 5 6 1 7 10 2 8 4 
20180913019 8 10 4 9 5 2 1 6 3 7 
20180913020 5 7 3 1 4 6 2 9 10 8 
20180913021 4 6 10 9 8 5 7 1 2 3 
20180913022 5 8 2 9 7 6 4 1 3 10 
20180913023 4 10 8 6 3 7 5 1 9 2 
20180913024 4 6 5 9 10 7 8 1 3 2 
20180913025 1 10 4 6 3 7 2 5 8 9 
20180913026 7 9 3 5 10 1 2 4 6 8 
20180913027 6 3 2 10 1 9 8 5 4 7 
20180913028 3 9 6 10 4 8 1 2 7 5 
20180913029 5 10 2 9 4 8 1 6 7 3 
20180913030 4 6 5 8 1 9 2 7 10 3 
20180913031 2 8 3 6 7 10 4 1 9 5 
20180913032 7 8 4 1 3 9 10 2 5 6 
20180913033 7 9 5 10 6 4 3 2 8 1 
20180913034 4 10 8 6 9 3 2 7 1 5 
20180913035 5 6 3 4 7 10 1 8 9 2 
20180913036 1 2 4 3 7 5 9 10 8 6 
20180913037 9 6 5 1 4 3 10 2 8 7 
20180913038 1 2 6 5 4 7 9 8 3 10 
20180913039 3 7 8 6 9 10 2 1 5 4 
20180913040 8 6 4 3 2 10 9 1 7 5 
20180913041 9 7 5 1 10 4 6 2 3 8 
20180913042 7 8 10 1 4 2 6 3 5 9 
20180913043 8 5 4 7 6 9 10 2 1 3 
20180913044 2 7 8 9 10 1 6 5 4 3 
20180913045 3 10 4 8 1 7 2 6 5 9 
20180913046 10 5 7 8 9 6 3 1 4 2 
20180913047 5 8 1 9 3 6 4 2 10 7 
20180913048 7 3 8 1 5 6 4 10 9 2 
20180913049 10 3 1 6 8 4 2 7 9 5 
20180913050 7 4 3 1 9 10 2 8 6 5 
20180913051 6 4 3 10 2 8 1 9 7 5 
20180913052 3 2 1 10 6 4 5 8 7 9 
20180913053 1 7 10 8 5 3 9 2 4 6 
20180913054 7 5 2 4 8 3 9 6 1 10 
20180913055 2 3 5 7 4 8 6 10 1 9 
20180913056 6 4 8 5 1 9 10 2 7 3 
20180913057 10 3 5 2 6 8 4 7 1 9 
20180913058 8 10 1 2 3 5 7 6 9 4 
20180913059 4 8 1 5 3 7 2 10 6 9 
20180913060 7 4 2 5 9 8 1 6 3 10 
20180913061 9 1 6 8 4 2 7 5 3 10 
20180913062 5 8 9 2 10 1 7 6 3 4 
20180913063 3 8 1 6 4 5 9 2 7 10 
20180913064 8 6 4 7 5 3 1 2 10 9 
20180913065 5 6 10 9 7 4 1 3 2 8 
20180913066 1 10 5 9 7 8 6 3 4 2 
20180913067 4 1 3 7 6 2 9 10 5 8 
20180913068 1 8 9 2 10 7 3 4 6 5 
20180913069 3 5 8 1 2 4 6 7 9 10 
20180913070 9 7 1 5 8 2 4 6 3 10 
20180913071 10 6 9 3 8 4 1 2 5 7 
20180913072 9 8 5 7 6 3 1 2 4 10 
20180913073 7 10 4 5 8 2 3 6 1 9 
20180913074 3 1 2 9 5 7 4 6 8 10 
20180913075 8 5 1 9 2 3 10 7 4 6 
20180913076 9 3 10 1 8 4 2 7 5 6 
20180913077 2 10 6 8 7 1 4 5 3 9 
20180913078 1 8 9 5 7 2 6 10 3 4 
20180913079 10 5 1 3 6 8 2 7 4 9 
20180913080 6 9 7 4 1 2 5 10 3 8 
20180913081 2 3 6 8 4 5 1 9 7 10 
20180913082 5 9 10 2 4 7 3 1 8 6 
20180913083 9 3 7 4 2 8 10 6 1 5 
20180913084 2 1 5 10 9 3 6 8 4 7 
20180913085 9 5 6 1 8 2 3 4 10 7 
20180913086 2 3 1 5 9 8 10 7 6 4 
20180913087 1 3 4 2 5 6 9 10 7 8 
20180913088 10 3 4 7 9 6 5 1 8 2 
20180913089 5 3 1 7 2 10 9 4 8 6 
20180913090 9 2 1 10 5 6 7 3 8 4 
20180913091 3 4 7 8 2 9 1 6 10 5 
20180913092 4 6 8 7 1 2 10 9 5 3 
20180913093 4 8 6 5 3 10 7 1 9 2 
20180913094 9 5 1 7 10 8 6 4 2 3 
20180913095 1 4 6 9 7 10 3 5 2 8 
20180913096 7 10 9 3 8 6 5 2 1 4 
20180913097 9 7 2 5 6 10 4 3 8 1 
20180913098 1 7 3 5 2 6 4 8 10 9 
20180913099 7 2 4 1 6 5 8 9 3 10 
20180913100 4 7 10 2 1 3 6 9 8 5 
20180913101 10 1 6 4 8 2 3 7 5 9 
20180913102 4 9 10 2 8 6 7 5 1 3 
20180913103 8 5 3 4 1 7 6 2 10 9 
20180913104 7 2 10 6 5 1 3 4 8 9 
20180913105 10 1 2 3 5 8 6 9 7 4 
20180913106 8 10 5 1 6 7 4 9 2 3 
20180913107 8 10 4 1 3 5 7 2 6 9 
20180913108 9 7 8 2 3 6 5 10 4 1 
20180913109 6 2 8 4 9 10 3 5 1 7 
20180913110 1 3 4 5 2 6 8 7 10 9 
20180913111 2 5 7 8 6 9 1 3 4 10 
20180913112 5 10 4 2 9 6 1 8 3 7 
20180913113 9 6 4 7 10 2 1 3 5 8 
20180913114 5 8 4 3 10 9 2 7 6 1 
20180913115 7 3 4 2 1 9 8 6 10 5 
20180913116 10 5 9 8 7 1 2 3 6 4 
20180913117 5 4 7 6 9 3 10 2 8 1 
20180913118 7 5 1 8 9 4 2 3 10 6 
20180913119 6 9 4 8 7 3 5 2 10 1 
20180913120 3 5 7 9 6 2 4 8 10 1 
20180913121 1 5 4 7 6 9 8 3 10 2 
20180913122 3 6 5 9 4 10 7 1 2 8 
20180913123 9 3 2 8 6 4 10 5 7 1 
20180913124 3 1 10 2 8 4 5 7 9 6 
20180913125 9 6 3 7 10 1 4 2 5 8 
20180913126 1 5 6 8 4 10 9 2 7 3 
20180913127 2 9 5 8 10 3 6 1 7 4 
20180913128 7 1 9 5 8 6 10 3 4 2 
20180913129 7 8 4 10 5 9 3 2 6 1 
20180913130 2 4 5 10 3 6 9 7 1 8 
20180913131 2 9 4 10 5 3 7 1 8 6 
20180913132 4 3 5 10 9 6 2 1 8 7 
20180913133 1 6 4 7 5 8 2 10 3 9 
20180913134 3 6 1 10 5 7 9 4 2 8 
20180913135 10 3 4 8 6 1 7 5 9 2 
20180913136 10 1 7 2 3 6 4 8 5 9 
20180913137 5 2 8 1 10 7 4 3 9 6 
20180913138 1 9 6 7 2 8 5 3 4 10 
20180913139 2 5 6 1 3 10 4 7 9 8 
20180913140 6 5 4 2 10 3 1 8 9 7 
20180913141 5 2 8 4 3 9 6 1 7 10 
20180913142 3 5 8 6 9 7 10 1 2 4 
20180913143 10 5 1 6 7 3 8 2 4 9 
20180913144 8 6 1 3 7 9 10 2 5 4 
20180913145 2 9 6 4 7 10 3 1 5 8 
20180913146 10 1 5 8 6 9 4 2 3 7 
20180913147 9 2 5 3 4 10 6 8 7 1 
20180913148 1 2 5 6 10 3 4 9 7 8 
20180913149 5 3 6 4 7 9 10 2 1 8 
20180913150 1 10 5 9 7 2 4 8 6 3 
20180913151 3 2 8 6 5 7 10 1 4 9 
20180913152 1 4 6 8 2 5 9 3 10 7 
20180913153 10 2 1 5 8 7 3 6 9 4 
20180913154 9 6 7 1 5 4 10 3 2 8 
20180913155 7 1 4 3 2 10 6 9 8 5 
20180913156 3 9 4 1 5 8 2 10 7 6 
20180913157 10 1 4 5 8 6 9 2 3 7 
20180913158 9 10 1 5 7 2 8 6 3 4 
20180913159 9 3 5 4 2 6 8 10 1 7 
20180913160 8 10 3 4 5 9 1 6 7 2 
20180913161 1 4 3 6 9 10 8 7 5 2 
20180913162 8 7 5 10 2 4 1 9 3 6 
20180913163 9 2 6 10 3 8 7 4 1 5 
20180913164 5 3 6 8 7 9 4 10 2 1 
20180913165 10 8 7 3 6 9 1 5 4 2 
20180913166 3 5 1 4 2 8 9 10 6 7 
20180913167 9 4 5 1 7 2 10 3 8 6 
20180913168 1 6 9 5 4 7 10 8 3 2 
20180913169 7 3 9 6 10 2 4 8 1 5 
20180913170 2 5 7 10 1 9 3 4 8 6 
20180913171 9 8 6 2 3 5 4 1 10 7 
20180913172 8 5 4 9 6 2 10 3 7 1 
20180913173 3 9 1 6 8 7 10 5 4 2 
20180913174 4 3 7 1 6 2 9 10 8 5 
20180913175 8 1 9 2 7 10 5 4 3 6 
20180913176 9 10 3 5 4 7 1 2 6 8 
20180913177 9 1 6 8 5 2 4 10 3 7 
20180913178 6 8 4 2 5 1 10 7 3 9 
20180913179 3 1 4 7 6 5 2 9 10 8 
20180913180 6 2 3 7 9 10 5 1 8 4 
20180913181 2 9 8 5 3 4 10 7 1 6 
20180913182 4 6 5 10 8 2 3 7 9 1 
20180913183 5 8 10 2 9 6 4 3 7 1 
20180913184 5 7 9 6 2 4 8 10 3 1 
20180913185 7 9 6 10 5 3 8 1 4 2 
20180913186 7 3 9 4 2 6 10 1 8 5 
20180913187 9 3 4 5 6 1 7 2 8 10 
20180913188 7 8 5 4 2 1 9 6 3 10 
20180913189 8 9 1 4 10 5 3 2 6 7 
20180913190 10 7 6 2 9 3 1 5 4 8 
20180913191 4 9 2 10 8 5 6 3 1 7 
20180913192 2 6 3 4 10 8 9 7 5 1 
20180913193 8 4 5 10 9 2 6 1 7 3 
20180913194 10 7 6 8 4 5 2 3 9 1 
20180913195 3 1 9 6 7 2 5 4 8 10 
20180913196 10 3 8 9 7 2 5 6 4 1 
20180913197 10 1 3 6 2 8 5 7 4 9 
20180913198 4 10 6 7 8 5 3 1 2 9 
20180913199 9 10 8 3 5 2 7 6 4 1 
20180913200 2 4 5 10 9 3 6 8 7 1 
20180913201 3 4 9 2 7 8 1 10 5 6 
20180913202 8 1 2 6 3 7 4 9 5 10 
20180913203 4 5 9 7 10 1 6 8 2 3 
20180913204 7 6 8 9 10 4 2 3 1 5 
20180913205 8 2 6 10 9 3 5 7 1 4 
20180913206 2 3 9 5 6 1 10 7 8 4 
20180913207 8 3 10 5 7 2 4 9 1 6 
20180913208 6 10 4 8 5 1 2 3 9 7 
20180913209 1 8 5 3 2 7 4 9 6 10 
20180913210 9 6 3 4 7 5 8 1 10 2 
20180913211 9 8 2 5 4 1 7 6 10 3 
20180913212 9 3 10 2 8 5 1 4 6 7 
20180913213 3 7 6 5 9 8 10 1 4 2 
20180913214 3 1 4 8 9 7 6 10 5 2 
20180913215 10 8 4 7 1 3 5 6 2 9 
20180913216 8 2 5 10 3 6 9 4 7 1 
20180913217 6 8 2 5 7 1 9 3 4 10 
20180913218 5 7 8 4 9 10 1 6 2 3 
20180913219 7 3 4 9 6 10 2 5 1 8 
20180913220 10 8 4 5 9 3 7 1 6 2 
20180913221 4 9 2 7 5 3 10 6 1 8 
20180913222 2 8 6 5 3 4 9 10 7 1 
20180913223 1 7 4 6 3 8 10 9 5 2 
20180913224 6 9 5 7 10 1 2 3 8 4 
20180913225 2 3 6 4 9 1 5 7 8 10 
20180913226 8 3 10 4 9 2 1 5 7 6 
20180913227 9 6 3 2 10 7 4 8 1 5 
20180913228 1 8 5 7 10 2 6 4 9 3 
20180913229 10 9 8 3 6 1 2 5 4 7 
20180913230 1 4 7 5 10 3 2 8 6 9 
20180913231 7 6 1 5 2 4 9 10 8 3 
20180913232 2 4 1 7 3 6 5 10 8 9 
20180913233 3 8 9 6 1 2 7 10 5 4 
20180913234 10 2 1 3 6 8 5 9 7 4 
20180913235 2 1 5 7 9 8 6 3 10 4 
20180913236 6 10 9 1 2 5 3 8 7 4 
20180913237 4 2 5 7 10 6 3 1 8 9 
20180913238 5 6 3 2 1 10 8 4 9 7 
20180913239 8 4 2 9 1 7 5 6 10 3 
20180913240 8 2 1 6 10 9 7 5 4 3 
20180913241 1 8 5 4 3 10 2 9 7 6 
20180913242 4 5 2 7 6 9 8 10 1 3 
20180913243 4 5 7 9 8 1 10 2 6 3 
20180913244 7 5 6 2 1 4 10 9 3 8 
20180913245 3 6 9 1 5 8 4 10 2 7 
20180913246 8 6 4 3 10 7 9 2 1 5 
20180913247 4 8 10 6 5 2 9 3 1 7 
20180913248 7 1 10 9 8 3 6 2 5 4 
20180913249 2 1 9 3 7 4 6 10 8 5 
20180913250 4 9 2 8 10 6 1 7 3 5 
20180913251 1 9 3 8 7 4 2 6 10 5 
20180913252 1 7 9 4 10 6 3 5 2 8 
20180913253 5 10 1 3 7 9 6 2 4 8 
20180913254 8 2 4 9 3 10 1 7 5 6 
20180913255 10 6 4 2 9 7 8 5 3 1 
20180913256 6 10 7 9 4 1 3 5 2 8 
20180913257 1 10 3 9 8 5 4 6 2 7 
20180913258 4 1 5 7 10 6 3 8 2 9 
20180913259 2 1 5 3 4 10 6 9 8 7 
20180913260 9 3 4 5 1 2 6 10 7 8 
20180913261 7 8 5 10 1 6 9 2 3 4 
20180913262 1 7 2 8 4 10 6 3 9 5 
20180913263 8 2 9 7 6 4 1 10 3 5 
20180913264 1 2 9 5 3 7 4 8 10 6 
20180913265 4 9 10 3 7 2 6 1 8 5 
20180913266 8 7 1 5 6 2 3 10 9 4 
20180913267 10 7 4 1 2 8 5 3 9 6 
20180913268 4 7 3 8 2 5 6 1 10 9 
20180913269 4 8 5 9 7 10 6 3 1 2 
20180913270 7 6 10 8 5 3 2 1 4 9 
20180913271 9 4 7 5 10 2 1 8 3 6 
20180913272 2 1 4 7 6 5 8 3 9 10 
20180913273 2 5 4 1 10 7 3 9 6 8 
20180913274 8 1 4 2 9 7 3 5 10 6 
20180913275 4 10 8 5 3 6 7 9 1 2 
20180913276 8 1 6 3 7 4 2 5 9 10 
20180913277 4 3 5 8 7 10 1 9 2 6 
20180913278 6 7 3 8 2 10 9 1 4 5 
20180913279 4 2 10 5 9 6 1 8 7 3 
20180913280 9 3 2 10 7 4 8 5 1 6 
20180913281 10 9 1 8 5 4 3 6 7 2 
20180913282 10 2 3 7 9 5 6 1 4 8 
20180913283 3 2 8 4 1 5 6 10 9 7 
20180913284 8 6 10 7 1 5 3 2 9 4 
20180913285 4 2 5 1 8 3 10 7 9 6 
20180913286 7 3 4 5 9 2 8 10 1 6 
20180913287 2 5 3 8 6 4 10 1 7 9 
20180913288 6 9 10 5 3 4 8 7 2 1 
20180913289 3 7 4 2 8 5 10 9 6 1 
20180913290 3 1 7 10 5 8 9 2 4 6 
20180913291 4 1 2 8 9 7 6 3 5 10 
20180913292 6 10 3 4 2 7 9 8 1 5 
20180913293 5 4 1 6 9 3 7 10 8 2 
20180913294 2 6 3 7 4 8 10 9 1 5 
20180913295 6 3 5 4 8 1 2 10 9 7 
20180913296 5 8 2 7 10 9 6 4 3 1 
20180913297 10 8 3 7 9 4 6 5 1 2 
20180913298 1 8 6 10 4 9 7 2 5 3 
20180913299 6 1 9 10 4 2 3 5 8 7 
20180913300 3 9 5 8 10 6 2 4 1 7 
20180913301 10 9 2 5 1 3 7 6 8 4 
20180913302 10 9 3 8 7 2 1 6 5 4 
20180913303 3 10 8 5 6 2 4 7 1 9 
20180913304 6 5 3 8 7 4 9 2 1 10 
20180913305 1 9 8 2 4 5 3 10 6 7 
20180913306 8 6 7 1 10 4 9 2 5 3 
20180913307 3 6 9 8 1 2 5 10 4 7 
20180913308 7 2 3 1 8 6 5 4 10 9 
20180913309 3 7 1 2 8 10 6 9 5 4 
20180913310 5 3 10 8 2 6 7 4 9 1 
20180913311 9 4 3 1 10 6 5 8 2 7 
20180913312 8 9 3 7 10 6 2 5 1 4 
20180913313 7 10 3 8 4 6 1 9 2 5 
20180913314 7 4 1 8 10 3 6 5 9 2 
20180913315 7 8 2 1 10 5 9 3 6 4 
20180913316 8 3 10 4 7 9 1 2 6 5 
20180913317 10 8 1 2 6 7 3 9 4 5 
20180913318 1 2 4 8 9 10 6 7 3 5 
20180913319 6 3 8 5 2 9 7 4 1 10 
20180913320 10 3 6 4 9 8 7 5 2 1 
20180913321 9 8 3 1 7 10 5 6 4 2 
20180913322 6 2 5 7 8 9 4 1 3 10 
20180913323 2 1 4 5 8 9 3 7 6 10 
20180913324 9 6 2 7 1 5 4 3 10 8 
20180913325 10 6 1 8 5 9 4 2 3 7 
20180913326 7 9 10 3 6 2 8 1 5 4 
20180913327 10 7 1 8 2 4 9 3 6 5 
20180913328 1 2 10 9 8 6 7 3 4 5 
20180913329 1 6 8 9 7 5 3 4 2 10 
20180913330 9 2 6 3 7 5 8 4 10 1 
20180913331 4 8 6 1 7 5 10 9 2 3 
20180913332 6 1 3 10 2 9 8 4 7 5 
20180913333 8 3 6 7 10 5 9 1 4 2 
20180913334 8 5 6 10 3 9 1 2 7 4 
20180913335 5 8 6 4 3 9 1 2 10 7 
20180913336 9 2 6 8 3 10 7 1 5 4 
20180913337 10 3 9 4 8 2 1 5 6 7 
20180913338 9 5 8 10 6 4 1 7 2 3 
20180913339 9 3 10 7 6 2 1 5 4 8 
20180913340 2 9 6 4 7 8 1 5 10 3 
20180913341 4 1 9 7 10 8 6 3 2 5 
20180913342 2 4 1 7 5 10 6 9 3 8 
20180913343 1 4 10 6 5 8 3 7 9 2 
20180913344 2 10 9 5 8 3 4 6 1 7 
20180913345 9 7 1 6 2 5 3 4 8 10 
20180913346 10 2 6 9 1 5 7 8 4 3 
20180913347 10 8 7 2 1 9 6 5 3 4 
20180913348 10 4 9 1 8 6 5 3 7 2 
20180913349 4 6 8 9 7 10 5 3 1 2 
20180913350 9 8 10 6 3 4 1 5 7 2 
20180913351 2 5 1 10 8 4 9 6 3 7 
20180913352 6 2 10 3 1 9 8 5 4 7 
20180913353 8 4 1 5 9 2 3 10 7 6 
20180913354 8 6 2 9 10 1 5 3 4 7 
20180913355 10 1 5 2 7 6 8 9 4 3 
20180913356 2 9 1 6 4 7 8 10 5 3 
20180913357 8 7 10 4 5 9 6 2 3 1 
20180913358 3 9 5 6 4 7 10 1 8 2 
20180913359 3 4 8 10 7 5 2 9 1 6 
20180913360 7 9 8 5 4 10 3 6 1 2 
20180913361 3 7 1 6 4 2 10 9 8 5 
20180913362 2 6 5 10 3 8 1 4 7 9 
20180913363 9 2 10 5 8 6 1 7 3 4 
20180913364 4 7 6 9 5 10 3 1 8 2 
20180913365 2 5 9 10 7 3 1 6 4 8 
20180913366 3 7 5 4 6 1 10 9 2 8 
20180913367 1 4 3 5 10 7 2 9 6 8 
20180913368 1 3 4 2 9 5 6 7 10 8 
20180913369 4 10 3 6 1 2 9 7 5 8 
20180913370 9 1 4 7 5 6 2 10 3 8 
20180913371 4 3 8 7 9 5 1 6 10 2 
20180913372 4 3 1 2 7 10 9 6 8 5 
20180913373 6 5 1 4 7 10 2 3 9 8 
20180913374 7 2 3 4 1 10 9 8 5 6 
20180913375 6 7 1 5 10 9 8 3 4 2 
20180913376 2 9 6 4 7 3 10 5 1 8 
20180913377 5 2 1 3 10 9 8 4 7 6 
20180913378 5 7 8 9 3 10 4 1 2 6 
20180913379 2 1 4 10 7 3 8 5 6 9 
20180913380 6 9 5 7 4 10 2 1 8 3 
20180913381 10 6 2 3 9 4 8 1 5 7 
20180913382 8 6 2 5 9 10 7 1 3 4 
20180913383 7 2 6 4 10 5 1 9 3 8 
20180913384 1 9 6 2 7 3 4 8 10 5 
20180913385 6 3 5 7 4 9 8 2 1 10 
20180913386 4 5 10 2 1 3 8 9 6 7 
20180913387 1 5 8 3 2 9 10 4 6 7 
20180913388 2 9 6 8 4 5 10 7 3 1 
20180913389 5 8 10 7 3 4 9 1 2 6 
20180913390 6 9 10 2 8 7 4 1 3 5 
20180913391 3 6 8 4 7 9 10 2 1 5 
20180913392 2 4 10 5 9 6 1 3 7 8 
20180913393 3 7 9 1 4 6 8 10 5 2 
20180913394 2 9 10 1 5 6 7 4 3 8 
20180913395 2 5 6 1 9 10 4 8 7 3 
20180913396 10 8 3 7 6 4 1 2 9 5 
20180913397 8 2 5 7 4 1 10 3 9 6 
20180913398 10 9 4 7 8 2 1 6 3 5 
20180913399 1 4 3 5 9 2 7 10 6 8 
20180913400 10 5 3 8 7 4 2 6 1 9 
20180913401 3 9 6 1 5 2 7 8 4 10 
20180913402 9 4 7 8 10 6 5 2 3 1 
20180913403 2 8 1 5 3 6 7 4 10 9 
20180913404 7 10 9 1 2 3 5 4 6 8 
20180913405 1 3 7 4 9 2 10 5 8 6 
20180913406 8 4 5 7 10 1 2 6 9 3 
20180913407 3 4 5 9 6 10 8 1 7 2 
20180913408 9 10 2 6 8 5 7 4 3 1 
20180913409 10 3 7 9 2 5 1 6 4 8 
20180913410 5 2 3 9 10 4 7 6 1 8 
20180913411 3 5 4 6 10 2 9 1 7 8 
20180913412 9 4 2 1 6 7 8 10 5 3 
20180913413 4 3 7 10 1 6 2 5 9 8 
20180913414 8 2 10 9 7 6 4 3 1 5 
20180913415 4 10 6 9 1 5 8 7 2 3 
20180913416 10 3 9 5 2 6 8 1 4 7 
20180913417 7 5 6 10 4 1 8 2 3 9 
20180913418 7 6 8 9 3 5 4 10 1 2 
20180913419 7 1 6 10 4 8 3 2 5 9 
20180913420 10 8 5 2 9 4 1 7 6 3 
20180913421 2 6 1 8 7 5 3 9 10 4 
20180913422 6 4 1 10 9 7 2 5 3 8 
20180913423 2 5 10 7 1 8 4 3 6 9 
20180913424 5 2 9 10 4 1 6 3 8 7 
20180913425 6 8 10 3 2 4 5 7 9 1 
20180913426 3 10 8 1 2 9 5 4 7 6 
20180913427 6 4 1 9 5 10 7 3 8 2 
20180913428 9 4 8 10 1 7 5 3 2 6 
20180913429 3 8 4 2 10 9 7 5 6 1 
20180913430 5 9 4 10 1 3 2 6 8 7 
20180913431 2 7 9 4 8 1 10 6 3 5 
20180913432 10 4 1 2 7 8 9 5 6 3 
20180913433 8 7 1 6 5 9 4 10 2 3 
20180913434 4 10 5 8 3 2 1 6 7 9 
20180913435 2 3 7 10 8 4 1 6 9 5 
20180913436 10 6 3 8 2 1 5 9 7 4 
20180913437 4 5 7 9 1 2 6 8 3 10 
20180913438 8 4 10 9 6 2 7 5 3 1 
20180913439 7 9 10 4 5 8 2 3 6 1 
20180913440 7 9 8 6 4 1 5 2 3 10 
20180913441 3 6 10 4 8 5 2 1 9 7 
20180913442 10 9 2 6 5 3 8 4 7 1 
20180913443 4 7 10 2 8 6 9 5 1 3 
20180913444 10 2 9 5 6 7 1 8 3 4 
20180913445 10 2 8 5 4 1 3 6 7 9 
20180913446 8 10 9 7 6 3 1 4 2 5 
20180913447 8 5 4 7 1 6 3 9 2 10 
20180913448 5 2 6 3 10 1 9 4 8 7 
20180913449 7 4 3 6 10 1 8 5 9 2 
20180913450 3 1 4 6 2 8 10 7 9 5 
20180913451 9 3 2 5 1 8 7 10 6 4 
20180913452 2 6 10 1 3 8 7 4 9 5 
20180913453 10 5 6 3 9 7 1 4 2 8 
20180913454 8 10 2 7 3 4 9 5 6 1 
20180913455 4 6 1 7 9 5 10 3 8 2 
20180913456 9 4 5 10 7 3 2 1 8 6 
20180913457 1 3 4 2 10 6 8 9 5 7 
20180913458 2 5 10 1 6 7 9 4 3 8 
20180913459 4 10 9 5 6 8 2 1 7 3 
20180913460 7 2 6 3 9 8 1 5 4 10 
20180913461 2 8 6 7 3 1 9 4 10 5 
20180913462 3 8 9 7 1 10 4 6 2 5 
20180913463 4 10 1 2 6 3 8 5 7 9 
20180913464 7 10 9 3 2 8 1 4 5 6 
20180913465 7 1 4 10 5 2 6 8 3 9 
20180913466 8 3 1 9 5 10 7 4 6 2 
20180913467 6 10 3 4 8 9 7 5 1 2 
20180913468 8 3 6 2 5 10 4 7 9 1 
20180913469 2 9 5 8 7 3 1 4 10 6 
20180913470 9 1 7 8 4 6 10 2 5 3 
20180913471 7 9 3 8 10 4 1 2 5 6 
20180913472 2 3 1 9 5 7 4 6 10 8 
20180913473 7 2 6 9 8 1 4 5 3 10 
20180913474 10 9 7 5 6 1 3 8 4 2 
20180913475 2 3 9 4 1 7 8 6 10 5 
20180913476 2 7 10 1 4 9 5 8 6 3 
20180913477 3 8 4 2 6 10 9 5 7 1 
20180913478 1 10 4 7 8 9 3 2 6 5 
20180913479 5 2 10 9 8 1 6 4 7 3 
20180913480 8 4 7 3 10 6 2 5 1 9 
20180913481 6 2 10 7 9 5 4 3 8 1 
20180913482 8 4 2 9 1 5 7 3 6 10 
20180913483 9 10 2 3 4 5 8 6 1 7 
20180913484 9 7 8 4 10 2 6 3 5 1 
20180913485 9 1 10 2 5 6 8 7 3 4 
20180913486 4 5 3 2 8 10 7 1 9 6 
20180913487 4 2 6 10 7 1 3 9 8 5 
20180913488 5 6 2 8 10 7 1 3 9 4 
20180913489 8 6 9 3 4 10 1 2 5 7 
20180913490 5 2 6 10 7 9 8 3 1 4 
20180913491 5 6 10 7 4 9 3 1 2 8 
20180913492 10 9 4 7 3 8 6 1 2 5 
20180913493 7 8 5 3 1 2 10 9 6 4 
20180913494 5 9 10 4 1 3 7 6 2 8 
20180913495 1 2 9 6 5 3 4 7 10 8 
20180913496 2 9 1 3 8 5 10 4 6 7 
20180913497 5 8 2 1 4 10 9 3 7 6 
20180913498 10 7 4 6 1 8 9 2 5 3 
20180913499 10 8 2 3 4 5 7 9 6 1 
20180913500 3 4 9 10 6 7 8 2 5 1 
20180913501 1 5 8 6 2 4 3 10 9 7 
20180913502 2 4 3 5 7 9 10 8 1 6 
20180913503 5 6 10 4 7 3 9 8 2 1 
20180913504 8 10 1 9 5 4 7 3 2 6 
20180913505 5 10 7 2 8 1 3 9 6 4 
20180913506 7 3 5 4 6 2 10 8 1 9 
20180913507 4 3 9 5 8 10 1 2 7 6 
20180913508 8 3 5 4 9 10 6 1 2 7 
20180913509 2 10 7 6 4 3 1 5 8 9 
20180913510 2 7 3 9 5 8 4 1 10 6 
20180913511 9 7 8 5 1 4 10 3 2 6 
20180913512 4 2 5 7 3 8 1 10 9 6 
20180913513 9 8 2 3 7 5 1 4 10 6 
20180913514 7 2 6 8 4 10 3 5 9 1 
20180913515 2 9 7 3 5 10 8 6 4 1 
20180913516 5 7 9 1 2 8 10 4 6 3 
20180913517 5 7 2 1 3 9 10 8 4 6 
20180913518 5 7 4 3 1 6 8 9 2 10 
20180913519 2 7 3 1 5 9 6 8 10 4 
20180913520 2 9 1 6 8 7 5 3 4 10 
20180913521 7 6 1 9 5 3 8 4 10 2 
20180913522 4 3 1 7 10 5 9 8 6 2 
20180913523 1 4 6 7 9 2 5 10 3 8 
20180913524 7 2 4 1 5 6 9 3 10 8 
20180913525 7 5 3 6 10 9 4 1 8 2 
20180913526 1 7 5 9 2 4 8 10 6 3 
20180913527 6 2 1 3 4 10 8 5 7 9 
20180913528 5 4 10 8 7 1 9 3 6 2 
20180913529 8 10 3 2 4 9 5 7 1 6 
20180913530 6 8 7 3 4 5 9 1 2 10 
20180913531 9 1 7 8 3 2 4 5 10 6 
20180913532 2 3 7 10 5 6 8 9 4 1 
20180913533 2 9 7 8 10 6 1 3 5 4 
20180913534 1 8 10 2 4 6 7 9 3 5 
20180913535 2 10 7 4 1 3 5 9 8 6 
20180913536 4 3 1 10 7 2 8 5 6 9 
20180913537 7 1 5 3 8 4 6 10 9 2 
20180913538 6 2 9 1 10 7 8 5 3 4 
20180913539 7 5 3 2 1 9 4 6 10 8 
20180913540 1 4 3 7 9 2 6 8 5 10 
20180913541 7 3 4 1 2 8 6 10 5 9 
20180913542 7 3 2 5 8 4 6 1 9 10 
20180913543 6 3 8 9 4 10 5 2 7 1 
20180913544 1 5 7 2 4 10 6 9 3 8 
20180913545 9 4 8 1 3 5 7 10 2 6 
20180913546 10 1 6 4 2 3 8 7 9 5 
20180913547 10 8 9 5 1 3 2 6 7 4 
20180913548 5 4 3 2 1 8 9 7 6 10 
20180913549 2 3 9 7 1 10 6 4 8 5 
20180913550 6 10 4 9 3 7 2 8 5 1 
20180913551 1 5 3 2 8 7 9 4 6 10 
20180913552 5 4 9 6 3 8 10 1 7 2 
20180913553 4 10 3 2 9 6 7 5 8 1 
20180913554 8 2 9 7 5 3 6 10 4 1 
20180913555 2 4 1 9 5 6 10 8 3 7 
20180913556 3 8 10 2 9 6 5 1 4 7 
20180913557 4 5 3 1 10 8 9 2 7 6 
20180913558 6 3 5 7 1 8 4 2 9 10 
20180913559 9 8 1 6 5 4 3 7 2 10 
20180913560 4 5 2 6 1 9 10 3 8 7 
20180913561 3 7 1 10 9 5 6 2 8 4 
20180913562 8 5 2 10 3 9 4 6 7 1 
20180913563 6 4 7 5 10 2 1 9 8 3 
20180913564 9 1 7 2 4 5 3 10 6 8 
20180913565 2 3 9 10 1 7 8 5 4 6 
20180913566 9 1 2 6 4 8 7 5 3 10 
20180913567 2 8 4 5 6 9 10 1 3 7 
20180913568 1 5 8 3 10 9 4 7 6 2 
20180913569 5 6 9 10 7 8 1 2 3 4 
20180913570 4 3 1 6 9 10 8 2 5 7 
20180913571 1 2 5 10 9 6 4 7 8 3 
20180913572 4 6 9 2 5 7 10 8 3 1 
20180913573 8 10 3 5 2 7 9 4 6 1 
20180913574 6 10 2 1 5 3 9 4 8 7 
20180913575 5 4 6 2 7 1 3 9 8 10 
20180913576 4 6 7 1 9 3 10 8 5 2 
20180913577 7 2 9 5 4 6 8 3 10 1 
20180913578 8 2 5 10 6 3 9 1 7 4 
20180913579 3 1 4 8 9 10 5 2 7 6 
20180913580 7 10 4 9 8 3 2 6 1 5 
20180913581 9 1 8 2 10 5 6 4 7 3 
20180913582 4 7 8 6 2 9 10 3 5 1 
20180913583 10 1 5 2 4 7 6 3 9 8 
20180913584 1 3 2 4 7 8 10 6 9 5 
20180913585 8 3 6 1 5 7 10 2 4 9 
20180913586 3 6 10 9 1 8 4 7 2 5 
20180913587 9 10 2 1 3 6 8 4 5 7 
20180913588 8 3 5 9 1 6 4 7 10 2 
20180913589 6 7 9 2 8 4 1 3 5 10 
20180913590 6 7 2 4 5 1 8 9 10 3 
20180913591 3 4 8 2 10 6 1 5 9 7 
20180913592 7 6 2 3 4 1 10 8 5 9 
20180913593 8 7 4 5 9 1 2 3 10 6 
20180913594 2 3 7 1 10 9 6 4 8 5 
20180913595 3 1 10 9 7 2 5 4 8 6 
20180913596 10 6 7 9 1 8 5 3 2 4 
20180913597 4 1 5 7 10 3 8 9 6 2 
20180913598 4 1 3 9 2 8 10 6 7 5 
20180913599 5 7 4 1 6 2 3 10 9 8 
20180913600 2 5 7 1 3 9 6 10 8 4 
20180913601 8 6 4 7 2 5 1 3 10 9 
20180913602 2 10 7 4 9 8 5 6 1 3 
20180913603 1 8 3 4 6 5 10 2 7 9 
20180913604 6 4 3 5 10 2 8 1 9 7 
20180913605 2 7 6 10 1 4 3 8 5 9 
20180913606 3 10 1 2 7 4 5 6 8 9 
20180913607 10 4 3 6 2 8 9 5 7 1 
20180913608 5 8 1 3 7 2 9 6 10 4 
20180913609 7 4 9 3 2 8 1 6 10 5 
20180913610 7 1 9 2 3 6 8 5 10 4 
20180913611 3 5 6 9 1 4 8 10 2 7 
20180913612 8 3 4 7 2 1 6 10 5 9 
20180913613 5 10 2 4 6 8 7 3 9 1 
20180913614 2 4 6 5 7 1 8 9 3 10 
20180913615 6 5 8 10 4 1 2 7 9 3 
20180913616 10 3 4 1 6 2 9 7 8 5 
20180913617 7 1 2 9 3 4 10 8 6 5 
20180913618 5 7 6 3 2 8 10 9 1 4 
20180913619 6 9 2 3 5 8 7 10 4 1 
20180913620 10 4 8 6 3 9 2 5 7 1 
20180913621 3 5 8 9 2 10 7 6 1 4 
20180913622 9 10 5 6 7 3 2 1 4 8 
20180913623 7 9 4 1 8 3 10 6 2 5 
20180913624 10 1 9 3 7 5 6 4 2 8 
20180913625 4 1 2 7 8 5 9 6 3 10 
20180913626 8 2 10 5 4 3 9 1 7 6 
20180913627 9 6 1 2 8 5 4 7 3 10 
20180913628 8 5 2 4 7 9 1 6 10 3 
20180913629 1 10 9 6 3 5 2 4 7 8 
20180913630 4 5 3 8 10 6 2 1 7 9 
20180913631 2 6 9 3 7 5 4 10 1 8 
20180913632 1 9 5 10 2 4 3 6 8 7 
20180913633 5 10 9 3 4 2 8 7 1 6 
20180913634 2 5 8 3 9 7 1 10 6 4 
20180913635 3 2 6 10 7 8 5 1 4 9 
20180913636 4 6 3 7 1 8 5 9 10 2 
20180913637 7 3 5 2 4 8 10 6 1 9 
20180913638 3 4 2 1 6 10 9 8 7 5 
20180913639 8 6 5 1 7 2 9 3 10 4 
20180913640 2 1 6 5 8 9 3 4 7 10 
20180913641 2 7 8 6 3 9 4 10 5 1 
20180913642 4 5 2 9 6 1 7 3 8 10 
20180913643 3 1 2 4 7 10 9 5 6 8 
20180913644 10 3 4 5 7 2 9 6 1 8 
20180913645 1 10 6 8 5 2 4 9 3 7 
20180913646 8 7 3 9 4 1 2 5 10 6 
20180913647 7 3 10 6 8 2 1 9 5 4 
20180913648 5 8 7 1 3 2 4 10 6 9 
20180913649 7 1 9 10 8 6 4 2 3 5 
20180913650 9 4 6 8 10 5 3 2 1 7 
20180913651 10 3 7 9 6 4 2 8 5 1 
20180913652 2 10 5 8 7 1 9 6 4 3 
20180913653 7 8 3 4 10 9 5 2 6 1 
20180913654 3 7 5 10 6 2 1 8 4 9 
20180913655 3 10 6 1 7 4 8 2 9 5 
20180913656 6 7 4 10 3 2 5 8 9 1 
20180913657 9 4 6 2 1 3 8 10 5 7 
20180913658 10 4 5 7 2 3 8 9 6 1 
20180913659 6 10 4 2 7 8 1 5 3 9 
20180913660 2 1 7 9 3 6 5 10 8 4 
20180913661 2 8 7 3 6 10 5 9 4 1 
20180913662 3 9 8 7 2 6 1 10 5 4 
20180913663 10 8 1 4 3 9 7 2 5 6 
20180913664 2 10 1 3 5 6 7 8 4 9 
20180913665 10 4 1 3 8 9 2 7 5 6 
20180913666 4 8 1 9 3 6 5 7 2 10 
20180913667 3 5 2 1 10 7 4 8 6 9 
20180913668 8 3 10 4 5 1 2 7 9 6 
20180913669 1 4 5 2 6 8 3 9 10 7 
20180913670 3 6 9 7 4 2 8 10 5 1 
20180913671 10 9 2 1 7 5 3 6 4 8 
20180913672 2 1 3 4 8 9 10 6 5 7 
20180913673 10 9 7 8 5 4 3 1 2 6 
20180913674 10 9 8 3 2 5 1 4 6 7 
20180913675 8 6 1 10 3 4 2 5 7 9 
20180913676 8 6 10 3 1 7 5 9 2 4 
20180913677 3 4 2 7 10 8 9 5 1 6 
20180913678 3 7 2 1 6 4 5 9 10 8 
20180913679 4 5 6 10 1 3 9 8 7 2 
20180913680 5 1 6 9 10 7 4 2 3 8 
20180913681 8 6 2 4 10 1 5 9 7 3 
20180913682 7 4 9 1 5 6 8 10 2 3 
20180913683 7 1 10 5 2 3 4 6 8 9 
20180913684 1 2 7 10 8 3 4 6 5 9 
20180913685 8 1 5 9 6 10 2 7 3 4 
20180913686 1 5 9 2 8 10 3 6 4 7 
20180913687 6 2 7 4 9 10 3 1 5 8 
20180913688 10 2 8 3 6 5 9 1 4 7 
20180913689 1 10 9 3 6 5 4 8 2 7 
20180913690 4 7 1 5 3 9 6 10 2 8 
20180913691 9 2 6 7 10 8 1 3 5 4 
20180913692 8 1 10 4 2 3 9 5 6 7 
20180913693 10 6 5 3 7 9 4 8 1 2 
20180913694 9 10 1 2 4 3 5 8 7 6 
20180913695 3 4 8 5 9 6 2 7 1 10 
20180913696 3 4 9 1 8 10 6 7 2 5 
20180913697 5 8 3 7 9 10 1 4 2 6 
20180913698 2 7 10 3 8 4 5 9 6 1 
20180913699 8 4 9 5 1 6 2 10 3 7 
20180913700 6 4 3 8 9 1 7 2 5 10 
20180913701 6 4 7 5 8 2 9 1 10 3 
20180913702 2 5 1 10 4 7 6 3 8 9 
20180913703 4 7 5 8 9 6 3 1 2 10 
20180913704 4 3 2 10 6 7 1 8 9 5 
20180913705 6 7 8 4 10 2 9 5 1 3 
20180913706 9 3 4 8 2 7 5 1 6 10 
20180913707 3 5 9 10 2 4 7 8 1 6 
20180913708 5 4 7 9 6 2 8 1 10 3 
20180913709 10 1 5 3 7 2 8 6 9 4 
20180913710 1 8 5 3 6 2 7 4 9 10 
20180913711 10 4 6 2 8 1 9 5 7 3 
20180913712 9 7 8 3 1 6 2 5 10 4 
20180913713 1 3 10 4 6 7 9 2 8 5 
20180913714 10 1 7 8 6 3 9 4 5 2 
20180913715 6 5 4 9 7 8 1 3 2 10 
20180913716 4 6 8 9 10 7 2 1 5 3 
20180913717 10 1 3 8 6 5 7 4 9 2 
20180913718 2 6 8 4 10 7 9 3 5 1 
20180913719 10 2 9 5 6 8 7 1 4 3 
20180913720 4 3 5 9 6 8 1 7 2 10 
20180913721 1 5 7 9 8 10 4 2 3 6 
20180913722 4 8 9 7 6 1 3 2 10 5 
20180913723 8 1 6 2 4 10 9 5 7 3 
20180913724 9 1 7 4 10 3 2 6 8 5 
20180913725 5 4 7 6 3 1 8 10 2 9 
20180913726 7 6 10 3 1 5 2 4 9 8 
20180913727 8 7 6 3 2 9 5 10 4 1 
20180913728 7 9 5 1 6 2 3 8 4 10 
20180913729 3 4 6 9 5 7 2 8 1 10 
20180913730 7 10 2 9 8 1 6 3 4 5 
20180913731 10 5 8 7 4 3 9 6 2 1 
20180913732 5 3 1 2 10 6 9 8 4 7 
20180913733 4 5 9 2 10 3 6 1 7 8 
20180913734 1 6 5 7 8 3 10 2 9 4 
20180913735 9 6 1 4 10 8 5 3 2 7 
20180913736 1 2 4 6 5 10 3 7 8 9 
20180913737 4 10 2 9 1 6 8 3 7 5 
20180913738 2 1 10 3 7 8 6 5 9 4 
20180913739 8 1 7 2 6 3 4 10 9 5 
20180913740 3 9 8 2 6 7 1 4 5 10 
20180913741 8 3 4 5 10 6 9 1 7 2 
20180913742 8 9 2 4 5 6 10 7 1 3 
20180913743 6 8 7 2 1 3 5 10 9 4 
20180913744 5 2 6 10 8 3 1 4 9 7 
20180913745 7 3 10 5 4 9 6 1 2 8 
20180913746 10 3 4 7 6 8 9 2 1 5 
20180913747 2 10 8 1 7 6 4 9 3 5 
20180913748 6 10 2 4 3 7 5 8 1 9 
20180913749 3 7 5 4 2 6 8 9 10 1 
20180913750 9 3 5 1 2 6 7 10 4 8 
20180913751 4 7 3 8 2 5 1 6 10 9 
20180913752 9 5 3 7 1 2 6 10 4 8 
20180913753 6 4 8 7 9 2 10 5 1 3 
20180913754 4 9 10 3 7 8 5 6 1 2 
20180913755 6 10 2 9 5 8 1 7 4 3 
20180913756 9 4 8 6 3 7 10 5 2 1 
20180913757 1 7 5 10 6 3 8 4 2 9 
20180913758 5 4 3 7 9 6 2 10 1 8 
20180913759 10 8 4 9 3 1 7 5 2 6 
20180913760 3 4 8 1 5 9 10 2 6 7 
20180913761 3 6 7 8 5 10 9 1 4 2 
20180913762 4 10 6 9 8 5 7 1 2 3 
20180913763 7 3 4 8 10 1 9 6 2 5 
20180913764 5 4 7 9 2 1 6 3 8 10 
20180913765 10 1 3 5 8 6 9 4 7 2 
20180913766 2 1 10 4 8 5 9 7 3 6 
20180913767 9 4 8 6 1 3 2 10 5 7 
20180913768 7 10 4 8 6 2 3 1 9 5 
20180913769 2 5 1 4 7 3 6 9 10 8 
20180913770 1 7 4 5 6 2 8 10 9 3 
20180913771 4 10 9 2 8 7 1 5 6 3 
20180913772 7 8 10 6 9 4 2 1 5 3 
20180913773 5 8 7 2 9 3 4 10 6 1 
20180913774 10 3 2 6 9 4 7 5 8 1 
20180913775 7 10 9 8 4 2 3 5 1 6 
20180913776 8 6 9 4 2 7 1 5 10 3 
20180913777 9 8 3 1 2 6 7 10 5 4 
20180913778 3 4 5 1 8 10 9 6 7 2 
20180913779 7 8 3 2 4 5 9 10 1 6 
20180913780 10 3 2 6 5 7 1 9 4 8 
20180913781 6 5 7 4 1 10 9 3 8 2 
20180913782 4 3 6 1 5 2 9 7 8 10 
20180913783 9 7 2 10 1 4 5 8 3 6 
20180913784 3 8 2 1 10 9 6 5 7 4 
20180913785 6 2 10 9 1 5 4 3 7 8 
20180913786 7 3 10 8 2 5 9 1 4 6 
20180913787 3 8 4 10 2 7 1 9 5 6 
20180913788 9 8 6 1 10 7 3 2 4 5 
20180913789 6 10 3 7 9 1 8 5 2 4 
20180913790 5 1 6 9 8 2 4 7 10 3 
20180913791 2 7 4 10 3 6 5 9 1 8 
20180913792 10 6 9 8 5 1 4 3 7 2 
20180913793 6 4 8 7 5 2 3 9 10 1 
20180913794 10 9 8 7 4 5 3 1 6 2 
20180913795 2 9 3 1 4 5 8 10 6 7 
20180913796 8 3 7 5 10 6 9 2 1 4 
20180913797 10 5 6 7 2 4 3 1 8 9 
20180913798 7 4 2 6 3 8 10 1 9 5 
20180913799 5 4 10 7 3 1 2 9 6 8 
20180913800 4 2 3 7 8 6 10 1 5 9 
20180913801 2 10 6 1 8 3 7 4 5 9 
20180913802 10 3 4 9 1 6 5 7 8 2 
20180913803 4 5 7 3 8 9 6 2 10 1 
20180913804 7 3 6 9 8 4 1 2 5 10 
20180913805 10 9 5 7 4 8 1 2 3 6 
20180913806 9 6 2 4 7 3 8 1 10 5 
20180913807 10 5 9 7 3 8 2 6 4 1 
20180913808 6 10 5 8 9 4 1 7 2 3 
20180913809 8 2 10 6 3 7 9 4 1 5 
20180913810 9 5 4 6 3 1 10 2 7 8 
20180913811 2 4 9 7 8 5 6 10 1 3 
20180913812 4 2 8 7 9 10 5 1 3 6 
20180913813 7 10 4 9 1 6 2 5 3 8 
20180913814 3 6 10 1 5 4 9 2 7 8 
20180913815 1 3 10 5 8 2 9 6 7 4 
20180913816 7 3 6 1 8 2 9 10 5 4 
20180913817 2 4 5 7 1 10 9 3 6 8 
20180913818 5 4 6 1 9 10 3 7 8 2 
20180913819 5 4 6 2 8 1 7 3 9 10 
20180913820 7 8 3 1 4 2 6 10 9 5 
20180913821 2 9 6 3 5 7 1 10 4 8 
20180913822 2 1 10 4 8 3 9 6 7 5 
20180913823 1 9 10 5 3 2 8 7 4 6 
20180913824 7 1 3 9 5 10 6 4 2 8 
20180913825 6 1 5 4 3 8 7 2 9 10 
20180913826 1 8 10 2 5 4 9 3 7 6 
20180913827 4 9 2 1 5 6 7 8 3 10 
20180913828 1 4 9 3 2 10 5 7 6 8 
20180913829 6 1 2 8 10 5 3 9 4 7 
20180913830 7 2 1 3 10 4 8 5 9 6 
20180913831 6 3 10 2 7 9 8 4 5 1 
20180913832 7 10 2 4 6 1 9 8 3 5 
20180913833 1 2 9 10 5 4 7 3 8 6 
20180913834 7 1 4 6 9 5 3 10 2 8 
20180913835 1 6 7 10 3 5 4 2 9 8 
20180913836 4 6 8 5 10 3 9 7 1 2 
20180913837 5 1 10 2 8 3 9 6 4 7 
20180913838 9 8 4 2 5 1 3 6 10 7 
20180913839 8 5 6 9 1 7 3 4 2 10 
20180913840 2 6 9 10 1 4 8 3 7 5 
20180913841 1 9 6 5 10 7 2 3 4 8 
20180913842 6 8 1 2 5 4 3 9 10 7 
20180913843 4 9 5 8 1 10 3 6 2 7 
20180913844 6 1 8 4 10 3 9 7 2 5 
20180913845 9 1 7 3 5 6 10 2 4 8 
20180913846 1 10 9 6 3 4 2 5 7 8 
20180913847 4 8 5 9 10 3 7 6 1 2 
20180913848 3 4 8 2 9 1 6 7 10 5 
20180913849 5 7 1 6 2 8 4 3 10 9 
20180913850 2 10 4 7 5 1 3 9 8 6 
20180913851 1 5 7 2 10 8 6 4 3 9 
20180913852 6 1 10 3 5 7 9 2 8 4 
20180913853 8 9 2 1 4 7 10 5 6 3 
20180913854 2 6 7 3 8 9 4 5 1 10 
20180913855 9 8 1 3 6 2 10 4 7 5 
20180913856 9 5 6 2 10 3 7 8 1 4 
20180913857 3 9 5 7 2 4 1 6 8 10 
20180913858 7 1 4 8 3 9 2 5 10 6 
20180913859 10 8 2 7 1 3 6 9 4 5 
20180913860 7 4 8 3 5 9 6 1 10 2 
20180913861 10 6 2 5 3 4 8 7 9 1 
20180913862 5 3 1 10 4 8 9 2 6 7 
20180913863 1 10 2 9 5 4 8 6 7 3 
20180913864 1 3 7 9 10 5 2 8 4 6 
20180913865 2 8 6 1 10 4 5 3 9 7 
20180913866 1 10 2 8 5 6 4 3 9 7 
20180913867 2 3 6 8 4 5 9 10 1 7 
20180913868 5 8 3 6 4 10 2 1 7 9 
20180913869 9 1 8 7 10 2 4 6 3 5 
20180913870 2 9 4 5 1 8 6 10 3 7 
20180913871 10 6 2 1 3 9 7 8 5 4 
20180913872 6 8 10 7 4 3 1 2 9 5 
20180913873 9 10 2 4 7 5 6 8 3 1 
20180913874 8 1 2 9 10 4 6 7 3 5 
20180913875 8 7 2 10 6 1 3 4 5 9 
20180913876 6 9 7 5 2 10 4 3 8 1 
20180913877 6 3 4 9 2 7 5 8 1 10 
20180913878 3 6 5 7 4 2 8 1 10 9 
20180913879 6 1 9 2 3 10 8 4 5 7 
20180913880 2 4 6 7 8 1 10 3 5 9 
20180913881 3 7 2 4 1 6 10 8 5 9 
20180913882 1 2 10 6 9 5 4 3 7 8 
20180913883 9 5 2 1 8 6 3 4 10 7 
20180913884 2 10 3 7 4 1 5 8 6 9 
20180913885 2 4 7 8 5 3 10 6 1 9 
20180913886 3 5 9 10 4 7 2 1 6 8 
20180913887 9 2 4 8 3 6 1 10 7 5 
20180913888 3 4 2 8 5 10 7 1 9 6 
20180913889 7 2 4 1 3 10 5 8 6 9 
20180913890 1 10 3 7 8 5 2 9 4 6 
20180913891 4 10 2 9 7 8 5 3 1 6 
20180913892 3 2 5 10 7 9 1 8 6 4 
20180913893 2 9 3 5 1 10 7 4 8 6 
20180913894 6 7 5 10 2 3 1 8 9 4 
20180913895 1 10 2 8 9 5 6 4 3 7 
20180913896 1 2 8 5 6 9 3 7 4 10 
20180913897 8 3 1 2 4 10 5 7 9 6 
20180913898 1 2 4 9 7 6 3 5 10 8 
20180913899 10 3 7 5 8 1 9 4 6 2 
20180913900 6 7 1 3 8 5 10 2 9 4 
20180913901 7 8 2 9 6 5 4 3 1 10 
20180913902 3 9 2 6 10 1 5 4 7 8 
20180913903 3 8 1 2 4 9 7 6 10 5 
20180913904 3 7 5 2 1 8 6 10 9 4 
20180913905 7 1 9 3 6 4 10 8 5 2 
20180913906 2 8 3 6 10 5 1 4 9 7 
20180913907 4 5 8 1 6 10 2 3 7 9 
20180913908 7 9 5 2 3 10 6 8 1 4 
20180913909 7 5 4 1 10 9 2 6 8 3 
20180913910 2 5 9 8 1 6 10 7 4 3 
20180913911 5 2 10 7 8 4 3 1 6 9 
20180913912 5 8 9 6 3 7 4 1 2 10 
20180913913 8 5 9 2 7 4 6 3 10 1 
20180913914 7 9 6 4 10 5 8 3 1 2 
20180913915 8 5 10 4 7 1 9 3 2 6 
20180913916 2 7 5 3 1 9 6 8 4 10 
20180913917 6 2 8 5 3 7 1 4 9 10 
20180913918 3 2 1 6 9 8 7 5 10 4 
20180913919 3 1 5 10 6 4 7 9 8 2 
20180913920 2 5 4 3 1 10 7 8 9 6 
20180913921 4 1 3 2 5 7 8 6 9 10 
20180913922 9 4 5 10 1 3 6 7 8 2 
20180913923 5 6 4 8 2 10 7 1 9 3 
20180913924 9 10 2 5 7 3 6 8 4 1 
20180913925 5 3 10 7 4 8 9 2 6 1 
20180913926 4 9 5 1 2 10 3 8 6 7 
20180913927 5 9 6 4 7 2 8 10 1 3 
20180913928 7 9 4 8 6 2 1 10 5 3 
20180913929 7 6 4 2 9 3 1 10 5 8 
20180913930 10 4 2 5 8 6 9 3 7 1 
20180913931 6 8 2 1 9 5 7 10 4 3 
20180913932 3 10 6 8 1 9 7 2 5 4 
20180913933 7 2 6 9 5 8 4 10 1 3 
20180913934 8 10 1 9 2 3 4 6 5 7 
20180913935 3 9 8 2 1 6 5 7 4 10 
20180913936 6 7 1 3 2 10 9 8 4 5 
20180913937 1 8 5 10 3 7 6 4 9 2 
20180913938 2 9 8 1 6 7 5 4 10 3 
20180913939 8 7 9 10 4 2 3 6 1 5 
20180913940 2 3 4 6 5 8 9 10 1 7 
20180913941 9 6 7 2 10 5 4 8 1 3 
20180913942 3 8 6 2 10 7 4 1 5 9 
20180913943 8 9 5 4 3 7 2 1 10 6 
20180913944 1 2 7 4 3 8 5 9 10 6 
20180913945 8 6 3 7 2 1 4 5 10 9 
20180913946 6 9 5 2 10 3 8 1 7 4 
20180913947 10 6 9 1 8 3 2 5 4 7 
20180913948 6 9 3 1 4 7 2 10 8 5 
20180913949 3 10 4 7 8 5 9 1 2 6 
20180913950 8 4 1 3 5 2 9 7 10 6 
20180913951 7 9 10 1 6 2 4 5 8 3 
20180913952 6 4 9 2 5 1 3 10 8 7 
20180913953 9 5 8 3 2 10 7 4 6 1 
20180913954 5 8 4 3 1 6 7 10 2 9 
20180913955 4 10 2 8 5 6 1 3 9 7 
20180913956 5 3 8 7 10 2 4 9 1 6 
20180913957 8 3 6 9 5 2 7 10 1 4 
20180913958 4 5 6 10 7 8 9 3 1 2 
20180913959 3 5 2 1 9 4 6 10 7 8 
20180913960 5 10 9 8 2 1 7 3 4 6 
20180913961 2 9 4 7 6 5 3 10 8 1 
20180913962 5 10 9 6 1 7 8 4 3 2 
20180913963 1 6 5 8 10 7 3 9 4 2 
20180913964 2 7 4 9 1 10 3 6 8 5 
20180913965 6 7 1 10 4 3 5 8 2 9 
20180913966 1 6 8 3 2 10 9 5 7 4 
20180913967 4 10 6 7 1 5 8 2 9 3 
20180913968 5 10 7 2 8 6 4 1 3 9 
20180913969 3 1 9 6 2 10 8 7 5 4 
20180913970 10 9 8 7 5 1 3 6 4 2 
20180913971 4 6 10 5 1 8 3 9 2 7 
20180913972 6 4 3 1 9 2 8 7 10 5 
20180913973 9 10 6 4 3 5 1 2 7 8 
20180913974 1 5 3 8 7 6 10 2 4 9 
20180913975 6 3 8 2 7 9 4 10 1 5 
20180913976 3 8 6 4 9 2 10 5 1 7 
20180913977 5 3 10 8 2 7 1 9 6 4 
20180913978 6 1 7 10 2 5 3 9 4 8 
20180913979 1 10 6 9 3 8 5 7 2 4 
20180913980 2 6 8 10 9 1 5 4 3 7 
20180913981 9 6 4 10 5 7 1 3 2 8 
20180913982 10 6 9 5 4 8 3 1 7 2 
20180913983 9 2 1 10 6 8 5 4 3 7 
20180913984 2 6 10 4 3 9 1 7 5 8 
20180913985 5 3 7 10 2 1 6 9 8 4 
