20180903002 1 9 2 7 8 10 4 6 3 5 
20180903003 2 8 6 7 5 9 1 10 4 3 
20180903004 4 9 2 1 7 6 8 10 5 3 
20180903005 7 3 6 1 4 8 9 5 10 2 
20180903006 7 1 10 4 6 3 8 9 2 5 
20180903007 1 3 10 5 9 6 4 2 7 8 
20180903008 8 2 7 4 9 10 5 6 3 1 
20180903009 7 2 1 10 5 8 4 3 6 9 
20180903010 1 9 10 4 6 7 8 2 3 5 
20180903011 2 4 10 1 8 9 3 7 5 6 
20180903012 9 2 6 8 10 3 5 1 7 4 
20180903013 10 5 6 7 4 1 3 8 9 2 
20180903014 1 7 5 8 3 9 2 4 10 6 
20180903015 5 1 6 7 9 3 4 10 8 2 
20180903016 10 6 7 3 5 9 4 8 1 2 
20180903017 4 1 9 5 6 10 2 8 3 7 
20180903018 5 7 8 6 9 1 4 3 2 10 
20180903019 6 4 3 7 2 10 1 9 8 5 
20180903020 6 4 10 7 3 9 2 1 8 5 
20180903021 5 9 6 8 10 4 3 1 7 2 
20180903022 2 1 7 4 9 5 3 6 8 10 
20180903023 7 4 3 1 2 6 10 8 9 5 
20180903024 10 7 5 8 2 9 4 6 3 1 
20180903025 7 6 2 9 8 1 4 3 10 5 
20180903026 4 9 2 7 6 5 3 8 1 10 
20180903027 7 4 6 2 1 5 8 9 3 10 
20180903028 6 3 10 2 1 9 4 8 5 7 
20180903029 2 8 1 3 9 10 4 7 5 6 
20180903030 7 3 8 6 5 4 2 10 1 9 
20180903031 4 10 5 6 9 8 3 1 7 2 
20180903032 5 1 8 10 7 4 6 3 9 2 
20180903033 9 8 4 5 6 10 3 1 7 2 
20180903034 10 1 9 4 8 3 6 7 5 2 
20180903035 5 8 2 6 10 9 1 3 4 7 
20180903036 7 8 6 1 5 3 9 4 2 10 
20180903037 6 3 4 9 8 2 5 10 7 1 
20180903038 8 2 10 6 4 1 5 7 3 9 
20180903039 5 1 8 10 9 3 7 6 4 2 
20180903040 4 10 1 7 3 2 6 9 5 8 
20180903041 6 7 3 8 5 1 9 10 4 2 
20180903042 9 6 4 8 1 5 3 2 7 10 
20180903043 5 2 4 3 10 8 1 6 7 9 
20180903044 6 10 3 2 5 9 8 4 7 1 
20180903045 3 9 7 4 8 2 10 1 5 6 
20180903046 1 2 3 4 8 5 6 10 7 9 
20180903047 5 9 10 3 6 2 4 7 8 1 
20180903048 8 5 6 2 4 1 3 7 10 9 
20180903049 10 8 6 1 7 4 3 9 5 2 
20180903050 3 7 10 1 4 2 8 6 5 9 
20180903051 8 4 5 2 9 6 1 7 3 10 
20180903052 5 9 8 2 7 4 10 6 3 1 
20180903053 8 6 1 4 7 2 3 5 10 9 
20180903054 2 4 6 5 7 1 9 10 3 8 
20180903055 7 2 10 5 3 1 6 4 8 9 
20180903056 2 4 6 9 8 7 10 3 1 5 
20180903057 1 5 8 2 9 7 3 10 6 4 
20180903058 7 3 6 1 9 8 4 5 2 10 
20180903059 8 4 7 5 1 9 6 10 2 3 
20180903060 2 4 6 9 10 5 8 3 1 7 
20180903061 7 3 1 5 2 9 4 8 10 6 
20180903062 2 10 6 7 4 1 8 3 5 9 
20180903063 5 4 6 1 8 2 7 3 9 10 
20180903064 1 9 7 8 10 5 6 2 4 3 
20180903065 2 6 1 8 7 10 3 9 5 4 
20180903066 7 4 3 8 9 1 2 5 6 10 
20180903067 8 2 10 5 3 9 7 1 4 6 
20180903068 3 9 8 5 7 6 2 1 4 10 
20180903069 5 4 8 3 9 6 7 10 2 1 
20180903070 5 2 1 10 4 9 3 6 7 8 
20180903071 8 4 7 10 5 1 2 6 3 9 
20180903072 10 3 1 4 7 6 8 5 9 2 
20180903073 5 7 6 1 10 3 2 4 9 8 
20180903074 9 4 3 8 5 6 2 7 1 10 
20180903075 10 6 1 3 4 9 2 5 7 8 
20180903076 10 1 5 4 8 9 7 3 2 6 
20180903077 8 3 6 1 7 10 2 9 4 5 
20180903078 4 10 3 8 2 5 7 1 6 9 
20180903079 7 10 1 8 4 6 3 5 2 9 
20180903080 5 8 10 4 3 9 7 6 1 2 
20180903081 9 8 1 10 7 5 2 6 4 3 
20180903082 10 9 2 1 8 7 4 3 5 6 
20180903083 7 8 2 5 1 3 4 9 6 10 
20180903084 5 1 9 4 6 10 7 8 3 2 
20180903085 10 1 6 4 8 9 5 7 2 3 
20180903086 8 2 5 7 10 1 3 9 6 4 
20180903087 6 4 5 3 9 2 8 1 7 10 
20180903088 10 6 4 5 1 8 2 7 3 9 
20180903089 7 4 9 10 1 5 3 8 2 6 
20180903090 5 8 6 10 2 1 7 3 4 9 
20180903091 9 2 7 1 3 10 8 5 6 4 
20180903092 10 8 2 5 3 4 7 9 6 1 
20180903093 3 6 9 2 5 7 1 10 8 4 
20180903094 9 3 2 10 4 5 6 1 8 7 
20180903095 4 6 8 1 10 9 2 7 5 3 
20180903096 6 5 4 10 3 1 8 2 9 7 
20180903097 4 10 5 8 6 1 2 9 3 7 
20180903098 4 3 10 5 9 7 6 8 1 2 
20180903099 6 7 3 1 2 10 8 5 4 9 
20180903100 1 4 9 5 6 2 7 8 3 10 
20180903101 4 5 9 3 7 8 1 2 6 10 
20180903102 3 4 2 7 9 5 10 8 6 1 
20180903103 5 9 6 3 10 2 1 7 4 8 
20180903104 7 4 3 1 6 2 5 8 10 9 
20180903105 5 2 6 3 4 9 10 8 1 7 
20180903106 7 2 5 8 3 10 1 9 4 6 
20180903107 7 8 3 6 10 1 5 2 9 4 
20180903108 8 1 6 5 9 2 4 3 10 7 
20180903109 6 10 9 4 8 7 3 2 1 5 
20180903110 9 4 10 2 1 6 3 5 7 8 
20180903111 7 1 2 5 10 8 9 4 3 6 
20180903112 4 5 3 6 10 1 7 8 9 2 
20180903113 2 3 9 10 6 4 1 8 5 7 
20180903114 6 10 2 5 4 8 1 9 7 3 
20180903115 6 7 5 1 9 2 4 10 3 8 
20180903116 8 9 6 7 10 4 5 2 1 3 
20180903117 4 6 7 2 3 8 9 5 1 10 
20180903118 5 4 7 8 10 9 1 3 6 2 
20180903119 9 3 5 10 6 1 8 4 7 2 
20180903120 1 9 10 8 6 7 3 5 2 4 
20180903121 2 3 5 4 7 10 6 9 8 1 
20180903122 10 9 4 2 7 8 6 3 1 5 
20180903123 4 7 1 9 8 2 3 5 6 10 
20180903124 8 10 3 5 9 1 7 6 4 2 
20180903125 4 2 1 5 9 3 7 6 10 8 
20180903126 8 6 10 7 3 1 9 5 4 2 
20180903127 9 5 10 8 7 4 1 6 2 3 
20180903128 6 2 4 5 3 10 8 7 1 9 
20180903129 6 5 3 9 2 7 10 1 4 8 
20180903130 2 7 9 8 10 1 4 3 6 5 
20180903131 4 10 9 5 8 3 2 7 6 1 
20180903132 4 3 5 7 10 9 6 8 2 1 
20180903133 8 5 3 4 1 6 9 7 2 10 
20180903134 8 10 5 6 4 7 9 2 3 1 
20180903135 5 4 1 8 10 9 2 6 3 7 
20180903136 5 1 8 4 3 6 7 10 2 9 
20180903137 10 6 5 2 3 9 7 8 4 1 
20180903138 2 1 4 5 7 9 6 10 3 8 
20180903139 7 8 2 3 6 10 4 1 5 9 
20180903140 9 2 6 1 7 5 3 8 4 10 
20180903141 7 3 4 9 5 2 8 10 1 6 
20180903142 5 3 2 4 6 9 1 7 10 8 
20180903143 1 3 7 10 9 4 2 5 6 8 
20180903144 10 7 2 4 6 9 3 5 1 8 
20180903145 4 9 2 6 8 7 1 5 10 3 
20180903146 8 5 4 7 6 1 2 9 10 3 
20180903147 2 3 7 1 6 8 9 4 10 5 
20180903148 7 2 3 6 1 10 9 8 5 4 
20180903149 4 1 6 3 8 10 9 7 5 2 
20180903150 10 3 1 2 4 8 9 6 7 5 
20180903151 7 2 1 8 4 9 10 3 6 5 
20180903152 2 3 6 9 7 5 4 1 10 8 
20180903153 8 1 2 6 10 7 9 5 4 3 
20180903154 8 10 1 4 2 7 5 6 3 9 
20180903155 3 5 7 1 4 6 2 8 10 9 
20180903156 10 1 8 6 3 7 5 2 4 9 
20180903157 4 2 6 7 10 9 3 8 5 1 
20180903158 1 4 10 7 9 3 5 8 2 6 
20180903159 4 9 2 10 6 7 3 1 8 5 
20180903160 5 7 9 1 3 2 6 4 10 8 
20180903161 5 7 4 9 10 3 2 8 6 1 
20180903162 7 9 2 6 3 4 10 8 5 1 
20180903163 10 5 6 8 2 4 3 7 9 1 
20180903164 9 3 10 4 5 1 2 6 8 7 
20180903165 9 6 7 8 5 4 3 1 2 10 
20180903166 2 1 8 10 9 4 3 7 6 5 
20180903167 9 10 7 5 8 3 1 4 6 2 
20180903168 6 4 1 3 8 2 10 9 5 7 
20180903169 1 5 6 2 10 9 4 7 3 8 
20180903170 9 10 7 4 6 1 2 3 8 5 
20180903171 4 2 8 10 5 9 3 6 7 1 
20180903172 8 3 1 10 4 2 7 9 6 5 
20180903173 6 3 7 9 8 2 1 10 4 5 
20180903174 2 10 1 7 6 4 9 5 8 3 
20180903175 5 2 9 6 4 3 7 8 1 10 
20180903176 4 1 2 9 7 10 3 6 8 5 
20180903177 6 10 5 3 4 2 1 8 7 9 
20180903178 7 9 10 3 2 8 6 4 5 1 
20180903179 8 6 9 7 2 10 3 4 5 1 
20180903180 6 10 2 8 3 1 7 9 4 5 
20180903181 10 5 3 1 4 9 7 6 2 8 
20180903182 7 5 2 4 1 9 6 10 3 8 
20180903183 2 9 4 6 5 1 8 10 7 3 
20180903184 8 2 7 3 9 4 5 6 1 10 
20180903185 1 3 4 9 7 6 5 2 8 10 
20180903186 1 3 7 8 9 6 10 2 5 4 
20180903187 7 2 6 3 1 5 10 9 8 4 
20180903188 6 3 10 1 7 4 8 2 9 5 
20180903189 6 3 9 5 1 8 7 4 2 10 
20180903190 6 1 7 8 2 4 5 9 3 10 
20180903191 1 6 5 3 4 2 8 10 9 7 
20180903192 3 2 9 10 5 4 6 1 7 8 
20180903193 5 6 1 3 7 4 2 10 8 9 
20180903194 3 1 5 7 9 8 2 6 4 10 
20180903195 3 5 1 10 6 2 7 8 4 9 
20180903196 8 1 10 3 7 9 2 6 5 4 
20180903197 4 2 3 6 1 5 9 7 8 10 
20180903198 8 2 6 4 3 7 1 10 9 5 
20180903199 2 10 6 8 5 1 3 9 4 7 
20180903200 4 10 8 1 7 9 5 6 2 3 
20180903201 3 7 8 5 1 6 2 4 9 10 
20180903202 10 9 3 2 8 6 5 4 1 7 
20180903203 4 5 9 8 6 10 3 1 2 7 
20180903204 1 8 2 9 4 10 7 5 3 6 
20180903205 2 4 8 7 6 1 5 3 10 9 
20180903206 5 9 1 6 2 4 10 8 3 7 
20180903207 10 7 5 1 6 2 9 4 3 8 
20180903208 7 9 4 2 10 3 8 6 5 1 
20180903209 7 5 2 9 8 1 3 4 6 10 
20180903210 4 10 7 8 2 1 6 3 5 9 
20180903211 1 6 3 5 4 9 7 10 2 8 
20180903212 4 5 6 7 2 3 8 9 10 1 
20180903213 9 5 8 2 4 1 10 7 6 3 
20180903214 9 8 10 5 3 7 4 1 2 6 
20180903215 4 7 3 10 9 2 8 1 5 6 
20180903216 10 3 5 7 9 2 8 4 1 6 
20180903217 5 3 9 1 6 10 4 7 8 2 
20180903218 7 6 3 2 4 10 8 9 1 5 
20180903219 5 2 1 4 9 3 6 10 8 7 
20180903220 7 2 5 8 3 10 9 6 4 1 
20180903221 3 9 1 5 7 2 10 6 4 8 
20180903222 8 5 3 1 9 2 7 6 10 4 
20180903223 10 1 4 3 8 6 9 7 2 5 
20180903224 8 2 10 1 3 9 6 7 4 5 
20180903225 6 2 9 8 10 3 1 5 4 7 
20180903226 7 3 4 10 9 5 2 8 1 6 
20180903227 6 2 4 3 10 1 9 7 5 8 
20180903228 2 7 10 1 6 9 3 8 4 5 
20180903229 3 5 10 1 6 7 8 2 4 9 
20180903230 6 5 8 9 1 4 7 2 10 3 
20180903231 1 10 5 4 7 3 8 6 2 9 
20180903232 2 9 5 7 3 1 8 10 6 4 
20180903233 5 3 2 8 4 1 9 10 7 6 
20180903234 5 2 8 7 3 6 1 10 4 9 
20180903235 4 10 7 8 5 2 1 9 3 6 
20180903236 10 1 2 3 4 7 8 9 5 6 
20180903237 9 5 1 3 4 7 6 10 2 8 
20180903238 9 4 10 7 2 8 5 6 3 1 
20180903239 8 7 2 6 3 10 4 1 9 5 
20180903240 5 1 3 2 7 4 6 10 9 8 
20180903241 5 10 3 7 2 9 8 4 6 1 
20180903242 2 1 3 7 8 9 6 4 10 5 
20180903243 7 6 9 8 3 5 2 4 10 1 
20180903244 2 6 1 7 10 9 8 3 4 5 
20180903245 1 4 2 9 8 7 6 3 5 10 
20180903246 8 3 5 9 10 7 4 6 2 1 
20180903247 10 1 6 3 4 2 9 8 7 5 
20180903248 8 1 4 6 10 3 2 5 7 9 
20180903249 6 1 4 8 5 7 2 10 9 3 
20180903250 5 1 3 7 4 10 8 9 2 6 
20180903251 2 4 3 8 5 9 6 1 10 7 
20180903252 9 5 10 6 7 2 4 1 3 8 
20180903253 9 2 6 8 4 5 3 10 7 1 
20180903254 8 6 5 2 9 7 4 3 10 1 
20180903255 6 8 5 7 10 9 3 1 4 2 
20180903256 4 1 5 9 7 3 8 10 2 6 
20180903257 4 10 2 5 9 7 6 1 3 8 
20180903258 8 1 3 7 4 5 9 2 10 6 
20180903259 7 4 10 9 6 3 8 2 1 5 
20180903260 1 10 6 8 2 5 4 7 9 3 
20180903261 1 3 8 5 6 9 4 7 10 2 
20180903262 3 6 1 5 10 9 2 8 4 7 
20180903263 9 5 7 3 1 2 6 8 10 4 
20180903264 4 7 8 9 2 5 6 10 3 1 
20180903265 4 7 2 5 1 3 10 9 6 8 
20180903266 10 1 9 7 8 3 2 6 5 4 
20180903267 9 2 1 10 4 6 8 5 7 3 
20180903268 2 8 4 1 7 5 3 9 6 10 
20180903269 5 7 1 4 2 9 6 8 10 3 
20180903270 8 4 2 9 3 6 10 1 7 5 
20180903271 1 7 10 4 3 2 8 5 9 6 
20180903272 2 3 10 8 5 6 9 7 1 4 
20180903273 3 2 4 7 8 5 10 9 6 1 
20180903274 1 6 9 5 4 8 10 3 2 7 
20180903275 2 8 1 10 7 4 6 3 5 9 
20180903276 9 4 6 2 7 3 8 5 1 10 
20180903277 10 3 2 6 4 7 1 5 9 8 
20180903278 5 4 9 8 1 10 3 2 6 7 
20180903279 10 2 1 5 3 4 8 6 9 7 
20180903280 9 4 8 6 7 3 5 1 2 10 
20180903281 1 8 6 10 2 9 3 5 7 4 
20180903282 7 8 6 4 5 3 1 9 2 10 
20180903283 9 2 6 7 10 4 8 5 3 1 
20180903284 6 10 5 8 9 4 2 1 3 7 
20180903285 1 3 6 4 2 7 8 9 10 5 
20180903286 5 4 3 6 9 8 7 1 2 10 
20180903287 8 7 6 5 1 2 4 9 3 10 
20180903288 3 6 5 9 10 1 4 2 7 8 
20180903289 3 4 2 5 7 9 1 6 10 8 
20180903290 7 8 5 6 2 10 4 3 1 9 
20180903291 7 2 1 4 3 5 10 8 6 9 
20180903292 1 2 8 6 7 4 3 5 10 9 
20180903293 8 2 6 4 1 9 5 7 10 3 
20180903294 8 5 7 3 1 6 2 10 9 4 
20180903295 1 9 2 4 5 10 3 7 6 8 
20180903296 6 1 10 5 8 3 9 2 4 7 
20180903297 10 4 8 9 6 7 2 3 5 1 
20180903298 3 2 5 8 7 4 6 9 1 10 
20180903299 5 1 2 9 7 6 3 4 8 10 
20180903300 10 2 4 6 1 8 7 5 9 3 
20180903301 10 9 2 7 4 1 3 8 6 5 
20180903302 1 2 9 6 8 4 5 10 3 7 
20180903303 3 10 6 5 9 1 2 8 7 4 
20180903304 10 9 1 5 6 4 7 8 3 2 
20180903305 4 10 9 6 8 2 3 7 5 1 
20180903306 4 9 3 1 7 8 2 5 10 6 
20180903307 3 2 1 8 9 7 10 4 6 5 
20180903308 9 6 2 5 4 8 1 7 10 3 
20180903309 5 4 6 2 3 10 8 9 1 7 
20180903310 3 6 2 1 10 7 9 5 8 4 
20180903311 8 6 3 1 7 9 10 4 5 2 
20180903312 8 4 7 6 3 1 2 9 10 5 
20180903313 9 1 5 6 10 2 4 7 8 3 
20180903314 9 5 2 1 3 4 7 10 6 8 
20180903315 6 8 7 4 5 2 9 1 3 10 
20180903316 6 1 3 9 7 10 5 2 4 8 
20180903317 1 7 2 3 4 6 9 5 8 10 
20180903318 1 7 8 9 4 3 6 5 10 2 
20180903319 6 3 9 2 5 8 7 4 10 1 
20180903320 6 1 4 3 2 7 8 10 9 5 
20180903321 7 4 6 8 9 2 1 3 5 10 
20180903322 1 4 8 6 3 5 7 9 10 2 
20180903323 10 9 4 2 7 3 5 6 8 1 
20180903324 10 3 8 7 6 5 1 2 9 4 
20180903325 7 2 3 1 10 5 8 6 9 4 
20180903326 9 6 7 8 10 4 5 2 1 3 
20180903327 5 7 10 3 8 4 6 9 1 2 
20180903328 3 5 9 1 4 2 8 7 6 10 
20180903329 2 3 6 10 4 8 7 5 9 1 
20180903330 9 5 2 7 1 10 6 8 4 3 
20180903331 9 7 5 4 1 3 2 10 8 6 
20180903332 9 7 10 6 1 5 8 3 4 2 
20180903333 6 8 1 7 5 10 4 2 9 3 
20180903334 3 6 1 5 4 8 10 9 2 7 
20180903335 7 3 5 2 8 9 1 10 4 6 
20180903336 5 10 1 2 3 6 8 9 4 7 
20180903337 2 4 7 6 5 10 1 3 8 9 
20180903338 1 8 6 7 4 9 2 3 5 10 
20180903339 7 4 2 3 6 8 10 9 5 1 
20180903340 7 4 2 3 1 8 9 6 10 5 
20180903341 3 4 2 10 7 8 9 1 6 5 
20180903342 8 3 2 9 1 5 4 7 6 10 
20180903343 8 1 2 10 5 6 7 9 3 4 
20180903344 4 1 6 8 3 7 2 5 9 10 
20180903345 5 8 10 4 3 9 7 6 2 1 
20180903346 9 2 5 1 8 3 4 7 6 10 
20180903347 8 1 5 10 3 4 6 9 2 7 
20180903348 10 6 8 5 3 7 1 4 2 9 
20180903349 5 3 7 1 2 10 9 8 4 6 
20180903350 8 9 2 3 7 1 10 5 6 4 
20180903351 9 8 3 10 1 5 7 2 4 6 
20180903352 4 7 8 9 5 6 10 3 1 2 
20180903353 9 7 2 4 8 3 6 5 1 10 
20180903354 5 7 4 9 2 8 6 3 1 10 
20180903355 1 9 2 5 3 8 10 6 4 7 
20180903356 4 8 2 3 9 6 7 5 1 10 
20180903357 10 8 6 2 9 1 5 7 4 3 
20180903358 4 3 1 9 8 6 10 5 2 7 
20180903359 6 8 10 5 1 4 3 9 2 7 
20180903360 8 5 3 10 2 1 6 7 9 4 
20180903361 7 10 5 8 4 6 3 2 1 9 
20180903362 1 7 3 10 8 2 5 9 6 4 
20180903363 3 5 4 9 7 8 6 1 2 10 
20180903364 9 3 6 10 4 5 1 8 2 7 
20180903365 4 5 3 1 2 7 6 10 9 8 
20180903366 4 5 9 6 2 8 1 7 3 10 
20180903367 10 1 8 4 3 5 6 2 7 9 
20180903368 8 10 5 9 4 7 1 3 6 2 
20180903369 7 8 6 3 2 9 10 4 1 5 
20180903370 3 10 6 1 8 9 2 7 5 4 
20180903371 4 8 5 2 10 3 9 1 6 7 
20180903372 5 6 10 2 9 7 8 1 4 3 
20180903373 6 5 3 4 9 10 1 8 7 2 
20180903374 10 4 3 7 6 2 1 8 9 5 
20180903375 5 1 4 9 10 7 3 2 6 8 
20180903376 1 5 10 2 3 8 7 6 9 4 
20180903377 6 5 7 4 2 9 10 1 3 8 
20180903378 7 6 4 8 3 2 5 9 10 1 
20180903379 9 10 2 1 6 7 5 3 8 4 
20180903380 9 10 2 1 4 6 7 5 3 8 
20180903381 7 3 6 9 4 8 1 5 10 2 
20180903382 10 7 5 6 2 3 4 9 8 1 
20180903383 10 8 7 9 2 6 4 1 5 3 
20180903384 9 6 10 5 8 1 2 7 3 4 
20180903385 10 9 2 7 3 4 1 6 5 8 
20180903386 1 8 6 10 7 4 9 2 5 3 
20180903387 4 2 7 6 8 9 10 1 3 5 
20180903388 4 9 8 2 7 3 6 5 10 1 
20180903389 1 2 7 6 10 4 3 5 9 8 
20180903390 7 1 9 3 2 10 4 6 5 8 
20180903391 4 8 7 10 1 9 5 2 6 3 
20180903392 4 8 10 1 9 3 5 7 6 2 
20180903393 5 1 2 8 10 4 6 3 7 9 
20180903394 5 9 10 1 3 6 2 8 7 4 
20180903395 2 5 7 3 8 10 9 6 1 4 
20180903396 8 9 5 7 3 4 1 2 10 6 
20180903397 5 4 1 10 7 6 9 8 3 2 
20180903398 6 2 7 8 4 3 1 10 9 5 
20180903399 1 2 8 4 10 6 5 9 7 3 
20180903400 9 5 2 10 3 7 1 8 6 4 
20180903401 4 3 10 9 8 6 2 7 1 5 
20180903402 3 2 1 5 4 10 9 6 8 7 
20180903403 4 3 9 2 8 1 7 10 6 5 
20180903404 8 7 4 6 3 2 10 9 1 5 
20180903405 8 10 4 2 5 3 1 7 6 9 
20180903406 7 1 2 3 10 8 9 6 4 5 
20180903407 8 4 10 1 7 3 6 9 5 2 
20180903408 8 2 4 7 1 5 3 9 6 10 
20180903409 3 7 4 1 2 6 9 10 8 5 
20180903410 1 3 6 8 7 5 10 2 4 9 
20180903411 1 3 4 8 5 10 6 2 7 9 
20180903412 10 1 4 3 2 5 7 9 8 6 
20180903413 5 10 2 7 4 1 9 3 8 6 
20180903414 6 10 8 1 4 5 3 2 7 9 
20180903415 3 6 7 5 9 10 2 8 4 1 
20180903416 6 5 3 1 10 8 7 2 9 4 
20180903417 4 10 5 1 3 8 9 6 2 7 
20180903418 7 2 3 10 6 1 5 8 4 9 
20180903419 2 8 9 5 4 3 6 1 10 7 
20180903420 6 5 1 7 3 2 4 10 9 8 
20180903421 1 6 7 10 4 2 5 9 8 3 
20180903422 7 6 8 4 5 10 2 3 9 1 
20180903423 6 9 10 5 2 3 8 4 1 7 
20180903424 1 10 6 7 8 5 2 3 9 4 
20180903425 1 10 9 5 8 7 2 4 6 3 
20180903426 3 10 9 1 6 2 4 8 5 7 
20180903427 3 8 6 4 10 1 2 7 5 9 
20180903428 7 6 1 3 4 2 10 5 8 9 
20180903429 7 1 2 8 4 5 9 3 6 10 
20180903430 7 9 8 10 4 6 5 2 3 1 
20180903431 3 6 2 1 8 10 5 9 4 7 
20180903432 10 4 5 1 3 2 9 8 6 7 
20180903433 10 4 1 8 7 9 5 3 2 6 
20180903434 5 9 3 2 6 7 8 10 1 4 
20180903435 3 1 6 9 10 2 4 8 5 7 
20180903436 3 2 9 4 1 8 10 5 6 7 
20180903437 10 9 6 5 3 2 8 7 1 4 
20180903438 2 9 6 3 5 7 4 8 10 1 
20180903439 4 8 6 1 7 2 10 9 5 3 
20180903440 6 2 8 4 1 10 3 5 9 7 
20180903441 9 2 6 8 10 1 4 5 3 7 
20180903442 2 8 9 4 10 1 3 5 6 7 
20180903443 6 7 8 3 10 5 4 2 1 9 
20180903444 1 9 3 6 10 2 8 4 7 5 
20180903445 1 9 8 10 3 6 5 7 4 2 
20180903446 5 9 6 3 1 7 8 10 4 2 
20180903447 5 9 8 10 3 7 4 1 2 6 
20180903448 1 4 2 10 3 5 9 6 7 8 
20180903449 7 2 6 9 1 5 3 4 8 10 
20180903450 9 7 10 5 4 6 8 2 1 3 
20180903451 4 2 7 8 5 6 9 1 3 10 
20180903452 7 5 6 1 2 8 4 10 3 9 
20180903453 4 10 3 8 2 1 7 9 5 6 
20180903454 7 1 4 8 5 10 9 6 3 2 
20180903455 9 2 5 6 3 4 1 7 10 8 
20180903456 7 8 2 10 1 4 5 6 9 3 
20180903457 1 7 3 9 8 5 10 2 4 6 
20180903458 1 2 6 7 8 4 10 3 9 5 
20180903459 9 8 6 7 2 10 3 1 5 4 
20180903460 7 6 9 10 1 5 2 4 3 8 
20180903461 10 9 3 6 5 4 8 1 7 2 
20180903462 5 3 1 10 7 8 6 4 9 2 
20180903463 2 10 4 5 1 8 9 3 6 7 
20180903464 5 3 9 8 10 7 6 4 2 1 
20180903465 5 2 4 8 7 10 1 9 3 6 
20180903466 5 3 9 8 2 7 10 4 6 1 
20180903467 9 6 7 8 4 2 5 3 10 1 
20180903468 6 3 7 1 9 5 4 8 10 2 
20180903469 9 8 3 5 1 7 10 6 4 2 
20180903470 4 10 1 8 2 3 6 7 9 5 
20180903471 6 5 1 10 2 9 3 7 8 4 
20180903472 8 2 7 1 3 4 5 10 9 6 
20180903473 1 10 6 8 4 7 2 9 5 3 
20180903474 6 9 4 3 1 7 2 8 5 10 
20180903475 7 1 3 4 2 6 5 9 8 10 
20180903476 9 5 8 4 7 10 3 6 1 2 
20180903477 10 1 5 9 4 8 6 7 3 2 
20180903478 1 4 9 10 2 5 3 7 8 6 
20180903479 3 4 7 9 10 6 5 2 8 1 
20180903480 4 6 1 3 9 8 5 2 7 10 
20180903481 9 1 2 4 7 3 5 8 6 10 
20180903482 1 2 9 8 6 10 7 5 4 3 
20180903483 2 5 3 8 4 10 1 9 7 6 
20180903484 4 10 7 9 5 1 8 2 6 3 
20180903485 10 3 6 8 4 5 2 9 1 7 
20180903486 1 4 10 7 3 6 9 8 5 2 
20180903487 8 1 3 10 9 5 6 4 2 7 
20180903488 10 9 8 3 1 2 5 4 7 6 
20180903489 1 2 3 10 7 6 5 4 9 8 
20180903490 10 6 9 2 1 8 7 5 4 3 
20180903491 2 8 1 10 5 9 6 3 7 4 
20180903492 10 1 9 7 3 5 2 6 8 4 
20180903493 7 6 10 8 4 1 3 5 9 2 
20180903494 5 8 4 2 1 6 9 7 3 10 
20180903495 6 9 8 3 10 4 2 5 7 1 
20180903496 2 4 10 5 6 9 1 8 3 7 
20180903497 3 2 8 6 1 9 5 4 10 7 
20180903498 9 3 1 2 7 10 4 8 5 6 
20180903499 7 10 5 9 6 1 3 4 2 8 
20180903500 5 2 10 6 1 7 9 4 8 3 
20180903501 1 8 5 10 7 4 2 3 6 9 
20180903502 7 6 8 9 3 2 5 1 10 4 
20180903503 10 6 1 5 2 8 3 4 9 7 
20180903504 7 4 9 6 5 2 1 10 8 3 
20180903505 8 7 4 6 5 2 9 1 3 10 
20180903506 7 3 9 5 2 1 6 4 8 10 
20180903507 5 6 3 1 10 4 7 8 2 9 
20180903508 1 5 6 2 8 7 4 3 10 9 
20180903509 8 6 2 10 1 4 9 7 3 5 
20180903510 6 7 8 3 5 1 4 10 9 2 
20180903511 6 10 7 3 2 8 5 1 4 9 
20180903512 8 7 2 1 10 3 5 4 6 9 
20180903513 5 8 4 6 9 10 3 7 2 1 
20180903514 10 1 5 7 9 6 8 3 4 2 
20180903515 6 2 5 1 8 4 9 10 3 7 
20180903516 7 3 2 1 5 6 10 8 9 4 
20180903517 2 10 7 3 6 8 9 4 1 5 
20180903518 7 1 5 10 6 4 2 3 8 9 
20180903519 1 6 3 8 4 7 5 10 2 9 
20180903520 8 2 10 6 5 3 1 9 4 7 
20180903521 9 3 10 2 1 8 7 5 4 6 
20180903522 9 3 10 2 4 1 7 5 6 8 
20180903523 2 3 6 8 5 9 10 1 4 7 
20180903524 10 6 9 7 3 1 5 4 2 8 
20180903525 9 8 2 3 10 7 5 6 1 4 
20180903526 4 8 2 1 7 9 10 3 5 6 
20180903527 2 10 7 9 1 6 5 4 8 3 
20180903528 1 9 4 6 2 8 7 10 3 5 
20180903529 10 3 1 5 2 7 6 4 9 8 
20180903530 8 7 2 10 6 4 5 3 1 9 
20180903531 2 1 7 4 10 8 9 5 3 6 
20180903532 3 2 6 8 5 7 4 1 9 10 
20180903533 2 6 10 5 1 4 7 9 8 3 
20180903534 8 10 9 6 4 3 1 5 7 2 
20180903535 2 10 4 8 9 5 3 7 6 1 
20180903536 7 10 5 8 9 3 4 2 1 6 
20180903537 8 3 7 1 10 9 4 6 5 2 
20180903538 3 2 10 6 9 5 8 7 4 1 
20180903539 2 4 7 8 10 9 5 1 6 3 
20180903540 2 7 4 10 8 6 3 9 1 5 
20180903541 5 1 4 6 10 9 3 8 7 2 
20180903542 9 1 3 6 10 8 5 4 2 7 
20180903543 1 10 2 9 6 3 7 5 4 8 
20180903544 7 5 3 8 2 9 6 4 10 1 
20180903545 6 2 7 10 5 9 1 4 3 8 
20180903546 1 10 7 8 2 5 6 3 9 4 
20180903547 8 5 9 2 10 4 1 7 6 3 
20180903548 4 10 3 2 8 1 9 7 5 6 
20180903549 9 8 5 6 7 1 10 4 3 2 
20180903550 7 1 4 8 9 3 6 2 5 10 
20180903551 5 3 2 6 9 8 1 4 7 10 
20180903552 9 1 7 10 6 4 5 2 8 3 
20180903553 9 8 6 10 3 5 4 7 1 2 
20180903554 6 4 7 1 9 8 5 2 3 10 
20180903555 9 4 6 3 7 5 8 2 10 1 
20180903556 5 6 8 4 2 10 1 3 9 7 
20180903557 4 9 1 8 5 7 10 2 6 3 
20180903558 9 1 8 4 5 10 6 2 7 3 
20180903559 2 1 4 6 9 7 3 10 5 8 
20180903560 7 9 3 1 5 6 10 4 2 8 
20180903561 1 8 2 4 7 6 9 3 5 10 
20180903562 6 2 8 9 1 7 5 10 4 3 
20180903563 4 2 3 8 10 5 1 9 6 7 
20180903564 10 7 6 3 9 5 2 8 1 4 
20180903565 10 1 9 6 2 7 5 4 3 8 
20180903566 3 4 8 9 7 10 1 5 2 6 
20180903567 3 4 8 1 9 6 10 7 2 5 
20180903568 3 2 8 5 10 6 9 7 1 4 
20180903569 4 6 10 8 9 7 5 3 2 1 
20180903570 9 3 2 6 1 8 5 10 7 4 
20180903571 1 8 9 7 2 4 3 6 5 10 
20180903572 2 5 8 6 1 10 4 7 9 3 
20180903573 5 2 10 1 7 9 8 3 6 4 
20180903574 7 2 8 10 4 6 9 1 3 5 
20180903575 5 8 10 1 6 3 7 9 4 2 
20180903576 4 8 10 5 9 2 1 3 6 7 
20180903577 1 6 4 3 2 9 7 5 10 8 
20180903578 6 9 1 7 10 2 5 8 3 4 
20180903579 1 2 5 4 3 6 9 7 10 8 
20180903580 9 7 5 2 3 8 10 6 4 1 
20180903581 8 4 7 6 1 10 3 5 2 9 
20180903582 7 8 9 1 4 10 6 5 3 2 
20180903583 7 8 6 1 3 5 4 2 9 10 
20180903584 3 9 4 1 5 7 6 2 8 10 
20180903585 4 7 8 2 5 3 10 9 1 6 
20180903586 9 3 2 4 6 5 7 1 10 8 
20180903587 9 4 1 7 8 5 2 3 10 6 
20180903588 3 10 6 9 4 5 1 8 7 2 
20180903589 6 9 2 7 8 5 1 3 4 10 
20180903590 2 9 5 3 10 8 4 1 6 7 
20180903591 4 6 10 1 7 8 3 2 5 9 
20180903592 1 6 5 4 8 7 2 3 9 10 
20180903593 4 7 9 10 1 3 2 6 8 5 
20180903594 1 2 8 4 9 3 10 6 5 7 
20180903595 4 9 5 2 3 7 10 1 8 6 
20180903596 7 1 8 4 10 2 9 5 3 6 
20180903597 1 9 5 2 3 7 8 4 10 6 
20180903598 2 4 7 10 8 9 3 1 6 5 
20180903599 10 3 8 6 9 5 1 7 2 4 
20180903600 3 10 4 7 9 8 6 1 2 5 
20180903601 9 6 3 8 4 10 2 1 7 5 
20180903602 4 1 2 7 3 8 5 6 10 9 
20180903603 5 6 1 7 4 10 8 2 9 3 
20180903604 3 2 5 4 1 6 10 9 7 8 
20180903605 1 10 9 2 6 7 5 4 8 3 
20180903606 5 6 10 9 4 8 3 7 1 2 
20180903607 3 8 9 4 7 10 2 1 5 6 
20180903608 6 1 4 10 7 3 9 5 8 2 
20180903609 6 4 7 3 8 5 10 2 9 1 
20180903610 5 4 6 9 3 7 8 10 1 2 
20180903611 1 9 7 4 8 5 2 6 3 10 
20180903612 2 8 6 9 5 10 7 1 4 3 
20180903613 5 1 4 8 6 3 10 9 7 2 
20180903614 8 10 4 5 3 2 7 1 9 6 
20180903615 1 9 8 5 7 2 3 10 4 6 
20180903616 6 8 3 5 1 9 2 4 10 7 
20180903617 6 8 5 9 3 2 4 10 7 1 
20180903618 2 5 9 10 6 3 4 8 7 1 
20180903619 3 1 10 8 9 4 6 5 2 7 
20180903620 3 4 10 1 7 5 2 8 6 9 
20180903621 4 8 10 6 5 1 3 7 9 2 
20180903622 6 5 9 3 1 10 2 4 8 7 
20180903623 6 7 3 10 1 4 8 2 5 9 
20180903624 5 3 9 7 1 6 4 10 8 2 
20180903625 1 4 10 7 9 2 5 6 8 3 
20180903626 6 7 9 2 4 3 5 8 1 10 
20180903627 5 1 6 8 9 2 3 10 7 4 
20180903628 4 2 1 7 9 8 3 10 6 5 
20180903629 4 3 5 7 9 8 10 6 2 1 
20180903630 5 8 9 6 3 2 1 7 10 4 
20180903631 6 4 1 5 10 2 8 3 7 9 
20180903632 7 10 5 9 6 2 1 3 4 8 
20180903633 6 3 5 10 4 9 7 2 1 8 
20180903634 1 7 10 2 5 8 9 6 4 3 
20180903635 1 3 2 4 10 5 8 9 7 6 
20180903636 7 2 5 1 10 9 4 6 3 8 
20180903637 7 1 9 10 4 2 8 6 3 5 
20180903638 4 2 6 10 9 8 1 7 5 3 
20180903639 8 3 5 9 10 7 6 1 4 2 
20180903640 4 7 1 3 5 2 6 10 9 8 
20180903641 2 7 10 1 6 9 3 8 5 4 
20180903642 7 3 4 9 1 10 8 5 2 6 
20180903643 8 1 9 10 2 7 4 5 3 6 
20180903644 7 6 3 9 4 8 5 10 2 1 
20180903645 8 6 5 7 10 9 3 1 4 2 
20180903646 9 5 2 4 8 1 7 3 10 6 
20180903647 7 9 5 3 4 8 6 2 1 10 
20180903648 1 9 2 8 6 4 5 3 10 7 
20180903649 8 5 6 7 9 3 4 10 2 1 
20180903650 9 6 8 2 3 10 7 1 4 5 
20180903651 3 2 9 10 7 5 1 8 4 6 
20180903652 5 6 1 3 8 2 7 10 4 9 
20180903653 2 9 3 8 4 7 5 10 6 1 
20180903654 4 7 6 10 5 3 2 1 9 8 
20180903655 4 7 9 5 3 6 8 1 10 2 
20180903656 2 3 1 9 8 6 5 4 7 10 
20180903657 5 7 2 4 9 10 8 3 6 1 
20180903658 3 10 6 4 1 8 5 2 7 9 
20180903659 4 6 10 1 9 5 3 2 7 8 
20180903660 5 1 6 3 2 8 10 4 7 9 
20180903661 4 5 2 7 1 3 10 8 6 9 
20180903662 6 3 10 4 2 9 8 7 5 1 
20180903663 7 9 10 4 1 6 3 2 8 5 
20180903664 7 1 3 6 4 10 8 5 2 9 
20180903665 7 2 4 6 5 8 3 9 1 10 
20180903666 3 4 9 10 2 6 1 5 7 8 
20180903667 10 4 7 3 8 6 2 5 1 9 
20180903668 10 6 5 4 7 9 2 1 3 8 
20180903669 6 7 10 1 3 9 5 4 2 8 
20180903670 8 6 5 1 4 3 7 10 9 2 
20180903671 2 10 5 4 9 1 8 6 7 3 
20180903672 6 2 9 1 3 5 8 7 4 10 
20180903673 1 2 7 10 4 5 8 9 6 3 
20180903674 9 5 8 7 3 1 10 6 2 4 
20180903675 1 2 6 3 5 7 8 4 9 10 
20180903676 10 8 7 2 3 5 6 1 4 9 
20180903677 6 9 10 7 4 2 5 8 3 1 
20180903678 6 8 2 9 10 1 3 7 4 5 
20180903679 5 4 7 3 10 9 8 6 1 2 
20180903680 9 10 3 1 6 5 2 8 4 7 
20180903681 7 3 9 4 8 2 1 10 6 5 
20180903682 1 2 5 10 3 8 4 7 6 9 
20180903683 7 9 2 8 4 5 1 10 6 3 
20180903684 4 9 7 8 2 1 10 3 5 6 
20180903685 7 3 9 2 10 1 8 6 4 5 
20180903686 2 3 10 5 6 8 4 7 9 1 
20180903687 5 8 4 2 10 3 7 6 1 9 
20180903688 1 3 7 8 9 6 2 4 5 10 
20180903689 3 8 7 1 4 5 6 10 2 9 
20180903690 2 8 10 7 4 3 5 1 6 9 
20180903691 2 4 3 7 6 1 9 5 8 10 
20180903692 7 8 5 1 10 9 2 4 6 3 
20180903693 2 1 8 9 5 3 7 6 4 10 
20180903694 4 7 9 8 6 10 3 1 2 5 
20180903695 1 4 2 3 9 8 5 6 7 10 
20180903696 3 2 4 6 5 9 1 8 7 10 
20180903697 7 6 4 8 3 10 5 1 9 2 
20180903698 6 10 9 5 4 2 3 7 8 1 
20180903699 7 10 5 3 4 8 9 6 1 2 
20180903700 7 8 3 10 6 4 2 1 5 9 
20180903701 5 2 8 4 9 1 10 7 6 3 
20180903702 9 3 1 5 4 10 8 2 6 7 
20180903703 4 5 2 7 8 6 3 9 1 10 
20180903704 9 7 1 10 6 8 2 3 5 4 
20180903705 1 5 4 7 10 8 3 9 6 2 
20180903706 3 10 1 4 6 8 9 7 2 5 
20180903707 3 9 1 4 5 10 2 8 6 7 
20180903708 4 9 8 10 1 2 6 3 7 5 
20180903709 2 1 4 10 9 6 5 7 8 3 
20180903710 4 6 8 7 10 3 1 5 2 9 
20180903711 8 3 4 5 6 1 7 9 2 10 
20180903712 6 5 4 9 2 3 7 10 1 8 
20180903713 2 9 8 1 6 10 4 3 7 5 
20180903714 2 1 4 6 9 7 5 3 8 10 
20180903715 2 6 1 7 5 4 10 3 9 8 
20180903716 7 9 2 10 8 4 5 6 3 1 
20180903717 3 6 4 8 9 7 10 2 1 5 
20180903718 8 4 5 2 7 10 9 1 6 3 
20180903719 10 3 7 8 2 1 4 6 5 9 
20180903720 4 7 1 9 5 10 8 3 6 2 
20180903721 3 5 6 10 7 4 9 1 2 8 
20180903722 6 4 7 10 3 2 9 8 5 1 
20180903723 4 7 6 8 2 10 9 3 5 1 
20180903724 5 8 4 3 7 6 10 9 1 2 
20180903725 9 2 5 4 8 6 7 3 1 10 
20180903726 9 6 1 10 5 8 3 7 2 4 
20180903727 2 10 8 9 1 7 4 3 6 5 
20180903728 1 3 8 4 5 2 10 9 7 6 
20180903729 10 3 1 9 6 5 2 8 7 4 
20180903730 4 7 3 5 1 9 8 10 2 6 
20180903731 7 4 6 5 2 3 9 1 10 8 
20180903732 7 4 5 6 8 9 10 2 3 1 
20180903733 9 4 7 5 8 10 1 2 3 6 
20180903734 1 2 10 9 3 5 6 4 7 8 
20180903735 3 5 1 4 2 10 9 8 6 7 
20180903736 4 6 9 5 2 8 10 3 1 7 
20180903737 7 10 1 9 6 8 4 3 5 2 
20180903738 1 3 5 8 7 4 9 2 6 10 
20180903739 8 4 7 6 1 10 5 2 3 9 
20180903740 3 7 2 10 9 5 4 8 1 6 
20180903741 4 7 1 9 6 3 5 8 10 2 
20180903742 7 8 3 1 9 5 2 10 4 6 
20180903743 5 4 1 10 8 3 2 7 6 9 
20180903744 5 8 6 2 9 4 7 10 1 3 
20180903745 1 6 7 10 2 4 8 9 5 3 
20180903746 7 5 3 9 8 1 10 4 2 6 
20180903747 10 9 1 3 2 4 8 6 7 5 
20180903748 6 3 1 10 8 4 2 5 9 7 
20180903749 6 2 10 8 5 7 9 1 4 3 
20180903750 10 1 3 2 8 7 6 4 5 9 
20180903751 2 8 9 4 7 3 10 1 6 5 
20180903752 9 5 4 8 3 10 7 1 6 2 
20180903753 10 8 1 4 7 2 6 9 3 5 
20180903754 9 8 4 10 3 6 5 7 2 1 
20180903755 6 1 2 9 5 4 7 10 8 3 
20180903756 6 10 8 9 4 2 3 7 1 5 
20180903757 2 5 4 6 10 7 8 1 9 3 
20180903758 7 1 8 3 6 2 10 9 5 4 
20180903759 3 4 6 1 10 5 9 7 8 2 
20180903760 6 7 10 4 2 9 1 8 3 5 
20180903761 9 4 1 6 5 10 3 2 7 8 
20180903762 3 5 4 9 6 1 2 10 7 8 
20180903763 7 9 3 1 2 5 4 8 6 10 
20180903764 9 7 4 2 6 3 5 8 10 1 
20180903765 7 6 9 4 5 3 2 10 1 8 
20180903766 9 8 2 1 7 10 6 3 4 5 
20180903767 10 5 8 3 6 2 1 7 9 4 
20180903768 8 5 2 6 9 7 4 3 1 10 
20180903769 8 6 7 4 2 9 3 10 1 5 
20180903770 1 5 7 3 10 2 8 4 9 6 
20180903771 3 9 2 6 5 4 8 10 1 7 
20180903772 1 4 6 5 9 3 8 10 2 7 
20180903773 6 7 8 3 9 2 1 5 10 4 
20180903774 7 4 1 3 2 8 9 10 6 5 
20180903775 3 2 7 1 8 5 6 9 10 4 
20180903776 7 6 8 1 9 2 4 5 3 10 
20180903777 2 1 6 4 8 5 3 9 10 7 
20180903778 2 5 4 9 10 3 1 7 8 6 
20180903779 8 10 9 4 5 2 6 3 1 7 
20180903780 4 10 5 1 7 6 8 2 9 3 
20180903781 4 8 7 10 3 5 6 2 1 9 
20180903782 8 10 6 3 1 5 4 2 7 9 
20180903783 1 8 10 2 6 7 4 3 9 5 
20180903784 1 7 3 4 10 5 2 6 9 8 
20180903785 3 9 1 2 5 7 10 4 6 8 
20180903786 5 9 3 6 8 7 2 1 10 4 
20180903787 9 5 1 3 8 4 7 6 10 2 
20180903788 8 7 5 3 6 10 1 4 9 2 
20180903789 6 5 9 2 7 8 1 10 3 4 
20180903790 7 9 2 1 5 4 8 10 6 3 
20180903791 6 9 7 5 8 4 10 1 2 3 
20180903792 3 6 4 8 5 9 7 2 10 1 
20180903793 3 4 8 10 1 2 5 7 6 9 
20180903794 6 3 4 1 2 10 9 5 8 7 
20180903795 10 8 9 2 7 4 3 5 6 1 
20180903796 6 1 3 10 4 5 8 7 9 2 
20180903797 6 3 9 5 8 1 7 4 10 2 
20180903798 5 8 10 3 7 2 9 1 4 6 
20180903799 2 5 6 8 4 9 10 3 1 7 
20180903800 5 10 1 9 8 2 6 4 7 3 
20180903801 10 8 3 5 7 4 1 9 2 6 
20180903802 5 9 10 7 4 8 1 2 3 6 
20180903803 6 3 1 8 2 10 9 7 5 4 
20180903804 1 4 7 10 3 8 2 5 9 6 
20180903805 6 8 10 9 1 7 3 4 2 5 
20180903806 1 3 7 5 10 8 6 9 4 2 
20180903807 8 9 7 3 4 1 2 6 10 5 
20180903808 5 7 1 2 3 9 10 6 8 4 
20180903809 8 9 3 1 2 4 5 6 10 7 
20180903810 5 6 7 3 1 2 9 4 10 8 
20180903811 5 7 2 3 9 10 8 4 1 6 
20180903812 9 4 1 7 2 5 8 6 3 10 
20180903813 9 2 1 5 3 7 4 10 8 6 
20180903814 2 6 5 8 4 10 3 1 7 9 
20180903815 1 3 9 8 4 10 7 5 6 2 
20180903816 9 3 6 5 2 1 10 8 4 7 
20180903817 7 3 6 10 8 4 1 2 9 5 
20180903818 1 9 8 3 10 7 6 2 5 4 
20180903819 5 3 9 1 10 8 6 2 4 7 
20180903820 10 1 6 4 9 2 3 7 8 5 
20180903821 1 2 9 5 4 3 6 8 10 7 
20180903822 2 6 8 7 4 10 1 9 5 3 
20180903823 9 1 10 2 6 7 5 4 8 3 
20180903824 1 2 6 7 10 8 9 3 5 4 
20180903825 3 4 8 10 2 5 9 1 6 7 
20180903826 8 2 10 4 7 1 6 9 5 3 
20180903827 3 8 2 4 6 5 9 1 10 7 
20180903828 5 9 8 10 6 4 1 3 2 7 
20180903829 1 4 6 7 10 5 8 3 9 2 
20180903830 3 5 1 4 2 10 7 6 8 9 
20180903831 10 7 4 1 8 9 6 3 2 5 
20180903832 5 6 4 8 2 1 10 3 9 7 
20180903833 3 5 2 4 1 7 6 10 8 9 
20180903834 6 9 1 2 5 8 10 7 4 3 
20180903835 3 2 7 4 5 1 8 9 6 10 
20180903836 6 1 3 2 5 9 7 10 4 8 
20180903837 6 9 8 10 1 5 2 7 4 3 
20180903838 4 7 5 1 8 2 6 10 3 9 
20180903839 8 6 1 5 4 7 2 10 9 3 
20180903840 8 7 1 9 4 5 2 10 6 3 
20180903841 10 6 1 7 8 3 4 2 5 9 
20180903842 5 1 6 3 2 8 10 9 7 4 
20180903843 9 1 4 3 7 6 10 8 2 5 
20180903844 2 1 3 5 10 7 9 6 4 8 
20180903845 2 10 6 1 9 8 4 5 7 3 
20180903846 7 2 5 6 8 10 4 1 9 3 
20180903847 7 10 3 9 4 5 6 8 2 1 
20180903848 8 10 3 7 1 2 6 4 9 5 
20180903849 1 5 10 3 4 6 9 8 7 2 
20180903850 2 6 9 3 8 10 7 1 4 5 
20180903851 8 4 3 7 9 6 5 10 2 1 
20180903852 7 4 2 6 8 9 5 1 3 10 
20180903853 9 1 2 5 8 6 4 7 10 3 
20180903854 2 3 10 1 9 6 8 7 4 5 
20180903855 6 4 10 9 7 3 1 5 2 8 
20180903856 3 4 7 9 2 8 5 1 6 10 
20180903857 9 3 2 6 1 5 8 4 10 7 
20180903858 9 1 3 2 10 4 5 8 7 6 
20180903859 2 8 5 6 3 1 10 9 7 4 
20180903860 10 1 8 3 6 7 9 2 5 4 
20180903861 9 4 5 10 7 1 6 8 2 3 
20180903862 4 6 9 1 8 5 7 2 10 3 
20180903863 3 2 7 5 6 4 8 10 1 9 
20180903864 3 6 2 7 4 10 5 9 8 1 
20180903865 3 9 8 5 10 2 7 1 6 4 
20180903866 5 3 2 8 9 4 10 6 7 1 
20180903867 9 6 10 8 1 4 7 3 5 2 
20180903868 9 3 1 8 10 5 4 6 2 7 
20180903869 3 10 4 6 1 8 5 9 7 2 
20180903870 9 8 5 7 3 1 2 4 10 6 
20180903871 9 6 8 5 2 10 1 4 7 3 
20180903872 5 6 2 7 4 1 10 9 3 8 
20180903873 9 4 5 1 10 2 8 3 6 7 
20180903874 7 10 9 1 8 5 3 2 4 6 
20180903875 6 1 9 8 5 2 7 3 4 10 
20180903876 10 2 5 6 8 4 3 1 7 9 
20180903877 8 4 1 2 3 5 9 6 7 10 
20180903878 8 1 6 5 2 3 7 4 10 9 
20180903879 3 5 9 1 2 4 10 8 7 6 
20180903880 3 10 7 2 4 1 6 5 8 9 
20180903881 4 6 5 8 7 9 10 1 2 3 
20180903882 10 6 4 1 7 9 5 2 8 3 
20180903883 10 9 3 2 1 5 8 7 6 4 
20180903884 1 9 6 10 2 5 7 8 4 3 
20180903885 9 8 7 2 3 5 6 4 1 10 
20180903886 1 8 7 2 5 6 4 3 10 9 
20180903887 6 8 7 2 1 5 3 4 10 9 
20180903888 3 2 7 10 9 5 1 4 6 8 
20180903889 7 2 5 3 1 4 10 8 6 9 
20180903890 1 2 8 3 9 5 4 10 6 7 
20180903891 6 1 9 7 8 3 2 10 5 4 
20180903892 5 3 10 2 1 9 6 4 8 7 
20180903893 1 7 8 5 6 9 10 3 4 2 
20180903894 4 6 10 2 8 3 1 7 9 5 
20180903895 10 7 4 9 6 5 1 3 2 8 
20180903896 5 8 7 3 9 1 2 6 4 10 
20180903897 6 1 2 8 3 4 5 7 9 10 
20180903898 5 1 7 6 8 4 9 2 10 3 
20180903899 6 7 2 5 9 4 8 10 1 3 
20180903900 5 2 3 1 10 6 9 7 8 4 
20180903901 3 1 7 6 5 8 4 10 9 2 
20180903902 1 3 10 9 6 8 4 2 7 5 
20180903903 5 7 6 2 10 8 1 4 3 9 
20180903904 7 10 5 2 3 8 4 9 6 1 
20180903905 9 8 4 3 7 2 5 6 1 10 
20180903906 10 9 2 6 1 4 7 3 5 8 
20180903907 3 7 10 4 8 1 6 5 9 2 
20180903908 5 6 10 1 7 9 3 2 8 4 
20180903909 5 9 1 7 4 3 8 2 10 6 
20180903910 1 5 6 2 10 9 3 8 7 4 
20180903911 1 3 10 5 8 4 9 7 6 2 
20180903912 8 4 3 6 9 10 7 5 1 2 
20180903913 4 9 10 6 2 3 1 8 7 5 
20180903914 3 6 10 4 1 8 9 7 5 2 
20180903915 4 7 9 1 3 2 5 8 6 10 
20180903916 6 9 7 5 4 2 3 1 8 10 
20180903917 9 4 2 5 6 10 1 7 3 8 
20180903918 2 9 6 10 8 5 4 1 3 7 
20180903919 7 4 9 1 5 8 3 6 10 2 
20180903920 9 3 5 7 1 8 6 2 4 10 
20180903921 9 6 3 5 8 7 10 1 4 2 
20180903922 9 6 2 7 3 10 8 4 1 5 
20180903923 4 6 1 10 7 9 5 3 8 2 
20180903924 7 6 5 2 9 8 1 4 10 3 
20180903925 7 1 5 6 2 3 9 8 4 10 
20180903926 6 1 3 9 8 2 10 5 7 4 
20180903927 6 10 4 5 9 1 8 7 3 2 
20180903928 1 8 5 6 7 2 4 3 10 9 
20180903929 9 2 1 10 7 3 8 4 5 6 
20180903930 8 6 4 3 5 10 7 2 1 9 
20180903931 1 2 8 4 6 3 5 7 9 10 
20180903932 8 10 7 5 6 4 2 9 3 1 
20180903933 8 6 1 3 7 4 2 5 10 9 
20180903934 8 3 1 5 9 7 6 2 4 10 
20180903935 10 5 8 3 1 9 4 6 2 7 
20180903936 6 5 3 2 10 8 1 4 9 7 
20180903937 4 2 1 10 7 9 3 6 8 5 
20180903938 3 10 9 7 2 5 6 8 4 1 
20180903939 8 6 9 10 4 7 5 1 2 3 
20180903940 9 5 1 10 7 2 6 4 3 8 
20180903941 6 3 1 4 2 9 7 8 5 10 
20180903942 1 8 9 6 10 5 7 4 2 3 
20180903943 4 5 1 10 2 6 7 9 3 8 
20180903944 6 4 10 1 8 9 5 7 3 2 
20180903945 1 8 7 5 2 9 10 3 4 6 
20180903946 2 1 3 9 4 5 6 8 10 7 
20180903947 7 5 6 1 2 9 4 10 8 3 
20180903948 10 7 2 1 8 4 9 3 6 5 
20180903949 3 6 1 8 4 2 10 5 9 7 
20180903950 5 2 3 4 6 9 1 7 10 8 
20180903951 9 2 5 4 6 1 3 10 8 7 
20180903952 7 9 10 5 6 8 2 4 1 3 
20180903953 10 2 4 3 8 7 1 6 5 9 
20180903954 4 1 3 9 2 5 7 8 10 6 
20180903955 6 5 9 8 3 2 10 1 4 7 
20180903956 6 10 1 5 2 8 4 3 7 9 
20180903957 7 5 10 6 8 2 1 4 9 3 
20180903958 8 6 2 3 10 4 9 7 1 5 
20180903959 2 3 7 4 1 10 9 6 8 5 
20180903960 7 2 6 10 1 9 8 3 4 5 
20180903961 3 9 8 10 5 1 7 4 2 6 
20180903962 3 1 8 9 6 4 5 7 2 10 
20180903963 10 2 8 5 3 9 1 4 6 7 
20180903964 4 2 5 9 6 3 8 1 7 10 
20180903965 10 9 7 2 1 5 4 3 6 8 
20180903966 2 7 1 4 5 6 10 3 9 8 
20180903967 6 9 10 8 5 1 3 4 2 7 
20180903968 6 4 3 5 10 8 1 7 2 9 
20180903969 8 2 6 4 7 3 5 10 9 1 
20180903970 7 3 10 1 8 5 2 9 4 6 
20180903971 4 8 2 6 3 10 5 9 1 7 
20180903972 2 10 3 6 7 5 4 8 1 9 
20180903973 3 2 5 7 4 8 6 9 10 1 
20180903974 4 5 6 8 7 3 2 9 10 1 
20180903975 2 3 5 6 9 10 7 8 1 4 
20180903976 5 1 6 8 3 2 7 4 9 10 
20180903977 9 10 1 2 4 8 3 5 7 6 
20180903978 5 1 9 3 10 8 7 2 4 6 
20180903979 3 9 1 8 6 5 7 2 4 10 
20180903980 10 3 6 1 7 8 4 9 5 2 
20180903981 10 4 2 8 3 7 9 6 1 5 
20180903982 5 7 1 8 10 6 2 3 9 4 
20180903983 2 4 9 3 10 6 8 1 5 7 
20180903984 4 1 7 6 10 3 5 8 2 9 
20180903985 4 8 1 6 7 5 10 3 9 2 
20180904001 9 1 5 10 7 2 3 8 4 6 
