20180527001 8 5 6 10 7 3 2 1 9 4 
20180527002 6 9 4 1 3 10 8 5 2 7 
20180527003 7 10 6 2 3 4 9 5 1 8 
20180527004 1 9 3 6 5 7 2 4 8 10 
20180527005 2 9 3 7 5 8 1 4 6 10 
20180527006 10 8 9 6 4 7 3 1 2 5 
20180527007 10 6 7 9 2 4 3 5 8 1 
20180527008 2 8 4 5 1 7 6 3 9 10 
20180527009 9 3 1 7 6 4 10 5 8 2 
20180527010 2 9 3 6 1 8 5 10 4 7 
20180527011 3 9 8 5 7 10 6 4 1 2 
20180527012 10 7 6 8 5 3 2 4 1 9 
20180527013 8 10 3 1 7 2 5 6 9 4 
20180527014 4 9 8 10 2 7 5 3 1 6 
20180527015 2 8 10 3 1 4 6 5 7 9 
20180527016 8 1 7 6 3 4 5 2 9 10 
20180527017 4 2 6 10 5 7 3 8 9 1 
20180527018 5 10 2 7 8 9 6 3 4 1 
20180527019 2 9 8 10 3 1 7 6 4 5 
20180527020 10 7 5 8 6 3 2 1 4 9 
20180527021 2 4 1 6 10 8 7 5 3 9 
20180527022 8 7 3 5 6 2 10 1 9 4 
20180527023 6 9 2 3 1 8 4 10 5 7 
20180527024 1 7 9 3 6 4 10 5 8 2 
20180527025 2 10 9 8 4 7 3 5 6 1 
20180527026 1 7 9 4 10 6 5 3 8 2 
20180527027 8 1 4 2 10 9 3 7 6 5 
20180527028 8 5 6 1 9 10 4 7 2 3 
20180527029 5 6 8 7 4 1 3 10 9 2 
20180527030 9 3 2 10 4 7 8 6 1 5 
20180527031 2 6 1 10 5 7 3 9 8 4 
20180527032 2 1 9 6 8 5 4 3 7 10 
20180527033 9 7 1 6 5 4 2 10 3 8 
20180527034 7 2 1 3 5 4 6 9 8 10 
20180527035 2 3 1 6 10 5 9 8 4 7 
20180527036 7 5 6 1 9 3 10 4 8 2 
20180527037 6 9 1 8 5 10 7 4 2 3 
20180527038 5 7 4 6 9 3 8 2 1 10 
20180527039 7 1 3 6 8 9 5 10 4 2 
20180527040 7 3 10 9 4 2 8 5 1 6 
20180527041 2 4 6 5 10 8 3 9 1 7 
20180527042 1 2 7 10 8 5 6 3 4 9 
20180527043 5 9 7 3 6 2 4 1 10 8 
20180527044 10 7 3 5 4 2 9 8 6 1 
20180527045 5 4 3 9 1 6 10 2 8 7 
20180527046 5 7 1 9 8 4 3 6 2 10 
20180527047 10 9 4 2 8 7 6 5 3 1 
20180527048 7 3 1 10 6 9 4 5 8 2 
20180527049 5 8 1 10 3 9 6 2 7 4 
20180527050 6 3 5 7 9 1 4 10 2 8 
20180527051 3 6 9 7 1 4 2 5 8 10 
20180527052 4 6 9 8 10 1 5 7 2 3 
20180527053 10 2 5 9 6 1 4 7 8 3 
20180527054 3 9 6 8 10 7 5 2 1 4 
20180527055 3 4 10 2 9 8 7 1 5 6 
20180527056 8 4 9 3 5 1 6 7 2 10 
20180527057 9 3 7 5 10 1 4 2 8 6 
20180527058 5 8 6 2 10 3 4 9 7 1 
20180527059 10 3 2 8 7 5 9 1 4 6 
20180527060 5 8 9 4 6 7 3 2 10 1 
20180527061 3 4 9 5 7 8 1 6 10 2 
20180527062 4 3 7 6 10 9 5 1 8 2 
20180527063 3 9 5 10 2 4 6 1 8 7 
20180527064 4 6 8 9 2 7 10 3 5 1 
20180527065 2 7 9 1 8 3 10 6 5 4 
20180527066 3 10 8 2 4 7 1 6 5 9 
20180527067 2 3 10 5 9 1 4 8 7 6 
20180527068 9 4 6 5 7 3 1 8 10 2 
20180527069 8 9 3 6 1 2 4 7 5 10 
20180527070 1 8 7 2 10 6 5 9 4 3 
20180527071 9 5 2 1 7 10 4 6 8 3 
20180527072 5 9 6 1 4 7 3 8 2 10 
20180527073 4 5 1 10 9 8 6 3 2 7 
20180527074 1 2 7 5 4 3 6 9 10 8 
20180527075 5 8 7 3 6 9 10 1 2 4 
20180527076 8 3 4 9 2 1 5 10 6 7 
20180527077 6 7 3 5 9 4 1 2 10 8 
20180527078 8 3 5 2 9 6 1 4 10 7 
20180527079 6 4 10 3 2 8 7 5 1 9 
20180527080 8 3 6 1 10 9 5 4 7 2 
20180527081 4 1 5 2 9 8 10 7 3 6 
20180527082 3 5 6 9 2 10 7 4 1 8 
20180527083 8 7 9 10 1 2 4 5 6 3 
20180527084 9 10 5 6 3 8 4 7 2 1 
20180527085 10 3 4 8 6 7 1 2 5 9 
20180527086 2 3 7 5 6 1 9 8 10 4 
20180527087 7 10 6 8 1 4 2 9 3 5 
20180527088 6 10 9 7 3 2 4 5 1 8 
20180527089 9 4 10 8 2 7 5 3 1 6 
20180527090 9 2 3 7 5 4 10 8 1 6 
20180527091 9 3 10 5 8 4 2 6 1 7 
20180527092 8 5 10 4 7 6 3 9 1 2 
20180527093 10 7 2 4 1 9 3 6 5 8 
20180527094 1 6 8 9 3 4 7 10 5 2 
20180527095 10 8 2 5 6 3 9 4 7 1 
20180527096 5 8 6 7 3 4 9 2 10 1 
20180527097 8 2 9 7 6 3 4 10 1 5 
20180527098 5 6 8 10 7 9 4 1 3 2 
20180527099 2 8 4 7 1 3 5 9 6 10 
20180527100 1 9 4 10 8 3 2 6 5 7 
20180527101 6 7 3 9 10 2 8 1 4 5 
20180527102 3 9 2 4 7 5 10 1 6 8 
20180527103 7 3 6 10 5 8 4 9 2 1 
20180527104 5 2 3 10 6 9 8 4 1 7 
20180527105 3 6 10 2 5 7 1 8 4 9 
20180527106 10 1 7 8 4 2 3 5 6 9 
20180527107 9 5 1 8 10 2 6 4 7 3 
20180527108 5 2 3 7 9 4 6 10 8 1 
20180527109 7 9 6 10 8 1 5 3 4 2 
20180527110 6 10 3 1 4 2 5 9 7 8 
20180527111 9 3 7 2 5 6 10 4 8 1 
20180527112 1 6 5 4 8 9 3 10 7 2 
20180527113 4 1 6 2 8 5 7 3 10 9 
20180527114 4 5 1 8 3 9 6 7 2 10 
20180527115 7 9 5 10 1 3 2 6 8 4 
20180527116 10 1 4 2 7 8 5 6 9 3 
20180527117 2 8 7 1 3 9 6 4 10 5 
20180527118 6 5 1 10 9 2 3 4 7 8 
20180527119 6 5 1 9 4 10 7 2 8 3 
20180527120 3 1 5 10 2 7 8 4 6 9 
20180527121 3 10 6 8 5 7 9 4 1 2 
20180527122 1 9 5 4 8 10 2 7 3 6 
20180527123 3 6 1 10 2 8 4 7 5 9 
20180527124 5 9 1 3 4 7 6 8 2 10 
20180527125 10 2 7 8 9 5 3 4 1 6 
20180527126 4 3 6 2 7 10 9 5 8 1 
20180527127 7 4 10 3 8 2 1 9 6 5 
20180527128 2 3 6 4 7 8 9 10 1 5 
20180527129 3 2 8 9 7 4 6 1 5 10 
20180527130 1 10 9 7 6 3 8 2 4 5 
20180527131 4 6 9 3 1 7 10 2 5 8 
20180527132 6 9 1 10 7 8 3 2 5 4 
20180527133 10 2 9 1 7 6 5 4 8 3 
20180527134 7 8 10 3 4 9 6 2 1 5 
20180527135 2 1 8 9 5 4 3 10 6 7 
20180527136 8 10 7 1 6 2 9 4 5 3 
20180527137 5 6 10 7 2 9 3 8 1 4 
20180527138 6 2 10 9 8 5 3 4 7 1 
20180527139 2 8 3 1 4 7 10 5 6 9 
20180527140 9 3 2 4 6 1 5 10 8 7 
20180527141 1 10 5 3 8 4 7 9 6 2 
20180527142 8 3 2 9 1 4 5 7 10 6 
20180527143 6 7 10 5 2 3 4 9 1 8 
20180527144 2 3 8 7 6 4 5 10 9 1 
20180527145 4 7 2 9 1 8 3 6 10 5 
20180527146 10 6 3 9 2 1 5 7 4 8 
20180527147 5 9 3 2 1 4 7 10 8 6 
20180527148 1 4 9 6 3 7 2 5 10 8 
20180527149 1 8 6 5 2 9 4 3 10 7 
20180527150 8 4 2 3 9 7 6 10 5 1 
20180527151 4 10 2 1 9 8 5 3 6 7 
20180527152 4 6 1 2 8 9 7 10 3 5 
20180527153 3 1 2 8 7 5 9 6 4 10 
20180527154 8 1 10 7 6 4 3 9 5 2 
20180527155 1 10 5 6 9 4 3 2 8 7 
20180527156 6 2 10 7 1 9 3 4 8 5 
20180527157 5 9 7 10 2 4 1 3 8 6 
20180527158 8 10 5 2 3 1 7 4 9 6 
20180527159 2 4 8 5 10 1 3 6 9 7 
20180527160 10 8 1 4 9 7 6 5 3 2 
20180527161 10 6 5 8 3 1 9 2 4 7 
20180527162 9 8 5 1 10 6 2 3 7 4 
20180527163 10 7 4 6 2 1 3 8 9 5 
20180527164 7 6 10 9 4 2 3 5 8 1 
20180527165 5 2 8 10 9 1 3 4 6 7 
20180527166 10 7 9 3 4 5 8 1 6 2 
20180527167 6 2 4 5 8 10 9 3 7 1 
20180527168 10 7 6 8 5 2 9 1 3 4 
20180527169 3 5 1 4 7 8 9 6 2 10 
20180527170 3 1 9 7 5 8 10 2 4 6 
20180527171 5 7 3 8 10 2 6 1 9 4 
20180527172 2 4 10 9 1 7 8 5 6 3 
20180527173 6 3 5 4 1 7 2 8 10 9 
20180527174 10 5 8 1 4 7 3 2 6 9 
20180527175 4 5 9 3 8 2 1 10 6 7 
20180527176 7 2 6 5 9 8 3 4 10 1 
20180527177 10 9 4 1 6 5 2 3 8 7 
20180527178 5 7 6 8 2 9 1 10 3 4 
20180527179 2 8 7 1 9 3 5 6 10 4 
20180527180 9 10 1 4 2 6 8 7 3 5 
20180527181 3 7 10 8 5 4 9 2 6 1 
20180527182 5 3 2 8 9 4 7 6 1 10 
20180527183 2 10 3 4 7 6 9 8 1 5 
20180527184 2 7 10 9 3 5 8 6 1 4 
20180527185 1 5 7 3 8 6 9 2 10 4 
20180527186 2 5 3 7 6 10 4 1 9 8 
20180527187 3 10 6 7 2 4 8 5 1 9 
20180527188 8 3 9 4 5 7 1 10 6 2 
20180527189 7 1 9 3 10 8 2 4 6 5 
20180527190 5 3 10 4 6 7 9 2 1 8 
20180527191 10 8 3 5 9 1 4 2 6 7 
20180527192 6 7 9 2 4 8 10 3 1 5 
20180527193 8 1 2 3 10 4 9 5 6 7 
20180527194 9 2 1 5 8 7 6 10 4 3 
20180527195 6 7 3 2 4 9 10 1 8 5 
20180527196 1 6 5 3 7 2 9 10 4 8 
20180527197 7 6 8 9 5 10 3 2 4 1 
20180527198 10 8 5 2 3 4 1 7 9 6 
20180527199 3 6 7 9 8 2 10 4 1 5 
20180527200 5 10 2 6 1 8 7 9 4 3 
20180527201 2 1 8 3 6 9 7 4 5 10 
20180527202 7 2 3 8 10 4 6 9 1 5 
20180527203 8 7 4 5 3 2 1 10 6 9 
20180527204 1 5 6 9 4 3 8 2 7 10 
20180527205 3 2 10 9 1 6 8 7 5 4 
20180527206 1 7 4 8 6 2 3 9 5 10 
20180527207 3 7 5 1 10 6 9 2 8 4 
20180527208 6 9 10 3 5 1 8 2 4 7 
20180527209 1 7 9 8 10 3 6 5 2 4 
20180527210 8 1 5 9 4 3 2 10 6 7 
20180527211 5 9 2 7 1 6 10 4 3 8 
20180527212 9 2 7 8 1 10 6 3 4 5 
20180527213 9 1 5 8 4 3 10 7 6 2 
20180527214 2 4 5 10 6 1 8 7 9 3 
20180527215 10 4 6 1 8 9 7 3 5 2 
20180527216 9 4 3 7 8 5 10 2 1 6 
20180527217 8 7 3 4 10 5 1 6 2 9 
20180527218 6 4 5 7 10 1 2 9 3 8 
20180527219 10 8 1 6 5 7 3 4 9 2 
20180527220 5 3 8 7 6 9 4 10 2 1 
20180527221 3 9 1 6 8 2 7 4 5 10 
20180527222 8 6 9 7 1 2 4 10 5 3 
20180527223 1 4 7 5 2 9 10 3 8 6 
20180527224 7 6 2 10 3 8 9 4 1 5 
20180527225 10 7 3 1 8 2 9 4 6 5 
20180527226 5 6 2 1 3 7 8 10 9 4 
20180527227 7 2 4 9 10 8 1 3 6 5 
20180527228 2 7 6 1 10 4 5 8 3 9 
20180527229 4 8 6 2 10 5 1 9 7 3 
20180527230 2 5 1 10 8 3 6 9 7 4 
20180527231 9 1 7 3 5 6 8 4 2 10 
20180527232 4 10 8 2 6 3 9 5 7 1 
20180527233 4 7 10 8 1 6 3 5 9 2 
20180527234 5 4 1 8 6 9 3 7 2 10 
20180527235 7 1 6 9 10 2 4 3 5 8 
20180527236 2 5 6 9 8 7 3 1 4 10 
20180527237 9 7 5 8 3 4 10 2 1 6 
20180527238 10 6 4 9 2 8 1 3 5 7 
20180527239 5 10 1 4 9 6 7 3 8 2 
20180527240 2 8 7 9 6 1 3 4 10 5 
20180527241 5 8 7 6 3 4 9 2 1 10 
20180527242 1 2 9 8 5 10 4 6 7 3 
20180527243 7 4 3 5 10 2 8 6 9 1 
20180527244 3 6 5 2 4 7 1 8 9 10 
20180527245 2 8 5 9 10 1 3 7 6 4 
20180527246 5 8 10 4 7 9 3 2 6 1 
20180527247 2 1 8 4 5 3 9 10 6 7 
20180527248 10 4 9 7 1 6 5 2 3 8 
20180527249 6 4 5 8 3 1 10 9 2 7 
20180527250 5 6 10 2 3 9 4 1 8 7 
20180527251 5 7 9 8 10 2 1 3 4 6 
20180527252 10 6 7 1 4 2 8 9 5 3 
20180527253 8 9 5 3 7 1 2 4 6 10 
20180527254 2 3 8 7 5 4 6 10 9 1 
20180527255 4 8 10 7 6 9 2 1 3 5 
20180527256 7 10 3 2 5 1 9 4 8 6 
20180527257 3 10 8 4 6 9 2 5 1 7 
20180527258 5 4 1 10 8 2 9 6 7 3 
20180527259 4 1 9 8 3 2 10 7 5 6 
20180527260 6 8 3 9 2 1 10 7 5 4 
20180527261 5 7 10 1 9 6 2 3 4 8 
20180527262 2 9 10 8 6 3 4 1 7 5 
20180527263 9 10 5 4 7 1 8 2 3 6 
20180527264 6 3 7 4 8 9 2 1 5 10 
20180527265 5 4 2 9 6 10 1 3 8 7 
20180527266 9 7 5 1 3 8 4 6 2 10 
20180527267 4 10 8 9 7 3 6 5 1 2 
20180527268 8 3 7 10 6 2 4 9 1 5 
20180527269 8 1 7 10 5 4 9 6 3 2 
20180527270 3 6 10 7 2 4 9 8 5 1 
20180527271 7 1 6 5 4 3 9 8 2 10 
20180527272 5 4 2 9 7 1 3 10 6 8 
20180527273 7 5 8 1 6 3 10 4 2 9 
20180527274 3 9 10 2 8 1 4 6 7 5 
20180527275 9 8 4 3 6 10 1 2 5 7 
20180527276 8 10 2 6 4 5 1 7 3 9 
20180527277 5 6 9 4 8 2 10 3 7 1 
20180527278 1 2 3 4 7 10 8 5 6 9 
20180527279 3 8 5 9 1 2 7 4 6 10 
20180527280 1 2 9 4 5 10 7 8 6 3 
20180527281 7 2 4 1 3 10 8 6 5 9 
20180527282 8 2 10 3 4 7 1 5 6 9 
20180527283 1 8 9 4 3 6 2 5 7 10 
20180527284 8 7 5 9 4 2 6 10 3 1 
20180527285 8 10 4 6 1 2 3 7 9 5 
20180527286 4 10 7 9 3 1 6 5 2 8 
20180527287 9 4 3 5 1 10 6 7 2 8 
20180527288 6 8 3 5 4 1 9 10 2 7 
20180527289 9 7 8 2 10 5 1 4 6 3 
20180527290 3 2 8 9 1 7 4 10 6 5 
20180527291 8 9 5 10 4 6 2 3 7 1 
20180527292 7 8 1 6 4 2 9 5 3 10 
20180527293 5 10 1 8 2 7 6 4 9 3 
20180527294 6 3 4 9 7 2 5 8 10 1 
20180527295 3 7 5 4 6 8 2 9 10 1 
20180527296 8 10 9 1 3 2 6 4 7 5 
20180527297 4 3 1 10 2 5 7 8 9 6 
20180527298 10 1 9 7 4 5 3 8 2 6 
20180527299 7 9 5 2 8 6 10 1 3 4 
20180527300 8 1 5 6 7 9 10 4 3 2 
20180527301 3 4 9 6 2 7 5 1 8 10 
20180527302 9 7 5 8 1 2 10 6 4 3 
20180527303 6 10 5 4 8 2 7 9 1 3 
20180527304 10 4 5 6 2 7 9 3 8 1 
20180527305 7 10 8 4 9 2 5 6 1 3 
20180527306 3 6 4 7 5 1 10 9 2 8 
20180527307 5 3 9 7 2 8 4 1 10 6 
20180527308 7 10 9 1 5 2 3 4 6 8 
20180527309 3 7 4 5 2 9 1 6 10 8 
20180527310 1 5 2 10 6 9 3 8 4 7 
20180527311 7 3 10 2 6 4 5 9 1 8 
20180527312 2 4 7 10 9 6 1 3 8 5 
20180527313 8 10 5 7 1 9 3 2 6 4 
20180527314 4 3 10 5 8 7 9 6 2 1 
20180527315 10 5 9 2 1 6 7 8 3 4 
20180527316 2 3 10 4 9 8 7 5 6 1 
20180527317 1 5 9 8 4 10 3 6 7 2 
20180527318 9 6 8 4 2 5 1 7 10 3 
20180527319 10 1 7 9 5 8 6 2 4 3 
20180527320 7 6 10 3 2 1 9 4 5 8 
20180527321 1 7 2 3 9 5 8 10 6 4 
20180527322 1 6 4 7 2 3 8 9 10 5 
20180527323 5 10 4 1 7 6 2 8 3 9 
20180527324 2 3 7 10 1 4 6 9 8 5 
20180527325 2 10 8 9 3 7 1 5 6 4 
20180527326 5 2 6 9 4 1 7 8 3 10 
20180527327 2 1 6 7 9 3 5 8 10 4 
20180527328 3 5 8 6 2 9 4 10 7 1 
20180527329 9 1 6 8 10 3 5 2 4 7 
20180527330 2 5 7 9 4 8 3 1 6 10 
20180527331 9 10 3 5 7 8 2 1 6 4 
20180527332 2 4 10 6 5 9 7 1 8 3 
20180527333 7 10 8 4 5 9 2 1 3 6 
20180527334 10 6 8 3 9 2 4 1 5 7 
20180527335 8 10 3 1 4 6 5 7 2 9 
20180527336 7 2 4 10 9 3 5 6 1 8 
20180527337 5 7 3 9 4 8 10 6 2 1 
20180527338 3 9 10 5 2 6 1 7 4 8 
20180527339 4 6 7 3 9 10 8 2 5 1 
20180527340 6 2 7 10 9 4 3 1 5 8 
20180527341 3 6 8 5 7 10 2 9 1 4 
20180527342 9 5 6 1 3 7 8 10 2 4 
20180527343 9 3 4 2 7 8 10 6 5 1 
20180527344 5 7 10 9 6 8 1 2 4 3 
20180527345 2 7 3 10 5 6 8 4 1 9 
20180527346 7 6 8 2 10 1 9 4 3 5 
20180527347 8 5 10 3 7 1 6 9 4 2 
20180527348 10 4 6 7 2 3 8 5 9 1 
20180527349 9 4 6 1 8 2 5 10 3 7 
20180527350 9 7 2 6 3 10 1 4 5 8 
20180527351 4 2 8 3 9 10 5 7 6 1 
20180527352 5 10 3 6 7 1 8 4 9 2 
20180527353 6 5 2 10 9 4 3 8 7 1 
20180527354 7 5 2 8 4 1 10 9 3 6 
20180527355 7 8 2 10 9 6 1 3 5 4 
20180527356 6 5 4 1 8 2 7 3 9 10 
20180527357 1 10 6 8 2 7 3 9 5 4 
20180527358 9 7 10 6 5 4 1 2 3 8 
20180527359 9 6 4 7 3 2 10 5 1 8 
20180527360 1 2 8 6 4 9 3 7 5 10 
20180527361 2 9 5 10 8 3 7 4 1 6 
20180527362 5 4 9 10 3 2 8 6 1 7 
20180527363 4 8 9 10 2 1 6 7 5 3 
20180527364 3 2 7 9 8 5 6 10 4 1 
20180527365 9 1 5 8 6 2 10 7 3 4 
20180527366 1 7 4 5 10 8 6 2 3 9 
20180527367 1 7 8 10 3 6 5 9 2 4 
20180527368 4 8 6 9 5 2 7 1 3 10 
20180527369 4 5 1 6 9 3 8 10 7 2 
20180527370 7 6 2 1 8 4 9 5 10 3 
20180527371 10 4 2 8 1 5 7 3 6 9 
20180527372 3 8 9 6 1 5 7 10 2 4 
20180527373 9 4 1 10 5 2 8 6 7 3 
20180527374 5 6 2 7 3 8 10 1 4 9 
20180527375 8 4 2 1 3 6 5 7 9 10 
20180527376 1 6 10 4 7 2 8 9 3 5 
20180527377 10 4 6 1 9 7 5 8 2 3 
20180527378 5 10 3 1 4 7 8 9 6 2 
20180527379 2 6 1 7 10 9 8 5 3 4 
20180527380 5 4 1 6 3 2 9 8 7 10 
20180527381 5 1 7 9 4 8 10 6 3 2 
20180527382 3 7 2 5 6 9 4 1 10 8 
20180527383 10 2 9 5 3 6 1 8 4 7 
20180527384 2 1 4 8 7 5 10 3 6 9 
20180527385 1 8 7 4 9 2 3 6 10 5 
20180527386 3 8 5 4 10 9 7 6 2 1 
20180527387 3 6 10 4 5 8 2 1 7 9 
20180527388 4 1 3 8 7 10 2 5 9 6 
20180527389 9 7 5 2 10 3 4 6 1 8 
20180527390 10 9 4 3 6 7 8 5 2 1 
20180527391 8 2 10 1 3 7 6 5 4 9 
20180527392 9 6 3 2 8 7 5 4 10 1 
20180527393 6 3 7 9 1 10 8 2 4 5 
20180527394 1 3 4 6 8 7 5 9 2 10 
20180527395 6 9 1 8 10 5 2 3 4 7 
20180527396 6 8 2 7 9 4 5 1 10 3 
20180527397 2 6 3 5 4 9 1 7 8 10 
20180527398 8 10 2 5 6 3 1 4 7 9 
20180527399 2 6 3 4 1 7 10 9 8 5 
20180527400 1 3 4 7 10 9 8 5 6 2 
20180527401 3 2 4 10 6 7 5 9 1 8 
20180527402 6 10 5 7 9 2 1 8 3 4 
20180527403 6 2 10 3 8 9 1 7 4 5 
20180527404 7 9 5 8 10 4 2 6 1 3 
20180527405 1 2 7 3 5 10 4 9 6 8 
20180527406 3 4 1 6 2 8 10 5 7 9 
20180527407 1 6 10 2 3 5 7 8 9 4 
20180527408 9 2 6 3 7 4 10 1 5 8 
20180527409 1 8 2 4 5 3 10 9 7 6 
20180527410 10 9 8 6 4 5 2 7 1 3 
20180527411 9 8 5 6 4 10 3 7 1 2 
20180527412 10 4 6 1 5 3 9 7 2 8 
20180527413 1 5 3 8 7 4 10 2 9 6 
20180527414 5 1 4 8 7 6 2 10 9 3 
20180527415 2 4 3 6 8 5 10 9 1 7 
20180527416 7 4 2 5 10 8 6 1 9 3 
20180527417 7 6 10 2 1 4 5 9 3 8 
20180527418 8 1 2 7 4 10 9 3 6 5 
20180527419 6 1 2 4 3 5 8 10 7 9 
20180527420 7 8 9 4 2 1 5 6 3 10 
20180527421 4 3 7 2 8 10 5 1 9 6 
20180527422 5 6 3 4 2 1 7 9 8 10 
20180527423 6 8 1 9 3 10 5 2 7 4 
20180527424 8 3 6 2 7 5 10 9 1 4 
20180527425 4 8 7 3 10 1 9 5 6 2 
20180527426 2 5 3 1 4 8 10 6 7 9 
20180527427 5 7 10 2 3 1 9 8 4 6 
20180527428 4 9 10 1 8 5 3 7 2 6 
20180527429 8 10 5 3 7 9 2 1 6 4 
20180527430 2 1 9 10 3 5 6 7 8 4 
20180527431 7 2 4 8 9 1 10 3 5 6 
20180527432 8 7 6 1 4 5 3 2 10 9 
20180527433 9 6 8 5 1 2 3 10 4 7 
20180527434 7 9 1 8 10 6 3 5 2 4 
20180527435 6 9 5 2 4 8 10 7 3 1 
20180527436 9 6 8 1 10 3 4 5 7 2 
20180527437 9 6 5 7 8 3 4 10 2 1 
20180527438 9 6 7 4 1 3 8 2 5 10 
20180527439 10 2 8 3 9 7 4 5 1 6 
20180527440 10 4 5 9 6 1 2 3 8 7 
20180527441 3 6 9 4 7 5 8 2 10 1 
20180527442 2 4 7 6 8 5 10 3 9 1 
20180527443 7 1 4 10 8 6 2 3 9 5 
20180527444 4 6 2 10 9 8 7 1 3 5 
20180527445 3 1 8 6 10 7 5 4 2 9 
20180527446 8 6 2 4 7 3 9 1 10 5 
20180527447 10 2 8 1 3 7 6 4 5 9 
20180527448 8 2 1 9 7 4 5 10 3 6 
20180527449 8 5 2 1 4 7 6 3 9 10 
20180527450 6 2 3 9 10 4 7 5 8 1 
20180527451 10 9 5 7 3 4 2 8 1 6 
20180527452 9 5 4 7 1 6 8 2 3 10 
20180527453 3 8 5 2 4 6 10 7 1 9 
20180527454 9 7 3 8 6 10 4 5 2 1 
20180527455 4 6 1 5 9 7 2 10 3 8 
20180527456 3 2 9 1 10 7 6 5 4 8 
20180527457 6 5 1 10 8 9 2 7 3 4 
20180527458 4 9 5 2 7 8 1 6 10 3 
20180527459 3 10 1 5 4 2 9 7 6 8 
20180527460 7 3 4 9 5 1 6 10 8 2 
20180527461 5 6 8 9 7 4 2 10 1 3 
20180527462 1 2 10 7 5 4 8 6 9 3 
20180527463 7 2 10 9 6 1 8 3 4 5 
20180527464 5 10 9 3 4 7 1 6 2 8 
20180527465 3 5 1 9 10 4 8 2 7 6 
20180527466 5 7 2 8 3 9 10 6 4 1 
20180527467 6 9 4 10 3 1 5 8 2 7 
20180527468 8 10 1 6 3 4 5 2 9 7 
20180527469 2 7 10 9 8 4 6 1 3 5 
20180527470 5 6 7 9 4 10 8 3 2 1 
20180527471 10 6 9 5 3 4 1 7 8 2 
20180527472 2 3 10 9 7 8 5 4 1 6 
20180527473 3 4 5 7 6 9 10 1 8 2 
20180527474 4 3 5 1 9 2 6 10 7 8 
20180527475 2 6 9 5 1 7 10 4 3 8 
20180527476 10 2 5 4 1 9 7 8 6 3 
20180527477 3 4 7 1 2 5 8 9 6 10 
20180527478 2 8 4 3 9 1 6 7 5 10 
20180527479 7 8 1 10 9 6 4 2 3 5 
20180527480 7 1 5 10 3 2 9 8 6 4 
20180527481 4 5 9 7 1 3 10 2 8 6 
20180527482 6 7 8 5 3 2 1 9 10 4 
20180527483 5 9 3 10 1 8 4 6 2 7 
20180527484 4 9 2 1 10 5 6 7 3 8 
20180527485 5 8 10 9 7 2 6 3 4 1 
20180527486 7 10 9 5 3 4 1 6 8 2 
20180527487 5 3 8 6 9 4 2 10 7 1 
20180527488 3 2 8 10 6 4 1 7 9 5 
20180527489 8 2 5 1 3 10 4 7 6 9 
20180527490 6 10 5 2 3 7 9 8 4 1 
20180527491 9 8 2 5 1 4 10 7 6 3 
20180527492 4 7 9 1 3 5 2 6 8 10 
20180527493 6 8 1 2 10 3 7 5 4 9 
20180527494 1 4 6 9 7 2 8 10 5 3 
20180527495 3 9 1 10 7 5 2 6 4 8 
20180527496 3 5 4 10 2 6 9 7 1 8 
20180527497 4 6 8 9 3 10 1 5 2 7 
20180527498 5 4 6 2 3 9 7 8 10 1 
20180527499 1 4 5 3 2 9 6 10 7 8 
20180527500 7 4 6 1 5 2 10 9 3 8 
20180527501 4 8 2 5 10 7 1 6 3 9 
20180527502 4 3 8 10 6 5 7 2 1 9 
20180527503 2 9 7 4 1 3 5 10 6 8 
20180527504 7 8 6 3 10 1 2 9 4 5 
20180527505 5 7 9 2 4 8 6 3 10 1 
20180527506 4 1 10 6 5 3 2 7 8 9 
20180527507 5 10 1 9 4 8 6 7 3 2 
20180527508 10 9 7 2 5 8 4 3 1 6 
20180527509 2 6 7 5 4 10 3 1 9 8 
20180527510 4 1 2 3 9 5 10 8 7 6 
20180527511 5 1 10 6 7 9 8 2 3 4 
20180527512 2 8 4 5 3 7 9 1 6 10 
20180527513 2 5 10 7 4 3 9 1 6 8 
20180527514 10 2 4 5 6 8 3 1 9 7 
20180527515 3 4 2 8 9 7 6 10 5 1 
20180527516 7 1 3 10 5 8 9 6 4 2 
20180527517 8 10 9 3 7 6 4 2 5 1 
20180527518 8 4 1 7 10 6 9 5 2 3 
20180527519 7 4 6 1 8 5 2 9 10 3 
20180527520 10 4 2 6 3 7 1 9 5 8 
20180527521 6 9 8 1 4 5 3 7 2 10 
20180527522 7 10 9 1 2 5 4 3 6 8 
20180527523 6 10 3 8 9 2 7 5 4 1 
20180527524 1 7 5 10 8 9 3 2 6 4 
20180527525 1 7 2 9 3 8 6 5 10 4 
20180527526 6 5 2 1 7 9 10 3 8 4 
20180527527 10 2 7 8 3 4 6 5 9 1 
20180527528 4 1 6 5 10 8 3 2 7 9 
20180527529 9 8 3 5 2 1 6 7 4 10 
20180527530 1 7 4 2 9 6 10 8 3 5 
20180527531 1 10 5 3 7 2 8 9 6 4 
20180527532 6 8 5 2 7 9 10 4 3 1 
20180527533 10 8 3 6 1 4 9 2 5 7 
20180527534 2 9 6 3 5 10 4 8 7 1 
20180527535 5 1 10 9 2 8 7 6 3 4 
20180527536 4 10 6 9 3 2 5 8 1 7 
20180527537 8 7 10 4 5 2 6 9 3 1 
20180527538 10 4 9 6 5 2 3 8 7 1 
20180527539 7 9 6 10 3 5 4 1 2 8 
20180527540 9 5 2 7 4 8 6 10 3 1 
20180527541 6 10 3 7 5 9 2 1 8 4 
20180527542 2 7 1 4 3 6 5 10 9 8 
20180527543 8 5 9 2 6 4 1 10 7 3 
20180527544 5 10 7 9 4 1 2 6 3 8 
20180527545 7 1 6 10 9 5 2 8 4 3 
20180527546 6 8 10 2 7 4 5 9 1 3 
20180527547 10 8 6 3 7 4 2 9 1 5 
20180527548 9 8 2 3 10 5 7 1 4 6 
20180527549 2 9 5 10 7 3 6 8 4 1 
20180527550 8 4 5 6 10 9 7 3 2 1 
20180527551 8 3 2 7 1 6 4 10 9 5 
20180527552 5 7 8 2 3 1 10 4 6 9 
20180527553 9 2 1 4 5 3 6 7 10 8 
20180527554 3 10 5 6 9 4 8 7 1 2 
20180527555 4 7 6 5 1 9 2 8 3 10 
20180527556 9 3 6 1 2 7 10 4 5 8 
20180527557 1 9 7 5 6 8 4 2 3 10 
20180527558 8 6 3 10 7 5 9 2 1 4 
20180527559 1 5 7 4 10 2 6 8 3 9 
20180527560 9 7 2 1 10 8 3 4 5 6 
20180527561 8 1 10 9 3 5 7 6 4 2 
20180527562 6 9 2 8 10 7 4 3 5 1 
20180527563 1 10 6 4 7 2 5 9 3 8 
20180527564 3 10 9 8 5 2 4 7 1 6 
20180527565 10 4 6 1 2 5 7 8 9 3 
20180527566 8 5 2 7 10 6 3 9 4 1 
20180527567 6 2 4 3 9 5 8 10 1 7 
20180527568 1 7 9 4 5 6 8 3 2 10 
20180527569 3 10 5 6 1 8 7 2 9 4 
20180527570 9 6 2 8 3 4 10 5 7 1 
20180527571 8 7 2 4 6 9 1 3 10 5 
20180527572 6 8 3 10 7 9 2 5 1 4 
20180527573 4 10 8 3 6 7 9 5 2 1 
20180527574 6 2 7 1 5 4 9 3 10 8 
20180527575 9 6 4 3 5 8 2 10 7 1 
20180527576 2 4 8 7 5 9 3 10 1 6 
20180527577 9 6 5 7 4 10 2 3 8 1 
20180527578 8 1 7 9 4 6 5 3 2 10 
20180527579 1 7 8 9 5 10 6 2 3 4 
20180527580 7 4 6 2 3 10 5 8 1 9 
20180527581 7 2 5 8 3 6 1 9 4 10 
20180527582 8 9 1 4 6 3 7 2 10 5 
20180527583 10 3 7 1 4 2 5 9 6 8 
20180527584 3 7 8 6 1 4 2 5 9 10 
20180527585 8 5 6 7 10 2 4 9 1 3 
20180527586 10 1 5 2 7 3 8 4 6 9 
20180527587 8 9 7 6 1 4 5 10 2 3 
20180527588 5 8 9 10 3 6 1 7 2 4 
20180527589 2 1 8 5 6 9 3 4 7 10 
20180527590 10 5 1 6 3 8 2 9 7 4 
20180527591 2 10 9 7 5 8 4 3 6 1 
20180527592 10 9 7 8 1 5 4 6 3 2 
20180527593 5 8 3 2 9 6 1 7 4 10 
20180527594 1 7 5 4 3 8 10 2 6 9 
20180527595 8 5 4 10 1 3 9 6 2 7 
20180527596 9 10 5 4 6 2 7 3 8 1 
20180527597 2 9 3 1 4 5 10 8 7 6 
20180527598 9 5 10 7 1 3 4 8 6 2 
20180527599 6 9 2 1 7 8 10 4 3 5 
20180527600 3 6 1 9 2 4 5 10 8 7 
20180527601 10 1 7 8 6 9 3 5 2 4 
20180527602 7 9 6 2 5 3 10 4 1 8 
20180527603 2 5 4 7 3 8 6 9 1 10 
20180527604 3 7 2 10 5 9 1 8 4 6 
20180527605 3 8 7 4 5 9 6 2 10 1 
20180527606 6 1 2 5 9 8 7 10 3 4 
20180527607 10 7 2 3 8 4 9 6 1 5 
20180527608 9 4 7 1 6 10 3 8 5 2 
20180527609 10 5 1 4 3 2 9 6 7 8 
20180527610 2 8 4 7 1 9 6 5 3 10 
20180527611 5 9 4 1 10 2 8 6 3 7 
20180527612 6 4 5 7 3 1 10 8 9 2 
20180527613 10 4 1 6 8 5 7 2 3 9 
20180527614 3 2 9 8 4 1 7 10 5 6 
20180527615 5 1 7 4 3 6 9 2 10 8 
20180527616 1 5 6 3 4 9 2 7 8 10 
20180527617 8 6 1 7 5 2 9 3 4 10 
20180527618 7 9 8 5 10 6 3 4 1 2 
20180527619 10 5 6 1 7 2 3 9 4 8 
20180527620 10 8 9 6 1 5 2 4 7 3 
20180527621 2 9 5 8 3 1 10 7 6 4 
20180527622 8 6 7 9 1 2 5 4 10 3 
20180527623 4 3 1 2 10 7 9 8 6 5 
20180527624 8 9 3 1 5 10 2 6 4 7 
20180527625 3 7 9 4 2 5 1 10 8 6 
20180527626 4 3 6 2 8 5 1 9 10 7 
20180527627 2 8 3 1 6 5 4 7 9 10 
20180527628 3 7 1 10 5 6 2 8 9 4 
20180527629 6 3 9 7 5 8 10 1 4 2 
20180527630 10 2 9 6 5 7 8 3 4 1 
20180527631 5 2 6 7 9 10 4 1 8 3 
20180527632 3 9 6 10 7 2 5 4 8 1 
20180527633 1 8 10 9 4 2 3 7 6 5 
20180527634 5 6 10 1 2 3 9 4 8 7 
20180527635 6 7 4 3 1 8 2 5 10 9 
20180527636 6 3 8 1 9 7 4 10 5 2 
20180527637 1 8 7 6 9 3 4 2 10 5 
20180527638 10 3 9 5 1 6 8 2 7 4 
20180527639 8 10 6 3 9 7 4 5 2 1 
20180527640 7 3 9 2 1 6 4 10 8 5 
20180527641 1 3 4 9 7 8 2 6 10 5 
20180527642 1 3 10 7 6 9 5 8 2 4 
20180527643 4 1 2 6 7 3 5 9 8 10 
20180527644 7 2 3 8 10 6 9 1 4 5 
20180527645 4 7 8 10 9 3 1 6 5 2 
20180527646 6 10 5 2 4 8 7 1 3 9 
20180527647 6 7 10 9 2 3 4 8 1 5 
20180527648 10 7 9 5 1 8 2 3 6 4 
20180527649 6 8 10 7 9 5 3 1 4 2 
20180527650 2 4 3 10 9 6 8 7 1 5 
20180527651 6 3 7 1 8 10 9 2 4 5 
20180527652 5 1 9 2 4 6 7 8 3 10 
20180527653 3 10 9 7 4 6 5 8 2 1 
20180527654 7 1 4 5 10 6 9 2 8 3 
20180527655 4 8 3 10 9 6 1 7 2 5 
20180527656 9 1 5 10 6 8 4 3 7 2 
20180527657 10 5 2 4 6 7 8 3 1 9 
20180527658 1 3 6 4 5 8 7 9 2 10 
20180527659 10 3 9 5 7 8 4 6 2 1 
20180527660 8 4 7 6 3 5 2 1 10 9 
20180527661 6 5 1 7 4 3 2 9 8 10 
20180527662 2 3 9 7 1 10 8 5 4 6 
20180527663 7 5 9 1 4 2 3 6 8 10 
20180527664 10 3 8 6 4 2 5 7 1 9 
20180527665 4 2 6 7 8 10 1 3 5 9 
20180527666 1 6 8 2 3 7 4 10 5 9 
20180527667 3 8 6 7 9 2 4 10 1 5 
20180527668 2 5 8 1 7 3 10 9 4 6 
20180527669 4 1 7 9 6 8 5 3 2 10 
20180527670 9 6 5 1 10 4 7 8 3 2 
20180527671 6 7 1 10 4 2 9 8 5 3 
20180527672 9 2 7 5 3 6 1 4 8 10 
20180527673 9 3 8 6 10 2 5 7 4 1 
20180527674 7 2 3 8 6 1 5 4 10 9 
20180527675 9 2 8 10 1 4 3 7 6 5 
20180527676 4 6 9 3 10 5 2 7 1 8 
20180527677 10 3 6 8 5 9 2 1 7 4 
20180527678 3 8 2 1 6 9 5 10 4 7 
20180527679 1 5 6 8 3 2 4 10 7 9 
20180527680 3 1 2 10 4 9 5 7 8 6 
20180527681 7 10 3 9 1 6 4 8 5 2 
20180527682 1 3 10 4 7 2 5 6 9 8 
20180527683 5 3 8 10 9 7 4 1 6 2 
20180527684 7 4 8 6 10 1 3 9 5 2 
20180527685 10 8 3 5 4 1 7 2 9 6 
20180527686 2 5 8 10 1 6 9 4 3 7 
20180527687 8 6 1 4 9 5 7 3 2 10 
20180527688 2 3 8 1 6 10 7 5 4 9 
20180527689 2 1 4 8 5 7 10 9 6 3 
20180527690 3 10 2 9 1 8 6 7 5 4 
20180527691 5 1 9 3 2 4 7 10 6 8 
20180527692 4 6 10 2 3 1 9 5 8 7 
20180527693 6 2 5 7 9 8 3 10 4 1 
20180527694 1 3 10 9 6 7 8 2 5 4 
20180527695 7 2 6 1 10 4 3 9 8 5 
20180527696 2 9 5 3 4 7 6 8 1 10 
20180527697 7 2 1 8 10 3 4 6 9 5 
20180527698 5 6 8 4 10 3 9 1 7 2 
20180527699 6 1 7 5 3 10 4 9 2 8 
20180527700 8 5 4 10 1 9 6 7 2 3 
20180527701 6 2 10 8 3 1 5 7 4 9 
20180527702 3 9 1 8 5 4 2 7 6 10 
20180527703 8 5 4 6 7 3 9 2 10 1 
20180527704 8 1 7 2 9 6 5 3 4 10 
20180527705 5 8 3 7 9 6 10 2 4 1 
20180527706 1 7 5 2 6 4 10 8 3 9 
20180527707 2 10 6 3 9 4 1 8 7 5 
20180527708 2 3 5 6 9 10 1 8 7 4 
20180527709 4 3 2 10 5 1 7 6 9 8 
20180527710 6 5 1 8 10 7 3 9 2 4 
20180527711 8 5 6 2 3 9 1 7 10 4 
20180527712 7 3 6 1 9 2 8 4 5 10 
20180527713 5 9 1 7 3 8 6 2 4 10 
20180527714 8 3 5 4 7 6 1 10 9 2 
20180527715 6 2 4 3 1 8 5 7 9 10 
20180527716 7 9 2 6 10 5 8 4 3 1 
20180527717 7 3 6 2 10 4 5 9 8 1 
20180527718 8 3 5 10 9 2 1 7 4 6 
20180527719 8 5 3 2 10 1 6 4 9 7 
20180527720 2 3 5 4 6 8 10 1 9 7 
20180527721 6 5 9 3 1 4 7 8 2 10 
20180527722 3 6 2 5 10 8 7 1 4 9 
20180527723 3 7 5 10 4 9 2 6 8 1 
20180527724 2 6 1 9 3 4 5 10 8 7 
20180527725 5 2 1 3 9 7 6 4 10 8 
20180527726 3 6 9 5 8 4 10 2 7 1 
20180527727 7 10 9 1 3 8 4 6 2 5 
20180527728 10 5 8 9 6 4 2 7 1 3 
20180527729 10 4 1 9 3 5 2 6 7 8 
20180527730 7 4 5 8 2 1 6 9 10 3 
20180527731 4 8 9 1 5 7 2 10 6 3 
20180527732 10 7 9 4 5 6 3 2 8 1 
20180527733 8 3 2 10 6 4 5 1 7 9 
20180527734 2 5 1 3 7 4 8 10 9 6 
20180527735 8 2 10 3 7 9 4 6 5 1 
20180527736 4 1 9 10 3 8 2 7 6 5 
20180527737 3 6 10 4 1 9 8 7 5 2 
20180527738 9 1 10 6 2 5 4 3 8 7 
20180527739 9 8 1 7 4 10 6 2 3 5 
20180527740 3 2 7 9 6 4 8 1 10 5 
20180527741 8 4 1 3 2 9 7 10 5 6 
20180527742 7 8 1 3 9 10 5 2 6 4 
20180527743 5 4 10 8 2 9 7 6 3 1 
20180527744 10 9 3 2 4 1 6 7 5 8 
20180527745 4 7 9 5 8 2 10 6 3 1 
20180527746 8 1 3 10 7 6 5 9 2 4 
20180527747 2 8 1 5 3 10 9 4 7 6 
20180527748 6 5 2 3 8 9 1 7 10 4 
20180527749 4 6 10 7 2 5 1 3 8 9 
20180527750 6 3 9 5 2 10 4 8 7 1 
20180527751 3 10 5 4 1 6 9 8 2 7 
20180527752 5 1 3 6 8 9 2 7 10 4 
20180527753 4 6 3 2 5 9 10 8 7 1 
20180527754 4 8 6 10 5 9 1 3 7 2 
20180527755 1 2 4 3 9 5 6 10 8 7 
20180527756 9 8 2 7 1 6 5 3 4 10 
20180527757 1 9 2 7 3 10 5 8 4 6 
20180527758 6 7 5 8 3 2 1 9 10 4 
20180527759 7 6 5 2 4 8 3 10 1 9 
20180527760 8 4 1 5 3 10 6 2 9 7 
20180527761 6 2 4 9 1 3 10 7 8 5 
20180527762 9 10 8 6 7 3 5 4 1 2 
20180527763 6 7 2 1 5 9 3 8 10 4 
20180527764 10 1 9 2 6 5 3 8 4 7 
20180527765 4 8 7 5 6 2 9 1 3 10 
20180527766 2 7 9 6 3 8 4 10 1 5 
20180527767 8 9 5 10 1 4 7 3 6 2 
20180527768 5 7 3 9 8 6 1 2 10 4 
20180527769 6 3 4 5 10 9 2 7 1 8 
20180527770 4 8 10 6 5 2 3 7 1 9 
20180527771 3 5 10 8 4 6 9 1 7 2 
20180527772 9 3 1 7 8 2 10 5 6 4 
20180527773 6 3 5 10 4 8 2 1 9 7 
20180527774 5 2 10 8 3 4 7 9 6 1 
20180527775 6 9 10 2 1 8 7 5 3 4 
20180527776 1 3 7 2 4 8 6 5 9 10 
20180527777 8 7 10 1 9 5 2 6 4 3 
20180527778 7 4 3 9 10 5 1 6 2 8 
20180527779 3 7 9 6 2 8 4 5 10 1 
20180527780 5 2 1 4 6 7 8 3 10 9 
20180527781 8 3 7 5 2 9 6 4 1 10 
20180527782 9 6 4 5 10 2 3 7 1 8 
20180527783 7 8 10 4 6 5 9 3 1 2 
20180527784 8 9 3 7 5 2 10 6 1 4 
20180527785 2 4 5 10 3 6 8 7 9 1 
20180527786 3 1 7 6 9 2 5 10 8 4 
20180527787 4 10 6 5 2 9 7 8 3 1 
20180527788 7 2 1 8 9 5 4 10 3 6 
20180527789 3 4 6 5 10 8 1 7 2 9 
20180527790 3 1 4 9 5 8 2 10 6 7 
20180527791 3 7 4 8 1 5 10 9 6 2 
20180527792 8 10 9 2 6 3 7 1 5 4 
20180527793 8 9 2 10 6 4 7 3 5 1 
20180527794 3 2 4 5 8 6 7 10 9 1 
20180527795 6 7 9 3 1 10 8 2 4 5 
20180527796 6 7 10 5 3 8 9 2 1 4 
20180527797 3 7 8 10 2 6 9 1 4 5 
20180527798 9 8 4 10 3 1 7 5 2 6 
20180527799 6 4 2 7 1 10 9 8 3 5 
20180527800 4 2 3 1 9 5 6 8 7 10 
20180527801 5 9 4 10 8 6 3 2 7 1 
20180527802 7 9 5 8 10 6 1 4 2 3 
20180527803 2 10 6 9 8 3 1 7 4 5 
20180527804 9 5 8 4 10 7 1 6 2 3 
20180527805 9 6 3 4 5 8 2 7 10 1 
20180527806 5 4 9 2 6 8 1 7 3 10 
20180527807 4 6 8 9 2 1 5 7 3 10 
20180527808 6 8 9 1 5 7 10 4 3 2 
20180527809 4 8 9 10 6 2 5 1 7 3 
20180527810 3 10 1 7 2 4 5 8 9 6 
20180527811 3 4 9 2 10 5 1 7 6 8 
20180527812 9 7 3 2 8 10 6 4 1 5 
20180527813 2 8 5 6 10 7 4 9 3 1 
20180527814 1 3 6 4 7 9 2 5 10 8 
20180527815 2 1 5 3 10 6 7 8 4 9 
20180527816 4 3 8 10 7 6 5 1 9 2 
20180527817 3 9 4 7 8 2 10 5 6 1 
20180527818 1 3 7 2 10 6 8 9 5 4 
20180527819 3 1 6 5 10 4 2 7 9 8 
20180527820 2 5 1 6 10 3 8 7 4 9 
20180527821 5 4 8 7 10 6 3 9 1 2 
20180527822 2 1 9 3 7 8 6 5 4 10 
20180527823 8 2 3 7 9 5 6 10 4 1 
20180527824 7 1 6 2 10 5 9 4 3 8 
20180527825 1 6 3 7 4 9 5 10 2 8 
20180527826 9 8 3 5 10 7 2 4 6 1 
20180527827 4 5 7 3 1 9 6 10 8 2 
20180527828 8 5 9 1 3 2 10 7 4 6 
20180527829 5 9 4 3 10 2 7 8 6 1 
20180527830 3 9 4 6 7 10 5 8 2 1 
20180527831 3 5 1 4 10 7 8 6 2 9 
20180527832 4 1 9 7 6 10 3 8 2 5 
20180527833 10 7 1 9 2 6 3 4 5 8 
20180527834 9 2 3 6 4 5 8 7 1 10 
20180527835 2 9 5 8 7 6 10 3 1 4 
20180527836 8 3 2 5 10 7 9 4 6 1 
20180527837 1 7 8 10 6 3 2 5 9 4 
20180527838 2 10 9 7 3 8 5 4 1 6 
20180527839 1 9 4 8 6 10 3 7 5 2 
20180527840 5 10 3 7 2 9 6 1 8 4 
20180527841 4 10 3 1 6 7 5 8 9 2 
20180527842 1 2 8 3 10 7 9 4 6 5 
20180527843 1 4 9 2 3 10 6 8 5 7 
20180527844 4 8 10 1 2 3 6 5 7 9 
20180527845 7 3 1 6 9 10 8 2 4 5 
20180527846 3 5 7 2 1 8 4 6 10 9 
20180527847 1 10 2 8 5 9 4 3 6 7 
20180527848 10 8 9 4 6 3 2 7 1 5 
20180527849 8 10 3 5 7 2 6 9 1 4 
20180527850 8 10 2 5 3 1 4 9 6 7 
20180527851 8 5 1 10 7 6 2 3 4 9 
20180527852 8 9 1 5 6 2 3 7 10 4 
20180527853 4 2 10 5 6 3 8 1 7 9 
20180527854 10 1 2 4 5 6 3 7 8 9 
20180527855 1 7 6 10 2 9 5 4 8 3 
20180527856 10 9 5 7 1 4 6 3 8 2 
20180527857 8 6 7 5 9 4 1 3 2 10 
20180527858 9 8 10 1 3 5 7 2 4 6 
20180527859 2 6 9 7 5 4 3 8 10 1 
20180527860 10 2 1 5 3 4 6 9 7 8 
20180527861 10 2 3 8 5 7 6 4 1 9 
20180527862 3 10 5 7 8 9 6 1 2 4 
20180527863 8 7 5 1 9 6 4 10 2 3 
20180527864 9 1 8 3 7 5 2 4 10 6 
20180527865 2 4 5 3 6 1 9 8 10 7 
20180527866 10 5 4 2 8 1 9 6 7 3 
20180527867 4 1 6 9 5 3 8 2 7 10 
20180527868 5 4 8 7 10 3 1 2 6 9 
20180527869 4 3 6 7 10 2 5 9 1 8 
20180527870 1 7 3 9 2 5 4 8 10 6 
20180527871 2 9 5 7 10 4 8 1 3 6 
20180527872 6 5 10 2 8 1 9 7 4 3 
20180527873 10 3 9 4 1 6 8 2 7 5 
20180527874 5 7 8 9 10 4 1 2 6 3 
20180527875 7 6 4 5 9 2 8 3 1 10 
20180527876 9 10 4 1 7 5 8 3 2 6 
20180527877 10 5 7 9 1 8 3 4 2 6 
20180527878 4 5 10 9 3 6 7 2 1 8 
20180527879 10 3 6 5 1 4 2 9 8 7 
20180527880 9 7 5 3 2 6 1 8 4 10 
20180527881 1 3 10 9 8 6 4 5 7 2 
20180527882 5 4 10 1 8 2 9 7 3 6 
20180527883 5 8 4 7 10 3 9 6 1 2 
20180527884 10 3 9 5 7 8 4 1 6 2 
20180527885 9 1 6 5 3 2 4 10 7 8 
20180527886 4 2 5 7 10 8 3 6 9 1 
20180527887 3 8 10 2 7 6 9 1 5 4 
20180527888 7 4 9 3 6 8 2 10 1 5 
20180527889 1 7 4 5 2 8 9 10 6 3 
20180527890 4 6 5 2 7 9 10 1 8 3 
20180527891 7 9 1 6 3 4 8 2 5 10 
20180527892 8 2 6 1 7 9 3 5 10 4 
20180527893 8 5 3 2 9 10 6 4 7 1 
20180527894 9 1 7 6 10 4 2 3 8 5 
20180527895 6 8 10 3 4 9 2 5 7 1 
20180527896 7 10 2 9 8 1 3 4 5 6 
20180527897 9 10 1 3 2 7 5 8 6 4 
20180527898 4 6 2 7 9 5 8 1 3 10 
20180527899 6 8 7 4 10 5 9 3 1 2 
20180527900 3 5 1 2 4 6 10 9 7 8 
20180527901 8 2 6 9 1 10 5 7 3 4 
20180527902 6 5 2 3 1 4 9 7 10 8 
20180527903 9 2 7 6 4 8 5 1 3 10 
20180527904 7 4 10 9 5 2 8 6 3 1 
20180527905 3 8 10 4 9 7 1 2 5 6 
20180527906 8 6 5 4 7 3 2 1 9 10 
20180527907 6 2 7 5 8 1 10 9 4 3 
20180527908 8 1 2 9 4 6 3 5 7 10 
20180527909 6 10 9 8 3 5 1 7 2 4 
20180527910 10 2 1 4 3 5 9 7 8 6 
20180527911 1 7 3 9 5 2 4 6 8 10 
20180527912 9 6 5 1 4 7 3 8 10 2 
20180527913 7 6 5 8 10 3 1 4 2 9 
20180527914 6 8 10 3 5 1 4 7 2 9 
20180527915 5 6 3 8 2 7 9 4 10 1 
20180527916 5 8 3 7 2 9 6 4 10 1 
20180527917 5 1 8 7 9 3 4 2 10 6 
20180527918 3 8 9 1 4 10 5 2 6 7 
20180527919 7 5 2 8 6 10 4 9 1 3 
20180527920 4 7 2 3 6 8 10 1 9 5 
20180527921 9 10 5 8 4 1 6 3 7 2 
20180527922 1 8 2 9 4 5 3 6 10 7 
20180527923 1 2 10 5 7 8 3 4 6 9 
20180527924 8 10 5 6 2 1 3 4 9 7 
20180527925 4 2 5 1 7 10 6 3 8 9 
20180527926 2 8 1 7 3 6 10 5 9 4 
20180527927 10 5 9 1 8 2 6 4 3 7 
20180527928 5 7 8 4 2 1 9 3 6 10 
20180527929 3 1 2 9 5 6 4 7 8 10 
20180527930 7 5 2 4 1 9 3 8 6 10 
20180527931 3 10 2 5 6 7 9 1 8 4 
20180527932 7 10 6 4 3 2 8 9 1 5 
20180527933 1 6 4 7 8 5 9 2 3 10 
20180527934 1 2 3 7 6 10 9 4 8 5 
20180527935 10 1 4 8 9 5 2 6 7 3 
20180527936 8 2 6 9 1 4 7 5 10 3 
20180527937 3 1 10 6 8 4 5 9 2 7 
20180527938 10 2 4 3 8 9 7 1 6 5 
20180527939 7 4 5 2 9 6 3 8 1 10 
20180527940 2 1 7 10 3 8 5 4 6 9 
20180527941 9 8 4 6 7 2 3 10 1 5 
20180527942 5 1 4 8 10 6 2 3 9 7 
20180527943 5 7 6 10 2 1 3 4 9 8 
20180527944 5 7 6 9 4 8 10 2 3 1 
20180527945 4 1 5 8 9 6 3 10 2 7 
20180527946 3 2 8 9 10 5 7 4 6 1 
20180527947 5 3 9 10 2 4 6 8 7 1 
20180527948 1 5 9 4 6 2 10 7 3 8 
20180527949 8 9 3 7 5 10 4 6 1 2 
20180527950 1 9 8 3 2 6 4 10 7 5 
20180527951 10 8 3 4 5 2 6 7 1 9 
20180527952 8 10 9 2 1 6 4 5 7 3 
20180527953 1 5 9 4 7 2 6 3 8 10 
20180527954 4 6 5 2 8 7 10 9 1 3 
20180527955 6 5 7 8 2 9 10 4 3 1 
20180527956 3 9 8 2 4 6 10 5 7 1 
20180527957 6 3 7 2 9 4 10 8 1 5 
20180527958 3 7 4 5 1 6 10 9 2 8 
20180527959 2 10 5 1 7 6 8 4 9 3 
20180527960 6 2 3 8 7 10 9 4 5 1 
20180527961 8 5 4 3 9 6 7 2 10 1 
20180527962 5 7 3 1 4 6 10 2 8 9 
20180527963 10 8 9 7 1 2 4 3 6 5 
20180527964 9 3 6 2 4 10 8 1 7 5 
20180527965 10 4 6 5 1 9 8 7 3 2 
20180527966 3 1 9 7 5 4 10 8 2 6 
20180527967 10 2 9 4 8 6 7 3 5 1 
20180527968 3 4 9 10 5 1 7 6 8 2 
20180527969 4 9 5 1 7 8 10 2 6 3 
20180527970 1 3 2 10 8 9 6 4 7 5 
20180527971 1 7 6 3 2 8 5 9 10 4 
20180527972 1 7 5 6 9 8 10 2 4 3 
20180527973 2 4 10 6 7 1 9 3 5 8 
20180527974 10 9 1 5 8 2 6 7 3 4 
20180527975 3 1 8 5 10 9 6 7 2 4 
20180527976 6 1 8 7 5 2 9 3 4 10 
20180527977 10 3 9 6 7 4 5 8 2 1 
20180527978 6 1 5 8 4 9 10 3 2 7 
20180527979 9 8 7 1 5 2 4 3 10 6 
20180527980 10 8 9 5 4 3 1 6 7 2 
20180527981 4 2 9 1 3 6 7 5 10 8 
20180527982 7 10 5 8 9 3 2 1 6 4 
20180527983 1 4 2 6 9 10 7 5 8 3 
20180527984 9 8 3 4 6 2 7 1 10 5 
20180527985 9 2 4 10 8 5 1 6 7 3 
