20180529001 4 9 6 7 5 1 3 2 8 10 
20180529002 8 3 7 4 6 5 10 9 1 2 
20180529003 6 3 1 5 10 2 4 7 8 9 
20180529004 7 8 3 1 10 6 4 2 5 9 
20180529005 6 2 10 4 5 3 1 9 8 7 
20180529006 3 1 5 8 10 6 2 9 7 4 
20180529007 2 7 5 4 9 8 3 10 1 6 
20180529008 6 9 3 4 7 1 10 5 8 2 
20180529009 5 1 9 10 6 7 4 3 2 8 
20180529010 7 10 8 9 3 4 5 6 1 2 
20180529011 5 2 7 4 8 9 6 10 3 1 
20180529012 4 3 7 9 2 6 8 5 1 10 
20180529013 2 4 6 10 8 9 1 3 5 7 
20180529014 7 6 10 9 2 1 3 8 4 5 
20180529015 5 10 1 9 6 4 3 8 7 2 
20180529016 7 1 10 3 2 8 4 5 9 6 
20180529017 3 6 1 4 10 9 8 2 7 5 
20180529018 3 10 4 6 8 1 2 9 5 7 
20180529019 3 10 8 4 9 6 1 7 5 2 
20180529020 6 5 4 2 1 3 7 8 10 9 
20180529021 7 1 5 3 4 9 8 10 2 6 
20180529022 9 4 1 10 5 7 2 8 6 3 
20180529023 2 5 9 1 4 10 7 3 6 8 
20180529024 7 9 5 6 3 10 1 2 4 8 
20180529025 5 7 9 10 4 3 1 6 8 2 
20180529026 5 6 1 9 4 3 8 2 10 7 
20180529027 9 4 5 10 3 8 6 1 2 7 
20180529028 8 7 1 3 9 2 4 5 6 10 
20180529029 1 4 9 7 5 2 3 8 10 6 
20180529030 4 6 9 1 3 2 10 8 7 5 
20180529031 8 3 6 2 9 4 10 7 5 1 
20180529032 7 5 3 1 9 10 6 4 8 2 
20180529033 8 6 2 7 9 5 10 1 4 3 
20180529034 3 10 5 2 9 1 7 4 6 8 
20180529035 2 6 5 1 7 4 8 9 3 10 
20180529036 7 1 3 2 10 9 8 6 4 5 
20180529037 8 1 4 9 6 2 7 3 5 10 
20180529038 9 1 7 6 5 4 10 3 8 2 
20180529039 4 7 2 5 10 1 6 8 9 3 
20180529040 8 9 5 7 4 1 2 10 3 6 
20180529041 8 2 3 4 5 7 6 1 10 9 
20180529042 9 4 7 2 1 5 6 3 10 8 
20180529043 5 3 8 10 4 6 7 1 2 9 
20180529044 1 3 8 9 5 10 6 2 4 7 
20180529045 9 1 6 4 2 7 3 5 10 8 
20180529046 10 5 9 4 3 6 8 2 7 1 
20180529047 8 3 2 4 6 9 10 7 5 1 
20180529048 10 8 2 3 6 1 5 4 9 7 
20180529049 3 9 5 10 7 6 4 2 8 1 
20180529050 9 10 6 7 2 4 3 8 5 1 
20180529051 10 9 1 3 6 4 7 5 2 8 
20180529052 9 7 8 4 2 6 3 1 10 5 
20180529053 7 6 5 8 10 2 9 1 3 4 
20180529054 9 3 4 6 7 1 10 2 5 8 
20180529055 8 4 10 9 3 1 6 5 7 2 
20180529056 6 7 9 2 4 3 8 5 1 10 
20180529057 8 10 1 3 5 7 6 9 4 2 
20180529058 9 3 10 5 7 8 4 1 2 6 
20180529059 4 1 6 3 7 5 10 8 9 2 
20180529060 8 4 1 6 7 5 2 9 10 3 
20180529061 1 6 3 8 9 2 7 10 4 5 
20180529062 3 10 8 1 7 5 9 4 6 2 
20180529063 3 6 7 5 1 10 8 4 9 2 
20180529064 2 4 5 1 10 3 8 6 7 9 
20180529065 1 5 6 10 7 9 4 8 3 2 
20180529066 5 8 3 6 10 2 7 1 9 4 
20180529067 5 6 1 4 3 8 9 10 7 2 
20180529068 4 1 7 5 2 10 3 9 6 8 
20180529069 8 4 5 7 1 2 3 10 9 6 
20180529070 8 7 1 3 10 2 4 6 9 5 
20180529071 7 2 3 4 1 9 6 8 5 10 
20180529072 5 9 8 2 6 1 7 10 3 4 
20180529073 10 3 2 7 9 1 4 5 6 8 
20180529074 4 6 5 2 1 9 8 7 10 3 
20180529075 3 2 5 9 6 10 8 4 7 1 
20180529076 2 10 3 5 7 1 8 9 6 4 
20180529077 9 2 10 3 8 4 5 7 1 6 
20180529078 8 3 9 4 1 6 7 2 5 10 
20180529079 4 7 9 8 5 2 10 3 6 1 
20180529080 5 4 10 3 7 8 1 2 6 9 
20180529081 9 10 1 4 7 5 2 3 8 6 
20180529082 8 1 9 6 10 4 5 2 7 3 
20180529083 4 3 8 10 7 2 6 9 1 5 
20180529084 3 5 10 9 4 8 1 7 6 2 
20180529085 3 7 4 6 2 10 8 5 1 9 
20180529086 10 7 5 4 1 8 2 9 6 3 
20180529087 2 4 6 9 7 10 1 3 8 5 
20180529088 8 5 3 2 7 6 9 4 1 10 
20180529089 10 6 5 4 7 3 8 9 2 1 
20180529090 2 5 8 6 9 7 3 10 1 4 
20180529091 7 8 6 5 10 4 1 2 9 3 
20180529092 8 6 4 10 9 5 3 7 2 1 
20180529093 7 4 9 3 2 1 6 8 5 10 
20180529094 6 5 3 8 2 1 4 10 7 9 
20180529095 6 10 4 8 2 1 9 7 3 5 
20180529096 5 10 7 2 4 3 6 8 1 9 
20180529097 8 7 3 5 2 9 10 4 6 1 
20180529098 10 5 9 6 7 8 3 4 2 1 
20180529099 7 4 2 8 5 1 10 3 6 9 
20180529100 1 4 6 8 5 10 3 9 2 7 
20180529101 2 7 1 9 10 8 4 6 3 5 
20180529102 9 1 5 10 7 8 3 2 6 4 
20180529103 2 3 4 7 9 8 10 6 5 1 
20180529104 3 2 7 1 6 5 9 4 8 10 
20180529105 9 2 10 3 7 6 8 1 5 4 
20180529106 6 9 10 1 4 7 8 3 5 2 
20180529107 1 6 10 3 2 7 8 9 4 5 
20180529108 3 2 9 8 10 5 6 7 1 4 
20180529109 8 6 3 10 9 7 4 5 2 1 
20180529110 7 3 2 5 10 1 9 8 6 4 
20180529111 10 4 8 7 1 2 3 5 9 6 
20180529112 9 1 7 5 3 4 6 8 2 10 
20180529113 3 8 9 5 6 4 10 1 7 2 
20180529114 7 10 5 1 2 6 4 9 8 3 
20180529115 7 1 9 2 3 8 4 5 6 10 
20180529116 10 3 7 5 1 9 8 6 4 2 
20180529117 10 3 5 8 9 6 1 7 2 4 
20180529118 9 1 3 4 2 6 7 5 10 8 
20180529119 10 1 4 5 9 7 2 6 3 8 
20180529120 1 7 9 10 6 4 3 5 2 8 
20180529121 7 1 4 5 9 3 8 10 2 6 
20180529122 9 5 6 10 4 8 7 1 2 3 
20180529123 7 9 5 1 10 3 2 8 6 4 
20180529124 10 3 4 9 5 7 8 1 2 6 
20180529125 2 5 6 4 1 3 10 9 7 8 
20180529126 10 7 8 6 2 3 1 9 4 5 
20180529127 9 8 7 10 4 3 5 6 1 2 
20180529128 6 7 8 5 4 9 3 10 2 1 
20180529129 3 8 5 7 9 6 4 2 1 10 
20180529130 4 1 5 8 10 6 7 3 9 2 
20180529131 7 10 3 8 1 9 2 6 5 4 
20180529132 8 2 7 5 1 6 4 9 10 3 
20180529133 6 3 10 7 1 4 2 5 9 8 
20180529134 8 5 4 6 7 1 3 2 9 10 
20180529135 4 6 1 7 3 8 2 10 5 9 
20180529136 5 9 10 3 4 6 2 7 8 1 
20180529137 6 10 3 2 7 4 5 1 9 8 
20180529138 2 5 3 7 8 10 6 9 4 1 
20180529139 2 7 1 10 9 3 8 5 6 4 
20180529140 4 5 9 10 7 8 3 2 6 1 
20180529141 7 5 9 6 8 1 2 10 4 3 
20180529142 5 6 1 2 7 8 4 3 9 10 
20180529143 7 4 5 3 1 9 6 8 2 10 
20180529144 5 3 4 9 2 6 1 10 7 8 
20180529145 8 3 5 2 7 4 6 1 10 9 
20180529146 2 5 1 4 3 8 9 6 7 10 
20180529147 8 7 6 4 1 10 2 5 3 9 
20180529148 2 7 6 10 1 5 3 8 4 9 
20180529149 9 1 7 6 2 10 3 5 4 8 
20180529150 3 5 7 10 4 2 8 6 9 1 
20180529151 8 3 5 7 2 1 6 9 10 4 
20180529152 6 2 4 7 8 10 1 9 5 3 
20180529153 8 4 5 6 1 3 7 9 2 10 
20180529154 4 6 9 7 5 8 2 10 1 3 
20180529155 5 10 2 3 7 8 9 6 4 1 
20180529156 9 6 2 7 5 8 10 1 3 4 
20180529157 1 7 4 3 2 5 8 6 10 9 
20180529158 10 9 4 3 6 2 8 7 1 5 
20180529159 2 9 6 4 8 3 5 1 7 10 
20180529160 1 5 9 7 3 6 10 4 8 2 
20180529161 1 4 3 10 5 2 8 9 7 6 
20180529162 7 4 2 9 6 3 1 10 8 5 
20180529163 4 8 6 10 5 3 9 2 1 7 
20180529164 7 10 3 5 4 1 8 2 6 9 
20180529165 5 10 6 9 3 1 7 8 2 4 
20180529166 4 5 3 6 7 2 8 1 10 9 
20180529167 3 2 9 10 8 4 7 1 6 5 
20180529168 9 3 5 10 7 2 4 8 1 6 
20180529169 3 4 6 10 8 2 9 5 7 1 
20180529170 10 2 6 5 1 4 3 8 9 7 
20180529171 3 4 2 6 7 9 8 5 1 10 
20180529172 9 3 2 4 10 8 1 6 5 7 
20180529173 9 5 3 2 1 7 10 6 8 4 
20180529174 8 3 4 5 9 10 2 1 7 6 
20180529175 6 4 9 7 1 5 3 8 2 10 
20180529176 6 10 7 9 5 3 8 1 4 2 
20180529177 3 6 9 8 2 1 7 5 10 4 
20180529178 6 10 3 7 9 2 1 5 4 8 
20180529179 7 10 4 3 1 6 5 9 8 2 
20180529180 10 3 2 5 8 7 6 9 1 4 
20180529181 3 4 5 2 10 1 6 8 7 9 
20180529182 2 9 8 4 10 6 1 3 7 5 
20180529183 7 3 10 4 1 8 6 5 9 2 
20180529184 5 10 4 3 2 8 9 1 7 6 
20180529185 5 9 2 8 6 3 7 10 1 4 
20180529186 3 5 10 1 8 2 6 9 4 7 
20180529187 3 5 4 7 10 2 9 1 8 6 
20180529188 8 7 4 3 6 5 1 10 9 2 
20180529189 10 2 4 6 3 5 1 8 7 9 
20180529190 5 8 10 7 3 2 1 6 4 9 
20180529191 2 3 5 1 9 10 7 6 4 8 
20180529192 6 1 2 5 8 7 4 3 9 10 
20180529193 2 3 8 1 5 9 4 7 6 10 
20180529194 1 2 3 5 4 6 9 8 10 7 
20180529195 5 3 4 2 1 9 8 6 10 7 
20180529196 6 8 1 3 5 2 10 4 9 7 
20180529197 10 2 1 9 4 8 6 5 3 7 
20180529198 6 7 8 3 10 1 5 4 9 2 
20180529199 3 5 7 6 10 2 4 8 9 1 
20180529200 1 3 5 10 7 4 2 9 6 8 
20180529201 4 5 2 9 8 3 7 6 1 10 
20180529202 1 10 9 3 8 7 5 4 6 2 
20180529203 1 8 10 4 9 2 6 7 5 3 
20180529204 7 5 2 6 3 4 10 8 1 9 
20180529205 7 3 8 1 5 4 2 10 9 6 
20180529206 5 6 3 7 4 8 2 9 1 10 
20180529207 9 2 6 3 7 8 10 1 4 5 
20180529208 3 2 1 8 6 7 10 5 9 4 
20180529209 4 8 2 3 1 6 5 7 10 9 
20180529210 6 9 1 10 7 4 8 3 2 5 
20180529211 10 1 2 9 6 3 8 7 4 5 
20180529212 4 7 6 8 5 9 2 10 1 3 
20180529213 7 6 10 9 8 2 5 4 1 3 
20180529214 10 6 2 9 8 5 7 1 3 4 
20180529215 5 10 3 6 9 7 8 1 4 2 
20180529216 10 2 5 7 9 6 4 1 3 8 
20180529217 5 10 7 3 9 1 2 4 6 8 
20180529218 7 5 8 10 6 1 3 9 4 2 
20180529219 9 7 10 1 6 8 3 4 5 2 
20180529220 8 3 6 10 5 7 9 4 1 2 
20180529221 7 10 8 1 5 4 2 6 3 9 
20180529222 4 6 10 5 7 9 3 8 1 2 
20180529223 4 5 6 7 2 10 8 1 9 3 
20180529224 10 8 7 6 2 5 4 1 3 9 
20180529225 5 1 2 6 10 9 3 8 4 7 
20180529226 3 4 6 8 1 10 2 5 9 7 
20180529227 6 9 1 4 3 7 8 10 5 2 
20180529228 5 2 9 8 6 10 1 4 7 3 
20180529229 1 3 2 5 10 9 4 8 7 6 
20180529230 7 9 3 1 6 4 10 8 2 5 
20180529231 2 8 4 7 9 10 6 1 5 3 
20180529232 5 6 8 3 1 10 2 9 7 4 
20180529233 7 10 9 5 1 6 4 8 3 2 
20180529234 4 9 2 8 3 7 5 6 10 1 
20180529235 10 8 6 5 2 1 3 9 7 4 
20180529236 6 2 10 7 4 5 9 8 3 1 
20180529237 1 10 9 5 8 4 7 3 6 2 
20180529238 4 8 1 10 9 2 5 7 3 6 
20180529239 3 2 5 4 6 10 8 9 7 1 
20180529240 2 5 4 6 8 3 1 7 9 10 
20180529241 7 9 4 3 6 10 8 2 5 1 
20180529242 4 7 5 3 2 8 6 1 10 9 
20180529243 5 3 4 1 8 6 7 9 10 2 
20180529244 2 10 8 6 9 3 7 4 5 1 
20180529245 10 1 5 6 3 2 8 7 9 4 
20180529246 1 9 7 10 4 5 2 3 6 8 
20180529247 1 10 8 6 5 3 4 7 9 2 
20180529248 8 5 9 4 1 10 3 6 7 2 
20180529249 1 3 10 8 9 4 7 5 6 2 
20180529250 10 7 1 2 8 3 9 4 5 6 
20180529251 4 8 10 2 3 7 1 5 9 6 
20180529252 9 1 10 6 8 2 4 5 3 7 
20180529253 10 6 2 7 1 9 8 4 3 5 
20180529254 5 10 8 9 4 7 3 1 6 2 
20180529255 1 10 7 9 2 6 4 3 5 8 
20180529256 8 1 9 5 3 7 10 2 4 6 
20180529257 6 2 1 5 3 7 4 10 9 8 
20180529258 4 9 2 7 5 3 8 1 10 6 
20180529259 3 8 4 5 9 10 1 6 2 7 
20180529260 8 7 6 2 1 4 3 10 9 5 
20180529261 1 7 5 3 6 2 4 10 8 9 
20180529262 8 9 5 2 1 10 4 6 3 7 
20180529263 6 7 8 10 4 3 1 9 2 5 
20180529264 4 8 1 7 5 10 2 9 6 3 
20180529265 9 7 8 3 1 10 6 2 4 5 
20180529266 5 2 4 6 3 1 8 10 7 9 
20180529267 3 8 7 2 10 6 4 5 9 1 
20180529268 10 8 5 9 6 1 3 4 2 7 
20180529269 5 3 9 10 2 4 1 8 6 7 
20180529270 8 4 5 9 7 2 6 3 1 10 
20180529271 2 6 8 4 1 10 7 9 5 3 
20180529272 1 3 2 10 8 7 6 9 5 4 
20180529273 4 2 8 6 9 10 1 7 3 5 
20180529274 3 10 4 1 7 5 8 9 2 6 
20180529275 6 5 1 10 8 9 7 2 3 4 
20180529276 4 9 3 2 7 10 5 1 6 8 
20180529277 4 8 10 6 7 5 9 2 3 1 
20180529278 6 1 9 10 5 3 2 4 8 7 
20180529279 1 9 2 7 3 8 6 10 5 4 
20180529280 2 6 4 7 5 10 1 9 8 3 
20180529281 4 2 6 3 8 1 10 7 5 9 
20180529282 10 2 8 9 5 7 3 6 1 4 
20180529283 5 1 7 6 9 8 4 10 2 3 
20180529284 8 3 2 4 7 5 9 6 1 10 
20180529285 1 3 7 8 6 9 2 10 5 4 
20180529286 5 6 2 10 1 8 3 4 9 7 
20180529287 8 5 7 1 6 3 4 9 2 10 
20180529288 1 3 5 9 7 4 8 2 6 10 
20180529289 3 4 8 5 10 6 9 1 7 2 
20180529290 5 2 10 8 7 6 9 1 4 3 
20180529291 4 2 5 6 10 7 1 8 9 3 
20180529292 6 2 4 9 1 10 8 3 5 7 
20180529293 9 3 8 7 2 6 5 1 4 10 
20180529294 5 4 10 3 9 2 8 7 1 6 
20180529295 7 6 1 5 3 10 4 9 8 2 
20180529296 1 8 5 4 9 2 3 7 6 10 
20180529297 3 1 8 2 9 6 5 10 4 7 
20180529298 7 1 9 8 5 3 2 6 4 10 
20180529299 4 1 5 2 7 8 3 6 9 10 
20180529300 3 6 1 9 10 2 8 5 4 7 
20180529301 8 10 3 6 2 9 4 1 5 7 
20180529302 6 8 7 4 5 2 1 10 3 9 
20180529303 9 10 4 6 8 1 2 5 3 7 
20180529304 8 4 9 7 5 1 6 3 10 2 
20180529305 2 4 1 7 10 5 6 9 8 3 
20180529306 7 5 8 6 2 1 4 9 10 3 
20180529307 5 6 3 9 10 4 2 1 7 8 
20180529308 1 8 3 9 2 5 7 4 6 10 
20180529309 4 1 9 3 7 5 2 8 6 10 
20180529310 8 2 7 5 9 4 6 1 10 3 
20180529311 8 6 4 2 9 3 7 5 1 10 
20180529312 1 3 4 10 6 2 9 5 8 7 
20180529313 6 5 7 10 4 8 2 3 1 9 
20180529314 7 1 8 9 10 2 3 4 6 5 
20180529315 10 3 6 1 2 9 8 7 4 5 
20180529316 8 9 2 6 10 4 7 3 1 5 
20180529317 7 6 8 10 9 5 1 2 4 3 
20180529318 1 10 3 7 4 8 9 6 2 5 
20180529319 10 5 9 3 7 8 6 2 4 1 
20180529320 3 2 9 10 5 1 7 4 6 8 
20180529321 5 1 4 3 9 2 6 7 10 8 
20180529322 4 10 1 9 7 8 6 3 2 5 
20180529323 1 10 9 6 2 8 3 5 4 7 
20180529324 3 5 10 9 4 8 7 1 6 2 
20180529325 2 7 9 3 10 4 6 8 1 5 
20180529326 6 7 1 2 4 5 8 10 9 3 
20180529327 7 4 10 5 3 6 8 1 9 2 
20180529328 6 2 3 1 4 8 10 5 9 7 
20180529329 2 1 10 6 3 7 8 5 4 9 
20180529330 1 7 8 9 3 2 4 5 6 10 
20180529331 10 7 6 4 5 9 8 2 1 3 
20180529332 3 1 8 6 5 2 9 7 4 10 
20180529333 7 2 5 8 6 10 9 4 3 1 
20180529334 10 7 5 3 8 1 4 9 2 6 
20180529335 10 1 4 5 2 3 6 8 9 7 
20180529336 3 9 4 10 8 6 7 5 1 2 
20180529337 6 2 1 8 3 4 5 7 9 10 
20180529338 1 2 4 3 10 5 6 8 9 7 
20180529339 5 2 6 8 10 3 4 9 7 1 
20180529340 9 7 8 1 6 2 10 5 4 3 
20180529341 7 4 2 9 8 3 1 10 6 5 
20180529342 1 8 2 9 7 4 10 6 3 5 
20180529343 7 8 3 4 5 10 9 1 6 2 
20180529344 3 8 9 1 5 10 6 2 7 4 
20180529345 3 8 5 6 9 7 1 2 10 4 
20180529346 10 7 6 3 1 8 5 4 2 9 
20180529347 3 8 4 1 2 9 7 6 10 5 
20180529348 4 6 5 1 2 8 3 7 9 10 
20180529349 2 8 3 4 10 6 7 1 5 9 
20180529350 2 4 5 7 9 10 8 3 1 6 
20180529351 3 5 10 2 7 9 1 4 6 8 
20180529352 4 9 5 6 3 7 10 2 1 8 
20180529353 2 9 5 10 6 1 8 3 4 7 
20180529354 1 4 3 6 2 8 5 7 9 10 
20180529355 7 3 10 4 8 1 9 2 5 6 
20180529356 9 4 5 6 8 3 2 1 10 7 
20180529357 4 7 1 8 6 5 2 3 10 9 
20180529358 6 5 2 4 1 7 8 10 9 3 
20180529359 9 4 6 8 7 10 1 2 5 3 
20180529360 2 1 9 6 8 3 5 10 4 7 
20180529361 4 10 6 8 3 1 2 5 7 9 
20180529362 9 3 6 5 1 10 8 2 4 7 
20180529363 5 7 3 9 4 6 8 2 1 10 
20180529364 4 10 6 9 2 8 1 7 3 5 
20180529365 10 7 6 3 9 2 5 1 8 4 
20180529366 7 9 4 8 3 6 5 1 2 10 
20180529367 10 1 3 8 9 5 4 2 7 6 
20180529368 4 8 1 2 7 3 10 5 9 6 
20180529369 10 6 2 1 4 9 3 5 7 8 
20180529370 10 4 2 5 8 1 7 9 3 6 
20180529371 4 1 2 8 9 10 5 6 7 3 
20180529372 10 6 7 5 9 4 8 1 2 3 
20180529373 2 9 6 1 5 7 10 3 8 4 
20180529374 7 5 3 6 1 8 9 2 4 10 
20180529375 6 4 3 10 8 5 7 1 9 2 
20180529376 7 5 2 6 9 8 1 10 4 3 
20180529377 9 5 7 3 8 1 10 2 4 6 
20180529378 10 6 9 8 2 5 4 1 3 7 
20180529379 4 1 7 10 6 5 8 9 2 3 
20180529380 3 6 8 10 4 5 7 1 9 2 
20180529381 8 9 6 10 3 7 2 4 5 1 
20180529382 5 2 3 6 9 10 4 8 7 1 
20180529383 10 8 6 7 2 9 3 5 4 1 
20180529384 7 5 2 6 1 3 8 9 10 4 
20180529385 6 2 9 7 5 1 4 8 3 10 
20180529386 6 7 1 8 9 4 2 5 3 10 
20180529387 6 1 4 9 5 2 3 7 8 10 
20180529388 6 3 4 9 5 10 8 7 1 2 
20180529389 2 10 8 9 7 6 4 1 5 3 
20180529390 6 10 2 8 7 5 3 9 4 1 
20180529391 7 4 5 10 8 9 3 2 6 1 
20180529392 7 8 4 10 5 1 9 2 3 6 
20180529393 7 1 6 10 5 3 9 2 8 4 
20180529394 10 6 4 7 8 9 5 1 2 3 
20180529395 4 6 5 1 2 7 9 8 10 3 
20180529396 2 8 6 5 9 4 10 7 1 3 
20180529397 2 5 7 10 8 9 4 6 1 3 
20180529398 4 6 10 9 3 5 1 7 8 2 
20180529399 7 5 1 9 6 3 2 4 8 10 
20180529400 5 9 3 1 4 6 10 2 7 8 
20180529401 8 6 7 2 9 3 5 10 1 4 
20180529402 5 1 6 4 9 3 2 7 8 10 
20180529403 7 10 1 2 5 6 8 4 9 3 
20180529404 2 10 1 6 5 4 3 7 9 8 
20180529405 1 2 4 10 5 3 9 7 8 6 
20180529406 8 10 6 3 2 7 9 5 1 4 
20180529407 4 1 5 2 10 3 6 8 9 7 
20180529408 5 7 3 10 1 4 6 2 8 9 
20180529409 3 6 7 9 5 2 1 8 10 4 
20180529410 4 3 1 10 9 2 7 6 8 5 
20180529411 8 7 3 2 6 1 9 10 4 5 
20180529412 3 6 1 4 7 2 10 8 5 9 
20180529413 7 9 6 10 8 5 1 2 3 4 
20180529414 6 8 1 2 9 5 4 3 7 10 
20180529415 8 5 9 6 3 7 4 1 2 10 
20180529416 10 8 6 4 7 5 1 3 2 9 
20180529417 5 7 3 10 2 6 9 8 4 1 
20180529418 2 8 7 9 6 10 3 4 1 5 
20180529419 6 3 10 8 9 1 2 7 5 4 
20180529420 1 4 9 5 10 2 3 6 8 7 
20180529421 2 1 8 10 3 7 5 4 9 6 
20180529422 9 3 4 8 2 1 6 7 5 10 
20180529423 2 1 8 10 9 5 3 6 4 7 
20180529424 1 9 7 3 2 10 5 6 4 8 
20180529425 3 5 1 2 4 9 6 10 8 7 
20180529426 3 6 2 9 8 7 5 10 4 1 
20180529427 5 3 7 8 10 9 6 4 1 2 
20180529428 10 6 8 5 2 9 7 1 4 3 
20180529429 2 3 6 1 4 8 7 5 9 10 
20180529430 5 7 4 3 1 8 10 6 9 2 
20180529431 1 10 3 6 5 9 8 2 4 7 
20180529432 6 10 4 5 9 2 7 1 3 8 
20180529433 1 9 8 6 5 2 10 7 4 3 
20180529434 7 6 1 4 2 5 10 9 8 3 
20180529435 10 4 1 6 2 9 5 8 3 7 
20180529436 4 1 3 9 6 10 2 5 7 8 
20180529437 2 10 4 8 7 3 6 1 9 5 
20180529438 6 10 2 4 5 9 1 8 3 7 
20180529439 4 5 2 7 6 8 9 1 3 10 
20180529440 10 1 7 8 3 5 4 9 6 2 
20180529441 10 1 6 4 2 3 8 9 7 5 
20180529442 3 2 1 5 8 9 7 4 6 10 
20180529443 3 2 5 10 1 6 7 9 8 4 
20180529444 4 8 6 7 10 5 2 9 3 1 
20180529445 9 10 3 1 6 7 4 5 8 2 
20180529446 3 5 4 7 1 8 9 2 6 10 
20180529447 4 9 7 1 2 8 3 5 6 10 
20180529448 10 2 4 3 7 8 5 9 6 1 
20180529449 4 1 8 9 2 5 10 3 6 7 
20180529450 2 8 3 9 4 6 7 1 5 10 
20180529451 4 7 8 2 9 1 5 6 10 3 
20180529452 7 6 2 5 8 9 10 3 1 4 
20180529453 6 2 10 3 4 9 1 8 5 7 
20180529454 9 8 4 3 1 10 6 5 7 2 
20180529455 4 6 8 7 2 10 1 5 9 3 
20180529456 1 2 6 7 3 10 8 9 5 4 
20180529457 3 7 2 8 5 6 9 10 1 4 
20180529458 8 7 6 10 9 4 1 2 5 3 
20180529459 4 7 3 8 1 9 5 6 10 2 
20180529460 10 2 5 3 9 7 8 1 4 6 
20180529461 2 6 7 10 1 3 8 9 5 4 
20180529462 4 6 1 7 10 9 2 3 8 5 
20180529463 3 4 6 5 2 10 9 1 8 7 
20180529464 2 3 1 6 8 4 10 7 9 5 
20180529465 9 7 2 3 6 8 4 1 5 10 
20180529466 5 2 9 6 8 10 4 3 1 7 
20180529467 5 3 9 4 10 6 7 8 2 1 
20180529468 4 1 8 7 10 3 2 6 5 9 
20180529469 1 4 2 9 3 6 5 8 7 10 
20180529470 5 3 10 8 4 6 7 2 1 9 
20180529471 9 1 10 3 8 2 4 7 5 6 
20180529472 2 4 5 7 3 1 6 10 9 8 
20180529473 3 8 5 4 6 7 10 9 2 1 
20180529474 9 5 7 2 4 8 1 6 10 3 
20180529475 4 5 8 6 1 7 10 9 2 3 
20180529476 10 1 4 3 2 7 6 9 5 8 
20180529477 9 10 8 5 6 2 1 4 3 7 
20180529478 7 2 3 1 5 9 6 8 4 10 
20180529479 5 1 9 8 10 6 3 7 2 4 
20180529480 10 2 8 7 4 9 5 1 3 6 
20180529481 9 4 1 5 2 10 7 8 3 6 
20180529482 3 4 7 6 8 9 5 2 1 10 
20180529483 2 7 3 10 9 1 8 4 5 6 
20180529484 3 9 2 1 8 7 4 6 10 5 
20180529485 10 1 4 5 2 6 3 8 9 7 
20180529486 10 7 4 9 2 8 5 1 3 6 
20180529487 8 3 5 6 10 7 9 1 2 4 
20180529488 1 8 10 7 3 5 4 9 2 6 
20180529489 7 3 10 2 6 1 4 5 9 8 
20180529490 10 4 5 7 3 1 9 2 8 6 
20180529491 5 4 2 9 1 7 6 8 10 3 
20180529492 2 10 9 1 8 5 3 7 6 4 
20180529493 10 2 6 4 3 1 7 5 8 9 
20180529494 2 9 7 5 4 8 1 10 6 3 
20180529495 10 9 8 1 5 4 3 7 2 6 
20180529496 5 2 8 9 4 1 6 7 10 3 
20180529497 8 3 10 5 1 9 7 6 2 4 
20180529498 2 3 7 1 6 4 10 9 5 8 
20180529499 3 2 6 7 8 9 1 4 10 5 
20180529500 3 2 7 1 10 4 5 6 9 8 
20180529501 4 8 1 9 7 5 3 10 6 2 
20180529502 1 5 2 10 7 3 8 6 9 4 
20180529503 4 6 8 5 3 2 1 10 7 9 
20180529504 5 3 8 10 4 9 6 7 1 2 
20180529505 8 10 3 7 6 4 9 1 2 5 
20180529506 1 6 7 2 4 8 3 10 9 5 
20180529507 3 9 5 8 4 7 1 2 6 10 
20180529508 5 4 8 1 10 6 9 2 7 3 
20180529509 2 1 6 3 5 9 8 10 7 4 
20180529510 9 10 2 5 7 8 1 3 4 6 
20180529511 7 8 9 6 4 3 1 10 5 2 
20180529512 3 8 2 10 9 5 7 6 1 4 
20180529513 2 8 9 3 7 5 6 4 1 10 
20180529514 2 7 6 3 5 4 1 10 8 9 
20180529515 2 1 3 9 6 5 7 4 8 10 
20180529516 4 8 9 5 6 10 7 3 1 2 
20180529517 7 4 8 2 10 6 5 9 1 3 
20180529518 7 3 10 2 6 8 1 5 9 4 
20180529519 4 3 9 7 6 1 5 8 2 10 
20180529520 9 5 3 8 6 2 10 4 7 1 
20180529521 7 2 8 3 6 4 10 9 5 1 
20180529522 8 5 3 7 4 2 1 10 9 6 
20180529523 5 7 6 1 3 10 4 8 2 9 
20180529524 2 5 4 10 1 3 8 9 6 7 
20180529525 5 3 2 7 10 6 1 4 9 8 
20180529526 3 8 1 6 7 9 2 5 4 10 
20180529527 5 2 8 7 4 1 6 3 9 10 
20180529528 6 1 7 5 10 2 3 8 9 4 
20180529529 7 2 3 8 6 1 5 4 9 10 
20180529530 7 4 2 10 8 3 9 5 1 6 
20180529531 9 4 7 2 8 6 3 10 5 1 
20180529532 3 1 4 6 2 9 7 10 5 8 
20180529533 9 10 1 3 7 5 4 6 2 8 
20180529534 4 9 1 7 3 8 10 6 5 2 
20180529535 10 5 3 4 6 8 9 1 7 2 
20180529536 2 5 6 1 7 9 4 10 8 3 
20180529537 9 8 4 10 3 5 6 1 2 7 
20180529538 4 5 6 8 7 1 10 2 3 9 
20180529539 4 3 8 6 10 5 2 7 1 9 
20180529540 1 5 9 7 4 3 10 8 6 2 
20180529541 3 4 6 8 1 10 7 5 9 2 
20180529542 7 2 6 5 4 8 1 3 9 10 
20180529543 7 3 5 10 1 2 6 9 4 8 
20180529544 9 8 2 4 3 1 6 10 5 7 
20180529545 9 7 4 6 10 2 3 1 5 8 
20180529546 8 10 6 9 4 7 3 1 2 5 
20180529547 2 1 9 5 10 6 8 7 4 3 
20180529548 6 1 3 7 8 5 2 10 4 9 
20180529549 3 1 10 7 9 6 2 5 8 4 
20180529550 7 9 3 5 2 8 1 6 4 10 
20180529551 2 8 6 10 4 3 7 1 9 5 
20180529552 5 4 2 1 6 3 9 7 8 10 
20180529553 2 1 4 9 3 7 10 6 8 5 
20180529554 7 8 6 10 1 9 3 5 4 2 
20180529555 7 5 6 10 8 1 9 3 4 2 
20180529556 9 2 3 4 8 6 7 1 10 5 
20180529557 2 8 4 9 7 6 5 10 3 1 
20180529558 6 2 10 1 5 9 7 8 3 4 
20180529559 3 5 6 1 2 4 10 8 9 7 
20180529560 2 3 9 5 7 6 4 8 1 10 
20180529561 2 5 6 4 7 3 10 9 1 8 
20180529562 5 3 2 1 7 10 4 8 9 6 
20180529563 5 8 6 10 7 3 9 2 1 4 
20180529564 1 10 6 7 9 4 5 8 2 3 
20180529565 7 4 5 10 3 8 2 6 9 1 
20180529566 4 9 6 10 2 1 5 7 3 8 
20180529567 7 1 4 10 5 9 3 2 8 6 
20180529568 1 8 9 4 10 5 3 6 7 2 
20180529569 2 8 5 1 9 10 6 3 7 4 
20180529570 7 3 10 6 4 9 5 8 2 1 
20180529571 2 9 8 1 4 6 7 5 10 3 
20180529572 10 5 7 6 1 3 4 2 8 9 
20180529573 10 2 4 8 3 7 9 6 5 1 
20180529574 9 10 1 6 2 7 5 4 3 8 
20180529575 7 3 8 10 1 6 5 2 9 4 
20180529576 1 4 10 6 3 7 9 2 8 5 
20180529577 1 8 6 5 9 2 3 10 4 7 
20180529578 2 9 1 6 10 4 3 8 5 7 
20180529579 5 7 2 6 4 10 1 9 3 8 
20180529580 6 9 3 1 5 8 2 7 4 10 
20180529581 8 10 2 9 7 1 5 6 4 3 
20180529582 6 8 2 7 5 10 9 4 1 3 
20180529583 8 10 7 9 3 6 1 5 4 2 
20180529584 3 2 6 10 9 5 7 4 8 1 
20180529585 6 7 5 9 1 8 3 10 2 4 
20180529586 9 5 10 4 7 3 6 1 2 8 
20180529587 5 6 4 8 3 10 9 1 7 2 
20180529588 5 6 7 2 4 8 9 1 3 10 
20180529589 4 2 10 3 9 8 6 1 7 5 
20180529590 6 5 1 8 10 3 7 2 9 4 
20180529591 3 5 9 10 8 6 4 2 7 1 
20180529592 6 2 9 5 3 8 1 10 7 4 
20180529593 1 10 5 4 3 9 8 2 6 7 
20180529594 9 8 1 3 2 6 5 4 10 7 
20180529595 2 1 10 5 3 7 9 8 6 4 
20180529596 10 4 2 5 8 7 9 6 3 1 
20180529597 7 3 2 1 6 10 9 5 8 4 
20180529598 6 8 9 2 10 7 1 4 3 5 
20180529599 7 1 10 4 6 5 3 8 2 9 
20180529600 1 9 5 4 3 10 2 6 8 7 
20180529601 10 7 3 4 5 1 8 9 6 2 
20180529602 4 6 3 2 5 10 1 8 9 7 
20180529603 5 10 9 4 3 2 7 8 6 1 
20180529604 8 5 3 4 10 2 1 7 9 6 
20180529605 8 3 9 7 4 5 2 1 10 6 
20180529606 3 7 6 10 9 5 2 1 8 4 
20180529607 6 3 9 2 8 10 5 1 7 4 
20180529608 8 3 7 1 4 9 10 2 5 6 
20180529609 6 10 7 9 1 5 2 3 4 8 
20180529610 2 1 4 8 9 10 6 7 3 5 
20180529611 1 2 7 5 6 10 4 9 3 8 
20180529612 3 2 6 9 8 10 7 4 1 5 
20180529613 10 9 2 8 3 4 7 5 6 1 
20180529614 8 9 7 6 1 2 5 3 4 10 
20180529615 10 7 8 6 9 3 5 4 2 1 
20180529616 7 5 4 9 6 1 10 2 8 3 
20180529617 8 5 7 3 1 2 6 10 9 4 
20180529618 2 9 10 3 7 1 5 8 4 6 
20180529619 5 8 9 1 10 7 6 2 3 4 
20180529620 8 2 9 5 1 6 3 4 10 7 
20180529621 6 8 5 2 3 7 1 4 10 9 
20180529622 2 1 3 5 9 4 7 10 8 6 
20180529623 3 9 4 7 8 5 10 1 6 2 
20180529624 1 10 4 3 5 6 7 8 2 9 
20180529625 7 8 5 9 3 4 1 6 2 10 
20180529626 9 4 3 5 8 6 10 2 1 7 
20180529627 7 8 3 2 6 5 9 1 10 4 
20180529628 9 2 7 1 10 3 5 4 8 6 
20180529629 10 3 9 5 8 2 1 4 6 7 
20180529630 2 5 6 1 9 7 4 3 10 8 
20180529631 9 4 8 6 7 5 2 10 3 1 
20180529632 6 8 10 9 3 4 2 1 7 5 
20180529633 5 2 4 8 1 10 3 6 7 9 
20180529634 9 3 4 5 10 2 1 6 7 8 
20180529635 6 7 4 1 3 10 5 2 9 8 
20180529636 8 4 1 3 9 2 5 6 10 7 
20180529637 8 10 7 4 5 1 6 9 3 2 
20180529638 5 6 8 7 2 10 3 4 9 1 
20180529639 10 8 6 9 1 3 7 2 4 5 
20180529640 6 9 4 8 3 2 1 10 5 7 
20180529641 8 5 9 3 4 2 1 7 10 6 
20180529642 10 4 1 2 8 5 9 6 3 7 
20180529643 9 10 3 8 5 6 2 4 1 7 
20180529644 10 9 4 8 7 5 1 3 6 2 
20180529645 3 4 10 9 7 5 2 6 8 1 
20180529646 4 6 7 2 8 10 1 5 9 3 
20180529647 9 2 8 5 6 1 7 10 4 3 
20180529648 2 4 1 9 6 3 10 8 7 5 
20180529649 2 5 7 9 8 4 6 10 3 1 
20180529650 8 7 4 10 2 5 6 9 1 3 
20180529651 6 9 7 10 1 5 2 8 3 4 
20180529652 1 7 10 5 9 4 8 3 2 6 
20180529653 5 8 9 6 7 10 2 1 4 3 
20180529654 10 5 8 4 9 1 2 7 3 6 
20180529655 1 7 10 6 3 9 5 2 4 8 
20180529656 7 6 3 1 9 8 10 4 2 5 
20180529657 10 1 8 4 3 5 7 6 9 2 
20180529658 8 6 4 9 3 2 7 5 1 10 
20180529659 3 9 2 4 1 5 7 8 6 10 
20180529660 7 5 3 10 2 1 6 9 8 4 
20180529661 4 7 6 2 9 8 1 3 10 5 
20180529662 4 3 2 9 7 6 10 8 5 1 
20180529663 10 5 1 4 7 3 6 8 2 9 
20180529664 8 6 9 10 4 5 2 3 1 7 
20180529665 10 4 8 7 6 1 3 2 5 9 
20180529666 1 10 2 6 7 8 9 4 5 3 
20180529667 6 4 7 10 3 1 5 2 8 9 
20180529668 4 7 2 8 5 10 1 6 9 3 
20180529669 1 4 8 5 2 7 10 9 6 3 
20180529670 4 3 5 2 8 9 10 6 1 7 
20180529671 5 9 3 6 10 2 4 1 7 8 
20180529672 7 10 9 5 3 4 1 6 8 2 
20180529673 7 3 2 1 6 5 4 9 8 10 
20180529674 7 8 5 2 4 9 6 10 1 3 
20180529675 10 3 5 2 8 7 4 1 6 9 
20180529676 9 8 2 3 7 6 10 5 4 1 
20180529677 10 7 2 3 4 5 9 6 8 1 
20180529678 1 10 7 6 5 2 3 9 4 8 
20180529679 1 8 4 7 5 6 3 9 2 10 
20180529680 2 9 3 4 1 7 6 8 10 5 
20180529681 2 10 3 1 8 9 5 6 7 4 
20180529682 9 10 5 7 1 3 6 8 2 4 
20180529683 5 6 9 1 2 8 4 3 7 10 
20180529684 9 3 2 1 5 10 8 6 7 4 
20180529685 3 6 5 1 9 7 8 10 2 4 
20180529686 8 4 6 9 5 3 1 2 7 10 
20180529687 2 6 5 3 8 10 4 1 7 9 
20180529688 1 4 2 5 10 6 9 8 3 7 
20180529689 5 9 1 2 4 6 3 8 7 10 
20180529690 1 4 7 8 10 9 6 3 5 2 
20180529691 4 3 10 9 8 7 1 6 2 5 
20180529692 8 5 9 6 10 3 1 2 7 4 
20180529693 3 1 8 9 2 6 10 7 5 4 
20180529694 5 9 4 2 10 3 7 8 6 1 
20180529695 8 6 2 4 1 5 9 7 3 10 
20180529696 2 8 6 5 10 7 3 4 1 9 
20180529697 10 9 1 7 4 3 2 6 5 8 
20180529698 2 7 8 9 5 3 6 1 10 4 
20180529699 1 2 8 4 6 10 5 3 7 9 
20180529700 6 1 8 5 4 9 7 10 2 3 
20180529701 10 7 3 5 8 2 4 9 1 6 
20180529702 1 3 6 2 10 4 7 9 5 8 
20180529703 9 1 4 2 7 6 8 3 10 5 
20180529704 5 3 1 10 4 6 2 8 7 9 
20180529705 2 10 4 7 3 6 9 5 8 1 
20180529706 3 10 5 4 6 7 8 2 1 9 
20180529707 10 3 6 9 4 5 8 2 1 7 
20180529708 1 10 2 8 3 7 9 5 4 6 
20180529709 7 2 6 4 5 3 9 1 8 10 
20180529710 10 2 6 7 3 9 8 1 5 4 
20180529711 5 8 6 7 3 1 4 10 9 2 
20180529712 10 7 1 9 8 2 3 5 4 6 
20180529713 1 10 8 4 5 7 9 6 3 2 
20180529714 2 4 5 8 3 1 10 6 7 9 
20180529715 6 1 8 3 7 9 2 10 4 5 
20180529716 7 10 8 3 9 2 1 4 5 6 
20180529717 10 6 7 1 8 9 4 3 5 2 
20180529718 4 9 3 1 6 8 5 7 10 2 
20180529719 4 7 3 5 1 6 2 10 8 9 
20180529720 3 8 6 10 2 7 4 1 9 5 
20180529721 10 7 6 9 8 3 4 5 1 2 
20180529722 3 8 7 2 1 9 6 5 4 10 
20180529723 4 2 5 9 8 3 7 6 10 1 
20180529724 9 7 2 8 5 4 10 3 1 6 
20180529725 4 3 8 2 7 1 5 6 9 10 
20180529726 7 4 9 10 1 8 2 6 5 3 
20180529727 2 3 9 5 4 6 1 10 7 8 
20180529728 2 9 5 10 4 6 8 7 3 1 
20180529729 8 5 2 4 9 7 3 1 10 6 
20180529730 2 7 5 8 4 10 6 9 1 3 
20180529731 10 9 7 6 3 2 4 8 1 5 
20180529732 2 6 4 9 7 3 10 5 1 8 
20180529733 2 1 10 9 3 7 8 5 4 6 
20180529734 8 3 1 10 4 5 6 9 7 2 
20180529735 4 8 2 5 9 7 10 3 6 1 
20180529736 8 6 2 9 5 7 4 10 3 1 
20180529737 5 1 8 2 4 7 6 10 9 3 
20180529738 4 7 9 3 5 6 8 1 2 10 
20180529739 8 7 9 1 3 5 10 6 2 4 
20180529740 7 8 6 5 2 3 1 9 10 4 
20180529741 10 5 4 3 6 2 1 9 7 8 
20180529742 4 8 1 2 3 7 10 6 9 5 
20180529743 3 6 7 2 1 9 8 10 4 5 
20180529744 8 2 4 5 6 7 3 9 10 1 
20180529745 6 2 3 10 7 1 4 5 9 8 
20180529746 6 8 4 3 7 1 2 10 5 9 
20180529747 8 7 10 4 5 9 2 6 3 1 
20180529748 5 6 10 9 2 7 3 4 1 8 
20180529749 9 10 3 8 5 4 6 1 7 2 
20180529750 4 6 10 7 3 8 9 5 2 1 
20180529751 10 6 4 3 7 8 2 9 1 5 
20180529752 2 7 8 9 10 1 4 6 3 5 
20180529753 9 2 3 4 8 6 10 7 1 5 
20180529754 5 3 2 1 9 8 10 4 6 7 
20180529755 4 8 6 3 2 1 9 7 10 5 
20180529756 3 2 9 1 4 7 5 6 10 8 
20180529757 5 7 10 6 1 9 8 4 3 2 
20180529758 9 3 10 1 7 6 5 2 4 8 
20180529759 5 10 2 4 6 9 3 1 7 8 
20180529760 2 7 6 3 4 10 9 8 5 1 
20180529761 10 4 8 1 2 5 3 7 6 9 
20180529762 3 7 4 6 5 10 9 2 8 1 
20180529763 2 9 10 3 4 6 8 7 5 1 
20180529764 9 10 5 2 3 6 7 1 4 8 
20180529765 7 3 10 1 2 6 9 5 8 4 
20180529766 2 1 3 4 7 10 8 6 9 5 
20180529767 2 10 4 7 9 3 8 6 5 1 
20180529768 4 2 3 9 7 8 5 10 1 6 
20180529769 5 2 7 9 6 1 10 8 4 3 
20180529770 2 7 9 6 8 1 10 3 5 4 
20180529771 2 7 1 3 5 4 6 8 10 9 
20180529772 8 6 2 10 7 9 1 4 5 3 
20180529773 3 9 2 6 5 8 7 10 1 4 
20180529774 7 3 10 1 6 9 8 4 2 5 
20180529775 9 10 2 1 7 3 5 6 8 4 
20180529776 6 10 2 7 1 3 9 4 5 8 
20180529777 1 9 5 6 7 10 4 8 2 3 
20180529778 5 1 4 8 3 6 10 2 7 9 
20180529779 10 2 6 7 4 8 5 1 9 3 
20180529780 1 7 5 6 9 10 2 4 8 3 
20180529781 7 3 8 4 6 2 10 1 9 5 
20180529782 3 5 2 7 9 10 1 6 4 8 
20180529783 2 1 9 6 10 7 4 3 8 5 
20180529784 5 1 6 4 10 7 9 3 2 8 
20180529785 5 3 10 4 6 1 8 9 2 7 
20180529786 4 9 10 2 7 6 8 5 3 1 
20180529787 10 8 2 9 3 4 6 1 7 5 
20180529788 4 9 8 1 5 10 3 6 7 2 
20180529789 4 10 5 8 1 6 3 7 9 2 
20180529790 4 7 3 5 2 1 9 8 6 10 
20180529791 9 7 6 5 8 4 2 3 10 1 
20180529792 2 7 3 10 6 5 8 9 4 1 
20180529793 2 4 6 10 7 8 3 5 1 9 
20180529794 5 4 6 3 10 7 8 2 9 1 
20180529795 2 6 3 5 4 9 10 8 1 7 
20180529796 1 8 2 10 7 4 3 5 9 6 
20180529797 4 10 1 8 3 2 6 7 9 5 
20180529798 3 9 5 1 6 2 4 8 7 10 
20180529799 2 3 10 1 5 9 8 4 6 7 
20180529800 5 6 7 3 10 1 8 4 2 9 
20180529801 7 10 9 8 1 3 2 4 6 5 
20180529802 7 2 6 3 10 1 5 9 8 4 
20180529803 6 5 7 10 1 9 4 2 3 8 
20180529804 9 10 1 3 6 8 4 7 5 2 
20180529805 5 3 1 6 10 8 2 4 9 7 
20180529806 2 8 1 10 5 9 6 7 4 3 
20180529807 5 8 2 9 3 4 10 1 7 6 
20180529808 3 6 4 10 2 1 5 7 9 8 
20180529809 10 2 9 4 5 7 3 6 1 8 
20180529810 3 6 1 5 9 2 7 4 8 10 
20180529811 10 3 9 2 1 6 4 7 5 8 
20180529812 6 5 2 1 4 10 3 9 8 7 
20180529813 6 5 8 10 3 9 1 2 4 7 
20180529814 10 7 9 3 6 2 1 4 5 8 
20180529815 8 2 9 1 6 10 7 4 3 5 
20180529816 9 2 6 10 1 4 8 7 3 5 
20180529817 4 8 6 1 10 5 7 9 3 2 
20180529818 2 3 5 9 7 1 6 8 4 10 
20180529819 2 6 5 1 3 9 7 10 4 8 
20180529820 8 3 5 7 10 4 1 6 9 2 
20180529821 3 8 1 6 2 9 4 10 7 5 
20180529822 10 6 5 2 4 9 8 1 3 7 
20180529823 6 1 5 7 10 4 3 8 2 9 
20180529824 3 1 6 2 7 10 4 9 8 5 
20180529825 2 7 10 8 3 9 5 4 6 1 
20180529826 7 2 6 9 3 8 5 1 10 4 
20180529827 8 3 2 7 4 6 9 1 5 10 
20180529828 8 4 2 3 1 10 7 9 6 5 
20180529829 1 8 9 4 6 10 2 3 7 5 
20180529830 10 3 5 6 8 7 1 4 2 9 
20180529831 8 7 4 3 2 10 9 5 1 6 
20180529832 8 4 6 3 2 7 1 10 5 9 
20180529833 10 4 3 8 2 6 5 9 1 7 
20180529834 10 1 7 2 8 5 3 4 9 6 
20180529835 5 9 8 3 1 4 10 7 2 6 
20180529836 10 9 4 5 8 3 2 7 1 6 
20180529837 8 6 7 3 9 10 5 4 1 2 
20180529838 7 5 9 10 6 8 4 3 2 1 
20180529839 3 6 7 8 2 9 1 10 4 5 
20180529840 7 10 9 4 5 1 2 6 8 3 
20180529841 8 5 3 10 9 2 7 1 6 4 
20180529842 10 3 1 8 2 7 5 4 9 6 
20180529843 6 7 5 2 1 8 4 10 3 9 
20180529844 5 1 4 6 9 8 2 7 3 10 
20180529845 6 2 7 1 8 10 9 5 4 3 
20180529846 6 1 7 9 8 5 3 2 10 4 
20180529847 5 6 9 2 7 10 3 1 4 8 
20180529848 5 1 8 2 10 3 4 9 6 7 
20180529849 10 4 1 5 9 3 6 8 2 7 
20180529850 1 2 9 6 10 8 4 7 3 5 
20180529851 4 1 3 7 8 2 6 5 10 9 
20180529852 1 3 7 6 5 8 10 4 9 2 
20180529853 7 9 4 1 2 6 8 10 3 5 
20180529854 4 10 7 8 1 9 6 5 2 3 
20180529855 5 1 9 2 10 8 6 4 3 7 
20180529856 10 8 5 1 4 6 2 3 9 7 
20180529857 5 4 9 10 3 6 8 7 1 2 
20180529858 7 6 4 8 9 10 1 5 2 3 
20180529859 5 3 1 7 2 10 6 8 9 4 
20180529860 10 5 9 2 1 6 8 7 3 4 
20180529861 3 2 4 6 9 7 5 1 8 10 
20180529862 1 5 3 9 4 8 6 10 7 2 
20180529863 10 6 4 9 5 1 3 7 8 2 
20180529864 3 8 10 9 4 7 2 1 5 6 
20180529865 5 7 6 1 10 4 2 9 3 8 
20180529866 2 1 3 4 8 5 7 9 10 6 
20180529867 1 9 3 4 7 8 10 5 6 2 
20180529868 5 6 1 8 10 7 9 3 2 4 
20180529869 1 2 6 8 5 9 4 3 10 7 
20180529870 5 4 1 6 2 3 8 9 10 7 
20180529871 4 6 2 8 3 5 1 10 7 9 
20180529872 5 7 8 10 3 9 6 2 1 4 
20180529873 4 6 5 2 10 7 1 9 3 8 
20180529874 1 10 9 7 2 8 4 6 3 5 
20180529875 6 1 5 10 3 2 8 9 4 7 
20180529876 1 7 8 9 6 3 4 5 10 2 
20180529877 3 7 4 5 10 2 6 9 1 8 
20180529878 3 5 6 10 9 2 8 4 1 7 
20180529879 5 7 4 8 9 3 1 2 10 6 
20180529880 9 2 7 4 6 3 10 1 5 8 
20180529881 3 4 8 7 2 6 5 9 1 10 
20180529882 3 8 1 9 7 6 2 4 5 10 
20180529883 2 4 1 9 8 7 6 3 5 10 
20180529884 7 4 6 9 1 2 8 10 3 5 
20180529885 8 7 6 9 3 4 10 5 2 1 
20180529886 3 4 6 8 1 2 5 7 10 9 
20180529887 7 4 2 3 9 6 5 10 1 8 
20180529888 9 4 6 3 5 7 2 8 10 1 
20180529889 2 8 9 6 10 1 7 3 4 5 
20180529890 7 4 10 2 1 5 9 3 8 6 
20180529891 2 9 1 3 10 5 6 4 8 7 
20180529892 3 10 5 1 9 2 4 6 7 8 
20180529893 1 5 9 7 4 2 8 10 6 3 
20180529894 2 9 1 6 5 7 3 10 8 4 
20180529895 1 7 9 8 10 3 6 4 2 5 
20180529896 9 5 6 7 8 4 10 3 2 1 
20180529897 7 1 8 10 3 2 9 6 4 5 
20180529898 7 5 6 3 1 2 8 4 9 10 
20180529899 2 5 4 7 1 9 8 3 10 6 
20180529900 3 2 8 7 1 4 9 6 5 10 
20180529901 4 10 5 1 3 8 6 9 2 7 
20180529902 2 8 6 1 10 4 9 7 3 5 
20180529903 6 1 4 3 10 7 2 8 9 5 
20180529904 3 7 6 4 9 2 8 5 1 10 
20180529905 9 8 3 2 4 1 6 7 5 10 
20180529906 6 3 9 1 4 7 10 8 5 2 
20180529907 5 3 7 10 8 6 2 9 4 1 
20180529908 5 4 9 3 10 6 2 1 8 7 
20180529909 7 1 4 2 10 3 9 8 6 5 
20180529910 1 4 8 6 9 10 5 2 7 3 
20180529911 10 5 6 8 2 7 4 9 3 1 
20180529912 8 5 1 10 2 9 7 6 4 3 
20180529913 6 1 9 2 4 3 5 8 7 10 
20180529914 3 6 7 10 2 9 4 1 8 5 
20180529915 8 4 6 10 5 1 9 7 2 3 
20180529916 9 4 7 2 3 1 6 8 10 5 
20180529917 5 1 3 2 7 9 8 6 4 10 
20180529918 4 8 6 10 7 2 1 9 3 5 
20180529919 6 8 1 2 7 3 10 5 9 4 
20180529920 2 8 9 10 7 4 6 3 1 5 
20180529921 3 8 5 1 2 7 6 10 9 4 
20180529922 4 2 10 5 6 3 1 9 7 8 
20180529923 2 1 7 3 10 6 5 4 9 8 
20180529924 9 6 2 8 5 1 7 10 4 3 
20180529925 2 9 6 5 8 3 1 7 4 10 
20180529926 5 7 1 4 10 2 8 6 3 9 
20180529927 7 8 6 9 10 2 4 3 1 5 
20180529928 9 5 10 1 4 6 3 7 2 8 
20180529929 8 4 1 9 5 10 6 7 2 3 
20180529930 6 10 4 7 5 9 1 8 3 2 
20180529931 6 2 4 7 1 8 9 5 3 10 
20180529932 4 9 5 1 8 2 3 6 7 10 
20180529933 6 9 7 4 1 5 8 3 2 10 
20180529934 6 2 1 4 8 9 3 5 10 7 
20180529935 10 6 3 1 7 4 2 8 9 5 
20180529936 3 6 7 2 9 1 4 5 10 8 
20180529937 5 7 8 2 10 6 3 9 4 1 
20180529938 8 10 2 3 4 6 9 1 5 7 
20180529939 3 7 9 10 1 4 6 2 8 5 
20180529940 5 3 7 1 10 6 8 9 4 2 
20180529941 9 7 2 5 3 8 4 6 1 10 
20180529942 5 2 1 8 4 10 3 6 9 7 
20180529943 2 4 5 7 8 1 3 10 9 6 
20180529944 8 7 3 10 2 5 1 6 4 9 
20180529945 8 9 10 2 5 6 7 1 3 4 
20180529946 2 9 6 10 7 8 5 4 3 1 
20180529947 6 10 2 9 5 3 7 4 1 8 
20180529948 7 5 1 9 3 10 4 2 8 6 
20180529949 4 2 9 10 5 3 7 6 8 1 
20180529950 3 5 7 2 10 8 9 1 6 4 
20180529951 8 9 5 6 7 1 3 4 10 2 
20180529952 10 7 9 2 4 5 8 6 1 3 
20180529953 1 4 8 2 5 6 10 3 9 7 
20180529954 3 4 10 5 7 2 1 9 6 8 
20180529955 6 1 3 7 5 4 2 9 10 8 
20180529956 10 9 6 1 8 4 5 3 2 7 
20180529957 8 7 1 10 4 2 5 3 9 6 
20180529958 8 3 1 4 6 10 5 7 9 2 
20180529959 7 5 1 4 10 8 6 3 2 9 
20180529960 9 1 10 5 6 3 8 2 4 7 
20180529961 5 8 3 7 1 6 2 10 9 4 
20180529962 10 7 8 4 5 6 1 9 3 2 
20180529963 2 6 4 5 7 8 10 3 1 9 
20180529964 9 1 5 8 7 3 2 4 10 6 
20180529965 10 7 3 5 4 2 1 9 6 8 
20180529966 2 9 4 1 5 3 6 10 7 8 
20180529967 9 1 6 4 3 5 2 8 7 10 
20180529968 2 8 4 5 9 7 1 10 3 6 
20180529969 2 4 6 8 9 1 7 10 5 3 
20180529970 10 7 3 2 4 6 5 1 8 9 
20180529971 7 4 9 1 10 2 6 3 8 5 
20180529972 8 5 2 10 3 4 1 9 7 6 
20180529973 5 2 8 4 1 9 3 7 6 10 
20180529974 9 2 7 5 8 4 1 6 3 10 
20180529975 2 6 10 3 7 9 4 5 1 8 
20180529976 8 3 9 2 10 1 4 7 5 6 
20180529977 4 5 2 1 8 7 6 10 3 9 
20180529978 6 7 2 10 1 3 8 5 9 4 
20180529979 2 8 6 9 3 10 7 5 4 1 
20180529980 9 5 10 6 1 8 7 3 2 4 
20180529981 4 5 9 6 7 1 8 10 3 2 
20180529982 9 4 7 2 6 5 1 8 10 3 
20180529983 10 2 5 7 8 9 4 1 6 3 
20180529984 5 10 3 7 9 2 4 8 1 6 
20180529985 7 10 2 5 1 6 3 9 4 8 
