20180520001 6 4 7 1 5 2 9 3 8 10 
20180520002 4 6 10 1 7 3 9 2 5 8 
20180520003 5 8 10 4 7 3 1 9 2 6 
20180520004 8 6 5 4 3 7 10 1 2 9 
20180520005 10 1 8 7 6 3 4 2 9 5 
20180520006 9 8 1 7 2 3 5 4 6 10 
20180520007 6 1 5 10 2 4 7 8 3 9 
20180520008 3 9 10 4 8 2 6 1 7 5 
20180520009 9 5 8 10 6 2 1 7 3 4 
20180520010 6 7 5 10 3 8 4 1 2 9 
20180520011 8 3 2 7 1 9 4 10 6 5 
20180520012 7 8 9 1 6 5 3 10 4 2 
20180520013 5 8 10 7 9 2 3 1 4 6 
20180520014 4 8 1 5 2 9 10 3 6 7 
20180520015 2 6 5 7 4 8 3 9 1 10 
20180520016 8 7 1 4 6 2 9 10 5 3 
20180520017 3 4 7 10 6 5 2 8 1 9 
20180520018 3 5 7 6 9 4 8 2 10 1 
20180520019 9 2 3 5 7 4 1 8 10 6 
20180520020 7 5 1 4 8 2 3 6 9 10 
20180520021 6 5 2 7 9 1 10 4 3 8 
20180520022 1 2 7 8 9 10 4 5 6 3 
20180520023 1 3 10 9 6 5 8 2 7 4 
20180520024 3 10 2 1 5 7 8 6 4 9 
20180520025 1 3 8 5 10 2 9 4 6 7 
20180520026 5 3 7 10 6 8 1 4 2 9 
20180520027 9 5 8 3 6 10 2 4 1 7 
20180520028 4 5 3 9 7 1 8 10 2 6 
20180520029 8 5 10 9 7 4 6 1 3 2 
20180520030 10 4 3 8 9 2 6 7 1 5 
20180520031 4 10 5 1 6 2 9 7 8 3 
20180520032 2 3 8 10 7 4 9 5 6 1 
20180520033 9 6 3 2 5 7 10 1 4 8 
20180520034 8 1 2 7 5 9 4 3 10 6 
20180520035 9 2 7 10 8 1 5 3 4 6 
20180520036 4 2 1 7 6 10 9 3 5 8 
20180520037 6 4 3 1 5 9 7 2 8 10 
20180520038 7 5 3 6 10 8 9 1 4 2 
20180520039 9 4 7 2 5 1 6 8 10 3 
20180520040 6 9 3 1 2 8 10 7 5 4 
20180520041 6 2 10 9 3 8 1 5 7 4 
20180520042 1 5 2 6 8 10 4 3 7 9 
20180520043 10 3 2 8 9 6 7 1 4 5 
20180520044 8 2 6 10 4 7 1 3 9 5 
20180520045 5 7 9 8 2 1 3 10 6 4 
20180520046 10 3 9 4 8 6 5 1 2 7 
20180520047 2 10 7 8 3 6 9 1 4 5 
20180520048 5 1 6 10 7 4 3 9 2 8 
20180520049 8 10 3 2 7 1 9 4 5 6 
20180520050 8 10 3 5 9 4 6 7 2 1 
20180520051 4 9 10 2 7 5 1 8 6 3 
20180520052 9 5 3 4 1 7 2 8 10 6 
20180520053 1 10 6 2 8 5 9 4 3 7 
20180520054 7 9 3 8 6 2 1 4 10 5 
20180520055 2 6 8 9 5 7 10 4 3 1 
20180520056 3 7 6 10 5 9 2 4 8 1 
20180520057 1 6 7 4 5 2 9 10 3 8 
20180520058 7 4 10 2 8 1 6 5 9 3 
20180520059 1 3 6 7 5 9 8 10 4 2 
20180520060 8 3 10 9 2 7 5 6 4 1 
20180520061 4 1 5 3 8 10 6 2 9 7 
20180520062 8 6 9 4 1 3 7 5 10 2 
20180520063 6 4 3 7 2 5 10 8 9 1 
20180520064 8 10 6 5 9 7 3 1 2 4 
20180520065 5 4 2 10 7 3 8 1 6 9 
20180520066 1 5 4 3 9 8 6 2 10 7 
20180520067 7 1 6 10 5 4 8 9 3 2 
20180520068 9 5 10 7 2 8 3 6 4 1 
20180520069 10 8 5 9 7 3 2 1 4 6 
20180520070 6 10 2 3 1 4 5 7 9 8 
20180520071 2 9 5 3 8 10 1 4 6 7 
20180520072 10 3 7 1 9 5 8 6 4 2 
20180520073 10 7 5 9 1 6 4 2 3 8 
20180520074 8 9 4 5 3 6 7 10 1 2 
20180520075 8 6 7 9 3 2 5 4 10 1 
20180520076 6 4 10 3 1 8 5 7 2 9 
20180520077 2 10 4 7 1 3 8 5 9 6 
20180520078 1 9 6 7 10 4 5 8 2 3 
20180520079 1 8 2 3 7 6 9 4 5 10 
20180520080 4 2 3 5 10 1 6 8 9 7 
20180520081 5 1 10 3 2 8 7 6 4 9 
20180520082 5 9 6 2 4 3 8 7 10 1 
20180520083 8 6 1 2 5 9 10 4 7 3 
20180520084 2 10 9 4 1 3 5 6 8 7 
20180520085 10 7 9 1 6 5 4 3 8 2 
20180520086 7 10 4 9 3 5 1 6 8 2 
20180520087 7 4 9 6 2 8 10 3 1 5 
20180520088 5 4 8 9 10 2 3 6 7 1 
20180520089 2 1 10 7 3 4 6 5 9 8 
20180520090 7 5 4 1 3 8 6 9 2 10 
20180520091 9 10 3 2 7 6 5 1 8 4 
20180520092 10 4 7 2 5 6 3 9 1 8 
20180520093 4 10 5 1 7 9 8 2 6 3 
20180520094 9 3 7 10 8 4 2 5 1 6 
20180520095 8 6 1 10 7 9 2 4 3 5 
20180520096 8 9 4 6 1 5 2 10 3 7 
20180520097 10 1 6 3 8 7 5 9 2 4 
20180520098 8 4 3 2 7 10 5 6 1 9 
20180520099 5 9 8 2 10 3 6 7 1 4 
20180520100 1 6 10 9 4 5 2 7 3 8 
20180520101 8 5 3 6 9 7 4 2 10 1 
20180520102 1 2 10 6 3 8 5 9 7 4 
20180520103 6 4 5 1 7 2 3 10 9 8 
20180520104 2 10 6 8 5 9 4 3 7 1 
20180520105 1 6 10 2 8 3 4 5 9 7 
20180520106 4 1 6 7 9 2 8 3 5 10 
20180520107 3 7 10 9 6 2 5 1 8 4 
20180520108 2 5 9 10 3 4 1 8 6 7 
20180520109 1 6 2 4 7 8 5 3 9 10 
20180520110 9 5 6 10 3 8 7 1 4 2 
20180520111 5 6 9 8 7 2 3 4 10 1 
20180520112 2 4 5 3 6 10 1 7 8 9 
20180520113 5 9 10 8 1 7 2 3 6 4 
20180520114 7 5 3 6 8 4 10 9 1 2 
20180520115 9 10 8 2 1 6 4 5 7 3 
20180520116 1 9 10 3 2 4 7 5 8 6 
20180520117 8 10 6 5 1 2 4 3 7 9 
20180520118 4 6 3 10 5 7 8 1 9 2 
20180520119 1 8 5 9 6 4 10 2 3 7 
20180520120 7 8 2 4 6 3 9 5 1 10 
20180520121 7 5 6 9 3 2 8 10 1 4 
20180520122 10 8 9 4 6 3 5 1 7 2 
20180520123 9 10 8 5 4 1 6 2 3 7 
20180520124 10 8 6 4 5 2 1 9 7 3 
20180520125 5 8 9 7 6 2 3 1 10 4 
20180520126 8 1 7 9 4 10 6 5 3 2 
20180520127 7 3 5 9 10 8 6 4 1 2 
20180520128 1 5 6 8 4 2 9 10 3 7 
20180520129 4 10 7 1 6 3 2 9 5 8 
20180520130 5 8 2 3 4 7 1 9 6 10 
20180520131 8 3 4 1 10 6 9 7 5 2 
20180520132 8 4 3 7 5 1 9 6 10 2 
20180520133 7 1 6 2 9 4 10 3 5 8 
20180520134 9 4 10 6 3 8 2 5 7 1 
20180520135 4 1 5 7 9 3 10 2 6 8 
20180520136 6 5 2 4 3 9 1 10 7 8 
20180520137 4 5 10 3 1 6 7 9 2 8 
20180520138 9 1 2 5 10 4 8 6 3 7 
20180520139 2 10 7 5 4 6 1 9 8 3 
20180520140 3 10 2 5 6 7 4 8 1 9 
20180520141 4 9 7 1 2 10 6 8 3 5 
20180520142 6 1 5 7 8 3 2 10 4 9 
20180520143 3 8 4 2 10 1 7 6 9 5 
20180520144 7 4 8 6 3 10 5 2 9 1 
20180520145 6 5 2 9 1 8 10 4 3 7 
20180520146 4 3 8 6 10 5 9 2 7 1 
20180520147 1 6 8 7 3 2 9 5 4 10 
20180520148 6 9 10 3 1 4 5 8 2 7 
20180520149 4 5 7 2 6 8 10 3 9 1 
20180520150 2 8 9 4 3 1 10 6 7 5 
20180520151 1 6 4 7 5 8 2 3 10 9 
20180520152 7 1 6 2 8 9 3 5 10 4 
20180520153 8 6 5 7 1 3 10 9 4 2 
20180520154 9 3 10 6 8 4 7 5 1 2 
20180520155 3 4 2 8 6 9 7 1 5 10 
20180520156 1 3 7 8 6 10 4 9 5 2 
20180520157 5 6 10 2 3 7 9 1 4 8 
20180520158 2 9 5 8 7 3 10 1 6 4 
20180520159 8 5 6 3 10 7 9 2 1 4 
20180520160 10 8 1 3 4 7 2 6 9 5 
20180520161 9 5 7 8 3 10 2 4 1 6 
20180520162 8 6 1 7 3 5 10 2 9 4 
20180520163 1 7 2 9 6 8 5 4 3 10 
20180520164 8 7 2 3 9 10 4 6 1 5 
20180520165 5 7 4 10 1 3 8 9 6 2 
20180520166 9 7 3 8 10 5 2 1 4 6 
20180520167 2 1 7 4 6 5 3 9 10 8 
20180520168 7 2 9 5 8 3 10 1 6 4 
20180520169 1 9 2 8 4 7 3 5 10 6 
20180520170 7 9 4 3 5 10 1 8 6 2 
20180520171 4 8 6 3 9 1 5 10 7 2 
20180520172 7 3 1 6 10 4 5 2 8 9 
20180520173 7 9 1 4 8 3 10 6 5 2 
20180520174 4 5 6 8 1 7 10 3 9 2 
20180520175 8 9 2 6 5 4 1 7 10 3 
20180520176 10 2 6 8 3 9 1 5 7 4 
20180520177 6 1 9 2 5 8 3 4 10 7 
20180520178 3 2 4 10 9 6 1 8 7 5 
20180520179 6 2 10 7 5 4 9 1 8 3 
20180520180 5 1 6 8 2 10 3 4 9 7 
20180520181 4 10 3 2 5 1 9 6 8 7 
20180520182 8 3 5 7 1 9 10 6 2 4 
20180520183 1 6 7 10 9 5 4 2 8 3 
20180520184 8 3 2 6 10 7 5 4 9 1 
20180520185 2 5 9 4 6 10 8 1 7 3 
20180520186 1 3 7 2 4 5 6 8 10 9 
20180520187 8 10 1 4 2 5 7 6 3 9 
20180520188 2 4 9 5 8 3 6 7 1 10 
20180520189 2 5 4 9 6 8 10 3 1 7 
20180520190 4 10 5 3 7 2 6 1 9 8 
20180520191 9 1 4 5 3 8 2 10 6 7 
20180520192 2 7 8 6 3 10 5 4 1 9 
20180520193 3 10 6 9 4 2 7 1 8 5 
20180520194 2 5 10 7 3 9 1 6 4 8 
20180520195 1 2 5 9 7 8 10 4 3 6 
20180520196 1 2 8 7 10 4 3 5 6 9 
20180520197 10 1 9 7 8 2 5 3 4 6 
20180520198 8 9 1 6 5 7 4 10 2 3 
20180520199 7 2 9 6 8 10 3 4 5 1 
20180520200 5 7 3 9 4 10 2 1 8 6 
20180520201 9 2 10 5 4 1 8 3 7 6 
20180520202 7 3 5 2 4 1 10 8 6 9 
20180520203 7 4 9 10 3 5 8 1 2 6 
20180520204 10 7 5 9 4 6 2 3 8 1 
20180520205 8 10 3 5 4 6 1 2 7 9 
20180520206 6 2 1 7 4 8 9 5 3 10 
20180520207 4 9 10 1 3 8 6 2 5 7 
20180520208 3 9 10 2 1 7 6 4 8 5 
20180520209 3 6 9 7 8 10 2 5 1 4 
20180520210 9 2 7 6 1 8 10 5 4 3 
20180520211 8 5 1 7 6 2 3 4 10 9 
20180520212 9 7 3 5 2 4 10 1 8 6 
20180520213 1 10 2 5 4 3 8 9 6 7 
20180520214 7 8 5 6 1 3 2 4 10 9 
20180520215 6 5 9 7 10 4 1 3 2 8 
20180520216 7 10 8 2 4 6 1 9 5 3 
20180520217 2 3 8 9 1 7 5 4 6 10 
20180520218 7 3 1 10 6 8 5 4 9 2 
20180520219 2 4 10 5 3 7 1 8 9 6 
20180520220 9 2 6 10 8 4 7 5 1 3 
20180520221 5 6 8 7 4 2 10 3 1 9 
20180520222 10 8 3 6 4 2 7 9 1 5 
20180520223 4 9 5 1 3 6 10 8 7 2 
20180520224 2 5 9 4 3 8 1 10 6 7 
20180520225 10 7 1 2 6 9 8 3 5 4 
20180520226 10 7 9 6 3 1 8 5 4 2 
20180520227 7 9 10 3 5 2 1 4 8 6 
20180520228 6 9 4 8 5 3 7 2 1 10 
20180520229 6 2 8 4 7 3 1 10 5 9 
20180520230 8 4 10 5 7 9 3 2 1 6 
20180520231 5 1 10 4 7 9 3 6 8 2 
20180520232 1 9 5 7 6 10 4 8 3 2 
20180520233 10 9 1 2 7 8 6 5 4 3 
20180520234 8 1 10 7 5 9 2 6 3 4 
20180520235 4 9 3 6 1 8 2 5 10 7 
20180520236 1 10 9 5 3 6 7 4 8 2 
20180520237 6 10 8 7 1 4 9 3 2 5 
20180520238 6 3 8 1 9 7 2 10 5 4 
20180520239 1 10 4 9 7 3 8 2 5 6 
20180520240 9 10 8 6 7 2 4 5 1 3 
20180520241 7 1 9 5 6 3 10 2 4 8 
20180520242 10 3 9 8 5 2 7 1 6 4 
20180520243 3 6 10 4 9 2 8 5 7 1 
20180520244 6 10 1 3 9 2 7 4 8 5 
20180520245 3 4 8 7 9 5 6 10 2 1 
20180520246 4 3 1 10 9 2 5 7 6 8 
20180520247 8 9 4 3 7 1 10 6 5 2 
20180520248 8 6 4 1 3 10 2 7 5 9 
20180520249 6 3 7 10 5 2 8 9 1 4 
20180520250 7 4 3 9 1 5 8 2 10 6 
20180520251 1 3 5 2 9 6 8 4 7 10 
20180520252 5 9 7 8 2 10 4 1 3 6 
20180520253 3 5 9 2 1 7 8 4 6 10 
20180520254 8 2 7 4 5 10 6 3 9 1 
20180520255 3 7 1 8 10 9 2 6 5 4 
20180520256 8 7 1 3 6 2 5 9 10 4 
20180520257 4 2 9 3 8 7 5 1 10 6 
20180520258 6 2 1 10 9 7 3 5 8 4 
20180520259 2 1 10 3 4 9 6 8 5 7 
20180520260 9 1 4 7 10 2 6 8 5 3 
20180520261 2 8 9 7 5 6 4 1 10 3 
20180520262 8 5 4 9 10 2 3 6 7 1 
20180520263 6 1 7 3 9 5 10 8 2 4 
20180520264 1 8 9 4 10 3 2 7 5 6 
20180520265 9 2 8 3 10 6 4 7 1 5 
20180520266 2 4 9 8 1 7 10 3 5 6 
20180520267 4 1 7 10 9 8 2 5 6 3 
20180520268 5 9 3 8 4 2 1 10 6 7 
20180520269 10 6 5 9 3 2 1 7 4 8 
20180520270 5 6 8 7 4 3 2 1 10 9 
20180520271 7 2 1 8 3 9 10 4 5 6 
20180520272 7 2 8 9 6 3 1 10 4 5 
20180520273 4 3 6 7 5 1 10 2 9 8 
20180520274 7 8 6 1 2 5 4 10 3 9 
20180520275 8 2 6 4 3 9 5 10 7 1 
20180520276 4 6 3 7 8 2 5 10 9 1 
20180520277 4 9 8 1 7 6 5 10 3 2 
20180520278 5 8 7 3 2 1 10 9 6 4 
20180520279 7 10 6 3 9 8 5 1 4 2 
20180520280 2 3 6 9 7 8 1 5 10 4 
20180520281 2 6 1 10 7 8 5 9 4 3 
20180520282 5 3 8 6 10 4 9 2 7 1 
20180520283 7 6 3 4 9 2 8 1 5 10 
20180520284 10 9 3 2 7 1 6 5 4 8 
20180520285 1 10 6 4 3 5 7 2 8 9 
20180520286 7 9 1 3 10 6 4 5 8 2 
20180520287 10 7 6 3 1 5 2 8 9 4 
20180520288 1 8 7 5 4 6 3 10 9 2 
20180520289 1 8 6 5 3 10 2 9 7 4 
20180520290 3 9 1 7 4 5 10 2 8 6 
20180520291 4 5 8 2 6 7 3 9 10 1 
20180520292 2 3 10 5 9 4 8 1 6 7 
20180520293 4 10 9 1 3 5 6 7 8 2 
20180520294 5 6 7 10 8 2 4 9 1 3 
20180520295 4 6 3 8 2 7 10 5 1 9 
20180520296 6 9 10 1 5 3 4 2 7 8 
20180520297 7 8 9 3 4 5 10 6 2 1 
20180520298 10 9 3 8 6 1 2 7 4 5 
20180520299 1 8 7 6 10 5 2 4 3 9 
20180520300 3 4 9 5 6 2 7 10 1 8 
20180520301 2 5 7 6 10 8 1 4 3 9 
20180520302 9 10 8 1 5 2 6 4 3 7 
20180520303 7 5 10 1 3 8 4 9 6 2 
20180520304 6 1 9 4 10 2 3 8 7 5 
20180520305 9 7 4 8 3 2 5 1 10 6 
20180520306 8 4 2 1 7 6 9 3 10 5 
20180520307 7 2 1 4 10 3 8 9 6 5 
20180520308 7 2 9 8 1 4 6 3 10 5 
20180520309 5 4 6 3 8 2 10 1 9 7 
20180520310 7 10 2 4 9 6 5 1 3 8 
20180520311 10 9 4 1 7 5 2 3 8 6 
20180520312 5 1 3 9 4 7 8 6 2 10 
20180520313 1 3 6 7 2 4 10 9 5 8 
20180520314 3 7 4 6 2 10 8 1 9 5 
20180520315 6 5 9 3 2 4 1 7 10 8 
20180520316 9 3 6 2 10 1 8 4 7 5 
20180520317 3 10 4 8 2 1 9 6 7 5 
20180520318 2 1 10 4 7 3 5 6 8 9 
20180520319 6 10 1 9 2 5 8 3 7 4 
20180520320 10 4 6 1 7 8 3 5 2 9 
20180520321 2 10 6 1 5 9 4 8 3 7 
20180520322 5 8 4 2 7 3 6 1 10 9 
20180520323 10 5 8 9 1 2 3 7 4 6 
20180520324 5 2 6 4 10 3 9 8 1 7 
20180520325 1 4 10 2 8 5 9 7 3 6 
20180520326 2 8 7 10 6 3 4 5 1 9 
20180520327 4 1 2 3 7 6 10 5 8 9 
20180520328 1 2 5 3 7 10 8 9 6 4 
20180520329 8 2 9 5 7 1 4 10 6 3 
20180520330 6 2 9 5 3 10 4 1 8 7 
20180520331 7 3 6 9 10 8 5 2 4 1 
20180520332 5 10 1 6 4 8 7 9 2 3 
20180520333 2 4 1 5 7 6 9 10 3 8 
20180520334 5 9 2 10 7 4 6 8 3 1 
20180520335 5 7 3 1 2 8 10 9 4 6 
20180520336 4 9 1 10 3 8 2 6 7 5 
20180520337 9 5 8 6 10 4 3 1 7 2 
20180520338 1 5 3 4 8 9 7 2 10 6 
20180520339 1 9 8 2 3 6 10 7 4 5 
20180520340 6 1 5 2 4 7 9 10 8 3 
20180520341 6 5 9 1 2 10 7 3 4 8 
20180520342 1 3 5 9 4 6 7 2 8 10 
20180520343 7 3 4 5 6 10 8 9 1 2 
20180520344 1 3 10 9 8 5 7 6 4 2 
20180520345 6 10 4 8 9 2 3 5 7 1 
20180520346 4 9 2 7 10 6 1 3 8 5 
20180520347 8 1 5 7 9 10 4 2 3 6 
20180520348 7 2 9 10 6 3 8 4 5 1 
20180520349 5 9 3 4 6 2 1 7 10 8 
20180520350 5 7 4 9 1 3 2 6 8 10 
20180520351 8 10 9 5 6 7 1 3 2 4 
20180520352 5 2 8 6 9 10 4 1 7 3 
20180520353 7 5 8 2 1 9 3 4 10 6 
20180520354 2 9 10 4 5 8 6 7 3 1 
20180520355 2 10 1 8 6 3 9 4 5 7 
20180520356 8 1 9 4 6 2 10 7 3 5 
20180520357 10 1 4 6 2 3 5 7 8 9 
20180520358 7 1 2 6 5 3 9 10 8 4 
20180520359 9 7 8 6 1 3 2 5 4 10 
20180520360 5 4 1 6 3 7 8 2 10 9 
20180520361 2 10 7 6 4 3 8 9 5 1 
20180520362 5 4 7 3 6 9 10 1 2 8 
20180520363 8 9 2 1 10 4 3 7 5 6 
20180520364 2 9 4 7 10 3 6 1 5 8 
20180520365 4 9 6 10 7 3 8 2 1 5 
20180520366 7 6 2 4 8 10 1 3 9 5 
20180520367 4 10 6 5 1 8 9 2 3 7 
20180520368 1 2 3 10 8 6 9 7 4 5 
20180520369 1 6 4 2 8 7 10 3 5 9 
20180520370 3 1 4 6 8 9 10 7 2 5 
20180520371 8 5 1 9 7 2 4 10 3 6 
20180520372 8 7 5 6 10 4 2 9 1 3 
20180520373 4 8 2 5 3 9 7 6 10 1 
20180520374 10 9 3 1 6 2 5 8 4 7 
20180520375 7 1 8 2 9 10 5 3 4 6 
20180520376 10 8 7 3 1 6 9 2 4 5 
20180520377 8 9 3 4 7 10 2 1 5 6 
20180520378 7 3 2 5 9 6 1 8 10 4 
20180520379 5 10 1 6 4 8 3 2 7 9 
20180520380 9 8 4 10 7 2 1 5 6 3 
20180520381 7 1 9 3 2 4 5 8 6 10 
20180520382 8 2 9 3 5 10 1 4 6 7 
20180520383 9 8 7 4 3 1 5 10 6 2 
20180520384 10 8 1 5 7 4 3 2 9 6 
20180520385 9 8 10 6 1 2 3 5 4 7 
20180520386 5 1 2 3 7 8 4 9 6 10 
20180520387 2 1 3 8 4 7 5 9 6 10 
20180520388 10 5 7 9 2 4 3 8 6 1 
20180520389 7 8 3 10 1 6 2 5 9 4 
20180520390 7 10 3 5 9 1 4 8 2 6 
20180520391 1 4 2 7 9 3 5 10 8 6 
20180520392 6 5 2 4 9 8 1 7 10 3 
20180520393 7 5 10 1 3 9 4 8 2 6 
20180520394 1 6 2 10 4 5 7 3 8 9 
20180520395 9 4 7 8 2 5 1 6 3 10 
20180520396 7 3 10 2 1 4 8 5 9 6 
20180520397 2 4 7 6 1 10 8 3 9 5 
20180520398 2 8 10 4 9 7 3 6 5 1 
20180520399 4 5 2 8 6 9 7 10 3 1 
20180520400 7 6 3 10 2 8 9 5 1 4 
20180520401 7 4 2 9 1 10 5 3 6 8 
20180520402 1 9 2 4 6 3 8 5 7 10 
20180520403 2 8 1 5 7 4 6 9 3 10 
20180520404 1 9 6 7 5 10 2 8 4 3 
20180520405 6 10 8 3 9 1 4 5 7 2 
20180520406 7 3 4 6 2 5 1 10 8 9 
20180520407 9 7 2 5 4 8 1 10 3 6 
20180520408 1 6 4 7 9 3 10 5 2 8 
20180520409 10 6 7 1 3 2 8 9 4 5 
20180520410 6 9 5 4 2 10 8 7 1 3 
20180520411 2 10 6 9 7 1 4 8 3 5 
20180520412 7 1 5 9 2 6 8 10 4 3 
20180520413 6 5 9 10 7 8 4 3 2 1 
20180520414 7 8 9 4 10 2 3 5 1 6 
20180520415 3 4 8 6 7 1 10 9 5 2 
20180520416 7 1 9 10 8 2 5 6 3 4 
20180520417 10 7 4 9 6 8 2 5 1 3 
20180520418 10 8 5 6 1 2 9 3 7 4 
20180520419 6 5 1 2 8 4 10 3 7 9 
20180520420 4 2 10 1 9 3 7 6 8 5 
20180520421 7 1 9 5 10 4 6 2 3 8 
20180520422 5 8 1 10 2 6 9 4 3 7 
20180520423 6 3 1 7 2 9 5 8 10 4 
20180520424 10 7 8 3 5 2 6 9 4 1 
20180520425 9 3 6 7 5 8 4 1 2 10 
20180520426 10 3 7 5 1 6 8 4 2 9 
20180520427 6 2 1 8 3 10 9 4 5 7 
20180520428 9 8 7 1 4 10 5 3 6 2 
20180520429 9 10 8 3 2 1 4 5 6 7 
20180520430 5 8 2 3 7 6 10 1 9 4 
20180520431 1 5 6 8 9 10 3 2 4 7 
20180520432 7 2 10 3 8 4 1 6 9 5 
20180520433 5 2 8 6 4 9 1 10 7 3 
20180520434 5 4 10 9 8 1 2 6 7 3 
20180520435 10 6 3 8 2 4 9 5 7 1 
20180520436 7 1 9 2 5 10 4 3 8 6 
20180520437 10 9 7 6 3 2 1 5 8 4 
20180520438 10 6 5 9 4 2 8 3 1 7 
20180520439 3 7 4 2 6 8 5 9 1 10 
20180520440 4 2 7 5 8 3 10 6 9 1 
20180520441 2 8 7 4 9 1 10 6 3 5 
20180520442 6 3 10 1 8 2 7 9 5 4 
20180520443 1 7 5 10 4 6 3 2 9 8 
20180520444 5 6 3 2 4 8 7 9 10 1 
20180520445 10 5 1 7 2 8 4 6 9 3 
20180520446 7 3 8 5 9 4 6 10 1 2 
20180520447 5 8 3 1 7 2 10 9 6 4 
20180520448 8 6 2 4 1 3 9 5 10 7 
20180520449 10 7 3 9 4 5 1 6 2 8 
20180520450 1 4 5 8 9 3 2 6 7 10 
20180520451 1 3 10 7 6 9 4 2 5 8 
20180520452 1 7 8 10 3 6 4 9 2 5 
20180520453 8 7 6 3 5 2 1 10 9 4 
20180520454 7 8 1 5 6 9 3 10 2 4 
20180520455 7 5 9 3 2 6 10 4 8 1 
20180520456 7 1 8 9 5 3 2 6 4 10 
20180520457 7 4 9 1 2 10 6 3 5 8 
20180520458 2 7 3 5 6 9 4 10 8 1 
20180520459 8 9 2 5 4 1 3 10 6 7 
20180520460 1 8 5 3 4 9 6 7 10 2 
20180520461 10 8 4 3 5 2 1 6 7 9 
20180520462 6 4 10 3 8 1 2 9 7 5 
20180520463 5 1 10 7 8 9 4 6 2 3 
20180520464 7 2 5 6 10 3 8 9 4 1 
20180520465 5 2 7 6 10 4 9 8 1 3 
20180520466 9 1 5 6 8 3 4 2 7 10 
20180520467 7 2 1 6 10 3 4 9 5 8 
20180520468 9 8 10 3 4 7 5 1 6 2 
20180520469 7 6 1 8 10 2 3 4 5 9 
20180520470 7 1 3 5 10 2 9 4 8 6 
20180520471 2 9 5 4 6 10 7 1 3 8 
20180520472 4 5 8 2 10 7 1 6 9 3 
20180520473 8 4 2 6 3 10 7 9 5 1 
20180520474 3 9 7 6 5 4 10 8 1 2 
20180520475 8 2 6 5 7 1 10 9 3 4 
20180520476 6 2 8 10 3 5 9 1 4 7 
20180520477 2 4 3 7 1 8 6 9 10 5 
20180520478 1 8 10 3 9 6 7 4 5 2 
20180520479 10 5 4 7 6 9 8 3 1 2 
20180520480 6 7 9 4 3 5 1 8 10 2 
20180520481 4 9 10 7 1 6 3 8 5 2 
20180520482 5 6 8 2 4 9 1 10 3 7 
20180520483 4 1 9 8 7 2 3 5 6 10 
20180520484 5 7 2 1 9 10 8 6 4 3 
20180520485 2 7 9 4 1 8 5 3 10 6 
20180520486 6 9 2 8 1 10 4 3 5 7 
20180520487 4 1 7 9 6 5 2 8 10 3 
20180520488 3 7 1 6 5 10 2 4 9 8 
20180520489 2 3 8 9 1 4 6 7 5 10 
20180520490 8 3 7 1 6 4 2 10 5 9 
20180520491 6 2 5 3 4 10 9 7 1 8 
20180520492 2 4 3 7 10 6 1 8 5 9 
20180520493 5 6 3 1 4 10 7 8 2 9 
20180520494 4 3 8 5 2 10 7 6 9 1 
20180520495 6 3 9 1 4 10 5 8 7 2 
20180520496 4 2 9 7 8 1 6 3 5 10 
20180520497 10 2 9 3 1 7 4 5 6 8 
20180520498 4 7 10 8 3 5 6 9 2 1 
20180520499 7 9 5 3 1 6 2 8 10 4 
20180520500 6 5 10 3 8 7 2 1 9 4 
20180520501 3 4 7 9 1 5 10 8 6 2 
20180520502 8 10 6 1 4 5 7 3 2 9 
20180520503 7 4 1 9 5 10 8 6 3 2 
20180520504 10 2 3 5 6 1 4 8 9 7 
20180520505 4 1 6 8 10 2 9 5 3 7 
20180520506 3 2 9 5 6 4 7 1 10 8 
20180520507 2 7 9 1 8 10 3 5 6 4 
20180520508 3 6 1 8 2 4 5 7 9 10 
20180520509 10 7 5 6 9 8 3 1 4 2 
20180520510 8 1 4 9 10 7 6 3 2 5 
20180520511 10 6 7 4 9 1 8 2 3 5 
20180520512 4 1 9 3 5 10 8 7 6 2 
20180520513 2 5 10 8 3 4 6 9 1 7 
20180520514 10 3 6 1 2 9 8 7 4 5 
20180520515 2 3 8 5 1 10 9 6 7 4 
20180520516 9 4 6 8 5 2 7 10 3 1 
20180520517 5 9 2 10 3 1 4 7 8 6 
20180520518 4 3 2 10 5 6 1 9 7 8 
20180520519 7 10 1 9 8 3 2 5 6 4 
20180520520 4 3 8 7 1 9 10 5 2 6 
20180520521 1 4 6 5 7 8 3 10 2 9 
20180520522 1 9 10 3 8 6 7 2 5 4 
20180520523 2 7 8 5 1 6 4 9 3 10 
20180520524 5 7 4 3 6 1 9 8 10 2 
20180520525 4 5 9 1 10 8 7 3 6 2 
20180520526 10 7 1 8 6 5 2 4 9 3 
20180520527 9 8 1 2 5 10 3 6 4 7 
20180520528 8 1 6 5 2 3 4 10 7 9 
20180520529 7 3 9 4 6 1 8 5 10 2 
20180520530 5 3 4 2 9 6 8 1 10 7 
20180520531 9 1 5 4 3 6 10 7 8 2 
20180520532 1 10 9 6 7 3 2 4 5 8 
20180520533 7 5 2 3 10 4 1 8 9 6 
20180520534 8 5 1 7 4 10 3 6 2 9 
20180520535 6 5 1 10 7 3 9 4 8 2 
20180520536 3 8 1 6 2 5 9 10 4 7 
20180520537 2 10 5 1 9 3 4 8 7 6 
20180520538 3 6 4 7 1 2 8 10 5 9 
20180520539 9 7 2 6 8 3 10 4 1 5 
20180520540 3 8 4 10 1 5 9 2 7 6 
20180520541 6 4 2 3 9 1 5 8 7 10 
20180520542 9 2 3 8 10 1 6 7 4 5 
20180520543 4 5 9 2 7 3 8 10 6 1 
20180520544 4 8 1 7 9 3 10 6 5 2 
20180520545 4 5 8 3 6 9 2 1 10 7 
20180520546 1 5 10 3 8 6 2 7 9 4 
20180520547 6 4 8 1 10 2 3 9 7 5 
20180520548 4 6 8 9 3 7 10 2 1 5 
20180520549 3 2 5 4 7 10 6 1 9 8 
20180520550 2 7 1 5 4 8 10 9 6 3 
20180520551 6 5 10 7 1 9 8 2 4 3 
20180520552 10 2 1 4 6 3 8 9 7 5 
20180520553 1 5 9 6 2 4 8 7 10 3 
20180520554 5 3 4 1 8 2 7 10 9 6 
20180520555 5 4 10 9 6 8 2 7 1 3 
20180520556 3 5 2 1 10 4 7 8 9 6 
20180520557 2 5 4 9 1 3 6 8 7 10 
20180520558 8 9 10 6 4 2 5 3 7 1 
20180520559 1 6 7 5 2 3 10 8 9 4 
20180520560 10 5 4 2 8 1 7 6 3 9 
20180520561 7 6 8 3 5 2 10 4 1 9 
20180520562 4 5 6 2 8 3 1 9 10 7 
20180520563 2 10 1 7 9 8 5 4 6 3 
20180520564 2 9 7 10 1 5 4 6 3 8 
20180520565 1 3 4 2 5 10 8 6 7 9 
20180520566 8 6 9 10 4 3 2 5 7 1 
20180520567 7 8 6 5 1 3 2 4 9 10 
20180520568 8 7 4 10 2 1 3 9 6 5 
20180520569 9 1 2 3 10 7 4 6 5 8 
20180520570 3 4 7 10 8 1 5 9 2 6 
20180520571 2 8 9 1 7 4 10 6 3 5 
20180520572 3 2 9 8 1 6 10 4 5 7 
20180520573 6 2 5 10 1 7 8 4 3 9 
20180520574 8 1 7 6 4 2 10 3 5 9 
20180520575 1 8 4 7 9 2 10 5 6 3 
20180520576 9 10 6 8 5 7 3 4 1 2 
20180520577 6 3 7 5 9 2 8 10 4 1 
20180520578 9 3 5 2 6 4 10 7 8 1 
20180520579 9 5 2 3 4 1 6 10 8 7 
20180520580 10 5 7 2 3 4 9 6 8 1 
20180520581 3 7 8 10 1 2 5 9 6 4 
20180520582 6 7 10 4 1 5 8 9 2 3 
20180520583 7 6 5 10 2 3 8 1 4 9 
20180520584 1 10 7 8 9 2 3 5 4 6 
20180520585 10 7 1 2 3 8 4 6 9 5 
20180520586 3 7 2 10 9 1 4 5 8 6 
20180520587 9 6 10 2 5 7 1 8 4 3 
20180520588 4 8 6 9 7 2 3 10 5 1 
20180520589 6 2 9 1 10 4 3 5 8 7 
20180520590 1 4 10 2 5 9 8 3 7 6 
20180520591 9 5 6 3 4 2 7 1 10 8 
20180520592 1 5 8 2 3 4 6 9 7 10 
20180520593 9 5 10 8 2 1 7 6 3 4 
20180520594 1 7 6 9 5 3 4 8 2 10 
20180520595 10 7 6 1 8 2 9 3 4 5 
20180520596 10 3 8 9 6 2 7 5 1 4 
20180520597 5 8 7 10 1 9 6 3 2 4 
20180520598 10 2 8 6 3 9 4 5 7 1 
20180520599 9 7 5 1 3 2 10 4 8 6 
20180520600 7 10 1 3 6 8 5 9 4 2 
20180520601 3 2 6 4 10 1 9 8 5 7 
20180520602 9 2 5 7 10 4 3 6 1 8 
20180520603 10 7 5 3 9 8 1 4 6 2 
20180520604 8 7 6 9 4 5 10 3 2 1 
20180520605 5 8 7 10 3 6 1 9 2 4 
20180520606 10 4 8 9 5 1 2 3 7 6 
20180520607 5 10 6 9 1 7 4 8 2 3 
20180520608 6 9 3 5 8 7 10 2 1 4 
20180520609 4 3 9 8 1 10 2 5 7 6 
20180520610 9 6 5 7 10 3 2 8 4 1 
20180520611 4 5 1 2 8 10 6 9 3 7 
20180520612 5 4 1 9 8 3 7 6 10 2 
20180520613 9 7 10 5 3 4 8 6 2 1 
20180520614 10 3 1 7 8 6 9 5 2 4 
20180520615 9 7 10 8 6 1 4 3 2 5 
20180520616 2 6 1 10 9 8 5 7 4 3 
20180520617 1 2 9 3 8 10 5 7 6 4 
20180520618 5 10 4 3 2 7 1 8 9 6 
20180520619 7 5 1 4 9 10 2 6 8 3 
20180520620 9 8 3 10 5 4 6 2 1 7 
20180520621 5 3 9 2 10 8 4 6 1 7 
20180520622 5 2 3 6 10 9 8 7 4 1 
20180520623 3 6 1 10 9 4 7 2 8 5 
20180520624 5 8 10 9 3 4 7 1 6 2 
20180520625 3 7 10 1 9 5 6 4 2 8 
20180520626 2 4 9 5 6 3 8 7 10 1 
20180520627 3 7 5 4 9 1 2 8 6 10 
20180520628 9 7 6 1 3 5 4 10 8 2 
20180520629 8 1 2 5 3 6 7 4 10 9 
20180520630 5 4 6 3 2 9 8 1 7 10 
20180520631 2 1 10 6 3 9 8 5 7 4 
20180520632 2 3 4 8 9 10 7 1 6 5 
20180520633 5 7 3 8 1 4 6 10 2 9 
20180520634 3 4 7 1 6 2 5 10 9 8 
20180520635 4 3 8 9 5 2 1 7 6 10 
20180520636 6 9 1 5 7 10 8 2 3 4 
20180520637 8 1 7 6 9 2 5 3 4 10 
20180520638 6 8 5 10 2 4 7 1 3 9 
20180520639 3 2 10 4 6 9 8 1 7 5 
20180520640 2 3 8 6 9 5 4 1 7 10 
20180520641 1 4 5 6 3 10 2 8 7 9 
20180520642 7 4 10 8 2 3 1 5 9 6 
20180520643 3 6 2 7 9 4 5 10 1 8 
20180520644 8 4 5 9 1 3 10 7 2 6 
20180520645 6 10 7 1 4 8 5 3 2 9 
20180520646 4 7 10 8 2 5 1 9 6 3 
20180520647 10 7 1 8 5 2 3 6 9 4 
20180520648 4 9 10 8 5 1 3 7 6 2 
20180520649 1 3 4 7 9 2 10 6 8 5 
20180520650 6 7 9 5 3 1 4 10 8 2 
20180520651 7 4 3 10 1 8 9 6 5 2 
20180520652 10 5 3 4 9 2 6 1 7 8 
20180520653 7 3 8 9 4 6 10 1 2 5 
20180520654 10 4 2 1 3 5 8 9 7 6 
20180520655 10 3 2 5 4 8 1 7 9 6 
20180520656 3 5 7 4 10 6 1 8 2 9 
20180520657 5 3 4 7 9 10 8 1 6 2 
20180520658 9 6 4 8 2 3 1 10 7 5 
20180520659 7 1 3 5 2 4 6 8 9 10 
20180520660 6 3 2 8 5 1 10 7 9 4 
20180520661 6 2 3 5 10 1 9 7 8 4 
20180520662 9 2 10 6 8 7 3 5 1 4 
20180520663 3 8 7 10 6 5 1 4 9 2 
20180520664 1 3 7 6 5 4 8 2 10 9 
20180520665 8 7 2 9 10 5 1 3 6 4 
20180520666 3 7 9 10 8 1 4 5 2 6 
20180520667 5 10 7 6 3 1 2 9 4 8 
20180520668 10 6 5 8 2 3 1 9 7 4 
20180520669 4 8 9 2 3 5 6 1 10 7 
20180520670 10 4 5 1 2 7 3 9 8 6 
20180520671 6 1 4 3 2 8 5 10 9 7 
20180520672 5 9 1 2 3 6 10 8 7 4 
20180520673 1 6 10 3 5 9 4 8 2 7 
20180520674 6 8 10 7 4 9 1 5 3 2 
20180520675 3 5 9 1 6 8 4 2 10 7 
20180520676 10 4 6 5 9 3 8 7 1 2 
20180520677 5 1 8 10 3 9 6 2 4 7 
20180520678 8 2 5 4 3 7 9 10 1 6 
20180520679 9 3 8 5 1 10 7 2 4 6 
20180520680 9 3 7 8 6 2 1 5 10 4 
20180520681 10 2 6 4 5 8 7 3 1 9 
20180520682 1 6 5 8 7 2 4 10 9 3 
20180520683 8 3 4 6 5 9 7 1 2 10 
20180520684 8 2 1 5 10 6 7 3 4 9 
20180520685 2 9 5 6 8 7 10 4 1 3 
20180520686 10 4 5 2 7 3 1 8 6 9 
20180520687 9 10 8 2 1 7 4 3 6 5 
20180520688 7 3 8 6 10 5 1 2 4 9 
20180520689 9 6 3 10 1 5 8 4 2 7 
20180520690 9 4 1 2 7 5 8 6 3 10 
20180520691 3 8 6 2 5 1 10 7 9 4 
20180520692 8 10 4 3 6 9 1 5 2 7 
20180520693 2 4 10 5 8 9 6 7 3 1 
20180520694 9 1 4 2 5 7 8 3 10 6 
20180520695 3 5 10 1 7 9 4 2 8 6 
20180520696 8 6 9 4 1 10 7 2 3 5 
20180520697 10 7 4 9 6 3 8 1 5 2 
20180520698 2 9 3 5 10 4 6 7 1 8 
20180520699 4 10 2 3 5 8 1 9 7 6 
20180520700 7 5 10 4 2 1 6 8 3 9 
20180520701 4 9 7 1 10 5 8 3 2 6 
20180520702 4 7 5 6 1 10 2 3 9 8 
20180520703 10 7 4 8 2 9 3 6 5 1 
20180520704 7 4 1 5 9 3 8 2 10 6 
20180520705 2 3 4 6 10 8 1 5 9 7 
20180520706 9 7 4 3 1 5 2 8 6 10 
20180520707 9 1 8 3 6 4 2 7 10 5 
20180520708 8 9 7 6 1 5 4 2 3 10 
20180520709 7 2 4 10 5 3 1 6 8 9 
20180520710 4 10 1 6 5 2 8 7 9 3 
20180520711 9 4 8 3 5 6 10 1 7 2 
20180520712 5 6 9 10 8 4 2 3 7 1 
20180520713 1 2 6 10 9 5 8 4 7 3 
20180520714 8 6 4 2 10 5 1 7 9 3 
20180520715 7 8 9 3 1 10 5 6 2 4 
20180520716 6 9 10 5 4 7 1 8 2 3 
20180520717 7 10 3 4 5 6 1 8 2 9 
20180520718 7 10 9 8 6 1 3 2 5 4 
20180520719 3 9 5 7 10 1 8 6 2 4 
20180520720 3 1 9 4 6 10 5 8 7 2 
20180520721 1 8 9 4 7 3 2 5 10 6 
20180520722 9 1 7 4 3 8 2 10 6 5 
20180520723 5 9 2 4 8 7 6 1 3 10 
20180520724 5 4 3 9 7 1 10 2 6 8 
20180520725 9 4 8 2 6 10 1 5 3 7 
20180520726 7 10 9 2 3 5 4 1 8 6 
20180520727 9 3 4 8 5 2 7 6 10 1 
20180520728 9 2 8 6 3 5 7 4 10 1 
20180520729 7 2 4 3 8 1 10 5 9 6 
20180520730 2 4 10 6 3 7 1 8 9 5 
20180520731 10 3 8 7 2 5 1 4 9 6 
20180520732 3 7 1 8 6 2 4 10 5 9 
20180520733 9 7 1 4 10 2 5 6 3 8 
20180520734 4 1 5 6 3 2 9 8 7 10 
20180520735 3 9 2 10 7 5 8 1 4 6 
20180520736 8 6 10 7 1 5 9 4 3 2 
20180520737 5 1 7 9 10 4 6 8 3 2 
20180520738 2 6 10 9 8 1 3 4 5 7 
20180520739 7 3 8 10 6 2 4 5 1 9 
20180520740 5 4 2 9 6 1 3 7 8 10 
20180520741 9 2 5 6 1 10 7 8 3 4 
20180520742 4 9 8 1 2 5 6 3 10 7 
20180520743 10 3 5 1 9 7 8 2 6 4 
20180520744 5 2 9 3 10 7 6 4 8 1 
20180520745 1 3 9 6 2 10 4 5 8 7 
20180520746 2 4 1 6 10 3 9 8 7 5 
20180520747 3 10 5 7 1 6 4 2 9 8 
20180520748 6 2 10 8 4 5 7 9 3 1 
20180520749 8 4 9 6 5 10 1 2 3 7 
20180520750 4 2 9 5 8 6 10 1 7 3 
20180520751 4 9 7 8 2 3 1 5 10 6 
20180520752 2 8 6 5 7 9 3 1 10 4 
20180520753 3 1 2 8 7 10 4 6 9 5 
20180520754 10 9 4 1 2 8 3 7 6 5 
20180520755 2 8 6 1 10 4 3 7 9 5 
20180520756 5 6 7 1 8 9 4 2 3 10 
20180520757 6 7 2 1 9 8 3 5 4 10 
20180520758 2 10 1 3 5 7 9 6 4 8 
20180520759 3 6 1 10 7 2 5 9 4 8 
20180520760 4 6 8 9 10 3 2 5 1 7 
20180520761 10 9 6 7 5 3 4 8 2 1 
20180520762 9 4 8 2 5 10 1 7 3 6 
20180520763 10 7 2 3 4 6 9 1 8 5 
20180520764 6 7 9 10 5 8 1 3 2 4 
20180520765 5 4 7 2 6 10 9 8 3 1 
20180520766 5 7 10 4 8 1 6 9 2 3 
20180520767 6 3 1 7 5 10 2 4 8 9 
20180520768 9 4 2 8 6 10 7 3 1 5 
20180520769 4 9 1 8 2 3 7 5 6 10 
20180520770 10 9 8 4 1 2 5 7 3 6 
20180520771 7 8 9 5 4 10 2 3 6 1 
20180520772 3 8 2 7 9 5 6 1 4 10 
20180520773 5 4 8 1 6 3 2 9 10 7 
20180520774 2 1 5 6 4 3 8 10 7 9 
20180520775 9 10 2 7 1 8 3 5 4 6 
20180520776 6 2 7 1 10 3 8 9 4 5 
20180520777 9 2 7 3 4 8 5 1 6 10 
20180520778 8 3 4 10 2 6 7 1 5 9 
20180520779 4 2 1 8 9 6 10 3 5 7 
20180520780 4 3 10 9 5 1 2 7 6 8 
20180520781 10 7 2 6 1 4 5 9 3 8 
20180520782 8 7 6 9 4 1 3 10 5 2 
20180520783 5 4 9 6 1 7 3 10 8 2 
20180520784 1 8 3 4 6 5 2 7 9 10 
20180520785 5 4 10 3 9 8 1 6 7 2 
20180520786 1 7 9 2 5 6 3 10 8 4 
20180520787 10 7 1 6 5 2 4 3 8 9 
20180520788 9 1 5 8 2 3 7 4 10 6 
20180520789 5 6 2 10 4 7 8 9 3 1 
20180520790 2 4 3 7 5 9 6 1 8 10 
20180520791 4 8 3 10 6 9 7 1 5 2 
20180520792 1 5 8 6 10 7 2 9 4 3 
20180520793 5 4 9 1 7 2 8 10 3 6 
20180520794 5 7 8 2 10 1 3 6 4 9 
20180520795 2 6 8 3 1 7 4 10 9 5 
20180520796 7 4 2 3 10 5 9 1 6 8 
20180520797 5 8 2 7 4 6 9 1 10 3 
20180520798 3 7 5 2 8 9 1 4 10 6 
20180520799 6 2 8 10 9 5 1 7 4 3 
20180520800 10 9 8 7 2 6 4 3 1 5 
20180520801 3 2 4 10 6 7 8 9 1 5 
20180520802 8 4 1 5 6 3 10 7 2 9 
20180520803 1 10 9 8 3 6 4 5 7 2 
20180520804 9 6 10 3 8 4 1 7 2 5 
20180520805 2 10 7 4 6 3 9 8 1 5 
20180520806 1 8 10 4 2 5 3 6 7 9 
20180520807 8 6 7 9 5 3 1 4 10 2 
20180520808 1 10 7 5 8 3 9 6 4 2 
20180520809 5 3 1 8 9 4 7 2 10 6 
20180520810 2 7 4 10 3 1 9 8 6 5 
20180520811 10 5 3 4 7 6 8 2 9 1 
20180520812 10 5 8 3 9 7 1 4 6 2 
20180520813 3 1 10 2 5 8 7 4 9 6 
20180520814 4 6 10 5 7 9 3 8 2 1 
20180520815 10 3 8 1 7 5 4 6 2 9 
20180520816 5 8 1 7 4 6 10 3 9 2 
20180520817 4 6 10 8 2 1 9 7 5 3 
20180520818 10 9 7 2 4 1 5 8 3 6 
20180520819 5 6 7 2 10 9 4 3 1 8 
20180520820 3 8 4 5 6 7 10 1 2 9 
20180520821 10 7 8 4 1 2 6 9 3 5 
20180520822 2 5 3 7 10 4 8 1 9 6 
20180520823 4 9 3 1 8 10 5 2 6 7 
20180520824 10 3 7 8 5 4 1 9 2 6 
20180520825 2 1 10 8 6 5 3 9 4 7 
20180520826 5 4 3 10 2 9 7 1 8 6 
20180520827 8 10 3 7 2 4 6 9 5 1 
20180520828 10 4 7 2 5 8 1 9 6 3 
20180520829 3 4 1 6 7 10 5 2 8 9 
20180520830 6 1 2 7 3 5 4 8 10 9 
20180520831 9 2 6 7 8 3 4 10 1 5 
20180520832 4 3 10 7 5 1 9 6 8 2 
20180520833 3 5 4 9 1 6 10 8 2 7 
20180520834 10 7 8 9 3 6 4 2 1 5 
20180520835 9 7 1 5 10 4 8 2 3 6 
20180520836 4 9 7 1 10 6 3 5 2 8 
20180520837 4 5 1 2 7 6 3 8 10 9 
20180520838 2 4 10 7 9 6 3 5 1 8 
20180520839 5 9 8 10 6 4 3 2 1 7 
20180520840 1 2 8 3 9 10 4 5 6 7 
20180520841 2 4 9 10 6 3 7 8 1 5 
20180520842 8 7 2 3 4 9 5 1 6 10 
20180520843 7 5 4 6 3 1 8 2 9 10 
20180520844 3 4 1 2 10 6 7 5 9 8 
20180520845 4 1 2 3 5 10 9 7 8 6 
20180520846 3 4 8 2 5 7 6 9 10 1 
20180520847 10 9 8 7 4 3 6 2 5 1 
20180520848 7 8 9 4 2 5 3 1 10 6 
20180520849 4 3 10 2 6 7 5 9 8 1 
20180520850 4 10 3 2 7 8 6 1 5 9 
20180520851 9 10 7 5 4 6 3 8 1 2 
20180520852 8 7 4 10 5 1 3 6 2 9 
20180520853 9 1 4 10 2 3 6 5 7 8 
20180520854 5 3 9 2 7 4 8 1 10 6 
20180520855 9 1 3 2 7 4 5 8 10 6 
20180520856 1 4 5 7 8 9 6 10 2 3 
20180520857 2 7 5 9 10 3 8 1 6 4 
20180520858 2 6 3 9 4 10 7 8 1 5 
20180520859 7 5 10 6 2 1 3 8 4 9 
20180520860 1 8 3 9 10 4 5 2 6 7 
20180520861 5 4 6 2 9 1 3 7 8 10 
20180520862 6 7 9 8 1 5 3 2 4 10 
20180520863 4 8 10 6 3 5 2 7 9 1 
20180520864 2 8 6 4 7 1 10 5 3 9 
20180520865 2 7 9 5 6 1 4 3 10 8 
20180520866 1 3 10 4 2 9 6 7 8 5 
20180520867 3 7 4 9 2 6 5 10 1 8 
20180520868 5 9 4 6 7 8 1 2 3 10 
20180520869 7 2 6 9 10 5 8 3 4 1 
20180520870 8 3 2 6 1 9 7 5 4 10 
20180520871 5 3 8 6 4 10 2 9 1 7 
20180520872 9 7 8 2 10 4 5 1 6 3 
20180520873 10 3 1 8 2 9 6 5 7 4 
20180520874 10 4 7 2 3 9 8 6 5 1 
20180520875 9 4 1 6 2 3 7 10 5 8 
20180520876 3 6 1 2 5 8 10 9 7 4 
20180520877 4 3 9 2 10 8 6 1 7 5 
20180520878 5 4 10 9 2 8 3 6 1 7 
20180520879 7 3 5 1 4 8 9 10 6 2 
20180520880 2 5 8 7 10 1 4 9 3 6 
20180520881 9 1 3 4 7 2 5 6 10 8 
20180520882 10 7 8 2 1 4 9 3 6 5 
20180520883 2 10 1 9 4 7 8 6 5 3 
20180520884 3 8 6 9 4 7 2 10 5 1 
20180520885 2 9 6 4 7 10 5 1 8 3 
20180520886 4 8 2 6 5 7 9 3 10 1 
20180520887 5 10 1 8 3 2 9 4 6 7 
20180520888 7 9 3 6 4 2 1 5 10 8 
20180520889 5 10 7 8 1 4 9 3 2 6 
20180520890 7 1 10 6 5 8 2 3 4 9 
20180520891 8 5 2 3 1 4 7 10 9 6 
20180520892 10 8 3 2 9 7 6 1 4 5 
20180520893 5 2 6 7 8 4 1 10 9 3 
20180520894 7 10 4 5 1 8 3 6 9 2 
20180520895 10 1 2 3 4 7 8 5 9 6 
20180520896 1 10 8 4 5 2 3 6 9 7 
20180520897 7 8 4 5 1 2 3 9 6 10 
20180520898 5 8 7 3 9 4 2 6 1 10 
20180520899 2 6 9 5 3 8 4 10 7 1 
20180520900 7 1 10 8 9 6 3 2 5 4 
20180520901 9 8 5 2 6 7 10 4 3 1 
20180520902 9 8 10 5 6 4 2 3 7 1 
20180520903 9 1 7 3 8 6 2 10 4 5 
20180520904 7 3 6 10 8 5 2 4 9 1 
20180520905 9 10 4 5 6 7 2 3 1 8 
20180520906 5 8 7 10 9 3 6 2 4 1 
20180520907 9 2 3 6 4 7 1 8 10 5 
20180520908 5 9 1 7 6 4 10 3 8 2 
20180520909 5 2 4 9 10 8 7 3 6 1 
20180520910 5 8 7 9 4 6 1 10 3 2 
20180520911 6 2 10 4 7 9 5 8 3 1 
20180520912 5 2 3 8 9 7 4 1 6 10 
20180520913 9 6 5 10 8 1 2 4 7 3 
20180520914 4 2 7 9 10 5 6 1 8 3 
20180520915 4 10 5 8 9 1 6 3 2 7 
20180520916 9 8 7 4 5 1 10 6 2 3 
20180520917 9 7 3 6 8 10 5 4 1 2 
20180520918 4 5 9 3 8 7 1 10 2 6 
20180520919 5 4 2 6 1 10 8 9 7 3 
20180520920 2 6 3 8 5 9 1 7 4 10 
20180520921 1 2 5 3 10 6 4 8 9 7 
20180520922 6 7 2 5 4 9 1 10 8 3 
20180520923 8 10 9 1 7 5 4 6 3 2 
20180520924 9 1 5 10 4 3 7 6 2 8 
20180520925 1 2 6 9 5 10 8 4 3 7 
20180520926 4 5 6 9 7 10 3 8 1 2 
20180520927 7 10 1 8 4 9 5 2 3 6 
20180520928 7 9 4 1 10 8 3 5 2 6 
20180520929 1 5 2 9 10 7 4 3 6 8 
20180520930 10 6 3 7 4 1 5 9 2 8 
20180520931 5 8 7 10 6 9 1 2 3 4 
20180520932 3 2 4 1 10 7 9 5 8 6 
20180520933 7 9 10 1 3 4 6 8 2 5 
20180520934 6 3 7 8 1 4 10 9 5 2 
20180520935 1 9 6 10 4 8 3 7 2 5 
20180520936 2 8 9 5 7 3 10 1 4 6 
20180520937 3 1 7 2 8 6 5 4 9 10 
20180520938 9 4 6 2 5 7 1 8 3 10 
20180520939 3 2 10 1 5 9 7 6 8 4 
20180520940 6 7 9 2 5 3 4 1 10 8 
20180520941 1 6 7 2 8 9 3 10 5 4 
20180520942 6 8 10 7 9 1 5 2 3 4 
20180520943 1 10 8 5 2 7 6 4 9 3 
20180520944 8 10 9 2 4 3 6 7 1 5 
20180520945 10 4 5 7 2 9 6 3 8 1 
20180520946 5 3 1 8 9 7 2 4 6 10 
20180520947 2 8 10 5 9 7 3 1 4 6 
20180520948 8 6 2 10 3 7 1 5 4 9 
20180520949 1 7 10 6 3 9 2 4 8 5 
20180520950 8 5 9 1 3 10 6 2 7 4 
20180520951 4 5 2 3 7 8 10 6 1 9 
20180520952 5 3 8 7 10 2 9 4 1 6 
20180520953 10 3 2 6 1 7 5 8 9 4 
20180520954 9 10 1 4 6 8 5 2 7 3 
20180520955 3 8 9 5 4 6 10 1 7 2 
20180520956 2 1 5 3 7 6 4 10 9 8 
20180520957 2 10 9 8 3 4 1 6 7 5 
20180520958 7 9 4 5 8 2 3 6 10 1 
20180520959 4 2 7 6 8 5 1 9 10 3 
20180520960 7 3 2 5 6 4 8 10 9 1 
20180520961 1 9 8 7 5 3 4 10 6 2 
20180520962 4 6 10 9 2 5 7 1 3 8 
20180520963 9 1 6 4 5 7 10 2 3 8 
20180520964 3 9 10 7 2 4 6 5 8 1 
20180520965 5 9 8 4 2 3 7 6 1 10 
20180520966 2 8 9 3 6 4 1 5 10 7 
20180520967 1 10 4 3 9 5 7 2 8 6 
20180520968 9 5 4 7 8 1 2 10 6 3 
20180520969 5 8 4 1 10 9 3 7 2 6 
20180520970 6 8 10 3 2 9 5 7 4 1 
20180520971 2 3 7 9 8 5 6 10 4 1 
20180520972 7 6 1 9 3 2 8 5 4 10 
20180520973 5 10 9 4 1 2 7 8 3 6 
20180520974 3 10 9 7 5 4 1 8 6 2 
20180520975 2 4 8 7 3 10 6 9 1 5 
20180520976 5 3 8 1 6 10 9 7 2 4 
20180520977 4 5 2 9 1 10 8 3 7 6 
20180520978 8 10 5 1 6 9 7 3 2 4 
20180520979 2 10 8 5 1 7 3 9 4 6 
20180520980 3 5 7 10 4 1 6 9 2 8 
20180520981 10 8 7 9 2 4 6 3 1 5 
20180520982 2 5 7 8 1 3 4 10 6 9 
20180520983 4 2 7 10 5 9 8 6 3 1 
20180520984 3 2 5 4 9 1 7 10 8 6 
20180520985 5 10 4 3 1 2 6 7 8 9 
