20180521001 8 9 5 1 6 3 4 2 10 7 
20180521002 9 1 3 4 10 2 6 5 8 7 
20180521003 7 3 1 10 5 9 6 2 8 4 
20180521004 2 4 6 5 3 10 7 9 1 8 
20180521005 5 9 1 2 4 3 6 7 8 10 
20180521006 5 2 7 1 4 6 8 9 10 3 
20180521007 6 9 3 1 4 2 5 7 8 10 
20180521008 5 8 9 3 2 7 4 10 6 1 
20180521009 4 2 8 10 6 9 5 1 7 3 
20180521010 2 5 4 6 10 9 7 3 8 1 
20180521011 7 6 10 9 3 2 8 4 1 5 
20180521012 1 2 4 9 8 10 6 5 7 3 
20180521013 10 6 4 5 7 1 9 3 2 8 
20180521014 6 9 8 2 3 10 4 1 7 5 
20180521015 5 4 6 1 3 7 10 8 9 2 
20180521016 3 5 6 1 9 2 10 7 8 4 
20180521017 8 7 1 5 4 6 3 10 2 9 
20180521018 1 3 5 10 4 8 6 7 9 2 
20180521019 9 1 5 10 8 7 2 3 4 6 
20180521020 2 6 3 1 10 7 5 8 9 4 
20180521021 2 5 7 3 1 4 6 9 8 10 
20180521022 5 4 3 7 6 9 1 8 2 10 
20180521023 5 10 3 8 7 6 2 1 4 9 
20180521024 8 10 2 4 9 3 7 1 6 5 
20180521025 8 4 6 10 5 2 3 9 1 7 
20180521026 10 3 1 4 8 9 7 2 5 6 
20180521027 3 6 4 7 10 5 8 9 2 1 
20180521028 7 2 9 4 5 8 6 1 10 3 
20180521029 5 1 7 4 3 2 6 9 8 10 
20180521030 3 6 10 2 9 4 5 1 7 8 
20180521031 5 2 1 6 7 3 9 8 4 10 
20180521032 2 10 3 1 5 9 6 8 7 4 
20180521033 3 10 1 8 4 5 2 7 9 6 
20180521034 7 4 8 1 10 9 2 6 3 5 
20180521035 8 3 7 6 5 1 10 2 9 4 
20180521036 3 7 5 9 1 8 6 2 10 4 
20180521037 7 8 6 4 10 9 5 3 1 2 
20180521038 10 4 8 3 7 5 6 2 9 1 
20180521039 7 2 1 8 4 10 5 9 3 6 
20180521040 3 2 8 1 9 4 7 5 6 10 
20180521041 4 10 9 6 3 2 1 5 7 8 
20180521042 9 2 7 8 6 5 4 1 3 10 
20180521043 10 5 9 2 4 6 1 3 7 8 
20180521044 9 2 7 3 4 6 1 8 5 10 
20180521045 5 7 4 3 2 10 6 8 1 9 
20180521046 7 8 9 5 2 3 4 6 10 1 
20180521047 2 1 4 7 3 10 5 6 9 8 
20180521048 10 8 5 6 4 9 3 1 7 2 
20180521049 7 10 1 9 3 4 5 8 6 2 
20180521050 1 9 4 10 7 5 8 2 3 6 
20180521051 4 5 1 2 9 3 7 8 10 6 
20180521052 1 7 9 3 2 6 8 10 5 4 
20180521053 6 9 4 10 1 5 3 8 7 2 
20180521054 5 9 10 2 7 4 1 3 8 6 
20180521055 2 1 8 5 6 9 7 3 10 4 
20180521056 1 7 3 10 9 5 8 2 4 6 
20180521057 7 1 9 6 2 8 4 10 5 3 
20180521058 6 3 1 10 9 4 7 5 2 8 
20180521059 6 1 8 5 9 2 7 10 4 3 
20180521060 7 1 6 2 9 3 8 10 5 4 
20180521061 3 4 1 8 10 6 5 9 7 2 
20180521062 2 8 7 9 3 1 10 6 5 4 
20180521063 8 4 6 2 10 5 3 7 1 9 
20180521064 7 9 6 2 4 8 10 3 1 5 
20180521065 10 4 5 8 3 1 7 2 6 9 
20180521066 4 5 7 3 10 1 2 9 8 6 
20180521067 7 8 2 6 9 4 1 5 3 10 
20180521068 3 6 4 2 5 8 7 10 1 9 
20180521069 2 7 8 10 1 9 4 3 5 6 
20180521070 6 10 3 5 7 2 9 1 8 4 
20180521071 6 3 4 2 9 7 8 1 5 10 
20180521072 5 2 1 3 7 9 10 6 4 8 
20180521073 7 8 4 6 9 2 1 10 3 5 
20180521074 8 10 2 6 5 9 4 7 1 3 
20180521075 9 4 2 7 6 3 10 5 1 8 
20180521076 7 10 4 5 1 8 2 3 9 6 
20180521077 10 7 4 5 9 6 1 2 8 3 
20180521078 4 7 8 6 9 1 5 10 2 3 
20180521079 4 9 1 6 8 5 7 3 10 2 
20180521080 9 8 5 7 6 4 2 3 10 1 
20180521081 4 9 8 3 10 5 6 2 1 7 
20180521082 6 7 5 3 1 4 2 10 8 9 
20180521083 2 8 10 5 4 3 7 9 6 1 
20180521084 10 3 8 4 6 7 9 1 5 2 
20180521085 3 8 9 1 10 6 4 2 5 7 
20180521086 9 8 7 1 2 6 10 3 5 4 
20180521087 5 1 7 2 3 4 8 9 10 6 
20180521088 4 1 6 2 5 8 10 9 7 3 
20180521089 3 2 10 6 8 7 9 4 1 5 
20180521090 4 3 6 10 9 8 2 1 5 7 
20180521091 2 4 5 3 6 7 9 1 8 10 
20180521092 5 8 2 10 7 9 1 6 3 4 
20180521093 1 4 5 2 6 9 7 3 10 8 
20180521094 4 5 1 7 8 9 3 2 10 6 
20180521095 8 10 5 4 7 9 2 6 1 3 
20180521096 3 7 8 10 5 2 4 6 9 1 
20180521097 2 4 5 1 10 9 3 8 6 7 
20180521098 4 7 2 8 3 6 9 1 5 10 
20180521099 6 3 9 8 2 1 4 7 5 10 
20180521100 7 1 6 8 9 3 4 5 10 2 
20180521101 10 7 8 9 6 2 1 4 3 5 
20180521102 10 6 1 5 8 7 3 4 2 9 
20180521103 8 9 2 4 1 6 10 7 5 3 
20180521104 7 3 5 6 8 10 2 9 1 4 
20180521105 5 7 1 4 3 8 9 10 2 6 
20180521106 4 7 8 2 1 6 10 9 3 5 
20180521107 5 9 1 3 6 4 7 10 2 8 
20180521108 10 2 7 4 9 6 3 8 1 5 
20180521109 6 8 2 5 10 4 3 9 1 7 
20180521110 3 1 8 5 10 9 4 2 6 7 
20180521111 5 1 2 8 9 7 3 10 4 6 
20180521112 10 1 8 2 9 6 4 5 3 7 
20180521113 10 8 3 1 9 2 6 7 4 5 
20180521114 6 2 9 5 7 3 8 10 4 1 
20180521115 4 6 8 2 9 1 7 5 3 10 
20180521116 4 3 5 8 7 10 1 2 6 9 
20180521117 8 6 5 4 10 7 3 9 1 2 
20180521118 8 3 7 1 5 6 4 9 2 10 
20180521119 2 4 8 3 6 10 5 1 9 7 
20180521120 5 3 2 8 7 9 6 1 4 10 
20180521121 2 4 5 6 10 9 7 3 8 1 
20180521122 3 7 9 8 4 1 5 6 10 2 
20180521123 6 3 5 7 8 1 10 2 4 9 
20180521124 7 8 4 2 9 3 1 5 6 10 
20180521125 5 6 3 8 10 9 1 4 7 2 
20180521126 6 4 1 9 7 8 3 10 2 5 
20180521127 2 4 3 10 8 9 5 6 1 7 
20180521128 7 10 2 8 1 3 9 6 4 5 
20180521129 7 5 10 8 1 9 3 6 2 4 
20180521130 7 2 10 1 9 6 3 4 8 5 
20180521131 7 1 3 10 4 2 9 8 6 5 
20180521132 4 2 1 6 9 8 5 7 10 3 
20180521133 8 2 3 9 1 5 4 7 10 6 
20180521134 6 2 7 3 10 1 8 5 4 9 
20180521135 5 9 6 3 8 2 1 10 7 4 
20180521136 10 3 9 7 8 6 1 5 2 4 
20180521137 5 8 4 9 2 6 3 7 10 1 
20180521138 9 6 1 7 2 5 4 8 10 3 
20180521139 7 3 8 2 10 4 6 1 9 5 
20180521140 8 3 7 2 6 1 4 5 10 9 
20180521141 3 10 2 1 4 8 6 5 9 7 
20180521142 1 5 7 10 9 6 4 8 3 2 
20180521143 9 5 10 4 3 8 2 1 6 7 
20180521144 4 7 8 9 5 1 10 2 3 6 
20180521145 6 4 7 2 8 1 10 3 9 5 
20180521146 2 6 10 5 9 1 7 3 8 4 
20180521147 1 3 2 8 9 6 10 4 7 5 
20180521148 9 6 2 1 8 10 7 5 4 3 
20180521149 1 10 8 6 5 4 9 2 3 7 
20180521150 1 9 10 4 8 5 2 6 3 7 
20180521151 6 2 8 9 1 3 7 10 5 4 
20180521152 2 1 3 5 6 7 10 9 4 8 
20180521153 2 5 6 10 7 4 9 8 1 3 
20180521154 3 4 6 7 2 10 9 8 5 1 
20180521155 7 6 8 5 10 2 9 3 1 4 
20180521156 1 6 8 9 2 10 5 4 7 3 
20180521157 6 8 2 3 5 10 4 1 7 9 
20180521158 7 9 8 6 3 5 2 1 10 4 
20180521159 5 8 7 10 4 9 3 1 2 6 
20180521160 9 10 3 6 7 2 1 5 4 8 
20180521161 5 6 2 3 10 1 4 8 7 9 
20180521162 10 9 3 2 1 5 6 4 8 7 
20180521163 10 9 3 1 2 7 5 6 4 8 
20180521164 8 1 10 3 5 9 7 4 6 2 
20180521165 9 5 3 1 6 4 10 8 7 2 
20180521166 2 3 9 5 10 7 6 1 8 4 
20180521167 7 2 6 8 5 9 3 10 4 1 
20180521168 7 9 2 5 4 8 3 10 6 1 
20180521169 5 6 8 9 2 7 4 3 10 1 
20180521170 1 7 4 8 9 3 2 6 5 10 
20180521171 1 4 5 2 8 9 10 7 3 6 
20180521172 10 7 8 2 9 3 5 1 6 4 
20180521173 6 9 7 8 1 10 5 2 4 3 
20180521174 9 7 1 4 8 3 5 6 2 10 
20180521175 6 5 3 2 1 8 10 7 9 4 
20180521176 8 2 3 4 9 10 7 6 5 1 
20180521177 6 7 5 3 10 9 1 4 8 2 
20180521178 5 7 6 10 1 2 8 4 9 3 
20180521179 6 1 9 2 4 7 3 10 5 8 
20180521180 4 7 9 2 6 10 3 5 1 8 
20180521181 2 4 3 9 5 10 1 7 6 8 
20180521182 6 1 7 3 9 2 10 4 5 8 
20180521183 8 7 6 2 3 9 10 1 5 4 
20180521184 3 5 4 9 7 1 2 8 10 6 
20180521185 8 6 7 4 5 9 2 10 3 1 
20180521186 6 10 1 7 9 5 3 2 8 4 
20180521187 10 6 2 9 8 1 5 3 7 4 
20180521188 6 8 2 3 4 1 5 10 7 9 
20180521189 5 1 9 7 6 10 3 8 2 4 
20180521190 6 4 1 8 3 10 9 2 7 5 
20180521191 5 4 9 2 8 1 7 3 10 6 
20180521192 3 6 4 7 1 8 2 10 9 5 
20180521193 6 10 5 9 2 3 8 7 1 4 
20180521194 3 7 1 9 2 10 5 4 6 8 
20180521195 3 1 9 4 5 7 6 2 10 8 
20180521196 7 9 1 6 10 8 3 5 4 2 
20180521197 10 7 3 2 6 5 1 8 4 9 
20180521198 9 10 4 1 8 6 3 7 2 5 
20180521199 10 4 2 9 8 1 6 5 7 3 
20180521200 7 3 9 2 5 1 8 10 6 4 
20180521201 4 7 5 2 6 9 8 10 3 1 
20180521202 6 2 3 10 4 7 1 5 8 9 
20180521203 9 10 4 3 1 5 6 7 2 8 
20180521204 5 2 1 9 7 3 6 10 8 4 
20180521205 5 6 10 9 2 3 1 8 7 4 
20180521206 6 10 7 2 4 9 5 3 1 8 
20180521207 7 10 1 9 6 4 2 3 8 5 
20180521208 2 8 4 6 1 3 10 9 7 5 
20180521209 4 10 2 5 7 9 8 3 1 6 
20180521210 3 10 8 9 5 6 7 2 1 4 
20180521211 2 10 3 6 5 7 9 1 8 4 
20180521212 7 10 4 6 9 2 8 5 1 3 
20180521213 2 4 9 7 3 1 5 10 6 8 
20180521214 5 8 7 10 3 9 6 1 2 4 
20180521215 4 1 7 2 10 8 6 5 9 3 
20180521216 4 10 6 2 1 5 3 7 8 9 
20180521217 8 1 3 2 9 6 7 10 5 4 
20180521218 3 7 8 2 6 10 5 1 9 4 
20180521219 9 3 5 2 10 8 7 4 1 6 
20180521220 7 1 4 10 5 6 2 3 9 8 
20180521221 7 9 5 8 10 6 4 2 3 1 
20180521222 6 10 5 2 9 3 1 8 7 4 
20180521223 4 6 3 9 8 1 2 7 10 5 
20180521224 8 1 3 9 5 7 6 2 10 4 
20180521225 4 6 8 5 3 10 7 2 9 1 
20180521226 3 9 5 1 6 10 8 2 4 7 
20180521227 5 4 8 6 7 9 1 2 10 3 
20180521228 1 9 7 8 3 4 10 2 6 5 
20180521229 10 8 7 9 1 6 3 5 2 4 
20180521230 4 1 10 7 3 5 6 2 8 9 
20180521231 1 8 4 2 6 9 10 7 5 3 
20180521232 6 2 9 5 10 7 3 8 1 4 
20180521233 5 3 6 4 9 2 7 1 8 10 
20180521234 1 4 7 6 9 10 5 8 2 3 
20180521235 7 1 10 2 5 4 8 3 6 9 
20180521236 10 6 2 1 7 9 8 4 5 3 
20180521237 6 9 5 3 8 4 7 1 10 2 
20180521238 4 6 9 7 2 10 3 5 1 8 
20180521239 6 7 5 9 10 4 2 3 8 1 
20180521240 8 2 5 1 3 4 9 7 6 10 
20180521241 10 2 6 9 4 7 1 3 8 5 
20180521242 2 6 7 10 9 8 5 3 4 1 
20180521243 1 8 3 10 9 6 5 4 7 2 
20180521244 10 9 6 8 1 3 5 4 7 2 
20180521245 6 9 5 7 10 8 1 4 3 2 
20180521246 4 7 6 2 8 9 1 5 10 3 
20180521247 2 8 4 5 10 7 3 9 6 1 
20180521248 4 5 8 9 2 6 3 10 1 7 
20180521249 3 7 6 1 9 2 5 4 10 8 
20180521250 9 5 4 7 8 10 1 3 2 6 
20180521251 10 4 2 9 5 7 6 3 8 1 
20180521252 4 7 5 8 3 1 10 6 2 9 
20180521253 10 8 9 1 6 3 2 5 7 4 
20180521254 5 1 6 4 8 7 2 9 3 10 
20180521255 1 5 3 10 7 6 9 8 2 4 
20180521256 4 1 2 8 10 3 9 6 7 5 
20180521257 8 6 3 7 1 9 10 2 5 4 
20180521258 5 10 9 8 2 1 3 6 4 7 
20180521259 5 3 2 7 6 1 8 9 4 10 
20180521260 7 3 1 2 6 9 10 8 4 5 
20180521261 10 8 1 9 3 5 4 2 7 6 
20180521262 1 6 9 5 4 3 10 7 2 8 
20180521263 4 9 5 1 7 10 8 2 3 6 
20180521264 6 9 5 8 4 1 2 10 7 3 
20180521265 9 10 6 3 7 2 1 8 5 4 
20180521266 3 7 4 1 5 6 9 10 2 8 
20180521267 5 4 6 9 10 8 2 7 1 3 
20180521268 6 10 8 1 7 9 2 4 5 3 
20180521269 5 4 8 3 6 9 10 1 7 2 
20180521270 3 4 9 7 10 2 6 1 5 8 
20180521271 8 3 10 5 2 6 4 1 9 7 
20180521272 10 9 6 3 8 4 2 5 1 7 
20180521273 5 4 9 6 3 2 7 8 10 1 
20180521274 5 6 2 10 4 1 3 7 8 9 
20180521275 3 8 4 6 2 5 1 9 7 10 
20180521276 6 4 2 9 5 10 3 7 1 8 
20180521277 4 1 2 8 5 7 6 9 10 3 
20180521278 4 8 1 5 9 10 3 6 7 2 
20180521279 8 6 5 1 2 3 7 4 10 9 
20180521280 3 9 7 1 5 8 2 4 6 10 
20180521281 9 3 10 5 6 1 4 8 2 7 
20180521282 4 7 8 3 5 2 10 9 6 1 
20180521283 5 2 6 4 3 7 10 1 9 8 
20180521284 3 10 1 2 9 8 4 5 6 7 
20180521285 3 5 1 7 4 6 10 9 2 8 
20180521286 10 3 2 7 9 6 5 4 8 1 
20180521287 9 7 4 5 1 2 10 6 3 8 
20180521288 5 10 9 6 8 1 4 7 2 3 
20180521289 6 2 8 1 9 4 10 5 7 3 
20180521290 7 6 4 8 10 3 1 2 5 9 
20180521291 6 8 10 4 2 3 9 5 7 1 
20180521292 8 5 7 3 9 6 10 4 2 1 
20180521293 3 6 8 7 9 1 10 5 4 2 
20180521294 6 10 7 4 8 3 5 2 1 9 
20180521295 3 9 2 10 8 1 7 6 4 5 
20180521296 7 2 5 9 10 4 6 8 1 3 
20180521297 5 2 7 3 8 6 1 10 9 4 
20180521298 9 3 7 4 10 1 2 8 5 6 
20180521299 10 9 5 4 3 6 1 7 8 2 
20180521300 1 8 7 4 3 9 2 6 10 5 
20180521301 7 2 8 5 6 3 4 9 1 10 
20180521302 2 5 6 4 8 7 9 1 3 10 
20180521303 6 7 10 1 8 2 5 3 4 9 
20180521304 6 10 3 7 9 2 1 5 4 8 
20180521305 7 2 4 1 8 6 10 3 5 9 
20180521306 8 4 2 3 1 6 10 9 7 5 
20180521307 9 10 5 1 7 8 4 2 6 3 
20180521308 2 4 8 9 5 7 10 1 3 6 
20180521309 1 9 2 5 4 8 7 10 3 6 
20180521310 3 8 10 1 6 9 4 7 5 2 
20180521311 5 8 2 10 7 6 4 3 1 9 
20180521312 4 6 9 8 10 1 2 7 5 3 
20180521313 7 6 3 9 2 8 1 4 5 10 
20180521314 8 10 5 3 9 4 7 6 2 1 
20180521315 1 2 7 8 4 3 5 9 6 10 
20180521316 10 2 5 7 1 6 3 9 4 8 
20180521317 5 8 10 9 6 7 3 2 1 4 
20180521318 6 2 7 9 4 10 3 8 5 1 
20180521319 5 4 2 10 6 7 1 3 8 9 
20180521320 8 10 6 4 9 3 5 2 1 7 
20180521321 4 5 6 2 9 7 10 1 3 8 
20180521322 1 8 3 4 10 7 9 5 6 2 
20180521323 10 1 8 2 9 4 5 3 7 6 
20180521324 8 5 1 9 7 3 2 6 10 4 
20180521325 7 4 9 2 1 5 3 10 8 6 
20180521326 10 4 7 6 1 9 8 5 2 3 
20180521327 2 1 10 3 6 4 7 5 8 9 
20180521328 8 6 7 5 10 9 1 3 4 2 
20180521329 2 5 4 3 9 6 7 10 8 1 
20180521330 7 8 10 4 1 5 6 3 9 2 
20180521331 2 3 5 7 6 9 10 8 4 1 
20180521332 8 7 10 6 3 9 4 5 2 1 
20180521333 7 9 3 1 5 6 2 4 10 8 
20180521334 3 5 9 4 7 10 1 8 6 2 
20180521335 10 9 1 6 4 3 8 7 2 5 
20180521336 2 3 7 10 8 5 6 9 1 4 
20180521337 6 2 9 10 7 8 4 1 5 3 
20180521338 9 8 2 5 6 3 4 10 1 7 
20180521339 8 10 3 2 1 6 7 4 9 5 
20180521340 2 3 4 9 10 1 8 7 6 5 
20180521341 7 5 2 9 3 8 1 10 6 4 
20180521342 6 5 7 3 2 8 10 9 1 4 
20180521343 5 10 2 3 8 1 9 7 4 6 
20180521344 5 3 7 10 9 6 2 1 4 8 
20180521345 7 3 5 4 10 8 9 1 2 6 
20180521346 5 10 2 3 1 9 8 7 4 6 
20180521347 5 6 8 7 1 3 9 4 2 10 
20180521348 8 6 7 1 5 4 10 3 2 9 
20180521349 1 4 10 8 6 5 2 3 9 7 
20180521350 10 7 9 3 8 1 2 5 6 4 
20180521351 2 6 5 10 8 9 7 1 3 4 
20180521352 4 5 7 6 1 8 10 3 2 9 
20180521353 10 9 2 3 4 5 6 7 1 8 
20180521354 3 8 10 6 5 9 7 4 2 1 
20180521355 4 1 8 9 7 3 6 10 5 2 
20180521356 3 2 5 10 4 8 1 9 6 7 
20180521357 10 7 9 1 5 2 3 8 4 6 
20180521358 8 1 6 10 4 3 9 5 2 7 
20180521359 5 1 8 7 9 3 10 2 6 4 
20180521360 9 2 3 1 6 8 10 5 4 7 
20180521361 10 3 1 2 8 5 7 9 4 6 
20180521362 9 4 10 3 2 5 7 1 6 8 
20180521363 8 7 3 4 10 5 9 1 2 6 
20180521364 7 4 8 9 10 5 6 2 3 1 
20180521365 4 1 5 2 3 7 6 9 10 8 
20180521366 10 9 3 7 8 5 6 4 1 2 
20180521367 8 9 10 1 7 2 4 6 5 3 
20180521368 4 10 7 2 5 8 3 1 6 9 
20180521369 5 7 1 6 9 2 8 10 3 4 
20180521370 1 10 5 7 4 9 3 6 8 2 
20180521371 10 6 2 7 1 3 8 5 9 4 
20180521372 10 3 8 1 2 9 4 5 7 6 
20180521373 4 10 6 8 3 9 1 5 7 2 
20180521374 6 2 8 7 4 5 1 9 10 3 
20180521375 5 7 9 4 2 1 6 10 3 8 
20180521376 10 2 3 7 1 8 4 5 6 9 
20180521377 5 8 1 7 9 3 4 2 6 10 
20180521378 7 1 3 6 2 9 8 10 4 5 
20180521379 9 4 1 7 3 6 2 5 10 8 
20180521380 2 4 1 9 10 8 3 6 5 7 
20180521381 7 3 1 6 9 2 8 4 5 10 
20180521382 7 2 6 3 8 9 10 5 1 4 
20180521383 3 4 8 7 6 2 10 1 5 9 
20180521384 1 7 4 3 6 9 5 8 10 2 
20180521385 3 2 10 1 8 4 5 7 6 9 
20180521386 5 9 2 10 1 7 3 4 8 6 
20180521387 6 10 4 1 2 5 9 7 3 8 
20180521388 7 8 5 6 10 2 3 4 9 1 
20180521389 4 1 9 8 3 7 5 6 2 10 
20180521390 9 1 3 6 4 5 7 2 8 10 
20180521391 3 8 5 4 9 6 2 10 1 7 
20180521392 10 8 7 2 5 3 6 1 4 9 
20180521393 4 10 6 3 9 2 8 7 1 5 
20180521394 1 8 7 3 6 9 5 2 10 4 
20180521395 1 8 6 10 5 3 7 9 2 4 
20180521396 1 5 6 8 4 10 7 2 9 3 
20180521397 2 1 5 3 4 9 8 6 10 7 
20180521398 5 8 9 3 4 10 2 7 1 6 
20180521399 10 8 3 4 9 2 1 5 7 6 
20180521400 5 7 10 4 9 6 3 8 2 1 
20180521401 7 1 9 3 8 10 6 2 5 4 
20180521402 9 3 4 8 7 6 10 1 5 2 
20180521403 5 10 1 4 7 6 3 8 9 2 
20180521404 9 10 2 7 1 5 6 4 3 8 
20180521405 2 5 6 4 8 9 7 10 3 1 
20180521406 9 10 5 4 7 8 3 2 1 6 
20180521407 3 1 7 10 8 2 4 6 5 9 
20180521408 9 8 7 4 10 1 2 5 6 3 
20180521409 6 1 5 9 8 4 7 10 3 2 
20180521410 8 5 6 3 10 2 9 1 4 7 
20180521411 8 1 9 7 2 6 3 4 10 5 
20180521412 9 2 3 1 8 7 4 5 10 6 
20180521413 1 10 6 5 4 7 9 3 8 2 
20180521414 4 1 6 3 7 8 10 2 5 9 
20180521415 5 10 9 3 4 8 1 6 2 7 
20180521416 4 5 8 9 10 1 2 3 7 6 
20180521417 1 5 10 4 7 3 9 8 6 2 
20180521418 2 9 1 3 6 4 5 10 8 7 
20180521419 2 6 5 3 7 8 4 1 9 10 
20180521420 10 4 1 3 2 8 9 5 7 6 
20180521421 5 1 2 6 3 4 7 10 8 9 
20180521422 3 9 10 4 6 8 7 5 1 2 
20180521423 4 9 10 1 7 5 8 6 3 2 
20180521424 3 7 10 1 8 4 2 5 6 9 
20180521425 6 7 10 4 3 9 8 1 2 5 
20180521426 3 8 2 9 5 7 1 10 4 6 
20180521427 9 1 6 3 8 4 5 10 7 2 
20180521428 9 5 7 1 3 10 2 8 4 6 
20180521429 2 1 9 10 6 8 5 7 3 4 
20180521430 3 8 2 5 4 7 1 6 10 9 
20180521431 5 9 3 4 1 6 2 10 8 7 
20180521432 5 4 6 7 3 1 2 9 8 10 
20180521433 5 2 4 3 10 6 1 7 9 8 
20180521434 9 5 1 4 2 8 10 6 3 7 
20180521435 1 7 5 6 2 3 8 10 4 9 
20180521436 8 7 6 1 9 5 4 10 2 3 
20180521437 1 7 6 4 2 8 10 3 5 9 
20180521438 5 3 1 7 9 6 2 8 4 10 
20180521439 2 4 6 1 5 7 3 10 8 9 
20180521440 3 8 7 1 2 4 10 9 5 6 
20180521441 6 9 1 3 10 4 7 5 2 8 
20180521442 10 9 3 8 1 5 6 2 7 4 
20180521443 5 7 1 6 4 8 2 9 10 3 
20180521444 10 6 1 8 5 4 2 3 7 9 
20180521445 6 5 1 3 7 4 2 10 9 8 
20180521446 7 2 9 1 8 6 10 4 5 3 
20180521447 2 5 10 9 4 8 1 6 3 7 
20180521448 10 9 3 7 6 8 5 1 2 4 
20180521449 3 4 8 9 10 2 1 5 6 7 
20180521450 1 4 10 7 3 5 2 8 9 6 
20180521451 10 2 7 8 4 1 6 5 9 3 
20180521452 3 2 1 8 5 4 7 6 10 9 
20180521453 7 10 6 8 5 3 2 1 9 4 
20180521454 1 2 9 8 7 10 4 5 6 3 
20180521455 3 1 2 4 8 10 9 7 6 5 
20180521456 1 8 3 5 6 4 10 2 9 7 
20180521457 10 4 1 8 9 5 3 6 7 2 
20180521458 9 6 2 3 7 1 8 5 10 4 
20180521459 3 10 8 4 5 7 1 2 6 9 
20180521460 3 8 1 9 5 4 2 7 10 6 
20180521461 8 7 2 9 6 5 10 4 3 1 
20180521462 4 2 6 8 5 10 7 1 3 9 
20180521463 3 4 2 10 5 8 6 7 9 1 
20180521464 10 2 4 3 8 9 1 7 6 5 
20180521465 8 9 6 2 1 4 10 3 5 7 
20180521466 5 3 1 8 9 10 7 4 6 2 
20180521467 10 2 9 1 3 6 7 5 8 4 
20180521468 5 7 9 1 6 2 4 3 8 10 
20180521469 8 5 1 7 3 4 10 9 6 2 
20180521470 8 4 10 2 7 6 3 9 1 5 
20180521471 2 9 3 10 7 5 6 4 1 8 
20180521472 9 4 7 3 6 1 5 8 2 10 
20180521473 4 1 2 9 10 7 6 3 8 5 
20180521474 8 10 7 4 9 5 1 2 6 3 
20180521475 9 4 5 8 3 2 7 10 1 6 
20180521476 10 8 1 9 6 2 3 5 7 4 
20180521477 4 7 1 6 5 3 10 2 9 8 
20180521478 5 6 1 2 9 10 3 8 7 4 
20180521479 7 3 10 1 8 4 5 2 6 9 
20180521480 10 3 8 2 1 5 6 9 7 4 
20180521481 6 3 2 4 7 9 5 10 1 8 
20180521482 7 4 8 5 2 10 6 1 9 3 
20180521483 4 2 7 3 10 9 1 6 8 5 
20180521484 10 6 3 2 1 9 8 5 4 7 
20180521485 5 10 2 8 4 6 3 9 7 1 
20180521486 4 6 2 7 8 1 9 10 3 5 
20180521487 10 5 8 7 2 1 9 6 4 3 
20180521488 6 4 1 10 5 3 7 9 8 2 
20180521489 6 9 1 7 8 4 5 2 3 10 
20180521490 5 4 7 1 2 9 8 3 6 10 
20180521491 2 10 5 1 7 4 6 9 3 8 
20180521492 2 10 9 3 1 7 6 8 4 5 
20180521493 5 10 1 4 6 9 8 7 2 3 
20180521494 8 4 3 6 2 7 1 5 10 9 
20180521495 10 7 3 4 8 6 9 2 5 1 
20180521496 1 9 3 6 10 2 4 7 5 8 
20180521497 7 6 9 8 4 1 5 2 3 10 
20180521498 5 8 2 4 1 9 7 10 6 3 
20180521499 9 7 3 6 5 2 1 8 10 4 
20180521500 6 4 5 2 7 3 9 1 8 10 
20180521501 9 3 6 1 4 10 5 2 8 7 
20180521502 1 10 8 3 9 2 4 7 5 6 
20180521503 2 8 7 1 6 3 9 5 10 4 
20180521504 1 6 7 2 8 10 9 3 5 4 
20180521505 10 1 7 9 8 3 5 2 6 4 
20180521506 8 5 7 3 9 6 1 10 2 4 
20180521507 7 10 2 8 3 1 9 5 6 4 
20180521508 9 1 7 10 8 2 5 3 4 6 
20180521509 1 3 5 6 10 2 7 4 8 9 
20180521510 5 8 7 3 1 4 9 10 2 6 
20180521511 7 4 3 8 10 1 9 6 5 2 
20180521512 5 8 4 2 1 10 3 9 6 7 
20180521513 9 2 6 4 3 8 1 10 5 7 
20180521514 3 9 4 10 1 7 2 8 6 5 
20180521515 3 6 1 2 7 5 9 4 10 8 
20180521516 1 7 5 6 9 4 3 8 2 10 
20180521517 7 4 2 1 10 3 8 9 5 6 
20180521518 9 6 4 2 8 3 1 5 7 10 
20180521519 7 6 4 1 3 9 2 8 5 10 
20180521520 2 5 10 9 8 3 6 7 4 1 
20180521521 6 10 9 8 5 3 4 2 7 1 
20180521522 4 5 1 6 3 8 7 10 2 9 
20180521523 7 3 4 6 5 1 10 2 8 9 
20180521524 4 7 9 3 6 10 2 1 5 8 
20180521525 8 7 9 10 6 1 5 2 4 3 
20180521526 4 2 8 6 1 7 3 9 10 5 
20180521527 8 10 2 6 4 3 7 9 5 1 
20180521528 10 6 3 1 7 5 4 8 2 9 
20180521529 6 7 1 2 10 9 3 5 4 8 
20180521530 9 3 5 10 7 6 4 8 1 2 
20180521531 8 3 1 4 2 5 6 7 10 9 
20180521532 1 5 10 8 2 4 3 7 6 9 
20180521533 8 7 10 2 3 1 9 4 6 5 
20180521534 10 8 6 1 9 7 5 2 4 3 
20180521535 1 3 10 7 6 9 2 4 8 5 
20180521536 9 8 5 2 1 10 3 6 4 7 
20180521537 3 2 6 10 5 7 8 4 1 9 
20180521538 3 1 5 7 4 10 8 9 6 2 
20180521539 5 6 2 10 8 9 7 3 1 4 
20180521540 6 10 8 3 1 5 7 2 9 4 
20180521541 7 4 2 1 10 3 5 9 8 6 
20180521542 1 6 10 5 3 9 2 4 7 8 
20180521543 9 6 4 5 3 8 1 7 2 10 
20180521544 8 10 3 4 9 7 5 6 2 1 
20180521545 1 7 3 4 8 6 2 5 10 9 
20180521546 7 6 5 4 9 2 8 1 3 10 
20180521547 8 3 4 6 9 1 5 2 7 10 
20180521548 6 1 10 7 2 4 3 5 9 8 
20180521549 10 6 9 4 7 8 5 3 2 1 
20180521550 8 10 2 5 3 1 6 9 7 4 
20180521551 2 9 1 5 7 10 3 8 6 4 
20180521552 5 6 9 3 7 8 1 10 2 4 
20180521553 1 9 4 3 8 7 2 10 6 5 
20180521554 3 6 8 7 2 5 1 4 10 9 
20180521555 1 9 7 8 4 2 5 10 3 6 
20180521556 2 10 8 4 7 5 3 1 6 9 
20180521557 1 8 3 4 2 5 6 10 9 7 
20180521558 5 2 6 4 1 9 8 7 10 3 
20180521559 6 4 9 1 5 2 8 3 10 7 
20180521560 7 4 6 2 1 10 5 9 8 3 
20180521561 5 4 6 3 8 9 10 1 7 2 
20180521562 6 9 4 10 3 8 5 7 1 2 
20180521563 8 4 10 9 2 5 3 1 6 7 
20180521564 5 2 8 7 3 1 10 6 9 4 
20180521565 1 4 7 2 8 6 9 10 3 5 
20180521566 8 5 2 6 9 4 3 1 10 7 
20180521567 7 5 1 8 3 4 2 9 10 6 
20180521568 9 8 6 3 10 5 1 7 4 2 
20180521569 4 10 3 2 1 5 7 9 8 6 
20180521570 2 7 4 8 9 5 3 6 10 1 
20180521571 4 3 10 6 7 9 2 8 5 1 
20180521572 6 3 4 7 8 5 10 2 9 1 
20180521573 3 9 10 4 5 7 1 6 2 8 
20180521574 5 1 7 8 4 6 10 9 2 3 
20180521575 10 3 8 6 9 1 5 2 4 7 
20180521576 4 9 7 6 3 1 2 10 5 8 
20180521577 3 9 6 2 4 8 10 7 1 5 
20180521578 10 3 8 5 4 9 2 6 1 7 
20180521579 6 9 5 3 10 4 2 8 7 1 
20180521580 9 3 1 2 4 8 10 7 6 5 
20180521581 1 8 3 2 4 5 10 6 9 7 
20180521582 1 3 6 8 10 2 7 9 4 5 
20180521583 4 2 10 1 7 5 6 8 9 3 
20180521584 5 10 6 4 3 7 2 9 1 8 
20180521585 2 9 4 8 6 1 3 10 7 5 
20180521586 7 4 9 8 2 10 5 1 3 6 
20180521587 3 6 9 1 7 4 5 2 8 10 
20180521588 2 4 1 5 10 9 6 3 8 7 
20180521589 10 6 8 7 5 2 9 3 4 1 
20180521590 8 10 2 3 4 1 6 9 7 5 
20180521591 3 10 8 2 7 4 5 6 9 1 
20180521592 2 9 6 5 3 8 10 1 7 4 
20180521593 7 1 9 10 5 4 3 2 8 6 
20180521594 1 4 7 6 8 3 9 5 10 2 
20180521595 4 5 1 7 6 10 8 2 9 3 
20180521596 1 9 7 4 5 2 6 3 8 10 
20180521597 3 8 2 4 7 1 6 10 9 5 
20180521598 8 10 5 1 2 6 3 4 9 7 
20180521599 4 9 1 8 2 5 3 7 6 10 
20180521600 10 3 8 9 7 4 1 6 2 5 
20180521601 4 8 9 6 3 10 7 2 1 5 
20180521602 2 1 6 10 3 4 8 5 9 7 
20180521603 3 6 8 9 7 2 4 10 1 5 
20180521604 9 6 5 2 4 1 8 10 7 3 
20180521605 4 7 2 6 10 3 8 5 1 9 
20180521606 4 3 8 9 10 1 7 6 5 2 
20180521607 2 10 1 3 8 7 6 5 4 9 
20180521608 8 3 2 4 9 6 10 5 1 7 
20180521609 2 9 6 1 8 7 10 5 4 3 
20180521610 3 5 8 2 6 9 1 7 10 4 
20180521611 5 8 7 4 1 3 10 9 2 6 
20180521612 4 10 9 2 8 1 3 7 6 5 
20180521613 9 3 7 8 2 10 6 5 1 4 
20180521614 2 8 10 1 5 4 9 3 7 6 
20180521615 4 7 9 1 3 2 8 10 6 5 
20180521616 1 2 4 7 9 10 5 8 3 6 
20180521617 9 8 3 5 6 1 2 4 7 10 
20180521618 3 1 7 8 5 10 9 4 6 2 
20180521619 8 9 3 7 1 4 5 6 10 2 
20180521620 2 4 3 10 7 6 8 5 9 1 
20180521621 1 5 3 10 2 6 7 9 4 8 
20180521622 6 5 8 4 10 1 2 3 9 7 
20180521623 1 7 5 3 8 10 9 4 2 6 
20180521624 6 9 2 4 5 1 10 8 3 7 
20180521625 2 9 5 3 8 10 4 7 1 6 
20180521626 4 10 8 6 9 1 7 2 3 5 
20180521627 6 1 10 2 5 4 7 9 8 3 
20180521628 1 8 4 10 2 9 6 3 7 5 
20180521629 2 3 8 1 7 10 6 5 9 4 
20180521630 2 6 7 3 10 9 4 5 8 1 
20180521631 6 4 1 10 2 7 5 8 9 3 
20180521632 5 8 6 4 10 1 7 2 9 3 
20180521633 7 10 3 4 5 9 6 2 1 8 
20180521634 3 8 10 6 7 5 9 1 4 2 
20180521635 8 5 4 9 10 1 7 6 2 3 
20180521636 1 2 8 6 7 3 10 4 5 9 
20180521637 4 6 5 3 7 9 1 2 10 8 
20180521638 3 4 9 10 7 1 2 5 8 6 
20180521639 2 1 9 3 5 4 10 6 7 8 
20180521640 4 2 8 5 10 9 1 7 3 6 
20180521641 3 9 1 7 5 10 4 6 8 2 
20180521642 1 10 5 3 9 7 6 8 4 2 
20180521643 4 7 3 9 6 8 5 2 10 1 
20180521644 6 2 3 9 4 8 7 1 10 5 
20180521645 5 9 7 6 10 2 8 1 4 3 
20180521646 5 1 4 3 8 6 9 10 7 2 
20180521647 8 2 9 7 5 6 1 10 4 3 
20180521648 10 7 5 1 8 9 3 6 4 2 
20180521649 7 5 10 8 3 6 2 1 4 9 
20180521650 6 2 1 9 10 4 3 8 7 5 
20180521651 7 9 2 8 1 3 5 4 10 6 
20180521652 6 9 4 2 5 10 8 1 7 3 
20180521653 7 2 4 10 8 9 5 6 3 1 
20180521654 3 9 8 10 4 6 1 5 7 2 
20180521655 3 5 4 6 9 2 8 7 10 1 
20180521656 1 3 7 5 8 9 2 6 10 4 
20180521657 1 7 8 10 3 6 2 9 5 4 
20180521658 2 7 4 5 9 8 3 1 6 10 
20180521659 7 4 3 6 10 8 5 1 2 9 
20180521660 9 2 6 8 10 7 5 4 1 3 
20180521661 2 6 3 7 8 4 9 1 10 5 
20180521662 10 2 4 8 6 9 5 3 7 1 
20180521663 2 9 5 8 6 1 3 10 7 4 
20180521664 4 6 1 8 5 10 7 2 3 9 
20180521665 4 2 10 6 8 5 9 7 3 1 
20180521666 4 3 6 10 7 1 8 5 9 2 
20180521667 1 5 8 10 7 3 6 2 4 9 
20180521668 10 7 6 2 5 3 1 8 9 4 
20180521669 3 9 8 2 7 4 6 10 1 5 
20180521670 3 2 9 7 8 4 5 10 1 6 
20180521671 4 8 5 10 3 6 2 1 7 9 
20180521672 2 5 1 6 7 3 4 10 8 9 
20180521673 6 2 9 7 5 10 8 3 1 4 
20180521674 2 1 4 8 7 6 3 10 5 9 
20180521675 4 1 5 10 6 3 9 8 2 7 
20180521676 6 3 2 10 4 5 8 1 9 7 
20180521677 5 9 3 4 2 6 7 1 10 8 
20180521678 2 6 3 1 5 8 9 4 7 10 
20180521679 6 5 4 3 2 8 10 1 9 7 
20180521680 10 7 8 2 5 6 9 4 3 1 
20180521681 9 7 5 8 1 6 4 10 2 3 
20180521682 1 2 5 3 4 9 6 8 7 10 
20180521683 10 8 2 5 4 6 7 3 1 9 
20180521684 2 4 7 8 3 10 9 5 6 1 
20180521685 9 10 2 8 3 6 5 4 7 1 
20180521686 7 8 3 2 5 1 4 6 10 9 
20180521687 6 3 8 10 4 7 5 1 9 2 
20180521688 10 2 8 9 5 1 3 4 6 7 
20180521689 7 10 6 4 1 9 8 5 3 2 
20180521690 4 9 3 2 1 8 10 5 7 6 
20180521691 8 7 10 6 2 9 5 3 4 1 
20180521692 3 6 9 2 7 5 4 8 1 10 
20180521693 6 4 2 5 8 3 7 1 10 9 
20180521694 4 1 3 7 9 2 6 8 5 10 
20180521695 2 7 6 9 4 5 10 8 1 3 
20180521696 1 8 7 10 5 9 3 2 4 6 
20180521697 10 2 6 8 7 3 1 4 9 5 
20180521698 4 2 5 1 3 8 10 6 7 9 
20180521699 7 3 9 1 6 2 4 8 5 10 
20180521700 6 10 2 1 5 8 9 7 4 3 
20180521701 3 4 5 10 8 1 2 7 6 9 
20180521702 1 9 8 3 10 7 6 4 5 2 
20180521703 2 9 7 5 8 6 10 1 4 3 
20180521704 8 3 4 10 2 1 9 6 7 5 
20180521705 7 9 2 6 8 1 3 5 4 10 
20180521706 10 2 9 3 8 6 1 7 4 5 
20180521707 10 8 5 1 4 7 3 2 9 6 
20180521708 1 4 8 6 7 9 2 3 10 5 
20180521709 10 2 5 1 9 3 4 7 8 6 
20180521710 5 4 3 7 1 9 2 8 6 10 
20180521711 6 2 7 3 1 9 8 5 4 10 
20180521712 10 7 6 3 8 1 2 5 4 9 
20180521713 7 3 6 1 2 8 9 4 5 10 
20180521714 7 4 6 1 8 10 3 2 5 9 
20180521715 1 9 4 3 5 8 2 6 7 10 
20180521716 3 4 10 2 1 5 8 9 7 6 
20180521717 1 4 9 7 6 8 10 2 3 5 
20180521718 3 5 4 9 10 8 2 7 1 6 
20180521719 2 3 8 1 7 10 5 6 9 4 
20180521720 3 5 6 2 10 4 9 8 7 1 
20180521721 1 7 3 9 4 8 2 5 10 6 
20180521722 8 4 9 1 2 7 5 10 6 3 
20180521723 10 8 4 2 6 7 1 3 9 5 
20180521724 8 6 9 4 10 5 2 3 1 7 
20180521725 3 10 6 9 8 2 7 1 4 5 
20180521726 6 8 4 7 9 3 10 1 2 5 
20180521727 3 5 8 2 7 10 1 9 6 4 
20180521728 3 6 7 8 1 2 4 5 10 9 
20180521729 5 2 6 7 4 1 9 10 3 8 
20180521730 8 4 3 7 6 1 5 9 10 2 
20180521731 7 6 1 10 4 3 8 2 5 9 
20180521732 9 3 1 2 5 10 8 4 6 7 
20180521733 4 2 6 1 5 10 3 8 9 7 
20180521734 8 7 9 4 3 1 10 5 6 2 
20180521735 4 5 9 6 10 7 8 1 3 2 
20180521736 1 7 10 3 5 9 4 6 8 2 
20180521737 4 6 10 8 7 2 5 3 9 1 
20180521738 3 5 9 1 8 2 7 4 10 6 
20180521739 3 5 4 6 7 2 9 8 1 10 
20180521740 4 7 9 6 5 2 8 3 1 10 
20180521741 9 10 1 5 7 3 8 6 4 2 
20180521742 6 9 1 10 7 8 3 5 2 4 
20180521743 5 8 10 4 3 7 2 6 1 9 
20180521744 1 8 3 6 9 4 5 2 7 10 
20180521745 5 4 6 3 7 9 8 2 10 1 
20180521746 1 10 2 9 4 3 5 7 8 6 
20180521747 5 3 10 8 1 2 9 7 4 6 
20180521748 8 2 5 6 7 9 10 1 3 4 
20180521749 4 8 5 10 9 2 7 3 6 1 
20180521750 8 5 2 7 4 1 3 6 9 10 
20180521751 3 2 10 1 9 8 7 6 5 4 
20180521752 4 8 2 1 7 6 9 3 5 10 
20180521753 1 10 5 7 8 6 9 2 3 4 
20180521754 4 9 10 3 6 2 7 5 8 1 
20180521755 1 5 9 3 2 10 7 6 4 8 
20180521756 4 2 9 8 7 3 1 5 10 6 
20180521757 1 5 4 6 7 8 9 10 3 2 
20180521758 2 6 7 5 3 8 10 1 9 4 
20180521759 10 2 7 1 6 5 9 3 8 4 
20180521760 9 6 4 1 8 2 10 5 3 7 
20180521761 3 2 4 7 6 8 5 10 9 1 
20180521762 8 4 5 10 2 1 3 9 6 7 
20180521763 3 2 10 1 6 8 7 4 5 9 
20180521764 5 9 6 8 10 4 7 3 1 2 
20180521765 4 1 5 3 7 9 6 10 8 2 
20180521766 9 8 6 5 2 1 10 7 4 3 
20180521767 6 4 9 5 3 7 8 2 1 10 
20180521768 10 7 1 9 8 5 4 3 2 6 
20180521769 4 2 8 9 10 1 6 5 7 3 
20180521770 3 10 5 9 4 8 6 1 2 7 
20180521771 7 3 5 1 9 6 4 2 10 8 
20180521772 7 8 10 3 4 2 6 1 5 9 
20180521773 9 3 2 6 5 1 8 4 7 10 
20180521774 7 3 10 2 4 6 5 9 1 8 
20180521775 8 3 7 4 2 9 10 5 6 1 
20180521776 6 7 1 8 2 9 3 10 4 5 
20180521777 6 9 4 5 10 2 8 1 7 3 
20180521778 3 10 5 4 9 6 2 7 8 1 
20180521779 5 10 2 7 8 9 6 1 3 4 
20180521780 5 8 7 1 10 2 3 4 9 6 
20180521781 10 7 9 2 3 1 6 4 8 5 
20180521782 10 9 6 3 7 4 8 5 1 2 
20180521783 2 7 1 8 4 10 5 3 6 9 
20180521784 6 2 7 9 5 8 3 1 4 10 
20180521785 5 10 1 9 7 2 8 3 4 6 
20180521786 8 9 6 10 4 3 7 5 1 2 
20180521787 7 6 2 4 1 5 10 9 3 8 
20180521788 2 4 10 5 7 9 3 8 6 1 
20180521789 9 3 2 1 8 10 4 6 5 7 
20180521790 6 5 4 10 8 2 1 7 9 3 
20180521791 5 7 4 3 10 6 1 8 2 9 
20180521792 1 9 10 2 8 4 3 5 6 7 
20180521793 2 8 6 10 5 7 3 4 9 1 
20180521794 5 2 3 4 1 9 8 10 7 6 
20180521795 6 2 1 5 10 3 4 7 9 8 
20180521796 1 3 6 9 10 7 2 5 4 8 
20180521797 10 3 2 7 5 1 8 4 9 6 
20180521798 6 4 10 8 2 7 1 5 3 9 
20180521799 3 4 7 1 6 8 9 10 5 2 
20180521800 2 1 3 4 8 7 6 10 9 5 
20180521801 8 5 1 3 2 6 4 9 10 7 
20180521802 8 2 1 4 6 9 7 5 10 3 
20180521803 9 1 7 10 4 8 3 5 6 2 
20180521804 1 3 7 5 2 9 4 10 8 6 
20180521805 7 6 9 8 3 1 10 5 2 4 
20180521806 2 9 1 8 6 3 4 10 7 5 
20180521807 7 6 1 4 5 2 9 3 10 8 
20180521808 8 3 10 4 2 9 7 5 1 6 
20180521809 9 2 10 7 3 6 1 5 4 8 
20180521810 3 10 4 6 5 2 7 8 9 1 
20180521811 10 3 9 1 4 8 6 2 5 7 
20180521812 5 2 9 7 6 8 3 1 4 10 
20180521813 7 8 2 10 9 5 1 3 6 4 
20180521814 6 8 2 5 1 9 10 7 3 4 
20180521815 3 8 4 9 2 10 6 1 5 7 
20180521816 4 7 3 9 5 2 6 10 1 8 
20180521817 2 5 1 8 10 7 9 3 6 4 
20180521818 6 9 1 5 10 3 7 8 4 2 
20180521819 5 8 7 2 9 6 1 3 10 4 
20180521820 8 1 4 3 5 2 7 9 10 6 
20180521821 3 7 5 9 1 8 4 2 10 6 
20180521822 10 9 6 3 5 2 4 8 7 1 
20180521823 6 8 9 2 1 7 5 10 3 4 
20180521824 2 5 3 6 7 1 4 10 8 9 
20180521825 9 4 2 3 1 7 8 6 10 5 
20180521826 3 10 7 4 9 8 5 1 2 6 
20180521827 6 5 3 7 1 8 4 9 10 2 
20180521828 6 5 8 1 7 9 3 4 10 2 
20180521829 7 9 1 2 10 4 6 5 3 8 
20180521830 6 5 9 2 8 3 1 4 7 10 
20180521831 5 4 1 7 3 6 10 2 8 9 
20180521832 1 7 9 5 4 10 2 3 6 8 
20180521833 7 6 5 1 4 2 9 8 3 10 
20180521834 9 3 4 1 2 8 10 7 5 6 
20180521835 6 2 1 3 8 7 9 4 10 5 
20180521836 1 2 10 4 9 3 5 7 6 8 
20180521837 7 2 6 8 3 1 10 9 4 5 
20180521838 6 4 1 2 5 10 8 9 7 3 
20180521839 4 6 10 1 9 5 3 2 8 7 
20180521840 5 6 1 2 10 8 3 9 7 4 
20180521841 2 1 10 4 7 8 3 9 5 6 
20180521842 8 2 1 10 9 7 6 4 3 5 
20180521843 9 2 5 8 4 6 7 1 3 10 
20180521844 3 10 9 5 7 4 2 6 8 1 
20180521845 1 3 4 7 9 8 6 5 2 10 
20180521846 1 3 6 2 8 4 5 7 10 9 
20180521847 10 7 2 8 3 5 9 6 1 4 
20180521848 8 9 2 5 6 3 4 7 10 1 
20180521849 8 5 10 1 9 4 6 7 3 2 
20180521850 6 10 4 1 3 9 5 8 7 2 
20180521851 6 3 10 5 4 8 9 1 2 7 
20180521852 9 2 3 1 10 4 5 8 6 7 
20180521853 9 2 4 8 6 7 5 10 3 1 
20180521854 7 1 6 2 5 3 4 10 8 9 
20180521855 10 8 6 4 2 3 5 7 9 1 
20180521856 4 7 9 1 2 5 6 8 10 3 
20180521857 1 4 8 3 2 9 7 5 6 10 
20180521858 6 2 7 4 5 1 9 10 8 3 
20180521859 1 7 8 5 9 2 4 6 10 3 
20180521860 4 5 6 7 2 10 9 1 8 3 
20180521861 9 5 7 1 3 10 8 2 4 6 
20180521862 4 3 7 5 6 10 8 1 2 9 
20180521863 5 3 9 2 4 6 1 10 8 7 
20180521864 4 8 5 3 9 6 2 10 1 7 
20180521865 4 5 3 9 7 2 8 6 1 10 
20180521866 9 6 4 1 10 5 3 7 2 8 
20180521867 7 5 4 6 10 3 8 2 9 1 
20180521868 4 6 2 3 7 8 1 9 5 10 
20180521869 4 3 5 6 8 1 9 7 2 10 
20180521870 9 2 1 8 10 4 7 3 6 5 
20180521871 1 2 10 7 4 3 9 5 6 8 
20180521872 9 4 2 7 8 10 6 1 5 3 
20180521873 9 4 3 8 2 5 10 6 1 7 
20180521874 10 4 8 1 6 7 5 3 2 9 
20180521875 7 3 9 6 4 5 1 2 8 10 
20180521876 9 10 7 3 2 8 5 1 6 4 
20180521877 1 4 7 5 8 10 9 6 3 2 
20180521878 8 5 10 1 6 9 7 3 4 2 
20180521879 4 1 8 7 3 5 2 6 9 10 
20180521880 4 6 7 9 10 3 8 5 2 1 
20180521881 1 5 6 4 10 3 9 7 2 8 
20180521882 2 8 10 6 3 7 9 1 5 4 
20180521883 3 7 2 4 5 9 10 6 1 8 
20180521884 8 6 10 9 1 2 4 7 3 5 
20180521885 6 1 4 3 10 2 5 9 7 8 
20180521886 10 3 2 7 9 4 5 8 1 6 
20180521887 6 3 9 5 8 7 1 10 4 2 
20180521888 3 10 5 2 8 4 1 6 9 7 
20180521889 4 3 1 10 7 2 5 6 9 8 
20180521890 3 7 2 6 9 1 8 5 4 10 
20180521891 1 5 10 8 7 6 4 9 3 2 
20180521892 9 10 1 4 2 5 3 6 7 8 
20180521893 7 5 1 4 2 10 8 9 3 6 
20180521894 6 2 3 1 10 9 8 5 7 4 
20180521895 2 7 5 10 6 9 4 8 1 3 
20180521896 7 1 8 6 3 4 5 2 9 10 
20180521897 9 6 1 3 10 7 2 8 4 5 
20180521898 3 5 7 8 6 2 9 1 4 10 
20180521899 3 1 7 4 5 6 10 8 2 9 
20180521900 7 6 5 1 9 4 8 3 2 10 
20180521901 3 10 8 7 1 5 2 9 4 6 
20180521902 9 5 7 10 6 1 8 4 3 2 
20180521903 10 1 7 9 3 4 6 8 2 5 
20180521904 4 1 6 10 2 8 5 9 3 7 
20180521905 3 8 2 1 10 9 4 6 5 7 
20180521906 6 4 7 2 9 8 3 1 5 10 
20180521907 3 8 7 5 4 6 10 1 9 2 
20180521908 10 6 3 8 5 2 4 9 1 7 
20180521909 2 3 6 4 5 8 7 9 10 1 
20180521910 10 1 4 3 5 9 8 2 7 6 
20180521911 9 5 3 10 1 2 7 8 6 4 
20180521912 10 7 4 2 9 5 6 8 3 1 
20180521913 6 4 3 9 10 1 7 5 2 8 
20180521914 2 1 8 4 6 7 10 3 5 9 
20180521915 1 2 8 4 10 6 3 5 9 7 
20180521916 8 2 9 5 1 4 7 10 6 3 
20180521917 6 3 7 1 8 2 4 10 5 9 
20180521918 3 2 1 4 8 9 10 5 6 7 
20180521919 3 1 9 2 6 8 7 10 5 4 
20180521920 3 1 6 8 7 10 4 5 2 9 
20180521921 9 10 5 6 3 8 7 2 4 1 
20180521922 9 3 2 8 7 4 1 5 6 10 
20180521923 5 9 3 4 8 7 10 1 6 2 
20180521924 6 8 4 5 9 7 1 2 10 3 
20180521925 7 3 1 10 4 9 6 5 8 2 
20180521926 9 6 2 1 10 5 3 8 4 7 
20180521927 4 5 3 8 1 6 9 7 10 2 
20180521928 1 3 7 8 6 2 9 10 4 5 
20180521929 8 5 6 10 2 1 9 7 4 3 
20180521930 1 10 5 9 4 3 2 7 6 8 
20180521931 5 3 9 8 10 6 4 1 7 2 
20180521932 3 8 5 2 7 9 1 4 10 6 
20180521933 9 2 4 7 8 1 6 10 3 5 
20180521934 4 6 10 8 3 1 5 2 7 9 
20180521935 7 8 4 1 10 3 5 2 9 6 
20180521936 5 6 9 4 7 2 3 10 8 1 
20180521937 9 7 3 2 6 10 8 1 5 4 
20180521938 4 1 10 8 3 9 5 2 6 7 
20180521939 5 3 4 8 2 7 1 10 9 6 
20180521940 10 8 4 5 1 6 9 3 7 2 
20180521941 2 1 9 7 5 3 10 6 4 8 
20180521942 4 1 9 10 3 5 6 8 7 2 
20180521943 10 8 7 9 1 4 3 6 2 5 
20180521944 6 5 10 7 4 2 9 8 3 1 
20180521945 1 4 5 3 8 7 9 2 6 10 
20180521946 8 10 3 2 4 6 5 1 7 9 
20180521947 2 9 8 5 10 6 4 1 3 7 
20180521948 1 5 3 7 2 6 10 8 4 9 
20180521949 6 5 2 4 7 1 3 8 9 10 
20180521950 3 1 10 9 2 7 8 4 6 5 
20180521951 7 2 8 6 10 5 4 9 3 1 
20180521952 9 3 8 4 2 7 1 10 5 6 
20180521953 2 1 8 4 6 10 3 7 9 5 
20180521954 1 2 4 6 9 8 5 7 10 3 
20180521955 8 3 1 9 7 5 6 10 4 2 
20180521956 2 6 10 5 4 8 7 3 1 9 
20180521957 4 1 3 10 8 9 7 5 6 2 
20180521958 8 9 6 10 1 5 7 2 3 4 
20180521959 9 1 3 2 5 4 6 7 8 10 
20180521960 3 10 2 9 5 1 7 6 4 8 
20180521961 2 8 7 5 9 4 1 6 10 3 
20180521962 6 9 4 7 1 8 2 10 5 3 
20180521963 4 9 3 1 2 5 10 8 7 6 
20180521964 4 1 6 7 3 2 10 9 8 5 
20180521965 1 8 4 3 2 5 10 6 7 9 
20180521966 1 2 3 4 9 5 7 8 6 10 
20180521967 4 6 3 10 5 1 8 9 7 2 
20180521968 9 10 8 7 2 5 6 4 1 3 
20180521969 4 10 9 2 6 3 7 8 5 1 
20180521970 9 3 5 7 8 1 2 6 10 4 
20180521971 1 7 2 4 6 9 10 5 8 3 
20180521972 5 1 6 3 7 10 9 4 2 8 
20180521973 4 8 7 2 6 5 1 3 10 9 
20180521974 5 6 2 7 3 9 8 4 1 10 
20180521975 2 5 10 7 1 9 4 8 3 6 
20180521976 4 9 7 10 5 1 8 6 2 3 
20180521977 9 4 7 10 3 2 1 8 5 6 
20180521978 10 3 5 2 1 9 6 7 8 4 
20180521979 7 8 2 9 5 1 4 6 3 10 
20180521980 3 1 4 5 8 9 6 7 2 10 
20180521981 2 10 8 4 6 7 3 1 5 9 
20180521982 4 1 9 8 5 3 7 10 6 2 
20180521983 6 1 3 9 8 10 2 4 7 5 
20180521984 6 10 1 7 2 8 9 4 3 5 
20180521985 6 10 7 9 8 5 1 3 2 4 
