20180502001 1 5 2 10 8 9 3 4 6 7 
20180502002 8 3 1 7 10 4 5 2 6 9 
20180502003 3 7 2 6 5 1 10 9 4 8 
20180502004 7 4 2 6 8 3 9 1 5 10 
20180502005 7 9 3 2 6 4 8 10 5 1 
20180502006 1 4 9 6 5 2 7 3 10 8 
20180502007 7 3 1 8 9 6 10 5 2 4 
20180502009 8 1 6 3 5 9 4 10 7 2 
20180502010 6 2 9 8 10 1 4 7 3 5 
20180502011 7 1 8 9 3 10 5 4 2 6 
20180502012 10 8 4 5 2 3 9 6 1 7 
20180502013 3 9 6 10 8 4 7 2 5 1 
20180502014 7 10 2 3 5 1 4 6 8 9 
20180502015 9 2 3 6 10 8 5 1 4 7 
20180502016 5 4 1 2 6 3 10 8 9 7 
20180502017 8 4 5 6 1 7 3 9 10 2 
20180502018 1 10 5 4 2 9 3 7 8 6 
20180502019 10 6 3 7 4 9 1 2 5 8 
20180502020 1 10 7 6 8 3 9 5 4 2 
20180502021 7 4 9 3 2 8 6 10 1 5 
20180502022 5 4 8 10 7 6 9 2 1 3 
20180502023 10 4 1 3 8 7 2 6 9 5 
20180502024 3 6 5 9 4 7 1 2 8 10 
20180502025 1 10 3 4 8 5 7 2 9 6 
20180502026 3 7 9 10 2 5 1 6 8 4 
20180502029 7 3 8 2 1 6 9 10 5 4 
20180502030 1 5 4 6 2 10 3 9 8 7 
20180502031 10 5 3 4 6 1 9 7 8 2 
20180502032 9 3 2 7 1 5 6 10 8 4 
20180502033 8 2 4 1 7 10 6 5 3 9 
20180502035 8 1 3 6 4 7 10 9 2 5 
20180502036 3 8 1 2 6 9 5 4 10 7 
20180502038 8 7 4 9 10 3 2 5 1 6 
20180502039 2 3 8 9 1 5 4 6 10 7 
20180502040 7 8 4 9 2 6 1 3 10 5 
20180502042 6 7 1 2 5 8 10 4 9 3 
20180502043 9 2 6 4 3 10 8 7 5 1 
20180502045 1 10 7 6 9 5 3 2 4 8 
20180502046 10 3 6 8 4 9 7 1 5 2 
20180502047 3 1 6 4 7 9 2 5 8 10 
20180502048 10 5 4 9 2 1 3 8 6 7 
20180502049 8 7 5 2 9 3 10 1 4 6 
20180502050 8 9 1 5 4 10 6 3 2 7 
20180502051 9 6 2 10 1 4 8 3 7 5 
20180502052 9 2 4 1 3 8 6 10 7 5 
20180502053 9 7 5 3 2 6 1 8 4 10 
20180502054 8 4 7 2 9 6 10 5 3 1 
20180502055 9 1 6 4 7 8 2 5 10 3 
20180502056 5 6 10 4 9 8 2 3 1 7 
20180502057 8 5 9 1 6 10 3 4 2 7 
20180502059 5 7 8 2 3 6 1 10 9 4 
20180502060 5 2 8 4 3 6 7 10 1 9 
20180502061 4 7 5 1 2 10 8 3 9 6 
20180502062 3 1 9 2 4 8 7 6 5 10 
20180502063 9 6 10 5 8 4 1 2 7 3 
20180502064 10 7 6 5 8 9 2 4 1 3 
20180502065 2 4 6 1 8 5 7 10 9 3 
20180502067 8 7 10 6 5 1 3 4 9 2 
20180502069 5 7 1 8 9 4 6 3 10 2 
20180502070 9 1 5 2 10 6 8 4 7 3 
20180502071 8 9 10 1 2 3 4 6 5 7 
20180502072 9 10 3 2 4 6 5 7 8 1 
20180502074 8 5 1 6 4 7 2 9 10 3 
20180502075 10 4 2 9 7 6 3 5 8 1 
20180502076 10 1 9 8 4 2 3 5 6 7 
20180502077 9 8 7 4 2 1 10 3 5 6 
20180502078 3 10 9 6 5 7 1 4 8 2 
20180502079 4 9 5 1 7 6 8 10 2 3 
20180502081 3 4 5 7 2 9 6 1 10 8 
20180502082 5 9 10 7 2 6 4 1 3 8 
20180502083 8 7 2 10 6 1 5 4 3 9 
20180502084 4 10 7 9 5 1 8 6 3 2 
20180502087 6 1 9 3 10 8 5 7 4 2 
20180502088 5 4 8 10 3 7 6 1 9 2 
20180502091 1 10 8 6 2 3 7 4 9 5 
20180502093 7 3 2 5 1 8 4 9 6 10 
20180502094 3 5 6 8 9 10 1 2 4 7 
20180502095 1 8 10 9 7 4 5 3 2 6 
20180502097 10 9 4 6 7 3 1 8 2 5 
20180502098 9 3 10 2 8 1 5 6 7 4 
20180502099 4 2 3 9 8 5 6 7 10 1 
20180502100 6 8 2 4 9 10 5 3 1 7 
20180502102 3 9 6 4 8 1 10 7 5 2 
20180502103 4 6 5 8 9 3 2 10 1 7 
20180502105 6 5 7 8 9 1 3 2 10 4 
20180502107 8 1 9 2 5 4 3 7 10 6 
20180502109 1 2 3 9 10 5 7 6 8 4 
20180502110 7 4 3 2 6 8 10 1 5 9 
20180502111 6 3 7 5 9 8 2 10 1 4 
20180502112 2 9 3 10 1 8 6 4 5 7 
20180502115 2 10 1 7 6 9 3 5 4 8 
20180502116 8 2 1 9 7 4 5 10 3 6 
20180502118 5 4 8 9 3 2 6 10 7 1 
20180502119 5 10 8 6 1 3 7 9 4 2 
20180502120 1 10 8 3 9 5 6 2 7 4 
20180502121 10 2 3 8 5 1 9 6 7 4 
20180502122 4 10 5 7 9 1 2 6 8 3 
20180502123 8 7 3 6 5 9 10 1 4 2 
20180502124 5 6 2 1 7 9 10 8 3 4 
20180502125 4 5 6 2 9 10 1 8 7 3 
20180502126 1 9 4 6 10 8 2 3 5 7 
20180502127 2 6 4 1 5 3 9 7 8 10 
20180502128 3 6 2 7 5 4 10 8 1 9 
20180502034 10 6 3 8 7 2 1 4 5 9 
20180502027 10 4 3 9 2 8 1 7 6 5 
20180502131 6 8 2 9 3 4 10 1 7 5 
20180502132 5 8 7 4 1 9 2 10 6 3 
20180502133 10 4 2 3 5 6 8 1 7 9 
20180502134 8 3 6 9 1 10 2 7 5 4 
20180502135 9 10 4 1 3 2 6 7 5 8 
20180502137 9 1 5 8 3 4 10 6 2 7 
20180502138 2 4 6 3 7 1 8 9 5 10 
20180502139 5 10 2 8 6 4 7 3 1 9 
20180502140 9 10 2 1 8 3 7 6 4 5 
20180502141 4 1 3 8 9 2 5 6 7 10 
20180502142 9 2 7 3 8 6 4 5 1 10 
20180502144 6 10 5 9 2 8 7 1 3 4 
20180502145 3 4 8 10 6 5 7 1 9 2 
20180502147 5 10 3 7 2 4 6 1 9 8 
20180502151 5 6 8 9 2 3 4 1 10 7 
20180502153 4 7 8 1 3 9 2 10 6 5 
20180502155 8 9 10 6 7 1 2 4 3 5 
20180502156 4 8 10 1 3 7 5 2 9 6 
20180502157 6 1 5 2 10 8 3 4 9 7 
20180502162 3 9 8 1 2 4 5 7 6 10 
20180502163 5 6 7 10 1 3 9 8 4 2 
20180502166 3 6 7 5 1 9 10 4 8 2 
20180502167 7 8 4 2 10 3 6 9 1 5 
20180502168 6 5 10 2 7 9 1 4 3 8 
20180502169 6 7 1 5 4 3 9 10 8 2 
20180502170 5 10 4 2 3 9 8 6 1 7 
20180502171 1 4 7 5 9 2 8 6 3 10 
20180502172 3 7 8 4 2 6 5 10 9 1 
20180502173 7 2 10 6 1 8 5 4 9 3 
20180502174 1 5 2 4 6 8 10 9 3 7 
20180502175 2 8 3 6 9 4 5 7 1 10 
20180502176 5 7 10 1 8 2 4 3 9 6 
20180502177 5 1 4 2 7 6 3 8 9 10 
20180502178 8 9 5 4 1 6 2 3 7 10 
20180502179 7 8 9 4 2 5 3 10 1 6 
20180502180 8 2 1 10 4 9 3 6 5 7 
20180502181 8 1 2 6 3 4 9 10 7 5 
20180502182 4 1 10 2 8 9 6 5 3 7 
20180502183 10 2 5 4 1 6 7 9 8 3 
20180502184 10 4 6 3 7 2 8 5 1 9 
20180502186 5 6 7 1 4 10 8 2 3 9 
20180502187 1 7 5 6 3 9 4 2 8 10 
20180502188 8 6 9 4 1 3 5 2 7 10 
20180502189 2 6 7 1 9 10 4 8 5 3 
20180502190 4 3 2 1 7 8 5 6 10 9 
20180502191 1 3 10 7 5 2 4 6 9 8 
20180502193 1 10 7 8 6 2 9 5 3 4 
20180502195 8 4 3 10 2 6 7 9 5 1 
20180502196 7 6 2 9 8 10 3 1 5 4 
20180502197 2 9 5 4 6 1 10 7 3 8 
20180502198 10 4 9 7 2 6 8 3 5 1 
20180502199 4 8 5 6 10 1 7 3 2 9 
20180502200 2 9 1 4 3 7 6 10 5 8 
20180502201 9 10 4 2 1 8 7 6 3 5 
20180502202 8 10 6 3 7 9 1 5 4 2 
20180502203 5 7 1 2 6 4 8 9 3 10 
20180502204 9 6 2 1 10 8 7 5 3 4 
20180502205 6 5 10 1 8 4 2 3 9 7 
20180502207 3 2 4 9 7 1 5 10 6 8 
20180502208 8 5 9 6 7 10 3 1 2 4 
20180502209 10 5 4 3 8 7 2 1 9 6 
20180502210 4 1 2 9 10 8 7 3 5 6 
20180502211 5 10 1 4 6 7 2 8 9 3 
20180502212 7 9 8 4 3 10 2 1 6 5 
20180502213 8 3 9 1 6 5 4 2 7 10 
20180502214 3 9 1 8 2 6 7 10 5 4 
20180502215 6 3 7 8 4 9 5 2 1 10 
20180502216 7 5 10 8 9 3 2 4 1 6 
20180502217 4 9 8 7 3 5 6 1 2 10 
20180502219 9 3 5 10 4 6 8 7 2 1 
20180502220 6 7 4 9 5 3 10 2 1 8 
20180502222 10 2 6 9 1 3 4 5 8 7 
20180502223 8 2 7 4 1 9 5 3 10 6 
20180502224 7 3 1 2 8 5 6 9 4 10 
20180502225 9 3 8 10 2 1 4 7 5 6 
20180502226 10 7 8 5 4 2 3 9 1 6 
20180502227 1 2 5 4 6 3 10 9 8 7 
20180502229 10 7 2 8 6 1 4 5 9 3 
20180502230 2 7 3 1 9 6 10 4 8 5 
20180502231 8 3 2 7 6 4 1 9 10 5 
20180502233 6 8 2 1 10 9 4 3 7 5 
20180502237 3 7 5 4 9 2 6 10 1 8 
20180502239 9 3 6 8 7 1 4 2 10 5 
20180502240 5 4 8 10 7 9 3 2 6 1 
20180501783 3 9 2 8 7 4 6 10 5 1 
20180501798 6 8 7 2 1 3 9 4 10 5 
20180502241 9 8 3 7 2 4 1 10 5 6 
20180502246 10 5 3 2 8 4 1 6 9 7 
20180502247 3 8 7 2 9 10 6 5 4 1 
20180502108 2 8 10 3 1 5 6 7 4 9 
20180502248 3 9 7 10 4 1 8 5 2 6 
20180502249 1 9 10 7 2 3 8 4 5 6 
20180502250 2 9 4 3 10 8 6 1 7 5 
20180502160 4 3 9 8 10 1 2 5 7 6 
20180502251 7 8 5 4 9 3 1 2 10 6 
20180502192 5 3 6 4 7 1 9 2 8 10 
20180502252 7 2 1 5 6 4 10 9 8 3 
20180502253 2 9 6 4 10 5 1 8 3 7 
20180502254 5 8 2 7 6 4 3 10 1 9 
20180502255 8 4 5 10 9 1 3 7 2 6 
20180502256 1 6 5 2 10 4 7 9 3 8 
20180501804 10 2 4 7 9 6 5 3 8 1 
20180501807 2 1 9 6 3 10 5 4 7 8 
20180502257 3 8 6 9 5 2 7 4 10 1 
20180502258 6 1 9 2 5 10 7 3 8 4 
20180501887 10 5 6 9 1 3 8 7 4 2 
20180501869 1 5 7 9 2 3 4 8 10 6 
20180502008 5 1 7 6 4 9 2 10 3 8 
20180501889 7 1 3 6 10 4 8 5 9 2 
20180502161 2 4 5 8 3 10 6 7 1 9 
20180502159 2 9 5 4 3 7 10 6 8 1 
20180502260 9 5 3 1 6 10 4 2 7 8 
20180501911 6 3 10 7 9 5 8 2 1 4 
20180502261 2 7 8 10 5 9 4 3 6 1 
20180501948 9 10 3 8 5 1 6 7 2 4 
20180502238 3 9 5 7 6 2 4 8 1 10 
20180501933 5 3 6 7 4 2 1 10 8 9 
20180502236 3 9 5 7 6 2 4 8 1 10 
20180502262 6 2 5 7 3 8 10 9 1 4 
20180501955 6 8 9 1 2 10 7 3 4 5 
20180502028 3 5 6 2 10 1 4 7 9 8 
20180502235 8 9 1 5 6 3 2 7 10 4 
20180502234 8 6 7 4 3 2 1 5 10 9 
20180502263 5 2 9 3 6 1 7 4 10 8 
20180502232 8 4 5 3 1 2 7 6 9 10 
20180502066 7 3 6 2 5 4 1 10 9 8 
20180502228 9 6 4 1 3 10 8 5 7 2 
20180502164 2 8 9 5 7 10 3 1 6 4 
20180502264 1 7 5 2 9 6 3 4 10 8 
20180502221 3 1 7 8 6 5 2 9 4 10 
20180501826 2 6 8 7 3 1 4 5 9 10 
20180501651 2 6 1 10 9 5 4 7 8 3 
20180502265 10 7 5 3 1 4 6 2 9 8 
20180502218 4 7 6 9 1 2 3 10 8 5 
20180502206 7 3 1 9 6 5 8 10 4 2 
20180502266 4 10 8 3 2 1 7 9 5 6 
20180502194 8 10 4 1 6 3 7 9 2 5 
20180502185 7 5 6 9 1 10 3 8 2 4 
20180502041 8 4 7 5 9 1 10 6 2 3 
20180502165 6 1 9 5 8 4 2 10 3 7 
20180502089 4 6 5 9 7 1 10 2 3 8 
20180502267 4 9 6 3 7 8 1 10 2 5 
20180502158 9 7 10 8 5 1 2 4 3 6 
20180502154 3 8 6 2 10 5 4 9 1 7 
20180502149 9 10 2 1 8 5 7 6 4 3 
20180502268 4 9 10 3 1 7 8 5 6 2 
20180502152 1 10 7 5 9 2 4 8 6 3 
20180502148 4 2 6 7 9 1 10 5 3 8 
20180502150 9 2 10 8 6 4 3 5 1 7 
20180502146 9 6 5 10 7 2 3 8 1 4 
20180502269 8 7 6 2 5 1 3 9 10 4 
20180502143 4 2 5 7 6 9 1 10 8 3 
20180502136 4 3 10 1 2 8 7 5 6 9 
20180502104 9 4 8 5 1 6 3 10 7 2 
20180502130 2 6 1 10 9 7 4 5 3 8 
20180502270 6 3 9 7 1 10 2 8 5 4 
20180502129 1 5 7 2 9 8 6 4 3 10 
20180502092 6 7 4 3 10 1 2 5 9 8 
20180502117 2 6 4 8 1 5 7 9 3 10 
20180502271 6 2 8 4 5 7 1 9 3 10 
20180502114 9 3 1 5 10 4 6 8 2 7 
20180502106 9 8 10 4 6 7 2 1 3 5 
20180502272 8 10 5 7 3 2 6 1 9 4 
20180502085 5 9 7 1 2 3 8 6 10 4 
20180502058 4 3 5 10 9 6 1 2 8 7 
20180502273 2 5 10 6 8 7 9 3 4 1 
20180502073 10 4 3 5 9 7 2 8 1 6 
20180502242 9 5 8 2 6 7 1 10 4 3 
20180502243 8 4 10 7 2 9 6 1 5 3 
20180502044 8 7 10 3 2 1 4 6 5 9 
20180502274 10 6 4 3 7 2 1 8 5 9 
20180502037 2 4 8 5 7 6 9 3 1 10 
20180502275 6 9 1 5 8 3 7 10 4 2 
20180501871 6 7 3 4 9 5 10 8 1 2 
20180502080 2 6 5 1 9 10 8 4 7 3 
20180502245 8 3 4 7 5 10 1 2 6 9 
20180502090 1 6 7 8 3 10 2 4 9 5 
20180502276 4 2 7 3 6 8 10 1 5 9 
20180502068 2 3 6 10 8 9 4 5 7 1 
20180501931 2 9 10 7 5 3 8 6 4 1 
20180501897 8 5 9 6 4 10 2 1 3 7 
20180502277 7 1 3 6 4 9 5 8 2 10 
20180501846 9 5 10 3 1 7 4 6 2 8 
20180501907 10 7 5 8 2 1 9 4 3 6 
20180502113 3 4 2 1 10 7 9 6 5 8 
20180501881 8 5 9 1 4 2 7 6 3 10 
20180502101 9 10 6 1 3 5 2 4 7 8 
20180502278 8 9 7 4 2 3 1 6 10 5 
20180502086 5 3 10 7 6 9 8 4 1 2 
20180502096 10 5 9 7 8 2 4 6 3 1 
20180501967 10 6 9 1 8 7 4 2 3 5 
20180501773 7 10 8 2 1 6 3 9 5 4 
20180501817 8 6 3 10 9 1 2 7 4 5 
20180502279 2 6 9 7 8 1 4 5 3 10 
20180502280 4 9 1 7 2 3 10 5 6 8 
20180502281 2 1 8 9 10 6 7 3 4 5 
20180502282 3 5 7 8 10 1 6 2 4 9 
20180502283 5 9 8 3 6 4 7 1 2 10 
20180502284 8 5 6 1 7 4 2 10 3 9 
20180502285 10 1 4 2 9 3 7 8 5 6 
20180502286 9 5 8 4 1 7 10 6 3 2 
20180502287 3 1 6 5 7 8 2 4 9 10 
20180502288 7 5 2 6 9 8 1 3 10 4 
20180502289 1 2 8 3 9 10 5 7 4 6 
20180502290 4 10 2 5 7 6 8 3 1 9 
20180502291 4 10 6 2 7 5 3 8 9 1 
20180502292 4 1 10 3 8 5 9 6 7 2 
20180502293 8 6 1 5 2 7 3 9 4 10 
20180502294 1 5 2 7 3 8 4 10 6 9 
20180502295 1 10 8 7 5 4 3 6 9 2 
20180502296 9 4 6 2 3 7 8 1 10 5 
20180502297 10 9 1 5 7 6 2 4 3 8 
20180502298 5 6 1 9 2 10 7 3 4 8 
20180502299 6 5 8 9 10 3 4 2 7 1 
20180502300 1 7 3 10 9 5 2 4 8 6 
20180502301 6 2 3 5 7 4 10 1 8 9 
20180502302 9 3 1 5 8 7 6 2 4 10 
20180502303 5 8 4 9 2 3 10 7 1 6 
20180502304 7 5 3 4 10 8 2 1 6 9 
20180502305 8 4 6 1 9 5 7 10 2 3 
20180502306 8 10 9 7 5 4 3 2 1 6 
20180502307 8 7 3 2 6 9 5 10 1 4 
20180502308 4 5 6 7 3 1 2 8 9 10 
20180502309 9 7 1 3 10 6 8 2 5 4 
20180502310 6 1 3 4 8 5 10 9 7 2 
20180502311 6 10 7 5 2 9 8 4 3 1 
20180502312 6 2 10 9 4 3 1 5 8 7 
20180502313 2 9 7 8 10 6 5 1 4 3 
20180502314 4 1 5 10 8 9 7 2 3 6 
20180502315 10 1 2 3 6 4 7 8 5 9 
20180502316 6 8 5 1 3 9 4 10 7 2 
20180502317 5 6 7 2 9 8 3 4 10 1 
20180502318 1 8 5 10 9 6 2 3 7 4 
20180502319 9 2 4 8 10 6 5 3 1 7 
20180502320 7 1 8 2 9 10 3 5 6 4 
20180502321 3 6 10 5 2 9 1 8 7 4 
20180502322 2 3 9 6 4 7 8 1 5 10 
20180502323 5 6 4 3 8 2 10 9 7 1 
20180502324 4 1 9 5 7 3 2 10 6 8 
20180502325 9 7 6 4 1 8 10 2 5 3 
20180502326 3 9 8 10 7 5 6 1 2 4 
20180502327 7 5 6 9 3 1 2 10 8 4 
20180502328 8 10 3 1 6 9 7 5 2 4 
20180502329 6 9 10 8 3 2 5 7 1 4 
20180502330 3 4 8 5 10 1 6 2 9 7 
20180502331 5 1 7 2 9 3 10 4 6 8 
20180502332 7 8 6 5 4 9 3 2 10 1 
20180502333 1 2 10 3 4 7 6 8 9 5 
20180502334 7 4 6 9 10 2 1 8 5 3 
20180502335 1 8 10 4 3 7 9 6 5 2 
20180502336 2 4 1 7 8 5 3 6 10 9 
20180502337 3 2 10 8 1 7 6 9 5 4 
20180502338 6 1 4 7 2 5 8 10 3 9 
20180502339 7 10 2 9 5 6 1 4 3 8 
20180502340 3 5 9 7 4 8 6 10 1 2 
20180502341 5 8 3 2 6 10 1 7 9 4 
20180502342 10 2 8 9 4 1 5 6 3 7 
20180502343 2 7 5 1 4 3 6 9 10 8 
20180502344 2 5 3 7 6 4 10 9 8 1 
20180502345 1 6 3 10 9 2 7 4 8 5 
20180502346 7 10 2 1 3 8 9 6 5 4 
20180502347 8 3 7 9 6 4 10 2 1 5 
20180502348 4 7 6 1 9 10 5 8 2 3 
20180502349 6 4 10 1 2 9 5 7 8 3 
20180502350 4 5 10 1 2 8 6 7 3 9 
20180502351 7 2 5 1 6 8 3 4 10 9 
20180502352 9 8 6 4 7 3 10 2 1 5 
20180502353 3 10 9 8 2 5 4 6 7 1 
20180502354 7 2 5 10 9 1 4 8 6 3 
20180502355 9 7 6 2 10 4 8 3 1 5 
20180502356 6 4 1 5 2 9 7 3 10 8 
20180502357 10 6 1 7 2 4 5 3 8 9 
20180502358 10 2 7 4 6 3 1 9 5 8 
20180502359 4 9 10 5 1 6 3 2 7 8 
20180502360 2 9 4 5 10 1 3 7 8 6 
20180502361 7 3 6 10 1 9 8 5 2 4 
20180502362 2 9 4 3 7 5 6 1 10 8 
20180502363 4 5 10 8 9 6 3 7 1 2 
20180502364 7 9 5 8 2 3 1 6 4 10 
20180502365 4 7 3 8 1 10 9 5 2 6 
20180502366 2 6 3 5 10 8 7 1 4 9 
20180502367 2 1 4 6 9 3 8 10 5 7 
20180502368 5 10 2 1 3 6 9 8 7 4 
20180502369 1 10 8 5 9 6 4 3 7 2 
20180502370 9 4 7 6 2 5 8 10 3 1 
20180502371 7 10 4 2 6 1 3 5 9 8 
20180502372 8 5 3 9 7 2 6 4 1 10 
20180502373 7 4 10 2 1 3 5 8 6 9 
20180502374 8 6 5 4 3 2 10 1 9 7 
20180502375 10 9 6 7 5 3 4 2 1 8 
20180502376 9 10 7 4 6 3 5 8 2 1 
20180502377 4 8 10 9 3 6 5 7 2 1 
20180502378 9 1 8 6 7 4 2 3 5 10 
20180502379 10 3 1 6 4 9 5 2 8 7 
20180502380 4 5 1 3 8 2 7 9 10 6 
20180502381 1 10 3 4 7 5 6 9 8 2 
20180502382 4 10 9 3 6 7 2 8 1 5 
20180502383 6 7 1 2 9 8 3 4 5 10 
20180502384 1 5 6 10 8 3 7 2 9 4 
20180502385 7 1 9 3 8 6 5 4 10 2 
20180502386 3 8 6 7 4 10 9 5 2 1 
20180502387 6 7 9 4 8 1 3 5 2 10 
20180502388 1 3 5 4 7 9 2 6 8 10 
20180502389 1 8 9 10 2 6 7 3 4 5 
20180502390 6 1 8 10 3 4 7 2 5 9 
20180502391 10 5 9 7 6 8 2 1 4 3 
20180502392 7 10 1 2 3 9 8 5 4 6 
20180502393 8 4 6 5 1 10 2 9 7 3 
20180502394 7 10 1 2 6 5 4 3 8 9 
20180502395 3 2 10 4 7 6 1 8 5 9 
20180502396 9 5 7 2 8 6 4 1 10 3 
20180502397 1 5 3 2 4 7 9 6 10 8 
20180502398 4 6 3 1 9 7 8 10 2 5 
20180502399 2 10 9 8 3 1 5 4 7 6 
20180502400 9 2 6 1 4 5 10 7 3 8 
20180502401 8 1 2 3 5 7 9 10 4 6 
20180502402 1 6 9 5 2 3 10 8 7 4 
20180502403 1 2 8 6 10 7 4 3 5 9 
20180502404 1 9 3 6 8 4 2 10 5 7 
20180502405 2 5 8 4 1 6 10 9 3 7 
20180502406 7 2 1 5 8 3 9 6 4 10 
20180502407 7 10 6 9 2 8 3 4 5 1 
20180502408 9 8 10 3 6 5 2 7 1 4 
20180502409 8 1 9 2 3 7 4 10 5 6 
20180502410 3 1 5 6 8 10 9 7 2 4 
20180502411 1 3 5 10 7 2 4 6 8 9 
20180502412 9 8 10 3 4 2 5 6 1 7 
20180502413 1 5 6 10 7 3 8 4 9 2 
20180502414 6 10 3 2 5 4 9 8 1 7 
20180502415 4 6 2 7 5 1 8 10 9 3 
20180502416 1 8 9 3 5 2 6 4 10 7 
20180502417 1 9 2 7 3 6 8 4 5 10 
20180502418 9 4 2 10 8 5 6 1 3 7 
20180502419 4 7 8 2 9 3 6 10 5 1 
20180502420 5 10 2 1 4 9 6 3 7 8 
20180502421 2 3 10 4 6 5 9 8 7 1 
20180502422 7 5 10 8 6 3 4 1 2 9 
20180502423 10 9 1 8 2 7 5 4 6 3 
20180502424 10 2 8 3 7 6 5 4 1 9 
20180502425 5 4 7 9 8 10 2 1 3 6 
20180502426 10 9 2 7 1 5 3 6 8 4 
20180502427 8 5 9 10 7 3 4 2 6 1 
20180502428 10 4 2 1 6 7 9 8 5 3 
20180502429 10 6 8 5 2 3 1 9 4 7 
20180502430 9 1 4 8 3 5 2 6 10 7 
20180502431 7 1 9 6 10 8 3 5 2 4 
20180502432 2 7 6 1 3 9 8 4 10 5 
20180502433 3 7 4 8 1 9 10 6 5 2 
20180502434 5 6 10 4 3 9 1 2 8 7 
20180502435 4 3 7 1 5 6 8 10 2 9 
20180502436 2 4 6 9 3 10 8 1 5 7 
20180502437 10 1 5 2 3 4 6 9 7 8 
20180502438 6 8 5 10 4 9 7 2 1 3 
20180502439 9 8 3 2 4 1 7 5 6 10 
20180502440 4 9 10 2 1 7 5 6 3 8 
20180502441 2 8 4 1 7 10 9 3 6 5 
20180502442 4 1 2 8 7 3 10 6 5 9 
20180502443 7 1 4 9 6 3 8 2 5 10 
20180502444 8 3 4 6 5 2 9 10 7 1 
20180502445 3 8 1 2 10 6 5 7 9 4 
20180502446 2 1 7 8 6 5 3 4 10 9 
20180502447 3 7 5 1 2 6 4 8 10 9 
20180502448 9 10 2 6 8 5 4 1 7 3 
20180502449 9 6 4 1 2 7 8 5 10 3 
20180502450 9 1 8 5 2 6 7 10 4 3 
20180502451 6 5 4 8 10 3 7 2 1 9 
20180502452 8 1 5 9 7 3 6 2 10 4 
20180502453 10 4 8 1 3 5 6 2 7 9 
20180502454 1 9 4 6 2 10 8 7 3 5 
20180502455 2 3 4 8 10 5 7 9 6 1 
20180502456 9 5 1 8 3 6 10 2 4 7 
20180502457 5 3 4 9 6 8 10 2 1 7 
20180502458 4 3 8 9 5 1 2 6 7 10 
20180502459 6 10 1 2 3 9 7 4 8 5 
20180502460 2 1 8 9 5 3 10 7 4 6 
20180502461 2 7 3 1 6 9 4 10 8 5 
20180502462 2 5 10 1 7 6 8 3 4 9 
20180502463 1 5 8 7 2 9 4 3 10 6 
20180502464 9 10 4 3 2 8 5 6 1 7 
20180502465 8 6 5 10 1 9 3 2 4 7 
20180502466 8 10 2 6 7 1 4 5 3 9 
20180502467 3 4 9 2 8 5 6 10 1 7 
20180502468 7 3 8 9 1 6 2 4 10 5 
20180502469 2 4 5 1 10 6 9 3 7 8 
20180502470 7 6 5 8 4 1 2 3 9 10 
20180502471 4 7 8 10 6 1 2 3 5 9 
20180502472 2 4 5 9 1 10 8 3 7 6 
20180502473 3 4 6 9 2 5 1 8 7 10 
20180502474 3 5 1 4 9 10 8 7 6 2 
20180502475 1 9 8 5 7 6 10 2 3 4 
20180502476 9 2 10 3 7 8 1 6 4 5 
20180502477 1 4 7 10 3 2 8 6 9 5 
20180502478 4 9 10 1 7 8 6 5 3 2 
20180502479 3 10 2 8 9 6 7 1 4 5 
20180502480 1 2 4 3 10 5 7 6 8 9 
20180502481 9 2 6 4 1 5 8 3 10 7 
20180502482 9 2 4 10 8 7 5 3 1 6 
20180502483 1 4 6 10 8 9 3 7 5 2 
20180502484 2 4 9 5 7 10 3 8 1 6 
20180502485 7 1 9 5 10 8 4 3 2 6 
20180502486 1 3 4 10 8 2 5 7 9 6 
20180502487 7 9 5 10 1 8 2 6 4 3 
20180502488 8 10 3 2 5 6 4 1 7 9 
20180502489 4 9 8 1 2 7 10 3 5 6 
20180502490 4 1 8 9 10 5 3 7 2 6 
20180502491 5 7 3 1 10 2 4 8 9 6 
20180502492 8 5 4 2 1 10 3 6 9 7 
20180502493 10 2 4 7 5 8 9 6 3 1 
20180502494 5 8 9 10 1 6 7 2 4 3 
20180502495 3 8 4 6 9 5 10 1 7 2 
20180502496 6 7 2 1 8 10 4 3 9 5 
20180502497 2 10 4 1 5 6 9 3 8 7 
20180502498 6 7 9 2 3 4 8 1 10 5 
20180502499 10 2 3 8 5 7 9 4 1 6 
20180502500 3 8 2 1 9 7 5 6 10 4 
20180502501 1 10 7 2 6 4 3 8 9 5 
20180502502 9 4 3 5 6 7 2 10 1 8 
20180502503 9 7 6 3 2 8 10 5 4 1 
20180502504 7 8 10 3 9 2 4 6 5 1 
20180502505 6 7 3 9 2 4 5 8 1 10 
20180502506 2 4 6 7 10 8 3 9 5 1 
20180502507 3 9 10 1 6 5 2 7 4 8 
20180502508 4 5 8 7 2 1 10 6 9 3 
20180502509 10 7 6 8 3 1 5 9 2 4 
20180502510 9 8 3 10 7 4 1 6 5 2 
20180502511 5 8 7 6 9 1 10 4 3 2 
20180502512 5 8 1 9 2 3 10 7 6 4 
20180502513 4 1 10 6 2 8 7 9 5 3 
20180502514 1 3 10 4 5 2 9 6 7 8 
20180502515 1 3 8 10 4 7 5 2 9 6 
20180502516 4 10 8 2 7 9 1 5 3 6 
20180502517 4 7 2 3 6 5 9 8 1 10 
20180502518 3 10 2 5 4 6 7 9 8 1 
20180502519 6 5 4 2 7 8 10 9 3 1 
20180502520 9 7 3 1 8 6 10 5 2 4 
20180502521 9 4 5 7 3 1 8 6 2 10 
20180502522 5 6 9 7 8 1 10 4 2 3 
20180502523 8 2 9 4 6 3 7 5 10 1 
20180502524 3 2 9 5 4 10 6 7 8 1 
20180502525 1 9 4 10 7 5 6 8 3 2 
20180502526 2 10 1 5 8 9 6 3 7 4 
20180502527 9 6 4 5 2 1 8 10 3 7 
20180502528 4 9 7 8 3 1 6 5 2 10 
20180502529 2 5 7 8 9 3 1 6 4 10 
20180502530 9 10 1 8 3 4 7 2 5 6 
20180502531 3 8 2 6 9 7 4 5 1 10 
20180502532 2 9 6 4 10 1 8 3 7 5 
20180502533 7 6 9 1 10 2 3 8 5 4 
20180502534 6 8 2 7 3 1 9 4 10 5 
20180502535 10 1 2 8 4 6 9 3 5 7 
20180502536 4 6 9 10 3 2 1 7 5 8 
20180502537 3 2 8 6 5 1 9 7 10 4 
20180502538 9 6 8 4 1 5 2 7 10 3 
20180502539 6 1 3 7 10 5 9 2 4 8 
20180502540 4 5 10 7 6 2 8 9 1 3 
20180502541 9 8 4 6 2 7 3 5 10 1 
20180502542 2 1 4 7 3 9 8 6 5 10 
20180502543 4 5 7 10 3 8 9 6 1 2 
20180502544 9 1 3 6 2 7 4 8 10 5 
20180502545 3 9 4 6 8 10 7 5 2 1 
20180502546 6 10 7 3 2 9 5 1 4 8 
20180502547 4 7 8 9 10 2 6 5 3 1 
20180502548 3 1 5 7 10 6 4 9 8 2 
20180502549 8 3 1 6 4 9 2 7 10 5 
20180502550 3 1 7 10 5 4 9 2 8 6 
20180502551 7 3 2 6 10 4 9 1 5 8 
20180502552 7 10 5 4 9 3 8 6 1 2 
20180502553 10 8 7 2 9 3 1 6 5 4 
20180502554 8 2 9 7 5 3 10 6 4 1 
20180502555 9 1 4 10 6 8 5 2 3 7 
20180502556 7 9 2 3 10 4 5 1 6 8 
20180502557 7 1 9 3 8 10 4 5 2 6 
20180502558 9 4 5 2 6 8 7 1 3 10 
20180502559 9 4 2 10 1 8 5 3 7 6 
20180502560 4 9 8 5 6 10 7 1 2 3 
20180502561 7 1 10 3 5 8 9 2 4 6 
20180502562 7 8 1 6 4 10 2 3 5 9 
20180502563 9 6 4 8 3 7 2 10 1 5 
20180502564 4 1 2 10 3 7 5 8 6 9 
20180502565 5 9 10 6 1 7 2 4 3 8 
20180502566 6 2 4 1 7 9 10 8 3 5 
20180502567 9 4 7 6 5 10 3 1 2 8 
20180502568 1 4 10 9 3 5 7 8 6 2 
20180502569 10 2 4 1 7 9 5 6 3 8 
20180502570 6 7 3 4 9 8 5 2 1 10 
20180502571 3 6 2 9 1 7 5 10 4 8 
20180502572 8 4 5 10 2 9 3 6 1 7 
20180502573 6 10 3 7 2 4 9 1 8 5 
20180502574 4 9 2 3 6 1 7 10 8 5 
20180502575 4 1 2 9 3 5 7 6 10 8 
20180502576 9 5 3 8 6 10 7 1 4 2 
20180502577 7 1 9 2 4 10 8 6 5 3 
20180502578 1 8 5 7 6 3 4 2 9 10 
20180502579 3 7 6 1 5 9 8 2 10 4 
20180502580 8 5 9 6 7 4 3 1 10 2 
20180502581 2 7 10 1 6 4 3 5 9 8 
20180502582 9 10 2 8 6 7 1 3 5 4 
20180502583 3 6 4 10 5 8 2 1 7 9 
20180502584 2 9 8 4 10 1 3 7 5 6 
20180502585 2 7 4 6 9 5 3 8 10 1 
20180502586 5 9 6 8 1 3 10 4 7 2 
20180502587 1 2 8 5 9 4 3 6 7 10 
20180502588 7 8 6 5 1 10 9 3 2 4 
20180502589 1 9 8 6 10 7 3 5 2 4 
20180502590 9 7 8 6 1 5 3 2 10 4 
20180502591 2 4 9 3 7 6 8 5 10 1 
20180502592 3 9 4 1 7 6 8 2 5 10 
20180502593 4 6 5 8 1 3 7 10 2 9 
20180502594 5 3 1 6 4 7 2 8 10 9 
20180502595 9 1 3 2 10 6 7 8 5 4 
20180502596 6 9 5 3 1 2 4 8 10 7 
20180502597 7 1 8 5 2 3 6 10 9 4 
20180502598 8 4 3 10 6 5 1 2 9 7 
20180502599 8 9 2 10 3 7 1 6 4 5 
20180502600 9 1 3 10 6 4 5 2 7 8 
20180502601 8 7 3 9 6 1 2 4 5 10 
20180502602 2 8 5 1 3 9 6 10 4 7 
20180502603 3 5 10 7 2 6 8 9 4 1 
20180502604 3 8 5 9 4 1 10 2 7 6 
20180502605 7 8 6 1 9 3 2 5 10 4 
20180502606 9 1 4 5 2 7 10 6 3 8 
20180502607 10 8 1 4 9 6 3 7 2 5 
20180502608 4 8 6 2 10 5 1 3 9 7 
20180502609 1 8 9 5 6 7 2 3 10 4 
20180502610 9 4 6 10 3 5 1 2 8 7 
20180502611 10 4 7 6 1 2 3 5 9 8 
20180502612 2 7 5 10 3 6 1 4 9 8 
20180502613 5 4 3 10 1 9 7 2 6 8 
20180502614 10 8 9 4 6 5 7 1 2 3 
20180502615 7 10 6 9 2 5 1 4 8 3 
20180502616 4 3 1 7 9 6 2 8 5 10 
20180502617 3 2 7 1 10 9 4 6 8 5 
20180502618 4 1 3 9 5 8 10 2 6 7 
20180502619 6 7 1 8 5 4 10 2 3 9 
20180502620 8 3 7 5 2 1 9 10 4 6 
20180502621 2 7 6 9 8 1 5 3 4 10 
20180502622 8 10 7 4 5 3 6 9 2 1 
20180502623 1 7 6 2 5 3 4 10 9 8 
20180502624 9 4 3 7 1 6 5 10 2 8 
20180502625 2 4 7 3 8 5 1 6 10 9 
20180502626 6 5 9 3 4 1 10 8 7 2 
20180502627 5 9 10 2 4 1 3 7 8 6 
20180502628 2 9 3 4 7 1 8 10 5 6 
20180502629 2 6 3 5 1 4 7 8 9 10 
20180502630 5 2 3 1 6 7 4 8 9 10 
20180502631 9 6 10 1 7 4 5 3 2 8 
20180502632 6 9 10 2 3 8 7 1 4 5 
20180502633 4 1 5 3 6 8 2 10 9 7 
20180502634 3 7 4 2 10 5 1 6 8 9 
20180502635 4 10 5 1 2 9 8 7 6 3 
20180502636 10 7 1 3 2 6 9 8 5 4 
20180502637 2 9 7 6 1 5 3 10 8 4 
20180502638 1 2 4 3 7 5 6 8 9 10 
20180502639 9 10 8 3 1 6 4 5 2 7 
20180502640 3 2 8 9 4 1 6 7 10 5 
20180502641 9 5 10 7 3 4 6 2 1 8 
20180502642 5 6 8 9 3 2 1 4 7 10 
20180502643 4 6 3 2 10 1 8 9 5 7 
20180502644 2 9 4 1 8 10 7 5 3 6 
20180502645 4 10 7 1 6 2 9 8 3 5 
20180502646 10 2 5 3 4 1 6 8 9 7 
20180502647 1 4 6 10 5 9 7 8 2 3 
20180502648 2 5 4 1 9 7 10 3 8 6 
20180502649 8 10 4 9 2 5 6 1 7 3 
20180502650 9 5 1 2 6 8 10 4 3 7 
20180502651 10 4 8 7 9 6 2 5 1 3 
20180502652 7 5 1 6 9 8 4 2 3 10 
20180502653 5 2 9 4 10 1 6 3 7 8 
20180502654 8 9 4 1 7 5 2 10 6 3 
20180502655 6 10 3 9 7 4 8 2 1 5 
20180502656 5 1 8 7 9 10 6 3 2 4 
20180502657 3 4 8 6 1 10 7 9 5 2 
20180502658 6 8 2 1 5 9 10 7 4 3 
20180502659 2 9 4 5 10 8 7 6 1 3 
20180502660 8 2 10 7 5 1 6 9 4 3 
20180502661 9 4 7 2 8 1 5 3 10 6 
20180502662 2 7 1 6 9 10 3 8 4 5 
20180502663 7 10 5 1 2 3 4 8 9 6 
20180502664 3 5 2 8 1 9 6 10 7 4 
20180502665 9 1 2 4 5 3 10 6 8 7 
20180502666 2 9 4 8 10 3 6 5 1 7 
20180502667 8 7 1 6 10 4 2 3 5 9 
20180502668 3 10 4 8 1 2 9 5 6 7 
20180502669 1 4 7 10 9 6 2 8 3 5 
20180502670 7 3 10 1 8 6 5 4 9 2 
20180502671 8 3 10 6 4 2 9 5 7 1 
20180502672 6 9 1 8 4 7 3 2 5 10 
20180502673 10 5 2 1 4 8 9 6 3 7 
20180502674 9 3 1 4 6 7 10 2 8 5 
20180502675 3 7 10 1 2 6 8 5 9 4 
20180502676 5 3 6 10 4 2 7 9 1 8 
20180502677 2 9 4 7 8 5 3 10 6 1 
20180502678 9 2 6 8 1 3 10 7 4 5 
20180502679 6 1 10 5 9 8 2 4 7 3 
20180502680 10 1 6 2 4 8 7 3 9 5 
20180502681 5 4 6 3 7 10 2 1 8 9 
20180502682 3 4 9 8 10 1 5 2 6 7 
20180502683 1 7 3 10 8 9 5 2 4 6 
20180502684 6 7 3 8 5 9 2 4 10 1 
20180502685 9 1 3 10 4 6 2 7 5 8 
20180502686 6 2 5 9 3 8 4 10 7 1 
20180502687 6 9 5 8 7 2 4 10 1 3 
20180502688 2 9 4 7 3 6 8 1 10 5 
20180502689 2 7 1 4 9 8 5 3 6 10 
20180502690 1 10 6 7 3 4 5 8 9 2 
20180502691 8 4 1 9 10 7 5 3 6 2 
20180502692 4 3 2 5 9 1 6 8 7 10 
20180502693 4 6 8 3 9 5 2 1 10 7 
20180502694 3 8 2 10 1 6 9 4 5 7 
20180502695 9 8 4 3 1 10 7 6 2 5 
20180502696 6 4 2 7 1 8 3 5 9 10 
20180502697 2 8 9 1 3 7 6 5 10 4 
20180502698 10 4 1 6 2 8 7 9 3 5 
20180502699 10 2 4 3 9 8 1 5 7 6 
20180502700 6 10 9 1 5 7 4 3 8 2 
20180502701 5 9 6 2 4 7 3 8 1 10 
20180502702 6 4 7 1 2 8 10 3 5 9 
20180502703 3 6 5 8 9 7 10 2 4 1 
20180502704 8 7 3 6 1 5 2 9 10 4 
20180502705 3 5 6 2 10 1 7 8 9 4 
20180502706 9 4 3 5 2 1 6 8 10 7 
20180502707 4 5 9 1 8 6 3 10 2 7 
20180502708 5 8 2 7 3 9 1 6 10 4 
20180502709 5 3 8 9 10 4 2 6 7 1 
20180502710 7 1 6 8 10 2 5 9 3 4 
20180502711 10 2 3 7 4 5 6 9 1 8 
20180502712 8 2 4 10 1 7 9 6 3 5 
20180502713 8 7 4 5 6 2 9 3 10 1 
20180502714 3 8 1 10 7 6 5 2 4 9 
20180502715 5 7 9 3 8 4 10 6 1 2 
20180502716 9 10 5 2 7 3 4 8 6 1 
20180502717 9 6 4 2 5 10 1 8 7 3 
20180502718 1 8 9 7 4 5 3 10 6 2 
20180502719 10 6 2 7 4 8 9 3 1 5 
20180502720 2 6 8 10 5 9 7 3 4 1 
20180502721 3 4 2 9 10 5 8 7 6 1 
20180502722 5 4 2 1 10 3 8 9 6 7 
20180502723 5 2 3 4 8 10 6 7 1 9 
20180502724 6 9 3 2 7 1 5 4 10 8 
20180502725 9 10 7 5 2 3 1 6 8 4 
20180502726 1 4 7 6 10 5 2 9 8 3 
20180502727 2 6 7 8 5 3 10 4 1 9 
20180502728 4 1 8 5 6 3 2 9 7 10 
20180502729 6 2 4 5 9 3 10 1 7 8 
20180502730 6 9 4 10 1 3 7 2 8 5 
20180502731 9 4 5 7 8 1 2 3 6 10 
20180502732 8 5 2 3 6 7 10 1 4 9 
20180502733 5 9 2 7 1 4 8 6 10 3 
20180502734 4 8 5 3 9 6 1 7 10 2 
20180502735 3 4 2 7 5 1 6 10 8 9 
20180502736 4 2 6 10 3 1 5 8 7 9 
20180502737 6 5 2 4 3 9 10 1 8 7 
20180502738 9 7 1 6 2 10 3 4 8 5 
20180502739 7 6 2 8 10 4 5 9 1 3 
20180502740 3 10 4 9 1 5 7 6 2 8 
20180502741 4 3 1 6 7 2 10 9 8 5 
20180502742 4 8 9 10 5 3 1 2 7 6 
20180502743 4 7 2 6 9 8 10 5 1 3 
20180502744 4 5 3 9 10 8 7 6 1 2 
20180502745 3 7 2 4 10 1 8 5 9 6 
20180502746 7 2 10 5 1 8 9 3 4 6 
20180502747 3 4 6 8 1 9 10 5 2 7 
20180502748 8 3 1 9 7 10 2 6 5 4 
20180502749 4 5 10 2 9 8 1 7 3 6 
20180502750 5 2 1 4 3 8 6 7 9 10 
20180502751 6 1 5 4 3 7 8 10 9 2 
20180502752 7 8 1 2 10 4 3 9 5 6 
20180502753 4 6 5 7 3 1 10 2 8 9 
20180502754 10 2 6 8 7 1 4 9 3 5 
20180502755 2 7 10 1 6 9 4 5 3 8 
20180502756 10 1 6 4 8 5 9 2 7 3 
20180502757 5 8 2 7 1 10 3 4 9 6 
20180502758 8 2 3 9 1 7 4 10 5 6 
20180502759 2 1 3 4 9 7 10 5 6 8 
20180502760 4 3 7 8 2 10 5 9 1 6 
20180502761 6 7 10 5 3 9 1 4 8 2 
20180502762 5 3 2 9 10 4 6 1 8 7 
20180502763 3 1 4 9 5 6 2 8 10 7 
20180502764 1 4 5 9 3 10 6 8 7 2 
20180502765 1 8 2 7 6 9 4 10 3 5 
20180502766 7 5 3 9 4 2 6 8 10 1 
20180502767 10 6 7 5 3 9 4 1 8 2 
20180502768 9 1 6 4 5 8 10 2 3 7 
20180502769 5 6 7 8 3 4 2 10 1 9 
20180502770 3 9 10 6 1 5 7 8 4 2 
20180502771 1 8 10 3 2 7 6 9 4 5 
20180502772 7 9 5 2 1 4 6 3 8 10 
20180502773 9 6 3 4 7 2 1 5 8 10 
20180502774 6 5 9 2 3 4 8 10 1 7 
20180502775 1 9 5 6 7 3 4 8 10 2 
20180502776 2 4 8 5 1 6 9 7 3 10 
20180502777 7 8 6 3 1 5 4 10 2 9 
20180502778 2 5 1 8 7 10 3 6 4 9 
20180502779 5 10 2 8 9 7 3 1 6 4 
20180502780 4 1 10 3 7 8 9 6 2 5 
20180502781 1 4 9 5 3 6 10 8 2 7 
20180502782 9 5 10 8 6 3 4 1 2 7 
20180502783 3 10 2 1 4 9 6 5 8 7 
20180502784 6 10 5 1 7 9 2 4 8 3 
20180502785 3 6 8 4 7 2 9 5 10 1 
20180502786 1 7 5 4 2 8 6 9 3 10 
20180502787 4 1 7 3 10 5 2 6 8 9 
20180502788 6 10 2 9 7 1 4 5 3 8 
20180502789 6 4 9 1 2 5 8 10 3 7 
20180502790 4 9 10 8 5 1 3 2 7 6 
20180502791 7 10 5 6 4 8 2 1 9 3 
20180502792 5 7 8 2 9 10 1 6 4 3 
20180502793 3 10 9 4 8 6 2 1 5 7 
20180502794 3 10 8 2 4 5 1 6 9 7 
20180502795 5 10 2 7 9 8 1 6 4 3 
20180502796 8 3 6 4 2 10 1 5 9 7 
20180502797 4 3 10 5 7 6 9 2 8 1 
20180502798 3 9 7 6 4 8 2 1 5 10 
20180502799 9 7 4 6 2 1 10 8 5 3 
20180502800 5 1 10 9 7 8 6 2 4 3 
20180502801 3 9 10 2 8 6 1 5 7 4 
20180502802 3 2 7 6 10 8 4 1 5 9 
20180502803 5 10 9 4 2 3 1 8 7 6 
20180502804 8 2 10 5 9 3 7 6 4 1 
20180502805 2 7 5 10 6 8 4 1 3 9 
20180502806 2 9 5 6 10 4 3 1 7 8 
20180502807 7 3 9 10 2 5 8 1 4 6 
20180502808 9 10 7 6 2 8 3 1 4 5 
20180502809 3 10 5 8 7 9 1 4 6 2 
20180502810 5 10 8 4 9 3 7 1 6 2 
20180502811 2 10 7 3 6 4 8 9 5 1 
20180502812 3 6 5 7 8 10 2 1 9 4 
20180502813 6 2 9 5 3 10 4 7 8 1 
20180502814 8 9 2 7 3 4 1 6 10 5 
20180502815 1 10 9 3 5 8 2 4 6 7 
20180502816 1 5 6 4 9 2 10 7 8 3 
20180502817 6 3 10 2 9 7 5 8 4 1 
20180502818 8 10 4 1 3 9 2 6 7 5 
20180502819 4 2 3 9 10 8 5 1 7 6 
20180502820 9 6 10 1 3 5 2 8 7 4 
20180502821 9 10 1 3 7 2 6 8 5 4 
20180502822 6 3 8 10 2 9 1 4 7 5 
20180502823 7 4 3 9 2 8 1 5 6 10 
20180502824 1 9 10 5 2 3 6 8 7 4 
20180502825 2 9 3 10 5 6 7 8 1 4 
20180502826 5 4 1 9 10 3 8 2 6 7 
20180502827 3 1 2 7 5 9 4 8 10 6 
20180502828 7 9 6 4 8 10 5 2 1 3 
20180502829 6 9 8 7 5 4 10 2 1 3 
20180502830 7 6 1 4 8 5 10 9 2 3 
20180502831 5 10 7 1 9 4 8 6 3 2 
20180502832 9 6 2 1 10 7 3 4 8 5 
20180502833 4 8 9 5 6 2 3 1 7 10 
20180502834 5 8 4 3 2 10 6 1 7 9 
20180502835 4 3 7 5 9 1 10 6 2 8 
20180502836 5 1 7 8 4 6 3 10 2 9 
20180502837 2 4 6 8 9 5 3 10 7 1 
20180502838 5 4 1 3 8 6 2 9 10 7 
20180502839 7 2 6 10 8 4 5 1 3 9 
20180502840 10 5 3 7 1 8 2 4 6 9 
20180502841 2 9 5 3 6 8 4 7 1 10 
20180502842 4 8 7 3 1 2 5 6 9 10 
20180502843 6 7 3 4 1 8 2 5 9 10 
20180502844 9 8 2 4 6 1 10 7 3 5 
20180502845 10 4 1 5 9 6 8 3 2 7 
20180502846 5 7 4 1 9 6 3 8 2 10 
20180502847 3 7 8 4 1 5 10 9 6 2 
20180502848 9 10 3 5 2 6 7 4 8 1 
20180502849 8 4 9 3 7 6 10 2 1 5 
20180502850 9 6 1 4 10 2 3 8 7 5 
20180502851 5 9 7 3 6 4 8 10 1 2 
20180502852 5 6 1 9 7 8 4 10 2 3 
20180502853 5 7 2 8 4 3 6 9 1 10 
20180502854 9 5 7 1 10 3 8 2 4 6 
20180502855 6 9 1 5 7 10 2 8 4 3 
20180502856 2 1 8 6 4 9 5 10 7 3 
20180502857 4 10 7 3 1 9 8 2 6 5 
20180502858 7 10 2 9 6 8 5 1 4 3 
20180502859 9 1 10 2 7 8 5 6 3 4 
20180502860 9 6 1 4 8 5 7 10 2 3 
20180502861 3 10 1 6 2 7 9 8 5 4 
20180502862 1 8 3 7 4 5 2 9 10 6 
20180502863 9 8 5 4 2 7 6 10 1 3 
20180502864 1 6 5 8 10 4 2 7 3 9 
20180502865 3 9 10 8 6 5 1 2 4 7 
20180502866 5 9 3 7 8 4 10 1 2 6 
20180502867 9 3 10 1 5 7 6 4 2 8 
20180502868 7 4 1 3 9 10 2 8 5 6 
20180502869 9 5 6 7 10 4 2 3 1 8 
20180502870 3 9 4 2 8 5 7 6 10 1 
20180502871 1 2 4 8 7 5 10 3 6 9 
20180502872 1 2 4 6 5 9 3 7 8 10 
20180502873 3 1 2 7 10 6 5 4 8 9 
20180502874 10 5 1 4 3 7 8 2 6 9 
20180502875 2 3 8 6 1 7 9 4 5 10 
20180502876 5 9 7 8 10 6 1 4 2 3 
20180502877 4 10 3 8 5 7 6 2 9 1 
20180502878 6 4 2 10 9 1 5 3 7 8 
20180502879 1 6 2 8 9 3 4 5 7 10 
20180502880 10 3 5 4 9 1 7 2 6 8 
20180502881 8 2 7 9 10 6 4 5 3 1 
20180502882 7 5 8 10 3 2 1 4 6 9 
20180502883 5 9 6 3 4 7 1 8 10 2 
20180502884 2 7 5 4 1 6 8 9 10 3 
20180502885 8 3 6 4 5 1 7 2 9 10 
20180502886 4 1 10 5 8 2 3 9 6 7 
20180502887 5 9 10 1 2 7 4 8 6 3 
20180502888 3 7 2 5 10 6 8 1 9 4 
20180502889 8 7 6 1 3 10 4 9 2 5 
20180502890 4 6 1 2 7 10 9 3 8 5 
20180502891 3 2 5 10 7 4 6 8 9 1 
20180502892 7 3 5 9 2 8 4 6 1 10 
20180502893 4 2 7 3 10 1 8 5 9 6 
20180502894 2 4 5 1 6 8 9 7 3 10 
20180502895 1 8 3 7 4 6 9 2 5 10 
20180502896 9 5 7 1 4 3 10 6 2 8 
20180502897 3 6 10 2 1 5 9 8 4 7 
20180502898 9 8 3 7 10 4 1 5 6 2 
20180502899 3 4 7 8 1 10 6 9 2 5 
20180502900 3 4 6 2 5 1 9 8 10 7 
20180502901 10 5 2 9 4 6 1 8 3 7 
20180502902 9 4 10 3 7 2 1 6 5 8 
20180502903 10 2 9 8 7 1 6 5 4 3 
20180502904 10 9 8 4 2 3 7 6 1 5 
20180502905 2 7 3 6 9 5 8 1 10 4 
20180502906 2 3 7 8 9 6 5 4 1 10 
20180502907 4 3 10 8 5 9 2 7 1 6 
20180502908 7 3 2 1 8 4 6 9 5 10 
20180502909 4 2 8 10 1 7 6 9 3 5 
20180502910 9 10 2 8 4 1 5 3 6 7 
20180502911 6 1 5 8 3 4 2 9 10 7 
20180502912 5 1 10 9 8 6 3 7 2 4 
20180502913 1 3 8 2 10 7 4 6 9 5 
20180502914 3 2 6 5 4 1 9 8 7 10 
20180502915 9 8 1 7 2 3 10 6 4 5 
20180502916 6 3 8 10 4 9 7 1 2 5 
20180502917 1 2 8 4 10 7 3 5 9 6 
20180502918 10 1 6 3 5 4 7 2 8 9 
20180502919 7 2 4 10 9 3 6 1 8 5 
20180502920 9 10 4 1 2 3 7 6 5 8 
20180502921 10 4 9 8 3 6 1 5 2 7 
20180502922 1 9 8 5 4 6 3 10 2 7 
20180502923 2 8 5 4 1 10 7 3 9 6 
20180502924 10 8 4 2 1 5 7 9 6 3 
20180502925 5 3 8 6 4 1 9 2 10 7 
20180502926 1 6 8 7 5 2 10 3 4 9 
20180502927 1 8 5 2 9 3 10 4 6 7 
20180502928 5 10 1 3 8 9 6 4 7 2 
20180502929 10 9 1 8 3 7 2 6 5 4 
20180502930 2 4 1 10 8 3 5 7 6 9 
20180502931 3 6 4 2 10 8 1 7 5 9 
20180502932 1 10 3 4 6 9 5 7 8 2 
20180502933 1 5 3 8 4 10 7 2 9 6 
20180502934 7 5 8 1 2 3 6 4 10 9 
20180502935 6 8 1 10 7 2 9 4 5 3 
20180502936 9 5 4 8 3 1 10 2 7 6 
20180502937 4 2 5 7 1 10 8 6 9 3 
20180502938 3 6 2 7 4 8 9 1 5 10 
20180502939 7 10 9 2 1 3 6 5 4 8 
20180502940 2 1 9 3 8 6 7 10 5 4 
20180502941 8 3 9 5 7 1 10 2 4 6 
20180502942 7 10 4 1 2 9 8 6 3 5 
20180502943 6 2 10 7 8 5 9 1 4 3 
20180502944 6 7 4 10 3 2 1 9 8 5 
20180502945 2 1 10 9 4 6 7 8 5 3 
20180502946 6 1 5 10 7 2 4 9 3 8 
20180502947 8 6 1 5 7 4 3 10 2 9 
20180502948 10 2 3 1 9 7 4 6 5 8 
20180502949 9 5 4 8 7 1 6 3 2 10 
20180502950 9 10 5 7 1 4 6 2 3 8 
20180502951 7 9 5 3 1 8 2 6 4 10 
20180502952 8 10 2 4 9 6 1 7 3 5 
20180502953 1 3 5 4 7 8 9 2 10 6 
20180502954 10 7 2 8 3 4 9 5 1 6 
20180502955 2 3 9 6 5 1 8 7 10 4 
20180502956 5 2 10 3 4 7 6 8 9 1 
20180502957 10 1 8 4 7 9 5 3 6 2 
20180502958 4 3 7 10 6 9 8 5 1 2 
20180502959 8 5 4 3 2 10 1 6 7 9 
20180502960 10 7 2 4 3 6 8 1 9 5 
20180502961 7 5 9 6 8 10 1 2 3 4 
20180502962 7 4 3 2 10 9 8 1 6 5 
20180502963 7 3 10 2 1 4 5 8 9 6 
20180502964 3 5 4 8 2 9 6 1 7 10 
20180502965 8 4 3 2 5 10 1 6 9 7 
20180502966 3 8 4 9 10 6 2 5 7 1 
20180502967 2 4 10 1 3 6 9 5 8 7 
20180502968 2 10 4 6 1 3 9 7 5 8 
20180502969 7 2 4 6 8 9 5 10 1 3 
20180502970 3 4 10 2 1 6 8 5 9 7 
20180502971 7 10 9 2 6 5 4 1 8 3 
20180502972 3 7 8 9 1 4 6 5 2 10 
20180502973 1 5 4 9 7 8 2 6 10 3 
20180502974 4 2 9 10 6 1 3 8 7 5 
20180502975 9 2 4 1 5 8 3 6 10 7 
20180502976 3 1 9 6 2 7 8 10 4 5 
20180502977 6 5 10 7 3 1 8 2 9 4 
20180502978 4 5 6 7 9 10 1 2 3 8 
20180502979 6 9 2 3 10 8 1 4 7 5 
20180502980 10 7 6 2 1 5 9 8 4 3 
20180502981 2 6 10 5 9 7 3 4 1 8 
20180502982 9 2 6 4 10 1 3 7 5 8 
20180502983 10 1 3 8 7 9 6 2 4 5 
20180502984 7 6 5 4 9 10 8 1 3 2 
20180502985 8 4 2 5 7 6 9 10 1 3 
