20180522001 9 8 7 10 4 6 3 2 5 1 
20180522002 9 7 2 3 10 5 1 4 8 6 
20180522003 8 1 7 2 9 10 6 5 3 4 
20180522004 2 7 5 4 6 1 3 9 8 10 
20180522005 5 9 4 6 1 10 7 8 3 2 
20180522006 1 5 4 3 10 2 6 7 8 9 
20180522007 4 1 10 9 3 6 7 2 8 5 
20180522008 5 4 8 3 2 1 6 10 7 9 
20180522009 5 4 1 6 3 9 10 7 2 8 
20180522010 8 1 2 9 10 6 4 5 7 3 
20180522011 9 10 8 2 5 7 3 4 1 6 
20180522012 2 10 3 7 6 5 8 9 1 4 
20180522013 2 3 8 7 10 9 6 5 1 4 
20180522014 5 4 3 10 2 8 1 9 7 6 
20180522015 8 1 9 7 4 3 2 10 5 6 
20180522016 2 3 9 1 7 10 5 8 4 6 
20180522017 6 4 10 3 2 5 7 8 9 1 
20180522018 2 6 8 1 5 4 3 10 9 7 
20180522019 10 4 3 5 1 6 7 9 8 2 
20180522020 2 5 1 7 6 3 10 4 8 9 
20180522021 10 1 9 7 5 8 3 6 2 4 
20180522022 4 3 5 6 1 2 10 9 7 8 
20180522023 10 9 4 6 5 3 2 7 1 8 
20180522024 10 4 7 1 2 3 6 8 9 5 
20180522025 5 8 6 3 4 10 2 1 7 9 
20180522026 1 2 8 7 4 10 6 9 3 5 
20180522027 1 2 6 7 3 4 10 8 5 9 
20180522028 7 2 1 3 4 9 5 10 8 6 
20180522029 9 10 8 3 7 5 6 2 1 4 
20180522030 4 1 9 8 6 2 3 5 7 10 
20180522031 9 5 1 2 7 6 8 10 3 4 
20180522032 8 10 2 4 9 5 3 6 1 7 
20180522033 7 5 2 8 3 9 10 1 4 6 
20180522034 3 1 10 4 9 8 2 5 7 6 
20180522035 10 4 8 5 7 1 6 2 3 9 
20180522036 1 10 3 9 2 6 5 7 4 8 
20180522037 2 7 6 1 10 3 8 5 9 4 
20180522038 3 4 9 7 1 2 10 5 6 8 
20180522039 6 5 3 4 8 1 2 10 7 9 
20180522040 2 9 6 3 10 8 5 7 4 1 
20180522041 10 2 6 3 8 1 4 7 5 9 
20180522042 9 1 8 10 6 4 2 3 7 5 
20180522043 1 7 6 2 4 10 9 5 8 3 
20180522044 7 8 3 9 6 1 10 2 5 4 
20180522045 8 7 9 2 4 1 5 10 3 6 
20180522046 1 4 8 2 10 6 3 7 5 9 
20180522047 6 3 2 9 4 1 5 7 8 10 
20180522048 4 5 6 9 2 8 1 3 7 10 
20180522049 7 6 1 2 9 8 3 10 4 5 
20180522050 10 7 5 2 8 9 6 1 4 3 
20180522051 10 8 6 3 4 7 9 2 1 5 
20180522052 8 5 3 9 2 1 4 6 7 10 
20180522053 4 8 10 1 9 6 7 3 5 2 
20180522054 8 10 5 9 7 4 6 3 1 2 
20180522055 3 6 8 10 1 9 4 7 5 2 
20180522056 8 2 5 10 3 6 7 9 4 1 
20180522057 8 1 4 2 3 6 9 10 5 7 
20180522058 3 4 7 1 9 2 5 10 6 8 
20180522059 3 7 5 1 9 8 10 6 2 4 
20180522060 10 1 9 7 4 2 8 5 6 3 
20180522061 9 4 8 10 5 2 6 7 1 3 
20180522062 1 9 5 10 2 4 7 6 3 8 
20180522063 1 7 3 2 4 5 10 8 9 6 
20180522064 4 3 10 2 8 7 9 6 1 5 
20180522065 5 8 1 2 3 6 4 10 9 7 
20180522066 10 1 2 9 7 3 6 8 4 5 
20180522067 10 1 3 9 7 2 6 4 5 8 
20180522068 3 5 7 9 6 2 1 10 4 8 
20180522069 1 4 3 10 8 5 9 7 6 2 
20180522070 3 6 8 4 2 5 1 10 7 9 
20180522071 5 10 1 4 3 6 8 2 9 7 
20180522072 3 1 6 9 7 5 8 4 10 2 
20180522073 3 2 1 6 9 10 8 5 7 4 
20180522074 1 9 10 7 8 3 2 5 6 4 
20180522075 10 2 9 5 7 3 4 1 6 8 
20180522076 1 7 2 5 6 3 4 9 10 8 
20180522077 1 7 9 10 6 3 4 2 8 5 
20180522078 6 4 3 8 9 7 2 1 10 5 
20180522079 7 10 4 9 3 6 8 5 2 1 
20180522080 2 4 5 8 9 1 6 10 3 7 
20180522081 2 9 5 6 1 4 10 8 3 7 
20180522082 6 9 3 7 4 5 2 10 1 8 
20180522083 4 5 10 1 9 7 8 2 6 3 
20180522084 4 9 2 5 7 8 6 10 1 3 
20180522085 2 6 4 3 10 8 9 7 5 1 
20180522086 6 4 2 5 10 8 9 3 1 7 
20180522087 5 8 1 6 9 3 7 2 10 4 
20180522088 6 10 5 2 3 7 4 9 8 1 
20180522089 9 8 1 3 7 2 10 6 4 5 
20180522090 1 8 6 2 10 9 7 3 4 5 
20180522091 5 3 6 4 9 10 8 2 7 1 
20180522092 9 7 5 3 1 8 6 10 2 4 
20180522093 10 7 5 1 9 6 4 8 3 2 
20180522094 6 2 8 10 9 3 5 1 4 7 
20180522095 6 7 4 1 3 5 2 8 10 9 
20180522096 1 9 4 5 7 8 10 3 2 6 
20180522097 2 5 4 1 6 9 3 8 10 7 
20180522098 2 3 5 10 6 9 8 4 7 1 
20180522099 8 7 3 1 5 10 4 6 2 9 
20180522100 4 9 7 2 8 6 5 10 1 3 
20180522101 4 2 6 3 1 7 5 9 10 8 
20180522102 8 2 9 1 3 6 5 4 7 10 
20180522103 8 6 9 4 3 1 5 10 7 2 
20180522104 2 9 5 1 6 8 7 10 4 3 
20180522105 10 6 8 4 5 3 2 9 1 7 
20180522106 2 6 7 4 8 5 1 10 3 9 
20180522107 10 5 1 9 7 2 3 8 6 4 
20180522108 10 4 9 2 6 8 3 1 7 5 
20180522109 7 10 4 2 1 9 8 6 5 3 
20180522110 8 4 3 2 9 7 10 5 6 1 
20180522111 1 9 5 7 8 10 6 3 2 4 
20180522112 6 10 5 4 2 3 8 9 7 1 
20180522113 10 2 7 8 9 3 1 4 5 6 
20180522114 10 1 7 2 3 5 8 9 6 4 
20180522115 1 2 8 7 6 9 4 3 5 10 
20180522116 7 2 5 8 10 3 6 1 4 9 
20180522117 3 7 8 2 1 6 9 5 4 10 
20180522118 5 10 9 8 3 4 7 1 6 2 
20180522119 3 5 1 2 7 10 8 6 9 4 
20180522120 6 9 3 4 10 8 1 7 5 2 
20180522121 6 9 1 4 2 8 3 10 5 7 
20180522122 6 8 4 9 2 7 1 5 10 3 
20180522123 4 6 2 3 10 5 9 1 7 8 
20180522124 5 10 2 3 7 6 9 1 8 4 
20180522125 9 7 3 2 10 6 5 4 8 1 
20180522126 3 2 8 7 4 6 9 1 10 5 
20180522127 8 10 9 3 1 5 4 6 7 2 
20180522128 6 5 4 7 3 1 9 10 2 8 
20180522129 4 7 1 9 8 5 2 10 6 3 
20180522130 10 4 2 1 7 6 5 9 3 8 
20180522131 7 5 10 3 6 2 4 9 1 8 
20180522132 2 7 8 1 10 3 6 4 5 9 
20180522133 9 2 3 4 6 5 7 1 10 8 
20180522134 9 5 10 1 4 2 8 3 6 7 
20180522135 5 3 8 1 2 9 4 7 10 6 
20180522136 4 5 9 8 10 1 3 7 6 2 
20180522137 1 8 7 10 9 3 2 5 6 4 
20180522138 4 5 1 2 3 7 8 10 6 9 
20180522139 3 1 7 4 6 8 10 5 2 9 
20180522140 9 1 2 8 5 4 10 3 6 7 
20180522141 10 5 4 9 3 6 1 2 8 7 
20180522142 6 8 7 1 4 10 9 2 5 3 
20180522143 8 1 6 5 7 10 3 2 4 9 
20180522144 8 9 6 10 2 7 1 5 3 4 
20180522145 5 7 10 6 9 2 8 4 1 3 
20180522146 10 4 1 6 9 8 3 5 7 2 
20180522147 6 5 10 9 7 4 3 2 1 8 
20180522148 6 2 9 10 8 7 1 3 4 5 
20180522149 1 6 8 10 5 4 3 2 9 7 
20180522150 4 6 2 10 3 9 8 7 1 5 
20180522151 5 1 6 2 10 9 3 7 4 8 
20180522152 1 3 5 2 7 6 8 10 9 4 
20180522153 7 1 8 5 3 6 9 10 2 4 
20180522154 3 1 6 8 5 2 9 7 4 10 
20180522155 10 8 5 9 1 6 4 2 7 3 
20180522156 2 9 6 5 8 3 7 4 1 10 
20180522157 8 10 7 3 5 2 1 6 4 9 
20180522158 3 1 5 7 4 10 8 9 6 2 
20180522159 2 6 8 10 1 4 3 9 7 5 
20180522160 7 3 4 10 1 2 8 6 5 9 
20180522161 6 10 4 3 8 9 1 2 7 5 
20180522162 8 2 9 3 6 4 5 7 1 10 
20180522163 4 2 3 1 9 6 10 5 8 7 
20180522164 3 5 4 7 8 1 2 10 6 9 
20180522165 7 2 10 9 5 6 4 8 1 3 
20180522166 4 8 2 10 1 7 3 6 5 9 
20180522167 3 4 10 5 8 1 2 6 7 9 
20180522168 3 4 1 2 7 5 9 6 8 10 
20180522169 3 2 1 7 4 6 9 10 8 5 
20180522170 9 1 4 7 6 10 3 8 2 5 
20180522171 8 2 3 7 5 4 9 6 10 1 
20180522172 6 10 2 1 3 9 8 4 5 7 
20180522173 4 3 2 7 8 5 1 9 10 6 
20180522174 5 3 8 9 6 7 1 2 10 4 
20180522175 10 6 4 1 8 5 3 2 7 9 
20180522176 6 7 8 2 3 5 1 10 4 9 
20180522177 2 10 4 1 8 3 9 5 6 7 
20180522178 6 4 3 5 2 1 8 9 7 10 
20180522179 6 8 10 2 4 5 9 1 3 7 
20180522180 2 9 4 8 7 3 6 10 1 5 
20180522181 5 1 9 7 2 6 4 3 8 10 
20180522182 3 9 8 5 4 2 1 10 6 7 
20180522183 4 1 5 7 2 10 8 9 3 6 
20180522184 5 9 2 1 7 3 6 10 8 4 
20180522185 3 2 5 7 8 10 9 1 4 6 
20180522186 9 6 3 5 7 2 8 1 10 4 
20180522187 4 2 5 8 10 9 7 6 1 3 
20180522188 1 8 2 7 10 5 6 4 3 9 
20180522189 10 8 1 3 4 5 7 2 9 6 
20180522190 1 6 10 9 8 7 5 4 3 2 
20180522191 2 1 7 8 10 4 9 3 5 6 
20180522192 8 1 10 3 2 5 9 4 7 6 
20180522193 6 2 7 4 9 5 1 10 8 3 
20180522194 10 1 2 6 7 8 5 3 4 9 
20180522195 2 3 8 7 10 9 6 4 5 1 
20180522196 10 6 2 1 8 5 7 3 4 9 
20180522197 9 4 8 2 7 3 10 1 6 5 
20180522198 7 5 6 2 4 3 9 8 1 10 
20180522199 7 6 3 4 9 2 1 5 8 10 
20180522200 3 1 2 9 10 7 5 6 8 4 
20180522201 5 1 6 4 9 10 8 2 3 7 
20180522202 3 10 5 1 6 9 7 8 2 4 
20180522203 1 10 9 6 3 4 5 2 8 7 
20180522204 3 6 8 5 10 9 1 4 7 2 
20180522205 6 8 3 10 4 1 2 5 7 9 
20180522206 2 6 5 7 1 10 4 3 9 8 
20180522207 8 10 6 4 1 3 5 2 7 9 
20180522208 9 1 5 10 3 8 6 7 4 2 
20180522209 2 8 5 3 7 4 1 10 9 6 
20180522210 2 10 7 6 4 5 8 3 1 9 
20180522211 10 2 6 1 3 5 9 4 8 7 
20180522212 7 8 3 1 4 2 9 6 5 10 
20180522213 1 8 5 10 7 6 4 2 3 9 
20180522214 7 2 6 1 8 4 10 9 5 3 
20180522215 6 5 4 1 9 10 3 7 8 2 
20180522216 9 3 4 2 8 1 5 10 7 6 
20180522217 1 7 6 2 3 5 9 4 8 10 
20180522218 8 5 3 6 7 4 9 2 1 10 
20180522219 3 1 4 5 9 2 8 6 7 10 
20180522220 7 9 10 4 5 2 3 6 8 1 
20180522221 10 6 5 9 3 8 1 7 4 2 
20180522222 8 3 1 4 2 6 9 7 10 5 
20180522223 9 1 10 4 7 5 6 8 2 3 
20180522224 5 2 9 4 8 1 3 6 7 10 
20180522225 9 7 5 3 1 8 6 10 4 2 
20180522226 10 2 9 1 6 5 3 8 4 7 
20180522227 2 6 9 8 7 5 3 1 4 10 
20180522228 10 5 6 8 1 4 7 3 2 9 
20180522229 6 4 1 3 7 5 9 2 8 10 
20180522230 3 2 7 5 10 4 6 1 8 9 
20180522231 8 3 4 1 10 7 6 9 2 5 
20180522232 9 8 6 2 7 5 3 1 4 10 
20180522233 6 3 2 1 4 8 10 7 5 9 
20180522234 10 9 5 4 6 8 1 2 7 3 
20180522235 3 6 2 8 7 9 1 5 10 4 
20180522236 6 8 2 10 3 5 1 7 4 9 
20180522237 1 7 2 5 9 8 3 10 4 6 
20180522238 2 3 8 1 9 7 6 10 5 4 
20180522239 8 3 7 9 1 10 2 5 6 4 
20180522240 2 6 10 9 8 7 1 3 5 4 
20180522241 5 4 1 7 6 3 10 8 2 9 
20180522242 1 4 2 5 6 10 7 3 8 9 
20180522243 5 1 8 6 7 10 2 3 9 4 
20180522244 3 2 7 9 6 1 8 5 10 4 
20180522245 1 8 2 9 5 7 10 6 3 4 
20180522246 4 7 1 5 9 3 8 6 10 2 
20180522247 2 5 10 8 6 7 4 1 9 3 
20180522248 8 1 9 4 5 10 3 7 6 2 
20180522249 3 2 10 1 8 6 7 4 5 9 
20180522250 3 6 9 5 2 7 4 1 8 10 
20180522251 3 6 1 9 7 8 5 2 10 4 
20180522252 4 9 3 1 5 8 6 10 7 2 
20180522253 4 6 9 10 5 8 1 2 7 3 
20180522254 6 8 5 9 7 4 10 3 1 2 
20180522255 10 4 9 6 5 7 3 2 8 1 
20180522256 6 2 7 8 1 9 10 3 4 5 
20180522257 4 9 2 10 1 8 7 3 6 5 
20180522258 7 2 9 3 6 1 10 5 4 8 
20180522259 2 7 6 10 1 9 8 3 4 5 
20180522260 1 6 10 5 9 3 2 8 4 7 
20180522261 5 2 10 6 7 8 4 9 1 3 
20180522262 2 9 6 8 4 5 10 3 7 1 
20180522263 8 6 5 2 4 1 7 3 9 10 
20180522264 9 3 7 8 4 6 5 2 10 1 
20180522265 1 2 10 3 8 9 6 4 7 5 
20180522266 4 3 1 7 10 6 8 2 9 5 
20180522267 8 9 10 5 3 4 2 1 6 7 
20180522268 5 7 8 6 4 3 2 10 9 1 
20180522269 2 9 7 6 10 5 8 4 1 3 
20180522270 7 1 9 8 5 2 4 10 3 6 
20180522271 3 2 4 9 7 6 5 8 1 10 
20180522272 4 3 1 2 6 10 7 5 8 9 
20180522273 3 1 10 8 5 4 9 7 2 6 
20180522274 9 1 10 2 6 3 7 8 4 5 
20180522275 8 6 1 9 3 7 5 10 2 4 
20180522276 8 5 6 10 7 2 9 4 3 1 
20180522277 6 9 4 5 8 3 7 2 1 10 
20180522278 5 1 7 10 2 9 6 3 8 4 
20180522279 6 4 10 9 1 8 3 7 5 2 
20180522280 6 9 7 4 5 10 3 2 8 1 
20180522281 8 4 5 10 2 9 7 1 6 3 
20180522282 3 1 5 4 8 7 6 10 2 9 
20180522283 1 4 7 2 10 3 8 9 6 5 
20180522284 9 2 8 5 10 7 6 4 1 3 
20180522285 7 6 10 8 1 3 2 4 9 5 
20180522286 8 3 7 9 1 6 4 10 5 2 
20180522287 7 3 6 10 4 1 8 2 5 9 
20180522288 4 9 8 2 7 1 6 5 10 3 
20180522289 8 3 6 10 2 1 5 4 7 9 
20180522290 9 5 2 10 4 1 3 8 7 6 
20180522291 5 10 9 6 2 8 3 1 4 7 
20180522292 3 5 10 4 2 9 8 6 7 1 
20180522293 4 9 5 3 6 8 7 1 10 2 
20180522294 7 6 1 4 9 2 8 10 5 3 
20180522295 9 4 7 2 6 1 8 5 10 3 
20180522296 4 3 2 6 1 7 8 9 10 5 
20180522297 7 5 9 3 4 1 6 2 8 10 
20180522298 1 3 7 5 8 10 9 6 4 2 
20180522299 9 1 5 3 10 7 8 2 6 4 
20180522300 3 4 6 9 7 2 5 10 1 8 
20180522301 1 7 6 10 8 9 2 5 3 4 
20180522302 1 5 4 8 2 7 3 10 9 6 
20180522303 2 9 10 1 4 5 7 8 6 3 
20180522304 9 5 2 3 1 10 6 7 4 8 
20180522305 8 6 9 3 1 2 5 7 4 10 
20180522306 10 5 9 8 4 7 3 6 1 2 
20180522307 1 3 6 5 8 4 9 10 2 7 
20180522308 6 2 9 7 10 1 3 4 8 5 
20180522309 2 10 8 5 9 4 1 7 6 3 
20180522310 2 3 10 6 7 9 4 5 8 1 
20180522311 7 5 9 2 6 4 10 1 8 3 
20180522312 4 5 2 3 8 7 6 9 1 10 
20180522313 10 2 7 1 6 8 3 9 5 4 
20180522314 3 7 2 10 6 1 8 9 5 4 
20180522315 2 3 7 5 1 8 4 10 6 9 
20180522316 7 10 3 9 8 2 4 6 5 1 
20180522317 2 10 3 7 4 6 5 1 8 9 
20180522318 10 7 9 8 2 4 6 3 1 5 
20180522319 2 8 9 1 10 4 7 3 6 5 
20180522320 5 1 10 6 9 8 4 7 2 3 
20180522321 1 6 7 2 10 3 9 4 8 5 
20180522322 10 3 2 9 8 1 4 5 7 6 
20180522323 8 9 7 4 2 1 3 6 5 10 
20180522324 1 9 4 3 2 10 7 5 6 8 
20180522325 10 7 9 6 2 4 1 5 3 8 
20180522326 4 3 5 1 8 2 10 6 7 9 
20180522327 4 9 3 5 1 2 7 10 6 8 
20180522328 4 1 2 5 7 3 6 9 10 8 
20180522329 4 2 7 6 3 5 8 10 9 1 
20180522330 8 1 7 10 5 3 4 2 9 6 
20180522331 9 3 1 4 10 8 2 5 6 7 
20180522332 9 7 10 2 8 1 3 4 5 6 
20180522333 3 7 2 10 5 8 9 4 1 6 
20180522334 8 5 7 10 6 3 4 2 1 9 
20180522335 2 7 6 4 3 9 5 10 8 1 
20180522336 7 2 8 1 3 9 6 5 10 4 
20180522337 5 4 8 7 10 2 3 6 9 1 
20180522338 3 1 2 4 10 6 8 7 9 5 
20180522339 1 7 8 3 4 2 9 6 5 10 
20180522340 2 10 8 3 9 4 1 7 6 5 
20180522341 7 2 6 5 8 9 3 4 1 10 
20180522342 4 6 3 7 9 8 10 2 1 5 
20180522343 4 9 5 1 6 3 8 2 10 7 
20180522344 1 3 7 10 8 9 4 6 5 2 
20180522345 2 4 7 6 10 3 5 9 1 8 
20180522346 7 3 6 9 1 10 2 8 4 5 
20180522347 8 5 4 6 10 9 7 2 1 3 
20180522348 8 2 9 7 5 6 10 4 1 3 
20180522349 4 6 10 7 2 3 9 5 1 8 
20180522350 3 1 4 9 8 2 10 5 7 6 
20180522351 6 4 1 2 7 10 8 9 5 3 
20180522352 5 4 8 2 6 10 1 3 9 7 
20180522353 10 1 5 6 8 2 7 9 4 3 
20180522354 3 5 4 10 7 8 1 6 9 2 
20180522355 8 2 1 5 3 9 7 6 4 10 
20180522356 8 3 10 7 2 5 4 1 6 9 
20180522357 3 4 6 1 5 10 7 8 2 9 
20180522358 5 2 8 9 3 1 4 10 6 7 
20180522359 8 3 9 5 2 4 1 10 6 7 
20180522360 6 2 9 10 7 8 5 3 1 4 
20180522361 7 6 4 3 9 1 2 8 10 5 
20180522362 8 6 2 9 5 10 7 1 3 4 
20180522363 3 7 2 9 5 6 4 1 8 10 
20180522364 9 8 2 7 4 3 6 5 1 10 
20180522365 4 6 5 3 7 2 1 10 9 8 
20180522366 3 6 1 5 7 9 2 4 10 8 
20180522367 6 4 3 10 7 8 1 9 5 2 
20180522368 3 10 8 4 9 7 1 5 6 2 
20180522369 4 5 6 1 8 3 7 10 2 9 
20180522370 7 10 4 1 9 2 6 8 3 5 
20180522371 8 6 5 10 7 3 9 1 4 2 
20180522372 8 1 3 10 6 4 9 7 2 5 
20180522373 1 9 6 8 5 10 3 4 2 7 
20180522374 6 7 1 8 4 2 3 9 10 5 
20180522375 2 8 1 7 6 5 10 3 9 4 
20180522376 7 5 2 8 6 3 1 10 4 9 
20180522377 5 3 2 9 4 6 8 1 10 7 
20180522378 2 7 1 5 6 9 8 3 4 10 
20180522379 3 10 7 1 9 8 6 5 4 2 
20180522380 8 3 9 2 6 5 4 1 7 10 
20180522381 10 3 6 1 5 9 4 7 2 8 
20180522382 5 4 2 8 1 6 7 3 10 9 
20180522383 1 4 7 9 8 2 10 5 6 3 
20180522384 4 8 2 10 9 5 1 3 6 7 
20180522385 10 2 5 8 4 6 1 7 3 9 
20180522386 6 8 10 4 3 5 7 2 9 1 
20180522387 5 6 8 1 7 3 9 4 10 2 
20180522388 2 9 10 1 7 6 4 8 3 5 
20180522389 7 1 6 3 5 9 2 4 8 10 
20180522390 2 9 4 6 8 5 3 7 10 1 
20180522391 10 5 8 1 4 9 6 7 3 2 
20180522392 10 1 7 3 2 9 5 8 4 6 
20180522393 5 7 9 10 6 4 1 2 3 8 
20180522394 3 5 7 9 1 4 2 10 6 8 
20180522395 5 6 10 8 1 2 7 4 9 3 
20180522396 5 6 1 4 10 7 2 9 8 3 
20180522397 4 7 9 8 5 3 1 2 10 6 
20180522398 8 6 10 1 7 5 3 4 2 9 
20180522399 2 6 3 10 5 4 8 9 1 7 
20180522400 10 3 9 2 4 7 6 8 5 1 
20180522401 9 6 7 8 5 2 4 1 10 3 
20180522402 1 10 7 6 8 4 3 5 9 2 
20180522403 3 5 4 10 6 2 8 7 1 9 
20180522404 1 4 8 3 6 7 9 5 2 10 
20180522405 9 8 4 7 10 6 5 3 2 1 
20180522406 8 7 5 4 2 10 9 6 1 3 
20180522407 5 6 9 3 4 7 8 1 2 10 
20180522408 8 7 6 10 5 2 1 3 9 4 
20180522409 5 1 10 6 2 4 7 3 8 9 
20180522410 3 1 8 5 2 4 9 7 10 6 
20180522411 3 6 9 10 4 2 5 8 7 1 
20180522412 7 2 1 5 9 8 10 4 3 6 
20180522413 6 2 7 8 1 10 9 4 5 3 
20180522414 7 4 9 10 2 5 8 1 3 6 
20180522415 5 10 1 3 7 8 6 2 9 4 
20180522416 1 2 7 5 3 6 8 9 4 10 
20180522417 4 3 2 10 5 6 1 8 7 9 
20180522418 7 6 4 9 8 5 3 1 10 2 
20180522419 6 5 3 8 1 4 9 2 10 7 
20180522420 2 5 4 8 10 9 6 3 1 7 
20180522421 8 1 7 6 10 2 5 9 3 4 
20180522422 8 3 4 5 9 10 2 1 7 6 
20180522423 3 2 5 7 8 4 6 10 9 1 
20180522424 6 2 8 3 9 1 5 4 7 10 
20180522425 5 10 9 7 3 4 8 1 2 6 
20180522426 5 7 10 1 2 8 9 6 4 3 
20180522427 1 4 7 8 5 9 2 3 6 10 
20180522428 5 7 10 2 4 9 1 3 8 6 
20180522429 5 7 6 8 1 3 9 4 2 10 
20180522430 7 6 10 8 4 1 2 9 3 5 
20180522431 7 8 4 2 3 1 9 5 6 10 
20180522432 5 7 4 10 3 8 2 1 9 6 
20180522433 2 1 8 7 4 5 3 10 6 9 
20180522434 8 9 5 10 4 1 2 7 3 6 
20180522435 5 4 10 1 7 9 3 8 6 2 
20180522436 6 4 10 9 2 3 5 8 1 7 
20180522437 8 1 7 9 5 3 10 2 6 4 
20180522438 2 7 9 10 3 8 5 4 6 1 
20180522439 9 4 10 3 7 6 5 8 1 2 
20180522440 10 8 4 7 6 5 3 9 2 1 
20180522441 4 1 8 3 2 9 7 5 6 10 
20180522442 6 2 8 4 5 10 3 1 9 7 
20180522443 3 9 5 7 4 2 10 6 8 1 
20180522444 2 1 5 6 8 3 7 4 10 9 
20180522445 8 10 2 6 9 4 1 7 5 3 
20180522446 7 5 3 2 10 9 8 1 6 4 
20180522447 7 1 8 6 9 5 4 2 3 10 
20180522448 8 9 2 6 4 10 7 1 3 5 
20180522449 6 3 10 5 8 9 2 1 7 4 
20180522450 10 7 4 2 3 1 8 9 5 6 
20180522451 6 9 7 2 10 8 1 5 4 3 
20180522452 1 10 3 6 5 7 9 2 4 8 
20180522453 9 1 5 2 6 10 4 7 3 8 
20180522454 4 5 6 1 9 8 3 10 2 7 
20180522455 1 10 3 7 6 2 5 4 9 8 
20180522456 4 3 8 10 2 9 1 5 6 7 
20180522457 5 9 8 3 1 10 7 2 6 4 
20180522458 3 4 7 5 1 2 6 8 10 9 
20180522459 4 10 5 1 2 6 3 8 9 7 
20180522460 7 8 2 6 10 1 3 9 4 5 
20180522461 4 9 8 1 6 3 5 10 7 2 
20180522462 3 6 8 1 9 4 2 10 7 5 
20180522463 8 3 10 2 1 4 6 5 9 7 
20180522464 9 6 10 2 5 1 8 3 4 7 
20180522465 4 5 10 2 3 1 7 9 6 8 
20180522466 8 6 7 2 3 1 4 10 5 9 
20180522467 5 8 2 3 9 1 10 7 4 6 
20180522468 9 5 4 8 3 6 1 10 7 2 
20180522469 4 8 6 10 9 2 1 3 7 5 
20180522470 2 5 9 3 1 10 7 6 4 8 
20180522471 7 8 4 1 6 9 3 10 5 2 
20180522472 9 2 10 4 1 3 5 7 6 8 
20180522473 5 6 2 4 1 7 3 10 8 9 
20180522474 7 4 6 10 3 5 9 1 2 8 
20180522475 8 6 5 4 7 1 3 9 2 10 
20180522476 7 10 8 4 1 6 9 3 2 5 
20180522477 8 7 2 1 10 4 3 5 6 9 
20180522478 9 2 6 7 8 3 1 4 10 5 
20180522479 6 3 5 2 1 8 9 10 7 4 
20180522480 8 4 10 7 3 6 9 5 2 1 
20180522481 7 9 1 4 3 10 2 5 8 6 
20180522482 3 2 10 8 7 9 5 6 4 1 
20180522483 4 3 6 8 10 5 7 2 9 1 
20180522484 8 9 10 2 3 1 4 5 7 6 
20180522485 10 8 3 4 9 7 1 5 2 6 
20180522486 9 6 8 2 1 4 7 3 10 5 
20180522487 5 7 2 9 8 4 3 10 1 6 
20180522488 5 8 10 7 1 4 3 2 9 6 
20180522489 10 2 8 5 6 1 9 4 3 7 
20180522490 3 10 8 7 9 5 4 1 6 2 
20180522491 3 4 1 5 10 7 2 8 9 6 
20180522492 6 1 10 9 3 4 8 2 7 5 
20180522493 10 9 2 5 7 1 8 6 3 4 
20180522494 3 9 1 6 2 10 7 4 5 8 
20180522495 6 10 4 8 2 1 5 7 9 3 
20180522496 4 6 2 1 10 8 5 3 7 9 
20180522497 6 1 2 7 9 3 8 10 4 5 
20180522498 10 9 6 4 5 8 1 7 2 3 
20180522499 8 3 1 10 4 6 7 5 9 2 
20180522500 8 5 4 6 9 10 7 2 1 3 
20180522501 5 9 8 3 4 6 2 1 7 10 
20180522502 9 3 6 8 7 10 5 2 4 1 
20180522503 5 3 1 7 8 10 9 2 4 6 
20180522504 1 5 6 7 10 4 8 2 9 3 
20180522505 4 2 9 3 10 1 7 6 8 5 
20180522506 9 1 7 5 10 3 2 8 6 4 
20180522507 7 1 10 6 3 9 4 5 2 8 
20180522508 1 4 5 2 9 10 8 7 6 3 
20180522509 8 3 5 7 4 6 9 1 10 2 
20180522510 8 3 5 2 10 4 6 1 9 7 
20180522511 3 7 5 2 10 8 4 6 1 9 
20180522512 8 5 7 9 2 4 10 1 6 3 
20180522513 2 6 4 7 5 8 3 10 9 1 
20180522514 9 3 7 1 4 2 5 6 8 10 
20180522515 2 4 9 6 8 5 1 10 3 7 
20180522516 7 10 3 6 5 4 1 9 8 2 
20180522517 7 2 1 6 5 8 10 3 4 9 
20180522518 5 6 3 8 7 9 4 10 2 1 
20180522519 2 9 8 1 3 7 10 6 5 4 
20180522520 8 6 5 3 7 9 1 2 4 10 
20180522521 4 3 5 7 6 2 10 8 9 1 
20180522522 2 10 1 6 4 9 7 5 8 3 
20180522523 4 5 6 9 3 2 1 7 8 10 
20180522524 7 9 2 1 10 3 6 4 8 5 
20180522525 4 9 2 1 8 10 5 7 3 6 
20180522526 8 7 5 6 4 1 3 10 9 2 
20180522527 3 7 1 2 5 8 10 6 9 4 
20180522528 5 3 2 4 7 10 6 8 1 9 
20180522529 6 7 1 5 8 2 4 3 9 10 
20180522530 7 2 9 6 5 4 1 3 10 8 
20180522531 9 5 10 7 1 4 6 3 8 2 
20180522532 3 1 6 8 5 9 10 7 2 4 
20180522533 4 9 8 7 3 10 6 5 2 1 
20180522534 4 2 9 7 8 3 6 5 1 10 
20180522535 5 8 10 9 2 3 6 7 1 4 
20180522536 8 3 6 9 2 1 4 7 5 10 
20180522537 3 9 4 10 2 6 1 5 8 7 
20180522538 3 8 5 4 2 1 7 9 10 6 
20180522539 8 3 5 7 10 2 1 6 4 9 
20180522540 5 1 10 8 3 4 6 7 2 9 
20180522541 4 7 6 2 8 5 10 3 9 1 
20180522542 3 1 9 2 8 10 6 4 5 7 
20180522543 6 1 4 10 9 7 3 8 2 5 
20180522544 6 8 2 1 4 10 7 9 3 5 
20180522545 8 2 3 1 7 4 9 5 6 10 
20180522546 5 1 4 10 8 7 2 9 6 3 
20180522547 1 2 8 4 7 6 9 3 5 10 
20180522548 7 1 10 2 5 9 8 6 4 3 
20180522549 8 9 10 2 1 5 3 7 4 6 
20180522550 10 7 6 5 3 8 9 4 1 2 
20180522551 9 4 7 10 2 1 5 6 8 3 
20180522552 8 3 1 2 9 5 4 7 6 10 
20180522553 1 3 7 2 9 6 8 10 5 4 
20180522554 5 1 3 6 10 9 7 2 8 4 
20180522555 9 2 8 1 4 3 10 5 6 7 
20180522556 3 8 9 5 6 7 4 10 1 2 
20180522557 8 4 3 2 1 5 7 9 10 6 
20180522558 8 1 4 5 2 9 6 7 3 10 
20180522559 10 7 4 8 2 1 9 6 3 5 
20180522560 9 1 10 2 8 5 6 7 3 4 
20180522561 1 10 7 2 8 4 6 3 5 9 
20180522562 5 10 6 9 4 1 7 3 2 8 
20180522563 7 4 2 10 1 5 8 6 9 3 
20180522564 3 10 1 9 2 6 4 8 7 5 
20180522565 3 7 1 6 9 5 8 10 2 4 
20180522566 9 2 3 7 4 10 1 5 8 6 
20180522567 7 5 1 10 3 2 8 9 4 6 
20180522568 5 8 6 9 7 10 4 1 2 3 
20180522569 6 2 8 10 1 9 7 3 5 4 
20180522570 8 4 9 7 5 2 6 3 10 1 
20180522571 1 8 5 2 3 7 4 6 10 9 
20180522572 5 2 1 10 8 9 7 3 6 4 
20180522573 5 7 2 6 4 8 9 10 1 3 
20180522574 1 2 5 7 9 3 4 8 10 6 
20180522575 6 10 1 5 8 7 2 4 3 9 
20180522576 6 10 7 2 5 3 8 4 1 9 
20180522577 8 10 3 2 6 5 1 7 4 9 
20180522578 9 2 4 1 8 7 5 10 3 6 
20180522579 5 4 10 8 3 6 1 7 9 2 
20180522580 10 9 3 8 6 7 1 5 2 4 
20180522581 1 10 4 8 3 2 7 5 6 9 
20180522582 3 7 8 5 9 2 10 1 6 4 
20180522583 4 5 7 6 3 10 9 2 8 1 
20180522584 8 2 3 5 4 9 10 6 7 1 
20180522585 5 6 1 7 9 10 4 2 3 8 
20180522586 7 5 10 6 4 2 3 9 8 1 
20180522587 4 10 8 7 6 2 5 9 1 3 
20180522588 3 9 7 1 2 5 4 6 8 10 
20180522589 7 1 4 9 10 3 2 5 6 8 
20180522590 2 8 1 7 3 10 6 5 4 9 
20180522591 3 7 6 10 1 4 2 5 8 9 
20180522592 10 4 8 1 7 2 6 9 3 5 
20180522593 8 10 3 7 5 1 4 9 2 6 
20180522594 10 2 6 7 1 8 9 5 4 3 
20180522595 4 7 9 3 6 10 8 5 1 2 
20180522596 8 6 9 1 2 4 7 10 5 3 
20180522597 5 8 10 7 9 2 4 3 6 1 
20180522598 6 5 4 8 7 3 10 9 2 1 
20180522599 8 3 1 4 10 6 7 5 9 2 
20180522600 1 7 2 3 8 5 4 9 6 10 
20180522601 6 2 7 10 3 9 1 5 8 4 
20180522602 5 2 9 7 10 8 1 6 4 3 
20180522603 9 3 7 2 4 5 1 6 10 8 
20180522604 10 2 5 7 8 6 4 1 9 3 
20180522605 9 10 2 4 8 1 3 7 6 5 
20180522606 2 8 7 10 5 1 4 9 6 3 
20180522607 2 1 4 9 7 10 3 8 5 6 
20180522608 8 1 10 7 3 6 9 4 2 5 
20180522609 5 8 6 10 4 9 7 1 3 2 
20180522610 6 8 9 1 10 4 7 3 2 5 
20180522611 1 10 9 2 7 3 4 8 5 6 
20180522612 2 9 6 5 7 1 3 10 8 4 
20180522613 7 3 4 6 2 5 9 10 8 1 
20180522614 10 2 7 3 6 9 1 4 8 5 
20180522615 1 2 5 9 6 3 7 10 4 8 
20180522616 6 5 1 2 9 10 3 8 4 7 
20180522617 4 3 10 8 5 9 1 6 7 2 
20180522618 8 2 3 10 9 7 5 1 4 6 
20180522619 1 6 2 7 8 3 4 5 10 9 
20180522620 2 3 10 7 8 4 9 6 5 1 
20180522621 3 1 2 10 7 9 4 6 5 8 
20180522622 3 1 9 4 5 2 7 10 8 6 
20180522623 6 3 9 10 4 5 1 8 2 7 
20180522624 9 1 6 3 5 8 4 10 2 7 
20180522625 10 5 7 8 4 3 6 1 2 9 
20180522626 5 10 8 4 6 2 1 9 3 7 
20180522627 2 7 3 6 10 9 8 1 4 5 
20180522628 8 4 6 3 2 9 10 1 7 5 
20180522629 2 4 3 1 5 9 7 8 10 6 
20180522630 1 4 7 9 10 6 8 5 2 3 
20180522631 4 6 10 9 3 1 8 5 2 7 
20180522632 7 4 1 5 8 10 2 3 9 6 
20180522633 3 2 7 6 9 1 8 4 5 10 
20180522634 5 6 1 4 10 2 8 3 9 7 
20180522635 9 7 4 6 8 3 5 10 2 1 
20180522636 4 2 7 6 9 5 3 1 10 8 
20180522637 8 9 6 1 2 5 7 10 3 4 
20180522638 5 8 1 2 9 7 4 3 10 6 
20180522639 4 1 10 6 9 2 7 3 8 5 
20180522640 8 10 9 4 6 2 7 3 1 5 
20180522641 5 3 4 1 9 10 6 2 7 8 
20180522642 3 5 6 4 1 2 8 9 10 7 
20180522643 9 8 4 7 1 5 6 3 10 2 
20180522644 1 6 4 2 3 9 7 5 10 8 
20180522645 8 3 4 7 10 9 6 2 5 1 
20180522646 6 4 7 10 3 2 8 9 1 5 
20180522647 3 9 7 6 8 1 4 5 10 2 
20180522648 10 8 6 4 9 1 3 2 7 5 
20180522649 3 10 9 2 7 6 5 1 4 8 
20180522650 4 10 3 7 6 1 2 5 8 9 
20180522651 3 4 5 6 8 7 9 2 1 10 
20180522652 9 1 5 3 10 8 2 6 4 7 
20180522653 2 7 4 5 8 9 10 3 6 1 
20180522654 8 9 1 6 10 5 4 7 3 2 
20180522655 8 10 3 2 1 5 7 4 9 6 
20180522656 4 2 5 6 7 10 1 9 3 8 
20180522657 9 8 6 2 4 5 3 10 1 7 
20180522658 4 1 5 9 2 6 8 3 10 7 
20180522659 6 2 3 10 5 4 1 9 7 8 
20180522660 6 2 7 10 3 8 9 4 5 1 
20180522661 7 10 6 4 1 5 3 8 9 2 
20180522662 9 10 7 5 6 2 8 3 1 4 
20180522663 1 10 7 6 2 9 5 4 3 8 
20180522664 5 10 8 7 1 6 2 9 4 3 
20180522665 4 10 5 7 3 8 1 9 6 2 
20180522666 1 2 3 9 5 6 7 8 10 4 
20180522667 7 2 3 4 1 5 10 6 9 8 
20180522668 2 7 4 8 5 1 6 9 3 10 
20180522669 7 6 4 9 5 1 8 2 10 3 
20180522670 8 9 2 4 5 3 1 10 6 7 
20180522671 1 10 8 5 3 4 9 2 6 7 
20180522672 6 1 7 9 3 8 2 4 10 5 
20180522673 2 4 1 9 3 8 7 6 10 5 
20180522674 9 4 10 5 3 1 8 2 7 6 
20180522675 2 1 6 4 10 5 9 7 8 3 
20180522676 1 5 2 4 7 6 9 10 3 8 
20180522677 6 3 2 1 10 4 7 8 5 9 
20180522678 5 10 9 8 1 2 4 7 3 6 
20180522679 7 10 5 6 4 8 1 9 3 2 
20180522680 7 8 3 6 2 4 9 5 10 1 
20180522681 1 6 9 5 7 2 8 4 10 3 
20180522682 2 4 8 3 7 6 1 5 10 9 
20180522683 9 5 4 8 6 1 3 7 2 10 
20180522684 7 6 2 10 4 1 9 5 8 3 
20180522685 5 7 3 2 8 6 10 1 4 9 
20180522686 4 1 3 10 5 2 9 8 7 6 
20180522687 3 6 10 5 9 7 2 1 8 4 
20180522688 2 9 7 3 10 1 8 4 5 6 
20180522689 2 9 7 8 10 3 5 1 4 6 
20180522690 6 4 9 7 2 5 10 8 3 1 
20180522691 7 9 2 1 6 10 3 8 5 4 
20180522692 5 8 10 3 6 1 2 7 4 9 
20180522693 1 9 4 5 6 8 3 2 7 10 
20180522694 8 6 3 7 2 1 9 5 10 4 
20180522695 3 1 5 6 4 2 9 10 8 7 
20180522696 9 3 10 7 5 6 2 1 8 4 
20180522697 9 8 5 2 10 1 3 7 6 4 
20180522698 10 2 5 9 8 3 4 6 1 7 
20180522699 3 9 10 7 8 2 5 4 1 6 
20180522700 7 4 6 3 5 9 10 1 2 8 
20180522701 6 2 8 10 3 9 5 1 7 4 
20180522702 2 7 10 3 9 1 4 5 6 8 
20180522703 1 5 4 7 3 6 9 10 8 2 
20180522704 4 3 10 7 1 9 2 8 6 5 
20180522705 4 7 10 8 9 1 6 5 2 3 
20180522706 8 10 9 2 1 4 7 6 5 3 
20180522707 2 3 5 7 1 4 9 10 6 8 
20180522708 10 8 9 2 7 4 6 3 1 5 
20180522709 7 1 4 9 5 6 10 2 8 3 
20180522710 1 10 7 3 8 2 5 6 4 9 
20180522711 9 5 7 8 6 2 10 1 4 3 
20180522712 2 7 1 4 10 3 8 6 5 9 
20180522713 10 2 1 6 5 8 3 9 7 4 
20180522714 1 9 10 8 3 5 7 6 2 4 
20180522715 4 10 3 8 5 6 1 2 7 9 
20180522716 3 9 5 10 7 1 6 2 8 4 
20180522717 7 5 9 6 10 4 3 2 1 8 
20180522718 6 9 5 3 8 10 4 7 2 1 
20180522719 6 3 7 8 1 9 5 2 10 4 
20180522720 4 10 1 7 8 5 9 3 2 6 
20180522721 6 1 2 3 9 7 10 4 8 5 
20180522722 7 5 9 6 2 10 8 3 4 1 
20180522723 9 2 10 1 7 5 3 6 8 4 
20180522724 4 1 6 10 5 8 7 9 2 3 
20180522725 4 10 9 6 3 5 2 7 8 1 
20180522726 8 5 10 3 7 4 1 6 2 9 
20180522727 10 6 1 5 9 3 2 7 8 4 
20180522728 7 8 2 9 5 6 1 10 4 3 
20180522729 6 10 7 5 1 3 9 8 4 2 
20180522730 1 2 4 7 8 9 3 10 5 6 
20180522731 10 6 2 5 1 3 4 7 9 8 
20180522732 3 4 2 5 7 6 1 9 8 10 
20180522733 7 3 9 5 1 8 4 6 10 2 
20180522734 4 10 1 5 7 2 9 6 3 8 
20180522735 1 3 2 9 6 10 5 8 7 4 
20180522736 5 7 2 1 9 10 3 8 4 6 
20180522737 1 8 3 7 6 10 5 9 4 2 
20180522738 4 10 2 3 1 8 6 9 5 7 
20180522739 4 9 2 1 7 8 3 6 5 10 
20180522740 4 8 3 9 10 5 1 7 2 6 
20180522741 5 7 2 8 3 4 6 9 10 1 
20180522742 8 4 5 1 9 2 6 3 10 7 
20180522743 9 4 7 1 5 6 8 10 2 3 
20180522744 9 8 5 7 1 10 2 3 4 6 
20180522745 2 5 3 4 8 6 7 9 10 1 
20180522746 2 8 9 4 6 3 5 7 10 1 
20180522747 5 10 6 1 2 9 3 4 7 8 
20180522748 2 5 9 6 4 10 3 7 8 1 
20180522749 9 6 5 10 1 7 3 2 4 8 
20180522750 8 2 4 6 3 1 10 5 7 9 
20180522751 10 5 4 7 3 1 6 8 9 2 
20180522752 5 3 1 2 8 6 4 9 7 10 
20180522753 8 1 3 2 5 9 10 6 7 4 
20180522754 1 4 6 3 5 2 9 7 10 8 
20180522755 8 7 5 9 1 4 3 2 10 6 
20180522756 2 6 1 8 10 3 4 7 9 5 
20180522757 9 8 5 3 6 7 2 10 1 4 
20180522758 9 8 6 1 5 4 3 2 10 7 
20180522759 5 10 7 6 8 4 3 2 9 1 
20180522760 8 4 3 2 7 6 9 10 5 1 
20180522761 9 10 6 2 4 8 5 7 3 1 
20180522762 4 3 9 8 5 2 10 1 7 6 
20180522763 2 1 4 8 9 7 5 10 3 6 
20180522764 9 8 10 5 6 7 3 1 4 2 
20180522765 3 1 10 4 9 8 2 6 5 7 
20180522766 5 3 8 4 7 6 10 1 9 2 
20180522767 3 9 5 7 4 8 10 2 6 1 
20180522768 6 8 3 5 2 7 10 1 9 4 
20180522769 7 2 9 5 10 8 4 3 6 1 
20180522770 5 7 4 2 3 10 8 9 1 6 
20180522771 7 1 4 10 5 2 6 3 9 8 
20180522772 6 8 1 9 10 7 2 5 4 3 
20180522773 3 2 9 7 5 10 8 4 6 1 
20180522774 10 7 6 8 2 3 4 1 5 9 
20180522775 1 9 6 4 3 10 2 8 5 7 
20180522776 3 2 1 9 4 10 7 8 5 6 
20180522777 2 6 1 4 5 7 8 10 9 3 
20180522778 8 1 6 3 5 9 4 2 7 10 
20180522779 3 4 10 9 1 2 6 8 7 5 
20180522780 1 2 8 9 10 6 4 3 7 5 
20180522781 6 4 10 7 1 3 2 5 8 9 
20180522782 2 8 5 1 3 7 4 6 10 9 
20180522783 6 7 2 10 8 4 1 3 5 9 
20180522784 10 9 2 1 3 5 7 6 4 8 
20180522785 4 7 6 9 5 10 3 8 2 1 
20180522786 6 4 2 3 7 8 1 9 10 5 
20180522787 7 2 10 1 6 8 3 9 4 5 
20180522788 8 2 3 5 9 1 6 7 4 10 
20180522789 5 4 1 10 9 3 2 8 6 7 
20180522790 9 1 2 4 10 6 5 7 8 3 
20180522791 6 1 4 8 10 5 2 9 7 3 
20180522792 2 8 9 6 10 4 1 3 5 7 
20180522793 1 8 3 2 9 5 10 6 4 7 
20180522794 3 8 2 5 10 7 6 4 9 1 
20180522795 10 3 5 6 9 4 8 7 2 1 
20180522796 1 6 2 8 4 10 5 3 9 7 
20180522797 10 4 9 7 6 1 3 5 2 8 
20180522798 8 6 3 1 5 7 4 10 2 9 
20180522799 10 3 9 8 2 7 5 6 4 1 
20180522800 9 6 4 1 2 3 7 5 10 8 
20180522801 3 5 9 6 8 1 2 7 10 4 
20180522802 4 6 5 9 1 7 2 8 10 3 
20180522803 9 3 4 10 5 2 8 1 6 7 
20180522804 2 10 1 9 7 5 4 8 3 6 
20180522805 6 9 5 8 1 2 3 7 10 4 
20180522806 3 9 6 1 2 4 7 10 8 5 
20180522807 7 1 4 5 10 9 3 8 2 6 
20180522808 8 4 9 5 1 7 10 6 2 3 
20180522809 6 9 2 1 10 7 8 5 4 3 
20180522810 1 5 10 6 8 2 7 3 9 4 
20180522811 1 2 6 5 4 7 9 10 3 8 
20180522812 1 3 7 10 9 2 5 4 6 8 
20180522813 4 10 8 9 3 2 1 6 7 5 
20180522814 3 7 6 2 10 8 9 4 1 5 
20180522815 9 6 7 5 3 8 1 4 10 2 
20180522816 1 10 5 3 6 2 7 9 8 4 
20180522817 7 10 3 1 9 5 6 8 2 4 
20180522818 1 3 7 8 2 4 9 6 5 10 
20180522819 5 9 2 3 8 1 4 6 7 10 
20180522820 6 2 4 9 3 5 10 7 1 8 
20180522821 3 1 9 6 4 5 7 8 2 10 
20180522822 2 6 5 10 7 3 8 1 4 9 
20180522823 10 6 9 1 5 4 3 8 2 7 
20180522824 2 10 8 1 7 3 5 6 9 4 
20180522825 2 1 7 10 3 5 8 6 4 9 
20180522826 5 7 3 4 10 8 9 6 1 2 
20180522827 4 8 7 9 10 1 5 2 3 6 
20180522828 10 9 6 2 1 5 7 8 3 4 
20180522829 9 4 6 1 2 7 3 5 8 10 
20180522830 1 7 2 8 3 4 10 9 5 6 
20180522831 4 6 7 8 2 9 10 5 3 1 
20180522832 8 4 1 3 9 7 6 5 2 10 
20180522833 4 8 7 6 2 3 10 5 9 1 
20180522834 7 8 1 10 9 5 4 2 6 3 
20180522835 3 1 2 7 5 10 9 4 8 6 
20180522836 10 9 5 6 4 7 3 8 1 2 
20180522837 8 7 3 1 10 4 2 6 5 9 
20180522838 10 9 1 8 5 3 2 4 7 6 
20180522839 3 4 5 9 1 8 7 6 10 2 
20180522840 9 5 10 6 3 1 7 8 4 2 
20180522841 1 10 9 3 8 5 7 4 2 6 
20180522842 2 7 5 9 3 10 1 8 6 4 
20180522843 2 7 10 4 8 1 5 6 9 3 
20180522844 3 2 4 5 9 6 10 8 7 1 
20180522845 3 7 4 9 6 2 8 5 1 10 
20180522846 10 2 1 8 9 3 5 6 4 7 
20180522847 2 8 7 1 5 10 6 9 4 3 
20180522848 10 1 6 8 4 2 9 5 3 7 
20180522849 9 5 7 8 6 4 1 10 2 3 
20180522850 5 4 10 1 8 6 7 3 9 2 
20180522851 2 5 9 1 3 10 8 6 4 7 
20180522852 4 6 2 8 7 5 10 3 1 9 
20180522853 4 2 8 5 6 10 7 9 3 1 
20180522854 4 7 5 1 8 6 3 2 10 9 
20180522855 2 4 9 1 6 3 7 5 10 8 
20180522856 7 2 9 1 10 4 5 8 3 6 
20180522857 3 5 1 8 4 2 10 6 9 7 
20180522858 3 2 8 4 7 6 5 1 9 10 
20180522859 10 2 4 6 7 3 5 1 9 8 
20180522860 6 8 7 4 5 3 10 2 9 1 
20180522861 7 5 4 9 2 1 3 8 6 10 
20180522862 4 6 10 2 3 5 9 1 8 7 
20180522863 3 8 7 6 2 4 10 5 1 9 
20180522864 3 1 10 8 5 7 6 9 2 4 
20180522865 10 4 6 9 5 7 2 8 1 3 
20180522866 6 4 7 3 8 2 5 9 1 10 
20180522867 10 2 1 3 6 4 9 5 8 7 
20180522868 5 7 6 4 3 1 8 2 10 9 
20180522869 3 6 2 9 4 8 1 5 7 10 
20180522870 9 5 6 4 8 3 7 2 1 10 
20180522871 4 7 8 10 3 9 5 1 6 2 
20180522872 4 3 8 2 5 7 1 10 6 9 
20180522873 7 5 3 9 6 1 4 10 8 2 
20180522874 6 2 5 7 1 10 9 3 8 4 
20180522875 1 4 10 2 6 5 9 7 8 3 
20180522876 8 4 9 10 1 2 5 7 3 6 
20180522877 3 8 4 5 10 1 2 7 6 9 
20180522878 4 8 2 7 1 6 5 10 9 3 
20180522879 5 3 8 1 6 10 4 2 7 9 
20180522880 10 7 5 6 4 8 3 2 9 1 
20180522881 6 7 2 1 4 5 8 10 3 9 
20180522882 10 3 9 4 1 8 2 7 6 5 
20180522883 6 2 10 5 7 4 9 1 3 8 
20180522884 5 7 10 2 6 9 3 8 1 4 
20180522885 3 5 8 6 9 7 10 1 2 4 
20180522886 2 3 9 4 6 8 7 1 10 5 
20180522887 9 1 4 5 2 8 6 10 3 7 
20180522888 2 3 7 10 6 9 8 1 4 5 
20180522889 2 8 7 5 1 3 6 10 9 4 
20180522890 7 9 2 4 1 5 10 3 8 6 
20180522891 6 3 9 5 10 8 7 1 4 2 
20180522892 8 7 4 5 3 6 2 9 10 1 
20180522893 8 3 9 7 5 1 10 6 4 2 
20180522894 7 1 2 9 6 4 3 10 8 5 
20180522895 10 6 2 5 3 7 1 4 9 8 
20180522896 9 5 1 4 6 3 10 8 7 2 
20180522897 6 2 4 9 8 5 3 10 1 7 
20180522898 2 4 1 10 8 3 6 7 9 5 
20180522899 6 2 9 1 10 3 5 4 8 7 
20180522900 9 6 3 10 4 2 1 8 7 5 
20180522901 6 5 9 4 1 3 8 10 2 7 
20180522902 1 2 10 5 3 7 6 9 8 4 
20180522903 9 4 5 8 2 3 6 10 1 7 
20180522904 2 8 4 6 9 7 10 3 1 5 
20180522905 9 5 7 3 1 10 8 6 2 4 
20180522906 1 3 5 9 6 8 4 2 7 10 
20180522907 1 5 2 6 9 3 7 8 4 10 
20180522908 10 3 1 6 8 4 2 9 5 7 
20180522909 7 9 3 2 5 6 1 4 8 10 
20180522910 1 7 5 2 10 3 9 4 8 6 
20180522911 4 1 7 9 10 8 2 5 3 6 
20180522912 8 1 4 6 5 3 10 9 7 2 
20180522913 2 5 10 6 7 3 1 4 8 9 
20180522914 1 4 3 7 6 10 2 8 9 5 
20180522915 7 9 3 8 2 6 5 4 10 1 
20180522916 5 2 7 1 9 4 3 8 6 10 
20180522917 8 3 4 6 1 7 10 9 5 2 
20180522918 10 8 7 6 9 4 1 3 2 5 
20180522919 7 5 8 2 3 1 4 9 10 6 
20180522920 1 6 4 9 10 3 7 5 8 2 
20180522921 1 2 4 5 7 6 10 9 3 8 
20180522922 1 8 5 4 2 10 3 7 6 9 
20180522923 3 7 9 6 5 1 4 10 8 2 
20180522924 8 6 5 4 7 2 9 1 3 10 
20180522925 4 3 2 6 8 7 1 5 10 9 
20180522926 3 2 8 1 5 10 6 7 4 9 
20180522927 8 9 2 3 6 5 10 1 7 4 
20180522928 5 8 1 2 6 9 4 3 10 7 
20180522929 7 6 5 9 4 1 8 3 10 2 
20180522930 7 10 5 3 6 4 1 8 2 9 
20180522931 4 9 5 6 3 7 1 8 10 2 
20180522932 1 6 3 7 4 9 10 2 8 5 
20180522933 6 8 7 10 5 1 4 9 3 2 
20180522934 7 2 9 3 5 8 1 6 10 4 
20180522935 6 8 7 10 1 3 2 4 5 9 
20180522936 8 6 1 10 5 2 4 7 3 9 
20180522937 2 3 8 7 10 6 4 9 5 1 
20180522938 1 10 8 5 3 6 2 4 7 9 
20180522939 3 6 1 9 4 2 10 7 8 5 
20180522940 8 3 2 1 10 4 5 9 7 6 
20180522941 10 4 1 3 8 6 5 7 9 2 
20180522942 4 7 3 2 10 1 6 8 9 5 
20180522943 4 7 10 8 6 9 2 3 5 1 
20180522944 2 5 3 6 4 7 9 1 8 10 
20180522945 9 5 10 7 8 2 3 6 4 1 
20180522946 3 10 7 2 5 9 4 1 6 8 
20180522947 4 9 5 3 7 6 10 1 8 2 
20180522948 9 1 7 2 6 4 3 10 8 5 
20180522949 9 3 7 6 4 10 2 5 1 8 
20180522950 10 3 4 2 1 7 9 5 6 8 
20180522951 3 7 9 2 10 4 6 5 8 1 
20180522952 7 3 4 10 9 6 1 2 8 5 
20180522953 5 4 3 1 2 7 10 9 8 6 
20180522954 5 10 1 9 2 6 7 4 3 8 
20180522955 6 10 7 9 5 8 1 2 4 3 
20180522956 4 6 9 5 1 7 3 2 10 8 
20180522957 1 5 8 2 4 9 10 7 3 6 
20180522958 4 8 9 3 5 2 1 10 6 7 
20180522959 5 9 3 1 4 6 2 8 7 10 
20180522960 5 1 2 10 3 8 7 9 6 4 
20180522961 4 1 6 3 7 10 5 8 9 2 
20180522962 10 1 7 5 8 2 3 6 9 4 
20180522963 9 3 4 2 6 10 1 5 7 8 
20180522964 7 1 4 6 3 9 10 8 5 2 
20180522965 8 7 6 3 1 4 5 9 2 10 
20180522966 5 3 7 9 8 4 6 2 1 10 
20180522967 9 1 5 10 6 8 7 2 3 4 
20180522968 4 6 9 2 5 10 1 3 7 8 
20180522969 4 8 6 2 3 5 1 9 10 7 
20180522970 6 10 5 9 2 7 4 1 8 3 
20180522971 6 10 2 4 7 5 3 9 1 8 
20180522972 2 1 6 9 4 8 3 5 7 10 
20180522973 3 2 1 10 8 4 9 7 5 6 
20180522974 10 4 5 6 7 9 1 8 2 3 
20180522975 3 4 7 10 9 8 1 5 2 6 
20180522976 5 2 9 8 10 6 4 7 1 3 
20180522977 1 6 7 8 10 4 5 9 2 3 
20180522978 7 9 10 2 8 1 4 5 6 3 
20180522979 1 4 8 5 7 3 9 10 2 6 
20180522980 7 2 1 4 8 3 9 5 10 6 
20180522981 8 5 2 9 6 1 7 10 3 4 
20180522982 6 8 4 5 2 1 3 10 9 7 
20180522983 2 10 9 4 6 7 8 5 1 3 
20180522984 10 7 9 5 2 1 4 6 8 3 
20180522985 5 8 6 9 4 1 3 10 7 2 
