20180501001 2 6 9 5 10 8 7 1 4 3 
20180501002 2 1 5 4 3 6 10 7 8 9 
20180501003 1 10 5 8 7 3 6 4 9 2 
20180501004 9 6 3 10 1 5 8 2 4 7 
20180501005 4 5 1 6 2 10 9 8 7 3 
20180501006 3 9 2 7 5 1 6 10 4 8 
20180501007 4 1 3 5 2 7 10 6 9 8 
20180501008 6 8 1 5 3 2 7 9 4 10 
20180501009 2 9 10 6 8 5 3 7 4 1 
20180501010 8 3 2 6 7 10 5 1 4 9 
20180501011 10 4 9 7 3 5 2 1 8 6 
20180501012 6 10 2 4 8 1 9 7 5 3 
20180501013 7 2 3 8 5 9 6 10 4 1 
20180501014 2 5 8 1 3 4 7 6 10 9 
20180501015 6 5 9 7 8 3 2 1 4 10 
20180501016 4 7 3 5 2 8 9 10 1 6 
20180501017 5 1 9 2 3 6 8 10 7 4 
20180501018 5 8 7 10 3 9 1 2 6 4 
20180501019 8 5 9 1 10 4 6 3 2 7 
20180501020 2 1 9 5 6 7 10 8 4 3 
20180501021 2 9 10 1 5 3 8 7 4 6 
20180501022 9 3 6 2 1 5 10 4 7 8 
20180501023 8 9 1 6 7 10 4 5 3 2 
20180501024 2 9 6 4 8 7 1 3 10 5 
20180501025 6 3 5 2 4 7 9 8 1 10 
20180501026 7 5 2 10 6 1 8 3 4 9 
20180501027 1 3 6 4 7 10 5 8 2 9 
20180501028 5 6 9 7 8 2 10 4 1 3 
20180501029 6 4 8 1 2 10 9 5 7 3 
20180501030 2 8 3 4 6 7 1 10 9 5 
20180501031 9 3 6 8 1 10 5 7 4 2 
20180501032 2 7 4 6 9 3 1 5 10 8 
20180501033 2 7 9 4 8 10 3 6 1 5 
20180501034 7 4 1 5 9 8 2 6 10 3 
20180501035 1 10 3 5 4 9 2 7 6 8 
20180501036 2 5 6 1 9 3 8 7 4 10 
20180501037 8 4 6 1 9 2 10 3 7 5 
20180501038 2 9 6 10 4 3 8 1 5 7 
20180501039 10 8 7 2 6 9 4 3 5 1 
20180501040 10 2 7 3 6 1 8 4 9 5 
20180501041 2 7 8 5 4 10 6 1 9 3 
20180501042 3 6 8 2 1 5 4 9 7 10 
20180501043 6 5 3 7 2 10 8 9 1 4 
20180501044 7 5 10 9 6 3 8 1 2 4 
20180501045 3 10 6 2 5 7 8 1 9 4 
20180501046 8 3 6 1 4 5 10 9 2 7 
20180501047 5 4 9 3 8 10 1 2 7 6 
20180501048 5 1 7 10 2 9 6 3 8 4 
20180501049 8 3 10 7 4 6 9 1 5 2 
20180501050 4 9 2 1 7 6 3 10 8 5 
20180501051 8 5 7 9 2 3 6 10 4 1 
20180501052 9 2 4 10 5 3 6 7 8 1 
20180501053 6 3 7 1 2 4 9 10 5 8 
20180501054 6 9 4 3 10 1 7 5 8 2 
20180501055 9 1 3 8 4 5 10 7 2 6 
20180501056 10 1 8 5 4 7 9 6 2 3 
20180501057 1 3 7 8 2 10 5 6 4 9 
20180501058 2 8 4 7 3 10 9 6 1 5 
20180501059 7 6 9 4 10 2 5 1 8 3 
20180501060 3 8 2 4 6 9 5 7 10 1 
20180501061 10 5 3 7 4 1 6 8 2 9 
20180501062 7 8 3 1 6 4 5 2 9 10 
20180501063 2 10 6 7 8 1 3 5 9 4 
20180501064 4 9 1 7 5 6 10 2 8 3 
20180501065 7 6 5 2 1 8 3 9 4 10 
20180501066 5 6 10 7 2 3 9 8 4 1 
20180501067 1 6 3 8 2 9 5 10 7 4 
20180501068 10 1 4 7 6 5 3 9 2 8 
20180501069 2 5 4 10 1 7 9 8 6 3 
20180501070 1 9 10 7 8 5 6 4 2 3 
20180501071 2 3 1 10 7 5 8 4 9 6 
20180501072 9 7 5 4 10 6 3 8 1 2 
20180501073 7 6 3 8 5 2 10 4 9 1 
20180501074 10 5 1 7 9 2 8 3 6 4 
20180501075 9 10 8 3 2 5 1 4 6 7 
20180501076 5 9 8 6 2 1 10 7 3 4 
20180501077 8 10 9 4 1 5 2 6 7 3 
20180501078 1 5 7 6 10 2 8 4 3 9 
20180501079 9 5 4 8 2 7 6 10 3 1 
20180501080 5 2 7 3 1 4 9 10 6 8 
20180501081 7 1 10 6 5 9 4 2 3 8 
20180501082 3 8 4 1 6 7 2 9 10 5 
20180501083 9 5 7 4 8 1 6 10 3 2 
20180501084 10 3 2 9 7 8 6 4 1 5 
20180501085 6 5 9 3 8 7 1 10 4 2 
20180501086 5 7 8 1 10 6 9 2 3 4 
20180501087 2 7 5 10 4 8 1 9 3 6 
20180501088 4 6 8 2 1 7 9 3 5 10 
20180501089 5 4 1 6 2 7 3 8 9 10 
20180501090 6 9 2 1 10 7 3 4 5 8 
20180501091 1 10 6 2 4 8 7 3 9 5 
20180501092 10 2 3 7 8 4 5 1 9 6 
20180501093 9 6 7 3 5 2 1 8 10 4 
20180501094 7 5 3 4 6 1 9 10 2 8 
20180501095 7 5 10 4 2 9 8 6 1 3 
20180501096 8 1 7 9 10 5 6 3 2 4 
20180501097 5 1 10 2 9 6 4 7 8 3 
20180501098 7 8 3 4 10 6 9 5 2 1 
20180501099 6 9 10 1 8 4 5 3 7 2 
20180501100 4 1 3 2 9 10 6 8 5 7 
20180501101 1 10 7 3 9 4 8 5 2 6 
20180501102 4 5 1 6 10 3 7 8 9 2 
20180501103 5 2 1 6 4 10 3 8 9 7 
20180501104 5 3 10 8 4 1 9 2 6 7 
20180501105 7 3 9 4 8 1 2 6 5 10 
20180501106 8 1 6 9 3 4 5 10 7 2 
20180501107 6 9 7 5 2 3 10 1 8 4 
20180501108 8 4 9 1 7 6 5 2 10 3 
20180501109 8 9 1 2 6 10 7 5 3 4 
20180501110 4 1 2 10 8 9 5 3 6 7 
20180501111 3 1 4 5 7 10 8 2 9 6 
20180501112 9 3 2 4 1 8 6 10 7 5 
20180501113 6 9 10 4 8 2 3 7 5 1 
20180501114 6 10 3 4 9 5 2 1 8 7 
20180501115 4 6 5 9 3 10 2 7 1 8 
20180501116 6 3 1 7 5 2 8 4 9 10 
20180501117 9 2 8 4 10 1 6 5 7 3 
20180501118 6 7 10 5 3 8 2 4 9 1 
20180501119 3 10 2 8 1 6 7 5 4 9 
20180501120 9 10 3 4 7 2 8 5 6 1 
20180501121 8 7 3 9 5 1 2 4 10 6 
20180501122 2 9 7 8 6 10 4 3 5 1 
20180501123 8 6 3 1 7 5 10 4 9 2 
20180501124 10 4 1 3 6 7 8 9 5 2 
20180501125 2 3 8 7 6 1 9 4 5 10 
20180501126 3 10 2 5 6 8 9 1 4 7 
20180501127 1 6 5 7 8 9 4 3 10 2 
20180501128 5 7 3 9 2 8 6 1 4 10 
20180501129 2 1 10 9 4 6 7 5 8 3 
20180501130 2 6 7 8 9 1 10 3 5 4 
20180501131 4 9 1 8 3 6 5 7 2 10 
20180501132 8 2 1 7 10 6 9 3 5 4 
20180501133 6 10 4 8 7 1 2 3 5 9 
20180501134 2 5 8 3 4 10 9 7 6 1 
20180501135 3 4 7 9 5 1 6 10 8 2 
20180501136 2 3 7 5 10 1 8 9 4 6 
20180501137 8 9 2 10 1 5 6 4 7 3 
20180501138 8 3 10 6 7 2 5 1 4 9 
20180501139 6 1 3 7 2 8 10 4 5 9 
20180501140 6 3 1 9 2 5 10 4 7 8 
20180501141 3 4 7 5 8 1 10 6 2 9 
20180501142 2 4 3 5 1 8 10 7 9 6 
20180501143 1 3 2 4 7 6 8 9 10 5 
20180501144 6 5 7 9 3 2 8 10 4 1 
20180501145 9 4 5 10 1 3 2 8 7 6 
20180501146 6 1 9 3 5 10 8 7 4 2 
20180501147 3 4 6 9 8 1 5 2 10 7 
20180501148 1 4 10 8 9 2 7 3 6 5 
20180501149 8 10 4 2 5 7 3 1 9 6 
20180501150 1 7 8 9 5 3 4 10 2 6 
20180501151 2 5 9 8 10 1 3 7 6 4 
20180501152 7 1 2 5 4 6 3 9 8 10 
20180501153 8 7 6 9 3 5 4 10 1 2 
20180501154 4 10 5 6 9 8 2 1 7 3 
20180501155 2 6 1 3 8 9 10 5 7 4 
20180501156 5 10 9 4 8 1 3 6 7 2 
20180501157 7 3 4 1 8 2 5 10 6 9 
20180501158 9 1 10 8 2 6 4 5 7 3 
20180501159 4 10 2 5 7 8 1 3 6 9 
20180501160 7 4 8 5 10 1 3 9 6 2 
20180501161 3 2 9 10 7 1 5 6 4 8 
20180501162 5 8 4 1 6 3 10 7 9 2 
20180501163 1 10 6 8 7 5 3 2 4 9 
20180501164 1 8 9 10 3 6 4 5 2 7 
20180501165 4 6 10 5 7 1 2 3 9 8 
20180501166 9 5 1 3 4 8 7 6 10 2 
20180501167 7 6 4 5 1 8 9 10 2 3 
20180501168 9 7 4 6 8 2 3 1 5 10 
20180501169 8 4 3 1 10 5 6 2 7 9 
20180501170 5 6 2 4 9 3 8 10 7 1 
20180501171 5 9 7 1 2 8 4 3 10 6 
20180501172 10 6 3 8 1 2 4 5 7 9 
20180501173 7 8 6 9 3 5 4 2 1 10 
20180501174 9 4 5 6 2 10 8 7 1 3 
20180501175 2 4 7 10 5 8 9 6 1 3 
20180501176 4 5 3 6 7 9 8 2 10 1 
20180501177 2 1 3 4 10 7 6 9 8 5 
20180501178 4 8 2 1 10 3 7 5 9 6 
20180501179 6 4 9 5 10 2 3 7 8 1 
20180501180 9 10 5 3 6 8 7 1 4 2 
20180501181 6 3 7 10 8 9 1 4 2 5 
20180501182 3 2 10 1 6 7 4 5 8 9 
20180501183 4 9 1 2 3 7 6 10 5 8 
20180501184 7 4 5 9 8 3 6 2 10 1 
20180501185 8 5 4 10 9 6 3 1 2 7 
20180501186 5 8 4 7 3 1 2 9 10 6 
20180501187 8 7 3 9 2 4 1 5 10 6 
20180501188 3 8 6 2 10 1 4 7 9 5 
20180501189 10 3 5 6 9 2 1 8 7 4 
20180501190 1 7 3 6 2 9 8 4 10 5 
20180501191 10 2 1 5 8 3 7 9 4 6 
20180501192 6 8 9 2 3 1 5 10 7 4 
20180501193 8 2 1 3 5 9 7 4 6 10 
20180501194 3 9 4 10 6 1 8 2 5 7 
20180501195 5 8 4 2 10 3 7 1 6 9 
20180501196 10 2 8 9 7 1 6 5 3 4 
20180501197 5 8 7 4 9 6 1 10 2 3 
20180501198 5 1 8 9 6 2 7 4 10 3 
20180501199 9 3 6 8 4 2 7 10 5 1 
20180501200 9 7 6 4 3 8 1 10 2 5 
20180501201 9 5 8 6 10 3 2 4 7 1 
20180501202 10 1 2 5 8 6 3 4 7 9 
20180501203 8 5 9 6 4 10 3 1 7 2 
20180501204 7 9 10 1 2 6 5 3 8 4 
20180501205 7 10 4 9 3 1 6 5 8 2 
20180501206 6 1 8 4 5 2 10 3 7 9 
20180501207 5 6 8 9 4 2 10 1 3 7 
20180501208 4 3 2 9 8 10 5 1 6 7 
20180501209 3 1 5 9 4 10 8 6 7 2 
20180501210 7 1 5 8 6 9 4 10 2 3 
20180501211 4 2 9 1 10 8 6 3 5 7 
20180501212 8 6 5 3 2 4 7 1 9 10 
20180501213 3 4 8 9 10 2 5 6 1 7 
20180501214 8 1 6 5 7 2 9 4 10 3 
20180501215 7 2 9 8 6 4 1 3 10 5 
20180501216 10 8 5 6 9 1 7 2 4 3 
20180501217 1 5 8 10 4 2 9 3 6 7 
20180501218 10 2 8 5 3 9 6 4 1 7 
20180501219 8 5 10 2 4 9 3 1 6 7 
20180501220 4 8 7 1 9 2 10 5 3 6 
20180501221 2 6 9 5 1 8 10 7 3 4 
20180501222 3 4 1 7 5 6 9 2 8 10 
20180501223 5 2 7 8 3 1 9 10 4 6 
20180501224 10 5 6 2 4 9 3 7 8 1 
20180501225 8 1 7 5 6 9 10 3 2 4 
20180501226 4 3 8 6 10 5 2 9 7 1 
20180501227 7 2 4 8 3 6 10 1 9 5 
20180501228 9 1 6 4 7 10 2 5 3 8 
20180501229 5 4 10 3 8 9 6 1 2 7 
20180501230 2 7 9 3 4 10 8 5 1 6 
20180501231 4 2 1 6 9 8 3 7 5 10 
20180501232 8 3 5 2 7 4 1 6 9 10 
20180501233 7 3 8 1 2 10 4 6 5 9 
20180501234 9 4 2 8 7 1 5 3 6 10 
20180501235 2 9 5 6 3 10 1 8 7 4 
20180501236 8 3 5 4 7 1 10 9 2 6 
20180501237 6 3 10 4 1 8 7 5 2 9 
20180501238 9 10 3 7 5 6 4 8 2 1 
20180501239 10 5 8 6 3 1 4 9 2 7 
20180501240 5 10 4 7 6 2 3 8 9 1 
20180501241 2 7 3 5 8 4 9 10 1 6 
20180501242 9 7 6 1 10 2 8 5 4 3 
20180501243 5 9 4 1 10 3 2 6 7 8 
20180501244 9 6 2 1 3 8 10 4 5 7 
20180501245 10 3 9 6 5 1 2 8 7 4 
20180501246 5 6 4 9 10 8 2 1 3 7 
20180501247 4 10 8 1 2 5 9 6 7 3 
20180501248 7 5 4 8 9 2 3 10 6 1 
20180501249 3 7 9 8 4 6 2 5 10 1 
20180501250 2 7 8 6 1 10 5 4 3 9 
20180501251 1 9 6 4 8 7 5 2 10 3 
20180501252 2 9 10 8 4 3 5 1 7 6 
20180501253 4 6 7 8 3 1 5 2 10 9 
20180501254 8 9 10 1 6 3 4 2 7 5 
20180501255 5 10 3 7 4 6 2 9 8 1 
20180501256 9 4 10 8 1 5 7 6 3 2 
20180501257 2 8 4 1 7 10 9 5 6 3 
20180501258 5 6 8 4 3 1 2 9 7 10 
20180501259 9 6 1 5 7 4 2 3 8 10 
20180501260 9 3 2 5 4 6 7 10 8 1 
20180501261 8 10 5 4 6 9 1 3 7 2 
20180501262 9 1 5 2 6 4 10 8 3 7 
20180501263 4 2 10 8 3 9 1 7 6 5 
20180501264 1 5 9 8 2 7 3 4 6 10 
20180501265 10 6 9 4 1 2 5 3 8 7 
20180501266 4 1 7 3 2 5 9 10 8 6 
20180501267 7 3 8 5 1 6 2 9 10 4 
20180501268 6 3 2 5 8 4 1 10 7 9 
20180501269 3 9 6 4 8 2 7 10 1 5 
20180501270 2 9 6 4 1 7 3 8 10 5 
20180501271 8 1 5 6 7 2 3 4 10 9 
20180501272 5 8 6 7 10 4 3 2 1 9 
20180501273 2 7 6 9 1 3 10 5 4 8 
20180501274 7 9 1 5 8 4 2 3 6 10 
20180501275 6 1 5 8 4 2 10 3 7 9 
20180501276 3 7 6 4 1 5 10 9 8 2 
20180501277 9 5 2 10 7 4 6 3 8 1 
20180501278 10 9 1 2 6 7 3 4 5 8 
20180501279 8 4 3 7 6 9 2 1 10 5 
20180501280 2 10 4 3 7 1 6 8 9 5 
20180501281 2 10 1 3 9 7 4 8 6 5 
20180501282 10 9 8 2 6 7 5 1 3 4 
20180501283 7 10 3 1 6 2 8 5 4 9 
20180501284 9 7 10 3 2 4 8 5 6 1 
20180501285 9 7 1 4 2 6 10 8 3 5 
20180501286 8 5 2 9 7 10 4 3 1 6 
20180501287 7 4 6 10 8 3 1 2 5 9 
20180501288 4 8 10 3 7 1 2 9 5 6 
20180501289 5 4 9 8 2 10 1 7 3 6 
20180501290 10 7 6 4 2 5 8 3 1 9 
20180501291 10 7 4 1 6 5 8 2 3 9 
20180501292 2 6 7 8 1 10 3 9 4 5 
20180501293 4 8 10 1 2 3 6 9 5 7 
20180501294 6 3 2 10 8 1 4 7 5 9 
20180501295 4 8 9 3 2 1 10 6 7 5 
20180501296 5 7 8 10 6 9 2 4 3 1 
20180501297 7 3 8 1 9 4 2 10 6 5 
20180501298 3 9 5 4 2 6 1 10 7 8 
20180501299 6 7 5 2 10 4 1 9 3 8 
20180501300 7 10 2 9 3 8 6 1 5 4 
20180501301 1 3 4 2 8 9 10 7 6 5 
20180501302 10 8 3 6 2 1 4 5 7 9 
20180501303 7 5 9 4 8 3 6 10 2 1 
20180501304 3 10 9 4 2 5 6 8 1 7 
20180501305 10 4 8 7 9 5 1 2 6 3 
20180501306 4 6 5 9 10 8 3 7 1 2 
20180501307 8 3 5 7 9 1 4 10 2 6 
20180501308 8 4 5 1 6 7 2 9 10 3 
20180501309 6 2 8 3 4 9 10 1 5 7 
20180501310 6 3 7 10 4 2 5 8 9 1 
20180501311 8 2 4 1 6 10 9 3 7 5 
20180501312 8 1 2 6 9 5 4 10 7 3 
20180501313 7 3 6 5 9 4 1 2 10 8 
20180501314 9 2 8 4 5 3 1 10 7 6 
20180501315 6 4 7 8 3 2 10 1 9 5 
20180501316 1 2 4 10 7 3 9 6 5 8 
20180501317 8 4 1 3 5 6 10 7 9 2 
20180501318 9 5 2 10 4 6 7 8 3 1 
20180501319 5 7 10 4 8 9 3 1 6 2 
20180501320 9 2 8 1 6 5 7 4 10 3 
20180501321 3 7 4 8 10 2 5 9 1 6 
20180501322 10 3 7 6 8 5 1 4 2 9 
20180501323 3 8 10 2 4 7 1 9 6 5 
20180501324 1 10 3 9 5 7 8 2 4 6 
20180501325 9 5 4 8 3 10 2 7 1 6 
20180501326 5 4 8 1 6 3 7 2 10 9 
20180501327 8 6 1 4 9 10 2 3 7 5 
20180501328 4 1 6 8 5 9 7 10 3 2 
20180501329 5 7 10 4 1 3 2 6 9 8 
20180501330 3 5 8 1 6 7 10 4 9 2 
20180501331 8 2 3 7 4 1 10 9 6 5 
20180501332 7 4 8 3 9 10 5 2 6 1 
20180501333 3 8 10 4 1 6 7 9 2 5 
20180501334 5 6 8 9 10 1 4 2 7 3 
20180501335 5 10 9 8 7 6 1 4 2 3 
20180501336 3 9 7 5 4 8 1 2 6 10 
20180501337 7 4 1 2 8 5 10 9 6 3 
20180501338 7 2 1 3 9 4 8 6 10 5 
20180501339 5 1 2 7 8 3 10 9 6 4 
20180501340 3 8 4 7 10 6 5 1 9 2 
20180501341 3 7 6 9 5 10 2 8 1 4 
20180501342 3 8 4 9 10 1 7 2 5 6 
20180501343 10 7 9 4 8 3 6 5 1 2 
20180501344 6 1 3 5 9 2 4 10 8 7 
20180501345 8 7 1 6 9 5 3 10 4 2 
20180501346 10 5 8 1 7 2 3 6 9 4 
20180501347 3 9 6 5 2 4 1 7 8 10 
20180501348 8 5 4 9 7 3 10 6 2 1 
20180501349 3 4 1 8 7 10 5 6 2 9 
20180501350 2 3 10 6 4 7 9 8 5 1 
20180501351 9 3 6 1 10 5 7 2 4 8 
20180501352 2 5 9 7 1 3 4 10 6 8 
20180501353 3 1 6 9 4 10 7 5 8 2 
20180501354 1 6 3 8 2 10 9 5 4 7 
20180501355 6 8 9 1 10 3 4 5 7 2 
20180501356 8 2 10 7 1 4 5 9 3 6 
20180501357 10 5 9 6 1 4 3 8 2 7 
20180501358 7 10 9 3 6 1 5 2 8 4 
20180501359 7 9 10 2 6 8 3 1 5 4 
20180501360 1 4 8 3 9 2 6 10 7 5 
20180501361 6 8 3 10 4 7 5 2 1 9 
20180501362 9 10 4 7 8 3 2 1 5 6 
20180501363 5 8 2 3 7 6 10 9 4 1 
20180501364 5 8 10 2 3 4 1 9 6 7 
20180501365 5 1 8 7 6 9 10 3 4 2 
20180501366 4 9 1 10 7 6 5 3 8 2 
20180501367 8 4 5 1 10 6 7 9 2 3 
20180501368 2 6 5 7 4 1 8 3 10 9 
20180501369 10 3 1 2 7 8 9 5 6 4 
20180501370 5 1 10 2 7 9 6 3 4 8 
20180501371 1 2 9 7 4 5 6 8 10 3 
20180501372 9 1 7 3 2 5 4 10 8 6 
20180501373 6 1 3 5 10 7 4 9 8 2 
20180501374 9 1 5 7 3 2 4 6 10 8 
20180501375 1 6 10 8 2 5 4 7 9 3 
20180501376 10 4 5 6 8 7 2 3 9 1 
20180501377 8 4 10 5 2 7 9 1 3 6 
20180501378 2 8 5 9 6 3 1 10 4 7 
20180501379 3 2 1 8 10 7 4 6 5 9 
20180501380 8 2 7 9 1 6 5 4 3 10 
20180501381 10 9 3 7 2 6 8 4 1 5 
20180501382 1 8 5 3 9 2 10 6 7 4 
20180501383 1 4 6 10 3 5 2 8 9 7 
20180501384 5 2 6 4 9 3 1 8 10 7 
20180501385 3 6 5 7 1 2 8 9 4 10 
20180501386 6 2 4 8 10 7 9 5 3 1 
20180501387 9 5 10 6 1 8 2 7 4 3 
20180501388 6 7 8 2 5 10 4 9 1 3 
20180501389 4 8 6 2 7 10 9 1 5 3 
20180501390 10 4 3 9 2 7 1 8 5 6 
20180501391 10 5 3 7 2 8 9 6 1 4 
20180501392 8 5 6 7 1 3 10 9 2 4 
20180501393 2 9 1 3 5 4 10 7 6 8 
20180501394 6 3 4 2 1 10 7 5 8 9 
20180501395 6 1 5 9 4 8 2 10 7 3 
20180501396 8 5 4 10 7 3 1 2 6 9 
20180501397 9 3 4 10 8 7 1 6 5 2 
20180501398 2 1 7 6 9 8 4 5 10 3 
20180501399 9 4 7 3 2 5 6 8 1 10 
20180501400 5 7 3 4 9 10 1 8 6 2 
20180501401 7 1 2 4 5 8 6 3 9 10 
20180501402 9 1 8 2 5 10 3 7 6 4 
20180501403 10 9 4 2 1 5 3 6 8 7 
20180501404 6 9 8 4 2 1 7 3 5 10 
20180501405 7 2 4 6 3 10 1 5 8 9 
20180501406 10 8 7 4 9 1 6 3 2 5 
20180501407 6 4 3 1 7 10 2 5 9 8 
20180501408 5 9 6 8 7 2 1 3 4 10 
20180501409 9 2 1 5 3 6 4 7 10 8 
20180501410 7 2 10 8 4 9 6 1 5 3 
20180501411 7 9 8 2 3 6 5 4 10 1 
20180501412 7 6 3 10 8 4 9 1 5 2 
20180501413 6 1 8 2 9 3 7 5 10 4 
20180501414 5 8 7 10 3 9 4 6 2 1 
20180501415 4 10 2 8 5 9 1 6 7 3 
20180501416 3 2 10 1 6 8 9 5 4 7 
20180501417 9 6 8 3 1 10 7 5 2 4 
20180501418 5 3 6 2 7 1 10 9 4 8 
20180501419 6 10 5 3 7 8 1 4 2 9 
20180501420 5 7 10 4 2 1 8 6 9 3 
20180501421 3 4 5 6 10 1 8 2 9 7 
20180501422 1 3 10 6 5 2 4 9 8 7 
20180501423 10 7 2 1 6 9 5 8 3 4 
20180501424 2 6 10 1 3 5 4 9 7 8 
20180501425 10 7 4 8 2 6 1 5 3 9 
20180501426 7 4 9 5 8 6 1 3 10 2 
20180501427 4 1 7 5 10 2 8 3 9 6 
20180501428 1 9 3 4 2 5 7 10 8 6 
20180501429 10 8 6 7 5 4 1 3 9 2 
20180501430 8 5 10 6 4 2 9 3 7 1 
20180501431 5 6 1 9 10 8 3 4 7 2 
20180501432 4 10 7 2 9 3 6 8 5 1 
20180501433 1 2 6 3 4 10 8 7 9 5 
20180501434 5 9 1 3 2 10 4 8 6 7 
20180501435 6 1 2 9 10 4 5 7 8 3 
20180501436 8 1 9 2 10 4 7 6 5 3 
20180501437 3 5 4 10 6 7 8 9 1 2 
20180501438 5 6 4 7 8 1 3 9 2 10 
20180501439 6 5 10 3 8 4 1 7 9 2 
20180501440 1 8 7 3 10 9 6 5 2 4 
20180501441 1 8 3 4 7 6 10 9 5 2 
20180501442 9 2 6 8 5 7 3 4 1 10 
20180501443 8 2 6 10 3 9 5 1 7 4 
20180501444 3 6 10 1 2 7 4 8 9 5 
20180501445 10 9 7 6 4 5 8 1 2 3 
20180501446 4 5 6 8 1 3 9 10 7 2 
20180501447 4 2 8 6 7 5 3 10 9 1 
20180501448 2 10 6 3 4 9 5 1 8 7 
20180501449 10 1 9 5 8 6 2 7 4 3 
20180501450 3 8 7 1 4 6 9 2 10 5 
20180501451 3 9 6 4 10 8 5 7 1 2 
20180501452 8 4 10 7 9 2 5 3 6 1 
20180501453 1 2 6 9 3 5 7 10 8 4 
20180501454 1 7 8 5 10 9 2 6 4 3 
20180501455 4 8 7 1 9 5 10 2 6 3 
20180501456 6 7 10 5 1 4 3 8 2 9 
20180501457 9 8 2 3 4 1 6 5 10 7 
20180501458 2 4 8 7 5 3 6 1 10 9 
20180501459 5 3 6 2 8 7 10 4 9 1 
20180501460 10 9 3 7 8 2 6 4 5 1 
20180501461 6 3 8 1 4 9 2 7 5 10 
20180501462 2 7 8 3 6 9 10 4 1 5 
20180501463 2 3 8 6 7 10 4 5 1 9 
20180501464 10 2 6 5 4 9 7 8 3 1 
20180501465 5 4 7 2 3 10 8 1 6 9 
20180501466 2 1 10 7 4 9 8 5 3 6 
20180501467 8 2 7 5 3 1 4 9 10 6 
20180501468 5 2 4 10 1 6 9 3 7 8 
20180501469 7 4 1 10 9 8 2 3 5 6 
20180501470 2 5 7 1 10 3 8 9 6 4 
20180501471 10 2 7 6 1 4 3 8 5 9 
20180501472 4 2 1 7 6 10 3 5 9 8 
20180501473 2 1 10 4 8 6 9 7 3 5 
20180501474 2 1 7 10 3 4 5 9 6 8 
20180501475 9 5 7 6 3 8 2 4 1 10 
20180501476 2 7 5 1 10 8 6 3 4 9 
20180501477 8 5 6 10 4 2 3 9 7 1 
20180501478 4 5 8 1 9 3 10 6 2 7 
20180501479 9 2 10 1 5 4 3 8 7 6 
20180501480 8 7 6 9 10 3 2 4 5 1 
20180501481 3 1 2 9 7 6 4 10 8 5 
20180501482 2 3 1 6 4 7 5 8 9 10 
20180501483 9 7 8 1 4 10 2 6 5 3 
20180501484 9 7 8 1 3 2 5 10 4 6 
20180501485 5 9 10 1 4 2 7 8 6 3 
20180501486 6 7 10 5 2 1 8 9 3 4 
20180501487 9 5 4 8 2 1 6 7 3 10 
20180501488 1 9 6 4 5 7 2 10 8 3 
20180501489 3 2 1 10 4 7 8 9 6 5 
20180501490 7 5 3 9 1 4 6 2 8 10 
20180501491 8 9 10 1 3 4 2 7 5 6 
20180501492 1 2 3 6 7 10 5 8 4 9 
20180501493 5 1 6 7 10 8 9 3 2 4 
20180501494 4 8 1 9 6 10 2 3 5 7 
20180501495 4 9 6 7 3 8 2 1 5 10 
20180501496 8 2 6 10 1 9 5 7 3 4 
20180501497 2 9 7 6 3 10 1 4 5 8 
20180501498 7 4 5 3 8 2 6 1 10 9 
20180501499 3 1 7 10 2 6 9 4 8 5 
20180501500 4 8 7 1 10 9 2 6 5 3 
20180501501 2 9 6 10 7 3 1 8 5 4 
20180501502 4 3 9 1 6 8 5 2 10 7 
20180501503 9 7 3 10 4 6 2 1 5 8 
20180501504 10 3 6 7 1 8 2 4 5 9 
20180501505 5 9 1 6 10 7 8 4 3 2 
20180501506 9 7 10 8 3 1 6 4 5 2 
20180501507 6 4 9 2 8 3 1 5 7 10 
20180501508 5 1 4 6 2 3 7 10 8 9 
20180501509 5 10 8 3 9 4 1 7 6 2 
20180501510 1 7 8 9 3 5 6 4 2 10 
20180501511 2 8 10 5 3 6 1 9 4 7 
20180501512 5 7 9 3 4 1 2 6 10 8 
20180501513 8 3 4 9 6 10 2 1 7 5 
20180501514 1 6 8 9 5 10 3 7 2 4 
20180501515 1 6 8 3 5 10 7 9 4 2 
20180501516 8 10 5 2 3 7 9 1 4 6 
20180501517 2 4 6 7 10 1 5 3 9 8 
20180501518 5 1 4 8 2 7 10 9 3 6 
20180501519 5 6 9 3 7 1 2 8 4 10 
20180501520 8 7 3 10 5 9 1 6 4 2 
20180501521 7 4 9 10 3 5 1 6 8 2 
20180501522 7 2 3 10 9 1 4 8 5 6 
20180501523 3 4 8 7 6 2 5 1 9 10 
20180501524 5 8 9 10 6 7 4 3 1 2 
20180501525 3 7 9 2 1 6 8 10 4 5 
20180501526 9 1 2 3 6 4 7 8 10 5 
20180501527 3 2 9 8 10 7 1 4 5 6 
20180501528 1 4 6 7 3 8 9 2 5 10 
20180501529 10 5 8 7 2 1 6 4 3 9 
20180501530 1 8 7 3 5 6 9 10 4 2 
20180501531 8 1 3 2 9 5 6 7 10 4 
20180501532 9 1 2 4 7 3 6 10 8 5 
20180501533 5 10 3 8 9 2 7 4 1 6 
20180501534 8 2 10 6 9 4 7 5 3 1 
20180501535 9 7 4 8 6 1 5 10 3 2 
20180501536 10 4 5 7 1 8 3 2 9 6 
20180501537 10 4 2 6 5 3 8 1 9 7 
20180501538 5 10 2 9 7 1 4 8 3 6 
20180501539 3 5 6 7 9 2 10 1 4 8 
20180501540 1 3 8 5 6 9 4 10 2 7 
20180501541 1 10 6 9 3 4 5 8 7 2 
20180501542 5 3 2 4 6 10 8 1 7 9 
20180501543 5 7 8 4 1 3 2 6 9 10 
20180501544 10 2 1 9 7 6 8 4 3 5 
20180501545 5 9 2 6 1 10 4 7 3 8 
20180501546 7 3 8 10 5 1 6 4 2 9 
20180501547 10 2 1 9 5 4 3 6 8 7 
20180501548 2 6 7 5 3 1 9 4 10 8 
20180501549 9 7 8 5 4 6 10 2 1 3 
20180501550 1 10 4 2 9 7 5 3 8 6 
20180501551 2 4 9 10 6 7 5 1 8 3 
20180501552 7 3 8 2 1 9 6 5 4 10 
20180501553 9 4 6 5 2 7 10 8 3 1 
20180501554 2 6 5 10 9 4 7 3 1 8 
20180501555 1 9 2 7 4 10 5 8 6 3 
20180501556 10 6 7 2 8 1 3 9 4 5 
20180501557 1 7 10 4 6 3 2 8 5 9 
20180501558 3 1 10 6 2 9 4 7 5 8 
20180501559 8 6 4 5 10 7 2 3 9 1 
20180501560 8 7 4 2 3 5 10 9 6 1 
20180501561 3 7 1 2 5 8 4 9 10 6 
20180501562 1 3 5 10 4 6 9 2 8 7 
20180501563 8 1 9 6 7 3 10 5 2 4 
20180501564 3 1 7 5 9 8 10 6 4 2 
20180501565 8 3 1 6 2 10 7 4 5 9 
20180501566 2 7 3 4 9 5 8 1 10 6 
20180501567 10 5 9 2 6 1 3 4 7 8 
20180501568 7 8 1 2 5 9 6 3 10 4 
20180501569 2 4 10 7 1 6 3 9 5 8 
20180501570 5 6 2 4 8 7 10 1 3 9 
20180501571 7 9 4 6 10 2 5 8 1 3 
20180501572 4 6 5 2 3 9 1 8 7 10 
20180501573 10 9 2 4 8 7 3 5 6 1 
20180501574 8 5 10 9 2 6 1 3 7 4 
20180501575 2 6 4 1 5 3 7 8 9 10 
20180501576 8 4 10 1 9 5 2 7 6 3 
20180501577 9 5 8 6 2 4 3 7 10 1 
20180501578 5 1 6 4 8 7 3 10 9 2 
20180501579 1 3 2 10 9 6 4 7 5 8 
20180501580 7 4 3 10 5 2 1 8 9 6 
20180501581 6 9 5 10 1 7 3 4 2 8 
20180501582 9 8 5 2 10 1 7 6 3 4 
20180501583 8 9 7 10 6 1 2 5 3 4 
20180501584 2 10 4 8 3 1 5 9 6 7 
20180501585 6 7 1 2 4 8 5 10 3 9 
20180501586 7 3 5 1 10 4 9 6 8 2 
20180501587 2 3 9 7 6 5 8 10 4 1 
20180501588 7 6 1 10 2 9 4 8 5 3 
20180501589 10 6 4 8 2 3 7 5 9 1 
20180501590 9 1 3 7 4 6 2 10 5 8 
20180501591 10 6 4 3 1 9 8 5 7 2 
20180501592 9 5 2 8 7 4 3 6 10 1 
20180501593 4 5 6 9 10 2 1 3 8 7 
20180501594 6 5 3 4 9 8 1 10 2 7 
20180501595 10 1 9 3 6 5 2 7 4 8 
20180501596 3 2 1 6 8 9 4 5 7 10 
20180501597 4 10 1 2 7 6 8 5 9 3 
20180501598 10 5 9 4 1 8 3 7 2 6 
20180501599 1 2 6 7 10 5 8 3 4 9 
20180501600 3 5 9 7 10 6 1 8 2 4 
20180501601 7 10 1 6 9 4 8 3 2 5 
20180501602 7 1 6 10 8 4 3 9 5 2 
20180501603 6 5 10 4 1 3 7 2 8 9 
20180501604 1 3 2 9 10 6 5 8 7 4 
20180501605 4 6 5 3 10 7 2 8 9 1 
20180501606 10 7 1 5 4 6 8 3 9 2 
20180501607 10 2 6 9 8 7 3 5 1 4 
20180501608 7 2 6 10 1 4 3 8 9 5 
20180501609 9 7 2 1 6 5 10 8 3 4 
20180501610 4 3 7 5 9 2 8 6 1 10 
20180501611 9 8 6 7 3 4 10 1 2 5 
20180501612 9 3 10 5 4 6 7 8 1 2 
20180501613 3 6 4 2 10 5 1 8 9 7 
20180501614 8 6 1 5 4 9 3 10 7 2 
20180501615 5 7 10 1 8 9 3 4 2 6 
20180501616 9 5 6 3 7 1 8 2 4 10 
20180501617 9 2 7 10 5 3 4 6 8 1 
20180501618 3 9 4 10 5 6 1 8 7 2 
20180501619 8 9 6 3 5 10 7 1 2 4 
20180501620 7 2 10 8 5 3 1 4 6 9 
20180501621 7 6 5 4 9 2 8 1 3 10 
20180501622 3 5 2 8 9 4 10 7 1 6 
20180501623 3 8 1 6 10 4 9 5 2 7 
20180501624 7 2 1 5 9 8 4 3 6 10 
20180501625 8 1 6 7 3 10 5 2 4 9 
20180501626 8 9 10 6 3 5 1 7 4 2 
20180501627 3 7 4 10 6 8 1 9 5 2 
20180501628 10 5 4 9 8 2 3 1 7 6 
20180501629 4 10 9 1 2 8 3 5 7 6 
20180501630 3 5 8 9 10 2 1 4 6 7 
20180501631 2 8 1 4 9 6 10 3 5 7 
20180501632 1 2 7 3 9 6 4 10 8 5 
20180501633 10 4 5 7 9 1 8 3 2 6 
20180501634 2 7 4 3 9 10 6 8 5 1 
20180501635 5 8 2 10 3 9 7 4 6 1 
20180501636 8 1 3 5 7 10 6 2 4 9 
20180501637 6 8 3 10 4 9 5 2 1 7 
20180501638 9 2 4 6 10 5 8 3 7 1 
20180501639 4 2 7 9 10 8 3 1 6 5 
20180501640 6 7 9 1 8 4 2 10 5 3 
20180501641 2 7 10 3 8 6 9 4 1 5 
20180501642 8 5 7 9 1 2 3 10 4 6 
20180501643 1 3 5 2 10 7 9 6 4 8 
20180501644 3 5 6 10 9 8 1 2 4 7 
20180501645 3 5 1 4 8 7 9 10 6 2 
20180501646 10 7 3 4 6 8 5 1 9 2 
20180501647 6 5 2 4 7 9 10 8 1 3 
20180501648 7 9 1 6 2 5 10 4 3 8 
20180501649 9 3 4 2 8 5 6 7 1 10 
20180501650 8 5 4 2 1 7 9 3 10 6 
20180501652 5 3 7 2 10 1 9 4 8 6 
20180501653 5 9 4 6 3 7 10 1 8 2 
20180501654 9 1 3 5 4 8 10 2 7 6 
20180501655 3 8 5 9 7 2 10 1 4 6 
20180501656 10 2 1 4 7 5 3 6 8 9 
20180501657 6 3 8 10 9 2 1 5 7 4 
20180501658 10 4 5 7 1 6 8 9 2 3 
20180501659 8 7 10 5 2 9 6 1 3 4 
20180501660 4 5 7 3 10 8 9 1 2 6 
20180501661 7 10 4 3 5 6 9 8 1 2 
20180501662 8 6 2 10 9 7 3 1 5 4 
20180501663 10 5 8 1 4 7 6 9 2 3 
20180501664 10 7 2 8 3 4 6 5 9 1 
20180501665 8 2 1 4 10 5 6 7 9 3 
20180501666 10 2 3 1 5 4 8 7 9 6 
20180501667 2 6 3 5 7 4 1 9 10 8 
20180501668 7 4 6 9 10 3 1 8 2 5 
20180501669 4 2 8 6 5 7 1 3 10 9 
20180501670 2 1 9 3 4 8 5 7 6 10 
20180501671 8 4 1 7 3 9 5 6 2 10 
20180501672 1 3 2 6 10 8 5 4 7 9 
20180501673 6 7 3 8 5 4 10 9 1 2 
20180501674 1 5 3 4 8 2 7 6 9 10 
20180501675 1 9 6 5 10 4 7 8 2 3 
20180501676 5 4 8 10 7 1 3 2 9 6 
20180501677 8 9 7 6 2 10 5 3 4 1 
20180501678 5 1 3 10 9 7 4 2 6 8 
20180501679 9 2 5 8 10 7 3 1 4 6 
20180501680 7 8 4 10 2 9 6 1 3 5 
20180501681 1 2 3 6 8 9 4 7 5 10 
20180501682 7 1 10 2 4 6 8 9 5 3 
20180501683 8 6 10 2 7 3 1 5 4 9 
20180501684 2 1 5 6 7 4 3 8 10 9 
20180501685 3 5 9 7 6 1 4 8 2 10 
20180501686 2 9 6 7 4 1 8 5 10 3 
20180501687 8 10 2 3 6 7 4 5 9 1 
20180501688 6 9 3 1 4 7 2 5 8 10 
20180501689 6 7 1 5 8 2 9 3 10 4 
20180501690 5 4 10 3 9 8 2 1 6 7 
20180501691 8 6 1 3 4 7 9 2 10 5 
20180501692 5 9 3 7 10 1 4 2 6 8 
20180501693 7 4 6 8 5 9 2 10 3 1 
20180501694 9 6 8 3 7 4 1 5 10 2 
20180501695 10 8 3 7 5 9 2 6 4 1 
20180501696 10 7 4 9 5 2 6 8 1 3 
20180501697 4 1 7 2 6 5 3 10 8 9 
20180501698 5 4 6 2 10 9 7 3 8 1 
20180501699 4 6 5 7 8 1 2 9 10 3 
20180501700 10 5 2 3 4 7 9 6 8 1 
20180501701 3 8 4 1 5 10 7 6 2 9 
20180501702 10 3 4 2 1 6 8 5 9 7 
20180501703 2 8 5 3 10 9 6 1 7 4 
20180501704 1 6 3 8 10 5 4 9 2 7 
20180501705 9 10 6 4 7 5 1 8 3 2 
20180501706 6 2 3 10 8 1 9 4 7 5 
20180501707 3 1 4 9 8 10 6 7 5 2 
20180501708 5 3 1 9 6 2 7 10 8 4 
20180501709 4 8 1 2 9 5 7 3 10 6 
20180501710 8 1 9 3 2 7 6 4 10 5 
20180501711 5 4 3 8 6 10 7 9 1 2 
20180501712 5 9 7 6 10 2 8 4 3 1 
20180501713 6 9 8 10 5 3 4 1 7 2 
20180501714 10 6 7 8 9 2 4 1 5 3 
20180501715 6 9 5 8 4 3 2 1 7 10 
20180501716 3 7 10 1 5 2 6 4 9 8 
20180501717 5 2 1 9 6 8 3 10 7 4 
20180501718 7 10 6 4 5 8 1 9 3 2 
20180501719 5 6 7 9 4 2 10 8 3 1 
20180501720 9 10 4 8 2 7 6 1 3 5 
20180501721 10 3 1 7 6 9 5 4 8 2 
20180501722 8 1 3 7 10 5 6 4 2 9 
20180501723 2 4 8 3 10 6 9 7 1 5 
20180501724 10 6 4 9 8 3 7 2 5 1 
20180501725 7 2 8 5 6 4 1 10 3 9 
20180501726 7 2 6 3 8 10 9 4 5 1 
20180501727 3 8 9 7 4 6 2 10 5 1 
20180501728 1 3 4 6 7 5 10 8 9 2 
20180501729 10 9 8 1 7 3 4 2 6 5 
20180501730 10 5 7 8 1 2 9 6 3 4 
20180501731 5 9 10 7 6 1 2 3 8 4 
20180501732 8 6 9 10 1 4 3 5 2 7 
20180501733 5 2 10 3 6 4 7 9 8 1 
20180501734 3 5 10 4 1 2 8 6 9 7 
20180501735 4 6 3 9 2 10 7 5 1 8 
20180501736 1 4 6 3 7 8 9 2 5 10 
20180501737 9 10 2 5 6 3 4 1 8 7 
20180501738 9 10 4 5 1 6 7 3 2 8 
20180501739 3 8 5 9 4 1 7 10 2 6 
20180501740 9 6 8 7 10 1 3 4 2 5 
20180501741 5 10 1 3 8 9 6 4 2 7 
20180501742 5 2 6 10 7 8 1 9 3 4 
20180501743 5 9 1 8 6 2 7 10 3 4 
20180501744 10 5 6 4 7 3 9 2 1 8 
20180501745 6 1 5 4 3 10 2 9 8 7 
20180501746 10 4 8 3 5 6 1 7 9 2 
20180501747 2 5 4 6 3 10 8 9 7 1 
20180501748 7 3 1 10 9 6 2 8 4 5 
20180501749 9 10 7 8 4 2 3 1 5 6 
20180501750 5 4 9 1 2 3 6 10 7 8 
20180501751 6 9 5 3 10 7 4 8 2 1 
20180501752 1 6 4 9 8 5 3 2 10 7 
20180501753 6 5 8 7 1 10 4 3 9 2 
20180501754 2 5 4 6 8 10 9 3 1 7 
20180501755 2 5 10 3 7 6 4 1 9 8 
20180501756 7 10 2 3 9 6 1 5 8 4 
20180501757 10 8 9 3 7 4 2 5 6 1 
20180501758 5 2 4 3 8 7 9 1 10 6 
20180501759 10 9 7 4 2 3 5 8 6 1 
20180501760 6 3 7 1 9 5 2 10 8 4 
20180501761 1 7 2 4 3 9 8 10 5 6 
20180501762 5 9 2 10 6 7 4 8 1 3 
20180501763 9 8 10 1 5 7 4 6 3 2 
20180501764 9 2 3 6 1 8 4 5 7 10 
20180501765 2 3 5 4 9 1 7 10 6 8 
20180501766 5 9 8 1 7 4 3 10 6 2 
20180501767 3 2 7 10 8 4 5 1 6 9 
20180501768 7 3 4 5 9 1 8 2 10 6 
20180501769 3 10 7 6 8 5 4 9 2 1 
20180501770 7 5 10 4 2 6 3 9 1 8 
20180501771 4 6 7 5 3 9 8 10 1 2 
20180501772 9 1 8 6 3 2 7 5 10 4 
20180501774 8 7 2 4 1 10 6 9 5 3 
20180501775 4 6 9 5 8 3 1 2 7 10 
20180501776 8 6 10 5 3 1 7 4 9 2 
20180501777 1 8 2 7 5 4 10 9 3 6 
20180501778 7 6 2 8 9 3 1 10 4 5 
20180501779 10 2 4 6 1 7 5 9 8 3 
20180501780 3 4 8 5 7 9 10 2 1 6 
20180501781 9 2 3 7 5 1 8 10 6 4 
20180501782 4 2 9 7 10 6 5 3 8 1 
20180501784 8 5 9 3 6 4 7 1 10 2 
20180501785 3 10 9 6 4 7 1 8 2 5 
20180501786 10 8 7 1 5 4 9 3 6 2 
20180501787 4 8 7 2 6 10 5 9 3 1 
20180501788 5 8 3 4 10 2 6 1 7 9 
20180501789 5 3 7 1 6 2 4 8 10 9 
20180501790 6 7 5 1 8 9 4 3 10 2 
20180501791 3 10 9 5 8 6 2 7 4 1 
20180501792 10 7 6 5 3 9 8 4 1 2 
20180501793 8 1 3 6 10 7 9 2 4 5 
20180501794 3 6 1 7 8 2 4 5 9 10 
20180501795 10 5 1 8 4 3 2 7 6 9 
20180501796 5 8 10 3 4 7 6 1 2 9 
20180501797 7 3 2 10 5 8 1 6 9 4 
20180501799 7 3 9 2 10 8 4 1 5 6 
20180501800 3 5 6 1 8 10 2 9 4 7 
20180501801 2 1 5 7 3 10 8 6 4 9 
20180501802 5 8 7 6 4 9 3 10 2 1 
20180501803 3 8 2 4 1 6 7 9 5 10 
20180501805 6 8 3 1 2 4 9 5 7 10 
20180501806 9 4 8 7 1 10 6 5 2 3 
20180501808 10 7 2 8 4 3 9 6 1 5 
20180501809 2 9 1 10 3 6 7 4 5 8 
20180501810 1 5 9 8 2 4 10 7 6 3 
20180501811 8 1 7 3 4 10 5 9 6 2 
20180501812 7 2 6 1 9 10 3 8 5 4 
20180501813 7 9 8 6 10 5 4 3 2 1 
20180501814 7 4 10 9 3 2 1 6 8 5 
20180501815 1 9 10 6 3 5 2 4 7 8 
20180501816 3 8 5 1 4 6 10 7 2 9 
20180501818 5 7 8 3 10 1 2 9 4 6 
20180501819 6 1 3 2 8 7 5 10 9 4 
20180501820 7 4 10 1 5 9 3 8 6 2 
20180501821 2 10 5 8 9 6 3 1 7 4 
20180501822 4 7 9 1 2 10 8 6 3 5 
20180501823 7 1 3 10 9 5 4 2 6 8 
20180501824 8 7 10 3 1 5 9 2 4 6 
20180501825 8 7 5 9 4 10 3 6 1 2 
20180501827 6 4 8 2 7 10 9 5 1 3 
20180501828 8 10 6 3 7 4 5 2 1 9 
20180501829 6 3 8 4 5 1 10 9 2 7 
20180501830 10 2 9 7 6 5 1 3 8 4 
20180501831 3 1 7 10 2 4 8 5 6 9 
20180501832 8 1 5 2 9 6 10 7 4 3 
20180501833 9 1 7 10 3 4 2 6 8 5 
20180501834 8 3 5 2 9 4 10 6 7 1 
20180501835 5 1 8 2 4 3 10 9 6 7 
20180501836 5 4 7 6 8 1 10 2 9 3 
20180501837 8 2 1 7 10 6 5 3 9 4 
20180501838 6 9 8 4 1 7 10 3 2 5 
20180501839 2 7 1 6 10 8 9 3 4 5 
20180501840 5 10 8 3 9 2 7 1 4 6 
20180501841 7 5 2 3 9 8 4 6 1 10 
20180501842 1 5 2 4 6 3 7 8 9 10 
20180501843 4 1 9 5 6 10 7 3 8 2 
20180501844 2 9 7 3 1 5 6 4 8 10 
20180501845 4 9 2 7 3 6 10 1 8 5 
20180501847 7 1 10 3 4 6 2 9 8 5 
20180501848 2 4 9 7 6 8 5 10 1 3 
20180501849 10 7 4 5 3 6 8 2 9 1 
20180501850 9 7 5 10 4 6 2 8 3 1 
20180501851 7 4 6 9 10 1 5 3 8 2 
20180501852 5 4 9 3 8 7 1 2 6 10 
20180501853 2 9 7 6 4 10 1 5 3 8 
20180501854 3 7 9 5 1 10 8 6 4 2 
20180501855 7 10 1 3 2 6 8 5 9 4 
20180501856 9 1 8 7 3 10 6 2 5 4 
20180501857 2 3 5 10 6 9 7 4 8 1 
20180501858 8 3 6 5 4 7 9 10 1 2 
20180501859 6 8 9 3 7 5 4 1 2 10 
20180501860 7 10 8 5 2 3 4 1 6 9 
20180501861 3 9 4 6 10 8 1 2 7 5 
20180501862 6 3 10 7 5 9 1 4 2 8 
20180501863 6 2 1 4 5 7 3 10 8 9 
20180501864 8 9 1 6 2 10 3 5 4 7 
20180501865 3 9 6 10 2 4 8 7 5 1 
20180501866 2 6 7 10 5 4 9 3 8 1 
20180501867 10 5 2 7 8 3 4 1 9 6 
20180501868 8 2 6 7 10 4 3 5 9 1 
20180501870 4 5 8 2 1 10 6 9 7 3 
20180501872 9 1 6 5 2 4 3 8 7 10 
20180501873 5 8 4 1 10 6 3 2 7 9 
20180501874 2 8 6 4 7 9 5 10 3 1 
20180501875 10 9 7 1 6 3 5 8 4 2 
20180501876 5 1 10 9 3 8 7 2 4 6 
20180501877 6 3 10 4 7 9 8 2 5 1 
20180501878 10 3 6 2 4 1 7 9 5 8 
20180501879 4 9 5 7 1 3 10 6 2 8 
20180501880 7 10 2 4 5 6 8 9 3 1 
20180501882 5 7 10 9 2 3 4 8 1 6 
20180501883 6 9 1 10 5 7 3 8 2 4 
20180501884 4 2 1 5 3 10 6 8 7 9 
20180501885 10 3 6 4 7 2 1 5 9 8 
20180501886 5 3 4 10 9 8 1 2 7 6 
20180501888 4 8 3 10 5 7 1 6 2 9 
20180501890 10 5 7 3 8 4 1 2 9 6 
20180501891 7 8 1 10 3 5 4 9 6 2 
20180501892 9 4 6 8 10 1 3 7 2 5 
20180501893 10 5 4 7 6 8 2 9 3 1 
20180501894 8 1 9 4 6 10 5 2 7 3 
20180501895 1 7 5 4 6 2 8 9 10 3 
20180501896 7 10 1 3 5 4 6 9 8 2 
20180501898 2 4 6 9 10 5 1 8 3 7 
20180501899 9 4 2 1 6 3 8 5 7 10 
20180501900 3 4 6 7 8 9 2 1 10 5 
20180501901 8 7 3 6 2 4 5 9 1 10 
20180501902 8 5 4 2 7 3 10 6 1 9 
20180501903 10 2 9 5 7 6 4 3 8 1 
20180501904 1 7 9 10 3 5 8 2 4 6 
20180501905 1 9 4 10 5 8 7 6 2 3 
20180501906 2 1 3 4 9 7 8 6 5 10 
20180501908 5 4 7 8 3 2 9 10 6 1 
20180501909 1 9 4 2 7 10 6 8 5 3 
20180501910 8 1 6 7 2 4 9 10 3 5 
20180501912 2 5 9 6 3 7 8 4 10 1 
20180501913 9 5 2 3 4 6 8 1 10 7 
20180501914 2 10 4 9 7 3 6 1 8 5 
20180501915 9 7 3 4 8 6 2 1 10 5 
20180501916 2 9 6 7 4 10 1 8 3 5 
20180501917 5 10 9 1 8 3 6 7 4 2 
20180501918 10 9 4 2 5 8 6 7 1 3 
20180501919 9 2 8 6 1 10 4 7 3 5 
20180501920 5 10 4 7 3 8 9 6 2 1 
20180501921 2 1 7 10 8 3 5 4 6 9 
20180501922 4 3 8 10 9 6 1 5 7 2 
20180501923 10 2 9 6 3 4 7 1 5 8 
20180501924 6 3 5 8 4 2 9 7 10 1 
20180501925 1 3 6 2 5 8 9 7 10 4 
20180501926 7 4 1 10 9 6 8 3 5 2 
20180501927 1 3 4 5 6 9 2 10 8 7 
20180501928 8 9 4 6 1 7 5 3 10 2 
20180501929 5 10 8 3 7 1 9 4 2 6 
20180501930 7 10 3 5 9 8 2 4 1 6 
20180501932 8 1 2 6 3 10 7 9 4 5 
20180501934 4 3 9 5 7 1 6 10 8 2 
20180501935 5 4 1 6 2 3 10 9 7 8 
20180501936 2 7 6 1 3 10 8 4 9 5 
20180501937 2 9 1 3 7 10 4 6 5 8 
20180501938 1 7 4 9 6 5 10 3 2 8 
20180501939 7 2 3 8 10 1 9 6 4 5 
20180501940 4 10 2 7 1 6 9 8 3 5 
20180501941 9 5 2 1 4 7 8 6 3 10 
20180501942 2 4 9 6 3 7 5 10 8 1 
20180501943 7 4 8 10 9 1 3 2 6 5 
20180501944 5 6 4 2 7 1 10 8 3 9 
20180501945 6 5 1 8 9 3 10 7 2 4 
20180501946 7 9 4 3 2 6 1 10 8 5 
20180501947 9 3 2 10 1 6 5 8 7 4 
20180501949 10 6 8 9 7 3 5 4 1 2 
20180501950 4 2 1 3 9 5 8 6 7 10 
20180501951 7 1 10 9 5 2 3 6 4 8 
20180501952 7 2 10 6 8 3 4 5 9 1 
20180501953 1 7 8 4 10 2 3 9 6 5 
20180501954 2 7 3 1 5 8 4 9 10 6 
20180501956 4 5 8 3 10 7 9 6 1 2 
20180501957 3 6 8 5 4 9 10 7 2 1 
20180501958 2 1 10 4 8 6 7 9 3 5 
20180501959 8 9 2 3 1 5 6 10 4 7 
20180501960 9 4 6 2 10 5 3 8 1 7 
20180501961 7 2 3 4 5 9 8 6 10 1 
20180501962 6 7 1 3 4 10 5 9 2 8 
20180501963 5 1 2 8 10 3 4 9 7 6 
20180501964 1 8 9 4 2 5 7 3 6 10 
20180501965 6 5 7 1 2 10 3 9 8 4 
20180501966 2 3 10 7 4 6 9 8 5 1 
20180501968 7 10 5 8 9 2 6 1 4 3 
20180501969 10 4 9 5 3 7 2 1 8 6 
20180501970 3 5 6 7 2 9 4 10 8 1 
20180501971 4 5 10 2 8 1 6 9 3 7 
20180501972 4 1 9 7 5 6 2 8 10 3 
20180501973 4 8 6 1 2 9 3 7 10 5 
20180501974 6 5 2 8 9 10 3 1 4 7 
20180501975 6 5 2 4 1 7 8 9 10 3 
20180501976 6 3 9 8 7 5 10 4 1 2 
20180501977 7 2 3 6 9 5 8 4 1 10 
20180501978 2 4 5 7 8 1 9 6 3 10 
20180501979 2 3 8 9 7 4 5 1 6 10 
20180501980 9 4 7 3 10 2 8 6 1 5 
20180501981 7 4 10 5 6 9 1 8 3 2 
20180501982 5 2 6 9 10 3 8 1 7 4 
20180501983 8 10 1 6 4 7 3 2 5 9 
20180501984 6 4 9 3 8 7 5 2 10 1 
20180501985 5 10 2 8 4 6 3 7 9 1 
