20180506001 8 7 6 10 2 5 9 4 1 3 
20180506002 8 3 4 2 1 7 5 6 10 9 
20180506003 5 6 4 9 3 7 1 10 2 8 
20180506004 1 2 7 4 5 8 3 6 9 10 
20180506005 9 4 10 5 6 7 3 8 2 1 
20180506006 1 10 6 2 7 4 9 5 8 3 
20180506007 5 6 10 9 3 1 7 8 4 2 
20180506008 6 2 4 8 9 5 1 7 3 10 
20180506009 10 2 8 5 9 1 7 4 6 3 
20180506010 3 1 6 7 9 2 8 4 5 10 
20180506011 10 4 2 8 5 3 7 1 9 6 
20180506012 2 7 3 1 10 6 9 4 8 5 
20180506013 3 6 10 7 1 2 4 8 5 9 
20180506014 6 9 4 1 7 8 3 10 2 5 
20180506015 4 8 1 5 3 10 9 7 2 6 
20180506016 9 6 10 1 7 3 4 5 2 8 
20180506017 7 8 10 5 6 9 2 1 4 3 
20180506018 4 1 9 7 6 10 2 5 3 8 
20180506019 5 4 6 8 7 10 3 9 2 1 
20180506020 9 5 1 6 7 8 10 2 3 4 
20180506021 8 5 1 6 4 2 3 9 7 10 
20180506022 9 7 1 10 6 2 4 3 5 8 
20180506023 8 5 10 1 7 2 6 4 9 3 
20180506024 10 5 4 9 7 2 1 8 3 6 
20180506025 10 3 5 9 2 7 1 6 8 4 
20180506026 4 2 1 9 6 3 7 5 10 8 
20180506027 9 4 7 1 8 10 6 3 2 5 
20180506028 7 2 3 1 6 5 8 4 9 10 
20180506029 2 9 1 7 3 8 5 6 4 10 
20180506030 1 3 6 8 4 9 5 2 10 7 
20180506031 10 3 5 1 4 7 2 9 8 6 
20180506032 10 8 1 6 7 3 4 2 9 5 
20180506033 3 6 9 7 10 1 8 2 5 4 
20180506034 6 2 9 10 7 1 4 8 3 5 
20180506035 5 3 9 8 7 4 2 1 6 10 
20180506036 2 3 5 10 7 4 8 9 1 6 
20180506037 4 7 2 1 10 3 8 6 9 5 
20180506038 3 1 9 8 7 5 10 4 6 2 
20180506039 2 9 7 5 6 4 10 1 3 8 
20180506040 5 9 2 3 1 7 8 4 10 6 
20180506041 9 6 10 8 1 5 7 3 2 4 
20180506042 10 1 6 9 3 5 2 7 8 4 
20180506043 10 2 3 8 9 5 7 4 6 1 
20180506044 10 9 2 1 8 4 6 7 5 3 
20180506045 4 8 7 6 3 10 5 9 1 2 
20180506046 6 2 4 1 3 9 7 5 10 8 
20180506047 9 8 6 10 4 1 5 2 7 3 
20180506048 10 5 7 1 8 2 6 9 4 3 
20180506049 8 10 3 4 1 6 5 7 9 2 
20180506050 2 6 7 3 1 5 9 10 4 8 
20180506051 6 2 10 5 3 1 4 9 7 8 
20180506052 8 1 7 4 6 2 10 9 3 5 
20180506053 10 4 9 5 6 2 3 7 1 8 
20180506054 10 3 9 7 4 2 5 6 1 8 
20180506055 3 4 7 5 9 10 8 6 2 1 
20180506056 9 6 10 7 4 8 5 2 1 3 
20180506057 8 10 5 2 7 3 4 9 6 1 
20180506058 6 5 7 8 1 4 2 9 10 3 
20180506059 10 5 3 4 9 8 6 7 2 1 
20180506060 5 1 4 8 2 3 6 10 7 9 
20180506061 1 9 4 6 7 5 10 8 3 2 
20180506062 1 10 9 3 8 4 7 5 6 2 
20180506063 4 6 5 8 1 3 2 7 10 9 
20180506064 5 1 6 10 4 8 2 3 7 9 
20180506065 4 9 1 2 3 7 8 10 6 5 
20180506066 6 5 8 10 7 2 1 3 4 9 
20180506067 7 5 9 4 6 10 8 1 2 3 
20180506068 4 3 9 8 6 1 10 5 2 7 
20180506069 7 5 8 3 9 6 4 2 1 10 
20180506070 6 10 9 4 5 1 2 3 7 8 
20180506071 9 1 7 8 4 3 5 6 10 2 
20180506072 1 7 6 9 3 5 2 8 4 10 
20180506073 2 10 4 3 1 9 5 6 8 7 
20180506074 7 3 9 5 1 4 8 6 2 10 
20180506075 4 7 6 10 8 3 5 9 1 2 
20180506076 6 1 8 9 2 3 10 5 4 7 
20180506077 4 9 1 5 10 8 6 3 2 7 
20180506078 8 1 7 10 6 3 2 9 4 5 
20180506079 10 1 4 5 3 6 2 8 9 7 
20180506080 1 5 4 6 3 9 2 10 8 7 
20180506081 9 7 2 4 8 10 5 3 6 1 
20180506082 2 10 9 3 5 1 6 7 8 4 
20180506083 7 2 9 1 5 6 3 10 8 4 
20180506084 1 9 10 7 5 3 2 6 8 4 
20180506085 9 3 1 4 10 8 6 7 5 2 
20180506086 10 1 2 7 8 5 9 3 6 4 
20180506087 1 5 9 3 10 4 7 6 2 8 
20180506088 7 8 10 2 1 5 3 4 6 9 
20180506089 1 2 8 7 6 5 4 10 9 3 
20180506090 6 5 1 10 3 9 7 2 4 8 
20180506091 8 6 4 9 10 3 7 1 5 2 
20180506092 5 1 6 2 7 8 4 3 9 10 
20180506093 8 9 10 5 3 7 1 6 2 4 
20180506094 6 2 10 4 3 7 8 5 1 9 
20180506095 10 6 3 4 7 8 9 5 1 2 
20180506096 4 7 10 8 3 6 9 1 5 2 
20180506097 2 4 3 10 1 9 7 6 5 8 
20180506098 8 2 4 3 1 7 5 10 9 6 
20180506099 2 1 6 10 9 8 4 7 3 5 
20180506100 5 10 3 8 9 6 4 1 2 7 
20180506101 3 8 9 10 4 7 6 1 5 2 
20180506102 2 10 5 8 1 4 9 6 3 7 
20180506103 3 8 1 10 9 4 5 2 7 6 
20180506104 7 10 2 1 6 4 3 8 5 9 
20180506105 4 10 8 5 1 7 3 9 6 2 
20180506106 8 9 2 6 5 4 7 10 3 1 
20180506107 4 3 8 1 5 7 2 9 10 6 
20180506108 9 8 2 10 3 4 6 5 1 7 
20180506109 2 8 7 3 5 1 6 9 10 4 
20180506110 5 6 1 7 2 9 10 3 4 8 
20180506111 1 8 4 7 9 5 2 10 3 6 
20180506112 2 1 8 5 10 6 9 4 7 3 
20180506113 10 2 5 1 3 6 9 8 4 7 
20180506114 8 6 2 9 10 7 3 4 5 1 
20180506115 4 6 3 5 8 7 9 2 10 1 
20180506116 9 4 6 1 7 2 3 10 5 8 
20180506117 5 6 1 2 7 4 3 8 9 10 
20180506118 3 7 1 9 6 4 2 5 8 10 
20180506119 1 5 3 10 8 7 2 4 6 9 
20180506120 3 7 9 2 4 1 6 5 8 10 
20180506121 5 3 9 4 6 1 2 10 7 8 
20180506122 8 6 4 5 10 1 3 2 7 9 
20180506123 2 1 6 9 8 10 7 3 5 4 
20180506124 5 3 9 1 8 4 2 7 10 6 
20180506125 5 4 1 9 6 2 10 3 7 8 
20180506126 9 6 4 10 7 8 3 5 2 1 
20180506127 10 8 2 9 5 1 3 6 4 7 
20180506128 10 6 4 3 2 5 9 1 8 7 
20180506129 6 9 1 5 4 8 10 3 2 7 
20180506130 5 3 1 9 6 4 8 7 10 2 
20180506131 2 3 1 6 7 9 5 10 4 8 
20180506132 7 4 5 1 2 8 9 10 3 6 
20180506133 2 3 1 8 9 7 4 10 5 6 
20180506134 8 9 7 2 3 5 1 4 6 10 
20180506135 10 5 2 6 3 1 4 8 7 9 
20180506136 2 5 1 10 8 4 9 7 3 6 
20180506137 8 3 7 2 10 1 9 5 6 4 
20180506138 5 6 1 4 8 7 2 10 3 9 
20180506139 3 5 9 7 8 10 6 1 2 4 
20180506140 2 4 3 8 10 1 9 5 7 6 
20180506141 5 1 3 6 10 8 4 9 7 2 
20180506142 2 7 8 1 5 10 3 9 4 6 
20180506143 8 9 3 6 10 2 1 4 7 5 
20180506144 1 4 5 7 10 6 8 3 9 2 
20180506145 6 3 7 2 1 9 5 8 4 10 
20180506146 2 6 7 10 3 4 8 5 9 1 
20180506147 8 1 4 3 5 6 10 7 9 2 
20180506148 10 6 7 4 5 2 8 3 9 1 
20180506149 7 4 1 3 2 8 6 9 5 10 
20180506150 2 9 10 1 5 8 4 7 3 6 
20180506151 10 7 3 4 1 6 5 8 2 9 
20180506152 6 9 4 3 8 10 2 1 5 7 
20180506153 3 4 10 6 1 8 5 9 2 7 
20180506154 5 8 10 1 6 2 3 4 7 9 
20180506155 4 9 7 3 6 10 5 2 8 1 
20180506156 5 9 2 3 10 7 4 6 1 8 
20180506157 4 5 6 8 2 1 9 10 7 3 
20180506158 10 2 9 5 8 7 6 4 1 3 
20180506159 5 10 2 4 3 9 7 6 8 1 
20180506160 9 2 6 3 1 10 8 5 4 7 
20180506161 5 4 6 9 8 1 3 2 10 7 
20180506162 1 9 4 7 2 10 8 6 5 3 
20180506163 10 4 7 2 8 3 6 9 1 5 
20180506164 5 10 4 2 6 7 8 1 3 9 
20180506165 10 4 8 9 3 7 5 2 1 6 
20180506166 5 3 6 2 1 4 9 7 8 10 
20180506167 2 9 7 4 1 3 8 5 6 10 
20180506168 1 4 7 9 3 2 5 10 6 8 
20180506169 9 5 4 6 2 8 7 10 3 1 
20180506170 10 7 8 4 6 3 2 5 1 9 
20180506171 2 7 9 8 4 1 5 6 10 3 
20180506172 2 3 7 5 6 4 9 8 1 10 
20180506173 4 5 7 3 2 1 6 8 10 9 
20180506174 3 8 9 6 1 2 7 5 4 10 
20180506175 9 3 6 10 4 1 8 2 5 7 
20180506176 4 9 3 1 8 5 6 10 7 2 
20180506177 1 3 7 10 2 8 4 6 5 9 
20180506178 9 4 10 6 5 1 8 3 7 2 
20180506179 2 5 3 8 9 10 1 4 7 6 
20180506180 9 5 7 8 4 1 3 10 2 6 
20180506181 1 4 8 10 6 5 9 7 2 3 
20180506182 1 2 3 8 10 5 9 7 6 4 
20180506183 3 1 7 6 10 8 4 2 5 9 
20180506184 8 4 5 1 2 7 3 9 6 10 
20180506185 4 6 2 1 9 8 10 5 7 3 
20180506186 9 3 10 8 1 7 2 4 6 5 
20180506187 10 7 4 5 9 6 3 1 2 8 
20180506188 4 7 5 6 3 9 10 1 2 8 
20180506189 9 1 7 8 5 10 3 4 6 2 
20180506190 5 6 9 10 3 7 8 2 4 1 
20180506191 4 9 7 3 6 10 8 5 1 2 
20180506192 8 7 1 9 3 6 5 10 2 4 
20180506193 5 7 8 6 2 1 9 4 10 3 
20180506194 1 5 4 10 6 8 9 2 3 7 
20180506195 4 7 9 3 2 1 5 6 10 8 
20180506196 6 1 7 2 4 3 5 8 10 9 
20180506197 10 6 2 4 9 7 5 1 8 3 
20180506198 5 7 10 9 6 4 8 1 2 3 
20180506199 8 4 6 9 2 7 3 1 10 5 
20180506200 1 5 3 4 7 6 8 10 2 9 
20180506201 2 10 8 6 5 7 3 9 1 4 
20180506202 2 6 8 5 3 7 4 10 9 1 
20180506203 3 10 1 2 8 6 5 7 4 9 
20180506204 6 10 9 4 2 1 5 8 7 3 
20180506205 2 1 6 4 7 8 9 10 5 3 
20180506206 9 5 6 1 4 10 2 7 3 8 
20180506207 10 9 5 2 3 8 7 1 4 6 
20180506208 10 7 5 1 6 8 2 3 9 4 
20180506209 9 2 6 4 1 7 5 8 10 3 
20180506210 8 1 6 10 3 2 4 5 9 7 
20180506211 6 9 7 10 5 3 1 8 2 4 
20180506212 2 4 1 5 10 6 7 3 8 9 
20180506213 2 10 3 7 1 8 6 5 4 9 
20180506214 3 6 5 8 9 10 1 4 7 2 
20180506215 5 9 2 10 6 4 3 1 8 7 
20180506216 4 2 1 9 5 8 3 10 7 6 
20180506217 5 2 6 8 1 7 3 10 9 4 
20180506218 6 4 5 3 2 8 10 1 9 7 
20180506219 9 1 3 4 5 10 7 8 6 2 
20180506220 8 4 1 2 6 5 9 10 3 7 
20180506221 5 3 9 2 4 6 10 7 1 8 
20180506222 8 1 9 2 4 3 7 5 6 10 
20180506223 9 8 6 7 2 3 4 10 5 1 
20180506224 3 9 2 5 8 4 1 7 6 10 
20180506225 6 7 5 9 10 3 4 2 1 8 
20180506226 8 6 5 9 3 7 1 4 2 10 
20180506227 4 2 9 7 1 6 8 5 3 10 
20180506228 8 9 3 7 6 4 5 10 2 1 
20180506229 4 6 9 5 8 1 3 2 7 10 
20180506230 10 6 4 5 3 7 1 8 2 9 
20180506231 7 6 9 2 4 8 1 10 3 5 
20180506232 1 4 8 7 10 5 3 6 9 2 
20180506233 5 8 1 4 9 6 2 7 3 10 
20180506234 3 10 5 1 9 6 8 7 4 2 
20180506235 4 1 3 8 10 6 2 7 9 5 
20180506236 2 5 1 10 8 6 3 4 7 9 
20180506237 5 10 1 4 9 7 2 6 8 3 
20180506238 2 10 7 8 4 6 1 5 3 9 
20180506239 10 2 8 5 4 3 6 1 7 9 
20180506240 4 3 9 5 10 1 7 8 6 2 
20180506241 7 5 10 1 8 3 6 2 4 9 
20180506242 7 1 8 10 2 9 3 6 4 5 
20180506243 10 4 6 7 5 3 2 9 8 1 
20180506244 6 2 1 7 4 8 3 9 10 5 
20180506245 7 4 5 1 10 9 6 8 3 2 
20180506246 7 4 6 5 10 1 2 8 9 3 
20180506247 8 9 4 7 10 2 1 6 5 3 
20180506248 10 2 4 7 1 9 8 6 5 3 
20180506249 2 9 3 8 1 7 5 6 10 4 
20180506250 8 1 4 2 10 6 9 5 3 7 
20180506251 2 5 4 9 3 10 6 7 8 1 
20180506252 9 1 4 6 3 10 5 2 8 7 
20180506253 5 1 6 9 8 10 4 7 2 3 
20180506254 4 8 10 6 3 9 5 1 7 2 
20180506255 10 2 3 4 1 8 9 7 6 5 
20180506256 1 10 5 2 9 3 8 7 6 4 
20180506257 3 1 2 8 7 9 4 6 5 10 
20180506258 5 4 10 6 7 9 8 3 1 2 
20180506259 1 5 10 7 4 9 2 6 8 3 
20180506260 1 10 5 3 4 2 7 8 6 9 
20180506261 4 7 3 9 8 5 6 2 1 10 
20180506262 6 4 2 1 7 5 10 9 8 3 
20180506263 5 9 6 4 7 10 3 1 8 2 
20180506264 10 8 7 3 6 9 1 4 5 2 
20180506265 3 9 1 4 2 7 6 5 8 10 
20180506266 7 4 2 10 3 5 9 6 8 1 
20180506267 8 1 2 7 5 10 9 6 4 3 
20180506268 10 7 5 6 8 4 9 3 2 1 
20180506269 5 8 7 3 1 2 10 9 6 4 
20180506270 1 8 10 4 2 6 3 9 7 5 
20180506271 3 1 2 6 4 7 10 8 9 5 
20180506272 6 3 2 10 9 7 1 5 8 4 
20180506273 9 5 1 2 4 3 8 6 7 10 
20180506274 2 1 5 9 3 6 7 4 10 8 
20180506275 3 2 1 9 5 6 4 8 10 7 
20180506276 7 6 9 5 4 8 3 2 1 10 
20180506277 4 1 7 3 10 9 5 2 8 6 
20180506278 3 9 1 2 8 7 5 6 10 4 
20180506279 9 6 4 2 5 8 1 7 3 10 
20180506280 8 4 9 6 3 1 10 5 7 2 
20180506281 7 9 2 1 3 4 8 6 10 5 
20180506282 9 1 10 3 7 5 8 6 2 4 
20180506283 4 8 2 7 1 3 9 10 6 5 
20180506284 9 1 7 2 8 3 6 10 5 4 
20180506285 3 1 6 10 5 2 4 9 7 8 
20180506286 5 4 2 10 8 9 6 1 3 7 
20180506287 1 6 5 4 9 10 2 8 3 7 
20180506288 8 4 7 10 2 3 6 1 9 5 
20180506289 8 3 6 7 10 4 1 9 2 5 
20180506290 10 1 2 5 9 3 4 7 8 6 
20180506291 1 3 9 5 6 4 8 2 10 7 
20180506292 8 2 10 3 6 5 7 4 9 1 
20180506293 6 5 3 10 9 2 7 1 4 8 
20180506294 4 6 2 7 9 8 3 5 1 10 
20180506295 4 10 3 1 9 2 8 7 5 6 
20180506296 5 2 7 9 1 10 3 8 6 4 
20180506297 7 9 2 10 6 1 4 8 5 3 
20180506298 7 10 1 6 3 8 5 4 9 2 
20180506299 6 10 4 9 3 1 2 7 8 5 
20180506300 4 8 3 2 1 7 10 6 5 9 
20180506301 5 6 10 2 4 8 7 9 1 3 
20180506302 4 1 6 9 2 5 3 7 10 8 
20180506303 8 7 3 9 10 5 1 6 2 4 
20180506304 1 5 4 6 8 10 9 2 7 3 
20180506305 2 4 3 5 9 10 1 6 7 8 
20180506306 4 2 3 1 5 6 7 9 8 10 
20180506307 4 8 9 10 2 5 7 6 1 3 
20180506308 4 5 8 10 1 2 6 9 7 3 
20180506309 5 8 10 6 9 2 3 4 1 7 
20180506310 2 10 6 4 8 9 1 3 7 5 
20180506311 3 7 2 8 6 9 5 10 4 1 
20180506312 9 3 2 4 1 8 5 10 7 6 
20180506313 10 6 9 7 4 5 8 1 3 2 
20180506314 1 6 4 7 3 8 10 9 2 5 
20180506315 9 4 7 6 8 5 1 10 3 2 
20180506316 3 2 5 9 7 1 6 4 8 10 
20180506317 3 2 4 10 6 8 1 9 5 7 
20180506318 6 2 9 10 7 5 8 1 4 3 
20180506319 7 8 4 3 9 10 6 2 1 5 
20180506320 4 5 10 8 1 6 7 9 2 3 
20180506321 9 6 5 3 4 7 2 10 8 1 
20180506322 10 9 8 4 6 3 7 5 1 2 
20180506323 4 2 7 10 1 9 5 8 6 3 
20180506324 7 4 10 6 9 8 1 3 2 5 
20180506325 10 1 7 6 9 2 3 5 8 4 
20180506326 1 3 7 6 9 5 10 4 8 2 
20180506327 6 2 9 1 10 7 4 3 5 8 
20180506328 5 6 1 4 8 9 2 10 3 7 
20180506329 3 10 6 1 2 7 9 5 4 8 
20180506330 3 10 6 4 9 8 7 5 1 2 
20180506331 9 8 7 10 4 5 2 6 1 3 
20180506332 5 6 4 7 1 9 2 8 3 10 
20180506333 7 2 3 10 1 4 5 9 6 8 
20180506334 4 2 9 5 8 10 1 7 6 3 
20180506335 8 6 1 7 3 4 2 10 9 5 
20180506336 9 8 3 5 7 1 10 6 4 2 
20180506337 4 10 7 3 5 8 9 2 6 1 
20180506338 10 6 1 3 7 2 4 5 9 8 
20180506339 10 1 3 7 4 5 2 6 8 9 
20180506340 6 9 3 10 2 4 1 5 7 8 
20180506341 4 6 2 9 7 3 5 1 8 10 
20180506342 3 2 9 4 8 7 6 1 10 5 
20180506343 8 10 2 1 5 6 7 9 4 3 
20180506344 6 5 3 7 9 1 8 4 2 10 
20180506345 7 5 4 3 9 10 2 1 6 8 
20180506346 10 9 2 4 7 6 1 3 8 5 
20180506347 4 9 3 6 8 10 1 2 7 5 
20180506348 10 2 3 4 6 7 1 8 5 9 
20180506349 4 10 9 8 7 5 6 2 3 1 
20180506350 6 5 4 1 7 9 10 2 3 8 
20180506351 10 3 4 9 7 2 6 8 1 5 
20180506352 7 10 2 6 4 5 9 1 3 8 
20180506353 4 1 7 10 3 8 6 2 9 5 
20180506354 5 4 8 10 1 3 9 6 2 7 
20180506355 7 2 10 4 1 8 5 3 6 9 
20180506356 1 5 6 9 8 3 10 4 2 7 
20180506357 10 5 8 6 2 1 3 4 9 7 
20180506358 7 3 4 6 8 5 9 2 1 10 
20180506359 7 5 10 4 1 2 3 6 9 8 
20180506360 3 7 8 6 2 5 9 4 10 1 
20180506361 1 8 5 9 7 10 4 6 3 2 
20180506362 10 9 1 7 6 2 8 3 4 5 
20180506363 10 6 7 3 4 1 9 8 5 2 
20180506364 7 9 10 6 8 4 1 3 5 2 
20180506365 8 2 3 6 9 4 5 1 10 7 
20180506366 6 5 2 3 9 7 1 4 10 8 
20180506367 7 2 1 4 5 8 3 10 9 6 
20180506368 2 6 8 4 9 7 10 3 1 5 
20180506369 8 7 2 6 1 9 10 5 3 4 
20180506370 5 10 1 9 8 6 7 4 2 3 
20180506371 5 7 4 3 6 10 1 8 2 9 
20180506372 1 7 10 4 3 6 9 2 8 5 
20180506373 6 2 9 8 4 3 1 5 7 10 
20180506374 10 3 5 8 7 4 9 6 1 2 
20180506375 9 3 5 6 4 1 7 10 2 8 
20180506376 8 7 4 3 9 1 5 6 10 2 
20180506377 4 8 10 5 3 7 9 1 2 6 
20180506378 9 8 10 7 4 2 3 1 5 6 
20180506379 3 4 1 8 10 7 5 9 2 6 
20180506380 4 7 2 10 1 6 3 8 9 5 
20180506381 8 1 2 10 9 4 6 5 7 3 
20180506382 1 4 2 9 5 10 3 6 8 7 
20180506383 6 4 8 3 9 1 2 7 10 5 
20180506384 7 6 5 8 10 9 1 2 3 4 
20180506385 4 9 1 2 5 6 8 10 3 7 
20180506386 7 1 10 4 3 8 5 2 9 6 
20180506387 7 10 1 5 4 9 6 3 2 8 
20180506388 7 6 1 4 8 3 9 2 5 10 
20180506389 6 3 5 7 8 4 1 9 10 2 
20180506390 10 4 9 5 6 3 7 8 2 1 
20180506391 9 8 5 6 10 7 2 3 1 4 
20180506392 7 6 9 2 8 3 1 4 10 5 
20180506393 7 4 10 9 6 1 5 3 8 2 
20180506394 9 1 8 5 7 2 10 4 3 6 
20180506395 2 7 10 6 3 8 9 5 1 4 
20180506396 1 7 8 5 9 6 2 10 3 4 
20180506397 1 2 5 10 8 9 3 7 4 6 
20180506398 1 4 2 10 7 6 8 3 9 5 
20180506399 5 6 4 3 1 7 9 10 2 8 
20180506400 2 3 10 9 4 5 7 6 1 8 
20180506401 4 7 8 5 1 9 10 3 6 2 
20180506402 10 6 7 1 4 9 5 3 2 8 
20180506403 6 1 9 8 10 3 2 4 7 5 
20180506404 2 7 6 4 1 5 9 10 8 3 
20180506405 5 10 1 6 3 7 2 4 9 8 
20180506406 3 8 9 4 5 10 1 7 6 2 
20180506407 6 3 4 10 8 9 2 5 7 1 
20180506408 2 3 5 8 10 9 1 6 4 7 
20180506409 3 4 6 8 5 2 9 10 7 1 
20180506410 4 6 1 10 3 9 7 2 8 5 
20180506411 3 10 4 8 5 6 1 2 9 7 
20180506412 6 9 10 8 1 3 2 7 4 5 
20180506413 9 1 4 10 3 8 2 5 6 7 
20180506414 10 7 2 4 6 3 1 9 5 8 
20180506415 8 9 4 10 3 2 6 1 7 5 
20180506416 9 10 1 7 2 5 6 8 3 4 
20180506417 1 10 7 4 9 5 6 8 2 3 
20180506418 3 9 7 8 10 2 5 6 4 1 
20180506419 5 6 4 1 10 9 7 8 2 3 
20180506420 4 10 8 2 1 3 9 6 7 5 
20180506421 7 6 1 4 9 3 10 5 8 2 
20180506422 7 2 5 8 1 4 6 3 9 10 
20180506423 3 1 2 10 5 8 9 4 6 7 
20180506424 1 10 3 4 6 9 8 2 5 7 
20180506425 3 6 8 5 4 7 1 2 10 9 
20180506426 7 1 2 5 10 9 3 6 4 8 
20180506427 10 7 1 8 6 2 3 9 4 5 
20180506428 7 8 9 4 3 5 1 6 10 2 
20180506429 5 8 7 2 1 9 4 6 10 3 
20180506430 8 10 2 4 6 3 7 5 9 1 
20180506431 2 10 1 6 9 8 7 3 5 4 
20180506432 8 7 2 3 1 5 10 9 4 6 
20180506433 6 8 2 1 5 7 3 10 4 9 
20180506434 4 1 9 6 10 2 7 5 8 3 
20180506435 10 8 1 6 3 9 4 7 5 2 
20180506436 9 7 1 5 2 8 3 4 10 6 
20180506437 4 9 6 2 3 8 1 5 10 7 
20180506438 4 5 3 9 1 8 6 2 7 10 
20180506439 9 8 2 7 4 6 10 5 1 3 
20180506440 9 6 5 8 3 4 2 1 10 7 
20180506441 2 3 5 4 10 6 9 1 7 8 
20180506442 3 5 6 10 9 1 2 7 8 4 
20180506443 9 5 6 4 3 2 10 1 7 8 
20180506444 3 2 9 6 1 4 7 8 5 10 
20180506445 6 5 4 2 3 7 10 9 8 1 
20180506446 8 7 2 10 1 6 5 9 4 3 
20180506447 7 5 9 6 3 10 4 1 8 2 
20180506448 5 7 8 2 1 10 4 9 3 6 
20180506449 4 3 7 8 1 6 9 5 10 2 
20180506450 6 9 1 10 2 4 8 3 7 5 
20180506451 7 10 4 3 2 9 6 5 8 1 
20180506452 7 8 6 1 3 5 9 4 2 10 
20180506453 7 4 3 9 8 1 10 2 6 5 
20180506454 2 6 1 7 8 5 10 4 9 3 
20180506455 8 1 3 6 10 2 9 7 5 4 
20180506456 6 5 10 3 1 4 9 2 7 8 
20180506457 1 9 2 3 8 4 10 5 7 6 
20180506458 8 5 4 7 1 3 6 9 2 10 
20180506459 8 6 4 2 1 9 5 7 3 10 
20180506460 9 7 4 8 10 2 6 1 5 3 
20180506461 10 9 1 8 5 2 6 3 4 7 
20180506462 7 3 10 2 8 9 5 1 6 4 
20180506463 3 4 7 1 5 8 6 9 10 2 
20180506464 2 1 4 9 7 5 6 3 8 10 
20180506465 1 6 8 5 9 4 7 10 2 3 
20180506466 4 5 2 9 6 1 8 3 10 7 
20180506467 9 3 6 1 8 10 5 4 7 2 
20180506468 7 8 3 6 4 1 10 2 9 5 
20180506469 1 3 10 7 9 2 8 5 6 4 
20180506470 9 1 5 3 6 4 10 8 7 2 
20180506471 10 2 5 8 3 1 6 9 4 7 
20180506472 3 4 5 2 9 10 7 8 1 6 
20180506473 10 1 2 4 7 3 9 5 8 6 
20180506474 10 4 7 3 2 8 6 9 1 5 
20180506475 1 7 5 2 6 4 8 3 9 10 
20180506476 6 1 7 10 8 5 3 2 4 9 
20180506477 10 4 1 5 3 2 7 8 6 9 
20180506478 9 10 3 6 2 4 7 5 8 1 
20180506479 10 6 5 3 2 7 9 4 1 8 
20180506480 2 8 1 6 5 9 10 3 4 7 
20180506481 10 9 8 6 3 1 5 2 4 7 
20180506482 4 10 9 1 5 3 8 7 6 2 
20180506483 9 2 10 6 7 8 1 3 5 4 
20180506484 10 8 3 7 4 5 1 9 6 2 
20180506485 2 4 1 6 9 5 7 8 3 10 
20180506486 3 2 8 1 4 10 5 9 7 6 
20180506487 7 10 1 6 9 2 4 5 8 3 
20180506488 5 10 2 1 7 6 4 3 8 9 
20180506489 6 7 9 10 4 1 8 3 2 5 
20180506490 2 3 10 8 1 6 7 5 4 9 
20180506491 4 2 10 3 6 9 1 7 8 5 
20180506492 5 7 4 6 8 3 10 2 1 9 
20180506493 7 10 8 2 5 3 4 6 9 1 
20180506494 3 9 2 4 8 7 1 10 6 5 
20180506495 1 9 10 5 7 8 2 3 6 4 
20180506496 8 1 2 5 6 7 4 3 9 10 
20180506497 2 9 7 1 10 8 3 5 6 4 
20180506498 4 2 1 3 6 9 8 10 7 5 
20180506499 10 8 9 1 5 6 3 7 2 4 
20180506500 6 9 4 2 3 7 5 1 8 10 
20180506501 5 6 9 1 4 3 8 10 2 7 
20180506502 8 9 5 2 3 4 10 6 1 7 
20180506503 5 10 2 6 3 1 4 8 7 9 
20180506504 8 9 10 1 5 3 2 7 4 6 
20180506505 1 2 3 7 9 4 6 8 10 5 
20180506506 4 10 5 9 6 8 3 2 7 1 
20180506507 5 8 9 2 4 7 10 3 1 6 
20180506508 3 9 7 2 6 5 1 8 10 4 
20180506509 8 4 7 6 5 2 1 3 10 9 
20180506510 2 7 3 9 6 8 5 10 4 1 
20180506511 4 6 7 3 8 10 9 1 2 5 
20180506512 9 3 1 10 7 5 4 6 2 8 
20180506513 2 4 8 5 6 10 1 7 9 3 
20180506514 7 5 4 9 2 8 1 3 6 10 
20180506515 3 7 6 9 2 4 10 1 5 8 
20180506516 2 1 7 5 10 6 3 8 9 4 
20180506517 2 3 5 6 10 9 4 1 8 7 
20180506518 6 5 8 1 7 10 2 4 9 3 
20180506519 4 7 3 1 9 6 10 2 8 5 
20180506520 8 3 4 2 1 6 10 7 5 9 
20180506521 10 9 8 2 6 1 3 5 4 7 
20180506522 4 10 2 6 8 1 3 9 5 7 
20180506523 9 4 6 5 10 8 2 1 7 3 
20180506524 1 9 2 3 5 7 10 8 4 6 
20180506525 4 7 6 2 8 9 1 10 3 5 
20180506526 2 7 1 10 4 3 9 8 6 5 
20180506527 4 7 3 10 2 1 8 9 5 6 
20180506528 4 2 10 1 3 6 8 7 9 5 
20180506529 4 9 2 3 10 8 6 7 1 5 
20180506530 9 5 3 6 7 2 4 8 10 1 
20180506531 3 7 1 9 5 2 4 8 10 6 
20180506532 4 9 6 2 10 8 1 7 5 3 
20180506533 5 9 7 1 4 8 2 6 3 10 
20180506534 3 6 7 4 5 2 10 9 8 1 
20180506535 5 7 10 3 1 9 2 8 4 6 
20180506536 8 3 1 6 4 2 9 10 7 5 
20180506537 9 8 3 10 4 7 2 6 1 5 
20180506538 1 9 6 4 8 10 7 2 5 3 
20180506539 2 4 7 3 10 8 6 1 9 5 
20180506540 7 6 10 9 8 1 3 5 2 4 
20180506541 9 3 7 2 4 6 10 1 5 8 
20180506542 4 10 1 5 8 3 7 2 6 9 
20180506543 6 10 7 1 3 4 5 9 2 8 
20180506544 8 9 4 3 2 10 7 6 5 1 
20180506545 7 8 1 3 10 4 5 2 9 6 
20180506546 2 1 7 8 10 4 3 5 9 6 
20180506547 7 6 3 10 4 8 2 1 5 9 
20180506548 4 6 3 9 10 2 7 1 5 8 
20180506549 3 2 8 10 1 7 4 6 5 9 
20180506550 4 7 10 8 2 9 1 3 5 6 
20180506551 8 10 2 9 1 7 3 5 4 6 
20180506552 5 8 6 1 2 7 9 10 4 3 
20180506553 6 7 8 1 5 9 2 10 3 4 
20180506554 4 5 3 7 2 6 9 1 10 8 
20180506555 5 3 4 1 2 10 6 9 7 8 
20180506556 4 5 6 3 9 7 8 10 2 1 
20180506557 1 3 9 10 8 6 4 7 2 5 
20180506558 7 9 2 3 5 4 10 6 8 1 
20180506559 4 10 9 5 7 1 2 6 3 8 
20180506560 9 4 6 8 5 7 3 10 1 2 
20180506561 8 5 4 3 6 9 2 1 7 10 
20180506562 8 5 2 10 4 1 9 6 7 3 
20180506563 4 3 9 7 8 1 6 2 5 10 
20180506564 5 2 9 10 8 4 1 6 7 3 
20180506565 5 9 4 8 10 6 3 2 7 1 
20180506566 7 2 1 6 10 9 4 8 5 3 
20180506567 8 7 6 2 3 1 4 10 9 5 
20180506568 2 4 6 5 8 3 1 7 9 10 
20180506569 10 3 2 7 8 5 9 1 6 4 
20180506570 10 8 5 3 4 9 1 6 2 7 
20180506571 5 4 1 8 6 2 3 10 9 7 
20180506572 3 10 8 6 5 1 7 2 9 4 
20180506573 2 3 4 5 1 10 7 8 6 9 
20180506574 4 3 6 1 8 2 5 9 10 7 
20180506575 4 5 7 8 3 9 6 2 1 10 
20180506576 7 6 1 8 2 4 10 5 9 3 
20180506577 2 1 3 7 8 10 4 9 6 5 
20180506578 2 7 4 3 8 5 9 10 1 6 
20180506579 3 4 10 7 8 9 6 5 2 1 
20180506580 5 10 3 4 8 6 7 9 2 1 
20180506581 3 9 2 5 8 10 4 1 6 7 
20180506582 8 5 3 1 9 10 6 2 7 4 
20180506583 7 5 3 9 10 2 4 8 6 1 
20180506584 1 2 9 7 6 10 3 8 5 4 
20180506585 7 10 1 8 4 9 6 3 2 5 
20180506586 3 6 7 2 1 9 8 4 10 5 
20180506587 9 7 1 5 3 8 10 4 2 6 
20180506588 8 10 4 5 9 2 6 7 1 3 
20180506589 7 9 4 5 8 6 2 10 1 3 
20180506590 8 6 2 3 10 7 1 5 9 4 
20180506591 6 1 8 9 10 2 3 7 4 5 
20180506592 10 9 3 2 7 5 4 8 6 1 
20180506593 1 9 8 2 10 6 3 5 7 4 
20180506594 9 2 3 5 4 7 1 10 8 6 
20180506595 10 9 2 7 5 3 6 4 8 1 
20180506596 6 2 5 4 9 1 8 7 10 3 
20180506597 5 10 8 2 7 6 3 1 9 4 
20180506598 6 10 1 3 8 5 2 9 4 7 
20180506599 10 3 9 1 5 7 2 4 8 6 
20180506600 4 1 9 2 3 8 10 5 7 6 
20180506601 6 7 3 5 2 10 8 1 4 9 
20180506602 5 4 10 8 6 7 3 9 1 2 
20180506603 6 3 2 10 5 4 7 1 9 8 
20180506604 10 6 3 2 5 7 8 4 9 1 
20180506605 2 6 7 10 5 3 1 9 4 8 
20180506606 3 9 8 10 7 5 2 6 4 1 
20180506607 10 7 3 1 9 2 4 6 8 5 
20180506608 3 4 7 8 1 6 5 2 9 10 
20180506609 6 1 8 2 9 5 10 3 4 7 
20180506610 6 3 9 5 10 1 7 2 8 4 
20180506611 7 9 1 8 4 5 6 2 10 3 
20180506612 6 3 4 5 2 10 7 9 1 8 
20180506613 2 5 1 3 4 9 7 8 10 6 
20180506614 9 3 7 8 5 10 2 6 1 4 
20180506615 10 3 7 1 6 2 5 9 4 8 
20180506616 4 7 6 10 2 9 8 1 5 3 
20180506617 3 10 8 4 6 9 2 7 1 5 
20180506618 2 9 1 8 4 5 7 10 3 6 
20180506619 9 3 8 4 5 1 6 7 10 2 
20180506620 8 6 2 4 9 5 10 1 3 7 
20180506621 1 9 8 2 3 6 7 10 5 4 
20180506622 4 7 10 8 9 1 5 2 6 3 
20180506623 5 7 9 6 10 8 1 4 2 3 
20180506624 4 9 10 6 8 2 5 1 7 3 
20180506625 1 8 5 6 10 3 2 9 7 4 
20180506626 3 7 10 2 9 4 6 1 5 8 
20180506627 3 9 5 4 1 7 2 10 8 6 
20180506628 1 7 4 5 8 6 3 10 9 2 
20180506629 1 10 6 9 5 3 4 8 2 7 
20180506630 3 8 5 9 2 1 7 4 10 6 
20180506631 9 3 2 6 1 5 4 7 8 10 
20180506632 9 3 10 6 2 1 4 8 7 5 
20180506633 3 4 7 2 1 10 6 9 5 8 
20180506634 4 3 7 5 8 6 9 2 1 10 
20180506635 3 7 9 8 6 4 2 1 10 5 
20180506636 2 4 10 3 5 8 7 1 9 6 
20180506637 8 5 9 3 6 7 2 4 10 1 
20180506638 4 5 8 9 1 6 10 3 2 7 
20180506639 8 2 7 4 5 3 1 6 10 9 
20180506640 2 1 4 6 8 7 9 5 3 10 
20180506641 5 1 4 7 8 9 10 3 6 2 
20180506642 8 4 2 9 6 5 3 7 10 1 
20180506643 8 4 3 1 2 6 10 9 5 7 
20180506644 8 2 10 6 7 1 3 4 5 9 
20180506645 10 6 3 4 2 7 9 1 8 5 
20180506646 3 8 9 7 10 4 2 6 1 5 
20180506647 5 3 9 8 4 6 2 7 10 1 
20180506648 9 7 5 1 8 10 2 6 3 4 
20180506649 9 2 3 7 6 10 5 4 8 1 
20180506650 10 2 6 7 1 3 5 9 4 8 
20180506651 8 4 7 10 9 3 5 2 1 6 
20180506652 10 2 1 5 9 6 7 3 8 4 
20180506653 2 9 1 3 10 4 7 5 8 6 
20180506654 4 5 7 3 2 9 8 6 10 1 
20180506655 7 3 2 8 10 5 1 9 4 6 
20180506656 3 5 7 8 2 6 4 1 10 9 
20180506657 7 6 3 5 10 2 9 4 1 8 
20180506658 9 4 1 2 5 7 10 8 6 3 
20180506659 4 3 6 8 7 2 1 9 10 5 
20180506660 7 4 10 2 8 5 3 9 6 1 
20180506661 5 3 7 10 6 1 2 8 9 4 
20180506662 3 9 7 5 8 6 2 10 1 4 
20180506663 2 10 8 1 6 3 4 9 5 7 
20180506664 2 9 3 6 4 5 10 1 8 7 
20180506665 1 3 10 5 9 4 7 8 2 6 
20180506666 7 1 4 10 5 2 9 8 6 3 
20180506667 9 6 10 2 3 7 4 1 5 8 
20180506668 7 5 10 3 4 6 2 1 9 8 
20180506669 10 6 2 7 1 8 5 3 4 9 
20180506670 9 8 4 3 7 1 5 2 10 6 
20180506671 9 1 10 3 6 4 2 5 7 8 
20180506672 2 8 10 7 6 1 5 9 4 3 
20180506673 3 7 2 5 10 9 6 4 1 8 
20180506674 3 4 9 10 1 2 7 8 5 6 
20180506675 2 3 10 4 6 1 5 9 8 7 
20180506676 6 1 3 8 5 10 9 2 7 4 
20180506677 1 2 8 10 4 6 3 9 5 7 
20180506678 4 3 10 8 5 6 7 9 2 1 
20180506679 9 5 3 6 1 10 7 8 2 4 
20180506680 10 9 5 7 8 6 1 2 4 3 
20180506681 7 3 9 8 5 2 4 10 6 1 
20180506682 1 2 7 5 6 9 4 10 8 3 
20180506683 2 1 5 8 4 9 7 3 6 10 
20180506684 10 8 7 1 5 9 4 3 2 6 
20180506685 9 4 6 1 2 8 3 7 5 10 
20180506686 9 3 6 8 10 2 1 5 7 4 
20180506687 7 2 6 3 4 10 9 8 5 1 
20180506688 1 2 7 9 10 6 4 8 5 3 
20180506689 8 4 10 7 5 3 2 6 1 9 
20180506690 1 4 7 10 3 9 5 6 8 2 
20180506691 8 9 3 1 10 6 5 4 7 2 
20180506692 3 7 4 5 8 10 6 2 1 9 
20180506693 9 2 5 8 7 6 4 10 1 3 
20180506694 2 1 9 4 8 7 10 3 6 5 
20180506695 5 7 1 10 9 3 2 6 4 8 
20180506696 2 8 6 10 3 5 9 7 4 1 
20180506697 9 1 10 4 5 3 6 7 2 8 
20180506698 9 7 5 4 3 1 6 8 2 10 
20180506699 10 7 4 2 9 8 1 6 5 3 
20180506700 8 7 10 5 1 9 3 6 4 2 
20180506701 10 1 7 6 9 2 8 4 3 5 
20180506702 6 7 9 3 8 1 5 10 2 4 
20180506703 1 5 3 4 6 9 8 2 7 10 
20180506704 6 1 8 5 4 2 3 7 10 9 
20180506705 1 9 10 7 2 8 4 3 6 5 
20180506706 4 8 5 6 3 9 7 2 1 10 
20180506707 1 9 8 2 7 3 6 5 4 10 
20180506708 1 6 2 4 3 7 5 10 9 8 
20180506709 3 1 8 4 6 9 2 7 10 5 
20180506710 8 4 3 9 1 7 2 10 5 6 
20180506711 3 4 10 1 2 9 6 5 7 8 
20180506712 8 5 3 6 1 4 10 2 9 7 
20180506713 5 7 9 3 2 4 6 1 8 10 
20180506714 2 3 4 10 6 7 5 9 1 8 
20180506715 5 6 4 7 10 3 1 2 8 9 
20180506716 1 9 10 6 7 5 8 4 3 2 
20180506717 4 9 6 8 1 2 10 3 7 5 
20180506718 8 6 5 7 9 1 4 10 2 3 
20180506719 9 2 5 1 10 4 7 3 8 6 
20180506720 8 2 1 4 3 5 7 10 9 6 
20180506721 3 1 9 8 10 7 4 5 2 6 
20180506722 5 2 6 7 8 4 10 1 9 3 
20180506723 7 1 9 5 10 3 2 4 8 6 
20180506724 6 10 8 1 2 5 9 4 3 7 
20180506725 6 2 1 3 7 4 8 9 10 5 
20180506726 1 10 8 5 3 4 9 7 6 2 
20180506727 8 10 1 2 6 3 4 9 5 7 
20180506728 7 6 1 10 9 2 4 5 8 3 
20180506729 6 1 7 8 3 2 5 9 10 4 
20180506730 3 9 7 8 10 4 1 6 2 5 
20180506731 2 1 4 6 8 3 7 9 5 10 
20180506732 7 1 3 10 8 9 5 2 4 6 
20180506733 7 6 5 3 9 8 4 2 10 1 
20180506734 4 9 8 5 3 2 6 7 1 10 
20180506735 10 8 1 6 3 2 9 5 4 7 
20180506736 2 9 4 3 7 1 6 5 8 10 
20180506737 4 10 1 3 8 2 7 5 6 9 
20180506738 2 10 8 7 1 3 4 6 9 5 
20180506739 4 2 10 9 6 5 8 1 3 7 
20180506740 9 3 10 8 1 4 6 5 7 2 
20180506741 6 1 8 5 4 3 10 9 7 2 
20180506742 1 7 8 10 3 5 9 6 4 2 
20180506743 10 4 1 5 6 7 9 2 8 3 
20180506744 3 7 10 2 8 4 1 6 9 5 
20180506745 7 5 1 2 3 6 9 10 4 8 
20180506746 10 8 1 3 6 5 9 7 4 2 
20180506747 3 8 2 10 7 4 9 6 5 1 
20180506748 10 1 8 7 9 6 3 5 4 2 
20180506749 1 2 9 6 4 8 3 7 10 5 
20180506750 2 6 9 3 1 10 5 8 4 7 
20180506751 5 8 10 2 7 4 9 1 6 3 
20180506752 6 1 9 7 2 5 4 8 10 3 
20180506753 5 8 7 6 1 9 3 4 2 10 
20180506754 6 9 10 4 2 7 5 8 3 1 
20180506755 8 3 5 6 7 2 10 1 4 9 
20180506756 8 9 4 3 7 5 1 10 6 2 
20180506757 8 7 5 1 10 2 3 6 4 9 
20180506758 7 8 5 1 6 2 10 9 4 3 
20180506759 7 9 2 5 8 3 10 6 1 4 
20180506760 5 7 1 2 3 4 9 8 6 10 
20180506761 2 9 4 7 10 5 1 8 6 3 
20180506762 9 10 5 1 6 3 4 8 7 2 
20180506763 5 2 3 4 10 6 7 1 9 8 
20180506764 3 5 8 7 4 10 9 1 6 2 
20180506765 3 5 10 8 6 9 2 4 7 1 
20180506766 1 10 7 9 6 4 8 5 3 2 
20180506767 8 9 2 5 10 6 1 3 4 7 
20180506768 1 4 8 7 9 5 10 3 6 2 
20180506769 7 2 4 1 10 9 3 8 5 6 
20180506770 10 7 1 6 9 8 5 3 2 4 
20180506771 4 3 7 2 5 6 1 9 8 10 
20180506772 2 6 4 5 10 1 9 8 3 7 
20180506773 1 5 6 10 7 4 2 8 9 3 
20180506774 1 4 8 6 3 10 2 9 7 5 
20180506775 1 2 9 3 7 5 6 4 8 10 
20180506776 2 6 7 3 9 8 4 1 10 5 
20180506777 4 3 1 7 8 6 5 10 2 9 
20180506778 3 6 5 1 2 10 8 9 4 7 
20180506779 6 4 9 1 5 3 8 10 2 7 
20180506780 5 6 2 4 8 1 3 9 7 10 
20180506781 6 5 3 7 10 9 8 1 4 2 
20180506782 5 6 3 9 4 2 1 7 10 8 
20180506783 1 6 5 7 10 3 4 2 8 9 
20180506784 8 3 9 1 10 6 5 4 7 2 
20180506785 6 5 7 9 1 3 8 4 10 2 
20180506786 7 4 3 6 5 2 10 8 9 1 
20180506787 7 4 5 6 3 10 9 1 8 2 
20180506788 1 5 4 10 8 6 7 3 2 9 
20180506789 10 2 9 5 4 3 1 8 7 6 
20180506790 3 8 6 9 7 2 5 4 1 10 
20180506791 6 3 1 8 10 5 2 4 7 9 
20180506792 7 2 3 1 6 10 5 9 4 8 
20180506793 5 8 1 7 9 2 4 3 10 6 
20180506794 10 5 2 3 8 9 7 6 1 4 
20180506795 6 8 10 1 7 4 2 9 3 5 
20180506796 8 3 7 6 2 10 4 9 5 1 
20180506797 9 3 1 5 2 8 6 7 10 4 
20180506798 1 3 2 9 4 7 8 10 6 5 
20180506799 10 1 5 3 9 2 4 8 7 6 
20180506800 1 5 9 2 8 6 3 10 4 7 
20180506801 6 8 9 5 1 3 10 4 2 7 
20180506802 4 2 7 5 10 9 3 8 1 6 
20180506803 7 2 8 3 9 10 6 5 1 4 
20180506804 7 1 8 6 3 10 2 9 4 5 
20180506805 10 8 3 1 4 2 9 7 5 6 
20180506806 9 2 5 1 10 4 3 6 8 7 
20180506807 4 1 3 10 7 5 8 6 9 2 
20180506808 7 9 2 4 5 6 3 8 10 1 
20180506809 4 8 7 9 2 6 5 10 1 3 
20180506810 4 9 10 5 2 1 6 3 7 8 
20180506811 7 3 8 6 4 5 10 9 2 1 
20180506812 7 3 4 1 5 9 8 2 10 6 
20180506813 8 10 6 9 2 7 1 3 4 5 
20180506814 7 9 3 2 8 5 4 1 6 10 
20180506815 8 3 10 5 1 4 7 9 6 2 
20180506816 10 9 6 2 4 3 7 1 5 8 
20180506817 7 5 1 2 10 9 8 6 4 3 
20180506818 6 8 7 9 3 2 4 5 1 10 
20180506819 10 7 2 8 3 1 6 9 5 4 
20180506820 8 9 3 2 1 10 7 4 6 5 
20180506821 8 5 6 10 2 9 7 4 3 1 
20180506822 1 3 8 2 5 9 6 4 7 10 
20180506823 5 8 3 6 2 10 9 1 4 7 
20180506824 1 3 7 10 6 2 5 4 8 9 
20180506825 4 2 9 6 8 10 3 5 7 1 
20180506826 7 8 5 9 10 3 4 6 1 2 
20180506827 2 3 5 1 7 8 6 4 10 9 
20180506828 3 7 8 4 2 5 1 9 10 6 
20180506829 3 5 2 8 10 7 4 1 9 6 
20180506830 2 3 10 4 6 5 7 8 9 1 
20180506831 3 6 1 8 7 5 9 10 2 4 
20180506832 6 4 8 3 10 7 2 1 9 5 
20180506833 9 7 8 5 6 3 4 2 10 1 
20180506834 1 7 8 6 9 5 4 2 10 3 
20180506835 1 6 2 10 8 9 5 4 7 3 
20180506836 6 5 3 8 7 4 1 2 10 9 
20180506837 3 10 9 6 4 5 2 1 7 8 
20180506838 9 2 8 6 5 10 4 7 1 3 
20180506839 6 2 1 9 5 8 10 3 4 7 
20180506840 1 9 2 3 6 5 4 8 10 7 
20180506841 1 6 7 8 4 2 3 9 5 10 
20180506842 3 8 1 5 7 9 6 2 10 4 
20180506843 3 8 2 1 6 10 9 4 7 5 
20180506844 8 7 2 1 9 6 5 10 3 4 
20180506845 9 8 2 3 5 6 10 1 4 7 
20180506846 1 2 6 8 4 9 7 3 10 5 
20180506847 9 10 4 5 6 7 2 3 1 8 
20180506848 3 4 8 1 2 9 5 6 7 10 
20180506849 5 9 1 3 2 8 6 4 10 7 
20180506850 9 2 10 4 3 6 5 1 8 7 
20180506851 1 4 2 6 9 8 3 7 10 5 
20180506852 8 4 5 10 9 6 1 3 2 7 
20180506853 7 2 5 8 6 4 3 1 10 9 
20180506854 8 5 2 6 1 4 3 10 9 7 
20180506855 10 9 4 5 2 1 6 3 7 8 
20180506856 10 4 8 3 6 9 2 5 7 1 
20180506857 2 8 3 5 4 7 6 1 9 10 
20180506858 5 6 8 3 10 4 1 9 7 2 
20180506859 10 3 9 1 2 4 8 7 5 6 
20180506860 6 7 3 4 5 1 8 10 9 2 
20180506861 7 1 8 3 10 9 5 2 6 4 
20180506862 2 8 3 5 4 1 9 10 6 7 
20180506863 6 2 5 8 9 4 10 3 1 7 
20180506864 10 9 7 4 3 5 6 2 1 8 
20180506865 9 6 5 8 7 1 3 2 10 4 
20180506866 2 5 1 3 10 6 7 4 9 8 
20180506867 1 10 4 6 5 9 8 3 7 2 
20180506868 6 5 9 7 1 4 10 8 3 2 
20180506869 4 3 6 5 7 1 10 8 9 2 
20180506870 2 3 4 8 7 6 10 1 9 5 
20180506871 1 10 4 8 3 2 7 6 5 9 
20180506872 2 8 7 4 6 10 5 9 3 1 
20180506873 5 1 2 9 10 6 4 8 3 7 
20180506874 9 4 8 5 10 3 7 2 1 6 
20180506875 9 10 2 7 6 3 4 1 8 5 
20180506876 1 5 8 4 9 2 6 10 3 7 
20180506877 2 1 8 3 6 4 9 7 5 10 
20180506878 9 6 10 3 2 8 5 4 7 1 
20180506879 8 1 4 2 7 5 6 9 3 10 
20180506880 2 3 7 1 9 5 6 4 8 10 
20180506881 3 8 2 10 1 4 5 9 6 7 
20180506882 1 5 4 9 6 10 2 8 3 7 
20180506883 2 6 7 1 3 8 4 9 5 10 
20180506884 8 4 6 9 10 5 3 1 7 2 
20180506885 2 3 10 5 4 8 7 1 9 6 
20180506886 10 6 1 3 9 5 2 4 7 8 
20180506887 4 6 1 9 5 10 7 3 2 8 
20180506888 4 5 7 10 1 2 9 8 3 6 
20180506889 3 5 7 6 2 4 8 10 9 1 
20180506890 2 7 3 4 8 6 10 5 1 9 
20180506891 2 5 3 9 7 4 10 1 8 6 
20180506892 4 5 6 8 7 10 9 1 2 3 
20180506893 2 4 9 10 5 7 8 1 6 3 
20180506894 9 3 4 1 6 10 2 5 7 8 
20180506895 3 1 8 5 2 10 9 6 4 7 
20180506896 4 7 3 1 6 9 10 8 2 5 
20180506897 9 10 5 4 7 6 1 3 2 8 
20180506898 7 2 8 3 9 1 6 10 4 5 
20180506899 7 6 1 2 9 3 5 8 10 4 
20180506900 2 3 10 4 8 9 6 1 5 7 
20180506901 7 5 4 10 3 1 2 6 9 8 
20180506902 1 9 5 10 8 3 4 6 2 7 
20180506903 7 1 4 2 3 10 6 8 5 9 
20180506904 4 6 2 5 10 7 1 3 8 9 
20180506905 6 10 9 4 1 8 5 2 7 3 
20180506906 1 4 2 10 8 7 5 9 6 3 
20180506907 9 2 8 4 10 3 1 5 7 6 
20180506908 1 9 8 6 4 3 7 10 2 5 
20180506909 6 10 4 1 9 8 7 5 2 3 
20180506910 7 3 1 4 2 9 5 6 10 8 
20180506911 5 4 9 1 3 8 6 7 2 10 
20180506912 10 4 7 9 1 5 6 8 3 2 
20180506913 8 10 6 9 7 1 5 4 2 3 
20180506914 2 4 7 5 1 10 9 3 8 6 
20180506915 7 5 8 6 4 2 3 9 1 10 
20180506916 1 2 4 7 6 10 3 8 9 5 
20180506917 5 6 1 3 2 9 4 8 7 10 
20180506918 2 4 3 8 9 10 7 5 6 1 
20180506919 3 6 9 8 2 10 5 4 7 1 
20180506920 3 9 1 10 2 6 4 8 7 5 
20180506921 4 3 6 10 5 7 9 2 1 8 
20180506922 5 8 3 9 10 6 7 1 2 4 
20180506923 5 8 2 10 7 9 4 3 6 1 
20180506924 6 4 10 2 1 7 5 3 9 8 
20180506925 6 3 8 9 7 1 5 2 4 10 
20180506926 2 7 3 8 1 10 4 6 5 9 
20180506927 2 8 3 5 6 7 4 1 10 9 
20180506928 7 8 10 3 5 9 4 1 6 2 
20180506929 1 5 3 8 9 2 7 4 6 10 
20180506930 7 5 2 3 1 6 9 10 8 4 
20180506931 9 6 4 7 10 2 1 8 5 3 
20180506932 9 6 10 5 1 8 4 3 2 7 
20180506933 4 9 2 7 1 6 3 8 10 5 
20180506934 9 5 6 4 3 1 7 2 8 10 
20180506935 2 10 4 6 3 7 9 1 8 5 
20180506936 5 4 2 10 6 1 7 8 9 3 
20180506937 9 5 2 4 7 10 3 6 1 8 
20180506938 5 2 9 10 3 1 4 6 8 7 
20180506939 1 2 4 8 5 7 6 3 10 9 
20180506940 3 5 9 6 1 10 7 8 2 4 
20180506941 3 9 1 7 8 6 10 5 2 4 
20180506942 9 1 8 2 4 3 10 6 5 7 
20180506943 4 6 8 10 9 3 1 2 7 5 
20180506944 9 4 6 1 8 7 10 3 5 2 
20180506945 4 1 10 5 8 6 9 2 7 3 
20180506946 9 8 1 2 10 5 7 6 3 4 
20180506947 3 1 8 6 2 5 10 9 4 7 
20180506948 1 4 10 9 7 5 8 2 3 6 
20180506949 9 8 2 1 5 7 10 3 6 4 
20180506950 7 8 9 4 2 1 3 6 10 5 
20180506951 10 5 3 1 2 7 6 9 8 4 
20180506952 4 1 10 8 2 6 9 7 5 3 
20180506953 6 8 1 3 4 9 5 7 10 2 
20180506954 10 3 1 7 8 9 2 4 6 5 
20180506955 10 5 9 7 2 3 6 8 1 4 
20180506956 5 8 9 7 2 1 6 4 10 3 
20180506957 10 3 4 1 9 5 8 6 7 2 
20180506958 10 7 2 6 3 9 4 5 1 8 
20180506959 10 4 2 8 9 6 1 3 7 5 
20180506960 4 1 9 10 7 8 3 6 5 2 
20180506961 2 9 5 1 10 8 7 6 3 4 
20180506962 1 9 8 2 4 10 7 6 3 5 
20180506963 5 9 7 10 2 1 6 4 8 3 
20180506964 6 10 5 4 1 9 2 3 8 7 
20180506965 3 9 10 7 2 6 5 4 8 1 
20180506966 8 5 2 1 10 4 9 7 6 3 
20180506967 4 9 5 2 8 3 7 10 6 1 
20180506968 1 7 5 9 10 3 6 2 8 4 
20180506969 10 6 4 1 2 7 5 3 9 8 
20180506970 7 9 4 2 1 10 5 6 8 3 
20180506971 8 5 10 4 9 3 7 6 1 2 
20180506972 6 4 8 9 1 7 2 10 3 5 
20180506973 1 8 3 2 7 6 9 5 4 10 
20180506974 8 3 1 4 6 9 7 2 5 10 
20180506975 4 10 6 7 8 2 3 5 9 1 
20180506976 6 4 2 1 10 8 3 5 9 7 
20180506977 2 3 8 1 9 6 10 4 7 5 
20180506978 2 1 8 10 5 4 9 6 7 3 
20180506979 9 1 3 10 6 5 8 7 2 4 
20180506980 2 5 1 10 8 4 9 7 6 3 
20180506981 10 2 3 1 5 6 7 4 9 8 
20180506982 8 3 4 6 9 1 2 10 7 5 
20180506983 4 3 6 2 1 7 9 10 8 5 
20180506984 7 10 5 6 4 8 3 9 1 2 
20180506985 5 10 6 1 7 8 9 3 4 2 
