20180516001 2 1 4 7 3 10 9 5 6 8 
20180516002 10 5 7 1 2 4 8 9 3 6 
20180516003 4 7 10 1 9 6 8 2 3 5 
20180516004 8 7 5 3 2 6 4 9 1 10 
20180516005 1 6 10 5 8 7 9 4 2 3 
20180516006 8 2 5 1 9 6 4 3 10 7 
20180516007 3 2 1 7 8 6 4 10 5 9 
20180516008 4 7 10 6 1 5 2 9 3 8 
20180516009 3 9 7 8 4 1 10 6 5 2 
20180516010 9 6 4 7 2 3 10 5 8 1 
20180516011 6 9 3 4 10 1 2 8 7 5 
20180516012 3 9 2 10 6 4 1 7 8 5 
20180516013 3 1 5 2 9 7 8 6 10 4 
20180516014 4 5 10 9 3 7 1 6 2 8 
20180516015 2 8 4 1 6 5 10 9 3 7 
20180516016 6 4 10 2 3 1 5 7 8 9 
20180516017 8 3 6 7 5 9 2 4 1 10 
20180516018 3 1 2 9 7 8 10 5 6 4 
20180516019 4 9 2 6 3 7 1 10 5 8 
20180516020 4 9 10 3 7 6 1 8 5 2 
20180516021 3 1 2 5 8 7 4 9 10 6 
20180516022 7 1 5 4 2 9 3 8 10 6 
20180516023 1 9 6 10 8 3 2 4 7 5 
20180516024 10 1 6 7 2 4 9 8 3 5 
20180516025 2 10 1 4 8 6 3 5 7 9 
20180516026 2 9 1 6 4 10 8 5 3 7 
20180516027 9 7 6 10 3 2 1 5 8 4 
20180516028 1 7 8 3 10 6 9 4 5 2 
20180516029 8 10 6 7 3 9 1 4 2 5 
20180516030 3 6 4 2 9 8 1 10 7 5 
20180516031 4 3 5 1 8 9 10 2 6 7 
20180516032 4 1 9 3 2 7 5 8 10 6 
20180516033 5 2 6 3 10 9 8 7 1 4 
20180516034 5 2 4 6 7 1 10 9 8 3 
20180516035 6 3 5 4 8 2 10 1 7 9 
20180516036 10 8 2 5 1 9 6 4 3 7 
20180516037 1 2 8 7 10 5 3 6 9 4 
20180516038 8 1 6 7 2 10 3 4 9 5 
20180516039 5 4 2 9 10 3 6 8 7 1 
20180516040 10 1 7 2 5 3 9 4 6 8 
20180516041 9 7 10 5 4 3 1 6 8 2 
20180516042 1 2 10 9 6 8 4 7 5 3 
20180516043 2 3 7 5 6 8 9 1 10 4 
20180516044 2 3 7 5 9 8 4 6 1 10 
20180516045 10 5 1 2 8 4 3 6 9 7 
20180516046 8 3 7 5 4 2 1 9 6 10 
20180516047 8 7 10 4 2 3 1 9 6 5 
20180516048 5 1 3 10 6 7 9 2 4 8 
20180516049 7 4 9 8 3 5 6 2 1 10 
20180516050 7 5 1 2 3 10 8 6 4 9 
20180516051 8 6 1 10 9 3 2 4 7 5 
20180516052 1 3 2 8 7 9 5 6 10 4 
20180516053 5 1 10 4 8 6 3 9 7 2 
20180516054 10 7 3 6 5 2 8 4 1 9 
20180516055 6 8 7 3 10 1 5 4 2 9 
20180516056 6 10 5 3 8 9 2 7 4 1 
20180516057 10 2 8 5 6 4 1 7 9 3 
20180516058 1 4 7 9 6 5 2 3 10 8 
20180516059 9 10 7 3 4 2 8 5 6 1 
20180516060 4 9 3 6 7 10 5 8 1 2 
20180516061 2 5 10 8 7 3 9 6 4 1 
20180516062 10 1 6 3 2 9 5 4 7 8 
20180516063 1 4 6 10 2 8 9 7 3 5 
20180516064 4 10 6 3 8 7 5 9 2 1 
20180516065 10 7 1 6 8 9 3 5 2 4 
20180516066 4 5 3 2 7 9 8 6 1 10 
20180516067 10 9 7 4 5 2 1 3 8 6 
20180516068 7 10 1 9 6 8 2 3 5 4 
20180516069 4 6 3 10 2 8 9 1 5 7 
20180516070 6 5 9 8 2 10 7 3 4 1 
20180516071 10 7 4 8 5 2 3 6 1 9 
20180516072 2 10 8 4 6 1 5 7 3 9 
20180516073 8 7 9 5 1 4 3 6 2 10 
20180516074 7 3 4 1 9 8 10 5 2 6 
20180516075 7 2 9 4 3 1 8 10 5 6 
20180516076 8 2 9 4 6 1 10 3 7 5 
20180516077 4 7 2 8 5 10 1 9 3 6 
20180516078 3 9 1 8 2 5 4 10 6 7 
20180516079 6 10 7 3 9 1 2 5 4 8 
20180516080 6 2 8 9 3 4 5 7 10 1 
20180516081 9 8 7 2 4 6 1 5 10 3 
20180516082 5 6 4 10 1 3 7 2 9 8 
20180516083 1 9 7 6 8 2 3 5 4 10 
20180516084 3 10 2 1 5 6 7 9 8 4 
20180516085 10 8 9 1 4 3 2 6 7 5 
20180516086 1 6 8 9 4 7 3 5 10 2 
20180516087 5 8 3 7 4 6 10 1 9 2 
20180516088 5 7 8 4 9 3 6 10 1 2 
20180516089 9 10 1 8 6 5 4 7 3 2 
20180516090 10 7 2 4 9 1 5 3 6 8 
20180516091 2 5 6 1 8 3 10 4 7 9 
20180516092 8 2 7 4 6 1 9 10 3 5 
20180516093 4 5 2 9 3 8 1 6 7 10 
20180516094 9 3 7 4 1 6 5 2 8 10 
20180516095 6 7 8 4 5 3 2 1 9 10 
20180516096 8 5 10 2 9 7 1 4 6 3 
20180516097 10 5 8 2 7 4 9 1 3 6 
20180516098 6 1 9 2 4 8 5 7 3 10 
20180516099 6 9 5 4 10 1 2 3 7 8 
20180516100 4 6 7 8 1 9 3 2 5 10 
20180516101 7 3 8 6 1 2 10 5 4 9 
20180516102 5 9 10 6 8 4 2 1 7 3 
20180516103 8 2 9 7 10 6 1 3 5 4 
20180516104 5 7 8 9 2 6 4 10 3 1 
20180516105 3 7 8 10 9 2 6 4 5 1 
20180516106 9 6 2 1 10 4 3 5 7 8 
20180516107 5 9 10 3 4 7 8 6 1 2 
20180516108 7 5 3 4 9 8 10 2 1 6 
20180516109 9 3 5 2 6 10 8 1 4 7 
20180516110 9 2 1 8 3 7 4 10 5 6 
20180516111 10 2 5 8 3 6 1 9 7 4 
20180516112 10 9 2 7 8 5 1 6 4 3 
20180516113 1 6 7 3 8 9 4 2 5 10 
20180516114 4 7 2 1 5 9 6 8 3 10 
20180516115 7 3 1 5 9 2 4 10 6 8 
20180516116 6 7 5 3 10 2 9 1 8 4 
20180516117 10 2 7 4 8 3 1 5 6 9 
20180516118 4 1 8 5 6 3 9 7 10 2 
20180516119 1 10 5 2 9 6 4 8 7 3 
20180516120 5 2 7 6 8 10 4 3 9 1 
20180516121 8 3 1 2 9 4 7 5 10 6 
20180516122 10 8 1 2 4 6 5 3 7 9 
20180516123 5 4 6 3 8 1 9 7 10 2 
20180516124 6 3 5 8 9 4 2 7 10 1 
20180516125 1 4 8 10 6 9 7 5 3 2 
20180516126 2 10 8 6 1 4 9 3 5 7 
20180516127 8 3 9 4 5 7 2 6 1 10 
20180516128 7 5 10 8 1 2 4 6 3 9 
20180516129 9 4 8 5 2 7 3 6 10 1 
20180516130 10 2 8 9 1 7 4 5 6 3 
20180516131 1 10 6 8 4 3 7 5 9 2 
20180516132 8 10 9 7 5 1 6 2 4 3 
20180516133 6 5 1 2 4 10 7 3 9 8 
20180516134 1 10 6 2 8 7 3 4 5 9 
20180516135 6 8 9 10 3 2 7 4 1 5 
20180516136 10 7 8 9 4 3 1 5 6 2 
20180516137 2 7 10 4 6 9 5 1 3 8 
20180516138 4 10 2 9 5 1 3 8 6 7 
20180516139 4 10 2 3 1 5 6 7 8 9 
20180516140 8 3 1 10 5 2 6 4 7 9 
20180516141 1 9 6 8 10 7 2 3 4 5 
20180516142 3 2 1 6 10 5 8 7 4 9 
20180516143 1 6 7 10 5 9 3 2 8 4 
20180516144 8 6 5 7 2 10 9 4 3 1 
20180516145 8 7 4 2 3 9 10 6 5 1 
20180516146 10 5 1 3 9 2 7 8 4 6 
20180516147 4 9 8 6 10 1 2 7 3 5 
20180516148 4 2 9 7 6 10 5 3 1 8 
20180516149 4 10 1 8 2 5 9 6 3 7 
20180516150 8 1 9 10 6 5 7 3 2 4 
20180516151 4 7 10 8 2 1 3 9 5 6 
20180516152 7 9 4 5 8 2 10 6 1 3 
20180516153 5 6 9 8 10 3 1 7 2 4 
20180516154 2 10 4 3 1 8 5 9 6 7 
20180516155 6 2 5 9 7 4 10 1 8 3 
20180516156 10 6 1 2 7 8 9 5 4 3 
20180516157 1 9 4 3 6 7 8 2 10 5 
20180516158 7 4 10 2 8 5 3 6 1 9 
20180516159 5 2 8 10 1 9 3 6 7 4 
20180516160 1 5 7 9 2 3 6 10 4 8 
20180516161 2 9 4 10 5 7 1 3 8 6 
20180516162 5 8 9 2 6 1 3 7 10 4 
20180516163 9 2 6 7 4 3 1 5 8 10 
20180516164 7 5 9 2 3 8 4 1 10 6 
20180516165 6 4 7 9 3 8 5 1 10 2 
20180516166 1 3 10 7 2 9 8 5 4 6 
20180516167 2 4 10 7 5 9 6 1 8 3 
20180516168 4 2 1 6 5 9 10 7 3 8 
20180516169 3 4 9 6 7 10 2 1 5 8 
20180516170 7 4 9 5 2 3 8 1 6 10 
20180516171 3 8 9 6 2 4 5 1 10 7 
20180516172 6 5 3 1 2 4 8 9 10 7 
20180516173 2 10 4 6 5 7 1 9 8 3 
20180516174 6 5 2 3 7 8 4 10 1 9 
20180516175 3 10 9 7 4 2 5 6 1 8 
20180516176 8 7 3 9 10 6 4 5 2 1 
20180516177 10 9 3 8 1 5 2 7 4 6 
20180516178 1 7 5 4 9 2 8 3 10 6 
20180516179 3 2 1 7 5 6 4 8 9 10 
20180516180 9 6 3 2 1 8 10 7 4 5 
20180516181 3 2 9 1 5 6 4 8 10 7 
20180516182 2 8 5 9 10 7 4 6 1 3 
20180516183 6 7 8 1 5 2 10 4 3 9 
20180516184 7 4 9 6 2 8 5 10 3 1 
20180516185 3 1 5 4 9 10 8 2 6 7 
20180516186 3 2 5 8 10 6 7 1 4 9 
20180516187 3 6 2 8 7 1 4 5 9 10 
20180516188 4 8 3 5 10 6 9 2 1 7 
20180516189 8 2 1 3 10 5 7 4 6 9 
20180516190 1 10 2 9 8 5 7 6 3 4 
20180516191 8 6 7 4 2 3 5 1 9 10 
20180516192 6 3 9 4 2 5 10 8 1 7 
20180516193 5 7 8 10 2 1 4 3 9 6 
20180516194 5 4 2 1 7 8 9 6 10 3 
20180516195 2 10 8 3 1 5 7 9 6 4 
20180516196 9 8 1 10 7 3 4 5 6 2 
20180516197 6 10 5 9 3 4 7 2 8 1 
20180516198 6 5 9 2 3 4 1 10 8 7 
20180516199 5 8 3 6 1 7 2 9 4 10 
20180516200 6 5 7 3 2 9 10 4 8 1 
20180516201 10 6 9 1 7 4 2 3 5 8 
20180516202 2 3 9 6 5 7 10 1 4 8 
20180516203 9 3 7 1 10 2 4 6 5 8 
20180516204 2 5 9 7 1 6 4 10 8 3 
20180516205 1 4 6 3 7 10 8 5 9 2 
20180516206 9 5 4 6 8 3 2 10 1 7 
20180516207 8 1 7 10 9 4 6 2 5 3 
20180516208 5 1 8 6 9 3 4 10 2 7 
20180516209 9 1 4 3 7 5 10 8 6 2 
20180516210 6 2 3 7 4 8 10 9 5 1 
20180516211 6 8 3 9 10 7 1 5 2 4 
20180516212 8 6 9 2 5 3 7 4 10 1 
20180516213 10 1 3 5 4 6 2 7 9 8 
20180516214 5 1 6 4 2 3 8 7 10 9 
20180516215 1 3 4 6 2 9 7 10 8 5 
20180516216 3 7 5 6 10 4 1 9 8 2 
20180516217 7 9 1 4 5 8 10 6 2 3 
20180516218 7 9 3 2 4 1 10 6 5 8 
20180516219 5 8 10 2 1 6 7 3 9 4 
20180516220 7 3 6 4 8 5 1 2 10 9 
20180516221 3 7 6 5 2 8 1 10 4 9 
20180516222 1 3 9 6 5 4 7 8 10 2 
20180516223 4 5 7 1 10 2 8 9 3 6 
20180516224 4 9 1 6 8 5 10 7 3 2 
20180516225 2 7 5 4 1 3 6 9 10 8 
20180516226 7 5 10 2 9 8 3 6 1 4 
20180516227 4 3 1 10 2 7 8 5 9 6 
20180516228 9 8 7 2 1 6 5 10 3 4 
20180516229 7 9 4 2 1 6 10 5 8 3 
20180516230 1 9 8 6 4 7 2 10 3 5 
20180516231 9 6 8 3 1 2 5 7 10 4 
20180516232 3 9 10 2 7 4 6 1 5 8 
20180516233 9 5 1 3 6 10 8 2 4 7 
20180516234 3 5 8 4 6 1 10 2 7 9 
20180516235 2 6 5 10 4 9 1 7 3 8 
20180516236 10 6 2 4 3 7 9 8 1 5 
20180516237 1 9 5 7 2 4 3 10 6 8 
20180516238 5 1 4 8 3 7 6 10 9 2 
20180516239 7 3 10 5 2 8 4 9 1 6 
20180516240 6 2 4 1 10 3 7 8 9 5 
20180516241 10 3 1 4 8 9 6 7 2 5 
20180516242 1 7 8 6 10 4 3 2 5 9 
20180516243 3 10 4 9 5 1 2 6 7 8 
20180516244 3 9 8 5 7 1 6 4 10 2 
20180516245 5 3 4 1 6 8 10 9 2 7 
20180516246 3 6 10 1 9 5 8 7 2 4 
20180516247 1 4 7 9 6 3 5 2 10 8 
20180516248 9 1 5 7 2 6 3 8 10 4 
20180516249 10 1 7 9 5 2 3 8 4 6 
20180516250 9 7 4 6 1 8 10 2 3 5 
20180516251 3 7 2 1 5 10 6 4 9 8 
20180516252 7 4 1 6 5 2 8 9 10 3 
20180516253 9 10 6 8 3 4 2 5 1 7 
20180516254 2 4 9 6 8 5 10 3 7 1 
20180516255 1 8 10 5 3 4 6 9 7 2 
20180516256 9 7 4 6 3 1 2 8 5 10 
20180516257 9 2 1 8 7 5 6 3 4 10 
20180516258 4 1 3 10 2 5 8 6 7 9 
20180516259 8 10 9 7 1 5 4 6 3 2 
20180516260 2 3 6 4 8 1 5 9 10 7 
20180516261 2 6 10 4 7 5 1 8 9 3 
20180516262 9 2 7 1 10 3 4 6 5 8 
20180516263 5 3 8 1 10 2 9 6 4 7 
20180516264 1 6 5 4 9 3 7 8 2 10 
20180516265 10 4 3 5 2 1 6 9 7 8 
20180516266 6 7 3 10 5 2 8 4 9 1 
20180516267 7 5 9 6 3 2 1 8 4 10 
20180516268 8 3 10 1 4 9 5 6 7 2 
20180516269 1 5 9 8 3 6 7 10 4 2 
20180516270 1 9 3 4 8 7 10 5 2 6 
20180516271 2 9 4 3 5 8 1 10 7 6 
20180516272 1 9 10 2 6 8 4 5 7 3 
20180516273 6 5 2 3 10 1 7 8 9 4 
20180516274 3 4 5 10 1 7 9 8 2 6 
20180516275 6 5 1 7 2 9 4 3 10 8 
20180516276 6 10 2 4 8 5 7 9 3 1 
20180516277 3 10 1 5 2 6 4 7 8 9 
20180516278 1 3 6 8 5 2 4 9 10 7 
20180516279 2 5 1 3 7 4 8 10 6 9 
20180516280 3 10 7 6 1 2 8 9 5 4 
20180516281 8 3 10 6 9 1 5 2 4 7 
20180516282 1 8 3 9 5 7 2 10 6 4 
20180516283 6 8 1 5 2 7 3 4 10 9 
20180516284 4 3 2 10 5 9 7 6 8 1 
20180516285 4 3 10 8 7 5 9 1 6 2 
20180516286 10 6 4 3 9 8 5 2 1 7 
20180516287 5 6 7 8 1 2 9 3 4 10 
20180516288 5 2 8 4 7 9 3 6 1 10 
20180516289 9 8 7 2 10 6 5 1 3 4 
20180516290 3 6 10 7 2 9 1 8 4 5 
20180516291 9 5 7 2 1 4 3 10 6 8 
20180516292 9 2 6 1 7 10 3 8 4 5 
20180516293 6 8 1 7 3 4 2 9 5 10 
20180516294 5 2 10 7 3 9 4 6 8 1 
20180516295 6 1 4 10 9 8 3 5 2 7 
20180516296 3 4 7 6 2 9 8 5 10 1 
20180516297 4 1 6 7 8 10 3 9 5 2 
20180516298 4 5 10 9 3 6 7 8 2 1 
20180516299 10 1 8 6 9 2 4 5 3 7 
20180516300 10 7 4 5 2 1 9 3 6 8 
20180516301 6 2 5 8 1 10 4 9 7 3 
20180516302 5 4 1 10 7 8 9 2 3 6 
20180516303 1 8 2 5 10 4 6 3 9 7 
20180516304 10 5 2 1 8 7 4 3 6 9 
20180516305 3 4 10 1 9 6 5 8 7 2 
20180516306 5 1 10 3 9 4 2 8 7 6 
20180516307 5 4 7 2 1 10 6 8 3 9 
20180516308 10 1 9 6 7 5 8 2 3 4 
20180516309 5 10 9 7 4 6 1 3 2 8 
20180516310 7 6 9 3 5 1 2 8 4 10 
20180516311 1 9 10 7 4 8 6 3 5 2 
20180516312 5 4 1 8 9 10 3 2 6 7 
20180516313 10 3 9 4 7 6 8 5 1 2 
20180516314 1 10 2 6 3 7 9 8 4 5 
20180516315 1 5 8 4 3 2 9 10 7 6 
20180516316 6 10 7 4 8 5 3 2 1 9 
20180516317 5 1 8 3 7 4 2 9 10 6 
20180516318 1 3 10 9 8 2 5 4 6 7 
20180516319 5 10 6 7 2 1 8 4 3 9 
20180516320 1 10 8 9 5 7 4 2 3 6 
20180516321 4 8 3 10 7 6 2 1 5 9 
20180516322 4 9 5 10 3 7 6 1 8 2 
20180516323 10 3 1 5 2 8 6 9 4 7 
20180516324 5 4 3 6 10 7 1 9 8 2 
20180516325 2 5 3 4 1 8 6 9 7 10 
20180516326 10 4 9 5 8 3 1 6 7 2 
20180516327 10 3 7 5 1 2 4 6 9 8 
20180516328 5 2 6 4 8 3 10 1 7 9 
20180516329 7 10 9 8 3 4 1 5 2 6 
20180516330 5 2 10 3 4 1 8 7 9 6 
20180516331 1 6 4 9 3 2 7 5 8 10 
20180516332 3 1 8 2 6 10 4 5 7 9 
20180516333 4 9 6 7 1 3 8 2 5 10 
20180516334 6 8 9 3 4 10 5 2 1 7 
20180516335 7 6 9 2 8 3 1 4 10 5 
20180516336 4 2 3 8 6 5 1 9 7 10 
20180516337 1 2 9 10 3 5 7 4 8 6 
20180516338 2 10 4 8 7 9 1 6 5 3 
20180516339 1 2 9 6 5 4 8 7 10 3 
20180516340 6 2 3 8 10 9 1 5 7 4 
20180516341 3 6 9 8 2 4 5 7 1 10 
20180516342 1 8 9 3 7 4 5 2 10 6 
20180516343 10 3 2 4 9 6 5 1 7 8 
20180516344 7 4 6 8 3 9 1 10 5 2 
20180516345 6 1 9 3 8 4 2 7 10 5 
20180516346 3 8 7 2 5 6 4 10 9 1 
20180516347 9 10 8 3 1 4 5 7 6 2 
20180516348 6 9 4 1 2 7 3 5 10 8 
20180516349 1 2 10 7 9 8 4 6 5 3 
20180516350 10 8 1 3 4 2 5 9 6 7 
20180516351 5 7 2 10 6 4 3 9 8 1 
20180516352 3 5 4 9 10 2 7 1 8 6 
20180516353 6 8 4 3 9 5 2 1 7 10 
20180516354 8 4 5 6 2 9 1 3 7 10 
20180516355 8 4 10 7 1 6 3 2 5 9 
20180516356 7 4 10 9 1 5 8 2 3 6 
20180516357 3 8 5 4 1 2 9 6 7 10 
20180516358 10 2 1 9 8 6 4 3 5 7 
20180516359 2 9 10 7 6 4 5 1 3 8 
20180516360 1 5 3 7 4 6 10 2 9 8 
20180516361 7 2 1 3 10 5 6 4 8 9 
20180516362 3 10 1 5 2 6 7 4 9 8 
20180516363 1 10 3 6 4 9 7 2 8 5 
20180516364 8 5 10 1 6 4 9 3 2 7 
20180516365 9 1 4 7 10 3 6 2 8 5 
20180516366 8 5 7 6 2 10 3 1 9 4 
20180516367 6 4 5 3 8 1 7 10 2 9 
20180516368 8 5 4 1 3 7 2 6 10 9 
20180516369 7 3 2 6 9 1 4 8 10 5 
20180516370 3 5 1 7 2 8 10 9 6 4 
20180516371 7 6 1 4 2 3 10 8 9 5 
20180516372 5 6 4 1 3 2 7 10 9 8 
20180516373 6 8 5 10 1 4 2 7 9 3 
20180516374 10 9 4 7 2 6 3 5 1 8 
20180516375 10 4 5 6 9 2 3 8 7 1 
20180516376 10 8 3 9 2 7 6 5 1 4 
20180516377 4 9 5 1 2 7 10 8 3 6 
20180516378 9 1 8 3 10 2 6 4 7 5 
20180516379 6 2 3 1 5 8 7 9 4 10 
20180516380 5 6 10 3 7 9 1 8 2 4 
20180516381 3 5 6 8 1 2 10 4 7 9 
20180516382 7 2 6 10 3 9 8 1 5 4 
20180516383 4 9 6 1 8 2 10 5 7 3 
20180516384 9 1 2 5 7 3 6 10 4 8 
20180516385 1 7 9 10 5 8 4 3 2 6 
20180516386 2 3 8 6 4 10 9 7 5 1 
20180516387 6 5 3 9 7 2 8 10 1 4 
20180516388 10 3 4 5 6 8 7 2 9 1 
20180516389 10 4 3 1 7 5 9 8 2 6 
20180516390 8 1 3 10 9 2 4 7 5 6 
20180516391 6 5 7 10 4 3 9 2 1 8 
20180516392 4 9 8 6 3 5 2 1 7 10 
20180516393 6 7 9 2 3 5 4 10 8 1 
20180516394 6 5 9 4 7 2 8 1 10 3 
20180516395 2 3 10 7 8 6 9 1 4 5 
20180516396 2 6 4 7 3 10 8 1 5 9 
20180516397 3 10 2 6 9 4 5 8 1 7 
20180516398 8 3 4 7 6 10 1 9 2 5 
20180516399 5 4 9 7 1 2 10 8 6 3 
20180516400 3 2 9 4 10 6 5 1 7 8 
20180516401 1 4 5 9 10 7 8 3 6 2 
20180516402 9 7 2 8 10 1 5 3 6 4 
20180516403 6 7 2 9 10 1 8 3 5 4 
20180516404 10 3 8 5 4 6 7 9 1 2 
20180516405 3 2 5 1 8 6 7 9 10 4 
20180516406 3 1 10 5 7 6 8 2 9 4 
20180516407 8 4 10 3 5 7 2 1 6 9 
20180516408 3 10 4 9 2 5 7 8 1 6 
20180516409 10 2 3 5 6 9 7 1 4 8 
20180516410 10 1 5 3 6 9 8 7 2 4 
20180516411 5 10 6 4 8 3 1 9 2 7 
20180516412 7 8 3 5 2 4 6 9 10 1 
20180516413 2 1 6 5 4 10 7 3 8 9 
20180516414 7 9 6 5 4 3 10 8 1 2 
20180516415 7 10 3 2 5 1 4 6 8 9 
20180516416 3 4 2 6 5 9 8 7 10 1 
20180516417 4 10 9 1 6 3 8 7 5 2 
20180516418 6 9 10 1 3 8 4 2 7 5 
20180516419 2 5 9 7 10 6 3 8 1 4 
20180516420 8 10 2 7 6 3 1 5 4 9 
20180516421 7 10 3 9 8 5 6 2 1 4 
20180516422 2 4 6 3 7 10 1 9 8 5 
20180516423 4 3 8 6 1 10 7 5 9 2 
20180516424 4 6 5 10 3 2 1 7 8 9 
20180516425 5 10 6 9 3 7 1 8 4 2 
20180516426 2 9 5 4 7 8 1 3 10 6 
20180516427 5 9 2 10 6 1 4 8 7 3 
20180516428 8 5 6 10 4 1 9 7 2 3 
20180516429 2 8 1 10 9 3 7 6 4 5 
20180516430 10 1 4 9 7 5 6 2 3 8 
20180516431 6 5 8 3 2 9 7 10 1 4 
20180516432 3 7 8 10 2 4 9 6 5 1 
20180516433 1 3 4 2 8 10 5 6 7 9 
20180516434 8 7 9 5 10 1 4 6 2 3 
20180516435 2 1 5 6 4 10 7 3 8 9 
20180516436 4 5 7 3 2 1 8 6 9 10 
20180516437 5 2 6 9 4 7 10 3 1 8 
20180516438 5 6 2 10 4 3 1 7 8 9 
20180516439 7 10 9 1 6 4 3 8 5 2 
20180516440 2 3 9 6 5 1 10 8 7 4 
20180516441 9 5 7 1 10 4 2 8 6 3 
20180516442 3 4 7 6 2 8 10 9 1 5 
20180516443 7 3 1 10 2 9 4 8 6 5 
20180516444 1 9 4 5 6 7 2 3 8 10 
20180516445 1 8 3 5 6 7 9 10 4 2 
20180516446 5 9 8 2 3 7 1 10 6 4 
20180516447 10 6 4 7 2 3 5 9 1 8 
20180516448 8 7 4 1 2 10 9 5 6 3 
20180516449 4 7 8 3 9 5 10 1 2 6 
20180516450 9 3 10 1 7 6 5 2 4 8 
20180516451 5 9 4 3 2 7 10 1 6 8 
20180516452 2 7 9 8 4 3 5 1 10 6 
20180516453 1 8 5 10 2 4 9 7 3 6 
20180516454 9 5 10 2 6 1 4 3 7 8 
20180516455 8 9 5 2 6 10 3 7 4 1 
20180516456 7 10 9 4 6 5 2 3 1 8 
20180516457 10 8 9 6 5 1 3 2 7 4 
20180516458 1 8 7 4 9 6 10 2 3 5 
20180516459 10 4 7 3 6 8 9 5 1 2 
20180516460 6 2 8 10 4 1 3 9 5 7 
20180516461 2 5 3 1 8 7 9 4 10 6 
20180516462 9 3 1 5 7 2 4 10 6 8 
20180516463 3 4 7 2 6 5 8 1 10 9 
20180516464 3 2 10 4 1 9 7 8 6 5 
20180516465 1 6 8 10 2 9 3 7 5 4 
20180516466 3 7 8 2 10 9 4 5 6 1 
20180516467 4 3 1 9 7 5 6 10 8 2 
20180516468 4 7 6 1 2 8 5 9 10 3 
20180516469 1 3 6 7 8 10 5 9 4 2 
20180516470 5 1 10 4 8 6 2 7 9 3 
20180516471 6 3 1 7 5 8 2 4 10 9 
20180516472 1 10 6 4 5 2 3 8 7 9 
20180516473 5 2 1 9 6 8 10 7 4 3 
20180516474 9 1 7 6 2 10 4 3 5 8 
20180516475 9 3 6 4 2 10 7 5 8 1 
20180516476 8 10 5 2 9 1 7 6 4 3 
20180516477 3 1 7 4 2 5 9 10 6 8 
20180516478 2 3 9 5 1 10 4 6 7 8 
20180516479 5 2 6 1 8 7 4 10 3 9 
20180516480 10 5 2 7 1 8 9 6 3 4 
20180516481 2 3 7 6 5 9 1 8 4 10 
20180516482 5 4 2 6 10 8 1 7 3 9 
20180516483 2 3 8 9 6 4 1 5 7 10 
20180516484 10 4 7 3 2 5 6 8 1 9 
20180516485 7 5 6 9 1 10 2 3 4 8 
20180516486 8 10 7 9 5 6 2 4 3 1 
20180516487 8 9 7 6 4 2 3 1 10 5 
20180516488 1 2 8 4 7 6 9 10 5 3 
20180516489 10 5 1 9 3 8 6 2 4 7 
20180516490 4 8 9 10 7 6 5 1 2 3 
20180516491 4 9 2 1 5 6 8 10 3 7 
20180516492 6 3 1 10 5 7 4 9 8 2 
20180516493 4 5 2 10 1 3 7 9 6 8 
20180516494 4 10 8 7 2 1 3 6 5 9 
20180516495 4 2 8 9 5 10 6 1 7 3 
20180516496 3 4 7 9 5 8 6 1 10 2 
20180516497 10 1 8 2 9 3 4 6 7 5 
20180516498 7 9 5 4 2 8 3 10 1 6 
20180516499 5 4 8 6 2 7 3 10 1 9 
20180516500 3 4 8 5 1 9 2 10 7 6 
20180516501 1 2 7 4 5 9 8 3 10 6 
20180516502 10 5 7 9 8 1 6 3 4 2 
20180516503 7 1 3 5 10 4 2 9 6 8 
20180516504 8 3 6 4 9 10 2 1 7 5 
20180516505 7 4 9 8 3 1 5 6 2 10 
20180516506 10 1 4 2 8 6 3 9 5 7 
20180516507 2 1 4 9 6 8 10 3 5 7 
20180516508 10 2 9 6 4 5 3 7 1 8 
20180516509 8 6 7 4 10 2 3 5 9 1 
20180516510 3 4 8 2 9 5 7 6 1 10 
20180516511 1 10 9 7 3 8 4 5 2 6 
20180516512 2 6 8 3 1 5 10 4 7 9 
20180516513 5 1 6 2 9 8 4 3 10 7 
20180516514 3 5 2 6 4 1 8 7 9 10 
20180516515 3 1 8 5 10 7 9 2 4 6 
20180516516 7 1 2 4 3 6 8 9 10 5 
20180516517 4 10 8 5 1 2 6 9 7 3 
20180516518 4 9 8 3 5 7 1 6 2 10 
20180516519 7 10 4 5 2 8 9 1 6 3 
20180516520 2 5 8 6 3 9 10 1 7 4 
20180516521 8 7 3 6 2 5 1 10 9 4 
20180516522 2 8 10 4 3 7 5 6 9 1 
20180516523 8 9 1 3 4 10 6 2 7 5 
20180516524 4 3 8 1 9 2 5 7 10 6 
20180516525 6 3 10 9 2 4 8 5 1 7 
20180516526 10 5 2 7 4 1 6 9 8 3 
20180516527 4 6 1 3 8 7 10 5 2 9 
20180516528 8 2 3 4 10 6 5 1 9 7 
20180516529 2 6 3 10 7 1 9 5 8 4 
20180516530 9 1 6 10 2 5 3 7 4 8 
20180516531 4 10 2 9 3 8 5 6 1 7 
20180516532 3 6 9 1 7 5 10 2 8 4 
20180516533 4 3 10 9 7 8 6 5 1 2 
20180516534 3 5 1 10 6 7 4 8 2 9 
20180516535 4 7 8 1 3 2 6 9 10 5 
20180516536 8 3 2 9 1 6 4 5 7 10 
20180516537 6 4 10 3 8 5 7 9 1 2 
20180516538 9 10 6 8 5 7 3 1 2 4 
20180516539 1 5 6 3 8 2 7 10 9 4 
20180516540 2 5 1 3 9 10 6 4 8 7 
20180516541 8 6 3 4 7 10 5 2 9 1 
20180516542 2 9 3 1 4 7 6 5 8 10 
20180516543 7 6 1 9 8 2 3 4 5 10 
20180516544 4 7 9 2 10 8 5 1 6 3 
20180516545 8 3 4 7 6 2 9 10 5 1 
20180516546 5 2 6 9 3 8 7 1 10 4 
20180516547 5 1 10 4 9 8 7 6 2 3 
20180516548 6 4 7 1 3 9 8 10 5 2 
20180516549 7 2 1 10 6 4 3 9 5 8 
20180516550 3 2 6 4 8 10 9 1 7 5 
20180516551 10 7 5 9 6 1 3 4 8 2 
20180516552 1 10 5 7 8 9 4 3 2 6 
20180516553 2 7 3 10 5 8 1 6 9 4 
20180516554 7 1 10 8 2 5 6 3 4 9 
20180516555 10 1 2 9 7 8 4 6 5 3 
20180516556 6 5 3 8 9 7 4 10 1 2 
20180516557 6 10 4 8 7 2 5 3 9 1 
20180516558 10 2 3 7 1 4 9 5 6 8 
20180516559 5 10 6 4 2 3 8 7 9 1 
20180516560 7 6 5 8 4 3 2 9 10 1 
20180516561 4 8 10 9 7 5 3 2 6 1 
20180516562 7 1 6 4 3 2 8 5 10 9 
20180516563 6 5 4 8 3 1 7 10 9 2 
20180516564 2 3 5 8 4 10 6 9 7 1 
20180516565 8 10 1 6 7 2 9 5 4 3 
20180516566 7 6 2 4 10 8 5 9 1 3 
20180516567 8 4 10 3 7 5 1 9 6 2 
20180516568 8 7 10 4 9 5 6 3 2 1 
20180516569 2 3 10 5 4 1 6 8 9 7 
20180516570 6 1 5 4 3 7 2 9 8 10 
20180516571 2 4 8 5 7 6 3 10 1 9 
20180516572 8 4 10 6 2 1 7 3 9 5 
20180516573 7 1 8 9 10 5 4 6 2 3 
20180516574 8 2 1 5 4 3 9 6 10 7 
20180516575 9 3 4 2 5 7 6 10 8 1 
20180516576 9 2 6 4 10 1 8 5 3 7 
20180516577 9 3 10 6 2 8 7 1 5 4 
20180516578 6 8 5 4 9 7 10 2 1 3 
20180516579 8 7 9 2 6 10 1 4 3 5 
20180516580 10 8 1 4 5 7 3 9 6 2 
20180516581 3 1 10 8 7 6 9 5 4 2 
20180516582 10 8 3 7 2 4 5 9 6 1 
20180516583 7 8 6 4 3 5 2 1 9 10 
20180516584 9 3 5 4 1 10 7 6 2 8 
20180516585 4 10 9 3 8 7 1 2 6 5 
20180516586 8 4 3 2 9 5 1 7 10 6 
20180516587 7 3 1 5 9 10 8 4 2 6 
20180516588 4 9 5 7 8 1 3 6 10 2 
20180516589 1 9 4 6 10 5 7 8 2 3 
20180516590 9 4 2 6 10 8 3 1 7 5 
20180516591 6 3 8 7 9 5 10 2 4 1 
20180516592 5 4 3 2 6 10 9 7 1 8 
20180516593 9 10 1 8 7 5 4 2 6 3 
20180516594 10 6 5 9 7 3 8 1 2 4 
20180516595 1 7 8 3 10 9 4 2 6 5 
20180516596 10 8 9 4 3 1 5 6 2 7 
20180516597 2 5 8 9 6 4 3 10 7 1 
20180516598 2 9 10 5 3 7 8 4 1 6 
20180516599 1 5 9 2 8 3 10 7 4 6 
20180516600 9 4 5 7 10 2 1 8 6 3 
20180516601 9 3 6 7 4 2 1 8 5 10 
20180516602 4 8 3 1 9 10 5 7 2 6 
20180516603 2 7 8 3 1 6 10 9 5 4 
20180516604 8 6 10 3 7 1 9 4 2 5 
20180516605 5 2 10 3 1 6 4 9 8 7 
20180516606 2 4 9 7 3 6 1 8 5 10 
20180516607 7 5 6 4 2 10 9 3 8 1 
20180516608 9 7 10 6 3 1 2 5 4 8 
20180516609 3 5 7 9 4 8 10 1 6 2 
20180516610 10 3 1 7 2 8 4 6 9 5 
20180516611 8 2 4 5 6 1 9 10 7 3 
20180516612 4 10 9 3 5 6 2 8 1 7 
20180516613 3 5 8 6 4 1 9 10 7 2 
20180516614 2 10 1 4 8 3 6 5 9 7 
20180516615 10 5 8 6 2 1 9 7 4 3 
20180516616 10 9 3 5 2 4 8 1 7 6 
20180516617 8 6 5 7 9 10 3 1 4 2 
20180516618 6 5 4 10 3 7 8 9 2 1 
20180516619 2 1 6 8 9 3 4 10 7 5 
20180516620 4 3 2 8 7 1 5 6 10 9 
20180516621 3 5 7 2 9 10 8 4 1 6 
20180516622 3 10 9 6 8 4 1 5 7 2 
20180516623 3 4 9 1 7 5 10 2 6 8 
20180516624 4 8 5 1 6 9 10 3 7 2 
20180516625 7 8 10 2 4 1 5 6 9 3 
20180516626 6 5 9 7 8 2 10 3 1 4 
20180516627 3 9 6 10 8 7 2 4 1 5 
20180516628 9 6 5 4 8 7 3 10 2 1 
20180516629 8 5 10 2 9 7 4 1 3 6 
20180516630 6 4 8 9 2 10 5 3 1 7 
20180516631 5 3 4 7 2 10 6 9 8 1 
20180516632 8 5 1 4 2 3 10 6 7 9 
20180516633 3 2 8 5 10 9 1 4 7 6 
20180516634 6 7 8 9 5 3 10 1 4 2 
20180516635 1 8 6 7 10 9 5 3 4 2 
20180516636 9 6 8 1 10 7 3 4 5 2 
20180516637 10 8 6 5 2 1 9 3 7 4 
20180516638 2 6 8 9 10 5 1 3 7 4 
20180516639 3 7 5 1 9 8 10 2 4 6 
20180516640 9 7 8 6 10 2 5 3 4 1 
20180516641 7 5 3 6 2 9 1 10 4 8 
20180516642 6 7 9 1 10 8 2 4 3 5 
20180516643 7 1 3 8 9 10 4 2 6 5 
20180516644 8 7 2 4 3 5 10 1 6 9 
20180516645 8 5 10 1 4 3 9 7 6 2 
20180516646 4 3 7 6 2 10 1 8 9 5 
20180516647 10 6 2 7 5 4 1 8 9 3 
20180516648 5 10 8 6 3 9 7 2 1 4 
20180516649 1 2 6 9 4 7 3 8 10 5 
20180516650 9 4 7 5 2 10 8 6 3 1 
20180516651 8 3 4 2 6 1 7 5 10 9 
20180516652 7 9 3 2 5 8 6 10 4 1 
20180516653 10 2 3 5 8 9 6 7 4 1 
20180516654 8 5 3 7 9 2 4 1 10 6 
20180516655 4 7 5 2 9 10 8 3 1 6 
20180516656 7 2 10 3 9 6 5 8 1 4 
20180516657 1 6 9 3 5 7 10 2 8 4 
20180516658 6 3 8 1 4 9 2 7 10 5 
20180516659 7 6 4 10 9 2 5 3 1 8 
20180516660 9 6 1 8 2 5 3 7 10 4 
20180516661 7 10 4 5 1 8 6 3 2 9 
20180516662 6 9 1 5 10 4 3 2 8 7 
20180516663 5 4 3 7 10 2 8 1 9 6 
20180516664 3 4 5 6 9 2 10 8 7 1 
20180516665 7 1 4 5 9 3 10 6 8 2 
20180516666 10 2 3 5 6 7 1 9 8 4 
20180516667 3 7 1 5 8 2 6 4 9 10 
20180516668 1 7 8 4 5 9 2 3 10 6 
20180516669 4 3 8 1 2 6 10 9 7 5 
20180516670 10 9 5 6 3 7 4 8 2 1 
20180516671 3 8 10 6 7 2 4 9 5 1 
20180516672 5 8 6 3 10 7 9 1 2 4 
20180516673 2 1 10 3 6 7 5 8 9 4 
20180516674 5 1 9 10 6 7 8 2 4 3 
20180516675 6 7 10 1 8 2 9 3 5 4 
20180516676 1 5 2 8 4 3 9 7 10 6 
20180516677 6 10 8 7 2 9 1 3 4 5 
20180516678 10 3 8 6 9 2 5 4 7 1 
20180516679 9 8 2 5 4 10 6 1 3 7 
20180516680 8 3 2 5 9 7 1 10 6 4 
20180516681 6 10 4 3 1 2 9 5 8 7 
20180516682 4 3 1 10 2 7 8 9 5 6 
20180516683 9 6 5 10 8 4 7 3 2 1 
20180516684 3 9 5 8 7 10 4 6 1 2 
20180516685 9 1 7 6 4 3 8 10 2 5 
20180516686 9 4 7 10 5 2 6 1 8 3 
20180516687 8 7 2 4 6 3 9 10 5 1 
20180516688 4 3 6 2 10 9 8 1 7 5 
20180516689 10 9 3 2 4 6 5 1 7 8 
20180516690 10 5 6 2 4 1 9 7 8 3 
20180516691 5 10 4 7 8 3 2 6 1 9 
20180516692 9 6 7 1 2 10 4 3 8 5 
20180516693 6 2 3 10 5 9 8 4 1 7 
20180516694 4 7 6 3 5 1 9 10 2 8 
20180516695 8 7 9 3 10 5 1 2 6 4 
20180516696 9 2 6 4 1 3 10 7 8 5 
20180516697 8 5 4 3 9 7 10 2 1 6 
20180516698 6 8 2 1 10 7 4 3 5 9 
20180516699 8 2 7 4 3 1 5 10 6 9 
20180516700 8 1 9 3 7 4 5 2 6 10 
20180516701 2 7 10 5 1 4 6 3 9 8 
20180516702 9 1 8 2 10 3 5 6 4 7 
20180516703 3 10 9 6 2 7 5 8 4 1 
20180516704 5 6 4 9 7 8 1 3 10 2 
20180516705 10 6 2 3 7 8 9 1 4 5 
20180516706 1 5 7 8 10 6 2 4 3 9 
20180516707 1 9 8 6 4 2 5 10 7 3 
20180516708 6 7 8 10 9 1 2 4 3 5 
20180516709 8 9 4 7 3 5 1 2 10 6 
20180516710 8 10 2 4 7 1 5 6 3 9 
20180516711 7 5 2 10 8 1 3 6 9 4 
20180516712 5 1 9 6 4 3 8 2 10 7 
20180516713 8 5 10 6 3 1 7 2 9 4 
20180516714 7 5 4 6 1 9 10 8 2 3 
20180516715 2 3 9 4 5 1 10 6 7 8 
20180516716 1 10 3 7 8 9 6 5 2 4 
20180516717 2 5 6 8 10 7 3 4 9 1 
20180516718 1 9 5 10 8 7 4 6 3 2 
20180516719 10 6 2 8 9 1 4 7 5 3 
20180516720 4 9 2 8 1 10 3 5 7 6 
20180516721 7 4 2 3 10 9 6 5 1 8 
20180516722 9 8 5 6 4 2 3 7 10 1 
20180516723 7 4 2 10 5 3 6 8 9 1 
20180516724 6 8 10 5 7 3 9 1 2 4 
20180516725 8 2 6 5 1 4 9 3 7 10 
20180516726 4 8 2 10 3 5 6 7 9 1 
20180516727 5 9 4 6 1 7 3 10 8 2 
20180516728 6 8 4 2 7 9 3 10 1 5 
20180516729 6 2 5 9 3 8 10 7 4 1 
20180516730 10 3 6 2 8 4 5 9 7 1 
20180516731 10 8 2 9 4 7 3 6 1 5 
20180516732 2 6 5 7 4 1 9 10 3 8 
20180516733 6 1 2 3 9 10 5 4 7 8 
20180516734 8 3 9 5 6 4 10 1 7 2 
20180516735 4 1 8 2 10 3 9 6 5 7 
20180516736 7 6 8 9 4 3 5 10 1 2 
20180516737 4 10 8 1 2 5 3 9 6 7 
20180516738 3 5 6 9 8 7 4 1 10 2 
20180516739 10 2 8 9 5 1 6 3 4 7 
20180516740 2 8 4 10 5 7 6 9 1 3 
20180516741 3 4 6 2 10 1 8 5 7 9 
20180516742 9 1 5 4 10 7 8 2 3 6 
20180516743 8 3 5 2 4 1 6 7 9 10 
20180516744 1 6 5 2 9 8 3 7 10 4 
20180516745 1 10 6 5 8 4 9 7 3 2 
20180516746 7 4 10 1 5 2 6 9 3 8 
20180516747 8 6 7 3 4 5 10 1 9 2 
20180516748 9 5 1 4 2 3 6 8 10 7 
20180516749 4 9 7 10 1 5 2 6 8 3 
20180516750 6 10 3 2 8 1 7 4 9 5 
20180516751 10 6 1 8 7 3 4 9 5 2 
20180516752 4 9 2 3 8 6 7 1 10 5 
20180516753 3 4 7 9 6 8 1 5 10 2 
20180516754 8 6 3 10 2 4 1 5 9 7 
20180516755 3 10 1 6 4 2 9 8 7 5 
20180516756 3 8 6 1 5 2 9 4 10 7 
20180516757 10 2 9 8 4 1 3 5 6 7 
20180516758 9 10 5 3 4 1 8 6 2 7 
20180516759 6 5 9 2 10 3 8 7 1 4 
20180516760 5 1 6 9 10 2 8 7 4 3 
20180516761 6 7 10 2 3 5 4 8 9 1 
20180516762 3 10 5 9 2 4 1 8 6 7 
20180516763 3 7 5 6 9 2 10 1 8 4 
20180516764 10 2 3 4 6 9 1 8 7 5 
20180516765 8 6 1 3 9 5 7 2 4 10 
20180516766 1 6 4 9 2 7 10 5 3 8 
20180516767 4 1 7 3 10 9 2 6 8 5 
20180516768 2 5 9 1 6 4 3 10 8 7 
20180516769 5 3 6 1 4 7 2 8 9 10 
20180516770 8 4 6 5 3 1 2 9 7 10 
20180516771 7 1 5 6 2 4 8 3 10 9 
20180516772 6 9 8 1 10 5 3 4 2 7 
20180516773 4 10 6 7 3 1 5 8 2 9 
20180516774 2 4 6 3 7 1 5 9 10 8 
20180516775 2 9 1 7 5 4 3 8 10 6 
20180516776 2 5 6 9 1 3 8 4 7 10 
20180516777 3 6 10 7 1 8 5 9 4 2 
20180516778 10 7 3 2 1 4 8 6 5 9 
20180516779 8 7 1 2 10 6 3 5 4 9 
20180516780 3 5 1 10 9 6 4 7 8 2 
20180516781 3 10 8 1 2 9 5 4 7 6 
20180516782 2 6 5 7 8 3 4 1 9 10 
20180516783 7 1 10 2 5 9 6 8 4 3 
20180516784 9 6 4 1 10 7 5 3 8 2 
20180516785 3 9 4 6 7 8 5 2 1 10 
20180516786 4 8 1 6 7 3 9 10 2 5 
20180516787 9 7 10 6 1 4 8 3 2 5 
20180516788 8 6 3 4 2 5 7 10 9 1 
20180516789 5 8 6 9 1 4 10 3 2 7 
20180516790 5 2 6 10 8 7 9 3 1 4 
20180516791 6 4 7 10 2 9 1 3 8 5 
20180516792 6 3 10 2 4 8 9 7 1 5 
20180516793 3 10 2 5 1 7 8 4 9 6 
20180516794 8 5 4 9 6 3 2 7 1 10 
20180516795 2 5 7 3 9 6 4 8 1 10 
20180516796 3 6 9 8 1 5 2 10 7 4 
20180516797 7 6 9 8 2 1 10 4 3 5 
20180516798 8 3 2 5 6 9 10 7 1 4 
20180516799 6 9 3 1 5 7 4 2 8 10 
20180516800 10 8 3 6 7 2 5 1 9 4 
20180516801 9 4 7 3 2 1 5 8 10 6 
20180516802 5 3 10 8 1 2 7 4 9 6 
20180516803 2 4 9 1 10 8 7 3 6 5 
20180516804 9 4 3 1 6 8 5 10 7 2 
20180516805 9 5 7 4 3 10 6 8 2 1 
20180516806 7 1 6 8 3 5 9 2 10 4 
20180516807 9 3 4 10 2 7 8 5 6 1 
20180516808 1 3 4 9 7 5 2 8 10 6 
20180516809 10 4 2 6 7 3 1 9 5 8 
20180516810 9 10 8 7 3 2 5 1 4 6 
20180516811 2 1 3 4 9 8 10 5 6 7 
20180516812 8 9 6 1 7 3 10 4 5 2 
20180516813 8 5 10 7 9 1 4 2 3 6 
20180516814 2 6 3 1 8 4 9 10 7 5 
20180516815 8 6 2 4 1 9 7 5 10 3 
20180516816 1 2 8 6 9 4 7 3 10 5 
20180516817 10 6 1 4 7 9 3 5 2 8 
20180516818 4 2 6 10 8 9 7 3 5 1 
20180516819 8 6 3 7 5 2 4 1 9 10 
20180516820 5 4 6 2 9 8 10 1 7 3 
20180516821 7 3 8 5 9 6 4 2 10 1 
20180516822 5 4 3 1 9 2 7 6 10 8 
20180516823 2 3 9 1 4 7 10 5 6 8 
20180516824 4 9 6 5 10 2 7 8 1 3 
20180516825 10 3 8 2 7 6 9 5 1 4 
20180516826 1 6 3 8 2 4 5 9 7 10 
20180516827 5 4 9 6 3 8 10 2 7 1 
20180516828 6 5 8 10 1 9 2 4 7 3 
20180516829 3 8 6 2 5 7 10 4 9 1 
20180516830 10 3 4 6 5 2 9 8 1 7 
20180516831 6 7 2 3 9 4 8 1 10 5 
20180516832 2 4 7 10 1 3 8 5 6 9 
20180516833 6 9 10 4 2 1 3 8 5 7 
20180516834 2 4 8 9 5 6 7 3 10 1 
20180516835 8 6 5 9 4 3 7 2 10 1 
20180516836 10 4 2 6 5 1 7 8 3 9 
20180516837 3 10 1 9 6 4 5 8 2 7 
20180516838 4 5 3 1 7 6 2 10 9 8 
20180516839 4 1 2 8 6 3 5 7 10 9 
20180516840 2 6 5 3 4 7 1 8 10 9 
20180516841 4 8 2 9 10 5 6 7 3 1 
20180516842 2 6 8 7 1 9 5 3 4 10 
20180516843 7 9 3 8 4 6 10 5 2 1 
20180516844 8 9 3 6 2 4 5 10 7 1 
20180516845 1 9 3 5 8 2 4 10 6 7 
20180516846 9 7 1 6 10 3 2 4 8 5 
20180516847 2 1 5 8 6 4 9 3 10 7 
20180516848 2 10 8 4 6 5 7 9 3 1 
20180516849 3 4 1 5 10 8 9 6 2 7 
20180516850 1 7 8 3 2 5 6 4 9 10 
20180516851 8 5 2 7 6 10 4 1 3 9 
20180516852 9 7 2 6 5 3 10 4 1 8 
20180516853 9 5 6 10 1 3 8 2 7 4 
20180516854 4 1 10 6 8 9 3 5 7 2 
20180516855 6 5 7 8 3 1 2 4 9 10 
20180516856 8 2 7 1 4 9 5 6 3 10 
20180516857 10 3 6 5 2 1 9 8 7 4 
20180516858 10 5 4 9 2 3 6 1 8 7 
20180516859 1 5 3 7 8 6 10 4 2 9 
20180516860 7 10 6 4 9 3 5 8 1 2 
20180516861 4 1 5 9 8 2 3 6 10 7 
20180516862 8 7 1 9 10 2 4 3 5 6 
20180516863 3 5 4 7 10 1 6 8 2 9 
20180516864 9 8 2 4 10 3 7 6 1 5 
20180516865 4 6 8 5 2 10 3 7 9 1 
20180516866 7 8 6 1 3 10 5 4 9 2 
20180516867 5 3 8 7 2 1 4 10 9 6 
20180516868 9 2 6 7 8 10 5 1 3 4 
20180516869 10 3 5 6 8 7 2 1 4 9 
20180516870 8 6 5 2 1 4 10 7 9 3 
20180516871 10 3 6 7 9 1 5 4 8 2 
20180516872 6 9 4 7 10 1 5 3 2 8 
20180516873 7 10 5 9 3 8 6 4 1 2 
20180516874 10 8 3 9 7 1 4 6 2 5 
20180516875 9 2 5 4 7 3 6 10 8 1 
20180516876 6 3 2 10 8 1 7 5 4 9 
20180516877 7 10 2 1 8 5 3 4 9 6 
20180516878 10 1 2 8 5 9 7 3 6 4 
20180516879 4 5 2 9 8 1 10 7 6 3 
20180516880 10 6 4 1 3 2 8 5 9 7 
20180516881 8 3 10 9 6 1 7 2 5 4 
20180516882 5 4 1 3 9 6 2 8 10 7 
20180516883 3 9 6 1 4 5 10 8 7 2 
20180516884 2 9 6 3 4 7 10 1 5 8 
20180516885 9 4 6 1 10 5 8 2 7 3 
20180516886 6 3 2 4 5 10 9 8 7 1 
20180516887 1 9 8 7 3 2 5 4 10 6 
20180516888 9 10 7 8 3 1 6 5 2 4 
20180516889 7 6 9 8 5 4 2 1 3 10 
20180516890 8 4 3 5 10 2 9 6 1 7 
20180516891 3 6 1 9 4 8 2 5 10 7 
20180516892 4 8 5 6 1 2 9 10 7 3 
20180516893 10 8 1 4 7 2 5 3 9 6 
20180516894 1 9 2 6 4 5 8 10 7 3 
20180516895 2 10 1 6 5 9 8 3 7 4 
20180516896 9 1 8 3 7 6 4 5 2 10 
20180516897 1 9 10 8 4 2 5 6 3 7 
20180516898 5 7 3 1 4 6 8 9 2 10 
20180516899 7 1 10 4 3 2 5 9 6 8 
20180516900 6 1 7 2 3 4 10 9 5 8 
20180516901 3 1 5 8 10 7 4 2 9 6 
20180516902 8 6 5 2 7 1 9 4 10 3 
20180516903 6 1 8 9 4 7 2 10 3 5 
20180516904 6 7 9 5 3 1 8 2 10 4 
20180516905 3 1 10 2 4 6 9 8 7 5 
20180516906 9 6 8 2 3 7 4 5 10 1 
20180516907 3 10 2 4 9 5 1 8 7 6 
20180516908 10 1 9 7 3 8 6 5 4 2 
20180516909 3 7 9 10 8 6 5 4 2 1 
20180516910 10 3 2 7 6 8 5 9 4 1 
20180516911 3 2 5 10 8 9 7 6 1 4 
20180516912 5 10 4 3 8 6 1 2 9 7 
20180516913 10 7 1 6 2 9 4 8 3 5 
20180516914 1 4 10 2 6 8 7 9 5 3 
20180516915 5 2 6 4 7 3 1 9 8 10 
20180516916 10 6 1 7 8 4 9 2 5 3 
20180516917 3 2 9 8 10 1 6 7 4 5 
20180516918 10 5 8 9 6 4 1 3 2 7 
20180516919 5 1 3 9 2 7 6 10 8 4 
20180516920 9 7 2 1 3 6 5 10 8 4 
20180516921 1 3 6 4 2 8 9 7 5 10 
20180516922 9 3 1 6 2 4 10 5 7 8 
20180516923 4 5 1 9 7 10 8 2 3 6 
20180516924 1 3 9 10 7 4 2 8 5 6 
20180516925 10 5 9 2 3 1 6 7 8 4 
20180516926 9 5 6 2 4 10 7 1 8 3 
20180516927 9 10 6 3 5 8 1 4 7 2 
20180516928 4 1 6 7 10 5 9 3 8 2 
20180516929 10 1 3 5 7 9 4 8 6 2 
20180516930 1 3 9 2 8 10 5 7 4 6 
20180516931 2 4 7 8 9 6 1 10 3 5 
20180516932 2 1 3 4 10 7 5 6 9 8 
20180516933 2 7 10 3 5 4 6 9 1 8 
20180516934 8 4 10 6 5 7 1 2 3 9 
20180516935 6 10 9 3 4 7 1 8 5 2 
20180516936 4 3 7 6 2 9 10 8 5 1 
20180516937 5 7 4 6 2 1 10 9 8 3 
20180516938 10 9 2 5 6 8 3 4 7 1 
20180516939 10 5 4 7 8 2 9 3 1 6 
20180516940 4 3 8 5 10 7 2 1 9 6 
20180516941 4 9 10 2 6 3 1 7 8 5 
20180516942 3 9 6 1 5 4 7 8 10 2 
20180516943 6 1 9 7 5 10 3 4 8 2 
20180516944 2 10 3 9 4 7 1 6 8 5 
20180516945 6 1 4 8 10 2 7 9 3 5 
20180516946 8 5 7 1 9 6 2 3 4 10 
20180516947 8 3 10 1 2 4 6 9 5 7 
20180516948 2 7 4 9 10 5 3 6 8 1 
20180516949 4 8 9 2 7 1 5 10 3 6 
20180516950 9 5 4 10 6 1 8 3 7 2 
20180516951 9 7 3 8 10 2 6 4 5 1 
20180516952 1 10 3 2 7 5 8 9 4 6 
20180516953 2 7 10 5 3 6 9 1 4 8 
20180516954 10 5 7 8 9 1 2 4 3 6 
20180516955 3 8 7 4 9 2 10 6 1 5 
20180516956 3 9 5 7 6 8 2 4 1 10 
20180516957 2 6 1 7 9 8 5 10 4 3 
20180516958 8 9 10 5 4 6 7 2 3 1 
20180516959 1 5 7 8 9 3 2 10 6 4 
20180516960 3 4 7 5 9 1 2 8 6 10 
20180516961 3 1 5 6 7 2 4 8 9 10 
20180516962 6 5 3 10 1 8 9 4 7 2 
20180516963 10 8 2 4 7 6 9 1 3 5 
20180516964 4 1 5 3 2 7 8 9 10 6 
20180516965 4 1 8 2 10 9 6 7 5 3 
20180516966 5 2 10 7 4 1 9 6 3 8 
20180516967 2 3 8 1 9 7 10 4 6 5 
20180516968 2 10 7 5 3 1 6 8 4 9 
20180516969 10 2 9 7 8 1 6 3 4 5 
20180516970 2 7 6 4 3 9 5 10 8 1 
20180516971 3 7 1 6 8 4 2 9 5 10 
20180516972 2 7 4 1 9 5 6 8 10 3 
20180516973 6 10 3 8 9 2 7 4 5 1 
20180516974 9 3 8 6 1 5 2 4 10 7 
20180516975 3 7 1 5 2 4 10 8 9 6 
20180516976 1 5 4 2 9 7 3 10 8 6 
20180516977 10 1 8 9 5 3 4 6 2 7 
20180516978 3 8 9 2 10 6 5 1 7 4 
20180516979 3 5 1 6 9 2 7 10 4 8 
20180516980 10 5 8 3 9 1 7 2 4 6 
20180516981 4 7 9 1 3 8 5 10 2 6 
20180516982 1 3 5 7 10 2 9 4 8 6 
20180516983 1 5 10 4 2 7 9 8 3 6 
20180516984 7 5 4 3 2 6 10 9 1 8 
20180516985 6 1 7 8 9 4 10 5 2 3 
