20180519001 8 3 1 4 6 2 10 7 9 5 
20180519002 4 10 6 3 1 5 9 2 7 8 
20180519003 9 1 4 7 5 2 3 10 8 6 
20180519004 10 3 4 2 1 6 7 8 5 9 
20180519005 3 1 4 10 6 5 2 8 9 7 
20180519006 7 2 3 8 6 4 5 10 9 1 
20180519007 5 6 8 7 10 9 3 2 1 4 
20180519008 9 6 1 5 7 3 2 10 8 4 
20180519009 1 8 9 3 2 4 7 6 5 10 
20180519010 9 1 5 4 6 3 8 2 7 10 
20180519011 9 6 7 5 8 3 2 10 1 4 
20180519012 7 4 10 5 6 2 1 3 9 8 
20180519013 6 8 2 10 9 3 7 5 1 4 
20180519014 7 6 3 5 8 2 4 10 1 9 
20180519015 9 4 6 8 2 7 10 5 1 3 
20180519016 2 4 8 7 9 3 10 1 6 5 
20180519017 6 5 1 3 10 9 2 4 8 7 
20180519018 8 6 4 5 3 9 1 2 7 10 
20180519019 10 4 7 1 9 5 2 6 8 3 
20180519020 4 8 6 10 5 9 3 7 2 1 
20180519021 7 6 4 2 1 5 8 10 9 3 
20180519022 1 3 9 7 4 5 10 6 8 2 
20180519023 4 7 9 8 6 5 1 10 2 3 
20180519024 4 3 8 6 7 2 5 9 1 10 
20180519025 7 8 10 2 9 5 1 6 4 3 
20180519026 7 5 1 3 2 10 9 8 6 4 
20180519027 5 7 2 1 8 3 10 6 9 4 
20180519028 6 4 1 2 10 7 3 5 9 8 
20180519029 7 8 1 10 4 3 5 2 9 6 
20180519030 8 1 6 7 4 5 10 2 9 3 
20180519031 5 8 10 6 7 1 4 9 3 2 
20180519032 2 9 1 5 4 6 10 7 8 3 
20180519033 2 1 4 9 3 7 6 10 5 8 
20180519034 5 8 4 10 9 6 1 2 7 3 
20180519035 9 2 4 7 3 8 1 10 5 6 
20180519036 9 5 6 1 4 2 7 10 3 8 
20180519037 6 5 9 4 2 7 1 10 8 3 
20180519038 3 2 1 6 8 10 5 4 9 7 
20180519039 4 2 8 9 5 10 3 7 6 1 
20180519040 10 2 6 3 1 9 4 5 8 7 
20180519041 1 3 7 8 2 9 6 5 10 4 
20180519042 4 10 3 9 6 1 5 7 2 8 
20180519043 3 4 7 8 10 1 9 5 6 2 
20180519044 4 6 9 5 8 7 10 2 1 3 
20180519045 1 7 4 9 8 2 10 3 5 6 
20180519046 6 8 5 2 9 3 7 10 4 1 
20180519047 7 8 10 4 5 3 6 1 2 9 
20180519048 2 8 4 6 9 5 3 1 7 10 
20180519049 4 2 8 10 1 9 3 6 5 7 
20180519050 2 1 8 7 3 9 4 5 10 6 
20180519051 4 10 8 7 2 5 3 6 1 9 
20180519052 8 10 2 1 9 3 6 4 5 7 
20180519053 1 4 9 6 2 5 10 3 7 8 
20180519054 10 4 7 6 2 1 8 5 9 3 
20180519055 1 9 2 3 10 5 4 6 8 7 
20180519056 2 3 4 8 5 1 9 10 7 6 
20180519057 2 3 6 9 4 8 10 7 5 1 
20180519058 10 6 7 9 4 5 2 8 1 3 
20180519059 1 3 6 9 4 5 2 7 8 10 
20180519060 3 4 8 6 2 10 9 7 1 5 
20180519061 5 10 3 7 6 8 9 4 2 1 
20180519062 6 10 5 2 3 8 1 9 7 4 
20180519063 3 8 10 2 6 9 7 1 4 5 
20180519064 2 4 6 3 1 8 5 10 9 7 
20180519065 8 4 9 1 5 10 2 3 7 6 
20180519066 8 10 2 4 9 3 6 1 7 5 
20180519067 7 5 6 2 4 9 10 8 3 1 
20180519068 3 1 4 6 5 9 10 2 8 7 
20180519069 8 7 3 10 5 2 9 6 1 4 
20180519070 9 4 6 8 5 1 3 10 2 7 
20180519071 3 2 6 8 7 4 5 9 10 1 
20180519072 3 8 1 10 5 6 4 2 7 9 
20180519073 10 2 7 9 6 1 5 8 3 4 
20180519074 10 2 3 1 7 6 5 9 4 8 
20180519075 10 9 1 8 5 4 2 3 6 7 
20180519076 5 7 6 3 2 8 9 1 4 10 
20180519077 9 4 3 10 6 5 8 2 7 1 
20180519078 8 5 3 1 4 7 2 6 10 9 
20180519079 2 5 3 8 9 10 6 7 1 4 
20180519080 4 1 8 10 6 9 2 7 5 3 
20180519081 4 5 6 8 10 2 7 9 1 3 
20180519082 4 9 6 8 5 7 1 2 10 3 
20180519083 6 10 8 5 9 3 1 2 7 4 
20180519084 7 1 4 2 8 9 10 6 5 3 
20180519085 6 1 2 5 10 7 4 3 8 9 
20180519086 2 10 8 7 5 1 9 6 3 4 
20180519087 10 6 2 5 4 1 7 3 9 8 
20180519088 2 1 10 7 4 9 3 6 8 5 
20180519089 10 9 5 7 2 8 4 1 3 6 
20180519090 5 7 1 4 9 2 3 10 6 8 
20180519091 4 1 6 5 2 7 10 8 9 3 
20180519092 6 5 8 4 1 7 2 10 3 9 
20180519093 10 7 1 3 6 5 8 9 4 2 
20180519094 2 7 8 4 1 9 3 5 10 6 
20180519095 10 5 4 9 8 7 2 3 1 6 
20180519096 8 6 9 4 1 3 2 10 5 7 
20180519097 2 6 9 3 1 7 5 8 10 4 
20180519098 6 7 10 8 1 9 5 4 2 3 
20180519099 7 3 4 10 8 1 5 2 9 6 
20180519100 6 1 10 5 3 4 9 2 8 7 
20180519101 9 6 4 8 10 5 1 2 7 3 
20180519102 4 10 3 2 8 1 7 9 6 5 
20180519103 1 2 10 5 3 4 8 7 9 6 
20180519104 1 10 6 5 7 2 4 9 3 8 
20180519105 3 7 9 2 1 5 6 10 4 8 
20180519106 6 5 8 3 2 7 10 4 9 1 
20180519107 4 8 9 2 6 7 10 5 3 1 
20180519108 9 6 10 3 5 2 7 4 8 1 
20180519109 5 4 7 10 1 3 8 9 6 2 
20180519110 10 1 5 2 4 6 9 3 7 8 
20180519111 10 3 5 9 2 8 4 6 1 7 
20180519112 1 10 7 9 8 2 5 3 6 4 
20180519113 5 8 6 4 2 9 1 10 7 3 
20180519114 4 10 1 3 2 6 7 8 9 5 
20180519115 6 1 5 4 8 10 3 7 2 9 
20180519116 7 6 8 3 9 2 4 10 1 5 
20180519117 4 8 3 1 9 7 6 10 2 5 
20180519118 10 3 4 1 2 6 9 7 8 5 
20180519119 8 1 5 7 10 2 3 9 4 6 
20180519120 5 6 1 10 3 9 4 2 7 8 
20180519121 5 3 6 9 8 10 1 7 4 2 
20180519122 6 3 8 1 9 10 4 7 5 2 
20180519123 7 8 2 6 1 10 5 9 3 4 
20180519124 4 7 2 6 9 1 3 10 8 5 
20180519125 4 1 7 6 2 9 10 5 3 8 
20180519126 10 3 1 4 2 9 8 6 7 5 
20180519127 5 2 1 9 4 6 10 3 8 7 
20180519128 4 2 7 6 9 1 3 5 8 10 
20180519129 2 8 7 1 3 4 6 9 10 5 
20180519130 2 1 5 10 4 7 3 8 6 9 
20180519131 1 5 7 3 8 2 6 4 9 10 
20180519132 10 7 1 8 4 6 9 3 2 5 
20180519133 1 10 7 6 9 5 2 3 4 8 
20180519134 4 1 8 6 2 5 3 7 9 10 
20180519135 7 6 5 1 3 4 10 9 8 2 
20180519136 2 8 4 3 6 5 10 1 7 9 
20180519137 6 9 8 3 7 10 1 2 4 5 
20180519138 5 9 3 8 4 6 2 7 10 1 
20180519139 1 4 9 5 10 8 3 2 7 6 
20180519140 6 7 8 3 4 5 10 2 9 1 
20180519141 7 3 6 8 1 4 2 10 5 9 
20180519142 3 1 4 5 7 8 9 10 6 2 
20180519143 5 3 1 8 6 7 2 9 4 10 
20180519144 5 2 7 9 6 8 3 10 1 4 
20180519145 3 6 2 1 4 9 10 8 7 5 
20180519146 5 6 9 7 2 3 4 10 8 1 
20180519147 7 6 2 9 3 1 8 5 4 10 
20180519148 8 2 7 3 9 10 5 4 6 1 
20180519149 10 7 9 6 2 3 8 1 5 4 
20180519150 3 4 10 9 8 7 1 2 6 5 
20180519151 2 4 5 8 6 7 9 3 1 10 
20180519152 9 10 7 8 1 6 5 3 2 4 
20180519153 8 3 6 10 5 1 9 4 2 7 
20180519154 9 1 4 7 2 8 5 6 10 3 
20180519155 6 7 4 8 3 2 9 1 5 10 
20180519156 7 2 6 4 8 5 9 1 3 10 
20180519157 5 10 1 2 3 6 8 4 9 7 
20180519158 2 8 7 1 3 10 6 9 5 4 
20180519159 2 5 9 4 3 1 7 10 6 8 
20180519160 3 2 6 8 7 1 10 4 9 5 
20180519161 4 7 10 3 1 5 6 9 2 8 
20180519162 8 2 3 6 7 5 4 9 10 1 
20180519163 7 10 6 3 9 1 2 8 5 4 
20180519164 1 5 2 4 7 9 6 10 3 8 
20180519165 3 5 6 7 10 4 9 2 8 1 
20180519166 9 7 10 4 3 6 5 2 8 1 
20180519167 8 5 1 6 10 9 3 4 2 7 
20180519168 2 8 9 10 3 7 4 1 5 6 
20180519169 4 9 7 6 1 5 8 2 10 3 
20180519170 3 9 1 8 2 7 4 10 5 6 
20180519171 6 10 9 2 3 5 7 4 8 1 
20180519172 7 4 9 5 1 2 6 10 8 3 
20180519173 9 2 10 5 4 7 8 1 3 6 
20180519174 9 7 2 1 4 6 5 10 8 3 
20180519175 1 2 3 8 4 10 9 6 5 7 
20180519176 1 5 4 7 9 8 2 10 3 6 
20180519177 10 4 7 3 9 5 8 1 6 2 
20180519178 7 6 4 9 8 1 3 5 10 2 
20180519179 7 3 8 6 1 9 5 10 2 4 
20180519180 6 9 2 1 4 3 7 5 10 8 
20180519181 2 4 1 8 10 9 5 3 7 6 
20180519182 3 1 2 8 6 10 4 7 5 9 
20180519183 8 6 10 9 1 5 4 3 7 2 
20180519184 4 7 6 5 1 10 8 2 9 3 
20180519185 1 5 7 8 6 4 10 9 3 2 
20180519186 5 6 4 9 8 10 2 3 1 7 
20180519187 9 3 8 4 5 6 1 2 7 10 
20180519188 4 10 7 8 1 9 2 5 3 6 
20180519189 7 9 6 8 5 2 1 3 4 10 
20180519190 4 2 8 10 9 7 6 3 5 1 
20180519191 9 6 3 7 10 8 4 2 1 5 
20180519192 5 8 3 2 7 10 1 6 4 9 
20180519193 10 5 8 6 7 3 1 9 2 4 
20180519194 4 6 3 9 7 1 2 5 10 8 
20180519195 10 8 3 4 1 9 6 2 7 5 
20180519196 6 3 4 2 1 5 8 7 9 10 
20180519197 2 10 7 4 9 1 6 3 8 5 
20180519198 2 7 9 8 5 4 1 3 6 10 
20180519199 6 9 7 3 10 5 2 1 8 4 
20180519200 8 9 6 10 7 4 1 2 3 5 
20180519201 10 6 9 7 8 5 3 1 4 2 
20180519202 4 3 8 2 5 7 9 1 10 6 
20180519203 4 10 2 8 5 6 7 3 1 9 
20180519204 10 7 1 6 4 8 3 9 2 5 
20180519205 9 4 8 7 10 1 5 2 3 6 
20180519206 2 6 8 4 5 9 3 7 1 10 
20180519207 6 2 7 4 5 8 9 10 1 3 
20180519208 6 2 7 1 4 8 9 10 3 5 
20180519209 10 8 1 5 4 2 6 3 7 9 
20180519210 6 5 3 9 4 1 10 2 8 7 
20180519211 4 7 5 2 6 10 9 8 3 1 
20180519212 2 8 6 3 7 4 5 1 10 9 
20180519213 8 2 6 7 3 4 10 5 1 9 
20180519214 1 8 9 4 6 10 3 7 2 5 
20180519215 8 3 5 1 9 2 6 10 7 4 
20180519216 3 2 7 9 1 5 10 4 8 6 
20180519217 4 6 7 8 5 2 3 1 9 10 
20180519218 1 8 7 9 10 5 6 4 2 3 
20180519219 6 8 4 2 10 3 7 9 1 5 
20180519220 8 9 6 1 10 4 7 5 3 2 
20180519221 7 8 5 1 10 6 4 9 3 2 
20180519222 7 8 10 4 6 9 3 1 2 5 
20180519223 2 9 3 1 7 4 8 5 10 6 
20180519224 3 4 1 7 2 6 8 5 9 10 
20180519225 5 8 6 3 1 4 2 10 7 9 
20180519226 4 3 6 8 9 1 5 7 10 2 
20180519227 5 1 6 9 3 2 10 7 4 8 
20180519228 2 5 9 4 1 3 7 10 6 8 
20180519229 1 9 2 6 10 7 3 8 5 4 
20180519230 5 4 9 7 3 6 8 1 2 10 
20180519231 10 4 6 9 1 2 3 5 8 7 
20180519232 8 6 10 5 1 9 4 3 2 7 
20180519233 5 8 3 2 9 4 1 7 10 6 
20180519234 6 9 4 10 7 1 8 5 3 2 
20180519235 5 10 6 1 2 4 9 8 3 7 
20180519236 1 7 5 10 3 2 4 9 6 8 
20180519237 7 6 8 1 9 10 3 4 5 2 
20180519238 3 4 2 5 9 7 10 1 6 8 
20180519239 8 2 9 10 3 6 7 5 1 4 
20180519240 6 10 9 5 2 3 1 8 7 4 
20180519241 2 5 8 1 3 10 9 4 6 7 
20180519242 10 4 2 8 9 1 5 6 7 3 
20180519243 8 10 9 7 4 5 1 6 2 3 
20180519244 5 10 4 1 7 8 3 6 2 9 
20180519245 7 1 9 6 3 2 10 5 4 8 
20180519246 6 9 10 7 2 8 3 1 5 4 
20180519247 2 5 1 9 4 3 10 8 7 6 
20180519248 9 4 5 10 1 8 2 3 7 6 
20180519249 9 4 10 3 7 5 1 8 2 6 
20180519250 1 6 4 8 7 5 10 2 9 3 
20180519251 2 4 5 1 3 6 8 10 9 7 
20180519252 3 7 9 1 2 10 5 8 6 4 
20180519253 9 4 2 5 7 1 6 3 8 10 
20180519254 4 1 6 7 10 2 3 9 8 5 
20180519255 9 6 2 4 5 1 3 8 7 10 
20180519256 7 8 9 1 4 10 6 3 2 5 
20180519257 6 4 9 3 5 10 1 2 8 7 
20180519258 6 4 7 2 5 3 10 8 1 9 
20180519259 6 5 3 2 7 1 10 4 8 9 
20180519260 10 5 7 8 4 9 6 2 1 3 
20180519261 8 1 10 2 4 7 5 6 9 3 
20180519262 2 3 8 6 7 1 10 9 4 5 
20180519263 10 6 4 7 2 1 9 8 5 3 
20180519264 1 10 5 8 6 3 9 2 7 4 
20180519265 2 5 10 3 9 6 1 7 8 4 
20180519266 5 9 3 1 4 8 10 2 6 7 
20180519267 9 5 4 1 3 8 10 6 2 7 
20180519268 6 1 3 7 8 9 5 2 4 10 
20180519269 6 7 9 5 4 8 10 2 1 3 
20180519270 10 2 6 9 3 7 5 8 1 4 
20180519271 3 9 2 8 5 6 10 4 7 1 
20180519272 8 10 6 3 9 7 1 2 5 4 
20180519273 7 8 10 1 5 9 6 3 4 2 
20180519274 10 3 2 8 1 5 7 6 4 9 
20180519275 3 4 1 9 5 6 8 2 10 7 
20180519276 7 5 10 2 1 3 6 8 4 9 
20180519277 5 1 8 6 10 2 4 9 3 7 
20180519278 1 3 10 2 8 7 6 9 4 5 
20180519279 1 2 7 6 3 4 9 10 5 8 
20180519280 4 5 1 6 3 10 7 9 2 8 
20180519281 3 10 7 6 9 2 5 4 1 8 
20180519282 4 8 7 2 1 6 10 3 5 9 
20180519283 10 2 8 4 3 7 6 9 1 5 
20180519284 6 8 2 9 1 7 3 5 10 4 
20180519285 1 8 3 5 9 6 7 10 4 2 
20180519286 1 5 7 8 10 9 6 4 2 3 
20180519287 4 7 5 1 6 3 2 10 9 8 
20180519288 6 9 7 5 2 8 1 10 3 4 
20180519289 5 7 9 3 2 4 6 1 8 10 
20180519290 10 5 8 7 6 3 2 4 1 9 
20180519291 5 6 10 1 8 3 9 4 7 2 
20180519292 10 7 9 2 1 6 5 8 4 3 
20180519293 5 8 6 4 3 10 1 7 2 9 
20180519294 3 5 7 8 2 9 1 6 4 10 
20180519295 10 8 9 5 4 6 7 1 2 3 
20180519296 2 3 5 1 8 9 6 10 7 4 
20180519297 3 2 10 8 6 1 9 4 5 7 
20180519298 6 7 4 10 8 2 9 1 3 5 
20180519299 1 6 9 8 2 4 10 3 5 7 
20180519300 4 7 2 9 8 5 3 6 10 1 
20180519301 2 6 9 3 10 7 8 4 1 5 
20180519302 9 4 8 1 6 10 5 7 3 2 
20180519303 5 1 4 3 9 2 8 7 6 10 
20180519304 9 1 6 10 8 2 7 4 3 5 
20180519305 4 2 10 5 6 7 1 8 9 3 
20180519306 4 8 7 9 6 5 3 2 1 10 
20180519307 9 10 1 2 4 5 8 3 7 6 
20180519308 9 3 10 2 1 6 4 7 8 5 
20180519309 7 2 1 5 8 10 4 6 9 3 
20180519310 2 3 5 8 1 7 10 9 4 6 
20180519311 10 6 9 3 2 1 4 5 8 7 
20180519312 3 6 1 9 7 5 10 2 4 8 
20180519313 1 4 5 9 2 7 10 3 6 8 
20180519314 1 5 10 4 3 6 2 9 8 7 
20180519315 7 10 5 4 3 2 8 9 1 6 
20180519316 10 8 9 6 7 4 5 3 2 1 
20180519317 5 7 2 9 8 3 6 1 4 10 
20180519318 9 5 1 7 10 4 8 6 2 3 
20180519319 5 6 7 1 8 2 9 3 4 10 
20180519320 7 8 2 5 3 4 9 6 10 1 
20180519321 6 4 3 10 2 1 9 8 7 5 
20180519322 5 6 4 2 10 3 1 8 9 7 
20180519323 8 6 9 7 3 5 2 4 1 10 
20180519324 10 7 8 2 1 4 5 3 9 6 
20180519325 10 3 9 4 5 6 8 1 7 2 
20180519326 2 9 8 1 7 10 6 5 3 4 
20180519327 10 8 1 3 5 6 2 4 9 7 
20180519328 9 1 6 3 4 2 10 8 5 7 
20180519329 2 5 3 1 8 6 4 10 9 7 
20180519330 1 9 10 2 7 8 3 6 5 4 
20180519331 1 6 4 3 8 10 5 7 9 2 
20180519332 5 8 2 4 9 6 1 3 7 10 
20180519333 4 10 5 9 1 6 8 3 7 2 
20180519334 4 2 10 3 8 1 9 5 7 6 
20180519335 5 1 4 3 9 6 8 10 2 7 
20180519336 9 5 3 6 10 8 7 1 4 2 
20180519337 10 2 1 7 3 8 5 6 4 9 
20180519338 9 3 4 7 2 1 8 10 5 6 
20180519339 4 8 7 9 2 10 3 6 1 5 
20180519340 10 6 9 5 8 4 2 7 3 1 
20180519341 6 2 1 3 5 10 4 9 8 7 
20180519342 7 3 1 4 9 6 8 10 2 5 
20180519343 10 6 7 4 3 9 1 8 5 2 
20180519344 10 2 6 3 5 1 9 7 8 4 
20180519345 2 5 8 6 3 7 9 10 1 4 
20180519346 2 3 6 4 10 5 7 8 9 1 
20180519347 6 10 3 5 2 8 9 4 7 1 
20180519348 1 9 10 6 4 2 3 8 5 7 
20180519349 5 6 3 2 8 4 9 7 1 10 
20180519350 1 8 5 3 7 4 9 6 2 10 
20180519351 4 3 10 7 2 6 9 1 5 8 
20180519352 4 3 6 9 2 7 1 10 5 8 
20180519353 5 6 10 2 1 8 4 3 9 7 
20180519354 9 7 4 8 5 3 6 1 10 2 
20180519355 5 9 10 8 1 7 6 4 2 3 
20180519356 3 5 9 8 10 2 6 7 4 1 
20180519357 8 6 4 3 5 2 7 10 9 1 
20180519358 7 5 1 4 10 9 2 6 8 3 
20180519359 3 4 6 1 8 2 9 10 7 5 
20180519360 5 6 4 9 2 3 7 10 8 1 
20180519361 5 4 1 6 2 8 10 3 7 9 
20180519362 8 4 2 9 1 3 10 7 5 6 
20180519363 6 5 3 7 2 1 8 9 4 10 
20180519364 4 8 3 2 1 10 9 5 7 6 
20180519365 1 9 6 3 8 2 10 4 5 7 
20180519366 6 3 10 8 2 5 7 4 9 1 
20180519367 1 7 9 5 2 8 4 3 6 10 
20180519368 10 9 6 7 8 3 1 2 4 5 
20180519369 9 10 1 4 2 3 6 7 5 8 
20180519370 6 4 9 8 10 7 1 3 2 5 
20180519371 1 7 4 2 5 9 3 10 8 6 
20180519372 7 5 6 4 8 10 9 3 2 1 
20180519373 2 7 3 4 5 8 9 6 10 1 
20180519374 7 3 5 9 2 1 4 6 8 10 
20180519375 8 3 7 10 9 2 5 4 6 1 
20180519376 8 10 5 9 3 1 2 4 6 7 
20180519377 3 8 5 1 4 9 10 7 2 6 
20180519378 10 6 8 2 9 4 1 5 3 7 
20180519379 5 8 10 2 7 9 6 4 3 1 
20180519380 8 5 7 1 4 9 6 10 2 3 
20180519381 5 10 4 6 1 8 2 9 3 7 
20180519382 3 5 10 8 2 4 7 9 1 6 
20180519383 7 2 6 5 3 8 10 4 9 1 
20180519384 1 6 5 8 2 9 7 10 4 3 
20180519385 10 4 7 9 5 1 8 6 3 2 
20180519386 3 1 10 7 5 6 8 2 4 9 
20180519387 6 8 1 10 4 2 3 7 9 5 
20180519388 1 5 7 4 3 2 6 10 9 8 
20180519389 2 6 3 4 5 8 10 9 1 7 
20180519390 4 1 3 10 2 5 9 6 7 8 
20180519391 7 2 3 5 10 9 6 4 8 1 
20180519392 1 8 5 4 2 7 10 3 9 6 
20180519393 9 5 4 2 10 6 3 1 8 7 
20180519394 1 8 6 9 7 4 2 3 10 5 
20180519395 5 6 3 10 9 4 7 2 8 1 
20180519396 7 2 3 10 1 6 4 5 9 8 
20180519397 5 7 6 8 1 2 10 3 9 4 
20180519398 1 2 8 3 5 7 4 9 10 6 
20180519399 8 3 6 5 2 1 7 10 4 9 
20180519400 3 2 5 8 9 10 4 7 1 6 
20180519401 2 1 3 10 6 7 9 4 8 5 
20180519402 8 7 5 10 9 4 1 2 3 6 
20180519403 10 3 8 4 1 6 2 7 5 9 
20180519404 5 8 3 2 1 9 4 7 6 10 
20180519405 1 8 5 9 7 10 3 4 2 6 
20180519406 8 10 1 2 7 4 3 6 5 9 
20180519407 3 2 6 8 5 7 1 4 9 10 
20180519408 6 2 8 4 9 7 3 5 10 1 
20180519409 6 3 1 8 4 9 2 7 5 10 
20180519410 3 4 6 8 5 1 7 9 10 2 
20180519411 10 5 8 6 1 7 3 2 9 4 
20180519412 2 3 9 10 1 7 5 6 4 8 
20180519413 6 1 9 7 5 10 4 2 3 8 
20180519414 5 9 3 8 4 10 2 7 6 1 
20180519415 1 10 3 8 5 2 7 9 6 4 
20180519416 9 3 5 1 6 4 8 10 2 7 
20180519417 7 8 2 5 4 9 1 3 6 10 
20180519418 10 6 7 3 5 4 9 8 2 1 
20180519419 3 9 2 4 5 8 7 1 10 6 
20180519420 2 8 7 6 3 5 9 1 10 4 
20180519421 6 5 2 7 1 9 3 8 10 4 
20180519422 8 1 6 3 2 4 9 10 5 7 
20180519423 6 5 1 10 4 9 2 8 7 3 
20180519424 3 10 6 8 7 4 2 5 1 9 
20180519425 1 8 10 2 9 4 5 6 3 7 
20180519426 5 4 6 1 7 10 9 8 3 2 
20180519427 7 8 10 1 4 2 3 6 9 5 
20180519428 10 1 8 9 3 5 7 6 2 4 
20180519429 10 2 7 6 3 4 9 1 8 5 
20180519430 10 1 7 3 8 2 6 5 9 4 
20180519431 6 7 2 4 1 9 5 10 8 3 
20180519432 3 2 10 8 6 1 7 4 9 5 
20180519433 9 1 3 6 2 8 4 7 10 5 
20180519434 2 8 10 4 7 1 3 9 6 5 
20180519435 6 9 1 10 8 7 4 2 3 5 
20180519436 3 6 1 2 8 9 5 4 10 7 
20180519437 10 8 7 5 9 4 2 6 3 1 
20180519438 4 6 7 3 10 2 1 5 8 9 
20180519439 10 8 6 2 7 4 5 1 3 9 
20180519440 10 3 4 7 6 9 2 8 5 1 
20180519441 5 3 6 2 1 4 10 9 8 7 
20180519442 7 3 4 1 2 8 10 5 9 6 
20180519443 7 9 5 2 4 6 3 1 10 8 
20180519444 9 4 8 5 6 7 10 1 3 2 
20180519445 5 2 9 10 7 6 8 1 3 4 
20180519446 6 7 1 2 9 5 8 10 4 3 
20180519447 8 3 10 7 2 6 5 1 4 9 
20180519448 2 5 10 1 7 6 3 9 4 8 
20180519449 2 5 1 3 8 4 7 10 6 9 
20180519450 7 2 4 5 1 3 8 6 9 10 
20180519451 4 7 3 1 2 6 10 5 8 9 
20180519452 10 7 5 3 6 4 8 1 9 2 
20180519453 2 9 8 4 6 1 5 10 7 3 
20180519454 7 6 10 1 4 5 3 2 8 9 
20180519455 2 8 9 5 3 10 1 7 6 4 
20180519456 10 4 1 5 6 8 2 9 3 7 
20180519457 5 1 10 8 4 6 7 9 3 2 
20180519458 8 5 3 4 1 9 2 10 6 7 
20180519459 3 10 2 7 6 9 8 5 1 4 
20180519460 6 2 4 8 3 5 1 9 10 7 
20180519461 10 3 1 7 2 4 5 9 8 6 
20180519462 9 1 4 3 2 10 7 5 6 8 
20180519463 5 3 6 9 4 1 10 8 7 2 
20180519464 2 5 6 3 8 1 9 7 4 10 
20180519465 1 4 8 7 2 10 5 3 9 6 
20180519466 5 10 4 3 7 6 1 2 9 8 
20180519467 1 7 8 9 6 4 2 3 5 10 
20180519468 5 9 4 10 1 7 3 8 2 6 
20180519469 1 6 8 7 5 2 9 3 10 4 
20180519470 7 6 1 3 10 4 2 8 5 9 
20180519471 7 9 3 2 8 1 4 6 10 5 
20180519472 10 9 5 6 1 4 2 8 7 3 
20180519473 7 6 9 4 2 5 10 8 1 3 
20180519474 7 3 5 6 1 8 2 10 9 4 
20180519475 9 6 2 3 8 7 5 1 10 4 
20180519476 5 6 9 10 8 7 1 2 3 4 
20180519477 6 7 10 3 8 9 1 5 4 2 
20180519478 7 1 4 9 10 6 5 3 2 8 
20180519479 6 10 4 8 2 9 7 1 5 3 
20180519480 7 5 10 4 8 6 9 2 3 1 
20180519481 5 2 4 6 1 3 10 9 8 7 
20180519482 2 6 5 7 1 8 3 4 10 9 
20180519483 8 7 4 5 3 1 9 2 6 10 
20180519484 10 4 6 1 3 7 2 9 8 5 
20180519485 2 9 1 6 3 5 8 7 10 4 
20180519486 6 9 7 5 3 8 1 4 2 10 
20180519487 7 5 4 1 10 3 6 2 9 8 
20180519488 3 9 6 2 5 8 10 1 4 7 
20180519489 10 7 4 8 5 6 1 9 3 2 
20180519490 2 6 10 5 4 8 1 9 7 3 
20180519491 5 7 2 3 10 8 6 9 1 4 
20180519492 5 10 7 3 9 8 1 2 4 6 
20180519493 6 10 3 4 7 2 9 1 8 5 
20180519494 5 7 4 2 9 8 10 6 1 3 
20180519495 10 2 4 1 6 8 7 3 5 9 
20180519496 9 4 10 7 3 2 1 5 6 8 
20180519497 6 4 5 8 1 7 9 2 3 10 
20180519498 3 6 4 9 1 10 8 2 5 7 
20180519499 2 4 5 10 9 1 6 8 3 7 
20180519500 5 9 8 6 4 3 2 1 7 10 
20180519501 6 8 9 3 7 1 10 5 2 4 
20180519502 1 4 8 6 2 7 9 3 10 5 
20180519503 7 10 2 4 1 3 5 6 9 8 
20180519504 7 4 1 2 10 3 5 8 6 9 
20180519505 10 1 5 3 2 6 4 8 9 7 
20180519506 7 9 1 10 8 4 6 2 5 3 
20180519507 6 10 2 8 4 5 7 9 1 3 
20180519508 6 9 1 5 7 10 4 3 8 2 
20180519509 4 6 5 9 2 8 10 7 3 1 
20180519510 8 2 1 6 9 7 3 4 5 10 
20180519511 8 9 4 2 3 5 10 7 1 6 
20180519512 5 3 6 2 1 7 10 4 9 8 
20180519513 3 8 7 1 2 6 10 5 4 9 
20180519514 8 9 5 6 2 1 3 10 4 7 
20180519515 5 6 4 9 1 2 8 3 7 10 
20180519516 8 6 2 7 9 5 3 10 4 1 
20180519517 7 1 2 5 6 3 10 8 9 4 
20180519518 8 4 7 5 3 10 2 6 1 9 
20180519519 4 8 7 1 6 9 10 5 3 2 
20180519520 9 4 3 10 1 8 2 6 5 7 
20180519521 2 10 1 5 3 7 6 9 8 4 
20180519522 10 5 9 2 3 7 1 8 6 4 
20180519523 4 2 1 8 5 7 10 6 3 9 
20180519524 5 8 7 2 9 3 6 10 4 1 
20180519525 6 3 8 1 4 7 10 5 2 9 
20180519526 4 6 5 1 9 2 8 10 3 7 
20180519527 1 5 6 3 7 4 8 9 2 10 
20180519528 1 6 9 5 2 7 10 4 8 3 
20180519529 4 5 7 6 8 2 9 3 10 1 
20180519530 5 4 9 2 3 6 7 1 8 10 
20180519531 3 10 4 5 7 8 6 9 1 2 
20180519532 7 4 3 9 8 5 2 6 1 10 
20180519533 4 6 1 3 5 2 8 9 7 10 
20180519534 3 8 2 7 6 9 5 4 10 1 
20180519535 2 8 7 4 3 10 6 1 5 9 
20180519536 3 2 7 1 4 8 9 5 6 10 
20180519537 8 5 3 2 4 10 1 7 9 6 
20180519538 4 7 6 5 8 10 1 9 3 2 
20180519539 8 5 10 7 2 6 1 4 3 9 
20180519540 1 6 2 8 3 7 5 9 10 4 
20180519541 10 4 9 2 7 3 5 6 1 8 
20180519542 6 7 2 1 9 10 5 4 3 8 
20180519543 8 7 10 4 9 5 6 3 1 2 
20180519544 10 4 2 5 1 7 9 3 6 8 
20180519545 5 8 4 2 10 1 9 6 3 7 
20180519546 4 3 6 5 9 8 1 7 2 10 
20180519547 1 2 4 7 10 3 9 8 5 6 
20180519548 7 5 9 8 4 6 3 1 2 10 
20180519549 3 6 5 7 2 10 1 9 8 4 
20180519550 10 3 6 9 8 5 2 1 4 7 
20180519551 3 4 8 7 10 6 9 1 2 5 
20180519552 2 7 5 6 1 9 4 10 8 3 
20180519553 3 9 5 4 10 2 6 8 1 7 
20180519554 2 10 1 7 9 6 5 4 3 8 
20180519555 6 3 8 9 2 7 4 10 5 1 
20180519556 2 9 5 10 3 8 6 1 7 4 
20180519557 10 1 3 4 7 8 6 2 5 9 
20180519558 9 8 4 5 7 2 10 1 3 6 
20180519559 10 6 3 5 8 4 2 7 9 1 
20180519560 8 4 7 6 5 2 3 10 1 9 
20180519561 6 9 5 4 7 3 10 2 8 1 
20180519562 9 2 4 6 8 3 10 7 5 1 
20180519563 9 8 2 1 4 7 6 5 10 3 
20180519564 5 1 3 7 8 6 9 10 2 4 
20180519565 8 3 9 1 10 2 5 6 7 4 
20180519566 7 9 8 2 5 4 6 3 10 1 
20180519567 4 7 5 3 1 6 8 10 2 9 
20180519568 1 4 2 10 3 9 7 5 8 6 
20180519569 10 2 8 9 3 5 7 1 4 6 
20180519570 7 4 1 9 8 10 5 2 3 6 
20180519571 7 6 2 3 8 1 5 4 10 9 
20180519572 6 4 2 5 8 10 3 9 1 7 
20180519573 10 9 1 4 2 6 7 5 3 8 
20180519574 4 1 5 9 3 10 2 8 6 7 
20180519575 9 1 7 4 8 10 6 5 3 2 
20180519576 1 8 3 10 6 7 2 4 5 9 
20180519577 3 7 1 2 4 8 5 9 10 6 
20180519578 8 7 10 6 2 3 5 1 9 4 
20180519579 9 1 6 10 5 3 2 8 4 7 
20180519580 10 4 8 9 7 6 2 1 5 3 
20180519581 5 2 10 3 7 9 1 4 8 6 
20180519582 4 6 10 8 9 1 3 7 5 2 
20180519583 6 9 7 8 2 10 3 5 1 4 
20180519584 2 8 10 6 4 5 7 9 3 1 
20180519585 9 4 2 3 7 1 6 5 10 8 
20180519586 7 10 8 3 1 6 5 9 4 2 
20180519587 9 7 8 6 3 5 1 2 4 10 
20180519588 9 5 8 6 2 4 7 10 1 3 
20180519589 9 4 3 10 8 2 1 7 6 5 
20180519590 1 10 3 7 6 4 2 8 9 5 
20180519591 10 8 9 3 2 5 6 4 1 7 
20180519592 2 10 6 9 4 1 5 3 8 7 
20180519593 1 2 10 7 9 6 3 4 8 5 
20180519594 9 7 4 8 3 10 6 5 1 2 
20180519595 3 8 10 6 1 4 9 7 2 5 
20180519596 8 3 7 2 5 4 10 1 9 6 
20180519597 7 4 3 1 2 6 8 9 10 5 
20180519598 3 7 5 1 9 10 4 6 8 2 
20180519599 6 10 1 2 9 4 3 8 5 7 
20180519600 10 3 4 5 8 2 9 6 1 7 
20180519601 4 1 7 5 3 10 2 9 8 6 
20180519602 3 1 10 8 5 2 6 7 4 9 
20180519603 8 4 1 10 2 7 9 6 3 5 
20180519604 3 8 1 4 5 10 9 6 7 2 
20180519605 2 10 7 5 9 6 8 3 1 4 
20180519606 6 2 4 10 3 8 9 5 1 7 
20180519607 8 10 9 2 3 5 7 6 1 4 
20180519608 1 2 8 4 9 3 6 5 7 10 
20180519609 10 3 9 4 2 8 1 7 5 6 
20180519610 1 4 9 2 8 6 7 10 3 5 
20180519611 1 10 6 9 7 3 2 8 4 5 
20180519612 7 5 8 1 3 2 6 10 4 9 
20180519613 9 7 8 2 4 10 6 5 1 3 
20180519614 8 1 2 6 9 3 5 7 4 10 
20180519615 1 2 4 6 10 7 8 3 5 9 
20180519616 2 4 3 1 7 8 9 10 5 6 
20180519617 8 5 3 9 2 4 7 6 10 1 
20180519618 5 9 10 3 1 7 2 8 6 4 
20180519619 6 2 7 10 8 1 3 9 4 5 
20180519620 1 8 10 5 6 3 7 2 4 9 
20180519621 3 2 5 9 6 7 4 10 1 8 
20180519622 5 8 3 6 4 7 1 2 10 9 
20180519623 7 8 1 10 4 5 6 2 3 9 
20180519624 6 10 4 3 7 2 8 9 5 1 
20180519625 7 6 4 10 3 1 8 5 9 2 
20180519626 10 9 8 4 7 3 5 2 1 6 
20180519627 1 2 5 10 3 4 6 9 7 8 
20180519628 3 8 10 5 6 9 4 1 7 2 
20180519629 5 10 9 3 6 8 1 4 7 2 
20180519630 9 6 1 2 5 7 8 10 3 4 
20180519631 5 6 4 8 3 9 1 7 10 2 
20180519632 10 9 7 5 1 3 6 8 4 2 
20180519633 4 7 3 2 5 10 9 6 1 8 
20180519634 7 6 3 9 8 2 4 10 5 1 
20180519635 8 9 10 4 7 3 1 2 5 6 
20180519636 4 10 5 9 6 8 1 7 2 3 
20180519637 4 3 6 1 5 2 7 10 8 9 
20180519638 4 7 9 1 8 2 10 3 5 6 
20180519639 7 8 3 10 1 2 9 6 4 5 
20180519640 2 3 7 1 4 10 8 6 9 5 
20180519641 4 10 8 6 5 2 3 1 7 9 
20180519642 8 9 2 7 5 3 6 10 1 4 
20180519643 5 3 10 7 2 1 8 9 4 6 
20180519644 4 3 8 2 10 5 1 7 6 9 
20180519645 8 2 4 7 3 5 10 1 9 6 
20180519646 9 3 4 10 5 7 8 2 1 6 
20180519647 1 2 10 5 3 4 7 8 9 6 
20180519648 8 3 4 6 2 7 1 9 5 10 
20180519649 8 9 7 6 1 3 10 4 2 5 
20180519650 2 5 7 4 1 9 6 8 3 10 
20180519651 1 8 3 5 10 9 2 6 7 4 
20180519652 2 3 8 6 4 7 5 9 1 10 
20180519653 8 5 1 2 3 7 9 4 10 6 
20180519654 9 1 8 4 5 6 2 3 10 7 
20180519655 5 1 2 9 8 6 3 4 7 10 
20180519656 7 1 10 4 8 3 9 2 6 5 
20180519657 9 10 8 1 7 4 5 2 6 3 
20180519658 10 2 5 3 4 6 9 8 1 7 
20180519659 10 2 3 1 6 8 4 5 7 9 
20180519660 6 3 9 10 7 2 1 4 8 5 
20180519661 8 1 5 6 9 3 4 10 7 2 
20180519662 3 1 8 6 9 5 10 4 7 2 
20180519663 5 10 9 8 3 4 7 1 2 6 
20180519664 10 6 8 1 4 7 5 2 3 9 
20180519665 2 10 7 5 4 8 1 9 6 3 
20180519666 6 9 3 1 8 5 4 2 7 10 
20180519667 8 4 2 3 1 7 10 6 9 5 
20180519668 3 1 7 6 8 4 2 9 5 10 
20180519669 6 1 10 9 8 7 2 3 5 4 
20180519670 8 6 10 4 9 7 2 3 1 5 
20180519671 5 10 4 9 7 8 6 3 1 2 
20180519672 4 8 1 3 6 2 7 9 5 10 
20180519673 8 5 7 6 3 2 1 4 9 10 
20180519674 10 2 4 9 6 1 7 8 5 3 
20180519675 6 2 4 5 3 8 10 1 9 7 
20180519676 3 1 4 8 5 6 2 7 9 10 
20180519677 3 4 10 7 5 1 6 2 8 9 
20180519678 10 4 2 8 1 9 7 6 5 3 
20180519679 9 8 5 10 2 6 1 3 7 4 
20180519680 10 6 1 2 4 7 3 8 9 5 
20180519681 6 8 3 4 2 10 9 7 1 5 
20180519682 8 3 7 10 1 2 5 9 6 4 
20180519683 4 6 5 9 8 2 3 10 7 1 
20180519684 8 2 5 10 1 7 3 9 6 4 
20180519685 3 1 6 7 4 9 2 5 10 8 
20180519686 6 1 9 3 2 4 5 10 7 8 
20180519687 9 10 6 1 3 8 2 4 7 5 
20180519688 1 4 9 2 3 7 5 8 6 10 
20180519689 1 3 4 5 6 8 7 2 9 10 
20180519690 9 8 5 10 6 3 4 2 1 7 
20180519691 2 8 10 1 9 4 6 7 3 5 
20180519692 6 2 1 7 8 9 5 3 10 4 
20180519693 8 6 4 1 9 10 3 7 5 2 
20180519694 1 6 10 3 9 7 8 5 2 4 
20180519695 3 10 1 5 7 2 9 8 4 6 
20180519696 3 6 7 2 8 5 10 9 1 4 
20180519697 9 2 5 7 8 3 10 4 6 1 
20180519698 2 4 3 10 9 1 5 8 6 7 
20180519699 6 10 3 4 1 7 2 5 8 9 
20180519700 9 6 2 5 7 1 10 4 8 3 
20180519701 5 10 9 3 8 6 1 7 4 2 
20180519702 2 5 10 8 6 9 7 3 1 4 
20180519703 9 4 8 7 10 6 3 5 2 1 
20180519704 5 4 8 1 10 3 2 9 6 7 
20180519705 7 3 9 5 1 4 10 6 2 8 
20180519706 8 9 10 7 3 6 4 2 1 5 
20180519707 5 8 9 2 1 10 3 7 6 4 
20180519708 4 1 10 9 8 3 6 7 2 5 
20180519709 2 4 3 5 1 7 10 9 8 6 
20180519710 2 6 1 9 3 5 7 8 4 10 
20180519711 9 1 5 3 8 2 4 10 7 6 
20180519712 8 4 3 6 10 5 1 9 7 2 
20180519713 5 6 3 9 10 4 2 7 8 1 
20180519714 8 4 7 6 5 2 3 1 10 9 
20180519715 8 10 2 3 1 9 4 6 5 7 
20180519716 9 3 10 1 5 4 7 8 6 2 
20180519717 5 2 1 10 7 9 4 6 3 8 
20180519718 8 6 5 10 3 2 7 4 9 1 
20180519719 10 3 5 8 6 2 9 1 7 4 
20180519720 10 1 7 8 2 9 4 5 3 6 
20180519721 9 4 10 1 6 2 8 5 7 3 
20180519722 5 9 7 8 3 1 2 10 4 6 
20180519723 7 3 1 9 10 4 2 6 8 5 
20180519724 2 6 3 9 1 7 4 10 5 8 
20180519725 10 3 4 7 8 1 9 5 6 2 
20180519726 6 3 10 8 5 9 4 7 1 2 
20180519727 8 3 9 1 10 5 4 2 7 6 
20180519728 6 7 9 2 5 8 3 10 4 1 
20180519729 8 5 9 3 6 1 4 7 2 10 
20180519730 8 10 1 5 4 9 7 2 3 6 
20180519731 1 10 3 9 6 8 7 4 5 2 
20180519732 1 4 3 10 6 9 2 5 8 7 
20180519733 4 3 5 2 7 9 8 1 10 6 
20180519734 6 10 7 1 5 9 4 8 3 2 
20180519735 3 4 10 9 1 7 6 2 8 5 
20180519736 10 9 6 4 7 1 5 3 8 2 
20180519737 10 1 3 5 2 9 4 6 8 7 
20180519738 2 9 4 1 5 7 6 3 8 10 
20180519739 1 7 5 8 6 10 4 9 2 3 
20180519740 6 9 8 7 10 5 2 4 3 1 
20180519741 5 3 8 10 4 7 2 9 6 1 
20180519742 5 3 4 8 1 7 6 2 10 9 
20180519743 10 1 6 2 4 9 5 3 7 8 
20180519744 2 9 7 5 1 6 3 8 4 10 
20180519745 8 1 9 5 4 10 6 2 3 7 
20180519746 6 2 4 3 7 8 10 5 1 9 
20180519747 8 3 10 1 6 4 2 5 7 9 
20180519748 5 6 8 7 4 1 10 9 3 2 
20180519749 10 4 3 7 2 5 8 6 1 9 
20180519750 10 4 6 8 2 5 1 3 9 7 
20180519751 4 7 5 1 3 9 10 6 2 8 
20180519752 9 1 2 4 10 8 3 6 5 7 
20180519753 4 7 5 10 1 9 6 8 3 2 
20180519754 5 6 9 3 4 2 10 8 7 1 
20180519755 9 1 10 2 8 3 5 4 6 7 
20180519756 6 2 5 10 9 1 3 7 8 4 
20180519757 3 6 8 10 9 1 2 7 5 4 
20180519758 2 8 10 9 4 7 1 6 3 5 
20180519759 8 1 3 9 10 4 2 6 5 7 
20180519760 10 6 9 8 1 2 7 5 4 3 
20180519761 4 5 7 6 10 3 9 8 2 1 
20180519762 3 9 1 10 6 5 7 8 2 4 
20180519763 4 5 9 3 8 10 1 6 2 7 
20180519764 4 6 9 5 10 8 7 3 2 1 
20180519765 10 4 3 2 1 7 6 8 5 9 
20180519766 7 9 1 4 2 8 6 5 10 3 
20180519767 2 9 4 8 3 6 1 5 7 10 
20180519768 6 7 4 9 10 3 5 1 2 8 
20180519769 9 2 8 7 10 6 1 3 4 5 
20180519770 1 3 7 6 5 9 10 4 8 2 
20180519771 7 8 3 4 5 2 6 10 9 1 
20180519772 8 6 4 10 5 2 3 7 9 1 
20180519773 1 3 5 8 2 10 7 9 4 6 
20180519774 4 3 9 10 7 8 5 2 1 6 
20180519775 3 8 6 9 10 4 2 5 1 7 
20180519776 4 3 9 10 2 8 1 6 5 7 
20180519777 8 3 5 2 1 10 9 6 4 7 
20180519778 6 4 1 5 3 9 2 8 7 10 
20180519779 8 2 7 4 1 6 10 3 5 9 
20180519780 9 8 6 3 10 7 5 1 2 4 
20180519781 1 10 8 7 4 6 2 9 3 5 
20180519782 6 3 8 9 4 10 7 2 1 5 
20180519783 3 9 5 7 6 8 4 1 10 2 
20180519784 5 10 1 6 9 4 7 2 8 3 
20180519785 1 7 10 9 5 3 4 8 6 2 
20180519786 1 7 3 10 8 6 5 9 4 2 
20180519787 5 2 4 3 1 10 6 8 9 7 
20180519788 3 10 4 2 6 7 9 8 5 1 
20180519789 7 8 3 4 9 10 5 1 2 6 
20180519790 4 2 1 5 10 9 3 6 7 8 
20180519791 10 8 1 4 5 7 6 3 2 9 
20180519792 9 2 4 10 3 5 7 6 8 1 
20180519793 7 3 4 9 2 6 10 8 5 1 
20180519794 5 4 6 10 3 8 7 1 2 9 
20180519795 4 3 7 10 8 2 5 6 1 9 
20180519796 10 4 7 1 6 3 8 2 5 9 
20180519797 6 3 9 7 10 5 8 1 4 2 
20180519798 6 4 5 7 8 9 1 2 3 10 
20180519799 7 2 8 9 10 5 6 4 3 1 
20180519800 1 3 2 5 4 10 6 9 8 7 
20180519801 5 4 3 1 10 8 7 2 9 6 
20180519802 7 4 2 6 9 8 3 1 10 5 
20180519803 5 3 7 2 8 6 4 10 1 9 
20180519804 4 2 6 7 8 9 10 1 5 3 
20180519805 8 10 6 4 2 1 9 5 7 3 
20180519806 1 8 9 10 2 3 7 4 5 6 
20180519807 8 1 10 7 4 6 3 9 5 2 
20180519808 9 5 4 8 3 6 2 1 7 10 
20180519809 5 2 7 3 4 9 1 8 10 6 
20180519810 5 2 8 1 6 10 4 9 3 7 
20180519811 6 9 3 10 2 1 5 4 8 7 
20180519812 10 9 2 8 1 4 6 3 7 5 
20180519813 10 1 3 5 7 4 6 9 8 2 
20180519814 1 9 3 2 6 4 5 10 7 8 
20180519815 1 8 3 4 10 2 7 5 6 9 
20180519816 3 6 4 7 10 1 8 2 5 9 
20180519817 10 8 2 6 7 5 9 4 3 1 
20180519818 9 7 3 4 10 2 1 8 6 5 
20180519819 3 6 7 9 4 5 2 10 1 8 
20180519820 2 1 10 3 9 7 5 6 4 8 
20180519821 3 6 4 8 2 9 10 1 7 5 
20180519822 10 7 6 4 8 9 3 2 5 1 
20180519823 4 6 3 5 9 1 2 10 7 8 
20180519824 1 7 2 4 9 10 3 8 6 5 
20180519825 8 7 4 2 6 5 10 3 1 9 
20180519826 9 7 2 1 4 8 10 3 5 6 
20180519827 1 9 10 6 4 7 8 2 5 3 
20180519828 6 9 4 8 2 1 5 10 3 7 
20180519829 5 10 4 6 3 7 1 9 2 8 
20180519830 8 1 9 5 7 2 3 6 10 4 
20180519831 3 1 6 10 8 4 9 5 2 7 
20180519832 10 1 3 9 7 8 2 5 4 6 
20180519833 10 8 1 2 5 7 6 3 4 9 
20180519834 2 1 10 6 8 3 5 7 9 4 
20180519835 2 9 3 1 4 7 6 10 8 5 
20180519836 1 5 3 6 4 10 2 8 7 9 
20180519837 10 6 3 4 5 2 9 7 8 1 
20180519838 4 7 6 2 5 3 9 1 8 10 
20180519839 2 3 9 5 7 8 6 1 4 10 
20180519840 9 2 8 4 3 7 1 10 5 6 
20180519841 4 7 9 8 3 2 1 6 5 10 
20180519842 6 9 8 5 7 2 4 10 1 3 
20180519843 8 1 5 6 4 2 3 9 7 10 
20180519844 7 6 4 8 3 1 2 10 5 9 
20180519845 7 6 1 2 3 5 4 8 10 9 
20180519846 7 4 10 8 6 3 2 9 5 1 
20180519847 9 3 5 2 7 4 1 10 8 6 
20180519848 1 6 2 4 10 5 7 3 8 9 
20180519849 3 5 7 1 6 8 2 4 10 9 
20180519850 3 5 2 8 1 10 4 6 9 7 
20180519851 8 9 4 5 10 1 6 7 2 3 
20180519852 5 7 1 8 9 2 10 6 4 3 
20180519853 8 7 6 3 9 2 4 5 10 1 
20180519854 9 8 1 10 5 2 7 4 6 3 
20180519855 7 4 5 3 9 10 8 1 6 2 
20180519856 8 5 3 9 2 6 10 4 1 7 
20180519857 10 7 1 9 6 3 2 8 4 5 
20180519858 8 1 3 5 7 2 9 6 4 10 
20180519859 5 3 10 2 4 7 8 6 9 1 
20180519860 3 6 9 2 4 8 10 7 5 1 
20180519861 8 1 2 5 6 4 7 10 9 3 
20180519862 9 5 1 10 7 3 2 6 8 4 
20180519863 5 8 2 6 10 9 7 3 4 1 
20180519864 9 6 2 3 8 7 5 10 4 1 
20180519865 8 5 4 10 9 6 7 3 1 2 
20180519866 5 3 4 7 1 8 10 9 6 2 
20180519867 7 6 4 3 5 2 10 1 9 8 
20180519868 6 5 4 3 8 10 7 1 2 9 
20180519869 1 7 6 9 2 8 4 10 5 3 
20180519870 10 4 3 1 5 6 8 9 7 2 
20180519871 10 9 7 5 6 2 8 1 4 3 
20180519872 8 2 3 7 5 4 9 1 6 10 
20180519873 4 3 10 6 8 5 9 1 7 2 
20180519874 5 1 10 2 8 6 3 7 4 9 
20180519875 3 7 4 9 5 10 8 2 1 6 
20180519876 3 10 6 9 1 2 7 5 8 4 
20180519877 8 9 2 5 7 1 4 10 3 6 
20180519878 1 4 5 3 8 6 2 9 10 7 
20180519879 10 4 5 3 2 1 7 9 8 6 
20180519880 7 3 4 5 2 8 10 6 1 9 
20180519881 4 2 8 5 6 3 9 10 1 7 
20180519882 3 4 1 9 5 8 10 2 7 6 
20180519883 4 7 6 1 9 8 10 2 5 3 
20180519884 8 1 7 3 5 10 4 2 9 6 
20180519885 6 2 5 4 9 8 3 10 1 7 
20180519886 4 8 7 6 10 3 2 1 9 5 
20180519887 7 6 2 4 8 5 3 9 10 1 
20180519888 5 4 6 9 10 8 3 2 1 7 
20180519889 2 3 8 4 7 1 9 10 6 5 
20180519890 4 9 5 6 7 1 8 2 10 3 
20180519891 2 8 10 9 6 3 5 7 1 4 
20180519892 5 2 6 1 10 4 8 3 7 9 
20180519893 6 7 9 1 3 10 2 4 5 8 
20180519894 8 7 6 9 1 4 10 3 2 5 
20180519895 4 7 6 10 5 2 1 8 9 3 
20180519896 1 2 5 8 6 4 7 9 10 3 
20180519897 7 1 2 9 8 6 10 4 5 3 
20180519898 5 8 2 10 6 3 9 1 4 7 
20180519899 6 1 9 10 3 2 8 7 5 4 
20180519900 8 5 3 2 7 9 10 1 4 6 
20180519901 3 8 1 4 5 9 10 2 6 7 
20180519902 1 8 9 3 10 2 4 5 6 7 
20180519903 3 5 10 1 4 9 6 8 7 2 
20180519904 3 2 6 9 4 7 8 10 1 5 
20180519905 4 10 6 5 3 8 7 9 1 2 
20180519906 4 10 8 7 3 1 5 9 6 2 
20180519907 5 6 2 1 7 4 3 9 10 8 
20180519908 10 7 2 9 5 1 6 8 4 3 
20180519909 4 6 10 8 7 5 1 3 2 9 
20180519910 1 3 9 7 4 5 6 8 10 2 
20180519911 4 2 10 1 5 3 7 6 9 8 
20180519912 4 7 6 8 10 3 9 5 2 1 
20180519913 5 3 10 9 6 7 8 4 2 1 
20180519914 2 6 3 1 4 5 8 10 9 7 
20180519915 8 10 7 6 1 2 4 3 9 5 
20180519916 1 2 7 4 5 6 10 3 9 8 
20180519917 10 9 1 7 6 4 8 3 5 2 
20180519918 6 3 7 2 4 5 1 9 8 10 
20180519919 4 1 10 6 7 3 9 5 2 8 
20180519920 10 9 2 5 7 1 6 3 8 4 
20180519921 6 8 3 7 4 2 10 1 9 5 
20180519922 3 8 5 7 1 4 6 10 9 2 
20180519923 2 6 10 1 9 5 4 8 3 7 
20180519924 1 9 4 3 7 10 6 5 8 2 
20180519925 3 6 9 1 5 7 10 4 2 8 
20180519926 1 2 10 7 9 3 4 6 5 8 
20180519927 8 3 4 9 5 6 2 10 7 1 
20180519928 10 4 3 2 7 9 6 1 8 5 
20180519929 6 3 10 2 7 9 4 8 5 1 
20180519930 3 10 4 9 2 5 7 8 6 1 
20180519931 10 6 7 5 8 9 2 1 3 4 
20180519932 10 8 1 2 5 9 3 6 7 4 
20180519933 8 4 2 5 3 9 10 1 6 7 
20180519934 2 1 3 8 5 7 4 6 9 10 
20180519935 4 2 1 6 3 8 10 5 7 9 
20180519936 5 3 8 7 6 1 4 2 9 10 
20180519937 8 9 4 7 10 6 5 2 3 1 
20180519938 3 9 6 5 10 7 2 8 4 1 
20180519939 4 7 1 2 3 5 6 8 9 10 
20180519940 2 7 6 1 5 9 3 8 10 4 
20180519941 3 10 5 4 2 9 7 8 1 6 
20180519942 8 3 2 4 5 1 10 6 7 9 
20180519943 6 9 3 8 1 2 7 5 10 4 
20180519944 7 5 6 1 8 9 4 10 2 3 
20180519945 6 3 1 8 10 2 9 7 4 5 
20180519946 4 8 7 1 2 10 6 9 5 3 
20180519947 2 3 9 4 7 10 6 5 1 8 
20180519948 5 8 3 7 10 9 4 1 2 6 
20180519949 8 9 1 4 3 5 7 2 10 6 
20180519950 10 7 1 4 5 2 3 9 8 6 
20180519951 1 8 3 10 5 6 2 7 9 4 
20180519952 6 1 4 8 9 10 3 2 5 7 
20180519953 10 2 4 5 8 6 7 3 1 9 
20180519954 2 1 6 10 8 9 5 3 7 4 
20180519955 8 2 4 1 9 10 5 3 6 7 
20180519956 8 10 6 5 9 2 3 4 1 7 
20180519957 8 7 3 4 10 1 2 9 6 5 
20180519958 6 3 2 10 7 9 1 4 8 5 
20180519959 9 5 10 1 4 3 8 7 6 2 
20180519960 7 2 1 4 5 3 9 6 10 8 
20180519961 7 10 9 1 4 6 8 2 5 3 
20180519962 2 8 9 3 4 10 7 5 1 6 
20180519963 2 8 9 5 10 3 1 4 6 7 
20180519964 1 6 2 3 8 10 7 9 5 4 
20180519965 5 8 1 7 10 4 6 3 9 2 
20180519966 10 4 1 3 8 5 2 7 6 9 
20180519967 4 2 5 1 10 9 3 7 6 8 
20180519968 7 10 8 5 9 6 1 2 4 3 
20180519969 5 2 9 7 3 10 6 8 1 4 
20180519970 10 1 5 8 4 7 3 9 2 6 
20180519971 4 2 8 5 9 1 7 3 6 10 
20180519972 3 8 2 5 4 1 7 9 10 6 
20180519973 1 10 4 2 9 5 7 6 3 8 
20180519974 5 7 10 1 8 3 4 9 6 2 
20180519975 4 3 6 1 9 7 5 8 2 10 
20180519976 1 10 6 7 2 9 5 4 3 8 
20180519977 10 1 9 2 4 6 7 8 5 3 
20180519978 2 3 5 7 8 6 4 9 1 10 
20180519979 2 8 4 9 5 1 10 6 7 3 
20180519980 8 9 7 2 4 3 10 6 5 1 
20180519981 3 2 10 6 9 5 4 1 7 8 
20180519982 9 5 6 2 10 1 8 7 4 3 
20180519983 4 8 2 1 3 10 9 6 7 5 
20180519984 9 6 2 7 1 8 5 4 10 3 
20180519985 8 7 6 5 3 9 1 4 10 2 
