20180517001 7 2 9 1 8 5 3 10 4 6 
20180517002 3 5 8 2 9 4 10 1 7 6 
20180517003 7 10 8 6 5 2 4 1 3 9 
20180517004 2 9 8 4 6 5 10 3 1 7 
20180517005 1 10 2 7 6 3 8 5 4 9 
20180517006 4 5 9 10 8 1 6 3 2 7 
20180517007 9 2 8 3 10 6 1 4 5 7 
20180517008 10 6 9 8 7 1 5 3 4 2 
20180517009 2 4 3 7 10 6 1 9 8 5 
20180517010 7 5 4 8 10 3 1 2 6 9 
20180517011 5 6 4 3 1 9 8 10 7 2 
20180517012 10 2 4 6 3 8 5 7 9 1 
20180517013 8 3 4 2 7 6 9 10 5 1 
20180517014 5 3 10 4 7 2 6 1 8 9 
20180517015 5 9 3 7 4 2 1 10 8 6 
20180517016 1 4 9 10 6 7 5 8 3 2 
20180517017 7 4 1 3 6 5 9 10 2 8 
20180517018 10 6 2 1 8 7 3 5 4 9 
20180517019 10 6 1 4 5 7 8 2 9 3 
20180517020 9 8 1 10 6 3 5 2 7 4 
20180517021 3 8 1 7 5 9 2 10 4 6 
20180517022 7 6 5 4 2 8 3 10 9 1 
20180517023 3 5 7 8 4 6 2 1 10 9 
20180517024 5 1 7 6 3 2 8 4 10 9 
20180517025 5 10 4 3 2 8 9 7 6 1 
20180517026 7 4 10 6 5 2 8 9 3 1 
20180517027 10 1 4 2 8 5 9 7 6 3 
20180517028 8 10 4 3 1 6 5 7 9 2 
20180517029 5 7 9 8 10 4 1 6 3 2 
20180517030 9 6 3 8 7 1 2 4 10 5 
20180517031 8 10 1 9 3 7 4 5 6 2 
20180517032 3 6 5 4 9 7 2 8 10 1 
20180517033 6 4 8 3 1 5 9 10 7 2 
20180517034 6 7 9 5 2 10 1 3 8 4 
20180517035 10 5 4 7 9 2 8 1 6 3 
20180517036 10 6 8 1 5 9 7 2 3 4 
20180517037 9 7 3 2 1 6 5 10 8 4 
20180517038 4 6 1 10 2 3 8 5 7 9 
20180517039 3 6 7 9 10 5 1 8 2 4 
20180517040 7 3 5 6 10 9 8 1 2 4 
20180517041 7 1 6 4 8 5 10 2 3 9 
20180517042 2 3 7 4 10 8 5 1 6 9 
20180517043 6 3 4 5 7 10 2 8 1 9 
20180517044 4 7 8 2 9 3 6 10 1 5 
20180517045 6 7 3 9 4 8 5 1 2 10 
20180517046 2 4 1 3 5 10 8 9 6 7 
20180517047 8 5 2 9 4 1 7 10 3 6 
20180517048 9 8 5 10 6 4 3 1 7 2 
20180517049 10 3 4 5 1 7 6 9 2 8 
20180517050 2 5 8 9 10 6 3 7 4 1 
20180517051 7 5 3 2 8 4 10 6 1 9 
20180517052 1 7 10 2 8 5 6 3 9 4 
20180517053 9 6 8 4 10 5 3 7 1 2 
20180517054 8 10 9 5 2 4 7 1 6 3 
20180517055 6 4 10 5 9 8 3 1 2 7 
20180517056 7 10 2 3 9 4 6 1 8 5 
20180517057 4 8 9 1 5 7 10 2 3 6 
20180517058 6 2 3 9 1 8 10 5 4 7 
20180517059 10 7 9 1 8 6 2 4 5 3 
20180517060 2 5 3 1 10 8 6 4 9 7 
20180517061 3 4 7 10 5 2 8 6 9 1 
20180517062 1 8 4 2 6 10 3 9 7 5 
20180517063 4 9 1 10 7 6 2 8 5 3 
20180517064 7 8 6 3 1 5 4 2 9 10 
20180517065 1 2 6 9 8 7 10 4 5 3 
20180517066 4 8 3 7 6 1 5 2 10 9 
20180517067 3 2 4 5 10 8 1 7 6 9 
20180517068 7 9 5 4 2 10 1 6 8 3 
20180517069 7 2 8 1 5 4 10 3 6 9 
20180517070 8 6 5 2 9 3 1 10 7 4 
20180517071 4 3 8 6 2 1 9 5 10 7 
20180517072 10 5 7 2 4 6 9 3 8 1 
20180517073 1 7 5 2 8 9 10 3 4 6 
20180517074 10 2 5 3 1 8 7 4 9 6 
20180517075 2 10 4 3 8 9 7 1 6 5 
20180517076 2 4 10 9 7 6 3 8 5 1 
20180517077 5 4 2 6 8 1 9 10 3 7 
20180517078 4 3 5 7 2 8 6 1 10 9 
20180517079 10 5 6 3 1 8 9 2 4 7 
20180517080 1 5 4 7 10 8 2 9 6 3 
20180517081 4 2 7 9 6 1 8 5 10 3 
20180517082 7 8 2 5 1 3 10 6 4 9 
20180517083 2 3 9 5 4 8 10 7 1 6 
20180517084 9 4 3 5 6 10 8 2 7 1 
20180517085 3 5 7 10 1 2 9 4 6 8 
20180517086 1 3 9 2 8 5 4 7 6 10 
20180517087 1 6 5 8 7 4 9 3 2 10 
20180517088 5 3 10 4 1 9 8 7 6 2 
20180517089 7 4 9 1 5 2 10 6 8 3 
20180517090 1 9 10 3 5 7 4 6 2 8 
20180517091 1 4 5 9 7 3 2 10 8 6 
20180517092 9 5 7 4 10 8 1 3 6 2 
20180517093 10 8 1 3 4 2 7 5 9 6 
20180517094 8 10 6 2 3 5 9 4 7 1 
20180517095 5 6 7 1 9 3 4 10 8 2 
20180517096 8 3 6 5 9 2 1 4 10 7 
20180517097 5 7 4 8 6 9 1 2 3 10 
20180517098 3 6 10 2 9 8 4 1 7 5 
20180517099 9 6 8 10 2 1 7 4 3 5 
20180517100 5 3 2 10 4 7 8 1 6 9 
20180517101 4 7 8 5 6 1 9 10 3 2 
20180517102 10 3 2 1 7 8 6 9 5 4 
20180517103 6 5 4 10 9 7 3 2 8 1 
20180517104 8 10 2 5 4 6 7 3 1 9 
20180517105 8 9 7 4 6 3 2 10 5 1 
20180517106 8 3 7 1 5 2 6 9 10 4 
20180517107 10 1 6 3 4 7 2 9 5 8 
20180517108 7 10 6 4 2 5 8 3 9 1 
20180517109 7 1 5 8 2 9 3 10 6 4 
20180517110 1 7 8 4 5 3 2 6 9 10 
20180517111 9 8 6 7 4 1 3 10 2 5 
20180517112 8 3 6 5 7 9 10 1 4 2 
20180517113 6 10 7 2 3 8 4 5 1 9 
20180517114 5 4 8 7 2 9 1 3 10 6 
20180517115 4 2 9 10 8 5 1 6 3 7 
20180517116 8 2 7 9 1 5 6 3 4 10 
20180517117 2 3 4 7 8 5 1 10 6 9 
20180517118 9 10 7 1 5 4 6 2 3 8 
20180517119 1 4 7 5 2 8 9 10 3 6 
20180517120 2 7 6 3 10 4 8 9 5 1 
20180517121 9 5 7 2 1 10 6 3 4 8 
20180517122 5 3 8 1 4 9 2 7 6 10 
20180517123 7 1 5 9 2 3 8 6 4 10 
20180517124 3 8 10 4 1 9 5 2 6 7 
20180517125 4 7 10 6 5 2 8 3 1 9 
20180517126 2 1 5 3 7 4 10 9 6 8 
20180517127 1 6 4 5 8 7 2 10 9 3 
20180517128 10 6 3 1 2 9 4 8 7 5 
20180517129 5 4 3 9 2 8 7 10 6 1 
20180517130 6 7 10 5 2 3 1 9 8 4 
20180517131 6 7 4 5 1 2 9 8 3 10 
20180517132 4 10 2 8 3 6 7 9 1 5 
20180517133 8 1 6 10 4 9 5 7 2 3 
20180517134 10 8 6 9 1 3 7 4 5 2 
20180517135 5 1 7 3 6 2 10 8 4 9 
20180517136 2 6 1 9 10 3 5 8 7 4 
20180517137 9 8 6 10 4 3 5 2 7 1 
20180517138 2 9 7 6 4 10 8 5 1 3 
20180517139 5 7 1 8 10 4 3 9 6 2 
20180517140 10 2 4 6 5 9 3 1 8 7 
20180517141 8 1 5 3 10 4 2 9 7 6 
20180517142 5 3 10 2 1 4 8 9 7 6 
20180517143 8 7 1 2 10 3 9 5 4 6 
20180517144 4 10 2 8 6 7 9 5 3 1 
20180517145 4 1 7 2 5 9 8 3 6 10 
20180517146 2 9 1 5 10 3 7 4 6 8 
20180517147 7 9 2 1 3 5 4 8 10 6 
20180517148 7 4 6 9 10 2 5 1 8 3 
20180517149 2 3 6 7 1 9 5 4 10 8 
20180517150 2 4 8 3 1 9 7 6 5 10 
20180517151 3 1 5 2 10 9 4 7 6 8 
20180517152 1 9 8 6 2 3 10 5 4 7 
20180517153 5 8 3 7 10 4 6 2 1 9 
20180517154 8 6 1 2 3 9 10 5 7 4 
20180517155 2 10 8 1 4 3 7 5 9 6 
20180517156 9 8 7 5 6 10 1 3 2 4 
20180517157 8 5 6 7 3 9 1 2 10 4 
20180517158 8 4 6 7 9 3 5 10 1 2 
20180517159 1 10 5 6 4 9 2 7 8 3 
20180517160 7 9 4 2 5 10 8 3 1 6 
20180517161 4 5 7 9 2 3 10 8 6 1 
20180517162 4 7 9 6 2 8 3 5 10 1 
20180517163 9 2 8 5 6 1 7 3 4 10 
20180517164 2 6 8 3 4 9 1 10 5 7 
20180517165 2 10 6 1 7 5 8 3 4 9 
20180517166 4 10 5 7 1 6 8 3 2 9 
20180517167 8 2 7 9 1 4 3 10 5 6 
20180517168 6 9 5 7 3 1 10 2 4 8 
20180517169 8 5 4 3 1 9 10 7 2 6 
20180517170 1 7 5 10 8 6 3 2 4 9 
20180517171 6 7 4 1 10 2 3 8 9 5 
20180517172 10 4 2 8 5 9 6 1 3 7 
20180517173 2 8 6 4 1 9 5 7 3 10 
20180517174 6 5 8 3 4 10 1 9 7 2 
20180517175 8 1 4 6 7 9 3 5 10 2 
20180517176 5 8 4 6 3 10 1 2 9 7 
20180517177 6 5 1 2 4 9 3 10 8 7 
20180517178 6 9 1 10 3 5 4 8 7 2 
20180517179 8 2 7 6 9 4 1 10 3 5 
20180517180 10 7 2 1 9 8 3 6 4 5 
20180517181 1 3 6 5 2 8 4 10 9 7 
20180517182 6 9 7 3 8 2 4 1 10 5 
20180517183 10 2 5 1 3 7 4 9 6 8 
20180517184 5 6 7 3 8 4 9 10 2 1 
20180517185 8 5 3 7 1 2 4 6 10 9 
20180517186 1 8 7 2 3 6 10 5 9 4 
20180517187 8 5 7 10 6 9 3 1 4 2 
20180517188 9 6 2 7 4 8 10 3 5 1 
20180517189 6 3 7 4 8 9 10 5 1 2 
20180517190 3 8 9 6 2 7 1 5 10 4 
20180517191 5 9 6 1 3 8 4 7 10 2 
20180517192 10 3 7 4 2 6 1 8 5 9 
20180517193 1 9 7 8 3 4 5 2 6 10 
20180517194 3 6 10 7 1 5 2 8 9 4 
20180517195 1 8 2 5 10 7 9 3 4 6 
20180517196 2 1 8 6 7 3 4 10 5 9 
20180517197 9 3 10 6 5 2 7 4 1 8 
20180517198 2 4 10 8 7 6 9 5 3 1 
20180517199 6 7 5 3 9 2 1 8 4 10 
20180517200 2 10 6 4 3 5 7 9 8 1 
20180517201 2 3 1 4 8 10 9 7 5 6 
20180517202 5 6 10 2 1 7 8 4 9 3 
20180517203 8 7 3 5 4 1 10 2 9 6 
20180517204 2 7 9 4 10 3 1 8 6 5 
20180517205 8 6 1 5 2 10 9 7 3 4 
20180517206 5 1 9 6 7 10 2 4 8 3 
20180517207 2 5 4 3 9 6 7 1 8 10 
20180517208 1 6 4 3 9 2 5 10 7 8 
20180517209 1 8 2 4 3 6 9 10 7 5 
20180517210 9 4 10 6 3 8 1 5 7 2 
20180517211 9 7 1 8 10 4 5 6 2 3 
20180517212 2 3 7 5 8 10 4 1 6 9 
20180517213 9 1 2 7 6 4 5 10 3 8 
20180517214 9 2 7 3 6 1 8 5 10 4 
20180517215 10 8 6 7 3 9 1 4 5 2 
20180517216 1 7 10 3 8 5 9 6 2 4 
20180517217 1 8 3 9 2 10 7 4 6 5 
20180517218 7 4 6 1 9 10 3 2 5 8 
20180517219 10 5 4 1 9 7 6 2 3 8 
20180517220 8 6 9 1 3 5 2 4 10 7 
20180517221 4 6 1 10 8 3 5 7 2 9 
20180517222 10 7 8 4 1 9 2 6 3 5 
20180517223 8 10 9 1 4 3 6 2 7 5 
20180517224 4 1 6 7 3 8 2 10 5 9 
20180517225 5 1 10 4 3 9 8 6 2 7 
20180517226 2 3 10 4 5 7 8 6 9 1 
20180517227 2 9 3 5 8 10 6 7 4 1 
20180517228 5 2 10 6 3 7 1 9 4 8 
20180517229 7 4 5 10 1 6 8 2 3 9 
20180517230 5 2 3 8 1 9 10 6 7 4 
20180517231 2 9 8 3 5 6 10 4 1 7 
20180517232 1 10 9 8 5 2 3 7 6 4 
20180517233 1 10 9 6 7 2 8 4 5 3 
20180517234 9 4 10 1 2 8 6 5 7 3 
20180517235 4 10 2 1 5 9 3 6 8 7 
20180517236 5 9 4 1 10 2 6 8 3 7 
20180517237 5 4 8 3 9 6 10 2 1 7 
20180517238 9 10 5 4 8 1 2 3 6 7 
20180517239 1 7 6 5 9 2 4 8 3 10 
20180517240 10 1 3 8 9 4 6 2 5 7 
20180517241 4 9 8 6 7 1 3 2 10 5 
20180517242 4 8 3 10 6 1 9 7 2 5 
20180517243 3 4 1 10 8 6 5 2 7 9 
20180517244 1 8 9 7 3 4 10 2 5 6 
20180517245 6 10 2 5 9 1 8 7 3 4 
20180517246 5 1 9 3 8 7 2 6 4 10 
20180517247 9 6 1 4 8 3 5 10 7 2 
20180517248 7 1 8 6 2 4 10 3 5 9 
20180517249 4 7 9 1 5 6 10 8 3 2 
20180517250 7 6 4 1 5 8 3 2 9 10 
20180517251 2 8 6 4 9 5 10 7 3 1 
20180517252 2 1 9 3 7 10 8 4 6 5 
20180517253 9 2 3 5 4 8 10 1 7 6 
20180517254 5 2 4 6 3 10 7 9 8 1 
20180517255 10 8 6 5 9 7 3 2 4 1 
20180517256 1 4 5 7 6 10 3 9 8 2 
20180517257 4 5 9 10 7 3 8 6 2 1 
20180517258 5 2 4 8 10 9 3 6 7 1 
20180517259 5 1 8 6 3 2 7 10 9 4 
20180517260 1 7 6 5 9 4 8 2 3 10 
20180517261 3 4 7 5 2 9 1 8 6 10 
20180517262 5 3 1 6 7 2 10 8 9 4 
20180517263 3 2 5 9 1 6 8 10 7 4 
20180517264 1 7 5 4 10 6 3 8 9 2 
20180517265 6 2 5 8 1 7 4 9 3 10 
20180517266 4 6 1 5 7 9 2 10 8 3 
20180517267 7 4 6 9 8 3 2 10 5 1 
20180517268 5 10 3 8 9 4 2 7 1 6 
20180517269 2 10 7 1 6 5 4 9 3 8 
20180517270 4 8 9 6 1 10 7 3 5 2 
20180517271 5 2 3 7 4 1 6 10 9 8 
20180517272 7 2 8 10 4 6 1 5 9 3 
20180517273 10 2 4 3 6 7 8 1 9 5 
20180517274 10 1 5 3 2 8 7 4 6 9 
20180517275 8 1 3 4 6 5 10 9 7 2 
20180517276 9 5 6 10 1 7 8 2 3 4 
20180517277 2 3 5 10 6 4 8 7 9 1 
20180517278 8 6 5 1 3 2 9 7 4 10 
20180517279 6 1 8 2 7 4 3 5 9 10 
20180517280 3 5 7 4 6 8 10 1 2 9 
20180517281 8 2 4 3 1 9 7 10 6 5 
20180517282 7 10 1 4 2 6 9 3 5 8 
20180517283 1 6 8 2 7 10 5 9 4 3 
20180517284 10 1 4 9 7 3 5 2 8 6 
20180517285 5 8 10 6 2 9 4 7 1 3 
20180517286 8 9 1 6 2 5 10 7 3 4 
20180517287 10 3 2 7 1 4 9 8 5 6 
20180517288 6 10 4 1 5 9 8 7 2 3 
20180517289 1 8 3 5 9 10 6 7 2 4 
20180517290 9 10 3 8 2 5 4 6 1 7 
20180517291 7 8 3 2 5 10 6 1 4 9 
20180517292 6 10 8 2 3 7 9 5 4 1 
20180517293 8 6 10 4 3 1 9 5 7 2 
20180517294 5 4 6 8 10 3 2 9 1 7 
20180517295 10 9 6 2 7 5 3 1 8 4 
20180517296 4 9 1 8 3 2 10 5 6 7 
20180517297 6 7 3 1 9 4 10 8 2 5 
20180517298 3 8 5 10 6 1 2 9 7 4 
20180517299 8 9 5 6 3 7 4 2 1 10 
20180517300 5 3 4 2 6 9 7 10 1 8 
20180517301 2 4 5 8 9 3 6 7 1 10 
20180517302 4 3 6 8 5 1 2 9 7 10 
20180517303 9 4 5 8 6 10 3 1 2 7 
20180517304 1 10 3 8 5 6 7 4 9 2 
20180517305 2 7 1 4 3 10 6 5 8 9 
20180517306 1 6 7 3 2 10 8 5 4 9 
20180517307 5 4 2 7 3 6 10 1 8 9 
20180517308 1 3 8 5 6 9 7 10 4 2 
20180517309 10 3 8 2 9 5 4 1 7 6 
20180517310 6 3 4 9 1 7 10 8 5 2 
20180517311 8 9 7 10 6 2 1 3 5 4 
20180517312 1 6 2 5 7 10 4 9 8 3 
20180517313 3 7 4 2 6 8 5 1 10 9 
20180517314 9 3 6 7 8 1 2 10 4 5 
20180517315 5 9 7 4 6 8 10 2 3 1 
20180517316 10 9 8 7 1 3 5 4 2 6 
20180517317 4 9 10 1 7 3 8 6 5 2 
20180517318 1 10 2 7 9 4 6 3 8 5 
20180517319 10 5 7 6 1 9 2 4 3 8 
20180517320 9 6 10 5 7 1 3 2 8 4 
20180517321 1 10 3 7 9 6 4 2 5 8 
20180517322 1 2 10 9 7 3 5 4 8 6 
20180517323 1 7 6 8 4 2 5 9 10 3 
20180517324 5 8 7 3 2 9 1 10 6 4 
20180517325 2 9 1 5 8 3 10 6 4 7 
20180517326 8 5 2 10 1 7 6 3 4 9 
20180517327 6 8 3 2 7 1 10 4 5 9 
20180517328 5 1 8 9 3 4 2 6 7 10 
20180517329 6 1 2 9 8 4 3 7 10 5 
20180517330 5 9 1 2 10 8 3 6 7 4 
20180517331 2 1 9 3 5 4 7 10 8 6 
20180517332 1 7 6 4 8 9 5 3 2 10 
20180517333 2 5 6 8 4 7 9 1 3 10 
20180517334 2 10 3 6 8 4 5 9 1 7 
20180517335 4 6 1 10 9 8 7 5 2 3 
20180517336 3 9 5 6 8 2 7 10 1 4 
20180517337 7 5 6 2 10 3 8 1 4 9 
20180517338 10 7 1 6 3 4 9 8 5 2 
20180517339 7 4 10 1 6 8 9 5 3 2 
20180517340 5 9 3 2 10 4 8 6 7 1 
20180517341 4 5 8 6 2 10 7 3 9 1 
20180517342 5 6 10 2 1 4 8 7 9 3 
20180517343 2 3 5 1 10 9 7 4 8 6 
20180517344 6 5 2 10 1 3 9 8 7 4 
20180517345 4 6 5 8 3 7 10 9 2 1 
20180517346 5 2 1 4 10 6 3 8 9 7 
20180517347 10 6 9 5 4 7 2 8 1 3 
20180517348 10 3 4 6 5 8 1 9 7 2 
20180517349 7 1 5 2 9 6 4 3 8 10 
20180517350 1 2 3 9 8 6 4 10 7 5 
20180517351 4 6 7 1 10 8 3 9 5 2 
20180517352 5 6 8 1 10 7 2 4 9 3 
20180517353 10 5 7 9 8 6 3 4 1 2 
20180517354 1 8 10 7 3 4 5 9 6 2 
20180517355 7 3 5 2 9 6 1 8 10 4 
20180517356 7 5 4 8 1 6 3 9 2 10 
20180517357 1 2 3 7 10 5 9 4 8 6 
20180517358 9 5 10 2 3 4 7 8 1 6 
20180517359 10 9 5 8 6 3 7 2 1 4 
20180517360 4 7 8 2 3 9 1 6 5 10 
20180517361 3 9 1 5 8 4 7 10 6 2 
20180517362 5 7 8 2 1 3 6 9 10 4 
20180517363 10 9 7 8 6 3 5 2 1 4 
20180517364 4 3 5 6 10 2 1 8 9 7 
20180517365 7 4 9 5 3 8 6 10 1 2 
20180517366 8 2 9 6 4 1 3 7 5 10 
20180517367 4 6 7 5 9 8 3 2 1 10 
20180517368 9 2 4 5 7 6 3 10 8 1 
20180517369 4 8 6 9 5 2 7 10 3 1 
20180517370 5 8 2 4 1 3 9 6 7 10 
20180517371 4 2 6 8 1 3 10 7 5 9 
20180517372 1 5 4 9 8 3 6 2 7 10 
20180517373 8 3 2 7 1 5 6 4 10 9 
20180517374 9 6 4 10 2 7 3 5 8 1 
20180517375 6 4 9 1 7 2 10 8 5 3 
20180517376 3 9 7 1 2 4 10 8 6 5 
20180517377 2 5 3 8 7 6 10 9 4 1 
20180517378 7 9 8 2 6 4 1 10 5 3 
20180517379 10 2 5 8 6 3 9 7 4 1 
20180517380 6 10 5 9 7 1 2 8 4 3 
20180517381 6 1 8 2 4 9 7 5 10 3 
20180517382 9 8 1 2 5 4 7 6 3 10 
20180517383 9 4 5 8 1 2 7 3 6 10 
20180517384 2 6 5 7 8 3 10 9 4 1 
20180517385 6 1 4 5 7 10 9 3 8 2 
20180517386 7 3 6 8 9 5 1 10 4 2 
20180517387 7 2 5 4 3 8 9 10 6 1 
20180517388 9 6 2 10 3 4 7 1 5 8 
20180517389 1 4 10 2 3 9 6 8 5 7 
20180517390 2 7 5 10 8 9 3 1 4 6 
20180517391 4 9 1 6 7 8 2 5 10 3 
20180517392 6 8 1 5 7 4 10 9 3 2 
20180517393 3 2 7 6 8 10 4 1 9 5 
20180517394 6 9 8 5 4 7 1 10 3 2 
20180517395 2 3 10 4 8 5 6 1 7 9 
20180517396 6 10 7 8 1 3 4 9 2 5 
20180517397 6 4 7 10 9 3 1 5 8 2 
20180517398 1 2 4 7 6 3 8 9 5 10 
20180517399 3 10 1 9 4 2 8 7 6 5 
20180517400 1 3 2 6 4 7 5 8 10 9 
20180517401 3 9 1 6 8 10 4 2 5 7 
20180517402 5 9 7 8 2 4 3 6 10 1 
20180517403 9 10 1 2 5 7 6 3 4 8 
20180517404 3 2 4 1 10 9 5 6 8 7 
20180517405 6 7 3 1 2 9 8 5 10 4 
20180517406 9 10 8 5 4 7 3 1 6 2 
20180517407 4 8 10 5 9 7 3 6 2 1 
20180517408 4 1 10 8 2 6 9 3 5 7 
20180517409 4 3 2 9 6 5 1 10 7 8 
20180517410 2 5 7 6 4 3 1 10 8 9 
20180517411 8 3 7 1 6 2 5 9 4 10 
20180517412 8 10 6 4 7 3 2 1 9 5 
20180517413 1 8 5 4 6 7 2 9 3 10 
20180517414 7 1 3 4 8 10 6 9 5 2 
20180517415 5 4 10 7 9 1 3 6 2 8 
20180517416 5 6 2 1 3 7 4 8 10 9 
20180517417 5 1 3 7 2 6 10 8 4 9 
20180517418 3 4 9 5 8 7 6 1 10 2 
20180517419 2 9 10 6 7 8 1 4 5 3 
20180517420 4 2 8 6 3 10 9 1 7 5 
20180517421 8 6 1 2 3 4 9 10 5 7 
20180517422 3 6 9 4 5 1 2 7 8 10 
20180517423 10 9 4 8 7 6 5 1 2 3 
20180517424 4 9 2 3 1 8 7 10 5 6 
20180517425 4 1 6 8 9 10 7 3 2 5 
20180517426 8 9 3 2 10 1 6 5 7 4 
20180517427 2 8 6 3 4 9 7 5 1 10 
20180517428 6 8 5 2 4 7 9 10 1 3 
20180517429 2 1 4 8 3 10 6 7 5 9 
20180517430 6 7 2 1 8 10 9 4 5 3 
20180517431 10 6 5 8 3 9 4 7 2 1 
20180517432 9 4 1 7 2 10 6 3 5 8 
20180517433 7 10 6 4 9 1 2 8 5 3 
20180517434 3 10 4 6 1 5 8 9 7 2 
20180517435 10 3 8 5 1 7 9 6 4 2 
20180517436 8 2 9 1 5 4 6 3 7 10 
20180517437 9 4 5 8 2 7 3 10 6 1 
20180517438 7 8 1 6 9 2 3 4 10 5 
20180517439 8 1 9 2 3 5 10 6 7 4 
20180517440 4 9 5 6 1 10 3 8 2 7 
20180517441 7 1 10 9 3 6 4 2 8 5 
20180517442 5 9 7 3 8 4 1 10 2 6 
20180517443 6 1 9 3 2 7 10 4 8 5 
20180517444 5 1 8 10 7 6 4 2 3 9 
20180517445 8 1 10 5 4 2 9 6 3 7 
20180517446 9 2 8 7 5 1 10 4 3 6 
20180517447 7 1 9 3 8 2 4 5 6 10 
20180517448 5 10 2 1 9 6 4 8 7 3 
20180517449 6 10 2 3 1 4 8 7 5 9 
20180517450 8 7 6 2 5 4 10 9 3 1 
20180517451 10 5 8 3 6 2 9 7 4 1 
20180517452 7 5 6 10 4 1 3 2 9 8 
20180517453 8 7 2 1 9 6 5 3 10 4 
20180517454 2 10 5 3 9 1 4 6 7 8 
20180517455 8 3 4 5 9 6 10 7 2 1 
20180517456 5 10 9 2 1 7 3 4 6 8 
20180517457 8 9 10 2 7 6 4 1 3 5 
20180517458 6 4 9 2 5 1 3 8 7 10 
20180517459 6 1 3 10 2 7 5 4 9 8 
20180517460 5 9 1 2 7 6 4 3 8 10 
20180517461 8 10 2 6 3 7 9 1 5 4 
20180517462 7 2 3 10 5 4 6 1 8 9 
20180517463 5 10 3 7 8 2 4 1 6 9 
20180517464 10 7 5 1 6 3 4 8 9 2 
20180517465 7 9 1 6 3 2 8 5 10 4 
20180517466 4 7 3 2 6 1 5 8 10 9 
20180517467 2 3 1 4 9 7 5 6 8 10 
20180517468 3 4 7 6 9 1 2 8 10 5 
20180517469 1 3 8 7 5 4 6 9 10 2 
20180517470 2 10 5 7 4 1 9 3 8 6 
20180517471 5 10 3 6 1 4 8 7 2 9 
20180517472 8 4 6 9 1 5 10 7 2 3 
20180517473 4 2 3 9 6 1 10 7 5 8 
20180517474 4 8 6 10 9 2 7 3 5 1 
20180517475 2 9 7 8 4 3 1 5 10 6 
20180517476 5 4 3 7 1 9 2 8 10 6 
20180517477 2 9 1 4 10 5 6 3 8 7 
20180517478 9 5 10 1 2 4 6 3 8 7 
20180517479 4 6 5 9 8 2 10 3 1 7 
20180517480 7 3 4 8 6 10 1 9 5 2 
20180517481 3 8 2 9 7 6 4 10 5 1 
20180517482 8 10 4 7 9 2 3 1 6 5 
20180517483 6 8 5 10 2 1 7 4 3 9 
20180517484 1 8 10 5 3 6 4 7 9 2 
20180517485 2 10 9 3 5 4 8 6 1 7 
20180517486 1 6 7 4 9 2 5 3 10 8 
20180517487 6 4 7 1 10 8 3 2 9 5 
20180517488 10 8 9 7 6 3 2 4 5 1 
20180517489 4 2 3 8 9 10 7 6 5 1 
20180517490 5 8 7 2 1 10 4 6 3 9 
20180517491 2 5 1 6 7 8 4 9 10 3 
20180517492 8 5 3 9 6 10 7 2 1 4 
20180517493 8 2 6 9 7 1 10 5 4 3 
20180517494 3 2 9 10 7 1 4 5 6 8 
20180517495 9 2 8 5 6 3 7 1 4 10 
20180517496 9 8 2 5 6 4 3 10 7 1 
20180517497 9 4 1 10 5 2 7 8 3 6 
20180517498 4 6 10 1 9 5 3 7 8 2 
20180517499 8 9 1 10 4 5 6 2 3 7 
20180517500 3 7 10 2 5 8 1 6 4 9 
20180517501 3 6 4 7 10 1 9 2 5 8 
20180517502 6 7 4 2 1 9 5 8 10 3 
20180517503 3 4 5 10 8 6 7 9 1 2 
20180517504 9 3 10 2 1 5 6 4 8 7 
20180517505 1 5 8 10 6 9 3 4 7 2 
20180517506 5 6 4 8 1 7 10 3 2 9 
20180517507 1 8 10 4 3 7 5 2 6 9 
20180517508 7 1 6 9 2 5 8 4 3 10 
20180517509 6 10 5 1 2 4 3 9 7 8 
20180517510 7 6 3 10 2 1 9 8 5 4 
20180517511 8 2 10 5 1 3 9 4 7 6 
20180517512 10 8 3 2 1 6 9 7 5 4 
20180517513 6 7 5 1 2 9 3 10 8 4 
20180517514 2 8 9 4 3 5 6 7 1 10 
20180517515 9 2 5 7 1 3 8 6 4 10 
20180517516 7 1 4 5 6 3 10 8 2 9 
20180517517 7 5 8 10 4 2 3 6 9 1 
20180517518 9 10 8 4 6 1 7 2 5 3 
20180517519 10 6 1 5 2 8 4 7 3 9 
20180517520 4 9 5 10 3 1 6 2 8 7 
20180517521 7 10 6 3 1 8 2 4 5 9 
20180517522 7 1 5 4 8 9 10 3 2 6 
20180517523 2 1 9 3 7 10 4 5 6 8 
20180517524 7 8 2 5 6 4 1 10 9 3 
20180517525 1 2 6 8 9 5 7 4 3 10 
20180517526 3 5 6 2 7 1 9 8 10 4 
20180517527 10 8 9 5 4 6 2 7 3 1 
20180517528 8 7 1 10 9 3 6 4 5 2 
20180517529 8 6 10 5 1 7 2 4 9 3 
20180517530 4 5 10 7 3 8 9 6 2 1 
20180517531 8 2 4 9 10 3 1 6 7 5 
20180517532 6 9 1 4 8 5 7 2 10 3 
20180517533 10 8 5 4 9 1 6 3 2 7 
20180517534 2 9 5 6 7 10 1 8 3 4 
20180517535 3 6 4 7 1 10 2 8 5 9 
20180517536 9 4 2 1 5 3 6 8 10 7 
20180517537 7 4 3 2 5 8 9 10 1 6 
20180517538 10 2 6 4 8 9 5 3 1 7 
20180517539 10 3 2 9 7 8 6 1 5 4 
20180517540 3 1 4 6 10 8 2 5 7 9 
20180517541 5 3 6 8 9 10 1 4 2 7 
20180517542 1 3 9 8 10 4 2 6 5 7 
20180517543 3 10 6 2 1 5 9 4 7 8 
20180517544 7 5 8 1 10 6 9 3 2 4 
20180517545 9 2 10 4 3 5 1 6 7 8 
20180517546 7 8 9 3 10 5 2 1 6 4 
20180517547 8 10 4 1 9 7 6 5 3 2 
20180517548 6 9 1 2 8 3 10 4 7 5 
20180517549 10 8 7 6 5 1 3 9 4 2 
20180517550 4 2 9 6 8 1 5 3 7 10 
20180517551 9 2 4 8 5 10 6 7 3 1 
20180517552 4 5 2 6 8 3 9 7 10 1 
20180517553 8 4 6 9 1 3 10 2 7 5 
20180517554 3 10 9 8 6 2 1 4 7 5 
20180517555 5 6 4 10 8 9 3 1 7 2 
20180517556 6 1 9 5 2 3 7 10 8 4 
20180517557 5 1 8 3 6 2 7 4 10 9 
20180517558 5 7 4 1 3 2 8 10 6 9 
20180517559 6 8 1 9 10 2 5 3 7 4 
20180517560 6 7 2 3 8 5 10 1 9 4 
20180517561 4 3 8 2 1 10 7 5 9 6 
20180517562 5 10 2 6 7 8 9 3 4 1 
20180517563 1 3 2 7 10 9 4 8 5 6 
20180517564 3 7 8 4 6 2 1 10 5 9 
20180517565 4 2 6 9 8 7 3 1 10 5 
20180517566 8 10 3 2 9 5 7 1 6 4 
20180517567 5 9 7 6 10 1 8 3 4 2 
20180517568 8 6 2 5 7 10 1 3 4 9 
20180517569 3 6 5 2 8 1 10 9 7 4 
20180517570 10 6 8 2 3 7 4 1 9 5 
20180517571 1 4 6 5 7 10 8 2 9 3 
20180517572 9 6 7 5 10 1 3 8 2 4 
20180517573 6 5 7 2 4 9 8 1 3 10 
20180517574 9 10 7 8 3 2 1 6 5 4 
20180517575 8 1 4 5 2 10 3 7 6 9 
20180517576 2 7 1 10 3 6 4 8 9 5 
20180517577 9 4 3 10 5 6 7 1 8 2 
20180517578 10 4 1 3 6 8 7 5 9 2 
20180517579 4 3 9 5 10 2 6 7 8 1 
20180517580 7 4 8 6 1 5 9 2 10 3 
20180517581 9 8 3 7 10 4 2 5 6 1 
20180517582 4 9 8 3 1 2 7 5 6 10 
20180517583 2 7 1 10 5 6 4 9 8 3 
20180517584 6 8 7 4 2 1 9 3 10 5 
20180517585 10 9 2 4 7 5 1 6 3 8 
20180517586 10 1 2 8 3 6 9 4 7 5 
20180517587 4 8 9 1 10 6 2 7 5 3 
20180517588 3 9 1 6 7 10 8 5 2 4 
20180517589 4 5 6 7 9 3 8 2 10 1 
20180517590 5 6 9 1 10 8 2 4 3 7 
20180517591 8 9 5 10 6 7 1 2 3 4 
20180517592 8 5 9 3 6 7 4 1 2 10 
20180517593 10 9 3 6 4 5 7 1 8 2 
20180517594 2 4 6 5 10 8 1 9 7 3 
20180517595 4 7 10 6 8 1 9 5 2 3 
20180517596 4 5 2 3 10 1 8 7 9 6 
20180517597 4 7 9 2 1 10 8 3 5 6 
20180517598 5 10 9 1 7 4 6 8 3 2 
20180517599 7 1 2 10 9 5 6 8 4 3 
20180517600 6 7 4 10 2 5 1 8 9 3 
20180517601 4 6 10 8 5 3 1 7 9 2 
20180517602 7 8 2 1 5 3 10 4 9 6 
20180517603 3 1 6 10 7 5 2 9 4 8 
20180517604 1 2 5 8 7 9 4 10 3 6 
20180517605 5 2 7 1 6 9 10 3 4 8 
20180517606 4 5 7 1 9 10 2 8 6 3 
20180517607 10 1 4 7 3 2 9 6 5 8 
20180517608 10 3 5 8 9 2 6 1 7 4 
20180517609 3 2 7 1 8 9 4 10 6 5 
20180517610 8 10 7 2 6 9 5 1 3 4 
20180517611 9 8 5 4 1 6 10 3 2 7 
20180517612 9 10 8 3 7 5 4 6 1 2 
20180517613 7 3 10 1 2 5 9 6 8 4 
20180517614 3 5 6 1 4 10 2 8 9 7 
20180517615 10 3 5 2 1 9 6 4 8 7 
20180517616 5 2 3 1 8 9 6 7 4 10 
20180517617 5 9 3 8 6 1 2 4 10 7 
20180517618 5 2 9 6 7 4 1 8 3 10 
20180517619 5 1 7 3 9 10 4 6 2 8 
20180517620 5 10 3 2 1 4 7 9 8 6 
20180517621 6 5 4 3 2 7 9 8 1 10 
20180517622 7 3 6 2 10 8 9 4 1 5 
20180517623 3 8 6 7 10 4 1 9 2 5 
20180517624 5 4 2 3 9 7 1 10 6 8 
20180517625 8 3 9 1 10 6 5 7 4 2 
20180517626 8 9 5 3 2 6 7 1 10 4 
20180517627 2 7 10 8 1 4 5 6 9 3 
20180517628 10 6 4 1 3 8 9 7 2 5 
20180517629 3 10 2 7 6 8 9 5 4 1 
20180517630 1 8 3 4 10 7 2 6 9 5 
20180517631 6 3 5 2 9 8 7 10 4 1 
20180517632 8 3 5 1 7 6 10 2 9 4 
20180517633 2 10 4 3 7 5 1 8 9 6 
20180517634 8 4 1 2 3 10 5 6 9 7 
20180517635 10 4 7 3 6 2 9 8 5 1 
20180517636 9 10 4 8 2 3 1 5 6 7 
20180517637 5 3 8 10 2 9 6 1 7 4 
20180517638 7 1 6 2 10 9 5 8 3 4 
20180517639 10 7 3 9 8 2 1 4 6 5 
20180517640 8 1 3 5 7 2 10 6 9 4 
20180517641 8 1 2 5 6 7 10 4 9 3 
20180517642 5 3 1 6 4 8 7 10 9 2 
20180517643 4 3 2 5 10 7 9 1 8 6 
20180517644 3 5 2 7 10 1 9 4 8 6 
20180517645 5 1 3 6 7 4 8 10 2 9 
20180517646 4 3 1 9 6 7 5 8 2 10 
20180517647 6 8 1 9 3 4 10 5 7 2 
20180517648 4 3 7 6 2 5 8 10 1 9 
20180517649 10 5 8 3 4 1 7 6 2 9 
20180517650 6 9 10 7 4 8 2 3 5 1 
20180517651 9 7 10 1 3 6 5 8 4 2 
20180517652 8 5 6 7 9 1 3 2 10 4 
20180517653 9 8 7 4 6 1 5 10 2 3 
20180517654 2 3 10 4 1 7 9 6 5 8 
20180517655 5 1 7 3 6 4 10 8 2 9 
20180517656 1 2 8 9 7 3 6 4 10 5 
20180517657 9 2 6 4 10 5 1 7 8 3 
20180517658 8 2 1 10 9 3 4 6 7 5 
20180517659 6 5 8 2 1 7 4 9 3 10 
20180517660 4 2 10 8 5 9 7 6 1 3 
20180517661 7 5 1 4 9 3 8 2 10 6 
20180517662 5 7 1 4 6 2 10 9 8 3 
20180517663 9 1 8 2 5 3 4 10 7 6 
20180517664 8 3 5 1 2 9 10 4 7 6 
20180517665 9 7 5 1 6 3 10 8 2 4 
20180517666 6 2 3 8 4 10 9 5 7 1 
20180517667 1 10 4 3 5 6 7 2 9 8 
20180517668 8 4 9 6 5 2 7 10 1 3 
20180517669 2 10 3 8 6 4 7 1 5 9 
20180517670 3 5 4 10 7 8 2 6 1 9 
20180517671 6 3 1 7 9 5 8 4 10 2 
20180517672 9 5 4 10 7 8 1 6 2 3 
20180517673 4 8 10 9 2 3 1 5 7 6 
20180517674 7 1 10 8 2 6 3 9 4 5 
20180517675 1 6 8 7 2 5 3 9 4 10 
20180517676 6 2 4 10 3 5 8 1 9 7 
20180517677 5 3 9 8 7 2 1 6 10 4 
20180517678 5 10 6 3 1 7 2 4 9 8 
20180517679 1 9 2 10 4 5 6 8 7 3 
20180517680 9 3 7 10 2 8 1 4 5 6 
20180517681 10 1 5 9 7 8 3 6 4 2 
20180517682 2 8 6 10 1 9 7 4 5 3 
20180517683 9 8 4 10 3 2 6 5 7 1 
20180517684 10 2 4 1 9 8 6 7 3 5 
20180517685 6 8 9 3 7 10 4 5 2 1 
20180517686 7 5 8 2 9 3 6 10 1 4 
20180517687 3 8 4 5 1 9 2 10 6 7 
20180517688 7 9 8 5 4 10 2 6 3 1 
20180517689 10 3 9 1 4 5 7 8 6 2 
20180517690 3 5 10 1 9 6 4 8 2 7 
20180517691 5 10 8 2 4 9 7 3 6 1 
20180517692 3 9 8 10 7 1 6 2 5 4 
20180517693 7 5 2 1 4 8 3 6 10 9 
20180517694 2 5 4 9 1 6 7 8 3 10 
20180517695 2 1 5 7 3 4 6 8 10 9 
20180517696 5 3 4 10 8 2 1 7 6 9 
20180517697 10 1 8 6 4 2 5 3 9 7 
20180517698 5 1 6 7 2 3 9 4 10 8 
20180517699 5 10 2 6 1 8 9 7 4 3 
20180517700 1 4 3 8 9 6 10 7 5 2 
20180517701 8 10 5 7 4 6 1 3 2 9 
20180517702 10 4 5 3 2 6 1 8 9 7 
20180517703 10 3 9 6 2 1 4 5 7 8 
20180517704 6 7 3 9 5 4 1 2 10 8 
20180517705 2 9 5 8 7 3 4 1 6 10 
20180517706 9 7 6 8 10 2 3 1 4 5 
20180517707 5 9 3 10 8 2 4 6 7 1 
20180517708 2 10 4 9 3 6 5 7 8 1 
20180517709 1 7 4 5 9 8 3 6 2 10 
20180517710 1 6 10 2 7 4 8 9 5 3 
20180517711 7 1 2 6 5 3 4 8 10 9 
20180517712 4 10 2 9 5 6 3 8 7 1 
20180517713 1 3 2 4 5 10 7 6 8 9 
20180517714 10 1 8 9 7 5 6 4 2 3 
20180517715 7 10 3 9 5 2 4 8 6 1 
20180517716 4 10 7 3 8 9 2 6 1 5 
20180517717 8 2 5 6 3 10 1 4 9 7 
20180517718 8 3 10 5 1 9 6 4 2 7 
20180517719 2 1 4 7 5 6 8 9 3 10 
20180517720 6 4 3 1 7 9 2 5 10 8 
20180517721 1 2 4 6 8 7 10 9 5 3 
20180517722 3 1 4 10 2 9 5 8 7 6 
20180517723 8 7 9 6 3 2 10 5 1 4 
20180517724 5 1 2 4 3 9 6 10 8 7 
20180517725 10 7 2 5 3 1 8 9 4 6 
20180517726 10 9 2 6 1 4 8 7 3 5 
20180517727 6 9 4 8 2 7 3 10 1 5 
20180517728 5 4 8 1 10 7 9 2 3 6 
20180517729 5 7 3 8 1 10 2 9 6 4 
20180517730 9 8 10 4 3 6 1 5 7 2 
20180517731 7 3 5 9 1 2 10 8 4 6 
20180517732 6 4 2 8 5 3 10 1 7 9 
20180517733 1 8 7 9 6 10 4 5 3 2 
20180517734 4 7 9 2 8 10 3 5 1 6 
20180517735 2 4 7 3 10 6 5 9 1 8 
20180517736 2 9 4 7 1 10 6 8 5 3 
20180517737 9 4 5 1 2 3 7 8 6 10 
20180517738 7 6 10 4 2 1 3 8 9 5 
20180517739 5 4 9 8 7 2 3 10 6 1 
20180517740 10 6 3 7 9 5 2 4 1 8 
20180517741 5 4 3 10 2 7 1 9 8 6 
20180517742 9 10 6 2 4 8 7 5 1 3 
20180517743 8 2 9 7 1 6 4 10 5 3 
20180517744 1 9 3 6 2 10 4 5 7 8 
20180517745 5 10 3 6 9 2 4 7 8 1 
20180517746 5 6 9 7 10 2 1 8 4 3 
20180517747 9 2 5 3 6 7 8 10 4 1 
20180517748 6 9 8 1 3 10 2 4 5 7 
20180517749 2 8 7 4 6 1 9 10 5 3 
20180517750 10 9 6 2 3 8 5 7 4 1 
20180517751 10 7 9 3 5 8 2 1 4 6 
20180517752 5 2 8 6 1 3 9 7 10 4 
20180517753 9 8 3 5 7 6 10 4 2 1 
20180517754 5 9 3 7 10 4 8 6 2 1 
20180517755 1 2 8 3 7 4 9 5 10 6 
20180517756 3 1 10 7 5 4 9 6 2 8 
20180517757 4 10 3 7 2 5 6 1 9 8 
20180517758 5 1 6 10 2 9 3 4 7 8 
20180517759 5 10 2 9 8 3 7 4 1 6 
20180517760 10 2 7 8 6 3 9 4 1 5 
20180517761 8 5 9 7 10 1 4 2 3 6 
20180517762 3 4 5 2 8 6 10 7 1 9 
20180517763 5 4 2 3 7 8 9 10 6 1 
20180517764 5 8 9 10 2 4 7 6 3 1 
20180517765 2 1 8 10 7 5 4 6 3 9 
20180517766 4 10 6 9 3 1 8 7 5 2 
20180517767 2 8 3 5 1 4 10 9 7 6 
20180517768 5 3 8 7 9 6 4 2 1 10 
20180517769 9 6 7 8 5 3 1 4 10 2 
20180517770 3 7 6 10 8 9 4 5 2 1 
20180517771 10 9 7 8 1 6 3 5 2 4 
20180517772 2 9 8 6 5 7 4 1 10 3 
20180517773 6 8 10 9 3 2 5 4 1 7 
20180517774 2 4 7 9 3 10 5 1 6 8 
20180517775 10 1 8 3 5 9 7 2 6 4 
20180517776 6 7 5 4 8 2 3 1 10 9 
20180517777 1 2 10 6 8 5 7 9 3 4 
20180517778 8 9 6 1 4 2 7 5 3 10 
20180517779 2 1 8 5 6 9 3 7 10 4 
20180517780 10 4 8 3 1 5 6 2 9 7 
20180517781 4 8 2 10 9 3 7 5 1 6 
20180517782 7 6 8 4 9 5 2 1 3 10 
20180517783 9 6 7 4 10 2 5 3 8 1 
20180517784 6 8 4 1 3 5 7 9 2 10 
20180517785 9 10 5 8 7 3 6 1 4 2 
20180517786 8 6 9 5 10 1 3 7 2 4 
20180517787 9 2 4 5 1 7 10 3 8 6 
20180517788 2 7 1 6 10 5 8 9 3 4 
20180517789 6 10 9 3 4 5 2 7 8 1 
20180517790 2 1 3 10 8 6 7 5 9 4 
20180517791 2 9 7 3 1 6 10 8 5 4 
20180517792 7 5 6 2 9 10 3 1 4 8 
20180517793 3 2 7 8 1 4 10 5 6 9 
20180517794 10 9 7 4 6 3 1 2 8 5 
20180517795 8 7 5 3 10 2 6 9 4 1 
20180517796 9 5 6 2 10 7 1 8 3 4 
20180517797 2 6 1 10 3 7 9 8 5 4 
20180517798 3 1 10 2 9 8 5 6 4 7 
20180517799 7 9 8 1 5 4 3 2 10 6 
20180517800 9 10 6 8 7 5 4 1 2 3 
20180517801 10 4 6 2 5 7 8 9 3 1 
20180517802 6 10 2 3 7 8 9 4 5 1 
20180517803 3 4 6 10 7 2 8 9 5 1 
20180517804 1 7 8 5 9 10 3 4 6 2 
20180517805 3 4 7 2 1 6 10 5 8 9 
20180517806 10 9 6 8 1 5 2 4 3 7 
20180517807 6 4 7 9 1 2 3 10 8 5 
20180517808 7 8 3 5 6 10 9 4 2 1 
20180517809 6 8 10 2 1 7 3 9 4 5 
20180517810 2 5 7 1 8 10 9 6 4 3 
20180517811 8 5 3 7 1 10 9 2 6 4 
20180517812 9 1 5 8 7 6 2 10 3 4 
20180517813 6 4 10 3 8 5 2 7 1 9 
20180517814 8 5 4 6 2 1 7 3 9 10 
20180517815 4 1 8 3 10 2 7 9 5 6 
20180517816 5 3 7 9 6 1 8 10 2 4 
20180517817 3 8 1 9 4 10 2 7 6 5 
20180517818 4 2 10 1 5 3 8 6 7 9 
20180517819 7 1 5 9 6 8 4 2 10 3 
20180517820 5 7 8 10 4 1 2 3 6 9 
20180517821 9 7 6 5 3 10 4 2 1 8 
20180517822 2 5 4 1 8 9 3 7 10 6 
20180517823 3 9 5 7 4 1 2 10 6 8 
20180517824 5 9 7 3 8 10 2 1 4 6 
20180517825 8 1 6 3 5 7 9 2 10 4 
20180517826 6 9 5 2 7 10 4 3 8 1 
20180517827 2 3 4 9 10 5 7 8 6 1 
20180517828 1 3 9 7 8 4 10 2 5 6 
20180517829 7 8 3 4 9 6 1 2 5 10 
20180517830 4 1 8 10 7 9 2 6 3 5 
20180517831 2 7 10 9 3 4 1 8 5 6 
20180517832 2 6 5 4 8 3 9 1 10 7 
20180517833 10 5 7 2 1 8 6 4 9 3 
20180517834 3 10 9 8 7 4 2 6 1 5 
20180517835 2 1 8 4 3 9 10 7 5 6 
20180517836 9 7 8 4 1 2 6 5 10 3 
20180517837 4 1 9 6 3 7 5 10 8 2 
20180517838 9 4 6 7 3 2 5 10 8 1 
20180517839 8 9 6 2 1 10 3 7 5 4 
20180517840 9 10 7 1 8 5 3 4 6 2 
20180517841 7 9 6 3 1 4 5 8 2 10 
20180517842 10 7 9 8 2 5 1 6 4 3 
20180517843 2 10 8 1 7 4 3 5 9 6 
20180517844 6 10 7 5 9 2 8 4 1 3 
20180517845 7 1 10 2 6 4 5 8 9 3 
20180517846 6 9 3 10 8 1 7 5 4 2 
20180517847 4 1 6 5 3 8 9 10 7 2 
20180517848 10 1 7 8 5 3 6 2 9 4 
20180517849 6 2 7 5 4 10 1 9 3 8 
20180517850 10 4 3 2 9 1 5 6 7 8 
20180517851 9 2 8 1 10 3 6 7 4 5 
20180517852 4 2 9 3 7 5 10 1 8 6 
20180517853 10 7 2 1 9 5 8 6 4 3 
20180517854 9 3 10 5 7 8 6 1 4 2 
20180517855 10 6 4 5 1 2 3 8 7 9 
20180517856 1 6 3 2 5 10 9 7 4 8 
20180517857 1 9 7 8 5 4 10 3 2 6 
20180517858 9 6 3 8 10 4 5 1 7 2 
20180517859 8 5 1 7 4 10 6 2 3 9 
20180517860 3 6 7 5 4 2 1 8 9 10 
20180517861 4 9 2 3 8 5 7 6 10 1 
20180517862 1 8 5 3 9 2 7 6 10 4 
20180517863 4 7 1 3 8 9 2 10 5 6 
20180517864 7 4 6 5 1 10 9 3 2 8 
20180517865 9 8 1 3 6 5 7 4 2 10 
20180517866 8 9 7 5 10 1 6 4 2 3 
20180517867 2 4 10 9 8 6 1 7 5 3 
20180517868 3 4 2 8 9 6 5 1 7 10 
20180517869 4 3 6 10 1 8 5 7 9 2 
20180517870 4 1 8 7 10 5 6 9 3 2 
20180517871 10 5 1 2 8 6 9 4 7 3 
20180517872 2 4 9 7 10 8 5 1 3 6 
20180517873 9 4 2 6 8 7 5 3 1 10 
20180517874 8 10 9 3 6 4 1 5 2 7 
20180517875 4 8 7 5 10 6 1 2 3 9 
20180517876 6 10 9 4 1 2 3 8 5 7 
20180517877 4 9 6 8 1 3 10 5 7 2 
20180517878 9 1 3 7 2 5 10 6 8 4 
20180517879 5 10 4 7 1 8 3 2 6 9 
20180517880 3 8 6 5 10 9 4 7 1 2 
20180517881 7 5 6 4 2 1 8 10 3 9 
20180517882 3 7 1 2 6 8 9 5 4 10 
20180517883 5 6 4 7 2 3 10 1 8 9 
20180517884 5 2 8 3 4 9 1 10 6 7 
20180517885 5 3 8 4 2 1 9 10 6 7 
20180517886 6 1 4 5 2 9 7 8 3 10 
20180517887 6 2 9 1 3 4 10 7 5 8 
20180517888 4 2 6 5 9 8 7 1 10 3 
20180517889 4 1 8 3 10 9 2 6 5 7 
20180517890 10 1 5 9 2 8 7 3 6 4 
20180517891 10 5 3 4 9 1 2 8 6 7 
20180517892 8 5 7 6 1 9 10 3 4 2 
20180517893 4 1 8 3 7 2 9 6 5 10 
20180517894 8 6 7 5 3 10 4 9 2 1 
20180517895 2 3 5 8 6 10 1 9 4 7 
20180517896 7 1 4 3 5 2 6 9 10 8 
20180517897 1 4 2 3 10 5 8 7 6 9 
20180517898 4 9 7 10 2 5 6 1 3 8 
20180517899 4 6 7 9 5 3 1 8 2 10 
20180517900 3 2 10 9 5 4 7 1 8 6 
20180517901 8 3 4 6 9 1 7 2 5 10 
20180517902 3 7 8 9 5 1 10 2 6 4 
20180517903 6 1 9 3 8 7 4 5 2 10 
20180517904 7 6 5 1 9 2 4 10 8 3 
20180517905 6 4 5 8 3 1 7 9 2 10 
20180517906 3 4 8 10 6 9 7 2 1 5 
20180517907 6 5 7 8 9 1 3 2 10 4 
20180517908 4 9 1 2 8 7 10 3 6 5 
20180517909 10 9 5 4 7 8 2 6 1 3 
20180517910 10 7 8 3 2 1 5 6 9 4 
20180517911 3 9 2 6 4 7 10 1 8 5 
20180517912 8 5 10 3 6 2 9 7 1 4 
20180517913 10 7 1 8 6 2 3 9 5 4 
20180517914 7 10 2 6 3 4 9 1 8 5 
20180517915 2 4 6 8 1 3 5 9 10 7 
20180517916 3 7 8 1 4 6 5 2 10 9 
20180517917 1 9 4 10 8 7 2 3 5 6 
20180517918 5 3 7 9 2 1 10 4 8 6 
20180517919 4 9 8 3 1 5 10 2 7 6 
20180517920 4 7 9 1 5 3 10 2 8 6 
20180517921 7 6 3 5 9 8 2 4 10 1 
20180517922 3 6 9 4 10 2 8 1 5 7 
20180517923 6 10 9 1 7 3 5 8 2 4 
20180517924 2 8 5 3 6 10 1 9 4 7 
20180517925 5 3 4 7 9 8 10 2 6 1 
20180517926 9 1 4 5 10 7 6 8 2 3 
20180517927 8 3 6 9 1 7 5 2 10 4 
20180517928 6 5 1 7 2 3 9 10 4 8 
20180517929 1 7 9 3 5 8 6 10 2 4 
20180517930 6 7 2 8 9 4 1 3 10 5 
20180517931 7 10 8 6 9 3 2 1 4 5 
20180517932 2 7 8 3 6 10 5 1 9 4 
20180517933 6 5 2 10 4 3 7 9 8 1 
20180517934 4 3 8 5 6 9 2 7 10 1 
20180517935 4 2 8 1 7 9 5 10 3 6 
20180517936 9 5 10 7 8 6 3 1 4 2 
20180517937 10 4 2 3 7 5 1 6 8 9 
20180517938 2 3 9 6 1 8 10 4 7 5 
20180517939 9 5 6 1 10 3 8 7 2 4 
20180517940 1 3 8 10 6 9 5 2 4 7 
20180517941 10 2 9 5 1 4 3 6 8 7 
20180517942 6 10 9 8 1 4 5 3 7 2 
20180517943 6 2 1 3 10 4 8 7 5 9 
20180517944 4 2 7 6 3 9 8 10 5 1 
20180517945 9 5 1 10 2 8 6 3 4 7 
20180517946 9 7 5 1 8 4 2 10 3 6 
20180517947 7 1 4 9 10 8 2 5 6 3 
20180517948 6 9 4 2 8 1 10 3 7 5 
20180517949 9 10 1 3 5 6 7 8 2 4 
20180517950 3 9 4 7 2 1 5 6 10 8 
20180517951 7 8 6 10 4 9 2 1 3 5 
20180517952 6 9 8 2 3 10 4 5 1 7 
20180517953 9 5 4 6 2 3 1 7 10 8 
20180517954 9 2 5 10 7 6 3 1 4 8 
20180517955 8 7 9 2 6 4 1 5 10 3 
20180517956 3 10 6 1 8 5 4 2 7 9 
20180517957 1 9 6 8 10 4 2 7 5 3 
20180517958 9 6 4 8 3 5 10 7 2 1 
20180517959 5 8 6 2 1 7 9 10 4 3 
20180517960 2 5 3 1 9 8 4 7 10 6 
20180517961 1 9 6 8 7 5 2 3 4 10 
20180517962 1 9 8 7 4 5 10 3 6 2 
20180517963 1 4 6 3 7 2 10 8 9 5 
20180517964 7 4 8 9 1 5 3 10 6 2 
20180517965 10 8 1 5 7 6 2 3 4 9 
20180517966 6 4 3 9 8 5 1 10 7 2 
20180517967 2 5 6 1 9 8 10 7 4 3 
20180517968 1 8 9 10 3 4 2 5 6 7 
20180517969 10 8 4 2 3 5 1 6 7 9 
20180517970 1 4 2 8 7 9 5 6 3 10 
20180517971 3 1 9 8 10 5 6 7 4 2 
20180517972 5 3 9 10 4 7 8 1 6 2 
20180517973 6 3 7 4 2 10 9 5 8 1 
20180517974 1 2 4 3 5 7 9 10 6 8 
20180517975 2 9 10 5 6 3 1 7 8 4 
20180517976 6 9 4 5 3 7 2 8 10 1 
20180517977 6 3 9 4 1 7 5 10 2 8 
20180517978 6 1 9 8 4 3 10 2 5 7 
20180517979 4 2 9 3 6 8 7 1 10 5 
20180517980 4 1 8 3 9 6 2 5 7 10 
20180517981 7 9 5 1 6 2 8 10 3 4 
20180517982 9 1 5 7 3 2 4 6 10 8 
20180517983 8 4 10 2 6 7 3 5 9 1 
20180517984 3 9 2 5 4 7 10 6 8 1 
20180517985 9 6 7 1 4 3 8 5 10 2 
