20180518001 10 8 6 7 4 1 9 2 3 5 
20180518002 6 1 10 3 9 4 2 8 7 5 
20180518003 3 2 6 1 9 4 7 10 5 8 
20180518004 7 10 4 3 6 9 2 1 5 8 
20180518005 10 3 7 8 4 5 1 2 9 6 
20180518006 5 7 3 8 2 9 4 10 1 6 
20180518007 1 2 9 6 3 4 5 10 7 8 
20180518008 10 5 7 6 8 3 9 1 4 2 
20180518009 7 8 1 9 4 10 6 5 2 3 
20180518010 8 9 4 6 7 2 5 1 10 3 
20180518011 2 6 8 4 9 7 5 1 3 10 
20180518012 8 6 7 9 3 2 4 5 10 1 
20180518013 8 3 5 10 1 9 6 7 4 2 
20180518014 3 2 1 9 10 7 4 5 6 8 
20180518015 6 8 3 1 2 4 10 7 9 5 
20180518016 6 4 2 9 7 3 5 10 1 8 
20180518017 4 10 7 8 6 5 9 1 2 3 
20180518018 2 5 10 9 7 4 6 1 8 3 
20180518019 6 1 5 2 9 10 8 4 3 7 
20180518020 9 4 2 10 5 1 7 8 6 3 
20180518021 8 2 7 5 1 9 4 10 3 6 
20180518022 7 5 10 1 9 4 2 6 8 3 
20180518023 7 4 3 6 10 8 2 5 9 1 
20180518024 1 9 3 4 8 2 5 6 10 7 
20180518025 8 10 3 5 2 9 7 4 6 1 
20180518026 3 6 5 4 10 8 1 9 7 2 
20180518027 7 3 9 6 8 1 2 10 5 4 
20180518028 4 2 8 5 6 3 9 7 10 1 
20180518029 5 1 8 10 6 2 3 4 9 7 
20180518030 7 5 4 8 6 9 2 3 10 1 
20180518031 6 9 7 5 8 3 1 10 4 2 
20180518032 8 1 4 5 6 3 2 9 7 10 
20180518033 6 9 2 7 1 4 3 8 10 5 
20180518034 8 10 5 6 2 1 9 3 4 7 
20180518035 7 5 6 2 9 4 8 10 1 3 
20180518036 8 9 7 6 10 3 4 5 1 2 
20180518037 3 9 4 7 10 6 8 2 1 5 
20180518038 6 10 5 3 7 9 8 1 4 2 
20180518039 6 8 1 10 4 9 3 2 5 7 
20180518040 3 7 6 9 2 4 10 1 8 5 
20180518041 6 9 1 4 8 7 2 3 10 5 
20180518042 6 10 3 4 5 8 2 9 1 7 
20180518043 9 10 8 4 3 2 1 7 6 5 
20180518044 8 5 1 6 3 7 2 10 9 4 
20180518045 2 4 7 8 9 5 10 3 6 1 
20180518046 1 3 8 4 6 7 2 5 9 10 
20180518047 2 8 4 1 7 10 3 6 5 9 
20180518048 9 8 6 3 4 2 10 7 1 5 
20180518049 9 1 6 5 10 8 7 3 2 4 
20180518050 8 7 2 10 5 4 6 1 3 9 
20180518051 7 3 2 8 5 6 4 9 1 10 
20180518052 2 6 9 10 4 7 1 8 3 5 
20180518053 3 6 10 1 5 7 8 4 2 9 
20180518054 3 1 9 8 2 10 5 7 6 4 
20180518055 8 2 9 4 5 1 6 7 10 3 
20180518056 5 6 9 3 8 10 7 1 2 4 
20180518057 8 6 3 5 9 10 1 7 4 2 
20180518058 4 8 6 3 5 9 10 7 1 2 
20180518059 7 2 1 10 5 8 4 3 9 6 
20180518060 7 1 3 8 6 10 9 5 4 2 
20180518061 2 9 4 8 7 1 3 5 6 10 
20180518062 1 5 8 7 3 10 9 4 2 6 
20180518063 2 3 6 1 4 9 8 7 10 5 
20180518064 2 10 3 5 6 8 1 9 7 4 
20180518065 7 9 6 2 10 1 3 8 4 5 
20180518066 6 10 4 9 7 1 2 8 3 5 
20180518067 3 1 2 5 7 10 6 9 8 4 
20180518068 10 7 1 9 4 3 2 6 5 8 
20180518069 1 6 9 8 7 5 10 3 2 4 
20180518070 6 4 9 10 7 2 1 5 8 3 
20180518071 6 4 9 5 10 3 2 8 7 1 
20180518072 4 1 2 7 3 9 5 6 8 10 
20180518073 3 6 5 7 9 8 2 1 4 10 
20180518074 10 1 3 5 7 8 9 6 4 2 
20180518075 8 2 10 6 4 1 9 3 7 5 
20180518076 10 7 2 8 5 4 1 6 9 3 
20180518077 10 8 6 3 5 1 7 2 4 9 
20180518078 2 8 7 6 9 3 10 5 4 1 
20180518079 10 3 8 7 6 5 9 4 1 2 
20180518080 1 6 3 4 2 7 5 10 8 9 
20180518081 9 5 4 8 7 3 10 1 2 6 
20180518082 1 9 5 4 6 3 10 2 8 7 
20180518083 1 2 4 9 5 10 7 8 3 6 
20180518084 3 1 9 2 5 10 7 8 6 4 
20180518085 1 8 10 7 6 3 2 5 9 4 
20180518086 8 3 6 5 7 4 9 10 2 1 
20180518087 8 5 7 2 1 10 4 9 6 3 
20180518088 7 5 10 3 4 9 6 8 1 2 
20180518089 3 7 9 1 2 4 8 5 6 10 
20180518090 7 2 5 6 9 4 3 1 10 8 
20180518091 1 8 6 5 2 7 10 4 9 3 
20180518092 7 4 5 1 3 9 6 8 2 10 
20180518093 4 5 1 2 10 7 8 9 3 6 
20180518094 8 9 3 5 7 10 1 6 2 4 
20180518095 5 8 10 7 1 9 4 2 6 3 
20180518096 5 3 8 2 1 4 7 6 10 9 
20180518097 4 6 9 2 7 1 10 3 5 8 
20180518098 3 8 6 5 10 4 2 7 1 9 
20180518099 1 9 3 6 8 5 2 7 4 10 
20180518100 5 3 4 7 2 6 1 8 9 10 
20180518101 5 4 6 9 1 3 2 8 10 7 
20180518102 8 1 9 5 10 6 7 4 2 3 
20180518103 8 7 4 3 6 9 5 2 1 10 
20180518104 7 1 6 8 9 5 3 4 10 2 
20180518105 5 9 1 3 6 4 10 8 7 2 
20180518106 5 8 1 9 6 3 10 2 7 4 
20180518107 3 1 7 6 4 9 2 5 10 8 
20180518108 8 1 6 9 4 7 5 2 3 10 
20180518109 2 6 4 9 7 5 1 10 8 3 
20180518110 1 3 10 2 4 7 6 5 8 9 
20180518111 3 2 9 8 7 1 5 4 6 10 
20180518112 7 4 3 1 8 2 6 10 5 9 
20180518113 7 5 2 9 8 4 3 10 6 1 
20180518114 8 9 10 7 3 5 6 2 1 4 
20180518115 6 2 7 5 1 3 8 4 9 10 
20180518116 9 4 6 10 2 7 3 1 8 5 
20180518117 10 7 4 3 6 2 1 9 5 8 
20180518118 8 1 9 7 10 3 4 6 5 2 
20180518119 1 6 5 7 9 10 4 3 8 2 
20180518120 9 2 7 4 10 8 3 6 5 1 
20180518121 6 4 7 3 1 5 10 8 2 9 
20180518122 3 4 7 8 6 9 2 10 5 1 
20180518123 6 5 1 2 9 3 8 4 10 7 
20180518124 6 1 2 4 3 5 10 7 8 9 
20180518125 6 4 10 9 8 7 5 3 1 2 
20180518126 4 2 1 9 7 5 3 8 6 10 
20180518127 5 8 9 1 7 10 2 6 3 4 
20180518128 10 3 4 1 2 7 6 8 5 9 
20180518129 10 3 1 8 9 5 4 6 7 2 
20180518130 8 7 6 10 1 4 9 5 3 2 
20180518131 7 9 4 2 1 3 8 6 5 10 
20180518132 3 9 5 4 10 8 2 7 1 6 
20180518133 3 9 2 5 10 8 4 1 6 7 
20180518134 2 1 4 10 6 9 7 3 5 8 
20180518135 5 6 9 1 2 3 8 7 4 10 
20180518136 4 1 3 6 5 7 10 9 8 2 
20180518137 6 10 2 3 7 4 5 9 8 1 
20180518138 4 8 3 6 7 1 9 5 10 2 
20180518139 4 6 3 9 1 5 10 8 2 7 
20180518140 10 9 7 3 8 6 2 5 1 4 
20180518141 2 1 10 7 5 4 8 9 6 3 
20180518142 10 4 5 7 1 2 6 3 9 8 
20180518143 9 10 5 7 2 4 8 6 3 1 
20180518144 4 6 7 10 1 9 3 8 5 2 
20180518145 4 8 9 10 5 2 3 1 6 7 
20180518146 9 3 1 2 5 8 6 4 7 10 
20180518147 1 10 7 2 3 6 9 5 8 4 
20180518148 2 1 9 3 5 6 10 8 7 4 
20180518149 1 7 4 2 9 10 8 3 5 6 
20180518150 3 4 5 7 6 2 9 10 8 1 
20180518151 7 2 4 8 9 5 3 6 10 1 
20180518152 1 7 2 8 4 10 3 5 6 9 
20180518153 3 1 5 6 4 10 9 8 7 2 
20180518154 1 6 2 10 8 9 4 5 7 3 
20180518155 3 6 9 4 1 2 8 7 10 5 
20180518156 6 10 3 7 2 1 9 4 8 5 
20180518157 1 5 8 3 4 10 6 7 9 2 
20180518158 6 2 7 4 8 5 1 3 9 10 
20180518159 1 5 4 8 2 6 7 10 9 3 
20180518160 8 10 1 2 4 3 7 9 5 6 
20180518161 5 3 4 2 7 10 6 9 8 1 
20180518162 5 6 2 8 10 1 9 4 3 7 
20180518163 1 5 6 3 2 4 9 8 7 10 
20180518164 6 5 4 9 10 1 7 3 2 8 
20180518165 5 3 9 10 7 1 8 2 6 4 
20180518166 7 3 5 1 8 4 2 10 9 6 
20180518167 10 4 7 3 8 9 1 6 2 5 
20180518168 9 8 2 10 6 3 5 1 4 7 
20180518169 9 10 6 1 5 4 8 3 7 2 
20180518170 8 5 1 7 6 9 4 3 10 2 
20180518171 7 2 10 6 9 1 8 3 4 5 
20180518172 6 8 5 2 4 1 3 10 7 9 
20180518173 7 9 1 5 8 4 3 6 2 10 
20180518174 10 6 4 7 3 2 8 1 5 9 
20180518175 2 8 1 10 4 5 7 6 3 9 
20180518176 9 1 3 10 8 5 2 7 4 6 
20180518177 9 5 4 6 2 7 3 8 10 1 
20180518178 3 9 8 10 6 1 2 4 5 7 
20180518179 7 5 8 6 10 4 9 3 1 2 
20180518180 7 5 3 10 1 4 9 2 8 6 
20180518181 9 1 6 10 3 4 2 5 7 8 
20180518182 4 2 9 1 8 5 7 6 10 3 
20180518183 10 3 5 6 2 1 9 8 4 7 
20180518184 8 2 5 7 6 10 4 9 3 1 
20180518185 3 2 10 8 5 9 4 7 6 1 
20180518186 8 4 10 7 1 3 5 9 6 2 
20180518187 10 4 1 7 8 5 6 2 3 9 
20180518188 2 7 9 8 5 10 4 6 1 3 
20180518189 3 8 7 9 2 10 1 6 5 4 
20180518190 9 4 2 3 5 7 1 6 8 10 
20180518191 1 9 10 6 5 7 4 8 3 2 
20180518192 8 2 3 5 7 6 1 10 9 4 
20180518193 1 8 5 10 3 9 2 6 4 7 
20180518194 10 3 9 8 7 5 1 4 6 2 
20180518195 7 10 3 9 6 2 5 8 1 4 
20180518196 6 2 1 8 3 9 4 7 5 10 
20180518197 8 7 4 9 10 1 2 5 3 6 
20180518198 1 7 10 2 4 3 8 5 9 6 
20180518199 4 6 8 7 10 9 3 1 2 5 
20180518200 5 6 9 3 7 1 8 4 10 2 
20180518201 4 2 10 8 5 1 9 6 7 3 
20180518202 7 10 9 2 6 4 5 1 3 8 
20180518203 2 5 1 4 6 7 8 9 3 10 
20180518204 8 4 5 3 9 1 10 6 7 2 
20180518205 4 2 3 8 1 9 5 6 7 10 
20180518206 5 10 1 4 9 8 3 6 2 7 
20180518207 7 3 8 2 10 9 1 6 5 4 
20180518208 9 8 4 7 10 3 2 6 1 5 
20180518209 4 5 7 2 8 1 6 9 10 3 
20180518210 6 2 1 10 5 9 4 7 3 8 
20180518211 3 2 6 9 10 1 5 8 7 4 
20180518212 5 10 3 1 7 2 8 4 9 6 
20180518213 10 3 5 1 2 7 9 6 8 4 
20180518214 3 1 2 7 6 9 10 5 4 8 
20180518215 6 4 10 5 7 3 2 1 9 8 
20180518216 4 2 10 1 3 6 9 8 7 5 
20180518217 8 1 5 2 9 4 7 3 6 10 
20180518218 5 1 6 7 4 8 9 3 2 10 
20180518219 4 2 1 7 8 3 9 6 10 5 
20180518220 6 7 5 1 9 4 2 3 10 8 
20180518221 9 8 3 10 6 1 4 7 2 5 
20180518222 3 5 2 6 8 7 9 1 10 4 
20180518223 8 9 6 4 3 1 2 10 7 5 
20180518224 3 2 4 1 9 10 6 7 5 8 
20180518225 9 8 1 6 10 2 5 7 3 4 
20180518226 7 1 8 10 3 2 6 9 5 4 
20180518227 7 9 2 4 1 8 5 10 6 3 
20180518228 1 3 5 9 2 10 6 8 7 4 
20180518229 2 10 9 1 3 6 8 4 7 5 
20180518230 5 7 2 9 8 10 6 1 4 3 
20180518231 3 6 9 5 1 10 8 7 4 2 
20180518232 9 3 10 4 7 6 8 1 5 2 
20180518233 9 5 3 8 6 7 10 2 4 1 
20180518234 3 6 5 8 10 1 9 2 7 4 
20180518235 4 3 8 7 10 5 9 2 6 1 
20180518236 10 3 5 8 6 1 2 7 4 9 
20180518237 9 8 7 2 1 6 5 10 4 3 
20180518238 1 8 7 3 10 5 6 2 9 4 
20180518239 1 3 10 6 4 9 2 7 8 5 
20180518240 2 7 1 4 10 9 6 8 5 3 
20180518241 7 9 2 6 3 1 10 5 8 4 
20180518242 10 2 8 6 9 7 4 3 1 5 
20180518243 3 7 1 6 9 2 5 8 10 4 
20180518244 10 5 3 9 8 2 7 4 6 1 
20180518245 6 5 4 1 9 3 7 10 8 2 
20180518246 7 4 8 3 9 1 10 2 5 6 
20180518247 7 1 3 8 2 10 6 5 9 4 
20180518248 1 6 10 9 3 5 8 7 2 4 
20180518249 3 6 5 7 2 10 4 9 1 8 
20180518250 9 10 3 5 6 1 2 4 7 8 
20180518251 8 7 5 6 4 9 2 1 10 3 
20180518252 8 7 3 10 4 2 1 6 5 9 
20180518253 1 6 4 2 7 5 10 8 9 3 
20180518254 9 2 4 1 8 6 7 10 5 3 
20180518255 6 8 1 10 7 4 3 2 9 5 
20180518256 10 6 1 3 5 2 9 4 8 7 
20180518257 1 10 4 9 6 2 7 5 8 3 
20180518258 9 1 2 4 3 5 10 6 8 7 
20180518259 7 1 4 10 5 8 9 3 6 2 
20180518260 6 10 5 3 9 1 4 2 8 7 
20180518261 9 2 6 3 8 5 10 4 1 7 
20180518262 4 3 8 5 10 6 1 2 7 9 
20180518263 2 7 6 4 10 9 1 8 3 5 
20180518264 9 8 1 5 7 10 6 3 2 4 
20180518265 2 1 5 10 8 3 7 4 9 6 
20180518266 5 2 4 8 6 1 9 7 3 10 
20180518267 6 8 5 3 7 4 9 10 1 2 
20180518268 2 4 10 1 5 6 9 7 3 8 
20180518269 8 9 4 6 1 5 7 2 3 10 
20180518270 3 4 2 6 1 7 9 5 8 10 
20180518271 8 9 1 5 7 2 10 4 6 3 
20180518272 6 2 10 9 8 1 5 7 3 4 
20180518273 3 5 10 6 7 8 1 9 2 4 
20180518274 4 9 3 6 1 2 10 7 8 5 
20180518275 9 3 6 2 5 8 10 7 4 1 
20180518276 1 2 10 9 8 7 5 4 3 6 
20180518277 8 3 5 10 9 6 1 7 4 2 
20180518278 10 5 8 2 1 7 6 4 9 3 
20180518279 5 3 8 9 10 6 1 4 7 2 
20180518280 8 2 6 9 3 10 1 7 4 5 
20180518281 1 4 5 3 9 7 8 6 2 10 
20180518282 2 8 7 1 5 10 9 6 3 4 
20180518283 5 9 2 10 1 8 7 6 3 4 
20180518284 6 5 9 7 8 2 1 4 10 3 
20180518285 5 10 1 7 9 4 6 8 3 2 
20180518286 5 6 2 4 10 9 7 3 8 1 
20180518287 8 9 3 7 6 10 2 5 1 4 
20180518288 7 8 1 6 4 9 5 2 10 3 
20180518289 3 1 6 5 2 8 4 7 9 10 
20180518290 6 7 4 1 2 5 10 3 9 8 
20180518291 5 8 4 7 3 2 1 10 9 6 
20180518292 6 10 7 4 9 3 2 5 1 8 
20180518293 5 3 7 6 9 10 4 2 8 1 
20180518294 9 4 6 10 5 1 3 7 2 8 
20180518295 9 3 6 2 4 5 7 10 1 8 
20180518296 5 4 9 8 6 3 10 7 1 2 
20180518297 4 8 9 2 7 5 3 10 1 6 
20180518298 5 7 3 4 2 8 1 6 10 9 
20180518299 3 5 4 2 1 7 6 10 9 8 
20180518300 1 10 5 2 7 4 3 9 6 8 
20180518301 6 4 7 10 3 2 8 9 5 1 
20180518302 2 9 3 1 5 7 8 6 4 10 
20180518303 10 4 9 2 6 3 5 1 8 7 
20180518304 2 6 8 5 3 4 7 9 10 1 
20180518305 1 4 10 7 8 6 9 3 2 5 
20180518306 4 6 1 10 2 8 5 9 7 3 
20180518307 1 7 2 4 5 8 10 3 9 6 
20180518308 9 10 3 8 6 7 4 1 5 2 
20180518309 2 6 4 5 1 8 10 9 7 3 
20180518310 2 6 8 7 4 3 9 10 5 1 
20180518311 8 6 3 1 9 2 7 4 10 5 
20180518312 6 4 5 3 2 9 10 1 7 8 
20180518313 3 4 8 6 1 10 9 7 5 2 
20180518314 10 1 7 2 3 8 9 4 6 5 
20180518315 8 3 10 2 1 5 6 4 9 7 
20180518316 8 3 1 9 2 6 4 7 10 5 
20180518317 8 1 6 4 5 10 9 2 3 7 
20180518318 6 7 9 4 1 5 10 2 3 8 
20180518319 10 4 7 9 3 6 8 2 5 1 
20180518320 10 1 9 4 5 2 3 8 7 6 
20180518321 2 6 4 7 5 10 1 8 3 9 
20180518322 6 9 4 5 2 7 1 3 10 8 
20180518323 5 8 6 4 1 3 9 10 7 2 
20180518324 2 7 1 6 9 8 10 4 5 3 
20180518325 2 8 7 5 9 1 4 6 10 3 
20180518326 7 3 9 1 10 5 6 8 4 2 
20180518327 4 8 5 1 7 3 2 10 9 6 
20180518328 5 1 6 3 7 8 10 2 9 4 
20180518329 7 4 9 6 3 8 10 5 2 1 
20180518330 1 4 10 5 2 6 8 3 9 7 
20180518331 10 2 1 8 4 6 5 7 3 9 
20180518332 5 4 2 3 6 1 8 10 9 7 
20180518333 7 10 3 9 2 6 8 4 1 5 
20180518334 6 8 1 7 9 5 2 3 10 4 
20180518335 5 10 8 3 2 7 1 4 6 9 
20180518336 2 8 9 5 7 1 4 10 6 3 
20180518337 7 2 10 8 6 5 3 4 1 9 
20180518338 3 7 8 2 5 6 9 10 4 1 
20180518339 2 6 10 7 5 8 9 4 3 1 
20180518340 9 3 10 1 5 2 7 8 6 4 
20180518341 8 10 1 7 9 3 6 2 4 5 
20180518342 3 9 2 5 4 7 10 6 8 1 
20180518343 3 8 6 1 9 7 5 4 10 2 
20180518344 1 4 9 2 8 6 3 10 5 7 
20180518345 9 5 10 6 3 7 1 4 2 8 
20180518346 7 6 3 4 1 10 9 8 2 5 
20180518347 4 8 7 6 2 3 5 1 10 9 
20180518348 8 9 2 5 7 3 10 4 1 6 
20180518349 9 5 3 10 2 4 7 1 8 6 
20180518350 8 9 7 5 3 2 1 10 6 4 
20180518351 3 1 2 9 6 4 5 8 7 10 
20180518352 9 8 1 3 7 6 5 4 10 2 
20180518353 9 2 1 5 10 8 7 6 3 4 
20180518354 5 4 2 7 9 6 10 3 1 8 
20180518355 7 9 8 1 6 3 4 2 5 10 
20180518356 5 7 6 4 9 3 2 8 1 10 
20180518357 4 7 9 6 8 1 10 3 5 2 
20180518358 6 7 9 8 2 1 3 4 10 5 
20180518359 4 10 9 2 1 7 8 6 3 5 
20180518360 9 2 8 10 7 1 4 3 5 6 
20180518361 8 1 5 4 2 7 3 6 10 9 
20180518362 9 8 3 4 5 6 2 10 7 1 
20180518363 1 8 5 4 2 7 6 10 3 9 
20180518364 1 8 3 6 7 2 10 4 9 5 
20180518365 3 2 9 10 7 8 4 1 6 5 
20180518366 2 9 10 8 1 6 5 7 3 4 
20180518367 2 8 6 9 10 1 3 7 4 5 
20180518368 8 1 7 4 5 10 2 6 9 3 
20180518369 3 5 9 10 1 4 7 2 8 6 
20180518370 3 2 8 1 9 7 4 10 6 5 
20180518371 2 7 3 6 5 4 9 10 8 1 
20180518372 2 10 3 5 8 1 7 6 9 4 
20180518373 1 4 8 2 6 9 7 5 3 10 
20180518374 6 2 4 8 9 10 1 7 5 3 
20180518375 9 7 10 2 5 6 1 4 8 3 
20180518376 10 4 7 8 6 3 9 1 5 2 
20180518377 2 3 10 5 9 1 6 8 7 4 
20180518378 5 10 9 1 4 7 3 8 2 6 
20180518379 10 5 9 4 8 2 1 6 7 3 
20180518380 6 8 2 5 7 1 3 4 9 10 
20180518381 1 9 4 2 7 6 10 5 8 3 
20180518382 8 10 7 5 6 2 4 9 1 3 
20180518383 2 10 7 6 5 1 9 3 8 4 
20180518384 4 5 7 8 1 9 6 2 10 3 
20180518385 1 8 10 6 4 5 7 2 9 3 
20180518386 6 10 3 4 1 2 7 8 9 5 
20180518387 9 2 3 6 10 5 1 7 8 4 
20180518388 7 6 2 1 5 10 3 4 9 8 
20180518389 9 6 3 7 10 2 5 8 4 1 
20180518390 5 7 2 3 10 4 1 6 9 8 
20180518391 2 1 10 6 3 9 5 7 4 8 
20180518392 9 4 6 2 5 1 8 7 3 10 
20180518393 9 10 2 6 7 1 4 3 5 8 
20180518394 8 2 7 5 1 3 10 9 6 4 
20180518395 3 6 8 5 9 4 2 10 7 1 
20180518396 2 5 3 10 6 1 9 8 7 4 
20180518397 3 1 9 8 5 4 10 7 2 6 
20180518398 2 7 10 4 5 8 6 1 3 9 
20180518399 4 2 8 7 9 6 5 10 1 3 
20180518400 9 4 10 3 2 1 6 7 5 8 
20180518401 8 10 1 2 3 4 9 6 5 7 
20180518402 8 2 10 7 4 3 9 1 6 5 
20180518403 6 2 5 10 1 8 9 4 3 7 
20180518404 6 4 8 5 7 10 1 2 9 3 
20180518405 6 4 2 1 9 3 7 10 8 5 
20180518406 4 8 7 2 5 3 1 9 6 10 
20180518407 1 9 10 2 8 6 4 7 5 3 
20180518408 3 8 6 9 1 2 4 10 7 5 
20180518409 3 1 7 6 9 10 8 2 5 4 
20180518410 6 5 1 3 10 7 8 9 4 2 
20180518411 10 6 5 2 3 8 4 9 1 7 
20180518412 5 8 2 1 9 4 3 6 7 10 
20180518413 7 1 2 3 6 10 9 5 8 4 
20180518414 10 5 8 3 2 4 1 9 6 7 
20180518415 7 9 3 4 10 6 5 1 2 8 
20180518416 4 1 6 10 8 2 7 9 5 3 
20180518417 4 10 6 5 2 7 9 1 3 8 
20180518418 10 3 9 2 8 1 5 7 4 6 
20180518419 10 6 1 5 2 9 7 8 3 4 
20180518420 9 3 5 6 1 7 4 10 8 2 
20180518421 6 1 7 3 4 8 5 10 9 2 
20180518422 9 1 4 7 3 10 5 8 6 2 
20180518423 6 10 5 9 2 7 3 1 8 4 
20180518424 7 9 4 6 8 2 5 1 10 3 
20180518425 2 5 4 10 6 1 9 7 3 8 
20180518426 6 3 9 1 5 7 10 4 2 8 
20180518427 2 6 8 10 9 7 1 4 3 5 
20180518428 5 1 3 9 7 10 2 4 6 8 
20180518429 1 9 4 7 8 2 3 6 5 10 
20180518430 10 3 9 8 6 7 4 5 1 2 
20180518431 8 4 9 10 5 1 2 7 6 3 
20180518432 4 5 7 2 8 10 6 9 1 3 
20180518433 8 1 4 9 7 2 5 3 10 6 
20180518434 3 4 9 2 5 1 10 6 7 8 
20180518435 10 9 4 2 8 5 7 1 3 6 
20180518436 9 2 6 8 7 10 4 3 1 5 
20180518437 7 3 9 5 1 6 4 8 2 10 
20180518438 2 3 9 10 4 7 1 5 6 8 
20180518439 8 4 5 9 6 2 7 1 3 10 
20180518440 1 4 5 6 9 10 2 3 7 8 
20180518441 6 3 9 4 7 5 8 10 2 1 
20180518442 6 10 2 4 9 7 8 5 1 3 
20180518443 2 5 10 7 6 1 8 3 9 4 
20180518444 7 3 5 2 4 1 10 9 8 6 
20180518445 3 10 1 4 2 9 5 8 7 6 
20180518446 10 4 2 9 1 5 8 6 3 7 
20180518447 7 8 6 4 3 1 9 2 5 10 
20180518448 7 5 1 4 2 9 6 8 10 3 
20180518449 1 2 7 3 8 10 6 4 5 9 
20180518450 6 3 8 5 9 2 1 4 7 10 
20180518451 9 5 7 2 10 3 1 6 8 4 
20180518452 7 9 6 1 2 3 10 8 4 5 
20180518453 10 6 8 7 3 1 4 5 2 9 
20180518454 1 9 3 10 4 7 2 5 6 8 
20180518455 8 1 7 2 10 9 3 5 4 6 
20180518456 2 4 10 5 3 9 8 1 6 7 
20180518457 8 3 6 7 2 5 9 4 10 1 
20180518458 1 4 2 10 6 5 3 9 8 7 
20180518459 4 10 3 2 9 5 6 1 7 8 
20180518460 2 6 9 5 1 7 10 8 4 3 
20180518461 7 5 3 9 4 8 10 1 6 2 
20180518462 6 10 1 5 9 4 3 2 8 7 
20180518463 7 9 1 3 8 10 6 5 2 4 
20180518464 10 1 8 2 9 3 4 6 7 5 
20180518465 5 1 3 4 9 6 8 7 10 2 
20180518466 5 3 4 6 8 7 9 1 10 2 
20180518467 4 7 2 6 3 9 5 10 8 1 
20180518468 9 6 7 2 5 8 3 1 10 4 
20180518469 1 3 8 9 4 6 2 10 7 5 
20180518470 3 4 1 9 7 8 5 6 10 2 
20180518471 2 8 4 6 3 9 5 7 10 1 
20180518472 9 8 10 5 4 6 7 3 2 1 
20180518473 8 4 9 3 10 6 5 2 7 1 
20180518474 7 2 9 3 8 1 10 4 6 5 
20180518475 1 6 10 4 2 7 3 8 5 9 
20180518476 9 4 8 3 10 7 5 1 6 2 
20180518477 6 10 9 2 7 4 1 5 8 3 
20180518478 1 3 10 4 7 8 6 5 9 2 
20180518479 9 5 7 10 1 3 6 8 4 2 
20180518480 8 5 10 7 4 9 6 3 1 2 
20180518481 10 8 7 9 6 2 5 4 1 3 
20180518482 7 5 1 10 4 6 9 3 2 8 
20180518483 8 10 5 1 3 2 9 4 7 6 
20180518484 3 7 5 2 4 8 1 6 9 10 
20180518485 10 1 7 4 8 3 6 5 9 2 
20180518486 3 1 8 2 6 5 9 7 4 10 
20180518487 5 4 2 10 9 8 1 3 7 6 
20180518488 4 6 8 2 1 7 3 10 5 9 
20180518489 4 6 2 7 10 1 8 3 5 9 
20180518490 1 4 10 5 7 9 2 6 3 8 
20180518491 4 7 5 10 1 2 9 6 3 8 
20180518492 8 3 9 5 6 10 7 1 4 2 
20180518493 8 10 3 4 5 1 6 7 2 9 
20180518494 6 8 4 2 7 3 1 5 10 9 
20180518495 8 4 2 5 1 10 3 9 6 7 
20180518496 1 7 6 8 4 2 5 3 10 9 
20180518497 8 7 10 5 3 9 2 4 1 6 
20180518498 1 4 10 6 2 8 7 3 9 5 
20180518499 10 7 9 8 2 3 4 1 6 5 
20180518500 10 7 6 4 1 8 5 3 2 9 
20180518501 10 6 3 9 7 8 5 1 2 4 
20180518502 4 7 6 5 9 10 3 8 2 1 
20180518503 1 5 9 6 2 3 10 4 7 8 
20180518504 2 1 6 4 8 7 5 10 3 9 
20180518505 9 6 3 5 4 7 8 2 1 10 
20180518506 2 7 8 1 5 6 10 4 3 9 
20180518507 4 1 9 5 2 7 6 8 10 3 
20180518508 8 7 5 3 9 4 2 10 1 6 
20180518509 5 9 6 1 8 7 3 10 2 4 
20180518510 1 3 10 4 9 2 7 6 5 8 
20180518511 4 1 8 2 9 10 5 3 7 6 
20180518512 10 6 7 2 1 5 8 9 3 4 
20180518513 2 6 8 7 3 5 1 9 4 10 
20180518514 10 4 8 7 3 5 2 1 9 6 
20180518515 1 7 4 5 9 8 2 6 3 10 
20180518516 5 10 8 7 3 6 9 4 1 2 
20180518517 7 8 1 5 4 2 9 10 6 3 
20180518518 9 1 5 10 4 2 7 8 3 6 
20180518519 5 1 3 2 10 4 9 7 8 6 
20180518520 10 3 8 6 9 4 5 1 2 7 
20180518521 5 3 9 1 7 2 4 8 10 6 
20180518522 2 4 3 5 6 8 9 7 1 10 
20180518523 7 9 8 6 2 3 4 5 10 1 
20180518524 6 8 2 1 9 4 3 7 5 10 
20180518525 1 5 3 9 4 2 7 8 10 6 
20180518526 2 9 10 7 5 3 8 6 4 1 
20180518527 7 1 3 9 2 6 5 10 8 4 
20180518528 1 3 8 6 10 5 2 4 9 7 
20180518529 2 10 1 4 8 6 5 7 9 3 
20180518530 10 3 8 6 9 7 2 4 5 1 
20180518531 10 6 4 5 8 1 9 2 7 3 
20180518532 10 5 2 4 9 6 8 7 1 3 
20180518533 7 2 6 5 9 10 8 4 3 1 
20180518534 8 6 9 7 1 10 2 5 4 3 
20180518535 6 9 10 8 7 3 4 2 1 5 
20180518536 10 1 5 7 6 4 3 2 8 9 
20180518537 7 5 10 2 9 6 4 1 3 8 
20180518538 6 1 9 4 3 5 8 2 7 10 
20180518539 9 3 2 8 7 6 10 1 5 4 
20180518540 3 6 1 8 5 9 7 4 2 10 
20180518541 6 1 8 2 3 9 7 4 10 5 
20180518542 9 10 7 3 2 6 1 4 8 5 
20180518543 3 1 6 4 8 5 2 7 9 10 
20180518544 6 1 7 2 8 10 4 5 3 9 
20180518545 4 1 5 10 6 7 2 9 8 3 
20180518546 2 6 9 8 4 10 1 7 3 5 
20180518547 9 3 2 1 10 7 8 4 5 6 
20180518548 5 6 9 2 3 4 8 1 10 7 
20180518549 3 10 5 7 2 6 4 9 1 8 
20180518550 3 5 4 8 7 6 9 2 1 10 
20180518551 4 3 10 7 1 6 2 8 9 5 
20180518552 8 1 2 3 7 6 10 4 5 9 
20180518553 8 10 5 9 1 6 4 7 2 3 
20180518554 2 1 3 8 4 5 10 9 6 7 
20180518555 7 1 5 3 4 2 8 9 10 6 
20180518556 1 2 3 9 8 10 4 6 5 7 
20180518557 9 6 8 1 4 2 7 10 5 3 
20180518558 3 4 5 2 9 7 10 6 1 8 
20180518559 3 1 4 7 10 2 8 9 5 6 
20180518560 4 6 1 7 9 5 2 10 8 3 
20180518561 5 10 2 4 1 6 7 8 3 9 
20180518562 2 3 9 6 1 5 7 10 8 4 
20180518563 3 2 1 4 7 6 10 9 8 5 
20180518564 9 2 1 5 6 7 10 4 8 3 
20180518565 1 8 4 5 2 10 3 6 7 9 
20180518566 6 1 10 3 9 8 2 7 4 5 
20180518567 5 4 2 3 9 10 1 8 7 6 
20180518568 3 8 2 10 1 6 9 4 7 5 
20180518569 7 8 5 10 4 1 6 2 9 3 
20180518570 4 7 9 5 10 6 3 2 1 8 
20180518571 3 7 10 1 6 5 9 8 4 2 
20180518572 1 7 8 4 6 2 3 10 9 5 
20180518573 10 3 9 1 6 5 8 7 2 4 
20180518574 5 6 10 4 3 9 7 2 8 1 
20180518575 7 9 8 1 2 4 3 5 6 10 
20180518576 9 4 6 10 2 3 7 5 8 1 
20180518577 10 2 3 5 8 4 7 9 6 1 
20180518578 8 4 7 6 1 10 5 9 2 3 
20180518579 7 6 3 9 2 4 1 5 10 8 
20180518580 10 9 1 8 6 4 7 5 3 2 
20180518581 6 8 7 5 1 3 9 10 2 4 
20180518582 7 5 10 9 3 1 6 8 4 2 
20180518583 8 4 5 10 9 2 1 7 6 3 
20180518584 5 7 10 2 3 8 9 4 6 1 
20180518585 1 10 3 7 8 5 9 6 4 2 
20180518586 8 4 1 3 6 2 5 9 7 10 
20180518587 8 6 2 3 1 9 10 7 4 5 
20180518588 4 3 2 8 9 1 10 7 5 6 
20180518589 10 2 9 6 1 4 8 5 7 3 
20180518590 5 2 9 7 8 4 10 1 3 6 
20180518591 7 9 2 3 10 4 8 1 6 5 
20180518592 4 5 2 3 1 7 8 10 9 6 
20180518593 9 1 10 4 3 2 6 7 8 5 
20180518594 2 6 8 5 1 4 3 9 7 10 
20180518595 9 10 8 6 2 7 4 5 3 1 
20180518596 4 3 10 7 8 5 6 2 1 9 
20180518597 8 10 7 2 1 9 4 5 6 3 
20180518598 3 9 4 1 5 2 7 6 10 8 
20180518599 9 5 1 8 2 10 6 3 7 4 
20180518600 3 6 5 9 2 10 7 4 8 1 
20180518601 5 4 10 6 1 7 9 3 8 2 
20180518602 4 1 9 10 7 3 6 8 2 5 
20180518603 3 8 4 7 5 1 2 9 6 10 
20180518604 9 4 8 3 7 2 5 10 6 1 
20180518605 2 10 1 7 8 3 9 6 4 5 
20180518606 5 9 1 8 4 3 6 2 7 10 
20180518607 7 6 5 9 2 4 10 1 8 3 
20180518608 8 9 3 10 6 7 5 2 4 1 
20180518609 9 3 7 10 6 5 4 8 1 2 
20180518610 4 8 1 3 5 10 2 6 7 9 
20180518611 9 4 1 5 8 6 2 7 3 10 
20180518612 5 7 2 10 4 1 6 3 9 8 
20180518613 2 8 9 6 10 1 4 5 3 7 
20180518614 6 1 9 4 5 10 3 7 8 2 
20180518615 10 3 1 5 9 4 6 7 2 8 
20180518616 10 7 3 5 4 2 9 8 1 6 
20180518617 8 4 2 10 5 3 9 1 7 6 
20180518618 7 5 6 10 2 3 9 4 8 1 
20180518619 9 4 2 6 1 3 5 10 8 7 
20180518620 2 10 9 1 8 4 5 6 7 3 
20180518621 8 6 5 4 3 2 1 9 10 7 
20180518622 7 6 10 4 8 5 3 1 2 9 
20180518623 8 9 5 3 2 6 10 7 4 1 
20180518624 10 6 5 8 4 1 3 2 9 7 
20180518625 4 6 5 10 2 9 7 8 1 3 
20180518626 2 8 10 7 6 5 1 4 9 3 
20180518627 6 7 5 4 10 1 2 3 8 9 
20180518628 9 3 10 7 2 8 4 5 6 1 
20180518629 9 8 4 2 3 1 6 10 7 5 
20180518630 5 4 7 9 8 1 6 10 2 3 
20180518631 3 8 4 10 1 9 7 2 5 6 
20180518632 9 1 7 2 8 10 3 6 5 4 
20180518633 5 7 2 4 6 10 8 3 9 1 
20180518634 4 9 5 7 3 10 6 8 1 2 
20180518635 6 8 7 1 9 2 10 4 5 3 
20180518636 1 5 8 3 4 7 6 2 10 9 
20180518637 9 4 5 10 3 1 2 6 8 7 
20180518638 5 9 8 10 7 1 4 6 3 2 
20180518639 2 6 8 4 9 3 5 7 10 1 
20180518640 7 1 3 10 6 4 2 8 9 5 
20180518641 8 4 5 1 2 6 10 7 9 3 
20180518642 10 2 8 7 4 3 5 6 9 1 
20180518643 9 2 1 10 3 6 4 5 8 7 
20180518644 1 3 5 6 4 2 9 8 7 10 
20180518645 6 3 4 9 10 5 1 7 2 8 
20180518646 8 10 2 7 3 9 5 6 4 1 
20180518647 9 3 1 10 6 8 4 5 2 7 
20180518648 4 7 2 8 1 3 10 9 6 5 
20180518649 7 8 4 3 2 9 10 1 5 6 
20180518650 3 10 1 6 9 8 2 7 4 5 
20180518651 3 2 6 8 10 9 1 5 4 7 
20180518652 4 8 3 10 5 7 6 1 2 9 
20180518653 1 2 5 8 10 9 7 6 4 3 
20180518654 10 4 6 7 1 3 8 5 9 2 
20180518655 9 8 7 5 3 2 1 10 6 4 
20180518656 5 4 6 9 7 3 1 8 2 10 
20180518657 8 2 9 5 4 3 1 7 6 10 
20180518658 10 9 8 2 7 5 4 6 3 1 
20180518659 10 9 3 4 6 5 7 2 1 8 
20180518660 8 1 10 3 5 2 6 9 4 7 
20180518661 2 1 9 3 8 4 7 6 10 5 
20180518662 9 1 10 4 6 2 7 8 3 5 
20180518663 1 7 8 6 4 10 5 3 9 2 
20180518664 6 1 3 5 10 9 8 7 2 4 
20180518665 2 5 10 3 8 6 7 4 9 1 
20180518666 10 7 5 6 3 9 8 2 1 4 
20180518667 6 7 10 1 9 4 3 2 8 5 
20180518668 4 5 1 3 7 10 8 9 6 2 
20180518669 5 9 10 6 1 2 4 8 7 3 
20180518670 1 6 8 3 5 10 2 7 4 9 
20180518671 6 10 5 1 8 9 3 2 7 4 
20180518672 8 6 1 9 2 3 4 10 7 5 
20180518673 6 7 10 4 2 8 3 5 9 1 
20180518674 3 8 6 10 7 9 1 2 5 4 
20180518675 2 3 6 1 7 5 4 9 8 10 
20180518676 4 8 3 1 10 5 2 7 6 9 
20180518677 3 4 6 1 7 2 8 10 9 5 
20180518678 7 4 1 6 2 3 9 5 8 10 
20180518679 1 2 7 5 10 9 4 3 6 8 
20180518680 6 1 3 5 8 10 9 7 4 2 
20180518681 4 7 8 6 1 3 2 9 10 5 
20180518682 7 4 2 10 1 5 9 8 3 6 
20180518683 5 6 8 3 4 1 10 9 7 2 
20180518684 6 10 4 3 2 7 9 1 8 5 
20180518685 7 5 6 1 9 3 2 10 4 8 
20180518686 7 1 8 4 9 6 5 10 2 3 
20180518687 4 2 9 7 5 3 8 10 1 6 
20180518688 6 1 4 2 5 7 9 10 8 3 
20180518689 1 3 8 7 9 2 6 5 10 4 
20180518690 4 3 5 7 9 1 6 10 8 2 
20180518691 5 10 9 8 7 3 1 4 6 2 
20180518692 9 6 4 5 8 3 1 10 2 7 
20180518693 8 10 6 2 1 5 7 3 9 4 
20180518694 6 9 7 2 3 8 4 5 10 1 
20180518695 6 10 3 1 2 9 8 4 7 5 
20180518696 4 1 3 2 10 5 9 6 7 8 
20180518697 7 8 4 5 1 10 6 9 2 3 
20180518698 4 3 7 10 5 6 1 9 8 2 
20180518699 3 5 9 10 4 6 7 8 1 2 
20180518700 6 10 2 3 8 1 9 7 4 5 
20180518701 10 8 7 6 9 1 2 5 3 4 
20180518702 5 6 10 4 7 9 2 8 1 3 
20180518703 6 3 9 4 5 2 10 8 7 1 
20180518704 3 9 7 4 2 8 6 5 10 1 
20180518705 6 2 9 3 1 5 4 10 8 7 
20180518706 4 5 8 6 7 1 2 10 3 9 
20180518707 6 1 5 10 8 3 7 4 2 9 
20180518708 6 2 9 1 3 10 8 7 4 5 
20180518709 5 1 10 4 8 9 7 2 3 6 
20180518710 4 9 3 2 1 6 7 5 8 10 
20180518711 7 3 10 2 4 5 8 6 1 9 
20180518712 6 1 9 4 5 7 8 3 10 2 
20180518713 2 7 5 3 8 6 10 1 4 9 
20180518714 1 8 5 4 6 9 3 7 10 2 
20180518715 5 1 7 3 10 9 2 8 4 6 
20180518716 7 6 9 4 10 2 8 3 1 5 
20180518717 7 10 2 1 8 3 5 6 4 9 
20180518718 8 4 2 5 9 7 1 10 3 6 
20180518719 5 7 1 4 2 8 3 6 10 9 
20180518720 2 6 7 1 5 9 10 8 4 3 
20180518721 10 6 7 3 2 1 8 5 9 4 
20180518722 5 2 6 3 7 9 1 4 8 10 
20180518723 3 5 10 8 7 1 9 6 4 2 
20180518724 8 4 2 5 1 3 9 10 7 6 
20180518725 3 5 9 7 2 1 6 8 10 4 
20180518726 6 5 10 4 7 1 2 8 9 3 
20180518727 10 1 7 5 2 4 3 6 8 9 
20180518728 4 3 2 8 7 10 1 5 9 6 
20180518729 10 1 4 6 3 5 9 2 8 7 
20180518730 10 3 6 4 8 1 9 7 2 5 
20180518731 6 7 1 8 2 9 10 5 4 3 
20180518732 1 6 4 10 8 3 5 7 9 2 
20180518733 9 10 7 8 3 2 6 5 1 4 
20180518734 9 8 3 5 2 1 10 7 4 6 
20180518735 10 5 1 4 3 8 7 2 6 9 
20180518736 3 9 4 7 8 5 6 1 2 10 
20180518737 10 2 4 8 5 7 6 1 3 9 
20180518738 7 9 10 4 5 2 6 1 8 3 
20180518739 3 9 1 10 6 7 2 5 8 4 
20180518740 3 5 9 1 6 10 4 2 8 7 
20180518741 5 8 7 9 3 10 4 6 2 1 
20180518742 3 8 10 5 4 1 2 9 6 7 
20180518743 6 8 4 9 1 5 2 7 3 10 
20180518744 6 2 10 5 4 1 9 8 3 7 
20180518745 8 7 2 1 5 3 4 9 10 6 
20180518746 5 7 1 10 9 3 2 6 8 4 
20180518747 10 1 4 6 7 3 8 9 2 5 
20180518748 6 1 5 9 7 3 10 2 8 4 
20180518749 8 10 6 5 2 4 9 1 7 3 
20180518750 9 2 5 8 7 1 10 6 3 4 
20180518751 8 2 1 5 7 9 3 4 10 6 
20180518752 7 1 9 3 5 8 10 2 4 6 
20180518753 9 5 3 7 4 6 2 1 8 10 
20180518754 3 6 2 5 9 1 7 8 4 10 
20180518755 6 10 9 8 7 4 1 2 5 3 
20180518756 4 3 6 9 7 8 1 5 2 10 
20180518757 5 9 2 1 3 7 10 4 8 6 
20180518758 10 7 2 1 3 8 4 9 6 5 
20180518759 9 4 3 5 1 10 8 2 7 6 
20180518760 10 2 3 9 1 5 4 8 6 7 
20180518761 5 8 6 7 4 1 10 9 2 3 
20180518762 6 4 10 2 1 7 9 3 8 5 
20180518763 6 5 3 8 10 7 1 2 4 9 
20180518764 1 4 8 3 5 2 10 7 6 9 
20180518765 5 10 8 9 6 1 3 4 7 2 
20180518766 6 4 8 3 2 1 7 9 10 5 
20180518767 7 6 3 9 2 5 10 4 8 1 
20180518768 4 7 3 6 1 5 8 2 10 9 
20180518769 9 5 1 2 6 7 4 3 8 10 
20180518770 5 7 10 1 8 6 9 4 3 2 
20180518771 8 5 6 2 1 10 7 9 4 3 
20180518772 3 4 6 5 9 8 1 2 10 7 
20180518773 6 4 8 9 2 10 5 7 3 1 
20180518774 2 8 7 3 6 4 9 1 5 10 
20180518775 7 2 4 3 6 9 5 8 10 1 
20180518776 10 5 4 7 6 8 1 3 9 2 
20180518777 2 7 9 10 3 4 8 1 6 5 
20180518778 3 9 8 7 5 1 6 4 2 10 
20180518779 5 6 1 9 3 4 8 7 10 2 
20180518780 8 10 6 2 7 5 9 3 1 4 
20180518781 10 2 7 3 1 4 8 9 6 5 
20180518782 7 2 1 6 3 5 8 4 10 9 
20180518783 5 9 1 2 10 6 8 4 3 7 
20180518784 5 4 3 9 7 6 2 10 1 8 
20180518785 7 4 6 9 1 5 3 8 2 10 
20180518786 2 7 10 4 3 8 1 9 5 6 
20180518787 8 1 9 2 10 3 5 6 4 7 
20180518788 4 7 6 10 1 3 2 9 5 8 
20180518789 1 9 8 5 2 6 3 7 10 4 
20180518790 6 5 2 3 1 9 4 10 7 8 
20180518791 9 4 8 5 7 10 6 1 3 2 
20180518792 4 2 7 5 3 6 8 10 1 9 
20180518793 3 6 8 10 7 4 9 1 2 5 
20180518794 10 2 6 8 5 9 3 7 4 1 
20180518795 7 9 1 6 4 3 8 2 10 5 
20180518796 2 5 8 1 9 10 7 3 4 6 
20180518797 7 10 8 3 4 5 6 1 2 9 
20180518798 8 6 5 10 2 4 1 3 7 9 
20180518799 5 4 6 8 10 9 2 1 3 7 
20180518800 10 2 7 1 8 6 9 5 3 4 
20180518801 7 3 8 9 10 5 2 6 1 4 
20180518802 6 8 7 3 9 1 2 10 5 4 
20180518803 1 4 10 6 8 2 5 9 3 7 
20180518804 2 7 5 8 4 9 10 1 3 6 
20180518805 6 8 9 3 7 2 1 5 4 10 
20180518806 2 4 10 5 1 3 6 7 9 8 
20180518807 8 2 7 9 4 1 10 5 3 6 
20180518808 9 5 2 8 7 6 1 4 10 3 
20180518809 10 1 2 9 3 6 5 4 7 8 
20180518810 9 7 1 8 4 6 3 5 10 2 
20180518811 7 8 1 9 4 2 5 10 3 6 
20180518812 3 2 8 6 7 4 1 10 5 9 
20180518813 3 7 9 10 2 8 5 1 4 6 
20180518814 3 1 7 6 9 10 8 5 4 2 
20180518815 8 9 5 3 2 1 6 10 4 7 
20180518816 4 1 8 2 3 5 9 10 7 6 
20180518817 5 8 10 4 2 9 7 1 6 3 
20180518818 1 6 4 2 10 3 9 5 7 8 
20180518819 8 5 3 6 10 1 9 7 2 4 
20180518820 4 3 6 2 9 1 5 7 10 8 
20180518821 8 6 2 9 4 7 1 5 3 10 
20180518822 1 2 5 6 7 3 10 8 9 4 
20180518823 1 9 10 2 3 8 4 7 6 5 
20180518824 3 5 8 1 2 6 4 10 7 9 
20180518825 3 4 8 6 9 1 5 10 2 7 
20180518826 9 4 6 2 3 10 5 1 8 7 
20180518827 4 5 6 3 9 7 8 2 10 1 
20180518828 2 7 6 5 10 1 8 3 9 4 
20180518829 9 4 1 8 2 3 5 7 10 6 
20180518830 10 3 1 8 4 2 9 7 6 5 
20180518831 3 4 6 7 1 9 8 2 10 5 
20180518832 7 10 5 6 4 9 3 8 1 2 
20180518833 7 9 8 3 5 6 1 4 10 2 
20180518834 5 6 8 4 1 3 10 2 7 9 
20180518835 10 1 8 6 3 7 5 4 9 2 
20180518836 4 10 9 2 1 3 6 7 5 8 
20180518837 7 4 3 5 10 9 1 6 2 8 
20180518838 4 1 2 5 7 6 9 10 3 8 
20180518839 7 5 4 10 9 2 6 3 1 8 
20180518840 7 8 3 9 2 5 10 1 6 4 
20180518841 1 4 6 2 8 9 7 3 5 10 
20180518842 8 9 1 5 6 4 3 2 10 7 
20180518843 9 3 8 1 2 7 5 6 4 10 
20180518844 1 10 2 9 8 5 7 6 3 4 
20180518845 10 9 7 6 1 3 5 2 4 8 
20180518846 6 9 8 5 2 3 1 7 4 10 
20180518847 2 8 10 7 5 9 3 6 1 4 
20180518848 8 1 3 5 4 9 10 7 2 6 
20180518849 7 6 1 3 9 5 8 10 4 2 
20180518850 6 4 9 5 8 7 1 10 2 3 
20180518851 1 5 6 8 4 3 10 7 2 9 
20180518852 7 3 4 6 1 10 9 5 8 2 
20180518853 2 5 9 3 10 1 7 6 4 8 
20180518854 4 2 6 10 7 1 8 3 9 5 
20180518855 2 9 3 4 5 10 6 7 8 1 
20180518856 3 4 8 10 9 6 1 7 2 5 
20180518857 3 9 1 5 8 6 4 2 10 7 
20180518858 3 7 5 4 8 10 6 9 1 2 
20180518859 9 1 4 3 5 8 6 2 7 10 
20180518860 5 6 10 9 4 7 2 1 8 3 
20180518861 10 5 8 4 9 1 3 7 2 6 
20180518862 9 3 8 5 4 7 1 6 10 2 
20180518863 2 3 6 4 10 9 8 5 1 7 
20180518864 8 1 3 6 4 10 2 9 7 5 
20180518865 9 8 4 1 3 5 2 10 7 6 
20180518866 2 1 7 6 4 10 9 8 3 5 
20180518867 6 1 5 3 7 8 10 4 2 9 
20180518868 9 8 4 6 2 5 7 1 3 10 
20180518869 3 4 7 10 5 6 8 9 2 1 
20180518870 2 7 4 6 1 5 8 3 9 10 
20180518871 1 9 4 10 2 3 5 8 7 6 
20180518872 5 1 9 10 7 2 8 4 6 3 
20180518873 9 7 1 4 2 6 5 8 3 10 
20180518874 2 9 10 6 3 8 4 5 7 1 
20180518875 4 9 2 10 3 6 8 1 5 7 
20180518876 3 4 5 7 10 1 8 9 6 2 
20180518877 5 8 1 7 10 9 4 2 3 6 
20180518878 5 4 9 1 7 8 10 6 2 3 
20180518879 9 2 4 7 6 10 3 1 5 8 
20180518880 5 2 10 4 3 9 8 6 1 7 
20180518881 2 8 6 7 5 9 1 4 10 3 
20180518882 4 10 1 7 9 3 6 8 2 5 
20180518883 2 10 9 8 1 5 3 6 4 7 
20180518884 8 3 6 9 1 4 7 2 10 5 
20180518885 8 1 6 7 9 10 3 2 5 4 
20180518886 8 1 9 4 3 2 10 5 6 7 
20180518887 3 10 7 6 8 1 2 4 9 5 
20180518888 8 9 4 6 1 10 5 7 3 2 
20180518889 8 5 7 6 1 4 3 2 9 10 
20180518890 10 5 1 7 6 4 8 3 2 9 
20180518891 6 9 2 10 7 4 1 3 5 8 
20180518892 2 4 10 5 8 3 6 9 1 7 
20180518893 4 6 1 5 9 10 3 2 7 8 
20180518894 3 5 9 10 1 6 7 4 2 8 
20180518895 2 8 3 6 9 1 4 7 5 10 
20180518896 5 3 2 10 6 4 8 7 9 1 
20180518897 2 3 7 6 4 1 10 8 9 5 
20180518898 6 8 1 3 4 7 9 2 5 10 
20180518899 7 4 2 9 5 6 1 8 10 3 
20180518900 2 9 10 3 5 4 1 8 6 7 
20180518901 9 8 5 10 3 4 7 6 1 2 
20180518902 6 1 4 2 7 3 8 10 9 5 
20180518903 5 9 4 2 6 3 10 8 1 7 
20180518904 2 10 9 4 3 5 6 7 8 1 
20180518905 2 3 5 4 1 9 10 7 8 6 
20180518906 3 8 4 6 10 9 7 2 1 5 
20180518907 5 3 2 9 7 1 10 6 4 8 
20180518908 4 3 5 7 10 1 6 2 8 9 
20180518909 8 1 6 7 2 4 10 9 5 3 
20180518910 9 8 4 7 1 2 6 10 3 5 
20180518911 2 5 7 8 10 6 4 1 9 3 
20180518912 7 4 3 9 1 6 5 8 2 10 
20180518913 4 2 10 1 8 6 7 5 9 3 
20180518914 3 8 10 7 5 1 4 9 2 6 
20180518915 5 8 2 1 10 9 6 7 4 3 
20180518916 2 4 8 9 7 6 1 3 5 10 
20180518917 2 5 6 4 8 1 7 9 10 3 
20180518918 8 7 10 6 5 3 4 9 1 2 
20180518919 8 4 1 6 3 9 2 5 10 7 
20180518920 4 7 1 9 3 5 6 2 10 8 
20180518921 8 2 6 10 9 7 4 1 3 5 
20180518922 6 7 4 9 8 3 2 5 1 10 
20180518923 9 2 7 10 5 8 3 1 6 4 
20180518924 6 9 2 10 1 5 4 7 3 8 
20180518925 8 6 5 10 1 4 3 9 7 2 
20180518926 2 4 3 1 5 6 10 7 8 9 
20180518927 2 9 6 5 8 4 1 7 10 3 
20180518928 7 5 9 2 1 8 4 3 10 6 
20180518929 4 1 3 6 2 8 9 10 5 7 
20180518930 8 10 6 2 9 3 5 1 7 4 
20180518931 10 7 1 5 8 4 3 9 2 6 
20180518932 9 3 6 1 8 10 7 2 4 5 
20180518933 8 6 4 5 3 9 2 10 7 1 
20180518934 9 1 4 5 8 6 2 10 3 7 
20180518935 5 8 2 3 9 6 1 10 7 4 
20180518936 7 5 6 2 8 4 10 3 9 1 
20180518937 8 6 5 1 9 3 2 10 7 4 
20180518938 2 3 9 5 6 7 10 4 1 8 
20180518939 7 4 8 2 1 10 5 6 3 9 
20180518940 1 3 2 10 4 9 8 5 6 7 
20180518941 10 3 2 5 8 1 4 9 6 7 
20180518942 2 3 6 10 7 9 8 1 4 5 
20180518943 1 9 6 5 4 3 7 8 10 2 
20180518944 3 4 2 9 5 10 1 6 7 8 
20180518945 7 4 5 6 10 1 8 9 2 3 
20180518946 6 5 3 7 1 9 2 4 10 8 
20180518947 6 10 7 5 4 2 9 3 8 1 
20180518948 4 2 5 1 10 3 8 7 9 6 
20180518949 3 7 10 1 6 2 4 8 9 5 
20180518950 6 5 7 10 8 9 2 1 4 3 
20180518951 1 7 2 6 3 5 8 4 9 10 
20180518952 8 9 10 6 7 1 4 3 5 2 
20180518953 10 1 3 4 2 8 9 6 7 5 
20180518954 1 5 7 10 2 6 9 4 3 8 
20180518955 6 8 1 3 10 4 2 9 5 7 
20180518956 5 4 6 8 10 9 2 7 3 1 
20180518957 5 10 8 3 2 7 4 1 9 6 
20180518958 4 7 5 9 1 8 2 3 10 6 
20180518959 9 1 6 4 5 10 8 2 7 3 
20180518960 1 3 2 5 4 9 10 8 6 7 
20180518961 2 5 3 10 6 4 9 1 7 8 
20180518962 8 5 1 10 6 2 4 3 7 9 
20180518963 10 2 9 6 4 1 7 8 5 3 
20180518964 6 5 4 1 10 2 7 9 8 3 
20180518965 2 9 4 1 8 6 7 3 10 5 
20180518966 7 9 2 5 10 3 1 8 4 6 
20180518967 6 1 2 8 10 4 5 7 9 3 
20180518968 10 6 8 1 5 7 2 4 9 3 
20180518969 7 5 9 3 6 2 8 10 4 1 
20180518970 2 8 9 7 6 1 5 10 4 3 
20180518971 7 2 8 5 6 3 4 9 10 1 
20180518972 8 6 9 2 1 4 3 7 5 10 
20180518973 1 3 9 10 5 4 7 2 8 6 
20180518974 2 8 6 7 10 3 5 4 9 1 
20180518975 1 10 3 6 8 4 7 9 2 5 
20180518976 2 9 3 4 5 10 8 6 7 1 
20180518977 2 9 10 8 5 3 7 4 6 1 
20180518978 10 6 5 1 4 7 8 3 2 9 
20180518979 3 8 6 10 1 9 5 7 4 2 
20180518980 2 1 7 10 3 4 5 9 6 8 
20180518981 5 7 10 9 1 6 8 4 3 2 
20180518982 10 2 4 9 1 8 6 7 5 3 
20180518983 7 9 8 3 10 2 4 6 5 1 
20180518984 2 8 7 4 10 1 6 9 3 5 
20180518985 2 7 10 6 4 3 9 1 5 8 
