20180509001 6 1 5 3 10 2 4 7 9 8 
20180509002 7 10 2 8 1 3 9 5 6 4 
20180509003 5 4 10 6 9 1 2 8 7 3 
20180509004 10 5 9 8 3 2 1 4 6 7 
20180509005 7 2 10 3 1 9 5 6 4 8 
20180509006 8 7 5 1 9 4 6 3 10 2 
20180509007 5 3 4 2 10 6 7 8 9 1 
20180509008 2 4 6 1 5 8 9 7 10 3 
20180509009 7 6 3 10 1 9 5 4 8 2 
20180509010 3 8 6 7 2 10 5 9 4 1 
20180509011 1 6 8 4 10 3 5 2 9 7 
20180509012 2 8 9 6 3 5 10 1 4 7 
20180509013 7 2 10 6 8 9 3 1 4 5 
20180509014 10 8 9 1 7 3 4 5 6 2 
20180509015 9 5 1 10 2 6 3 4 7 8 
20180509016 8 9 6 4 3 10 5 7 1 2 
20180509017 3 8 4 2 5 9 7 10 1 6 
20180509018 3 6 5 4 8 1 2 10 7 9 
20180509019 7 3 1 2 5 4 9 10 6 8 
20180509020 7 4 2 9 3 8 6 1 10 5 
20180509021 9 8 4 10 3 7 5 6 1 2 
20180509022 7 9 8 1 10 4 3 2 5 6 
20180509023 7 8 6 1 10 4 9 2 5 3 
20180509024 7 6 9 5 4 3 10 8 2 1 
20180509025 3 1 10 8 5 6 2 9 7 4 
20180509026 10 7 5 6 8 9 4 1 2 3 
20180509027 4 6 1 3 8 5 10 9 2 7 
20180509028 10 2 3 5 1 7 9 6 8 4 
20180509029 3 7 9 5 2 8 1 4 10 6 
20180509030 8 4 9 1 10 5 2 6 3 7 
20180509031 9 1 3 7 10 6 8 5 4 2 
20180509032 1 5 9 8 6 7 3 4 2 10 
20180509033 6 3 9 2 1 10 5 4 8 7 
20180509034 4 2 9 5 6 10 1 3 7 8 
20180509035 7 3 1 9 10 5 8 4 6 2 
20180509036 1 7 5 3 4 10 2 8 9 6 
20180509037 8 4 9 6 5 1 2 7 3 10 
20180509038 8 4 2 6 10 3 1 5 9 7 
20180509039 1 2 5 10 3 4 9 7 6 8 
20180509040 2 8 10 1 9 4 3 7 6 5 
20180509041 10 3 5 1 8 6 4 7 2 9 
20180509042 3 2 10 4 1 6 8 5 9 7 
20180509043 8 5 1 4 9 6 2 3 10 7 
20180509044 7 4 8 2 1 6 10 3 5 9 
20180509045 9 6 3 5 2 1 10 7 4 8 
20180509046 1 5 10 8 2 9 7 4 3 6 
20180509047 4 5 2 3 8 9 1 10 7 6 
20180509048 9 2 7 8 3 10 4 6 1 5 
20180509049 1 4 10 7 8 6 2 5 9 3 
20180509050 10 7 1 6 9 4 2 5 3 8 
20180509051 10 4 2 5 1 6 3 9 8 7 
20180509052 10 6 5 9 4 8 2 1 7 3 
20180509053 3 4 9 1 10 6 2 5 8 7 
20180509054 5 10 2 7 3 1 4 6 9 8 
20180509055 1 4 2 9 3 8 5 6 10 7 
20180509056 7 3 1 2 4 9 6 8 10 5 
20180509057 7 5 1 2 10 4 3 6 9 8 
20180509058 10 1 5 8 3 7 2 9 6 4 
20180509059 4 6 7 8 10 2 5 1 9 3 
20180509060 8 5 6 4 2 9 3 1 10 7 
20180509061 10 4 8 1 3 2 7 9 6 5 
20180509062 1 3 6 8 5 9 10 2 4 7 
20180509063 9 8 10 1 6 5 7 4 2 3 
20180509064 2 4 10 3 7 8 5 9 1 6 
20180509065 6 3 1 10 5 4 9 8 2 7 
20180509066 9 10 6 4 2 5 1 3 7 8 
20180509067 3 1 10 6 2 5 7 4 8 9 
20180509068 5 9 8 3 1 4 10 6 7 2 
20180509069 6 9 10 3 7 4 1 2 8 5 
20180509070 5 3 2 1 4 10 8 7 9 6 
20180509071 7 2 3 1 10 5 4 9 8 6 
20180509072 9 7 5 1 6 8 3 4 10 2 
20180509073 7 8 4 10 9 6 1 2 3 5 
20180509074 1 5 6 3 9 8 2 7 10 4 
20180509075 7 1 3 5 9 10 8 4 2 6 
20180509076 9 1 6 3 8 5 4 2 10 7 
20180509077 3 9 1 5 7 2 10 6 4 8 
20180509078 1 9 3 7 6 4 10 2 5 8 
20180509079 8 1 5 7 10 9 3 2 4 6 
20180509080 7 2 5 4 6 1 10 3 9 8 
20180509081 2 8 4 3 1 6 7 9 10 5 
20180509082 9 10 1 8 7 5 3 6 2 4 
20180509083 4 6 3 7 5 1 2 8 9 10 
20180509084 8 6 5 4 7 10 3 9 1 2 
20180509085 4 9 10 8 7 1 5 3 2 6 
20180509086 9 6 3 10 8 4 1 7 5 2 
20180509087 6 10 9 5 4 3 1 7 2 8 
20180509088 8 7 4 6 2 3 5 10 1 9 
20180509089 3 7 4 2 6 5 10 8 1 9 
20180509090 4 9 8 2 5 1 7 3 10 6 
20180509091 4 7 10 9 8 3 2 6 1 5 
20180509092 5 6 2 10 9 8 3 4 7 1 
20180509093 3 9 6 1 2 7 10 8 4 5 
20180509094 9 7 4 1 8 5 10 3 2 6 
20180509095 1 8 2 7 3 4 5 10 9 6 
20180509096 7 5 10 1 3 9 6 4 8 2 
20180509097 4 10 6 2 5 8 3 7 9 1 
20180509098 6 9 8 7 10 3 1 5 2 4 
20180509099 9 7 5 6 10 2 1 4 8 3 
20180509100 7 9 1 8 10 3 6 2 5 4 
20180509101 6 10 3 8 5 1 7 9 4 2 
20180509102 8 3 1 9 7 5 2 10 4 6 
20180509103 4 1 3 2 6 9 8 5 10 7 
20180509104 9 8 7 3 4 1 10 5 6 2 
20180509105 6 3 2 5 1 7 4 9 8 10 
20180509106 5 3 7 8 2 10 1 4 9 6 
20180509107 5 8 1 7 9 6 3 4 2 10 
20180509108 7 10 5 8 9 1 6 3 2 4 
20180509109 10 6 5 2 9 4 1 8 3 7 
20180509110 3 2 4 10 5 7 6 9 8 1 
20180509111 3 9 2 7 4 5 6 1 10 8 
20180509112 1 9 4 7 3 6 2 5 8 10 
20180509113 7 4 2 5 3 9 1 8 10 6 
20180509114 6 8 2 1 9 10 3 7 4 5 
20180509115 5 6 8 2 1 9 7 10 4 3 
20180509116 5 8 2 10 3 9 7 6 1 4 
20180509117 10 2 3 6 1 7 4 5 9 8 
20180509118 8 6 4 1 7 10 5 9 3 2 
20180509119 7 9 5 2 8 10 1 3 4 6 
20180509120 6 2 9 7 3 10 8 4 1 5 
20180509121 2 6 1 7 3 8 9 4 5 10 
20180509122 3 9 6 4 1 7 2 10 5 8 
20180509123 9 3 2 1 7 4 8 6 5 10 
20180509124 5 3 1 8 9 6 10 2 4 7 
20180509125 5 7 8 2 1 3 9 10 6 4 
20180509126 4 5 6 1 3 10 2 8 9 7 
20180509127 9 5 2 1 7 8 6 10 3 4 
20180509128 9 2 3 5 6 8 4 1 7 10 
20180509129 1 9 4 7 6 2 10 8 3 5 
20180509130 10 4 7 8 5 6 1 2 9 3 
20180509131 7 5 4 10 2 6 9 1 8 3 
20180509132 2 9 5 3 1 7 10 6 4 8 
20180509133 2 6 3 9 8 10 4 7 5 1 
20180509134 2 6 1 3 10 7 8 9 4 5 
20180509135 2 5 1 7 8 6 9 4 3 10 
20180509136 9 5 10 6 4 1 3 2 8 7 
20180509137 7 1 3 8 5 9 6 2 4 10 
20180509138 3 9 2 10 5 6 8 1 4 7 
20180509139 9 5 6 3 2 10 4 7 8 1 
20180509140 9 5 1 10 7 8 6 4 3 2 
20180509141 3 1 10 5 8 6 4 9 7 2 
20180509142 9 6 3 7 4 5 8 1 2 10 
20180509143 4 5 7 6 9 2 8 10 1 3 
20180509144 2 3 4 8 7 5 1 10 6 9 
20180509145 9 10 8 6 5 3 1 7 4 2 
20180509146 3 1 6 9 5 8 4 2 10 7 
20180509147 8 3 9 6 10 2 1 5 7 4 
20180509148 3 2 4 9 5 10 8 6 7 1 
20180509149 6 7 5 4 10 1 8 9 3 2 
20180509150 1 2 4 3 5 8 10 9 7 6 
20180509151 7 1 3 9 2 8 5 6 10 4 
20180509152 9 6 3 10 1 5 2 8 4 7 
20180509153 4 5 7 1 9 2 8 6 3 10 
20180509154 10 8 3 4 2 5 7 6 1 9 
20180509155 8 2 6 3 5 1 9 7 4 10 
20180509156 6 7 9 1 3 10 5 4 2 8 
20180509157 2 5 6 3 4 1 9 10 7 8 
20180509158 3 10 1 6 5 9 4 8 7 2 
20180509159 9 2 1 10 4 7 5 3 6 8 
20180509160 10 3 5 4 2 7 6 9 8 1 
20180509161 2 5 10 1 6 8 4 3 9 7 
20180509162 3 8 2 10 4 9 7 5 6 1 
20180509163 8 4 3 5 2 6 1 10 7 9 
20180509164 1 6 10 9 8 3 7 5 2 4 
20180509165 2 5 7 9 3 10 1 4 6 8 
20180509166 1 3 5 9 4 6 10 2 8 7 
20180509167 8 3 6 4 9 1 5 2 10 7 
20180509168 2 6 5 8 3 10 4 7 9 1 
20180509169 7 1 3 4 8 5 9 10 2 6 
20180509170 4 2 6 1 5 8 9 3 7 10 
20180509171 4 6 8 1 9 5 7 2 3 10 
20180509172 8 10 6 4 5 3 2 7 9 1 
20180509173 4 9 3 8 10 7 5 2 6 1 
20180509174 3 7 10 5 6 1 8 9 4 2 
20180509175 2 4 6 10 1 8 3 5 7 9 
20180509176 1 6 5 3 7 4 2 8 10 9 
20180509177 2 1 6 9 3 7 10 5 8 4 
20180509178 4 9 3 10 6 2 1 5 8 7 
20180509179 1 9 8 4 5 7 3 2 6 10 
20180509180 1 4 2 7 6 5 9 8 10 3 
20180509181 9 5 4 7 2 8 6 10 1 3 
20180509182 9 4 10 8 3 1 6 5 7 2 
20180509183 3 1 6 9 7 10 2 4 8 5 
20180509184 8 1 6 5 3 10 2 4 9 7 
20180509185 2 10 7 6 4 3 5 1 8 9 
20180509186 10 5 8 3 6 2 4 7 9 1 
20180509187 5 3 7 6 2 1 10 8 4 9 
20180509188 3 2 10 9 6 7 4 1 8 5 
20180509189 5 6 2 4 10 8 9 7 3 1 
20180509190 7 6 9 10 5 8 1 3 2 4 
20180509191 2 8 7 4 5 9 3 1 10 6 
20180509192 2 1 7 9 4 6 3 10 5 8 
20180509193 9 1 3 5 2 8 6 4 10 7 
20180509194 8 5 2 10 4 9 7 3 6 1 
20180509195 1 3 9 5 2 7 10 6 4 8 
20180509196 1 5 10 7 2 6 8 4 3 9 
20180509197 5 4 9 3 8 2 6 7 10 1 
20180509198 8 7 5 9 6 2 10 3 1 4 
20180509199 5 10 9 1 6 7 3 4 2 8 
20180509200 5 2 7 10 8 6 1 9 4 3 
20180509201 9 2 5 4 3 1 8 6 10 7 
20180509202 4 5 1 2 6 3 9 8 7 10 
20180509203 8 5 1 2 10 9 4 3 6 7 
20180509204 4 5 2 10 6 3 7 1 8 9 
20180509205 10 2 3 1 5 7 6 8 4 9 
20180509206 5 3 1 2 4 8 7 6 9 10 
20180509207 3 8 2 5 4 10 6 1 9 7 
20180509208 4 5 10 8 3 6 9 1 7 2 
20180509209 8 9 4 1 7 6 10 3 5 2 
20180509210 4 10 7 5 3 2 6 9 1 8 
20180509211 9 8 3 4 2 6 7 5 1 10 
20180509212 6 3 9 5 10 2 8 4 1 7 
20180509213 2 1 7 10 4 9 6 5 8 3 
20180509214 2 6 9 1 8 4 7 3 5 10 
20180509215 7 3 5 6 1 4 8 10 9 2 
20180509216 3 5 7 2 6 4 9 1 10 8 
20180509217 7 1 8 5 6 4 9 2 3 10 
20180509218 10 1 7 8 6 5 4 2 3 9 
20180509219 10 3 8 7 9 2 5 1 6 4 
20180509220 5 6 3 4 2 8 9 7 10 1 
20180509221 1 6 8 3 2 4 9 10 7 5 
20180509222 7 9 6 2 5 8 10 4 1 3 
20180509223 5 3 2 9 10 1 8 4 6 7 
20180509224 7 4 3 2 8 10 6 1 5 9 
20180509225 2 10 7 4 8 9 1 5 6 3 
20180509226 10 8 5 2 4 1 9 3 7 6 
20180509227 2 1 5 9 8 4 6 3 10 7 
20180509228 7 9 1 3 6 2 8 5 4 10 
20180509229 6 5 4 8 1 9 7 2 3 10 
20180509230 1 6 9 3 5 7 8 2 10 4 
20180509231 2 9 10 8 4 6 1 7 5 3 
20180509232 6 4 1 9 5 2 10 8 3 7 
20180509233 5 7 8 1 3 2 6 4 10 9 
20180509234 9 3 4 10 6 2 5 7 8 1 
20180509235 5 9 3 2 7 8 6 4 10 1 
20180509236 4 2 8 7 6 5 3 1 9 10 
20180509237 4 9 6 8 5 1 7 10 3 2 
20180509238 1 5 3 8 6 4 9 10 7 2 
20180509239 5 3 10 1 6 4 2 7 9 8 
20180509240 4 1 7 8 9 3 6 10 2 5 
20180509241 6 1 4 9 10 3 8 5 7 2 
20180509242 4 5 9 1 7 3 8 2 10 6 
20180509243 4 5 2 3 7 8 9 6 1 10 
20180509244 5 3 8 7 1 2 6 4 9 10 
20180509245 5 7 2 10 6 4 1 8 3 9 
20180509246 1 7 9 10 6 8 3 5 2 4 
20180509247 1 6 7 4 10 9 8 2 3 5 
20180509248 1 9 3 10 5 7 6 2 8 4 
20180509249 3 10 9 2 7 8 5 6 4 1 
20180509250 2 1 7 4 10 8 6 3 5 9 
20180509251 2 9 8 10 6 5 7 3 1 4 
20180509252 4 3 2 5 6 7 8 10 1 9 
20180509253 1 7 10 9 8 4 6 5 3 2 
20180509254 3 4 10 9 1 2 7 8 5 6 
20180509255 5 2 1 6 8 4 9 3 10 7 
20180509256 2 5 1 9 8 10 6 4 7 3 
20180509257 10 7 6 2 8 4 3 5 9 1 
20180509258 10 1 4 3 5 9 2 8 7 6 
20180509259 3 10 2 8 5 1 4 9 7 6 
20180509260 5 7 2 10 4 3 1 6 9 8 
20180509261 7 9 10 3 6 1 5 4 2 8 
20180509262 1 2 6 9 3 7 5 10 4 8 
20180509263 1 7 5 6 4 10 8 2 9 3 
20180509264 5 1 3 9 7 4 8 10 6 2 
20180509265 2 10 1 3 8 4 5 7 6 9 
20180509266 2 8 3 9 7 6 5 1 4 10 
20180509267 3 8 10 5 2 6 9 4 7 1 
20180509268 1 9 3 7 10 2 6 8 5 4 
20180509269 7 8 3 5 1 9 4 10 2 6 
20180509270 2 3 9 10 6 1 5 4 7 8 
20180509271 5 10 7 4 8 1 9 3 6 2 
20180509272 5 4 7 2 3 10 6 1 8 9 
20180509273 2 4 10 9 3 6 5 7 8 1 
20180509274 10 9 2 5 7 6 3 4 1 8 
20180509275 4 7 1 10 5 6 2 3 8 9 
20180509276 2 1 3 4 10 6 7 9 8 5 
20180509277 3 10 1 9 7 4 5 6 2 8 
20180509278 7 8 6 4 1 9 3 5 10 2 
20180509279 7 2 8 10 4 9 1 5 3 6 
20180509280 3 1 8 4 2 7 10 9 5 6 
20180509281 4 2 6 3 5 9 7 8 1 10 
20180509282 5 4 6 3 9 7 1 2 10 8 
20180509283 2 1 9 8 10 7 4 5 3 6 
20180509284 3 7 5 2 4 10 9 8 1 6 
20180509285 6 4 5 1 10 7 2 8 9 3 
20180509286 8 6 9 4 1 7 5 3 10 2 
20180509287 6 2 7 8 3 9 1 4 5 10 
20180509288 6 7 9 3 8 2 10 1 5 4 
20180509289 7 3 9 4 10 8 5 6 2 1 
20180509290 9 1 10 3 6 2 7 4 5 8 
20180509291 3 9 5 8 2 1 6 10 7 4 
20180509292 4 5 2 8 7 3 9 1 6 10 
20180509293 3 6 8 9 10 4 5 1 7 2 
20180509294 2 10 8 1 4 5 9 3 7 6 
20180509295 3 2 10 8 5 4 7 9 6 1 
20180509296 8 4 1 9 6 5 10 2 3 7 
20180509297 2 10 9 7 1 5 4 6 8 3 
20180509298 6 1 2 7 5 4 10 3 9 8 
20180509299 1 5 3 4 9 10 7 8 2 6 
20180509300 2 10 5 7 8 3 9 1 4 6 
20180509301 2 6 1 4 3 9 10 5 7 8 
20180509302 3 2 1 6 9 4 5 7 8 10 
20180509303 7 4 9 6 2 5 1 3 10 8 
20180509304 10 1 2 5 7 6 3 8 4 9 
20180509305 9 4 2 7 3 5 8 1 10 6 
20180509306 5 9 10 2 1 3 4 7 6 8 
20180509307 1 9 3 5 8 4 6 7 10 2 
20180509308 1 10 3 8 4 9 5 2 6 7 
20180509309 4 2 1 8 10 6 9 7 5 3 
20180509310 3 8 1 7 6 4 5 10 9 2 
20180509311 6 9 10 2 5 1 8 7 3 4 
20180509312 1 8 9 4 6 10 2 3 5 7 
20180509313 6 3 1 4 8 9 10 5 2 7 
20180509314 4 10 8 9 1 7 5 6 3 2 
20180509315 4 1 5 9 6 2 7 8 10 3 
20180509316 3 8 4 6 9 10 7 1 5 2 
20180509317 8 10 7 3 6 2 5 9 4 1 
20180509318 10 5 1 6 4 2 7 8 3 9 
20180509319 1 6 9 3 5 2 4 8 10 7 
20180509320 3 6 4 10 1 5 7 8 9 2 
20180509321 2 1 3 6 8 5 7 10 4 9 
20180509322 3 9 5 10 1 6 8 2 7 4 
20180509323 8 7 5 10 9 4 2 1 3 6 
20180509324 7 2 1 10 3 8 6 9 4 5 
20180509325 3 7 10 2 4 9 6 1 5 8 
20180509326 9 10 4 2 7 8 3 5 1 6 
20180509327 9 5 7 8 6 10 4 2 1 3 
20180509328 1 6 9 4 5 7 3 8 10 2 
20180509329 4 9 2 6 3 1 10 7 8 5 
20180509330 8 4 10 7 6 1 9 2 5 3 
20180509331 9 7 1 8 3 10 4 5 2 6 
20180509332 10 3 8 6 4 2 5 7 9 1 
20180509333 2 4 8 5 7 1 3 10 9 6 
20180509334 7 3 10 1 2 4 8 6 5 9 
20180509335 4 6 3 10 7 1 9 8 5 2 
20180509336 4 9 8 6 3 5 7 2 10 1 
20180509337 6 1 5 8 10 3 7 9 2 4 
20180509338 2 7 6 10 3 1 5 4 9 8 
20180509339 7 10 5 3 6 2 8 9 1 4 
20180509340 4 6 8 1 10 9 7 2 3 5 
20180509341 5 6 4 7 9 3 2 1 10 8 
20180509342 5 6 1 10 9 3 2 4 8 7 
20180509343 6 8 7 3 2 5 9 4 10 1 
20180509344 2 9 4 7 6 5 1 10 3 8 
20180509345 6 1 7 2 5 3 4 9 8 10 
20180509346 1 7 6 5 3 8 4 10 9 2 
20180509347 1 4 8 10 5 3 7 2 9 6 
20180509348 6 4 9 1 8 7 3 2 10 5 
20180509349 9 4 5 3 2 7 6 1 8 10 
20180509350 1 5 4 6 10 7 8 2 3 9 
20180509351 3 2 5 1 10 4 8 6 7 9 
20180509352 7 5 10 6 8 3 9 4 2 1 
20180509353 1 10 7 5 4 6 9 2 8 3 
20180509354 10 9 8 1 4 2 3 6 5 7 
20180509355 4 8 3 9 7 10 1 6 5 2 
20180509356 1 2 7 6 10 5 3 8 4 9 
20180509357 5 4 6 8 10 3 1 7 9 2 
20180509358 5 2 8 3 9 10 1 4 6 7 
20180509359 3 9 8 1 2 7 4 5 10 6 
20180509360 6 9 1 8 7 4 3 10 5 2 
20180509361 4 10 8 6 7 1 2 5 9 3 
20180509362 9 1 5 6 2 4 10 8 7 3 
20180509363 8 3 7 6 9 1 10 4 5 2 
20180509364 5 4 7 2 8 10 6 3 9 1 
20180509365 6 5 2 1 9 8 4 10 3 7 
20180509366 6 9 2 10 3 7 1 4 8 5 
20180509367 9 1 8 5 4 7 10 3 6 2 
20180509368 5 4 7 10 6 1 8 9 2 3 
20180509369 1 6 4 2 3 9 5 7 10 8 
20180509370 7 4 2 9 8 5 3 1 10 6 
20180509371 9 2 5 10 4 8 3 7 1 6 
20180509372 4 5 7 1 6 10 2 8 3 9 
20180509373 6 4 3 9 2 1 5 7 8 10 
20180509374 8 7 5 1 9 10 4 3 6 2 
20180509375 3 7 4 1 2 5 9 8 6 10 
20180509376 5 4 6 1 9 7 10 2 8 3 
20180509377 6 5 3 2 4 9 8 1 7 10 
20180509378 9 8 3 5 4 2 10 6 7 1 
20180509379 4 6 3 8 2 1 5 10 9 7 
20180509380 7 1 9 8 3 6 2 5 4 10 
20180509381 2 9 5 3 8 4 1 10 7 6 
20180509382 3 10 8 7 6 9 1 4 2 5 
20180509383 10 4 6 3 5 9 8 2 7 1 
20180509384 2 9 5 7 3 10 6 8 1 4 
20180509385 2 5 6 9 10 4 8 3 7 1 
20180509386 4 3 2 6 8 5 9 10 1 7 
20180509387 10 9 5 7 1 4 6 3 2 8 
20180509388 4 7 10 8 9 2 6 5 3 1 
20180509389 10 9 8 3 6 5 1 4 2 7 
20180509390 1 5 9 7 3 4 10 8 2 6 
20180509391 10 2 5 4 6 7 3 8 1 9 
20180509392 8 6 5 3 9 10 2 1 4 7 
20180509393 7 5 10 6 1 8 3 4 2 9 
20180509394 4 6 1 5 10 8 2 3 7 9 
20180509395 6 9 4 8 10 1 5 7 2 3 
20180509396 9 8 2 3 1 6 4 7 5 10 
20180509397 1 2 3 9 5 10 4 8 6 7 
20180509398 2 10 8 9 6 7 4 1 3 5 
20180509399 7 4 5 9 2 1 6 8 3 10 
20180509400 6 5 8 1 4 10 2 3 7 9 
20180509401 6 5 7 3 4 1 2 9 8 10 
20180509402 1 3 5 10 7 9 2 4 6 8 
20180509403 3 6 4 8 10 7 2 5 1 9 
20180509404 8 6 7 3 1 4 5 9 10 2 
20180509405 4 10 6 5 7 8 9 1 2 3 
20180509406 2 10 3 4 8 7 6 5 1 9 
20180509407 2 10 8 1 4 3 9 6 7 5 
20180509408 4 8 10 2 9 6 7 1 3 5 
20180509409 1 5 2 4 10 3 9 7 8 6 
20180509410 4 7 5 10 9 6 3 2 1 8 
20180509411 5 7 6 1 4 3 10 9 2 8 
20180509412 8 10 1 7 5 4 3 9 6 2 
20180509413 6 9 1 8 5 4 3 7 2 10 
20180509414 3 10 2 9 6 5 7 8 4 1 
20180509415 8 2 9 3 5 10 6 7 4 1 
20180509416 7 6 9 3 8 5 2 1 4 10 
20180509417 10 1 8 4 9 6 3 2 7 5 
20180509418 8 10 2 9 7 6 1 5 4 3 
20180509419 10 5 6 1 9 4 8 7 2 3 
20180509420 2 6 9 4 1 3 10 5 8 7 
20180509421 1 5 9 3 8 6 7 4 2 10 
20180509422 8 2 1 6 5 7 9 4 3 10 
20180509423 5 4 2 7 8 9 6 3 1 10 
20180509424 1 3 6 10 7 5 8 2 4 9 
20180509425 4 8 3 10 1 5 9 6 2 7 
20180509426 9 4 1 2 6 8 3 10 7 5 
20180509427 1 10 8 7 3 9 5 4 6 2 
20180509428 6 1 3 7 9 5 10 8 2 4 
20180509429 5 10 9 6 3 7 8 4 1 2 
20180509430 5 9 10 8 4 3 7 6 1 2 
20180509431 7 1 3 10 9 4 2 8 6 5 
20180509432 4 5 1 9 3 2 6 7 10 8 
20180509433 10 2 8 3 4 5 9 6 1 7 
20180509434 3 5 9 8 6 2 7 1 4 10 
20180509435 9 5 8 6 2 10 7 4 1 3 
20180509436 9 8 4 2 10 6 3 7 5 1 
20180509437 10 4 1 2 7 3 5 6 9 8 
20180509438 9 8 1 2 7 4 10 3 5 6 
20180509439 6 2 1 9 5 8 4 7 10 3 
20180509440 2 7 5 9 1 10 3 8 6 4 
20180509441 10 9 2 3 6 4 1 7 8 5 
20180509442 10 7 9 1 2 5 8 6 3 4 
20180509443 3 10 6 7 8 1 2 9 5 4 
20180509444 8 7 4 1 9 6 3 10 2 5 
20180509445 7 3 9 5 8 10 6 4 1 2 
20180509446 1 6 5 10 9 2 7 8 3 4 
20180509447 3 7 4 8 1 6 9 10 2 5 
20180509448 6 7 3 10 5 9 8 1 4 2 
20180509449 2 10 3 4 6 9 5 7 8 1 
20180509450 2 3 1 5 6 7 8 9 4 10 
20180509451 6 10 1 8 4 5 7 2 3 9 
20180509452 7 1 5 2 8 6 9 10 3 4 
20180509453 7 4 10 1 3 6 2 9 5 8 
20180509454 4 2 10 5 1 7 8 6 3 9 
20180509455 1 6 2 3 8 7 9 5 10 4 
20180509456 5 2 8 7 1 3 10 4 9 6 
20180509457 7 6 9 3 10 2 4 5 1 8 
20180509458 10 9 5 8 4 2 1 7 6 3 
20180509459 6 8 9 3 5 4 2 10 1 7 
20180509460 9 10 4 7 5 2 8 6 3 1 
20180509461 1 9 6 4 2 5 7 8 10 3 
20180509462 8 7 1 10 9 4 5 3 6 2 
20180509463 3 1 6 8 5 7 10 2 4 9 
20180509464 9 2 1 6 4 10 8 5 7 3 
20180509465 7 1 3 10 2 6 4 5 8 9 
20180509466 5 3 4 8 1 7 10 2 9 6 
20180509467 5 1 10 3 8 2 6 4 7 9 
20180509468 7 9 10 8 1 4 2 5 6 3 
20180509469 5 2 6 10 4 9 1 8 7 3 
20180509470 8 3 1 7 4 5 10 6 2 9 
20180509471 1 4 2 10 3 8 9 5 7 6 
20180509472 1 4 10 5 9 2 3 8 6 7 
20180509473 5 1 9 3 8 6 10 2 4 7 
20180509474 10 7 3 8 1 4 2 6 9 5 
20180509475 1 9 8 6 4 5 3 2 7 10 
20180509476 5 6 7 2 9 1 4 10 3 8 
20180509477 7 10 5 4 2 8 9 6 1 3 
20180509478 2 9 7 5 6 8 10 1 4 3 
20180509479 2 8 10 1 3 4 9 6 7 5 
20180509480 6 8 5 9 3 2 1 10 4 7 
20180509481 6 4 3 10 2 1 8 9 7 5 
20180509482 2 5 10 3 6 4 7 9 8 1 
20180509483 4 9 8 10 5 3 2 1 7 6 
20180509484 6 8 10 9 3 4 1 2 5 7 
20180509485 9 5 1 3 10 6 2 7 8 4 
20180509486 5 6 7 3 4 1 10 8 2 9 
20180509487 1 4 7 3 6 5 2 8 10 9 
20180509488 4 3 8 5 9 6 1 2 10 7 
20180509489 2 9 3 1 10 4 6 8 5 7 
20180509490 10 2 3 8 1 9 5 6 7 4 
20180509491 8 5 6 1 9 3 2 10 4 7 
20180509492 7 8 4 5 1 3 2 10 6 9 
20180509493 8 9 1 6 5 7 10 2 4 3 
20180509494 10 8 5 3 1 7 9 4 2 6 
20180509495 2 7 6 5 3 1 9 4 8 10 
20180509496 9 7 1 10 4 2 6 3 5 8 
20180509497 8 9 2 5 4 3 7 6 1 10 
20180509498 10 2 8 6 1 3 9 5 4 7 
20180509499 5 3 9 6 2 10 7 8 1 4 
20180509500 1 8 7 5 2 10 4 6 3 9 
20180509501 7 1 10 6 9 2 3 8 4 5 
20180509502 9 8 5 10 4 3 1 2 6 7 
20180509503 9 6 3 1 2 5 8 7 10 4 
20180509504 4 1 3 5 7 10 2 9 8 6 
20180509505 2 8 10 7 9 6 5 1 3 4 
20180509506 10 2 5 9 6 7 4 8 3 1 
20180509507 7 9 4 1 10 5 8 2 3 6 
20180509530 5 6 1 10 2 8 4 3 9 7 
20180509531 9 3 2 7 5 1 10 6 4 8 
20180509532 6 2 5 4 9 1 10 7 3 8 
20180509533 1 6 3 9 8 7 2 4 5 10 
20180509534 8 9 10 3 7 6 5 2 4 1 
20180509535 2 3 9 6 8 10 5 1 7 4 
20180509536 7 5 1 10 3 4 2 8 6 9 
20180509537 8 5 9 4 2 7 1 6 3 10 
20180509538 9 7 5 6 2 3 1 10 4 8 
20180509539 7 9 3 1 2 5 4 6 10 8 
20180509540 4 5 3 1 9 8 10 7 2 6 
20180509541 6 4 2 8 10 9 5 3 1 7 
20180509545 4 5 7 9 6 1 10 3 8 2 
20180509546 3 10 1 5 6 4 8 2 9 7 
20180509547 6 2 4 3 10 5 7 8 9 1 
20180509548 5 9 3 2 10 8 4 1 6 7 
20180509549 8 1 5 2 9 6 4 10 3 7 
20180509550 6 10 2 3 8 4 7 5 9 1 
20180509551 7 5 2 1 4 10 3 8 9 6 
20180509552 2 9 7 10 3 6 4 8 5 1 
20180509553 7 2 5 4 8 1 10 3 9 6 
20180509554 7 10 6 8 1 5 2 3 9 4 
20180509555 7 10 5 1 3 8 2 6 9 4 
20180509556 9 8 7 3 1 2 10 6 4 5 
20180509557 10 4 3 5 2 7 9 6 1 8 
20180509558 7 2 9 10 3 5 6 4 1 8 
20180509559 5 9 7 2 6 10 4 8 3 1 
20180509560 9 1 6 2 10 7 4 5 8 3 
20180509561 7 6 1 8 4 5 2 10 9 3 
20180509562 8 6 9 1 2 10 4 5 7 3 
20180509563 2 6 1 4 3 10 9 5 7 8 
20180509564 2 1 8 4 10 9 3 5 7 6 
20180509565 6 1 9 10 8 5 7 2 4 3 
20180509566 1 5 6 8 2 9 4 7 3 10 
20180509567 3 8 1 2 6 10 4 7 5 9 
20180509568 10 7 4 1 9 6 3 8 5 2 
20180509569 7 3 4 6 5 9 8 10 2 1 
20180509570 10 4 5 7 9 6 8 2 1 3 
20180509571 6 7 1 4 2 8 5 10 9 3 
20180509572 2 1 3 4 5 7 8 6 10 9 
20180509573 6 1 8 9 3 10 7 4 2 5 
20180509574 2 1 8 5 3 6 9 10 4 7 
20180509575 9 10 5 2 6 7 1 8 3 4 
20180509576 2 1 3 10 5 4 8 7 6 9 
20180509577 4 7 10 6 1 9 3 8 2 5 
20180509578 9 7 5 6 1 4 10 8 3 2 
20180509579 3 9 8 6 5 10 2 7 4 1 
20180509580 8 2 7 3 10 4 5 6 1 9 
20180509581 5 2 10 4 8 3 7 6 1 9 
20180509582 8 6 1 7 2 5 4 9 3 10 
20180509583 4 2 3 9 8 1 6 10 7 5 
20180509584 10 4 2 1 6 9 5 3 8 7 
20180509585 2 3 4 5 6 1 9 7 10 8 
20180509586 2 6 3 4 9 5 8 10 7 1 
20180509587 8 7 1 3 9 2 6 4 10 5 
20180509588 5 4 3 6 7 8 1 2 10 9 
20180509589 4 6 8 2 9 7 10 3 1 5 
20180509590 3 8 9 5 10 7 2 4 6 1 
20180509591 1 4 5 3 6 10 9 7 8 2 
20180509592 3 10 4 5 7 2 9 8 1 6 
20180509593 7 2 5 3 9 10 1 4 6 8 
20180509594 2 3 10 8 7 9 4 1 5 6 
20180509595 9 4 1 5 7 6 8 3 2 10 
20180509596 6 2 9 10 4 5 8 3 7 1 
20180509597 7 8 2 3 1 10 5 6 4 9 
20180509598 6 4 5 9 7 10 3 8 1 2 
20180509599 10 9 1 7 2 3 5 6 8 4 
20180509600 5 10 1 2 9 8 4 3 7 6 
20180509601 3 2 8 9 4 1 10 6 7 5 
20180509602 2 4 3 7 1 5 9 10 8 6 
20180509603 9 3 6 2 5 1 10 8 7 4 
20180509604 8 1 2 7 10 9 5 3 6 4 
20180509605 2 10 8 5 6 1 9 7 3 4 
20180509606 2 6 4 8 10 5 1 3 9 7 
20180509607 1 8 4 7 2 3 9 5 6 10 
20180509608 6 3 10 2 7 8 1 9 5 4 
20180509609 5 3 8 1 6 10 7 9 4 2 
20180509610 9 7 5 2 6 3 4 8 1 10 
20180509611 3 7 5 2 1 8 10 4 6 9 
20180509612 9 1 6 5 7 8 3 10 4 2 
20180509613 8 2 7 1 4 9 5 6 3 10 
20180509614 3 2 8 9 5 10 7 1 6 4 
20180509615 5 2 7 6 3 4 8 1 9 10 
20180509616 7 4 3 6 1 8 9 2 5 10 
20180509617 8 5 7 1 10 6 3 9 2 4 
20180509618 5 2 4 9 7 10 6 3 8 1 
20180509619 10 6 1 4 7 9 2 3 8 5 
20180509620 1 6 9 3 7 4 5 10 8 2 
20180509621 4 7 1 9 8 3 6 10 2 5 
20180509622 8 2 9 3 5 10 1 4 6 7 
20180509623 5 6 1 4 9 8 10 3 7 2 
20180509624 1 2 4 8 3 7 6 9 10 5 
20180509625 2 9 7 4 5 1 8 10 6 3 
20180509626 10 1 8 6 2 3 7 9 4 5 
20180509627 3 5 2 10 1 6 8 4 9 7 
20180509628 4 10 2 6 9 8 7 1 5 3 
20180509629 7 4 9 8 6 1 2 3 5 10 
20180509630 9 6 4 8 1 7 5 2 3 10 
20180509631 4 3 10 6 1 2 8 9 5 7 
20180509632 1 10 4 8 3 5 2 7 6 9 
20180509633 3 6 2 5 9 4 1 7 8 10 
20180509634 1 8 2 5 3 10 6 7 4 9 
20180509635 1 6 9 3 10 4 8 5 2 7 
20180509636 7 8 4 9 5 2 10 6 1 3 
20180509637 6 4 5 3 8 10 9 1 7 2 
20180509638 10 3 7 8 1 6 2 4 9 5 
20180509639 5 3 8 1 7 6 9 10 2 4 
20180509640 2 9 8 4 6 1 7 5 3 10 
20180509641 2 6 3 7 1 9 4 5 8 10 
20180509642 7 8 10 9 2 1 3 5 6 4 
20180509643 3 9 10 2 8 5 7 1 6 4 
20180509644 7 9 6 4 5 8 2 1 3 10 
20180509645 2 5 8 4 9 10 7 3 6 1 
20180509646 2 9 6 7 5 8 3 4 1 10 
20180509647 10 6 4 2 1 5 9 8 3 7 
20180509648 8 3 7 1 2 6 9 10 4 5 
20180509649 9 8 10 6 1 3 5 7 4 2 
20180509650 9 1 5 10 3 4 7 8 2 6 
20180509651 6 1 3 9 2 5 8 7 4 10 
20180509652 9 8 2 7 10 1 5 4 6 3 
20180509653 7 6 9 10 8 5 4 3 1 2 
20180509654 8 6 7 10 9 5 3 1 2 4 
20180509655 6 3 8 9 1 2 10 5 4 7 
20180509656 7 9 10 5 2 1 6 3 4 8 
20180509657 4 1 9 5 2 3 7 10 6 8 
20180509658 10 2 5 7 4 8 6 9 1 3 
20180509659 9 1 4 2 10 3 8 7 6 5 
20180509660 4 2 1 5 3 10 6 8 9 7 
20180509661 7 5 8 1 6 9 10 3 2 4 
20180509662 7 4 2 6 8 9 3 1 5 10 
20180509663 10 2 1 3 5 4 7 8 6 9 
20180509664 6 3 9 10 5 7 2 1 4 8 
20180509665 9 1 6 2 5 10 4 3 7 8 
20180509666 9 7 3 8 2 6 5 10 4 1 
20180509667 8 1 5 2 3 9 4 6 10 7 
20180509668 1 5 10 6 2 7 8 9 3 4 
20180509669 6 10 3 1 5 4 7 9 8 2 
20180509670 7 5 3 8 1 6 10 4 9 2 
20180509671 7 2 9 3 1 6 4 10 5 8 
20180509672 10 9 3 7 2 5 6 8 4 1 
20180509673 5 1 4 8 2 10 7 3 6 9 
20180509674 2 9 4 3 7 10 6 5 8 1 
20180509675 6 3 8 2 9 10 7 5 1 4 
20180509676 7 6 9 1 10 2 4 8 5 3 
20180509677 6 5 4 9 1 7 10 3 2 8 
20180509678 8 4 7 1 6 3 10 9 5 2 
20180509679 6 8 2 10 9 7 5 4 1 3 
20180509680 1 3 2 7 8 9 5 6 4 10 
20180509681 9 3 7 5 6 2 4 10 8 1 
20180509682 2 5 1 10 7 3 6 4 8 9 
20180509683 4 10 5 1 9 7 8 6 2 3 
20180509684 8 4 2 3 9 1 10 7 5 6 
20180509685 3 8 7 4 5 9 10 2 1 6 
20180509686 2 4 10 1 3 9 8 5 6 7 
20180509687 2 9 1 3 7 10 6 5 4 8 
20180509688 7 8 1 9 3 5 4 6 2 10 
20180509689 1 6 3 7 2 5 8 10 9 4 
20180509690 7 8 2 10 9 6 4 3 5 1 
20180509691 1 9 5 2 6 3 10 7 8 4 
20180509692 3 1 7 6 10 5 8 2 4 9 
20180509693 9 8 5 1 10 3 6 4 2 7 
20180509694 4 5 8 9 1 3 6 7 2 10 
20180509695 7 4 9 5 10 2 6 3 8 1 
20180509696 4 8 1 7 5 6 10 2 9 3 
20180509697 6 5 7 1 2 3 4 8 9 10 
20180509698 5 2 3 4 10 9 6 1 8 7 
20180509699 1 10 2 5 3 8 9 6 7 4 
20180509700 5 4 10 1 9 2 7 8 3 6 
20180509701 5 7 2 3 4 6 1 9 8 10 
20180509702 5 4 8 10 3 2 9 6 1 7 
20180509703 3 9 2 5 1 8 4 10 7 6 
20180509704 2 9 6 8 1 3 7 5 10 4 
20180509705 3 8 10 5 4 2 9 1 6 7 
20180509706 8 9 7 4 10 2 5 1 3 6 
20180509707 8 6 7 4 9 10 3 1 5 2 
20180509708 6 10 7 3 2 8 5 4 9 1 
20180509709 2 6 3 4 1 5 7 9 8 10 
20180509710 5 6 8 1 3 4 9 10 7 2 
20180509711 10 8 5 1 3 9 4 7 6 2 
20180509712 1 8 9 6 4 7 5 3 2 10 
20180509713 9 3 7 2 8 1 10 5 4 6 
20180509714 2 9 5 8 6 10 4 7 1 3 
20180509715 10 8 3 6 4 5 1 9 2 7 
20180509716 9 6 4 10 3 1 7 8 2 5 
20180509717 8 7 1 10 4 6 5 9 3 2 
20180509718 4 3 7 6 2 10 9 1 5 8 
20180509719 9 8 5 7 10 2 6 1 4 3 
20180509720 4 9 6 2 7 10 3 5 1 8 
20180509721 7 8 1 10 3 2 6 9 4 5 
20180509722 8 3 6 1 10 2 5 4 9 7 
20180509723 4 6 7 2 3 5 10 9 1 8 
20180509724 1 3 9 6 4 5 10 2 7 8 
20180509725 1 8 7 3 10 6 4 2 5 9 
20180509726 8 7 5 4 10 3 2 6 9 1 
20180509727 3 5 10 2 7 6 8 4 9 1 
20180509728 1 7 4 5 2 10 6 3 8 9 
20180509729 7 10 4 5 9 3 6 1 8 2 
20180509730 6 8 1 2 7 9 4 10 5 3 
20180509731 8 6 4 7 3 1 2 9 5 10 
20180509732 2 6 1 3 7 8 9 4 5 10 
20180509733 8 3 7 1 9 2 6 4 5 10 
20180509734 7 9 4 1 2 8 5 10 6 3 
20180509735 1 10 7 4 9 3 2 6 5 8 
20180509736 3 8 9 2 6 7 5 1 10 4 
20180509737 9 7 3 4 2 10 8 6 1 5 
20180509738 3 7 10 2 9 6 8 4 1 5 
20180509739 2 9 10 3 8 7 6 4 1 5 
20180509740 10 4 6 8 2 7 3 5 9 1 
20180509741 4 7 8 3 10 1 2 9 6 5 
20180509742 7 4 3 6 8 1 9 5 2 10 
20180509743 2 9 7 6 3 5 1 8 10 4 
20180509744 7 5 8 6 4 3 10 1 9 2 
20180509745 6 9 4 2 5 10 3 8 1 7 
20180509746 6 4 9 7 3 8 5 2 10 1 
20180509747 6 5 7 4 1 8 9 2 10 3 
20180509748 3 9 8 6 10 1 7 2 4 5 
20180509749 3 8 4 5 6 7 10 2 1 9 
20180509750 10 2 5 8 6 4 1 7 3 9 
20180509751 3 5 1 4 10 2 9 8 6 7 
20180509752 2 7 10 3 6 8 9 1 4 5 
20180509753 1 3 6 10 8 9 4 2 5 7 
20180509754 4 3 9 5 2 7 10 1 6 8 
20180509755 9 2 1 6 4 5 10 8 3 7 
20180509756 5 3 4 2 9 10 6 1 7 8 
20180509757 2 6 8 1 10 3 5 9 7 4 
20180509758 5 10 7 3 2 9 4 6 8 1 
20180509759 4 9 5 6 10 7 3 2 1 8 
20180509760 8 1 7 5 4 9 10 6 3 2 
20180509761 4 8 2 10 3 6 7 5 1 9 
20180509762 2 10 9 4 1 5 7 8 6 3 
20180509763 1 10 6 4 9 3 7 5 8 2 
20180509764 7 1 5 8 2 4 3 9 10 6 
20180509765 5 4 1 9 3 7 6 8 2 10 
20180509766 9 4 8 6 2 7 10 1 5 3 
20180509767 3 8 6 7 2 10 4 1 5 9 
20180509768 5 7 4 6 10 3 2 9 8 1 
20180509769 10 6 2 5 7 9 3 4 8 1 
20180509770 7 4 2 5 9 10 8 3 6 1 
20180509771 9 10 6 1 2 8 4 3 5 7 
20180509772 9 10 4 8 5 3 1 7 6 2 
20180509773 5 6 7 3 9 8 2 1 10 4 
20180509774 7 2 10 4 5 3 1 6 8 9 
20180509775 9 4 5 1 3 6 2 10 8 7 
20180509776 7 4 3 1 10 9 2 8 5 6 
20180509777 6 7 1 5 9 3 8 2 4 10 
20180509778 1 7 2 4 10 3 5 6 9 8 
20180509779 1 10 7 9 4 2 3 6 8 5 
20180509780 9 10 5 8 7 3 2 4 6 1 
20180509781 7 6 4 5 2 3 9 8 1 10 
20180509782 9 7 1 2 3 10 4 6 5 8 
20180509783 5 10 6 1 8 9 4 2 3 7 
20180509784 7 4 6 10 9 5 2 3 1 8 
20180509785 1 4 7 2 10 5 9 8 3 6 
20180509786 9 6 7 3 2 5 10 8 4 1 
20180509787 10 1 6 8 4 9 2 3 5 7 
20180509788 4 2 5 7 9 1 3 6 10 8 
20180509789 6 9 1 10 3 5 4 2 8 7 
20180509790 6 4 10 8 7 3 5 1 9 2 
20180509791 3 2 4 7 9 5 6 8 10 1 
20180509792 7 3 10 6 8 4 9 1 5 2 
20180509793 10 3 2 9 1 8 7 4 6 5 
20180509794 5 1 4 9 3 8 7 10 6 2 
20180509795 10 3 9 1 5 8 6 2 7 4 
20180509796 4 7 1 9 3 10 2 6 5 8 
20180509797 7 8 4 6 9 5 2 10 1 3 
20180509798 5 6 3 4 1 10 9 2 8 7 
20180509799 7 10 5 8 4 1 9 3 2 6 
20180509800 9 4 10 8 2 5 1 7 3 6 
20180509801 3 4 10 8 1 6 7 9 2 5 
20180509802 6 8 5 9 10 7 4 3 2 1 
20180509803 8 2 3 9 5 7 4 10 6 1 
20180509804 1 10 8 5 9 2 6 3 4 7 
20180509805 1 3 2 6 10 4 5 8 7 9 
20180509806 3 8 7 5 9 10 1 4 2 6 
20180509807 5 9 2 10 8 1 6 3 4 7 
20180509808 8 4 9 3 7 10 2 6 5 1 
20180509809 3 1 5 10 2 9 8 4 6 7 
20180509810 1 6 8 5 9 4 7 3 2 10 
20180509811 8 2 7 3 6 4 1 10 5 9 
20180509812 3 10 7 5 6 1 4 2 9 8 
20180509813 8 2 6 4 7 5 3 10 9 1 
20180509814 10 5 7 3 1 8 2 4 6 9 
20180509815 5 9 4 3 1 2 6 7 10 8 
20180509816 3 6 2 7 4 8 1 9 5 10 
20180509817 6 1 4 10 2 3 8 5 9 7 
20180509818 10 4 2 7 6 5 1 3 9 8 
20180509819 9 5 7 3 1 10 4 2 8 6 
20180509820 2 1 3 4 7 9 8 5 10 6 
20180509821 10 4 1 5 9 7 3 8 2 6 
20180509822 1 8 9 4 5 7 3 10 2 6 
20180509823 1 6 8 2 9 10 4 7 5 3 
20180509824 10 1 3 5 6 9 8 2 4 7 
20180509825 6 2 3 4 10 8 1 7 5 9 
20180509826 6 10 5 7 3 4 2 1 9 8 
20180509827 10 7 9 4 8 6 3 5 2 1 
20180509828 6 8 7 9 4 10 2 3 5 1 
20180509829 8 3 9 5 2 6 10 4 7 1 
20180509830 10 3 6 1 9 4 2 7 8 5 
20180509831 9 10 1 6 7 5 4 3 8 2 
20180509832 2 4 9 7 3 1 6 8 10 5 
20180509833 2 5 10 1 3 7 9 4 8 6 
20180509834 5 2 4 7 9 6 10 8 3 1 
20180509835 1 3 7 2 8 9 4 6 5 10 
20180509836 2 5 4 10 1 7 9 8 3 6 
20180509837 4 9 7 5 8 1 6 10 3 2 
20180509838 4 6 3 8 2 10 9 5 7 1 
20180509839 9 3 8 10 5 4 7 6 1 2 
20180509840 8 6 9 1 4 2 3 10 7 5 
20180509841 9 3 2 10 1 7 6 5 8 4 
20180509842 6 9 5 4 1 3 10 7 2 8 
20180509843 9 2 4 6 7 8 10 1 5 3 
20180509844 5 4 10 9 3 6 1 8 7 2 
20180509845 7 6 9 10 2 8 1 5 4 3 
20180509846 5 6 3 10 7 4 2 8 9 1 
20180509847 8 7 9 2 1 10 4 6 3 5 
20180509848 1 3 8 5 2 9 4 10 7 6 
20180509849 5 4 2 9 7 6 3 8 10 1 
20180509850 2 1 5 8 10 6 3 4 9 7 
20180509851 9 1 6 4 7 3 10 8 5 2 
20180509852 3 1 8 6 5 4 2 7 9 10 
20180509853 10 2 5 3 1 6 7 9 8 4 
20180509854 1 2 9 3 6 8 7 10 5 4 
20180509855 1 8 10 3 2 5 9 4 7 6 
20180509856 5 1 4 2 3 6 9 7 8 10 
20180509857 3 2 1 4 9 6 7 10 8 5 
20180509858 3 7 10 9 1 8 4 2 5 6 
20180509859 10 7 4 3 5 8 2 9 6 1 
20180509860 9 1 10 7 8 6 5 3 4 2 
20180509861 1 9 5 2 4 10 6 7 3 8 
20180509862 4 10 2 6 1 5 7 8 9 3 
20180509863 7 2 10 1 6 8 5 3 4 9 
20180509864 7 2 6 1 9 10 8 3 5 4 
20180509865 10 9 1 6 7 4 3 2 5 8 
20180509866 4 7 2 6 9 5 10 8 1 3 
20180509867 1 6 7 3 9 4 8 2 10 5 
20180509868 8 10 9 4 5 7 3 2 6 1 
20180509869 7 4 1 2 10 6 9 5 8 3 
20180509870 3 7 2 10 9 5 6 1 4 8 
20180509871 4 5 7 2 3 8 10 6 1 9 
20180509872 1 7 10 8 5 2 6 4 3 9 
20180509873 7 1 4 5 9 8 2 3 6 10 
20180509874 4 8 2 10 6 5 7 9 3 1 
20180509875 3 5 2 10 7 9 6 4 1 8 
20180509876 5 8 2 3 6 1 4 9 10 7 
20180509877 1 5 10 4 2 8 3 7 6 9 
20180509878 7 3 10 1 6 9 5 8 2 4 
20180509879 3 2 6 5 10 1 7 4 8 9 
20180509880 7 5 8 2 4 9 3 1 6 10 
20180509881 1 10 2 8 4 5 9 6 3 7 
20180509882 1 6 9 5 10 3 7 2 8 4 
20180509883 7 4 1 2 9 5 3 6 10 8 
20180509884 8 2 6 9 10 5 3 1 4 7 
20180509885 5 3 6 7 4 1 2 9 8 10 
20180509886 6 8 5 9 10 4 7 1 3 2 
20180509887 10 1 3 5 8 4 9 7 2 6 
20180509888 8 5 4 2 3 9 1 7 6 10 
20180509889 6 2 10 4 3 1 7 5 9 8 
20180509890 9 8 10 1 5 7 2 4 3 6 
20180509891 8 4 7 2 1 9 5 6 10 3 
20180509892 3 8 10 7 6 1 2 4 5 9 
20180509893 3 1 4 6 8 10 2 7 5 9 
20180509894 9 1 8 3 7 4 2 6 10 5 
20180509895 4 5 10 9 2 3 1 7 8 6 
20180509896 4 9 2 5 10 7 1 8 3 6 
20180509897 9 10 8 1 5 3 2 6 7 4 
20180509898 4 1 8 5 7 10 3 2 6 9 
20180509899 9 1 10 2 8 6 3 7 5 4 
20180509900 6 10 8 5 3 2 1 4 7 9 
20180509901 3 1 10 7 8 4 2 5 6 9 
20180509902 4 7 3 9 8 10 5 6 2 1 
20180509903 4 7 1 2 9 6 10 8 3 5 
20180509904 6 5 3 1 2 8 4 10 7 9 
20180509905 6 7 2 4 10 1 3 8 5 9 
20180509906 9 1 4 3 7 6 8 2 10 5 
20180509907 6 2 4 10 5 1 9 7 3 8 
20180509908 2 10 4 7 9 3 6 1 8 5 
20180509909 8 4 3 5 9 2 7 6 10 1 
20180509910 10 1 7 5 3 8 4 2 6 9 
20180509911 1 4 8 9 7 6 3 5 10 2 
20180509912 6 9 8 2 4 7 1 10 3 5 
20180509913 10 3 6 8 9 7 2 4 5 1 
20180509914 4 9 2 10 1 5 7 8 6 3 
20180509915 5 10 6 2 1 9 4 3 7 8 
20180509916 5 3 4 6 8 2 1 7 10 9 
20180509917 1 6 3 5 4 7 8 2 10 9 
20180509918 4 9 10 8 1 7 5 3 2 6 
20180509919 2 7 4 9 1 3 6 10 5 8 
20180509920 2 5 8 7 3 10 6 9 1 4 
20180509921 5 7 3 2 9 4 10 1 6 8 
20180509922 7 5 9 8 1 2 3 4 6 10 
20180509923 3 9 2 8 6 5 1 10 7 4 
20180509924 4 7 1 2 3 8 10 5 6 9 
20180509925 4 10 7 8 6 5 2 9 3 1 
20180509926 7 4 5 9 8 2 3 10 6 1 
20180509927 3 1 8 4 5 2 9 7 10 6 
20180509928 9 6 2 8 5 4 1 7 10 3 
20180509929 3 8 2 7 9 1 10 5 4 6 
20180509930 4 5 9 3 7 10 8 2 1 6 
20180509931 7 9 1 5 4 2 6 10 8 3 
20180509932 2 4 9 3 6 1 5 10 8 7 
20180509933 10 3 6 2 8 4 1 9 7 5 
20180509934 4 7 10 5 2 6 3 8 9 1 
20180509935 2 5 10 4 6 1 9 7 8 3 
20180509936 9 3 1 8 6 5 7 4 10 2 
20180509937 5 8 4 6 1 2 10 9 7 3 
20180509938 1 8 2 10 7 9 6 3 5 4 
20180509939 9 7 1 2 8 3 6 4 10 5 
20180509940 5 4 1 9 3 8 7 10 6 2 
20180509941 6 4 1 8 2 7 5 9 10 3 
20180509942 10 4 2 3 8 5 9 1 7 6 
20180509943 7 1 3 8 6 5 9 2 4 10 
20180509944 4 8 9 2 3 10 7 1 6 5 
20180509945 7 5 2 9 1 8 10 4 3 6 
20180509946 9 3 1 8 4 5 7 2 6 10 
20180509947 6 3 1 10 2 9 8 4 7 5 
20180509948 2 9 1 8 6 3 7 4 5 10 
20180509949 2 1 6 8 4 3 10 5 9 7 
20180509950 2 4 8 5 9 3 7 10 6 1 
20180509951 4 6 9 8 7 10 1 3 2 5 
20180509952 10 7 5 4 6 8 3 9 2 1 
20180509953 1 2 9 10 4 8 7 5 3 6 
20180509954 8 5 10 2 3 9 7 6 1 4 
20180509955 1 8 4 10 3 6 9 2 7 5 
20180509956 2 4 8 9 10 3 6 5 7 1 
20180509957 3 9 8 5 7 6 10 2 1 4 
20180509958 3 1 4 6 2 5 9 10 7 8 
20180509959 1 9 3 2 7 5 10 6 8 4 
20180509960 1 4 2 7 8 10 3 5 9 6 
20180509961 4 8 3 10 7 1 5 2 9 6 
20180509962 9 1 4 5 2 6 10 8 3 7 
20180509963 6 10 2 9 7 3 8 4 1 5 
20180509964 2 3 9 5 1 6 10 7 4 8 
20180509965 8 7 4 3 1 2 9 6 10 5 
20180509966 2 5 6 8 7 1 10 4 3 9 
20180509967 6 7 4 3 8 1 5 10 2 9 
20180509968 6 2 9 8 4 5 7 10 3 1 
20180509969 9 1 5 7 4 3 2 6 10 8 
20180509970 10 2 1 8 7 5 4 6 3 9 
20180509971 4 2 5 3 9 8 1 7 6 10 
20180509972 7 5 6 8 9 3 1 4 2 10 
20180509973 5 10 4 6 1 7 8 9 3 2 
20180509974 4 6 8 2 9 1 10 7 3 5 
20180509975 9 2 7 1 3 6 5 4 10 8 
20180509976 4 10 6 3 1 5 8 2 9 7 
20180509977 2 5 10 1 7 6 8 3 9 4 
20180509978 8 1 9 6 4 3 2 5 7 10 
20180509979 5 9 4 1 3 6 8 7 10 2 
20180509980 4 5 7 1 3 8 6 10 2 9 
20180509981 3 9 7 6 2 1 5 8 10 4 
20180509982 6 3 9 4 7 1 5 2 8 10 
20180509983 10 2 9 3 4 1 6 7 8 5 
20180509984 1 9 3 8 10 2 5 4 6 7 
20180509985 7 2 9 6 3 1 8 10 4 5 
