20180526001 6 9 2 1 3 10 4 7 5 8 
20180526002 1 5 6 4 8 10 7 2 9 3 
20180526003 9 4 3 2 8 1 5 6 7 10 
20180526004 5 2 8 3 9 6 4 10 7 1 
20180526005 9 3 4 10 7 1 2 5 8 6 
20180526006 2 4 10 1 6 5 9 3 8 7 
20180526007 5 1 4 10 6 3 8 2 9 7 
20180526008 4 3 6 5 1 10 8 9 2 7 
20180526009 3 9 10 6 2 4 7 1 5 8 
20180526010 1 2 9 4 5 3 6 7 8 10 
20180526011 2 7 10 4 6 1 9 5 8 3 
20180526012 3 10 1 6 8 2 9 4 7 5 
20180526013 6 2 7 10 1 5 4 3 9 8 
20180526014 9 1 2 8 3 4 10 6 7 5 
20180526015 6 2 5 1 10 7 4 9 3 8 
20180526016 5 7 4 3 1 6 8 2 9 10 
20180526017 1 7 10 6 4 2 3 5 8 9 
20180526018 7 4 2 6 1 5 3 10 8 9 
20180526019 8 6 9 4 2 5 10 1 3 7 
20180526020 3 2 8 9 7 5 1 10 6 4 
20180526021 8 9 5 1 7 6 4 2 10 3 
20180526022 8 5 9 6 2 3 10 7 4 1 
20180526023 3 9 2 5 7 8 4 6 1 10 
20180526024 5 10 3 2 6 8 4 7 9 1 
20180526025 2 6 4 1 7 5 10 9 3 8 
20180526026 1 10 8 6 9 5 4 3 2 7 
20180526027 6 9 10 2 3 4 5 7 1 8 
20180526028 6 8 9 7 5 10 4 1 2 3 
20180526029 6 4 9 8 1 5 7 2 3 10 
20180526030 8 4 10 7 9 5 6 2 1 3 
20180526031 10 9 4 1 6 8 3 5 2 7 
20180526032 6 8 3 4 1 7 5 9 10 2 
20180526033 1 8 4 9 3 10 7 5 2 6 
20180526034 8 5 4 6 7 10 9 3 2 1 
20180526035 10 1 6 8 4 5 7 2 3 9 
20180526036 3 4 5 2 6 7 10 1 9 8 
20180526037 6 1 7 3 10 2 9 8 5 4 
20180526038 5 8 7 2 10 6 4 1 9 3 
20180526039 10 3 4 9 5 1 8 7 2 6 
20180526040 9 3 7 6 10 5 2 1 8 4 
20180526041 1 3 7 4 6 5 9 2 8 10 
20180526042 1 3 2 5 6 7 9 4 10 8 
20180526043 1 6 2 7 10 5 4 9 8 3 
20180526044 9 6 3 10 2 4 1 5 8 7 
20180526045 4 5 3 10 9 6 1 7 8 2 
20180526046 9 4 6 8 3 10 5 7 2 1 
20180526047 1 6 9 7 5 10 4 3 2 8 
20180526048 6 2 10 3 7 8 4 1 5 9 
20180526049 1 5 4 7 8 3 10 6 2 9 
20180526050 6 10 7 2 1 9 5 8 4 3 
20180526051 1 9 4 10 3 5 6 7 8 2 
20180526052 10 1 7 5 4 8 9 6 2 3 
20180526053 2 5 10 4 9 6 3 8 1 7 
20180526054 9 5 3 7 6 4 8 10 1 2 
20180526055 6 4 8 2 5 7 9 1 10 3 
20180526056 3 9 10 6 4 1 8 5 2 7 
20180526057 10 6 2 1 3 9 4 8 5 7 
20180526058 8 1 6 9 2 5 4 3 10 7 
20180526059 1 4 6 3 10 2 9 7 8 5 
20180526060 2 5 3 7 9 4 10 6 8 1 
20180526061 5 1 3 4 10 2 7 8 6 9 
20180526062 3 4 8 7 10 9 6 2 1 5 
20180526063 3 10 5 9 4 8 1 7 2 6 
20180526064 9 4 10 3 2 7 5 8 6 1 
20180526065 8 6 4 9 10 2 5 3 1 7 
20180526066 9 5 6 2 3 10 1 7 8 4 
20180526067 8 6 2 1 3 10 4 5 7 9 
20180526068 2 6 1 9 3 4 7 10 5 8 
20180526069 9 5 8 10 6 4 7 3 2 1 
20180526070 8 6 2 7 5 10 4 1 3 9 
20180526071 1 7 2 3 8 9 5 4 10 6 
20180526072 5 7 2 10 6 3 9 1 4 8 
20180526073 7 9 1 2 10 3 6 4 8 5 
20180526074 1 5 7 8 10 2 3 4 9 6 
20180526075 5 3 9 4 2 7 6 8 1 10 
20180526076 6 4 5 7 2 1 8 3 9 10 
20180526077 1 7 5 4 3 9 8 2 10 6 
20180526078 3 4 7 5 1 8 6 9 2 10 
20180526079 2 3 4 7 6 10 1 9 8 5 
20180526080 3 5 10 2 1 9 7 4 8 6 
20180526081 2 6 9 10 3 1 7 8 5 4 
20180526082 3 7 10 2 9 6 5 8 1 4 
20180526083 10 9 8 4 3 1 7 6 2 5 
20180526084 10 2 9 6 3 8 7 5 1 4 
20180526085 1 6 7 5 3 10 2 9 8 4 
20180526086 7 1 5 10 2 8 6 9 3 4 
20180526087 5 1 9 3 4 10 7 6 2 8 
20180526088 7 5 6 8 10 2 3 9 4 1 
20180526089 8 10 1 3 5 9 6 4 2 7 
20180526090 10 7 8 3 1 2 5 6 9 4 
20180526091 9 8 5 4 7 10 3 6 1 2 
20180526092 1 4 2 8 10 7 9 3 6 5 
20180526093 3 10 2 6 1 9 5 7 8 4 
20180526094 6 1 5 10 4 8 2 7 3 9 
20180526095 4 9 8 6 3 7 10 5 2 1 
20180526096 5 8 3 1 6 10 9 4 7 2 
20180526097 10 2 3 6 1 9 5 4 7 8 
20180526098 1 7 3 2 4 10 8 5 6 9 
20180526099 10 6 2 5 1 9 4 3 7 8 
20180526100 3 10 5 2 4 6 8 9 7 1 
20180526101 3 9 4 1 5 7 6 2 10 8 
20180526102 7 8 3 2 1 6 10 9 5 4 
20180526103 5 6 1 10 3 9 2 7 4 8 
20180526104 8 4 1 9 6 10 3 2 7 5 
20180526105 1 4 5 2 10 6 9 3 7 8 
20180526106 6 1 2 8 3 10 4 9 5 7 
20180526107 2 8 1 6 5 9 4 10 3 7 
20180526108 4 2 8 9 7 5 3 6 10 1 
20180526109 2 1 6 10 8 3 7 5 9 4 
20180526110 6 1 8 2 9 7 3 10 5 4 
20180526111 3 2 1 10 9 8 4 6 7 5 
20180526112 10 1 6 7 4 3 9 2 5 8 
20180526113 4 8 5 7 9 10 3 6 1 2 
20180526114 5 4 3 9 6 7 1 8 10 2 
20180526115 3 1 6 2 5 9 4 8 10 7 
20180526116 1 9 7 2 4 3 5 8 10 6 
20180526117 10 9 8 3 7 5 2 1 4 6 
20180526118 10 6 1 4 2 5 7 9 8 3 
20180526119 4 10 8 5 6 1 2 9 7 3 
20180526120 8 7 2 6 10 3 1 5 9 4 
20180526121 6 4 7 8 3 5 10 9 2 1 
20180526122 8 9 1 10 6 4 2 7 5 3 
20180526123 1 10 9 6 8 7 5 4 2 3 
20180526124 6 7 5 10 9 3 1 4 2 8 
20180526125 10 2 8 5 7 4 6 1 9 3 
20180526126 2 7 9 5 8 1 4 6 10 3 
20180526127 10 5 6 9 2 3 4 1 8 7 
20180526128 4 7 2 6 8 3 9 5 1 10 
20180526129 9 7 1 3 8 4 5 6 10 2 
20180526130 10 2 8 1 7 9 3 5 4 6 
20180526131 7 5 4 2 10 1 9 8 6 3 
20180526132 10 8 3 5 9 1 6 2 7 4 
20180526133 1 8 3 4 6 5 10 2 7 9 
20180526134 5 6 2 8 1 7 9 4 3 10 
20180526135 8 3 4 10 7 5 9 6 2 1 
20180526136 8 4 3 6 9 5 7 10 1 2 
20180526137 1 5 3 9 7 8 6 4 2 10 
20180526138 1 4 8 7 9 5 2 6 3 10 
20180526139 7 8 2 4 3 1 6 5 9 10 
20180526140 5 6 1 8 7 2 4 9 3 10 
20180526141 9 3 6 5 4 8 2 7 1 10 
20180526142 6 3 8 7 5 4 10 1 2 9 
20180526143 10 3 4 6 9 2 5 1 7 8 
20180526144 8 1 9 10 2 6 5 4 7 3 
20180526145 7 9 2 8 5 10 1 3 6 4 
20180526146 8 7 4 3 1 9 6 10 2 5 
20180526147 10 7 2 5 8 9 6 3 1 4 
20180526148 9 8 4 7 1 10 2 3 6 5 
20180526149 5 1 4 9 6 8 3 2 7 10 
20180526150 2 7 6 8 4 3 5 10 1 9 
20180526151 8 6 2 1 5 9 10 7 3 4 
20180526152 1 2 7 10 6 3 5 9 8 4 
20180526153 2 8 5 6 4 9 7 1 10 3 
20180526154 5 7 10 4 3 6 2 1 9 8 
20180526155 8 4 1 2 6 5 3 10 7 9 
20180526156 8 10 2 6 1 4 7 9 5 3 
20180526157 10 9 8 6 1 2 7 4 3 5 
20180526158 4 10 2 9 6 7 8 5 1 3 
20180526159 8 9 6 5 1 4 10 7 3 2 
20180526160 5 7 6 2 8 1 10 4 9 3 
20180526161 9 8 2 10 7 5 4 3 6 1 
20180526162 9 2 10 6 1 5 8 4 7 3 
20180526163 10 2 4 6 1 5 9 3 8 7 
20180526164 9 1 10 4 5 3 8 2 6 7 
20180526165 6 7 3 1 4 8 5 9 10 2 
20180526166 10 3 7 4 5 8 1 6 9 2 
20180526167 2 4 9 7 3 10 5 6 1 8 
20180526168 8 7 2 9 4 5 3 6 10 1 
20180526169 9 2 6 5 3 7 10 8 4 1 
20180526170 1 5 7 6 2 9 8 10 4 3 
20180526171 4 6 1 10 5 8 9 7 2 3 
20180526172 1 8 5 2 4 10 7 9 6 3 
20180526173 5 9 4 3 10 6 1 2 7 8 
20180526174 5 6 4 10 1 3 7 9 2 8 
20180526175 5 1 8 4 10 3 7 9 2 6 
20180526176 8 3 9 6 5 1 7 2 4 10 
20180526177 5 4 1 10 7 2 8 3 6 9 
20180526178 5 10 8 2 4 3 1 7 9 6 
20180526179 9 10 1 6 3 4 2 5 8 7 
20180526180 9 10 4 7 3 8 1 2 5 6 
20180526181 3 10 9 1 2 8 7 6 5 4 
20180526182 3 6 9 10 4 1 8 5 7 2 
20180526183 1 5 4 7 3 2 6 9 10 8 
20180526184 3 2 10 5 6 9 4 1 7 8 
20180526185 5 10 4 9 3 8 7 1 6 2 
20180526186 2 8 7 1 3 10 4 5 6 9 
20180526187 4 2 7 6 8 9 1 10 3 5 
20180526188 6 8 7 2 4 5 1 9 3 10 
20180526189 2 3 6 9 10 8 5 4 1 7 
20180526190 2 7 5 1 3 8 10 4 6 9 
20180526191 3 6 7 4 10 5 9 2 8 1 
20180526192 10 5 3 4 8 9 2 1 7 6 
20180526193 1 10 8 2 5 7 4 3 9 6 
20180526194 2 6 10 4 7 9 1 3 5 8 
20180526195 7 5 4 8 2 10 9 6 1 3 
20180526196 7 6 4 9 1 8 2 5 10 3 
20180526197 9 3 6 8 7 4 2 5 10 1 
20180526198 5 1 4 9 8 10 6 2 3 7 
20180526199 8 2 5 7 6 3 4 9 10 1 
20180526200 4 7 2 5 1 3 8 10 9 6 
20180526201 6 3 10 2 4 8 7 5 1 9 
20180526202 3 1 4 7 8 2 9 6 10 5 
20180526203 2 1 6 4 7 3 9 5 10 8 
20180526204 6 10 5 1 3 7 9 8 4 2 
20180526205 1 8 4 5 2 3 6 10 9 7 
20180526206 9 1 2 3 7 4 5 6 8 10 
20180526207 6 4 2 10 9 7 5 3 1 8 
20180526208 9 4 10 2 3 1 6 8 5 7 
20180526209 6 8 4 10 1 2 9 7 3 5 
20180526210 1 4 9 2 7 10 3 6 5 8 
20180526211 6 4 9 5 3 1 8 10 7 2 
20180526212 7 5 6 9 4 2 8 1 10 3 
20180526213 9 10 4 2 8 7 6 5 3 1 
20180526214 10 6 9 8 1 7 3 4 5 2 
20180526215 10 4 7 2 5 6 1 9 8 3 
20180526216 4 6 7 1 9 5 8 3 2 10 
20180526217 5 9 1 4 3 2 7 10 8 6 
20180526218 2 3 10 6 8 7 4 1 9 5 
20180526219 9 1 8 7 2 6 4 3 10 5 
20180526220 3 1 6 10 2 9 7 8 5 4 
20180526221 10 3 2 6 7 1 8 5 4 9 
20180526222 6 3 5 1 4 8 10 9 2 7 
20180526223 2 6 10 4 9 3 7 5 1 8 
20180526224 6 5 8 4 1 7 9 2 10 3 
20180526225 8 9 6 7 10 1 2 5 3 4 
20180526226 6 3 9 8 7 4 5 1 10 2 
20180526227 2 8 6 7 3 10 9 4 1 5 
20180526228 4 5 2 6 8 1 7 9 10 3 
20180526229 10 5 2 4 7 6 9 1 8 3 
20180526230 3 2 8 5 6 4 9 10 7 1 
20180526231 9 4 10 5 6 8 7 3 1 2 
20180526232 6 10 9 8 3 1 5 2 7 4 
20180526233 1 5 7 8 6 4 3 2 10 9 
20180526234 6 1 8 9 4 3 7 10 2 5 
20180526235 6 10 9 5 8 2 3 7 1 4 
20180526236 3 10 4 6 1 2 5 9 8 7 
20180526237 1 5 2 7 3 10 9 6 8 4 
20180526238 8 7 3 6 4 10 2 9 5 1 
20180526239 1 5 10 9 8 4 2 3 6 7 
20180526240 4 2 10 9 6 1 7 8 5 3 
20180526241 8 5 6 7 4 9 3 10 1 2 
20180526242 7 10 5 9 2 6 3 4 8 1 
20180526243 1 7 2 6 8 3 5 10 9 4 
20180526244 7 2 8 6 5 10 9 3 1 4 
20180526245 4 1 10 5 9 6 2 8 3 7 
20180526246 6 2 1 9 10 7 5 4 3 8 
20180526247 6 5 3 9 2 7 4 8 10 1 
20180526248 10 8 3 6 4 7 5 1 9 2 
20180526249 9 8 5 4 6 1 3 10 2 7 
20180526250 1 4 9 10 6 7 3 5 2 8 
20180526251 3 4 5 2 1 9 8 6 10 7 
20180526252 2 3 4 10 1 9 5 8 7 6 
20180526253 7 5 8 2 10 3 9 4 6 1 
20180526254 1 2 7 10 9 6 8 3 5 4 
20180526255 7 8 6 5 3 10 1 2 9 4 
20180526256 3 10 6 1 4 8 2 7 9 5 
20180526257 9 10 6 8 3 4 7 1 5 2 
20180526258 9 10 5 6 3 7 8 2 1 4 
20180526259 10 3 1 5 7 8 4 6 9 2 
20180526260 1 10 3 2 5 9 7 8 4 6 
20180526261 8 3 2 10 1 6 4 7 5 9 
20180526262 1 6 2 4 8 5 3 10 9 7 
20180526263 1 3 6 5 7 4 8 9 2 10 
20180526264 8 4 5 6 10 1 7 3 9 2 
20180526265 10 3 9 4 7 8 1 6 2 5 
20180526266 3 8 5 6 1 7 9 4 2 10 
20180526267 3 2 8 4 6 9 10 1 7 5 
20180526268 4 8 1 6 7 9 10 5 2 3 
20180526269 3 2 10 7 6 5 8 9 1 4 
20180526270 5 7 2 3 4 1 8 10 6 9 
20180526271 3 4 5 2 7 9 8 10 1 6 
20180526272 3 6 2 5 10 7 4 8 1 9 
20180526273 1 5 7 3 2 4 6 10 8 9 
20180526274 9 10 1 6 8 7 5 3 2 4 
20180526275 8 3 1 6 9 7 2 4 5 10 
20180526276 9 5 7 3 6 2 8 1 4 10 
20180526277 9 6 1 10 5 2 3 7 8 4 
20180526278 2 10 8 9 5 7 3 4 6 1 
20180526279 2 3 9 5 7 10 8 6 4 1 
20180526280 1 7 4 10 8 9 2 5 6 3 
20180526281 9 8 10 1 7 6 3 2 4 5 
20180526282 4 10 5 7 2 9 8 3 1 6 
20180526283 5 2 3 1 6 4 8 9 7 10 
20180526284 5 4 1 3 2 7 8 9 6 10 
20180526285 5 2 6 1 8 4 9 3 7 10 
20180526286 5 9 4 8 2 6 1 7 10 3 
20180526287 7 10 3 2 8 5 4 6 9 1 
20180526288 2 4 7 3 10 1 8 9 6 5 
20180526289 5 7 2 4 6 10 1 3 9 8 
20180526290 10 3 2 4 7 5 1 6 8 9 
20180526291 1 3 2 6 9 10 7 8 4 5 
20180526292 5 10 9 7 2 8 1 3 6 4 
20180526293 5 10 6 7 8 4 1 3 2 9 
20180526294 8 1 6 5 3 4 2 10 7 9 
20180526295 6 4 5 3 10 9 2 7 1 8 
20180526296 3 7 2 5 10 4 1 6 9 8 
20180526297 7 9 5 6 2 1 4 3 10 8 
20180526298 2 3 8 5 6 9 7 4 10 1 
20180526299 2 3 10 8 6 7 4 9 5 1 
20180526300 2 6 7 3 4 10 5 9 8 1 
20180526301 7 10 1 5 9 8 2 3 6 4 
20180526302 2 6 1 7 10 9 8 5 4 3 
20180526303 3 10 7 1 5 6 9 8 2 4 
20180526304 5 7 3 2 9 4 10 8 6 1 
20180526305 7 3 9 5 10 4 1 2 6 8 
20180526306 7 1 3 2 8 6 4 9 5 10 
20180526307 9 8 2 10 4 6 5 3 1 7 
20180526308 3 9 10 4 2 1 6 8 7 5 
20180526309 7 5 3 10 9 8 2 4 1 6 
20180526310 5 6 9 10 2 4 7 1 3 8 
20180526311 4 3 7 10 6 9 8 2 5 1 
20180526312 5 6 10 8 7 3 9 4 2 1 
20180526313 7 1 3 2 5 9 8 6 4 10 
20180526314 10 8 5 2 6 7 3 4 9 1 
20180526315 7 1 5 2 10 8 6 3 9 4 
20180526316 1 9 3 5 10 7 8 2 6 4 
20180526317 9 4 5 6 10 2 7 1 8 3 
20180526318 8 5 9 1 10 2 7 3 4 6 
20180526319 9 1 4 10 6 5 3 2 8 7 
20180526320 7 5 1 10 4 6 9 3 2 8 
20180526321 4 2 1 5 7 3 6 9 10 8 
20180526322 2 3 10 1 9 5 7 4 6 8 
20180526323 9 6 7 4 3 5 10 1 8 2 
20180526324 1 3 8 6 10 7 5 4 9 2 
20180526325 6 4 3 8 7 1 10 5 2 9 
20180526326 1 3 5 10 4 6 2 8 9 7 
20180526327 7 2 8 1 3 9 6 10 4 5 
20180526328 1 4 2 3 10 6 9 8 5 7 
20180526329 3 6 2 10 5 1 7 4 8 9 
20180526330 5 3 10 8 2 4 7 1 9 6 
20180526331 5 1 10 9 4 6 3 7 2 8 
20180526332 2 10 5 3 8 4 1 6 9 7 
20180526333 4 7 10 6 3 8 9 5 2 1 
20180526334 5 2 8 1 4 7 10 3 9 6 
20180526335 2 9 6 7 3 4 5 8 10 1 
20180526336 10 7 4 2 6 5 3 9 1 8 
20180526337 2 7 1 5 8 9 4 6 10 3 
20180526338 9 3 6 1 10 2 4 7 8 5 
20180526339 8 1 4 7 2 3 10 9 6 5 
20180526340 2 6 4 3 10 1 5 8 9 7 
20180526341 5 6 4 1 8 3 2 10 9 7 
20180526342 8 7 3 4 10 5 9 6 1 2 
20180526343 2 9 6 10 7 4 8 5 3 1 
20180526344 5 7 1 4 9 3 6 8 2 10 
20180526345 6 10 5 8 4 1 2 9 7 3 
20180526346 10 5 3 8 4 2 1 9 6 7 
20180526347 10 2 6 3 4 1 9 8 7 5 
20180526348 6 9 4 3 8 5 2 1 7 10 
20180526349 8 5 2 1 6 9 7 4 10 3 
20180526350 10 5 8 2 4 9 7 6 3 1 
20180526351 9 3 6 4 7 8 10 5 1 2 
20180526352 5 3 6 2 7 10 8 1 4 9 
20180526353 3 10 1 5 8 7 6 2 4 9 
20180526354 5 7 3 2 8 9 10 4 6 1 
20180526355 4 7 10 8 6 1 2 3 9 5 
20180526356 8 3 5 1 4 7 2 9 10 6 
20180526357 7 9 5 10 2 8 4 1 6 3 
20180526358 9 4 10 6 1 2 5 3 8 7 
20180526359 8 6 5 9 2 10 1 7 4 3 
20180526360 5 10 3 6 7 4 2 9 8 1 
20180526361 9 3 8 4 6 7 2 5 1 10 
20180526362 9 4 2 3 7 5 1 6 10 8 
20180526363 8 4 1 5 6 7 3 10 2 9 
20180526364 6 8 3 10 4 9 1 7 5 2 
20180526365 8 2 7 6 5 3 4 10 1 9 
20180526366 1 5 6 10 9 8 7 4 3 2 
20180526367 9 8 4 5 7 6 10 3 2 1 
20180526368 1 4 10 3 8 5 2 9 7 6 
20180526369 7 2 10 6 8 9 5 3 4 1 
20180526370 6 4 2 1 5 10 3 7 9 8 
20180526371 6 1 3 5 10 7 4 8 9 2 
20180526372 5 8 2 10 6 9 4 1 7 3 
20180526373 1 7 2 4 3 10 6 8 5 9 
20180526374 7 1 9 3 6 5 2 8 10 4 
20180526375 7 5 3 10 8 4 6 1 9 2 
20180526376 6 1 3 2 7 8 4 9 5 10 
20180526377 3 2 4 8 7 10 1 9 5 6 
20180526378 3 2 8 7 6 9 1 5 4 10 
20180526379 8 1 10 7 2 5 3 6 9 4 
20180526380 2 6 1 8 4 9 5 7 3 10 
20180526381 10 1 7 9 8 2 3 6 5 4 
20180526382 7 4 3 5 2 6 9 8 1 10 
20180526383 2 4 7 10 8 9 1 6 5 3 
20180526384 10 1 9 5 3 7 4 8 2 6 
20180526385 6 8 2 4 10 5 3 9 7 1 
20180526386 2 3 8 9 5 1 10 7 6 4 
20180526387 5 1 2 3 10 7 6 8 4 9 
20180526388 10 6 8 3 9 2 4 7 5 1 
20180526389 10 9 7 1 8 5 6 3 2 4 
20180526390 5 9 4 6 8 10 3 7 1 2 
20180526391 3 2 1 8 7 6 4 9 10 5 
20180526392 8 10 7 1 4 2 6 3 9 5 
20180526393 2 6 4 1 7 3 8 5 9 10 
20180526394 7 3 6 8 4 2 9 10 1 5 
20180526395 6 4 1 3 8 9 7 10 2 5 
20180526396 9 4 8 1 5 6 3 2 7 10 
20180526397 3 10 1 4 7 8 2 9 6 5 
20180526398 4 2 9 5 10 3 1 6 8 7 
20180526399 4 6 3 2 1 9 7 8 5 10 
20180526400 1 5 6 10 7 4 9 2 3 8 
20180526401 4 9 10 2 8 3 7 5 1 6 
20180526402 5 6 2 8 7 4 1 3 10 9 
20180526403 5 9 6 2 4 1 3 8 7 10 
20180526404 9 6 10 1 2 7 5 4 8 3 
20180526405 6 7 10 2 9 8 3 1 5 4 
20180526406 9 7 2 5 10 4 1 3 6 8 
20180526407 8 9 1 3 4 7 10 2 5 6 
20180526408 6 10 2 7 9 3 1 5 4 8 
20180526409 4 5 7 10 1 2 6 8 3 9 
20180526410 7 5 1 8 3 2 10 9 4 6 
20180526411 4 9 8 10 6 2 5 1 7 3 
20180526412 2 3 6 10 1 5 7 4 8 9 
20180526413 3 9 5 4 8 7 2 6 10 1 
20180526414 10 7 2 8 3 9 4 5 6 1 
20180526415 1 2 7 4 3 6 8 9 10 5 
20180526416 1 8 10 6 2 9 3 4 5 7 
20180526417 6 7 1 10 3 2 9 8 4 5 
20180526418 6 7 4 1 8 10 2 5 9 3 
20180526419 5 1 6 8 7 9 4 3 10 2 
20180526420 2 6 10 5 9 1 7 3 4 8 
20180526421 8 6 1 5 2 7 9 4 3 10 
20180526422 2 10 8 6 4 7 5 9 1 3 
20180526423 2 10 3 1 6 7 5 8 4 9 
20180526424 4 6 1 9 10 8 2 7 3 5 
20180526425 6 2 1 10 4 8 9 3 7 5 
20180526426 4 5 3 9 6 1 8 10 2 7 
20180526427 9 7 2 5 10 8 1 4 3 6 
20180526428 4 10 5 3 9 1 2 8 7 6 
20180526429 6 5 10 9 4 3 8 7 2 1 
20180526430 6 3 8 7 4 5 9 10 2 1 
20180526431 3 9 10 5 1 6 2 8 7 4 
20180526432 5 2 8 9 7 10 6 3 1 4 
20180526433 2 3 10 7 6 4 5 8 9 1 
20180526434 7 9 10 1 8 5 4 3 6 2 
20180526435 3 1 10 7 8 5 2 6 4 9 
20180526436 9 5 6 10 8 2 7 4 3 1 
20180526437 6 3 2 10 4 7 9 8 5 1 
20180526438 3 7 2 10 9 5 8 1 4 6 
20180526439 6 3 1 4 2 10 5 9 8 7 
20180526440 5 2 9 10 8 3 6 7 1 4 
20180526441 3 2 1 6 10 4 8 9 5 7 
20180526442 2 3 6 9 4 8 7 5 10 1 
20180526443 1 10 2 7 4 9 5 6 3 8 
20180526444 6 5 4 3 8 10 1 7 2 9 
20180526445 8 4 5 3 1 2 10 7 6 9 
20180526446 10 3 9 4 7 1 5 6 8 2 
20180526447 5 2 1 4 3 6 8 7 10 9 
20180526448 3 10 2 4 1 7 8 6 9 5 
20180526449 2 1 10 4 5 9 7 6 8 3 
20180526450 6 3 7 5 1 4 2 9 10 8 
20180526451 10 4 3 2 7 6 9 8 5 1 
20180526452 6 3 8 5 2 4 10 9 7 1 
20180526453 1 3 4 2 10 6 8 7 9 5 
20180526454 4 3 10 6 2 8 7 1 5 9 
20180526455 4 2 9 5 8 10 1 7 3 6 
20180526456 7 3 9 2 10 5 8 4 1 6 
20180526457 5 6 2 3 1 4 7 10 9 8 
20180526458 2 7 9 10 8 3 6 5 4 1 
20180526459 4 9 1 10 5 3 7 2 6 8 
20180526460 3 5 6 2 4 1 7 9 8 10 
20180526461 4 1 3 2 10 7 6 5 8 9 
20180526462 4 10 9 6 3 5 1 8 2 7 
20180526463 1 6 8 9 5 10 2 4 7 3 
20180526464 9 1 4 5 7 2 3 8 6 10 
20180526465 7 5 4 2 6 9 1 3 10 8 
20180526466 5 3 8 10 4 9 7 1 2 6 
20180526467 5 10 3 1 2 7 4 6 8 9 
20180526468 8 9 2 10 4 6 3 5 7 1 
20180526469 5 6 2 1 4 10 9 8 3 7 
20180526470 10 8 7 2 3 1 5 4 6 9 
20180526471 6 10 2 8 3 4 9 5 1 7 
20180526472 10 8 3 7 2 4 1 5 9 6 
20180526473 7 9 8 1 5 10 4 2 3 6 
20180526474 6 2 9 4 3 8 7 5 10 1 
20180526475 1 9 4 6 8 10 5 3 2 7 
20180526476 6 9 1 4 2 10 3 5 7 8 
20180526477 4 8 10 5 2 3 7 1 6 9 
20180526478 8 2 3 10 5 7 9 6 4 1 
20180526479 6 2 9 1 7 3 10 8 4 5 
20180526480 10 7 3 5 4 8 2 6 9 1 
20180526481 2 5 8 9 7 3 6 4 1 10 
20180526482 10 5 9 2 6 7 1 8 4 3 
20180526483 10 6 5 1 7 4 8 9 3 2 
20180526484 2 4 10 3 7 8 9 5 6 1 
20180526485 5 1 4 6 3 7 2 10 9 8 
20180526486 4 6 5 1 3 10 2 7 8 9 
20180526487 2 3 8 1 6 9 10 4 5 7 
20180526488 4 6 8 1 9 3 5 7 10 2 
20180526489 7 9 1 6 4 2 3 8 10 5 
20180526490 7 3 1 6 9 10 8 2 4 5 
20180526491 3 2 1 10 4 7 6 8 5 9 
20180526492 10 9 7 4 3 6 8 2 5 1 
20180526493 7 6 10 3 5 9 2 1 8 4 
20180526494 5 3 2 8 10 6 7 4 1 9 
20180526495 7 6 10 4 5 9 1 3 2 8 
20180526496 5 10 8 1 4 9 2 3 6 7 
20180526497 7 6 9 2 4 8 10 1 3 5 
20180526498 8 1 4 5 10 3 6 7 2 9 
20180526499 4 5 6 8 9 10 2 1 3 7 
20180526500 1 9 10 6 3 8 4 7 5 2 
20180526501 1 8 3 6 2 7 9 4 5 10 
20180526502 6 3 2 5 4 8 7 9 10 1 
20180526503 10 8 4 7 2 6 9 1 3 5 
20180526504 1 3 7 8 2 10 5 6 9 4 
20180526505 7 1 3 8 6 5 10 9 2 4 
20180526506 4 6 8 10 2 5 3 1 7 9 
20180526507 10 7 4 1 6 2 3 8 5 9 
20180526508 2 8 5 9 3 7 6 10 4 1 
20180526509 10 2 6 1 3 9 8 7 4 5 
20180526510 7 6 5 4 9 10 2 3 8 1 
20180526511 9 6 1 5 3 4 2 10 8 7 
20180526512 7 9 6 8 4 3 10 1 5 2 
20180526513 2 4 7 5 3 9 10 1 8 6 
20180526514 2 5 7 3 8 4 1 6 10 9 
20180526515 5 7 2 6 8 9 3 4 1 10 
20180526516 10 6 5 1 2 9 4 7 8 3 
20180526517 3 5 10 9 4 7 6 8 2 1 
20180526518 9 5 7 3 8 4 6 10 1 2 
20180526519 7 5 8 10 2 9 3 1 4 6 
20180526520 7 4 2 6 3 9 5 10 1 8 
20180526521 3 2 6 7 8 9 10 4 1 5 
20180526522 7 2 3 4 5 8 6 9 10 1 
20180526523 6 3 5 2 9 10 8 4 1 7 
20180526524 10 1 7 5 9 6 2 3 8 4 
20180526525 10 3 8 4 5 2 6 9 7 1 
20180526526 1 6 4 2 7 8 3 9 10 5 
20180526527 8 3 4 6 10 7 9 1 2 5 
20180526528 9 1 7 3 2 5 10 6 4 8 
20180526529 2 1 4 6 8 9 10 5 3 7 
20180526530 6 8 1 5 2 10 4 7 9 3 
20180526531 1 3 5 10 6 2 8 7 4 9 
20180526532 4 6 9 7 8 2 5 3 10 1 
20180526533 8 3 5 1 7 10 9 6 4 2 
20180526534 9 8 10 7 4 3 6 2 1 5 
20180526535 2 9 3 6 7 1 4 8 10 5 
20180526536 9 2 6 8 1 10 3 7 5 4 
20180526537 4 2 3 8 1 10 7 9 5 6 
20180526538 2 9 3 1 4 10 7 8 5 6 
20180526539 2 3 5 4 10 1 8 7 9 6 
20180526540 9 8 5 10 7 2 1 4 6 3 
20180526541 1 9 2 3 10 7 5 4 8 6 
20180526542 1 8 5 9 4 6 3 7 10 2 
20180526543 8 3 4 9 6 2 1 10 5 7 
20180526544 1 5 3 9 4 6 10 7 8 2 
20180526545 5 1 4 3 9 10 6 8 2 7 
20180526546 8 6 7 9 2 3 5 1 10 4 
20180526547 10 3 4 5 1 8 7 9 2 6 
20180526548 2 7 4 9 3 8 10 6 5 1 
20180526549 1 4 5 7 3 6 9 8 2 10 
20180526550 6 10 3 9 1 7 2 5 8 4 
20180526551 10 3 8 7 5 6 1 2 9 4 
20180526552 10 4 1 7 2 5 3 6 8 9 
20180526553 10 5 7 8 1 3 9 4 2 6 
20180526554 4 8 9 2 3 1 6 10 7 5 
20180526555 9 4 7 2 6 5 1 3 8 10 
20180526556 7 6 1 5 10 9 8 2 4 3 
20180526557 8 9 4 1 3 6 2 7 5 10 
20180526558 10 6 8 4 3 2 1 5 7 9 
20180526559 8 4 9 10 7 5 6 1 3 2 
20180526560 10 5 1 9 7 3 2 4 8 6 
20180526561 9 2 5 4 8 1 10 7 3 6 
20180526562 6 2 7 10 5 9 8 3 1 4 
20180526563 1 4 3 9 6 5 8 2 10 7 
20180526564 9 4 8 2 6 5 7 10 3 1 
20180526565 5 3 4 7 6 9 10 1 2 8 
20180526566 6 5 3 2 1 9 10 8 7 4 
20180526567 10 1 8 4 7 9 5 6 3 2 
20180526568 1 9 4 10 7 3 5 2 8 6 
20180526569 7 2 1 4 8 9 5 10 6 3 
20180526570 5 6 9 3 10 8 2 4 1 7 
20180526571 3 6 5 8 4 1 7 10 9 2 
20180526572 6 1 4 7 10 3 8 9 5 2 
20180526573 6 1 4 3 10 9 7 8 5 2 
20180526574 4 8 5 7 3 6 1 10 9 2 
20180526575 9 8 10 2 6 3 4 5 1 7 
20180526576 7 9 3 6 5 1 2 4 8 10 
20180526577 10 3 7 8 2 6 1 9 5 4 
20180526578 9 2 7 5 3 8 1 6 10 4 
20180526579 8 6 10 3 5 2 7 1 9 4 
20180526580 2 7 8 9 6 5 10 4 3 1 
20180526581 1 4 10 2 9 5 6 8 7 3 
20180526582 10 7 9 1 8 2 5 6 3 4 
20180526583 5 8 4 9 6 3 7 10 2 1 
20180526584 3 6 1 9 8 2 7 5 10 4 
20180526585 5 3 7 9 10 8 4 1 2 6 
20180526586 10 2 6 4 5 8 1 3 7 9 
20180526587 6 2 5 10 8 3 4 7 1 9 
20180526588 3 10 1 6 2 9 5 4 7 8 
20180526589 8 7 3 1 6 5 10 9 4 2 
20180526590 2 4 3 8 6 5 10 7 9 1 
20180526591 4 10 3 1 8 2 6 5 9 7 
20180526592 2 10 4 1 8 5 6 7 9 3 
20180526593 4 10 3 1 8 9 7 2 5 6 
20180526594 3 8 4 6 1 10 5 2 7 9 
20180526595 10 4 8 2 9 7 5 1 6 3 
20180526596 9 4 1 3 6 5 8 2 10 7 
20180526597 2 4 1 5 8 9 6 10 3 7 
20180526598 3 7 9 5 1 4 6 10 8 2 
20180526599 3 10 7 9 6 8 5 1 2 4 
20180526600 6 2 7 3 10 8 9 1 5 4 
20180526601 5 4 7 9 2 8 6 3 1 10 
20180526602 10 9 7 3 4 6 5 8 1 2 
20180526603 1 7 6 9 2 10 5 3 8 4 
20180526604 2 4 7 3 1 5 9 6 10 8 
20180526605 10 6 3 1 4 9 2 7 5 8 
20180526606 4 1 3 10 6 5 7 2 8 9 
20180526607 6 10 7 4 2 9 1 3 5 8 
20180526608 7 3 1 6 10 2 9 4 8 5 
20180526609 9 2 7 3 5 4 1 6 10 8 
20180526610 1 3 7 5 6 4 10 9 8 2 
20180526611 5 9 2 7 3 6 8 10 1 4 
20180526612 4 2 10 9 5 6 8 1 3 7 
20180526613 7 8 10 3 4 6 1 5 9 2 
20180526614 4 6 2 1 8 10 9 7 3 5 
20180526615 9 3 6 10 4 8 2 1 7 5 
20180526616 4 10 1 7 9 5 8 6 3 2 
20180526617 3 4 5 6 8 1 10 7 2 9 
20180526618 4 5 2 6 10 7 8 9 3 1 
20180526619 4 1 3 10 6 7 9 2 8 5 
20180526620 9 10 1 7 5 4 2 3 8 6 
20180526621 8 1 7 2 3 6 5 10 9 4 
20180526622 4 1 8 7 3 9 2 10 6 5 
20180526623 7 3 8 5 2 9 10 1 4 6 
20180526624 2 8 3 7 9 10 4 5 1 6 
20180526625 3 8 9 5 10 4 7 6 2 1 
20180526626 7 4 1 3 6 9 10 5 2 8 
20180526627 8 6 5 9 1 7 2 10 3 4 
20180526628 5 10 9 4 1 3 6 7 8 2 
20180526629 2 4 6 5 7 1 8 9 10 3 
20180526630 5 7 10 4 8 6 2 9 3 1 
20180526631 2 5 3 10 6 8 7 4 9 1 
20180526632 4 7 3 10 9 1 2 5 8 6 
20180526633 8 1 10 3 2 6 9 7 5 4 
20180526634 4 10 1 6 9 3 2 7 8 5 
20180526635 9 3 8 4 6 7 1 10 5 2 
20180526636 7 8 6 10 3 1 4 2 9 5 
20180526637 4 2 8 1 5 7 9 10 6 3 
20180526638 5 9 10 2 6 8 4 3 1 7 
20180526639 5 4 1 7 10 3 9 2 6 8 
20180526640 6 7 2 8 3 9 10 1 5 4 
20180526641 6 2 7 3 5 10 8 4 1 9 
20180526642 6 2 1 10 4 3 5 7 9 8 
20180526643 3 10 2 1 8 5 9 7 6 4 
20180526644 1 5 7 4 10 3 9 8 6 2 
20180526645 2 10 3 9 6 1 8 7 4 5 
20180526646 10 9 4 5 7 6 1 2 3 8 
20180526647 1 5 6 4 9 3 10 2 8 7 
20180526648 2 1 7 8 3 6 5 10 9 4 
20180526649 1 3 9 10 7 4 6 2 8 5 
20180526650 6 5 3 7 9 8 1 4 2 10 
20180526651 10 5 1 3 6 4 7 9 8 2 
20180526652 9 5 1 8 3 10 4 7 6 2 
20180526653 6 3 7 8 9 5 10 2 4 1 
20180526654 7 2 8 6 1 4 9 10 5 3 
20180526655 2 9 4 7 1 10 8 3 5 6 
20180526656 6 2 10 3 8 7 9 1 5 4 
20180526657 1 10 6 8 3 5 4 2 9 7 
20180526658 10 3 4 2 1 5 9 7 6 8 
20180526659 7 4 10 3 1 6 9 5 8 2 
20180526660 3 9 4 1 8 2 7 5 6 10 
20180526661 3 2 5 1 10 6 8 9 7 4 
20180526662 7 1 6 9 5 8 3 2 4 10 
20180526663 9 6 1 4 2 8 10 3 7 5 
20180526664 9 8 7 1 3 5 10 2 4 6 
20180526665 5 10 4 3 1 8 2 6 9 7 
20180526666 1 10 5 6 7 2 9 3 4 8 
20180526667 2 7 8 1 3 9 4 5 6 10 
20180526668 8 2 4 9 1 6 7 10 5 3 
20180526669 4 7 8 1 6 10 9 5 2 3 
20180526670 1 10 7 8 5 6 9 2 4 3 
20180526671 8 6 2 1 4 7 3 9 5 10 
20180526672 5 10 2 4 1 9 6 7 3 8 
20180526673 5 3 6 9 4 10 1 8 2 7 
20180526674 7 6 4 3 10 2 5 1 9 8 
20180526675 4 6 5 9 3 1 7 8 10 2 
20180526676 8 1 7 2 9 3 5 4 10 6 
20180526677 9 2 4 7 1 8 3 6 5 10 
20180526678 8 6 4 10 7 1 2 9 5 3 
20180526679 10 9 1 6 3 4 5 2 8 7 
20180526680 4 1 9 2 10 8 6 3 5 7 
20180526681 7 8 2 9 6 3 4 1 5 10 
20180526682 1 2 8 9 5 3 4 6 7 10 
20180526683 1 3 2 8 10 4 5 6 7 9 
20180526684 5 4 1 7 6 9 8 3 2 10 
20180526685 4 2 5 3 1 6 8 9 7 10 
20180526686 2 8 4 9 6 7 3 1 5 10 
20180526687 7 8 6 2 10 9 1 3 4 5 
20180526688 5 6 4 10 7 9 1 3 2 8 
20180526689 5 6 7 2 10 1 8 9 3 4 
20180526690 6 3 9 1 10 7 5 4 8 2 
20180526691 8 7 3 6 5 10 9 4 1 2 
20180526692 7 8 4 3 10 1 5 6 9 2 
20180526693 2 10 6 4 8 5 1 3 7 9 
20180526694 2 7 3 8 10 9 4 1 6 5 
20180526695 6 3 7 2 1 4 10 9 5 8 
20180526696 4 7 1 6 8 5 9 3 2 10 
20180526697 4 3 5 8 7 1 2 6 10 9 
20180526698 10 7 2 1 5 6 8 4 9 3 
20180526699 2 4 3 1 6 10 5 9 7 8 
20180526700 6 8 5 10 7 3 2 1 4 9 
20180526701 5 10 8 6 4 2 3 1 9 7 
20180526702 2 8 7 5 6 9 1 3 10 4 
20180526703 8 9 4 6 5 3 7 10 1 2 
20180526704 4 2 8 9 7 6 10 3 5 1 
20180526705 10 4 6 2 8 9 3 7 5 1 
20180526706 5 2 4 7 3 9 1 6 8 10 
20180526707 3 1 8 10 5 4 6 9 7 2 
20180526708 6 8 7 2 10 4 9 3 1 5 
20180526709 3 9 8 5 10 6 7 4 1 2 
20180526710 2 6 8 4 1 7 10 3 5 9 
20180526711 9 10 8 6 5 7 2 1 4 3 
20180526712 3 9 5 2 8 1 7 10 4 6 
20180526713 4 10 2 3 9 8 1 6 7 5 
20180526714 2 8 9 1 5 4 6 7 3 10 
20180526715 7 10 8 9 1 2 4 3 6 5 
20180526716 8 10 2 5 1 9 4 3 7 6 
20180526717 1 7 4 3 2 6 8 9 5 10 
20180526718 4 6 8 5 10 3 9 2 7 1 
20180526719 1 9 4 5 8 6 3 10 7 2 
20180526720 3 7 6 8 5 4 9 2 10 1 
20180526721 4 9 7 5 3 2 10 1 8 6 
20180526722 2 10 9 8 3 4 5 6 7 1 
20180526723 3 4 2 7 8 9 5 10 1 6 
20180526724 7 6 10 9 2 8 3 4 5 1 
20180526725 7 6 8 10 2 3 5 4 9 1 
20180526726 3 6 9 1 7 4 10 2 5 8 
20180526727 8 10 1 3 7 6 2 9 5 4 
20180526728 6 7 4 8 5 9 10 1 3 2 
20180526729 1 6 3 7 5 10 4 8 2 9 
20180526730 9 10 2 7 5 3 6 1 8 4 
20180526731 7 9 2 6 5 1 10 8 4 3 
20180526732 6 1 8 5 4 10 7 2 3 9 
20180526733 10 4 2 6 3 8 1 7 5 9 
20180526734 5 1 8 9 7 2 4 6 10 3 
20180526735 10 9 7 3 4 1 6 5 8 2 
20180526736 10 3 8 9 6 4 1 5 7 2 
20180526737 6 10 9 1 8 2 5 7 3 4 
20180526738 8 1 10 3 6 9 5 7 4 2 
20180526739 10 7 3 5 1 2 6 4 9 8 
20180526740 7 4 9 8 10 6 1 2 5 3 
20180526741 5 6 9 8 4 1 2 7 3 10 
20180526742 4 10 6 7 1 8 5 2 3 9 
20180526743 9 2 10 4 8 7 3 6 5 1 
20180526744 2 10 9 8 7 5 6 1 3 4 
20180526745 4 2 10 8 5 6 3 7 1 9 
20180526746 4 7 1 6 3 2 10 8 5 9 
20180526747 6 10 3 4 8 5 9 7 2 1 
20180526748 9 10 4 2 1 6 5 8 3 7 
20180526749 8 4 9 2 6 1 7 5 10 3 
20180526750 5 6 3 1 7 2 4 10 8 9 
20180526751 9 8 5 3 6 7 10 1 4 2 
20180526752 5 4 1 6 8 10 7 3 9 2 
20180526753 2 4 10 8 6 9 7 5 1 3 
20180526754 4 9 6 5 3 1 7 10 2 8 
20180526755 8 1 9 3 10 5 4 2 7 6 
20180526756 2 3 8 7 9 4 5 6 1 10 
20180526757 10 9 7 8 2 4 5 3 1 6 
20180526758 4 3 8 5 7 9 2 6 10 1 
20180526759 1 9 8 2 7 6 10 3 4 5 
20180526760 2 3 1 5 6 7 4 8 10 9 
20180526761 9 6 2 7 5 10 8 1 4 3 
20180526762 6 4 5 7 10 9 3 1 2 8 
20180526763 8 9 7 1 10 5 4 6 3 2 
20180526764 7 6 8 10 3 1 2 9 4 5 
20180526765 1 2 9 5 7 8 3 4 10 6 
20180526766 7 10 4 1 2 9 6 3 8 5 
20180526767 3 5 10 6 9 8 2 4 1 7 
20180526768 7 2 3 4 1 6 10 9 8 5 
20180526769 7 6 2 10 5 8 3 9 1 4 
20180526770 1 5 10 3 2 7 8 4 6 9 
20180526771 3 2 5 6 7 4 1 8 9 10 
20180526772 8 7 3 6 9 5 10 4 2 1 
20180526773 8 4 7 5 10 6 1 3 2 9 
20180526774 10 5 2 8 9 3 1 7 4 6 
20180526775 2 6 8 10 5 3 4 9 7 1 
20180526776 9 6 10 1 8 2 7 3 5 4 
20180526777 5 2 3 4 8 9 1 10 7 6 
20180526778 1 3 5 4 7 10 6 2 8 9 
20180526779 5 9 7 6 4 8 3 2 1 10 
20180526780 7 4 9 6 10 3 1 2 8 5 
20180526781 7 1 2 6 4 3 8 10 5 9 
20180526782 2 10 3 5 4 9 1 8 7 6 
20180526783 1 10 5 3 7 9 2 8 4 6 
20180526784 7 6 8 3 4 5 10 1 2 9 
20180526785 1 10 9 4 2 5 8 7 6 3 
20180526786 4 6 2 10 8 7 9 1 5 3 
20180526787 1 6 3 9 2 7 4 10 5 8 
20180526788 1 2 3 9 5 10 7 6 4 8 
20180526789 2 1 4 9 3 8 10 5 7 6 
20180526790 3 9 6 2 8 4 7 10 5 1 
20180526791 10 6 9 7 4 3 8 5 2 1 
20180526792 4 9 2 8 5 1 6 7 10 3 
20180526793 1 3 7 9 10 2 4 8 5 6 
20180526794 10 8 9 1 4 7 3 2 5 6 
20180526795 3 5 1 7 2 9 10 8 4 6 
20180526796 1 7 2 9 6 4 5 8 10 3 
20180526797 4 1 3 10 7 9 8 5 2 6 
20180526798 8 5 6 1 3 4 9 10 2 7 
20180526799 10 6 9 1 7 3 2 5 8 4 
20180526800 4 10 8 6 1 7 3 5 2 9 
20180526801 1 5 2 10 4 7 9 8 6 3 
20180526802 1 3 10 6 9 7 4 5 8 2 
20180526803 4 8 6 3 10 9 7 5 1 2 
20180526804 6 8 9 10 4 7 3 2 5 1 
20180526805 2 1 4 8 5 9 6 7 3 10 
20180526806 4 2 3 1 6 5 8 10 7 9 
20180526807 1 9 7 10 3 5 4 8 6 2 
20180526808 3 1 4 9 5 2 10 6 8 7 
20180526809 9 4 3 8 10 7 6 1 2 5 
20180526810 4 7 3 5 6 1 8 10 9 2 
20180526811 9 5 1 7 4 8 3 2 10 6 
20180526812 9 2 6 4 5 7 10 1 3 8 
20180526813 1 7 4 10 6 5 3 9 8 2 
20180526814 1 4 10 5 9 2 3 7 6 8 
20180526815 8 3 1 9 10 2 5 7 6 4 
20180526816 9 4 1 7 2 10 6 3 8 5 
20180526817 5 6 7 9 10 4 8 1 2 3 
20180526818 1 9 6 2 7 3 5 4 8 10 
20180526819 5 1 8 7 6 2 10 9 4 3 
20180526820 3 8 9 2 7 10 4 5 1 6 
20180526821 1 7 10 8 2 6 3 9 5 4 
20180526822 9 10 1 5 6 3 4 7 2 8 
20180526823 9 2 3 4 1 8 10 7 6 5 
20180526824 10 4 5 8 3 9 2 1 7 6 
20180526825 3 7 9 8 10 2 4 5 6 1 
20180526826 8 10 1 3 6 2 9 5 4 7 
20180526827 10 1 5 6 2 7 9 4 8 3 
20180526828 6 8 1 3 9 5 10 7 2 4 
20180526829 3 9 10 5 4 6 2 8 7 1 
20180526830 4 7 5 6 1 9 8 2 10 3 
20180526831 5 9 8 2 7 1 4 3 10 6 
20180526832 9 6 10 4 1 5 7 3 8 2 
20180526833 5 4 6 7 9 3 2 10 1 8 
20180526834 7 9 6 5 8 1 4 3 2 10 
20180526835 8 7 1 5 2 3 10 9 6 4 
20180526836 2 8 3 1 9 7 6 4 10 5 
20180526837 3 4 9 7 1 10 5 6 8 2 
20180526838 10 8 9 6 2 1 4 3 7 5 
20180526839 4 2 6 1 3 10 5 7 9 8 
20180526840 1 7 2 6 5 4 10 8 9 3 
20180526841 7 8 1 9 10 2 4 5 6 3 
20180526842 4 5 7 9 10 1 8 2 6 3 
20180526843 8 4 3 9 7 10 6 5 2 1 
20180526844 9 2 4 3 6 10 1 5 8 7 
20180526845 10 7 6 5 9 8 1 2 4 3 
20180526846 4 10 8 7 9 1 2 5 6 3 
20180526847 7 10 3 8 4 6 2 5 1 9 
20180526848 4 10 7 2 8 6 9 5 1 3 
20180526849 6 1 10 3 9 2 5 7 8 4 
20180526850 5 2 10 7 9 4 1 3 6 8 
20180526851 7 1 2 6 4 8 5 3 9 10 
20180526852 4 8 6 3 10 1 7 2 5 9 
20180526853 5 9 1 2 4 10 6 7 8 3 
20180526854 2 3 7 10 6 5 8 1 9 4 
20180526855 3 1 8 6 4 10 2 5 7 9 
20180526856 2 8 3 7 6 10 5 4 9 1 
20180526857 4 8 2 3 7 1 9 5 10 6 
20180526858 2 5 9 8 3 7 4 6 10 1 
20180526859 10 2 9 6 1 7 5 3 4 8 
20180526860 10 5 9 4 7 6 1 8 3 2 
20180526861 7 3 9 10 2 5 4 8 6 1 
20180526862 10 5 4 3 9 7 2 8 1 6 
20180526863 9 2 10 5 4 3 7 6 8 1 
20180526864 8 1 3 4 7 2 5 6 9 10 
20180526865 4 6 9 2 10 3 1 5 7 8 
20180526866 6 4 8 3 2 1 9 7 5 10 
20180526867 10 4 7 2 9 6 5 8 3 1 
20180526868 4 8 6 3 5 1 9 10 7 2 
20180526869 4 5 7 10 2 3 6 9 8 1 
20180526870 8 9 5 1 7 10 3 4 2 6 
20180526871 5 7 9 10 3 2 6 8 1 4 
20180526872 8 5 7 6 9 2 4 1 3 10 
20180526873 7 1 2 4 5 6 8 9 3 10 
20180526874 9 6 10 7 8 1 5 4 2 3 
20180526875 5 6 9 8 4 10 2 3 1 7 
20180526876 9 8 1 6 5 2 4 3 10 7 
20180526877 1 3 4 9 10 5 2 6 7 8 
20180526878 9 5 4 10 1 6 2 8 7 3 
20180526879 9 3 1 7 8 10 5 2 4 6 
20180526880 9 6 7 2 4 5 3 10 1 8 
20180526881 10 8 1 4 5 7 3 6 9 2 
20180526882 9 3 8 5 10 4 2 6 7 1 
20180526883 2 8 3 5 6 4 10 9 7 1 
20180526884 7 8 1 6 9 3 4 5 2 10 
20180526885 4 5 8 9 1 3 7 6 10 2 
20180526886 7 5 3 9 1 10 6 4 8 2 
20180526887 9 4 5 3 6 1 8 2 10 7 
20180526888 6 7 2 4 8 5 9 1 3 10 
20180526889 1 2 6 9 10 4 5 7 3 8 
20180526890 2 6 8 9 10 3 5 4 1 7 
20180526891 6 7 3 2 1 9 10 8 4 5 
20180526892 1 2 7 6 3 9 8 10 5 4 
20180526893 6 3 9 5 4 7 1 8 10 2 
20180526894 2 10 9 5 3 6 8 1 7 4 
20180526895 10 3 5 9 1 2 7 6 4 8 
20180526896 5 3 10 4 2 6 7 1 9 8 
20180526897 7 6 4 8 9 2 10 1 5 3 
20180526898 6 3 10 5 7 2 8 4 1 9 
20180526899 6 8 1 4 7 10 9 2 5 3 
20180526900 4 5 6 1 7 10 8 9 2 3 
20180526901 10 2 4 8 5 9 6 3 1 7 
20180526902 4 5 6 2 10 8 7 1 3 9 
20180526903 4 1 7 2 10 9 3 8 6 5 
20180526904 10 4 6 2 1 9 5 8 3 7 
20180526905 5 2 1 3 4 10 9 7 8 6 
20180526906 9 4 6 2 8 5 7 3 10 1 
20180526907 1 7 3 10 5 6 4 9 8 2 
20180526908 8 3 2 10 4 5 6 9 1 7 
20180526909 9 2 6 3 4 8 1 7 10 5 
20180526910 1 3 10 8 9 7 6 2 4 5 
20180526911 4 9 1 10 2 7 8 5 3 6 
20180526912 1 6 5 10 4 3 8 7 9 2 
20180526913 6 1 9 4 10 5 2 8 7 3 
20180526914 4 2 7 10 9 3 5 8 1 6 
20180526915 7 4 10 8 2 3 5 1 6 9 
20180526916 5 10 6 9 7 2 8 3 4 1 
20180526917 8 7 1 3 5 10 4 2 9 6 
20180526918 7 5 6 10 1 9 3 2 4 8 
20180526919 1 6 4 5 7 2 3 8 9 10 
20180526920 7 10 8 1 3 6 5 9 4 2 
20180526921 7 1 2 8 3 10 4 5 9 6 
20180526922 1 8 10 3 5 9 7 4 6 2 
20180526923 2 3 1 4 10 7 9 6 8 5 
20180526924 4 7 6 8 10 2 5 9 1 3 
20180526925 3 7 6 9 4 2 10 5 8 1 
20180526926 6 2 10 5 9 8 4 3 1 7 
20180526927 6 4 3 7 8 10 1 2 9 5 
20180526928 2 3 8 4 10 5 9 6 1 7 
20180526929 2 5 4 3 7 8 10 9 6 1 
20180526930 2 9 8 1 6 5 4 3 7 10 
20180526931 2 3 9 7 4 8 1 10 5 6 
20180526932 6 9 5 7 3 10 8 4 1 2 
20180526933 4 6 3 5 7 9 10 8 2 1 
20180526934 2 4 7 1 6 10 9 5 3 8 
20180526935 5 9 3 1 7 8 6 2 10 4 
20180526936 8 3 9 6 4 2 10 1 7 5 
20180526937 6 5 2 1 3 7 8 4 9 10 
20180526938 2 8 1 5 3 7 6 10 9 4 
20180526939 4 9 7 2 1 3 8 5 6 10 
20180526940 10 6 5 9 3 1 8 2 7 4 
20180526941 2 7 4 10 5 8 9 6 1 3 
20180526942 6 9 4 7 8 2 5 3 10 1 
20180526943 5 10 2 1 7 8 4 6 9 3 
20180526944 1 2 6 4 5 10 7 3 9 8 
20180526945 7 3 1 2 4 9 8 6 5 10 
20180526946 2 9 1 4 5 8 10 3 7 6 
20180526947 1 4 10 6 3 5 8 2 7 9 
20180526948 3 4 9 5 8 7 6 10 1 2 
20180526949 7 6 10 2 4 3 5 1 9 8 
20180526950 6 8 5 1 4 2 7 3 9 10 
20180526951 9 6 1 3 2 7 4 8 5 10 
20180526952 4 8 3 7 5 1 6 10 9 2 
20180526953 3 7 6 4 8 1 5 9 2 10 
20180526954 4 7 3 6 9 8 2 1 10 5 
20180526955 4 8 10 7 1 3 9 6 2 5 
20180526956 5 10 3 1 6 4 7 8 2 9 
20180526957 2 10 4 3 1 8 7 9 6 5 
20180526958 3 4 7 8 9 5 1 6 2 10 
20180526959 10 7 5 8 6 2 9 4 3 1 
20180526960 2 4 7 8 6 5 9 3 10 1 
20180526961 6 3 5 10 1 7 2 4 9 8 
20180526962 3 1 6 8 4 9 10 2 5 7 
20180526963 5 3 1 9 10 2 7 4 8 6 
20180526964 10 8 3 9 6 1 7 2 5 4 
20180526965 9 5 3 4 10 7 8 1 2 6 
20180526966 2 1 6 7 10 3 8 5 4 9 
20180526967 4 10 2 7 3 6 8 9 1 5 
20180526968 4 5 6 8 1 9 10 2 3 7 
20180526969 6 4 2 7 10 5 3 8 1 9 
20180526970 1 9 8 5 3 2 6 7 10 4 
20180526971 3 8 4 2 5 7 6 9 1 10 
20180526972 2 6 3 7 1 10 9 5 4 8 
20180526973 7 9 1 4 10 6 5 3 8 2 
20180526974 6 1 4 9 8 2 10 7 5 3 
20180526975 1 10 5 2 7 8 3 4 6 9 
20180526976 5 2 6 4 8 9 10 1 3 7 
20180526977 2 6 1 3 9 8 7 10 4 5 
20180526978 4 6 1 9 2 3 10 8 7 5 
20180526979 8 10 3 5 2 7 1 9 6 4 
20180526980 10 7 5 9 8 2 6 4 3 1 
20180526981 3 1 10 2 4 7 8 5 9 6 
20180526982 3 8 5 10 7 1 9 4 2 6 
20180526983 2 8 3 7 1 9 10 5 6 4 
20180526984 1 7 10 4 5 8 9 3 6 2 
20180526985 2 10 1 4 9 3 6 7 5 8 
