20180512001 10 3 6 9 5 1 8 4 2 7 
20180512002 8 5 10 9 1 7 4 6 3 2 
20180512003 6 8 10 1 5 9 7 3 4 2 
20180512004 4 9 5 3 10 2 8 1 6 7 
20180512005 7 6 8 9 5 1 4 3 10 2 
20180512006 5 8 4 3 6 10 2 1 7 9 
20180512007 2 7 4 3 9 6 8 1 10 5 
20180512008 2 4 9 8 6 3 10 5 1 7 
20180512009 2 1 6 7 3 9 5 4 10 8 
20180512010 8 7 2 1 5 9 4 6 10 3 
20180512011 3 6 1 5 7 4 2 9 10 8 
20180512012 5 9 4 6 2 1 8 10 7 3 
20180512013 9 8 6 7 2 4 3 1 10 5 
20180512014 9 7 4 3 6 1 8 2 5 10 
20180512015 3 4 1 7 6 8 9 10 2 5 
20180512016 8 2 4 7 3 1 6 9 10 5 
20180512017 3 2 1 8 7 4 5 9 10 6 
20180512018 10 8 1 2 5 4 3 6 9 7 
20180512019 10 7 6 5 4 2 1 9 8 3 
20180512020 1 7 6 2 10 5 8 3 9 4 
20180512021 1 8 6 7 3 4 2 9 10 5 
20180512022 8 2 6 3 1 5 9 7 10 4 
20180512023 5 6 2 8 1 7 9 10 4 3 
20180512024 5 2 8 6 3 10 7 1 4 9 
20180512025 6 2 1 5 8 9 4 10 7 3 
20180512026 6 8 2 1 7 3 4 5 9 10 
20180512027 6 4 1 2 3 7 9 10 5 8 
20180512028 1 6 3 10 7 4 8 2 9 5 
20180512029 2 4 8 1 7 6 10 3 5 9 
20180512030 8 3 9 5 6 7 10 2 1 4 
20180512031 8 6 4 3 2 1 5 7 10 9 
20180512032 3 9 7 4 8 10 5 2 1 6 
20180512033 3 1 2 8 5 6 10 4 7 9 
20180512034 2 5 7 8 6 9 10 3 1 4 
20180512035 10 1 7 5 3 8 6 9 4 2 
20180512036 9 1 10 2 5 6 7 4 3 8 
20180512037 2 9 4 7 8 5 6 10 3 1 
20180512038 8 9 6 3 10 5 4 2 1 7 
20180512039 1 7 9 8 3 10 5 6 4 2 
20180512040 8 4 9 10 6 7 3 5 1 2 
20180512041 9 6 10 4 3 5 1 2 8 7 
20180512042 2 7 10 4 9 8 3 6 1 5 
20180512043 9 8 6 4 1 10 2 7 3 5 
20180512044 3 2 10 4 6 7 1 8 5 9 
20180512045 7 10 1 6 2 3 4 5 8 9 
20180512046 5 6 1 4 3 9 10 7 2 8 
20180512047 8 9 7 10 1 6 4 5 2 3 
20180512048 6 10 9 8 2 4 1 5 7 3 
20180512049 3 8 6 9 10 2 7 4 5 1 
20180512050 7 10 1 2 3 5 6 9 4 8 
20180512051 7 3 4 6 5 8 9 2 1 10 
20180512052 5 6 8 2 9 1 3 10 4 7 
20180512053 8 9 2 7 3 4 5 1 10 6 
20180512054 7 5 4 2 9 8 6 10 1 3 
20180512055 2 6 1 10 7 5 3 9 8 4 
20180512056 2 7 3 1 9 4 10 8 6 5 
20180512057 1 5 2 10 9 8 3 6 7 4 
20180512058 3 4 7 2 10 6 1 5 8 9 
20180512059 3 9 8 10 1 6 4 2 7 5 
20180512060 9 4 10 1 5 7 2 6 3 8 
20180512061 1 5 9 2 6 10 3 4 7 8 
20180512062 4 7 9 3 5 10 6 1 8 2 
20180512063 10 1 3 9 4 7 2 6 8 5 
20180512064 6 9 4 5 1 10 7 2 3 8 
20180512065 1 2 7 8 6 10 4 3 5 9 
20180512066 3 2 6 4 9 8 5 10 7 1 
20180512067 9 5 1 8 4 6 2 10 3 7 
20180512068 5 2 9 4 6 8 7 10 1 3 
20180512069 1 10 7 4 6 3 8 2 5 9 
20180512070 8 5 10 6 2 7 4 9 1 3 
20180512071 10 9 7 3 4 1 6 5 2 8 
20180512072 8 1 4 7 10 6 9 2 3 5 
20180512073 5 6 1 8 10 4 3 7 2 9 
20180512074 4 10 5 9 3 8 6 2 1 7 
20180512075 3 7 5 1 10 8 9 4 6 2 
20180512076 7 5 1 6 3 9 4 10 8 2 
20180512077 3 7 6 5 9 10 2 4 1 8 
20180512078 7 2 10 5 3 1 8 6 9 4 
20180512079 7 2 4 10 5 8 6 3 9 1 
20180512080 7 4 2 1 5 9 6 8 10 3 
20180512081 3 2 8 4 1 7 5 9 10 6 
20180512082 10 5 9 8 1 7 4 3 6 2 
20180512083 4 7 3 9 8 5 1 2 6 10 
20180512084 5 9 10 8 7 4 6 1 3 2 
20180512085 8 6 7 9 5 3 1 4 10 2 
20180512086 1 10 3 8 6 9 7 5 4 2 
20180512087 10 8 9 1 3 6 4 5 7 2 
20180512088 3 5 4 9 7 6 10 1 2 8 
20180512089 5 7 10 6 1 4 8 2 3 9 
20180512090 10 4 1 3 7 2 6 8 9 5 
20180512091 3 10 5 6 7 2 4 8 9 1 
20180512092 7 4 5 8 10 6 2 9 3 1 
20180512093 5 7 8 1 3 6 4 2 9 10 
20180512094 4 9 10 6 3 1 5 2 8 7 
20180512095 8 1 5 10 2 7 6 4 9 3 
20180512096 6 3 7 8 5 1 4 9 2 10 
20180512097 6 7 8 5 9 4 2 10 3 1 
20180512098 10 9 1 5 6 8 2 4 7 3 
20180512099 4 8 10 2 6 5 7 3 9 1 
20180512100 6 9 4 8 3 5 2 10 1 7 
20180512101 6 1 2 8 7 5 3 9 4 10 
20180512102 5 8 4 2 9 1 3 6 7 10 
20180512103 3 10 9 5 2 7 8 6 4 1 
20180512104 7 8 5 4 9 3 1 10 6 2 
20180512105 2 8 7 10 5 1 4 6 9 3 
20180512106 6 8 4 7 9 5 3 10 1 2 
20180512107 3 8 6 10 1 4 7 5 9 2 
20180512108 2 5 9 3 7 4 1 6 10 8 
20180512109 10 3 4 6 1 5 8 7 9 2 
20180512110 3 6 1 2 10 7 4 5 8 9 
20180512111 6 5 10 7 9 4 2 1 3 8 
20180512112 8 10 4 2 7 6 3 9 5 1 
20180512113 7 6 10 4 8 3 9 1 2 5 
20180512114 9 1 2 10 7 8 6 5 4 3 
20180512115 10 9 3 2 4 1 5 8 6 7 
20180512116 5 2 9 4 8 1 7 6 3 10 
20180512117 1 10 8 5 3 2 7 9 4 6 
20180512118 7 6 9 5 2 1 3 8 4 10 
20180512119 4 9 10 6 2 3 5 1 7 8 
20180512120 9 8 10 4 1 6 3 2 7 5 
20180512121 3 7 2 10 9 6 5 4 8 1 
20180512122 2 7 6 10 3 9 5 4 1 8 
20180512123 7 3 9 8 10 1 5 6 2 4 
20180512124 5 9 1 2 3 6 4 7 8 10 
20180512125 6 5 3 7 9 8 4 10 2 1 
20180512126 7 9 6 1 8 10 3 4 2 5 
20180512127 7 4 10 1 8 5 3 2 9 6 
20180512128 10 5 7 3 2 4 1 6 9 8 
20180512129 10 5 9 1 2 3 8 4 6 7 
20180512130 5 9 7 3 4 6 10 1 2 8 
20180512131 7 10 3 5 2 9 6 8 1 4 
20180512132 1 7 6 4 9 10 5 3 2 8 
20180512133 5 4 1 9 8 10 3 7 2 6 
20180512134 3 5 9 4 10 7 8 1 6 2 
20180512135 1 6 10 9 5 2 8 7 4 3 
20180512136 10 7 9 4 3 6 8 1 5 2 
20180512137 10 9 8 2 3 7 4 5 1 6 
20180512138 3 5 7 10 6 4 9 8 2 1 
20180512139 9 2 4 10 3 5 6 7 1 8 
20180512140 5 1 7 9 8 6 10 4 2 3 
20180512141 7 2 5 8 10 1 4 3 9 6 
20180512142 1 8 3 6 10 7 9 5 4 2 
20180512143 10 3 1 7 6 2 4 9 5 8 
20180512144 8 5 10 4 2 7 9 3 6 1 
20180512145 10 9 1 5 3 8 4 7 2 6 
20180512146 4 6 10 3 5 8 2 9 7 1 
20180512147 2 3 8 6 1 10 9 4 7 5 
20180512148 8 3 9 6 5 1 2 10 7 4 
20180512149 10 5 6 2 7 3 9 4 8 1 
20180512150 5 9 7 2 6 1 8 10 3 4 
20180512151 6 1 8 3 10 7 5 9 4 2 
20180512152 1 3 8 6 7 5 2 4 10 9 
20180512153 4 2 10 9 8 5 3 6 1 7 
20180512154 10 7 5 3 1 2 4 6 9 8 
20180512155 1 4 5 8 10 7 6 2 3 9 
20180512156 8 3 4 10 5 1 9 7 6 2 
20180512157 10 4 9 5 7 8 2 1 6 3 
20180512158 1 9 4 7 5 3 10 2 8 6 
20180512159 8 3 10 1 4 5 6 7 9 2 
20180512160 4 10 7 6 5 3 8 1 2 9 
20180512161 2 4 9 3 8 7 6 1 10 5 
20180512162 2 10 8 1 3 6 4 5 9 7 
20180512163 8 3 10 5 6 9 2 1 4 7 
20180512164 4 10 3 8 7 6 5 1 9 2 
20180512165 6 2 3 9 5 4 10 7 1 8 
20180512166 4 6 8 2 7 1 5 9 10 3 
20180512167 6 3 10 7 2 9 5 8 4 1 
20180512168 6 1 8 2 7 9 4 3 10 5 
20180512169 8 6 2 7 3 4 5 9 1 10 
20180512170 10 6 2 1 9 5 7 3 8 4 
20180512171 8 5 9 3 1 7 2 6 4 10 
20180512172 9 5 6 1 10 2 8 4 3 7 
20180512173 9 6 8 2 10 4 5 3 1 7 
20180512174 7 1 5 10 8 4 9 6 2 3 
20180512175 6 3 2 5 8 4 1 7 9 10 
20180512176 9 3 6 5 7 10 2 1 8 4 
20180512177 4 10 9 8 2 3 1 5 7 6 
20180512178 9 3 7 2 1 4 10 6 5 8 
20180512179 7 5 3 6 8 2 10 1 9 4 
20180512180 10 9 8 5 6 1 7 3 2 4 
20180512181 3 10 6 5 2 7 8 1 9 4 
20180512182 3 10 8 9 6 7 5 1 2 4 
20180512183 4 2 10 7 1 8 5 3 6 9 
20180512184 10 7 8 6 2 9 1 3 4 5 
20180512185 2 6 8 5 3 9 4 1 7 10 
20180512186 4 6 2 5 3 7 9 8 1 10 
20180512187 3 6 7 10 8 9 4 1 2 5 
20180512188 1 5 9 8 4 7 6 2 10 3 
20180512189 3 1 8 6 5 4 7 10 9 2 
20180512190 1 8 5 3 2 4 6 9 7 10 
20180512191 7 1 4 8 9 5 6 10 3 2 
20180512192 7 3 8 9 4 5 6 10 1 2 
20180512193 6 8 1 4 10 5 3 9 2 7 
20180512194 9 8 1 10 3 7 4 2 5 6 
20180512195 3 9 4 2 6 7 5 10 8 1 
20180512196 5 8 1 7 3 9 4 6 2 10 
20180512197 5 7 1 2 3 4 10 9 8 6 
20180512198 1 3 4 8 6 2 7 9 5 10 
20180512199 1 5 10 7 3 6 8 9 2 4 
20180512200 9 6 4 3 5 8 2 10 1 7 
20180512201 2 4 5 1 10 8 7 3 9 6 
20180512202 7 2 9 3 8 10 5 6 4 1 
20180512203 2 9 4 5 6 10 3 1 8 7 
20180512204 1 5 2 9 4 3 7 10 6 8 
20180512205 1 4 5 2 10 8 6 7 9 3 
20180512206 5 9 3 10 8 2 1 6 4 7 
20180512207 4 9 2 6 8 7 5 3 1 10 
20180512208 4 7 8 6 10 9 5 3 1 2 
20180512209 2 9 3 8 6 10 4 5 7 1 
20180512210 5 1 4 8 6 3 10 9 7 2 
20180512211 5 8 10 7 2 6 1 3 9 4 
20180512212 1 4 10 8 3 5 7 2 6 9 
20180512213 2 3 1 10 6 8 7 4 9 5 
20180512214 3 4 8 10 5 2 6 9 1 7 
20180512215 8 4 2 6 5 1 7 9 3 10 
20180512216 3 9 1 5 6 10 8 7 2 4 
20180512217 9 7 2 4 10 1 6 8 5 3 
20180512218 2 10 6 5 8 7 1 9 3 4 
20180512219 5 2 4 8 1 3 10 9 7 6 
20180512220 3 4 1 10 5 9 7 6 8 2 
20180512221 7 9 1 4 10 8 2 6 3 5 
20180512222 4 3 5 9 1 10 6 8 2 7 
20180512223 5 8 3 4 6 9 1 10 7 2 
20180512224 6 4 7 1 5 2 8 9 3 10 
20180512225 6 5 2 1 3 8 7 9 4 10 
20180512226 9 1 5 10 2 3 4 8 7 6 
20180512227 4 10 3 7 8 6 9 2 5 1 
20180512228 2 10 8 5 3 1 4 6 9 7 
20180512229 1 2 10 3 9 7 4 6 5 8 
20180512230 6 10 7 8 2 9 4 5 1 3 
20180512231 6 9 4 1 8 7 2 5 10 3 
20180512232 2 8 1 7 10 6 5 4 9 3 
20180512233 2 6 8 4 7 5 1 10 3 9 
20180512234 7 2 8 4 1 6 3 10 9 5 
20180512235 4 2 7 1 10 5 3 9 8 6 
20180512236 7 2 9 1 5 8 4 10 3 6 
20180512237 1 7 9 4 6 5 2 10 3 8 
20180512238 2 8 9 7 1 4 3 10 5 6 
20180512239 1 3 9 10 8 7 4 6 5 2 
20180512240 9 3 1 5 8 10 2 4 7 6 
20180512241 8 1 2 4 7 6 3 10 5 9 
20180512242 8 5 6 10 9 1 7 2 3 4 
20180512243 10 3 9 2 7 4 8 1 5 6 
20180512244 5 1 9 2 3 6 7 10 8 4 
20180512245 7 3 5 4 9 6 2 10 8 1 
20180512246 9 5 4 10 8 6 1 3 2 7 
20180512247 6 7 1 4 5 3 10 8 9 2 
20180512248 5 1 2 4 3 10 8 9 6 7 
20180512249 8 10 7 4 1 2 6 5 9 3 
20180512250 5 10 9 1 6 4 2 7 3 8 
20180512251 6 1 10 3 9 8 5 7 4 2 
20180512252 7 10 6 1 5 8 3 4 2 9 
20180512253 1 6 3 10 9 7 5 2 4 8 
20180512254 7 3 4 8 5 1 2 9 10 6 
20180512255 6 5 3 7 2 1 10 4 8 9 
20180512256 4 7 9 5 2 1 8 6 10 3 
20180512257 3 10 8 6 2 9 4 1 5 7 
20180512258 8 2 7 9 6 10 5 1 3 4 
20180512259 10 7 9 4 5 6 3 2 8 1 
20180512260 8 2 4 9 3 7 6 10 1 5 
20180512261 7 9 10 3 6 1 4 8 5 2 
20180512262 10 7 1 8 6 3 4 5 2 9 
20180512263 9 1 4 7 6 5 2 10 3 8 
20180512264 5 2 7 8 6 4 3 10 1 9 
20180512265 9 1 2 4 5 7 10 8 6 3 
20180512266 8 9 1 10 4 2 7 5 6 3 
20180512267 10 5 7 4 1 6 2 9 8 3 
20180512268 3 5 6 7 9 1 4 8 2 10 
20180512269 9 7 5 8 6 3 1 4 2 10 
20180512270 4 2 7 10 9 1 3 5 8 6 
20180512271 5 9 4 6 2 7 3 1 8 10 
20180512272 4 7 2 5 9 3 10 8 6 1 
20180512273 4 3 2 9 8 1 6 10 5 7 
20180512274 4 10 3 1 6 5 8 2 9 7 
20180512275 4 7 9 5 2 6 1 10 8 3 
20180512276 7 4 1 2 6 8 5 9 10 3 
20180512277 3 9 8 6 4 5 2 10 1 7 
20180512278 4 2 3 10 7 9 1 5 8 6 
20180512279 2 6 5 9 1 8 4 7 10 3 
20180512280 8 4 6 9 7 5 3 10 2 1 
20180512281 8 4 9 3 10 6 1 5 7 2 
20180512282 9 2 7 8 1 4 5 10 3 6 
20180512283 8 9 1 6 10 7 3 2 4 5 
20180512284 8 9 4 2 5 6 1 7 10 3 
20180512285 5 2 4 8 1 3 6 10 7 9 
20180512286 2 1 3 6 4 9 5 10 7 8 
20180512287 10 1 8 9 2 3 6 7 4 5 
20180512288 3 10 1 5 2 9 6 7 8 4 
20180512289 3 9 1 7 10 6 8 5 2 4 
20180512290 6 8 4 2 7 3 9 1 10 5 
20180512291 10 3 5 9 6 2 1 4 8 7 
20180512292 1 3 10 2 4 5 9 7 8 6 
20180512293 3 4 5 10 2 9 6 7 1 8 
20180512294 4 3 7 2 1 9 6 5 8 10 
20180512295 5 10 8 3 2 6 4 7 9 1 
20180512296 3 4 10 9 6 5 1 2 7 8 
20180512297 2 1 4 5 9 7 8 10 6 3 
20180512298 9 5 2 7 10 3 1 4 8 6 
20180512299 1 6 8 4 2 9 7 5 3 10 
20180512300 2 9 7 8 3 1 5 6 10 4 
20180512301 10 6 7 5 3 2 1 9 8 4 
20180512302 8 10 5 4 6 9 2 3 1 7 
20180512303 4 3 8 7 6 2 9 1 5 10 
20180512304 4 9 8 10 5 7 1 3 6 2 
20180512305 7 1 6 9 3 5 10 2 8 4 
20180512306 10 7 3 2 6 5 8 1 4 9 
20180512307 9 6 2 10 7 1 4 5 8 3 
20180512308 10 2 6 5 4 7 8 3 9 1 
20180512309 7 8 1 3 4 6 5 9 10 2 
20180512310 8 4 5 6 3 10 2 9 7 1 
20180512311 2 4 10 1 3 5 6 7 9 8 
20180512312 4 1 3 5 6 2 10 8 7 9 
20180512313 4 7 10 5 8 6 3 1 2 9 
20180512314 10 9 1 4 8 5 7 6 2 3 
20180512315 4 2 8 5 3 6 7 9 10 1 
20180512316 8 9 5 3 7 1 4 10 6 2 
20180512317 7 3 2 9 10 6 5 8 4 1 
20180512318 4 8 2 9 6 10 5 7 3 1 
20180512319 5 1 7 10 9 2 4 8 6 3 
20180512320 2 10 8 3 4 6 5 9 7 1 
20180512321 2 9 1 6 8 3 7 10 5 4 
20180512322 9 2 8 6 4 1 5 10 7 3 
20180512323 2 4 3 6 1 9 8 10 7 5 
20180512324 3 2 8 10 1 4 6 5 9 7 
20180512325 4 7 3 6 5 8 1 2 9 10 
20180512326 8 3 7 1 4 9 5 6 10 2 
20180512327 8 2 10 3 6 7 4 1 9 5 
20180512328 1 7 4 10 2 9 3 6 8 5 
20180512329 8 2 10 3 7 1 9 5 6 4 
20180512330 1 9 2 4 7 8 3 10 6 5 
20180512331 10 8 7 2 9 6 3 1 5 4 
20180512332 5 9 1 3 4 10 2 7 8 6 
20180512333 5 8 3 7 10 4 6 2 9 1 
20180512334 9 2 10 8 1 6 7 3 4 5 
20180512335 2 4 1 5 6 8 10 9 7 3 
20180512336 10 2 9 4 8 6 7 5 3 1 
20180512337 5 3 6 7 2 8 10 4 9 1 
20180512338 7 6 2 8 3 9 5 1 10 4 
20180512339 3 6 8 7 1 2 10 4 9 5 
20180512340 4 5 7 2 10 3 8 6 1 9 
20180512341 2 1 6 7 5 10 8 9 4 3 
20180512342 4 6 2 3 7 1 10 9 5 8 
20180512343 9 1 7 6 4 10 3 8 5 2 
20180512344 4 8 10 5 6 9 1 2 3 7 
20180512345 2 3 6 1 4 9 8 7 10 5 
20180512346 7 5 10 4 3 1 2 8 9 6 
20180512347 10 7 9 1 2 3 4 6 8 5 
20180512348 7 6 10 4 8 5 9 2 3 1 
20180512349 7 9 2 8 4 5 10 1 3 6 
20180512350 7 6 8 10 3 5 9 2 1 4 
20180512351 10 9 2 6 7 1 5 3 8 4 
20180512352 8 9 10 4 5 7 3 2 1 6 
20180512353 4 3 7 8 2 6 1 5 10 9 
20180512354 3 10 9 2 6 1 7 8 4 5 
20180512355 8 5 10 4 2 1 3 9 6 7 
20180512356 5 1 4 7 10 2 8 6 9 3 
20180512357 3 5 7 6 9 4 2 1 10 8 
20180512358 10 5 7 1 3 6 2 4 9 8 
20180512359 4 2 7 5 3 9 6 10 8 1 
20180512360 10 7 3 1 2 5 6 4 8 9 
20180512361 4 5 6 10 2 3 1 8 7 9 
20180512362 6 4 1 5 3 7 10 9 8 2 
20180512363 2 6 7 4 9 3 5 10 8 1 
20180512364 9 10 6 2 5 7 8 3 4 1 
20180512365 3 7 8 6 10 9 4 2 5 1 
20180512366 5 9 8 2 3 7 4 10 6 1 
20180512367 1 4 5 8 3 2 6 7 9 10 
20180512368 10 9 4 1 5 8 7 3 2 6 
20180512369 8 9 3 2 7 1 6 4 5 10 
20180512370 1 6 4 2 8 9 5 10 7 3 
20180512371 2 10 4 6 9 3 5 8 7 1 
20180512372 5 4 2 1 10 6 7 8 9 3 
20180512373 9 3 4 10 8 6 1 5 2 7 
20180512374 7 1 5 4 9 2 3 6 10 8 
20180512375 8 5 4 2 10 3 7 1 9 6 
20180512376 3 10 9 7 5 1 8 6 4 2 
20180512377 8 10 3 6 7 9 2 1 5 4 
20180512378 10 8 6 7 9 1 4 5 3 2 
20180512379 2 8 6 7 3 9 4 1 10 5 
20180512380 3 4 7 1 9 8 5 6 10 2 
20180512381 7 1 9 4 2 10 6 8 3 5 
20180512382 1 7 10 9 6 3 8 4 5 2 
20180512383 8 7 1 3 9 2 10 4 6 5 
20180512384 2 7 3 4 9 8 5 1 6 10 
20180512385 6 1 10 9 8 4 7 3 5 2 
20180512386 7 1 8 10 6 3 5 9 2 4 
20180512387 10 7 8 6 2 1 3 5 4 9 
20180512388 5 4 9 7 3 1 6 10 2 8 
20180512389 5 1 3 7 9 2 6 10 4 8 
20180512390 4 7 10 8 3 5 1 6 2 9 
20180512391 1 10 6 5 9 4 3 8 7 2 
20180512392 6 3 5 4 9 2 1 10 8 7 
20180512393 6 2 8 7 9 4 1 5 10 3 
20180512394 4 10 5 2 3 7 1 9 6 8 
20180512395 9 5 6 3 1 7 2 10 8 4 
20180512396 2 5 4 1 9 6 10 7 8 3 
20180512397 4 5 10 8 3 7 2 9 1 6 
20180512398 3 7 5 8 10 4 1 6 9 2 
20180512399 8 7 9 6 5 3 2 10 1 4 
20180512400 3 8 1 7 9 4 5 2 10 6 
20180512401 9 4 7 2 3 8 10 5 1 6 
20180512402 2 6 8 4 10 9 3 1 5 7 
20180512403 10 1 5 8 7 2 9 4 6 3 
20180512404 10 7 2 4 8 6 5 9 3 1 
20180512405 8 3 5 7 6 10 9 1 2 4 
20180512406 3 10 8 4 2 9 6 1 7 5 
20180512407 6 10 1 8 4 7 9 3 2 5 
20180512408 1 2 5 9 4 8 10 3 6 7 
20180512409 2 10 7 8 4 1 9 3 6 5 
20180512410 9 2 7 10 4 3 6 5 1 8 
20180512411 6 4 2 5 3 7 9 1 8 10 
20180512412 3 2 5 4 9 6 8 7 10 1 
20180512413 9 10 8 1 5 4 7 6 2 3 
20180512414 6 8 7 9 10 1 4 3 2 5 
20180512415 6 2 10 4 8 9 3 1 5 7 
20180512416 10 8 4 6 1 2 9 3 5 7 
20180512417 10 9 1 4 5 6 3 8 7 2 
20180512418 6 10 9 7 1 2 8 4 5 3 
20180512419 3 4 5 8 10 7 1 6 2 9 
20180512420 6 1 9 7 8 2 4 5 10 3 
20180512421 1 9 4 10 6 8 3 7 2 5 
20180512422 6 9 5 1 3 8 4 10 7 2 
20180512423 10 8 7 5 2 4 3 9 6 1 
20180512424 6 10 9 3 1 8 4 5 7 2 
20180512425 4 7 1 5 10 2 9 8 6 3 
20180512426 5 6 8 9 7 1 4 2 3 10 
20180512427 6 2 3 7 5 10 8 4 1 9 
20180512428 1 2 6 8 3 5 7 10 4 9 
20180512429 1 3 10 2 8 9 4 6 7 5 
20180512430 5 8 4 2 7 9 6 3 1 10 
20180512431 3 4 10 5 7 1 2 6 8 9 
20180512432 8 1 9 10 6 7 3 4 5 2 
20180512433 6 2 10 3 8 4 1 5 7 9 
20180512434 1 5 7 8 3 6 4 2 10 9 
20180512435 6 9 1 7 3 5 4 8 10 2 
20180512436 6 10 1 8 2 7 5 3 4 9 
20180512437 7 4 8 1 9 10 3 6 5 2 
20180512438 4 10 8 1 2 7 6 9 5 3 
20180512439 4 7 3 8 5 1 6 9 10 2 
20180512440 8 2 1 10 7 4 5 3 9 6 
20180512441 5 3 1 4 7 6 10 8 2 9 
20180512442 2 6 3 10 7 4 1 9 5 8 
20180512443 5 2 6 3 9 7 1 8 10 4 
20180512444 6 10 5 7 1 8 2 3 4 9 
20180512445 7 8 4 10 2 1 5 3 6 9 
20180512446 1 9 2 3 8 10 5 4 6 7 
20180512447 6 2 9 1 4 7 8 10 3 5 
20180512448 7 8 3 6 1 10 5 9 2 4 
20180512449 9 3 10 7 8 5 6 4 2 1 
20180512450 9 1 10 7 8 6 3 5 2 4 
20180512451 3 6 7 9 5 4 8 10 1 2 
20180512452 6 1 4 7 9 8 3 10 2 5 
20180512453 3 1 10 6 7 2 8 9 5 4 
20180512454 5 3 6 7 10 2 9 8 1 4 
20180512455 6 4 8 3 9 7 5 10 1 2 
20180512456 7 4 3 9 8 10 2 1 5 6 
20180512457 2 5 3 9 10 6 1 8 7 4 
20180512458 8 1 10 2 6 3 9 7 4 5 
20180512459 4 7 10 6 2 9 8 5 1 3 
20180512460 5 10 3 2 4 6 1 9 8 7 
20180512461 1 3 8 2 5 4 7 6 10 9 
20180512462 4 2 1 5 8 10 9 3 6 7 
20180512463 5 3 9 6 4 1 2 8 7 10 
20180512464 8 3 2 9 7 1 5 4 10 6 
20180512465 5 2 3 9 8 6 10 7 4 1 
20180512466 2 4 1 5 10 7 9 3 6 8 
20180512467 1 3 5 2 4 7 10 8 6 9 
20180512468 10 3 4 2 8 5 6 1 7 9 
20180512469 7 6 5 2 10 4 8 1 9 3 
20180512470 1 9 2 8 7 5 10 6 3 4 
20180512471 3 5 2 9 7 1 10 4 8 6 
20180512472 9 8 4 1 6 3 2 5 7 10 
20180512473 7 10 8 3 5 6 1 9 4 2 
20180512474 5 6 2 8 7 10 1 9 4 3 
20180512475 4 8 2 10 6 7 3 5 1 9 
20180512476 2 9 5 8 7 10 3 4 1 6 
20180512477 10 4 8 6 5 7 3 1 2 9 
20180512478 10 7 1 9 3 5 6 2 8 4 
20180512479 2 4 3 6 7 1 9 8 5 10 
20180512480 10 7 1 9 5 8 2 3 6 4 
20180512481 4 2 10 5 1 8 6 3 9 7 
20180512482 10 1 8 3 9 6 4 2 7 5 
20180512483 4 3 9 2 5 6 10 7 8 1 
20180512484 1 3 2 10 9 7 4 5 6 8 
20180512485 1 3 4 8 2 9 7 6 10 5 
20180512486 5 8 9 10 4 3 1 2 6 7 
20180512487 6 9 7 3 10 4 2 5 1 8 
20180512488 7 6 8 1 5 2 3 4 9 10 
20180512489 10 6 1 3 2 4 7 8 9 5 
20180512490 3 7 1 8 6 9 4 10 2 5 
20180512491 9 5 4 8 3 10 6 7 2 1 
20180512492 9 3 1 2 7 4 6 5 10 8 
20180512493 1 2 6 9 4 10 5 3 7 8 
20180512494 6 1 5 2 7 9 8 4 3 10 
20180512495 10 1 2 7 5 8 9 6 4 3 
20180512496 10 7 4 6 3 9 8 2 5 1 
20180512497 4 5 6 10 3 8 2 1 9 7 
20180512498 7 2 6 5 8 9 4 3 1 10 
20180512499 10 4 5 6 9 3 2 8 7 1 
20180512500 7 5 2 9 10 1 8 6 4 3 
20180512501 9 5 8 10 7 4 2 6 1 3 
20180512502 8 4 3 9 1 10 5 2 6 7 
20180512503 8 10 2 9 5 7 4 3 1 6 
20180512504 2 1 5 10 6 7 4 9 3 8 
20180512505 4 5 9 7 1 2 3 6 8 10 
20180512506 10 2 7 6 3 8 4 1 9 5 
20180512507 1 5 10 7 2 8 3 6 9 4 
20180512508 1 4 5 7 2 8 6 3 9 10 
20180512509 5 7 1 4 9 6 10 2 8 3 
20180512510 6 7 5 3 4 9 8 10 2 1 
20180512511 9 3 1 2 8 7 10 4 5 6 
20180512512 2 7 5 3 9 1 10 6 4 8 
20180512513 2 7 5 10 4 8 1 6 3 9 
20180512514 4 9 6 8 2 5 10 7 1 3 
20180512515 9 3 1 6 10 5 4 8 7 2 
20180512516 5 6 9 1 4 8 3 10 7 2 
20180512517 10 9 1 3 5 7 8 2 6 4 
20180512518 9 6 8 4 2 5 1 3 10 7 
20180512519 7 1 5 3 4 9 8 2 6 10 
20180512520 6 5 9 2 4 3 8 1 7 10 
20180512521 2 9 4 5 6 3 8 7 1 10 
20180512522 10 2 1 7 4 6 5 9 3 8 
20180512523 3 8 10 7 6 5 2 4 9 1 
20180512524 2 10 3 5 1 6 4 7 8 9 
20180512525 5 7 2 10 8 1 4 9 6 3 
20180512526 6 7 2 1 3 8 5 9 4 10 
20180512527 1 3 4 2 10 8 5 6 7 9 
20180512528 9 8 2 3 10 5 1 7 4 6 
20180512529 10 9 8 5 1 4 3 6 2 7 
20180512530 3 6 7 8 4 1 2 5 9 10 
20180512531 9 8 3 1 7 4 2 6 10 5 
20180512532 1 9 8 7 5 3 10 4 6 2 
20180512533 2 6 1 4 3 9 8 5 7 10 
20180512534 1 6 8 2 3 4 9 10 7 5 
20180512535 8 6 3 7 1 10 4 2 9 5 
20180512536 8 10 1 9 6 4 2 7 3 5 
20180512537 4 9 3 10 6 1 8 2 5 7 
20180512538 2 3 7 9 4 10 6 5 1 8 
20180512539 8 6 7 5 10 2 9 4 3 1 
20180512540 5 8 6 10 1 9 2 4 3 7 
20180512541 4 5 1 8 10 2 6 7 9 3 
20180512542 6 4 3 7 9 10 8 5 1 2 
20180512543 10 9 2 8 4 3 5 7 1 6 
20180512544 10 8 5 9 1 7 4 2 3 6 
20180512545 6 1 2 7 5 4 3 9 10 8 
20180512546 1 3 8 10 4 2 9 6 5 7 
20180512547 5 4 8 7 1 3 6 9 10 2 
20180512548 7 1 2 6 10 5 4 9 8 3 
20180512549 10 3 8 6 5 9 7 1 2 4 
20180512550 8 3 5 2 6 9 7 4 1 10 
20180512551 7 8 1 3 4 2 9 10 5 6 
20180512552 5 9 1 4 10 8 7 3 2 6 
20180512553 2 9 1 6 4 5 7 3 10 8 
20180512554 1 4 2 3 8 7 10 5 9 6 
20180512555 10 7 5 2 6 8 1 9 4 3 
20180512556 4 8 2 7 3 10 5 9 6 1 
20180512557 2 6 7 4 8 10 9 5 1 3 
20180512558 2 7 3 1 4 8 5 10 6 9 
20180512559 2 7 1 6 8 3 9 10 5 4 
20180512560 6 2 1 5 8 7 3 9 10 4 
20180512561 4 5 6 8 3 9 1 10 7 2 
20180512562 8 7 4 6 1 9 2 5 10 3 
20180512563 9 5 10 7 1 3 8 6 2 4 
20180512564 9 5 3 4 1 10 6 7 8 2 
20180512565 9 7 2 4 8 3 5 10 1 6 
20180512566 3 10 6 4 1 8 9 5 7 2 
20180512567 7 9 5 8 10 3 6 1 4 2 
20180512568 8 6 10 5 1 3 2 7 4 9 
20180512569 4 7 3 5 2 1 6 8 10 9 
20180512570 10 9 7 2 3 1 6 5 4 8 
20180512571 8 5 10 4 7 6 3 2 9 1 
20180512572 6 8 5 4 7 3 1 2 9 10 
20180512573 3 10 7 9 4 5 8 6 1 2 
20180512574 5 9 10 1 2 7 8 4 6 3 
20180512575 6 7 8 3 5 9 1 4 2 10 
20180512576 8 7 2 1 9 3 10 5 4 6 
20180512577 1 7 4 10 5 9 8 2 6 3 
20180512578 4 2 9 1 6 5 3 10 7 8 
20180512579 8 6 1 2 3 9 4 10 7 5 
20180512580 6 1 2 8 3 7 10 5 4 9 
20180512581 6 3 10 8 4 1 2 9 7 5 
20180512582 2 9 6 4 5 7 3 10 8 1 
20180512583 6 1 9 10 5 3 7 4 2 8 
20180512584 6 9 5 7 10 2 1 8 3 4 
20180512585 5 4 6 7 8 2 1 10 9 3 
20180512586 8 1 7 3 5 9 6 4 2 10 
20180512587 10 8 4 6 7 3 1 5 9 2 
20180512588 7 4 3 9 10 8 6 2 5 1 
20180512589 2 3 5 9 7 8 4 6 1 10 
20180512590 6 3 10 9 2 8 1 5 4 7 
20180512591 10 6 9 5 4 8 1 3 2 7 
20180512592 10 9 2 5 1 8 7 6 3 4 
20180512593 3 1 7 4 5 2 8 6 9 10 
20180512594 7 5 3 10 9 2 8 4 1 6 
20180512595 8 5 2 1 10 9 6 4 7 3 
20180512596 9 6 8 7 10 2 1 3 4 5 
20180512597 1 2 3 8 6 10 5 9 4 7 
20180512598 1 5 6 10 7 8 4 9 3 2 
20180512599 5 9 10 6 3 2 7 1 8 4 
20180512600 8 10 4 5 1 7 6 2 3 9 
20180512601 3 9 10 6 7 2 1 8 5 4 
20180512602 6 4 10 3 5 7 1 8 9 2 
20180512603 9 1 2 5 8 6 3 4 10 7 
20180512604 10 3 4 9 5 2 1 7 6 8 
20180512605 10 6 9 3 8 1 5 7 4 2 
20180512606 6 4 9 3 10 2 7 1 5 8 
20180512607 8 9 3 6 4 10 1 7 2 5 
20180512608 1 7 8 10 6 3 2 9 4 5 
20180512609 1 6 10 9 5 3 4 8 2 7 
20180512610 1 5 7 9 3 4 2 6 10 8 
20180512611 4 6 8 10 9 3 7 5 1 2 
20180512612 5 3 4 10 9 1 6 8 2 7 
20180512613 7 8 10 6 5 4 9 2 1 3 
20180512614 4 9 1 5 7 2 10 3 6 8 
20180512615 8 2 9 6 4 5 10 7 1 3 
20180512616 9 1 5 10 6 4 7 2 3 8 
20180512617 2 7 4 3 10 5 1 8 9 6 
20180512618 9 6 3 10 2 5 7 4 8 1 
20180512619 3 7 1 6 9 4 5 10 2 8 
20180512620 1 6 7 8 4 10 5 9 2 3 
20180512621 5 8 1 6 7 2 9 3 4 10 
20180512622 9 8 3 10 2 4 6 5 7 1 
20180512623 4 8 3 5 7 10 6 2 1 9 
20180512624 5 4 6 1 3 8 2 10 7 9 
20180512625 1 7 6 9 3 4 2 5 10 8 
20180512626 9 7 8 4 6 5 3 10 1 2 
20180512627 5 4 8 1 2 3 7 10 9 6 
20180512628 2 3 7 5 10 4 6 8 1 9 
20180512629 1 6 10 5 9 7 2 3 4 8 
20180512630 6 9 3 10 5 8 4 7 1 2 
20180512631 10 5 8 2 6 1 7 9 4 3 
20180512632 8 7 2 5 6 10 9 3 1 4 
20180512633 9 2 5 4 10 1 7 8 6 3 
20180512634 1 4 8 3 2 6 9 10 5 7 
20180512635 10 3 1 4 7 5 9 2 8 6 
20180512636 10 2 7 3 9 5 6 1 8 4 
20180512637 6 7 3 9 8 4 1 10 2 5 
20180512638 9 10 1 4 7 2 6 8 5 3 
20180512639 5 7 1 8 9 4 3 10 2 6 
20180512640 9 10 2 3 7 6 1 4 5 8 
20180512641 2 3 9 4 6 5 8 7 1 10 
20180512642 9 2 4 6 7 1 10 3 5 8 
20180512643 10 3 5 4 8 7 1 6 9 2 
20180512644 9 4 7 1 5 6 8 3 2 10 
20180512645 9 3 5 4 7 6 1 10 8 2 
20180512646 8 10 2 6 1 5 4 3 9 7 
20180512647 6 4 10 2 5 9 1 8 3 7 
20180512648 5 7 6 8 4 10 1 9 3 2 
20180512649 5 4 3 1 2 6 10 9 8 7 
20180512650 5 1 8 7 4 9 10 6 3 2 
20180512651 1 4 2 3 5 9 6 10 8 7 
20180512652 4 1 7 8 2 3 10 9 5 6 
20180512653 4 5 9 3 7 8 2 10 1 6 
20180512654 5 7 9 6 2 4 10 3 8 1 
20180512655 9 5 8 6 1 2 4 7 10 3 
20180512656 9 1 10 5 4 7 3 2 6 8 
20180512657 8 9 6 3 10 7 1 2 5 4 
20180512658 10 8 5 6 3 1 9 2 7 4 
20180512659 10 8 1 4 3 5 2 9 7 6 
20180512660 7 3 1 6 10 9 5 2 8 4 
20180512661 4 6 5 8 7 9 1 3 2 10 
20180512662 4 10 8 6 2 9 5 1 3 7 
20180512663 7 1 10 2 3 4 9 6 8 5 
20180512664 2 6 1 10 7 9 8 3 5 4 
20180512665 9 5 1 4 7 6 3 8 10 2 
20180512666 3 10 2 4 8 5 7 1 6 9 
20180512667 6 7 8 1 4 9 5 2 10 3 
20180512668 1 5 4 8 6 9 10 2 3 7 
20180512669 1 9 5 8 2 6 7 10 3 4 
20180512670 1 8 4 3 6 7 9 2 5 10 
20180512671 7 3 10 2 8 5 6 1 4 9 
20180512672 3 6 4 5 7 10 9 8 2 1 
20180512673 9 3 8 10 5 7 2 1 4 6 
20180512674 8 4 10 7 2 5 3 1 6 9 
20180512675 9 2 1 4 10 6 5 7 3 8 
20180512676 3 8 10 1 2 4 7 5 6 9 
20180512677 5 2 6 1 7 8 9 3 4 10 
20180512678 10 8 4 2 7 1 3 9 6 5 
20180512679 5 9 6 8 1 3 2 10 7 4 
20180512680 10 8 9 2 1 6 4 5 3 7 
20180512681 7 8 3 10 1 4 6 5 2 9 
20180512682 7 9 4 10 8 1 5 2 6 3 
20180512683 4 6 8 9 1 7 2 3 10 5 
20180512684 4 6 10 7 5 8 3 1 2 9 
20180512685 8 10 2 7 3 1 6 5 4 9 
20180512686 4 6 7 2 9 1 3 8 5 10 
20180512687 7 4 10 3 5 9 8 1 6 2 
20180512688 7 10 2 9 5 8 1 6 3 4 
20180512689 9 2 5 4 7 1 10 3 6 8 
20180512690 6 3 8 4 7 2 1 10 5 9 
20180512691 5 3 7 10 2 8 4 1 6 9 
20180512692 4 9 5 1 7 3 6 8 2 10 
20180512693 8 7 4 6 9 5 2 3 10 1 
20180512694 7 9 4 1 5 10 8 3 2 6 
20180512695 3 6 9 1 2 4 8 5 10 7 
20180512696 5 6 10 3 1 7 9 8 2 4 
20180512697 5 7 10 6 9 1 2 3 4 8 
20180512698 8 3 9 7 10 6 1 4 2 5 
20180512699 6 8 5 4 2 1 9 7 3 10 
20180512700 9 10 4 6 2 5 7 8 3 1 
20180512701 5 10 2 3 7 1 8 9 4 6 
20180512702 7 2 1 5 8 10 3 9 6 4 
20180512703 10 1 8 3 2 4 6 7 9 5 
20180512704 2 10 4 9 5 7 6 1 8 3 
20180512705 7 3 5 10 8 2 9 4 1 6 
20180512706 9 8 3 10 5 7 1 6 4 2 
20180512707 1 7 9 4 6 5 3 8 2 10 
20180512708 10 8 6 3 7 2 4 1 5 9 
20180512709 9 5 10 2 7 1 6 8 3 4 
20180512710 7 1 9 6 2 10 4 8 3 5 
20180512711 2 1 7 4 9 3 6 10 5 8 
20180512712 5 6 9 3 7 1 8 2 4 10 
20180512713 6 2 5 8 10 9 7 1 4 3 
20180512714 7 5 3 9 6 10 1 8 4 2 
20180512715 7 5 4 1 8 6 2 10 9 3 
20180512716 1 5 6 7 8 10 4 2 3 9 
20180512717 7 10 5 6 4 9 2 8 1 3 
20180512718 9 3 2 6 10 7 4 5 1 8 
20180512719 7 5 2 9 3 1 8 4 10 6 
20180512720 5 4 8 3 10 1 7 6 9 2 
20180512721 4 1 7 10 6 8 9 5 2 3 
20180512722 10 6 8 5 2 3 7 1 9 4 
20180512723 9 5 4 6 3 10 2 8 1 7 
20180512724 2 3 8 10 1 7 4 5 6 9 
20180512725 2 5 10 1 7 4 8 6 9 3 
20180512726 8 1 4 6 7 2 10 5 3 9 
20180512727 9 5 7 4 3 10 8 2 6 1 
20180512728 7 3 4 5 10 6 8 1 2 9 
20180512729 1 3 7 10 8 5 9 4 2 6 
20180512730 1 5 7 2 9 10 8 4 3 6 
20180512731 1 4 2 6 7 3 8 5 9 10 
20180512732 3 7 1 4 6 10 8 9 2 5 
20180512733 10 2 3 9 5 8 4 7 1 6 
20180512734 1 5 6 9 10 4 8 2 3 7 
20180512735 2 9 7 5 3 1 8 4 6 10 
20180512736 1 8 9 6 4 3 2 10 5 7 
20180512737 8 2 4 3 10 1 6 7 9 5 
20180512738 7 9 5 1 3 4 10 2 6 8 
20180512739 10 6 4 8 3 5 7 2 9 1 
20180512740 6 5 8 1 7 9 2 4 10 3 
20180512741 4 5 7 1 8 9 2 3 10 6 
20180512742 10 6 4 7 2 3 1 8 9 5 
20180512743 2 8 7 4 5 3 6 9 10 1 
20180512744 9 2 4 1 6 3 10 8 7 5 
20180512745 4 3 7 9 10 2 5 1 6 8 
20180512746 8 5 9 1 6 10 2 7 4 3 
20180512747 8 3 4 5 2 6 7 1 10 9 
20180512748 1 4 8 10 3 9 7 2 6 5 
20180512749 3 10 4 7 2 1 6 5 8 9 
20180512750 7 4 6 10 9 3 8 2 1 5 
20180512751 10 7 2 8 4 9 6 1 3 5 
20180512752 6 3 8 9 2 7 4 5 10 1 
20180512753 7 9 1 5 3 2 6 8 4 10 
20180512754 6 7 5 8 2 10 3 1 9 4 
20180512755 7 4 5 10 3 8 9 1 2 6 
20180512756 10 4 7 9 2 1 6 5 3 8 
20180512757 7 1 9 6 10 4 3 8 2 5 
20180512758 10 9 4 6 7 3 2 5 8 1 
20180512759 4 3 1 5 8 6 9 2 7 10 
20180512760 1 4 9 2 10 7 3 8 5 6 
20180512761 1 10 3 8 2 4 6 5 7 9 
20180512762 7 3 6 5 4 10 1 2 9 8 
20180512763 1 8 2 4 7 5 9 6 10 3 
20180512764 9 1 4 3 8 10 2 5 6 7 
20180512765 3 8 6 2 1 10 4 5 9 7 
20180512766 6 1 9 8 3 4 2 10 5 7 
20180512767 1 2 3 10 7 8 9 4 5 6 
20180512768 9 2 6 3 1 5 8 4 10 7 
20180512769 4 8 2 7 6 3 10 5 1 9 
20180512770 1 3 4 9 7 5 6 10 2 8 
20180512771 7 6 4 8 5 2 3 9 1 10 
20180512772 7 4 2 8 9 1 10 5 6 3 
20180512773 4 8 7 10 2 6 1 3 5 9 
20180512774 8 5 2 6 1 9 3 7 4 10 
20180512775 7 8 9 4 5 2 3 1 10 6 
20180512776 9 10 3 5 1 2 7 8 4 6 
20180512777 3 9 7 2 4 1 10 5 8 6 
20180512778 7 8 1 2 3 6 4 5 10 9 
20180512779 5 6 9 2 7 8 1 3 4 10 
20180512780 10 2 3 1 6 5 7 4 8 9 
20180512781 2 5 4 6 10 3 8 7 9 1 
20180512782 9 6 3 4 7 10 1 8 2 5 
20180512783 9 8 2 5 1 10 3 6 4 7 
20180512784 8 1 9 10 2 6 5 7 4 3 
20180512785 1 8 4 9 3 2 6 5 10 7 
20180512786 9 6 3 7 2 1 10 4 8 5 
20180512787 1 8 4 7 10 5 3 2 6 9 
20180512788 6 2 3 4 5 7 9 10 8 1 
20180512789 5 8 6 7 2 9 3 1 4 10 
20180512790 3 7 5 4 2 10 1 8 6 9 
20180512791 3 5 7 1 2 6 10 9 4 8 
20180512792 2 8 6 3 10 5 4 1 7 9 
20180512793 7 5 2 9 1 3 10 6 8 4 
20180512794 10 8 7 3 2 6 9 5 4 1 
20180512795 10 1 6 4 2 3 9 7 5 8 
20180512796 3 10 2 1 5 4 9 8 7 6 
20180512797 2 5 8 1 3 7 4 6 9 10 
20180512798 10 3 2 7 1 6 8 4 9 5 
20180512799 4 6 5 8 2 9 1 3 10 7 
20180512800 8 9 6 2 7 4 1 5 10 3 
20180512801 7 6 5 3 8 4 9 1 2 10 
20180512802 10 3 7 4 9 6 1 2 8 5 
20180512803 4 10 8 1 6 5 9 2 3 7 
20180512804 4 6 8 9 3 7 2 10 1 5 
20180512805 8 7 1 5 2 9 3 6 10 4 
20180512806 6 8 10 3 1 2 9 7 5 4 
20180512807 3 7 10 6 1 9 8 4 2 5 
20180512808 7 8 6 5 10 9 1 2 3 4 
20180512809 10 6 5 7 9 4 3 2 1 8 
20180512810 7 4 8 1 6 3 5 2 10 9 
20180512811 6 1 5 9 4 2 10 8 7 3 
20180512812 1 6 8 9 10 7 3 5 4 2 
20180512813 2 3 4 6 1 7 9 5 8 10 
20180512814 6 2 8 10 9 7 1 4 5 3 
20180512815 1 5 4 10 8 3 6 2 9 7 
20180512816 8 1 10 2 4 9 7 6 5 3 
20180512817 10 2 7 9 5 3 6 8 4 1 
20180512818 10 3 1 4 6 8 5 9 2 7 
20180512819 3 1 2 5 8 6 9 7 10 4 
20180512820 7 8 9 5 3 1 2 4 6 10 
20180512821 6 4 5 10 8 9 2 1 7 3 
20180512822 2 4 8 3 1 5 7 9 6 10 
20180512823 9 1 4 6 3 8 5 7 2 10 
20180512824 10 3 5 4 1 2 8 6 9 7 
20180512825 3 10 4 1 7 2 6 5 8 9 
20180512826 7 10 1 6 2 5 4 8 9 3 
20180512827 3 2 1 10 8 6 5 9 7 4 
20180512828 6 8 10 3 5 4 7 9 2 1 
20180512829 7 2 3 6 10 4 1 8 5 9 
20180512830 2 7 4 9 3 8 1 5 10 6 
20180512831 3 2 1 7 6 5 9 4 8 10 
20180512832 4 2 8 7 5 6 9 3 10 1 
20180512833 3 7 6 10 2 9 5 8 1 4 
20180512834 2 4 7 8 5 3 1 6 10 9 
20180512835 6 10 4 2 5 3 7 1 9 8 
20180512836 9 7 5 1 8 4 2 6 3 10 
20180512837 5 8 2 1 10 6 7 4 3 9 
20180512838 8 3 10 7 6 4 9 2 1 5 
20180512839 5 10 7 8 9 2 3 6 4 1 
20180512840 1 2 8 6 3 9 7 4 5 10 
20180512841 6 10 8 1 3 5 2 7 9 4 
20180512842 8 5 1 9 10 4 2 6 7 3 
20180512843 9 4 7 10 3 2 8 5 1 6 
20180512844 10 6 5 1 9 4 7 3 2 8 
20180512845 2 10 9 6 7 8 4 5 3 1 
20180512846 10 3 7 6 1 5 2 8 9 4 
20180512847 6 8 3 7 1 2 10 4 9 5 
20180512848 5 8 4 1 10 2 7 6 3 9 
20180512849 4 1 6 9 2 7 3 5 10 8 
20180512850 9 6 5 4 7 8 10 3 1 2 
20180512851 1 8 9 10 4 6 2 3 7 5 
20180512852 7 6 3 5 2 4 10 1 9 8 
20180512853 1 9 2 7 8 10 6 4 5 3 
20180512854 8 4 5 9 2 3 10 7 6 1 
20180512855 4 9 10 6 5 2 7 8 3 1 
20180512856 6 5 9 8 7 3 10 4 2 1 
20180512857 4 8 6 7 1 3 2 9 10 5 
20180512858 4 3 8 2 10 1 6 5 9 7 
20180512859 5 4 1 10 9 8 6 3 7 2 
20180512860 2 4 1 3 8 9 10 5 7 6 
20180512861 10 2 9 6 7 1 5 8 4 3 
20180512862 9 8 7 10 4 1 3 6 5 2 
20180512863 5 4 9 1 10 7 8 3 6 2 
20180512864 1 8 6 3 10 2 9 5 4 7 
20180512865 7 2 6 5 3 1 10 8 9 4 
20180512866 9 10 1 6 4 3 7 8 2 5 
20180512867 3 5 1 9 2 8 4 7 10 6 
20180512868 9 1 6 8 10 4 5 2 3 7 
20180512869 2 4 1 8 9 5 10 6 7 3 
20180512870 8 6 1 2 5 4 9 7 10 3 
20180512871 5 4 3 8 7 1 9 6 2 10 
20180512872 4 2 8 6 9 7 3 1 10 5 
20180512873 7 8 1 5 2 6 9 3 4 10 
20180512874 6 8 9 1 3 4 7 2 5 10 
20180512875 5 2 3 9 6 1 4 8 10 7 
20180512876 4 5 1 3 8 7 9 2 6 10 
20180512877 3 10 8 6 7 4 9 2 1 5 
20180512878 3 5 10 9 7 1 4 2 8 6 
20180512879 3 2 4 1 7 10 6 5 8 9 
20180512880 9 4 3 1 7 8 10 6 5 2 
20180512881 2 8 9 10 7 1 6 3 4 5 
20180512882 8 4 10 2 5 1 6 7 3 9 
20180512883 7 3 5 6 1 8 10 9 2 4 
20180512884 7 10 6 8 1 2 3 9 4 5 
20180512885 4 7 1 2 5 10 6 9 8 3 
20180512886 3 5 1 8 2 10 7 9 4 6 
20180512887 7 8 1 5 2 3 4 10 6 9 
20180512888 6 1 9 4 10 7 3 5 8 2 
20180512889 4 8 5 10 7 2 3 1 6 9 
20180512890 6 4 9 8 3 10 2 5 1 7 
20180512891 7 1 5 6 3 8 4 9 2 10 
20180512892 3 10 2 6 7 4 5 9 8 1 
20180512893 5 1 3 2 7 4 10 6 8 9 
20180512894 4 7 6 5 2 1 9 3 10 8 
20180512895 1 5 8 4 7 10 3 2 9 6 
20180512896 7 10 1 8 5 6 4 3 2 9 
20180512897 1 10 2 3 7 4 6 8 5 9 
20180512898 5 2 4 8 3 10 1 7 6 9 
20180512899 1 8 9 10 6 2 4 3 5 7 
20180512900 4 10 5 2 3 8 7 1 6 9 
20180512901 3 4 9 5 1 2 6 7 8 10 
20180512902 6 9 2 3 7 8 4 10 5 1 
20180512903 7 10 3 4 1 9 2 8 6 5 
20180512904 2 7 4 1 9 6 10 8 5 3 
20180512905 3 2 7 10 1 5 8 9 4 6 
20180512906 1 10 4 2 5 7 6 3 8 9 
20180512907 6 4 3 10 2 5 1 9 7 8 
20180512908 1 7 4 3 10 8 2 5 9 6 
20180512909 2 8 9 1 10 5 4 6 7 3 
20180512910 5 9 8 7 2 10 1 6 4 3 
20180512911 3 6 9 1 10 5 8 7 4 2 
20180512912 5 8 6 9 2 10 7 3 4 1 
20180512913 9 2 4 3 7 10 5 8 1 6 
20180512914 6 9 8 3 2 5 1 4 7 10 
20180512915 6 5 2 10 8 1 3 9 7 4 
20180512916 8 4 10 9 2 3 6 5 1 7 
20180512917 4 2 1 5 10 6 3 7 9 8 
20180512918 8 5 9 6 2 1 3 10 7 4 
20180512919 5 1 7 9 8 4 2 3 6 10 
20180512920 8 5 1 2 7 10 3 9 4 6 
20180512921 9 2 3 1 5 4 6 8 7 10 
20180512922 6 4 2 5 7 8 3 1 9 10 
20180512923 1 8 9 4 2 3 10 5 7 6 
20180512924 2 10 9 4 5 8 1 7 3 6 
20180512925 5 1 2 4 10 6 3 9 7 8 
20180512926 5 3 6 9 7 4 1 8 10 2 
20180512927 8 1 7 2 6 9 3 5 4 10 
20180512928 8 6 7 5 4 3 9 2 1 10 
20180512929 10 4 9 6 7 2 8 1 3 5 
20180512930 5 8 3 6 7 9 4 1 2 10 
20180512931 10 9 8 5 7 2 6 4 1 3 
20180512932 6 5 8 2 9 1 7 4 10 3 
20180512933 10 3 2 1 6 9 8 5 7 4 
20180512934 9 4 8 6 3 1 10 5 7 2 
20180512935 2 3 8 6 4 7 10 5 1 9 
20180512936 3 4 7 8 2 10 5 9 1 6 
20180512937 6 5 3 9 8 2 10 1 4 7 
20180512938 4 6 9 10 2 7 3 8 5 1 
20180512939 8 9 2 3 6 4 5 1 7 10 
20180512940 8 9 10 2 6 3 5 7 4 1 
20180512941 10 5 4 6 2 9 8 7 1 3 
20180512942 8 2 1 10 3 9 5 7 4 6 
20180512943 6 1 7 4 5 3 10 2 9 8 
20180512944 6 9 4 10 5 7 1 3 8 2 
20180512945 6 9 2 1 3 10 8 4 5 7 
20180512946 7 9 2 8 5 10 6 3 4 1 
20180512947 4 8 10 6 3 9 7 1 5 2 
20180512948 6 8 4 3 10 2 9 1 5 7 
20180512949 8 9 7 10 6 4 2 1 3 5 
20180512950 7 5 9 8 2 4 3 10 1 6 
20180512951 3 4 7 8 5 6 10 9 2 1 
20180512952 5 6 3 9 7 10 4 2 8 1 
20180512953 10 6 1 5 9 2 8 7 4 3 
20180512954 2 10 8 7 4 5 9 1 3 6 
20180512955 3 10 8 5 7 9 4 6 1 2 
20180512956 4 2 8 7 5 1 9 6 10 3 
20180512957 1 10 8 3 6 7 4 5 2 9 
20180512958 7 9 5 8 3 6 2 1 4 10 
20180512959 9 8 7 1 3 10 2 6 4 5 
20180512960 5 4 8 1 9 2 6 10 3 7 
20180512961 6 9 7 4 8 1 5 10 3 2 
20180512962 4 9 3 5 7 8 2 6 1 10 
20180512963 3 6 8 4 2 7 1 10 9 5 
20180512964 4 8 1 6 5 10 7 2 3 9 
20180512965 7 10 2 3 9 8 1 5 6 4 
20180512966 7 3 2 10 9 4 8 5 1 6 
20180512967 3 10 4 1 6 2 5 8 7 9 
20180512968 1 5 2 8 3 4 6 9 10 7 
20180512969 5 6 7 4 3 8 2 9 1 10 
20180512970 6 9 8 10 5 4 1 2 7 3 
20180512971 6 9 2 1 3 8 5 7 4 10 
20180512972 1 6 7 2 8 5 10 3 4 9 
20180512973 2 4 9 6 1 8 10 7 5 3 
20180512974 3 2 1 5 10 8 4 9 7 6 
20180512975 9 8 7 4 5 6 1 3 10 2 
20180512976 2 6 7 3 5 9 4 8 1 10 
20180512977 1 9 5 7 6 4 2 10 3 8 
20180512978 7 4 9 6 8 5 2 3 10 1 
20180512979 9 6 7 8 10 5 1 4 2 3 
20180512980 8 4 7 6 10 1 2 5 9 3 
20180512981 7 1 4 9 6 8 2 10 3 5 
20180512982 3 6 4 5 8 2 1 7 9 10 
20180512983 9 4 1 5 2 10 8 6 3 7 
20180512984 3 7 4 2 9 6 8 5 1 10 
20180512985 1 10 2 7 5 9 6 4 8 3 
