20180523001 8 9 7 6 4 3 10 1 5 2 
20180523002 3 1 9 8 2 4 5 10 6 7 
20180523003 5 4 9 1 3 8 10 6 2 7 
20180523004 5 4 7 8 9 1 10 3 2 6 
20180523005 4 1 5 3 6 8 7 9 2 10 
20180523006 1 10 3 4 7 5 8 6 2 9 
20180523007 2 7 3 4 8 10 6 5 1 9 
20180523008 7 1 8 6 10 2 4 5 3 9 
20180523009 2 9 10 6 8 4 3 7 1 5 
20180523010 4 1 6 10 5 3 9 8 7 2 
20180523011 7 1 10 5 8 6 3 4 9 2 
20180523012 4 10 2 8 5 7 6 1 9 3 
20180523013 3 8 1 2 7 9 10 6 5 4 
20180523014 3 10 8 4 6 5 9 7 1 2 
20180523015 1 7 2 3 8 10 6 9 4 5 
20180523016 9 7 3 1 2 8 6 5 10 4 
20180523017 2 6 8 10 5 7 9 1 3 4 
20180523018 8 9 3 5 4 7 1 10 6 2 
20180523019 4 10 9 8 5 1 3 2 7 6 
20180523020 7 6 3 10 9 4 5 1 8 2 
20180523021 8 3 4 7 6 2 1 9 10 5 
20180523022 6 9 4 8 1 3 10 7 2 5 
20180523023 8 10 6 5 3 4 1 9 7 2 
20180523024 3 1 2 8 5 4 6 10 9 7 
20180523025 1 8 2 7 4 6 10 5 3 9 
20180523026 7 9 3 5 6 2 4 10 8 1 
20180523027 7 2 8 3 6 10 4 5 1 9 
20180523028 9 10 5 7 2 8 1 3 4 6 
20180523029 9 5 4 6 7 2 3 10 1 8 
20180523030 2 1 10 9 7 6 4 3 5 8 
20180523031 3 9 1 10 2 8 7 5 4 6 
20180523032 9 8 1 2 3 4 5 7 6 10 
20180523033 3 6 10 8 4 2 1 9 7 5 
20180523034 7 4 9 2 3 6 10 1 5 8 
20180523035 1 2 9 5 10 3 4 7 6 8 
20180523036 1 8 2 4 10 6 5 3 7 9 
20180523037 4 6 1 2 5 9 3 7 8 10 
20180523038 5 1 3 8 2 10 9 7 6 4 
20180523039 8 7 1 4 9 3 6 10 5 2 
20180523040 4 6 5 7 1 3 8 9 2 10 
20180523041 7 9 4 1 8 2 5 10 6 3 
20180523042 6 3 5 8 7 1 4 2 10 9 
20180523043 9 1 6 7 2 8 4 10 3 5 
20180523044 6 1 3 4 5 9 2 7 8 10 
20180523045 8 5 3 6 7 2 9 4 1 10 
20180523046 5 1 10 9 8 6 4 7 3 2 
20180523047 5 9 8 7 3 6 10 2 1 4 
20180523048 1 8 9 7 10 6 5 2 4 3 
20180523049 3 10 7 2 9 5 1 8 4 6 
20180523050 2 9 3 7 5 6 1 4 8 10 
20180523051 8 2 7 5 3 9 10 1 4 6 
20180523052 1 8 5 4 3 6 2 7 9 10 
20180523053 9 1 4 8 7 2 3 10 6 5 
20180523054 7 10 9 4 1 3 2 6 5 8 
20180523055 1 5 7 4 3 9 6 8 2 10 
20180523056 2 10 7 3 6 5 1 8 4 9 
20180523057 10 1 8 4 5 2 6 9 7 3 
20180523058 2 6 1 3 7 5 10 4 9 8 
20180523059 3 7 5 4 10 1 6 2 9 8 
20180523060 8 2 7 1 4 5 10 3 6 9 
20180523061 9 6 10 2 5 3 1 4 8 7 
20180523062 1 4 8 2 3 7 10 9 6 5 
20180523063 5 9 8 3 6 4 1 2 10 7 
20180523064 4 3 2 6 8 10 1 5 7 9 
20180523065 5 3 2 9 7 8 4 10 1 6 
20180523066 7 9 10 3 2 1 5 6 8 4 
20180523067 8 10 3 1 9 2 5 7 4 6 
20180523068 6 2 10 4 7 3 5 8 9 1 
20180523069 2 1 8 3 9 5 4 10 6 7 
20180523070 4 7 8 10 9 1 3 5 2 6 
20180523071 8 5 6 2 3 7 4 10 9 1 
20180523072 9 3 5 10 6 8 7 4 1 2 
20180523073 3 5 1 8 9 7 10 2 6 4 
20180523074 7 3 8 6 1 5 4 9 10 2 
20180523075 4 6 3 9 1 7 8 10 5 2 
20180523076 6 10 9 1 7 2 3 5 8 4 
20180523077 3 7 8 4 5 6 1 9 10 2 
20180523078 7 6 8 2 10 3 9 4 1 5 
20180523079 4 7 9 8 2 5 10 3 6 1 
20180523080 6 3 8 10 7 1 5 4 2 9 
20180523081 9 10 3 7 6 5 1 4 8 2 
20180523082 7 8 6 4 10 2 3 9 5 1 
20180523083 5 7 8 2 1 4 9 10 6 3 
20180523084 4 7 2 9 1 6 10 3 8 5 
20180523085 10 9 5 1 6 8 7 3 4 2 
20180523086 2 5 9 1 10 4 6 7 8 3 
20180523087 4 8 10 2 7 5 1 3 6 9 
20180523088 8 2 1 10 5 3 6 7 9 4 
20180523089 5 1 8 2 10 4 9 7 3 6 
20180523090 8 3 7 9 5 1 10 4 6 2 
20180523091 9 3 2 6 8 5 4 1 7 10 
20180523092 1 7 8 6 2 4 5 9 10 3 
20180523093 3 2 6 7 9 5 10 1 4 8 
20180523094 1 8 3 10 7 9 4 6 5 2 
20180523095 10 6 1 2 3 8 5 4 7 9 
20180523096 1 6 3 4 5 8 9 7 10 2 
20180523097 1 8 4 3 5 2 9 10 6 7 
20180523098 3 10 9 8 6 4 5 1 7 2 
20180523099 2 3 5 7 4 9 8 1 6 10 
20180523100 10 4 3 6 9 1 7 2 5 8 
20180523101 4 10 2 8 5 3 7 1 9 6 
20180523102 5 8 9 3 1 4 7 6 10 2 
20180523103 8 9 5 4 7 3 10 6 1 2 
20180523104 9 5 10 3 7 4 6 1 8 2 
20180523105 10 6 4 5 1 3 8 7 2 9 
20180523106 4 3 8 6 2 7 1 10 5 9 
20180523107 1 7 10 3 2 4 9 6 5 8 
20180523108 4 10 8 5 7 9 2 6 3 1 
20180523109 9 10 6 3 8 5 2 1 7 4 
20180523110 3 5 9 10 6 7 4 1 2 8 
20180523111 9 1 7 2 3 5 8 10 4 6 
20180523112 10 5 2 6 8 3 4 7 9 1 
20180523113 1 5 4 10 2 3 9 8 6 7 
20180523114 2 1 4 5 8 3 7 6 10 9 
20180523115 10 9 6 7 4 8 3 5 2 1 
20180523116 6 9 3 5 2 1 7 4 10 8 
20180523117 4 8 5 1 6 2 9 3 7 10 
20180523118 8 10 7 2 9 6 4 1 5 3 
20180523119 1 4 9 2 6 7 10 8 3 5 
20180523120 8 3 1 2 5 10 9 7 6 4 
20180523121 6 10 2 8 4 9 7 1 3 5 
20180523122 3 2 9 7 8 1 4 5 6 10 
20180523123 1 8 10 6 3 9 2 7 4 5 
20180523124 2 10 7 5 8 1 4 3 9 6 
20180523125 3 8 10 5 7 6 9 4 2 1 
20180523126 2 6 9 1 8 5 3 10 7 4 
20180523127 9 8 1 2 5 4 7 6 10 3 
20180523128 9 3 10 2 5 8 7 4 1 6 
20180523129 9 8 1 2 3 6 5 10 7 4 
20180523130 6 1 10 8 4 5 9 3 7 2 
20180523131 8 5 9 4 10 6 7 1 3 2 
20180523132 1 3 5 9 8 10 6 4 2 7 
20180523133 3 4 5 7 1 8 9 2 6 10 
20180523134 8 9 7 10 1 3 6 5 4 2 
20180523135 4 9 1 5 3 6 10 8 2 7 
20180523136 9 1 5 8 6 4 10 7 2 3 
20180523137 2 5 9 8 3 6 10 4 1 7 
20180523138 8 6 1 3 10 7 2 5 4 9 
20180523139 4 6 3 7 2 5 10 8 9 1 
20180523140 2 1 5 8 6 4 9 3 7 10 
20180523141 1 3 4 8 2 6 5 10 7 9 
20180523142 9 2 3 10 5 6 7 1 4 8 
20180523143 5 10 2 9 7 8 3 1 6 4 
20180523144 1 4 5 2 10 7 6 8 9 3 
20180523145 9 7 2 4 8 3 6 5 10 1 
20180523146 2 8 5 9 3 6 10 1 4 7 
20180523147 1 5 6 8 3 9 4 2 10 7 
20180523148 6 3 8 7 9 10 4 2 5 1 
20180523149 10 5 2 8 6 3 4 7 9 1 
20180523150 6 8 7 10 4 1 2 3 9 5 
20180523151 1 3 5 6 9 10 2 8 7 4 
20180523152 3 5 1 2 4 10 7 8 6 9 
20180523153 4 8 5 10 3 2 1 7 6 9 
20180523154 9 6 5 10 8 2 3 1 7 4 
20180523155 9 3 1 7 10 8 4 2 6 5 
20180523156 6 10 7 9 4 5 3 8 1 2 
20180523157 9 4 8 10 3 7 2 1 6 5 
20180523158 10 5 6 4 9 8 1 2 7 3 
20180523159 9 4 7 8 6 1 5 2 10 3 
20180523160 9 7 6 3 2 1 8 5 10 4 
20180523161 5 10 2 8 3 1 6 4 7 9 
20180523162 9 1 2 8 5 4 7 6 3 10 
20180523163 5 3 2 6 8 9 1 4 7 10 
20180523164 1 5 10 4 6 3 8 7 9 2 
20180523165 7 10 3 8 1 6 5 2 9 4 
20180523166 10 1 8 4 5 7 3 2 9 6 
20180523167 5 4 9 3 1 2 10 6 7 8 
20180523168 1 6 2 4 5 9 3 8 10 7 
20180523169 6 3 9 5 4 8 10 2 7 1 
20180523170 5 7 8 10 9 4 1 2 3 6 
20180523171 6 5 10 2 9 3 1 8 4 7 
20180523172 9 2 1 10 4 7 5 3 8 6 
20180523173 7 4 10 1 2 8 5 6 9 3 
20180523174 3 8 7 9 1 2 6 4 10 5 
20180523175 2 6 3 1 9 8 4 5 7 10 
20180523176 3 2 7 5 1 10 4 6 9 8 
20180523177 3 5 8 10 2 9 1 4 6 7 
20180523178 5 8 9 2 4 6 1 10 7 3 
20180523179 8 10 4 9 1 5 2 7 6 3 
20180523180 7 6 4 8 10 2 9 3 5 1 
20180523181 9 3 7 8 2 1 10 4 6 5 
20180523182 9 1 6 8 7 4 2 10 3 5 
20180523183 1 2 9 8 3 6 5 10 7 4 
20180523184 2 4 6 5 10 7 1 8 3 9 
20180523185 3 7 5 2 1 4 10 8 6 9 
20180523186 2 1 5 8 7 4 9 10 6 3 
20180523187 8 9 4 6 1 5 2 7 10 3 
20180523188 8 3 2 10 7 1 5 9 4 6 
20180523189 5 1 8 10 2 9 6 3 4 7 
20180523190 2 7 1 5 10 3 9 8 4 6 
20180523191 4 7 6 10 9 5 8 2 3 1 
20180523192 7 1 2 6 10 8 9 4 5 3 
20180523193 1 4 7 9 8 3 5 2 10 6 
20180523194 7 9 5 8 10 3 4 2 6 1 
20180523195 6 1 3 10 4 7 5 8 9 2 
20180523196 4 1 10 9 3 8 2 6 7 5 
20180523197 8 4 9 5 10 2 1 3 7 6 
20180523198 5 1 4 6 10 7 8 2 3 9 
20180523199 3 7 2 4 9 5 6 10 1 8 
20180523200 5 8 7 3 6 2 4 9 10 1 
20180523201 7 8 5 9 3 2 4 10 1 6 
20180523202 4 8 10 1 2 7 9 5 6 3 
20180523203 9 2 7 8 3 6 10 1 5 4 
20180523204 8 7 6 9 2 1 10 3 5 4 
20180523205 9 8 4 7 5 10 2 3 6 1 
20180523206 9 10 1 2 7 6 8 3 4 5 
20180523207 7 9 3 5 4 8 2 1 10 6 
20180523208 4 1 9 7 6 2 8 5 3 10 
20180523209 8 4 5 2 3 7 1 10 6 9 
20180523210 7 2 5 10 8 3 1 4 6 9 
20180523211 3 4 10 5 2 1 8 9 7 6 
20180523212 1 9 7 5 3 4 2 8 6 10 
20180523213 6 8 4 9 2 3 5 10 7 1 
20180523214 7 1 6 2 5 8 10 4 9 3 
20180523215 4 5 3 10 9 2 8 6 7 1 
20180523216 7 9 3 10 2 1 6 4 8 5 
20180523217 3 8 9 5 4 7 10 2 6 1 
20180523218 8 6 1 10 4 5 9 7 2 3 
20180523219 6 3 5 4 2 1 7 8 10 9 
20180523220 5 8 10 9 1 2 4 7 6 3 
20180523221 2 10 3 6 4 5 9 8 1 7 
20180523222 5 9 8 7 2 10 1 4 6 3 
20180523223 5 8 6 9 4 2 10 1 7 3 
20180523224 6 1 9 3 4 5 8 7 10 2 
20180523225 7 5 2 1 6 9 4 10 8 3 
20180523226 2 5 10 3 9 8 7 4 6 1 
20180523227 1 9 3 7 8 10 2 5 6 4 
20180523228 6 5 8 1 9 7 3 2 10 4 
20180523229 8 2 5 1 3 7 6 10 4 9 
20180523230 4 10 9 1 3 7 8 6 2 5 
20180523231 6 9 3 4 1 10 8 5 7 2 
20180523232 3 2 5 10 1 4 6 8 9 7 
20180523233 1 10 3 8 6 5 9 4 7 2 
20180523234 8 2 3 10 4 9 1 7 5 6 
20180523235 9 4 7 3 10 5 8 6 2 1 
20180523236 10 6 5 1 2 9 8 3 7 4 
20180523237 6 1 5 9 2 10 3 7 4 8 
20180523238 6 10 9 5 4 2 3 7 1 8 
20180523239 6 2 8 10 7 4 1 5 9 3 
20180523240 6 1 7 4 2 10 5 8 9 3 
20180523241 3 1 7 6 4 5 8 10 9 2 
20180523242 4 1 5 9 3 6 7 10 8 2 
20180523243 6 5 10 4 3 9 1 7 2 8 
20180523244 8 2 10 7 5 9 1 6 4 3 
20180523245 10 5 6 8 1 2 9 7 3 4 
20180523246 8 10 4 5 6 7 2 3 9 1 
20180523247 3 9 2 10 5 1 6 7 4 8 
20180523248 10 4 2 9 7 5 8 6 3 1 
20180523249 8 7 5 10 4 6 3 1 9 2 
20180523250 3 8 1 7 10 5 2 6 9 4 
20180523251 10 9 3 2 1 4 5 8 6 7 
20180523252 4 6 2 1 9 10 7 3 5 8 
20180523253 5 7 4 1 3 8 9 10 6 2 
20180523254 10 9 7 5 4 8 2 1 3 6 
20180523255 5 3 2 10 9 1 8 4 7 6 
20180523256 7 3 2 1 6 5 10 8 9 4 
20180523257 6 3 10 9 1 2 5 7 8 4 
20180523258 6 8 4 3 10 2 5 9 7 1 
20180523259 9 5 8 4 7 6 1 10 3 2 
20180523260 5 2 8 6 1 7 3 4 9 10 
20180523261 7 6 5 2 10 3 4 1 9 8 
20180523262 10 2 7 8 9 6 3 4 5 1 
20180523263 1 2 8 7 3 6 9 10 5 4 
20180523264 2 9 6 10 3 1 4 7 5 8 
20180523265 9 1 4 2 7 6 8 3 5 10 
20180523266 8 7 1 10 5 9 4 6 2 3 
20180523267 3 6 7 2 8 9 5 1 4 10 
20180523268 4 10 7 3 9 8 5 1 2 6 
20180523269 10 3 4 7 2 6 5 9 1 8 
20180523270 10 4 8 6 9 7 1 5 2 3 
20180523271 9 3 8 1 4 2 7 10 5 6 
20180523272 10 4 1 6 2 8 3 5 9 7 
20180523273 5 6 7 10 2 4 9 1 3 8 
20180523274 3 2 9 6 7 10 8 4 5 1 
20180523275 7 6 1 4 2 3 5 8 9 10 
20180523276 5 7 10 8 3 2 6 4 9 1 
20180523277 3 7 10 4 8 2 5 6 9 1 
20180523278 4 7 1 9 6 3 8 10 5 2 
20180523279 2 3 4 1 9 5 8 7 6 10 
20180523280 1 2 5 6 7 8 9 3 4 10 
20180523281 3 6 1 4 10 5 2 8 7 9 
20180523282 4 8 1 10 3 5 9 6 2 7 
20180523283 1 10 5 2 4 6 7 9 3 8 
20180523284 5 1 4 6 10 2 8 9 7 3 
20180523285 2 10 9 1 6 5 3 8 7 4 
20180523286 6 9 8 2 1 5 7 4 10 3 
20180523287 4 2 7 10 6 9 3 5 1 8 
20180523288 10 7 2 1 6 3 5 4 9 8 
20180523289 4 1 2 5 9 8 7 3 10 6 
20180523290 4 8 7 10 2 1 5 9 6 3 
20180523291 5 2 3 1 9 8 6 10 7 4 
20180523292 10 5 3 6 7 4 2 8 9 1 
20180523293 8 4 1 9 3 5 10 6 2 7 
20180523294 2 10 3 6 9 8 1 5 4 7 
20180523295 1 7 8 2 3 9 4 10 6 5 
20180523296 9 1 8 2 10 5 3 7 4 6 
20180523297 10 6 2 1 7 3 8 5 9 4 
20180523298 2 10 4 7 8 3 6 9 5 1 
20180523299 5 8 7 4 3 1 2 10 6 9 
20180523300 6 9 1 4 8 5 3 10 7 2 
20180523301 2 3 8 6 1 4 10 5 9 7 
20180523302 1 6 5 7 10 8 9 2 3 4 
20180523303 9 8 1 10 3 7 2 6 4 5 
20180523304 4 2 5 6 1 9 8 10 7 3 
20180523305 2 4 3 8 10 1 9 7 5 6 
20180523306 6 9 7 2 3 4 1 10 5 8 
20180523307 4 6 1 10 9 5 7 3 2 8 
20180523308 4 8 9 7 2 6 1 10 5 3 
20180523309 5 9 8 10 1 7 2 4 6 3 
20180523310 3 2 1 10 4 7 9 6 8 5 
20180523311 2 10 3 4 8 6 5 9 7 1 
20180523312 8 1 3 6 10 2 4 7 5 9 
20180523313 4 1 10 2 8 6 3 7 5 9 
20180523314 2 7 6 8 5 10 3 9 1 4 
20180523315 1 5 3 6 4 8 7 2 9 10 
20180523316 6 10 1 8 7 9 3 5 4 2 
20180523317 8 10 9 2 7 1 6 5 3 4 
20180523318 1 2 5 3 7 9 4 8 10 6 
20180523319 1 2 3 10 6 5 7 8 9 4 
20180523320 10 2 5 4 8 9 3 6 1 7 
20180523321 4 5 7 2 1 6 9 3 10 8 
20180523322 7 10 5 1 2 8 3 6 9 4 
20180523323 1 4 2 10 8 9 5 7 3 6 
20180523324 10 9 7 3 4 2 5 6 1 8 
20180523325 9 4 8 5 1 2 7 10 6 3 
20180523326 4 9 3 1 2 7 6 5 8 10 
20180523327 7 8 10 6 2 4 9 3 5 1 
20180523328 9 8 4 6 10 3 5 7 1 2 
20180523329 3 4 9 5 7 1 6 10 8 2 
20180523330 6 3 7 8 10 4 1 9 2 5 
20180523331 1 4 7 2 10 3 5 9 8 6 
20180523332 6 1 2 4 9 7 3 10 5 8 
20180523333 9 7 3 10 1 4 5 8 6 2 
20180523334 10 1 6 3 2 7 8 5 4 9 
20180523335 5 8 4 6 7 2 1 3 9 10 
20180523336 5 1 7 3 9 4 8 10 2 6 
20180523337 10 7 9 1 4 5 6 3 8 2 
20180523338 10 7 3 9 4 5 1 2 6 8 
20180523339 6 9 3 2 7 1 10 8 4 5 
20180523340 10 3 4 6 5 2 1 9 8 7 
20180523341 3 4 1 2 8 7 9 6 10 5 
20180523342 10 5 2 8 7 3 1 9 6 4 
20180523343 10 1 7 5 3 8 9 2 6 4 
20180523344 10 1 3 8 2 9 7 4 5 6 
20180523345 3 5 2 7 9 1 6 8 10 4 
20180523346 4 5 1 2 7 8 6 3 9 10 
20180523347 6 7 2 8 5 1 9 4 3 10 
20180523348 7 10 8 2 6 4 3 9 1 5 
20180523349 10 9 2 7 6 3 1 8 5 4 
20180523350 1 8 4 10 9 3 7 5 2 6 
20180523351 4 10 3 2 9 5 1 8 6 7 
20180523352 8 1 4 10 7 2 5 6 3 9 
20180523353 5 2 10 9 3 4 1 7 6 8 
20180523354 5 8 1 10 4 6 7 3 2 9 
20180523355 9 7 10 4 5 1 8 6 2 3 
20180523356 3 6 10 1 5 8 7 4 2 9 
20180523357 2 3 7 6 9 10 8 5 1 4 
20180523358 6 9 3 5 2 1 8 7 4 10 
20180523359 4 2 6 3 1 7 9 8 5 10 
20180523360 9 4 2 5 10 8 3 1 6 7 
20180523361 6 9 8 5 4 1 2 7 3 10 
20180523362 7 3 5 9 1 4 6 10 2 8 
20180523363 7 9 3 2 4 1 8 6 5 10 
20180523364 1 6 2 3 5 4 7 10 8 9 
20180523365 7 10 3 6 8 2 5 4 9 1 
20180523366 8 2 10 4 6 5 7 1 9 3 
20180523367 6 2 9 10 4 7 3 8 1 5 
20180523368 9 8 1 5 7 2 6 3 4 10 
20180523369 1 2 3 9 6 10 8 4 5 7 
20180523370 6 3 4 2 1 9 10 7 5 8 
20180523371 5 10 3 1 6 2 4 7 9 8 
20180523372 7 3 2 8 9 5 6 4 10 1 
20180523373 3 8 2 7 5 4 9 6 10 1 
20180523374 2 8 1 5 9 10 4 6 7 3 
20180523375 7 5 10 8 4 1 9 2 3 6 
20180523376 3 4 8 10 2 7 5 9 1 6 
20180523377 5 2 10 3 6 9 1 7 4 8 
20180523378 5 10 4 6 9 3 8 1 7 2 
20180523379 6 7 2 4 10 3 9 5 1 8 
20180523380 4 7 5 10 3 1 9 6 2 8 
20180523381 10 4 7 3 2 1 6 5 9 8 
20180523382 8 1 10 3 7 4 9 5 6 2 
20180523383 8 6 2 3 1 5 10 4 7 9 
20180523384 10 5 8 1 4 7 2 6 3 9 
20180523385 4 2 3 1 10 5 7 9 6 8 
20180523386 4 7 10 6 3 8 9 2 5 1 
20180523387 6 4 3 5 2 8 10 7 1 9 
20180523388 8 1 10 5 4 9 6 3 2 7 
20180523389 4 8 2 3 6 1 9 5 7 10 
20180523390 6 3 5 2 1 8 4 9 10 7 
20180523391 2 5 10 6 3 4 7 1 8 9 
20180523392 4 7 2 3 6 5 10 8 1 9 
20180523393 5 10 1 9 4 3 2 6 8 7 
20180523394 10 5 7 3 4 2 9 8 6 1 
20180523395 8 9 3 10 6 4 5 2 7 1 
20180523396 9 10 1 7 3 6 8 2 4 5 
20180523397 4 8 9 3 5 1 10 2 6 7 
20180523398 10 9 8 6 5 1 7 2 4 3 
20180523399 5 2 4 7 6 1 3 8 10 9 
20180523400 3 8 7 2 5 9 6 4 1 10 
20180523401 7 2 8 5 3 4 9 6 10 1 
20180523402 10 3 5 7 4 2 1 8 6 9 
20180523403 10 7 3 6 8 1 9 4 2 5 
20180523404 8 10 3 9 5 1 7 4 6 2 
20180523405 3 9 5 4 7 6 10 2 8 1 
20180523406 2 5 6 1 3 7 9 4 8 10 
20180523407 10 1 8 2 9 6 7 3 4 5 
20180523408 3 7 4 2 8 5 1 10 6 9 
20180523409 1 8 9 2 10 4 5 7 3 6 
20180523410 3 9 1 10 6 2 8 7 5 4 
20180523411 2 9 8 7 5 4 10 3 1 6 
20180523412 2 6 7 9 1 4 10 5 8 3 
20180523413 3 4 2 10 7 5 8 6 1 9 
20180523414 2 10 3 6 5 1 8 7 9 4 
20180523415 4 6 10 5 3 8 2 9 1 7 
20180523416 2 6 9 8 5 10 3 7 1 4 
20180523417 10 7 6 9 4 5 3 8 2 1 
20180523418 1 3 4 8 5 6 2 9 10 7 
20180523419 2 5 3 1 8 7 9 10 6 4 
20180523420 1 2 7 10 8 6 3 5 4 9 
20180523421 6 3 10 9 2 1 8 5 7 4 
20180523422 8 4 9 6 5 3 1 2 7 10 
20180523423 5 8 2 3 6 4 10 1 7 9 
20180523424 3 1 8 5 10 9 2 4 7 6 
20180523425 4 6 2 9 5 8 3 10 7 1 
20180523426 10 9 3 6 7 5 4 1 8 2 
20180523427 6 2 8 7 4 9 5 3 10 1 
20180523428 1 10 6 8 2 5 9 4 7 3 
20180523429 2 3 5 10 7 6 4 1 9 8 
20180523430 5 1 6 3 9 8 2 4 7 10 
20180523431 3 8 9 1 7 6 10 4 5 2 
20180523432 8 2 7 9 4 3 1 5 10 6 
20180523433 6 7 9 10 2 3 1 4 5 8 
20180523434 7 2 5 1 6 3 8 4 10 9 
20180523435 5 3 6 8 7 10 9 4 1 2 
20180523436 1 8 6 3 10 2 7 5 9 4 
20180523437 1 5 7 2 8 3 10 6 4 9 
20180523438 5 1 4 9 2 8 7 3 10 6 
20180523439 8 6 3 5 9 1 2 4 7 10 
20180523440 2 7 3 5 6 10 8 1 9 4 
20180523441 4 6 1 8 7 2 3 9 10 5 
20180523442 10 9 4 6 3 1 8 2 5 7 
20180523443 9 5 3 10 4 8 7 6 1 2 
20180523444 1 3 5 2 9 6 7 4 8 10 
20180523445 2 10 9 4 6 1 3 7 5 8 
20180523446 10 1 4 5 9 7 2 8 3 6 
20180523447 7 8 9 5 3 4 2 10 1 6 
20180523448 2 3 7 4 8 1 9 5 6 10 
20180523449 4 9 7 1 6 10 2 3 5 8 
20180523450 9 8 10 4 7 2 6 1 3 5 
20180523451 5 8 6 7 1 9 3 2 10 4 
20180523452 6 7 4 10 8 1 9 5 3 2 
20180523453 9 1 10 5 6 4 3 8 7 2 
20180523454 10 1 4 3 2 5 6 7 9 8 
20180523455 6 4 9 1 7 5 8 10 3 2 
20180523456 2 4 1 3 8 10 6 5 9 7 
20180523457 7 10 2 5 9 1 4 8 6 3 
20180523458 10 8 9 1 2 4 6 7 3 5 
20180523459 5 6 3 2 7 10 8 4 9 1 
20180523460 10 6 1 9 4 3 5 7 2 8 
20180523461 7 4 1 10 6 5 2 3 8 9 
20180523462 6 10 2 8 3 7 1 5 9 4 
20180523463 3 7 1 4 8 5 9 10 6 2 
20180523464 6 9 7 4 2 3 10 1 8 5 
20180523465 6 7 3 2 8 5 4 1 10 9 
20180523466 3 5 10 7 4 6 9 1 8 2 
20180523467 5 10 7 6 8 2 3 4 9 1 
20180523468 10 4 2 6 7 1 8 5 3 9 
20180523469 5 10 8 9 4 1 7 2 3 6 
20180523470 4 7 2 8 10 9 5 1 6 3 
20180523471 4 10 8 7 9 3 5 2 6 1 
20180523472 1 8 9 2 4 7 10 5 3 6 
20180523473 1 6 8 5 9 7 3 10 4 2 
20180523474 10 6 4 2 5 1 9 3 8 7 
20180523475 3 8 7 6 9 2 1 10 4 5 
20180523476 7 9 6 8 5 2 3 1 10 4 
20180523477 6 3 1 4 9 7 10 2 8 5 
20180523478 10 4 1 8 2 3 9 5 7 6 
20180523479 4 1 5 3 6 10 7 2 8 9 
20180523480 8 5 7 6 2 4 3 1 9 10 
20180523481 9 3 8 4 10 2 6 7 5 1 
20180523482 4 3 9 1 6 7 8 10 5 2 
20180523483 2 4 7 9 3 6 1 8 10 5 
20180523484 3 5 4 2 8 6 7 9 1 10 
20180523485 4 7 10 9 5 8 2 6 3 1 
20180523486 1 4 10 3 7 9 8 2 5 6 
20180523487 6 2 10 1 5 8 3 7 4 9 
20180523488 10 3 1 2 4 6 9 5 7 8 
20180523489 7 3 5 4 8 10 6 2 9 1 
20180523490 2 1 9 5 8 7 10 4 3 6 
20180523491 6 10 5 1 7 4 9 3 8 2 
20180523492 8 1 5 3 2 7 10 4 6 9 
20180523493 8 9 1 4 7 2 10 3 6 5 
20180523494 10 7 4 3 2 8 6 9 5 1 
20180523495 5 8 7 3 4 9 6 10 2 1 
20180523496 6 7 2 9 1 3 5 4 10 8 
20180523497 2 1 3 8 6 10 4 7 5 9 
20180523498 8 7 1 5 6 10 3 2 4 9 
20180523499 10 7 2 4 3 5 8 9 1 6 
20180523500 1 5 9 3 8 10 4 7 6 2 
20180523501 7 5 9 6 1 2 3 4 10 8 
20180523502 8 6 7 2 5 1 4 10 3 9 
20180523503 2 1 3 5 9 6 4 10 7 8 
20180523504 6 2 4 5 10 8 1 9 3 7 
20180523505 4 10 1 8 2 9 3 7 6 5 
20180523506 3 1 9 6 2 4 10 5 7 8 
20180523507 10 3 8 2 9 7 1 6 5 4 
20180523508 3 9 2 5 10 8 1 6 7 4 
20180523509 2 4 8 5 1 6 7 3 10 9 
20180523510 7 5 9 8 1 4 2 10 6 3 
20180523511 2 8 6 9 3 5 10 7 4 1 
20180523512 4 2 6 8 9 5 7 3 10 1 
20180523513 5 9 3 8 4 2 10 1 7 6 
20180523514 7 3 6 1 9 8 2 10 5 4 
20180523515 1 5 3 7 2 9 10 4 8 6 
20180523516 5 7 2 9 10 8 4 3 6 1 
20180523517 9 4 2 5 1 6 10 8 7 3 
20180523518 10 4 8 5 1 9 3 6 7 2 
20180523519 7 4 9 2 6 10 1 3 8 5 
20180523520 2 6 3 10 7 5 1 8 4 9 
20180523521 4 2 3 6 5 7 9 8 1 10 
20180523522 5 7 6 3 4 1 2 9 10 8 
20180523523 3 10 5 9 6 4 7 8 1 2 
20180523524 9 6 7 1 4 5 2 8 10 3 
20180523525 9 6 10 7 1 4 3 8 5 2 
20180523526 5 9 7 4 2 6 8 10 1 3 
20180523527 3 8 6 10 9 2 5 1 7 4 
20180523528 3 7 4 2 6 10 1 9 8 5 
20180523529 5 8 1 10 2 7 4 9 3 6 
20180523530 6 2 4 3 7 1 10 9 5 8 
20180523531 5 1 6 7 8 10 3 9 4 2 
20180523532 9 10 1 4 5 7 3 8 2 6 
20180523533 9 10 6 8 3 1 2 7 5 4 
20180523534 3 2 10 8 9 4 1 5 7 6 
20180523535 3 7 5 9 8 1 2 6 10 4 
20180523536 2 9 8 7 3 1 5 6 4 10 
20180523537 5 10 3 7 8 2 6 9 1 4 
20180523538 10 9 6 3 2 1 8 5 4 7 
20180523539 5 4 7 9 2 6 1 3 10 8 
20180523540 5 4 1 3 9 2 6 7 8 10 
20180523541 4 8 2 7 10 6 5 9 3 1 
20180523542 4 2 3 10 1 8 7 9 6 5 
20180523543 2 7 3 5 9 4 6 8 1 10 
20180523544 7 2 9 3 6 4 1 10 8 5 
20180523545 6 4 3 7 1 5 8 9 10 2 
20180523546 10 6 1 8 5 9 2 3 4 7 
20180523547 7 6 4 8 3 10 1 2 9 5 
20180523548 9 3 8 6 5 2 4 10 1 7 
20180523549 10 8 5 9 2 3 7 6 1 4 
20180523550 5 9 7 3 6 2 1 4 8 10 
20180523551 3 6 8 2 4 10 9 5 1 7 
20180523552 8 3 6 1 9 7 10 4 5 2 
20180523553 5 10 3 8 9 1 7 4 2 6 
20180523554 4 6 1 5 2 8 7 10 3 9 
20180523555 4 1 7 8 3 9 6 2 5 10 
20180523556 4 5 9 7 2 1 6 3 10 8 
20180523557 2 3 9 10 1 4 8 7 6 5 
20180523558 2 10 4 8 1 3 6 5 7 9 
20180523559 2 3 8 4 9 5 1 6 10 7 
20180523560 5 7 9 10 1 6 3 4 2 8 
20180523561 10 7 1 8 4 3 5 9 6 2 
20180523562 8 7 3 5 9 10 2 4 6 1 
20180523563 5 7 6 8 9 4 2 3 10 1 
20180523564 6 2 8 7 4 9 10 1 5 3 
20180523565 2 5 6 4 10 1 9 7 3 8 
20180523566 6 1 5 7 2 8 9 3 4 10 
20180523567 10 8 7 4 1 6 5 9 2 3 
20180523568 5 6 7 2 4 9 3 1 8 10 
20180523569 3 2 6 4 1 10 9 7 5 8 
20180523570 4 1 8 6 9 10 7 5 3 2 
20180523571 1 4 8 5 7 3 9 6 10 2 
20180523572 1 4 8 9 6 5 7 3 10 2 
20180523573 1 5 2 8 3 4 6 9 10 7 
20180523574 2 3 4 6 10 5 1 8 7 9 
20180523575 3 10 2 8 1 6 4 7 9 5 
20180523576 4 2 6 8 5 9 7 10 3 1 
20180523577 8 10 7 6 2 3 4 1 9 5 
20180523578 9 8 2 6 7 4 1 10 3 5 
20180523579 1 10 4 2 5 8 9 3 6 7 
20180523580 6 5 10 8 4 7 2 1 3 9 
20180523581 10 4 8 7 5 3 2 1 9 6 
20180523582 3 7 10 4 5 9 8 6 1 2 
20180523583 6 5 7 8 9 3 10 4 1 2 
20180523584 8 7 4 2 6 5 9 3 10 1 
20180523585 9 8 2 4 6 7 10 3 1 5 
20180523586 10 2 8 1 3 7 6 5 9 4 
20180523587 8 1 2 5 7 9 4 6 3 10 
20180523588 1 2 8 5 3 6 7 9 10 4 
20180523589 3 1 4 5 10 9 7 2 6 8 
20180523590 10 5 1 9 8 2 3 4 7 6 
20180523591 8 2 10 5 1 3 7 4 9 6 
20180523592 8 3 9 2 4 6 1 5 10 7 
20180523593 3 7 10 6 5 2 8 1 4 9 
20180523594 10 8 2 5 6 9 4 3 1 7 
20180523595 9 4 1 6 7 8 10 2 3 5 
20180523596 4 2 1 10 8 5 7 9 6 3 
20180523597 8 5 9 6 10 1 2 7 4 3 
20180523598 5 2 8 3 4 6 10 9 7 1 
20180523599 8 3 10 9 1 4 2 5 7 6 
20180523600 1 6 4 2 8 10 5 3 9 7 
20180523601 9 4 10 8 3 5 7 6 2 1 
20180523602 10 2 6 3 7 1 8 4 9 5 
20180523603 10 1 3 2 6 5 7 9 8 4 
20180523604 6 5 1 8 4 9 10 3 7 2 
20180523605 10 6 3 2 4 5 1 8 9 7 
20180523606 9 4 8 10 1 3 5 2 7 6 
20180523607 3 7 6 9 10 1 2 5 8 4 
20180523608 9 5 2 10 6 1 7 8 3 4 
20180523609 7 3 1 6 10 8 9 2 4 5 
20180523610 3 4 2 8 5 10 9 7 6 1 
20180523611 1 2 5 8 4 3 10 9 6 7 
20180523612 3 9 10 1 2 4 5 6 8 7 
20180523613 5 7 4 1 2 9 3 6 10 8 
20180523614 1 3 8 10 4 6 9 7 5 2 
20180523615 8 7 10 9 2 6 4 5 3 1 
20180523616 1 2 5 8 7 6 10 3 4 9 
20180523617 6 2 10 7 5 9 4 1 3 8 
20180523618 8 10 6 4 5 3 7 1 9 2 
20180523619 4 1 8 3 6 9 2 5 10 7 
20180523620 3 6 1 8 10 5 4 2 9 7 
20180523621 9 2 3 8 4 1 6 10 7 5 
20180523622 6 8 1 2 4 5 10 7 3 9 
20180523623 2 7 5 4 9 6 3 1 8 10 
20180523624 8 5 3 2 4 1 6 7 10 9 
20180523625 5 9 2 8 6 3 1 7 4 10 
20180523626 6 4 9 8 3 10 1 7 2 5 
20180523627 4 8 10 9 2 6 5 7 1 3 
20180523628 6 9 7 4 3 1 10 2 5 8 
20180523629 2 1 4 6 3 10 8 9 7 5 
20180523630 1 9 8 2 3 4 10 5 6 7 
20180523631 10 1 9 5 4 2 8 7 6 3 
20180523632 6 9 2 8 3 4 5 1 7 10 
20180523633 1 4 6 2 3 10 9 8 5 7 
20180523634 2 10 8 7 1 6 5 9 4 3 
20180523635 9 1 8 7 3 10 6 2 4 5 
20180523636 5 2 8 1 9 3 6 10 7 4 
20180523637 3 9 4 8 1 6 10 7 5 2 
20180523638 6 7 1 5 8 9 4 2 3 10 
20180523639 4 10 8 2 6 9 7 3 5 1 
20180523640 6 7 5 9 3 10 2 8 4 1 
20180523641 3 10 1 8 2 6 9 4 7 5 
20180523642 5 2 9 3 10 1 7 4 6 8 
20180523643 10 6 2 9 7 3 8 5 4 1 
20180523644 1 5 8 10 6 9 2 7 3 4 
20180523645 2 6 8 7 1 3 10 9 5 4 
20180523646 2 8 10 9 5 6 1 3 7 4 
20180523647 9 1 8 10 2 6 3 4 5 7 
20180523648 5 2 4 3 1 9 8 10 6 7 
20180523649 7 6 5 9 1 2 10 4 8 3 
20180523650 8 10 4 7 5 9 6 2 1 3 
20180523651 10 8 1 5 3 7 6 9 4 2 
20180523652 7 10 6 3 2 1 8 5 9 4 
20180523653 9 6 7 3 2 1 5 8 10 4 
20180523654 7 8 4 3 10 2 9 1 5 6 
20180523655 5 3 1 7 2 10 6 4 9 8 
20180523656 1 3 6 5 7 8 4 2 10 9 
20180523657 10 6 5 7 2 4 1 3 8 9 
20180523658 8 7 6 9 4 1 10 5 3 2 
20180523659 1 4 2 6 10 7 8 3 5 9 
20180523660 4 5 1 2 8 7 6 10 3 9 
20180523661 5 8 10 1 2 7 6 4 3 9 
20180523662 2 10 4 9 7 1 3 8 5 6 
20180523663 8 1 7 6 9 2 5 4 3 10 
20180523664 1 7 6 2 3 10 9 8 4 5 
20180523665 3 2 9 4 6 1 7 8 10 5 
20180523666 9 6 8 10 2 4 1 7 3 5 
20180523667 9 8 5 10 7 2 3 1 6 4 
20180523668 10 6 1 4 9 5 3 2 8 7 
20180523669 6 4 7 8 3 2 10 9 5 1 
20180523670 10 3 6 4 7 2 9 5 8 1 
20180523671 4 1 7 9 10 5 6 3 8 2 
20180523672 10 6 3 4 1 5 2 7 8 9 
20180523673 5 6 8 2 7 10 3 9 1 4 
20180523674 3 2 4 9 8 7 6 1 10 5 
20180523675 4 1 10 3 2 8 5 9 7 6 
20180523676 6 1 4 2 3 9 7 10 8 5 
20180523677 10 7 1 8 2 9 4 3 6 5 
20180523678 4 6 3 9 2 1 8 10 7 5 
20180523679 4 10 2 6 1 3 5 7 9 8 
20180523680 5 9 6 3 8 10 2 4 1 7 
20180523681 3 7 2 4 8 9 5 10 6 1 
20180523682 5 7 6 8 10 1 9 2 3 4 
20180523683 9 1 8 4 2 5 7 6 3 10 
20180523684 3 6 7 2 10 9 8 5 1 4 
20180523685 3 10 2 6 1 4 7 8 5 9 
20180523686 5 7 2 8 4 9 6 10 1 3 
20180523687 10 9 3 8 7 1 2 4 6 5 
20180523688 7 9 10 8 1 6 5 3 4 2 
20180523689 6 9 4 8 7 1 2 3 10 5 
20180523690 8 6 7 5 3 10 9 4 1 2 
20180523691 2 7 4 9 6 3 10 5 8 1 
20180523692 4 5 9 1 6 10 8 7 3 2 
20180523693 5 2 7 9 4 6 10 8 3 1 
20180523694 1 9 5 2 6 8 4 7 3 10 
20180523695 10 2 3 9 5 6 8 4 1 7 
20180523696 9 3 4 2 10 7 6 8 1 5 
20180523697 9 3 4 1 6 8 7 2 5 10 
20180523698 7 10 6 5 2 9 4 1 3 8 
20180523699 3 6 9 10 5 4 8 1 7 2 
20180523700 3 9 6 2 4 1 8 5 10 7 
20180523701 3 1 10 6 7 8 9 5 2 4 
20180523702 3 5 1 4 10 6 9 2 7 8 
20180523703 1 10 7 8 5 6 9 4 2 3 
20180523704 5 3 4 9 10 8 2 6 7 1 
20180523705 7 2 5 6 3 9 4 8 1 10 
20180523706 7 3 6 9 5 10 4 1 8 2 
20180523707 6 5 3 10 1 9 8 4 2 7 
20180523708 8 3 6 1 10 4 2 7 9 5 
20180523709 9 3 10 2 7 1 8 6 5 4 
20180523710 6 9 2 3 5 1 7 4 10 8 
20180523711 5 6 7 1 4 2 3 8 10 9 
20180523712 9 10 2 8 4 7 5 1 3 6 
20180523713 1 3 9 2 6 4 10 5 8 7 
20180523714 10 6 4 2 7 9 1 3 5 8 
20180523715 7 9 6 1 5 8 10 3 4 2 
20180523716 1 8 6 5 2 7 3 10 9 4 
20180523717 9 1 6 2 8 5 4 3 7 10 
20180523718 8 1 9 7 6 10 3 2 5 4 
20180523719 5 1 10 4 9 3 6 7 8 2 
20180523720 10 2 8 9 7 5 6 3 4 1 
20180523721 8 4 9 3 5 6 2 7 1 10 
20180523722 1 3 5 6 9 2 7 10 8 4 
20180523723 1 3 4 5 2 7 6 9 8 10 
20180523724 7 4 8 1 10 5 9 2 6 3 
20180523725 10 4 9 3 8 2 1 6 5 7 
20180523726 7 2 5 10 6 3 8 4 9 1 
20180523727 9 3 1 7 2 4 6 5 10 8 
20180523728 10 5 6 3 1 2 9 4 8 7 
20180523729 7 6 3 9 1 2 5 8 4 10 
20180523730 8 5 2 6 3 9 4 1 10 7 
20180523731 6 3 7 8 1 2 5 10 9 4 
20180523732 2 6 1 9 7 4 3 8 5 10 
20180523733 6 8 2 7 4 10 5 1 3 9 
20180523734 5 1 3 10 2 9 6 7 4 8 
20180523735 10 8 9 5 4 1 2 7 3 6 
20180523736 6 2 5 8 7 4 3 10 1 9 
20180523737 7 10 8 4 2 5 6 3 1 9 
20180523738 10 2 6 7 5 9 4 8 3 1 
20180523739 10 9 5 4 6 3 2 1 7 8 
20180523740 6 8 4 1 7 5 10 3 9 2 
20180523741 6 8 5 9 3 4 1 2 10 7 
20180523742 3 8 1 2 6 7 5 9 4 10 
20180523743 9 3 5 2 4 1 6 7 8 10 
20180523744 7 8 9 1 5 2 10 4 3 6 
20180523745 8 10 3 6 2 7 5 9 1 4 
20180523746 2 9 10 3 7 4 1 6 5 8 
20180523747 10 8 3 7 9 5 2 4 1 6 
20180523748 5 9 8 3 1 4 6 10 7 2 
20180523749 6 1 3 4 5 9 2 10 7 8 
20180523750 6 7 2 5 8 4 3 9 10 1 
20180523751 10 8 1 9 2 3 4 7 6 5 
20180523752 9 6 8 2 4 3 5 7 1 10 
20180523753 1 9 5 10 8 2 4 6 7 3 
20180523754 3 5 8 9 6 2 10 4 1 7 
20180523755 1 10 2 5 3 9 6 8 7 4 
20180523756 9 8 4 5 3 6 2 7 10 1 
20180523757 2 1 5 4 6 9 10 7 8 3 
20180523758 9 6 2 10 4 3 7 8 1 5 
20180523759 6 10 1 9 2 8 5 7 4 3 
20180523760 4 6 2 8 9 3 5 10 7 1 
20180523761 2 6 10 7 5 4 1 9 3 8 
20180523762 4 6 9 10 8 5 2 1 3 7 
20180523763 3 6 2 8 10 7 5 9 1 4 
20180523764 5 10 2 6 8 1 3 7 9 4 
20180523765 3 9 10 5 8 6 1 2 4 7 
20180523766 6 7 9 4 2 5 1 10 8 3 
20180523767 6 3 7 10 2 4 5 9 1 8 
20180523768 9 3 1 8 2 4 6 7 10 5 
20180523769 2 3 10 9 6 4 1 8 7 5 
20180523770 6 10 1 9 8 7 4 5 3 2 
20180523771 1 5 7 6 10 2 9 8 3 4 
20180523772 2 9 6 7 5 10 1 3 4 8 
20180523773 5 2 1 9 10 7 8 4 3 6 
20180523774 6 1 7 9 4 10 2 8 5 3 
20180523775 10 9 6 2 5 1 7 3 8 4 
20180523776 6 5 3 1 2 7 4 9 10 8 
20180523777 6 3 7 4 8 9 5 2 10 1 
20180523778 5 8 2 4 6 10 9 1 3 7 
20180523779 6 9 3 7 1 5 10 2 8 4 
20180523780 8 2 4 7 6 5 1 3 9 10 
20180523781 9 6 4 7 8 5 2 3 1 10 
20180523782 10 4 3 7 6 5 8 9 1 2 
20180523783 5 4 8 6 10 9 7 1 3 2 
20180523784 6 9 2 4 8 5 3 1 7 10 
20180523785 6 5 2 3 9 8 4 7 10 1 
20180523786 2 4 9 6 10 5 7 8 1 3 
20180523787 9 5 8 3 10 4 2 1 6 7 
20180523788 8 5 1 10 4 7 6 9 3 2 
20180523789 4 2 10 8 1 3 7 6 9 5 
20180523790 7 6 5 3 4 10 8 9 1 2 
20180523791 2 7 8 10 9 3 4 1 6 5 
20180523792 9 8 4 2 5 6 7 10 3 1 
20180523793 1 7 4 5 10 2 9 3 8 6 
20180523794 3 1 5 6 7 8 10 4 9 2 
20180523795 5 8 6 4 10 9 3 7 2 1 
20180523796 7 9 8 5 3 2 1 6 4 10 
20180523797 9 4 8 5 7 6 3 10 2 1 
20180523798 9 10 3 4 7 8 5 1 2 6 
20180523799 8 1 3 10 7 6 4 9 5 2 
20180523800 6 5 3 2 8 1 7 9 10 4 
20180523801 5 7 2 1 6 4 8 10 3 9 
20180523802 7 2 9 6 1 5 4 8 10 3 
20180523803 4 6 9 10 2 7 8 1 5 3 
20180523804 3 10 8 1 5 7 6 2 4 9 
20180523805 7 1 9 8 4 2 3 6 5 10 
20180523806 1 7 8 4 9 10 5 3 6 2 
20180523807 10 5 3 9 6 7 2 8 4 1 
20180523808 1 10 7 4 8 5 2 3 9 6 
20180523809 5 8 7 6 9 3 2 10 1 4 
20180523810 7 1 6 3 10 8 4 9 5 2 
20180523811 2 6 10 3 4 1 9 7 5 8 
20180523812 5 9 1 8 2 10 3 7 4 6 
20180523813 4 5 7 9 8 1 10 2 6 3 
20180523814 6 8 9 3 4 5 1 10 7 2 
20180523815 9 6 2 10 1 8 3 4 5 7 
20180523816 6 2 5 8 10 7 1 4 9 3 
20180523817 3 7 8 4 6 2 9 5 10 1 
20180523818 6 5 4 7 3 10 8 9 2 1 
20180523819 7 10 2 6 3 8 4 9 1 5 
20180523820 10 8 1 9 2 5 3 4 7 6 
20180523821 1 2 9 4 8 10 7 6 5 3 
20180523822 1 9 5 4 10 2 6 3 7 8 
20180523823 7 8 5 9 6 10 3 4 2 1 
20180523824 8 4 10 3 2 7 1 9 5 6 
20180523825 1 3 7 9 8 2 4 6 10 5 
20180523826 1 6 3 4 5 10 2 7 9 8 
20180523827 5 2 9 10 6 8 1 4 7 3 
20180523828 6 7 5 3 4 9 8 2 10 1 
20180523829 8 3 5 2 7 9 10 6 4 1 
20180523830 3 1 10 9 2 5 4 6 7 8 
20180523831 7 6 10 8 5 1 3 9 2 4 
20180523832 10 3 2 1 7 9 6 4 5 8 
20180523833 9 7 6 4 3 10 2 1 8 5 
20180523834 9 1 4 3 2 8 5 10 6 7 
20180523835 7 9 3 2 10 8 5 6 4 1 
20180523836 3 7 1 6 4 9 10 2 5 8 
20180523837 3 6 2 5 10 1 7 9 4 8 
20180523838 1 7 6 2 5 10 3 8 9 4 
20180523839 10 6 8 9 4 5 2 1 7 3 
20180523840 6 2 1 5 3 7 8 4 10 9 
20180523841 4 3 7 2 9 5 10 8 1 6 
20180523842 6 8 7 2 1 3 4 10 9 5 
20180523843 4 7 6 5 9 2 10 8 1 3 
20180523844 3 2 8 6 10 4 9 5 7 1 
20180523845 2 8 7 9 4 10 1 5 6 3 
20180523846 8 7 4 5 9 1 6 2 3 10 
20180523847 2 5 3 10 8 1 6 4 9 7 
20180523848 10 3 2 1 4 9 8 7 6 5 
20180523849 9 1 8 3 2 10 5 7 4 6 
20180523850 1 5 9 7 6 3 2 8 4 10 
20180523851 10 3 9 6 8 7 1 4 5 2 
20180523852 8 6 3 9 2 10 5 7 4 1 
20180523853 9 4 8 10 7 3 1 6 2 5 
20180523854 7 5 1 10 9 4 8 6 2 3 
20180523855 3 7 9 6 10 8 2 4 1 5 
20180523856 1 2 9 7 8 6 3 5 10 4 
20180523857 2 3 7 9 6 8 1 10 4 5 
20180523858 7 5 3 4 9 1 8 10 6 2 
20180523859 1 4 2 9 7 5 3 6 8 10 
20180523860 6 3 4 2 1 7 8 9 5 10 
20180523861 2 6 7 10 1 5 4 3 8 9 
20180523862 1 4 2 8 7 6 5 9 3 10 
20180523863 9 7 5 2 4 3 6 1 8 10 
20180523864 9 5 8 1 4 6 3 10 7 2 
20180523865 1 9 7 4 10 8 3 2 6 5 
20180523866 7 9 3 6 5 1 4 8 10 2 
20180523867 4 10 1 7 3 8 5 6 9 2 
20180523868 1 2 3 10 6 4 7 9 8 5 
20180523869 5 3 7 9 4 6 8 10 2 1 
20180523870 4 6 9 1 7 8 5 2 10 3 
20180523871 8 4 7 6 2 10 1 5 9 3 
20180523872 7 9 6 1 2 3 10 8 4 5 
20180523873 4 8 9 6 2 10 1 3 7 5 
20180523874 7 5 10 9 8 2 4 3 6 1 
20180523875 9 7 2 5 3 10 8 6 4 1 
20180523876 4 9 6 1 5 7 8 2 10 3 
20180523877 9 7 10 3 2 5 6 8 4 1 
20180523878 2 7 6 5 10 1 8 4 3 9 
20180523879 1 3 4 6 8 2 9 7 10 5 
20180523880 1 4 9 8 6 5 7 10 2 3 
20180523881 9 1 10 7 5 8 2 3 4 6 
20180523882 3 8 9 1 5 6 4 10 7 2 
20180523883 6 9 4 3 10 7 8 2 5 1 
20180523884 8 1 5 10 2 6 3 9 7 4 
20180523885 3 2 4 8 1 6 9 5 10 7 
20180523886 1 6 4 3 5 2 8 7 9 10 
20180523887 7 2 5 3 4 8 1 6 10 9 
20180523888 5 6 2 1 7 8 3 4 9 10 
20180523889 5 8 10 1 2 9 3 7 6 4 
20180523890 10 6 1 5 4 7 2 9 3 8 
20180523891 1 3 2 9 10 7 5 6 8 4 
20180523892 8 1 2 10 3 6 7 9 5 4 
20180523893 8 6 5 7 1 4 9 2 3 10 
20180523894 1 8 9 6 7 3 10 4 5 2 
20180523895 2 7 10 5 9 1 4 6 8 3 
20180523896 8 3 9 6 1 10 5 4 2 7 
20180523897 7 10 8 2 5 4 1 9 6 3 
20180523898 5 9 3 10 7 1 2 6 4 8 
20180523899 5 10 2 6 3 8 7 9 4 1 
20180523900 4 6 5 3 7 10 9 1 2 8 
20180523901 9 1 3 4 6 10 5 7 8 2 
20180523902 4 9 3 10 7 1 6 8 2 5 
20180523903 1 5 7 9 6 8 3 4 2 10 
20180523904 9 4 8 6 10 5 1 2 3 7 
20180523905 1 7 4 9 2 10 8 5 6 3 
20180523906 3 9 2 1 8 7 5 6 10 4 
20180523907 1 9 5 7 6 3 10 2 4 8 
20180523908 3 8 2 5 1 6 4 9 10 7 
20180523909 1 5 6 2 4 7 10 3 8 9 
20180523910 4 1 2 3 9 8 7 5 6 10 
20180523911 4 6 10 8 1 9 3 7 5 2 
20180523912 4 6 8 1 7 3 2 5 9 10 
20180523913 7 2 1 6 4 3 10 8 9 5 
20180523914 1 7 4 10 6 9 8 2 3 5 
20180523915 8 1 2 10 9 6 7 5 3 4 
20180523916 10 4 5 7 6 3 9 1 8 2 
20180523917 8 3 10 5 9 7 1 2 6 4 
20180523918 5 8 10 2 9 4 1 6 7 3 
20180523919 2 1 4 6 7 10 8 9 3 5 
20180523920 9 8 4 3 10 7 5 6 1 2 
20180523921 7 1 3 10 5 9 4 6 8 2 
20180523922 7 9 2 4 5 6 3 1 8 10 
20180523923 2 10 5 9 1 4 7 3 6 8 
20180523924 2 9 10 3 5 8 4 1 7 6 
20180523925 1 7 8 6 3 9 5 10 2 4 
20180523926 10 1 4 3 6 2 9 8 5 7 
20180523927 2 3 5 8 9 6 1 4 10 7 
20180523928 9 2 8 3 4 6 1 10 5 7 
20180523929 2 5 1 10 4 7 6 8 9 3 
20180523930 10 4 5 2 6 8 3 1 7 9 
20180523931 9 10 8 1 7 6 3 2 5 4 
20180523932 9 3 7 5 6 10 4 1 8 2 
20180523933 10 2 8 3 7 6 4 5 9 1 
20180523934 4 7 8 3 1 6 9 5 2 10 
20180523935 8 5 2 9 7 3 6 1 4 10 
20180523936 10 6 8 5 4 7 3 9 2 1 
20180523937 4 9 1 8 3 5 7 6 10 2 
20180523938 9 1 7 5 2 4 3 10 6 8 
20180523939 6 2 5 4 1 10 3 7 9 8 
20180523940 8 4 6 2 10 7 5 1 3 9 
20180523941 10 3 2 5 1 9 7 8 6 4 
20180523942 7 1 6 8 4 2 9 10 5 3 
20180523943 9 8 10 2 3 7 6 5 1 4 
20180523944 9 3 1 7 2 10 4 5 8 6 
20180523945 1 10 8 2 3 6 5 9 7 4 
20180523946 9 7 2 1 3 6 4 5 8 10 
20180523947 9 7 2 1 6 8 3 5 10 4 
20180523948 8 4 3 7 10 2 9 1 5 6 
20180523949 8 6 9 5 3 2 7 4 1 10 
20180523950 10 2 1 8 7 5 6 9 4 3 
20180523951 2 10 8 6 3 5 4 7 9 1 
20180523952 1 4 3 9 5 2 7 6 8 10 
20180523953 1 4 8 10 9 6 7 3 2 5 
20180523954 7 10 3 1 4 8 2 6 9 5 
20180523955 7 6 4 2 3 10 9 8 1 5 
20180523956 10 3 8 1 6 7 2 5 4 9 
20180523957 4 2 8 3 9 7 1 5 10 6 
20180523958 5 3 6 1 2 7 10 9 4 8 
20180523959 7 8 2 5 1 3 4 9 6 10 
20180523960 6 9 7 10 1 8 3 2 4 5 
20180523961 6 8 4 5 2 9 7 10 1 3 
20180523962 1 6 8 4 2 7 3 5 9 10 
20180523963 3 10 4 1 6 8 7 2 5 9 
20180523964 1 8 4 10 7 5 3 6 2 9 
20180523965 4 9 7 1 3 6 2 8 5 10 
20180523966 8 4 2 10 3 6 7 9 5 1 
20180523967 2 7 3 6 8 9 10 1 4 5 
20180523968 2 7 4 9 10 6 8 1 3 5 
20180523969 2 7 4 5 1 6 9 10 3 8 
20180523970 6 5 4 1 7 3 2 9 10 8 
20180523971 6 5 4 2 8 7 1 9 10 3 
20180523972 1 6 7 9 4 2 5 10 8 3 
20180523973 3 10 6 8 2 7 9 1 5 4 
20180523974 6 8 2 10 3 7 4 1 5 9 
20180523975 6 5 2 7 3 8 10 4 1 9 
20180523976 4 5 8 2 1 10 7 9 6 3 
20180523977 7 1 9 4 3 10 8 6 5 2 
20180523978 2 9 1 3 8 4 7 10 5 6 
20180523979 9 7 10 3 1 4 8 5 6 2 
20180523980 4 10 7 6 8 9 2 1 5 3 
20180523981 1 8 2 4 5 9 3 6 7 10 
20180523982 5 3 9 1 10 2 7 4 6 8 
20180523983 4 9 8 10 5 3 2 1 7 6 
20180523984 8 10 2 4 9 5 1 7 3 6 
20180523985 2 9 10 4 6 5 3 7 8 1 
