20180530001 10 5 3 4 6 1 8 2 7 9 
20180530002 3 7 10 9 4 8 6 1 5 2 
20180530003 7 6 3 5 1 9 8 10 2 4 
20180530004 4 2 5 9 7 8 1 10 6 3 
20180530005 1 7 3 4 6 9 2 5 10 8 
20180530006 10 9 5 2 6 1 4 7 3 8 
20180530007 8 6 1 2 5 7 4 9 3 10 
20180530008 7 1 2 9 10 5 6 8 3 4 
20180530009 1 10 4 9 7 3 5 6 2 8 
20180530010 4 7 10 9 3 8 5 6 1 2 
20180530011 3 2 5 6 4 10 8 1 9 7 
20180530012 5 9 7 2 3 8 1 10 4 6 
20180530013 6 2 7 3 1 9 5 4 10 8 
20180530014 1 6 10 5 4 2 9 3 8 7 
20180530015 7 1 10 9 3 5 6 2 4 8 
20180530016 7 5 1 9 6 2 4 10 3 8 
20180530017 6 2 5 4 1 3 9 8 10 7 
20180530018 2 7 1 8 4 9 5 10 6 3 
20180530019 7 1 8 6 2 10 5 4 3 9 
20180530020 5 9 7 3 2 10 6 4 1 8 
20180530021 5 7 10 8 4 1 6 2 3 9 
20180530022 3 5 4 10 1 7 2 9 6 8 
20180530023 4 3 5 6 2 9 1 7 8 10 
20180530024 1 6 5 7 9 10 3 2 8 4 
20180530025 1 7 10 6 3 4 9 2 8 5 
20180530026 4 1 9 3 8 6 7 10 2 5 
20180530027 4 5 10 9 6 1 2 8 3 7 
20180530028 9 10 5 8 1 3 7 2 6 4 
20180530029 6 2 5 10 8 3 4 9 7 1 
20180530030 6 1 3 7 2 10 8 4 5 9 
20180530031 5 8 10 1 7 3 2 9 6 4 
20180530032 8 4 9 2 7 1 5 6 3 10 
20180530033 2 7 5 3 8 1 9 6 10 4 
20180530034 1 6 7 9 10 8 5 4 3 2 
20180530035 1 6 4 7 9 3 2 5 8 10 
20180530036 9 2 3 10 1 5 7 8 6 4 
20180530037 4 5 9 7 10 3 1 6 8 2 
20180530038 2 3 6 10 9 1 7 4 5 8 
20180530039 8 7 10 4 6 5 1 9 2 3 
20180530040 3 1 4 6 5 9 10 8 2 7 
20180530041 9 4 6 3 10 2 7 8 5 1 
20180530042 4 6 10 7 9 2 3 1 5 8 
20180530043 10 4 8 1 2 5 6 3 7 9 
20180530044 8 10 6 1 7 9 2 4 5 3 
20180530045 10 4 6 3 1 7 8 9 5 2 
20180530046 4 3 1 9 2 6 10 5 8 7 
20180530047 6 8 2 4 5 9 7 10 3 1 
20180530048 2 3 10 1 4 9 8 6 5 7 
20180530049 6 5 2 8 10 3 1 7 9 4 
20180530050 3 9 8 10 2 7 6 5 4 1 
20180530051 4 6 7 5 1 2 3 9 10 8 
20180530052 4 9 7 2 5 10 6 1 3 8 
20180530053 7 1 6 3 4 2 8 5 10 9 
20180530054 6 1 4 7 8 5 2 3 9 10 
20180530055 1 10 8 4 5 2 7 9 3 6 
20180530056 10 9 7 1 4 8 2 6 3 5 
20180530057 2 10 8 7 5 9 1 6 4 3 
20180530058 4 7 9 1 10 5 2 8 3 6 
20180530059 4 2 6 10 3 5 1 7 8 9 
20180530060 9 10 8 3 7 1 6 5 4 2 
20180530061 6 1 8 2 9 4 10 5 7 3 
20180530062 10 1 3 5 8 4 9 6 2 7 
20180530063 2 7 3 9 10 5 4 6 1 8 
20180530064 8 3 9 10 7 1 2 5 6 4 
20180530065 10 1 4 3 7 5 6 9 8 2 
20180530066 5 7 9 6 3 2 1 4 10 8 
20180530067 6 8 7 4 1 5 10 2 3 9 
20180530068 4 5 1 9 10 8 3 7 2 6 
20180530069 4 6 1 9 2 3 10 8 7 5 
20180530070 9 10 5 6 4 7 2 8 1 3 
20180530071 2 7 1 9 8 4 10 6 5 3 
20180530072 10 5 6 7 1 4 3 2 8 9 
20180530073 5 9 3 10 2 8 6 4 1 7 
20180530074 9 7 1 4 6 3 10 5 2 8 
20180530075 5 6 3 9 1 7 8 2 4 10 
20180530076 3 10 6 2 8 5 9 1 4 7 
20180530077 2 1 6 10 7 4 8 3 5 9 
20180530078 5 1 10 8 4 2 3 7 6 9 
20180530079 8 7 3 10 4 1 5 9 2 6 
20180530080 7 2 6 5 10 1 3 9 4 8 
20180530081 2 3 4 7 1 10 9 6 5 8 
20180530082 3 2 8 7 6 4 9 5 10 1 
20180530083 7 10 8 9 4 2 1 5 6 3 
20180530084 10 1 9 6 8 2 7 4 3 5 
20180530085 1 4 9 6 8 7 2 3 5 10 
20180530086 6 5 4 8 2 9 1 3 7 10 
20180530087 7 8 9 10 3 6 4 2 5 1 
20180530088 6 9 10 3 1 2 5 4 8 7 
20180530089 7 1 2 10 5 4 9 3 6 8 
20180530090 1 8 3 10 9 7 5 2 4 6 
20180530091 8 6 4 3 5 2 7 9 1 10 
20180530092 4 9 2 8 5 3 7 1 6 10 
20180530093 4 9 5 6 8 3 10 1 7 2 
20180530094 10 8 2 9 3 6 1 5 7 4 
20180530095 1 7 4 8 9 10 3 2 5 6 
20180530096 10 9 8 2 4 7 3 1 6 5 
20180530097 7 10 6 2 3 1 4 8 9 5 
20180530098 7 8 9 10 6 1 3 5 4 2 
20180530099 3 2 5 9 10 6 4 8 1 7 
20180530100 8 2 3 7 10 5 9 4 6 1 
20180530101 4 2 10 1 6 8 5 9 7 3 
20180530102 7 2 3 5 10 8 1 6 9 4 
20180530103 4 6 5 8 9 2 1 7 10 3 
20180530104 10 2 7 3 4 5 8 9 1 6 
20180530105 5 2 6 3 7 9 10 8 4 1 
20180530106 7 2 6 9 1 8 3 4 5 10 
20180530107 9 6 5 10 4 1 7 2 8 3 
20180530108 4 5 8 7 3 9 1 6 10 2 
20180530109 4 6 3 9 2 1 5 8 7 10 
20180530110 10 6 5 8 4 7 2 1 9 3 
20180530111 1 2 6 8 4 5 10 7 9 3 
20180530112 8 10 1 6 4 2 9 5 3 7 
20180530113 10 6 4 3 1 2 9 5 7 8 
20180530114 6 10 4 5 9 7 3 1 8 2 
20180530115 5 7 1 2 9 4 10 6 8 3 
20180530116 4 2 10 7 1 9 6 5 8 3 
20180530117 5 1 8 7 6 4 9 2 3 10 
20180530118 8 2 1 6 4 10 7 9 3 5 
20180530119 10 9 6 7 8 1 5 4 3 2 
20180530120 7 9 3 2 10 5 4 6 1 8 
20180530121 8 2 5 1 6 4 3 9 10 7 
20180530122 2 7 10 3 9 5 4 1 6 8 
20180530123 6 4 3 5 7 9 2 8 10 1 
20180530124 7 8 1 4 2 5 6 3 10 9 
20180530125 6 7 4 2 10 1 8 5 9 3 
20180530126 2 7 10 3 9 5 4 1 6 8 
20180530127 8 10 5 7 6 2 9 1 3 4 
20180530128 3 10 4 7 9 5 6 8 2 1 
20180530129 4 9 1 8 6 3 2 5 7 10 
20180530130 3 1 9 2 8 10 5 4 6 7 
20180530131 1 2 3 9 5 6 10 8 7 4 
20180530132 6 10 4 7 8 2 1 5 3 9 
20180530133 6 10 4 5 3 2 9 1 8 7 
20180530134 2 10 6 7 3 4 9 1 5 8 
20180530135 9 7 1 10 8 3 4 6 2 5 
20180530136 7 5 4 6 1 10 9 8 2 3 
20180530137 8 4 7 9 1 3 5 10 6 2 
20180530138 9 1 10 8 7 2 3 4 5 6 
20180530139 7 2 3 1 5 4 10 8 9 6 
20180530140 4 10 3 2 7 8 5 6 1 9 
20180530141 10 3 8 5 7 1 6 9 2 4 
20180530142 4 2 6 3 10 9 8 7 1 5 
20180530143 10 4 1 8 6 2 9 3 5 7 
20180530144 5 9 1 6 7 2 8 3 10 4 
20180530145 7 10 8 6 4 1 3 5 9 2 
20180530146 7 1 5 6 2 4 3 8 10 9 
20180530147 5 8 2 10 1 7 4 6 3 9 
20180530148 5 4 8 10 2 9 3 7 1 6 
20180530149 9 7 3 1 4 5 8 10 6 2 
20180530150 2 5 3 8 6 9 7 1 4 10 
20180530151 1 3 5 7 6 8 10 2 4 9 
20180530152 3 9 6 8 4 5 7 1 2 10 
20180530153 9 10 4 5 8 6 3 1 7 2 
20180530154 3 9 10 2 7 8 1 4 5 6 
20180530155 7 2 6 9 4 8 5 10 3 1 
20180530156 4 8 10 3 7 5 6 2 1 9 
20180530157 1 4 10 6 9 3 8 2 5 7 
20180530158 4 8 2 10 3 6 1 7 9 5 
20180530159 5 4 1 7 8 9 2 3 6 10 
20180530160 5 8 2 10 7 4 6 9 3 1 
20180530161 9 7 5 6 3 2 4 10 1 8 
20180530162 3 2 5 7 8 4 10 6 9 1 
20180530163 8 7 5 3 1 2 6 10 4 9 
20180530164 1 7 2 4 5 3 10 9 6 8 
20180530165 7 4 6 5 8 2 10 1 9 3 
20180530166 6 10 3 9 2 8 4 5 7 1 
20180530167 4 6 3 1 7 2 10 8 9 5 
20180530168 8 2 1 4 7 9 6 5 10 3 
20180530169 1 5 10 3 4 6 2 7 9 8 
20180530170 3 1 10 4 8 7 9 5 6 2 
20180530171 9 7 6 8 5 1 3 2 10 4 
20180530172 8 3 10 2 9 6 4 1 7 5 
20180530173 9 6 10 1 5 3 4 2 8 7 
20180530174 2 3 10 6 7 4 5 9 1 8 
20180530175 1 4 8 7 3 9 5 10 6 2 
20180530176 3 6 5 8 4 2 1 7 10 9 
20180530177 9 2 1 4 5 3 10 8 6 7 
20180530178 9 10 5 4 6 7 2 8 1 3 
20180530179 8 9 10 7 3 2 1 4 6 5 
20180530180 10 6 1 3 4 9 5 8 7 2 
20180530181 3 7 9 2 8 5 6 10 4 1 
20180530182 2 1 8 6 7 4 5 9 10 3 
20180530183 9 3 2 8 4 7 6 1 5 10 
20180530184 4 5 2 8 7 3 1 6 10 9 
20180530185 10 9 6 2 4 8 5 7 3 1 
20180530186 9 10 1 7 5 8 4 3 6 2 
20180530187 5 7 8 2 6 4 1 10 3 9 
20180530188 10 6 4 3 2 8 1 9 7 5 
20180530189 4 1 5 2 3 8 9 10 6 7 
20180530190 6 1 8 4 2 7 3 10 5 9 
20180530191 2 6 5 4 10 9 3 1 7 8 
20180530192 5 10 9 4 7 1 8 2 6 3 
20180530193 6 7 3 1 10 4 9 5 2 8 
20180530194 5 3 1 9 4 6 8 2 10 7 
20180530195 10 9 1 6 4 8 7 5 2 3 
20180530196 1 6 5 7 9 10 4 8 2 3 
20180530197 6 9 1 2 4 5 3 7 10 8 
20180530198 3 6 4 9 7 2 1 5 8 10 
20180530199 8 3 6 5 2 1 4 7 9 10 
20180530200 7 5 4 3 6 8 9 10 2 1 
20180530201 3 2 4 6 9 1 5 10 8 7 
20180530202 9 3 10 2 1 6 4 5 7 8 
20180530203 8 2 5 7 6 10 4 1 3 9 
20180530204 1 5 4 8 10 2 3 7 6 9 
20180530205 2 1 8 5 10 9 3 6 7 4 
20180530206 6 8 10 1 4 7 5 2 9 3 
20180530207 6 1 8 2 4 10 3 5 9 7 
20180530208 7 2 5 6 4 9 1 10 8 3 
20180530209 9 5 6 7 10 1 3 8 4 2 
20180530210 9 7 4 1 2 5 3 8 10 6 
20180530211 2 3 4 8 5 9 7 10 6 1 
20180530212 1 5 8 2 7 3 6 4 9 10 
20180530213 5 7 8 9 1 4 6 3 2 10 
20180530214 5 2 3 8 4 7 6 9 10 1 
20180530215 4 2 6 8 1 3 5 10 7 9 
20180530216 1 5 3 6 4 7 2 9 10 8 
20180530217 6 10 8 4 9 3 2 5 1 7 
20180530218 2 3 6 9 10 7 4 1 5 8 
20180530219 8 2 3 10 9 6 4 1 7 5 
20180530220 8 9 1 4 5 3 7 6 2 10 
20180530221 9 7 4 3 5 2 6 10 8 1 
20180530222 4 5 1 9 8 3 2 7 6 10 
20180530223 2 8 1 3 10 5 6 7 9 4 
20180530224 1 10 2 8 6 3 5 4 7 9 
20180530225 6 7 3 4 1 5 2 10 9 8 
20180530226 1 5 6 8 2 10 9 3 7 4 
20180530227 2 4 10 8 6 3 5 1 9 7 
20180530228 4 5 10 6 9 3 8 1 7 2 
20180530229 5 6 7 2 1 8 10 9 3 4 
20180530230 5 10 7 1 6 8 2 3 4 9 
20180530231 5 7 4 8 3 9 10 6 2 1 
20180530232 3 10 6 9 4 7 5 8 1 2 
20180530233 4 2 3 9 6 1 7 8 10 5 
20180530234 5 7 2 4 6 1 3 9 8 10 
20180530235 6 9 3 2 10 7 8 1 5 4 
20180530236 5 2 4 9 6 7 1 10 3 8 
20180530237 4 8 3 7 9 5 10 1 2 6 
20180530238 3 1 9 4 10 6 2 8 7 5 
20180530239 10 9 6 2 1 7 3 8 5 4 
20180530240 7 4 2 6 9 8 1 10 3 5 
20180530241 8 2 7 1 3 5 4 10 9 6 
20180530242 9 7 1 8 6 5 3 2 4 10 
20180530243 2 5 6 7 3 8 1 4 10 9 
20180530244 10 7 2 3 4 9 8 1 5 6 
20180530245 9 7 6 1 4 2 8 5 3 10 
20180530246 1 2 10 6 7 8 9 4 3 5 
20180530247 7 3 10 2 9 6 5 4 1 8 
20180530248 10 5 6 4 1 9 2 7 3 8 
20180530249 1 10 6 3 7 5 9 2 8 4 
20180530250 9 2 3 8 4 5 6 10 1 7 
20180530251 7 8 3 6 10 2 4 9 5 1 
20180530252 5 4 1 6 3 10 2 9 8 7 
20180530253 5 8 2 10 3 6 7 9 1 4 
20180530254 6 5 2 7 8 4 1 10 3 9 
20180530255 7 8 5 10 6 1 2 4 9 3 
20180530256 6 1 4 7 5 9 10 8 3 2 
20180530257 8 5 1 6 10 2 7 3 9 4 
20180530258 4 7 9 10 5 2 8 3 1 6 
20180530259 4 10 2 6 8 1 9 5 3 7 
20180530260 9 4 2 6 8 1 3 10 5 7 
20180530261 1 8 3 2 7 6 4 10 5 9 
20180530262 8 6 5 10 4 9 3 2 1 7 
20180530263 8 6 2 7 3 1 4 10 5 9 
20180530264 9 8 2 10 6 3 5 1 7 4 
20180530265 1 10 3 7 8 2 4 9 6 5 
20180530266 10 4 6 7 8 5 2 9 1 3 
20180530267 9 7 5 2 6 4 3 1 8 10 
20180530268 5 2 7 3 10 6 4 9 1 8 
20180530269 4 2 9 1 6 10 3 5 7 8 
20180530270 3 4 10 9 1 2 5 8 7 6 
20180530271 2 7 10 6 4 3 8 9 5 1 
20180530272 5 9 2 6 7 4 3 10 1 8 
20180530273 5 8 9 3 4 7 10 2 1 6 
20180530274 2 5 10 8 1 9 3 7 4 6 
20180530275 5 1 3 6 2 7 10 8 9 4 
20180530276 4 5 7 2 8 10 9 1 3 6 
20180530277 10 8 1 7 5 3 2 4 9 6 
20180530278 5 8 1 2 9 3 10 6 7 4 
20180530279 10 8 4 5 2 1 3 7 9 6 
20180530280 8 1 5 9 10 4 7 3 2 6 
20180530281 10 4 9 1 2 8 6 7 3 5 
20180530282 7 9 2 4 5 1 3 6 10 8 
20180530283 2 1 7 6 5 3 10 8 9 4 
20180530284 7 9 6 8 2 5 4 1 10 3 
20180530285 10 8 2 6 7 1 5 4 9 3 
20180530286 7 9 2 1 3 4 8 6 5 10 
20180530287 2 4 7 3 5 1 9 10 6 8 
20180530288 1 8 7 9 2 6 5 3 4 10 
20180530289 6 5 10 4 3 7 1 9 8 2 
20180530290 9 3 4 8 5 10 1 2 7 6 
20180530291 5 2 6 1 8 4 10 9 3 7 
20180530292 1 7 4 5 3 9 10 8 2 6 
20180530293 7 9 2 1 5 8 4 10 3 6 
20180530294 10 4 8 7 1 5 9 2 3 6 
20180530295 10 3 6 7 2 4 8 1 9 5 
20180530296 2 3 9 8 5 10 7 4 1 6 
20180530297 10 9 6 2 3 5 4 1 7 8 
20180530298 10 3 4 2 8 7 6 1 9 5 
20180530299 4 2 10 1 6 3 7 9 8 5 
20180530300 10 9 4 5 7 3 8 6 2 1 
20180530301 2 4 10 3 8 7 1 9 6 5 
20180530302 3 9 2 10 7 4 6 5 1 8 
20180530303 4 2 10 3 1 5 9 7 8 6 
20180530304 4 9 1 3 8 7 2 10 5 6 
20180530305 4 8 7 9 3 10 5 6 2 1 
20180530306 3 8 10 9 5 2 1 4 7 6 
20180530307 3 2 6 4 1 10 9 5 7 8 
20180530308 2 1 3 5 6 4 8 9 7 10 
20180530309 4 7 9 1 8 10 2 3 5 6 
20180530310 3 7 6 10 9 8 5 2 4 1 
20180530311 1 10 7 8 9 5 3 6 4 2 
20180530312 4 8 7 2 3 9 6 1 10 5 
20180530313 1 9 5 2 8 10 6 7 4 3 
20180530314 8 3 9 2 1 7 5 10 6 4 
20180530315 7 9 6 1 4 5 2 3 10 8 
20180530316 4 6 2 1 8 3 10 7 5 9 
20180530317 2 8 6 7 1 5 3 4 9 10 
20180530318 4 8 10 1 6 2 3 5 7 9 
20180530319 2 8 10 9 7 6 1 3 4 5 
20180530320 2 5 8 1 10 4 7 6 3 9 
20180530321 3 7 6 4 1 9 10 8 2 5 
20180530322 1 10 6 5 9 8 2 4 3 7 
20180530323 2 1 5 10 7 9 6 4 8 3 
20180530324 7 3 8 9 4 10 1 6 2 5 
20180530325 7 9 1 2 3 5 8 4 10 6 
20180530326 4 3 8 2 9 5 7 1 6 10 
20180530327 7 2 5 10 3 4 8 1 6 9 
20180530328 1 6 3 4 7 8 5 10 2 9 
20180530329 9 1 7 8 3 10 4 2 5 6 
20180530330 1 9 6 3 4 8 5 10 2 7 
20180530331 4 6 10 2 8 5 3 1 7 9 
20180530332 1 3 2 8 7 4 10 9 6 5 
20180530333 3 10 9 6 8 4 1 2 7 5 
20180530334 4 1 9 5 6 10 3 2 8 7 
20180530335 8 2 3 7 9 10 4 6 5 1 
20180530336 4 7 5 9 8 6 1 3 2 10 
20180530337 8 9 3 5 7 2 6 4 10 1 
20180530338 3 8 7 5 6 1 4 9 10 2 
20180530339 9 7 8 3 5 4 10 1 2 6 
20180530340 8 6 4 10 5 7 2 3 1 9 
20180530341 1 5 3 9 7 4 8 6 2 10 
20180530342 3 6 4 10 9 7 1 5 2 8 
20180530343 8 1 2 6 7 5 9 10 4 3 
20180530344 1 6 10 9 3 8 2 4 7 5 
20180530345 9 10 8 6 3 5 7 4 2 1 
20180530346 3 9 6 10 8 7 1 5 2 4 
20180530347 4 5 3 8 7 9 6 2 1 10 
20180530348 5 4 6 1 3 7 2 8 10 9 
20180530349 1 7 4 2 9 5 10 6 8 3 
20180530350 7 2 9 4 1 3 10 8 6 5 
20180530351 8 1 9 3 2 5 7 10 4 6 
20180530352 2 10 1 9 5 6 3 8 7 4 
20180530353 6 10 4 7 8 2 5 9 3 1 
20180530354 5 2 4 9 10 8 1 6 7 3 
20180530355 2 4 8 3 7 1 5 9 10 6 
20180530356 8 5 3 1 7 9 6 4 10 2 
20180530357 8 2 4 5 9 6 3 1 7 10 
20180530358 9 1 10 8 6 7 4 2 3 5 
20180530359 10 3 5 6 9 4 7 2 1 8 
20180530360 4 2 9 3 10 6 8 7 1 5 
20180530361 10 2 4 8 6 1 9 3 5 7 
20180530362 3 1 9 10 4 5 7 2 8 6 
20180530363 3 9 5 10 8 1 4 7 2 6 
20180530364 6 9 4 7 3 1 5 2 10 8 
20180530365 1 8 2 5 4 6 9 3 10 7 
20180530366 6 2 9 1 7 8 5 10 4 3 
20180530367 1 5 4 9 2 3 10 7 6 8 
20180530368 1 5 6 2 3 10 7 9 8 4 
20180530369 2 4 1 7 5 3 9 6 10 8 
20180530370 4 8 7 10 5 6 2 9 1 3 
20180530371 7 10 3 4 5 8 9 2 1 6 
20180530372 8 10 4 9 7 6 1 2 5 3 
20180530373 6 2 10 5 9 7 8 3 1 4 
20180530374 1 8 7 3 4 6 10 9 5 2 
20180530375 2 4 3 9 8 1 10 6 7 5 
20180530376 5 4 9 7 2 8 10 1 6 3 
20180530377 7 9 5 6 1 4 10 3 2 8 
20180530378 10 1 5 4 2 9 3 7 8 6 
20180530379 8 2 6 9 3 1 7 10 5 4 
20180530380 5 1 7 3 9 2 8 6 4 10 
20180530381 8 9 5 10 1 7 2 3 4 6 
20180530382 10 6 2 3 7 1 8 5 9 4 
20180530383 6 10 3 4 8 7 9 1 2 5 
20180530384 7 8 3 10 1 2 4 5 6 9 
20180530385 1 6 8 2 3 7 4 10 9 5 
20180530386 3 10 8 7 6 9 5 1 2 4 
20180530387 1 4 2 3 5 10 7 9 8 6 
20180530388 1 9 8 10 6 3 5 2 7 4 
20180530389 3 4 9 7 1 5 8 10 6 2 
20180530390 8 1 5 7 3 6 9 4 2 10 
20180530391 5 6 7 10 9 4 2 1 3 8 
20180530392 9 4 1 6 2 3 10 8 5 7 
20180530393 2 1 10 5 4 6 7 3 8 9 
20180530394 4 9 10 1 8 7 2 6 3 5 
20180530395 10 4 1 2 3 8 5 6 7 9 
20180530396 2 9 10 5 6 3 8 4 7 1 
20180530397 8 7 6 4 5 10 3 9 2 1 
20180530398 3 6 10 9 4 7 2 5 8 1 
20180530399 8 5 9 10 2 4 1 7 6 3 
20180530400 10 7 1 3 5 8 4 2 6 9 
20180530401 8 6 1 9 10 4 5 2 7 3 
20180530402 9 6 5 4 8 10 7 3 2 1 
20180530403 8 4 6 3 5 10 1 2 9 7 
20180530404 3 8 6 5 7 9 10 2 1 4 
20180530405 4 3 6 8 1 9 5 7 10 2 
20180530406 5 7 10 1 6 9 2 3 8 4 
20180530407 6 2 5 8 4 1 3 10 9 7 
20180530408 7 6 1 3 10 4 5 8 9 2 
20180530409 7 5 9 1 4 3 8 2 6 10 
20180530410 3 10 5 8 1 2 9 6 7 4 
20180530411 8 5 4 6 2 7 9 10 3 1 
20180530412 4 3 1 2 6 10 5 9 7 8 
20180530413 9 8 1 10 5 7 4 6 3 2 
20180530414 9 7 6 5 4 8 3 10 1 2 
20180530415 4 10 5 6 3 7 2 8 9 1 
20180530416 5 3 6 10 4 7 2 1 9 8 
20180530417 5 3 1 7 8 2 10 9 6 4 
20180530418 2 8 5 6 3 10 7 1 9 4 
20180530419 8 3 10 2 6 5 7 9 1 4 
20180530420 9 8 7 4 6 10 2 3 5 1 
20180530421 9 2 6 4 8 3 5 7 1 10 
20180530422 1 3 5 4 2 10 7 9 6 8 
20180530423 10 8 4 6 2 1 9 3 7 5 
20180530424 3 5 2 1 8 7 10 9 6 4 
20180530425 2 7 3 10 9 6 5 8 4 1 
20180530426 5 1 6 7 10 9 4 8 3 2 
20180530427 9 2 5 6 7 10 1 3 8 4 
20180530428 7 8 5 4 9 2 6 3 10 1 
20180530429 5 7 6 2 3 9 1 10 4 8 
20180530430 7 9 4 5 10 2 8 6 1 3 
20180530431 3 8 7 6 10 2 4 9 1 5 
20180530432 8 9 5 1 6 3 4 2 7 10 
20180530433 9 10 2 6 4 1 3 8 7 5 
20180530434 8 7 4 3 5 9 1 2 6 10 
20180530435 1 8 3 9 6 5 2 4 10 7 
20180530436 7 6 5 8 10 1 9 4 3 2 
20180530437 7 6 9 8 5 3 2 1 4 10 
20180530438 1 2 10 4 7 8 9 3 6 5 
20180530439 9 2 5 7 3 10 1 8 6 4 
20180530440 4 5 9 10 2 1 3 8 6 7 
20180530441 10 3 9 6 4 7 1 2 8 5 
20180530442 6 9 8 2 4 10 5 7 3 1 
20180530443 2 6 9 1 5 3 10 7 4 8 
20180530444 3 5 4 1 8 9 7 10 2 6 
20180530445 4 6 7 10 2 3 5 9 8 1 
20180530446 3 9 8 2 4 5 10 7 1 6 
20180530447 10 3 6 5 1 2 4 7 9 8 
20180530448 1 6 5 8 10 3 2 9 4 7 
20180530449 1 6 3 10 9 7 4 2 8 5 
20180530450 3 5 2 10 4 9 1 8 7 6 
20180530451 9 4 5 1 7 8 2 6 3 10 
20180530452 4 2 7 5 10 9 6 3 1 8 
20180530453 9 2 7 8 4 6 3 1 5 10 
20180530454 5 6 7 8 2 4 10 1 9 3 
20180530455 8 6 10 3 2 1 7 4 5 9 
20180530456 7 3 10 9 4 6 5 8 2 1 
20180530457 9 7 4 2 6 3 10 5 8 1 
20180530458 8 4 10 9 2 3 7 5 1 6 
20180530459 9 8 10 7 6 1 3 2 4 5 
20180530460 1 3 7 5 9 8 4 2 6 10 
20180530461 9 7 10 2 4 5 8 6 1 3 
20180530462 9 7 5 8 2 1 4 10 3 6 
20180530463 10 5 4 2 3 9 6 7 8 1 
20180530464 4 6 10 1 2 7 8 5 9 3 
20180530465 9 7 4 1 8 2 3 5 10 6 
20180530466 6 5 1 8 9 4 10 2 3 7 
20180530467 7 6 9 1 3 8 4 5 2 10 
20180530468 4 8 10 9 1 5 2 3 6 7 
20180530469 1 6 10 5 9 4 2 3 8 7 
20180530470 4 8 5 9 6 7 10 3 2 1 
20180530471 8 5 3 1 7 10 9 2 4 6 
20180530472 3 9 7 10 6 1 5 4 8 2 
20180530473 8 2 1 4 3 9 6 5 7 10 
20180530474 6 8 10 4 9 1 2 7 3 5 
20180530475 1 8 3 9 10 4 6 5 2 7 
20180530476 2 3 9 4 7 5 1 10 6 8 
20180530477 2 4 1 10 8 7 9 5 3 6 
20180530478 9 1 7 8 5 6 2 10 4 3 
20180530479 4 1 8 3 9 7 10 5 6 2 
20180530480 9 7 5 3 2 6 10 8 4 1 
20180530481 1 10 3 4 2 9 7 8 5 6 
20180530482 3 5 4 1 2 7 8 10 6 9 
20180530483 8 2 1 9 7 10 3 4 6 5 
20180530484 4 9 7 3 2 10 6 1 5 8 
20180530485 6 3 8 10 1 7 2 9 4 5 
20180530486 1 10 5 6 3 7 2 4 9 8 
20180530487 7 6 8 10 2 4 1 5 9 3 
20180530488 10 1 8 2 6 3 7 5 4 9 
20180530489 6 3 4 9 5 7 2 8 10 1 
20180530490 7 9 1 6 4 10 8 2 3 5 
20180530491 5 8 6 7 9 1 4 10 2 3 
20180530492 6 4 10 5 9 2 7 1 3 8 
20180530493 6 1 5 9 7 2 8 3 4 10 
20180530494 3 2 6 4 7 1 10 8 5 9 
20180530495 10 8 5 6 9 4 7 3 1 2 
20180530496 4 9 10 2 1 6 3 5 7 8 
20180530497 8 1 9 5 10 7 2 6 4 3 
20180530498 3 4 5 9 7 1 8 2 6 10 
20180530499 6 1 7 5 9 4 2 3 8 10 
20180530500 4 3 6 5 7 9 8 10 1 2 
20180530501 8 9 3 4 6 10 1 2 7 5 
20180530502 3 5 7 8 6 9 10 4 2 1 
20180530503 3 10 4 1 9 5 2 8 7 6 
20180530504 6 9 10 8 7 4 1 5 2 3 
20180530505 2 8 4 7 9 1 6 3 10 5 
20180530506 10 1 7 5 9 2 3 8 4 6 
20180530507 9 8 2 10 4 6 5 7 1 3 
20180530508 8 1 7 10 6 3 2 4 9 5 
20180530509 5 4 9 8 2 6 10 3 1 7 
20180530510 5 10 6 4 7 2 1 3 9 8 
20180530511 8 6 3 1 4 2 10 9 7 5 
20180530512 9 2 1 10 6 3 8 4 7 5 
20180530513 4 9 3 5 1 10 8 6 2 7 
20180530514 8 5 6 1 4 2 3 9 10 7 
20180530515 7 5 9 2 3 10 1 4 8 6 
20180530516 3 10 8 7 1 4 2 5 9 6 
20180530517 8 3 5 10 4 1 6 7 2 9 
20180530518 3 5 1 10 9 4 2 7 6 8 
20180530519 5 2 3 9 10 7 8 1 6 4 
20180530520 3 7 2 8 5 10 1 6 9 4 
20180530521 8 9 2 4 10 1 5 3 7 6 
20180530522 1 2 9 7 8 3 5 4 6 10 
20180530523 2 10 8 5 6 3 4 1 7 9 
20180530524 6 4 5 8 3 7 1 10 9 2 
20180530525 2 1 5 4 8 3 6 9 7 10 
20180530526 6 7 8 5 9 10 1 4 2 3 
20180530527 9 7 6 5 3 4 8 2 10 1 
20180530528 3 4 8 7 5 2 9 6 10 1 
20180530529 8 2 9 4 10 7 1 3 5 6 
20180530530 5 8 9 4 10 1 3 7 6 2 
20180530531 8 5 1 9 4 2 7 3 10 6 
20180530532 2 4 1 5 8 7 9 10 6 3 
20180530533 1 4 7 3 6 5 10 8 9 2 
20180530534 5 10 8 1 4 6 3 2 9 7 
20180530535 10 6 7 1 4 9 2 8 5 3 
20180530536 6 4 5 2 7 8 3 10 9 1 
20180530537 2 5 9 8 3 4 1 6 10 7 
20180530538 5 2 4 9 6 7 8 3 1 10 
20180530539 9 8 6 3 2 5 1 7 10 4 
20180530540 2 10 5 1 4 8 7 3 6 9 
20180530541 5 3 2 8 9 7 6 1 4 10 
20180530542 8 4 6 5 7 9 3 2 1 10 
20180530543 7 4 6 9 8 3 2 5 1 10 
20180530544 10 8 6 1 2 3 4 7 5 9 
20180530545 9 1 5 8 10 4 7 6 2 3 
20180530546 7 2 6 8 10 4 3 1 5 9 
20180530547 1 10 5 7 3 2 9 6 8 4 
20180530548 2 5 8 9 10 7 4 1 6 3 
20180530549 3 2 8 1 7 6 4 9 10 5 
20180530550 3 6 10 9 7 4 1 2 5 8 
20180530551 1 8 3 6 7 4 10 2 9 5 
20180530552 9 2 4 1 5 7 8 3 6 10 
20180530553 5 9 7 10 1 3 6 2 4 8 
20180530554 2 4 7 3 9 1 6 5 10 8 
20180530555 7 3 5 10 8 1 9 4 6 2 
20180530556 8 10 5 2 6 9 7 1 4 3 
20180530557 2 6 1 3 8 4 5 7 9 10 
20180530558 3 8 9 1 2 5 10 6 4 7 
20180530559 9 7 8 10 2 1 5 6 4 3 
20180530560 1 2 10 6 4 9 5 7 8 3 
20180530561 7 9 10 3 2 6 1 5 8 4 
20180530562 1 4 2 8 6 10 3 5 9 7 
20180530563 9 2 10 4 3 7 6 1 5 8 
20180530564 1 8 4 9 5 3 7 10 2 6 
20180530565 3 7 4 1 5 8 2 10 6 9 
20180530566 3 9 7 5 4 1 10 2 6 8 
20180530567 4 6 5 9 7 2 10 8 3 1 
20180530568 1 2 8 4 10 5 7 6 9 3 
20180530569 10 6 2 9 3 8 7 4 5 1 
20180530570 3 8 5 9 4 1 10 6 7 2 
20180530571 8 6 7 3 2 4 5 1 10 9 
20180530572 3 4 9 7 2 8 5 6 10 1 
20180530573 10 4 6 5 8 9 2 7 3 1 
20180530574 2 8 6 9 1 4 5 3 7 10 
20180530575 5 10 3 2 7 4 9 1 6 8 
20180530576 2 7 5 10 8 4 1 3 6 9 
20180530577 8 2 10 4 5 6 3 1 9 7 
20180530578 7 5 10 4 9 2 6 8 1 3 
20180530579 6 5 9 3 8 10 1 7 4 2 
20180530580 4 1 9 3 2 7 8 10 6 5 
20180530581 2 6 3 4 5 8 7 1 9 10 
20180530582 7 5 10 6 8 9 4 2 1 3 
20180530583 8 7 1 10 9 3 5 6 2 4 
20180530584 8 10 6 3 1 2 7 5 4 9 
20180530585 7 10 6 9 2 1 4 8 5 3 
20180530586 2 8 5 6 9 4 10 1 3 7 
20180530587 2 7 4 10 6 5 8 3 1 9 
20180530588 3 9 5 2 8 1 6 4 10 7 
20180530589 2 7 9 8 4 1 6 5 3 10 
20180530590 2 7 5 10 9 3 6 1 4 8 
20180530591 10 2 6 9 8 5 4 3 1 7 
20180530592 7 9 2 1 8 6 3 10 5 4 
20180530593 5 7 8 9 4 1 6 3 2 10 
20180530594 5 4 10 1 8 3 6 7 2 9 
20180530595 5 10 9 4 3 6 7 1 8 2 
20180530596 2 5 10 7 6 4 9 1 8 3 
20180530597 10 6 5 1 8 3 2 4 9 7 
20180530598 2 3 4 1 9 5 7 8 10 6 
20180530599 9 1 6 3 2 5 4 7 8 10 
20180530600 1 3 9 5 4 6 2 8 10 7 
20180530601 4 2 8 5 10 3 7 6 9 1 
20180530602 2 9 10 8 1 3 7 5 4 6 
20180530603 8 3 9 1 10 2 6 4 5 7 
20180530604 6 1 8 4 7 10 2 9 5 3 
20180530605 8 2 4 1 9 5 6 7 10 3 
20180530606 8 10 1 5 2 7 3 6 9 4 
20180530607 10 6 4 5 3 1 2 9 7 8 
20180530608 4 2 3 8 9 10 6 5 7 1 
20180530609 3 5 8 9 7 1 10 4 2 6 
20180530610 6 9 1 7 8 10 5 2 3 4 
20180530611 5 7 2 10 1 9 3 4 6 8 
20180530612 8 5 10 7 1 9 6 3 2 4 
20180530613 10 6 5 8 9 1 2 7 3 4 
20180530614 5 7 3 10 8 9 2 4 1 6 
20180530615 2 3 8 6 5 10 4 7 9 1 
20180530616 7 2 4 8 10 6 5 3 9 1 
20180530617 4 2 6 5 1 3 8 10 7 9 
20180530618 6 1 7 4 2 10 3 9 8 5 
20180530619 1 4 2 10 5 6 8 3 9 7 
20180530620 5 6 3 7 10 8 9 1 4 2 
20180530621 3 7 1 5 2 6 4 8 9 10 
20180530622 7 8 1 2 10 4 5 6 9 3 
20180530623 7 4 6 1 8 2 9 3 10 5 
20180530624 5 9 10 7 3 6 1 8 2 4 
20180530625 3 2 10 7 5 9 1 8 4 6 
20180530626 4 5 10 2 7 9 8 1 6 3 
20180530627 9 5 7 2 1 4 10 8 3 6 
20180530628 3 4 2 6 9 7 10 1 5 8 
20180530629 4 1 7 5 8 6 2 10 3 9 
20180530630 3 6 9 8 1 10 7 5 4 2 
20180530631 5 7 3 8 6 2 4 1 9 10 
20180530632 3 1 4 6 5 10 8 2 9 7 
20180530633 2 6 7 4 1 10 3 5 9 8 
20180530634 7 8 1 3 10 4 9 2 6 5 
20180530635 3 4 6 1 2 10 7 5 9 8 
20180530636 9 3 5 6 8 7 2 10 4 1 
20180530637 10 4 3 7 2 5 8 6 1 9 
20180530638 9 6 3 10 5 1 7 2 4 8 
20180530639 2 8 3 10 7 9 1 5 4 6 
20180530640 3 10 8 4 9 1 7 5 6 2 
20180530641 10 6 3 9 1 7 4 5 8 2 
20180530642 5 2 7 8 6 10 3 1 4 9 
20180530643 6 3 4 1 9 10 5 7 8 2 
20180530644 7 8 3 5 2 9 4 1 6 10 
20180530645 3 1 6 10 2 5 7 8 4 9 
20180530646 2 7 9 1 8 5 6 3 10 4 
20180530647 9 10 5 8 6 2 7 1 4 3 
20180530648 1 3 5 7 8 4 10 9 6 2 
20180530649 3 5 9 2 1 7 10 6 8 4 
20180530650 6 2 3 10 9 8 4 5 7 1 
20180530651 6 3 10 8 5 7 1 9 4 2 
20180530652 4 1 7 5 2 3 10 9 8 6 
20180530653 6 9 3 7 5 2 10 8 1 4 
20180530654 2 3 10 1 5 8 7 6 4 9 
20180530655 8 2 4 9 3 5 1 7 6 10 
20180530656 10 4 7 3 1 9 8 6 2 5 
20180530657 2 4 3 5 1 9 10 8 6 7 
20180530658 7 1 4 5 10 8 9 2 3 6 
20180530659 8 1 5 9 3 4 6 10 7 2 
20180530660 9 3 7 6 5 4 10 8 2 1 
20180530661 6 8 5 7 1 4 3 9 10 2 
20180530662 10 5 8 7 4 9 6 3 2 1 
20180530663 10 2 7 9 1 5 4 6 8 3 
20180530664 1 10 5 3 9 6 4 8 2 7 
20180530665 7 9 6 2 1 5 8 10 4 3 
20180530666 10 1 8 5 2 9 4 6 3 7 
20180530667 1 9 10 2 8 5 6 7 3 4 
20180530668 1 10 8 4 7 5 3 2 6 9 
20180530669 5 10 9 7 1 8 6 4 2 3 
20180530670 1 7 4 5 10 3 9 2 8 6 
20180530671 8 6 3 2 5 9 4 1 10 7 
20180530672 4 2 8 9 6 10 3 1 7 5 
20180530673 7 3 10 1 9 5 8 4 6 2 
20180530674 5 3 7 8 10 6 4 9 2 1 
20180530675 1 3 2 4 8 7 5 6 9 10 
20180530676 7 1 5 10 6 3 8 4 9 2 
20180530677 7 2 3 9 5 6 10 8 4 1 
20180530678 1 4 2 10 8 3 5 6 9 7 
20180530679 7 8 4 1 2 9 6 3 10 5 
20180530680 2 5 7 4 3 9 10 8 6 1 
20180530681 8 6 1 3 2 10 9 7 4 5 
20180530682 4 3 9 7 6 5 1 2 8 10 
20180530683 10 6 4 2 1 3 8 7 5 9 
20180530684 1 8 10 4 7 3 6 2 9 5 
20180530685 4 8 3 9 6 1 10 2 7 5 
20180530686 2 4 6 1 5 10 8 9 3 7 
20180530687 10 8 4 1 7 2 9 3 5 6 
20180530688 2 10 7 1 3 6 4 8 5 9 
20180530689 10 4 1 7 9 3 6 5 2 8 
20180530690 9 7 3 10 5 2 1 8 4 6 
20180530691 9 1 3 10 5 7 6 4 8 2 
20180530692 10 7 4 9 2 8 6 3 1 5 
20180530693 2 3 5 6 10 9 4 7 1 8 
20180530694 3 8 7 2 1 10 6 5 4 9 
20180530695 9 2 4 6 1 7 8 10 3 5 
20180530696 6 7 8 9 4 1 5 2 10 3 
20180530697 2 7 10 3 4 9 1 5 8 6 
20180530698 10 5 7 4 3 6 2 1 9 8 
20180530699 10 4 6 5 2 7 9 1 3 8 
20180530700 10 2 8 6 5 1 7 9 4 3 
20180530701 7 1 3 2 6 10 5 9 8 4 
20180530702 3 10 7 5 6 1 4 8 2 9 
20180530703 2 7 6 10 5 9 8 1 4 3 
20180530704 9 5 7 1 10 8 4 2 6 3 
20180530705 1 4 10 9 3 8 2 5 6 7 
20180530706 4 3 5 6 1 2 8 10 7 9 
20180530707 4 2 1 9 6 3 5 10 8 7 
20180530708 3 9 6 7 2 8 4 5 1 10 
20180530709 3 10 7 1 9 6 8 2 4 5 
20180530710 8 3 10 7 9 4 2 5 6 1 
20180530711 6 3 7 4 9 8 1 10 5 2 
20180530712 1 10 6 4 2 3 9 8 5 7 
20180530713 3 9 1 7 8 10 4 2 5 6 
20180530714 6 3 7 1 4 5 8 2 9 10 
20180530715 2 8 7 6 10 1 3 5 9 4 
20180530716 3 2 10 6 5 8 9 7 4 1 
20180530717 5 7 9 3 6 2 1 8 4 10 
20180530718 1 9 6 2 5 7 8 10 4 3 
20180530719 5 8 7 2 10 4 1 3 9 6 
20180530720 2 1 10 3 7 8 4 5 9 6 
20180530721 5 9 1 8 2 4 6 7 3 10 
20180530722 10 9 3 8 1 2 7 5 4 6 
20180530723 9 4 1 3 10 8 7 2 6 5 
20180530724 8 9 10 5 2 1 3 6 4 7 
20180530725 8 7 4 3 2 5 6 10 1 9 
20180530726 8 6 3 9 4 10 7 1 5 2 
20180530727 10 4 6 5 1 9 7 8 3 2 
20180530728 1 2 6 3 8 7 9 5 10 4 
20180530729 3 2 5 1 7 8 4 9 6 10 
20180530730 5 8 10 9 2 7 1 6 4 3 
20180530731 9 2 6 1 3 10 4 7 5 8 
20180530732 6 1 5 10 3 8 9 2 7 4 
20180530733 2 6 5 3 9 1 4 10 8 7 
20180530734 7 3 8 1 9 4 10 2 5 6 
20180530735 5 4 10 2 9 1 8 7 3 6 
20180530736 3 7 10 4 9 8 5 1 2 6 
20180530737 8 6 7 4 2 3 1 10 9 5 
20180530738 9 8 10 1 4 7 6 5 2 3 
20180530739 1 3 4 2 6 7 5 10 8 9 
20180530740 10 9 2 7 4 8 6 5 1 3 
20180530741 2 9 8 5 4 7 1 6 10 3 
20180530742 9 10 6 1 4 8 7 5 2 3 
20180530743 6 1 7 4 9 3 8 2 10 5 
20180530744 3 8 1 4 9 5 2 7 10 6 
20180530745 3 5 2 9 8 4 10 7 6 1 
20180530746 10 4 9 3 2 5 8 1 7 6 
20180530747 3 2 5 9 8 1 10 6 7 4 
20180530748 2 10 8 9 6 7 3 5 1 4 
20180530749 1 5 4 6 7 9 2 10 8 3 
20180530750 4 1 10 6 7 8 9 5 3 2 
20180530751 5 3 4 9 7 10 1 6 8 2 
20180530752 8 7 9 4 6 3 1 5 10 2 
20180530753 3 5 10 7 6 1 4 2 8 9 
20180530754 9 6 7 10 8 4 2 5 1 3 
20180530755 6 5 7 9 3 8 10 4 2 1 
20180530756 3 8 6 9 5 10 2 4 7 1 
20180530757 8 4 5 6 10 2 1 3 7 9 
20180530758 1 5 9 8 2 6 4 7 10 3 
20180530759 8 6 1 10 2 3 4 5 7 9 
20180530760 4 9 1 3 8 6 2 7 5 10 
20180530761 4 7 3 2 6 10 9 1 5 8 
20180530762 1 3 9 2 7 4 10 6 5 8 
20180530763 10 1 8 5 6 9 4 7 2 3 
20180530764 7 4 3 8 10 1 9 5 2 6 
20180530765 7 10 9 5 1 4 3 6 8 2 
20180530766 5 6 7 4 3 1 10 2 8 9 
20180530767 8 4 7 6 5 2 9 1 10 3 
20180530768 3 2 9 1 10 5 8 4 6 7 
20180530769 10 2 6 1 4 5 9 7 3 8 
20180530770 1 7 8 3 9 10 5 4 2 6 
20180530771 8 9 4 3 5 7 2 10 1 6 
20180530772 9 4 7 5 6 2 8 3 10 1 
20180530773 8 10 9 6 7 4 2 3 1 5 
20180530774 6 1 4 8 7 2 9 5 3 10 
20180530775 4 1 2 5 8 7 3 10 6 9 
20180530776 8 10 2 3 6 4 7 5 1 9 
20180530777 6 5 9 2 1 4 3 10 8 7 
20180530778 6 10 8 3 7 9 1 4 2 5 
20180530779 2 7 10 4 1 9 6 3 5 8 
20180530780 7 9 10 3 2 4 1 5 6 8 
20180530781 8 5 9 4 7 2 6 3 1 10 
20180530782 9 8 2 7 10 1 6 4 5 3 
20180530783 1 6 10 3 5 9 2 4 8 7 
20180530784 10 5 9 3 1 6 8 2 4 7 
20180530785 5 9 2 8 4 7 1 10 3 6 
20180530786 7 1 6 5 4 10 8 2 9 3 
20180530787 4 9 8 6 2 10 5 1 3 7 
20180530788 6 9 4 2 10 8 3 7 5 1 
20180530789 7 10 5 8 4 2 9 1 6 3 
20180530790 3 1 8 10 6 7 5 9 4 2 
20180530791 5 7 10 6 4 2 9 8 3 1 
20180530792 8 5 9 6 1 2 10 3 4 7 
20180530793 4 10 2 5 9 6 1 7 8 3 
20180530794 5 3 2 7 9 6 8 10 4 1 
20180530795 6 10 5 7 9 3 1 2 4 8 
20180530796 7 8 10 6 9 5 4 1 2 3 
20180530797 6 8 5 1 10 2 7 9 3 4 
20180530798 3 1 5 6 8 10 2 9 7 4 
20180530799 1 4 2 6 8 10 9 5 3 7 
20180530800 9 1 7 8 10 2 4 5 6 3 
20180530801 10 5 9 8 6 2 4 7 1 3 
20180530802 10 5 9 2 4 3 7 8 1 6 
20180530803 3 10 2 5 7 9 6 4 1 8 
20180530804 10 3 7 8 2 4 6 5 1 9 
20180530805 8 4 2 1 9 10 5 3 6 7 
20180530806 8 4 3 6 1 9 7 5 10 2 
20180530807 6 2 3 1 8 10 5 4 9 7 
20180530808 2 4 1 9 5 7 3 10 6 8 
20180530809 2 6 7 3 10 1 5 8 9 4 
20180530810 1 7 3 9 10 6 2 8 5 4 
20180530811 1 4 8 2 10 7 5 6 3 9 
20180530812 10 6 2 1 3 9 4 7 8 5 
20180530813 8 9 10 1 3 7 2 5 4 6 
20180530814 8 4 7 5 3 2 6 10 1 9 
20180530815 1 2 8 4 6 5 10 9 7 3 
20180530816 6 2 3 1 7 10 5 9 4 8 
20180530817 4 3 10 2 1 5 7 6 8 9 
20180530818 8 9 2 7 10 1 5 3 4 6 
20180530819 8 1 3 6 9 10 7 5 4 2 
20180530820 6 5 1 2 9 4 10 3 7 8 
20180530821 1 6 8 2 10 9 5 3 7 4 
20180530822 3 5 7 2 9 10 6 1 8 4 
20180530823 8 3 4 7 5 10 6 2 9 1 
20180530824 6 10 1 4 7 8 2 9 3 5 
20180530825 9 6 4 5 3 7 10 8 1 2 
20180530826 6 1 9 3 2 8 5 10 7 4 
20180530827 7 1 6 5 9 2 10 3 8 4 
20180530828 10 9 2 8 3 6 5 7 1 4 
20180530829 10 8 1 7 9 5 2 4 6 3 
20180530830 5 10 9 3 8 2 4 7 1 6 
20180530831 4 6 5 1 7 10 3 9 2 8 
20180530832 5 4 9 10 2 1 7 8 3 6 
20180530833 7 8 4 2 1 10 6 9 5 3 
20180530834 10 2 8 3 4 1 7 9 6 5 
20180530835 4 3 5 7 9 10 6 1 8 2 
20180530836 8 3 2 7 6 5 1 9 10 4 
20180530837 2 5 3 10 7 4 1 9 6 8 
20180530838 8 1 4 9 7 2 3 6 10 5 
20180530839 8 10 3 9 1 6 2 5 4 7 
20180530840 1 2 4 3 7 6 8 10 9 5 
20180530841 4 7 5 10 8 6 2 3 9 1 
20180530842 2 6 4 5 1 8 7 9 3 10 
20180530843 4 8 2 7 10 5 1 9 6 3 
20180530844 6 2 1 8 4 10 7 5 9 3 
20180530845 1 2 3 8 10 9 6 5 4 7 
20180530846 3 7 8 5 1 9 2 4 10 6 
20180530847 6 10 3 7 4 2 1 8 9 5 
20180530848 10 1 3 5 9 8 6 4 2 7 
20180530849 2 4 8 10 6 9 5 1 3 7 
20180530850 2 10 1 6 4 3 8 5 9 7 
20180530851 5 4 7 10 6 2 3 9 8 1 
20180530852 10 5 7 3 6 8 9 2 4 1 
20180530853 4 6 7 3 10 2 5 8 9 1 
20180530854 9 4 10 8 5 2 3 1 7 6 
20180530855 1 6 2 3 7 9 5 8 10 4 
20180530856 2 5 8 4 6 1 3 9 10 7 
20180530857 4 3 9 1 5 8 6 7 10 2 
20180530858 1 7 9 6 5 8 10 4 2 3 
20180530859 3 2 1 10 5 4 7 8 6 9 
20180530860 1 7 10 6 8 2 5 3 4 9 
20180530861 1 9 10 2 5 7 4 6 3 8 
20180530862 3 6 4 5 9 10 2 1 7 8 
20180530863 8 3 4 9 6 7 2 5 10 1 
20180530864 3 2 4 7 9 8 1 5 10 6 
20180530865 1 3 8 10 5 6 9 4 2 7 
20180530866 4 6 10 3 9 8 1 7 5 2 
20180530867 4 1 3 10 9 5 2 8 7 6 
20180530868 8 6 10 7 9 1 5 4 2 3 
20180530869 3 9 7 1 10 4 5 2 8 6 
20180530870 3 5 1 10 4 8 7 2 6 9 
20180530871 1 9 4 8 7 10 5 2 3 6 
20180530872 9 10 8 6 1 3 7 2 4 5 
20180530873 10 7 5 1 4 6 2 3 9 8 
20180530874 3 5 4 7 10 2 8 9 6 1 
20180530875 7 10 2 3 4 8 1 9 5 6 
20180530876 2 4 8 10 9 7 5 1 3 6 
20180530877 4 6 8 7 1 9 5 3 2 10 
20180530878 8 1 7 5 2 9 4 3 6 10 
20180530879 6 1 3 4 2 10 5 8 9 7 
20180530880 6 3 1 9 2 8 10 7 4 5 
20180530881 6 7 3 4 1 9 10 8 5 2 
20180530882 7 3 5 1 8 4 2 10 6 9 
20180530883 7 1 10 9 8 4 6 2 5 3 
20180530884 5 2 8 7 3 10 6 4 9 1 
20180530885 5 8 1 9 7 3 6 2 10 4 
20180530886 7 3 10 9 4 2 1 8 6 5 
20180530887 3 9 10 6 1 2 8 5 4 7 
20180530888 7 3 6 2 5 10 4 9 8 1 
20180530889 2 10 1 8 6 3 7 9 5 4 
20180530890 10 4 2 3 9 8 7 5 1 6 
20180530891 6 4 10 3 8 1 9 5 7 2 
20180530892 10 5 1 3 8 4 7 2 6 9 
20180530893 5 3 7 6 4 9 2 10 8 1 
20180530894 10 7 9 4 8 5 1 3 2 6 
20180530895 1 2 3 8 7 10 9 4 6 5 
20180530896 9 8 2 7 5 6 4 1 3 10 
20180530897 7 10 2 8 1 3 9 5 4 6 
20180530898 3 6 8 10 4 2 1 9 7 5 
20180530899 6 3 1 8 2 4 10 5 9 7 
20180530900 1 7 9 10 2 3 5 8 6 4 
20180530901 9 8 5 1 6 4 3 7 10 2 
20180530902 2 4 7 9 6 5 1 8 3 10 
20180530903 2 1 8 5 6 3 9 4 7 10 
20180530904 10 3 7 8 4 1 2 6 9 5 
20180530905 4 2 6 7 5 8 9 3 1 10 
20180530906 2 8 3 7 1 4 6 5 10 9 
20180530907 8 6 9 5 4 7 10 2 1 3 
20180530908 1 8 4 10 3 6 5 9 7 2 
20180530909 6 7 4 2 3 1 8 10 9 5 
20180530910 2 8 1 7 5 10 3 9 6 4 
20180530911 5 2 1 4 10 6 9 7 3 8 
20180530912 2 5 6 8 10 4 9 1 3 7 
20180530913 10 7 1 3 5 2 6 8 9 4 
20180530914 7 6 1 8 2 4 9 5 10 3 
20180530915 5 2 8 7 1 4 9 3 6 10 
20180530916 3 4 8 9 5 6 10 1 2 7 
20180530917 10 7 1 6 3 4 9 2 8 5 
20180530918 1 5 3 6 10 9 2 4 7 8 
20180530919 10 4 3 5 9 1 6 8 2 7 
20180530920 8 9 10 6 4 7 2 1 5 3 
20180530921 9 10 4 8 7 1 3 2 5 6 
20180530922 8 10 4 5 1 9 6 2 7 3 
20180530923 9 8 6 10 3 7 5 1 4 2 
20180530924 10 6 4 1 3 2 8 5 9 7 
20180530925 6 4 2 10 9 3 7 1 5 8 
20180530926 10 6 9 1 7 2 8 3 5 4 
20180530927 9 3 6 1 7 10 8 5 4 2 
20180530928 1 3 9 4 6 5 8 10 2 7 
20180530929 4 3 8 10 7 1 5 6 9 2 
20180530930 3 8 7 2 1 5 9 6 10 4 
20180530931 6 7 10 9 2 4 5 3 8 1 
20180530932 4 9 10 7 3 8 2 5 1 6 
20180530933 1 9 7 4 6 2 3 10 8 5 
20180530934 5 9 2 7 8 3 1 6 10 4 
20180530935 7 3 10 9 2 5 4 8 6 1 
20180530936 4 9 2 1 6 3 10 7 8 5 
20180530937 6 7 5 8 10 2 4 1 3 9 
20180530938 10 7 2 3 4 8 6 5 9 1 
20180530939 2 4 9 3 7 6 5 10 8 1 
20180530940 8 4 2 5 9 1 10 6 7 3 
20180530941 1 2 6 10 5 7 8 9 4 3 
20180530942 7 2 6 5 8 1 4 3 9 10 
20180530943 10 6 7 2 1 4 8 3 5 9 
20180530944 2 8 3 7 5 10 4 6 1 9 
20180530945 8 5 1 4 7 2 6 10 3 9 
20180530946 4 7 2 9 10 1 8 5 3 6 
20180530947 10 5 1 8 7 3 9 2 4 6 
20180530948 4 10 8 9 6 7 3 5 2 1 
20180530949 6 9 7 3 4 2 1 10 5 8 
20180530950 7 9 6 5 8 1 2 10 3 4 
20180530951 5 10 4 6 3 9 2 7 1 8 
20180530952 8 1 5 7 4 9 10 2 3 6 
20180530953 4 8 9 7 6 2 10 3 5 1 
20180530954 3 2 9 1 6 7 5 10 4 8 
20180530955 3 8 10 5 9 6 7 1 2 4 
20180530956 3 9 1 8 5 7 6 4 2 10 
20180530957 8 1 9 7 2 3 10 4 5 6 
20180530958 7 5 2 6 9 8 4 10 1 3 
20180530959 7 8 9 1 5 4 6 3 2 10 
20180530960 9 3 5 2 1 7 6 10 8 4 
20180530961 4 2 10 3 8 5 1 7 9 6 
20180530962 9 4 1 3 5 7 2 10 8 6 
20180530963 6 2 1 4 8 7 3 5 9 10 
20180530964 8 4 3 2 1 5 9 7 10 6 
20180530965 8 2 4 10 6 7 5 9 3 1 
20180530966 6 7 5 9 3 4 10 8 1 2 
20180530967 8 6 3 10 4 7 1 5 9 2 
20180530968 7 5 9 3 6 1 4 8 2 10 
20180530969 9 3 5 7 6 10 8 1 2 4 
20180530970 1 6 9 8 3 4 2 10 5 7 
20180530971 6 3 10 8 7 5 2 1 9 4 
20180530972 6 3 8 4 2 9 5 7 10 1 
20180530973 10 9 8 5 2 7 4 3 1 6 
20180530974 3 6 4 8 1 2 7 9 10 5 
20180530975 3 9 6 1 4 2 7 5 8 10 
20180530976 6 8 7 5 10 4 2 9 1 3 
20180530977 9 8 7 2 5 6 4 1 3 10 
20180530978 9 3 6 8 7 4 2 1 5 10 
20180530979 6 8 4 1 2 9 7 5 3 10 
20180530980 4 1 10 9 3 5 8 7 2 6 
20180530981 6 9 8 1 5 3 10 2 7 4 
20180530982 8 7 2 1 4 9 10 3 6 5 
20180530983 1 7 5 2 6 9 8 4 10 3 
20180530984 5 6 9 4 7 2 10 1 8 3 
20180530985 4 5 7 1 9 3 2 8 10 6 
