20180524001 2 5 1 4 10 6 8 3 9 7 
20180524002 4 9 7 6 1 2 3 10 8 5 
20180524003 5 4 8 6 9 2 1 10 3 7 
20180524004 2 1 5 7 10 4 8 6 9 3 
20180524005 10 1 4 8 5 3 2 7 6 9 
20180524006 9 4 8 1 2 3 5 7 10 6 
20180524007 9 6 2 10 1 8 3 4 7 5 
20180524008 8 5 9 3 7 6 10 1 2 4 
20180524009 4 8 5 9 1 2 7 3 10 6 
20180524010 1 6 10 9 2 4 5 7 3 8 
20180524011 9 8 7 10 1 3 2 4 5 6 
20180524012 4 10 1 5 8 9 2 3 6 7 
20180524013 5 4 2 9 6 8 1 7 10 3 
20180524014 1 8 10 4 5 3 9 2 6 7 
20180524015 3 6 7 5 1 4 10 9 8 2 
20180524016 5 8 1 2 10 6 4 7 3 9 
20180524017 7 10 1 2 5 8 3 4 6 9 
20180524018 1 3 8 4 7 10 9 5 2 6 
20180524019 5 9 10 3 2 8 7 6 1 4 
20180524020 8 5 3 6 2 9 1 10 7 4 
20180524021 8 1 9 10 7 5 6 3 4 2 
20180524022 9 10 6 5 4 2 3 7 1 8 
20180524023 5 4 7 6 10 8 2 9 3 1 
20180524024 5 8 10 9 7 6 2 4 1 3 
20180524025 10 2 3 1 7 4 9 8 5 6 
20180524026 9 4 7 8 5 6 2 10 3 1 
20180524027 6 4 9 8 3 1 7 10 5 2 
20180524028 6 9 7 4 5 10 3 1 8 2 
20180524029 4 7 8 2 5 6 3 1 10 9 
20180524030 7 6 8 1 4 3 10 5 2 9 
20180524031 7 8 1 9 10 6 5 3 2 4 
20180524032 9 6 10 2 7 3 8 4 1 5 
20180524033 1 7 10 8 9 2 4 5 3 6 
20180524034 9 4 5 6 7 3 2 10 8 1 
20180524035 6 4 7 8 9 2 3 1 10 5 
20180524036 1 10 9 6 8 3 5 7 4 2 
20180524037 6 2 10 5 8 7 3 9 1 4 
20180524038 9 3 2 8 6 1 10 4 7 5 
20180524039 1 10 6 3 7 8 9 4 2 5 
20180524040 2 5 9 7 1 6 3 10 8 4 
20180524041 8 2 3 9 4 7 6 10 1 5 
20180524042 9 8 3 5 1 2 6 10 7 4 
20180524043 8 2 10 7 3 6 5 4 1 9 
20180524044 4 3 7 8 10 1 5 6 2 9 
20180524045 3 4 9 5 10 7 8 6 2 1 
20180524046 4 6 2 3 1 8 7 10 9 5 
20180524047 1 8 3 6 2 10 7 5 4 9 
20180524048 1 2 4 10 9 5 8 7 6 3 
20180524049 1 5 4 3 10 7 2 9 6 8 
20180524050 1 2 7 3 8 10 6 4 5 9 
20180524051 1 4 6 7 2 3 8 10 5 9 
20180524052 10 8 5 3 4 9 7 6 2 1 
20180524053 5 1 4 8 6 10 3 7 2 9 
20180524054 10 9 8 1 3 6 2 5 4 7 
20180524055 1 6 5 8 7 10 3 4 2 9 
20180524056 2 1 7 5 4 9 6 8 10 3 
20180524057 4 8 3 5 6 10 9 2 1 7 
20180524058 3 1 10 4 5 6 2 9 7 8 
20180524059 3 9 5 10 7 6 2 8 4 1 
20180524060 4 3 10 8 1 2 6 7 9 5 
20180524061 7 1 9 10 3 6 5 2 4 8 
20180524062 5 4 3 10 1 8 2 9 6 7 
20180524063 5 3 7 1 6 8 4 9 2 10 
20180524064 5 1 2 7 8 10 6 4 9 3 
20180524065 4 5 3 6 10 7 9 2 1 8 
20180524066 8 1 2 4 10 9 6 7 5 3 
20180524067 9 3 6 10 7 4 5 2 1 8 
20180524068 10 9 4 8 6 1 5 2 7 3 
20180524069 5 9 2 8 3 6 1 7 10 4 
20180524070 6 3 5 2 7 1 8 9 4 10 
20180524071 4 3 5 10 2 8 6 7 9 1 
20180524072 7 5 3 9 2 10 4 6 1 8 
20180524073 10 1 6 2 4 5 7 9 8 3 
20180524074 10 9 7 2 3 4 5 8 1 6 
20180524075 1 9 7 8 2 10 5 6 4 3 
20180524076 1 10 2 5 4 6 3 9 7 8 
20180524077 10 8 2 9 1 5 3 7 6 4 
20180524078 7 8 10 3 5 9 6 1 4 2 
20180524079 1 7 6 5 3 10 2 9 4 8 
20180524080 6 5 9 8 4 1 2 10 3 7 
20180524081 9 4 6 1 3 8 2 7 5 10 
20180524082 1 9 3 4 10 2 7 5 8 6 
20180524083 1 6 10 4 2 7 3 5 9 8 
20180524084 2 8 6 3 9 7 5 4 10 1 
20180524085 7 5 10 8 1 4 2 9 6 3 
20180524086 7 6 8 5 2 1 4 3 9 10 
20180524087 9 10 4 8 7 1 3 6 2 5 
20180524088 10 9 8 3 5 2 1 6 7 4 
20180524089 2 6 4 10 9 3 5 7 1 8 
20180524090 5 1 6 7 10 9 8 2 4 3 
20180524091 5 2 9 4 10 3 6 7 8 1 
20180524092 5 3 4 9 1 8 10 6 7 2 
20180524093 9 4 7 2 5 1 10 6 3 8 
20180524094 8 3 6 9 7 2 1 10 5 4 
20180524095 4 7 6 9 2 1 8 5 3 10 
20180524096 7 2 3 8 10 6 1 5 9 4 
20180524097 1 10 9 7 4 2 8 5 6 3 
20180524098 9 8 1 3 5 6 2 10 4 7 
20180524099 6 1 4 5 2 3 9 7 10 8 
20180524100 5 7 1 9 2 8 3 4 10 6 
20180524101 5 4 3 2 1 9 7 10 6 8 
20180524102 3 8 7 6 9 2 4 5 1 10 
20180524103 3 6 4 8 9 10 2 1 7 5 
20180524104 7 1 3 2 10 6 9 5 4 8 
20180524105 7 10 5 8 6 3 4 2 9 1 
20180524106 2 5 6 7 1 9 10 8 3 4 
20180524107 7 1 6 8 9 2 4 10 5 3 
20180524108 1 4 5 7 3 10 8 9 2 6 
20180524109 3 5 4 2 6 7 10 1 8 9 
20180524110 9 7 6 8 10 2 1 4 3 5 
20180524111 10 1 6 3 8 5 7 2 9 4 
20180524112 10 6 5 2 9 3 1 4 8 7 
20180524113 2 7 9 5 4 3 8 1 10 6 
20180524114 7 1 5 6 8 3 2 4 9 10 
20180524115 4 3 2 8 5 7 10 9 6 1 
20180524116 5 10 6 8 4 2 1 9 3 7 
20180524117 8 4 6 2 9 10 3 5 7 1 
20180524118 10 3 8 7 5 9 6 1 4 2 
20180524119 2 3 10 6 4 8 7 1 5 9 
20180524120 3 4 10 9 1 7 5 6 8 2 
20180524121 9 3 6 8 7 4 1 2 5 10 
20180524122 10 1 9 3 8 6 5 2 7 4 
20180524123 1 4 6 2 9 7 10 5 3 8 
20180524124 2 1 6 5 8 7 4 10 3 9 
20180524125 6 3 4 10 2 8 1 9 5 7 
20180524126 1 4 7 9 5 6 3 8 2 10 
20180524127 3 6 10 1 4 9 8 5 2 7 
20180524128 8 3 4 1 9 6 7 5 10 2 
20180524129 2 9 10 6 3 5 1 4 7 8 
20180524130 1 3 8 4 5 10 9 6 7 2 
20180524131 1 2 7 3 5 6 9 4 10 8 
20180524132 3 4 8 7 2 6 5 1 9 10 
20180524133 8 9 10 4 3 2 6 1 7 5 
20180524134 1 7 4 5 10 2 3 9 8 6 
20180524135 10 9 8 5 2 4 6 1 3 7 
20180524136 6 7 10 3 2 8 1 4 9 5 
20180524137 5 7 4 2 1 6 10 8 3 9 
20180524138 4 6 10 8 9 5 1 2 3 7 
20180524139 7 4 8 1 2 5 6 9 10 3 
20180524140 7 10 1 6 9 2 3 4 5 8 
20180524141 4 5 9 3 1 10 6 7 8 2 
20180524142 4 6 10 2 7 5 1 3 9 8 
20180524143 1 4 8 9 7 10 2 6 5 3 
20180524144 7 9 2 4 5 3 8 10 1 6 
20180524145 7 8 2 6 5 3 4 1 10 9 
20180524146 8 9 3 2 7 4 5 10 6 1 
20180524147 5 8 4 3 1 9 6 2 7 10 
20180524148 5 4 7 8 9 1 10 3 6 2 
20180524149 7 4 2 8 6 1 10 9 5 3 
20180524150 5 1 10 7 8 3 6 2 9 4 
20180524151 6 8 5 9 3 1 2 4 7 10 
20180524152 9 4 2 6 10 3 8 5 7 1 
20180524153 5 8 9 10 1 3 6 2 7 4 
20180524154 1 2 10 7 6 4 8 3 9 5 
20180524155 8 2 6 3 9 4 1 10 7 5 
20180524156 7 5 8 4 3 9 10 6 1 2 
20180524157 4 2 3 8 10 7 9 6 1 5 
20180524158 8 3 5 9 7 1 4 6 2 10 
20180524159 3 5 9 2 4 7 6 8 10 1 
20180524160 10 2 8 3 5 7 6 4 1 9 
20180524161 3 7 6 10 5 4 8 2 9 1 
20180524162 3 4 9 6 1 5 7 2 8 10 
20180524163 10 2 1 3 6 8 9 4 5 7 
20180524164 8 5 1 9 7 4 3 6 2 10 
20180524165 1 7 10 5 8 4 6 2 3 9 
20180524166 4 7 5 1 8 6 3 9 2 10 
20180524167 9 4 2 10 6 7 5 8 3 1 
20180524168 9 7 3 2 5 6 4 10 1 8 
20180524169 6 1 4 10 9 3 7 8 5 2 
20180524170 10 5 6 1 7 3 4 2 8 9 
20180524171 4 8 1 6 2 3 10 7 9 5 
20180524172 10 6 3 7 9 2 8 5 4 1 
20180524173 3 7 5 9 1 6 10 2 4 8 
20180524174 6 10 7 9 5 2 1 3 4 8 
20180524175 4 9 3 1 7 10 5 6 2 8 
20180524176 9 2 3 4 7 5 10 1 8 6 
20180524177 9 3 5 2 1 4 10 7 6 8 
20180524178 1 4 10 2 6 7 5 3 9 8 
20180524179 10 2 6 1 4 3 8 9 5 7 
20180524180 9 8 1 6 7 5 3 4 2 10 
20180524181 8 2 9 6 5 1 3 10 7 4 
20180524182 2 4 9 8 10 6 3 7 5 1 
20180524183 3 7 10 8 1 4 6 2 9 5 
20180524184 2 3 8 9 1 7 6 4 5 10 
20180524185 5 10 2 9 6 1 3 8 4 7 
20180524186 8 9 4 1 5 6 10 3 7 2 
20180524187 1 4 7 9 8 6 5 3 2 10 
20180524188 4 10 3 7 2 8 5 1 9 6 
20180524189 2 6 9 5 10 1 7 3 4 8 
20180524190 2 10 5 9 1 7 6 4 3 8 
20180524191 5 10 1 3 6 9 7 2 8 4 
20180524192 9 1 7 3 10 2 4 5 8 6 
20180524193 2 5 10 4 1 6 9 7 8 3 
20180524194 9 2 5 3 6 10 8 1 4 7 
20180524195 9 2 7 5 1 8 6 3 4 10 
20180524196 10 2 3 7 1 6 9 5 4 8 
20180524197 9 4 1 2 7 10 6 5 3 8 
20180524198 1 7 10 5 2 8 6 3 9 4 
20180524199 6 1 4 5 7 2 10 3 9 8 
20180524200 4 1 5 9 8 2 7 10 6 3 
20180524201 4 7 9 6 3 2 8 1 10 5 
20180524202 6 10 8 4 2 1 5 9 3 7 
20180524203 4 9 5 7 3 8 6 1 10 2 
20180524204 5 8 6 7 9 2 10 1 4 3 
20180524205 1 5 7 2 3 10 4 8 9 6 
20180524206 1 5 2 10 4 7 6 9 8 3 
20180524207 5 3 6 8 7 9 10 2 4 1 
20180524208 3 8 4 5 2 10 6 7 9 1 
20180524209 4 3 10 7 9 8 6 5 2 1 
20180524210 9 3 4 7 5 10 8 6 2 1 
20180524211 7 8 6 3 10 4 1 9 5 2 
20180524212 8 6 9 4 10 7 2 3 1 5 
20180524213 7 8 2 4 3 5 9 6 10 1 
20180524214 6 5 8 1 9 10 4 2 7 3 
20180524215 8 6 1 4 10 9 7 5 3 2 
20180524216 10 6 5 1 8 9 7 4 2 3 
20180524217 6 2 8 10 3 9 1 7 4 5 
20180524218 3 2 1 10 8 4 6 5 9 7 
20180524219 9 4 1 10 3 7 6 5 8 2 
20180524220 4 8 1 7 9 3 5 2 10 6 
20180524221 3 8 2 1 7 4 6 5 9 10 
20180524222 1 9 6 10 8 7 2 4 5 3 
20180524223 3 10 1 9 7 8 5 6 4 2 
20180524224 7 2 5 1 8 6 10 3 9 4 
20180524225 6 2 10 8 4 7 9 1 3 5 
20180524226 8 4 2 10 5 3 6 9 1 7 
20180524227 1 4 9 7 2 10 8 6 5 3 
20180524228 5 7 8 1 10 4 2 9 3 6 
20180524229 1 6 8 9 3 5 4 7 10 2 
20180524230 10 4 6 9 1 3 8 5 7 2 
20180524231 3 10 5 9 4 2 1 8 6 7 
20180524232 1 10 2 9 4 5 8 7 6 3 
20180524233 4 7 1 5 6 3 9 8 2 10 
20180524234 3 5 6 8 7 1 4 10 2 9 
20180524235 1 9 10 2 3 7 6 5 4 8 
20180524236 4 10 3 1 8 2 9 5 7 6 
20180524237 6 8 3 5 9 4 1 7 2 10 
20180524238 4 1 5 8 2 3 7 6 10 9 
20180524239 3 5 2 6 8 10 1 9 4 7 
20180524240 8 1 3 5 6 10 2 4 7 9 
20180524241 8 1 7 10 2 9 4 6 3 5 
20180524242 7 2 3 4 1 9 10 6 5 8 
20180524243 7 9 3 6 5 4 10 2 8 1 
20180524244 1 8 10 4 7 9 2 3 5 6 
20180524245 5 8 9 6 2 3 1 7 10 4 
20180524246 2 1 8 5 6 4 3 9 10 7 
20180524247 10 8 9 2 7 1 5 6 4 3 
20180524248 7 2 5 1 3 6 8 9 4 10 
20180524249 7 1 2 5 8 4 10 6 9 3 
20180524250 1 6 9 3 2 4 5 7 8 10 
20180524251 4 10 3 9 5 1 7 2 6 8 
20180524252 2 8 5 10 9 4 6 3 7 1 
20180524253 5 7 10 8 1 4 2 6 9 3 
20180524254 9 3 7 5 1 10 4 2 6 8 
20180524255 6 7 9 4 8 1 3 10 2 5 
20180524256 4 1 7 10 5 3 9 8 6 2 
20180524257 6 5 7 1 9 2 3 4 10 8 
20180524258 4 3 8 2 5 1 6 9 7 10 
20180524259 8 7 10 3 1 6 9 2 5 4 
20180524260 2 1 8 6 3 5 7 9 4 10 
20180524261 10 8 1 2 9 6 4 3 5 7 
20180524262 8 6 9 3 7 10 1 5 2 4 
20180524263 1 3 5 6 7 2 10 9 8 4 
20180524264 2 7 1 3 5 4 10 8 9 6 
20180524265 5 6 2 8 9 3 4 10 1 7 
20180524266 5 4 2 8 6 7 3 1 9 10 
20180524267 3 9 8 5 6 10 4 2 7 1 
20180524268 5 1 4 7 2 8 9 6 10 3 
20180524269 1 10 4 5 8 2 6 7 9 3 
20180524270 9 1 4 7 5 8 10 3 6 2 
20180524271 1 3 5 6 10 8 9 4 7 2 
20180524272 1 6 9 3 10 2 8 7 4 5 
20180524273 1 7 2 5 8 9 3 10 6 4 
20180524274 9 1 7 6 5 2 8 10 4 3 
20180524275 9 3 4 7 6 10 1 5 2 8 
20180524276 1 9 3 4 5 2 6 7 8 10 
20180524277 3 9 8 1 10 7 6 2 4 5 
20180524278 7 9 8 10 6 2 4 1 5 3 
20180524279 8 2 1 4 7 6 10 3 9 5 
20180524280 6 1 3 5 4 8 7 2 9 10 
20180524281 5 6 4 2 8 7 3 9 10 1 
20180524282 9 8 3 1 2 10 5 7 4 6 
20180524283 9 6 5 3 7 8 10 2 4 1 
20180524284 1 8 5 3 6 10 2 7 4 9 
20180524285 2 9 1 8 6 5 4 3 10 7 
20180524286 1 7 8 4 5 3 6 9 2 10 
20180524287 10 4 6 7 3 8 9 2 5 1 
20180524288 3 1 2 6 5 8 7 9 4 10 
20180524289 10 4 7 9 5 6 8 2 3 1 
20180524290 3 10 5 2 1 9 8 7 6 4 
20180524291 2 5 4 1 9 8 3 7 6 10 
20180524292 9 2 7 6 5 1 3 4 8 10 
20180524293 5 1 3 8 7 6 4 9 2 10 
20180524294 8 5 3 6 10 1 7 2 4 9 
20180524295 3 7 2 8 4 5 6 9 10 1 
20180524296 1 8 6 5 4 7 9 2 3 10 
20180524297 10 8 6 7 2 1 4 3 9 5 
20180524298 7 3 4 8 9 5 6 10 2 1 
20180524299 7 2 3 8 1 9 4 5 6 10 
20180524300 2 6 9 7 3 4 8 1 10 5 
20180524301 9 1 10 6 7 8 3 4 5 2 
20180524302 8 6 4 3 9 7 2 5 10 1 
20180524303 2 5 4 6 3 7 10 8 9 1 
20180524304 4 1 6 9 2 8 5 3 7 10 
20180524305 3 6 9 7 10 4 5 1 8 2 
20180524306 4 3 7 10 6 2 1 8 5 9 
20180524307 2 3 10 8 7 1 9 4 6 5 
20180524308 1 4 7 9 3 5 6 10 2 8 
20180524309 6 8 4 9 3 7 1 2 5 10 
20180524310 5 7 2 3 9 4 10 8 1 6 
20180524311 8 1 9 2 5 4 10 3 6 7 
20180524312 9 1 4 3 6 8 2 7 5 10 
20180524313 6 7 10 2 9 3 5 4 8 1 
20180524314 9 2 10 5 3 8 1 6 4 7 
20180524315 1 10 9 3 4 5 6 8 7 2 
20180524316 5 8 10 7 9 6 4 1 2 3 
20180524317 5 10 3 4 7 8 6 9 1 2 
20180524318 5 3 9 1 10 6 4 2 7 8 
20180524319 10 5 1 2 9 4 3 7 6 8 
20180524320 1 10 9 7 3 2 6 4 8 5 
20180524321 4 1 2 10 6 3 7 8 5 9 
20180524322 9 8 4 10 6 5 2 7 1 3 
20180524323 5 2 10 9 7 6 1 3 8 4 
20180524324 8 10 4 6 9 3 7 2 1 5 
20180524325 7 9 4 10 1 6 3 2 8 5 
20180524326 3 6 4 9 1 5 10 7 2 8 
20180524327 5 9 4 2 6 3 8 1 7 10 
20180524328 7 6 10 9 2 8 5 1 4 3 
20180524329 8 5 3 2 6 10 7 1 9 4 
20180524330 7 9 2 10 5 6 8 3 4 1 
20180524331 7 4 2 9 1 3 5 10 6 8 
20180524332 1 10 9 5 7 8 3 4 2 6 
20180524333 6 2 10 7 8 1 4 3 9 5 
20180524334 8 3 5 9 1 7 4 10 6 2 
20180524335 7 1 8 3 2 6 4 5 9 10 
20180524336 8 10 6 9 5 4 3 7 1 2 
20180524337 3 7 10 8 2 4 6 1 5 9 
20180524338 8 3 4 5 9 1 2 6 7 10 
20180524339 5 2 10 7 4 3 6 1 9 8 
20180524340 6 9 8 5 4 2 1 7 10 3 
20180524341 6 4 1 10 2 3 5 8 9 7 
20180524342 6 2 8 7 9 5 1 4 10 3 
20180524343 9 8 10 5 1 3 6 2 4 7 
20180524344 2 9 1 4 6 5 7 10 3 8 
20180524345 7 3 1 4 9 6 10 5 2 8 
20180524346 8 3 1 10 6 5 2 7 9 4 
20180524347 8 3 9 6 7 4 5 10 2 1 
20180524348 2 7 4 8 1 5 6 9 3 10 
20180524349 9 3 1 7 6 2 10 4 5 8 
20180524350 4 3 5 10 7 1 8 6 9 2 
20180524351 6 7 9 1 10 2 5 4 3 8 
20180524352 8 4 9 10 5 3 6 7 1 2 
20180524353 7 8 4 10 6 1 9 2 3 5 
20180524354 7 6 8 3 2 1 9 4 10 5 
20180524355 6 4 3 1 9 8 2 5 10 7 
20180524356 5 1 3 4 10 2 9 7 6 8 
20180524357 10 3 1 6 9 8 4 7 2 5 
20180524358 1 6 3 2 7 5 8 4 9 10 
20180524359 5 9 2 7 4 3 8 6 1 10 
20180524360 10 8 6 5 9 7 3 1 4 2 
20180524361 8 6 1 10 9 2 7 4 5 3 
20180524362 6 8 2 5 4 3 7 10 9 1 
20180524363 4 7 5 1 8 10 6 2 9 3 
20180524364 10 7 5 6 2 4 8 3 9 1 
20180524365 2 4 8 6 5 7 3 9 1 10 
20180524366 4 7 3 2 8 5 10 1 9 6 
20180524367 2 8 7 9 1 10 5 4 6 3 
20180524368 5 4 6 1 8 10 2 3 9 7 
20180524369 9 2 8 1 5 3 7 10 6 4 
20180524370 3 4 5 7 9 1 10 8 2 6 
20180524371 5 9 10 6 4 1 3 2 8 7 
20180524372 3 6 4 2 8 7 10 9 1 5 
20180524373 7 6 2 3 1 5 8 9 10 4 
20180524374 3 6 10 1 7 8 4 2 5 9 
20180524375 6 9 3 1 7 2 5 8 10 4 
20180524376 3 5 1 7 9 6 4 8 10 2 
20180524377 4 9 7 2 3 6 5 10 8 1 
20180524378 7 10 4 6 1 5 8 9 3 2 
20180524379 3 5 9 6 1 8 7 10 4 2 
20180524380 3 7 9 1 2 4 5 10 6 8 
20180524381 7 3 5 8 1 6 10 9 4 2 
20180524382 9 10 3 2 4 7 5 8 1 6 
20180524383 3 8 1 7 4 5 6 9 2 10 
20180524384 7 2 5 9 6 10 1 8 4 3 
20180524385 2 6 10 5 7 8 9 3 4 1 
20180524386 10 8 4 5 2 6 9 3 1 7 
20180524387 7 9 5 10 8 4 2 1 3 6 
20180524388 9 10 2 7 1 4 3 5 8 6 
20180524389 1 5 3 9 10 7 6 8 4 2 
20180524390 10 5 4 1 7 8 9 6 2 3 
20180524391 9 1 7 6 4 2 10 3 5 8 
20180524392 4 3 5 6 9 1 7 8 10 2 
20180524393 3 4 5 7 2 1 6 8 10 9 
20180524394 10 6 9 7 2 8 4 1 5 3 
20180524395 3 4 2 9 7 5 1 10 8 6 
20180524396 10 8 9 6 1 7 2 4 5 3 
20180524397 7 9 4 1 8 6 5 2 10 3 
20180524398 1 5 6 10 9 7 8 3 4 2 
20180524399 1 9 2 10 7 8 4 6 3 5 
20180524400 10 5 1 2 3 9 8 7 6 4 
20180524401 6 1 4 3 5 7 9 2 10 8 
20180524402 7 1 3 6 10 9 4 8 5 2 
20180524403 6 5 3 2 10 9 7 1 4 8 
20180524404 2 3 6 9 8 7 4 10 1 5 
20180524405 3 4 6 1 7 2 9 8 5 10 
20180524406 10 9 1 3 4 8 5 7 6 2 
20180524407 1 10 9 3 8 2 4 5 7 6 
20180524408 5 1 3 9 8 10 7 6 2 4 
20180524409 10 8 2 5 9 6 7 1 4 3 
20180524410 2 9 3 4 8 6 5 7 10 1 
20180524411 8 2 3 6 10 1 4 5 7 9 
20180524412 2 7 4 10 3 9 6 1 8 5 
20180524413 3 5 2 6 7 9 10 4 1 8 
20180524414 5 7 6 2 3 9 1 8 4 10 
20180524415 3 10 7 5 6 2 9 1 4 8 
20180524416 8 6 5 9 3 10 2 1 7 4 
20180524417 5 2 4 8 6 1 9 10 3 7 
20180524418 2 8 6 4 5 9 10 1 7 3 
20180524419 7 9 8 10 1 2 4 5 3 6 
20180524420 1 8 10 3 5 7 2 6 4 9 
20180524421 1 5 10 8 6 9 2 3 7 4 
20180524422 1 8 2 4 7 9 3 6 5 10 
20180524423 2 3 10 6 7 5 9 1 4 8 
20180524424 3 1 8 6 2 4 7 10 5 9 
20180524425 6 8 1 4 9 5 3 10 2 7 
20180524426 10 4 5 8 6 1 9 7 3 2 
20180524427 6 10 4 3 7 8 1 5 9 2 
20180524428 3 1 7 5 2 4 8 6 10 9 
20180524429 3 2 8 4 9 7 6 10 1 5 
20180524430 1 9 3 8 7 5 4 10 2 6 
20180524431 8 5 1 10 4 3 9 7 2 6 
20180524432 8 4 6 10 1 7 2 3 9 5 
20180524433 3 2 4 6 9 7 5 1 8 10 
20180524434 8 10 5 1 9 7 6 3 4 2 
20180524435 10 4 1 8 3 2 6 9 7 5 
20180524436 7 6 10 4 5 1 9 8 2 3 
20180524437 10 6 1 4 2 9 8 7 5 3 
20180524438 10 2 7 9 5 8 6 4 1 3 
20180524439 5 3 6 7 8 9 2 1 10 4 
20180524440 2 1 8 7 9 10 6 5 4 3 
20180524441 10 3 1 6 2 7 5 9 8 4 
20180524442 10 1 4 7 5 9 2 3 8 6 
20180524443 7 2 1 3 4 10 9 8 6 5 
20180524444 4 9 3 5 1 10 6 2 7 8 
20180524445 8 4 5 7 1 10 2 3 6 9 
20180524446 6 1 8 5 9 10 4 3 7 2 
20180524447 10 1 7 8 5 6 4 2 9 3 
20180524448 5 6 7 10 8 3 1 9 4 2 
20180524449 8 2 10 5 3 1 9 4 7 6 
20180524450 4 9 10 7 8 1 6 2 5 3 
20180524451 6 10 8 5 1 3 4 7 2 9 
20180524452 3 5 9 6 4 1 7 10 2 8 
20180524453 6 3 5 2 10 9 7 1 4 8 
20180524454 4 3 8 6 2 9 5 10 1 7 
20180524455 3 9 5 4 6 1 8 10 2 7 
20180524456 9 4 5 3 6 8 2 10 7 1 
20180524457 3 1 2 5 7 8 4 10 6 9 
20180524458 1 4 10 7 3 6 2 8 9 5 
20180524459 6 7 4 3 2 10 5 8 1 9 
20180524460 2 3 10 4 7 9 1 6 5 8 
20180524461 2 5 9 7 4 1 10 6 8 3 
20180524462 1 9 3 7 10 5 2 8 6 4 
20180524463 5 10 6 2 3 7 1 4 8 9 
20180524464 3 9 1 5 10 7 4 6 2 8 
20180524465 1 4 7 6 8 9 10 2 3 5 
20180524466 5 1 10 9 7 6 3 2 4 8 
20180524467 7 1 4 10 9 3 8 6 2 5 
20180524468 1 3 7 2 8 5 9 10 6 4 
20180524469 7 10 6 8 3 1 2 5 9 4 
20180524470 6 3 8 4 5 9 2 10 7 1 
20180524471 9 7 10 4 2 3 8 6 5 1 
20180524472 2 4 6 3 5 10 1 9 8 7 
20180524473 7 9 2 10 1 6 5 4 3 8 
20180524474 7 9 3 6 8 1 10 5 2 4 
20180524475 8 4 7 9 6 3 2 10 5 1 
20180524476 5 10 7 6 3 4 8 9 2 1 
20180524477 6 1 8 10 5 3 2 9 7 4 
20180524478 7 2 9 5 1 6 10 3 4 8 
20180524479 7 3 8 10 1 9 2 5 6 4 
20180524480 9 4 5 6 3 10 2 1 7 8 
20180524481 9 8 7 4 3 1 6 2 5 10 
20180524482 8 5 2 10 9 7 6 1 3 4 
20180524483 1 2 10 7 6 5 8 3 4 9 
20180524484 6 1 3 8 10 4 5 7 9 2 
20180524485 1 2 5 10 3 6 8 9 4 7 
20180524486 8 2 5 7 1 6 10 9 4 3 
20180524487 7 9 8 1 3 10 6 5 4 2 
20180524488 10 6 3 9 4 2 5 8 7 1 
20180524489 8 3 10 5 9 6 4 2 7 1 
20180524490 6 10 2 9 8 7 4 1 5 3 
20180524491 8 3 10 1 2 6 9 4 7 5 
20180524492 5 3 2 1 7 10 4 8 6 9 
20180524493 5 8 4 2 10 7 1 6 9 3 
20180524494 8 2 7 9 4 10 5 6 3 1 
20180524495 1 2 7 4 10 9 3 8 5 6 
20180524496 4 7 9 2 8 3 6 5 1 10 
20180524497 7 3 6 10 1 4 5 8 2 9 
20180524498 8 2 5 1 10 6 9 7 4 3 
20180524499 6 1 8 3 4 7 9 2 10 5 
20180524500 4 9 10 1 7 8 5 3 2 6 
20180524501 10 8 3 1 4 9 7 5 2 6 
20180524502 4 10 6 9 3 1 8 2 7 5 
20180524503 6 10 8 2 1 7 3 9 5 4 
20180524504 2 4 7 10 5 3 9 6 8 1 
20180524505 3 1 2 9 7 4 6 10 8 5 
20180524506 3 7 4 9 10 5 1 6 2 8 
20180524507 9 2 7 1 10 3 4 6 5 8 
20180524508 1 3 2 8 5 7 4 6 9 10 
20180524509 4 1 7 6 3 5 9 10 2 8 
20180524510 10 7 3 1 8 9 2 6 5 4 
20180524511 2 8 9 6 3 5 4 10 1 7 
20180524512 2 3 7 1 10 4 5 6 9 8 
20180524513 1 6 7 9 3 4 8 5 10 2 
20180524514 4 5 7 10 3 2 6 8 9 1 
20180524515 6 9 10 4 2 5 3 1 8 7 
20180524516 9 1 8 3 7 4 10 5 6 2 
20180524517 2 5 10 4 9 6 7 8 3 1 
20180524518 8 2 7 5 9 4 10 3 1 6 
20180524519 10 2 8 1 6 7 3 9 5 4 
20180524520 10 4 5 7 1 9 3 6 2 8 
20180524521 7 8 1 6 3 5 2 10 4 9 
20180524522 4 5 2 9 6 1 3 8 7 10 
20180524523 9 5 4 8 10 1 6 3 2 7 
20180524524 1 7 3 8 5 2 10 4 9 6 
20180524525 1 9 5 7 6 3 10 8 4 2 
20180524526 9 2 3 6 7 4 8 1 5 10 
20180524527 10 1 3 6 5 9 7 8 2 4 
20180524528 6 10 5 9 4 3 1 8 7 2 
20180524529 5 4 3 10 7 6 1 8 2 9 
20180524530 7 3 2 8 10 9 1 4 6 5 
20180524531 3 7 1 5 4 10 9 2 8 6 
20180524532 7 1 4 10 9 6 8 2 3 5 
20180524533 5 8 9 2 6 4 3 1 10 7 
20180524534 5 10 6 7 3 2 9 1 4 8 
20180524535 8 10 4 6 5 2 7 3 9 1 
20180524536 9 7 1 2 4 5 3 6 8 10 
20180524537 4 5 2 1 7 10 3 9 8 6 
20180524538 4 8 9 7 5 3 6 10 1 2 
20180524539 4 2 5 8 10 7 9 6 1 3 
20180524540 6 1 5 3 7 2 10 8 4 9 
20180524541 9 7 8 6 4 10 2 1 3 5 
20180524542 5 7 3 2 6 1 10 4 8 9 
20180524543 7 6 1 5 3 2 4 9 10 8 
20180524544 7 2 8 3 4 9 5 1 6 10 
20180524545 9 6 2 1 10 8 3 4 5 7 
20180524546 9 4 7 3 2 8 10 6 5 1 
20180524547 7 5 2 3 4 1 8 6 10 9 
20180524548 1 2 6 7 5 3 10 9 4 8 
20180524549 3 8 10 4 6 9 2 5 7 1 
20180524550 2 1 6 5 3 7 4 10 8 9 
20180524551 5 8 3 10 2 4 7 9 1 6 
20180524552 7 10 5 9 1 4 2 3 6 8 
20180524553 7 5 1 10 2 8 6 3 9 4 
20180524554 4 5 8 7 1 6 10 2 9 3 
20180524555 4 3 7 5 2 9 1 10 6 8 
20180524556 10 6 7 9 2 1 3 8 4 5 
20180524557 3 6 10 5 4 7 1 8 9 2 
20180524558 7 10 9 5 3 2 1 6 8 4 
20180524559 10 8 7 5 3 4 2 1 6 9 
20180524560 7 6 5 2 10 8 9 1 4 3 
20180524561 4 5 1 10 3 7 2 8 6 9 
20180524562 7 9 2 3 10 5 4 8 1 6 
20180524563 10 2 1 4 5 6 9 3 8 7 
20180524564 2 1 4 3 8 10 7 6 9 5 
20180524565 9 5 1 8 6 2 4 7 10 3 
20180524566 3 4 2 8 1 5 9 6 10 7 
20180524567 7 6 2 10 1 9 4 5 8 3 
20180524568 9 10 1 5 3 4 6 2 8 7 
20180524569 10 2 8 1 4 5 3 9 7 6 
20180524570 2 7 8 6 5 1 3 10 4 9 
20180524571 1 10 6 8 9 4 2 7 5 3 
20180524572 2 9 3 1 10 5 6 7 8 4 
20180524573 9 5 8 1 6 3 7 4 10 2 
20180524574 6 2 8 10 5 1 9 4 3 7 
20180524575 3 7 8 4 6 1 2 10 5 9 
20180524576 6 5 4 8 2 10 9 3 7 1 
20180524577 7 3 8 2 1 6 4 5 9 10 
20180524578 8 3 1 7 6 2 10 4 9 5 
20180524579 8 5 9 7 6 1 4 10 2 3 
20180524580 2 6 10 7 5 1 9 4 8 3 
20180524581 6 2 8 3 7 9 4 1 10 5 
20180524582 2 1 6 3 9 4 7 8 10 5 
20180524583 6 1 7 2 8 9 5 4 3 10 
20180524584 2 10 9 8 7 5 6 3 1 4 
20180524585 8 2 9 1 4 7 5 10 6 3 
20180524586 4 9 7 3 2 1 5 8 10 6 
20180524587 10 8 6 7 5 9 1 2 3 4 
20180524588 3 5 1 7 2 4 6 8 10 9 
20180524589 4 7 8 10 5 6 1 9 2 3 
20180524590 10 8 7 3 9 2 1 4 5 6 
20180524591 10 1 9 7 5 4 6 3 8 2 
20180524592 5 7 10 4 3 2 8 6 9 1 
20180524593 6 9 7 8 10 1 3 4 5 2 
20180524594 6 8 10 2 3 1 7 5 9 4 
20180524595 2 3 4 9 5 8 6 7 1 10 
20180524596 3 6 7 9 8 5 10 1 2 4 
20180524597 2 7 1 6 9 5 4 8 3 10 
20180524598 2 4 7 6 3 1 10 8 5 9 
20180524599 9 7 1 10 3 6 2 5 8 4 
20180524600 8 3 9 10 6 4 5 2 7 1 
20180524601 4 1 9 5 7 10 6 3 8 2 
20180524602 2 8 3 4 5 9 10 7 1 6 
20180524603 10 6 3 8 5 7 4 9 1 2 
20180524604 5 1 6 2 8 7 4 10 3 9 
20180524605 5 8 7 3 10 6 2 1 4 9 
20180524606 4 9 6 1 10 7 8 2 5 3 
20180524607 1 4 3 2 9 8 7 10 5 6 
20180524608 4 1 6 5 2 9 8 3 7 10 
20180524609 8 3 6 4 2 7 5 9 10 1 
20180524610 7 1 8 4 10 2 5 6 3 9 
20180524611 4 6 5 3 9 2 8 7 10 1 
20180524612 1 2 8 5 6 4 7 10 3 9 
20180524613 4 8 3 5 6 2 1 7 9 10 
20180524614 10 2 9 6 1 3 7 8 5 4 
20180524615 9 2 4 7 5 10 6 8 1 3 
20180524616 4 5 7 1 9 10 2 3 6 8 
20180524617 8 7 3 2 6 5 10 4 1 9 
20180524618 7 2 3 4 10 6 1 9 5 8 
20180524619 10 2 7 4 9 3 8 6 1 5 
20180524620 2 8 5 7 3 6 4 10 1 9 
20180524621 10 3 2 7 9 4 5 6 8 1 
20180524622 6 10 4 3 8 2 5 1 9 7 
20180524623 2 7 6 5 10 9 3 1 8 4 
20180524624 3 7 10 4 9 2 8 5 6 1 
20180524625 4 1 10 3 2 7 6 8 9 5 
20180524626 3 4 2 10 9 8 7 6 1 5 
20180524627 2 10 6 8 3 9 7 1 5 4 
20180524628 1 4 10 2 7 8 3 6 9 5 
20180524629 4 2 10 6 7 5 3 8 9 1 
20180524630 3 2 6 10 5 9 7 4 8 1 
20180524631 2 10 4 3 7 6 5 1 9 8 
20180524632 5 4 10 9 2 1 7 3 6 8 
20180524633 1 6 10 8 2 5 7 4 3 9 
20180524634 7 6 3 4 1 8 5 2 10 9 
20180524635 1 2 3 8 6 10 9 4 7 5 
20180524636 8 3 1 9 10 5 7 6 2 4 
20180524637 6 9 7 5 3 4 2 10 1 8 
20180524638 10 5 4 6 2 9 1 8 7 3 
20180524639 2 10 5 8 7 3 6 9 4 1 
20180524640 10 8 3 9 2 1 7 5 6 4 
20180524641 6 9 10 5 7 1 8 2 4 3 
20180524642 1 2 9 6 7 4 10 8 3 5 
20180524643 8 2 1 10 5 3 9 7 4 6 
20180524644 2 6 9 8 4 10 7 3 1 5 
20180524645 4 6 8 2 10 1 9 7 5 3 
20180524646 10 2 8 7 4 9 1 6 3 5 
20180524647 8 9 2 6 3 4 7 5 1 10 
20180524648 1 10 8 2 4 6 5 9 7 3 
20180524649 1 10 8 7 4 9 5 3 6 2 
20180524650 9 7 10 6 1 3 4 2 8 5 
20180524651 10 1 3 7 8 2 6 4 9 5 
20180524652 8 2 3 9 6 1 4 10 7 5 
20180524653 10 4 2 3 5 7 6 9 8 1 
20180524654 5 9 1 6 4 3 10 7 8 2 
20180524655 9 2 10 7 1 5 8 4 6 3 
20180524656 9 4 5 6 10 1 8 7 2 3 
20180524657 2 3 6 1 7 5 10 8 4 9 
20180524658 4 7 8 5 2 10 9 6 1 3 
20180524659 5 4 1 7 3 10 8 2 6 9 
20180524660 2 1 4 6 7 8 5 3 9 10 
20180524661 1 7 3 10 4 6 2 8 9 5 
20180524662 3 7 9 6 5 4 2 1 8 10 
20180524663 5 2 6 9 7 4 3 8 10 1 
20180524664 8 6 4 9 1 7 5 2 3 10 
20180524665 8 10 1 7 6 3 9 2 5 4 
20180524666 7 4 9 8 3 2 6 5 10 1 
20180524667 8 2 7 6 4 1 3 5 10 9 
20180524668 4 5 3 7 10 2 1 9 8 6 
20180524669 6 5 8 9 7 1 4 2 3 10 
20180524670 9 10 7 8 1 6 2 3 5 4 
20180524671 1 6 9 7 10 2 8 4 3 5 
20180524672 10 3 5 2 6 8 7 1 9 4 
20180524673 2 9 8 4 3 1 6 10 5 7 
20180524674 5 4 7 6 1 10 3 2 9 8 
20180524675 3 1 7 8 4 5 9 10 2 6 
20180524676 10 2 5 3 6 4 7 1 9 8 
20180524677 3 7 6 1 5 10 8 4 2 9 
20180524678 1 3 6 9 7 2 10 5 4 8 
20180524679 8 5 10 3 2 4 1 7 6 9 
20180524680 9 2 8 6 10 4 3 5 7 1 
20180524681 2 3 4 5 8 1 7 9 6 10 
20180524682 6 9 4 5 10 2 1 3 8 7 
20180524683 7 1 3 5 9 10 4 6 2 8 
20180524684 4 3 9 7 5 1 2 10 6 8 
20180524685 4 8 5 7 2 1 3 6 10 9 
20180524686 1 2 9 8 4 7 5 6 3 10 
20180524687 2 8 9 10 4 3 5 7 6 1 
20180524688 6 2 9 8 10 5 7 1 3 4 
20180524689 4 9 3 10 2 5 6 1 8 7 
20180524690 3 2 5 7 9 8 4 10 1 6 
20180524691 7 3 6 5 1 4 2 8 10 9 
20180524692 1 10 2 3 9 6 7 5 4 8 
20180524693 5 8 2 3 6 9 7 4 1 10 
20180524694 8 10 3 6 4 5 7 9 1 2 
20180524695 4 1 6 10 2 5 7 8 3 9 
20180524696 9 1 10 2 3 7 5 8 4 6 
20180524697 2 6 7 9 5 1 10 4 3 8 
20180524698 5 7 2 10 8 4 6 1 3 9 
20180524699 6 2 4 9 1 8 5 7 3 10 
20180524700 7 5 9 2 6 1 10 3 8 4 
20180524701 1 9 8 4 10 2 7 6 5 3 
20180524702 8 2 7 1 3 6 10 4 5 9 
20180524703 10 4 3 6 5 9 1 2 8 7 
20180524704 10 3 9 7 4 1 6 2 5 8 
20180524705 5 1 4 8 2 7 6 10 9 3 
20180524706 3 7 4 2 10 9 6 8 1 5 
20180524707 5 7 8 3 9 10 1 4 2 6 
20180524708 4 7 1 6 8 9 5 10 2 3 
20180524709 8 4 10 2 5 9 6 7 3 1 
20180524710 5 3 4 9 8 10 2 7 6 1 
20180524711 3 6 1 7 9 2 10 4 5 8 
20180524712 7 8 5 10 1 4 2 6 3 9 
20180524713 9 7 4 3 8 2 1 5 10 6 
20180524714 8 3 2 6 9 1 10 7 5 4 
20180524715 3 4 6 2 9 10 8 7 1 5 
20180524716 7 5 8 3 10 6 4 9 2 1 
20180524717 2 7 6 1 4 9 3 10 5 8 
20180524718 9 6 2 10 1 8 7 4 3 5 
20180524719 3 2 4 5 9 7 8 6 10 1 
20180524720 4 10 1 6 5 7 8 3 9 2 
20180524721 1 4 7 9 10 5 2 6 8 3 
20180524722 9 4 10 1 5 6 7 2 8 3 
20180524723 1 6 4 8 9 10 7 3 2 5 
20180524724 8 1 10 6 4 7 5 9 2 3 
20180524725 10 7 3 2 8 4 9 1 6 5 
20180524726 3 10 6 1 9 7 8 2 5 4 
20180524727 6 3 10 7 4 1 2 8 5 9 
20180524728 10 7 2 4 9 5 1 3 8 6 
20180524729 7 3 4 1 10 2 9 6 8 5 
20180524730 9 2 4 7 1 10 3 6 5 8 
20180524731 10 3 7 5 4 9 2 6 8 1 
20180524732 1 6 2 9 8 10 3 4 5 7 
20180524733 2 5 3 9 6 8 4 1 7 10 
20180524734 10 5 6 9 3 7 2 8 1 4 
20180524735 1 2 4 6 10 8 5 7 3 9 
20180524736 10 8 3 1 2 5 9 6 7 4 
20180524737 5 10 4 7 1 6 2 3 9 8 
20180524738 5 7 3 6 2 8 10 4 9 1 
20180524739 6 4 7 8 1 10 3 2 5 9 
20180524740 5 2 7 8 6 3 9 1 10 4 
20180524741 8 9 5 3 10 7 1 2 6 4 
20180524742 7 9 2 10 1 4 6 5 8 3 
20180524743 6 4 2 7 5 9 8 10 3 1 
20180524744 1 5 2 8 7 9 3 10 4 6 
20180524745 8 4 1 9 10 7 6 3 2 5 
20180524746 4 8 5 7 3 1 9 10 6 2 
20180524747 3 2 10 7 4 5 1 6 9 8 
20180524748 4 3 8 5 9 2 10 6 1 7 
20180524749 5 8 10 4 1 7 9 6 3 2 
20180524750 7 2 10 3 6 4 5 9 8 1 
20180524751 5 3 6 1 8 9 4 10 7 2 
20180524752 3 10 6 8 1 7 4 5 9 2 
20180524753 6 5 9 3 2 7 10 1 8 4 
20180524754 3 10 7 2 6 9 5 8 1 4 
20180524755 7 10 2 3 9 4 1 8 6 5 
20180524756 10 1 9 5 6 8 3 4 2 7 
20180524757 6 10 1 5 2 7 4 3 8 9 
20180524758 3 9 6 4 2 7 5 10 8 1 
20180524759 2 9 8 3 7 6 5 10 1 4 
20180524760 10 3 2 5 7 9 4 8 1 6 
20180524761 3 2 5 10 1 7 9 8 6 4 
20180524762 1 4 6 8 5 10 7 2 3 9 
20180524763 9 5 3 7 1 2 8 6 10 4 
20180524764 4 10 8 1 3 7 9 5 2 6 
20180524765 9 2 4 8 10 7 1 3 6 5 
20180524766 3 4 10 9 5 2 6 7 8 1 
20180524767 10 2 7 1 8 9 6 5 3 4 
20180524768 10 4 5 2 3 1 6 7 9 8 
20180524769 5 2 1 10 8 6 3 7 9 4 
20180524770 9 5 7 3 2 10 4 1 8 6 
20180524771 8 3 7 6 5 9 2 4 10 1 
20180524772 6 9 1 3 10 4 8 5 2 7 
20180524773 8 7 9 10 2 4 5 6 1 3 
20180524774 2 10 6 9 3 4 8 1 7 5 
20180524775 4 7 10 3 9 8 6 5 2 1 
20180524776 7 1 3 9 6 8 10 4 5 2 
20180524777 3 9 4 1 7 2 10 5 8 6 
20180524778 9 8 6 5 2 7 4 1 10 3 
20180524779 3 6 2 5 8 1 9 10 7 4 
20180524780 5 10 8 9 1 4 7 6 2 3 
20180524781 1 8 3 10 4 2 7 6 9 5 
20180524782 9 4 6 2 7 8 1 5 10 3 
20180524783 8 2 1 9 7 10 5 3 6 4 
20180524784 6 5 1 8 9 10 7 2 3 4 
20180524785 1 9 3 2 10 6 8 7 4 5 
20180524786 4 10 5 6 1 2 3 8 9 7 
20180524787 10 2 7 5 6 4 8 9 1 3 
20180524788 3 8 2 7 4 9 6 5 10 1 
20180524789 6 4 9 10 5 1 3 2 8 7 
20180524790 8 3 4 1 2 9 10 7 6 5 
20180524791 7 3 2 4 10 8 6 5 9 1 
20180524792 5 9 2 10 8 1 7 6 3 4 
20180524793 6 2 3 4 9 7 10 5 8 1 
20180524794 4 3 6 2 5 10 8 9 7 1 
20180524795 8 9 2 3 6 10 4 5 7 1 
20180524796 7 9 5 2 4 10 8 1 6 3 
20180524797 3 7 10 1 9 8 4 5 2 6 
20180524798 9 6 2 1 7 3 4 8 10 5 
20180524799 4 5 7 8 3 9 6 10 2 1 
20180524800 6 10 1 2 9 4 8 3 7 5 
20180524801 8 2 9 5 3 6 7 4 10 1 
20180524802 9 2 10 1 3 5 6 8 7 4 
20180524803 1 3 9 5 6 4 2 10 7 8 
20180524804 3 2 6 10 4 9 7 1 8 5 
20180524805 4 3 10 7 2 1 9 6 5 8 
20180524806 3 2 10 6 7 4 1 5 8 9 
20180524807 7 1 5 6 4 8 3 9 10 2 
20180524808 4 10 2 6 9 8 3 7 1 5 
20180524809 2 3 9 10 5 6 7 8 4 1 
20180524810 9 2 8 10 6 3 4 7 5 1 
20180524811 5 10 4 6 3 2 9 7 1 8 
20180524812 5 2 6 3 10 9 4 1 8 7 
20180524813 7 8 6 1 4 2 9 5 10 3 
20180524814 1 4 5 10 9 8 3 6 2 7 
20180524815 5 10 1 4 8 9 2 7 6 3 
20180524816 2 8 7 9 1 4 10 6 5 3 
20180524817 4 2 10 7 3 6 1 9 5 8 
20180524818 7 1 8 2 10 4 3 9 6 5 
20180524819 4 9 6 10 1 8 3 5 2 7 
20180524820 8 5 7 3 4 6 2 10 9 1 
20180524821 5 7 1 2 9 10 3 8 6 4 
20180524822 3 5 8 10 1 2 7 6 4 9 
20180524823 7 10 9 6 8 4 5 2 3 1 
20180524824 7 1 4 10 2 9 5 8 3 6 
20180524825 2 8 9 5 1 6 3 7 10 4 
20180524826 3 10 5 4 7 9 8 1 6 2 
20180524827 1 4 6 5 2 9 3 7 10 8 
20180524828 4 8 7 2 9 1 5 10 6 3 
20180524829 5 7 10 8 1 4 2 6 9 3 
20180524830 8 6 2 10 3 1 9 5 4 7 
20180524831 2 5 10 8 3 7 4 1 9 6 
20180524832 3 2 10 1 4 9 8 7 5 6 
20180524833 4 1 10 5 3 2 9 7 8 6 
20180524834 7 8 10 4 5 1 2 3 9 6 
20180524835 9 2 3 1 4 6 5 7 8 10 
20180524836 1 4 7 10 5 9 8 2 6 3 
20180524837 5 7 2 10 8 6 3 4 9 1 
20180524838 8 5 6 9 7 1 2 3 10 4 
20180524839 9 4 2 6 10 8 1 5 7 3 
20180524840 2 9 5 4 3 7 8 6 10 1 
20180524841 6 1 2 8 5 3 10 4 9 7 
20180524842 7 4 5 10 1 6 8 2 9 3 
20180524843 3 8 5 2 4 7 6 9 10 1 
20180524844 6 9 3 1 7 8 2 4 10 5 
20180524845 6 4 8 5 9 2 1 7 3 10 
20180524846 7 2 5 4 8 6 10 1 9 3 
20180524847 2 10 8 6 7 5 3 4 1 9 
20180524848 5 4 2 7 6 1 8 9 3 10 
20180524849 2 6 5 1 8 9 3 7 10 4 
20180524850 5 6 2 1 8 7 4 9 10 3 
20180524851 4 3 7 5 9 2 1 8 10 6 
20180524852 2 4 9 10 7 1 3 6 8 5 
20180524853 8 5 6 7 4 3 1 10 2 9 
20180524854 7 10 9 5 2 8 1 6 4 3 
20180524855 5 9 7 8 2 10 4 6 1 3 
20180524856 3 9 7 2 1 8 10 6 4 5 
20180524857 7 2 5 10 6 8 4 9 1 3 
20180524858 5 7 9 1 10 3 6 4 8 2 
20180524859 2 1 8 7 4 6 9 5 3 10 
20180524860 4 5 2 10 1 6 7 3 9 8 
20180524861 10 4 2 7 8 1 9 6 5 3 
20180524862 7 1 10 3 4 8 6 9 5 2 
20180524863 1 2 10 7 5 9 4 3 8 6 
20180524864 2 5 6 3 7 9 10 4 8 1 
20180524865 4 3 2 6 8 10 1 5 7 9 
20180524866 9 3 4 2 5 8 1 6 7 10 
20180524867 8 7 1 4 5 9 6 10 3 2 
20180524868 1 6 3 9 7 10 4 5 8 2 
20180524869 8 4 10 3 5 7 2 1 9 6 
20180524870 9 10 5 2 7 8 4 3 1 6 
20180524871 4 2 6 7 3 9 10 5 8 1 
20180524872 3 2 5 4 7 8 1 9 6 10 
20180524873 1 2 8 7 10 5 3 4 9 6 
20180524874 1 6 9 3 4 5 8 2 7 10 
20180524875 3 5 9 1 7 10 2 8 6 4 
20180524876 4 9 1 8 10 2 7 6 5 3 
20180524877 6 5 4 7 2 3 8 10 1 9 
20180524878 7 4 6 9 2 1 8 10 3 5 
20180524879 1 5 9 10 3 2 4 6 7 8 
20180524880 4 6 1 9 2 10 8 5 7 3 
20180524881 8 2 4 3 6 5 10 7 9 1 
20180524882 7 8 2 1 3 10 4 9 6 5 
20180524883 4 3 10 7 5 1 2 8 9 6 
20180524884 3 9 1 2 10 8 5 7 6 4 
20180524885 2 5 4 10 3 7 9 6 8 1 
20180524886 1 4 9 6 3 8 10 2 7 5 
20180524887 5 8 7 4 10 1 9 6 2 3 
20180524888 7 5 8 6 9 10 3 4 2 1 
20180524889 6 10 3 4 2 8 5 1 7 9 
20180524890 9 2 8 3 5 10 6 4 7 1 
20180524891 10 5 3 6 4 2 8 7 9 1 
20180524892 2 8 5 10 7 4 3 1 9 6 
20180524893 9 5 3 10 6 4 7 2 1 8 
20180524894 10 6 2 1 8 3 9 4 7 5 
20180524895 7 4 3 8 6 2 9 1 5 10 
20180524896 2 6 8 7 4 3 5 9 1 10 
20180524897 9 6 2 3 10 4 8 7 1 5 
20180524898 2 7 6 3 5 4 9 10 8 1 
20180524899 6 9 1 7 2 4 8 3 10 5 
20180524900 3 8 10 7 9 5 1 4 2 6 
20180524901 6 4 5 10 9 8 3 7 2 1 
20180524902 4 6 7 9 3 10 5 1 8 2 
20180524903 10 3 5 9 4 8 2 1 6 7 
20180524904 6 9 4 3 7 1 5 2 10 8 
20180524905 5 8 1 10 3 9 7 4 2 6 
20180524906 10 8 3 6 1 5 4 7 9 2 
20180524907 5 9 7 1 6 10 2 3 4 8 
20180524908 1 6 8 7 3 5 4 9 10 2 
20180524909 6 1 3 8 5 10 2 7 4 9 
20180524910 2 3 5 10 1 7 6 8 9 4 
20180524911 4 10 9 1 6 7 8 3 2 5 
20180524912 1 7 6 2 10 9 3 5 4 8 
20180524913 1 6 3 2 9 7 10 8 5 4 
20180524914 2 8 1 4 10 5 7 6 9 3 
20180524915 6 8 9 2 10 7 5 1 4 3 
20180524916 3 1 2 9 10 6 8 7 5 4 
20180524917 1 10 9 7 8 5 6 2 4 3 
20180524918 1 2 9 4 3 5 7 6 8 10 
20180524919 6 1 9 4 2 10 3 8 5 7 
20180524920 4 9 5 8 3 2 10 1 6 7 
20180524921 5 3 2 7 8 6 1 4 10 9 
20180524922 10 5 4 1 3 9 2 8 7 6 
20180524923 9 5 2 10 3 4 6 1 8 7 
20180524924 5 4 6 7 1 10 8 9 2 3 
20180524925 2 5 4 9 10 1 8 7 6 3 
20180524926 5 9 3 8 4 10 6 2 1 7 
20180524927 5 6 2 4 8 10 9 1 3 7 
20180524928 9 7 8 10 6 2 3 5 4 1 
20180524929 5 7 8 6 4 1 10 9 2 3 
20180524930 3 9 8 10 7 5 6 2 4 1 
20180524931 10 1 2 3 7 5 6 4 9 8 
20180524932 4 2 6 8 10 7 5 1 9 3 
20180524933 9 4 2 5 6 8 1 3 10 7 
20180524934 2 10 1 3 5 7 8 4 9 6 
20180524935 6 2 1 3 10 5 7 4 8 9 
20180524936 8 7 4 10 6 1 3 5 9 2 
20180524937 2 10 4 8 1 9 7 5 3 6 
20180524938 3 5 6 7 4 9 10 2 8 1 
20180524939 8 3 6 10 5 4 1 9 7 2 
20180524940 4 7 9 2 6 5 3 10 1 8 
20180524941 10 1 6 9 8 4 3 7 2 5 
20180524942 10 2 8 4 5 9 1 6 3 7 
20180524943 5 4 9 2 8 1 3 7 10 6 
20180524944 7 10 2 9 5 8 3 1 6 4 
20180524945 5 2 1 9 7 6 4 8 10 3 
20180524946 2 10 4 7 8 3 9 5 1 6 
20180524947 8 9 6 4 7 3 2 1 5 10 
20180524948 1 4 6 10 9 8 7 3 2 5 
20180524949 2 10 4 7 3 8 1 5 6 9 
20180524950 6 10 7 5 8 2 3 4 1 9 
20180524951 9 5 3 1 2 7 6 10 4 8 
20180524952 10 5 4 9 2 8 6 1 3 7 
20180524953 2 8 7 4 9 1 3 6 10 5 
20180524954 1 7 6 3 8 10 9 5 4 2 
20180524955 9 6 10 2 5 3 1 8 4 7 
20180524956 10 2 5 9 1 7 6 3 4 8 
20180524957 9 6 5 1 10 7 8 3 2 4 
20180524958 7 2 8 4 5 10 3 9 1 6 
20180524959 5 4 9 7 1 6 3 2 10 8 
20180524960 2 4 9 8 7 3 5 10 1 6 
20180524961 9 10 8 3 7 6 2 1 5 4 
20180524962 1 10 9 2 3 6 5 4 8 7 
20180524963 1 4 5 8 10 9 2 6 3 7 
20180524964 4 9 5 2 6 10 1 8 3 7 
20180524965 2 1 6 10 4 5 7 8 3 9 
20180524966 1 5 2 6 9 4 3 8 7 10 
20180524967 6 1 9 8 10 5 3 7 2 4 
20180524968 3 6 4 8 10 7 1 5 9 2 
20180524969 5 9 3 1 6 8 4 7 10 2 
20180524970 10 3 7 5 9 2 8 6 4 1 
20180524971 8 5 4 3 10 6 9 2 7 1 
20180524972 1 4 6 3 7 9 8 5 10 2 
20180524973 1 6 2 8 3 5 9 7 4 10 
20180524974 4 6 3 2 5 7 9 1 10 8 
20180524975 3 4 8 6 2 5 10 7 9 1 
20180524976 10 9 1 2 3 5 4 6 8 7 
20180524977 2 10 6 1 9 3 5 8 4 7 
20180524978 7 2 3 6 9 10 5 1 8 4 
20180524979 8 2 4 3 6 5 9 7 1 10 
20180524980 5 7 3 1 10 4 9 6 2 8 
20180524981 6 10 8 1 9 4 3 5 2 7 
20180524982 6 7 4 3 5 9 8 2 10 1 
20180524983 4 8 2 7 5 6 10 9 1 3 
20180524984 10 2 5 1 7 6 9 4 8 3 
20180524985 8 5 3 9 6 2 4 10 7 1 
