20180510001 10 2 7 8 9 1 6 5 3 4 
20180510002 9 8 6 1 10 2 3 4 5 7 
20180510003 7 2 1 6 3 4 10 9 8 5 
20180510004 8 5 1 4 2 9 7 10 6 3 
20180510005 10 9 5 7 1 4 2 8 6 3 
20180510006 7 4 8 6 2 1 9 5 3 10 
20180510007 9 6 8 5 3 7 4 2 1 10 
20180510008 6 8 1 3 9 4 10 5 7 2 
20180510009 1 6 9 10 7 3 8 2 4 5 
20180510010 4 8 9 5 1 10 2 6 7 3 
20180510011 10 6 8 2 1 4 3 5 7 9 
20180510012 9 8 6 4 10 7 5 1 3 2 
20180510013 6 4 7 8 3 9 1 10 5 2 
20180510014 7 2 3 6 4 8 5 9 1 10 
20180510015 3 10 4 9 8 7 2 6 5 1 
20180510016 4 6 2 10 5 7 8 3 9 1 
20180510017 2 8 9 4 5 7 6 1 3 10 
20180510018 7 8 4 6 2 3 5 10 9 1 
20180510019 6 3 7 10 5 1 4 8 2 9 
20180510020 5 3 6 4 9 8 7 1 10 2 
20180510021 5 6 9 4 7 10 1 8 3 2 
20180510022 2 1 5 10 7 3 9 8 4 6 
20180510023 3 5 1 6 8 4 10 2 7 9 
20180510024 7 8 5 1 9 3 2 6 4 10 
20180510025 8 10 5 9 4 6 7 1 3 2 
20180510026 9 1 6 8 10 7 4 5 2 3 
20180510027 1 2 3 10 6 8 5 9 4 7 
20180510028 8 10 4 1 6 2 7 3 9 5 
20180510029 3 2 9 7 8 5 4 10 6 1 
20180510030 4 3 2 9 5 1 6 7 10 8 
20180510031 9 3 7 5 4 1 10 2 6 8 
20180510032 7 2 5 8 10 4 6 3 9 1 
20180510033 6 4 8 2 7 9 3 1 5 10 
20180510034 3 10 7 4 8 6 9 1 5 2 
20180510035 7 1 4 6 5 8 2 10 9 3 
20180510036 1 8 6 9 3 10 5 4 2 7 
20180510037 1 4 8 5 3 10 9 7 6 2 
20180510038 5 1 9 10 2 6 8 4 3 7 
20180510039 3 10 8 9 5 2 6 4 1 7 
20180510040 8 7 2 3 10 6 9 4 5 1 
20180510041 7 4 6 8 1 5 10 2 3 9 
20180510042 9 3 7 2 1 5 10 4 6 8 
20180510043 8 7 4 1 3 5 6 9 2 10 
20180510044 6 7 2 5 9 4 1 8 10 3 
20180510045 5 1 7 3 6 2 8 9 10 4 
20180510046 5 6 1 9 4 8 10 7 3 2 
20180510047 6 10 8 4 1 9 5 3 7 2 
20180510048 7 3 6 9 8 5 4 2 1 10 
20180510049 7 2 4 10 8 3 9 6 5 1 
20180510050 10 1 7 6 4 3 2 9 8 5 
20180510051 5 10 2 3 8 9 1 6 4 7 
20180510052 8 10 9 6 5 1 4 7 2 3 
20180510053 9 3 2 1 4 6 8 5 7 10 
20180510054 1 2 4 8 5 6 9 3 7 10 
20180510055 1 5 10 7 6 2 4 9 3 8 
20180510056 10 6 3 2 8 1 4 7 5 9 
20180510057 3 6 5 2 10 4 9 1 8 7 
20180510058 4 8 5 6 7 1 2 9 3 10 
20180510059 10 4 5 3 9 8 1 7 6 2 
20180510060 4 10 1 2 7 6 5 9 8 3 
20180510061 1 6 10 4 2 9 5 7 3 8 
20180510062 4 9 3 10 6 8 5 2 1 7 
20180510063 6 10 1 8 7 3 4 5 2 9 
20180510064 5 2 4 7 8 6 1 9 10 3 
20180510065 5 4 7 8 6 3 10 1 2 9 
20180510066 5 7 3 6 1 4 10 2 8 9 
20180510067 1 3 6 10 4 7 8 2 5 9 
20180510068 2 8 9 5 6 10 7 1 4 3 
20180510069 3 4 8 1 2 7 5 6 9 10 
20180510070 6 7 2 4 8 10 3 5 9 1 
20180510071 10 5 6 2 4 9 7 8 1 3 
20180510072 3 4 2 10 9 1 8 5 7 6 
20180510073 2 5 6 3 4 8 9 10 7 1 
20180510074 2 10 5 4 7 3 8 9 1 6 
20180510075 8 10 9 2 1 6 5 4 7 3 
20180510076 3 9 8 10 4 1 5 2 7 6 
20180510077 7 6 10 1 2 9 3 8 4 5 
20180510078 3 6 9 5 4 1 8 7 10 2 
20180510079 6 9 3 2 1 4 10 5 7 8 
20180510080 9 3 4 1 7 10 5 8 2 6 
20180510081 7 9 4 1 8 10 2 5 3 6 
20180510082 4 5 3 1 8 9 7 6 2 10 
20180510083 2 4 1 3 7 5 9 8 6 10 
20180510084 8 7 9 3 1 10 4 6 5 2 
20180510085 5 10 8 9 2 6 4 1 7 3 
20180510086 1 9 7 3 6 4 8 2 10 5 
20180510087 1 9 8 10 7 4 6 2 3 5 
20180510088 4 6 10 3 7 8 5 1 2 9 
20180510089 10 6 4 9 5 1 2 8 3 7 
20180510090 1 7 2 9 4 8 5 6 3 10 
20180510091 10 1 2 4 6 3 9 8 7 5 
20180510092 10 5 6 3 8 1 2 7 4 9 
20180510093 7 1 8 10 6 9 2 3 5 4 
20180510094 1 9 5 4 8 2 10 7 6 3 
20180510095 9 1 6 4 2 3 7 5 8 10 
20180510096 7 1 10 5 8 3 4 9 2 6 
20180510097 9 4 7 10 3 1 2 6 8 5 
20180510098 4 2 9 10 3 1 6 5 8 7 
20180510099 5 2 4 8 7 3 6 9 1 10 
20180510100 5 4 6 10 1 7 3 9 8 2 
20180510101 5 4 7 3 10 1 8 2 6 9 
20180510102 7 10 2 4 1 6 9 3 8 5 
20180510103 1 4 5 6 8 3 2 9 10 7 
20180510104 4 3 7 5 1 9 10 2 6 8 
20180510105 9 2 3 8 5 6 10 1 7 4 
20180510106 10 9 4 6 1 5 8 3 7 2 
20180510107 1 3 2 4 8 7 9 10 5 6 
20180510108 6 2 4 1 5 8 10 7 9 3 
20180510109 9 5 8 3 2 4 1 7 6 10 
20180510110 2 1 5 10 8 7 4 3 6 9 
20180510111 8 4 10 3 1 9 2 7 5 6 
20180510112 7 4 1 3 2 10 5 6 8 9 
20180510113 4 1 9 7 10 5 2 3 6 8 
20180510114 3 4 10 5 2 7 6 1 9 8 
20180510115 8 9 4 1 2 7 3 6 10 5 
20180510116 6 4 1 7 2 3 10 9 8 5 
20180510117 7 4 8 1 3 9 6 5 10 2 
20180510118 9 8 2 6 4 3 5 10 7 1 
20180510119 7 6 4 9 10 1 5 3 2 8 
20180510120 3 4 1 5 9 10 2 6 7 8 
20180510121 4 1 9 5 6 10 8 7 3 2 
20180510122 1 7 4 10 2 9 8 5 3 6 
20180510123 9 1 7 8 10 6 5 4 3 2 
20180510124 7 9 1 4 8 5 10 3 2 6 
20180510125 1 5 6 8 10 2 7 4 3 9 
20180510126 7 6 2 5 4 9 3 8 1 10 
20180510127 4 10 5 9 8 7 2 6 1 3 
20180510128 6 9 1 7 5 8 3 10 4 2 
20180510129 2 5 8 10 3 6 1 9 7 4 
20180510130 10 7 9 5 8 4 3 2 6 1 
20180510131 4 7 1 2 10 9 3 6 5 8 
20180510132 6 4 1 7 2 5 8 9 10 3 
20180510133 10 4 5 2 8 3 9 6 1 7 
20180510134 4 1 3 2 8 10 6 9 5 7 
20180510135 8 4 1 10 7 5 2 3 9 6 
20180510136 6 8 3 2 7 4 9 5 1 10 
20180510137 1 9 10 3 6 7 5 8 4 2 
20180510138 8 5 2 10 6 1 3 4 9 7 
20180510139 10 8 2 1 9 4 3 5 6 7 
20180510140 6 5 2 8 10 7 1 9 3 4 
20180510141 10 8 7 4 3 9 5 2 1 6 
20180510142 10 7 8 4 6 1 2 3 9 5 
20180510143 9 8 3 7 2 5 1 6 4 10 
20180510144 9 3 1 8 10 4 2 5 7 6 
20180510145 7 5 1 3 8 10 4 9 6 2 
20180510147 7 10 2 4 5 1 9 6 8 3 
20180510148 10 9 5 2 8 6 7 1 3 4 
20180510149 1 9 3 7 10 5 4 8 6 2 
20180510150 1 6 3 9 5 2 10 4 8 7 
20180510151 1 7 8 6 5 3 4 10 2 9 
20180510152 8 1 3 2 6 9 4 7 10 5 
20180510153 8 7 6 9 5 1 3 2 4 10 
20180510154 8 3 9 7 4 1 6 5 10 2 
20180510155 7 6 2 8 1 4 5 10 9 3 
20180510156 3 6 2 1 8 9 10 4 5 7 
20180510157 9 8 4 6 7 10 2 3 5 1 
20180510158 9 2 7 6 5 3 1 8 4 10 
20180510159 5 10 8 4 6 9 2 1 3 7 
20180510160 6 4 2 9 5 8 7 10 1 3 
20180510161 2 3 9 4 8 1 6 5 7 10 
20180510162 7 1 5 10 2 6 4 3 9 8 
20180510163 8 7 3 5 1 4 10 6 9 2 
20180510164 3 1 2 10 7 4 6 9 5 8 
20180510165 2 3 1 8 6 7 10 5 9 4 
20180510166 5 6 8 4 10 7 3 1 9 2 
20180510167 3 8 1 4 5 7 9 6 2 10 
20180510168 4 10 1 9 6 2 7 5 3 8 
20180510169 1 7 2 4 10 9 3 6 8 5 
20180510170 6 4 5 8 1 2 10 7 9 3 
20180510171 8 1 10 2 4 6 3 7 5 9 
20180510172 1 10 7 4 5 2 8 3 9 6 
20180510173 8 1 2 6 5 3 7 10 9 4 
20180510174 1 9 2 6 10 7 4 5 8 3 
20180510175 1 8 6 9 3 10 4 2 7 5 
20180510176 2 6 8 7 1 10 4 3 9 5 
20180510177 9 4 1 10 2 5 8 7 3 6 
20180510178 2 6 9 8 4 5 1 3 7 10 
20180510179 10 3 2 8 1 5 4 9 7 6 
20180510180 4 6 8 2 3 10 9 1 5 7 
20180510181 3 8 1 10 6 4 9 2 5 7 
20180510182 6 7 10 4 1 9 8 5 2 3 
20180510183 1 4 8 7 9 3 6 5 10 2 
20180510184 2 4 8 3 9 7 5 10 1 6 
20180510185 4 3 7 1 5 6 10 8 2 9 
20180510186 5 9 10 3 4 6 1 2 7 8 
20180510187 8 9 1 5 2 6 10 7 3 4 
20180510188 6 3 1 10 7 2 4 9 8 5 
20180510189 4 10 9 8 3 2 5 1 6 7 
20180510190 7 1 5 3 10 4 6 9 8 2 
20180510191 7 2 6 8 9 10 1 4 5 3 
20180510192 9 1 10 3 6 4 5 8 7 2 
20180510193 3 1 8 6 9 10 4 2 7 5 
20180510194 9 3 5 4 2 6 10 1 7 8 
20180510195 10 8 3 1 2 5 6 7 4 9 
20180510196 9 1 8 10 5 2 4 7 6 3 
20180510197 3 10 1 7 4 6 5 9 8 2 
20180510198 9 6 3 5 10 8 4 2 7 1 
20180510199 10 9 1 8 6 4 5 7 2 3 
20180510200 1 6 3 7 10 2 4 9 5 8 
20180510201 5 1 3 9 4 7 6 2 10 8 
20180510202 5 8 1 10 6 9 4 2 3 7 
20180510203 1 6 2 9 7 8 10 5 3 4 
20180510204 8 5 2 6 3 1 9 10 7 4 
20180510205 5 6 8 3 4 10 7 1 2 9 
20180510206 5 6 3 2 10 1 8 9 7 4 
20180510207 3 6 7 5 2 9 8 1 4 10 
20180510208 10 2 3 5 9 8 6 4 1 7 
20180510209 8 1 9 5 10 6 3 4 2 7 
20180510210 9 5 8 10 2 3 4 6 7 1 
20180510211 2 6 5 7 10 4 3 1 9 8 
20180510212 9 7 5 1 2 6 4 3 8 10 
20180510213 1 7 6 4 5 3 8 2 9 10 
20180510214 5 3 4 2 1 9 10 8 6 7 
20180510215 5 3 9 1 8 2 6 7 10 4 
20180510216 5 4 3 2 9 8 7 1 10 6 
20180510217 9 7 4 8 5 2 10 1 6 3 
20180510218 2 4 1 7 10 3 8 9 5 6 
20180510219 6 2 9 7 8 4 1 10 3 5 
20180510220 2 6 4 8 9 7 5 1 3 10 
20180510221 10 9 2 3 4 5 7 6 1 8 
20180510222 9 6 1 4 10 8 2 5 7 3 
20180510223 10 1 4 3 7 9 5 8 2 6 
20180510224 5 8 10 9 4 3 1 2 7 6 
20180510225 5 6 2 1 9 3 4 7 8 10 
20180510226 4 7 3 10 8 5 6 2 1 9 
20180510227 9 1 5 2 10 4 6 8 3 7 
20180510228 6 10 7 5 3 1 9 8 2 4 
20180510229 6 7 5 4 2 3 10 9 8 1 
20180510230 4 1 6 3 7 10 5 9 2 8 
20180510231 8 4 7 10 9 5 2 3 6 1 
20180510232 1 2 7 4 9 8 10 5 6 3 
20180510233 8 4 6 1 10 5 2 3 7 9 
20180510234 3 5 4 9 10 1 7 8 2 6 
20180510235 5 10 9 3 4 2 1 8 6 7 
20180510236 2 3 7 9 6 5 10 1 8 4 
20180510237 1 8 5 6 3 9 4 2 7 10 
20180510238 2 6 3 9 4 7 8 5 1 10 
20180510239 1 3 5 10 8 7 2 4 9 6 
20180510240 7 3 9 1 4 2 8 5 6 10 
20180510241 4 5 3 8 1 10 9 7 2 6 
20180510242 5 6 8 10 7 3 9 2 4 1 
20180510243 1 8 3 6 10 4 7 5 9 2 
20180510244 7 8 5 1 4 10 6 3 2 9 
20180510245 3 4 10 7 5 6 2 8 1 9 
20180510246 4 3 8 7 2 5 9 6 10 1 
20180510247 6 5 10 9 1 2 4 8 7 3 
20180510248 1 5 4 10 6 3 9 8 7 2 
20180510249 2 7 3 6 9 4 8 5 1 10 
20180510250 9 6 10 3 7 1 8 2 5 4 
20180510251 4 7 8 10 1 3 2 5 6 9 
20180510252 4 3 8 5 1 10 7 6 2 9 
20180510253 7 6 8 3 5 1 9 10 4 2 
20180510254 8 9 1 4 6 7 3 2 5 10 
20180510255 8 3 4 9 6 5 1 10 7 2 
20180510256 5 4 7 1 6 10 2 9 8 3 
20180510257 5 1 8 3 10 7 2 9 4 6 
20180510258 3 10 1 2 6 9 7 4 5 8 
20180510259 4 2 5 8 3 1 6 10 7 9 
20180510260 7 1 5 3 2 4 9 8 6 10 
20180510261 3 2 8 1 10 5 4 6 7 9 
20180510262 2 3 5 7 1 10 6 4 8 9 
20180510263 5 6 1 10 4 2 3 9 8 7 
20180510264 2 6 10 3 9 5 7 1 4 8 
20180510265 1 6 4 9 3 10 2 7 8 5 
20180510266 3 2 10 4 5 1 7 9 8 6 
20180510267 1 5 3 8 2 4 10 9 6 7 
20180510268 4 3 1 9 7 8 6 10 2 5 
20180510269 2 4 6 9 5 7 10 3 1 8 
20180510270 1 8 10 6 9 7 5 2 3 4 
20180510271 8 4 5 6 1 10 3 7 2 9 
20180510272 1 7 10 6 9 5 4 8 2 3 
20180510273 6 2 10 7 5 4 8 9 3 1 
20180510274 8 9 5 10 3 7 6 1 4 2 
20180510275 10 6 9 2 7 5 3 4 8 1 
20180510276 8 2 4 3 7 6 5 1 10 9 
20180510277 7 10 3 2 8 1 5 4 9 6 
20180510278 2 4 10 1 8 9 7 5 3 6 
20180510279 1 2 5 10 3 4 9 7 8 6 
20180510280 7 4 8 1 5 10 9 3 6 2 
20180510281 10 6 8 1 5 9 7 2 4 3 
20180510282 4 10 7 6 3 9 8 2 5 1 
20180510283 2 7 4 5 8 9 10 1 6 3 
20180510284 4 9 8 7 1 6 2 3 10 5 
20180510285 9 1 2 4 7 8 6 10 5 3 
20180510286 8 6 7 5 9 4 10 3 1 2 
20180510287 7 10 6 3 2 1 9 5 8 4 
20180510288 8 1 6 7 2 3 10 5 4 9 
20180510289 7 6 1 2 3 4 9 10 8 5 
20180510290 8 2 6 7 4 5 9 10 3 1 
20180510291 10 3 8 5 7 4 2 6 9 1 
20180510292 9 5 8 10 6 1 3 4 7 2 
20180510293 8 9 4 3 7 2 6 5 10 1 
20180510294 3 1 9 5 7 6 2 10 4 8 
20180510295 10 4 8 7 5 1 2 9 3 6 
20180510296 3 5 4 8 6 10 2 1 9 7 
20180510297 9 7 8 3 6 1 10 4 5 2 
20180510298 1 8 4 10 2 5 3 9 6 7 
20180510299 8 7 5 4 10 1 2 6 9 3 
20180510300 10 7 6 5 8 3 4 9 1 2 
20180510301 6 3 7 2 10 5 4 1 8 9 
20180510302 7 4 5 6 1 2 3 9 8 10 
20180510303 5 10 7 2 9 4 3 1 8 6 
20180510304 1 4 6 10 3 5 7 2 9 8 
20180510305 2 10 8 6 4 5 3 9 1 7 
20180510306 1 4 8 6 7 10 3 5 2 9 
20180510307 7 2 8 9 5 4 6 1 3 10 
20180510308 10 8 9 6 7 1 3 4 2 5 
20180510309 1 9 4 7 2 10 8 6 5 3 
20180510310 6 8 2 7 9 5 1 4 10 3 
20180510311 3 7 6 8 4 2 9 10 5 1 
20180510312 2 3 1 4 5 8 7 6 9 10 
20180510313 5 4 8 10 3 7 1 6 9 2 
20180510314 6 2 7 8 1 5 4 10 3 9 
20180510315 7 6 5 4 9 1 8 3 10 2 
20180510316 4 3 7 2 5 8 6 9 1 10 
20180510317 8 7 4 5 9 6 3 1 2 10 
20180510318 8 3 9 5 2 10 1 7 4 6 
20180510319 5 10 4 7 9 8 3 6 1 2 
20180510320 2 10 3 7 5 4 8 6 1 9 
20180510321 6 1 8 3 7 2 9 4 10 5 
20180510322 10 9 7 8 6 3 2 1 4 5 
20180510323 4 9 5 2 6 7 8 10 3 1 
20180510324 10 9 3 6 5 7 8 1 2 4 
20180510325 5 3 4 10 9 8 2 6 7 1 
20180510326 2 1 4 6 7 8 3 10 9 5 
20180510327 6 10 4 2 5 8 9 3 7 1 
20180510328 3 9 8 10 7 5 2 1 6 4 
20180510329 7 8 5 1 4 6 2 10 9 3 
20180510330 2 3 9 1 8 5 7 6 10 4 
20180510331 10 7 5 9 4 2 1 8 6 3 
20180510332 8 9 7 1 10 5 6 3 4 2 
20180510333 8 9 5 7 10 3 2 1 4 6 
20180510334 9 5 3 1 10 2 6 8 7 4 
20180510335 2 3 1 5 9 4 7 10 8 6 
20180510336 7 2 4 1 10 5 6 9 3 8 
20180510337 6 4 8 1 5 10 3 2 9 7 
20180510338 3 7 10 5 1 2 6 9 4 8 
20180510339 4 8 9 2 10 3 7 1 6 5 
20180510340 8 9 4 7 5 6 2 3 1 10 
20180510341 9 4 3 2 10 5 1 8 7 6 
20180510342 5 1 6 7 4 9 2 8 10 3 
20180510343 9 5 2 3 6 10 1 7 8 4 
20180510344 5 6 7 3 8 1 4 2 10 9 
20180510345 3 1 5 6 4 10 9 8 7 2 
20180510346 6 1 9 5 3 8 10 7 2 4 
20180510347 7 1 5 9 3 6 10 4 2 8 
20180510348 3 6 4 10 2 8 1 9 5 7 
20180510349 10 1 8 2 6 4 7 5 9 3 
20180510350 1 9 4 7 2 8 10 5 3 6 
20180510351 9 6 1 2 8 3 4 5 10 7 
20180510352 6 7 1 9 2 5 4 3 8 10 
20180510353 8 3 6 2 7 4 9 1 10 5 
20180510354 3 4 2 5 7 9 8 1 6 10 
20180510355 2 4 3 9 8 6 10 5 7 1 
20180510356 9 7 10 5 4 8 6 3 2 1 
20180510357 9 5 8 6 4 10 2 1 3 7 
20180510358 4 7 5 3 6 10 9 8 1 2 
20180510359 10 2 7 1 3 9 6 4 8 5 
20180510360 4 10 7 3 5 8 9 6 1 2 
20180510361 10 2 5 7 6 3 1 9 8 4 
20180510362 5 3 7 6 10 9 2 1 8 4 
20180510363 10 4 8 5 3 7 1 2 9 6 
20180510364 10 8 6 4 2 9 5 1 3 7 
20180510365 4 2 1 6 3 7 9 5 10 8 
20180510366 1 2 10 3 8 9 6 5 7 4 
20180510367 7 3 5 4 9 6 8 10 1 2 
20180510368 2 3 1 9 4 5 10 7 8 6 
20180510369 3 6 5 10 9 1 7 4 8 2 
20180510370 10 2 5 8 7 9 4 6 1 3 
20180510371 4 1 10 8 9 7 2 3 6 5 
20180510372 2 3 6 8 7 5 10 4 9 1 
20180510373 6 3 9 1 8 5 2 10 4 7 
20180510374 10 4 3 6 8 1 7 2 5 9 
20180510375 1 3 10 5 6 4 8 7 9 2 
20180510376 7 9 5 3 6 10 4 8 1 2 
20180510377 9 10 8 2 6 5 3 4 7 1 
20180510378 1 7 4 6 10 2 9 5 8 3 
20180510379 1 3 7 6 10 5 2 4 9 8 
20180510380 3 4 2 9 7 5 6 10 1 8 
20180510381 8 6 1 7 10 5 3 4 9 2 
20180510382 10 1 3 6 8 4 2 7 9 5 
20180510383 7 6 5 8 3 2 4 10 1 9 
20180510384 4 9 1 5 3 8 2 6 10 7 
20180510385 1 9 4 5 6 7 8 3 10 2 
20180510386 8 9 2 1 10 3 7 4 5 6 
20180510387 1 3 6 2 9 7 5 10 4 8 
20180510388 2 1 6 7 5 10 4 3 8 9 
20180510389 8 9 2 4 10 7 3 6 1 5 
20180510390 7 3 2 9 6 8 1 5 4 10 
20180510391 7 9 3 6 1 2 8 5 4 10 
20180510392 1 6 7 5 8 10 2 3 4 9 
20180510393 8 2 7 10 1 9 6 3 5 4 
20180510394 4 3 5 8 9 7 10 6 1 2 
20180510395 10 1 5 7 6 3 4 8 2 9 
20180510396 4 8 1 3 6 5 9 2 7 10 
20180510397 4 1 5 2 7 10 9 8 6 3 
20180510398 6 10 8 4 5 7 2 9 3 1 
20180510399 1 9 8 3 2 4 5 10 6 7 
20180510400 7 1 8 5 10 2 6 4 3 9 
20180510401 2 3 8 9 7 5 6 4 10 1 
20180510402 3 9 6 1 10 2 4 8 5 7 
20180510403 9 5 8 4 2 7 1 10 3 6 
20180510404 6 10 5 3 4 9 2 7 8 1 
20180510405 2 3 9 7 4 6 10 8 5 1 
20180510406 4 10 2 7 9 3 8 5 1 6 
20180510407 7 9 2 8 6 4 3 5 10 1 
20180510408 9 2 8 3 7 1 6 4 10 5 
20180510409 3 7 4 10 2 5 1 9 8 6 
20180510410 3 7 5 8 4 1 9 10 6 2 
20180510411 10 6 4 7 5 3 8 9 2 1 
20180510412 7 4 1 3 8 2 9 10 5 6 
20180510413 1 6 4 9 7 3 8 10 2 5 
20180510414 10 7 3 2 6 5 1 8 9 4 
20180510415 10 8 2 9 3 1 4 7 5 6 
20180510416 9 3 1 10 8 5 7 6 4 2 
20180510417 8 10 6 4 9 2 3 1 5 7 
20180510418 4 8 9 6 5 1 7 10 3 2 
20180510419 9 2 4 6 5 7 10 8 3 1 
20180510420 1 9 2 5 4 10 8 3 6 7 
20180510421 8 9 1 7 6 5 10 3 2 4 
20180510422 9 6 10 5 1 3 2 7 4 8 
20180510423 1 10 2 3 7 4 5 6 8 9 
20180510424 5 9 1 7 10 3 6 2 8 4 
20180510425 5 9 10 7 8 3 1 4 2 6 
20180510426 9 3 7 4 10 2 8 1 5 6 
20180510427 10 4 9 1 7 8 2 3 5 6 
20180510428 8 2 4 5 10 1 9 7 3 6 
20180510429 6 1 7 2 3 4 9 5 10 8 
20180510430 10 1 9 7 4 3 2 6 5 8 
20180510431 7 9 1 3 4 6 2 8 5 10 
20180510432 4 9 7 1 2 8 3 6 5 10 
20180510433 4 7 8 6 2 3 1 10 5 9 
20180510434 4 2 6 1 5 10 9 3 7 8 
20180510435 8 7 4 3 9 2 5 1 10 6 
20180510436 6 10 5 1 4 9 3 2 7 8 
20180510437 4 5 10 2 9 6 8 1 7 3 
20180510438 2 4 9 7 8 3 1 5 6 10 
20180510439 7 6 9 8 5 2 4 10 3 1 
20180510440 5 9 8 3 7 1 4 6 10 2 
20180510441 6 9 2 3 8 4 10 7 1 5 
20180510442 1 3 7 9 6 5 4 10 8 2 
20180510443 7 10 5 6 9 4 3 1 2 8 
20180510444 10 3 4 6 1 8 9 2 7 5 
20180510445 3 1 7 10 6 2 8 4 5 9 
20180510446 4 1 5 7 9 2 3 8 10 6 
20180510447 10 7 3 2 5 4 8 1 9 6 
20180510448 7 5 10 1 9 8 6 3 2 4 
20180510449 8 5 4 2 9 1 6 7 3 10 
20180510450 5 9 3 4 1 7 10 8 6 2 
20180510451 6 9 3 10 8 5 2 7 1 4 
20180510452 10 3 4 5 9 1 2 6 7 8 
20180510453 6 3 2 5 1 10 8 7 4 9 
20180510454 7 4 5 6 3 10 1 8 2 9 
20180510455 3 8 9 2 7 5 10 1 6 4 
20180510456 5 10 8 2 3 1 9 4 6 7 
20180510457 4 9 8 3 1 2 5 10 7 6 
20180510458 1 8 9 3 4 10 7 2 5 6 
20180510459 4 8 10 5 9 2 3 6 1 7 
20180510460 5 6 7 4 9 3 1 10 2 8 
20180510461 1 9 6 5 7 3 4 8 2 10 
20180510462 1 4 3 7 5 10 8 6 9 2 
20180510463 8 10 9 6 7 2 4 1 3 5 
20180510464 7 9 5 2 8 1 4 6 10 3 
20180510465 3 4 9 8 5 6 10 2 7 1 
20180510466 4 7 2 9 3 8 10 6 5 1 
20180510467 3 2 9 10 8 1 4 6 7 5 
20180510468 1 5 4 2 8 7 3 6 9 10 
20180510469 10 8 2 6 4 1 3 7 5 9 
20180510470 1 2 9 7 6 8 4 5 3 10 
20180510471 7 2 5 10 9 3 4 1 8 6 
20180510472 8 1 10 2 4 7 6 9 5 3 
20180510473 10 1 5 6 7 2 9 3 4 8 
20180510474 5 10 9 7 4 6 2 1 3 8 
20180510475 2 5 7 9 4 1 10 3 6 8 
20180510476 4 10 2 9 1 3 8 7 5 6 
20180510477 6 10 9 3 7 5 1 8 4 2 
20180510478 2 1 3 10 6 7 4 5 9 8 
20180510479 10 8 7 3 1 4 6 9 2 5 
20180510480 6 1 10 3 2 9 7 4 8 5 
20180510481 5 6 7 3 8 10 9 1 4 2 
20180510482 3 8 5 4 9 7 10 6 2 1 
20180510483 2 7 4 6 1 5 10 3 8 9 
20180510484 3 10 1 2 6 7 4 8 5 9 
20180510485 4 6 10 8 1 2 3 5 7 9 
20180510486 8 5 2 3 1 4 6 7 10 9 
20180510487 5 4 8 7 10 6 1 9 2 3 
20180510488 4 9 3 1 10 2 7 8 6 5 
20180510489 7 4 3 5 1 9 2 10 8 6 
20180510490 7 4 5 9 3 1 6 2 10 8 
20180510491 7 10 8 4 5 1 9 6 3 2 
20180510492 7 8 9 10 2 6 1 4 3 5 
20180510493 5 3 10 6 4 8 1 7 9 2 
20180510494 4 1 5 9 3 8 10 7 6 2 
20180510495 10 2 7 6 3 4 5 1 9 8 
20180510496 2 7 10 3 9 1 6 5 8 4 
20180510497 6 8 9 7 2 5 3 1 4 10 
20180510498 2 5 4 9 8 1 7 3 10 6 
20180510499 6 9 5 4 3 8 1 2 10 7 
20180510500 1 3 9 2 7 10 5 8 4 6 
20180510501 2 3 8 5 1 7 4 6 9 10 
20180510502 6 9 2 5 3 10 7 4 8 1 
20180510503 6 7 3 2 5 10 4 9 8 1 
20180510504 6 8 3 5 1 9 7 10 2 4 
20180510505 6 7 3 2 10 8 9 4 5 1 
20180510506 8 3 2 9 7 6 10 4 5 1 
20180510507 3 4 9 8 7 1 10 2 6 5 
20180510508 10 1 9 8 4 5 7 2 6 3 
20180510509 5 10 6 1 4 8 3 9 2 7 
20180510510 4 1 5 2 8 3 6 10 9 7 
20180510511 9 2 3 4 8 6 10 7 5 1 
20180510512 5 8 1 4 6 2 7 10 9 3 
20180510513 8 7 4 3 10 5 2 9 1 6 
20180510514 5 6 3 4 1 7 10 8 9 2 
20180510515 5 3 10 1 8 2 7 4 6 9 
20180510516 10 1 7 6 3 2 4 8 5 9 
20180510517 5 9 8 2 4 3 6 1 7 10 
20180510518 9 7 1 4 2 3 5 10 6 8 
20180510519 4 5 10 8 9 7 3 6 1 2 
20180510520 5 7 8 6 1 10 9 4 3 2 
20180510521 7 6 2 8 5 9 4 10 3 1 
20180510522 4 9 10 6 2 5 7 3 8 1 
20180510523 4 9 8 1 10 2 7 6 3 5 
20180510524 6 7 1 5 9 8 10 3 2 4 
20180510525 5 9 10 7 3 4 2 8 1 6 
20180510526 8 3 5 10 1 4 6 7 9 2 
20180510527 4 6 7 1 10 8 5 9 3 2 
20180510528 6 10 4 1 9 5 3 8 2 7 
20180510529 5 10 8 7 6 4 1 9 3 2 
20180510530 3 9 1 4 10 2 7 6 5 8 
20180510531 10 7 2 9 1 8 4 3 6 5 
20180510532 9 8 4 10 1 6 7 3 2 5 
20180510533 9 3 5 10 7 2 4 1 6 8 
20180510534 9 7 3 10 6 8 2 4 5 1 
20180510535 5 9 4 10 6 7 1 3 2 8 
20180510536 7 9 2 5 6 8 4 3 1 10 
20180510537 8 1 4 6 7 9 3 10 2 5 
20180510538 9 4 5 8 3 2 7 10 6 1 
20180510539 2 8 10 9 7 1 4 3 5 6 
20180510540 8 10 6 1 3 9 5 7 4 2 
20180510541 4 9 2 10 1 3 5 8 6 7 
20180510542 8 5 3 1 2 7 9 10 4 6 
20180510543 10 2 3 9 8 5 6 7 4 1 
20180510544 9 4 1 7 2 10 8 3 5 6 
20180510545 8 9 3 2 4 5 6 1 7 10 
20180510546 9 8 4 5 1 10 6 2 7 3 
20180510547 7 6 3 1 8 4 9 5 10 2 
20180510548 8 6 4 3 10 5 1 9 7 2 
20180510549 1 4 8 7 5 3 6 9 2 10 
20180510550 6 5 2 3 9 10 1 8 7 4 
20180510551 4 2 3 5 10 8 1 9 7 6 
20180510552 9 6 8 4 5 2 1 7 10 3 
20180510553 4 1 3 10 9 5 2 8 7 6 
20180510554 5 1 3 8 4 9 10 6 7 2 
20180510555 5 6 9 1 3 7 10 2 8 4 
20180510556 7 2 8 9 3 6 10 1 5 4 
20180510557 8 5 10 9 2 7 1 3 4 6 
20180510558 2 10 9 8 6 3 7 1 5 4 
20180510559 4 6 8 10 2 7 1 5 9 3 
20180510560 10 4 6 9 8 1 7 3 5 2 
20180510561 4 8 9 1 3 2 5 10 6 7 
20180510562 4 8 6 1 10 7 2 3 5 9 
20180510563 5 10 2 4 7 8 9 1 3 6 
20180510564 3 10 5 9 2 7 8 4 6 1 
20180510565 1 6 7 10 8 4 9 5 2 3 
20180510566 7 9 5 3 1 4 2 6 8 10 
20180510567 9 5 7 4 10 8 2 6 3 1 
20180510568 4 2 5 9 1 6 3 7 10 8 
20180510569 7 1 10 6 4 2 9 3 8 5 
20180510570 8 7 6 4 3 10 9 2 1 5 
20180510571 1 10 9 3 2 6 4 5 7 8 
20180510572 7 6 9 3 2 10 5 1 8 4 
20180510573 6 5 10 1 4 9 2 3 8 7 
20180510574 5 2 8 9 1 4 7 6 10 3 
20180510575 6 3 5 4 8 9 1 7 10 2 
20180510576 7 1 8 10 6 9 5 3 4 2 
20180510577 3 5 2 10 1 7 9 6 8 4 
20180510578 5 10 2 4 7 1 9 6 8 3 
20180510579 7 9 4 6 3 10 2 5 1 8 
20180510580 9 8 10 1 7 6 2 5 4 3 
20180510581 6 3 1 7 8 9 4 5 2 10 
20180510582 2 8 4 5 9 6 1 3 7 10 
20180510583 7 5 6 1 2 4 3 9 10 8 
20180510584 10 9 5 1 8 3 4 2 7 6 
20180510585 8 2 9 3 4 7 5 6 1 10 
20180510586 8 1 6 4 7 10 2 9 5 3 
20180510587 3 10 1 9 5 2 8 4 7 6 
20180510588 9 4 7 10 8 3 5 1 2 6 
20180510589 7 8 10 5 9 6 2 4 3 1 
20180510590 5 10 8 1 3 4 2 7 9 6 
20180510591 5 4 3 10 8 9 6 1 2 7 
20180510592 3 7 1 8 9 2 5 4 6 10 
20180510593 3 10 8 5 9 7 1 6 4 2 
20180510594 3 5 10 7 9 4 1 8 2 6 
20180510595 3 2 6 4 5 8 9 7 10 1 
20180510596 4 7 6 2 3 9 1 10 8 5 
20180510597 2 5 3 7 1 8 10 4 6 9 
20180510598 9 6 3 4 1 10 7 2 5 8 
20180510599 1 5 7 4 3 6 8 9 2 10 
20180510600 3 9 5 6 4 7 8 1 10 2 
20180510601 2 7 10 9 8 6 4 3 5 1 
20180510602 9 7 5 2 1 4 8 3 10 6 
20180510603 6 4 8 2 1 9 3 7 5 10 
20180510604 9 10 6 2 8 5 3 4 1 7 
20180510605 5 3 9 6 1 2 8 10 7 4 
20180510606 4 5 2 10 7 3 8 1 9 6 
20180510607 5 4 6 9 10 7 3 8 2 1 
20180510608 4 5 10 2 9 3 8 1 7 6 
20180510609 8 3 10 4 7 9 1 2 5 6 
20180510610 3 4 9 7 10 2 6 8 5 1 
20180510611 7 3 10 2 5 9 8 4 1 6 
20180510612 5 2 3 10 7 8 6 9 4 1 
20180510613 2 9 4 7 6 10 3 5 1 8 
20180510614 9 10 5 6 4 3 2 1 8 7 
20180510615 3 6 7 4 9 10 8 1 5 2 
20180510616 1 6 5 10 4 9 2 7 8 3 
20180510617 7 6 8 9 3 5 10 1 4 2 
20180510618 8 2 7 3 4 6 1 5 9 10 
20180510619 1 7 10 6 4 8 3 9 2 5 
20180510620 6 1 4 10 2 3 9 8 5 7 
20180510621 6 7 2 5 8 4 3 10 9 1 
20180510622 1 8 7 6 2 5 3 10 9 4 
20180510623 9 6 4 2 10 5 3 1 7 8 
20180510624 10 8 2 4 6 9 7 5 1 3 
20180510625 7 2 9 10 1 5 4 3 6 8 
20180510626 5 1 6 2 4 10 7 3 8 9 
20180510627 10 1 9 7 4 6 5 2 8 3 
20180510628 1 6 5 2 8 7 9 10 3 4 
20180510629 10 3 6 8 1 5 9 2 4 7 
20180510630 6 8 7 10 5 2 3 1 4 9 
20180510631 7 10 4 9 5 3 8 1 2 6 
20180510632 4 5 9 7 8 10 1 3 2 6 
20180510633 9 2 8 10 5 3 1 7 4 6 
20180510634 4 8 5 2 3 6 7 9 10 1 
20180510635 2 6 9 5 3 4 7 1 8 10 
20180510636 9 6 4 2 10 7 5 8 1 3 
20180510637 4 3 5 1 6 8 9 10 2 7 
20180510638 10 5 8 6 4 7 3 1 9 2 
20180510639 3 2 9 8 7 4 10 1 5 6 
20180510640 4 6 1 5 8 10 2 9 7 3 
20180510641 1 4 8 6 9 3 5 7 2 10 
20180510642 9 6 5 1 2 3 10 4 8 7 
20180510643 8 3 2 7 4 5 10 6 9 1 
20180510644 6 4 5 2 10 1 7 3 9 8 
20180510645 4 5 6 1 2 10 7 3 9 8 
20180510646 7 6 8 1 3 5 2 9 10 4 
20180510647 5 8 6 7 9 2 3 1 10 4 
20180510648 4 5 2 3 8 7 1 9 10 6 
20180510649 9 10 6 5 7 2 4 1 8 3 
20180510650 7 1 8 6 10 5 4 2 9 3 
20180510651 4 7 8 9 3 1 10 6 5 2 
20180510652 6 10 2 5 1 3 9 8 4 7 
20180510653 1 9 8 2 6 5 10 7 3 4 
20180510654 8 3 2 5 4 1 9 10 7 6 
20180510655 3 10 9 4 7 5 8 1 6 2 
20180510656 3 1 7 6 4 9 8 10 2 5 
20180510657 6 8 9 5 3 4 7 1 10 2 
20180510658 8 7 1 2 3 9 10 6 4 5 
20180510659 8 2 6 10 4 9 3 1 5 7 
20180510660 5 9 2 3 4 7 8 6 10 1 
20180510661 9 3 2 7 1 4 5 8 6 10 
20180510662 10 7 9 6 2 4 1 3 8 5 
20180510663 10 8 2 6 5 7 3 4 9 1 
20180510664 5 2 4 7 10 8 3 1 9 6 
20180510665 3 1 8 10 5 6 2 4 7 9 
20180510666 5 8 9 7 1 2 4 6 10 3 
20180510667 2 9 7 5 10 6 8 3 1 4 
20180510668 9 4 1 7 2 6 10 5 8 3 
20180510669 9 1 3 8 2 4 6 10 5 7 
20180510670 6 10 4 8 2 3 1 5 9 7 
20180510671 10 9 8 7 6 5 2 1 4 3 
20180510672 4 1 8 3 2 9 5 10 7 6 
20180510673 7 6 1 3 5 10 4 2 9 8 
20180510674 4 1 6 9 5 8 2 10 3 7 
20180510675 4 10 8 3 7 9 2 1 6 5 
20180510676 6 8 10 5 2 9 4 1 3 7 
20180510677 2 7 9 5 8 1 3 4 10 6 
20180510678 3 7 1 5 8 6 9 4 2 10 
20180510679 2 3 1 7 9 6 5 8 4 10 
20180510680 5 6 7 2 9 3 8 4 1 10 
20180510681 5 9 8 6 7 3 10 4 2 1 
20180510682 7 3 9 1 5 6 4 10 2 8 
20180510683 6 10 4 1 2 9 3 8 7 5 
20180510684 8 9 3 7 6 10 4 5 2 1 
20180510685 8 1 6 10 7 9 4 2 5 3 
20180510686 7 9 2 5 10 8 4 3 6 1 
20180510687 9 3 1 6 8 2 4 5 7 10 
20180510688 5 8 3 1 4 9 6 2 10 7 
20180510689 9 10 2 7 3 1 8 6 5 4 
20180510690 6 8 4 5 7 10 9 3 1 2 
20180510691 4 10 7 6 5 2 3 1 9 8 
20180510692 5 8 9 10 2 3 4 6 7 1 
20180510693 2 9 5 10 7 1 4 8 3 6 
20180510694 10 5 8 7 6 4 1 3 2 9 
20180510695 5 6 1 9 4 3 8 7 2 10 
20180510696 5 10 8 7 3 6 2 1 9 4 
20180510697 2 5 10 9 3 7 4 8 6 1 
20180510698 3 10 4 6 9 1 5 2 8 7 
20180510699 3 2 4 7 10 9 8 1 5 6 
20180510700 2 5 6 7 4 10 9 8 1 3 
20180510701 3 9 2 7 5 10 1 4 6 8 
20180510702 5 4 3 10 9 6 8 7 2 1 
20180510703 5 10 8 4 3 7 9 6 1 2 
20180510704 10 9 6 3 8 4 7 1 2 5 
20180510705 4 2 3 1 6 7 9 8 5 10 
20180510706 4 5 9 10 7 3 1 2 6 8 
20180510707 5 7 4 8 3 10 9 2 1 6 
20180510708 9 3 10 7 4 8 5 2 6 1 
20180510709 5 6 2 3 8 7 4 9 10 1 
20180510710 4 10 9 3 5 2 8 6 1 7 
20180510711 6 1 2 9 10 4 3 7 5 8 
20180510712 1 8 9 7 10 3 4 6 5 2 
20180510713 1 10 5 7 4 6 3 2 8 9 
20180510714 6 5 4 3 10 1 8 2 7 9 
20180510715 2 9 4 10 5 3 8 7 6 1 
20180510716 6 3 10 7 4 9 1 8 5 2 
20180510717 1 5 9 4 2 6 3 8 7 10 
20180510718 7 8 9 3 10 2 6 5 4 1 
20180510719 8 5 1 9 6 2 10 7 3 4 
20180510720 10 3 1 9 6 8 7 2 4 5 
20180510721 6 10 5 8 3 7 1 4 2 9 
20180510722 4 3 8 5 10 7 9 2 1 6 
20180510723 3 6 2 1 9 4 7 5 8 10 
20180510724 9 7 1 8 6 3 10 4 5 2 
20180510725 9 2 5 4 8 3 7 10 6 1 
20180510726 9 5 3 10 6 8 1 4 2 7 
20180510727 5 6 1 3 7 10 2 4 8 9 
20180510728 3 2 1 6 9 8 10 4 7 5 
20180510729 4 9 1 8 6 10 3 2 5 7 
20180510730 3 2 9 10 6 7 8 5 1 4 
20180510731 10 5 2 7 6 1 3 4 8 9 
20180510732 1 7 4 8 3 10 5 2 6 9 
20180510733 8 4 10 6 7 9 2 5 1 3 
20180510734 4 1 6 2 8 7 10 3 5 9 
20180510735 3 9 6 10 8 7 4 2 1 5 
20180510736 7 9 4 2 5 6 1 3 10 8 
20180510737 2 4 5 10 8 1 6 9 7 3 
20180510738 6 1 8 5 4 9 10 7 3 2 
20180510739 10 6 8 2 4 3 5 7 9 1 
20180510740 4 3 9 5 1 8 6 10 2 7 
20180510741 8 10 3 9 6 5 4 1 7 2 
20180510742 4 6 2 5 10 9 1 8 3 7 
20180510743 8 5 9 4 6 3 10 1 7 2 
20180510744 8 9 1 7 5 2 3 6 10 4 
20180510745 4 6 8 7 10 3 1 9 2 5 
20180510746 4 10 7 5 6 9 3 1 2 8 
20180510747 4 2 10 8 1 5 3 6 7 9 
20180510748 10 9 7 1 6 2 3 8 5 4 
20180510749 6 5 1 7 3 8 9 2 10 4 
20180510750 8 6 5 7 10 1 9 2 4 3 
20180510751 1 2 6 9 7 4 5 10 3 8 
20180510752 9 8 3 10 7 1 5 2 4 6 
20180510753 8 10 1 7 5 3 9 6 4 2 
20180510754 5 4 1 2 10 9 8 3 6 7 
20180510755 7 3 8 6 10 4 2 1 5 9 
20180510756 9 2 8 5 1 7 3 4 6 10 
20180510757 7 5 10 3 4 8 1 9 2 6 
20180510758 8 5 1 3 6 9 7 2 4 10 
20180510759 5 3 9 8 10 1 6 2 4 7 
20180510760 4 8 2 5 7 1 9 6 3 10 
20180510761 4 10 7 2 3 5 9 8 1 6 
20180510762 7 1 10 5 4 6 3 2 8 9 
20180510763 7 4 5 9 3 10 2 8 1 6 
20180510764 9 7 8 3 1 6 5 2 10 4 
20180510765 7 5 4 1 6 10 9 2 3 8 
20180510766 8 2 6 9 3 4 7 10 1 5 
20180510767 3 8 4 5 7 10 1 2 9 6 
20180510768 9 10 8 4 1 2 5 3 6 7 
20180510769 8 3 7 9 5 10 2 1 6 4 
20180510770 2 7 3 5 10 8 1 9 4 6 
20180510771 4 1 7 8 6 5 2 3 10 9 
20180510772 4 5 9 1 3 7 8 2 10 6 
20180510773 9 3 10 4 6 5 1 2 8 7 
20180510774 2 8 7 6 1 10 4 5 3 9 
20180510775 6 2 1 3 4 10 9 8 7 5 
20180510776 10 2 3 4 9 7 6 1 5 8 
20180510777 5 3 6 10 2 8 7 9 4 1 
20180510778 5 6 3 1 9 8 4 2 10 7 
20180510779 6 4 5 10 2 3 8 7 1 9 
20180510780 5 8 10 2 1 6 7 9 3 4 
20180510781 1 9 2 8 6 7 5 10 4 3 
20180510782 8 10 1 6 3 5 2 9 4 7 
20180510783 10 5 7 8 6 2 1 4 3 9 
20180510784 5 4 2 8 3 9 7 10 6 1 
20180510785 6 10 9 7 2 4 1 8 3 5 
20180510786 6 1 4 7 2 3 5 8 10 9 
20180510787 3 5 2 10 6 7 9 8 1 4 
20180510788 5 7 6 1 4 9 10 8 3 2 
20180510789 6 9 7 8 1 3 5 4 2 10 
20180510790 3 5 4 7 8 6 10 2 1 9 
20180510791 5 1 4 10 7 3 8 2 6 9 
20180510792 1 10 7 8 2 9 4 5 6 3 
20180510793 3 10 9 7 5 4 8 6 1 2 
20180510794 8 2 9 3 5 10 7 4 6 1 
20180510795 2 4 10 1 3 9 7 5 6 8 
20180510796 8 4 2 10 7 5 1 3 6 9 
20180510797 10 5 8 3 7 6 1 9 2 4 
20180510798 5 3 1 7 4 6 8 9 2 10 
20180510799 4 9 7 5 10 3 8 1 6 2 
20180510800 2 4 6 3 8 1 5 9 10 7 
20180510801 4 1 9 3 5 6 8 10 7 2 
20180510802 1 9 5 10 3 7 8 2 6 4 
20180510803 7 9 6 5 3 2 1 8 4 10 
20180510804 9 5 4 8 10 1 2 7 3 6 
20180510805 1 7 8 5 9 6 3 4 10 2 
20180510806 9 2 3 4 6 8 5 7 10 1 
20180510807 6 2 4 7 3 5 10 8 9 1 
20180510808 6 9 1 2 10 8 3 5 4 7 
20180510809 9 5 4 8 2 3 10 7 1 6 
20180510810 2 10 5 1 9 7 8 3 6 4 
20180510811 9 10 7 6 3 4 2 1 8 5 
20180510812 6 3 8 1 4 2 10 5 9 7 
20180510813 2 8 1 6 4 10 5 7 3 9 
20180510814 8 7 9 1 3 6 10 5 2 4 
20180510815 7 9 5 3 8 10 2 4 6 1 
20180510816 1 9 5 7 8 3 2 6 10 4 
20180510817 7 4 6 5 2 1 9 8 10 3 
20180510818 6 5 9 2 7 4 10 8 1 3 
20180510819 4 1 2 9 6 5 3 8 10 7 
20180510820 3 6 7 2 1 10 9 5 8 4 
20180510821 9 4 2 5 1 7 6 3 8 10 
20180510822 7 8 1 6 9 4 5 2 3 10 
20180510823 3 9 1 6 4 10 7 8 5 2 
20180510824 2 5 4 1 10 3 6 7 9 8 
20180510825 1 9 8 6 4 5 3 7 2 10 
20180510826 2 3 5 8 10 9 1 7 6 4 
20180510827 1 8 6 7 9 2 4 10 5 3 
20180510828 7 3 1 9 5 10 4 6 8 2 
20180510829 10 4 2 6 8 3 7 5 1 9 
20180510830 7 5 9 1 6 8 4 10 3 2 
20180510831 7 8 1 9 2 4 10 5 6 3 
20180510832 1 8 5 7 10 3 9 2 6 4 
20180510833 4 5 9 8 7 6 10 1 3 2 
20180510834 4 7 1 10 6 5 2 8 3 9 
20180510835 10 6 3 1 2 9 8 4 7 5 
20180510836 10 5 8 4 7 1 2 3 9 6 
20180510837 5 10 7 1 6 2 9 3 8 4 
20180510838 10 7 2 1 4 3 8 9 5 6 
20180510839 9 5 7 3 6 1 2 4 10 8 
20180510840 3 8 7 4 5 10 6 1 2 9 
20180510841 2 7 1 10 9 5 4 8 6 3 
20180510842 4 3 7 8 10 9 6 2 1 5 
20180510843 2 5 4 3 7 1 9 10 6 8 
20180510844 7 2 5 10 9 1 6 4 3 8 
20180510845 6 2 9 5 7 8 10 1 3 4 
20180510846 4 3 2 7 8 1 9 6 5 10 
20180510847 7 3 5 6 2 1 4 9 10 8 
20180510848 2 9 10 4 1 3 7 8 5 6 
20180510849 6 7 3 9 4 1 2 10 5 8 
20180510850 7 10 1 9 3 4 6 5 8 2 
20180510851 4 6 3 2 8 7 9 5 10 1 
20180510852 5 1 8 2 4 7 9 3 10 6 
20180510853 1 2 10 9 6 8 3 5 4 7 
20180510854 7 10 2 3 5 9 6 1 4 8 
20180510855 3 5 2 4 1 6 9 8 7 10 
20180510856 8 6 3 7 9 1 10 5 2 4 
20180510857 10 5 6 3 8 9 1 4 7 2 
20180510858 8 2 5 4 7 10 1 3 9 6 
20180510859 1 10 8 5 9 2 4 3 6 7 
20180510860 1 5 3 8 10 7 6 9 4 2 
20180510861 5 9 4 2 6 7 1 3 10 8 
20180510862 4 8 9 5 6 2 10 3 1 7 
20180510863 3 5 1 8 2 6 9 10 4 7 
20180510864 6 5 4 9 10 3 2 1 8 7 
20180510865 5 1 10 2 4 8 6 9 3 7 
20180510866 8 7 5 3 9 10 2 4 1 6 
20180510867 2 10 6 7 9 4 5 3 8 1 
20180510868 5 10 6 2 3 1 4 9 7 8 
20180510869 4 9 1 10 2 6 7 5 3 8 
20180510870 4 9 5 7 6 8 2 10 3 1 
20180510871 4 10 6 5 7 2 1 9 8 3 
20180510872 9 1 5 8 7 6 3 4 2 10 
20180510873 1 4 9 10 6 5 2 3 8 7 
20180510874 6 9 3 1 8 7 10 2 5 4 
20180510875 6 5 4 9 3 2 7 10 1 8 
20180510876 6 4 3 2 8 5 10 9 1 7 
20180510877 6 9 2 8 3 4 7 5 10 1 
20180510878 5 4 9 10 2 8 7 3 1 6 
20180510879 8 6 7 10 4 9 5 3 1 2 
20180510880 9 3 2 6 5 8 4 1 10 7 
20180510881 1 5 8 3 4 6 10 9 2 7 
20180510882 8 7 5 2 4 3 1 9 6 10 
20180510883 9 4 2 10 6 8 5 7 3 1 
20180510884 7 10 5 6 1 3 2 9 4 8 
20180510885 2 9 10 1 4 3 6 5 7 8 
20180510886 6 8 5 4 3 1 2 7 10 9 
20180510887 6 5 4 1 9 8 3 2 7 10 
20180510888 2 7 8 10 3 5 1 4 6 9 
20180510889 4 8 5 6 9 2 10 1 7 3 
20180510890 4 6 3 9 10 2 8 5 1 7 
20180510891 5 6 1 4 10 7 2 3 8 9 
20180510892 1 5 4 2 8 6 9 7 10 3 
20180510893 10 9 1 2 7 5 4 3 8 6 
20180510894 8 7 4 5 1 3 6 10 9 2 
20180510895 1 7 9 10 8 6 2 5 4 3 
20180510896 1 4 7 6 9 3 5 2 8 10 
20180510897 3 8 5 4 10 7 6 9 1 2 
20180510898 1 3 7 10 9 5 6 4 2 8 
20180510899 7 1 3 10 9 6 5 8 2 4 
20180510900 2 6 10 4 7 8 1 9 3 5 
20180510901 8 5 10 6 1 4 2 7 9 3 
20180510902 8 1 4 6 5 2 7 3 9 10 
20180510903 9 6 10 2 4 1 3 8 7 5 
20180510904 8 7 10 1 5 6 3 9 4 2 
20180510905 4 6 2 1 8 10 3 7 9 5 
20180510906 8 5 1 7 9 2 10 6 3 4 
20180510907 6 5 7 1 8 3 2 9 10 4 
20180510908 1 10 5 7 9 6 8 3 2 4 
20180510909 5 4 7 6 8 9 10 3 1 2 
20180510910 1 4 2 7 3 8 10 5 6 9 
20180510911 5 6 3 2 7 4 1 10 9 8 
20180510912 6 4 1 10 9 2 8 7 5 3 
20180510913 3 1 8 6 7 2 5 9 4 10 
20180510914 5 9 6 4 1 10 7 8 2 3 
20180510915 2 4 9 1 10 6 8 7 5 3 
20180510916 7 6 10 3 4 9 5 8 2 1 
20180510917 7 3 8 2 4 10 9 6 5 1 
20180510918 4 6 7 2 1 3 10 9 5 8 
20180510919 3 4 6 2 7 8 1 10 9 5 
20180510920 6 8 9 10 1 7 2 5 3 4 
20180510921 7 5 6 4 10 8 2 3 1 9 
20180510922 7 5 2 6 8 10 9 1 4 3 
20180510923 6 8 7 3 2 5 1 4 9 10 
20180510924 4 1 6 2 9 5 8 10 3 7 
20180510925 6 9 4 7 10 1 2 8 5 3 
20180510926 9 10 6 7 2 1 4 5 8 3 
20180510927 7 1 9 5 4 8 6 3 10 2 
20180510928 3 4 8 9 5 2 10 1 7 6 
20180510929 4 1 5 8 3 9 2 6 10 7 
20180510930 4 8 10 6 1 2 9 7 3 5 
20180510931 10 7 8 5 3 2 9 1 6 4 
20180510932 8 5 3 10 2 7 6 9 1 4 
20180510933 5 10 3 4 2 6 7 9 8 1 
20180510934 5 8 3 4 1 7 9 6 10 2 
20180510935 7 3 5 4 9 8 10 2 6 1 
20180510936 4 10 6 5 2 8 7 3 1 9 
20180510937 7 6 8 1 2 4 3 9 10 5 
20180510938 10 9 2 8 4 6 3 7 5 1 
20180510939 4 7 6 2 10 1 3 5 8 9 
20180510940 2 3 1 5 10 9 6 8 7 4 
20180510941 1 4 5 7 9 3 2 6 8 10 
20180510942 9 6 8 2 4 10 5 7 1 3 
20180510943 5 2 6 4 3 7 8 1 10 9 
20180510944 2 5 4 3 10 1 9 7 8 6 
20180510945 1 3 8 2 5 10 6 7 9 4 
20180510946 5 6 1 10 4 8 3 7 2 9 
20180510947 5 3 9 7 2 8 10 6 4 1 
20180510948 2 7 4 10 9 1 6 3 5 8 
20180510949 5 3 10 1 4 6 2 9 7 8 
20180510950 3 8 1 5 9 4 7 10 2 6 
20180510951 10 1 4 9 6 3 7 5 8 2 
20180510952 6 5 1 10 2 4 9 3 8 7 
20180510953 10 6 7 4 3 1 9 8 2 5 
20180510954 4 1 3 6 2 7 10 9 8 5 
20180510955 7 8 10 1 3 4 6 9 5 2 
20180510956 1 9 2 7 6 4 10 3 5 8 
20180510957 2 7 6 8 10 9 4 3 1 5 
20180510958 10 5 8 2 3 4 6 7 9 1 
20180510959 3 4 9 6 2 8 5 10 1 7 
20180510960 8 9 4 6 3 7 10 1 2 5 
20180510961 9 6 5 4 7 2 10 1 3 8 
20180510962 1 4 2 6 7 9 3 5 8 10 
20180510963 8 1 6 3 9 10 4 7 5 2 
20180510964 7 10 1 6 5 4 2 3 9 8 
20180510965 10 4 7 1 9 6 2 5 8 3 
20180510966 8 4 9 5 7 3 2 6 10 1 
20180510967 5 6 2 9 1 4 8 10 3 7 
20180510968 8 3 2 1 10 7 5 6 4 9 
20180510969 6 1 5 7 9 10 3 8 2 4 
20180510970 4 8 5 2 3 1 7 6 9 10 
20180510971 6 3 7 10 2 4 8 9 5 1 
20180510972 4 7 1 3 2 9 6 5 10 8 
20180510973 5 3 4 7 2 9 1 6 10 8 
20180510974 6 5 3 10 8 2 7 1 4 9 
20180510975 8 5 3 9 1 7 6 2 10 4 
20180510976 9 1 10 8 3 2 6 7 5 4 
20180510977 2 5 1 8 7 10 9 4 3 6 
20180510978 4 3 10 1 5 9 7 8 2 6 
20180510979 2 6 1 10 9 8 4 5 3 7 
20180510980 6 7 3 8 10 5 2 4 9 1 
20180510981 6 3 2 7 8 1 9 10 5 4 
20180510982 8 4 2 10 5 1 6 3 9 7 
20180510983 2 4 9 8 5 3 6 10 7 1 
20180510984 9 6 2 7 3 8 5 1 10 4 
20180510985 1 7 6 3 4 5 10 2 8 9 
