20180525001 2 7 10 5 1 9 6 3 8 4 
20180525002 3 4 8 10 7 1 9 2 5 6 
20180525003 3 7 9 4 8 1 10 5 6 2 
20180525004 8 9 10 6 2 4 1 7 3 5 
20180525005 10 8 4 3 2 6 9 5 7 1 
20180525006 4 1 7 10 9 3 5 2 6 8 
20180525007 9 2 8 5 1 7 10 6 3 4 
20180525008 7 10 9 3 6 5 4 2 8 1 
20180525009 10 2 1 5 7 4 6 9 8 3 
20180525010 2 7 3 4 5 1 6 9 10 8 
20180525011 4 10 8 2 7 5 6 9 1 3 
20180525012 5 4 1 6 10 9 2 8 7 3 
20180525013 5 7 8 6 9 3 10 2 1 4 
20180525014 8 1 9 2 6 5 10 4 7 3 
20180525015 5 2 4 1 10 6 3 7 9 8 
20180525016 8 9 6 3 4 10 7 5 2 1 
20180525017 3 2 6 10 7 1 8 4 5 9 
20180525018 10 7 9 2 8 1 5 3 4 6 
20180525019 1 3 4 6 9 2 8 5 7 10 
20180525020 4 5 1 10 7 2 3 9 6 8 
20180525021 6 10 1 8 5 4 9 2 7 3 
20180525022 4 9 3 10 8 2 7 1 5 6 
20180525023 1 5 4 2 6 7 8 3 9 10 
20180525024 6 5 1 10 9 8 4 7 2 3 
20180525025 10 7 4 2 9 8 3 5 1 6 
20180525026 1 2 7 3 6 4 10 8 9 5 
20180525027 3 9 6 8 2 10 4 1 5 7 
20180525028 5 3 2 9 6 4 8 7 10 1 
20180525029 9 2 3 7 8 4 10 1 5 6 
20180525030 9 3 1 5 4 8 7 6 2 10 
20180525031 4 7 3 9 6 10 2 8 1 5 
20180525032 2 7 10 4 8 6 1 9 3 5 
20180525033 8 7 1 5 4 9 3 2 6 10 
20180525034 10 1 2 6 5 3 4 9 8 7 
20180525035 5 2 1 6 9 10 4 7 3 8 
20180525036 4 9 3 1 6 8 5 2 10 7 
20180525037 4 6 8 3 9 5 1 2 10 7 
20180525038 9 3 7 8 6 2 5 4 10 1 
20180525039 3 4 9 7 10 8 5 2 1 6 
20180525040 9 2 8 5 10 1 6 7 4 3 
20180525041 9 1 8 2 6 5 7 10 3 4 
20180525042 1 10 5 2 8 9 3 6 7 4 
20180525043 2 9 6 10 8 1 3 7 5 4 
20180525044 1 9 4 6 8 7 2 5 3 10 
20180525045 2 10 7 6 3 4 5 9 8 1 
20180525046 3 9 2 6 1 10 8 7 5 4 
20180525047 2 5 9 4 1 8 3 7 6 10 
20180525048 4 1 10 5 3 9 6 7 2 8 
20180525049 4 9 10 2 6 1 3 7 8 5 
20180525050 10 7 6 3 5 9 1 8 2 4 
20180525051 10 2 4 5 6 7 3 1 9 8 
20180525052 5 10 9 1 8 3 2 4 6 7 
20180525053 10 8 1 9 5 6 4 2 3 7 
20180525054 4 1 2 7 10 9 6 3 5 8 
20180525055 1 10 6 9 5 8 7 3 2 4 
20180525056 7 5 2 1 3 9 6 8 4 10 
20180525057 9 4 1 2 6 8 10 5 3 7 
20180525058 8 2 5 4 1 6 3 7 9 10 
20180525059 1 6 4 3 5 7 10 8 9 2 
20180525060 4 5 9 3 6 7 2 1 8 10 
20180525061 7 1 9 4 10 5 6 2 8 3 
20180525062 9 8 10 5 4 2 1 3 7 6 
20180525063 4 1 7 8 9 5 2 10 3 6 
20180525064 7 2 8 3 9 10 5 6 4 1 
20180525065 2 3 7 6 8 5 9 10 1 4 
20180525066 5 7 3 6 1 8 4 9 10 2 
20180525067 6 4 10 3 8 5 2 9 1 7 
20180525068 10 9 1 6 3 2 5 8 4 7 
20180525069 6 2 9 7 5 8 1 10 4 3 
20180525070 7 4 9 8 2 3 10 1 6 5 
20180525071 6 8 7 5 4 2 9 10 3 1 
20180525072 8 1 9 4 10 3 2 5 7 6 
20180525073 6 2 9 1 4 8 10 7 3 5 
20180525074 5 9 8 4 10 3 6 2 1 7 
20180525075 3 6 5 10 4 1 9 2 8 7 
20180525076 10 1 4 9 7 6 2 8 3 5 
20180525077 4 8 10 5 9 3 2 7 6 1 
20180525078 1 5 3 10 8 7 4 2 6 9 
20180525079 5 3 8 1 4 10 2 7 9 6 
20180525080 10 3 2 7 1 4 8 6 9 5 
20180525081 3 8 5 10 1 4 6 7 2 9 
20180525082 5 6 7 1 2 4 3 8 10 9 
20180525083 5 7 1 8 4 2 9 10 6 3 
20180525084 9 8 10 2 1 5 3 6 4 7 
20180525085 5 10 6 9 7 4 2 1 3 8 
20180525086 5 7 8 2 3 6 4 1 10 9 
20180525087 8 4 5 3 2 6 7 10 1 9 
20180525088 6 8 9 3 4 7 10 2 5 1 
20180525089 6 7 8 1 4 9 5 2 3 10 
20180525090 3 8 1 10 9 2 7 6 5 4 
20180525091 1 9 3 5 6 4 8 10 2 7 
20180525092 3 5 6 10 2 9 1 4 8 7 
20180525093 2 5 8 3 1 7 9 10 6 4 
20180525094 3 9 5 6 10 4 2 7 8 1 
20180525095 1 4 2 10 5 8 9 3 7 6 
20180525096 3 6 4 7 1 5 9 8 10 2 
20180525097 5 2 3 7 10 1 8 6 4 9 
20180525098 3 2 4 10 8 6 1 7 9 5 
20180525099 8 1 4 10 7 5 3 2 6 9 
20180525100 1 7 3 6 4 9 8 10 2 5 
20180525101 5 3 10 7 6 1 2 8 9 4 
20180525102 10 7 5 9 8 4 6 2 3 1 
20180525103 7 1 9 2 3 4 10 5 8 6 
20180525104 5 3 8 2 9 10 7 6 1 4 
20180525105 4 2 7 5 6 1 10 3 9 8 
20180525106 2 3 10 9 8 4 7 6 5 1 
20180525107 6 7 10 1 2 3 9 8 5 4 
20180525108 5 6 3 4 7 2 10 1 8 9 
20180525109 2 7 8 4 6 5 3 9 10 1 
20180525110 9 8 10 4 3 5 2 1 6 7 
20180525111 3 4 9 5 1 6 2 10 7 8 
20180525112 6 9 4 3 8 10 2 5 7 1 
20180525113 4 1 5 8 3 6 7 2 10 9 
20180525114 9 4 2 5 3 8 10 6 1 7 
20180525115 2 5 8 6 4 7 3 9 1 10 
20180525116 4 1 5 6 9 3 10 7 8 2 
20180525117 6 5 7 8 10 9 2 1 3 4 
20180525118 9 7 2 10 6 4 3 8 1 5 
20180525119 9 4 5 6 2 7 8 3 1 10 
20180525120 10 8 4 7 3 9 1 5 2 6 
20180525121 4 6 10 7 8 1 9 5 3 2 
20180525122 6 8 7 2 9 4 3 5 1 10 
20180525123 3 10 7 4 1 9 2 5 6 8 
20180525124 10 9 7 6 4 2 3 1 8 5 
20180525125 9 8 3 6 5 2 1 4 7 10 
20180525126 3 9 5 10 6 8 1 2 7 4 
20180525127 2 3 9 6 4 7 1 10 5 8 
20180525128 1 10 9 2 6 4 8 7 3 5 
20180525129 1 3 5 6 9 2 4 7 8 10 
20180525130 2 3 9 1 10 4 8 5 7 6 
20180525131 6 3 7 2 10 5 9 8 1 4 
20180525132 5 7 4 9 8 3 1 10 2 6 
20180525133 9 7 1 8 2 5 3 6 4 10 
20180525134 2 10 7 4 9 5 6 8 1 3 
20180525135 1 7 9 10 3 8 4 5 6 2 
20180525136 4 8 3 6 2 5 10 1 9 7 
20180525137 7 6 9 10 1 2 5 8 3 4 
20180525138 1 3 7 4 5 8 2 10 9 6 
20180525139 6 9 10 5 2 4 8 7 1 3 
20180525140 5 10 8 4 6 3 2 7 1 9 
20180525141 3 1 5 6 9 7 4 10 2 8 
20180525142 4 3 9 6 5 7 1 2 10 8 
20180525143 1 7 4 9 10 3 8 5 2 6 
20180525144 4 1 9 10 5 7 6 3 8 2 
20180525145 4 2 10 5 9 7 8 6 1 3 
20180525146 3 7 8 4 1 9 10 2 5 6 
20180525147 10 5 7 4 1 3 8 9 6 2 
20180525148 7 5 8 4 9 1 6 3 10 2 
20180525149 10 4 7 9 1 8 6 5 3 2 
20180525150 8 2 10 7 9 5 4 3 6 1 
20180525151 9 5 3 7 1 6 8 10 4 2 
20180525152 9 10 8 7 3 6 1 5 4 2 
20180525153 2 6 3 10 5 4 1 8 9 7 
20180525154 2 8 9 4 7 5 10 3 6 1 
20180525155 6 3 1 9 4 8 7 2 10 5 
20180525156 9 10 3 2 6 4 7 8 1 5 
20180525157 1 7 2 8 6 9 5 4 3 10 
20180525158 9 3 10 2 6 5 7 1 4 8 
20180525159 1 3 7 4 2 6 10 5 8 9 
20180525160 4 7 6 8 1 10 3 9 2 5 
20180525161 1 3 7 5 2 9 4 10 8 6 
20180525162 7 1 5 6 8 3 4 2 9 10 
20180525163 3 7 4 9 5 10 2 1 6 8 
20180525164 9 10 4 7 8 3 1 5 6 2 
20180525165 5 4 10 3 6 7 2 8 9 1 
20180525166 6 9 7 8 1 10 5 4 2 3 
20180525167 5 9 6 8 1 4 3 2 7 10 
20180525168 7 4 5 2 9 8 10 6 1 3 
20180525169 7 1 8 9 2 6 5 3 4 10 
20180525170 9 3 8 1 4 2 5 6 10 7 
20180525171 3 10 8 6 5 1 7 2 9 4 
20180525172 4 9 10 7 3 6 1 5 2 8 
20180525173 9 7 10 3 1 6 8 2 4 5 
20180525174 5 9 10 1 8 7 6 3 2 4 
20180525175 1 10 2 6 4 5 3 9 7 8 
20180525176 3 9 2 4 7 6 5 1 10 8 
20180525177 4 8 2 1 5 10 9 7 3 6 
20180525178 3 10 7 5 9 4 2 8 6 1 
20180525179 9 1 7 6 4 3 5 8 10 2 
20180525180 9 1 2 8 7 4 5 10 6 3 
20180525181 5 6 1 4 2 7 8 9 3 10 
20180525182 4 7 3 6 2 5 10 9 8 1 
20180525183 1 10 8 2 6 4 7 5 9 3 
20180525184 8 6 2 4 5 3 10 7 9 1 
20180525185 6 4 9 10 7 1 8 5 2 3 
20180525186 8 3 2 7 10 9 5 1 4 6 
20180525187 10 8 1 3 9 2 6 4 5 7 
20180525188 9 4 2 10 8 7 6 3 5 1 
20180525189 7 4 6 1 5 3 10 2 8 9 
20180525190 5 2 10 4 6 9 8 1 3 7 
20180525191 3 8 2 5 6 1 7 9 10 4 
20180525192 10 6 1 3 2 4 5 8 9 7 
20180525193 6 9 4 10 5 8 7 3 1 2 
20180525194 1 10 7 6 2 9 8 5 4 3 
20180525195 10 7 5 1 4 9 2 8 6 3 
20180525196 2 8 3 4 1 6 10 5 9 7 
20180525197 7 8 1 3 6 10 9 4 2 5 
20180525198 5 6 7 1 3 8 2 4 9 10 
20180525199 7 3 9 5 8 10 4 6 1 2 
20180525200 2 8 7 1 6 4 5 9 10 3 
20180525201 3 7 1 9 4 2 6 8 10 5 
20180525202 1 6 3 5 4 2 10 7 8 9 
20180525203 3 9 7 10 6 5 4 2 1 8 
20180525204 9 7 6 10 4 5 2 3 8 1 
20180525205 2 4 6 5 9 1 3 10 8 7 
20180525206 1 2 6 3 7 9 8 4 5 10 
20180525207 5 4 10 2 7 1 3 6 9 8 
20180525208 8 2 7 9 6 5 3 1 4 10 
20180525209 7 5 3 4 1 6 2 8 9 10 
20180525210 2 7 6 10 3 4 1 8 9 5 
20180525211 4 1 6 2 5 7 10 3 9 8 
20180525212 8 1 6 9 7 10 3 2 4 5 
20180525213 5 9 7 8 10 6 1 2 4 3 
20180525214 8 9 5 10 2 4 6 7 3 1 
20180525215 1 10 7 8 4 3 9 6 5 2 
20180525216 8 9 1 7 5 4 6 2 10 3 
20180525217 6 5 4 8 3 7 1 2 10 9 
20180525218 3 8 2 6 4 9 7 10 1 5 
20180525219 3 4 2 10 9 6 5 8 7 1 
20180525220 8 9 5 2 3 7 10 4 6 1 
20180525221 1 5 6 8 3 4 2 7 9 10 
20180525222 2 8 9 5 7 10 1 6 4 3 
20180525223 3 1 6 2 10 9 4 8 5 7 
20180525224 5 2 8 7 9 4 6 10 3 1 
20180525225 10 9 1 3 6 5 8 2 7 4 
20180525226 2 7 8 10 5 4 1 3 6 9 
20180525227 7 2 5 3 4 1 6 8 10 9 
20180525228 6 4 1 3 9 5 2 10 8 7 
20180525229 9 8 1 10 5 6 3 2 4 7 
20180525230 9 4 1 3 5 2 6 7 8 10 
20180525231 2 1 10 4 5 9 8 7 6 3 
20180525232 6 5 10 8 4 9 3 7 1 2 
20180525233 2 4 7 1 5 10 6 8 9 3 
20180525234 2 8 6 7 1 9 3 4 10 5 
20180525235 10 1 6 2 4 9 5 3 7 8 
20180525236 1 9 6 2 8 4 7 10 5 3 
20180525237 6 8 2 5 9 4 7 1 10 3 
20180525238 1 6 5 10 8 4 3 2 7 9 
20180525239 6 8 9 4 5 2 10 3 1 7 
20180525240 4 10 1 9 5 6 2 7 3 8 
20180525241 4 10 9 3 7 1 2 5 8 6 
20180525242 7 1 8 2 5 6 10 4 9 3 
20180525243 10 7 4 2 6 5 1 3 8 9 
20180525244 1 9 7 8 6 10 5 3 2 4 
20180525245 3 6 7 4 2 10 9 5 8 1 
20180525246 1 3 5 9 8 2 6 4 7 10 
20180525247 7 6 10 4 8 9 3 5 2 1 
20180525248 3 5 2 7 6 8 9 1 4 10 
20180525249 2 8 6 9 5 3 1 7 4 10 
20180525250 5 2 6 4 7 1 9 8 3 10 
20180525251 1 6 4 9 5 10 3 8 7 2 
20180525252 1 10 8 9 3 4 6 2 7 5 
20180525253 5 9 4 10 1 2 7 6 8 3 
20180525254 10 8 9 1 3 4 5 2 7 6 
20180525255 1 9 3 5 7 8 10 6 2 4 
20180525256 4 9 5 8 10 3 7 1 2 6 
20180525257 8 1 4 7 6 3 10 5 2 9 
20180525258 1 9 4 3 5 10 2 8 6 7 
20180525259 10 7 2 4 5 3 8 9 1 6 
20180525260 4 1 5 10 6 2 8 3 7 9 
20180525261 9 4 3 6 5 10 8 2 7 1 
20180525262 5 9 2 6 3 10 8 1 7 4 
20180525263 7 10 9 4 5 3 2 6 8 1 
20180525264 10 3 5 1 8 9 6 4 7 2 
20180525265 7 6 1 10 8 5 9 4 3 2 
20180525266 6 8 5 7 1 10 4 2 3 9 
20180525267 6 7 9 2 4 5 8 10 1 3 
20180525268 4 1 6 9 2 10 7 5 8 3 
20180525269 4 3 8 2 1 6 5 7 10 9 
20180525270 8 1 3 10 9 6 7 5 2 4 
20180525271 9 8 4 3 7 10 6 1 2 5 
20180525272 10 4 8 3 2 1 6 7 5 9 
20180525273 7 4 5 10 1 3 6 2 9 8 
20180525274 2 5 9 8 7 1 4 3 6 10 
20180525275 8 9 6 4 1 3 10 5 2 7 
20180525276 4 2 6 10 9 8 7 1 3 5 
20180525277 1 10 9 2 3 4 6 8 7 5 
20180525278 3 6 10 1 8 7 4 9 2 5 
20180525279 10 4 2 8 9 6 3 7 5 1 
20180525280 2 3 8 7 1 4 5 9 10 6 
20180525281 10 5 2 6 4 3 1 8 7 9 
20180525282 4 7 2 8 10 5 9 1 3 6 
20180525283 4 1 7 2 10 3 5 8 9 6 
20180525284 2 9 10 8 3 5 4 1 7 6 
20180525285 6 3 4 1 10 7 5 2 8 9 
20180525286 10 5 7 4 3 1 2 9 8 6 
20180525287 6 4 5 1 7 9 10 8 2 3 
20180525288 4 8 2 10 6 5 1 9 3 7 
20180525289 3 4 10 1 6 2 5 8 7 9 
20180525290 1 5 7 4 3 2 9 6 10 8 
20180525291 1 7 4 8 6 2 9 10 5 3 
20180525292 6 3 10 1 5 9 8 2 7 4 
20180525293 10 9 7 8 2 4 6 3 5 1 
20180525294 2 4 10 5 9 7 6 8 3 1 
20180525295 5 6 7 1 3 9 10 8 4 2 
20180525296 10 8 3 4 9 7 2 1 6 5 
20180525297 6 4 3 9 2 8 5 10 7 1 
20180525298 7 2 6 8 5 1 10 9 3 4 
20180525299 9 3 2 8 6 1 5 7 10 4 
20180525300 2 10 9 3 7 8 1 4 5 6 
20180525301 5 7 4 6 10 2 1 8 9 3 
20180525302 6 2 10 7 4 5 9 8 1 3 
20180525303 4 7 9 5 8 10 1 6 2 3 
20180525304 9 10 4 6 7 2 8 3 1 5 
20180525305 5 8 7 4 9 3 2 6 10 1 
20180525306 3 10 9 1 4 6 2 5 8 7 
20180525307 8 3 6 4 10 9 7 5 1 2 
20180525308 5 6 10 9 8 2 1 3 7 4 
20180525309 6 10 4 7 8 9 1 2 3 5 
20180525310 2 10 7 5 4 9 6 1 8 3 
20180525311 8 1 10 9 7 4 3 2 5 6 
20180525312 4 8 9 2 10 6 7 1 5 3 
20180525313 5 9 7 6 10 8 1 3 2 4 
20180525314 10 9 3 2 4 8 1 7 5 6 
20180525315 6 2 10 1 4 3 5 9 7 8 
20180525316 6 8 4 10 7 2 9 5 1 3 
20180525317 7 2 3 4 8 6 5 1 10 9 
20180525318 1 4 9 3 2 7 8 6 5 10 
20180525319 10 9 8 5 3 7 6 2 4 1 
20180525320 10 6 5 7 9 8 1 4 2 3 
20180525321 1 5 7 9 4 8 3 10 6 2 
20180525322 6 8 3 10 1 4 5 7 2 9 
20180525323 9 2 10 3 1 5 6 8 7 4 
20180525324 9 5 1 10 3 7 4 6 8 2 
20180525325 10 5 8 3 4 2 7 6 1 9 
20180525326 2 1 8 9 5 6 10 7 3 4 
20180525327 4 2 1 7 8 3 9 10 5 6 
20180525328 2 7 4 1 5 6 9 10 3 8 
20180525329 7 3 1 8 6 5 4 10 9 2 
20180525330 10 6 8 2 9 3 1 7 5 4 
20180525331 7 3 5 9 1 10 2 4 6 8 
20180525332 10 3 7 5 4 1 8 2 9 6 
20180525333 2 1 9 8 6 3 7 4 10 5 
20180525334 9 1 6 4 10 8 2 3 5 7 
20180525335 7 8 9 6 2 4 3 10 1 5 
20180525336 4 2 6 5 10 1 8 9 7 3 
20180525337 4 9 3 1 10 5 7 8 6 2 
20180525338 10 6 5 7 1 3 4 2 9 8 
20180525339 6 9 2 5 3 10 8 7 4 1 
20180525340 6 4 2 1 7 5 10 8 3 9 
20180525341 5 8 7 9 6 10 2 3 1 4 
20180525342 1 3 10 7 4 5 2 8 6 9 
20180525343 3 2 7 8 1 4 10 9 5 6 
20180525344 6 4 9 3 7 1 8 2 5 10 
20180525345 2 9 3 1 6 4 10 8 5 7 
20180525346 7 1 2 8 9 6 4 10 3 5 
20180525347 8 6 10 3 9 7 1 5 2 4 
20180525348 4 10 3 2 8 1 9 7 6 5 
20180525349 5 9 3 2 10 8 1 6 4 7 
20180525350 4 10 6 9 8 1 3 2 7 5 
20180525351 1 4 2 3 8 10 7 9 6 5 
20180525352 1 9 4 3 2 8 10 7 6 5 
20180525353 5 4 6 10 2 7 1 3 8 9 
20180525354 3 5 9 2 1 7 8 6 10 4 
20180525355 9 6 4 10 1 8 7 3 2 5 
20180525356 5 6 10 3 4 7 2 8 1 9 
20180525357 7 9 5 4 6 8 3 10 1 2 
20180525358 9 2 8 7 5 10 4 3 1 6 
20180525359 3 5 9 2 6 7 4 10 1 8 
20180525360 3 6 9 1 4 2 5 8 7 10 
20180525361 9 4 5 1 3 10 7 2 8 6 
20180525362 7 9 3 1 5 4 10 2 6 8 
20180525363 10 2 3 6 1 7 8 4 9 5 
20180525364 1 10 3 7 9 8 4 5 2 6 
20180525365 1 9 10 5 2 6 7 3 8 4 
20180525366 4 2 5 9 7 3 8 1 10 6 
20180525367 9 10 1 6 8 3 2 7 4 5 
20180525368 5 9 10 7 2 6 8 1 4 3 
20180525369 2 1 6 3 9 10 4 5 7 8 
20180525370 1 6 9 10 3 4 2 5 8 7 
20180525371 5 2 1 10 8 7 9 3 6 4 
20180525372 10 4 1 9 3 5 7 2 6 8 
20180525373 10 3 2 7 9 6 8 1 5 4 
20180525374 4 9 8 5 10 1 6 2 3 7 
20180525375 8 4 10 1 5 7 3 2 9 6 
20180525376 1 5 6 9 7 8 4 2 10 3 
20180525377 8 3 6 5 1 9 10 4 7 2 
20180525378 10 6 2 4 5 9 8 1 3 7 
20180525379 6 3 5 2 1 9 4 8 7 10 
20180525380 10 4 9 6 2 5 8 3 7 1 
20180525381 1 6 7 8 4 9 2 10 3 5 
20180525382 7 2 9 10 8 1 5 3 4 6 
20180525383 5 7 10 2 4 3 9 6 1 8 
20180525384 3 10 1 5 8 4 6 7 2 9 
20180525385 2 10 1 3 4 6 7 9 8 5 
20180525386 10 9 5 4 3 6 1 2 7 8 
20180525387 3 2 5 4 10 9 7 6 1 8 
20180525388 2 10 8 4 9 1 5 3 7 6 
20180525389 4 3 2 6 10 9 8 7 5 1 
20180525390 10 4 7 9 8 2 3 5 6 1 
20180525391 9 8 10 3 1 7 4 2 6 5 
20180525392 3 4 1 6 8 2 9 5 10 7 
20180525393 4 2 6 7 3 8 1 5 10 9 
20180525394 9 1 3 5 10 6 8 7 2 4 
20180525395 10 7 3 5 4 1 2 8 6 9 
20180525396 8 10 9 1 7 5 6 4 2 3 
20180525397 2 8 9 4 5 10 6 1 3 7 
20180525398 2 10 5 8 4 7 3 1 6 9 
20180525399 10 1 4 2 8 6 9 3 5 7 
20180525400 6 3 9 5 10 1 8 7 4 2 
20180525401 7 3 2 8 6 4 5 1 9 10 
20180525402 7 10 9 3 1 5 8 4 2 6 
20180525403 6 7 8 1 9 10 4 5 2 3 
20180525404 2 7 10 5 3 6 9 1 4 8 
20180525405 3 1 10 4 9 2 6 5 7 8 
20180525406 8 2 1 9 5 4 3 7 10 6 
20180525407 3 10 2 7 5 8 1 4 9 6 
20180525408 2 4 5 1 10 6 8 3 9 7 
20180525409 8 1 4 7 5 10 2 9 6 3 
20180525410 1 4 7 9 2 3 10 6 8 5 
20180525411 9 8 7 5 3 4 10 2 6 1 
20180525412 8 4 5 3 1 9 7 2 10 6 
20180525413 7 9 4 6 5 3 8 2 10 1 
20180525414 4 9 6 1 5 8 2 7 10 3 
20180525415 8 5 1 10 4 6 9 2 7 3 
20180525416 9 10 3 1 2 7 6 8 4 5 
20180525417 6 3 9 10 5 1 7 8 2 4 
20180525418 3 10 4 9 2 8 1 7 6 5 
20180525419 1 6 9 8 5 7 3 2 10 4 
20180525420 6 4 5 1 8 9 10 2 7 3 
20180525421 4 3 7 1 2 9 5 6 10 8 
20180525422 8 9 3 5 7 2 1 4 6 10 
20180525423 5 10 8 7 3 2 4 1 6 9 
20180525424 8 9 7 1 2 5 6 10 3 4 
20180525425 1 7 4 6 8 9 3 2 5 10 
20180525426 2 6 4 5 8 1 3 7 10 9 
20180525427 2 7 8 10 6 9 3 1 5 4 
20180525428 4 10 9 5 6 3 2 1 7 8 
20180525429 6 1 4 10 9 8 5 7 3 2 
20180525430 8 2 7 6 5 3 9 1 10 4 
20180525431 8 4 2 3 10 9 5 1 6 7 
20180525432 7 1 10 4 6 9 5 8 3 2 
20180525433 2 1 4 9 8 7 3 6 10 5 
20180525434 2 3 6 7 9 10 5 4 8 1 
20180525435 8 2 4 9 1 7 5 10 3 6 
20180525436 7 2 3 4 9 10 5 8 6 1 
20180525437 8 4 5 6 1 3 7 10 9 2 
20180525438 4 3 7 10 8 5 1 2 6 9 
20180525439 5 9 4 7 6 3 1 8 2 10 
20180525440 6 4 3 2 5 10 8 9 1 7 
20180525441 3 6 1 7 9 4 5 2 8 10 
20180525442 1 7 6 4 3 9 10 5 2 8 
20180525443 7 10 4 8 2 5 1 6 3 9 
20180525444 7 9 6 5 4 8 3 1 10 2 
20180525445 5 9 1 6 2 8 4 7 10 3 
20180525446 10 3 9 2 6 7 4 8 5 1 
20180525447 9 4 6 3 10 2 8 5 7 1 
20180525448 5 3 1 8 10 2 7 9 4 6 
20180525449 2 7 3 6 5 4 8 1 10 9 
20180525450 4 10 1 7 8 5 3 9 2 6 
20180525451 8 10 2 5 1 9 4 6 3 7 
20180525452 3 5 10 1 6 9 7 2 4 8 
20180525453 2 4 8 7 6 9 5 10 1 3 
20180525454 5 9 10 1 6 2 4 7 3 8 
20180525455 9 5 1 7 4 8 3 2 6 10 
20180525456 6 7 10 5 8 3 9 4 2 1 
20180525457 5 9 2 6 3 1 4 7 8 10 
20180525458 7 4 5 2 8 6 10 9 3 1 
20180525459 8 2 10 3 4 7 1 6 5 9 
20180525460 5 3 7 4 6 10 1 9 2 8 
20180525461 3 7 9 8 10 6 2 4 5 1 
20180525462 8 5 2 6 1 10 7 3 4 9 
20180525463 2 9 8 1 7 6 4 3 5 10 
20180525464 10 9 7 8 3 1 4 2 5 6 
20180525465 2 4 5 1 6 7 10 9 3 8 
20180525466 9 2 4 8 10 7 3 1 6 5 
20180525467 9 2 5 6 8 10 4 1 7 3 
20180525468 10 7 5 3 9 1 2 4 6 8 
20180525469 4 3 7 8 6 1 5 2 9 10 
20180525470 6 1 4 8 3 5 2 9 10 7 
20180525471 7 6 1 2 5 8 3 9 4 10 
20180525472 1 10 9 5 8 6 4 2 3 7 
20180525473 10 1 4 8 3 6 9 2 5 7 
20180525474 10 7 1 4 5 6 9 2 8 3 
20180525475 9 10 4 3 2 6 1 7 8 5 
20180525476 1 2 4 9 5 6 3 10 8 7 
20180525477 7 9 1 2 3 4 6 8 5 10 
20180525478 9 4 5 6 10 2 7 1 8 3 
20180525479 6 2 10 4 3 9 5 1 8 7 
20180525480 8 7 6 1 10 2 3 5 4 9 
20180525481 9 7 3 5 8 4 1 6 2 10 
20180525482 2 9 4 6 5 1 3 10 7 8 
20180525483 9 5 1 8 10 3 4 6 2 7 
20180525484 3 6 1 2 5 9 7 8 4 10 
20180525485 9 8 2 7 3 5 1 4 6 10 
20180525486 9 2 5 6 10 3 4 7 1 8 
20180525487 2 10 3 7 4 6 5 8 1 9 
20180525488 4 7 8 1 3 9 6 5 10 2 
20180525489 5 3 10 7 9 6 2 1 4 8 
20180525490 10 7 5 8 1 3 4 2 9 6 
20180525491 8 4 3 1 5 10 9 7 6 2 
20180525492 5 4 3 8 1 9 2 6 7 10 
20180525493 10 9 4 3 8 2 7 1 6 5 
20180525494 8 4 7 5 1 6 2 10 9 3 
20180525495 5 3 10 9 1 6 7 4 2 8 
20180525496 8 2 6 10 5 1 4 9 7 3 
20180525497 6 1 10 5 4 2 9 8 7 3 
20180525498 6 1 3 9 7 5 10 8 2 4 
20180525499 7 3 9 4 8 6 1 5 2 10 
20180525500 7 9 8 2 4 6 3 10 1 5 
20180525501 8 1 2 6 9 3 5 7 4 10 
20180525502 8 9 3 4 6 2 5 10 1 7 
20180525503 7 10 2 8 3 5 4 1 6 9 
20180525504 9 10 8 1 3 4 5 7 2 6 
20180525505 10 6 1 3 8 7 4 9 2 5 
20180525506 7 1 2 9 3 10 4 6 8 5 
20180525507 7 3 4 8 2 1 10 5 6 9 
20180525508 6 10 4 1 2 5 3 9 8 7 
20180525509 1 10 9 6 8 5 7 4 2 3 
20180525510 1 5 7 10 8 4 2 3 9 6 
20180525511 5 2 7 6 8 4 1 10 9 3 
20180525512 5 1 6 7 3 8 2 4 9 10 
20180525513 5 2 4 9 1 10 7 3 6 8 
20180525514 2 7 6 4 9 1 5 3 10 8 
20180525515 3 2 6 5 9 7 4 1 8 10 
20180525516 9 7 2 1 5 8 10 4 6 3 
20180525517 10 9 5 1 8 4 2 3 7 6 
20180525518 5 6 4 2 7 3 1 9 8 10 
20180525519 8 6 4 3 2 1 7 5 10 9 
20180525520 9 4 1 6 5 2 10 3 7 8 
20180525521 10 4 1 5 9 3 2 6 7 8 
20180525522 1 4 5 3 9 10 8 6 2 7 
20180525523 3 6 2 1 9 4 5 7 8 10 
20180525524 1 3 4 5 7 9 10 2 8 6 
20180525525 7 4 8 5 1 2 9 10 3 6 
20180525526 2 9 4 5 7 1 3 10 8 6 
20180525527 10 5 6 4 3 2 1 9 7 8 
20180525528 10 8 4 1 9 5 3 7 2 6 
20180525529 4 6 7 1 8 5 3 9 2 10 
20180525530 8 2 1 9 3 5 7 10 6 4 
20180525531 5 6 10 1 2 4 9 7 3 8 
20180525532 7 5 10 3 4 9 8 1 2 6 
20180525533 3 4 10 7 6 9 5 2 8 1 
20180525534 3 6 5 7 8 2 1 4 10 9 
20180525535 10 6 3 7 5 1 8 4 9 2 
20180525536 2 6 4 10 3 1 7 5 8 9 
20180525537 9 5 4 8 7 2 1 10 6 3 
20180525538 4 8 3 5 1 2 10 7 6 9 
20180525539 7 1 9 10 3 8 4 2 6 5 
20180525540 7 6 2 4 8 1 5 10 3 9 
20180525541 2 10 3 7 4 6 9 5 1 8 
20180525542 6 4 1 7 10 8 3 9 2 5 
20180525543 1 3 2 8 4 10 5 7 9 6 
20180525544 2 10 6 7 4 5 9 1 3 8 
20180525545 4 5 10 3 8 2 1 7 6 9 
20180525546 9 10 4 2 8 3 6 7 5 1 
20180525547 2 3 1 10 7 5 4 6 9 8 
20180525548 9 6 2 7 10 4 5 8 3 1 
20180525549 3 9 6 8 5 10 4 1 7 2 
20180525550 7 8 6 10 2 9 3 4 5 1 
20180525551 6 3 10 4 9 1 5 8 7 2 
20180525552 9 4 10 2 7 3 5 1 6 8 
20180525553 2 3 9 7 10 5 1 8 4 6 
20180525554 3 10 7 2 1 5 6 9 8 4 
20180525555 9 4 8 2 1 7 10 3 5 6 
20180525556 5 7 2 3 4 9 6 1 8 10 
20180525557 10 5 3 4 1 2 6 7 9 8 
20180525558 2 7 8 10 6 4 3 1 9 5 
20180525559 5 8 7 9 4 2 3 6 10 1 
20180525560 1 8 6 7 4 9 3 5 10 2 
20180525561 5 6 2 1 4 3 10 7 9 8 
20180525562 5 9 1 10 4 7 3 6 8 2 
20180525563 8 2 10 3 9 5 7 4 6 1 
20180525564 1 7 4 8 2 6 9 5 3 10 
20180525565 3 6 5 9 4 8 7 10 2 1 
20180525566 5 4 3 8 10 6 1 2 9 7 
20180525567 6 2 9 8 10 1 3 7 5 4 
20180525568 8 3 1 7 9 4 6 2 5 10 
20180525569 5 8 6 4 3 9 2 1 10 7 
20180525570 5 8 2 10 3 4 9 6 7 1 
20180525571 5 6 2 1 10 8 7 3 4 9 
20180525572 5 3 7 9 6 8 2 10 1 4 
20180525573 4 2 9 8 6 3 1 7 5 10 
20180525574 3 5 1 10 4 6 2 8 9 7 
20180525575 8 9 5 1 4 3 10 2 7 6 
20180525576 5 7 2 10 4 8 9 3 1 6 
20180525577 10 2 3 6 4 9 1 8 5 7 
20180525578 3 10 4 5 6 7 2 1 8 9 
20180525579 5 3 10 7 6 8 9 4 2 1 
20180525580 10 8 5 2 1 9 4 7 3 6 
20180525581 5 8 10 1 3 9 2 6 7 4 
20180525582 8 2 10 9 3 1 6 5 4 7 
20180525583 7 10 8 3 1 4 9 5 6 2 
20180525584 4 10 3 7 9 6 5 1 8 2 
20180525585 5 10 7 1 6 2 4 8 3 9 
20180525586 7 3 10 6 8 9 4 5 2 1 
20180525587 5 7 6 4 2 3 1 9 10 8 
20180525588 8 7 10 3 2 1 9 6 5 4 
20180525589 5 1 6 10 4 8 2 7 3 9 
20180525590 2 8 7 1 4 10 6 5 3 9 
20180525591 5 9 2 10 3 1 6 4 7 8 
20180525592 1 7 9 6 4 3 5 10 8 2 
20180525593 1 3 8 6 10 2 5 9 4 7 
20180525594 7 5 8 6 2 10 4 9 1 3 
20180525595 10 5 7 9 2 8 6 1 3 4 
20180525596 9 4 6 3 8 5 10 1 7 2 
20180525597 2 8 1 9 6 4 10 3 5 7 
20180525598 6 3 4 8 1 5 7 2 10 9 
20180525599 4 7 1 3 8 2 10 6 9 5 
20180525600 4 7 1 9 6 10 5 3 8 2 
20180525601 2 5 10 9 1 3 6 7 4 8 
20180525602 1 9 5 3 8 6 10 4 7 2 
20180525603 7 9 2 1 8 3 4 5 10 6 
20180525604 4 6 1 8 5 9 3 10 7 2 
20180525605 2 7 10 9 4 6 3 1 5 8 
20180525606 3 2 5 10 6 7 4 1 8 9 
20180525607 5 10 3 8 7 4 9 6 2 1 
20180525608 6 2 1 4 5 8 9 3 10 7 
20180525609 6 3 7 2 8 9 4 1 10 5 
20180525610 8 3 2 7 4 10 5 9 6 1 
20180525611 3 10 2 4 7 9 8 5 1 6 
20180525612 5 7 6 10 4 3 1 2 8 9 
20180525613 9 2 10 3 8 7 4 6 1 5 
20180525614 8 2 4 3 10 9 5 7 6 1 
20180525615 4 7 9 3 5 2 6 1 8 10 
20180525616 2 9 3 7 4 5 10 8 6 1 
20180525617 9 3 6 8 10 2 5 7 1 4 
20180525618 3 2 9 8 6 1 4 5 10 7 
20180525619 1 2 6 10 8 4 7 5 9 3 
20180525620 4 7 3 8 10 5 1 2 9 6 
20180525621 7 6 10 2 3 4 9 5 1 8 
20180525622 7 10 6 4 3 2 8 5 1 9 
20180525623 6 10 5 2 3 7 1 9 4 8 
20180525624 7 6 1 10 3 2 4 8 5 9 
20180525625 4 10 5 8 2 6 3 1 7 9 
20180525626 10 2 7 6 5 4 9 8 3 1 
20180525627 1 10 4 2 3 7 9 5 6 8 
20180525628 4 3 2 10 5 1 7 9 6 8 
20180525629 2 4 10 8 3 7 1 9 5 6 
20180525630 2 8 3 10 4 6 9 1 7 5 
20180525631 9 8 5 2 3 6 7 10 1 4 
20180525632 3 10 7 2 8 4 9 6 5 1 
20180525633 3 2 10 7 4 6 8 9 5 1 
20180525634 7 3 2 9 4 8 5 1 6 10 
20180525635 7 2 9 3 6 10 4 8 5 1 
20180525636 9 10 2 4 6 7 8 3 5 1 
20180525637 6 4 3 7 2 9 5 10 1 8 
20180525638 9 2 3 10 4 8 5 1 7 6 
20180525639 3 4 5 9 2 7 1 8 6 10 
20180525640 10 3 7 8 9 4 5 6 1 2 
20180525641 6 2 3 1 9 8 7 4 10 5 
20180525642 6 5 9 1 8 3 2 10 7 4 
20180525643 5 9 7 8 2 10 1 3 4 6 
20180525644 10 4 6 2 3 8 7 5 1 9 
20180525645 3 5 2 6 1 8 4 9 10 7 
20180525646 3 2 6 5 7 9 4 8 10 1 
20180525647 3 4 5 8 7 6 2 10 9 1 
20180525648 1 7 4 10 2 3 9 8 5 6 
20180525649 4 5 6 1 2 8 3 7 9 10 
20180525650 6 10 3 7 8 4 5 1 2 9 
20180525651 6 9 10 1 2 4 7 3 5 8 
20180525652 10 8 9 2 3 6 4 5 7 1 
20180525653 2 10 4 9 8 5 1 6 3 7 
20180525654 4 2 9 3 6 5 1 10 8 7 
20180525655 5 9 2 4 3 7 8 6 10 1 
20180525656 3 7 9 8 6 5 2 4 10 1 
20180525657 6 7 10 9 2 4 8 5 3 1 
20180525658 9 2 3 10 1 8 7 4 5 6 
20180525659 8 9 7 10 1 3 5 4 2 6 
20180525660 6 2 10 3 1 4 5 9 8 7 
20180525661 2 3 10 5 9 8 6 1 7 4 
20180525662 1 8 7 3 5 10 2 6 9 4 
20180525663 4 5 7 9 6 8 10 1 2 3 
20180525664 7 3 9 6 5 2 4 8 1 10 
20180525665 2 7 4 5 6 9 10 3 1 8 
20180525666 3 9 10 8 6 5 7 2 4 1 
20180525667 6 5 9 8 7 3 2 10 4 1 
20180525668 7 8 10 9 1 5 2 6 4 3 
20180525669 7 2 9 4 5 1 6 8 10 3 
20180525670 6 9 4 8 10 7 3 1 5 2 
20180525671 8 2 3 5 4 6 10 1 7 9 
20180525672 3 4 9 8 10 5 1 6 2 7 
20180525673 5 7 3 10 8 9 4 1 6 2 
20180525674 5 8 1 3 7 6 9 4 2 10 
20180525675 2 7 8 9 10 4 3 1 5 6 
20180525676 9 2 8 10 5 4 1 3 7 6 
20180525677 10 9 6 1 7 5 2 3 8 4 
20180525678 3 1 10 2 8 5 6 4 7 9 
20180525679 8 10 5 6 7 4 1 2 9 3 
20180525680 4 3 5 9 1 7 2 6 10 8 
20180525681 9 1 7 4 8 3 5 10 2 6 
20180525682 5 8 9 10 4 1 6 7 3 2 
20180525683 3 2 7 9 5 4 8 10 6 1 
20180525684 10 8 3 6 7 5 9 2 4 1 
20180525685 3 6 5 7 1 8 10 4 2 9 
20180525686 7 9 3 5 8 10 2 1 4 6 
20180525687 1 8 3 6 10 4 5 9 2 7 
20180525688 2 5 7 8 10 9 6 1 3 4 
20180525689 7 3 9 2 5 10 4 6 1 8 
20180525690 2 4 6 8 5 1 9 3 7 10 
20180525691 3 9 2 1 10 5 4 7 8 6 
20180525692 8 7 4 6 9 5 3 2 10 1 
20180525693 10 5 7 3 4 6 9 2 1 8 
20180525694 4 1 8 2 5 3 6 10 7 9 
20180525695 5 1 3 10 4 9 8 2 7 6 
20180525696 5 8 7 1 6 2 4 9 10 3 
20180525697 6 3 8 5 9 4 10 7 1 2 
20180525698 5 10 1 3 7 9 6 4 8 2 
20180525699 6 7 8 5 2 1 4 3 10 9 
20180525700 4 8 2 10 3 6 1 7 9 5 
20180525701 7 3 4 8 1 2 5 9 10 6 
20180525702 2 5 4 1 10 9 3 8 6 7 
20180525703 4 6 5 8 2 9 3 1 7 10 
20180525704 5 10 9 1 7 8 3 2 4 6 
20180525705 8 6 5 7 4 1 10 3 2 9 
20180525706 8 6 3 5 7 9 2 1 4 10 
20180525707 4 6 9 2 7 8 5 1 10 3 
20180525708 1 2 4 7 6 9 3 5 10 8 
20180525709 3 10 2 1 9 4 8 6 7 5 
20180525710 1 3 5 4 7 8 9 2 6 10 
20180525711 6 1 10 8 7 2 3 5 4 9 
20180525712 9 5 2 3 6 1 7 10 8 4 
20180525713 7 3 1 9 6 8 5 2 10 4 
20180525714 3 4 1 10 2 9 8 6 7 5 
20180525715 10 5 8 4 2 1 3 7 6 9 
20180525716 6 8 10 7 2 5 3 4 1 9 
20180525717 6 5 10 9 4 3 1 8 7 2 
20180525718 3 10 5 7 1 4 9 8 2 6 
20180525719 4 2 9 7 1 10 8 5 6 3 
20180525720 4 5 10 1 6 8 7 3 2 9 
20180525721 5 4 3 7 1 6 2 9 8 10 
20180525722 9 7 4 6 1 3 8 5 2 10 
20180525723 7 6 2 3 8 4 5 1 9 10 
20180525724 4 5 2 10 8 9 1 7 6 3 
20180525725 5 8 2 9 4 1 3 10 7 6 
20180525726 7 1 9 10 5 8 4 2 6 3 
20180525727 10 5 1 7 6 3 8 2 9 4 
20180525728 3 7 10 4 8 1 9 2 5 6 
20180525729 2 6 7 5 1 4 9 8 10 3 
20180525730 9 10 2 1 7 3 5 8 4 6 
20180525731 7 2 1 5 8 9 3 10 6 4 
20180525732 2 6 3 9 4 5 8 7 1 10 
20180525733 9 6 10 2 1 3 7 5 8 4 
20180525734 7 8 5 2 3 1 10 4 6 9 
20180525735 10 1 7 8 3 5 4 6 9 2 
20180525736 3 1 10 5 2 4 8 6 7 9 
20180525737 1 6 5 9 8 3 4 2 10 7 
20180525738 8 7 2 5 1 10 3 6 9 4 
20180525739 8 3 1 4 2 10 7 5 9 6 
20180525740 6 4 5 7 2 10 1 3 9 8 
20180525741 9 7 3 5 10 4 6 2 1 8 
20180525742 3 9 4 10 6 7 2 1 5 8 
20180525743 6 8 4 9 3 10 1 7 5 2 
20180525744 4 9 6 3 8 7 2 5 1 10 
20180525745 2 8 1 5 6 9 3 4 7 10 
20180525746 4 3 10 1 7 5 9 6 8 2 
20180525747 3 1 9 5 7 6 10 2 8 4 
20180525748 7 6 3 10 4 9 2 5 8 1 
20180525749 6 4 7 3 2 1 5 9 8 10 
20180525750 1 3 8 6 2 9 4 10 7 5 
20180525751 7 1 6 4 2 8 3 10 9 5 
20180525752 2 8 6 3 1 7 4 10 5 9 
20180525753 9 5 10 4 2 6 1 8 7 3 
20180525754 9 5 1 4 7 8 3 10 2 6 
20180525755 8 2 9 4 1 6 10 7 3 5 
20180525756 3 4 10 7 6 5 1 8 2 9 
20180525757 3 7 1 5 8 4 10 2 6 9 
20180525758 6 10 3 1 4 9 5 2 8 7 
20180525759 6 1 2 9 5 10 7 3 4 8 
20180525760 2 4 8 9 3 10 1 5 6 7 
20180525761 8 10 6 5 3 7 9 1 4 2 
20180525762 7 4 10 2 6 1 9 3 8 5 
20180525763 9 4 1 10 5 6 8 2 3 7 
20180525764 9 3 6 4 5 7 1 10 8 2 
20180525765 2 3 7 9 5 6 4 8 10 1 
20180525766 10 6 4 7 2 8 9 5 1 3 
20180525767 3 8 9 10 1 4 7 6 5 2 
20180525768 10 3 2 9 4 8 1 7 5 6 
20180525769 6 2 7 4 8 9 1 5 3 10 
20180525770 2 5 6 10 8 4 1 7 3 9 
20180525771 9 5 7 2 1 3 6 4 10 8 
20180525772 8 9 10 7 6 3 5 4 2 1 
20180525773 3 4 7 8 2 9 1 10 6 5 
20180525774 7 6 3 4 10 9 8 2 1 5 
20180525775 5 8 9 7 10 1 6 3 2 4 
20180525776 2 4 8 6 1 10 9 7 3 5 
20180525777 9 10 1 7 2 5 4 8 3 6 
20180525778 5 10 4 1 9 3 2 8 7 6 
20180525779 9 8 6 7 5 4 2 1 10 3 
20180525780 3 7 6 1 2 9 8 10 5 4 
20180525781 10 8 3 1 6 2 9 5 7 4 
20180525782 7 2 10 9 5 4 8 1 6 3 
20180525783 6 8 3 5 1 10 4 2 7 9 
20180525784 7 1 6 3 4 2 9 8 5 10 
20180525785 6 2 1 3 9 10 7 5 4 8 
20180525786 5 4 7 6 1 8 9 3 10 2 
20180525787 8 5 2 6 9 1 7 4 3 10 
20180525788 4 9 3 6 7 10 5 1 8 2 
20180525789 10 1 8 3 6 5 2 9 7 4 
20180525790 7 10 1 6 9 4 2 8 5 3 
20180525791 5 8 2 1 7 10 9 4 6 3 
20180525792 3 1 10 6 4 5 2 9 7 8 
20180525793 7 9 1 3 4 6 2 5 10 8 
20180525794 3 2 4 1 10 7 6 8 5 9 
20180525795 8 9 3 7 4 6 5 10 2 1 
20180525796 2 4 3 5 10 7 6 9 8 1 
20180525797 3 4 1 2 10 5 7 9 8 6 
20180525798 2 3 4 9 8 10 1 5 7 6 
20180525799 4 7 2 3 5 8 9 1 6 10 
20180525800 9 4 10 3 7 5 6 8 2 1 
20180525801 3 5 9 2 6 10 7 4 1 8 
20180525802 9 3 8 4 2 10 5 6 7 1 
20180525803 3 6 4 8 1 9 2 5 10 7 
20180525804 8 4 6 3 7 1 2 9 5 10 
20180525805 4 8 3 10 1 7 6 9 5 2 
20180525806 2 1 5 7 8 9 4 3 6 10 
20180525807 4 3 9 10 2 1 7 8 6 5 
20180525808 5 4 9 10 8 6 1 7 2 3 
20180525809 1 2 3 8 10 6 4 5 7 9 
20180525810 9 3 8 5 4 2 10 1 7 6 
20180525811 7 1 5 8 4 10 2 9 6 3 
20180525812 10 4 8 3 9 2 6 1 5 7 
20180525813 2 5 9 6 3 10 1 7 4 8 
20180525814 2 3 10 5 4 6 7 8 9 1 
20180525815 2 1 7 5 4 9 10 3 6 8 
20180525816 9 8 10 6 5 1 3 4 2 7 
20180525817 6 4 3 5 7 1 9 2 10 8 
20180525818 3 7 4 8 6 1 5 10 9 2 
20180525819 6 2 5 4 10 9 8 7 1 3 
20180525820 6 9 7 3 8 10 1 5 2 4 
20180525821 3 1 8 10 9 5 7 4 6 2 
20180525822 8 3 1 4 10 7 5 6 9 2 
20180525823 5 8 7 1 3 6 4 2 10 9 
20180525824 4 7 9 3 10 2 5 8 6 1 
20180525825 1 2 5 7 4 6 3 8 9 10 
20180525826 3 5 8 7 9 6 4 2 1 10 
20180525827 10 7 5 1 6 3 8 2 4 9 
20180525828 6 10 8 9 5 1 7 3 2 4 
20180525829 6 8 9 10 1 5 3 2 4 7 
20180525830 10 5 6 4 3 2 8 1 7 9 
20180525831 7 10 2 5 1 9 4 3 8 6 
20180525832 3 8 4 9 10 1 7 2 5 6 
20180525833 3 8 4 7 5 2 6 10 9 1 
20180525834 5 3 8 10 9 6 7 2 4 1 
20180525835 1 6 3 10 8 4 7 2 9 5 
20180525836 4 3 9 2 8 6 10 5 7 1 
20180525837 3 4 5 9 2 1 10 7 8 6 
20180525838 1 5 6 10 3 7 9 8 2 4 
20180525839 9 8 7 5 2 10 3 6 4 1 
20180525840 7 5 1 3 10 6 2 8 4 9 
20180525841 3 8 2 4 6 5 10 7 1 9 
20180525842 8 10 4 2 6 9 7 3 1 5 
20180525843 1 4 9 5 3 7 10 2 6 8 
20180525844 10 1 3 9 8 6 7 2 5 4 
20180525845 7 2 5 1 3 9 6 10 8 4 
20180525846 1 9 2 3 4 10 6 8 7 5 
20180525847 5 8 7 4 10 3 2 9 6 1 
20180525848 6 4 10 5 9 7 2 1 3 8 
20180525849 6 4 7 2 9 10 1 8 3 5 
20180525850 1 4 5 10 8 6 3 2 9 7 
20180525851 1 2 8 6 10 4 7 3 9 5 
20180525852 7 8 5 3 10 4 9 2 6 1 
20180525853 1 10 9 5 7 8 6 2 4 3 
20180525854 2 5 1 3 8 7 9 6 10 4 
20180525855 7 2 6 9 4 10 8 5 3 1 
20180525856 8 7 3 1 5 2 6 9 10 4 
20180525857 7 2 4 6 5 8 10 3 1 9 
20180525858 3 7 10 6 9 2 1 5 4 8 
20180525859 2 6 1 4 7 3 9 10 5 8 
20180525860 4 6 8 1 9 7 10 2 3 5 
20180525861 7 9 4 8 2 6 5 3 1 10 
20180525862 3 2 1 4 10 9 6 5 8 7 
20180525863 5 6 3 4 9 7 1 8 10 2 
20180525864 10 2 6 5 7 9 8 4 1 3 
20180525865 2 10 8 7 6 3 5 4 9 1 
20180525866 1 5 3 7 6 9 2 10 4 8 
20180525867 3 5 9 6 8 2 1 10 7 4 
20180525868 2 10 7 3 5 8 6 9 4 1 
20180525869 6 9 3 5 2 1 10 8 7 4 
20180525870 7 4 2 6 1 3 5 10 8 9 
20180525871 10 4 9 2 7 1 8 5 6 3 
20180525872 1 8 5 9 3 6 4 2 10 7 
20180525873 7 10 8 6 2 4 3 9 1 5 
20180525874 6 4 7 10 8 5 9 2 3 1 
20180525875 9 5 2 10 4 1 3 7 6 8 
20180525876 4 1 9 8 2 6 7 3 5 10 
20180525877 2 3 4 1 8 5 9 7 10 6 
20180525878 2 1 5 7 6 10 4 9 8 3 
20180525879 10 4 5 9 8 6 1 3 2 7 
20180525880 2 6 5 4 10 8 3 7 9 1 
20180525881 1 7 3 8 10 9 6 4 5 2 
20180525882 8 6 10 1 7 3 9 5 2 4 
20180525883 2 10 5 7 4 8 9 1 3 6 
20180525884 2 7 10 4 3 5 6 1 9 8 
20180525885 2 9 6 10 8 4 5 1 7 3 
20180525886 6 10 9 2 7 5 1 4 8 3 
20180525887 10 2 8 1 6 7 5 9 4 3 
20180525888 3 8 10 2 5 6 4 1 7 9 
20180525889 1 7 6 9 10 2 4 5 3 8 
20180525890 2 8 6 10 5 7 3 1 9 4 
20180525891 2 7 10 4 9 1 5 8 6 3 
20180525892 2 7 5 10 4 8 3 1 9 6 
20180525893 9 8 6 7 10 5 4 3 1 2 
20180525894 10 7 8 2 1 4 3 6 9 5 
20180525895 4 8 3 2 6 7 5 9 1 10 
20180525896 3 8 9 10 5 1 4 2 6 7 
20180525897 9 7 4 2 6 1 5 8 3 10 
20180525898 4 6 8 2 1 7 3 10 9 5 
20180525899 1 7 2 8 9 4 6 3 10 5 
20180525900 3 1 10 7 6 4 9 2 5 8 
20180525901 6 7 1 2 9 8 4 10 5 3 
20180525902 9 5 7 4 10 8 3 2 6 1 
20180525903 3 5 8 6 7 2 1 10 4 9 
20180525904 1 7 2 10 6 8 9 4 3 5 
20180525905 4 3 5 2 1 9 7 10 8 6 
20180525906 9 1 6 4 3 5 10 2 8 7 
20180525907 5 2 9 6 1 4 3 8 10 7 
20180525908 1 3 4 8 5 9 2 10 7 6 
20180525909 9 10 1 8 2 6 4 5 7 3 
20180525910 5 10 8 3 4 9 6 1 2 7 
20180525911 3 1 8 7 6 5 9 2 4 10 
20180525912 7 6 4 8 9 3 5 10 2 1 
20180525913 2 8 1 6 10 7 5 3 9 4 
20180525914 1 3 4 8 6 2 7 9 5 10 
20180525915 2 4 8 7 6 10 9 5 1 3 
20180525916 7 9 10 5 1 6 3 8 4 2 
20180525917 1 6 2 4 10 7 5 8 3 9 
20180525918 8 3 5 4 6 10 2 7 9 1 
20180525919 3 1 5 10 4 8 7 2 6 9 
20180525920 6 5 8 4 10 3 7 2 9 1 
20180525921 7 6 2 3 9 4 5 8 10 1 
20180525922 6 1 8 5 2 10 3 4 9 7 
20180525923 8 1 5 10 3 4 7 6 2 9 
20180525924 9 10 2 7 3 5 8 6 1 4 
20180525925 7 1 2 8 10 5 3 9 6 4 
20180525926 8 7 1 4 3 9 10 5 6 2 
20180525927 7 5 4 3 8 1 10 9 6 2 
20180525928 1 5 6 8 10 2 4 9 3 7 
20180525929 3 2 1 5 7 10 9 8 4 6 
20180525930 10 6 5 7 3 9 4 2 1 8 
20180525931 8 4 1 6 7 9 2 10 3 5 
20180525932 1 3 10 6 8 7 2 4 5 9 
20180525933 1 6 4 9 5 7 8 10 3 2 
20180525934 7 1 2 4 5 9 10 8 3 6 
20180525935 4 5 10 3 2 1 8 9 7 6 
20180525936 5 2 7 10 6 9 4 8 1 3 
20180525937 7 4 6 10 2 1 9 8 5 3 
20180525938 9 5 4 10 2 3 7 8 6 1 
20180525939 4 10 7 1 3 2 9 8 6 5 
20180525940 5 3 4 8 2 9 10 7 1 6 
20180525941 1 9 3 4 2 8 7 6 5 10 
20180525942 1 3 8 10 4 2 9 7 6 5 
20180525943 6 10 8 3 1 4 9 7 2 5 
20180525944 2 4 9 5 1 7 8 6 3 10 
20180525945 5 4 6 1 9 8 7 3 10 2 
20180525946 3 9 8 4 5 2 7 6 10 1 
20180525947 8 3 5 10 2 9 1 6 4 7 
20180525948 7 4 2 1 9 6 5 3 8 10 
20180525949 7 9 10 8 2 6 5 4 3 1 
20180525950 5 3 1 10 7 8 2 9 4 6 
20180525951 4 8 2 3 1 7 10 6 9 5 
20180525952 5 4 3 8 1 10 9 6 2 7 
20180525953 7 8 9 10 4 2 3 1 5 6 
20180525954 3 7 2 6 5 4 9 10 1 8 
20180525955 1 6 3 10 2 9 7 8 5 4 
20180525956 8 3 7 5 2 1 6 4 10 9 
20180525957 2 10 8 6 3 4 9 1 5 7 
20180525958 2 3 6 10 8 5 4 9 7 1 
20180525959 8 9 3 4 7 2 10 6 1 5 
20180525960 6 5 9 4 10 1 3 2 8 7 
20180525961 6 9 3 4 10 7 5 8 2 1 
20180525962 5 10 6 2 8 1 4 3 7 9 
20180525963 4 3 1 9 7 5 8 6 10 2 
20180525964 1 7 2 8 5 10 6 4 3 9 
20180525965 2 3 10 6 7 5 8 4 1 9 
20180525966 4 2 9 7 1 8 10 3 5 6 
20180525967 10 7 1 8 3 4 5 9 2 6 
20180525968 9 6 8 4 7 5 2 1 3 10 
20180525969 1 2 7 10 4 8 9 5 6 3 
20180525970 2 9 5 10 3 8 7 4 6 1 
20180525971 3 9 10 2 7 4 1 6 5 8 
20180525972 2 3 1 10 6 5 7 9 4 8 
20180525973 8 1 6 7 2 3 9 10 4 5 
20180525974 4 7 5 2 1 10 8 9 6 3 
20180525975 3 4 6 8 7 10 2 5 1 9 
20180525976 10 7 6 4 9 1 5 2 3 8 
20180525977 1 9 10 8 5 6 2 4 3 7 
20180525978 8 2 7 9 10 4 5 1 6 3 
20180525979 10 5 4 1 2 9 6 3 8 7 
20180525980 3 9 4 8 7 5 1 6 10 2 
20180525981 7 2 5 10 4 8 6 9 3 1 
20180525982 1 4 10 9 3 5 2 6 8 7 
20180525983 4 7 5 3 2 9 6 1 10 8 
20180525984 6 2 7 3 5 9 10 8 4 1 
20180525985 4 10 5 1 7 3 9 2 8 6 
