20180511001 10 8 3 7 9 6 5 2 1 4 
20180511002 8 2 10 6 5 1 7 3 4 9 
20180511003 2 3 1 8 4 6 5 10 9 7 
20180511004 2 8 9 5 1 10 4 6 3 7 
20180511005 5 7 9 6 2 8 4 1 3 10 
20180511006 1 10 5 7 8 2 6 9 3 4 
20180511007 4 5 10 2 1 6 8 9 7 3 
20180511008 5 10 9 4 3 1 2 8 6 7 
20180511009 4 1 10 8 6 2 5 3 9 7 
20180511010 10 1 4 9 8 5 7 3 2 6 
20180511011 3 2 7 4 10 1 6 5 9 8 
20180511012 7 10 6 3 9 4 5 2 8 1 
20180511013 2 8 1 5 4 9 7 6 3 10 
20180511014 8 4 6 10 9 2 3 7 5 1 
20180511015 1 10 3 6 7 2 5 9 4 8 
20180511016 8 2 6 10 9 7 5 4 1 3 
20180511017 1 7 9 2 4 8 10 3 6 5 
20180511018 4 6 10 7 8 3 9 5 2 1 
20180511019 8 4 3 6 5 9 1 10 2 7 
20180511020 7 3 2 6 9 8 10 5 1 4 
20180511021 1 2 4 6 9 8 10 5 7 3 
20180511022 9 4 10 7 1 8 2 3 5 6 
20180511023 8 4 10 9 3 7 1 6 5 2 
20180511024 10 5 1 7 8 6 3 4 9 2 
20180511025 4 10 6 5 1 3 2 8 7 9 
20180511026 5 7 10 4 8 9 2 1 6 3 
20180511027 4 9 5 7 1 2 6 10 3 8 
20180511028 2 9 5 8 3 7 1 10 6 4 
20180511029 1 8 10 9 4 7 3 2 6 5 
20180511030 8 7 3 5 6 10 4 2 9 1 
20180511031 5 9 8 7 6 1 2 3 4 10 
20180511032 8 7 10 6 5 9 4 3 1 2 
20180511033 8 2 9 7 1 10 4 5 6 3 
20180511034 7 6 1 9 10 5 4 3 2 8 
20180511035 9 8 4 3 6 5 2 10 1 7 
20180511036 5 9 6 7 1 3 2 8 4 10 
20180511037 4 2 8 6 7 9 10 1 3 5 
20180511038 9 10 4 1 2 6 5 8 3 7 
20180511039 6 8 3 4 5 9 10 7 2 1 
20180511040 7 8 9 5 4 10 1 3 2 6 
20180511041 5 7 4 6 2 10 8 1 9 3 
20180511042 3 2 5 8 4 6 9 1 10 7 
20180511043 7 8 9 10 3 2 1 4 6 5 
20180511044 6 7 8 9 1 3 10 4 2 5 
20180511045 9 3 10 1 7 4 2 8 5 6 
20180511046 6 1 8 10 3 7 9 2 5 4 
20180511047 7 8 4 6 1 2 10 5 3 9 
20180511048 7 3 1 4 2 8 10 6 5 9 
20180511049 5 7 10 8 4 9 2 3 1 6 
20180511050 9 1 2 10 5 6 8 7 4 3 
20180511051 4 1 9 6 10 2 7 5 8 3 
20180511052 10 6 4 3 5 9 1 2 8 7 
20180511053 6 7 8 9 2 1 10 4 5 3 
20180511054 2 10 5 1 3 7 4 6 8 9 
20180511055 6 1 4 3 7 10 8 5 2 9 
20180511056 5 4 1 10 8 9 3 2 6 7 
20180511057 3 5 8 6 7 1 4 10 9 2 
20180511058 6 10 8 9 1 5 4 2 7 3 
20180511059 6 4 5 8 9 3 7 1 2 10 
20180511060 7 5 1 9 8 3 2 10 4 6 
20180511061 9 10 5 1 4 2 6 8 3 7 
20180511062 7 9 6 1 10 2 5 3 8 4 
20180511063 2 5 10 8 1 4 3 9 6 7 
20180511064 9 1 3 7 4 8 10 5 2 6 
20180511065 4 7 2 5 3 1 10 8 9 6 
20180511066 8 10 4 5 2 1 9 6 3 7 
20180511067 9 6 5 8 7 10 1 3 2 4 
20180511068 2 1 10 5 6 7 8 9 4 3 
20180511069 10 6 8 5 9 7 1 4 2 3 
20180511070 9 3 6 1 7 5 10 2 4 8 
20180511071 5 6 2 3 1 8 7 9 10 4 
20180511072 8 1 3 9 6 2 10 4 7 5 
20180511073 4 10 1 2 3 9 7 6 8 5 
20180511074 2 4 3 5 6 1 10 9 7 8 
20180511075 10 6 9 8 2 7 4 1 3 5 
20180511076 8 9 1 4 7 5 6 10 2 3 
20180511077 5 7 6 4 10 3 8 9 2 1 
20180511078 9 7 4 3 2 6 1 8 5 10 
20180511079 8 6 1 10 9 3 4 7 5 2 
20180511080 1 5 3 6 2 7 10 4 9 8 
20180511081 9 1 8 4 3 10 5 7 2 6 
20180511082 3 8 2 5 4 9 10 1 6 7 
20180511083 7 9 10 4 1 2 3 6 5 8 
20180511084 8 3 2 9 4 7 10 1 5 6 
20180511085 4 9 5 1 2 6 3 7 8 10 
20180511086 3 8 5 2 9 4 7 10 6 1 
20180511087 2 5 9 10 7 3 4 6 1 8 
20180511088 6 1 4 5 8 3 9 2 7 10 
20180511089 1 8 7 6 3 10 4 2 5 9 
20180511090 5 4 2 8 9 1 10 7 6 3 
20180511091 5 3 10 7 8 2 1 9 6 4 
20180511092 7 2 1 4 10 3 6 5 9 8 
20180511093 9 1 2 6 7 8 4 3 5 10 
20180511094 7 10 3 4 6 1 8 5 2 9 
20180511095 9 8 6 10 7 3 2 5 4 1 
20180511096 10 9 5 6 8 2 4 7 3 1 
20180511097 6 3 8 2 10 5 9 7 4 1 
20180511098 8 2 5 9 6 4 10 1 7 3 
20180511099 8 1 2 9 10 5 4 6 7 3 
20180511100 8 2 7 1 10 5 3 6 4 9 
20180511101 9 4 3 2 1 6 10 5 7 8 
20180511102 1 9 3 7 6 4 10 2 8 5 
20180511103 10 5 1 7 8 2 6 9 4 3 
20180511104 8 1 9 7 10 2 3 5 6 4 
20180511105 6 4 1 2 9 3 10 8 5 7 
20180511106 9 1 10 6 5 3 8 7 4 2 
20180511107 6 9 1 4 7 8 3 2 5 10 
20180511108 9 7 3 6 4 5 1 10 8 2 
20180511109 4 1 6 5 8 10 3 2 7 9 
20180511110 6 8 3 9 5 4 7 2 10 1 
20180511111 10 3 6 8 1 4 7 9 5 2 
20180511112 9 3 7 10 2 5 8 4 1 6 
20180511113 10 9 3 2 7 6 1 8 5 4 
20180511114 9 3 6 8 4 1 10 5 7 2 
20180511115 7 2 4 8 3 5 10 9 6 1 
20180511116 5 2 7 4 9 8 3 6 10 1 
20180511117 6 4 9 8 1 3 2 10 5 7 
20180511118 5 10 7 2 1 8 9 3 6 4 
20180511119 10 4 3 6 8 5 9 7 1 2 
20180511120 7 2 9 10 4 5 1 6 8 3 
20180511121 2 10 4 8 7 6 3 1 9 5 
20180511122 3 7 1 4 8 10 6 2 5 9 
20180511123 3 9 1 8 5 6 7 10 2 4 
20180511124 3 9 4 8 10 6 7 5 1 2 
20180511125 7 4 6 5 9 8 10 2 1 3 
20180511126 8 6 4 1 7 10 3 5 2 9 
20180511127 5 3 8 9 4 10 7 2 1 6 
20180511128 3 4 9 10 8 1 7 5 6 2 
20180511129 1 7 4 9 6 2 3 10 8 5 
20180511130 3 5 8 4 1 6 2 10 9 7 
20180511131 9 2 5 1 3 7 8 6 10 4 
20180511132 2 1 10 6 8 3 7 5 4 9 
20180511133 8 6 1 10 3 9 7 5 2 4 
20180511134 2 3 4 6 5 1 10 8 7 9 
20180511135 8 6 5 4 3 2 10 9 7 1 
20180511136 1 10 4 8 5 2 6 7 9 3 
20180511137 5 6 8 10 2 7 3 1 4 9 
20180511138 4 6 7 3 9 8 5 1 2 10 
20180511139 1 5 6 9 2 4 7 3 10 8 
20180511140 3 10 9 2 7 6 5 8 1 4 
20180511141 10 6 5 7 8 9 1 3 2 4 
20180511142 8 3 7 2 5 9 1 4 10 6 
20180511143 10 3 8 5 1 7 2 6 9 4 
20180511144 7 5 3 9 8 6 1 4 2 10 
20180511145 10 4 9 7 2 8 3 5 1 6 
20180511146 7 10 8 5 9 6 2 3 1 4 
20180511147 9 6 8 10 2 3 7 1 4 5 
20180511148 4 10 6 2 8 3 7 1 5 9 
20180511149 1 9 2 4 10 5 6 8 7 3 
20180511150 6 5 4 7 10 9 2 1 8 3 
20180511151 7 6 5 8 9 4 3 1 2 10 
20180511152 3 6 5 1 9 10 7 2 8 4 
20180511153 8 10 3 4 2 1 6 9 7 5 
20180511154 3 8 4 1 5 9 10 7 6 2 
20180511155 8 7 10 1 6 2 3 4 9 5 
20180511156 4 10 1 5 7 2 3 9 6 8 
20180511157 1 9 7 5 8 2 4 10 6 3 
20180511158 1 9 7 4 6 8 2 10 5 3 
20180511159 1 3 6 9 4 2 5 8 7 10 
20180511160 9 2 5 7 3 4 6 8 1 10 
20180511161 10 1 4 8 7 3 6 5 2 9 
20180511162 1 2 6 5 9 4 3 10 8 7 
20180511163 4 2 3 5 8 1 9 7 6 10 
20180511164 9 1 4 8 5 10 2 6 7 3 
20180511165 9 2 7 10 8 5 1 4 3 6 
20180511166 6 9 4 2 3 5 10 7 8 1 
20180511167 5 1 9 10 6 2 8 7 3 4 
20180511168 9 10 5 1 7 4 6 2 8 3 
20180511169 10 4 9 8 1 6 7 5 2 3 
20180511170 9 6 2 8 1 7 5 3 4 10 
20180511171 7 10 6 8 2 3 1 9 5 4 
20180511172 7 6 9 3 2 1 4 5 8 10 
20180511173 7 6 5 8 10 3 1 4 2 9 
20180511174 10 5 2 9 1 3 4 7 8 6 
20180511175 8 4 2 1 5 7 6 3 10 9 
20180511176 6 9 5 8 7 2 4 3 1 10 
20180511177 5 10 7 4 8 2 1 6 9 3 
20180511178 1 3 2 10 7 5 6 8 4 9 
20180511179 3 8 10 1 4 2 9 5 6 7 
20180511180 2 5 8 3 7 9 10 4 6 1 
20180511181 1 8 7 9 10 3 4 6 5 2 
20180511182 5 1 7 6 10 8 2 3 4 9 
20180511183 10 2 3 1 7 5 4 6 8 9 
20180511184 8 7 2 10 9 4 5 6 3 1 
20180511185 8 7 5 2 1 6 4 10 9 3 
20180511186 10 6 8 3 2 5 7 9 1 4 
20180511187 4 2 1 6 8 10 3 5 9 7 
20180511188 5 7 10 3 1 9 8 6 2 4 
20180511189 2 4 10 6 8 7 9 1 3 5 
20180511190 8 7 2 5 4 6 10 3 9 1 
20180511191 6 7 1 5 2 10 3 9 4 8 
20180511192 5 6 9 8 1 7 10 4 2 3 
20180511193 10 6 9 1 8 2 7 3 5 4 
20180511194 6 10 3 4 2 1 5 8 7 9 
20180511195 4 7 9 6 3 1 8 10 2 5 
20180511196 8 9 1 10 3 5 2 6 7 4 
20180511197 8 7 2 1 10 3 5 4 6 9 
20180511198 3 10 4 1 9 7 8 2 5 6 
20180511199 3 7 4 5 10 1 2 6 9 8 
20180511200 9 8 5 4 1 7 10 3 2 6 
20180511201 5 2 9 10 3 8 7 1 4 6 
20180511202 1 6 4 2 3 8 7 9 5 10 
20180511203 10 7 1 6 8 3 9 5 2 4 
20180511204 4 9 5 6 8 7 10 3 1 2 
20180511205 5 7 6 10 2 4 9 1 8 3 
20180511206 4 9 7 2 8 6 1 10 3 5 
20180511207 9 6 7 2 4 8 5 10 3 1 
20180511208 3 7 2 8 10 5 4 1 9 6 
20180511209 2 4 3 1 9 7 5 10 8 6 
20180511210 1 4 8 6 3 9 7 5 10 2 
20180511211 2 9 5 4 6 8 3 7 1 10 
20180511212 5 4 7 2 6 3 9 10 1 8 
20180511213 10 1 4 8 3 5 7 6 2 9 
20180511214 7 1 6 4 9 10 2 8 5 3 
20180511215 5 3 2 4 7 10 6 9 1 8 
20180511216 5 9 8 3 7 6 1 2 10 4 
20180511217 4 5 6 3 10 2 1 8 7 9 
20180511218 4 10 1 3 8 7 5 2 9 6 
20180511219 2 6 4 3 5 9 10 1 7 8 
20180511220 2 6 1 7 10 4 3 5 8 9 
20180511221 10 9 6 7 5 8 1 3 2 4 
20180511222 8 7 3 9 1 4 5 2 6 10 
20180511223 9 3 6 4 2 7 1 10 5 8 
20180511224 10 8 9 1 4 2 5 7 6 3 
20180511225 6 4 5 8 2 10 7 9 1 3 
20180511226 2 1 6 3 8 7 9 5 4 10 
20180511227 2 8 6 4 9 7 3 5 10 1 
20180511228 6 8 2 7 1 10 4 9 3 5 
20180511229 1 8 9 5 3 4 10 7 2 6 
20180511230 8 2 3 10 6 7 5 9 1 4 
20180511231 4 10 5 8 7 6 1 9 2 3 
20180511232 9 8 6 5 7 10 1 3 4 2 
20180511233 10 4 6 5 7 8 9 2 1 3 
20180511234 9 10 3 8 6 7 1 5 2 4 
20180511235 9 10 2 6 5 3 8 7 1 4 
20180511236 7 10 9 1 6 3 8 4 2 5 
20180511237 5 3 9 7 4 8 6 10 1 2 
20180511238 2 7 9 5 1 8 6 4 3 10 
20180511239 4 10 6 8 2 7 3 5 1 9 
20180511240 4 9 1 10 3 2 8 5 6 7 
20180511241 1 2 7 5 6 8 9 3 4 10 
20180511242 6 10 2 4 5 9 3 8 1 7 
20180511243 1 6 4 10 7 5 2 3 8 9 
20180511244 2 1 10 9 6 8 5 3 4 7 
20180511245 8 1 4 2 6 5 9 10 3 7 
20180511246 3 7 6 8 4 5 2 10 9 1 
20180511247 9 3 4 8 1 6 7 2 10 5 
20180511248 8 9 3 5 7 1 6 10 2 4 
20180511249 2 7 9 1 3 5 6 4 10 8 
20180511250 7 3 2 5 10 8 4 9 6 1 
20180511251 5 1 8 7 10 6 3 4 9 2 
20180511252 6 9 1 8 5 7 4 3 10 2 
20180511253 7 9 5 10 4 3 6 8 1 2 
20180511254 3 6 10 2 8 4 9 5 7 1 
20180511255 9 2 7 1 8 6 3 10 5 4 
20180511256 3 4 1 6 7 8 9 10 2 5 
20180511257 1 7 10 4 3 9 6 2 8 5 
20180511258 8 1 3 2 6 5 7 4 9 10 
20180511259 8 1 5 6 2 3 7 9 10 4 
20180511260 7 4 8 5 3 9 10 1 2 6 
20180511261 9 5 1 3 10 2 7 4 8 6 
20180511262 2 5 8 10 9 4 1 7 3 6 
20180511263 2 4 5 1 3 7 8 6 9 10 
20180511264 7 6 10 9 8 1 2 5 3 4 
20180511265 1 9 4 7 10 5 2 6 8 3 
20180511266 10 8 6 5 1 4 7 3 9 2 
20180511267 8 3 5 9 6 7 10 4 1 2 
20180511268 10 4 2 9 7 6 8 3 1 5 
20180511269 4 7 1 10 5 8 9 2 6 3 
20180511270 2 3 1 4 6 10 7 8 5 9 
20180511271 1 10 4 3 8 9 5 2 6 7 
20180511272 7 8 6 9 5 2 10 3 1 4 
20180511273 5 9 10 4 2 7 6 8 3 1 
20180511274 5 8 10 6 3 4 1 9 7 2 
20180511275 3 10 8 5 4 1 7 2 6 9 
20180511276 6 8 7 5 10 4 3 2 1 9 
20180511277 8 5 2 9 10 4 1 7 3 6 
20180511278 3 5 8 10 7 1 6 4 2 9 
20180511279 3 7 9 8 10 5 4 1 6 2 
20180511280 4 2 7 6 3 9 8 1 5 10 
20180511281 6 2 8 7 4 1 10 9 3 5 
20180511282 10 1 4 3 8 2 5 6 7 9 
20180511283 5 3 7 4 9 2 8 6 1 10 
20180511284 3 1 5 9 8 2 10 4 7 6 
20180511285 1 7 4 3 5 6 10 2 9 8 
20180511286 4 2 3 10 1 6 5 8 7 9 
20180511287 2 8 4 10 6 7 5 9 3 1 
20180511288 9 1 10 7 4 5 3 8 6 2 
20180511289 9 5 3 4 7 10 2 1 6 8 
20180511290 6 5 7 8 3 9 4 10 1 2 
20180511291 8 6 1 5 4 10 2 9 3 7 
20180511292 7 5 3 8 6 10 4 1 9 2 
20180511293 8 1 6 7 9 2 4 5 10 3 
20180511294 8 9 7 4 3 6 10 2 1 5 
20180511295 4 3 7 6 5 2 9 8 1 10 
20180511296 1 4 6 3 7 8 10 5 9 2 
20180511297 2 5 8 6 10 9 4 7 1 3 
20180511298 7 10 1 6 8 4 9 2 3 5 
20180511299 5 8 10 4 6 3 9 7 2 1 
20180511300 9 4 8 7 6 2 5 10 3 1 
20180511301 5 3 7 4 6 9 10 8 2 1 
20180511302 10 2 4 6 3 1 7 5 8 9 
20180511303 4 2 8 3 10 6 7 1 5 9 
20180511304 2 7 4 10 3 1 8 9 6 5 
20180511305 4 8 5 9 1 6 3 2 7 10 
20180511306 2 6 7 10 1 3 8 9 5 4 
20180511307 2 8 1 10 4 3 9 7 5 6 
20180511308 8 1 2 3 7 6 9 10 4 5 
20180511309 5 9 8 10 7 2 3 6 1 4 
20180511310 6 5 9 10 2 4 8 3 1 7 
20180511311 7 5 9 1 8 4 2 6 3 10 
20180511312 1 4 5 10 8 2 3 7 9 6 
20180511313 3 4 10 5 8 2 9 1 7 6 
20180511314 5 4 3 1 2 10 8 7 6 9 
20180511315 8 6 3 4 1 5 7 10 2 9 
20180511316 4 8 1 7 5 3 2 6 9 10 
20180511317 9 6 5 8 7 4 2 3 10 1 
20180511318 1 4 7 9 5 3 10 6 2 8 
20180511319 8 10 2 4 1 9 7 3 5 6 
20180511320 9 10 8 7 1 2 3 5 4 6 
20180511321 5 10 3 1 4 6 9 2 8 7 
20180511322 1 4 5 2 7 3 10 8 6 9 
20180511323 8 2 6 1 9 5 4 3 7 10 
20180511324 5 8 10 3 6 7 4 2 1 9 
20180511325 7 2 3 4 9 8 6 5 10 1 
20180511326 10 2 1 4 8 5 7 3 6 9 
20180511327 9 10 3 5 4 2 8 1 6 7 
20180511328 1 10 7 2 3 6 5 8 9 4 
20180511329 5 8 6 10 9 2 4 3 1 7 
20180511330 2 10 3 8 7 6 4 9 5 1 
20180511331 5 8 2 4 10 1 3 7 9 6 
20180511332 6 7 5 2 3 8 9 4 10 1 
20180511333 6 8 3 7 2 4 9 1 5 10 
20180511334 2 9 3 7 8 1 6 5 10 4 
20180511335 3 4 7 5 1 2 8 9 10 6 
20180511336 2 3 4 5 8 7 1 10 6 9 
20180511337 7 2 5 10 9 1 6 3 4 8 
20180511338 9 6 10 4 3 8 2 5 1 7 
20180511339 1 5 10 6 4 3 9 2 7 8 
20180511340 2 5 8 1 9 4 7 10 3 6 
20180511341 6 7 8 10 9 5 4 2 1 3 
20180511342 2 8 7 6 10 5 3 9 1 4 
20180511343 4 5 10 7 1 3 8 6 2 9 
20180511344 2 7 3 1 8 10 5 4 9 6 
20180511345 5 8 7 6 9 3 10 2 4 1 
20180511346 1 2 7 9 5 10 8 3 6 4 
20180511347 3 2 4 9 10 6 8 5 7 1 
20180511348 10 9 3 5 6 1 2 8 7 4 
20180511349 3 1 8 9 4 10 6 7 2 5 
20180511350 5 8 2 3 7 4 9 10 6 1 
20180511351 8 5 7 2 4 10 3 1 6 9 
20180511352 7 6 1 9 2 8 5 4 3 10 
20180511353 3 6 7 4 10 2 8 9 1 5 
20180511354 4 8 5 3 6 9 2 1 7 10 
20180511355 4 6 3 8 5 7 1 2 9 10 
20180511356 3 7 10 5 6 9 4 1 8 2 
20180511357 3 1 7 6 10 4 8 5 2 9 
20180511358 3 5 1 8 6 2 10 4 7 9 
20180511359 4 1 5 7 6 9 10 8 2 3 
20180511360 2 1 8 6 7 4 5 9 10 3 
20180511361 8 1 3 9 2 5 4 7 6 10 
20180511362 4 3 1 6 5 7 8 9 10 2 
20180511363 5 9 3 10 8 6 4 1 7 2 
20180511364 7 6 8 5 9 3 4 10 1 2 
20180511365 9 5 2 6 4 1 3 10 7 8 
20180511366 10 3 9 1 8 7 5 2 4 6 
20180511367 7 3 1 8 5 9 2 10 6 4 
20180511368 7 1 3 9 10 4 2 6 8 5 
20180511369 5 7 1 9 2 6 10 3 8 4 
20180511370 7 8 6 3 4 2 9 1 10 5 
20180511371 6 8 7 10 3 2 1 9 4 5 
20180511372 3 9 2 7 5 8 1 10 4 6 
20180511373 10 7 2 4 3 1 6 9 5 8 
20180511374 4 6 3 2 5 1 9 7 8 10 
20180511375 1 6 8 7 3 2 9 4 10 5 
20180511376 4 3 5 8 1 10 2 6 7 9 
20180511377 8 10 6 5 3 2 9 4 1 7 
20180511378 5 1 4 6 8 7 9 2 10 3 
20180511379 10 1 7 3 5 4 6 2 8 9 
20180511380 2 7 4 8 5 3 1 10 9 6 
20180511381 5 8 7 9 1 2 6 4 3 10 
20180511382 4 10 2 5 9 1 7 3 6 8 
20180511383 5 1 2 6 3 10 8 7 9 4 
20180511384 1 10 8 2 6 7 9 4 5 3 
20180511385 10 9 5 4 6 7 1 3 2 8 
20180511386 1 3 4 8 6 9 7 10 2 5 
20180511387 2 5 8 1 6 3 4 10 7 9 
20180511388 1 3 4 2 8 9 7 5 10 6 
20180511389 3 2 1 8 7 6 5 4 10 9 
20180511390 5 8 4 7 9 6 2 3 10 1 
20180511391 4 6 8 7 5 1 9 2 10 3 
20180511392 5 2 1 10 8 6 3 4 7 9 
20180511393 6 7 5 8 4 1 9 2 10 3 
20180511394 4 7 1 8 3 10 2 5 9 6 
20180511395 1 5 9 2 8 7 4 3 6 10 
20180511396 6 10 3 8 2 5 4 1 7 9 
20180511397 4 8 6 10 3 7 2 9 5 1 
20180511398 9 5 10 4 6 7 8 2 1 3 
20180511399 1 9 6 10 8 5 2 3 7 4 
20180511400 3 1 8 5 9 2 10 4 6 7 
20180511401 8 2 6 5 7 1 3 9 10 4 
20180511402 9 6 10 4 3 7 5 2 8 1 
20180511403 9 1 6 2 10 3 8 7 5 4 
20180511404 6 4 9 10 2 8 7 5 3 1 
20180511405 7 9 6 1 5 10 3 4 2 8 
20180511406 1 8 10 3 6 9 4 2 7 5 
20180511407 7 2 3 5 8 1 4 10 9 6 
20180511408 8 1 5 6 7 2 4 3 10 9 
20180511409 8 10 6 9 2 3 1 5 4 7 
20180511410 5 1 4 8 7 3 6 10 2 9 
20180511411 8 6 5 3 7 4 9 10 2 1 
20180511412 7 1 9 5 2 8 4 3 6 10 
20180511413 9 8 2 5 1 6 10 4 7 3 
20180511414 8 10 7 9 5 4 1 2 6 3 
20180511415 4 3 6 7 9 1 5 8 2 10 
20180511416 2 1 9 10 4 5 6 8 7 3 
20180511417 9 8 3 2 4 10 6 5 1 7 
20180511418 3 5 6 9 7 4 8 1 10 2 
20180511419 10 3 7 8 2 9 6 4 5 1 
20180511420 3 7 2 1 6 8 5 9 10 4 
20180511421 1 3 6 8 9 7 5 2 4 10 
20180511422 3 8 7 1 6 9 10 5 2 4 
20180511423 3 1 9 4 5 7 2 8 10 6 
20180511424 2 3 4 9 7 6 10 1 5 8 
20180511425 8 4 9 5 1 2 6 7 3 10 
20180511426 7 10 2 8 5 3 4 6 9 1 
20180511427 1 5 9 10 3 8 2 6 7 4 
20180511428 9 3 4 5 8 7 2 10 1 6 
20180511429 8 9 5 2 1 7 6 3 4 10 
20180511430 6 2 9 5 4 8 7 1 3 10 
20180511431 2 6 9 8 3 10 4 1 7 5 
20180511432 10 3 6 1 7 2 4 8 9 5 
20180511433 7 6 2 5 1 8 4 9 10 3 
20180511434 1 2 10 4 3 7 5 6 9 8 
20180511435 1 4 9 5 3 8 2 10 6 7 
20180511436 9 1 6 7 8 5 3 2 4 10 
20180511437 1 4 3 6 9 7 2 10 5 8 
20180511438 9 4 1 8 6 7 3 5 10 2 
20180511439 6 8 5 4 9 2 3 10 7 1 
20180511440 1 3 6 7 9 2 5 8 4 10 
20180511441 3 4 8 5 2 6 10 9 7 1 
20180511442 1 10 6 4 5 9 3 2 8 7 
20180511443 3 8 5 6 4 10 1 2 9 7 
20180511444 4 6 2 3 9 5 7 8 1 10 
20180511445 2 10 8 1 9 6 7 5 3 4 
20180511446 7 1 4 6 2 10 9 3 8 5 
20180511447 1 7 8 5 2 10 9 4 3 6 
20180511448 3 4 7 10 9 6 8 5 2 1 
20180511449 6 3 7 5 1 9 4 8 10 2 
20180511450 5 4 1 9 6 7 2 3 8 10 
20180511451 6 1 3 9 7 8 2 5 4 10 
20180511452 2 8 6 1 9 10 7 4 5 3 
20180511453 5 4 8 9 2 3 10 1 6 7 
20180511454 6 4 7 2 3 10 9 5 1 8 
20180511455 9 6 8 10 5 7 1 3 4 2 
20180511456 3 5 4 1 7 10 9 2 6 8 
20180511457 5 10 4 1 6 8 2 9 7 3 
20180511458 3 8 9 6 1 2 7 5 4 10 
20180511459 6 4 5 10 7 8 2 3 9 1 
20180511460 10 4 2 8 1 6 9 7 5 3 
20180511461 6 8 3 2 10 5 7 4 1 9 
20180511462 9 3 1 5 7 10 4 8 6 2 
20180511463 6 9 7 4 5 3 10 1 8 2 
20180511464 3 8 9 7 4 2 1 10 5 6 
20180511465 10 9 5 6 3 2 8 4 7 1 
20180511466 2 3 8 6 10 9 4 7 1 5 
20180511467 2 7 8 5 1 9 4 6 3 10 
20180511468 3 4 8 6 2 5 9 7 1 10 
20180511469 4 2 8 3 9 6 7 10 1 5 
20180511470 1 9 4 2 7 5 10 8 3 6 
20180511471 2 6 4 10 1 5 8 3 9 7 
20180511472 7 1 5 2 10 8 4 6 3 9 
20180511473 5 10 8 7 9 2 1 4 6 3 
20180511474 4 7 10 2 6 1 3 8 5 9 
20180511475 3 7 10 9 6 8 5 4 1 2 
20180511476 2 8 10 5 6 9 4 7 1 3 
20180511477 1 4 10 2 5 8 7 9 6 3 
20180511478 10 6 4 2 1 5 9 8 7 3 
20180511479 3 2 1 7 10 9 4 6 8 5 
20180511480 1 7 6 2 4 5 3 8 9 10 
20180511481 3 1 6 4 7 2 5 9 8 10 
20180511482 8 1 10 7 6 2 5 9 3 4 
20180511483 9 7 10 6 4 5 2 8 1 3 
20180511484 1 5 7 8 6 4 3 10 9 2 
20180511485 1 9 5 3 8 2 4 7 6 10 
20180511486 2 8 6 1 10 9 7 4 5 3 
20180511487 9 3 8 5 6 1 4 10 2 7 
20180511488 8 4 10 5 6 9 7 2 1 3 
20180511489 8 6 2 4 7 9 1 10 3 5 
20180511490 2 4 1 9 6 10 5 8 3 7 
20180511491 1 5 6 7 9 3 2 8 10 4 
20180511492 5 3 6 2 7 9 4 1 10 8 
20180511493 8 4 7 6 5 3 1 9 2 10 
20180511494 8 10 7 5 6 9 1 4 2 3 
20180511495 8 1 4 2 10 6 5 3 7 9 
20180511496 7 5 6 3 9 8 2 4 1 10 
20180511497 3 1 2 7 5 9 10 4 8 6 
20180511498 10 6 2 3 4 9 5 7 1 8 
20180511499 10 9 3 2 6 8 1 5 4 7 
20180511500 6 9 3 1 4 8 2 7 5 10 
20180511501 5 4 3 10 2 7 6 1 9 8 
20180511502 8 6 10 2 1 9 4 5 3 7 
20180511503 6 5 10 7 2 8 1 4 3 9 
20180511504 5 6 8 1 4 7 3 9 2 10 
20180511505 2 3 4 6 1 9 5 7 10 8 
20180511506 5 9 3 7 6 2 10 4 1 8 
20180511507 4 2 9 6 3 1 10 8 5 7 
20180511508 2 10 9 8 7 1 5 6 3 4 
20180511509 9 10 8 2 6 3 1 4 5 7 
20180511510 1 5 9 8 3 4 6 7 10 2 
20180511511 9 1 10 8 7 2 3 5 4 6 
20180511512 4 6 3 8 10 9 5 7 1 2 
20180511513 9 3 7 10 1 5 8 2 6 4 
20180511514 7 10 3 6 2 8 5 1 9 4 
20180511515 10 4 1 6 5 9 3 2 8 7 
20180511516 2 7 3 6 10 4 9 5 1 8 
20180511517 9 5 10 7 6 8 3 2 1 4 
20180511518 9 7 3 6 4 10 5 1 8 2 
20180511519 2 6 3 1 5 8 10 4 9 7 
20180511520 7 2 9 10 8 1 5 3 4 6 
20180511521 2 5 1 6 9 8 4 7 10 3 
20180511522 5 2 3 9 6 7 4 10 8 1 
20180511523 3 1 5 10 9 2 6 7 4 8 
20180511524 4 2 10 8 1 5 6 7 3 9 
20180511525 10 4 9 7 6 8 1 5 2 3 
20180511526 7 4 9 3 6 5 8 10 1 2 
20180511527 9 10 7 1 2 8 3 6 4 5 
20180511528 3 10 6 4 8 5 7 9 1 2 
20180511529 10 2 9 8 4 3 1 7 5 6 
20180511530 8 3 4 2 6 10 5 1 7 9 
20180511531 1 5 3 7 6 9 8 2 10 4 
20180511532 4 3 7 9 6 10 1 2 5 8 
20180511533 5 6 9 4 10 8 7 3 1 2 
20180511534 1 4 8 2 6 9 10 3 7 5 
20180511535 6 8 10 7 1 5 4 9 3 2 
20180511536 1 5 9 8 7 6 2 10 3 4 
20180511537 1 4 3 7 9 8 5 10 6 2 
20180511538 9 3 1 6 8 5 10 4 2 7 
20180511539 8 4 5 10 1 7 6 9 2 3 
20180511540 10 3 5 7 9 1 6 4 2 8 
20180511541 2 4 1 9 3 8 5 7 6 10 
20180511542 3 10 9 6 5 4 8 1 2 7 
20180511543 9 4 6 7 2 5 3 10 8 1 
20180511544 4 8 1 3 2 10 5 9 6 7 
20180511545 6 5 2 9 10 1 7 8 3 4 
20180511546 2 1 8 7 3 4 5 10 9 6 
20180511547 1 3 4 8 2 10 7 5 9 6 
20180511548 4 1 3 6 9 2 10 5 7 8 
20180511549 5 7 4 3 9 10 2 8 1 6 
20180511550 5 4 2 6 9 3 7 10 8 1 
20180511551 4 9 7 5 1 6 10 8 3 2 
20180511552 10 4 3 8 6 1 5 2 7 9 
20180511553 9 2 6 4 3 7 5 10 8 1 
20180511554 3 1 6 9 10 7 8 5 4 2 
20180511555 1 4 9 10 8 5 3 6 7 2 
20180511556 10 1 4 5 2 9 3 7 6 8 
20180511557 3 7 9 10 1 2 6 5 8 4 
20180511558 1 7 2 3 5 8 6 9 4 10 
20180511559 8 9 6 3 5 1 4 2 10 7 
20180511560 7 2 8 6 9 1 5 10 4 3 
20180511561 1 4 7 10 5 2 8 3 6 9 
20180511562 8 6 1 5 7 10 4 3 2 9 
20180511563 4 10 8 1 7 5 6 9 3 2 
20180511564 8 4 2 7 5 3 1 9 6 10 
20180511565 2 3 5 9 6 8 7 4 10 1 
20180511566 2 6 3 8 10 5 1 7 9 4 
20180511567 6 8 7 1 3 2 4 5 10 9 
20180511568 5 10 9 7 1 3 6 8 4 2 
20180511569 1 6 9 5 10 7 8 4 3 2 
20180511570 3 8 1 7 9 4 6 5 2 10 
20180511571 5 9 8 6 10 4 1 3 7 2 
20180511572 5 4 7 2 6 1 3 9 10 8 
20180511573 1 6 4 7 9 2 3 8 5 10 
20180511574 6 8 1 5 10 3 2 9 4 7 
20180511575 7 3 10 6 1 9 4 8 5 2 
20180511576 10 1 3 6 7 5 4 2 9 8 
20180511577 4 10 1 5 3 2 9 8 7 6 
20180511578 4 2 1 7 9 10 3 5 6 8 
20180511579 8 7 2 5 1 10 6 3 9 4 
20180511580 5 4 2 3 9 10 7 8 1 6 
20180511581 10 3 9 4 1 5 7 6 8 2 
20180511582 5 4 2 9 10 7 8 1 6 3 
20180511583 10 9 4 5 1 8 2 3 7 6 
20180511584 5 1 9 7 2 6 4 10 3 8 
20180511585 3 5 8 1 7 4 6 9 10 2 
20180511586 6 7 10 9 5 8 2 4 3 1 
20180511587 2 6 1 4 7 10 8 5 3 9 
20180511588 1 3 5 6 9 8 4 10 2 7 
20180511589 1 4 7 3 2 10 8 5 9 6 
20180511590 10 1 4 3 7 5 6 9 8 2 
20180511591 6 7 9 5 1 3 4 10 8 2 
20180511592 8 6 9 4 1 2 7 3 10 5 
20180511593 9 7 6 4 10 5 3 1 2 8 
20180511594 10 4 3 2 9 1 6 8 7 5 
20180511595 8 10 3 6 9 5 7 1 4 2 
20180511596 3 5 1 9 4 7 6 10 2 8 
20180511597 3 8 1 2 5 10 7 4 9 6 
20180511598 8 3 7 2 5 1 4 9 6 10 
20180511599 6 4 1 5 2 3 8 10 9 7 
20180511600 3 7 5 8 9 4 1 2 10 6 
20180511601 7 6 5 9 8 2 4 10 1 3 
20180511602 8 7 9 2 6 10 3 1 5 4 
20180511603 1 3 5 4 9 6 10 7 2 8 
20180511604 1 6 2 3 10 9 7 5 4 8 
20180511605 6 7 10 5 9 8 3 2 1 4 
20180511606 8 6 1 2 7 4 10 9 5 3 
20180511607 2 10 3 9 6 4 8 5 1 7 
20180511608 7 9 8 1 4 5 6 2 3 10 
20180511609 1 8 3 4 5 6 7 2 9 10 
20180511610 5 8 2 3 9 6 1 4 7 10 
20180511611 8 4 1 5 2 3 6 10 9 7 
20180511612 6 5 8 10 2 4 1 9 3 7 
20180511613 8 6 4 2 5 3 1 7 9 10 
20180511614 8 9 5 4 2 7 6 1 10 3 
20180511615 1 5 7 2 6 9 10 3 8 4 
20180511616 6 8 5 10 7 3 2 1 4 9 
20180511617 9 5 3 8 1 10 4 2 7 6 
20180511618 8 6 10 7 3 5 4 2 1 9 
20180511619 7 3 2 10 5 9 1 4 6 8 
20180511620 2 1 5 7 9 6 8 10 4 3 
20180511621 4 3 10 9 8 1 2 6 7 5 
20180511622 3 10 4 1 8 6 9 2 7 5 
20180511623 6 3 4 5 2 7 8 9 10 1 
20180511624 3 6 10 4 2 5 1 8 9 7 
20180511625 10 6 4 3 9 7 8 5 2 1 
20180511626 10 9 4 2 3 5 8 7 6 1 
20180511627 6 3 4 5 9 2 7 8 10 1 
20180511628 9 5 1 8 2 6 7 10 4 3 
20180511629 10 8 2 7 1 4 9 5 6 3 
20180511630 5 6 7 10 4 2 1 3 8 9 
20180511631 5 6 9 3 1 7 8 2 4 10 
20180511632 10 9 2 1 5 6 3 8 4 7 
20180511633 6 2 8 10 7 3 5 4 9 1 
20180511634 4 5 9 6 2 7 10 1 8 3 
20180511635 4 8 10 6 5 1 7 2 9 3 
20180511636 6 5 1 7 10 4 3 8 2 9 
20180511637 10 3 1 6 2 9 8 7 5 4 
20180511638 1 8 5 3 9 2 10 7 6 4 
20180511639 10 6 8 5 7 1 9 4 2 3 
20180511640 5 9 8 4 10 6 7 2 3 1 
20180511641 9 4 5 8 7 6 10 1 3 2 
20180511642 6 3 10 9 5 1 2 7 4 8 
20180511643 10 2 1 9 8 4 5 3 6 7 
20180511644 1 6 5 7 10 4 2 3 8 9 
20180511645 10 1 5 7 6 4 9 8 2 3 
20180511646 10 9 7 6 4 2 5 1 8 3 
20180511647 8 10 9 1 3 2 6 7 5 4 
20180511648 9 7 6 5 3 2 8 10 4 1 
20180511649 8 10 9 6 5 2 4 1 3 7 
20180511650 2 1 4 10 5 9 3 7 8 6 
20180511651 5 9 4 6 1 8 7 10 3 2 
20180511652 3 8 10 5 1 7 4 9 6 2 
20180511653 6 2 1 9 8 3 4 5 10 7 
20180511654 3 9 6 5 10 1 2 4 8 7 
20180511655 4 6 1 8 5 10 9 3 2 7 
20180511656 7 5 10 4 2 6 3 9 1 8 
20180511657 5 9 1 4 7 10 6 8 2 3 
20180511658 9 8 1 4 3 2 5 6 7 10 
20180511659 9 5 4 1 8 2 10 7 3 6 
20180511660 3 2 1 10 7 6 8 9 4 5 
20180511661 3 6 1 7 4 9 5 8 2 10 
20180511662 3 5 6 9 7 2 1 8 4 10 
20180511663 9 3 10 5 4 8 6 2 1 7 
20180511664 2 6 8 9 10 4 5 3 7 1 
20180511665 7 4 10 1 2 9 8 5 3 6 
20180511666 6 5 2 3 1 9 7 4 10 8 
20180511667 9 10 2 1 5 6 8 3 4 7 
20180511668 3 6 10 7 1 4 5 8 2 9 
20180511669 4 8 10 1 7 9 5 3 2 6 
20180511670 5 4 10 8 1 3 2 9 6 7 
20180511671 3 5 10 7 8 2 9 4 6 1 
20180511672 4 6 3 8 10 1 9 5 2 7 
20180511673 10 7 3 2 5 1 6 4 8 9 
20180511674 4 1 2 6 8 10 7 3 9 5 
20180511675 5 4 10 9 7 3 6 1 2 8 
20180511676 10 4 9 3 2 7 6 1 5 8 
20180511677 8 1 3 7 6 4 2 10 9 5 
20180511678 6 9 1 10 4 3 7 8 2 5 
20180511679 8 5 4 3 10 9 6 7 2 1 
20180511680 6 10 1 4 7 9 2 8 3 5 
20180511681 5 3 4 10 9 6 2 7 1 8 
20180511682 4 3 8 10 5 6 9 1 2 7 
20180511683 1 3 10 7 8 9 6 2 5 4 
20180511684 9 5 8 10 1 7 6 3 2 4 
20180511685 9 4 6 5 1 7 8 2 10 3 
20180511686 2 3 9 7 4 6 10 1 5 8 
20180511687 4 1 8 3 10 7 6 9 2 5 
20180511688 9 1 10 3 6 2 5 4 8 7 
20180511689 8 9 10 1 4 5 2 7 6 3 
20180511690 9 4 5 10 2 7 3 6 1 8 
20180511691 4 9 7 3 1 2 5 6 10 8 
20180511692 4 3 7 2 9 5 8 10 1 6 
20180511693 7 5 2 8 4 9 6 3 10 1 
20180511694 8 2 9 3 10 7 4 5 1 6 
20180511695 7 5 6 2 3 9 10 4 8 1 
20180511696 10 3 5 7 9 6 8 2 4 1 
20180511697 2 10 8 4 5 1 6 3 7 9 
20180511698 1 8 3 9 6 4 2 10 7 5 
20180511699 5 10 1 4 6 9 7 3 2 8 
20180511700 10 7 4 1 2 8 6 5 3 9 
20180511701 2 6 9 7 5 4 3 10 8 1 
20180511702 1 6 5 4 2 9 10 8 7 3 
20180511703 9 5 2 7 10 4 8 6 3 1 
20180511704 1 7 2 8 6 4 10 3 9 5 
20180511705 9 1 5 4 3 2 6 10 8 7 
20180511706 5 9 4 2 6 8 3 7 10 1 
20180511707 2 3 6 7 1 4 8 9 5 10 
20180511708 10 1 3 9 7 8 4 6 5 2 
20180511709 1 9 4 10 5 7 2 6 3 8 
20180511710 3 10 7 9 4 1 5 8 6 2 
20180511711 6 10 2 9 4 1 3 8 5 7 
20180511712 9 2 3 4 5 1 10 7 8 6 
20180511713 10 1 6 7 3 5 9 8 2 4 
20180511714 4 5 3 6 10 8 2 9 1 7 
20180511715 9 4 3 1 8 5 10 7 6 2 
20180511716 1 9 10 5 4 6 8 2 7 3 
20180511717 2 10 6 3 9 7 4 8 1 5 
20180511718 6 4 10 9 3 2 5 1 7 8 
20180511719 2 8 7 1 4 3 10 6 9 5 
20180511720 2 8 5 4 3 1 7 10 6 9 
20180511721 5 6 1 10 8 4 9 2 7 3 
20180511722 7 5 8 10 4 2 9 6 3 1 
20180511723 4 3 2 1 8 10 5 7 9 6 
20180511724 6 1 4 8 7 2 9 5 10 3 
20180511725 9 8 10 5 1 6 2 4 7 3 
20180511726 5 8 9 7 4 1 6 2 10 3 
20180511727 3 8 1 7 6 2 5 4 9 10 
20180511728 5 7 8 1 6 2 4 9 3 10 
20180511729 10 7 6 3 4 2 5 1 9 8 
20180511730 2 5 3 7 8 4 6 10 1 9 
20180511731 7 9 2 6 5 4 3 8 1 10 
20180511732 4 3 7 2 10 9 6 5 8 1 
20180511733 1 2 3 9 10 5 4 7 6 8 
20180511734 4 9 2 5 1 8 10 7 3 6 
20180511735 3 7 8 4 2 1 6 5 9 10 
20180511736 4 1 7 9 10 3 6 2 8 5 
20180511737 3 1 6 2 5 10 4 7 9 8 
20180511738 2 10 7 5 3 6 1 8 4 9 
20180511739 6 7 10 2 9 1 4 8 3 5 
20180511740 10 7 4 8 3 6 9 2 1 5 
20180511741 8 2 9 7 1 5 4 6 3 10 
20180511742 6 2 8 9 5 4 3 7 10 1 
20180511743 10 8 1 2 4 7 3 9 5 6 
20180511744 3 6 2 7 1 4 10 5 9 8 
20180511745 9 4 7 8 5 6 2 3 10 1 
20180511746 1 7 8 9 2 4 3 6 5 10 
20180511747 2 3 1 5 7 4 10 8 6 9 
20180511748 4 1 6 10 2 9 8 7 5 3 
20180511749 6 9 8 2 5 7 1 10 4 3 
20180511750 6 4 9 10 7 2 3 8 5 1 
20180511751 4 6 3 2 1 9 5 10 8 7 
20180511752 10 6 3 4 8 9 5 2 1 7 
20180511753 5 4 9 6 10 2 3 7 1 8 
20180511754 9 2 3 5 6 1 8 4 7 10 
20180511755 1 5 7 2 10 4 3 9 6 8 
20180511756 6 3 4 10 9 7 8 5 2 1 
20180511757 3 9 7 10 4 6 2 1 5 8 
20180511758 3 6 4 8 10 7 2 1 9 5 
20180511759 9 5 8 10 7 1 6 3 2 4 
20180511760 9 1 10 7 3 5 6 8 4 2 
20180511761 2 6 7 4 9 5 8 10 3 1 
20180511762 1 9 2 6 5 3 8 7 4 10 
20180511763 10 7 4 3 8 1 9 5 2 6 
20180511764 2 10 5 7 4 6 9 1 3 8 
20180511765 1 10 2 9 5 3 8 4 6 7 
20180511766 6 8 9 5 7 4 1 3 10 2 
20180511767 9 10 3 7 8 6 5 2 1 4 
20180511768 1 8 9 2 5 7 4 10 3 6 
20180511769 7 9 5 1 3 10 2 4 6 8 
20180511770 1 7 9 5 3 4 8 10 2 6 
20180511771 7 2 9 5 1 3 6 4 10 8 
20180511772 5 7 3 1 2 9 4 6 8 10 
20180511773 10 3 8 1 7 2 6 9 5 4 
20180511774 8 4 2 3 1 9 10 6 7 5 
20180511775 4 3 7 10 6 1 8 9 2 5 
20180511776 8 1 10 7 4 9 6 5 3 2 
20180511777 10 4 7 6 1 3 5 8 9 2 
20180511778 10 5 8 6 7 9 4 1 2 3 
20180511779 10 2 8 6 3 7 1 9 5 4 
20180511780 6 5 8 3 7 1 9 2 10 4 
20180511781 8 9 1 7 6 10 3 4 5 2 
20180511782 7 9 3 8 10 2 5 1 4 6 
20180511783 2 7 9 10 5 3 1 8 4 6 
20180511784 1 4 10 6 8 5 7 3 2 9 
20180511785 8 7 6 2 3 10 9 4 1 5 
20180511786 5 3 2 10 7 9 8 6 1 4 
20180511787 5 4 6 3 8 9 2 1 10 7 
20180511788 6 5 2 10 4 7 3 1 9 8 
20180511789 6 5 7 3 8 4 1 9 10 2 
20180511790 3 8 4 10 2 6 1 7 5 9 
20180511791 3 9 2 5 1 7 6 8 10 4 
20180511792 6 10 2 4 9 7 5 8 3 1 
20180511793 6 8 5 7 10 9 3 4 1 2 
20180511794 10 5 4 3 1 6 8 2 7 9 
20180511795 10 8 2 1 9 4 6 7 5 3 
20180511796 1 7 9 10 4 2 5 3 6 8 
20180511797 3 7 1 10 2 8 9 4 5 6 
20180511798 5 4 8 2 3 6 10 1 9 7 
20180511799 4 9 7 3 6 10 5 8 2 1 
20180511800 4 1 10 3 9 8 5 7 6 2 
20180511801 6 5 3 8 1 10 7 4 9 2 
20180511802 5 3 7 8 10 2 1 9 6 4 
20180511803 3 1 6 4 7 8 9 2 5 10 
20180511804 2 3 4 9 7 6 8 10 5 1 
20180511805 1 8 3 9 4 5 2 10 6 7 
20180511806 8 2 1 7 5 3 4 10 6 9 
20180511807 4 7 5 6 2 9 10 8 3 1 
20180511808 9 2 10 1 5 4 8 3 7 6 
20180511809 2 1 7 3 10 6 8 5 9 4 
20180511810 2 4 8 10 5 9 3 1 7 6 
20180511811 1 4 6 5 3 2 7 8 10 9 
20180511812 8 10 2 6 1 9 5 7 4 3 
20180511813 2 7 9 1 10 5 4 6 3 8 
20180511814 7 10 5 1 8 2 6 4 3 9 
20180511815 7 1 4 6 10 8 2 5 3 9 
20180511816 2 6 5 1 3 7 4 8 9 10 
20180511817 7 4 8 10 9 1 3 2 6 5 
20180511818 5 2 7 1 3 4 9 6 8 10 
20180511819 2 1 8 5 10 7 3 4 6 9 
20180511820 7 6 5 10 8 4 9 1 2 3 
20180511821 4 7 5 10 9 1 8 6 2 3 
20180511822 10 5 8 6 3 7 2 4 1 9 
20180511823 6 2 9 8 1 4 7 10 3 5 
20180511824 4 1 10 5 7 8 6 9 2 3 
20180511825 6 9 10 7 4 2 1 5 3 8 
20180511826 3 6 10 7 9 8 1 2 5 4 
20180511827 5 2 8 10 9 4 6 3 1 7 
20180511828 4 1 2 3 9 7 8 10 5 6 
20180511829 9 7 3 1 8 10 6 4 2 5 
20180511830 1 7 4 9 8 2 10 3 6 5 
20180511831 2 4 3 6 8 1 9 7 5 10 
20180511832 2 9 10 5 1 6 3 7 8 4 
20180511833 1 8 4 9 2 6 5 3 10 7 
20180511834 1 6 9 7 10 2 3 4 5 8 
20180511835 2 7 5 6 10 9 8 3 1 4 
20180511836 9 7 3 4 6 5 1 8 2 10 
20180511837 5 3 9 4 1 7 8 6 2 10 
20180511838 8 4 2 3 10 9 1 7 6 5 
20180511839 5 7 2 1 3 9 6 10 8 4 
20180511840 5 9 4 1 8 7 3 6 2 10 
20180511841 4 8 3 7 10 1 2 6 9 5 
20180511842 7 10 5 4 8 6 1 3 2 9 
20180511843 2 8 9 5 4 7 10 6 1 3 
20180511844 1 5 8 10 7 4 9 6 2 3 
20180511845 10 9 1 2 5 7 4 6 8 3 
20180511846 10 4 1 6 7 5 8 2 3 9 
20180511847 1 10 5 7 4 3 6 2 9 8 
20180511848 5 3 8 6 10 1 2 4 9 7 
20180511849 4 9 1 6 3 5 7 8 2 10 
20180511850 4 5 2 10 3 7 1 8 9 6 
20180511851 10 9 1 6 2 3 7 8 4 5 
20180511852 8 7 6 3 4 2 5 10 1 9 
20180511853 6 3 7 9 2 4 10 5 1 8 
20180511854 5 10 8 1 2 4 3 6 7 9 
20180511855 10 4 8 6 5 2 9 7 1 3 
20180511856 5 10 4 8 3 2 9 1 7 6 
20180511857 9 1 2 4 6 8 7 10 3 5 
20180511858 10 6 1 2 8 5 7 9 4 3 
20180511859 1 9 2 7 10 6 4 5 8 3 
20180511860 7 9 1 10 6 4 3 5 8 2 
20180511861 4 9 7 5 8 10 3 2 1 6 
20180511862 8 4 2 6 5 10 9 1 3 7 
20180511863 6 7 8 4 9 2 10 5 3 1 
20180511864 7 3 9 6 10 4 2 5 8 1 
20180511865 10 3 9 8 6 1 4 7 2 5 
20180511866 9 1 6 2 4 3 5 7 10 8 
20180511867 7 2 6 5 4 10 9 8 3 1 
20180511868 8 4 6 7 9 5 2 3 10 1 
20180511869 8 7 4 9 2 1 10 6 3 5 
20180511870 9 3 1 8 10 7 5 4 2 6 
20180511871 8 3 10 7 1 4 5 6 2 9 
20180511872 3 1 4 6 7 2 8 5 9 10 
20180511873 6 5 9 8 10 7 2 4 1 3 
20180511874 8 3 1 4 5 10 6 9 7 2 
20180511875 8 10 1 5 2 3 7 9 4 6 
20180511876 3 7 5 10 1 4 2 8 9 6 
20180511877 6 3 1 10 8 7 9 2 5 4 
20180511878 8 10 3 2 6 7 5 4 1 9 
20180511879 1 10 3 2 4 9 8 5 7 6 
20180511880 1 10 7 9 2 8 4 3 5 6 
20180511881 9 2 8 5 1 7 3 10 6 4 
20180511882 8 10 1 4 9 5 7 3 6 2 
20180511883 4 7 3 8 1 10 6 9 2 5 
20180511884 2 9 10 8 4 3 7 6 5 1 
20180511885 6 5 7 3 10 1 2 8 4 9 
20180511886 9 5 10 6 4 2 7 3 1 8 
20180511887 1 5 7 6 3 10 8 4 9 2 
20180511888 3 4 8 7 5 2 9 10 6 1 
20180511889 5 8 9 7 2 4 6 1 10 3 
20180511890 7 2 5 10 6 9 1 4 3 8 
20180511891 7 6 3 4 1 2 10 8 5 9 
20180511892 3 9 5 4 10 7 6 2 8 1 
20180511893 3 7 5 4 10 1 2 8 6 9 
20180511894 5 7 6 10 4 3 2 8 9 1 
20180511895 10 6 8 1 5 7 4 3 9 2 
20180511896 7 3 8 2 4 1 10 5 6 9 
20180511897 10 7 5 8 1 3 9 6 2 4 
20180511898 1 8 7 9 5 2 10 4 3 6 
20180511899 10 7 2 5 9 6 8 4 1 3 
20180511900 7 2 10 1 3 8 5 6 9 4 
20180511901 6 2 3 4 7 1 5 8 10 9 
20180511902 3 4 2 10 9 7 1 5 6 8 
20180511903 1 3 6 4 5 9 2 8 7 10 
20180511904 9 7 4 10 2 1 3 6 5 8 
20180511905 1 3 2 4 10 7 8 5 6 9 
20180511906 10 8 1 6 9 4 5 2 7 3 
20180511907 1 8 4 3 10 5 9 7 6 2 
20180511908 10 5 3 2 1 9 4 6 8 7 
20180511909 1 9 6 3 4 2 7 5 8 10 
20180511910 8 6 7 9 4 1 10 2 3 5 
20180511911 3 5 2 9 8 7 10 1 4 6 
20180511912 3 7 9 10 8 5 6 2 4 1 
20180511913 4 8 2 10 1 3 9 6 7 5 
20180511914 6 9 3 10 1 2 7 8 4 5 
20180511915 6 3 1 10 5 4 7 8 9 2 
20180511916 6 2 4 3 5 9 7 8 1 10 
20180511917 10 1 2 4 9 3 8 5 7 6 
20180511918 3 1 6 2 7 10 8 4 5 9 
20180511919 4 10 7 8 9 1 5 2 3 6 
20180511920 10 9 6 3 5 4 8 7 1 2 
20180511921 9 5 3 8 6 2 10 1 4 7 
20180511922 8 3 1 5 2 6 4 9 7 10 
20180511923 5 6 3 1 2 4 9 7 8 10 
20180511924 9 6 7 4 2 1 3 8 10 5 
20180511925 4 2 10 7 6 5 1 3 8 9 
20180511926 1 10 7 9 6 4 5 8 2 3 
20180511927 1 5 7 6 2 10 9 4 8 3 
20180511928 6 7 9 3 5 1 2 10 8 4 
20180511929 1 2 8 9 4 3 7 10 6 5 
20180511930 3 1 6 5 7 8 10 9 4 2 
20180511931 1 8 9 3 5 2 7 6 10 4 
20180511932 4 10 3 2 8 1 5 9 7 6 
20180511933 5 3 8 4 6 7 9 1 10 2 
20180511934 4 9 6 10 2 8 5 3 7 1 
20180511935 7 4 3 5 10 1 6 8 2 9 
20180511937 4 7 5 6 9 1 8 3 2 10 
20180511938 8 3 1 4 10 6 7 5 9 2 
20180511939 7 9 3 6 8 1 5 10 2 4 
20180511940 10 4 9 5 3 2 7 6 8 1 
20180511941 5 7 3 4 10 1 6 9 8 2 
20180511942 1 7 5 10 9 3 8 6 2 4 
20180511943 10 6 1 8 5 2 7 3 4 9 
20180511944 10 1 6 2 8 5 9 7 4 3 
20180511945 8 7 3 6 4 1 2 9 5 10 
20180511946 8 6 9 3 1 5 7 4 10 2 
20180511947 1 2 4 7 8 6 10 5 9 3 
20180511948 6 4 3 9 2 8 5 7 1 10 
20180511949 10 3 9 8 4 6 5 1 2 7 
20180511950 7 1 9 10 6 8 2 3 5 4 
20180511951 3 7 2 1 4 9 8 10 6 5 
20180511952 4 6 10 2 9 1 5 3 8 7 
20180511953 7 2 1 9 4 3 5 8 6 10 
20180511954 1 2 7 5 10 4 3 8 9 6 
20180511955 3 8 2 9 1 10 4 6 7 5 
20180511956 10 6 4 3 5 1 2 7 9 8 
20180511957 8 4 1 10 2 5 6 3 7 9 
20180511958 10 1 7 2 9 6 4 5 3 8 
20180511959 4 3 5 2 8 10 9 1 7 6 
20180511960 8 10 2 7 9 6 4 1 3 5 
20180511961 4 7 6 1 3 2 9 8 10 5 
20180511962 1 4 7 3 6 2 8 9 5 10 
20180511963 5 2 3 1 4 10 7 9 6 8 
20180511964 4 6 1 7 9 5 3 2 10 8 
20180511965 7 3 10 5 1 6 4 8 9 2 
20180511966 4 1 2 10 5 3 7 6 8 9 
20180511967 5 7 6 9 1 4 3 2 8 10 
20180511968 4 1 9 5 10 3 2 8 6 7 
20180511969 6 3 8 2 1 10 7 4 9 5 
20180511970 10 1 4 9 7 2 5 6 3 8 
20180511971 9 8 1 5 7 4 6 3 2 10 
20180511972 5 3 4 2 6 7 1 8 9 10 
20180511973 5 1 6 10 4 8 7 9 3 2 
20180511974 4 2 10 3 5 9 8 7 1 6 
20180511975 3 2 7 8 5 6 9 1 10 4 
20180511976 3 4 7 9 1 8 2 6 5 10 
20180511977 2 1 10 5 6 4 9 3 7 8 
20180511978 1 7 2 6 8 10 9 3 4 5 
20180511979 8 6 10 9 3 2 7 5 1 4 
20180511980 7 4 10 6 2 3 5 1 9 8 
20180511981 10 5 1 9 4 7 8 2 6 3 
20180511982 4 6 10 9 1 2 7 3 8 5 
20180511983 7 2 10 8 6 5 4 1 3 9 
20180511984 7 2 1 5 10 8 6 3 9 4 
20180511985 6 5 3 10 7 1 9 8 2 4 
