20180528001 4 10 7 1 3 5 8 2 9 6 
20180528002 6 10 9 7 8 2 1 5 3 4 
20180528003 4 2 3 7 5 1 9 8 10 6 
20180528004 8 3 9 6 7 1 10 4 5 2 
20180528005 9 6 5 7 1 10 3 2 8 4 
20180528006 6 4 9 5 7 8 3 10 2 1 
20180528007 3 6 9 7 4 8 10 2 1 5 
20180528008 1 2 10 7 8 3 6 9 5 4 
20180528009 10 5 4 3 2 8 9 6 1 7 
20180528010 9 8 1 3 4 7 10 6 2 5 
20180528011 2 10 4 5 3 6 1 9 7 8 
20180528012 10 4 5 2 1 7 3 8 9 6 
20180528013 5 8 3 2 6 7 4 1 10 9 
20180528014 10 8 2 3 7 1 9 5 6 4 
20180528015 1 5 9 8 7 4 2 10 6 3 
20180528016 7 9 1 3 6 5 4 10 2 8 
20180528017 7 6 9 3 1 8 10 5 4 2 
20180528018 2 9 8 4 10 1 5 3 6 7 
20180528019 8 6 9 1 10 7 3 5 2 4 
20180528020 10 1 6 4 2 3 5 8 9 7 
20180528021 3 6 9 1 7 10 8 4 5 2 
20180528022 5 1 10 4 3 2 7 6 9 8 
20180528023 6 4 3 9 1 2 10 5 7 8 
20180528024 9 3 7 10 5 2 4 8 6 1 
20180528025 5 8 10 4 1 6 2 7 3 9 
20180528026 2 7 1 6 10 4 5 3 8 9 
20180528027 6 5 7 4 10 1 8 3 9 2 
20180528028 5 3 8 4 2 1 6 9 7 10 
20180528029 7 1 3 10 6 9 2 8 4 5 
20180528030 5 4 9 6 2 1 8 3 7 10 
20180528031 6 9 5 10 3 1 8 4 7 2 
20180528032 2 8 5 9 6 1 10 7 3 4 
20180528033 10 4 3 7 8 1 2 9 5 6 
20180528034 1 2 10 7 3 9 6 5 4 8 
20180528035 5 2 3 4 7 8 9 10 1 6 
20180528036 5 10 4 6 8 2 7 3 9 1 
20180528037 10 3 7 8 9 4 6 1 2 5 
20180528038 1 7 6 4 8 9 10 2 3 5 
20180528039 6 4 1 7 10 3 9 2 5 8 
20180528040 7 2 9 1 10 4 6 5 3 8 
20180528041 9 7 6 10 4 1 8 3 2 5 
20180528042 8 7 5 9 2 4 1 3 6 10 
20180528043 3 9 2 8 4 7 5 6 10 1 
20180528044 4 10 1 2 3 6 9 5 8 7 
20180528045 1 3 2 6 5 10 9 8 4 7 
20180528046 7 4 5 10 3 9 2 1 8 6 
20180528047 9 5 4 10 7 2 3 6 8 1 
20180528048 4 2 1 8 6 3 10 7 5 9 
20180528049 4 9 1 6 3 8 10 2 5 7 
20180528050 1 10 4 6 3 5 9 8 7 2 
20180528051 6 3 2 10 4 9 7 8 5 1 
20180528052 6 7 8 3 5 9 1 4 10 2 
20180528053 5 8 10 3 7 6 4 1 2 9 
20180528054 10 7 3 2 8 4 6 5 9 1 
20180528055 4 2 1 10 5 3 9 7 6 8 
20180528056 4 2 1 6 10 8 9 5 3 7 
20180528057 4 8 9 3 1 2 6 10 7 5 
20180528058 2 5 3 8 10 9 1 4 7 6 
20180528059 1 2 4 8 7 3 5 10 6 9 
20180528060 4 2 3 7 5 9 6 1 10 8 
20180528061 1 9 10 4 2 6 5 8 3 7 
20180528062 4 7 9 1 2 6 3 5 8 10 
20180528063 4 1 5 9 10 8 7 2 3 6 
20180528064 6 1 3 4 2 8 9 5 7 10 
20180528065 2 10 6 5 7 1 9 8 3 4 
20180528066 8 6 3 2 5 1 4 7 10 9 
20180528067 3 5 4 10 2 9 8 6 7 1 
20180528068 9 1 4 7 3 5 2 6 10 8 
20180528069 9 8 5 10 3 7 4 6 1 2 
20180528070 9 7 5 8 10 6 1 3 2 4 
20180528071 2 7 6 3 8 1 10 9 5 4 
20180528072 8 6 5 9 4 3 1 7 10 2 
20180528073 4 1 2 5 9 8 3 7 6 10 
20180528074 8 3 9 1 5 4 7 6 10 2 
20180528075 7 3 2 1 10 9 4 6 5 8 
20180528076 1 4 8 10 6 3 9 7 2 5 
20180528077 2 7 5 9 8 1 4 3 10 6 
20180528078 9 5 1 4 3 6 10 8 2 7 
20180528079 6 2 7 4 8 5 1 9 3 10 
20180528080 2 1 6 10 7 4 3 9 8 5 
20180528081 4 9 2 6 1 10 3 8 7 5 
20180528082 4 7 9 6 2 10 5 8 3 1 
20180528083 5 9 8 1 2 6 4 10 7 3 
20180528084 1 6 7 2 10 9 3 4 5 8 
20180528085 9 1 10 3 4 6 2 7 5 8 
20180528086 9 8 2 5 3 1 4 6 10 7 
20180528087 3 5 10 2 8 1 9 6 7 4 
20180528088 4 7 1 3 6 8 2 5 10 9 
20180528089 2 4 7 8 9 10 1 5 3 6 
20180528090 1 6 10 4 2 3 5 9 8 7 
20180528091 9 6 2 10 4 3 5 8 1 7 
20180528092 8 5 7 6 3 10 2 4 1 9 
20180528093 3 7 6 2 8 4 1 9 5 10 
20180528094 3 4 9 1 7 10 8 5 6 2 
20180528095 5 7 6 10 3 8 4 1 2 9 
20180528096 9 1 8 10 5 3 7 2 4 6 
20180528097 10 2 6 3 1 8 7 9 4 5 
20180528098 7 9 6 8 3 10 1 2 5 4 
20180528099 1 4 5 9 8 6 3 7 10 2 
20180528100 2 5 3 9 1 8 10 7 6 4 
20180528101 2 9 3 7 5 4 1 8 6 10 
20180528102 2 5 8 6 10 9 1 4 3 7 
20180528103 10 3 2 1 6 9 4 7 5 8 
20180528104 5 2 1 10 8 3 4 6 7 9 
20180528105 2 5 8 10 9 6 7 4 1 3 
20180528106 7 8 9 1 4 10 3 6 5 2 
20180528107 2 5 3 9 1 7 4 8 10 6 
20180528108 3 5 1 10 7 4 2 6 9 8 
20180528109 7 5 6 1 10 3 9 2 8 4 
20180528110 5 10 9 6 2 4 7 8 1 3 
20180528111 10 4 7 1 3 6 8 9 2 5 
20180528112 7 6 8 9 5 10 1 4 2 3 
20180528113 9 1 6 7 4 5 2 3 10 8 
20180528114 5 8 6 2 3 4 1 7 10 9 
20180528115 10 2 3 6 8 5 4 1 9 7 
20180528116 7 1 5 9 4 2 10 6 3 8 
20180528117 6 1 7 9 2 10 8 4 5 3 
20180528118 7 10 8 3 1 6 2 4 9 5 
20180528119 4 6 8 5 10 3 1 2 9 7 
20180528120 1 5 3 2 8 9 6 4 10 7 
20180528121 3 9 8 2 1 5 4 10 7 6 
20180528122 4 9 8 7 10 2 3 5 1 6 
20180528123 3 6 1 7 2 4 5 9 8 10 
20180528124 8 10 3 4 5 2 9 6 1 7 
20180528125 6 1 4 5 9 3 2 7 10 8 
20180528126 2 10 1 8 6 3 7 5 9 4 
20180528127 10 3 9 8 6 2 1 5 4 7 
20180528128 1 4 5 3 8 9 6 10 7 2 
20180528129 8 9 6 3 7 5 1 4 10 2 
20180528130 4 3 9 10 8 5 6 7 2 1 
20180528131 7 4 9 1 3 10 8 5 2 6 
20180528132 2 8 9 3 4 7 10 1 6 5 
20180528133 5 7 10 8 1 6 9 4 3 2 
20180528134 6 2 9 10 7 5 8 3 1 4 
20180528135 2 3 9 7 8 4 10 6 1 5 
20180528136 10 5 3 4 6 2 8 9 7 1 
20180528137 10 2 1 5 4 9 8 7 3 6 
20180528138 5 8 9 1 4 7 2 3 6 10 
20180528139 9 3 10 2 6 7 5 4 8 1 
20180528140 2 5 7 10 6 8 1 9 4 3 
20180528141 10 9 8 1 3 2 6 7 5 4 
20180528142 6 5 1 3 7 8 4 2 10 9 
20180528143 8 1 6 5 4 2 7 9 10 3 
20180528144 7 4 10 8 3 6 1 5 9 2 
20180528145 3 7 9 8 4 10 5 6 1 2 
20180528146 10 7 3 4 9 6 5 1 8 2 
20180528147 8 5 10 1 2 3 9 7 6 4 
20180528148 3 5 7 2 8 1 4 9 6 10 
20180528149 9 5 6 4 1 10 7 2 3 8 
20180528150 2 1 9 7 5 10 6 8 4 3 
20180528151 10 7 4 1 9 3 8 2 5 6 
20180528152 2 3 1 8 4 5 9 7 10 6 
20180528153 7 4 1 2 5 9 3 6 10 8 
20180528154 7 4 1 8 3 9 6 10 5 2 
20180528155 10 2 1 6 3 5 8 9 7 4 
20180528156 6 3 2 9 1 4 8 10 7 5 
20180528157 8 1 3 5 7 10 2 4 9 6 
20180528158 10 6 8 5 1 2 3 7 9 4 
20180528159 4 6 5 1 2 3 8 9 7 10 
20180528160 4 9 3 6 10 7 1 8 2 5 
20180528161 9 2 5 7 4 6 3 1 10 8 
20180528162 4 8 3 1 10 2 7 9 6 5 
20180528163 7 6 9 2 8 3 5 1 10 4 
20180528164 3 10 7 1 4 2 8 6 5 9 
20180528165 3 10 9 2 7 8 5 6 4 1 
20180528166 4 8 2 6 3 9 10 7 5 1 
20180528167 1 3 2 5 7 6 8 9 10 4 
20180528168 6 3 10 5 8 4 9 1 7 2 
20180528169 6 8 10 4 5 1 7 2 9 3 
20180528170 1 2 6 10 9 8 4 5 3 7 
20180528171 7 10 2 5 8 3 4 9 1 6 
20180528172 3 4 2 5 6 10 1 9 7 8 
20180528173 1 3 8 7 2 10 6 4 9 5 
20180528174 3 6 4 7 5 9 10 1 8 2 
20180528175 9 8 10 6 2 4 1 7 3 5 
20180528176 4 2 5 6 8 3 10 1 7 9 
20180528177 4 9 6 1 10 8 3 5 2 7 
20180528178 7 1 4 8 6 9 2 5 10 3 
20180528179 2 7 4 5 8 10 3 6 9 1 
20180528180 7 8 10 1 6 2 4 3 9 5 
20180528181 8 10 2 4 9 6 7 3 5 1 
20180528182 2 8 1 3 10 6 7 4 9 5 
20180528183 7 9 1 8 10 3 6 2 4 5 
20180528184 2 10 6 3 9 5 4 7 8 1 
20180528185 7 4 8 3 10 9 6 5 2 1 
20180528186 9 4 1 7 8 6 10 3 2 5 
20180528187 2 9 10 4 1 7 8 3 6 5 
20180528188 7 6 5 9 2 3 8 4 1 10 
20180528189 6 3 1 8 2 7 5 9 4 10 
20180528190 9 7 10 2 6 3 1 5 8 4 
20180528191 2 4 3 1 5 8 6 9 7 10 
20180528192 2 7 6 10 4 1 9 3 5 8 
20180528193 7 10 4 5 9 8 6 3 2 1 
20180528194 9 3 1 4 10 2 7 8 6 5 
20180528195 5 10 7 1 6 8 3 9 4 2 
20180528196 6 9 4 5 8 2 1 3 10 7 
20180528197 2 1 8 4 5 7 6 10 9 3 
20180528198 8 2 6 3 4 10 5 1 9 7 
20180528199 1 8 2 5 10 6 9 3 7 4 
20180528200 1 5 2 10 9 6 4 7 8 3 
20180528201 1 3 10 2 9 6 7 4 5 8 
20180528202 7 6 1 5 8 2 9 10 3 4 
20180528203 6 2 7 3 1 9 10 8 5 4 
20180528204 5 2 3 7 4 6 9 10 8 1 
20180528205 8 1 5 6 10 2 7 4 3 9 
20180528206 3 2 8 9 7 5 10 1 4 6 
20180528207 5 10 9 1 4 2 7 8 6 3 
20180528208 9 8 4 3 10 5 2 1 6 7 
20180528209 2 9 1 8 4 3 7 6 10 5 
20180528210 2 3 6 9 7 8 4 5 1 10 
20180528211 7 8 1 9 4 6 3 2 5 10 
20180528212 4 5 2 8 3 1 10 6 7 9 
20180528213 4 3 5 8 2 7 6 10 1 9 
20180528214 10 2 6 9 5 8 7 3 4 1 
20180528215 8 7 4 5 10 9 1 6 2 3 
20180528216 2 4 9 6 8 1 3 5 10 7 
20180528217 7 3 9 6 8 4 1 2 5 10 
20180528218 10 4 9 6 5 8 7 1 3 2 
20180528219 9 10 7 3 5 4 1 2 8 6 
20180528220 8 6 9 3 7 4 2 1 10 5 
20180528221 4 8 7 3 6 1 5 10 9 2 
20180528222 7 10 6 9 4 8 5 1 3 2 
20180528223 5 6 10 1 2 4 8 7 9 3 
20180528224 8 2 7 1 9 6 4 10 3 5 
20180528225 9 8 7 3 10 1 2 5 6 4 
20180528226 1 2 7 9 4 3 10 6 5 8 
20180528227 8 1 2 4 5 10 6 9 3 7 
20180528228 3 5 9 4 10 8 2 1 6 7 
20180528229 1 8 3 2 5 6 7 9 10 4 
20180528230 2 4 7 3 9 8 1 6 5 10 
20180528231 8 10 6 2 1 3 5 7 9 4 
20180528232 2 5 10 9 7 1 8 4 6 3 
20180528233 5 7 1 2 6 10 9 3 8 4 
20180528234 5 7 10 8 2 1 9 6 3 4 
20180528235 7 10 4 6 8 5 1 2 3 9 
20180528236 9 8 2 3 5 1 6 7 4 10 
20180528237 6 2 1 10 8 3 7 5 9 4 
20180528238 10 7 4 2 9 5 6 1 8 3 
20180528239 7 1 9 5 4 6 2 8 3 10 
20180528240 3 10 7 6 2 4 1 8 9 5 
20180528241 10 6 8 7 3 5 4 1 2 9 
20180528242 8 3 2 9 1 4 6 10 5 7 
20180528243 9 7 2 4 1 6 10 5 8 3 
20180528244 7 10 8 1 5 4 2 9 3 6 
20180528245 3 6 7 5 1 8 10 4 2 9 
20180528246 7 9 3 5 2 6 10 4 1 8 
20180528247 10 1 3 2 4 5 7 9 8 6 
20180528248 4 10 9 3 2 6 7 8 1 5 
20180528249 3 6 10 7 8 4 9 2 5 1 
20180528250 5 8 3 2 4 9 10 6 7 1 
20180528251 1 4 6 10 7 2 3 5 8 9 
20180528252 7 9 1 5 4 6 2 8 3 10 
20180528253 7 9 3 6 4 10 5 1 8 2 
20180528254 5 4 9 6 7 8 10 3 1 2 
20180528255 6 10 9 2 7 8 1 3 5 4 
20180528256 3 10 2 1 5 8 7 9 6 4 
20180528257 4 10 5 3 6 7 2 1 9 8 
20180528258 6 3 10 9 5 7 1 4 2 8 
20180528259 1 8 4 2 6 5 3 10 7 9 
20180528260 4 8 5 9 7 3 2 1 10 6 
20180528261 5 6 10 8 7 3 4 1 2 9 
20180528262 10 8 9 6 7 2 5 4 3 1 
20180528263 2 9 10 8 3 6 5 4 7 1 
20180528264 10 4 7 5 2 9 3 6 8 1 
20180528265 9 5 1 6 2 8 10 3 7 4 
20180528266 4 1 3 5 8 7 2 10 6 9 
20180528267 3 9 1 10 7 6 4 8 5 2 
20180528268 3 7 2 9 5 8 1 10 4 6 
20180528269 8 9 2 6 4 5 10 1 3 7 
20180528270 7 3 4 5 8 6 9 10 2 1 
20180528271 6 8 9 10 3 7 4 5 2 1 
20180528272 2 5 4 6 1 9 8 10 7 3 
20180528273 3 4 2 7 1 10 8 5 6 9 
20180528274 5 4 6 1 2 9 7 3 8 10 
20180528275 9 2 5 3 1 6 4 7 8 10 
20180528276 6 10 3 2 7 4 1 5 8 9 
20180528277 6 8 3 9 7 5 10 2 4 1 
20180528278 5 4 8 3 2 6 10 1 9 7 
20180528279 2 10 3 4 8 6 7 9 5 1 
20180528280 1 7 2 9 6 4 3 10 8 5 
20180528281 2 3 8 10 7 4 1 9 6 5 
20180528282 5 7 2 4 6 8 9 1 10 3 
20180528283 4 2 1 6 8 7 3 5 9 10 
20180528284 10 1 5 3 2 9 8 4 7 6 
20180528285 2 8 1 3 6 9 10 5 4 7 
20180528286 1 6 2 8 10 3 4 9 7 5 
20180528287 9 7 4 8 10 3 5 1 2 6 
20180528288 7 5 9 8 3 1 4 6 2 10 
20180528289 10 4 5 3 1 9 2 8 6 7 
20180528290 9 4 5 8 10 3 7 1 6 2 
20180528291 7 1 9 4 2 6 3 8 5 10 
20180528292 5 4 1 9 10 2 7 8 6 3 
20180528293 5 8 7 6 3 1 9 4 2 10 
20180528294 2 9 7 3 6 8 4 1 10 5 
20180528295 4 6 3 7 1 5 8 10 2 9 
20180528296 7 1 9 4 10 3 6 2 8 5 
20180528297 2 7 6 3 5 8 9 1 10 4 
20180528298 7 9 4 5 3 2 6 10 8 1 
20180528299 1 5 10 7 8 6 2 4 9 3 
20180528300 10 9 6 4 3 5 2 8 1 7 
20180528301 2 8 4 5 1 3 6 10 7 9 
20180528302 8 3 9 1 6 2 10 5 4 7 
20180528303 7 3 8 2 10 4 5 9 6 1 
20180528304 2 5 8 7 4 6 1 10 3 9 
20180528305 7 8 3 2 5 6 10 4 9 1 
20180528306 4 1 2 8 10 5 7 9 6 3 
20180528307 6 8 9 4 2 10 7 1 3 5 
20180528308 7 9 5 4 2 8 1 3 6 10 
20180528309 4 6 8 10 9 3 7 1 5 2 
20180528310 9 5 4 7 1 6 10 2 8 3 
20180528311 2 10 6 9 8 5 7 3 1 4 
20180528312 9 3 6 2 10 5 7 1 8 4 
20180528313 3 7 4 10 8 9 2 5 6 1 
20180528314 1 5 10 9 8 6 7 3 2 4 
20180528315 9 7 8 4 10 3 6 5 2 1 
20180528316 4 8 2 7 5 1 10 3 9 6 
20180528317 6 10 1 2 4 3 7 9 5 8 
20180528318 6 9 7 5 3 2 4 8 10 1 
20180528319 10 1 3 7 6 2 8 4 5 9 
20180528320 10 7 3 9 1 4 2 5 6 8 
20180528321 9 4 7 5 3 8 1 6 10 2 
20180528322 7 8 3 2 6 9 10 4 5 1 
20180528323 4 5 1 6 7 9 10 3 2 8 
20180528324 5 2 1 7 3 10 9 8 4 6 
20180528325 5 6 1 8 10 3 4 9 7 2 
20180528326 9 2 4 8 7 1 10 6 5 3 
20180528327 9 4 7 3 2 1 8 10 5 6 
20180528328 2 5 7 8 10 1 4 6 9 3 
20180528329 8 5 3 7 9 6 4 1 10 2 
20180528330 3 2 1 6 8 4 5 7 9 10 
20180528331 9 8 5 7 2 6 10 4 1 3 
20180528332 8 6 9 5 2 3 4 1 7 10 
20180528333 9 3 8 5 10 6 2 7 4 1 
20180528334 6 3 5 10 2 4 9 1 8 7 
20180528335 10 2 5 7 6 8 9 4 3 1 
20180528336 8 1 2 5 9 6 7 4 10 3 
20180528337 9 7 3 4 1 5 2 8 10 6 
20180528338 6 5 9 3 7 1 8 4 10 2 
20180528339 2 1 8 9 4 10 6 5 7 3 
20180528340 9 8 2 3 7 6 10 1 5 4 
20180528341 4 5 1 9 7 3 2 8 10 6 
20180528342 8 2 9 3 7 5 1 6 10 4 
20180528343 2 3 6 8 9 7 4 5 10 1 
20180528344 2 6 10 9 7 4 1 8 3 5 
20180528345 8 5 2 10 1 9 3 7 4 6 
20180528346 10 8 7 5 2 9 3 1 6 4 
20180528347 4 7 6 2 8 9 1 3 10 5 
20180528348 4 3 6 5 1 8 7 9 10 2 
20180528349 6 3 5 4 8 9 7 2 1 10 
20180528350 8 6 9 5 2 7 10 1 3 4 
20180528351 1 8 5 4 2 3 7 10 6 9 
20180528352 4 10 9 5 2 3 7 1 8 6 
20180528353 4 10 7 1 8 5 6 2 9 3 
20180528354 2 1 9 6 3 4 7 10 5 8 
20180528355 9 2 8 5 4 7 3 10 1 6 
20180528356 6 9 8 4 7 10 2 5 1 3 
20180528357 6 5 4 9 3 7 10 8 2 1 
20180528358 1 7 10 2 8 9 5 3 4 6 
20180528359 2 5 8 9 7 1 10 4 3 6 
20180528360 5 1 6 3 4 9 7 2 8 10 
20180528361 1 10 4 5 6 8 7 2 3 9 
20180528362 10 2 7 6 1 3 5 4 9 8 
20180528363 7 5 3 8 1 9 4 6 2 10 
20180528364 9 8 10 7 6 2 1 4 3 5 
20180528365 9 5 4 10 8 1 2 6 3 7 
20180528366 2 3 10 7 5 4 9 6 1 8 
20180528367 10 6 8 5 3 9 1 7 2 4 
20180528368 2 9 1 8 5 3 6 4 7 10 
20180528369 1 5 9 3 8 7 6 10 4 2 
20180528370 5 10 2 8 9 1 7 3 6 4 
20180528371 9 2 5 10 8 4 1 7 3 6 
20180528372 5 8 1 2 6 10 3 4 7 9 
20180528373 10 2 1 8 7 4 9 3 5 6 
20180528374 1 7 5 10 8 9 2 6 3 4 
20180528375 4 3 2 7 5 8 1 9 6 10 
20180528376 1 5 7 4 8 2 10 3 9 6 
20180528377 2 3 10 1 8 9 4 6 7 5 
20180528378 7 8 2 3 4 9 1 6 10 5 
20180528379 3 1 8 2 4 6 10 9 7 5 
20180528380 5 3 9 8 1 4 2 6 7 10 
20180528381 9 3 8 5 6 7 1 10 2 4 
20180528382 9 5 7 6 4 10 1 3 8 2 
20180528383 2 6 5 1 4 3 9 7 8 10 
20180528384 1 2 3 8 6 7 10 9 4 5 
20180528385 4 3 7 5 6 8 2 10 1 9 
20180528386 4 9 7 8 1 10 6 5 2 3 
20180528387 9 10 7 5 1 8 3 4 2 6 
20180528388 8 5 7 3 9 10 2 4 1 6 
20180528389 2 8 9 1 6 4 10 7 5 3 
20180528390 4 6 8 3 1 7 5 10 2 9 
20180528391 2 7 10 1 8 4 3 5 6 9 
20180528392 9 10 3 7 1 8 4 2 6 5 
20180528393 7 10 8 4 5 3 6 9 1 2 
20180528394 8 4 2 3 6 9 5 7 10 1 
20180528395 4 1 7 2 8 5 3 9 10 6 
20180528396 3 8 1 6 7 2 10 5 4 9 
20180528397 3 4 1 2 10 8 6 9 7 5 
20180528398 8 10 5 1 9 4 6 2 7 3 
20180528399 4 8 5 3 1 9 10 7 6 2 
20180528400 1 10 4 3 2 8 5 7 9 6 
20180528401 5 8 3 1 9 6 2 7 10 4 
20180528402 10 4 5 8 2 1 3 9 7 6 
20180528403 5 6 1 10 2 7 3 8 4 9 
20180528404 3 2 10 6 8 7 1 5 9 4 
20180528405 7 2 3 4 10 6 8 9 1 5 
20180528406 4 10 8 9 3 2 6 7 5 1 
20180528407 3 9 4 6 2 10 7 8 1 5 
20180528408 4 8 10 7 6 9 5 3 2 1 
20180528409 6 3 7 10 5 1 4 8 2 9 
20180528410 2 8 10 1 9 4 5 3 6 7 
20180528411 7 4 9 10 8 6 2 1 3 5 
20180528412 3 2 4 5 9 10 7 1 6 8 
20180528413 2 3 9 5 4 8 1 7 10 6 
20180528414 1 4 9 3 8 10 5 7 2 6 
20180528415 4 3 7 1 10 5 6 8 2 9 
20180528416 10 5 4 2 7 3 1 9 6 8 
20180528417 9 7 4 2 5 6 8 3 1 10 
20180528418 4 5 1 7 3 2 10 8 9 6 
20180528419 9 2 3 1 7 10 5 4 6 8 
20180528420 2 8 4 1 6 7 9 5 3 10 
20180528421 5 1 3 6 4 2 9 10 8 7 
20180528422 8 6 1 5 9 7 4 2 3 10 
20180528423 9 10 1 7 3 8 6 5 4 2 
20180528424 6 9 8 10 3 5 4 1 2 7 
20180528425 4 8 2 5 6 9 1 7 10 3 
20180528426 10 6 8 2 4 3 5 1 7 9 
20180528427 8 3 6 4 10 9 1 2 5 7 
20180528428 9 2 1 6 10 3 8 7 4 5 
20180528429 4 3 8 10 6 1 5 2 7 9 
20180528430 1 7 9 4 6 3 2 10 8 5 
20180528431 6 2 4 3 1 7 8 10 9 5 
20180528432 2 1 5 6 8 7 4 10 9 3 
20180528433 2 8 9 4 10 3 7 5 1 6 
20180528434 9 10 3 6 7 2 4 8 1 5 
20180528435 6 3 1 9 5 8 10 4 7 2 
20180528436 7 3 4 9 10 1 8 6 5 2 
20180528437 1 9 4 7 10 2 5 8 3 6 
20180528438 3 6 7 9 5 2 8 1 4 10 
20180528439 10 3 2 1 9 5 7 8 6 4 
20180528440 10 6 4 7 5 2 9 1 8 3 
20180528441 2 5 10 8 6 9 7 3 4 1 
20180528442 3 7 4 10 1 8 9 6 2 5 
20180528443 9 6 8 1 7 4 3 2 5 10 
20180528444 7 10 8 3 9 6 1 5 4 2 
20180528445 4 1 3 8 7 6 2 5 9 10 
20180528446 8 5 4 9 10 3 6 2 7 1 
20180528447 2 10 3 7 6 9 5 8 4 1 
20180528448 7 8 1 5 6 3 10 9 4 2 
20180528449 1 3 6 8 7 9 5 4 10 2 
20180528450 5 8 1 3 7 6 2 4 9 10 
20180528451 4 3 5 6 9 7 8 10 2 1 
20180528452 6 1 5 4 7 9 2 8 10 3 
20180528453 10 3 8 4 1 2 7 9 6 5 
20180528454 10 9 5 2 6 3 8 1 7 4 
20180528455 10 5 9 4 7 2 1 3 8 6 
20180528456 1 3 8 4 6 5 9 2 10 7 
20180528457 6 9 4 5 10 3 1 7 2 8 
20180528458 1 7 10 3 9 8 2 6 5 4 
20180528459 9 1 4 5 7 6 8 3 10 2 
20180528460 2 8 5 4 3 9 1 7 10 6 
20180528461 6 7 2 10 3 1 9 5 8 4 
20180528462 10 2 6 3 5 7 4 8 1 9 
20180528463 7 6 8 10 3 5 2 9 4 1 
20180528464 5 7 3 10 9 8 6 1 4 2 
20180528465 8 7 2 10 4 5 6 1 3 9 
20180528466 7 9 5 1 4 6 2 10 8 3 
20180528467 2 9 1 4 3 10 6 8 5 7 
20180528468 3 6 10 9 8 5 7 1 2 4 
20180528469 3 6 5 2 10 4 8 1 9 7 
20180528470 2 6 5 4 9 10 1 3 8 7 
20180528471 2 7 8 9 5 1 3 4 6 10 
20180528472 7 9 8 4 5 3 6 10 1 2 
20180528473 8 5 10 7 9 6 2 3 4 1 
20180528474 6 8 4 2 10 7 5 9 3 1 
20180528475 2 8 5 10 7 4 9 6 3 1 
20180528476 1 2 8 5 3 4 10 6 7 9 
20180528477 8 6 1 7 10 2 4 5 3 9 
20180528478 1 9 4 10 5 6 8 3 7 2 
20180528479 4 9 6 2 3 1 7 10 8 5 
20180528480 6 9 10 1 8 2 3 4 5 7 
20180528481 1 9 5 7 10 4 2 8 6 3 
20180528482 6 1 8 7 9 5 2 4 3 10 
20180528483 1 5 2 7 8 9 10 6 4 3 
20180528484 2 9 10 3 1 7 5 6 4 8 
20180528485 1 3 2 10 7 9 4 6 5 8 
20180528486 1 8 7 9 2 3 4 10 5 6 
20180528487 4 6 7 1 3 9 10 2 5 8 
20180528488 2 1 4 5 10 3 6 9 8 7 
20180528489 2 6 3 5 1 9 4 10 8 7 
20180528490 5 3 1 8 4 2 9 7 6 10 
20180528491 10 5 4 8 3 9 6 2 7 1 
20180528492 7 1 10 4 2 6 3 9 5 8 
20180528493 1 9 10 4 7 5 6 3 2 8 
20180528494 8 6 9 7 1 3 4 10 5 2 
20180528495 1 7 3 2 9 5 10 4 8 6 
20180528496 1 9 7 6 8 5 2 10 3 4 
20180528497 9 10 3 5 2 1 4 8 7 6 
20180528498 7 1 5 2 9 4 6 8 3 10 
20180528499 1 3 9 8 6 7 4 10 5 2 
20180528500 9 2 4 6 10 1 8 3 7 5 
20180528501 10 8 7 4 9 5 1 2 6 3 
20180528502 8 4 9 3 5 10 7 6 2 1 
20180528503 4 3 2 5 10 1 8 6 9 7 
20180528504 2 6 9 10 3 1 5 4 7 8 
20180528505 5 4 3 6 8 10 9 1 7 2 
20180528506 10 4 9 5 6 1 7 8 3 2 
20180528507 7 4 9 2 5 1 3 8 10 6 
20180528508 1 2 6 7 5 10 8 9 3 4 
20180528509 10 9 5 2 7 1 3 4 8 6 
20180528510 4 6 5 2 7 3 1 8 10 9 
20180528511 5 2 8 6 4 7 3 1 9 10 
20180528512 3 2 8 10 1 9 5 6 7 4 
20180528513 8 7 5 6 4 9 3 2 10 1 
20180528514 4 2 3 7 10 6 1 8 9 5 
20180528515 4 9 7 10 5 1 2 6 8 3 
20180528516 9 2 10 8 3 6 7 4 1 5 
20180528517 9 1 3 5 10 8 4 6 7 2 
20180528518 9 2 6 8 7 10 4 5 1 3 
20180528519 2 5 7 3 1 4 6 8 9 10 
20180528520 2 4 3 9 5 8 7 6 10 1 
20180528521 1 7 9 6 8 4 2 3 10 5 
20180528522 10 2 3 7 9 8 1 6 5 4 
20180528523 2 8 1 3 6 5 10 7 9 4 
20180528524 1 6 4 8 9 10 3 5 2 7 
20180528525 6 9 3 4 1 2 10 7 8 5 
20180528526 2 6 7 3 9 5 10 4 8 1 
20180528527 6 1 8 5 2 7 10 3 4 9 
20180528528 5 1 6 2 10 3 8 4 7 9 
20180528529 4 3 7 9 1 5 6 8 10 2 
20180528530 8 10 4 5 2 3 6 7 9 1 
20180528531 9 10 8 2 3 5 1 7 4 6 
20180528532 1 7 4 8 10 9 2 6 3 5 
20180528533 1 7 2 6 8 3 10 4 5 9 
20180528534 4 6 5 10 2 3 9 7 1 8 
20180528535 10 2 8 6 4 5 3 9 7 1 
20180528536 7 10 5 2 9 1 3 6 4 8 
20180528537 10 8 5 3 4 7 9 2 1 6 
20180528538 8 6 2 3 4 1 9 5 7 10 
20180528539 2 8 5 9 10 6 3 4 7 1 
20180528540 2 4 9 10 3 5 8 1 7 6 
20180528541 10 4 8 5 1 3 6 2 7 9 
20180528542 2 7 9 4 6 3 1 10 5 8 
20180528543 9 3 10 1 4 7 2 8 5 6 
20180528544 1 6 4 7 9 8 3 10 5 2 
20180528545 9 6 7 2 10 5 1 4 8 3 
20180528546 2 8 7 4 3 9 1 6 10 5 
20180528547 4 1 5 3 7 6 8 10 2 9 
20180528548 6 9 10 3 1 7 5 8 2 4 
20180528549 6 1 7 10 5 8 2 4 9 3 
20180528550 4 6 2 5 8 9 1 3 7 10 
20180528551 6 9 2 1 8 10 3 7 5 4 
20180528552 7 6 3 5 2 9 1 10 8 4 
20180528553 10 9 5 4 6 2 1 7 8 3 
20180528554 9 3 1 4 6 2 10 5 7 8 
20180528555 9 7 1 4 6 5 3 2 8 10 
20180528556 9 5 3 6 10 8 4 7 2 1 
20180528557 5 6 1 3 10 9 8 4 7 2 
20180528558 6 8 7 5 3 9 2 4 1 10 
20180528559 1 5 7 6 10 8 2 9 3 4 
20180528560 1 9 5 10 7 6 2 8 3 4 
20180528561 10 6 7 2 4 1 9 8 5 3 
20180528562 5 10 4 1 2 6 8 7 3 9 
20180528563 9 2 6 3 10 8 4 5 7 1 
20180528564 7 4 8 10 5 1 9 6 3 2 
20180528565 8 6 2 4 3 9 5 1 10 7 
20180528566 3 4 9 7 8 1 6 2 5 10 
20180528567 4 5 9 8 10 1 7 2 3 6 
20180528568 9 5 10 1 6 2 4 8 7 3 
20180528569 1 4 10 8 7 9 2 3 5 6 
20180528570 6 9 4 5 7 8 10 2 3 1 
20180528571 2 3 6 8 7 9 5 4 10 1 
20180528572 3 10 7 4 1 6 2 5 9 8 
20180528573 10 9 1 4 2 7 3 5 6 8 
20180528574 4 1 7 5 6 9 10 2 3 8 
20180528575 2 6 10 3 7 5 9 8 4 1 
20180528576 7 5 4 3 8 2 6 10 1 9 
20180528577 1 7 4 9 10 8 3 6 5 2 
20180528578 5 8 3 1 4 10 7 6 2 9 
20180528579 9 4 8 5 2 6 7 10 3 1 
20180528580 6 3 1 2 10 5 4 7 8 9 
20180528581 3 9 5 10 8 6 1 2 4 7 
20180528582 5 2 10 1 9 8 3 6 4 7 
20180528583 10 6 4 5 3 8 7 9 2 1 
20180528584 5 3 9 8 7 10 1 4 2 6 
20180528585 7 10 6 4 8 5 9 3 1 2 
20180528586 9 7 4 5 8 10 2 6 3 1 
20180528587 10 9 6 1 3 2 4 8 5 7 
20180528588 8 3 7 5 1 10 9 6 4 2 
20180528589 2 4 5 7 9 3 10 6 8 1 
20180528590 6 8 1 3 5 9 10 7 2 4 
20180528591 6 8 10 1 2 3 9 7 4 5 
20180528592 9 8 10 6 4 1 7 5 2 3 
20180528593 8 4 2 3 9 5 1 10 7 6 
20180528594 7 2 3 8 10 4 9 5 1 6 
20180528595 6 9 7 8 4 2 10 3 1 5 
20180528596 9 2 5 10 7 8 1 3 6 4 
20180528597 7 3 10 1 2 5 6 4 9 8 
20180528598 10 6 8 7 2 3 9 4 5 1 
20180528599 3 10 9 7 6 2 8 4 1 5 
20180528600 4 1 6 8 3 2 10 7 9 5 
20180528601 4 9 1 7 6 8 3 10 2 5 
20180528602 1 4 6 9 5 8 3 7 10 2 
20180528603 2 1 4 8 5 6 10 3 7 9 
20180528604 6 10 5 8 1 4 9 3 7 2 
20180528605 2 3 1 6 5 7 9 8 4 10 
20180528606 6 2 1 5 8 7 9 3 10 4 
20180528607 6 3 2 10 7 9 8 1 5 4 
20180528608 4 1 5 7 6 8 10 2 3 9 
20180528609 10 4 5 1 3 2 9 6 7 8 
20180528610 4 7 10 6 9 2 5 8 1 3 
20180528611 2 10 5 7 3 6 9 4 1 8 
20180528612 10 6 2 8 9 1 7 5 3 4 
20180528613 9 5 3 10 7 4 2 6 8 1 
20180528614 4 1 8 2 7 10 9 3 6 5 
20180528615 3 9 8 1 6 10 5 4 2 7 
20180528616 3 1 5 4 2 7 9 6 8 10 
20180528617 7 6 1 2 8 3 10 4 5 9 
20180528618 8 3 10 6 1 9 5 7 2 4 
20180528619 2 3 6 5 7 9 8 1 4 10 
20180528620 9 4 7 6 8 1 2 3 5 10 
20180528621 1 6 4 7 3 2 5 8 9 10 
20180528622 3 1 10 2 5 9 8 6 4 7 
20180528623 6 4 10 2 3 5 9 1 7 8 
20180528624 2 7 1 4 9 3 6 5 10 8 
20180528625 7 3 8 5 9 4 6 1 2 10 
20180528626 1 2 7 9 8 10 4 3 6 5 
20180528627 5 7 8 10 2 9 1 4 3 6 
20180528628 3 5 2 6 4 9 1 10 8 7 
20180528629 9 10 7 6 8 5 2 4 1 3 
20180528630 10 9 1 4 8 7 3 5 2 6 
20180528631 7 4 8 6 1 2 5 3 10 9 
20180528632 5 7 4 8 2 6 9 1 3 10 
20180528633 7 6 1 5 3 10 9 8 2 4 
20180528634 1 9 5 6 2 7 8 3 4 10 
20180528635 4 1 10 7 9 2 3 6 8 5 
20180528636 6 4 7 9 10 2 3 8 5 1 
20180528637 7 10 9 6 3 5 8 2 4 1 
20180528638 6 7 5 3 1 8 2 10 9 4 
20180528639 6 7 5 9 2 1 4 8 3 10 
20180528640 4 5 7 6 9 10 1 8 2 3 
20180528641 7 4 10 3 9 1 8 5 6 2 
20180528642 7 6 8 1 3 9 10 4 5 2 
20180528643 10 3 8 5 4 6 7 1 2 9 
20180528644 6 1 3 5 10 9 7 8 2 4 
20180528645 3 1 4 6 8 9 2 5 7 10 
20180528646 1 10 3 5 6 2 4 7 8 9 
20180528647 5 7 6 9 1 10 4 8 2 3 
20180528648 6 10 5 4 1 2 3 9 8 7 
20180528649 4 6 7 3 10 2 8 5 9 1 
20180528650 7 6 4 2 3 8 9 1 5 10 
20180528651 2 10 1 5 7 6 3 8 9 4 
20180528652 3 5 6 4 2 8 9 10 1 7 
20180528653 4 2 6 8 7 10 1 9 3 5 
20180528654 5 10 8 6 7 9 4 2 1 3 
20180528655 2 5 8 1 6 7 4 3 10 9 
20180528656 7 9 5 10 4 6 1 2 8 3 
20180528657 5 9 10 7 4 2 8 3 6 1 
20180528658 8 4 7 6 9 10 5 2 3 1 
20180528659 10 6 9 4 5 7 8 1 2 3 
20180528660 5 2 1 8 4 7 6 10 9 3 
20180528661 6 10 8 7 1 4 5 2 9 3 
20180528662 6 4 7 1 9 5 8 3 2 10 
20180528663 4 2 8 9 7 6 5 1 3 10 
20180528664 6 3 1 9 2 7 10 5 4 8 
20180528665 6 7 8 9 4 3 1 2 5 10 
20180528666 3 6 10 4 9 2 5 1 7 8 
20180528667 4 6 3 1 10 8 5 9 7 2 
20180528668 1 6 10 2 5 8 7 3 4 9 
20180528669 10 4 2 6 3 1 7 8 5 9 
20180528670 5 9 1 2 4 8 3 10 6 7 
20180528671 9 5 7 6 1 2 3 10 4 8 
20180528672 6 3 9 4 5 2 8 10 1 7 
20180528673 10 2 9 3 1 8 7 6 4 5 
20180528674 7 3 10 9 5 8 1 4 6 2 
20180528675 3 8 6 2 5 10 4 1 9 7 
20180528676 10 7 5 4 8 9 2 6 3 1 
20180528677 3 1 5 8 6 4 10 9 7 2 
20180528678 6 2 7 3 1 8 9 5 10 4 
20180528679 3 2 6 9 5 10 4 7 8 1 
20180528680 8 10 6 4 9 3 2 5 1 7 
20180528681 4 3 2 10 5 8 7 9 1 6 
20180528682 2 7 1 3 4 8 6 10 9 5 
20180528683 3 7 4 5 8 2 10 6 1 9 
20180528684 3 7 9 1 10 4 5 6 8 2 
20180528685 5 7 8 9 10 4 3 6 1 2 
20180528686 8 3 9 7 6 4 2 10 1 5 
20180528687 10 1 9 2 4 3 7 5 6 8 
20180528688 10 5 9 2 3 1 6 8 7 4 
20180528689 7 2 8 9 4 10 3 5 6 1 
20180528690 3 5 7 6 2 4 1 9 10 8 
20180528691 7 4 8 1 2 3 10 5 9 6 
20180528692 10 6 8 1 3 7 2 4 5 9 
20180528693 4 2 5 6 3 1 10 7 8 9 
20180528694 7 8 10 6 2 1 4 5 3 9 
20180528695 1 2 8 10 5 3 7 9 4 6 
20180528696 10 5 8 7 6 2 9 3 4 1 
20180528697 7 1 8 6 2 9 10 4 5 3 
20180528698 7 6 1 8 9 3 5 10 2 4 
20180528699 8 4 6 2 1 10 5 9 7 3 
20180528700 3 8 1 6 7 10 2 5 9 4 
20180528701 6 3 5 4 2 1 7 10 8 9 
20180528702 3 7 8 10 2 1 4 5 6 9 
20180528703 4 3 9 10 8 2 7 1 5 6 
20180528704 4 10 7 6 5 9 8 1 2 3 
20180528705 10 2 1 5 8 4 9 3 6 7 
20180528706 10 6 4 7 9 8 2 5 1 3 
20180528707 9 10 1 3 4 7 8 6 2 5 
20180528708 1 4 7 2 6 10 5 3 8 9 
20180528709 2 4 3 5 10 9 7 6 8 1 
20180528710 8 9 10 5 4 2 1 7 6 3 
20180528711 9 6 4 3 5 7 2 8 1 10 
20180528712 1 6 2 4 8 10 7 3 9 5 
20180528713 7 1 3 4 10 8 6 9 5 2 
20180528714 9 3 1 10 5 6 7 4 2 8 
20180528715 8 4 5 6 2 9 10 1 7 3 
20180528716 5 3 8 10 1 6 4 2 7 9 
20180528717 2 8 4 3 1 10 7 5 6 9 
20180528718 1 3 10 5 2 7 8 4 6 9 
20180528719 2 9 4 3 8 5 7 1 6 10 
20180528720 9 1 8 7 3 2 10 4 6 5 
20180528721 4 10 9 5 7 1 6 8 2 3 
20180528722 3 9 4 10 2 1 5 7 8 6 
20180528723 8 10 7 3 2 6 9 4 1 5 
20180528724 8 2 5 3 7 10 9 1 6 4 
20180528725 3 1 2 4 7 6 8 5 10 9 
20180528726 10 1 8 2 7 4 5 9 6 3 
20180528727 10 8 5 6 3 7 2 9 1 4 
20180528728 4 1 5 7 9 8 2 6 10 3 
20180528729 7 8 3 9 6 2 4 5 10 1 
20180528730 5 4 9 8 10 6 3 1 7 2 
20180528731 2 3 8 7 10 1 4 5 6 9 
20180528732 9 6 10 4 8 3 2 7 1 5 
20180528733 1 5 8 3 7 2 4 10 9 6 
20180528734 10 7 5 2 9 6 8 1 4 3 
20180528735 5 8 3 1 7 2 10 4 6 9 
20180528736 6 10 2 8 4 9 7 5 1 3 
20180528737 4 1 2 6 7 3 9 10 8 5 
20180528738 5 3 1 4 7 6 9 2 8 10 
20180528739 7 6 10 8 1 4 3 9 5 2 
20180528740 10 4 9 6 8 2 5 3 7 1 
20180528741 7 6 1 9 8 5 3 2 4 10 
20180528742 2 9 3 8 4 1 5 10 7 6 
20180528743 4 6 7 3 1 2 8 9 5 10 
20180528744 1 6 10 9 4 8 5 7 3 2 
20180528745 7 4 2 1 3 6 9 10 8 5 
20180528746 8 3 9 6 10 4 7 2 5 1 
20180528747 4 8 3 6 10 9 5 1 7 2 
20180528748 3 6 1 2 4 9 5 10 7 8 
20180528749 1 3 2 10 9 7 4 5 6 8 
20180528750 7 5 8 9 1 4 6 10 3 2 
20180528751 3 9 6 2 8 10 4 5 7 1 
20180528752 10 2 3 7 9 6 1 8 5 4 
20180528753 10 9 3 5 6 8 7 2 1 4 
20180528754 6 10 4 5 8 3 1 7 2 9 
20180528755 2 7 1 9 8 10 5 3 6 4 
20180528756 2 1 6 8 3 7 9 10 5 4 
20180528757 7 6 2 8 4 9 1 5 3 10 
20180528758 1 4 5 6 2 9 7 3 10 8 
20180528759 6 4 3 5 1 9 8 2 7 10 
20180528760 7 1 2 6 8 10 9 4 3 5 
20180528761 9 7 8 6 2 3 4 10 1 5 
20180528762 2 8 9 4 1 10 3 5 6 7 
20180528763 3 4 1 7 10 5 9 8 2 6 
20180528764 7 2 9 10 5 3 6 4 8 1 
20180528765 2 4 9 3 1 10 5 6 8 7 
20180528766 8 6 4 2 10 3 7 5 9 1 
20180528767 8 6 5 9 2 4 1 3 10 7 
20180528768 3 1 6 9 10 5 2 8 4 7 
20180528769 4 5 6 2 8 3 1 9 10 7 
20180528770 1 4 8 6 10 2 5 9 3 7 
20180528771 7 9 3 10 6 5 1 4 2 8 
20180528772 2 4 9 3 7 5 8 6 10 1 
20180528773 2 9 5 10 8 3 4 7 6 1 
20180528774 10 6 9 1 5 7 8 3 4 2 
20180528775 9 5 1 2 4 7 8 6 10 3 
20180528776 8 7 10 5 1 9 4 3 6 2 
20180528777 5 9 2 8 7 3 10 6 1 4 
20180528778 10 9 3 8 1 4 7 2 5 6 
20180528779 3 8 6 4 9 7 5 2 10 1 
20180528780 8 5 1 4 7 6 9 2 10 3 
20180528781 4 8 3 1 5 6 10 9 2 7 
20180528782 1 7 8 3 5 4 10 2 9 6 
20180528783 9 4 2 5 3 10 8 6 1 7 
20180528784 10 3 6 7 2 8 4 1 9 5 
20180528785 6 8 2 5 9 3 1 7 10 4 
20180528786 10 2 9 3 8 4 1 6 7 5 
20180528787 6 3 5 8 10 7 9 2 4 1 
20180528788 6 7 2 4 3 1 10 9 8 5 
20180528789 7 5 8 3 6 1 10 4 2 9 
20180528790 6 3 1 9 4 8 5 7 2 10 
20180528791 3 1 4 10 6 5 2 7 9 8 
20180528792 6 1 5 4 7 2 3 9 8 10 
20180528793 9 1 7 10 6 4 3 5 2 8 
20180528794 1 8 5 10 2 6 3 9 7 4 
20180528795 5 6 7 9 8 2 4 10 3 1 
20180528796 6 2 10 1 4 7 3 8 5 9 
20180528797 8 5 1 10 9 2 4 3 7 6 
20180528798 9 7 8 6 10 1 5 3 2 4 
20180528799 5 9 6 1 2 8 3 10 7 4 
20180528800 5 2 6 10 3 8 1 9 7 4 
20180528801 9 1 5 6 4 10 7 2 3 8 
20180528802 4 10 8 2 7 5 3 1 6 9 
20180528803 1 9 6 2 4 7 5 8 10 3 
20180528804 8 6 9 2 7 5 3 10 1 4 
20180528805 9 10 4 3 7 5 8 1 6 2 
20180528806 6 10 9 5 2 4 8 7 3 1 
20180528807 7 2 1 9 5 6 8 4 10 3 
20180528808 9 2 7 3 10 4 1 5 6 8 
20180528809 4 10 9 2 1 5 8 3 6 7 
20180528810 2 8 3 1 7 6 5 10 4 9 
20180528811 7 6 5 4 9 8 2 10 1 3 
20180528812 3 8 2 1 4 9 6 10 7 5 
20180528813 8 7 4 6 3 2 10 1 5 9 
20180528814 10 5 4 1 9 3 2 8 7 6 
20180528815 4 2 8 7 1 5 10 3 9 6 
20180528816 7 5 10 1 9 3 2 4 6 8 
20180528817 3 4 6 7 9 8 1 5 2 10 
20180528818 9 8 6 7 4 5 10 1 3 2 
20180528819 6 4 3 7 8 2 1 10 5 9 
20180528820 4 1 10 9 3 7 8 5 6 2 
20180528821 4 8 5 3 6 1 9 7 2 10 
20180528822 8 9 3 1 10 5 4 6 2 7 
20180528823 10 8 2 5 3 1 6 7 9 4 
20180528824 7 8 10 2 5 9 3 4 1 6 
20180528825 8 4 2 10 1 9 3 5 7 6 
20180528826 2 3 1 8 10 4 7 6 5 9 
20180528827 8 9 3 2 4 1 5 10 6 7 
20180528828 3 7 8 10 2 5 6 1 9 4 
20180528829 3 4 5 6 7 2 9 1 10 8 
20180528830 9 4 1 2 5 8 10 3 7 6 
20180528831 2 7 4 3 6 5 8 10 1 9 
20180528832 3 10 8 6 9 4 5 7 1 2 
20180528833 4 1 8 6 5 9 3 10 7 2 
20180528834 9 6 4 2 7 8 3 1 10 5 
20180528835 2 5 1 9 4 3 6 10 7 8 
20180528836 3 2 6 10 8 5 7 9 4 1 
20180528837 9 1 5 4 7 2 10 6 3 8 
20180528838 1 3 4 5 6 9 10 7 2 8 
20180528839 10 3 4 8 2 7 1 5 9 6 
20180528840 9 6 5 2 1 4 8 10 3 7 
20180528841 7 9 1 5 6 3 8 10 4 2 
20180528842 9 3 8 4 6 1 10 5 7 2 
20180528843 9 4 6 8 5 3 1 2 10 7 
20180528844 1 4 6 5 7 2 10 8 9 3 
20180528845 5 3 7 4 10 6 2 9 8 1 
20180528846 9 1 3 2 8 6 7 5 10 4 
20180528847 2 10 4 3 7 8 6 1 9 5 
20180528848 3 10 8 7 2 1 4 9 5 6 
20180528849 7 10 8 5 3 2 9 4 6 1 
20180528850 7 10 9 3 6 8 4 1 5 2 
20180528851 4 10 1 8 5 7 2 9 6 3 
20180528852 4 6 1 9 10 7 3 8 5 2 
20180528853 7 9 4 5 8 10 1 3 6 2 
20180528854 6 9 5 1 3 4 10 7 2 8 
20180528855 10 6 2 3 8 4 7 1 5 9 
20180528856 3 6 7 8 4 10 2 9 1 5 
20180528857 1 8 5 2 9 6 7 3 10 4 
20180528858 2 7 10 6 3 1 4 5 9 8 
20180528859 8 9 6 3 1 5 2 4 10 7 
20180528860 3 5 8 9 7 10 6 1 2 4 
20180528861 5 8 10 9 2 4 1 7 3 6 
20180528862 9 10 6 8 7 1 2 4 3 5 
20180528863 4 7 10 2 3 5 9 8 1 6 
20180528864 3 5 8 7 2 4 6 10 9 1 
20180528865 10 5 4 3 2 6 7 1 8 9 
20180528866 1 9 5 3 8 10 7 2 6 4 
20180528867 10 4 8 7 2 5 3 9 6 1 
20180528868 6 9 7 4 2 5 10 1 8 3 
20180528869 4 10 6 1 7 3 9 8 5 2 
20180528870 2 5 3 6 10 9 4 8 7 1 
20180528871 2 5 10 9 1 6 7 4 3 8 
20180528872 8 3 5 1 2 6 7 10 9 4 
20180528873 5 7 10 4 1 9 2 6 8 3 
20180528874 2 1 3 4 10 5 7 6 9 8 
20180528875 8 2 6 9 4 3 1 5 10 7 
20180528876 3 10 4 8 9 6 1 5 7 2 
20180528877 3 10 6 5 2 8 7 4 1 9 
20180528878 3 4 2 5 9 6 8 1 10 7 
20180528879 3 5 7 8 2 4 10 1 6 9 
20180528880 6 10 7 1 2 5 8 4 9 3 
20180528881 4 1 10 9 6 5 3 7 2 8 
20180528882 7 9 8 10 3 6 1 2 4 5 
20180528883 6 1 5 2 10 9 8 3 7 4 
20180528884 9 10 2 4 1 8 3 5 6 7 
20180528885 10 7 4 1 6 5 2 8 3 9 
20180528886 1 4 6 2 10 5 8 7 9 3 
20180528887 10 5 9 2 4 3 8 7 1 6 
20180528888 8 1 7 3 6 4 10 5 2 9 
20180528889 3 1 10 4 7 8 6 2 9 5 
20180528890 10 6 7 1 8 9 3 4 5 2 
20180528891 6 4 10 3 7 1 5 8 9 2 
20180528892 9 7 10 3 1 5 2 6 4 8 
20180528893 5 6 2 4 10 7 8 1 3 9 
20180528894 8 4 3 1 2 9 6 10 5 7 
20180528895 8 2 4 10 5 7 1 3 9 6 
20180528896 9 1 10 5 6 4 8 2 7 3 
20180528897 10 9 7 1 4 3 5 2 6 8 
20180528898 10 6 7 3 9 4 2 1 5 8 
20180528899 3 1 8 4 5 7 6 9 2 10 
20180528900 5 1 2 6 7 8 9 3 10 4 
20180528901 4 9 8 5 7 3 10 6 2 1 
20180528902 8 5 1 6 7 10 9 2 3 4 
20180528903 8 6 2 7 3 5 9 10 4 1 
20180528904 5 9 2 3 7 1 8 6 10 4 
20180528905 9 5 1 4 10 6 2 8 7 3 
20180528906 1 6 8 2 5 3 10 7 4 9 
20180528907 3 7 6 4 5 8 1 9 2 10 
20180528908 10 2 3 7 1 5 9 8 6 4 
20180528909 10 2 9 5 7 3 8 6 4 1 
20180528910 5 7 6 2 8 4 1 10 3 9 
20180528911 9 7 4 10 1 8 3 5 2 6 
20180528912 5 3 4 9 8 10 2 7 6 1 
20180528913 8 9 3 5 4 6 2 1 7 10 
20180528914 3 8 2 7 1 6 10 5 4 9 
20180528915 5 10 4 2 7 1 9 8 6 3 
20180528916 2 8 6 1 3 9 5 10 4 7 
20180528917 6 4 5 7 1 3 9 2 10 8 
20180528918 2 1 10 3 9 7 4 6 5 8 
20180528919 9 2 3 4 6 7 8 10 1 5 
20180528920 10 3 8 2 9 4 6 5 1 7 
20180528921 1 8 4 7 9 10 2 6 5 3 
20180528922 4 3 9 8 5 7 6 10 2 1 
20180528923 5 3 10 8 7 4 1 9 2 6 
20180528924 4 9 7 3 10 8 1 6 5 2 
20180528925 5 4 6 1 9 10 7 3 8 2 
20180528926 7 1 5 4 2 10 8 3 6 9 
20180528927 7 5 10 3 2 6 4 9 8 1 
20180528928 10 4 3 1 6 5 2 7 8 9 
20180528929 6 4 3 5 10 9 1 2 8 7 
20180528930 6 5 8 1 7 3 2 4 9 10 
20180528931 1 9 4 2 6 5 8 7 3 10 
20180528932 3 8 1 10 7 2 9 5 6 4 
20180528933 4 3 6 1 8 2 7 10 5 9 
20180528934 2 10 9 1 7 6 3 4 5 8 
20180528935 4 10 5 3 9 8 7 1 6 2 
20180528936 5 7 2 1 10 3 4 6 8 9 
20180528937 2 10 8 1 4 7 9 5 6 3 
20180528938 10 4 6 1 7 8 9 3 5 2 
20180528939 2 7 1 10 5 4 6 8 3 9 
20180528940 10 6 5 9 1 4 2 7 8 3 
20180528941 9 1 10 2 4 7 6 5 8 3 
20180528942 8 4 3 10 1 5 6 9 7 2 
20180528943 9 2 8 7 6 5 3 1 4 10 
20180528944 9 2 7 10 5 8 1 4 6 3 
20180528945 2 6 1 7 3 5 10 4 8 9 
20180528946 3 6 8 7 4 2 9 1 10 5 
20180528947 2 10 4 6 8 7 9 1 5 3 
20180528948 1 8 4 5 6 9 10 2 7 3 
20180528949 4 7 1 10 8 5 6 3 9 2 
20180528950 1 9 8 2 5 3 6 10 7 4 
20180528951 9 6 5 3 8 4 10 2 1 7 
20180528952 1 8 10 9 6 5 3 4 2 7 
20180528953 7 8 9 6 5 3 2 4 10 1 
20180528954 2 1 4 8 9 10 7 3 5 6 
20180528955 4 10 2 7 6 5 8 3 1 9 
20180528956 9 10 6 1 7 3 5 8 4 2 
20180528957 7 1 10 9 5 4 6 8 2 3 
20180528958 6 3 2 9 1 7 10 5 8 4 
20180528959 7 4 10 3 1 8 5 6 2 9 
20180528960 8 1 5 10 4 2 7 9 6 3 
20180528961 7 6 8 3 5 1 9 10 4 2 
20180528962 2 10 9 1 3 5 6 8 7 4 
20180528963 1 2 6 10 4 9 7 3 8 5 
20180528964 10 5 8 2 1 7 6 3 9 4 
20180528965 5 9 8 4 3 2 7 1 10 6 
20180528966 4 7 2 9 6 10 8 5 3 1 
20180528967 7 10 5 6 8 9 1 2 4 3 
20180528968 1 9 5 7 8 10 3 4 6 2 
20180528969 10 8 9 5 7 3 2 1 4 6 
20180528970 1 10 2 3 4 6 8 7 5 9 
20180528971 1 2 3 6 7 9 4 10 8 5 
20180528972 1 7 4 8 3 9 5 2 10 6 
20180528973 5 3 1 4 2 6 10 9 7 8 
20180528974 7 8 4 2 3 9 6 1 10 5 
20180528975 10 2 1 3 9 6 7 4 5 8 
20180528976 9 1 7 6 3 4 5 8 10 2 
20180528977 10 5 2 4 9 1 7 3 6 8 
20180528978 2 3 8 9 10 6 4 5 7 1 
20180528979 7 8 10 1 3 2 5 9 4 6 
20180528980 1 6 7 9 8 4 5 10 2 3 
20180528981 2 7 6 3 10 5 8 4 9 1 
20180528982 6 4 5 2 3 10 1 7 8 9 
20180528983 2 4 7 6 3 1 10 5 8 9 
20180528984 7 8 4 2 9 10 6 1 5 3 
20180528985 6 1 4 10 8 3 9 5 2 7 
