20180515001 4 9 3 5 10 2 8 6 7 1 
20180515002 5 8 6 10 2 9 7 4 1 3 
20180515003 9 2 5 10 7 6 1 8 4 3 
20180515004 1 4 10 5 7 9 6 8 2 3 
20180515005 7 10 3 1 9 6 2 5 4 8 
20180515006 3 10 9 8 4 2 1 6 7 5 
20180515007 10 1 3 7 8 6 4 5 9 2 
20180515008 9 8 5 2 1 7 3 10 4 6 
20180515009 5 7 1 2 9 6 3 4 8 10 
20180515010 8 2 3 7 1 4 6 10 9 5 
20180515011 2 6 8 9 10 4 7 1 3 5 
20180515012 2 4 5 1 3 6 7 10 9 8 
20180515013 9 3 5 8 4 2 1 10 6 7 
20180515014 8 9 6 3 1 10 4 7 5 2 
20180515015 2 5 3 1 8 10 9 6 4 7 
20180515016 2 1 6 3 7 8 4 9 5 10 
20180515017 2 7 6 3 8 1 5 10 4 9 
20180515018 6 7 5 2 10 1 8 4 9 3 
20180515019 2 3 7 10 1 8 5 6 9 4 
20180515020 4 8 7 5 2 3 1 6 9 10 
20180515021 7 5 8 1 10 6 2 3 9 4 
20180515022 8 9 1 10 4 2 3 5 7 6 
20180515023 8 3 5 6 9 1 7 10 2 4 
20180515024 7 2 3 1 10 8 6 5 4 9 
20180515025 4 7 5 9 10 1 8 2 3 6 
20180515026 1 10 5 9 6 2 8 3 7 4 
20180515027 6 9 8 10 4 3 2 1 7 5 
20180515028 10 7 6 4 2 8 9 1 5 3 
20180515029 9 10 2 5 8 4 7 3 1 6 
20180515030 5 9 6 7 3 8 4 10 2 1 
20180515031 9 5 1 8 7 4 2 10 6 3 
20180515032 6 8 9 1 7 3 4 10 2 5 
20180515033 8 6 2 5 3 7 4 9 10 1 
20180515034 10 5 3 9 1 6 8 7 4 2 
20180515035 1 6 8 4 2 10 7 3 9 5 
20180515036 1 8 7 2 6 4 9 10 5 3 
20180515037 6 4 1 2 3 7 5 8 10 9 
20180515038 5 6 10 2 9 4 8 7 3 1 
20180515039 5 8 4 9 10 6 3 1 2 7 
20180515040 7 9 6 1 5 2 10 4 3 8 
20180515041 3 7 5 8 1 6 9 4 10 2 
20180515042 10 8 6 1 5 7 2 3 9 4 
20180515043 1 5 6 2 7 4 9 8 3 10 
20180515044 3 8 7 6 2 1 4 10 9 5 
20180515045 7 2 10 8 3 5 9 4 1 6 
20180515046 8 7 1 6 9 3 5 10 4 2 
20180515047 5 3 6 4 7 2 10 1 8 9 
20180515048 6 9 10 2 3 5 8 1 4 7 
20180515049 6 4 8 2 1 7 10 3 5 9 
20180515050 10 7 4 2 8 1 3 5 6 9 
20180515051 5 8 6 3 10 2 4 7 1 9 
20180515052 3 4 1 7 6 9 8 10 2 5 
20180515053 10 9 8 4 1 7 3 6 2 5 
20180515054 7 3 9 1 6 10 8 2 4 5 
20180515055 2 10 5 9 7 4 3 1 8 6 
20180515056 10 9 1 8 4 7 3 6 2 5 
20180515057 2 1 9 5 6 4 8 3 7 10 
20180515058 8 1 4 2 7 6 9 3 10 5 
20180515059 2 6 4 10 7 8 1 9 5 3 
20180515060 7 10 1 4 6 8 5 2 3 9 
20180515061 6 1 4 9 7 10 2 3 8 5 
20180515062 9 7 6 8 4 5 10 1 3 2 
20180515063 5 3 6 4 8 2 10 1 7 9 
20180515064 3 9 4 5 2 10 1 8 7 6 
20180515065 8 9 2 1 10 7 3 4 5 6 
20180515066 10 9 7 2 6 1 5 3 8 4 
20180515067 10 3 1 4 9 8 5 7 6 2 
20180515068 3 10 2 4 1 9 7 8 6 5 
20180515069 2 8 5 6 7 10 9 1 4 3 
20180515070 6 10 3 1 4 5 7 2 9 8 
20180515071 3 4 7 6 5 2 9 1 10 8 
20180515072 10 5 8 1 6 7 2 9 4 3 
20180515073 3 10 4 1 2 7 9 8 6 5 
20180515074 7 9 2 1 3 8 6 4 5 10 
20180515075 8 5 7 1 3 9 6 10 2 4 
20180515076 3 2 9 7 1 6 5 10 8 4 
20180515077 6 5 4 3 10 1 8 2 7 9 
20180515078 1 5 3 10 2 4 7 9 6 8 
20180515079 3 4 5 2 6 10 1 7 8 9 
20180515080 9 5 6 3 8 7 10 4 2 1 
20180515081 9 7 10 1 2 5 3 6 8 4 
20180515082 6 4 8 9 10 3 5 1 2 7 
20180515083 1 7 5 6 4 9 3 8 10 2 
20180515084 6 2 3 4 8 10 7 5 9 1 
20180515085 6 7 5 9 4 10 1 3 8 2 
20180515086 5 1 2 8 6 10 7 4 9 3 
20180515087 10 8 2 4 5 7 1 6 9 3 
20180515088 2 3 10 1 5 8 6 4 7 9 
20180515089 10 7 3 1 4 2 9 6 8 5 
20180515090 4 10 1 5 2 8 3 6 7 9 
20180515091 5 1 9 3 8 7 10 4 6 2 
20180515092 3 1 8 9 4 7 2 5 6 10 
20180515093 2 1 5 9 3 4 7 10 6 8 
20180515094 6 5 8 3 9 1 7 10 4 2 
20180515095 3 9 4 10 6 1 8 7 5 2 
20180515096 6 5 4 10 1 7 3 8 9 2 
20180515097 8 4 10 5 6 2 9 7 1 3 
20180515098 2 9 1 6 7 8 10 4 5 3 
20180515099 7 8 1 6 9 10 4 3 2 5 
20180515100 10 4 8 7 6 3 1 9 2 5 
20180515101 2 5 10 7 3 1 6 9 8 4 
20180515102 8 9 4 5 10 2 6 1 3 7 
20180515103 5 4 10 3 7 9 1 2 8 6 
20180515104 6 7 9 8 3 2 5 1 4 10 
20180515105 6 7 10 5 2 9 1 8 4 3 
20180515106 3 10 9 2 8 6 5 1 4 7 
20180515107 6 5 3 7 1 4 2 9 8 10 
20180515108 4 5 9 1 3 7 10 2 6 8 
20180515109 2 6 5 9 10 4 3 1 8 7 
20180515110 5 7 8 6 1 9 3 4 10 2 
20180515111 9 5 4 10 3 8 2 1 7 6 
20180515112 7 9 4 10 1 3 8 6 2 5 
20180515113 9 1 2 4 7 5 8 10 6 3 
20180515114 8 5 7 4 10 2 6 3 9 1 
20180515115 3 6 4 9 1 7 10 5 2 8 
20180515116 8 4 3 7 6 5 1 9 10 2 
20180515117 5 10 8 3 7 9 4 2 6 1 
20180515118 6 1 4 3 2 9 10 7 5 8 
20180515119 8 4 10 7 9 3 1 5 2 6 
20180515120 9 8 5 2 3 1 6 7 10 4 
20180515121 2 5 4 9 6 3 10 8 1 7 
20180515122 9 7 4 5 3 6 1 2 8 10 
20180515123 2 3 8 9 10 1 5 6 7 4 
20180515124 9 6 10 2 8 3 1 7 5 4 
20180515125 6 3 7 8 4 5 10 2 9 1 
20180515126 4 8 9 1 2 5 7 6 3 10 
20180515127 7 3 9 4 2 1 5 8 10 6 
20180515128 7 2 9 3 6 1 5 8 4 10 
20180515129 10 2 3 7 6 4 1 9 5 8 
20180515130 10 4 5 7 2 8 9 3 6 1 
20180515131 6 1 9 8 3 2 4 7 10 5 
20180515132 9 8 7 6 3 4 10 1 5 2 
20180515133 8 5 7 4 3 1 6 2 10 9 
20180515134 4 2 7 6 5 3 9 8 1 10 
20180515135 2 9 6 5 3 7 8 4 10 1 
20180515136 3 7 4 5 8 2 9 10 1 6 
20180515137 3 10 8 7 6 5 2 4 1 9 
20180515138 1 9 7 5 6 3 2 4 10 8 
20180515139 6 3 4 2 5 10 1 7 9 8 
20180515140 8 1 9 7 4 3 2 6 10 5 
20180515141 6 8 9 5 7 1 4 2 10 3 
20180515142 7 2 1 9 6 8 4 5 3 10 
20180515143 4 2 5 6 3 7 8 1 10 9 
20180515144 6 1 8 3 10 4 7 5 9 2 
20180515145 3 6 8 1 2 5 9 4 7 10 
20180515146 7 4 8 10 1 9 5 6 2 3 
20180515147 1 8 2 9 10 4 5 3 6 7 
20180515148 5 1 10 9 3 6 4 8 2 7 
20180515149 4 1 5 2 10 3 6 7 8 9 
20180515150 2 1 10 4 8 6 9 3 7 5 
20180515151 1 3 4 2 5 9 6 7 10 8 
20180515152 9 5 3 8 1 7 10 4 2 6 
20180515153 7 2 4 9 3 5 10 6 8 1 
20180515154 9 7 4 1 10 3 2 8 5 6 
20180515155 10 1 3 2 5 8 4 9 7 6 
20180515156 8 9 6 7 10 5 2 1 4 3 
20180515157 9 6 10 3 1 8 5 7 4 2 
20180515158 2 6 7 1 5 8 10 9 3 4 
20180515159 5 6 10 2 4 1 8 9 7 3 
20180515160 1 5 6 3 8 9 4 10 2 7 
20180515161 1 9 10 7 6 8 4 5 2 3 
20180515162 8 9 5 6 7 10 4 1 3 2 
20180515163 5 2 7 10 8 3 1 6 4 9 
20180515164 5 6 3 8 4 9 7 10 1 2 
20180515165 3 6 7 8 9 2 10 4 1 5 
20180515166 9 3 5 10 8 2 6 7 1 4 
20180515167 1 6 10 4 5 3 9 8 2 7 
20180515168 10 5 4 9 2 8 6 7 1 3 
20180515169 4 7 8 1 2 5 6 9 3 10 
20180515170 10 4 5 3 9 1 8 7 6 2 
20180515171 3 9 1 5 2 8 4 10 7 6 
20180515172 3 10 2 1 7 9 5 6 8 4 
20180515173 10 1 8 5 4 9 7 6 2 3 
20180515174 2 1 9 3 7 10 8 6 4 5 
20180515175 4 5 8 6 9 3 2 10 7 1 
20180515176 6 3 2 10 4 1 8 7 9 5 
20180515177 3 9 10 4 8 7 2 1 5 6 
20180515178 2 3 4 9 6 10 5 1 7 8 
20180515179 1 6 10 2 4 8 9 3 5 7 
20180515180 5 3 4 8 9 2 7 6 1 10 
20180515181 3 4 10 9 6 7 2 1 5 8 
20180515182 2 8 5 9 6 3 10 1 7 4 
20180515183 5 1 7 4 8 2 6 9 10 3 
20180515184 5 10 9 3 7 4 8 6 1 2 
20180515185 5 10 1 3 8 4 9 7 2 6 
20180515186 2 9 5 6 7 10 4 8 1 3 
20180515187 5 1 8 4 2 9 10 3 6 7 
20180515188 2 10 6 4 8 7 9 1 3 5 
20180515189 3 10 8 5 7 1 6 9 2 4 
20180515190 7 5 8 4 6 3 2 1 9 10 
20180515191 10 7 9 3 5 4 1 6 8 2 
20180515192 3 4 2 1 6 7 9 5 8 10 
20180515193 5 2 10 7 8 1 3 6 9 4 
20180515194 3 1 10 2 9 6 8 5 7 4 
20180515195 3 1 2 8 7 6 9 4 5 10 
20180515196 6 1 7 10 2 5 9 8 4 3 
20180515197 7 5 1 2 6 4 8 3 9 10 
20180515198 4 2 8 7 5 3 9 6 10 1 
20180515199 4 10 1 9 5 8 3 2 7 6 
20180515200 3 7 8 6 4 1 5 2 9 10 
20180515201 10 1 8 6 4 9 2 3 5 7 
20180515202 3 4 6 5 9 10 8 1 2 7 
20180515203 5 4 3 7 6 1 8 9 10 2 
20180515204 8 5 3 7 9 2 4 10 6 1 
20180515205 5 10 4 9 3 2 1 7 6 8 
20180515206 10 2 4 3 7 8 5 6 1 9 
20180515207 2 3 7 9 6 4 5 10 8 1 
20180515208 10 2 6 5 4 9 3 1 8 7 
20180515209 3 7 1 10 5 2 9 6 8 4 
20180515210 3 5 4 8 2 10 1 7 9 6 
20180515211 5 1 8 3 2 7 4 10 9 6 
20180515212 3 6 9 10 4 2 7 1 8 5 
20180515213 4 2 10 6 3 7 1 5 9 8 
20180515214 9 1 3 8 6 4 5 7 2 10 
20180515215 1 7 5 10 8 4 9 6 3 2 
20180515216 1 5 4 2 10 6 9 7 8 3 
20180515217 2 3 5 1 7 10 9 8 4 6 
20180515218 7 4 10 9 5 2 3 6 1 8 
20180515219 8 10 1 7 9 3 2 5 4 6 
20180515220 6 5 8 7 1 2 9 3 4 10 
20180515221 3 1 6 5 10 4 2 9 8 7 
20180515222 4 1 9 8 10 7 6 5 2 3 
20180515223 5 10 8 1 2 9 7 4 6 3 
20180515224 1 2 4 9 10 3 7 6 8 5 
20180515225 8 7 4 6 9 10 5 3 1 2 
20180515226 9 1 10 7 4 3 6 5 8 2 
20180515227 8 7 4 10 3 6 5 9 1 2 
20180515228 8 9 1 3 7 4 5 10 2 6 
20180515229 4 3 1 2 8 7 5 9 10 6 
20180515230 3 1 4 10 5 9 2 8 6 7 
20180515231 1 7 9 5 6 3 2 10 8 4 
20180515232 9 2 5 4 7 8 1 10 6 3 
20180515233 3 8 9 4 10 1 6 2 5 7 
20180515234 6 7 10 2 9 5 8 3 4 1 
20180515235 5 3 2 7 1 4 10 8 9 6 
20180515236 2 3 10 1 6 5 4 7 9 8 
20180515237 10 8 5 3 4 7 6 9 1 2 
20180515238 7 2 8 1 9 4 6 5 3 10 
20180515239 2 7 1 5 3 8 9 6 10 4 
20180515240 2 1 8 3 10 6 5 9 7 4 
20180515241 10 8 3 4 5 9 6 7 1 2 
20180515242 4 1 2 6 5 9 7 3 10 8 
20180515243 10 7 3 5 2 9 1 8 4 6 
20180515244 2 7 8 1 6 5 9 4 10 3 
20180515245 9 6 8 2 5 10 4 3 7 1 
20180515246 5 4 9 8 10 3 2 6 1 7 
20180515247 1 2 3 7 5 10 4 9 8 6 
20180515248 5 6 1 4 2 8 10 9 7 3 
20180515249 3 7 2 5 10 1 6 4 8 9 
20180515250 10 6 1 7 2 5 9 4 3 8 
20180515251 9 6 7 2 5 4 10 1 3 8 
20180515252 10 6 9 8 2 7 1 4 3 5 
20180515253 4 1 9 3 8 10 2 6 5 7 
20180515254 2 5 4 9 7 8 6 3 10 1 
20180515255 1 3 4 5 6 2 8 9 7 10 
20180515256 8 9 5 10 2 4 1 7 3 6 
20180515257 4 5 8 2 6 10 7 9 1 3 
20180515258 10 7 1 3 2 9 8 6 5 4 
20180515259 10 2 6 4 5 9 3 7 1 8 
20180515260 4 5 10 2 9 7 3 6 8 1 
20180515261 10 2 5 1 6 7 8 9 4 3 
20180515262 8 2 4 3 1 7 6 9 10 5 
20180515263 10 4 2 8 5 9 1 3 7 6 
20180515264 8 3 4 6 2 7 10 9 1 5 
20180515265 2 3 7 6 9 5 1 8 4 10 
20180515266 7 6 2 4 9 8 10 1 3 5 
20180515267 4 9 7 3 6 10 1 8 5 2 
20180515268 6 4 1 2 7 5 3 8 9 10 
20180515269 6 10 5 1 3 9 7 8 4 2 
20180515270 6 10 3 2 8 4 1 9 5 7 
20180515271 2 6 3 8 4 5 7 9 10 1 
20180515272 3 2 9 5 8 6 1 4 7 10 
20180515273 1 5 4 7 9 8 6 2 10 3 
20180515274 3 6 2 5 10 9 1 8 7 4 
20180515275 6 8 4 2 3 7 1 10 5 9 
20180515276 5 2 7 8 6 4 1 9 10 3 
20180515277 4 1 7 6 3 5 10 2 9 8 
20180515278 10 2 8 7 4 6 9 1 5 3 
20180515279 10 5 9 6 8 2 1 7 3 4 
20180515280 4 10 1 7 5 6 8 2 3 9 
20180515281 1 7 4 3 9 10 5 8 6 2 
20180515282 10 7 1 3 2 8 9 6 4 5 
20180515283 3 7 5 10 2 8 4 6 9 1 
20180515284 2 9 1 4 8 10 3 5 7 6 
20180515285 6 4 1 9 10 3 5 7 8 2 
20180515286 3 5 2 9 7 4 8 6 10 1 
20180515287 5 4 8 7 6 2 1 3 10 9 
20180515288 5 2 6 10 1 7 9 8 3 4 
20180515289 6 4 9 1 10 2 8 7 5 3 
20180515290 7 2 3 5 8 10 4 9 1 6 
20180515291 7 2 5 3 4 10 6 8 9 1 
20180515292 7 9 8 2 5 10 6 1 4 3 
20180515293 3 4 9 2 1 7 10 5 8 6 
20180515294 7 8 5 10 1 9 2 6 4 3 
20180515295 7 8 4 5 2 10 6 1 3 9 
20180515296 8 3 5 9 2 10 4 7 6 1 
20180515297 2 3 4 7 9 1 6 8 10 5 
20180515298 3 5 6 2 1 8 4 7 9 10 
20180515299 8 4 9 1 2 6 7 3 5 10 
20180515300 3 1 8 5 7 6 4 9 10 2 
20180515301 9 8 1 2 5 10 6 3 4 7 
20180515302 8 9 2 10 3 7 4 1 5 6 
20180515303 4 8 1 9 6 3 5 10 2 7 
20180515304 4 5 10 7 1 2 9 6 8 3 
20180515305 9 1 3 5 7 6 2 4 10 8 
20180515306 4 1 9 10 7 5 6 8 3 2 
20180515307 1 5 10 9 8 6 4 7 3 2 
20180515308 2 5 4 6 9 7 1 3 10 8 
20180515309 10 9 1 6 2 5 8 4 3 7 
20180515310 1 6 5 4 10 9 8 2 7 3 
20180515311 1 5 4 6 7 10 3 9 8 2 
20180515312 10 8 4 6 9 5 1 7 3 2 
20180515313 2 3 6 4 8 7 5 10 1 9 
20180515314 2 3 7 8 1 5 6 4 10 9 
20180515315 9 7 1 5 2 4 10 6 3 8 
20180515316 8 7 2 9 3 10 6 1 4 5 
20180515317 4 5 2 8 9 10 3 1 6 7 
20180515318 5 8 4 9 2 6 10 1 7 3 
20180515319 9 5 6 1 7 4 10 8 2 3 
20180515320 9 8 10 7 1 6 3 5 4 2 
20180515321 6 5 4 10 2 1 9 7 3 8 
20180515322 5 3 10 1 8 7 2 4 6 9 
20180515323 5 4 9 8 7 1 10 3 2 6 
20180515324 8 7 4 3 1 2 5 6 9 10 
20180515325 2 5 6 8 4 3 10 9 7 1 
20180515326 10 1 3 2 9 7 8 4 6 5 
20180515327 6 2 8 3 9 5 10 7 4 1 
20180515328 4 8 1 9 5 6 10 7 2 3 
20180515329 5 6 10 8 7 4 9 1 2 3 
20180515330 8 2 7 10 3 9 4 5 6 1 
20180515331 3 2 1 7 8 4 6 10 9 5 
20180515332 7 9 3 8 4 6 1 10 2 5 
20180515333 5 8 10 7 6 2 9 3 1 4 
20180515334 6 8 4 5 2 9 3 1 7 10 
20180515335 9 1 6 10 5 3 8 7 4 2 
20180515336 6 4 1 2 9 7 3 5 8 10 
20180515337 1 6 5 10 4 8 9 3 2 7 
20180515338 3 9 6 4 7 5 1 10 8 2 
20180515339 6 2 9 3 8 4 1 7 5 10 
20180515340 4 8 7 9 5 1 3 6 2 10 
20180515341 2 6 3 5 9 10 8 1 4 7 
20180515342 4 10 8 6 2 7 3 9 1 5 
20180515343 5 3 7 1 4 6 9 8 10 2 
20180515344 6 3 7 1 8 9 5 2 4 10 
20180515345 2 5 8 6 7 4 9 10 3 1 
20180515346 7 2 10 1 8 6 5 3 4 9 
20180515347 1 2 4 8 9 5 10 7 6 3 
20180515348 8 4 1 2 10 5 3 9 6 7 
20180515349 9 10 2 7 8 6 3 1 4 5 
20180515350 10 1 8 2 4 3 6 5 9 7 
20180515351 10 1 2 8 6 7 3 9 5 4 
20180515352 4 10 7 6 8 5 2 3 1 9 
20180515353 3 10 1 7 2 9 5 8 4 6 
20180515354 1 10 3 8 9 4 7 5 2 6 
20180515355 1 9 4 3 7 6 2 5 8 10 
20180515356 1 9 4 5 3 6 7 10 2 8 
20180515357 5 6 4 1 2 9 3 7 8 10 
20180515358 1 3 9 7 4 8 5 10 6 2 
20180515359 8 1 4 9 3 5 2 10 7 6 
20180515360 7 9 8 2 10 6 4 3 5 1 
20180515361 9 6 2 3 8 4 7 10 1 5 
20180515362 1 2 9 5 10 8 6 7 3 4 
20180515363 1 6 4 7 3 10 5 8 2 9 
20180515364 7 3 10 6 5 2 9 8 1 4 
20180515365 5 6 10 7 1 4 3 8 2 9 
20180515366 4 10 1 5 7 3 2 9 8 6 
20180515367 10 2 8 7 6 4 1 5 3 9 
20180515368 6 3 7 10 2 8 4 9 5 1 
20180515369 2 7 10 8 6 4 9 5 1 3 
20180515370 9 2 8 1 4 10 6 3 5 7 
20180515371 7 2 8 10 4 5 9 3 6 1 
20180515372 7 6 2 5 4 9 8 10 3 1 
20180515373 4 5 7 8 3 6 9 2 1 10 
20180515374 6 5 3 7 9 2 8 10 1 4 
20180515375 10 5 3 4 9 1 2 6 8 7 
20180515376 4 1 7 5 6 8 2 9 3 10 
20180515377 5 6 10 7 9 1 8 2 4 3 
20180515378 6 10 1 8 7 2 3 4 9 5 
20180515379 7 10 8 3 5 6 9 1 4 2 
20180515380 8 7 10 3 9 6 2 1 4 5 
20180515381 3 7 2 4 9 1 10 5 6 8 
20180515382 1 6 5 9 4 8 2 7 10 3 
20180515383 8 6 7 2 1 4 5 9 3 10 
20180515384 2 6 10 1 5 9 4 7 3 8 
20180515385 1 7 5 10 6 3 8 4 2 9 
20180515386 2 3 7 6 10 9 8 5 4 1 
20180515387 10 4 7 8 1 5 3 2 6 9 
20180515388 10 1 6 4 3 5 2 9 7 8 
20180515389 9 1 4 10 7 5 3 2 8 6 
20180515390 5 6 2 7 4 3 10 1 8 9 
20180515391 9 10 1 5 7 6 4 8 2 3 
20180515392 9 1 7 5 3 6 4 8 2 10 
20180515393 3 1 9 6 5 4 8 2 10 7 
20180515394 7 2 9 5 4 6 1 10 3 8 
20180515395 7 6 3 8 10 5 9 2 4 1 
20180515396 4 10 6 8 2 9 7 3 1 5 
20180515397 5 3 8 10 2 9 6 4 7 1 
20180515398 1 8 5 7 4 3 10 6 2 9 
20180515399 8 7 6 4 10 2 9 1 5 3 
20180515400 5 7 2 3 8 10 1 4 9 6 
20180515401 3 10 2 8 1 7 4 9 5 6 
20180515402 8 5 3 9 2 1 10 6 7 4 
20180515403 6 7 1 2 8 10 4 9 3 5 
20180515404 5 8 7 10 4 2 3 9 1 6 
20180515405 10 8 2 1 7 5 9 3 4 6 
20180515406 7 2 1 3 10 9 6 8 5 4 
20180515407 7 6 3 8 4 1 10 5 2 9 
20180515408 4 10 8 9 1 5 7 3 2 6 
20180515409 1 9 8 10 4 3 2 6 5 7 
20180515410 9 3 2 8 5 4 10 7 6 1 
20180515411 3 10 4 6 8 9 5 1 7 2 
20180515412 1 9 10 7 6 3 4 5 2 8 
20180515413 5 10 7 2 3 8 4 6 1 9 
20180515414 10 5 9 2 1 8 4 6 3 7 
20180515415 3 5 10 4 8 2 9 7 1 6 
20180515416 4 8 9 5 1 10 7 6 3 2 
20180515417 8 6 7 1 3 5 10 4 9 2 
20180515418 6 3 9 4 10 2 1 7 5 8 
20180515419 9 8 5 6 3 7 10 1 2 4 
20180515420 1 4 8 2 6 9 7 3 10 5 
20180515421 10 4 7 6 5 9 1 2 8 3 
20180515422 1 8 5 4 3 2 7 6 10 9 
20180515423 7 5 10 1 9 4 6 3 2 8 
20180515424 2 7 5 9 8 1 6 3 4 10 
20180515425 9 7 3 2 4 8 6 1 5 10 
20180515426 4 7 3 2 8 9 10 6 5 1 
20180515427 8 6 3 2 1 10 9 4 7 5 
20180515428 1 8 4 6 2 5 7 10 9 3 
20180515429 5 7 2 9 3 8 4 1 6 10 
20180515430 2 4 7 6 10 3 1 5 8 9 
20180515431 9 1 7 10 5 3 8 2 4 6 
20180515432 9 1 6 7 4 10 5 3 2 8 
20180515433 1 9 4 3 5 10 8 6 2 7 
20180515434 9 7 1 8 2 6 5 3 10 4 
20180515435 7 9 2 6 1 8 10 3 4 5 
20180515436 6 5 2 1 9 7 8 3 10 4 
20180515437 3 10 5 4 2 8 7 1 6 9 
20180515438 3 10 2 7 6 8 5 9 4 1 
20180515439 7 4 9 1 6 8 10 3 2 5 
20180515440 6 7 4 5 3 8 1 10 2 9 
20180515441 1 8 4 3 2 10 5 7 9 6 
20180515442 8 9 10 7 2 6 5 3 1 4 
20180515443 6 5 3 8 4 7 9 10 2 1 
20180515444 7 10 5 4 8 9 1 3 6 2 
20180515445 1 8 5 2 7 6 3 10 4 9 
20180515446 8 9 7 10 3 6 5 2 1 4 
20180515447 9 2 8 3 6 4 1 7 5 10 
20180515448 3 8 4 6 9 10 5 1 7 2 
20180515449 8 6 2 9 7 10 1 3 5 4 
20180515450 2 9 10 6 5 3 4 1 7 8 
20180515451 6 8 10 3 7 9 1 5 2 4 
20180515452 3 1 7 10 5 6 9 4 8 2 
20180515453 1 5 6 2 8 4 7 3 10 9 
20180515454 4 1 5 10 9 3 8 6 7 2 
20180515455 3 9 4 8 2 7 1 5 10 6 
20180515456 6 2 3 7 9 4 10 5 1 8 
20180515457 2 4 8 10 6 5 1 7 9 3 
20180515458 2 5 6 8 4 3 7 10 9 1 
20180515459 9 7 3 6 1 10 8 4 5 2 
20180515460 2 8 3 1 4 7 10 6 5 9 
20180515461 1 3 9 7 6 4 5 10 2 8 
20180515462 6 5 4 10 3 1 8 2 7 9 
20180515463 2 3 8 9 10 7 6 1 5 4 
20180515464 6 9 5 7 8 2 3 4 10 1 
20180515465 3 2 8 4 5 9 7 6 1 10 
20180515466 8 4 5 9 2 3 10 7 1 6 
20180515467 1 3 8 10 4 9 7 6 2 5 
20180515468 3 2 6 10 4 7 5 8 9 1 
20180515469 5 2 10 6 3 1 8 4 9 7 
20180515470 7 9 8 6 1 3 2 5 4 10 
20180515471 8 2 10 5 4 6 3 9 1 7 
20180515472 3 10 6 4 8 1 9 2 7 5 
20180515473 8 4 7 3 1 6 9 2 10 5 
20180515474 1 2 3 6 8 9 7 4 10 5 
20180515475 10 9 2 8 4 6 1 7 5 3 
20180515476 1 2 7 6 8 3 5 4 9 10 
20180515477 3 8 5 4 6 7 10 9 1 2 
20180515478 7 1 6 9 8 2 5 3 10 4 
20180515479 2 4 5 8 6 1 3 7 10 9 
20180515480 3 9 10 6 5 7 1 2 4 8 
20180515481 8 5 10 9 7 3 1 2 4 6 
20180515482 10 3 4 8 1 7 6 2 5 9 
20180515483 2 9 5 7 8 6 1 10 3 4 
20180515484 10 9 2 3 8 6 1 7 5 4 
20180515485 8 1 7 9 6 5 4 3 2 10 
20180515486 2 5 8 6 4 7 1 10 9 3 
20180515487 5 4 9 7 8 1 3 6 2 10 
20180515488 3 6 10 2 9 8 5 7 1 4 
20180515489 4 6 2 7 3 5 8 9 10 1 
20180515490 4 9 10 8 1 3 2 7 6 5 
20180515491 1 4 10 5 6 9 2 7 3 8 
20180515492 7 8 10 3 4 2 9 5 1 6 
20180515493 4 6 3 7 5 8 9 10 2 1 
20180515494 7 10 8 1 4 6 2 9 5 3 
20180515495 2 4 9 8 5 1 6 7 10 3 
20180515496 2 9 5 7 6 3 10 8 1 4 
20180515497 6 5 1 9 7 2 4 3 8 10 
20180515498 2 9 7 8 1 6 5 4 3 10 
20180515499 1 2 4 9 3 5 7 6 10 8 
20180515500 2 10 8 9 5 7 6 1 3 4 
20180515501 3 2 1 10 4 7 5 9 8 6 
20180515502 3 5 9 1 8 2 4 7 10 6 
20180515503 1 8 6 3 10 5 2 7 9 4 
20180515504 1 4 8 9 6 10 3 2 5 7 
20180515505 2 3 9 7 4 8 10 5 1 6 
20180515506 9 2 4 8 3 7 5 10 1 6 
20180515507 5 6 3 8 10 9 2 4 1 7 
20180515508 4 5 1 9 3 7 8 6 2 10 
20180515509 4 8 10 7 3 1 2 6 5 9 
20180515510 6 4 7 10 8 1 2 9 3 5 
20180515511 6 8 10 1 2 9 5 3 7 4 
20180515512 6 3 4 9 8 5 7 10 2 1 
20180515513 1 6 8 4 10 2 5 3 9 7 
20180515514 5 2 10 9 6 4 8 7 3 1 
20180515515 5 10 4 2 8 1 7 9 6 3 
20180515516 8 3 10 6 4 2 7 9 1 5 
20180515517 2 5 6 7 10 1 9 8 3 4 
20180515518 8 3 2 9 4 5 6 10 1 7 
20180515519 8 9 5 1 4 6 7 3 2 10 
20180515520 8 4 3 2 6 5 1 9 7 10 
20180515521 8 9 10 4 2 7 1 3 5 6 
20180515522 9 5 2 8 4 1 10 6 7 3 
20180515523 3 9 5 6 2 10 7 8 1 4 
20180515524 6 4 10 2 9 7 5 8 1 3 
20180515525 3 8 10 7 9 6 5 4 2 1 
20180515526 4 5 7 10 9 2 3 8 1 6 
20180515527 8 3 2 1 6 7 5 10 9 4 
20180515528 6 10 8 1 4 7 3 2 5 9 
20180515529 6 2 7 10 1 5 8 3 9 4 
20180515530 1 2 10 5 7 8 9 4 6 3 
20180515531 4 6 7 10 2 3 5 8 1 9 
20180515532 7 6 1 2 3 4 5 9 10 8 
20180515533 10 7 8 2 4 9 6 5 3 1 
20180515534 6 10 5 8 1 9 3 7 4 2 
20180515535 9 10 1 3 4 7 5 2 6 8 
20180515536 6 3 7 4 5 2 1 9 10 8 
20180515537 4 3 6 7 2 10 9 5 1 8 
20180515538 4 6 10 1 5 7 9 2 3 8 
20180515539 8 6 7 9 3 2 5 4 1 10 
20180515540 7 4 5 9 6 1 3 8 10 2 
20180515541 2 7 5 6 1 4 8 3 10 9 
20180515542 5 2 7 9 4 1 10 3 6 8 
20180515543 5 4 10 7 9 2 1 8 6 3 
20180515544 9 8 5 3 4 2 10 7 1 6 
20180515545 10 4 1 3 2 9 7 5 6 8 
20180515546 3 1 6 5 4 7 10 8 9 2 
20180515547 1 7 8 9 4 2 3 5 6 10 
20180515548 2 1 6 8 5 10 3 7 9 4 
20180515549 6 1 3 9 8 7 2 10 5 4 
20180515550 9 6 1 2 8 7 10 3 5 4 
20180515551 8 5 7 2 10 1 6 4 9 3 
20180515552 1 10 5 8 4 3 7 6 2 9 
20180515553 5 9 8 10 4 7 2 3 1 6 
20180515554 10 9 8 7 1 2 3 5 6 4 
20180515555 8 7 9 5 1 2 3 6 10 4 
20180515556 10 2 5 7 9 3 8 4 1 6 
20180515557 8 6 4 5 2 1 7 10 3 9 
20180515558 8 9 2 1 10 6 7 5 3 4 
20180515559 8 2 3 6 9 1 4 10 5 7 
20180515560 9 10 4 1 6 3 2 7 5 8 
20180515561 2 8 4 1 10 6 9 7 5 3 
20180515562 6 2 7 9 10 1 4 5 3 8 
20180515563 4 7 3 2 5 1 10 9 6 8 
20180515564 6 3 8 5 10 4 2 9 1 7 
20180515565 9 1 3 10 4 5 6 8 2 7 
20180515566 5 8 1 9 4 3 10 7 6 2 
20180515567 3 7 2 9 1 10 5 6 8 4 
20180515568 10 3 4 5 6 8 7 1 2 9 
20180515569 6 10 7 1 4 2 3 5 8 9 
20180515570 2 1 7 4 10 5 3 6 9 8 
20180515571 6 10 5 4 2 9 7 1 8 3 
20180515572 1 6 4 7 9 2 8 3 10 5 
20180515573 2 10 3 4 5 9 8 7 6 1 
20180515574 6 9 5 7 10 8 4 2 3 1 
20180515575 10 8 7 2 1 9 3 4 5 6 
20180515576 7 6 8 5 3 10 4 9 1 2 
20180515577 7 1 3 4 10 8 5 6 9 2 
20180515578 9 5 8 10 2 4 6 1 3 7 
20180515579 8 4 1 5 3 10 9 6 2 7 
20180515580 4 7 6 1 8 2 10 9 5 3 
20180515581 10 2 3 6 1 9 5 4 7 8 
20180515582 5 6 4 1 7 3 2 9 10 8 
20180515583 9 1 8 2 10 3 7 6 4 5 
20180515584 4 8 3 5 1 10 6 2 9 7 
20180515585 10 8 1 9 7 3 6 4 2 5 
20180515586 5 2 8 4 10 3 1 7 6 9 
20180515587 3 4 7 5 6 2 10 1 9 8 
20180515588 10 5 9 6 1 2 8 4 7 3 
20180515589 10 4 2 8 1 5 3 9 7 6 
20180515590 2 7 6 5 1 10 4 3 8 9 
20180515591 3 1 9 6 5 10 2 4 7 8 
20180515592 3 1 8 5 4 2 10 6 7 9 
20180515593 2 1 5 3 6 4 9 8 7 10 
20180515594 1 2 4 8 3 5 7 6 9 10 
20180515595 4 6 1 10 3 7 5 9 2 8 
20180515596 5 8 4 2 7 3 1 6 9 10 
20180515597 10 7 5 9 1 6 3 4 2 8 
20180515598 4 6 10 1 3 7 9 8 2 5 
20180515599 6 1 7 9 5 2 10 4 8 3 
20180515600 4 7 2 1 3 10 9 5 8 6 
20180515601 8 2 6 10 9 7 1 3 5 4 
20180515602 6 3 7 2 10 5 9 1 4 8 
20180515603 5 1 2 3 10 9 7 6 4 8 
20180515604 9 8 7 6 1 10 4 3 5 2 
20180515605 4 9 8 7 3 2 10 1 5 6 
20180515606 6 9 7 10 4 8 3 2 1 5 
20180515607 10 1 9 6 8 3 5 4 2 7 
20180515608 2 6 9 3 1 4 5 7 10 8 
20180515609 1 10 4 8 9 3 7 5 6 2 
20180515610 9 4 1 7 10 8 2 5 6 3 
20180515611 5 7 6 2 10 8 3 9 4 1 
20180515612 6 4 1 8 2 7 9 3 10 5 
20180515613 7 5 9 2 3 10 6 1 4 8 
20180515614 2 7 10 5 6 4 9 1 3 8 
20180515615 9 5 8 4 3 6 7 2 1 10 
20180515616 10 1 9 5 7 4 8 2 3 6 
20180515617 8 5 10 4 9 2 6 3 1 7 
20180515618 3 8 4 6 10 5 7 9 2 1 
20180515619 3 9 6 8 7 5 2 4 10 1 
20180515620 6 2 5 4 3 1 8 7 10 9 
20180515621 7 6 9 2 5 4 1 3 8 10 
20180515622 2 6 8 10 1 4 9 7 5 3 
20180515623 9 2 7 8 4 6 3 1 10 5 
20180515624 2 9 10 6 7 5 4 3 1 8 
20180515625 7 3 4 1 6 5 10 8 2 9 
20180515626 1 9 5 6 4 10 2 7 3 8 
20180515627 4 3 5 8 10 1 7 6 2 9 
20180515628 5 10 9 6 7 3 2 4 8 1 
20180515629 3 9 1 5 2 6 4 7 8 10 
20180515630 4 8 6 3 5 9 2 7 10 1 
20180515631 4 2 6 1 5 8 10 3 9 7 
20180515632 3 9 5 1 6 4 7 8 10 2 
20180515633 3 7 4 5 8 1 2 10 9 6 
20180515634 7 2 5 4 9 6 3 1 8 10 
20180515635 4 9 3 1 10 5 7 2 6 8 
20180515636 7 2 5 9 4 6 10 3 1 8 
20180515637 5 6 4 7 2 1 9 3 10 8 
20180515638 9 8 6 1 7 4 2 10 3 5 
20180515639 2 5 10 1 7 6 9 3 4 8 
20180515640 3 9 6 5 7 10 2 4 1 8 
20180515641 10 8 7 1 5 2 9 4 3 6 
20180515642 9 4 3 1 6 5 8 10 2 7 
20180515643 6 5 8 4 10 3 7 1 9 2 
20180515644 10 9 2 4 5 8 6 3 1 7 
20180515645 4 3 9 5 10 1 2 7 8 6 
20180515646 5 9 3 1 7 10 4 6 8 2 
20180515647 1 7 8 10 6 9 4 2 5 3 
20180515648 9 2 1 6 3 5 7 8 10 4 
20180515649 6 7 1 3 5 4 10 9 8 2 
20180515650 7 2 3 9 4 8 10 5 1 6 
20180515651 8 3 7 4 9 10 5 6 2 1 
20180515652 9 6 1 10 4 2 3 8 5 7 
20180515653 3 5 6 10 9 8 4 2 7 1 
20180515654 10 6 5 9 8 2 4 3 7 1 
20180515655 10 8 3 7 1 5 4 9 2 6 
20180515656 1 10 5 6 2 3 7 9 4 8 
20180515657 9 7 10 4 5 8 6 1 3 2 
20180515658 4 8 2 5 7 6 9 10 3 1 
20180515659 9 7 6 4 2 3 5 10 8 1 
20180515660 6 2 5 3 4 1 8 7 10 9 
20180515661 5 2 7 3 10 4 6 1 9 8 
20180515662 10 7 2 5 4 9 1 3 6 8 
20180515663 4 7 2 8 10 3 5 1 9 6 
20180515664 8 10 4 3 6 7 1 9 2 5 
20180515665 8 9 10 7 5 4 2 3 1 6 
20180515666 6 7 1 8 4 3 10 5 2 9 
20180515667 5 6 8 2 7 1 3 9 10 4 
20180515668 3 9 10 1 6 7 5 4 2 8 
20180515669 10 6 9 8 7 3 4 1 5 2 
20180515670 5 9 1 7 2 6 10 4 3 8 
20180515671 1 6 10 8 9 4 7 5 2 3 
20180515672 1 9 4 5 3 8 6 2 7 10 
20180515673 10 1 2 4 8 5 9 7 6 3 
20180515674 1 7 5 3 2 6 9 4 8 10 
20180515675 3 9 8 6 10 5 2 4 1 7 
20180515676 1 10 8 4 5 3 6 9 2 7 
20180515677 7 10 3 8 6 4 1 5 2 9 
20180515678 3 6 8 1 5 2 7 4 10 9 
20180515679 6 9 10 7 3 8 4 5 2 1 
20180515680 4 8 2 5 1 10 7 9 6 3 
20180515681 10 2 4 9 8 6 1 7 3 5 
20180515682 6 1 10 5 8 2 7 9 3 4 
20180515683 3 10 4 8 1 9 5 6 2 7 
20180515684 1 6 5 7 4 10 2 9 3 8 
20180515685 10 7 4 9 3 8 2 5 6 1 
20180515686 7 3 1 10 5 9 6 2 8 4 
20180515687 8 7 6 10 9 4 1 5 3 2 
20180515688 9 6 8 5 4 1 3 7 2 10 
20180515689 2 4 6 9 10 5 8 1 3 7 
20180515690 2 3 4 6 10 5 8 1 9 7 
20180515691 10 6 8 2 9 4 7 1 5 3 
20180515692 3 5 10 7 9 8 1 4 2 6 
20180515693 8 2 1 5 7 3 4 10 9 6 
20180515694 9 5 1 10 6 3 7 4 8 2 
20180515695 3 4 6 10 5 2 8 1 7 9 
20180515696 6 8 1 5 9 2 7 4 10 3 
20180515697 3 9 1 7 2 5 6 8 10 4 
20180515698 8 6 4 7 9 10 3 2 1 5 
20180515699 7 5 6 2 4 9 1 3 8 10 
20180515700 1 2 3 4 9 5 8 7 10 6 
20180515701 9 5 1 6 4 2 7 8 3 10 
20180515702 7 10 1 3 8 2 5 6 9 4 
20180515703 8 6 4 9 2 10 7 3 5 1 
20180515704 4 5 9 6 8 7 2 1 3 10 
20180515705 5 7 3 10 9 2 4 1 6 8 
20180515706 9 5 1 6 2 3 7 8 4 10 
20180515707 9 7 2 1 5 4 10 8 3 6 
20180515708 4 9 2 5 10 1 3 8 7 6 
20180515709 1 6 4 9 8 3 5 10 2 7 
20180515710 2 9 7 8 10 1 5 6 3 4 
20180515711 5 4 8 10 7 9 3 6 2 1 
20180515712 2 6 4 7 9 3 1 10 5 8 
20180515713 4 1 9 7 10 5 6 3 2 8 
20180515714 4 3 1 6 8 10 9 7 5 2 
20180515715 2 4 10 8 6 5 3 1 7 9 
20180515716 2 3 4 10 6 9 5 8 7 1 
20180515717 3 2 7 8 9 1 5 10 4 6 
20180515718 8 4 2 10 7 9 3 5 6 1 
20180515719 9 5 1 4 3 8 2 7 10 6 
20180515720 1 2 4 8 7 3 6 9 10 5 
20180515721 9 2 3 1 5 7 6 10 8 4 
20180515722 7 8 1 5 3 4 6 9 10 2 
20180515723 10 8 7 5 6 3 2 1 4 9 
20180515724 6 1 10 8 3 9 2 4 7 5 
20180515725 2 10 1 7 4 3 8 9 6 5 
20180515726 10 2 3 6 7 4 5 1 8 9 
20180515727 5 1 8 3 6 9 10 2 7 4 
20180515728 5 2 1 9 4 3 8 6 7 10 
20180515729 4 7 2 6 9 8 3 1 10 5 
20180515730 1 10 9 6 5 2 4 3 8 7 
20180515731 10 5 7 4 8 3 2 6 9 1 
20180515732 9 10 2 8 6 3 7 1 4 5 
20180515733 5 8 7 4 1 10 3 2 6 9 
20180515734 8 5 10 9 2 4 6 1 3 7 
20180515735 4 3 8 10 2 5 7 9 6 1 
20180515736 5 10 4 1 3 8 7 2 6 9 
20180515737 7 6 9 2 3 5 1 10 8 4 
20180515738 2 3 1 8 5 7 9 6 10 4 
20180515739 10 6 2 8 1 9 5 3 7 4 
20180515740 8 1 10 6 5 3 7 9 4 2 
20180515741 9 8 10 2 3 7 4 5 1 6 
20180515742 1 5 10 3 7 4 9 2 6 8 
20180515743 2 7 9 4 8 10 6 3 1 5 
20180515744 5 7 6 8 1 3 4 10 2 9 
20180515745 8 2 4 9 1 5 3 7 10 6 
20180515746 8 9 10 3 7 4 6 1 2 5 
20180515747 2 4 9 8 3 10 5 7 1 6 
20180515748 3 1 5 4 10 8 9 2 7 6 
20180515749 5 6 9 1 4 3 8 10 2 7 
20180515750 8 3 10 4 2 9 7 6 1 5 
20180515751 10 2 4 5 6 1 8 7 9 3 
20180515752 8 7 4 1 10 3 5 9 2 6 
20180515753 10 8 7 1 9 2 6 4 5 3 
20180515754 2 9 6 7 3 4 5 10 8 1 
20180515755 2 6 5 3 4 7 8 1 9 10 
20180515756 8 7 2 4 6 10 5 3 9 1 
20180515757 6 8 7 1 5 9 3 2 4 10 
20180515758 10 1 9 3 2 4 8 5 7 6 
20180515759 8 3 10 7 1 2 9 4 6 5 
20180515760 8 7 5 3 1 4 2 10 6 9 
20180515761 2 7 8 9 10 5 3 1 4 6 
20180515762 6 7 2 5 4 8 9 10 3 1 
20180515763 4 2 7 3 10 9 6 1 8 5 
20180515764 2 4 6 1 7 10 5 8 9 3 
20180515765 6 1 4 8 3 5 9 10 2 7 
20180515766 5 9 7 10 3 8 4 6 1 2 
20180515767 4 2 8 9 6 3 7 10 5 1 
20180515768 2 8 10 6 9 5 1 7 3 4 
20180515769 10 3 6 9 2 4 5 8 1 7 
20180515770 8 4 10 2 3 1 7 5 6 9 
20180515771 6 2 1 9 5 3 4 10 8 7 
20180515772 1 4 5 3 8 2 10 9 7 6 
20180515773 2 7 10 8 1 6 3 5 9 4 
20180515774 5 2 6 4 3 10 1 9 8 7 
20180515775 7 2 4 5 6 1 9 10 3 8 
20180515776 4 2 9 10 6 3 7 5 8 1 
20180515777 1 9 10 7 8 6 3 5 4 2 
20180515778 4 3 6 5 1 9 10 7 2 8 
20180515779 9 10 8 3 2 1 6 5 4 7 
20180515780 3 6 5 8 4 10 2 9 7 1 
20180515781 8 10 1 6 9 4 3 5 7 2 
20180515782 3 1 8 6 5 9 4 10 2 7 
20180515783 1 5 7 9 2 10 6 8 3 4 
20180515784 2 10 8 9 4 7 1 3 5 6 
20180515785 1 7 10 4 2 6 3 8 5 9 
20180515786 10 5 7 4 3 9 1 2 6 8 
20180515787 3 7 1 10 8 9 6 4 5 2 
20180515788 2 6 3 1 7 9 10 8 4 5 
20180515789 10 9 6 2 5 8 4 7 1 3 
20180515790 6 8 4 9 10 1 2 7 3 5 
20180515791 8 5 2 7 3 4 6 10 9 1 
20180515792 4 7 6 1 8 9 3 10 5 2 
20180515793 6 2 10 4 7 3 8 1 9 5 
20180515794 3 9 5 7 10 8 2 6 1 4 
20180515795 10 2 8 9 1 3 7 6 5 4 
20180515796 3 1 6 8 7 5 4 10 2 9 
20180515797 3 7 5 10 2 6 8 1 9 4 
20180515798 1 6 5 9 8 10 2 4 3 7 
20180515799 5 1 2 8 3 6 9 7 10 4 
20180515800 5 4 9 1 8 2 3 7 6 10 
20180515801 4 7 5 6 10 1 8 9 3 2 
20180515802 8 1 4 9 7 5 2 3 6 10 
20180515803 6 10 7 8 9 2 4 3 5 1 
20180515804 7 4 2 6 1 8 3 9 5 10 
20180515805 9 7 3 6 4 1 8 5 10 2 
20180515806 10 4 6 9 1 3 5 2 8 7 
20180515807 8 2 6 4 10 9 3 1 7 5 
20180515808 2 4 1 10 9 3 8 5 6 7 
20180515809 6 1 5 2 3 7 9 4 8 10 
20180515810 10 1 2 6 3 7 9 8 5 4 
20180515811 2 6 4 7 10 9 5 1 8 3 
20180515812 1 8 7 3 6 2 4 9 5 10 
20180515813 3 5 10 2 9 6 4 1 7 8 
20180515814 9 2 7 5 3 6 8 4 1 10 
20180515815 3 4 5 10 1 7 8 6 2 9 
20180515816 4 7 6 1 2 8 9 5 3 10 
20180515817 7 10 2 3 9 6 8 4 1 5 
20180515818 5 3 10 9 2 4 6 8 1 7 
20180515819 1 2 4 3 10 6 7 5 8 9 
20180515820 7 3 1 10 6 2 8 9 4 5 
20180515821 7 1 8 4 5 9 3 2 10 6 
20180515822 7 9 2 8 3 10 4 1 6 5 
20180515823 3 7 6 9 5 8 4 1 2 10 
20180515824 10 1 3 2 9 5 7 8 4 6 
20180515825 3 9 7 8 10 2 4 5 1 6 
20180515826 4 7 10 9 3 2 5 1 6 8 
20180515827 5 10 4 6 7 3 2 1 9 8 
20180515828 10 4 6 5 7 2 9 3 1 8 
20180515829 9 10 3 2 5 8 7 6 4 1 
20180515830 5 7 9 1 2 4 3 8 10 6 
20180515831 2 6 9 1 7 5 3 8 4 10 
20180515832 7 1 5 9 2 3 10 8 4 6 
20180515833 4 2 10 3 6 5 7 9 8 1 
20180515834 8 7 10 1 2 4 9 5 3 6 
20180515835 5 7 9 8 10 6 3 2 1 4 
20180515836 5 9 10 7 3 6 1 8 4 2 
20180515837 10 2 1 6 4 7 3 9 5 8 
20180515838 9 10 5 3 7 2 1 8 4 6 
20180515839 1 5 8 7 4 9 2 6 10 3 
20180515840 5 9 10 3 2 4 7 6 8 1 
20180515841 3 1 2 5 9 6 7 4 8 10 
20180515842 1 10 3 9 6 2 5 7 8 4 
20180515843 6 7 10 2 5 3 8 4 9 1 
20180515844 7 1 4 3 6 2 5 8 9 10 
20180515845 9 3 4 1 6 10 2 7 5 8 
20180515846 9 5 4 1 6 3 2 8 10 7 
20180515847 8 5 9 10 4 1 6 7 2 3 
20180515848 6 8 7 3 1 5 4 2 9 10 
20180515849 1 3 7 6 9 8 10 2 5 4 
20180515850 3 9 6 10 8 1 2 5 7 4 
20180515851 4 10 5 2 8 9 6 3 1 7 
20180515852 10 1 6 9 2 7 5 4 8 3 
20180515853 5 6 8 9 3 7 1 4 10 2 
20180515854 8 9 4 1 6 3 7 10 5 2 
20180515855 8 3 10 7 1 6 4 5 9 2 
20180515856 9 10 8 1 5 7 4 6 2 3 
20180515857 2 3 7 10 5 8 1 9 4 6 
20180515858 7 9 2 6 5 3 8 1 10 4 
20180515859 4 2 9 8 3 7 1 10 6 5 
20180515860 2 6 3 4 5 7 1 9 10 8 
20180515861 9 4 3 8 6 10 7 2 5 1 
20180515862 4 9 3 1 10 6 7 5 2 8 
20180515863 1 10 8 6 2 3 9 4 7 5 
20180515864 10 9 7 3 2 4 6 1 5 8 
20180515865 9 4 10 5 1 3 2 8 6 7 
20180515866 2 4 10 3 9 8 1 6 5 7 
20180515867 2 9 6 10 7 8 1 5 4 3 
20180515868 5 1 2 4 8 6 7 3 10 9 
20180515869 7 2 4 6 8 5 9 3 1 10 
20180515870 9 5 7 2 10 6 4 3 8 1 
20180515871 6 1 9 2 7 3 10 4 8 5 
20180515872 9 1 5 8 7 3 10 6 4 2 
20180515873 3 10 8 2 1 7 5 9 4 6 
20180515874 10 7 4 1 5 3 2 6 9 8 
20180515875 10 1 4 5 7 6 9 8 3 2 
20180515876 10 6 7 2 1 5 8 3 9 4 
20180515877 10 9 5 1 2 8 4 7 3 6 
20180515878 8 1 4 3 9 7 2 6 5 10 
20180515879 2 10 4 1 6 3 7 9 8 5 
20180515880 9 5 3 4 2 7 1 8 6 10 
20180515881 3 10 8 2 4 1 7 6 9 5 
20180515882 9 7 5 3 8 4 10 1 6 2 
20180515883 8 10 5 4 7 2 9 6 3 1 
20180515884 10 9 5 7 1 3 2 6 4 8 
20180515885 3 7 6 4 5 1 9 8 10 2 
20180515886 3 10 8 4 1 7 2 9 6 5 
20180515887 5 10 4 1 7 2 8 9 6 3 
20180515888 3 7 2 6 1 10 9 4 8 5 
20180515889 8 10 6 9 1 4 2 7 3 5 
20180515890 8 5 3 6 9 7 4 10 2 1 
20180515891 8 3 2 7 6 4 5 9 1 10 
20180515892 1 9 7 3 6 2 8 5 4 10 
20180515893 5 9 6 10 4 7 3 1 8 2 
20180515894 10 3 9 5 8 7 4 1 6 2 
20180515895 7 9 1 6 8 3 5 2 10 4 
20180515896 6 3 1 10 5 7 4 2 8 9 
20180515897 2 1 5 10 3 9 6 8 4 7 
20180515898 9 7 6 8 1 2 5 3 4 10 
20180515899 2 7 6 3 9 5 10 1 8 4 
20180515900 2 10 6 4 9 1 5 8 7 3 
20180515901 2 8 6 7 4 1 3 9 5 10 
20180515902 2 10 6 3 4 7 9 5 8 1 
20180515903 10 9 3 7 8 4 5 1 2 6 
20180515904 7 1 3 4 9 2 6 8 5 10 
20180515905 7 8 9 6 1 5 2 3 4 10 
20180515906 3 1 7 10 9 8 4 6 2 5 
20180515907 10 1 2 4 8 9 7 5 6 3 
20180515908 1 6 3 9 10 5 8 7 4 2 
20180515909 5 1 10 2 6 7 4 9 8 3 
20180515910 2 1 7 6 5 3 8 9 10 4 
20180515911 4 3 9 8 7 2 6 10 5 1 
20180515912 8 5 4 7 2 6 9 10 3 1 
20180515913 8 5 3 10 9 7 6 2 1 4 
20180515914 1 5 10 7 3 8 4 2 6 9 
20180515915 1 8 3 10 9 6 2 5 7 4 
20180515916 6 9 8 4 10 5 7 3 2 1 
20180515917 9 4 10 5 8 6 3 7 1 2 
20180515918 1 8 5 10 2 3 6 4 7 9 
20180515919 1 3 6 9 5 7 4 8 10 2 
20180515920 9 4 2 10 8 5 3 1 6 7 
20180515921 9 5 6 10 1 2 7 4 8 3 
20180515922 9 7 3 4 2 10 6 8 1 5 
20180515923 9 3 5 1 7 8 4 2 6 10 
20180515924 3 2 5 10 1 6 7 9 8 4 
20180515925 1 7 4 9 3 10 5 6 8 2 
20180515926 10 1 4 6 9 3 8 7 2 5 
20180515927 5 10 4 6 7 2 9 1 3 8 
20180515928 10 9 4 1 8 6 2 3 5 7 
20180515929 1 3 2 5 10 6 7 8 9 4 
20180515930 8 7 10 6 3 9 1 4 2 5 
20180515931 7 4 2 1 10 5 6 9 8 3 
20180515932 10 1 2 4 8 9 6 3 7 5 
20180515933 10 1 5 2 6 3 8 4 9 7 
20180515934 1 6 10 3 9 4 5 2 8 7 
20180515935 1 7 5 3 8 6 4 2 9 10 
20180515936 1 6 2 8 4 7 9 10 3 5 
20180515937 8 2 6 7 5 4 3 1 10 9 
20180515938 7 6 9 3 10 2 8 5 1 4 
20180515939 7 8 5 3 4 1 6 10 9 2 
20180515940 2 7 4 9 3 10 6 1 5 8 
20180515941 4 5 1 6 10 2 7 9 3 8 
20180515942 1 4 2 9 8 6 3 5 10 7 
20180515943 2 1 7 8 9 10 5 6 3 4 
20180515944 7 1 2 6 5 8 9 4 3 10 
20180515945 3 10 1 6 5 2 4 8 9 7 
20180515946 3 10 8 7 6 1 2 4 9 5 
20180515947 4 10 7 9 5 6 3 8 2 1 
20180515948 6 9 8 5 7 10 2 1 4 3 
20180515949 5 3 8 4 10 1 2 6 7 9 
20180515950 7 4 3 9 2 5 10 6 1 8 
20180515951 4 5 6 8 2 7 3 10 1 9 
20180515952 8 6 1 10 7 4 5 2 9 3 
20180515953 9 8 6 10 4 5 7 2 1 3 
20180515954 2 9 1 10 8 4 3 5 6 7 
20180515955 1 8 10 6 2 5 3 4 9 7 
20180515956 3 4 9 7 5 1 10 2 6 8 
20180515957 3 2 8 10 4 7 6 5 1 9 
20180515958 9 8 10 3 4 7 1 6 5 2 
20180515959 1 5 4 9 2 8 10 6 3 7 
20180515960 2 4 10 9 6 3 5 7 1 8 
20180515961 9 3 4 1 6 5 7 2 10 8 
20180515962 6 9 1 5 3 2 10 8 4 7 
20180515963 5 1 9 3 2 6 8 10 4 7 
20180515964 10 9 4 8 6 1 2 7 3 5 
20180515965 9 8 6 4 2 1 7 5 3 10 
20180515966 6 9 8 3 1 10 2 7 4 5 
20180515967 3 5 4 8 1 6 9 10 7 2 
20180515968 3 2 5 7 10 6 9 8 4 1 
20180515969 4 10 9 1 7 2 3 8 6 5 
20180515970 3 8 7 1 10 5 6 2 9 4 
20180515971 7 4 6 2 9 10 3 1 5 8 
20180515972 3 8 9 2 10 4 1 6 7 5 
20180515973 10 3 1 6 8 9 2 7 4 5 
20180515974 1 9 2 8 5 6 4 7 3 10 
20180515975 6 4 8 3 1 2 10 9 7 5 
20180515976 2 6 3 9 1 7 4 8 5 10 
20180515977 8 9 5 4 3 10 6 2 7 1 
20180515978 1 8 2 7 3 9 4 5 10 6 
20180515979 5 4 8 10 2 9 6 3 1 7 
20180515980 9 1 5 2 7 10 4 3 8 6 
20180515981 4 8 9 1 2 7 10 6 3 5 
20180515982 8 7 9 5 2 1 10 6 4 3 
20180515983 10 9 8 6 4 1 7 2 3 5 
20180515984 7 8 10 4 5 1 9 3 6 2 
20180515985 6 10 2 8 7 9 1 5 3 4 
