20180507001 3 8 7 10 4 9 5 1 2 6 
20180507002 9 5 6 2 8 10 3 4 7 1 
20180507003 5 9 2 7 8 3 4 1 10 6 
20180507004 2 4 10 5 9 3 1 7 8 6 
20180507005 2 5 4 9 1 10 8 7 3 6 
20180507006 3 7 8 1 4 9 6 10 5 2 
20180507007 10 1 5 8 4 6 9 7 3 2 
20180507008 9 2 3 10 8 1 5 4 7 6 
20180507009 10 4 1 8 7 9 3 6 2 5 
20180507010 10 6 5 1 9 7 4 2 8 3 
20180507011 6 7 2 9 10 8 5 1 3 4 
20180507012 10 1 5 4 7 8 2 6 9 3 
20180507013 1 8 3 6 5 2 4 7 10 9 
20180507014 1 4 6 2 10 3 5 9 8 7 
20180507015 6 10 2 7 9 4 1 8 5 3 
20180507016 4 8 6 3 5 2 9 10 7 1 
20180507017 9 1 6 10 5 7 8 2 3 4 
20180507018 10 7 9 4 2 5 3 8 6 1 
20180507019 2 7 10 1 3 4 9 6 5 8 
20180507020 8 7 2 9 6 1 4 10 5 3 
20180507021 5 1 9 4 2 8 6 7 10 3 
20180507022 2 1 7 4 6 5 10 8 9 3 
20180507023 1 9 5 4 6 3 8 2 10 7 
20180507024 8 10 1 4 7 3 2 6 9 5 
20180507025 8 2 1 3 7 10 4 5 6 9 
20180507026 2 8 3 9 6 10 7 4 5 1 
20180507027 2 3 10 9 6 1 7 8 5 4 
20180507028 4 5 9 8 1 3 10 2 6 7 
20180507029 1 3 2 10 6 4 5 7 9 8 
20180507030 8 3 5 2 9 6 4 10 7 1 
20180507031 8 9 10 7 4 3 6 5 2 1 
20180507032 9 3 1 6 7 4 5 2 8 10 
20180507033 2 8 7 6 1 10 5 3 9 4 
20180507034 5 10 7 1 3 9 8 2 4 6 
20180507035 10 2 1 5 3 7 9 4 8 6 
20180507036 1 10 5 8 3 2 9 6 4 7 
20180507037 10 1 4 9 2 5 8 7 6 3 
20180507038 3 1 9 5 2 6 8 7 4 10 
20180507039 1 3 10 7 5 2 4 9 8 6 
20180507040 4 6 5 7 1 2 10 9 3 8 
20180507041 5 7 2 4 9 6 10 3 8 1 
20180507042 4 8 1 5 10 6 2 9 7 3 
20180507043 1 2 5 8 3 4 6 7 10 9 
20180507044 3 10 8 1 5 7 9 6 2 4 
20180507045 1 6 8 10 2 5 3 4 7 9 
20180507046 4 6 7 8 9 10 5 3 2 1 
20180507047 3 5 7 6 1 9 10 8 2 4 
20180507048 2 3 7 1 10 9 6 5 4 8 
20180507049 1 10 3 7 6 5 2 9 8 4 
20180507050 3 2 8 6 5 4 10 1 7 9 
20180507051 7 3 6 5 2 1 10 9 8 4 
20180507052 10 2 8 4 7 6 1 5 9 3 
20180507053 3 10 4 6 8 5 9 1 2 7 
20180507054 8 6 2 1 3 10 9 7 4 5 
20180507055 3 7 10 9 6 2 4 1 8 5 
20180507056 3 7 5 2 6 4 9 8 1 10 
20180507057 2 7 3 10 4 1 6 9 8 5 
20180507058 10 1 7 3 5 6 4 8 9 2 
20180507059 4 6 5 9 1 10 7 2 3 8 
20180507060 4 3 1 10 2 7 8 5 9 6 
20180507061 7 8 1 4 6 2 10 5 9 3 
20180507062 1 10 3 7 5 2 9 4 6 8 
20180507063 6 10 1 5 2 8 3 4 7 9 
20180507064 10 6 3 1 7 4 2 9 5 8 
20180507065 8 1 4 3 2 10 9 7 6 5 
20180507066 4 3 6 9 10 7 8 1 2 5 
20180507067 8 10 4 6 2 7 5 1 9 3 
20180507068 7 8 3 1 5 10 2 9 6 4 
20180507069 6 9 8 10 3 7 5 2 1 4 
20180507070 3 6 4 7 8 10 2 9 5 1 
20180507071 9 2 4 3 7 8 1 10 5 6 
20180507072 1 9 2 4 7 10 8 6 3 5 
20180507073 7 9 5 8 3 2 6 1 10 4 
20180507074 6 4 8 10 7 3 1 5 9 2 
20180507075 1 7 9 2 10 4 6 8 5 3 
20180507076 5 9 3 2 4 1 7 8 6 10 
20180507077 3 10 8 4 6 5 2 9 1 7 
20180507078 2 1 6 4 3 8 9 7 10 5 
20180507079 2 7 10 6 1 3 5 8 4 9 
20180507080 5 4 1 9 3 10 8 6 7 2 
20180507081 9 5 3 6 4 2 8 7 1 10 
20180507082 5 6 2 9 1 8 3 7 10 4 
20180507083 1 4 7 9 10 2 8 6 5 3 
20180507084 7 8 9 3 2 10 4 1 5 6 
20180507085 9 1 10 2 4 7 6 3 8 5 
20180507086 4 10 1 2 6 3 8 7 5 9 
20180507087 3 7 9 5 10 1 2 6 4 8 
20180507088 2 10 3 1 7 4 6 8 5 9 
20180507089 3 1 9 10 5 6 2 8 7 4 
20180507090 4 6 1 2 9 3 10 5 7 8 
20180507091 6 7 5 9 4 1 2 3 8 10 
20180507092 8 5 4 2 9 6 7 10 3 1 
20180507093 10 4 2 3 6 1 8 7 5 9 
20180507094 3 8 5 10 7 6 9 2 4 1 
20180507095 2 1 9 7 5 6 8 10 3 4 
20180507096 8 3 2 7 9 10 6 1 4 5 
20180507097 4 1 2 9 8 5 6 10 7 3 
20180507098 3 5 9 10 1 8 7 6 2 4 
20180507099 7 8 10 6 9 5 3 4 1 2 
20180507100 8 2 7 9 4 3 10 6 1 5 
20180507101 1 3 5 7 9 4 8 10 2 6 
20180507102 5 6 1 8 2 4 9 3 10 7 
20180507103 4 2 9 1 10 5 8 3 6 7 
20180507104 3 8 2 1 7 6 5 4 10 9 
20180507105 9 1 7 10 4 3 6 8 2 5 
20180507106 8 7 4 5 3 9 2 6 10 1 
20180507107 10 1 9 5 2 7 8 4 6 3 
20180507108 8 9 1 7 2 6 4 3 5 10 
20180507109 9 6 4 7 5 2 1 8 3 10 
20180507110 10 8 2 3 1 5 9 4 6 7 
20180507111 7 10 1 6 5 8 2 9 3 4 
20180507112 9 1 5 7 3 2 4 10 8 6 
20180507113 1 4 6 10 3 8 9 2 5 7 
20180507114 7 4 2 1 10 3 8 6 9 5 
20180507115 5 3 9 6 8 1 7 10 2 4 
20180507116 6 5 9 10 4 3 7 2 1 8 
20180507117 8 1 3 4 2 10 7 6 5 9 
20180507118 9 10 2 4 7 6 5 3 1 8 
20180507119 6 4 9 7 2 10 3 1 8 5 
20180507120 9 8 10 3 6 4 1 5 7 2 
20180507121 6 9 5 1 4 8 3 7 2 10 
20180507122 7 2 9 1 8 6 4 3 10 5 
20180507123 7 10 9 5 3 4 2 6 1 8 
20180507124 2 8 1 6 9 10 7 3 5 4 
20180507125 2 4 6 5 7 10 9 1 3 8 
20180507126 5 10 6 2 8 7 3 1 9 4 
20180507127 4 6 5 3 10 8 1 9 7 2 
20180507128 8 10 6 7 4 5 3 1 2 9 
20180507129 4 8 9 5 2 6 3 1 10 7 
20180507130 10 6 4 9 1 7 8 2 3 5 
20180507131 6 7 1 4 5 10 2 3 8 9 
20180507132 1 10 6 7 2 8 9 4 3 5 
20180507133 6 8 2 10 7 5 4 1 3 9 
20180507134 3 9 1 2 8 10 4 5 7 6 
20180507135 6 3 7 8 10 4 1 2 5 9 
20180507136 8 9 5 10 2 4 6 1 3 7 
20180507137 8 1 4 7 9 3 2 10 5 6 
20180507138 2 4 7 6 9 5 10 1 8 3 
20180507139 1 7 9 2 6 4 5 8 3 10 
20180507140 3 8 9 1 4 6 10 2 7 5 
20180507141 6 9 10 7 5 4 3 2 8 1 
20180507142 10 2 4 7 8 1 9 6 3 5 
20180507143 2 9 5 3 1 10 7 8 6 4 
20180507144 8 10 7 5 1 6 3 9 4 2 
20180507145 3 7 10 2 8 6 1 9 5 4 
20180507146 6 9 5 10 2 8 1 3 4 7 
20180507147 3 7 1 2 8 10 9 4 5 6 
20180507148 3 8 5 6 9 7 1 10 2 4 
20180507149 7 2 4 8 5 1 3 6 10 9 
20180507150 5 1 8 10 9 2 6 3 4 7 
20180507151 5 2 10 7 9 6 1 4 3 8 
20180507152 10 2 1 6 8 5 9 3 7 4 
20180507153 4 7 9 8 6 10 1 5 3 2 
20180507154 3 8 9 6 4 10 7 1 2 5 
20180507155 9 10 6 7 4 3 2 8 1 5 
20180507156 7 1 5 2 6 3 9 4 10 8 
20180507157 8 4 2 1 6 3 5 10 9 7 
20180507158 4 3 10 9 6 2 5 1 7 8 
20180507159 6 7 8 10 3 2 1 4 5 9 
20180507160 1 2 9 10 8 5 7 3 4 6 
20180507161 5 3 4 9 7 10 6 1 8 2 
20180507162 10 3 7 1 6 8 9 5 4 2 
20180507163 9 5 2 7 6 3 4 10 1 8 
20180507164 2 3 9 6 4 8 7 1 5 10 
20180507165 8 10 4 9 6 5 2 7 3 1 
20180507166 8 1 7 5 10 6 2 4 9 3 
20180507167 7 3 2 5 4 1 10 9 6 8 
20180507168 3 5 9 6 8 4 2 7 1 10 
20180507169 2 4 1 3 7 9 10 5 6 8 
20180507170 10 4 5 2 9 3 8 7 1 6 
20180507171 9 6 10 4 7 3 5 1 2 8 
20180507172 9 10 2 3 1 6 4 5 7 8 
20180507173 9 3 8 2 1 5 6 4 10 7 
20180507174 10 7 8 9 5 2 4 3 1 6 
20180507175 10 5 1 4 3 2 8 9 6 7 
20180507176 6 4 1 5 10 2 9 8 3 7 
20180507177 10 4 2 5 6 8 3 1 7 9 
20180507178 8 6 10 5 4 9 1 2 3 7 
20180507179 9 3 8 5 6 2 10 4 1 7 
20180507180 4 7 3 1 9 6 8 5 2 10 
20180507181 2 1 5 3 9 6 10 8 7 4 
20180507182 2 3 10 5 9 6 4 1 7 8 
20180507183 9 4 5 7 3 10 6 1 8 2 
20180507184 9 10 7 6 5 1 8 4 2 3 
20180507185 5 3 7 8 9 10 4 1 2 6 
20180507186 8 1 10 7 2 4 5 9 6 3 
20180507187 9 5 4 6 2 3 1 8 7 10 
20180507188 8 9 2 7 6 5 3 4 1 10 
20180507189 6 7 2 10 3 5 8 1 4 9 
20180507190 4 2 7 9 3 1 6 8 5 10 
20180507191 9 1 4 7 8 6 10 2 3 5 
20180507192 7 10 4 3 1 9 2 5 6 8 
20180507193 10 2 1 3 5 8 9 7 6 4 
20180507194 8 1 9 5 4 2 6 3 7 10 
20180507195 9 10 2 5 1 4 7 6 8 3 
20180507196 1 5 6 3 8 10 9 2 7 4 
20180507197 3 9 6 4 1 5 8 10 2 7 
20180507198 5 6 2 8 1 7 10 3 9 4 
20180507199 5 1 6 7 10 2 3 8 9 4 
20180507200 6 8 10 5 9 7 1 2 4 3 
20180507201 3 1 8 10 9 2 4 7 6 5 
20180507202 5 7 3 10 2 1 4 9 6 8 
20180507203 10 4 3 7 1 9 2 6 8 5 
20180507204 4 10 2 3 6 7 5 9 1 8 
20180507205 1 5 2 6 10 3 8 4 9 7 
20180507206 9 3 1 2 4 8 10 6 7 5 
20180507207 5 9 10 8 7 2 1 4 6 3 
20180507208 10 4 7 5 8 9 2 1 6 3 
20180507209 5 3 1 8 10 6 2 4 9 7 
20180507210 10 5 2 3 1 4 8 9 6 7 
20180507211 7 6 1 8 3 2 10 9 5 4 
20180507212 7 5 10 8 4 3 2 1 6 9 
20180507213 6 10 2 1 9 5 4 7 8 3 
20180507214 8 3 9 2 10 6 4 1 5 7 
20180507215 3 4 5 6 2 9 8 7 1 10 
20180507216 3 7 1 4 8 5 2 6 9 10 
20180507217 10 2 1 5 6 3 4 7 8 9 
20180507218 5 7 2 8 6 9 10 1 4 3 
20180507219 1 9 5 10 3 6 8 4 2 7 
20180507220 5 1 10 9 4 3 7 8 2 6 
20180507221 4 6 8 3 7 2 5 1 10 9 
20180507222 8 9 5 7 3 10 6 4 2 1 
20180507223 6 1 9 4 3 2 10 7 5 8 
20180507224 9 1 7 5 6 8 3 4 10 2 
20180507225 1 4 10 7 9 2 6 3 8 5 
20180507226 9 5 1 6 7 3 2 4 8 10 
20180507227 1 4 7 2 8 6 9 5 10 3 
20180507228 8 2 5 9 4 1 10 6 3 7 
20180507229 5 2 10 7 8 1 9 6 4 3 
20180507230 8 9 7 5 4 1 2 10 3 6 
20180507231 10 1 4 6 3 5 9 2 8 7 
20180507232 6 4 2 1 3 5 8 7 10 9 
20180507233 1 2 10 9 7 6 5 3 8 4 
20180507234 10 4 6 3 1 7 2 8 9 5 
20180507235 9 7 2 6 5 1 10 4 8 3 
20180507236 2 4 7 1 9 5 10 8 3 6 
20180507237 8 3 5 9 4 2 6 10 7 1 
20180507238 10 2 1 4 5 3 7 8 9 6 
20180507239 6 1 10 8 7 2 5 3 4 9 
20180507240 3 9 2 5 10 6 8 1 7 4 
20180507241 8 10 5 1 6 4 7 3 9 2 
20180507242 9 1 2 10 4 5 6 3 7 8 
20180507243 5 3 7 9 10 4 1 8 2 6 
20180507244 9 5 6 2 4 10 3 7 8 1 
20180507245 8 1 7 5 2 9 6 3 4 10 
20180507246 2 5 8 9 1 6 3 10 7 4 
20180507247 1 2 6 7 3 5 10 4 9 8 
20180507248 4 10 2 1 9 5 6 8 7 3 
20180507249 10 2 4 1 9 6 5 3 8 7 
20180507250 5 9 10 3 2 6 8 1 7 4 
20180507251 10 1 7 6 3 5 8 4 2 9 
20180507252 10 4 1 2 9 3 8 5 6 7 
20180507253 1 6 3 9 7 4 2 5 8 10 
20180507254 6 5 9 10 2 3 1 4 7 8 
20180507255 2 3 10 9 7 4 1 6 5 8 
20180507256 9 4 6 10 7 8 1 5 2 3 
20180507257 1 5 8 9 4 7 10 2 6 3 
20180507258 6 3 4 10 1 2 8 7 5 9 
20180507259 3 9 1 4 8 6 2 5 7 10 
20180507260 8 9 1 10 6 2 7 4 3 5 
20180507261 8 4 1 3 7 6 2 10 5 9 
20180507262 5 6 1 7 8 10 4 9 2 3 
20180507263 6 3 5 7 8 1 9 10 4 2 
20180507264 6 1 5 3 10 9 8 2 7 4 
20180507265 8 6 3 4 9 10 7 5 1 2 
20180507266 6 4 10 8 3 1 7 5 9 2 
20180507267 7 9 5 8 1 10 4 6 2 3 
20180507268 3 10 7 1 2 8 5 4 9 6 
20180507269 4 3 10 7 5 2 6 9 8 1 
20180507270 4 1 2 5 7 8 10 3 9 6 
20180507271 10 2 6 3 1 7 8 4 5 9 
20180507272 9 6 4 2 3 10 1 8 7 5 
20180507273 1 5 8 7 9 3 2 6 4 10 
20180507274 4 9 8 10 5 6 7 2 3 1 
20180507275 9 8 1 3 6 10 2 7 5 4 
20180507276 1 10 8 9 7 5 6 2 3 4 
20180507277 7 3 8 10 2 4 6 1 9 5 
20180507278 9 6 1 2 8 10 7 3 5 4 
20180507279 5 8 6 7 2 4 3 1 9 10 
20180507280 8 7 9 6 1 3 5 2 4 10 
20180507281 3 8 10 2 6 9 5 1 7 4 
20180507282 10 7 5 2 1 4 6 8 3 9 
20180507283 5 10 8 7 9 6 3 1 4 2 
20180507284 3 6 7 4 1 10 5 9 8 2 
20180507285 10 9 4 1 2 3 7 8 6 5 
20180507286 1 8 3 2 10 5 6 4 7 9 
20180507287 8 10 3 4 7 6 1 5 9 2 
20180507288 4 9 10 7 6 1 5 8 3 2 
20180507289 4 5 7 9 8 1 3 6 10 2 
20180507290 5 6 2 10 3 8 4 9 7 1 
20180507291 5 10 4 9 2 3 1 8 7 6 
20180507292 6 5 9 10 7 1 8 4 3 2 
20180507293 2 6 10 1 8 4 3 7 5 9 
20180507294 3 4 10 6 9 2 7 5 1 8 
20180507295 5 4 9 1 7 6 3 8 2 10 
20180507296 2 3 7 5 9 8 6 10 4 1 
20180507297 5 4 3 10 2 7 6 1 8 9 
20180507298 10 5 7 2 1 3 8 9 6 4 
20180507299 6 8 5 10 1 3 9 7 4 2 
20180507300 2 8 6 5 9 7 4 1 10 3 
20180507301 9 10 7 5 8 6 1 3 4 2 
20180507302 6 9 4 5 3 2 1 8 10 7 
20180507303 9 10 5 3 6 1 4 7 2 8 
20180507304 6 5 1 4 3 8 2 7 10 9 
20180507305 10 4 9 6 2 8 3 7 5 1 
20180507306 3 7 5 1 8 10 4 2 6 9 
20180507307 5 10 6 9 3 1 8 7 2 4 
20180507308 3 4 1 10 6 9 2 5 8 7 
20180507309 3 10 4 1 5 7 8 2 9 6 
20180507310 1 5 7 9 6 3 2 10 4 8 
20180507311 4 8 3 10 5 6 9 1 7 2 
20180507312 10 8 6 2 4 1 3 9 5 7 
20180507313 9 5 4 2 7 10 1 8 6 3 
20180507314 3 1 6 4 9 8 5 7 2 10 
20180507315 5 10 4 2 9 7 1 8 3 6 
20180507316 9 10 4 8 7 5 6 2 1 3 
20180507317 4 3 8 5 1 6 10 9 7 2 
20180507318 4 5 3 8 10 6 7 2 9 1 
20180507319 10 9 5 7 2 3 6 8 1 4 
20180507320 10 9 6 3 2 8 5 7 4 1 
20180507321 8 1 10 4 9 7 2 3 6 5 
20180507322 8 7 6 10 9 4 3 2 1 5 
20180507323 8 6 10 9 1 4 3 2 5 7 
20180507324 8 1 10 3 9 7 5 6 2 4 
20180507325 7 10 6 9 5 4 2 3 1 8 
20180507326 2 1 3 8 10 6 5 7 4 9 
20180507327 9 6 7 5 4 10 2 1 3 8 
20180507328 8 4 7 1 10 9 6 5 2 3 
20180507329 2 4 5 10 8 1 3 7 9 6 
20180507330 8 4 10 6 7 9 2 1 3 5 
20180507331 10 9 1 2 3 8 6 5 7 4 
20180507332 7 6 2 9 1 3 5 4 10 8 
20180507333 7 5 3 9 10 1 6 2 4 8 
20180507334 9 7 4 8 6 1 5 10 3 2 
20180507335 1 10 8 7 3 9 2 5 4 6 
20180507336 10 4 7 2 1 8 6 9 3 5 
20180507337 7 3 2 8 6 1 5 9 10 4 
20180507338 10 6 2 9 4 7 1 5 3 8 
20180507339 8 6 7 9 5 3 1 4 10 2 
20180507340 5 6 2 10 8 9 1 4 3 7 
20180507341 4 2 8 7 3 1 10 9 6 5 
20180507342 3 6 9 10 1 5 8 4 2 7 
20180507343 3 10 1 7 4 8 2 9 5 6 
20180507344 7 1 8 4 10 3 5 2 6 9 
20180507345 9 7 5 3 6 2 1 10 4 8 
20180507346 10 7 6 8 3 5 1 2 4 9 
20180507347 7 3 4 10 6 1 2 5 9 8 
20180507348 5 3 9 2 1 10 8 7 4 6 
20180507349 6 4 10 2 5 9 7 1 3 8 
20180507350 6 4 1 10 7 9 8 2 5 3 
20180507351 2 9 5 7 1 3 4 8 10 6 
20180507352 10 3 2 9 1 6 5 7 8 4 
20180507353 7 9 10 8 4 6 5 2 1 3 
20180507354 8 1 5 10 4 9 2 6 3 7 
20180507355 6 9 2 5 7 1 8 4 10 3 
20180507356 9 3 10 5 6 2 1 4 7 8 
20180507357 8 6 2 5 4 1 10 7 9 3 
20180507358 3 6 5 1 8 4 7 10 2 9 
20180507359 7 2 5 6 9 1 3 4 10 8 
20180507360 4 8 6 7 10 2 3 9 1 5 
20180507361 1 10 3 6 7 2 5 4 8 9 
20180507362 4 9 1 5 10 7 3 6 2 8 
20180507363 9 4 2 7 6 8 3 5 1 10 
20180507364 8 6 1 7 2 5 3 10 4 9 
20180507365 8 5 2 9 7 4 6 10 1 3 
20180507366 9 3 2 10 8 6 1 5 4 7 
20180507367 6 3 1 2 7 9 10 5 8 4 
20180507368 1 2 5 10 4 6 7 9 8 3 
20180507369 4 9 5 7 8 10 3 1 6 2 
20180507370 6 7 10 1 2 5 3 8 4 9 
20180507371 9 6 5 7 2 1 8 4 3 10 
20180507372 8 7 6 3 10 2 1 4 9 5 
20180507373 1 5 8 9 3 7 6 4 2 10 
20180507374 9 1 10 7 8 2 4 3 5 6 
20180507375 3 6 2 10 7 1 9 8 5 4 
20180507376 8 5 2 9 7 4 1 10 3 6 
20180507377 6 2 8 9 10 5 4 7 3 1 
20180507378 4 8 10 6 2 3 5 7 9 1 
20180507379 10 5 2 9 3 4 6 1 8 7 
20180507380 4 5 3 9 2 7 1 6 8 10 
20180507381 10 4 9 8 7 1 3 6 2 5 
20180507382 2 5 1 7 4 9 3 8 6 10 
20180507383 7 2 4 6 3 9 1 8 5 10 
20180507384 1 7 10 8 9 4 6 3 2 5 
20180507385 5 8 10 1 6 7 9 2 4 3 
20180507386 9 3 4 6 8 2 1 5 10 7 
20180507387 8 5 10 4 9 2 3 6 1 7 
20180507388 4 10 3 8 6 1 7 2 9 5 
20180507389 5 1 6 3 10 2 7 4 9 8 
20180507390 9 1 4 3 6 2 5 8 7 10 
20180507391 4 5 3 1 6 7 9 8 2 10 
20180507392 4 10 1 3 2 5 6 9 7 8 
20180507393 1 2 8 9 4 3 7 10 6 5 
20180507394 2 5 8 9 3 7 1 6 4 10 
20180507395 2 4 6 5 3 8 7 10 1 9 
20180507396 8 5 6 7 2 1 10 4 9 3 
20180507397 5 6 1 7 4 8 2 3 9 10 
20180507398 8 2 4 9 10 6 7 1 3 5 
20180507399 10 1 7 9 5 2 3 4 6 8 
20180507400 7 9 10 1 8 3 5 4 2 6 
20180507401 9 5 4 3 2 6 1 10 7 8 
20180507402 7 10 6 8 1 2 9 3 4 5 
20180507403 4 1 8 5 6 9 2 10 3 7 
20180507404 8 4 6 1 9 2 7 10 5 3 
20180507405 9 5 8 2 3 7 1 10 6 4 
20180507406 3 5 1 8 9 6 10 4 2 7 
20180507407 4 9 10 2 6 8 7 5 1 3 
20180507408 1 2 6 3 7 8 4 10 5 9 
20180507409 5 3 1 6 4 10 7 2 8 9 
20180507410 4 9 6 7 1 3 10 5 2 8 
20180507411 7 3 4 2 6 10 5 8 9 1 
20180507412 3 7 1 6 4 9 2 5 10 8 
20180507413 6 1 7 8 3 5 9 4 2 10 
20180507414 2 3 7 4 1 9 6 8 10 5 
20180507415 6 10 5 1 3 8 4 9 7 2 
20180507416 10 7 6 3 9 1 4 5 2 8 
20180507417 9 10 7 2 4 1 6 5 8 3 
20180507418 1 3 6 8 2 7 5 9 10 4 
20180507419 9 10 8 6 4 5 3 2 7 1 
20180507420 3 10 5 1 2 6 8 9 4 7 
20180507421 4 1 6 5 10 9 3 7 8 2 
20180507422 10 6 9 1 2 4 8 7 5 3 
20180507423 4 1 6 3 2 5 10 8 9 7 
20180507424 8 7 10 9 2 6 1 4 5 3 
20180507425 7 5 8 4 2 6 3 9 1 10 
20180507426 6 9 3 4 2 1 7 8 5 10 
20180507427 7 5 2 6 10 3 1 9 8 4 
20180507428 7 8 2 6 9 4 1 3 5 10 
20180507429 3 6 7 2 8 10 9 1 4 5 
20180507430 8 5 4 1 3 9 6 7 2 10 
20180507431 9 2 8 7 6 1 3 4 10 5 
20180507432 7 9 10 1 4 6 3 5 8 2 
20180507433 3 7 9 4 10 2 6 1 8 5 
20180507434 4 6 9 5 10 1 7 3 2 8 
20180507435 3 2 5 4 6 8 7 9 10 1 
20180507436 9 8 5 10 6 4 1 7 2 3 
20180507437 4 1 3 7 9 10 6 2 5 8 
20180507438 8 4 9 3 2 5 1 7 10 6 
20180507439 1 4 3 9 10 7 8 2 6 5 
20180507440 2 1 6 8 10 4 5 7 9 3 
20180507441 9 1 3 6 5 7 4 8 10 2 
20180507442 9 3 8 5 10 4 1 2 7 6 
20180507443 5 8 3 10 1 2 7 9 6 4 
20180507444 5 3 1 6 9 10 8 7 4 2 
20180507445 9 7 5 4 1 8 10 2 6 3 
20180507446 6 1 5 8 3 10 7 2 9 4 
20180507447 6 3 7 9 1 5 8 4 2 10 
20180507448 4 7 3 5 9 8 2 1 6 10 
20180507449 10 8 4 2 6 5 1 9 3 7 
20180507450 6 4 3 7 8 2 9 5 1 10 
20180507451 4 7 9 8 5 6 1 10 2 3 
20180507452 10 4 3 1 2 7 9 8 5 6 
20180507453 6 9 4 3 2 1 8 10 5 7 
20180507454 1 4 3 9 7 6 8 2 5 10 
20180507455 8 5 3 10 7 1 9 6 4 2 
20180507456 7 4 10 8 2 3 1 9 6 5 
20180507457 9 8 5 4 6 3 1 2 7 10 
20180507458 8 2 10 3 6 7 9 4 5 1 
20180507459 1 5 3 7 4 9 10 2 8 6 
20180507460 10 8 1 2 5 4 6 7 9 3 
20180507461 8 1 4 5 3 6 7 10 9 2 
20180507462 6 10 9 4 3 1 2 8 5 7 
20180507463 2 6 5 1 3 9 8 10 7 4 
20180507464 3 1 2 5 10 7 4 6 9 8 
20180507465 7 8 4 1 3 10 6 9 2 5 
20180507466 3 10 4 1 6 8 9 7 5 2 
20180507467 2 9 1 10 6 4 3 8 5 7 
20180507468 7 9 3 8 2 5 4 1 6 10 
20180507469 1 7 4 6 9 3 5 8 10 2 
20180507470 1 6 9 2 7 10 8 4 5 3 
20180507471 8 1 10 4 6 9 5 7 2 3 
20180507472 8 7 6 3 2 5 10 4 1 9 
20180507473 3 6 5 10 7 9 2 1 4 8 
20180507474 6 2 8 1 5 3 7 10 9 4 
20180507475 3 5 1 6 8 2 7 4 10 9 
20180507476 5 2 6 3 4 8 7 1 9 10 
20180507477 7 1 4 5 8 6 2 9 3 10 
20180507478 3 2 1 6 5 4 7 9 10 8 
20180507479 3 10 7 5 9 2 6 1 4 8 
20180507480 5 7 6 1 9 2 8 3 4 10 
20180507481 8 1 6 10 3 2 5 4 9 7 
20180507482 7 10 9 5 2 8 3 1 6 4 
20180507483 4 9 3 5 2 6 1 8 10 7 
20180507484 6 1 7 3 10 2 9 8 4 5 
20180507485 8 4 7 6 3 2 9 10 5 1 
20180507486 4 9 6 1 3 2 8 5 7 10 
20180507487 10 5 3 8 6 9 4 2 7 1 
20180507488 1 7 2 10 6 5 8 9 4 3 
20180507489 5 9 8 6 1 4 10 7 3 2 
20180507490 3 6 7 2 1 9 5 10 4 8 
20180507491 2 7 9 6 10 3 8 4 1 5 
20180507492 5 3 9 2 6 4 8 7 10 1 
20180507493 8 1 5 2 10 4 7 6 9 3 
20180507494 3 1 5 2 7 8 4 10 6 9 
20180507495 9 6 4 1 5 8 3 7 10 2 
20180507496 7 4 3 8 1 5 6 10 9 2 
20180507497 4 5 6 3 1 8 10 7 2 9 
20180507498 2 7 6 5 10 3 1 4 9 8 
20180507499 5 3 10 1 2 7 4 9 8 6 
20180507500 8 9 6 3 1 2 10 4 7 5 
20180507501 10 3 4 8 5 9 2 1 6 7 
20180507502 9 3 2 4 1 7 8 10 5 6 
20180507503 2 9 3 8 5 7 6 10 4 1 
20180507504 8 7 6 1 4 5 9 2 3 10 
20180507505 1 10 6 4 2 8 5 3 9 7 
20180507506 10 4 6 2 8 9 7 3 5 1 
20180507507 4 2 1 7 3 9 6 8 5 10 
20180507508 3 5 10 9 1 2 6 4 8 7 
20180507509 3 4 8 9 5 7 6 10 1 2 
20180507510 10 8 6 2 5 4 3 7 1 9 
20180507511 4 2 7 10 9 8 1 5 3 6 
20180507512 5 1 10 9 8 3 7 4 6 2 
20180507513 3 10 7 9 6 1 2 8 4 5 
20180507514 3 5 8 1 2 4 6 7 10 9 
20180507515 9 10 6 1 8 4 5 3 2 7 
20180507516 1 2 10 8 9 3 7 6 4 5 
20180507517 6 8 7 4 2 1 9 10 5 3 
20180507518 10 7 3 8 1 2 5 9 6 4 
20180507519 10 1 4 6 3 2 7 5 9 8 
20180507520 1 10 2 4 5 3 6 9 8 7 
20180507521 3 5 1 6 8 9 2 7 4 10 
20180507522 8 5 2 10 6 7 1 9 3 4 
20180507523 2 3 7 10 5 6 1 8 9 4 
20180507524 2 3 10 1 6 9 4 5 7 8 
20180507525 8 1 5 7 3 6 10 4 9 2 
20180507526 2 1 3 4 5 10 6 8 7 9 
20180507527 10 3 4 2 9 6 1 8 7 5 
20180507528 10 3 7 2 9 8 6 1 4 5 
20180507529 2 10 7 9 3 4 8 1 6 5 
20180507530 3 7 10 2 6 9 4 1 5 8 
20180507531 3 5 9 6 2 7 10 8 4 1 
20180507532 6 3 10 2 7 9 5 4 1 8 
20180507533 1 9 10 7 5 8 4 3 2 6 
20180507534 8 3 1 5 9 10 4 2 7 6 
20180507535 7 4 9 2 6 5 10 3 1 8 
20180507536 10 5 7 4 2 3 8 9 1 6 
20180507537 2 8 6 4 7 3 9 5 10 1 
20180507538 8 2 1 6 4 5 10 3 7 9 
20180507539 8 5 4 2 7 1 6 9 3 10 
20180507540 9 10 2 3 8 5 1 6 4 7 
20180507541 6 10 9 1 2 5 4 3 7 8 
20180507542 8 5 6 3 9 4 1 10 2 7 
20180507543 7 8 6 5 3 2 4 1 10 9 
20180507544 2 9 10 8 4 5 1 7 6 3 
20180507545 2 4 3 6 9 7 1 5 8 10 
20180507546 7 4 9 5 6 2 3 1 8 10 
20180507547 8 10 1 7 3 9 4 2 6 5 
20180507548 10 8 4 5 2 7 6 3 1 9 
20180507549 7 9 3 6 8 5 2 10 4 1 
20180507550 4 3 8 2 6 9 5 10 1 7 
20180507551 10 1 6 4 5 7 9 8 3 2 
20180507552 4 10 2 3 5 6 1 8 7 9 
20180507553 9 6 5 3 4 2 7 1 10 8 
20180507554 2 3 1 6 10 9 5 4 7 8 
20180507555 8 10 3 1 5 2 4 6 7 9 
20180507556 3 1 5 6 7 8 9 4 10 2 
20180507557 3 7 1 9 5 10 6 4 8 2 
20180507558 4 1 5 6 2 7 8 10 3 9 
20180507559 5 1 6 4 8 2 10 7 9 3 
20180507560 8 6 1 4 5 10 2 9 3 7 
20180507561 3 2 5 9 1 7 4 8 6 10 
20180507562 7 8 2 3 4 6 5 1 9 10 
20180507563 9 8 1 3 2 5 7 6 4 10 
20180507564 1 2 5 6 3 4 9 8 10 7 
20180507565 6 9 2 3 7 8 1 5 10 4 
20180507566 9 6 2 3 1 4 8 5 7 10 
20180507567 10 4 3 6 8 7 2 5 1 9 
20180507568 2 10 5 3 1 4 8 7 9 6 
20180507569 8 4 10 1 3 9 5 2 7 6 
20180507570 10 5 3 4 6 2 9 7 1 8 
20180507571 2 6 1 8 3 5 10 7 4 9 
20180507572 5 3 6 8 2 9 7 1 10 4 
20180507573 9 5 1 7 6 10 8 2 3 4 
20180507574 6 8 7 5 2 3 9 10 4 1 
20180507575 4 6 3 7 9 1 2 10 8 5 
20180507576 8 1 5 2 4 7 9 3 10 6 
20180507577 9 8 10 1 6 3 4 5 2 7 
20180507578 8 4 1 6 5 9 3 10 2 7 
20180507579 10 7 3 4 5 2 6 1 8 9 
20180507580 3 9 4 2 5 7 1 6 10 8 
20180507581 8 10 2 7 3 1 4 5 9 6 
20180507582 2 4 5 7 6 9 8 3 10 1 
20180507583 1 8 6 5 9 7 10 3 4 2 
20180507584 1 9 2 6 4 10 7 3 5 8 
20180507585 6 8 7 10 9 3 1 5 4 2 
20180507586 4 8 6 9 10 3 1 7 2 5 
20180507587 3 1 4 8 2 9 7 5 6 10 
20180507588 3 10 7 4 9 8 5 2 6 1 
20180507589 9 1 2 8 5 6 3 7 10 4 
20180507590 9 5 8 4 7 10 1 2 6 3 
20180507591 6 4 3 10 2 7 9 1 8 5 
20180507592 6 7 2 1 4 8 5 10 3 9 
20180507593 2 1 4 6 8 3 5 9 10 7 
20180507594 7 1 3 9 8 5 4 6 10 2 
20180507595 2 4 10 7 1 6 5 3 9 8 
20180507596 5 8 1 3 7 4 2 10 9 6 
20180507597 9 2 8 1 6 4 3 10 7 5 
20180507598 3 2 10 6 7 1 4 8 9 5 
20180507599 3 10 7 9 6 1 4 5 2 8 
20180507600 6 8 1 9 10 3 7 2 5 4 
20180507601 5 6 9 10 3 1 8 4 2 7 
20180507602 5 1 9 4 2 7 8 10 3 6 
20180507603 4 1 10 6 7 9 8 5 3 2 
20180507604 5 3 8 4 6 9 2 10 7 1 
20180507605 8 6 5 4 1 3 7 2 10 9 
20180507606 2 1 4 8 6 9 10 3 5 7 
20180507607 8 1 6 2 5 10 4 3 9 7 
20180507608 3 9 6 1 10 2 5 8 4 7 
20180507609 3 7 6 2 8 5 9 10 1 4 
20180507610 9 4 2 6 1 10 8 5 7 3 
20180507611 3 2 5 10 7 1 4 8 9 6 
20180507612 8 3 4 7 5 6 2 10 1 9 
20180507613 6 8 2 10 4 3 1 5 7 9 
20180507614 6 5 1 9 7 4 3 2 10 8 
20180507615 3 10 1 2 7 4 5 8 6 9 
20180507616 7 6 4 9 3 10 5 2 1 8 
20180507617 4 3 7 10 1 6 8 5 2 9 
20180507618 9 2 1 10 5 4 3 7 8 6 
20180507619 7 1 3 10 5 2 8 4 9 6 
20180507620 10 3 1 9 7 2 8 4 5 6 
20180507621 3 5 6 7 10 1 2 9 8 4 
20180507622 10 6 4 7 8 2 3 1 9 5 
20180507623 10 7 4 6 1 2 8 5 9 3 
20180507624 2 10 7 3 4 1 9 6 5 8 
20180507625 2 3 1 6 7 9 5 10 8 4 
20180507626 3 2 7 10 8 5 4 9 1 6 
20180507627 2 6 5 1 8 9 3 4 10 7 
20180507628 4 6 9 1 2 3 7 8 5 10 
20180507629 7 9 10 3 2 5 4 6 8 1 
20180507630 9 10 1 6 4 3 2 5 8 7 
20180507631 3 8 10 1 2 4 6 7 5 9 
20180507632 6 1 5 4 10 3 2 9 8 7 
20180507633 7 8 5 9 4 1 3 10 6 2 
20180507634 4 3 7 8 5 9 1 10 2 6 
20180507635 2 7 9 5 10 6 1 3 8 4 
20180507636 10 6 4 7 1 2 9 8 5 3 
20180507637 2 4 10 1 5 7 6 9 3 8 
20180507638 8 9 2 6 7 1 10 5 3 4 
20180507639 7 4 8 9 1 6 10 3 5 2 
20180507640 10 3 5 7 4 2 6 8 9 1 
20180507641 4 8 2 3 7 1 5 9 6 10 
20180507642 3 1 7 4 5 8 10 9 6 2 
20180507643 8 9 3 2 7 4 6 1 5 10 
20180507644 3 6 9 7 8 5 10 4 2 1 
20180507645 5 3 10 2 4 7 1 6 8 9 
20180507646 9 8 7 1 4 10 6 2 5 3 
20180507647 4 1 8 3 10 2 7 5 9 6 
20180507648 8 10 6 5 3 4 9 2 7 1 
20180507649 6 9 8 3 4 7 10 5 1 2 
20180507650 9 2 3 5 10 8 7 4 1 6 
20180507651 2 3 10 1 6 4 9 8 5 7 
20180507652 7 5 4 1 10 9 3 8 2 6 
20180507653 5 8 2 10 4 6 3 1 7 9 
20180507654 5 8 9 3 2 10 6 7 4 1 
20180507655 10 6 3 5 7 9 2 8 1 4 
20180507656 5 3 4 2 6 1 8 7 9 10 
20180507657 3 8 1 6 4 5 2 10 7 9 
20180507658 7 5 2 6 9 4 3 10 1 8 
20180507659 1 6 5 9 10 7 2 4 3 8 
20180507660 10 1 4 6 9 7 8 3 5 2 
20180507661 2 4 10 7 6 5 9 1 3 8 
20180507662 2 8 7 9 6 10 1 3 4 5 
20180507663 1 7 4 6 2 10 3 5 9 8 
20180507664 7 10 3 4 2 6 9 8 1 5 
20180507665 10 2 3 7 9 4 1 8 5 6 
20180507666 10 5 9 1 8 6 2 7 4 3 
20180507667 4 3 1 10 6 7 2 9 8 5 
20180507668 3 5 2 4 9 10 1 8 6 7 
20180507669 9 4 1 7 5 6 2 10 3 8 
20180507670 4 9 6 3 5 1 8 2 10 7 
20180507671 2 10 3 8 6 7 1 4 5 9 
20180507672 3 10 4 9 1 2 5 8 6 7 
20180507673 8 1 9 2 5 10 3 7 4 6 
20180507674 6 2 3 4 8 9 7 1 10 5 
20180507675 1 9 3 7 10 4 2 6 8 5 
20180507676 8 5 6 2 7 4 3 10 9 1 
20180507677 4 10 2 7 8 1 3 6 9 5 
20180507678 7 2 4 10 9 1 3 6 5 8 
20180507679 6 9 7 5 3 8 10 2 4 1 
20180507680 9 10 5 8 2 4 6 1 3 7 
20180507681 3 9 10 4 2 6 7 8 1 5 
20180507682 10 2 7 3 4 8 9 1 5 6 
20180507683 5 4 9 10 1 8 6 2 3 7 
20180507684 7 8 3 9 4 2 1 6 10 5 
20180507685 10 6 9 7 1 4 3 5 2 8 
20180507686 6 5 7 10 8 1 9 3 4 2 
20180507687 1 3 6 2 5 4 8 9 7 10 
20180507688 9 6 1 10 2 3 4 8 5 7 
20180507689 4 6 8 9 10 1 3 5 7 2 
20180507690 5 4 9 7 3 8 10 1 6 2 
20180507691 2 4 6 10 7 3 1 8 9 5 
20180507692 7 6 1 5 9 2 10 3 8 4 
20180507693 9 6 10 8 7 4 1 2 3 5 
20180507694 7 2 10 3 4 9 6 5 1 8 
20180507695 10 4 3 2 7 9 8 5 6 1 
20180507696 4 1 5 2 10 6 3 9 7 8 
20180507697 7 5 10 6 2 9 3 4 8 1 
20180507698 9 3 2 10 4 5 1 6 7 8 
20180507699 2 10 6 1 9 4 7 5 8 3 
20180507700 4 2 7 10 3 6 8 1 5 9 
20180507701 4 5 10 6 8 7 3 9 1 2 
20180507702 1 8 7 9 2 3 10 5 4 6 
20180507703 2 4 5 7 8 10 1 6 3 9 
20180507704 9 1 8 5 4 10 3 7 6 2 
20180507705 6 2 9 5 3 10 7 1 4 8 
20180507706 3 5 8 10 9 1 6 4 7 2 
20180507707 3 4 8 7 10 5 2 1 9 6 
20180507708 5 2 10 8 9 3 4 1 6 7 
20180507709 1 3 6 8 7 10 4 2 5 9 
20180507710 7 5 6 1 3 10 2 9 8 4 
20180507711 5 7 1 2 9 8 6 4 3 10 
20180507712 1 6 10 2 8 4 5 7 3 9 
20180507713 6 4 5 2 1 10 9 3 7 8 
20180507714 8 9 1 6 7 3 4 2 10 5 
20180507715 3 1 9 2 6 4 5 10 8 7 
20180507716 9 2 5 4 3 7 10 8 1 6 
20180507717 8 7 4 10 2 3 9 5 1 6 
20180507718 9 6 7 3 1 2 8 4 5 10 
20180507719 4 7 3 9 10 5 1 6 8 2 
20180507720 5 8 7 10 4 6 9 1 2 3 
20180507721 2 1 4 10 6 8 9 5 3 7 
20180507722 5 1 4 10 3 8 9 7 6 2 
20180507723 6 4 5 3 10 8 9 1 2 7 
20180507724 2 6 4 10 9 8 5 1 7 3 
20180507725 7 8 6 3 5 4 10 2 1 9 
20180507726 6 3 1 5 2 7 10 8 4 9 
20180507727 10 5 6 7 4 8 9 1 3 2 
20180507728 8 10 1 6 5 7 4 2 9 3 
20180507729 2 10 3 9 4 5 8 7 6 1 
20180507730 10 5 2 4 3 7 8 9 6 1 
20180507731 7 3 9 4 5 8 1 2 6 10 
20180507732 5 2 4 10 9 8 3 6 1 7 
20180507733 5 1 8 6 4 10 2 3 7 9 
20180507734 5 10 9 8 1 3 6 7 4 2 
20180507735 2 3 8 1 7 5 4 9 10 6 
20180507736 5 6 9 8 3 4 10 7 2 1 
20180507737 2 4 8 5 7 6 9 10 1 3 
20180507738 2 8 7 5 9 4 1 10 3 6 
20180507739 9 2 3 8 4 5 6 10 7 1 
20180507740 8 7 10 2 6 9 1 4 3 5 
20180507741 2 1 6 5 4 10 7 9 8 3 
20180507742 7 4 9 10 6 8 2 3 1 5 
20180507743 4 2 7 5 6 8 1 9 10 3 
20180507744 2 5 8 4 7 1 10 9 3 6 
20180507745 9 2 8 4 6 1 3 5 10 7 
20180507746 5 9 3 2 4 10 6 7 1 8 
20180507747 4 8 5 7 9 1 3 10 2 6 
20180507748 7 8 1 9 2 10 3 4 6 5 
20180507749 4 7 9 3 5 6 2 8 10 1 
20180507750 6 9 2 7 8 1 10 3 4 5 
20180507751 3 9 6 5 7 4 1 10 2 8 
20180507752 7 10 4 5 1 8 2 3 9 6 
20180507753 3 6 7 1 9 10 4 8 5 2 
20180507754 7 3 2 10 4 6 9 1 8 5 
20180507755 8 3 10 5 1 2 4 7 6 9 
20180507756 4 10 2 5 7 8 3 9 6 1 
20180507757 6 7 9 5 3 4 1 8 2 10 
20180507758 3 9 4 6 2 8 10 7 5 1 
20180507759 9 5 7 4 3 10 6 8 1 2 
20180507760 3 7 4 2 6 9 8 10 5 1 
20180507761 2 5 8 10 3 4 7 9 1 6 
20180507762 2 4 7 3 8 6 9 1 10 5 
20180507763 4 2 6 3 1 5 9 8 7 10 
20180507764 3 2 6 4 9 10 8 7 5 1 
20180507765 3 5 9 7 6 8 10 4 2 1 
20180507766 4 1 2 10 5 9 6 3 7 8 
20180507767 7 3 10 5 4 9 2 8 1 6 
20180507768 2 9 3 7 5 6 10 4 1 8 
20180507769 3 10 6 2 5 8 4 1 7 9 
20180507770 3 9 7 4 6 5 10 1 8 2 
20180507771 3 8 5 6 1 4 7 9 10 2 
20180507772 1 10 9 2 6 8 7 4 5 3 
20180507773 2 5 1 4 6 8 3 10 9 7 
20180507774 10 8 5 1 6 9 7 4 3 2 
20180507775 4 10 5 6 8 1 3 2 9 7 
20180507776 8 1 7 10 6 2 5 4 9 3 
20180507777 9 7 2 5 10 8 6 1 4 3 
20180507778 7 6 2 10 5 4 3 8 1 9 
20180507779 1 10 4 6 7 3 8 9 5 2 
20180507780 1 5 7 4 6 3 8 2 9 10 
20180507781 8 3 9 5 2 6 1 7 10 4 
20180507782 4 7 5 9 10 8 1 2 6 3 
20180507783 9 7 4 6 1 3 10 5 8 2 
20180507784 3 6 5 1 8 7 10 4 2 9 
20180507785 10 5 1 3 4 9 6 2 8 7 
20180507786 8 4 7 6 3 10 2 9 1 5 
20180507787 6 7 10 4 5 9 2 3 8 1 
20180507788 4 5 2 6 10 9 3 7 1 8 
20180507789 8 10 3 1 2 6 7 9 4 5 
20180507790 9 7 10 1 3 6 8 2 4 5 
20180507791 8 4 1 9 6 7 2 3 10 5 
20180507792 7 2 3 6 1 8 5 10 4 9 
20180507793 4 3 9 2 6 8 10 7 5 1 
20180507794 7 10 5 9 4 2 6 8 1 3 
20180507795 5 6 10 2 1 8 7 3 9 4 
20180507796 1 2 4 3 6 5 10 8 9 7 
20180507797 5 2 4 3 7 10 8 9 1 6 
20180507798 7 1 5 2 8 9 10 6 4 3 
20180507799 4 3 6 7 2 8 9 1 10 5 
20180507800 2 4 8 7 5 1 10 3 6 9 
20180507801 2 7 6 4 1 9 10 8 3 5 
20180507802 10 7 4 5 3 2 1 9 8 6 
20180507803 2 9 5 8 4 7 1 3 6 10 
20180507804 9 5 4 10 6 7 3 2 8 1 
20180507805 8 4 10 1 5 6 7 3 9 2 
20180507806 2 4 10 6 1 3 7 8 5 9 
20180507807 3 5 7 9 1 8 6 4 10 2 
20180507808 8 1 7 6 10 5 4 3 9 2 
20180507809 7 1 9 6 2 3 5 10 8 4 
20180507810 6 3 2 5 10 7 4 1 8 9 
20180507811 5 6 7 1 4 8 2 9 10 3 
20180507812 9 8 1 6 5 3 7 2 4 10 
20180507813 7 1 8 2 5 9 10 6 4 3 
20180507814 7 1 3 9 2 4 8 10 5 6 
20180507815 1 8 7 5 10 9 4 3 6 2 
20180507816 4 1 10 5 9 6 7 2 3 8 
20180507817 8 5 1 3 10 4 7 9 2 6 
20180507818 8 1 9 6 5 2 7 3 10 4 
20180507819 5 10 1 4 2 8 3 6 7 9 
20180507820 3 8 10 6 7 2 5 4 9 1 
20180507821 4 7 3 1 8 5 2 10 6 9 
20180507822 1 2 4 10 8 9 7 6 5 3 
20180507823 9 10 4 6 7 2 8 3 5 1 
20180507824 4 2 9 1 5 10 3 7 8 6 
20180507825 8 5 6 1 9 3 10 2 4 7 
20180507826 8 7 4 6 5 3 1 9 10 2 
20180507827 4 6 5 9 1 10 3 7 2 8 
20180507828 3 6 10 1 5 4 2 7 8 9 
20180507829 9 2 10 4 1 8 5 6 7 3 
20180507830 5 6 9 10 1 2 3 8 7 4 
20180507831 9 8 7 6 1 10 3 4 5 2 
20180507832 5 9 10 4 3 6 1 2 7 8 
20180507833 6 3 1 8 5 2 4 9 7 10 
20180507834 4 2 5 8 9 1 7 6 10 3 
20180507835 4 2 6 3 7 10 8 5 1 9 
20180507836 1 6 5 7 3 2 10 8 9 4 
20180507837 10 5 2 9 7 3 6 1 4 8 
20180507838 4 10 6 9 1 7 2 8 5 3 
20180507839 10 5 3 1 8 6 7 4 9 2 
20180507840 1 9 5 4 8 6 7 10 3 2 
20180507841 3 4 7 6 1 5 2 9 8 10 
20180507842 6 1 10 8 3 9 7 5 4 2 
20180507843 2 1 8 7 10 6 9 5 4 3 
20180507844 2 8 7 6 4 1 3 10 9 5 
20180507845 4 5 10 3 6 8 2 1 9 7 
20180507846 1 7 4 3 2 8 5 9 6 10 
20180507847 2 8 9 10 5 1 3 4 6 7 
20180507848 9 1 2 7 4 5 3 10 8 6 
20180507849 10 2 1 6 5 9 3 4 8 7 
20180507850 9 8 2 6 3 7 1 4 10 5 
20180507851 3 7 4 9 8 1 6 10 2 5 
20180507852 10 9 3 2 6 5 7 8 4 1 
20180507853 7 1 10 6 4 3 5 8 2 9 
20180507854 2 1 10 6 4 8 5 9 7 3 
20180507855 5 7 1 6 9 8 3 10 2 4 
20180507856 10 1 5 9 3 7 8 4 6 2 
20180507857 10 8 9 6 4 1 3 7 5 2 
20180507858 5 6 9 3 4 2 10 8 7 1 
20180507859 8 7 5 10 9 6 3 1 2 4 
20180507860 1 10 8 9 2 4 7 6 5 3 
20180507861 9 8 4 5 2 6 3 10 7 1 
20180507862 7 9 3 2 6 10 8 1 5 4 
20180507863 4 3 6 7 10 8 2 1 9 5 
20180507864 5 7 10 1 3 9 2 4 8 6 
20180507865 9 8 10 2 1 5 6 4 7 3 
20180507866 6 8 1 5 10 3 2 7 9 4 
20180507867 8 7 6 1 4 10 9 2 3 5 
20180507868 5 10 4 2 6 3 9 1 7 8 
20180507869 3 10 9 1 4 8 6 7 5 2 
20180507870 8 3 1 10 6 2 7 4 5 9 
20180507871 6 7 4 9 10 5 8 2 1 3 
20180507872 2 3 9 4 1 10 8 6 5 7 
20180507873 9 1 2 10 3 8 6 7 5 4 
20180507874 9 6 1 7 4 3 5 8 2 10 
20180507875 9 1 5 6 8 10 7 3 2 4 
20180507876 2 1 6 8 10 7 3 5 9 4 
20180507877 4 2 3 10 9 1 8 5 6 7 
20180507878 5 9 6 1 4 3 8 7 10 2 
20180507879 2 6 1 10 5 8 7 3 4 9 
20180507880 10 1 8 4 9 2 3 7 5 6 
20180507881 10 9 5 7 6 4 3 2 1 8 
20180507882 5 2 8 10 6 3 9 1 4 7 
20180507883 9 6 7 1 2 10 4 5 3 8 
20180507884 10 5 8 3 7 2 6 9 4 1 
20180507885 1 3 9 2 7 5 10 8 4 6 
20180507886 2 10 5 8 3 6 1 4 7 9 
20180507887 10 4 5 1 9 6 7 2 3 8 
20180507888 9 1 8 6 5 7 10 2 4 3 
20180507889 7 8 1 10 5 9 3 4 6 2 
20180507890 9 1 6 7 5 10 4 8 2 3 
20180507891 3 4 5 7 8 2 10 9 6 1 
20180507892 5 8 4 6 2 3 10 1 9 7 
20180507893 8 9 7 10 3 2 4 1 5 6 
20180507894 3 7 2 10 1 5 4 9 6 8 
20180507895 2 10 1 4 9 6 3 5 8 7 
20180507896 8 5 10 2 7 1 6 9 3 4 
20180507897 9 8 3 4 2 10 5 1 7 6 
20180507898 4 8 1 6 9 10 5 7 3 2 
20180507899 1 3 2 4 8 5 6 10 9 7 
20180507900 2 1 4 8 3 5 7 6 9 10 
20180507901 1 10 4 9 8 5 2 7 6 3 
20180507902 2 6 1 7 9 8 4 3 5 10 
20180507903 10 5 9 6 2 1 8 4 7 3 
20180507904 10 6 7 4 2 5 1 9 3 8 
20180507905 1 9 8 4 2 5 7 6 10 3 
20180507906 8 1 5 2 7 4 9 3 10 6 
20180507907 6 9 4 10 1 7 2 3 5 8 
20180507908 5 7 1 8 4 3 10 9 2 6 
20180507909 3 1 4 8 10 9 5 7 6 2 
20180507910 3 5 8 1 6 4 7 2 9 10 
20180507911 1 2 8 3 7 9 4 6 10 5 
20180507912 3 1 8 6 4 7 2 10 9 5 
20180507913 10 8 3 1 6 7 4 2 9 5 
20180507914 5 2 4 6 8 1 10 3 9 7 
20180507915 2 9 1 10 3 7 8 4 6 5 
20180507916 2 5 9 7 1 8 4 6 3 10 
20180507917 8 3 10 2 4 6 5 1 9 7 
20180507918 8 9 10 5 7 3 1 4 2 6 
20180507919 6 10 8 2 9 7 5 1 4 3 
20180507920 1 3 9 2 6 8 10 5 7 4 
20180507921 4 7 1 6 9 3 10 8 5 2 
20180507922 1 2 6 4 8 9 7 10 5 3 
20180507923 5 3 7 4 10 8 9 6 2 1 
20180507924 4 8 1 9 6 7 5 3 10 2 
20180507925 2 9 4 7 10 8 5 3 1 6 
20180507926 7 4 5 6 9 1 2 3 10 8 
20180507927 1 3 10 2 8 6 9 5 4 7 
20180507928 10 1 5 4 6 7 3 8 9 2 
20180507929 5 7 1 8 9 2 4 3 6 10 
20180507930 7 1 6 5 2 10 3 9 8 4 
20180507931 4 8 2 1 6 5 10 7 3 9 
20180507932 5 2 8 4 6 3 1 7 9 10 
20180507933 8 6 3 4 2 5 9 1 10 7 
20180507934 8 1 4 3 10 6 5 7 9 2 
20180507935 5 3 10 4 1 2 9 6 7 8 
20180507936 8 2 10 7 6 1 5 4 9 3 
20180507937 4 7 1 8 9 10 3 5 6 2 
20180507938 8 5 10 7 3 6 1 2 4 9 
20180507939 2 3 9 1 10 6 7 4 5 8 
20180507940 9 5 7 4 10 3 1 2 8 6 
20180507941 5 3 6 9 10 7 1 4 8 2 
20180507942 1 9 10 4 6 5 2 3 8 7 
20180507943 4 9 3 7 1 8 2 6 5 10 
20180507944 3 7 6 2 10 8 4 5 9 1 
20180507945 2 8 9 4 3 10 6 5 1 7 
20180507946 2 5 10 7 3 8 9 6 1 4 
20180507947 4 2 1 7 8 9 5 10 6 3 
20180507948 2 7 1 10 8 3 6 5 9 4 
20180507949 4 1 8 5 9 2 6 3 10 7 
20180507950 4 6 2 1 5 7 9 8 3 10 
20180507951 2 4 5 3 1 9 7 8 10 6 
20180507952 6 3 2 10 9 4 1 5 8 7 
20180507953 8 5 1 9 2 4 10 7 3 6 
20180507954 4 5 10 1 7 6 3 9 2 8 
20180507955 4 9 8 7 6 2 1 5 3 10 
20180507956 7 3 8 4 10 1 6 9 5 2 
20180507957 7 3 4 1 8 2 5 9 6 10 
20180507958 9 4 8 1 7 2 3 6 10 5 
20180507959 7 5 1 10 8 9 2 6 3 4 
20180507960 4 10 5 7 8 3 6 2 1 9 
20180507961 7 9 4 8 10 3 2 6 5 1 
20180507962 10 1 2 3 4 7 5 8 9 6 
20180507963 8 2 7 10 3 4 5 9 6 1 
20180507964 9 2 6 7 4 3 5 10 1 8 
20180507965 3 1 10 4 9 7 5 8 6 2 
20180507966 3 8 1 2 10 7 9 6 4 5 
20180507967 7 1 4 6 3 10 9 8 2 5 
20180507968 8 10 6 7 2 9 1 4 3 5 
20180507969 6 3 1 4 8 5 7 2 10 9 
20180507970 10 3 1 4 8 9 2 7 5 6 
20180507971 8 2 4 7 1 10 3 9 6 5 
20180507972 6 8 2 9 3 7 1 4 10 5 
20180507973 3 8 2 1 9 5 7 6 10 4 
20180507974 6 5 7 8 4 1 9 3 10 2 
20180507975 10 7 4 8 5 2 3 6 9 1 
20180507976 6 5 9 10 8 1 7 3 4 2 
20180507977 3 10 5 1 7 2 6 8 9 4 
20180507978 8 2 7 5 3 9 4 10 1 6 
20180507979 10 8 1 2 7 6 3 5 9 4 
20180507980 5 1 3 4 2 6 9 10 8 7 
20180507981 3 4 9 1 2 10 7 8 5 6 
20180507982 6 4 9 10 1 2 5 3 7 8 
20180507983 9 2 1 3 10 4 6 8 5 7 
20180507984 8 1 6 9 7 5 3 10 2 4 
20180507985 2 1 4 10 3 6 7 8 5 9 
