20180508001 2 1 8 6 5 10 9 3 7 4 
20180508002 1 7 9 3 5 2 6 10 4 8 
20180508003 1 2 9 8 10 3 7 6 5 4 
20180508004 9 2 5 3 10 7 1 8 6 4 
20180508005 3 7 1 6 5 8 10 4 9 2 
20180508006 2 6 1 3 8 9 7 5 10 4 
20180508007 1 8 3 5 7 2 4 6 10 9 
20180508008 2 7 4 3 5 9 6 10 8 1 
20180508009 1 6 5 9 4 10 8 3 7 2 
20180508010 8 6 5 2 7 3 1 4 9 10 
20180508011 9 8 10 4 5 1 3 7 6 2 
20180508012 9 10 3 2 8 6 7 5 1 4 
20180508013 2 5 4 7 9 1 3 6 8 10 
20180508014 5 1 10 3 7 2 4 9 6 8 
20180508015 5 7 8 1 6 2 3 9 10 4 
20180508016 10 8 6 5 3 7 2 1 4 9 
20180508017 3 10 4 9 8 7 1 2 6 5 
20180508018 5 7 10 2 1 8 3 6 9 4 
20180508019 8 2 9 3 1 7 5 10 4 6 
20180508020 4 9 1 2 3 10 8 6 7 5 
20180508021 7 3 1 9 5 6 4 8 2 10 
20180508022 4 7 10 8 5 1 9 3 2 6 
20180508023 1 6 2 8 5 7 10 4 3 9 
20180508024 5 2 3 1 9 4 6 7 8 10 
20180508025 5 10 4 1 6 2 7 3 9 8 
20180508026 2 9 8 5 1 7 3 6 4 10 
20180508027 4 3 2 5 6 7 1 10 9 8 
20180508028 10 7 6 3 9 5 2 8 4 1 
20180508029 10 1 2 6 4 9 5 8 3 7 
20180508030 10 8 6 4 3 5 7 9 2 1 
20180508031 9 3 4 2 10 7 5 8 6 1 
20180508032 7 1 4 3 6 9 5 10 8 2 
20180508033 10 7 1 3 6 2 4 5 9 8 
20180508034 10 6 1 9 5 4 8 7 3 2 
20180508035 9 3 2 5 4 10 6 8 7 1 
20180508036 8 3 1 9 5 4 7 2 10 6 
20180508037 3 7 6 8 4 2 5 1 10 9 
20180508038 9 7 1 8 6 10 5 2 4 3 
20180508039 1 5 3 2 7 6 9 4 8 10 
20180508040 4 1 8 2 9 6 3 5 7 10 
20180508041 9 4 1 6 7 5 8 10 2 3 
20180508042 1 9 3 8 7 2 6 4 10 5 
20180508043 10 8 1 5 7 4 9 3 2 6 
20180508044 5 3 8 6 9 1 4 10 7 2 
20180508045 8 6 10 1 9 2 7 4 5 3 
20180508046 8 2 4 1 6 7 5 9 10 3 
20180508047 1 3 6 8 5 9 10 7 4 2 
20180508048 3 10 7 8 6 5 4 2 1 9 
20180508049 6 9 4 7 8 3 10 2 5 1 
20180508050 5 8 7 9 4 10 2 6 3 1 
20180508051 5 1 6 2 7 10 9 4 3 8 
20180508052 6 10 5 8 2 3 9 1 4 7 
20180508053 4 3 7 2 10 5 9 1 8 6 
20180508054 1 8 3 2 4 9 6 7 10 5 
20180508055 2 10 9 6 7 1 3 4 5 8 
20180508056 3 1 10 5 2 4 8 9 6 7 
20180508057 7 9 6 5 2 10 3 8 1 4 
20180508058 9 4 10 7 3 2 8 1 5 6 
20180508059 5 7 4 3 9 10 1 6 2 8 
20180508060 6 7 1 10 5 8 4 2 3 9 
20180508061 1 10 4 3 5 9 2 8 7 6 
20180508062 10 3 1 8 5 7 4 6 9 2 
20180508063 3 4 8 2 1 5 7 10 9 6 
20180508064 9 4 7 6 3 10 8 1 5 2 
20180508065 1 9 8 7 4 5 3 2 6 10 
20180508066 1 5 7 2 3 6 8 4 10 9 
20180508067 5 9 8 4 10 1 3 7 2 6 
20180508068 10 6 8 1 4 3 5 7 9 2 
20180508069 2 9 4 10 6 5 3 1 8 7 
20180508070 10 1 3 6 7 8 2 4 5 9 
20180508071 7 8 5 9 6 10 3 2 4 1 
20180508072 10 6 5 1 7 2 8 4 9 3 
20180508073 1 4 5 3 2 9 7 10 6 8 
20180508074 1 5 2 4 9 7 3 8 10 6 
20180508075 2 6 9 7 5 1 8 3 10 4 
20180508076 3 8 7 1 6 10 4 2 9 5 
20180508077 2 10 4 7 3 6 8 9 1 5 
20180508078 7 6 9 1 5 3 2 8 4 10 
20180508079 3 10 4 5 7 2 9 6 8 1 
20180508080 3 8 7 6 2 1 9 4 10 5 
20180508081 6 10 5 2 9 8 4 7 3 1 
20180508082 8 6 2 9 3 10 7 1 5 4 
20180508083 3 8 9 10 2 7 4 5 6 1 
20180508084 5 9 10 6 1 3 8 4 7 2 
20180508085 4 9 2 5 7 8 10 1 3 6 
20180508086 2 6 9 4 3 10 8 1 7 5 
20180508087 4 9 6 5 8 10 3 2 1 7 
20180508088 10 2 4 1 8 9 6 3 7 5 
20180508089 6 5 4 1 8 3 2 7 9 10 
20180508090 5 3 9 4 1 10 8 7 2 6 
20180508091 9 6 5 3 8 2 10 1 4 7 
20180508092 8 5 10 6 3 9 4 7 1 2 
20180508093 1 3 2 4 5 9 8 7 6 10 
20180508094 8 5 10 3 9 2 7 4 6 1 
20180508095 1 5 8 2 7 6 10 3 9 4 
20180508096 5 2 1 7 6 9 3 4 10 8 
20180508097 9 3 1 5 8 6 2 7 4 10 
20180508098 10 6 8 5 3 2 1 7 9 4 
20180508099 2 3 10 7 6 5 8 1 9 4 
20180508100 10 8 4 7 6 1 2 9 5 3 
20180508101 10 7 9 8 2 4 6 3 1 5 
20180508102 2 7 3 6 1 10 8 9 5 4 
20180508103 9 8 3 1 6 2 5 10 4 7 
20180508104 4 6 1 2 10 7 3 8 5 9 
20180508105 9 5 2 4 10 7 1 3 8 6 
20180508106 6 1 3 8 7 10 5 2 9 4 
20180508107 1 7 9 2 6 4 5 3 8 10 
20180508108 3 2 4 10 6 1 7 9 8 5 
20180508109 1 3 10 8 6 7 2 9 5 4 
20180508110 4 1 7 2 10 5 6 9 3 8 
20180508111 4 1 9 6 10 8 3 5 2 7 
20180508112 10 2 4 9 8 6 7 5 3 1 
20180508113 4 3 1 6 9 7 8 2 10 5 
20180508114 6 4 9 7 1 2 3 5 8 10 
20180508115 3 8 2 10 9 4 7 6 5 1 
20180508116 2 7 10 1 3 4 6 8 9 5 
20180508117 2 9 3 6 10 1 8 5 4 7 
20180508118 3 7 6 5 9 1 2 8 4 10 
20180508119 6 7 5 10 8 3 2 9 4 1 
20180508120 5 4 2 10 9 6 7 1 3 8 
20180508121 9 5 10 2 6 8 7 4 1 3 
20180508122 9 1 8 4 10 7 2 6 3 5 
20180508123 1 4 3 2 10 9 8 6 7 5 
20180508124 8 9 7 10 2 4 6 3 1 5 
20180508125 8 10 6 5 7 3 1 9 2 4 
20180508126 10 4 1 7 5 6 2 3 9 8 
20180508127 6 4 2 5 1 7 10 8 3 9 
20180508128 9 3 6 5 2 8 1 4 7 10 
20180508129 8 10 2 4 1 5 9 3 7 6 
20180508130 1 10 7 4 8 9 6 2 5 3 
20180508131 10 4 9 3 8 6 7 2 5 1 
20180508132 9 6 5 8 7 2 1 10 4 3 
20180508133 9 7 4 6 5 2 1 8 10 3 
20180508134 3 5 1 7 8 4 6 2 10 9 
20180508135 3 7 2 9 5 8 4 10 1 6 
20180508136 1 9 10 2 7 3 8 6 5 4 
20180508137 10 9 5 8 7 3 4 2 1 6 
20180508138 9 4 7 2 3 6 10 8 1 5 
20180508139 1 10 7 5 6 3 2 9 8 4 
20180508140 2 6 4 1 5 3 9 7 10 8 
20180508141 2 10 8 7 4 1 9 5 3 6 
20180508142 7 1 3 2 5 4 10 8 9 6 
20180508143 5 10 9 8 3 1 2 4 7 6 
20180508144 1 3 5 7 6 8 9 10 2 4 
20180508145 10 2 8 3 9 5 6 4 1 7 
20180508146 5 7 3 10 1 8 2 6 9 4 
20180508147 7 2 9 4 5 10 6 3 8 1 
20180508148 9 3 7 6 1 5 8 2 4 10 
20180508149 5 4 6 7 10 3 8 1 2 9 
20180508150 1 8 2 6 5 7 3 10 9 4 
20180508151 4 6 2 5 1 7 8 10 3 9 
20180508152 10 1 9 3 4 2 7 5 8 6 
20180508153 2 5 9 6 4 3 8 10 7 1 
20180508154 6 10 7 5 3 1 2 4 9 8 
20180508155 5 1 4 9 8 2 3 6 10 7 
20180508156 5 8 9 10 4 3 1 2 7 6 
20180508157 6 4 5 10 2 8 1 3 9 7 
20180508158 6 5 2 4 7 8 10 9 1 3 
20180508159 5 6 3 2 7 9 1 8 4 10 
20180508160 8 10 2 6 3 1 7 5 9 4 
20180508161 10 5 6 2 4 3 8 7 1 9 
20180508162 7 3 6 10 2 1 4 9 5 8 
20180508163 10 9 2 6 7 1 8 5 4 3 
20180508164 5 8 4 9 10 7 3 6 2 1 
20180508165 4 10 6 8 9 3 5 1 2 7 
20180508166 10 9 2 4 1 3 5 7 8 6 
20180508167 3 2 7 8 1 9 5 10 4 6 
20180508168 8 3 9 4 2 7 6 1 10 5 
20180508169 2 6 4 1 9 5 3 10 7 8 
20180508170 5 9 2 10 8 1 3 6 4 7 
20180508171 8 2 3 4 6 5 9 10 1 7 
20180508172 5 8 2 4 1 3 7 9 6 10 
20180508173 7 2 1 6 9 3 10 4 8 5 
20180508174 3 7 6 1 4 2 9 8 5 10 
20180508175 5 3 10 1 2 6 7 9 4 8 
20180508176 1 4 9 5 2 8 6 10 7 3 
20180508177 3 4 9 1 2 8 6 7 10 5 
20180508178 7 3 5 2 4 6 10 1 8 9 
20180508179 6 2 4 1 8 3 10 9 7 5 
20180508180 5 4 1 3 10 2 9 6 8 7 
20180508181 6 4 9 2 5 3 8 7 1 10 
20180508182 6 4 8 2 7 9 3 1 5 10 
20180508183 5 9 3 10 4 1 8 6 7 2 
20180508184 10 9 7 8 5 2 6 4 3 1 
20180508185 5 9 4 3 8 6 7 10 2 1 
20180508186 7 9 4 3 6 5 2 10 8 1 
20180508187 10 9 1 2 3 6 8 7 5 4 
20180508188 8 9 7 3 2 4 5 6 1 10 
20180508189 5 3 2 4 8 1 10 9 7 6 
20180508190 5 2 3 6 4 9 10 1 7 8 
20180508191 1 2 7 10 9 5 4 6 3 8 
20180508192 9 6 7 10 2 3 8 5 1 4 
20180508193 4 1 8 10 7 5 2 3 9 6 
20180508194 10 3 2 8 9 7 5 4 1 6 
20180508195 1 6 3 7 4 2 8 9 10 5 
20180508196 5 1 9 4 8 2 7 10 3 6 
20180508197 6 2 1 9 7 3 8 4 10 5 
20180508198 4 7 5 1 6 8 3 10 9 2 
20180508199 4 2 7 8 5 6 1 10 9 3 
20180508200 2 8 10 1 9 4 5 6 7 3 
20180508201 10 6 3 8 5 1 4 9 7 2 
20180508202 5 10 2 9 3 8 7 4 1 6 
20180508203 8 7 4 10 5 3 9 2 1 6 
20180508204 1 5 8 6 9 4 2 3 10 7 
20180508205 7 3 2 8 10 4 9 6 1 5 
20180508206 8 9 3 7 1 10 6 5 4 2 
20180508207 3 6 9 7 10 2 1 5 8 4 
20180508208 10 6 7 4 3 2 9 8 5 1 
20180508209 8 5 3 7 4 9 6 10 1 2 
20180508210 2 10 4 1 9 7 3 5 8 6 
20180508211 10 6 7 4 8 3 5 9 1 2 
20180508212 1 4 6 2 3 10 9 8 7 5 
20180508213 4 6 8 3 2 5 1 10 9 7 
20180508214 2 4 9 5 1 3 6 7 8 10 
20180508215 9 1 2 7 6 4 3 5 8 10 
20180508216 3 5 6 4 7 8 10 1 2 9 
20180508217 2 8 1 3 6 4 7 10 9 5 
20180508218 5 9 10 8 3 7 4 2 6 1 
20180508219 9 2 7 8 6 5 1 10 3 4 
20180508220 7 9 1 4 5 2 10 8 3 6 
20180508221 4 9 8 10 2 3 6 1 7 5 
20180508222 9 10 3 6 5 8 7 4 1 2 
20180508223 4 10 3 8 9 1 5 2 6 7 
20180508224 2 3 10 9 5 1 7 8 6 4 
20180508225 8 10 4 2 7 1 5 6 9 3 
20180508226 10 4 8 2 5 3 6 7 9 1 
20180508227 6 1 10 2 7 5 9 4 3 8 
20180508228 8 3 9 6 2 1 5 7 4 10 
20180508229 3 2 9 7 6 10 5 4 1 8 
20180508230 5 9 10 8 4 3 2 6 1 7 
20180508231 4 5 2 6 3 1 8 7 9 10 
20180508232 7 3 4 8 1 9 2 5 6 10 
20180508233 4 7 8 5 3 2 6 9 10 1 
20180508234 1 7 10 9 6 4 2 3 8 5 
20180508235 9 10 4 8 5 3 2 1 6 7 
20180508236 7 1 6 2 9 10 5 3 8 4 
20180508237 4 10 1 2 8 6 7 9 5 3 
20180508238 3 5 9 8 7 10 2 1 4 6 
20180508239 1 2 3 4 7 10 5 8 9 6 
20180508240 3 1 8 4 5 6 2 10 9 7 
20180508241 10 8 4 9 6 5 3 7 2 1 
20180508242 7 2 9 1 10 5 6 4 8 3 
20180508243 4 2 10 6 5 3 7 1 9 8 
20180508244 5 7 3 9 8 10 2 6 4 1 
20180508245 3 4 1 7 2 9 10 8 5 6 
20180508246 10 4 2 7 9 1 6 5 3 8 
20180508247 3 7 9 2 10 5 6 8 4 1 
20180508248 2 9 6 7 4 10 5 3 8 1 
20180508249 9 4 7 3 8 1 10 2 6 5 
20180508250 9 3 8 6 5 4 1 7 2 10 
20180508251 5 4 1 7 8 9 3 2 10 6 
20180508252 1 8 10 9 7 4 3 6 5 2 
20180508253 8 6 5 1 2 10 7 4 3 9 
20180508254 1 8 10 3 2 6 9 7 4 5 
20180508255 10 1 8 5 9 7 2 6 4 3 
20180508256 4 6 3 1 8 2 7 9 10 5 
20180508257 10 1 2 5 3 9 6 7 8 4 
20180508258 8 4 9 6 1 10 3 7 5 2 
20180508259 10 2 7 5 4 1 3 9 8 6 
20180508260 1 7 2 4 9 5 10 6 3 8 
20180508261 9 3 1 4 2 10 6 5 8 7 
20180508262 6 10 8 4 3 5 1 7 9 2 
20180508263 6 9 3 1 10 5 2 8 7 4 
20180508264 10 3 2 7 9 4 1 8 5 6 
20180508265 7 5 2 1 4 9 6 10 8 3 
20180508266 3 1 8 9 2 6 10 4 7 5 
20180508267 8 1 6 7 5 9 3 2 4 10 
20180508268 8 6 2 1 4 5 3 10 9 7 
20180508269 1 4 5 9 3 2 8 7 6 10 
20180508270 5 6 1 3 10 9 7 2 4 8 
20180508271 1 4 6 8 10 3 7 2 5 9 
20180508272 2 7 6 1 4 5 8 9 10 3 
20180508273 1 5 2 6 9 3 10 4 8 7 
20180508274 10 5 1 2 3 9 8 7 4 6 
20180508275 10 5 9 8 6 7 4 3 1 2 
20180508276 1 6 2 10 4 8 7 5 9 3 
20180508277 2 3 8 5 6 10 1 4 7 9 
20180508278 10 6 2 3 7 5 1 4 9 8 
20180508279 2 8 4 1 10 6 3 5 9 7 
20180508280 6 2 1 8 10 3 5 9 7 4 
20180508281 9 3 5 8 6 2 1 4 10 7 
20180508282 7 3 5 9 8 10 6 1 4 2 
20180508283 10 2 4 7 5 8 3 6 9 1 
20180508284 3 2 6 7 5 8 9 4 10 1 
20180508285 4 1 5 10 8 6 9 7 2 3 
20180508286 1 8 10 4 9 2 3 6 5 7 
20180508287 2 5 10 8 4 3 7 9 6 1 
20180508288 4 6 8 10 5 1 9 3 2 7 
20180508289 8 2 5 1 7 6 4 10 3 9 
20180508290 2 3 10 1 8 4 7 6 5 9 
20180508291 10 5 4 2 7 9 6 8 1 3 
20180508292 6 5 8 7 1 9 4 10 2 3 
20180508293 9 6 7 4 2 8 3 5 1 10 
20180508294 4 10 6 9 7 1 5 8 2 3 
20180508295 4 8 1 3 9 2 5 6 10 7 
20180508296 5 3 9 10 6 7 8 4 2 1 
20180508297 9 2 8 6 5 10 4 1 7 3 
20180508298 7 1 9 6 10 2 5 8 3 4 
20180508299 4 1 10 7 9 5 3 2 6 8 
20180508300 2 6 8 7 5 1 4 9 10 3 
20180508301 7 6 5 1 9 10 3 2 4 8 
20180508302 1 4 6 5 2 3 8 10 7 9 
20180508303 10 9 4 8 5 3 7 2 1 6 
20180508304 6 8 4 7 1 9 3 5 2 10 
20180508305 3 5 9 8 6 2 4 10 7 1 
20180508306 4 1 9 7 3 10 5 8 6 2 
20180508307 3 5 8 1 7 4 10 2 6 9 
20180508308 3 6 9 5 2 1 10 4 7 8 
20180508309 5 9 1 3 10 8 2 4 7 6 
20180508310 6 8 10 4 3 5 7 9 2 1 
20180508311 2 8 1 6 9 10 7 4 5 3 
20180508312 2 4 9 3 1 10 8 7 6 5 
20180508313 8 2 1 3 10 9 7 6 4 5 
20180508314 5 2 3 6 8 1 4 10 9 7 
20180508315 2 9 7 6 3 1 5 4 8 10 
20180508316 9 2 5 8 4 3 6 1 10 7 
20180508317 9 2 10 8 1 3 7 4 5 6 
20180508318 1 6 3 4 10 9 8 5 7 2 
20180508319 5 8 10 4 6 9 2 3 7 1 
20180508320 9 10 5 7 3 2 1 8 6 4 
20180508321 2 1 10 9 3 7 8 6 4 5 
20180508322 2 5 1 8 3 9 6 10 7 4 
20180508323 10 9 3 8 1 2 5 7 6 4 
20180508324 5 4 1 10 2 9 6 3 8 7 
20180508325 8 1 5 6 7 3 10 2 9 4 
20180508326 6 2 1 7 10 4 8 3 9 5 
20180508327 7 8 2 1 10 4 6 9 3 5 
20180508328 5 1 9 3 4 6 10 8 7 2 
20180508329 5 10 2 3 4 7 8 1 6 9 
20180508330 9 10 5 1 3 7 4 8 2 6 
20180508331 8 5 3 1 4 6 2 7 10 9 
20180508332 6 2 10 4 7 8 5 3 1 9 
20180508333 2 6 3 1 9 8 7 4 10 5 
20180508334 8 3 1 2 9 4 10 5 6 7 
20180508335 8 1 10 4 6 7 9 5 2 3 
20180508336 7 6 8 3 2 10 1 4 5 9 
20180508337 2 9 3 5 6 7 8 10 1 4 
20180508338 4 5 8 3 6 10 1 7 9 2 
20180508339 4 2 8 10 5 1 3 6 9 7 
20180508340 2 9 10 5 4 3 1 6 7 8 
20180508341 6 4 5 9 7 3 2 1 10 8 
20180508342 9 1 5 10 6 3 2 7 8 4 
20180508343 2 6 9 7 5 8 3 1 10 4 
20180508344 6 3 2 9 1 4 8 5 10 7 
20180508345 7 4 3 6 1 9 10 8 2 5 
20180508346 6 1 8 9 3 4 2 5 10 7 
20180508347 2 9 3 7 4 6 5 10 8 1 
20180508348 7 9 10 6 8 3 1 2 4 5 
20180508349 8 10 1 9 6 7 5 4 3 2 
20180508350 3 9 8 2 5 6 1 4 10 7 
20180508351 1 7 4 3 6 5 8 2 10 9 
20180508352 2 8 6 5 1 10 9 4 3 7 
20180508353 6 4 8 3 1 5 9 7 10 2 
20180508354 10 4 3 5 8 9 6 7 1 2 
20180508355 3 4 2 9 6 5 7 8 10 1 
20180508356 5 6 3 10 2 4 1 9 8 7 
20180508357 9 2 10 5 7 8 1 3 6 4 
20180508358 3 5 9 1 8 6 4 2 7 10 
20180508359 9 1 10 7 5 3 8 2 4 6 
20180508360 2 7 5 8 4 3 10 9 6 1 
20180508361 9 3 4 7 5 8 2 1 6 10 
20180508362 1 6 5 8 3 2 9 10 4 7 
20180508363 6 1 2 3 7 8 4 9 5 10 
20180508364 4 9 7 10 8 2 5 3 6 1 
20180508365 6 9 2 4 8 1 3 5 7 10 
20180508366 10 2 6 1 8 7 9 5 3 4 
20180508367 8 7 1 5 2 9 4 6 10 3 
20180508368 9 3 10 8 6 5 4 7 2 1 
20180508369 1 7 9 4 8 6 5 2 10 3 
20180508370 7 10 8 9 3 2 6 1 4 5 
20180508371 1 7 5 6 10 2 3 9 4 8 
20180508372 1 5 8 9 7 4 2 3 10 6 
20180508373 4 10 2 9 8 5 7 6 3 1 
20180508374 2 3 7 10 9 8 5 4 1 6 
20180508375 6 1 10 2 5 9 7 4 8 3 
20180508376 9 1 6 2 10 4 5 3 7 8 
20180508377 7 5 3 8 4 10 9 1 2 6 
20180508378 5 8 2 10 3 4 9 1 7 6 
20180508379 6 7 5 2 1 4 8 10 9 3 
20180508380 5 7 6 2 4 9 1 8 10 3 
20180508381 1 10 9 5 6 4 8 3 7 2 
20180508382 5 2 9 10 6 8 1 4 7 3 
20180508383 7 9 1 3 8 10 6 5 4 2 
20180508384 8 3 2 5 10 9 7 6 4 1 
20180508385 10 2 4 5 8 9 3 7 6 1 
20180508386 1 9 3 7 2 5 8 4 6 10 
20180508387 5 3 2 7 6 9 1 4 8 10 
20180508388 6 3 8 5 10 1 9 7 2 4 
20180508389 4 1 2 5 3 10 9 8 7 6 
20180508390 8 2 4 7 5 6 9 3 1 10 
20180508391 4 3 6 2 10 5 9 8 1 7 
20180508392 8 4 9 2 6 7 3 1 10 5 
20180508393 3 7 2 4 9 5 8 10 1 6 
20180508394 9 1 3 7 8 6 10 4 5 2 
20180508395 2 6 8 4 1 10 3 5 7 9 
20180508396 3 6 2 5 7 9 4 1 10 8 
20180508397 9 4 2 3 5 6 10 8 1 7 
20180508398 1 10 2 8 3 7 6 4 9 5 
20180508399 4 6 1 8 5 7 2 9 3 10 
20180508400 1 9 6 5 7 3 10 2 8 4 
20180508401 10 8 3 7 9 4 1 6 2 5 
20180508402 2 4 8 5 10 6 3 7 9 1 
20180508403 9 7 2 4 5 10 6 1 3 8 
20180508404 2 3 7 9 5 4 10 8 6 1 
20180508405 3 5 10 9 8 2 1 4 6 7 
20180508406 2 3 6 7 8 4 9 10 1 5 
20180508407 7 6 5 9 1 3 8 10 2 4 
20180508408 9 10 1 2 8 4 6 3 7 5 
20180508409 3 2 4 8 7 1 6 10 5 9 
20180508410 8 6 10 5 3 1 9 2 4 7 
20180508411 4 9 5 8 6 2 10 7 1 3 
20180508412 8 2 3 5 10 7 4 9 6 1 
20180508413 8 9 7 5 6 4 10 3 2 1 
20180508414 4 1 5 8 7 6 9 3 10 2 
20180508415 9 3 10 8 6 2 4 5 1 7 
20180508416 7 3 2 9 5 4 10 8 6 1 
20180508417 2 6 3 10 1 8 9 5 7 4 
20180508418 6 3 8 5 10 2 1 4 7 9 
20180508419 2 9 3 6 5 10 4 7 8 1 
20180508420 9 4 8 2 7 1 10 5 6 3 
20180508421 3 1 2 6 8 4 7 5 10 9 
20180508422 2 6 5 3 9 4 10 1 8 7 
20180508423 6 9 5 1 3 7 4 10 8 2 
20180508424 1 2 7 5 4 9 8 10 3 6 
20180508425 6 10 3 8 2 1 9 4 5 7 
20180508426 10 6 3 4 9 1 5 7 8 2 
20180508427 7 6 8 5 4 3 9 1 2 10 
20180508428 5 1 3 9 2 7 8 10 4 6 
20180508429 6 10 9 1 2 3 4 7 8 5 
20180508430 10 6 2 5 9 8 4 7 1 3 
20180508431 9 10 5 7 3 4 1 6 2 8 
20180508432 3 10 1 6 7 9 5 4 2 8 
20180508433 6 3 2 9 10 4 1 7 5 8 
20180508434 9 3 10 1 4 2 5 6 8 7 
20180508435 7 8 5 10 1 2 6 4 9 3 
20180508436 4 7 8 1 2 3 9 10 5 6 
20180508437 3 10 1 6 8 7 5 9 4 2 
20180508438 1 8 4 3 6 7 2 5 9 10 
20180508439 2 1 8 4 10 9 3 7 6 5 
20180508440 4 5 3 9 7 8 1 6 10 2 
20180508441 4 8 2 7 6 5 3 10 9 1 
20180508442 8 4 2 9 10 1 7 6 3 5 
20180508443 6 10 2 5 8 4 3 7 1 9 
20180508444 9 8 6 2 5 10 7 1 3 4 
20180508445 5 2 6 4 9 8 10 1 3 7 
20180508446 6 4 1 7 3 5 9 10 2 8 
20180508447 1 4 8 7 6 3 9 2 10 5 
20180508448 5 10 3 7 6 9 4 8 2 1 
20180508449 1 9 8 3 4 7 5 2 10 6 
20180508450 8 10 5 1 4 2 9 6 3 7 
20180508451 10 1 6 2 4 8 9 7 5 3 
20180508452 10 6 5 7 8 9 2 4 1 3 
20180508453 3 9 2 10 5 8 1 7 4 6 
20180508454 3 4 5 10 6 9 2 1 7 8 
20180508455 8 5 4 2 10 7 3 9 1 6 
20180508456 10 5 2 8 9 6 3 4 1 7 
20180508457 10 2 3 9 7 4 6 1 5 8 
20180508458 10 6 7 9 2 3 8 4 1 5 
20180508459 1 3 9 5 10 8 6 4 7 2 
20180508460 1 3 5 2 4 7 10 6 8 9 
20180508461 8 4 2 7 3 5 1 6 10 9 
20180508462 3 10 5 8 6 2 9 4 1 7 
20180508463 2 1 10 4 7 9 6 5 3 8 
20180508464 2 6 3 4 7 5 8 1 9 10 
20180508465 4 8 2 6 10 9 7 1 3 5 
20180508466 9 5 7 3 1 2 4 10 6 8 
20180508467 10 9 3 5 1 6 4 2 8 7 
20180508468 3 4 1 2 8 10 9 6 7 5 
20180508469 3 8 1 9 5 4 10 7 6 2 
20180508470 4 5 7 1 2 8 3 6 9 10 
20180508471 9 5 2 3 8 4 10 1 6 7 
20180508472 8 6 9 3 4 2 1 5 7 10 
20180508473 3 10 6 7 8 9 5 2 4 1 
20180508474 7 9 6 2 10 3 5 1 8 4 
20180508475 3 1 8 2 9 10 5 7 6 4 
20180508476 5 7 2 4 10 8 9 3 1 6 
20180508477 4 5 6 1 3 9 7 2 8 10 
20180508478 7 2 8 9 10 5 3 4 6 1 
20180508479 9 4 5 8 1 2 7 10 3 6 
20180508480 7 6 3 1 8 9 2 5 4 10 
20180508481 1 9 8 7 2 4 10 3 6 5 
20180508482 7 10 9 6 5 2 4 3 1 8 
20180508483 4 8 9 10 5 6 7 1 2 3 
20180508484 6 3 1 4 2 9 5 7 8 10 
20180508485 8 1 2 5 7 9 6 4 3 10 
20180508486 2 6 4 5 10 9 1 8 7 3 
20180508487 3 1 9 7 2 8 4 6 10 5 
20180508488 3 2 7 1 6 10 4 5 9 8 
20180508489 9 8 6 10 2 7 4 3 1 5 
20180508490 6 3 8 4 1 10 5 7 2 9 
20180508491 10 9 4 3 6 1 2 7 5 8 
20180508492 7 1 2 4 5 3 9 8 6 10 
20180508493 3 8 1 7 2 9 10 4 5 6 
20180508494 3 4 9 5 2 1 6 7 10 8 
20180508495 6 10 3 2 8 9 7 1 5 4 
20180508496 4 5 10 7 2 1 8 3 9 6 
20180508497 7 1 2 6 3 10 4 8 5 9 
20180508498 7 8 2 4 3 6 10 5 1 9 
20180508499 1 4 8 10 7 6 9 3 5 2 
20180508500 4 1 10 3 2 6 8 7 9 5 
20180508501 2 6 3 9 1 4 5 7 8 10 
20180508502 3 10 9 4 6 5 8 2 1 7 
20180508503 4 3 10 9 7 5 6 1 8 2 
20180508504 10 4 3 5 8 1 2 6 7 9 
20180508505 8 4 10 5 1 3 6 2 9 7 
20180508506 2 10 7 5 6 3 9 1 4 8 
20180508507 9 4 2 5 10 8 7 6 1 3 
20180508508 9 3 8 7 5 1 6 10 2 4 
20180508509 9 8 6 2 7 5 10 3 1 4 
20180508510 2 8 4 1 10 3 7 6 9 5 
20180508511 8 10 1 2 9 4 7 5 3 6 
20180508512 9 2 7 6 4 5 10 1 3 8 
20180508513 4 6 1 2 8 10 7 3 5 9 
20180508514 7 6 4 5 8 1 3 10 9 2 
20180508515 9 1 6 2 8 3 7 4 5 10 
20180508516 3 9 7 8 4 10 1 5 6 2 
20180508517 8 9 5 1 2 3 10 6 4 7 
20180508518 4 6 8 2 5 7 1 3 10 9 
20180508519 1 9 5 2 7 3 6 4 8 10 
20180508520 5 9 4 7 6 2 8 3 10 1 
20180508521 6 4 10 8 5 3 2 1 7 9 
20180508522 9 5 4 7 6 2 1 3 10 8 
20180508523 8 4 10 9 2 3 1 6 7 5 
20180508524 5 6 1 7 4 8 9 3 2 10 
20180508525 8 9 10 3 1 7 4 5 6 2 
20180508526 4 10 6 2 1 3 9 7 5 8 
20180508527 3 7 10 9 1 6 5 2 4 8 
20180508528 6 9 8 7 3 4 5 2 10 1 
20180508529 6 2 8 3 10 1 7 4 5 9 
20180508530 4 1 9 3 7 5 2 10 6 8 
20180508531 8 4 6 9 3 10 2 1 7 5 
20180508532 7 1 3 8 2 4 9 6 10 5 
20180508533 5 2 7 10 1 4 9 8 3 6 
20180508534 7 3 6 4 9 1 5 10 8 2 
20180508535 4 7 6 8 1 5 2 9 3 10 
20180508536 10 9 8 6 7 4 5 1 3 2 
20180508537 2 1 5 9 10 7 6 3 4 8 
20180508538 9 2 4 6 3 7 10 1 8 5 
20180508539 2 9 1 10 8 6 4 3 5 7 
20180508540 7 5 8 3 6 4 2 1 10 9 
20180508541 2 3 10 7 4 9 8 5 1 6 
20180508542 8 3 1 5 2 10 6 7 9 4 
20180508543 9 4 5 8 1 2 3 10 7 6 
20180508544 4 2 5 7 3 1 6 8 10 9 
20180508545 10 9 2 6 8 1 3 5 7 4 
20180508546 10 7 8 3 9 5 2 4 1 6 
20180508547 4 5 10 1 7 9 8 2 3 6 
20180508548 9 2 10 6 1 8 3 4 7 5 
20180508549 2 7 6 4 1 9 8 10 5 3 
20180508550 10 8 3 7 4 1 5 2 6 9 
20180508551 9 6 4 7 8 5 10 3 1 2 
20180508552 7 1 5 2 10 8 9 4 3 6 
20180508553 7 4 3 5 9 6 1 10 8 2 
20180508554 10 6 4 9 1 7 5 8 2 3 
20180508555 1 3 10 8 2 6 4 5 9 7 
20180508556 9 10 7 6 1 4 3 8 2 5 
20180508557 7 2 9 3 5 8 10 1 6 4 
20180508558 2 6 10 9 3 1 5 8 4 7 
20180508559 2 10 7 9 8 3 4 6 1 5 
20180508560 1 7 4 2 6 5 9 10 3 8 
20180508561 2 9 10 4 7 1 3 8 6 5 
20180508562 2 4 6 8 5 9 1 7 3 10 
20180508563 3 8 5 6 4 9 10 1 7 2 
20180508564 3 6 8 9 7 2 1 5 4 10 
20180508565 7 3 10 6 9 2 1 8 4 5 
20180508566 2 6 10 3 8 7 9 4 5 1 
20180508567 1 6 8 2 10 7 4 5 3 9 
20180508568 5 2 1 3 4 6 10 7 8 9 
20180508569 3 2 7 5 4 6 10 8 9 1 
20180508570 7 4 3 9 2 8 5 10 1 6 
20180508571 8 4 7 3 1 9 5 2 6 10 
20180508572 6 9 2 7 4 5 10 3 1 8 
20180508573 6 4 2 1 3 5 9 10 7 8 
20180508574 5 4 3 7 10 2 9 1 8 6 
20180508575 4 8 10 1 9 7 6 3 2 5 
20180508576 9 1 5 6 2 4 8 7 3 10 
20180508577 8 2 3 9 5 6 7 1 10 4 
20180508578 1 4 2 9 10 5 3 8 6 7 
20180508579 9 4 1 8 10 7 6 2 5 3 
20180508580 2 1 5 7 8 9 10 3 4 6 
20180508581 6 2 10 3 5 1 4 7 9 8 
20180508582 7 1 9 5 3 2 8 6 4 10 
20180508583 9 6 3 1 8 4 10 5 7 2 
20180508584 6 7 2 5 8 9 10 4 3 1 
20180508585 6 8 3 5 4 7 1 9 10 2 
20180508586 8 1 2 4 9 10 7 3 6 5 
20180508587 7 2 10 5 9 6 3 4 8 1 
20180508588 6 8 4 7 10 9 2 1 5 3 
20180508589 1 6 8 7 9 4 10 5 3 2 
20180508590 6 8 3 9 4 1 7 10 2 5 
20180508591 8 10 2 1 3 6 7 5 9 4 
20180508592 2 7 8 9 5 3 10 1 4 6 
20180508593 8 4 9 3 7 1 2 10 6 5 
20180508594 6 9 10 2 3 4 8 5 1 7 
20180508595 6 4 2 9 3 8 1 7 10 5 
20180508596 9 8 1 6 7 3 5 4 10 2 
20180508597 8 10 4 6 9 5 7 3 1 2 
20180508598 2 3 6 9 5 10 8 1 7 4 
20180508599 10 3 1 5 6 7 2 8 4 9 
20180508600 3 2 7 9 5 8 10 1 6 4 
20180508601 1 4 3 2 10 7 6 5 9 8 
20180508602 10 4 3 6 1 2 9 5 7 8 
20180508603 6 8 3 9 2 1 5 7 4 10 
20180508604 4 5 8 1 7 3 9 10 2 6 
20180508605 3 2 5 7 10 9 1 6 4 8 
20180508606 1 5 8 6 7 4 2 3 9 10 
20180508607 6 1 5 2 7 10 3 9 4 8 
20180508608 1 8 9 6 7 2 4 3 10 5 
20180508609 5 6 4 10 7 9 8 3 2 1 
20180508610 8 10 3 9 4 5 6 2 7 1 
20180508611 9 1 10 5 4 6 7 2 8 3 
20180508612 10 4 1 3 6 2 9 5 7 8 
20180508613 10 4 7 9 2 8 3 6 1 5 
20180508614 10 3 4 6 2 5 8 1 7 9 
20180508615 3 2 6 5 7 8 9 10 1 4 
20180508616 8 7 1 2 4 10 3 6 5 9 
20180508617 8 5 4 10 1 7 9 6 2 3 
20180508618 4 3 2 1 8 9 5 7 6 10 
20180508619 3 8 7 1 10 4 9 5 6 2 
20180508620 6 3 8 10 7 9 5 1 2 4 
20180508621 7 6 4 8 3 10 2 1 9 5 
20180508622 8 10 2 4 1 5 6 7 3 9 
20180508623 6 8 10 4 1 2 7 5 9 3 
20180508624 5 7 6 4 3 1 9 2 8 10 
20180508625 7 9 6 5 2 10 8 1 3 4 
20180508626 10 3 2 7 6 8 9 5 4 1 
20180508627 3 7 10 6 1 8 4 5 2 9 
20180508628 9 5 7 1 10 3 2 6 4 8 
20180508629 7 3 9 1 6 2 5 10 8 4 
20180508630 10 7 2 6 3 4 9 1 5 8 
20180508631 2 7 10 9 3 8 4 6 1 5 
20180508632 6 7 9 10 1 2 4 8 5 3 
20180508633 7 3 1 8 5 2 9 4 6 10 
20180508634 3 6 8 7 5 2 10 1 9 4 
20180508635 9 3 1 4 2 6 7 5 8 10 
20180508636 1 3 4 5 9 8 10 2 6 7 
20180508637 7 2 6 10 8 5 4 1 3 9 
20180508638 10 8 4 5 7 2 1 3 9 6 
20180508639 7 10 8 1 6 3 4 2 5 9 
20180508640 8 3 5 1 2 4 9 6 10 7 
20180508641 8 7 6 9 4 3 1 5 2 10 
20180508642 4 5 3 10 8 6 1 2 9 7 
20180508643 4 9 3 6 10 5 1 7 8 2 
20180508644 3 6 5 9 7 4 8 1 2 10 
20180508645 5 2 6 9 8 1 10 7 3 4 
20180508646 2 3 1 9 8 6 10 4 7 5 
20180508647 3 10 5 7 4 6 2 9 8 1 
20180508648 9 7 8 10 2 1 6 5 3 4 
20180508649 4 5 6 2 8 1 10 7 9 3 
20180508650 7 6 2 9 3 8 1 5 10 4 
20180508651 3 5 1 9 8 10 2 6 7 4 
20180508652 9 1 10 3 2 4 8 7 6 5 
20180508653 4 7 3 5 9 10 6 1 2 8 
20180508654 6 1 5 8 4 10 2 7 3 9 
20180508655 5 1 8 2 4 3 6 9 7 10 
20180508656 5 6 1 3 7 9 2 10 4 8 
20180508657 2 1 3 7 8 10 4 9 6 5 
20180508658 3 1 6 2 4 8 7 9 10 5 
20180508659 9 8 10 3 4 1 7 2 5 6 
20180508660 10 1 5 7 4 2 8 3 6 9 
20180508661 4 3 5 7 8 6 1 10 9 2 
20180508662 10 4 1 9 2 6 5 8 7 3 
20180508663 7 5 3 2 4 9 10 6 8 1 
20180508664 1 2 4 6 10 7 8 5 9 3 
20180508665 1 5 10 7 6 4 3 8 9 2 
20180508666 9 4 3 10 1 6 5 7 8 2 
20180508667 8 4 2 1 10 7 6 3 5 9 
20180508668 1 7 4 2 5 6 9 8 3 10 
20180508669 8 3 10 9 1 2 7 4 6 5 
20180508670 8 7 4 9 1 2 6 3 5 10 
20180508671 2 10 3 7 5 9 8 6 4 1 
20180508672 1 2 3 6 9 8 7 5 4 10 
20180508673 3 1 6 8 10 5 7 2 4 9 
20180508674 6 1 10 8 2 4 7 9 5 3 
20180508675 2 8 6 10 9 4 3 1 5 7 
20180508676 10 2 7 8 6 9 4 3 5 1 
20180508677 2 3 5 9 10 1 8 6 4 7 
20180508678 3 7 1 2 8 4 9 10 5 6 
20180508679 6 2 3 9 4 5 10 8 1 7 
20180508680 5 6 3 4 9 1 10 2 7 8 
20180508681 1 7 9 8 5 10 3 2 4 6 
20180508682 5 7 8 3 4 1 9 6 10 2 
20180508683 4 3 8 5 10 2 7 1 6 9 
20180508684 8 7 9 4 6 5 3 1 2 10 
20180508685 6 1 4 7 10 3 9 8 2 5 
20180508686 10 4 5 7 9 3 6 2 8 1 
20180508687 8 6 3 2 5 7 10 4 1 9 
20180508688 7 9 3 10 5 6 8 1 2 4 
20180508689 7 2 9 8 4 6 10 3 5 1 
20180508690 7 2 6 10 3 9 5 4 1 8 
20180508691 10 9 8 7 4 2 5 3 6 1 
20180508692 9 1 8 3 2 5 7 6 10 4 
20180508693 5 6 1 2 3 7 8 4 9 10 
20180508694 7 10 5 6 1 8 2 9 3 4 
20180508695 3 8 5 1 4 10 2 6 9 7 
20180508696 2 6 5 7 8 10 1 3 4 9 
20180508697 7 6 1 10 9 2 3 5 8 4 
20180508698 8 1 4 2 6 9 5 10 3 7 
20180508699 5 3 4 8 10 6 7 1 9 2 
20180508700 8 2 5 9 1 7 3 4 6 10 
20180508701 8 7 3 10 5 2 1 4 6 9 
20180508702 9 3 7 8 1 5 4 2 6 10 
20180508703 2 1 4 5 6 10 7 8 3 9 
20180508704 4 6 7 3 2 9 1 5 10 8 
20180508705 4 3 2 9 1 8 6 10 7 5 
20180508706 4 2 3 1 10 8 5 6 7 9 
20180508707 10 7 1 3 8 2 9 5 6 4 
20180508708 2 9 8 10 5 6 4 1 7 3 
20180508709 8 10 7 3 4 9 6 5 2 1 
20180508710 9 4 8 7 3 5 6 1 2 10 
20180508711 1 4 9 6 2 3 7 5 10 8 
20180508712 9 7 8 2 6 10 4 1 3 5 
20180508713 4 6 9 2 10 7 8 3 5 1 
20180508714 3 1 7 9 10 6 4 8 5 2 
20180508715 7 5 4 3 8 9 1 10 6 2 
20180508716 3 1 2 4 7 5 6 9 8 10 
20180508717 1 7 10 3 5 8 6 9 4 2 
20180508718 6 7 3 9 10 5 1 2 4 8 
20180508719 2 9 8 10 3 5 4 7 1 6 
20180508720 5 8 4 2 1 9 6 7 3 10 
20180508721 6 4 7 1 8 10 5 2 9 3 
20180508722 2 8 9 7 1 4 6 10 3 5 
20180508723 3 1 6 5 8 9 7 2 4 10 
20180508724 5 6 10 2 9 7 1 3 4 8 
20180508725 7 9 8 4 2 1 3 10 6 5 
20180508726 3 8 7 6 5 2 10 9 4 1 
20180508727 2 6 1 4 10 5 3 7 8 9 
20180508728 10 3 4 5 8 6 1 2 7 9 
20180508729 5 9 4 7 3 6 8 10 2 1 
20180508730 5 4 7 1 9 3 6 2 10 8 
20180508731 2 6 5 3 8 4 9 7 10 1 
20180508732 1 10 3 8 7 2 4 9 6 5 
20180508733 6 10 5 7 8 9 1 4 2 3 
20180508734 5 3 6 8 4 1 9 2 10 7 
20180508735 8 1 3 7 5 4 6 2 9 10 
20180508736 7 5 4 9 2 3 10 8 1 6 
20180508737 7 10 8 6 4 3 1 2 5 9 
20180508738 6 7 1 10 4 5 3 9 8 2 
20180508739 5 8 2 6 9 3 4 1 7 10 
20180508740 2 8 6 7 10 4 5 1 9 3 
20180508741 4 8 7 2 6 3 5 9 1 10 
20180508742 1 6 9 4 8 5 10 7 3 2 
20180508743 8 3 4 1 5 7 2 9 6 10 
20180508744 4 5 3 2 9 8 1 7 10 6 
20180508745 8 9 7 3 4 6 10 5 2 1 
20180508746 10 3 1 7 8 5 9 2 4 6 
20180508747 8 9 1 6 7 4 2 10 3 5 
20180508748 1 2 7 6 5 4 3 8 10 9 
20180508749 1 4 5 3 8 9 6 2 10 7 
20180508750 4 9 2 10 5 1 6 7 3 8 
20180508751 1 4 9 6 5 3 2 10 7 8 
20180508752 1 6 4 5 8 9 3 7 2 10 
20180508753 2 9 1 3 6 10 7 4 8 5 
20180508754 10 5 2 9 8 1 6 3 7 4 
20180508755 10 5 4 7 6 8 1 3 9 2 
20180508756 2 5 8 4 3 9 7 10 1 6 
20180508757 5 9 10 8 7 6 4 1 2 3 
20180508758 10 5 8 4 9 7 3 6 2 1 
20180508759 1 8 6 5 9 7 10 2 3 4 
20180508760 3 9 8 6 1 4 2 7 10 5 
20180508761 7 6 4 5 1 10 3 8 2 9 
20180508762 4 10 7 6 5 9 2 3 8 1 
20180508763 10 4 6 1 5 2 3 7 9 8 
20180508764 7 5 2 9 8 10 1 4 3 6 
20180508765 4 2 6 9 5 1 10 7 3 8 
20180508766 6 8 2 10 3 5 7 4 9 1 
20180508767 5 8 9 7 1 6 10 3 2 4 
20180508768 6 7 5 9 1 3 8 2 10 4 
20180508769 5 2 8 7 10 3 1 4 9 6 
20180508770 6 5 4 2 9 10 1 7 3 8 
20180508771 4 1 2 10 8 7 3 5 9 6 
20180508772 3 7 5 2 9 1 6 4 10 8 
20180508773 8 4 6 7 5 3 9 10 2 1 
20180508774 7 8 9 4 10 3 1 6 2 5 
20180508775 7 9 6 2 4 3 5 1 8 10 
20180508776 3 7 9 8 5 2 4 10 1 6 
20180508777 3 8 4 1 9 10 5 6 2 7 
20180508778 6 1 7 2 9 10 8 3 4 5 
20180508779 4 10 5 9 6 3 8 2 1 7 
20180508780 1 6 2 5 9 7 4 8 10 3 
20180508781 2 8 7 10 6 5 9 1 4 3 
20180508782 4 8 6 3 7 1 10 5 2 9 
20180508783 6 8 9 7 5 3 1 2 4 10 
20180508784 1 10 6 5 9 2 4 3 8 7 
20180508785 5 10 7 2 6 4 8 1 3 9 
20180508786 7 2 9 1 4 3 6 5 10 8 
20180508787 7 5 3 8 10 9 2 4 6 1 
20180508788 10 4 6 9 5 3 7 8 2 1 
20180508789 1 10 9 6 2 4 3 8 5 7 
20180508790 1 6 5 2 3 7 10 4 9 8 
20180508791 5 10 1 3 8 2 9 6 7 4 
20180508792 10 7 3 6 4 8 2 5 1 9 
20180508793 2 4 5 3 6 7 1 8 10 9 
20180508794 7 5 2 9 4 6 8 3 10 1 
20180508795 9 3 6 2 1 5 8 10 7 4 
20180508796 5 9 10 6 4 1 8 2 3 7 
20180508797 9 1 10 6 7 2 3 8 5 4 
20180508798 7 9 1 5 3 6 8 4 2 10 
20180508799 2 8 4 3 7 6 9 5 1 10 
20180508800 6 8 5 9 1 2 3 10 7 4 
20180508801 3 10 7 1 4 5 6 8 2 9 
20180508802 2 10 3 9 5 1 7 8 6 4 
20180508803 1 9 3 8 7 6 10 4 2 5 
20180508804 7 5 2 10 4 9 3 6 1 8 
20180508805 1 3 9 6 4 8 5 10 7 2 
20180508806 8 1 10 4 6 7 3 9 5 2 
20180508807 5 6 1 8 3 9 4 10 2 7 
20180508808 7 8 3 10 4 1 2 6 5 9 
20180508809 4 1 7 2 9 8 5 3 6 10 
20180508810 6 7 1 4 9 10 2 5 8 3 
20180508811 6 4 2 1 9 5 3 8 10 7 
20180508812 2 9 8 4 7 6 5 3 1 10 
20180508813 7 9 4 5 6 3 8 10 1 2 
20180508814 4 10 6 8 9 1 3 7 5 2 
20180508815 6 4 3 1 7 8 9 10 5 2 
20180508816 10 5 7 3 9 1 2 4 8 6 
20180508817 9 3 5 1 2 4 7 6 10 8 
20180508818 7 2 8 6 1 9 5 4 10 3 
20180508819 2 7 6 1 9 5 8 4 3 10 
20180508820 6 4 10 2 9 8 7 5 3 1 
20180508821 2 8 4 1 7 3 5 6 10 9 
20180508822 3 5 7 9 4 1 10 6 2 8 
20180508823 7 2 8 3 6 9 5 1 4 10 
20180508824 5 2 10 4 3 6 8 7 9 1 
20180508825 9 10 3 5 7 4 2 8 1 6 
20180508826 2 9 6 1 7 4 10 8 5 3 
20180508827 3 5 1 4 7 9 6 2 10 8 
20180508828 6 8 4 7 5 1 9 2 3 10 
20180508829 2 8 3 4 10 7 1 9 6 5 
20180508830 1 7 4 10 6 2 3 9 5 8 
20180508831 5 4 1 9 8 7 3 10 2 6 
20180508832 5 10 3 7 6 9 8 4 2 1 
20180508833 1 2 3 6 4 10 7 5 8 9 
20180508834 8 5 3 7 6 4 2 9 10 1 
20180508835 6 3 2 4 5 8 1 10 7 9 
20180508836 2 5 9 3 4 6 8 7 1 10 
20180508837 6 7 1 4 5 8 3 9 2 10 
20180508838 7 1 9 6 2 3 8 10 5 4 
20180508839 9 10 4 8 6 3 5 1 2 7 
20180508840 3 6 4 10 5 2 8 9 7 1 
20180508841 9 7 6 5 10 3 2 4 1 8 
20180508842 4 10 7 9 8 3 5 6 2 1 
20180508843 2 6 10 3 9 4 1 7 8 5 
20180508844 3 5 9 8 6 7 2 1 10 4 
20180508845 4 2 3 7 1 5 10 9 6 8 
20180508846 5 7 4 6 10 1 3 8 9 2 
20180508847 2 6 9 5 7 4 3 1 8 10 
20180508848 9 3 4 5 6 7 8 10 1 2 
20180508849 4 9 5 6 7 8 10 1 2 3 
20180508850 10 5 2 3 7 6 9 1 8 4 
20180508851 5 1 6 3 2 10 7 8 4 9 
20180508852 5 3 10 4 7 8 1 2 9 6 
20180508853 1 5 6 4 10 8 9 7 2 3 
20180508854 6 7 1 2 8 9 10 5 3 4 
20180508855 2 1 9 7 10 8 4 6 5 3 
20180508856 1 5 7 4 9 3 6 10 2 8 
20180508857 3 7 4 5 10 9 8 2 1 6 
20180508858 2 7 5 1 9 10 6 4 3 8 
20180508859 10 3 8 5 9 6 2 1 7 4 
20180508860 3 9 5 2 1 8 10 6 4 7 
20180508861 5 10 7 3 9 6 4 1 2 8 
20180508862 9 4 8 3 7 5 1 2 10 6 
20180508863 4 1 5 3 2 8 6 7 10 9 
20180508864 7 5 6 4 1 10 8 9 2 3 
20180508865 8 5 6 3 10 9 2 4 1 7 
20180508866 1 3 6 4 10 8 7 2 9 5 
20180508867 9 7 5 2 10 1 8 3 6 4 
20180508868 3 9 2 1 7 4 5 6 8 10 
20180508869 6 2 8 9 5 3 10 1 4 7 
20180508870 3 9 5 10 6 8 4 2 7 1 
20180508871 2 9 10 6 5 3 8 1 7 4 
20180508872 10 1 3 7 5 2 9 8 6 4 
20180508873 4 10 2 3 5 8 6 1 7 9 
20180508874 8 5 6 1 4 10 2 3 9 7 
20180508875 3 2 8 5 10 7 9 4 1 6 
20180508876 1 2 10 7 4 8 5 6 9 3 
20180508877 5 9 6 8 4 7 2 1 10 3 
20180508878 1 5 2 8 4 10 3 6 7 9 
20180508879 7 2 4 9 3 5 1 6 10 8 
20180508880 2 8 9 5 10 7 4 1 3 6 
20180508881 10 1 7 2 3 5 9 8 6 4 
20180508882 7 8 2 10 3 9 4 6 1 5 
20180508883 4 1 6 10 2 3 7 5 9 8 
20180508884 5 6 8 2 1 3 4 10 7 9 
20180508885 2 4 1 9 5 3 8 7 10 6 
20180508886 10 2 8 7 3 6 5 9 1 4 
20180508887 10 8 3 9 7 4 1 2 6 5 
20180508888 1 6 2 10 9 4 3 7 5 8 
20180508889 1 8 6 10 5 4 7 2 9 3 
20180508890 7 2 4 5 10 1 3 6 9 8 
20180508891 3 9 8 2 7 5 1 6 4 10 
20180508892 6 8 9 3 4 5 10 2 1 7 
20180508893 10 3 2 4 7 1 5 6 9 8 
20180508894 7 10 4 3 6 5 1 2 9 8 
20180508895 8 9 1 2 3 10 7 6 5 4 
20180508896 6 2 10 8 1 5 4 9 7 3 
20180508897 1 7 9 5 3 6 8 4 10 2 
20180508898 8 9 6 1 7 4 5 2 3 10 
20180508899 3 9 7 4 8 6 5 10 1 2 
20180508900 2 4 5 7 6 10 8 1 9 3 
20180508901 7 6 9 5 1 10 4 8 2 3 
20180508902 10 3 2 5 1 4 6 9 7 8 
20180508903 7 4 10 5 8 1 3 6 2 9 
20180508904 9 6 7 8 5 4 3 10 2 1 
20180508905 10 7 5 3 4 8 6 9 2 1 
20180508906 1 7 9 2 10 3 4 8 6 5 
20180508907 8 3 4 9 6 1 7 5 10 2 
20180508908 3 10 7 6 4 5 8 9 2 1 
20180508909 2 4 3 1 5 6 9 7 8 10 
20180508910 7 5 2 3 4 1 8 10 6 9 
20180508911 2 8 9 5 10 7 1 3 4 6 
20180508912 10 1 3 8 4 6 7 2 5 9 
20180508913 10 8 7 9 3 5 2 1 6 4 
20180508914 9 4 6 8 10 7 1 2 5 3 
20180508915 5 10 4 2 1 8 6 7 9 3 
20180508916 4 7 2 1 10 8 3 5 9 6 
20180508917 7 6 2 9 10 4 1 3 8 5 
20180508918 4 6 1 3 5 8 2 9 10 7 
20180508919 9 10 8 7 2 6 5 1 4 3 
20180508920 7 6 5 4 8 10 1 3 9 2 
20180508921 10 7 3 2 1 8 5 4 6 9 
20180508922 7 10 3 6 2 5 4 9 1 8 
20180508923 3 9 4 5 2 7 8 1 6 10 
20180508924 8 4 3 7 1 2 9 5 6 10 
20180508925 1 5 9 2 6 3 10 4 8 7 
20180508926 8 6 10 4 2 7 9 3 5 1 
20180508927 5 7 3 1 4 8 9 6 10 2 
20180508928 3 2 1 7 8 4 5 10 6 9 
20180508929 6 1 3 5 4 2 9 10 8 7 
20180508930 7 9 6 2 5 8 3 10 4 1 
20180508931 8 5 7 3 9 6 10 2 1 4 
20180508932 7 2 4 1 5 10 9 8 6 3 
20180508933 4 8 9 1 10 2 5 6 7 3 
20180508934 9 6 8 3 5 10 4 2 7 1 
20180508935 9 7 5 3 6 10 2 1 4 8 
20180508936 3 8 6 1 9 7 5 4 10 2 
20180508937 10 5 9 3 2 8 1 6 7 4 
20180508938 2 10 5 6 8 4 1 9 7 3 
20180508939 6 8 9 4 1 3 2 10 5 7 
20180508940 4 9 6 1 10 3 7 8 2 5 
20180508941 10 9 6 5 7 2 1 3 8 4 
20180508942 5 9 7 3 8 6 2 4 1 10 
20180508943 7 4 2 1 3 10 5 6 9 8 
20180508944 3 2 6 8 7 1 10 9 4 5 
20180508945 10 3 8 1 5 9 2 7 4 6 
20180508946 6 2 1 8 3 4 10 9 7 5 
20180508947 1 7 3 9 4 2 6 10 5 8 
20180508948 10 3 2 5 4 9 6 1 8 7 
20180508949 3 8 1 10 6 7 5 9 4 2 
20180508950 5 6 3 10 1 8 4 2 9 7 
20180508951 7 3 1 5 10 4 2 9 6 8 
20180508952 5 4 1 3 10 6 2 8 7 9 
20180508953 1 7 6 10 4 8 3 5 2 9 
20180508954 3 7 2 10 1 8 5 4 9 6 
20180508955 8 6 2 9 5 4 1 3 7 10 
20180508956 6 5 3 7 9 4 8 1 2 10 
20180508957 3 10 8 4 2 5 7 6 1 9 
20180508958 6 7 4 8 5 3 2 1 9 10 
20180508959 6 8 10 4 2 7 3 1 5 9 
20180508960 2 6 10 3 4 5 1 7 9 8 
20180508961 3 10 2 8 6 7 9 1 4 5 
20180508962 1 3 8 2 9 4 6 10 7 5 
20180508963 3 2 1 8 7 5 4 9 10 6 
20180508964 8 7 3 9 1 2 4 10 6 5 
20180508965 2 9 3 1 4 8 10 5 6 7 
20180508966 5 4 8 7 10 3 1 6 9 2 
20180508967 6 9 5 1 10 8 2 7 4 3 
20180508968 3 7 8 2 5 1 9 4 6 10 
20180508969 5 7 8 10 9 1 3 6 2 4 
20180508970 2 10 7 5 8 9 6 1 4 3 
20180508971 8 7 2 5 1 9 4 3 10 6 
20180508972 10 5 9 2 4 1 6 8 7 3 
20180508973 2 4 10 6 1 5 8 9 7 3 
20180508974 6 9 5 2 4 8 1 7 10 3 
20180508975 8 10 5 2 4 1 9 3 6 7 
20180508976 3 7 1 10 5 8 4 6 2 9 
20180508977 6 4 2 10 5 1 9 7 8 3 
20180508978 3 6 2 10 7 8 1 9 4 5 
20180508979 7 9 2 6 5 4 8 3 1 10 
20180508980 1 10 8 5 6 9 2 3 7 4 
20180508981 4 3 9 8 7 10 1 2 5 6 
20180508982 2 10 5 8 4 1 6 3 7 9 
20180508983 2 9 10 3 6 5 8 7 4 1 
20180508984 8 7 6 1 9 2 3 10 5 4 
20180508985 1 8 6 9 7 3 5 10 4 2 
