20180505001 8 5 4 1 7 3 6 10 2 9 
20180505002 4 3 5 2 10 9 1 6 8 7 
20180505003 4 8 9 1 3 5 10 2 6 7 
20180505004 2 6 9 1 8 5 4 3 7 10 
20180505005 6 3 8 4 10 7 2 1 5 9 
20180505006 3 2 10 9 6 5 7 8 4 1 
20180505007 5 1 9 4 2 6 10 7 3 8 
20180505008 4 3 8 5 2 9 7 1 10 6 
20180505009 1 5 4 9 7 2 3 6 8 10 
20180505010 10 8 9 5 6 1 7 2 3 4 
20180505011 3 9 8 10 2 5 1 6 7 4 
20180505012 4 9 6 2 3 10 1 7 5 8 
20180505013 6 2 9 1 5 8 3 7 10 4 
20180505014 6 1 5 7 9 8 2 10 4 3 
20180505015 6 1 5 3 9 4 2 10 7 8 
20180505016 7 4 6 2 3 8 10 5 9 1 
20180505017 6 10 9 5 4 7 3 8 2 1 
20180505018 8 10 2 9 3 6 5 4 1 7 
20180505019 5 8 10 3 4 9 2 7 6 1 
20180505020 5 1 4 2 10 3 9 6 8 7 
20180505021 2 3 4 6 1 8 9 10 5 7 
20180505022 3 4 5 6 2 1 7 10 9 8 
20180505023 10 3 6 5 4 1 9 8 2 7 
20180505024 9 3 10 7 8 6 1 4 5 2 
20180505025 6 1 5 2 3 9 7 8 10 4 
20180505026 10 5 3 2 4 7 9 1 8 6 
20180505027 4 1 2 8 6 10 3 9 7 5 
20180505028 2 1 8 6 7 5 9 3 4 10 
20180505029 5 4 3 7 2 8 10 9 1 6 
20180505030 6 8 3 4 1 2 7 10 5 9 
20180505031 1 5 3 4 2 9 6 8 10 7 
20180505032 8 5 10 6 4 9 1 2 3 7 
20180505033 2 7 1 6 10 3 8 9 4 5 
20180505034 5 10 1 8 9 7 3 2 4 6 
20180505035 5 2 8 3 1 10 4 6 9 7 
20180505036 7 4 10 9 5 1 3 6 8 2 
20180505037 1 2 8 10 3 4 7 9 5 6 
20180505038 9 7 1 6 5 2 10 3 4 8 
20180505039 3 1 4 7 6 10 9 8 5 2 
20180505040 10 9 3 8 7 1 5 6 2 4 
20180505041 9 7 2 6 1 8 3 4 10 5 
20180505042 9 6 5 4 7 8 1 2 3 10 
20180505043 2 9 6 8 3 10 1 7 5 4 
20180505044 7 5 2 8 4 10 9 6 3 1 
20180505045 4 8 5 9 10 1 2 7 3 6 
20180505046 1 4 10 6 7 5 3 2 8 9 
20180505047 3 1 6 5 4 9 7 8 10 2 
20180505048 5 2 4 10 8 7 6 3 9 1 
20180505049 5 6 9 3 2 7 1 4 8 10 
20180505050 7 2 9 6 4 10 3 5 1 8 
20180505051 9 1 2 8 7 6 5 10 4 3 
20180505052 1 6 7 3 4 9 2 5 10 8 
20180505053 7 8 2 9 5 4 1 10 6 3 
20180505054 8 3 5 6 7 9 1 10 4 2 
20180505055 5 4 3 8 6 9 7 1 2 10 
20180505056 1 7 2 6 5 4 9 10 8 3 
20180505057 2 1 9 10 6 8 3 4 7 5 
20180505058 2 3 5 8 7 1 9 4 10 6 
20180505059 10 2 3 1 9 4 7 6 8 5 
20180505060 8 10 4 1 3 7 5 2 6 9 
20180505061 8 1 4 6 7 3 9 5 10 2 
20180505062 10 4 2 7 5 8 3 9 6 1 
20180505063 2 1 8 10 4 7 3 6 9 5 
20180505064 6 10 7 1 5 9 3 2 8 4 
20180505065 1 5 6 7 4 8 10 9 3 2 
20180505066 6 4 9 3 5 10 2 1 8 7 
20180505067 4 9 2 3 6 5 8 7 1 10 
20180505068 7 6 3 10 9 5 4 1 8 2 
20180505069 9 6 7 8 10 3 1 5 4 2 
20180505070 3 2 4 7 8 1 6 5 10 9 
20180505071 6 1 7 5 10 2 4 8 3 9 
20180505072 3 9 2 4 7 10 8 5 6 1 
20180505073 8 6 10 3 5 2 9 1 4 7 
20180505074 9 7 1 3 5 2 6 8 10 4 
20180505075 5 8 6 10 2 3 7 9 1 4 
20180505076 8 10 4 2 1 9 5 3 7 6 
20180505077 4 2 5 1 6 10 9 7 3 8 
20180505078 3 1 4 8 2 7 9 10 6 5 
20180505079 7 5 9 4 2 3 10 6 8 1 
20180505080 4 1 9 10 8 2 6 3 7 5 
20180505081 5 8 6 10 3 9 4 2 7 1 
20180505082 3 5 2 1 10 6 9 8 4 7 
20180505083 2 5 9 3 1 10 6 8 4 7 
20180505084 6 7 8 10 5 2 4 3 9 1 
20180505085 8 10 1 9 3 2 7 5 4 6 
20180505086 6 3 2 5 7 9 10 8 1 4 
20180505087 5 2 10 6 8 4 7 9 1 3 
20180505088 10 8 6 1 3 4 2 5 9 7 
20180505089 10 7 5 3 9 2 4 8 6 1 
20180505090 1 2 8 7 9 10 5 3 4 6 
20180505091 3 7 4 2 6 1 9 5 8 10 
20180505092 1 4 3 9 6 2 7 5 8 10 
20180505093 2 7 9 1 3 5 6 8 10 4 
20180505094 7 10 8 2 3 9 4 5 6 1 
20180505095 5 6 2 8 3 1 4 9 7 10 
20180505096 10 5 3 9 8 7 2 4 1 6 
20180505097 4 7 3 1 10 9 2 6 8 5 
20180505098 5 3 7 10 2 1 6 4 8 9 
20180505099 8 4 9 7 1 2 3 5 10 6 
20180505100 10 8 3 2 1 4 9 7 5 6 
20180505101 5 10 8 4 7 3 1 6 2 9 
20180505102 4 6 5 3 10 1 2 7 8 9 
20180505103 3 8 1 7 5 10 4 9 6 2 
20180505104 7 2 10 5 8 6 3 4 9 1 
20180505105 1 3 8 2 10 4 5 6 7 9 
20180505106 3 8 1 10 5 9 7 6 4 2 
20180505107 1 3 5 7 4 8 6 10 9 2 
20180505108 9 6 2 10 4 1 5 3 8 7 
20180505109 8 10 3 4 5 7 2 6 9 1 
20180505110 9 5 6 8 7 10 4 1 3 2 
20180505111 2 1 3 9 10 4 7 5 6 8 
20180505112 9 10 1 7 8 5 2 3 4 6 
20180505113 9 1 5 10 8 7 4 2 3 6 
20180505114 1 3 9 8 6 4 5 2 10 7 
20180505115 2 3 4 1 5 8 6 7 10 9 
20180505116 7 8 5 3 2 9 4 10 6 1 
20180505117 2 6 7 8 10 4 1 5 3 9 
20180505118 7 8 9 4 10 5 6 3 2 1 
20180505119 10 5 7 4 1 6 2 8 3 9 
20180505120 1 5 2 6 9 3 10 4 7 8 
20180505121 1 5 10 3 7 9 6 2 8 4 
20180505122 9 2 8 6 5 3 10 7 4 1 
20180505123 3 4 1 9 6 10 5 2 8 7 
20180505124 10 9 3 8 6 4 5 7 2 1 
20180505125 4 8 7 10 6 5 1 3 9 2 
20180505126 10 7 5 3 9 4 2 6 1 8 
20180505127 3 4 10 5 1 6 9 7 8 2 
20180505128 1 6 9 7 8 3 10 4 2 5 
20180505129 10 6 3 9 5 7 2 8 1 4 
20180505130 2 6 5 7 10 1 8 3 4 9 
20180505131 1 4 7 8 5 10 6 9 3 2 
20180505132 10 9 4 3 8 5 6 7 2 1 
20180505133 8 1 5 6 4 9 7 10 2 3 
20180505134 10 2 1 5 6 4 9 7 3 8 
20180505135 2 1 4 7 10 5 6 3 8 9 
20180505136 1 10 8 4 3 9 2 6 7 5 
20180505137 7 9 8 1 10 2 4 5 6 3 
20180505138 1 7 6 2 5 8 9 4 3 10 
20180505139 6 5 7 8 10 1 4 3 2 9 
20180505140 10 3 6 7 2 9 5 8 1 4 
20180505141 3 9 8 6 4 5 2 1 7 10 
20180505142 5 8 2 10 4 9 6 7 3 1 
20180505143 7 1 8 4 6 10 2 5 9 3 
20180505144 5 8 4 3 7 2 10 1 6 9 
20180505145 5 6 9 1 8 7 2 3 10 4 
20180505146 4 10 7 5 2 9 1 6 3 8 
20180505147 7 3 5 4 8 9 10 2 1 6 
20180505148 3 7 10 4 2 1 8 5 9 6 
20180505149 2 7 5 6 8 10 3 9 1 4 
20180505150 6 1 5 7 4 9 8 2 3 10 
20180505151 2 9 5 1 8 3 6 7 4 10 
20180505152 3 10 9 2 6 5 4 1 7 8 
20180505153 4 9 1 8 2 6 3 10 7 5 
20180505154 4 5 9 7 3 6 8 2 1 10 
20180505155 6 4 7 5 8 10 3 9 1 2 
20180505156 5 9 4 7 1 3 10 6 8 2 
20180505157 7 5 9 10 4 6 2 1 3 8 
20180505158 3 7 5 9 1 10 2 6 4 8 
20180505159 9 5 6 2 7 8 4 1 3 10 
20180505160 4 9 10 1 8 2 5 7 3 6 
20180505161 8 7 5 3 6 9 1 2 4 10 
20180505162 2 6 9 7 1 3 5 8 10 4 
20180505163 1 4 6 3 10 8 5 9 2 7 
20180505164 2 6 9 3 5 7 4 1 10 8 
20180505165 3 5 6 8 1 7 4 9 2 10 
20180505166 9 3 10 4 5 8 1 7 2 6 
20180505167 7 8 10 4 2 5 3 1 6 9 
20180505168 10 2 5 7 6 8 1 4 3 9 
20180505169 3 7 9 1 4 6 10 8 2 5 
20180505170 8 6 9 10 1 7 5 3 4 2 
20180505171 5 1 2 6 9 7 4 10 3 8 
20180505172 9 5 10 4 3 7 6 1 2 8 
20180505173 10 6 2 7 1 5 4 9 8 3 
20180505174 10 2 3 4 1 6 7 5 8 9 
20180505175 1 3 7 8 9 2 10 4 5 6 
20180505176 3 1 2 5 8 9 10 6 7 4 
20180505177 2 3 4 1 6 8 5 9 10 7 
20180505178 4 7 2 6 3 8 5 10 1 9 
20180505179 2 3 1 4 6 7 8 5 9 10 
20180505180 4 3 8 6 2 1 10 7 5 9 
20180505181 5 2 3 8 9 7 4 1 6 10 
20180505182 7 4 8 2 3 1 6 10 9 5 
20180505183 10 7 1 4 9 3 5 8 2 6 
20180505184 1 2 4 5 7 3 9 10 6 8 
20180505185 5 8 2 1 10 3 4 9 6 7 
20180505186 7 8 6 2 10 4 5 1 3 9 
20180505187 1 7 4 10 8 9 5 6 2 3 
20180505188 4 9 6 1 5 8 7 10 2 3 
20180505189 8 3 4 1 9 5 6 7 10 2 
20180505190 6 7 4 2 8 3 5 1 10 9 
20180505191 8 5 2 4 1 9 10 7 6 3 
20180505192 1 4 3 6 10 9 2 7 8 5 
20180505193 10 1 2 8 6 9 4 3 5 7 
20180505194 2 6 5 1 7 4 9 8 10 3 
20180505195 5 4 8 6 2 10 9 1 3 7 
20180505196 1 3 4 7 5 6 8 9 10 2 
20180505197 8 5 3 4 2 6 10 9 7 1 
20180505198 8 4 5 1 7 9 6 3 2 10 
20180505199 7 3 1 5 2 8 9 6 4 10 
20180505200 1 6 4 3 8 10 2 7 9 5 
20180505201 3 10 1 2 9 7 4 8 5 6 
20180505202 6 3 9 7 10 5 2 8 4 1 
20180505203 7 9 5 10 2 3 6 4 1 8 
20180505204 8 3 4 9 1 2 6 10 7 5 
20180505205 4 9 10 8 5 3 7 6 1 2 
20180505206 6 7 9 8 1 10 3 5 4 2 
20180505207 2 4 3 6 1 9 10 7 5 8 
20180505208 10 2 9 6 3 4 5 7 8 1 
20180505209 9 5 8 10 4 2 7 1 6 3 
20180505210 8 3 5 1 10 9 4 2 6 7 
20180505211 8 2 10 3 5 7 6 1 4 9 
20180505212 8 3 5 6 7 4 2 1 10 9 
20180505213 8 3 5 4 1 10 2 9 7 6 
20180505214 8 3 4 9 2 6 5 10 1 7 
20180505215 10 2 3 9 7 8 6 4 5 1 
20180505216 2 4 6 7 10 8 3 9 1 5 
20180505217 10 7 2 9 6 3 4 8 1 5 
20180505218 10 9 2 3 7 6 4 8 5 1 
20180505219 2 4 6 10 5 3 9 8 7 1 
20180505220 10 9 8 5 4 1 3 6 7 2 
20180505221 6 4 5 3 9 1 7 8 2 10 
20180505222 2 3 10 4 7 6 5 1 9 8 
20180505223 10 3 2 6 7 5 4 1 8 9 
20180505224 1 6 10 4 7 8 2 9 5 3 
20180505225 9 1 8 7 5 10 3 6 4 2 
20180505226 8 7 1 3 6 9 5 10 2 4 
20180505227 7 5 1 2 3 4 6 9 10 8 
20180505228 6 9 1 5 7 10 3 4 8 2 
20180505229 9 5 4 2 7 8 6 3 1 10 
20180505230 6 8 4 3 5 1 7 2 10 9 
20180505231 9 3 5 4 7 10 1 6 8 2 
20180505232 6 7 9 3 5 8 4 10 2 1 
20180505233 6 10 2 8 3 9 5 1 7 4 
20180505234 6 10 9 2 5 7 8 4 1 3 
20180505235 10 7 6 8 5 4 3 1 9 2 
20180505236 5 6 1 9 10 3 2 4 7 8 
20180505237 8 5 7 1 9 6 2 3 4 10 
20180505238 6 1 10 3 5 7 8 2 4 9 
20180505239 6 8 3 2 9 10 4 7 5 1 
20180505240 7 4 3 6 10 5 8 2 1 9 
20180505241 10 9 7 3 2 5 4 6 1 8 
20180505242 6 2 5 7 3 10 9 1 8 4 
20180505243 5 6 1 3 2 10 4 8 7 9 
20180505244 1 6 3 9 8 10 4 7 5 2 
20180505245 9 10 8 7 4 1 6 3 2 5 
20180505246 10 4 3 5 6 2 8 7 1 9 
20180505247 4 1 5 8 2 9 6 10 3 7 
20180505248 6 2 3 9 7 4 8 5 1 10 
20180505249 6 10 2 5 3 1 7 8 9 4 
20180505250 1 10 6 7 5 3 4 8 2 9 
20180505251 9 8 2 6 5 1 4 3 10 7 
20180505252 1 2 4 7 8 10 3 6 5 9 
20180505253 7 6 8 10 5 3 9 2 4 1 
20180505254 10 9 2 8 3 7 5 4 1 6 
20180505255 4 5 2 6 3 1 10 9 7 8 
20180505256 10 4 9 6 7 3 8 5 1 2 
20180505257 8 2 6 3 7 10 5 9 4 1 
20180505258 6 9 4 5 10 8 2 1 3 7 
20180505259 8 2 3 1 10 6 4 9 5 7 
20180505260 10 4 1 7 5 3 6 2 9 8 
20180505261 1 3 10 7 4 8 2 5 6 9 
20180505262 6 2 7 3 8 4 10 5 9 1 
20180505263 10 8 1 7 5 2 4 3 9 6 
20180505264 8 5 4 7 9 10 6 3 1 2 
20180505265 1 5 4 7 10 6 2 8 3 9 
20180505266 1 2 5 9 3 10 7 6 8 4 
20180505267 5 6 7 2 10 4 1 3 9 8 
20180505268 3 9 1 2 4 5 7 8 6 10 
20180505269 9 7 2 8 1 10 4 5 6 3 
20180505270 9 4 6 10 1 3 5 7 2 8 
20180505271 1 7 6 5 10 2 4 8 9 3 
20180505272 1 2 8 9 4 6 5 10 7 3 
20180505273 5 6 4 1 2 7 10 3 9 8 
20180505274 7 9 10 8 2 4 5 6 3 1 
20180505275 2 6 1 8 4 10 3 7 5 9 
20180505276 8 4 10 7 3 2 5 9 6 1 
20180505277 9 7 5 4 6 1 3 8 10 2 
20180505278 8 1 3 10 7 2 6 5 9 4 
20180505279 1 5 7 3 9 2 4 10 8 6 
20180505280 6 4 3 7 2 9 10 8 1 5 
20180505281 6 2 8 1 3 4 5 7 10 9 
20180505282 2 8 5 6 3 7 9 1 10 4 
20180505283 6 8 3 2 10 5 1 4 7 9 
20180505284 3 5 9 8 6 1 4 2 10 7 
20180505285 9 10 5 2 7 3 4 1 8 6 
20180505286 6 8 4 1 3 7 9 10 5 2 
20180505287 7 2 3 10 9 1 4 8 5 6 
20180505288 3 9 8 7 10 4 5 2 1 6 
20180505289 2 9 6 5 7 1 10 4 3 8 
20180505290 6 1 9 2 5 4 10 3 8 7 
20180505291 1 7 9 2 5 10 8 6 4 3 
20180505292 5 10 9 7 4 3 1 6 2 8 
20180505293 5 3 8 6 1 9 2 4 10 7 
20180505294 7 2 3 5 10 9 1 4 6 8 
20180505295 3 4 9 5 1 7 10 8 2 6 
20180505296 7 9 10 4 5 1 2 6 3 8 
20180505297 1 6 5 10 3 7 9 2 8 4 
20180505298 8 6 4 3 1 9 7 10 5 2 
20180505299 7 9 5 8 6 1 3 2 4 10 
20180505300 7 8 3 4 10 2 6 9 1 5 
20180505301 7 3 8 1 6 4 5 10 2 9 
20180505302 10 3 1 9 2 5 4 6 8 7 
20180505303 1 8 4 6 5 9 10 2 3 7 
20180505304 1 8 5 2 7 3 10 6 4 9 
20180505305 7 8 2 9 10 3 6 5 4 1 
20180505306 7 9 6 8 2 4 10 3 5 1 
20180505307 2 7 3 5 10 4 9 6 1 8 
20180505308 5 7 2 10 8 3 9 6 1 4 
20180505309 1 3 2 7 4 8 10 9 6 5 
20180505310 1 4 10 3 9 2 6 8 7 5 
20180505311 7 9 6 8 4 1 3 5 2 10 
20180505312 4 7 9 10 2 8 6 5 3 1 
20180505313 2 7 5 8 6 9 4 1 10 3 
20180505314 2 10 6 5 9 8 4 1 7 3 
20180505315 9 1 2 5 3 6 10 7 8 4 
20180505316 7 8 6 2 1 9 3 10 5 4 
20180505317 1 4 8 3 6 10 9 5 7 2 
20180505318 4 5 8 9 2 10 3 7 1 6 
20180505319 9 3 8 10 2 5 4 6 1 7 
20180505320 1 4 7 6 10 8 2 9 3 5 
20180505321 4 3 10 7 2 5 8 9 1 6 
20180505322 4 2 7 10 1 5 8 6 9 3 
20180505323 4 6 7 10 2 8 5 9 1 3 
20180505324 8 3 5 1 7 9 2 6 10 4 
20180505325 9 7 6 2 5 10 4 1 8 3 
20180505326 1 4 10 7 8 6 2 3 9 5 
20180505327 9 2 3 10 6 4 5 1 8 7 
20180505328 3 10 8 4 1 6 5 2 9 7 
20180505329 10 8 6 9 5 3 1 4 7 2 
20180505330 9 8 4 6 2 7 10 1 5 3 
20180505331 7 9 10 6 1 5 8 2 3 4 
20180505332 7 10 1 4 9 5 8 3 2 6 
20180505333 8 2 5 4 6 9 10 7 3 1 
20180505334 8 2 6 4 9 7 5 1 10 3 
20180505335 2 10 5 9 4 6 7 3 1 8 
20180505336 8 3 7 1 9 10 6 5 2 4 
20180505337 5 3 7 2 8 10 9 1 6 4 
20180505338 6 4 7 5 3 2 8 1 9 10 
20180505339 7 6 2 5 8 3 10 1 4 9 
20180505340 1 7 9 4 5 2 10 8 3 6 
20180505341 6 2 9 5 1 3 8 7 10 4 
20180505342 7 8 6 4 2 3 10 1 5 9 
20180505343 5 3 6 2 4 8 9 1 10 7 
20180505344 6 2 1 8 9 5 4 7 3 10 
20180505345 2 8 6 3 1 4 10 9 5 7 
20180505346 6 7 2 5 4 10 3 1 9 8 
20180505347 8 6 10 3 9 2 7 1 5 4 
20180505348 10 3 8 9 1 6 7 5 2 4 
20180505349 4 1 5 10 8 9 3 6 2 7 
20180505350 4 8 10 7 6 1 9 2 3 5 
20180505351 6 5 4 8 1 9 7 10 3 2 
20180505352 3 7 2 10 9 8 1 4 6 5 
20180505353 3 7 2 10 8 1 9 6 4 5 
20180505354 7 9 3 6 1 10 5 4 2 8 
20180505355 8 4 3 9 10 5 7 1 2 6 
20180505356 9 10 4 7 2 8 5 1 6 3 
20180505357 3 5 9 1 10 4 8 2 6 7 
20180505358 10 5 2 9 4 1 3 7 6 8 
20180505359 2 7 3 8 4 10 9 1 5 6 
20180505360 4 7 1 5 10 3 8 6 2 9 
20180505361 7 4 6 10 8 9 2 1 3 5 
20180505362 7 5 9 2 3 6 8 10 1 4 
20180505363 6 5 4 1 3 2 8 7 10 9 
20180505364 9 6 2 10 5 8 4 1 7 3 
20180505365 2 5 3 4 1 6 10 8 9 7 
20180505366 8 6 2 3 5 1 9 10 7 4 
20180505367 3 10 8 7 1 2 9 5 4 6 
20180505368 9 10 3 1 6 7 5 4 8 2 
20180505369 10 4 9 8 2 1 3 7 6 5 
20180505370 10 1 9 8 2 5 3 7 4 6 
20180505371 3 10 2 7 4 1 6 5 8 9 
20180505372 10 8 4 1 9 3 5 6 7 2 
20180505373 5 9 8 10 6 1 7 3 2 4 
20180505374 2 4 6 1 5 8 3 9 10 7 
20180505375 7 9 3 2 5 1 6 10 4 8 
20180505376 2 5 3 4 6 1 8 9 10 7 
20180505377 1 6 7 9 3 5 2 4 10 8 
20180505378 1 6 8 10 4 2 9 5 3 7 
20180505379 9 2 7 5 1 6 10 4 3 8 
20180505380 8 7 6 9 4 10 1 3 5 2 
20180505381 2 9 4 1 5 7 3 10 6 8 
20180505382 5 1 9 4 3 2 7 6 10 8 
20180505383 2 6 7 10 5 4 9 8 3 1 
20180505384 7 9 2 5 8 4 1 3 6 10 
20180505385 9 2 4 6 1 3 7 8 5 10 
20180505386 2 5 6 9 4 3 1 10 7 8 
20180505387 1 7 10 9 3 5 6 8 2 4 
20180505388 10 2 5 1 9 4 3 6 8 7 
20180505389 2 3 5 6 1 8 9 10 7 4 
20180505390 3 5 10 8 9 4 2 7 1 6 
20180505391 7 3 10 6 4 5 2 9 8 1 
20180505392 6 7 3 1 10 4 8 9 2 5 
20180505393 8 6 5 4 10 1 3 2 7 9 
20180505394 2 1 10 9 8 3 7 6 5 4 
20180505395 7 1 9 5 3 4 6 8 2 10 
20180505396 9 4 1 7 5 2 6 8 3 10 
20180505397 7 2 4 3 1 10 9 8 5 6 
20180505398 6 7 2 1 9 10 4 5 8 3 
20180505399 7 3 6 8 10 9 4 2 5 1 
20180505400 10 4 9 3 2 8 1 7 5 6 
20180505401 3 5 9 6 2 1 8 7 10 4 
20180505402 10 6 7 2 8 9 1 3 5 4 
20180505403 5 6 3 1 9 8 10 2 4 7 
20180505404 1 2 8 5 9 10 4 3 6 7 
20180505405 9 2 7 10 3 8 1 6 5 4 
20180505406 7 2 10 4 5 1 3 8 9 6 
20180505407 7 4 10 5 8 1 3 2 9 6 
20180505408 4 5 9 2 3 6 8 1 10 7 
20180505409 6 4 8 10 2 7 9 3 1 5 
20180505410 10 9 2 6 1 5 8 4 7 3 
20180505411 5 3 8 10 2 6 9 1 4 7 
20180505412 4 9 8 3 7 1 5 2 10 6 
20180505413 7 10 3 8 5 4 6 9 2 1 
20180505414 4 9 1 8 7 2 5 10 6 3 
20180505415 3 8 2 1 5 9 7 10 6 4 
20180505416 2 9 1 3 4 7 8 10 6 5 
20180505417 4 3 6 8 1 7 9 2 5 10 
20180505418 10 3 1 9 5 6 4 2 8 7 
20180505419 7 6 10 1 2 4 5 9 8 3 
20180505420 1 2 8 9 4 3 10 5 6 7 
20180505421 2 4 8 3 9 7 10 1 6 5 
20180505422 9 2 6 10 7 4 8 5 3 1 
20180505423 2 6 1 7 9 5 8 4 10 3 
20180505424 1 2 3 4 6 7 5 8 10 9 
20180505425 10 9 6 8 1 2 4 3 7 5 
20180505426 6 2 9 4 8 1 3 5 10 7 
20180505427 1 5 4 8 10 6 2 9 7 3 
20180505428 7 1 9 2 6 4 5 3 8 10 
20180505429 5 6 1 10 4 2 3 9 7 8 
20180505430 2 7 1 4 10 5 9 3 6 8 
20180505431 10 3 6 8 9 7 4 2 1 5 
20180505432 3 10 2 9 8 5 6 4 1 7 
20180505433 6 5 4 7 10 9 1 8 3 2 
20180505434 6 7 4 8 1 5 10 2 3 9 
20180505435 7 1 4 5 3 6 10 2 8 9 
20180505436 2 7 8 3 5 10 1 9 4 6 
20180505437 4 1 3 10 9 7 6 5 2 8 
20180505438 5 9 8 10 6 7 3 1 4 2 
20180505439 8 3 5 9 4 7 6 10 1 2 
20180505440 3 10 5 7 6 4 9 8 2 1 
20180505441 7 10 1 3 5 2 8 6 9 4 
20180505442 7 4 8 3 1 10 6 5 9 2 
20180505443 10 6 8 9 1 5 7 3 2 4 
20180505444 7 10 3 2 1 8 5 6 4 9 
20180505445 4 3 6 1 10 9 5 7 2 8 
20180505446 3 6 9 4 10 7 5 1 2 8 
20180505447 3 4 9 1 8 2 6 5 7 10 
20180505448 7 5 1 4 10 8 3 2 9 6 
20180505449 6 10 2 5 9 3 8 7 1 4 
20180505450 1 10 9 2 8 4 3 7 6 5 
20180505451 10 3 9 6 4 8 5 1 7 2 
20180505452 8 5 1 6 4 2 10 3 7 9 
20180505453 2 9 3 8 5 6 10 7 4 1 
20180505454 7 1 10 4 3 8 5 6 2 9 
20180505455 3 10 9 7 6 1 2 4 5 8 
20180505456 5 9 2 7 3 6 4 10 1 8 
20180505457 2 6 3 5 7 4 10 1 8 9 
20180505458 8 7 2 4 9 1 3 6 10 5 
20180505459 3 6 2 1 4 9 7 10 8 5 
20180505460 4 10 7 3 1 6 2 8 9 5 
20180505461 8 1 10 7 4 9 3 2 6 5 
20180505462 7 3 10 9 5 6 8 2 1 4 
20180505463 2 4 5 10 9 7 6 3 8 1 
20180505464 5 7 6 2 3 4 9 10 8 1 
20180505465 3 9 8 1 6 2 4 7 10 5 
20180505466 5 10 7 8 9 3 6 1 4 2 
20180505467 5 4 2 6 9 3 1 7 8 10 
20180505468 7 5 3 9 4 1 6 8 10 2 
20180505469 3 10 5 7 8 9 4 2 6 1 
20180505470 8 5 7 9 6 3 2 10 4 1 
20180505471 6 7 2 9 1 4 5 8 10 3 
20180505472 2 3 5 10 7 6 4 9 8 1 
20180505473 4 10 3 8 7 6 1 9 5 2 
20180505474 9 3 2 4 7 1 8 5 6 10 
20180505475 8 3 1 9 4 2 7 5 10 6 
20180505476 6 9 3 1 10 4 5 2 8 7 
20180505477 10 7 1 6 4 2 5 9 8 3 
20180505478 2 3 7 9 5 6 10 4 1 8 
20180505479 9 5 2 10 6 8 7 4 1 3 
20180505480 4 2 3 9 8 5 6 1 7 10 
20180505481 7 10 3 2 5 1 4 6 9 8 
20180505482 8 2 5 6 7 1 10 3 9 4 
20180505483 10 6 7 9 2 3 1 8 5 4 
20180505484 8 10 5 2 4 7 9 3 6 1 
20180505485 4 6 5 7 10 1 3 8 9 2 
20180505486 5 7 8 1 3 4 6 2 10 9 
20180505487 4 9 1 8 10 3 7 6 5 2 
20180505488 7 8 3 10 2 1 5 4 9 6 
20180505489 9 10 8 3 2 1 4 7 5 6 
20180505490 6 5 9 7 4 2 8 1 10 3 
20180505491 8 7 5 1 3 10 9 4 6 2 
20180505492 9 1 10 7 4 5 2 6 8 3 
20180505493 2 8 10 9 5 1 3 4 7 6 
20180505494 5 6 1 3 2 8 4 9 7 10 
20180505495 2 5 4 8 6 10 3 1 9 7 
20180505496 10 2 1 5 4 6 3 7 8 9 
20180505497 9 6 2 5 10 3 7 1 8 4 
20180505498 9 8 1 5 3 6 10 4 2 7 
20180505499 9 6 4 7 2 8 1 5 10 3 
20180505500 10 7 4 3 2 6 1 9 8 5 
20180505501 2 1 3 10 6 5 7 9 4 8 
20180505502 6 4 8 7 3 2 1 5 10 9 
20180505503 7 9 2 1 5 8 4 3 10 6 
20180505504 10 4 6 7 5 3 8 1 2 9 
20180505505 4 6 9 8 3 7 10 1 5 2 
20180505506 10 9 4 8 7 6 2 5 1 3 
20180505507 3 2 5 8 9 7 1 10 6 4 
20180505508 10 8 5 4 3 1 2 7 6 9 
20180505509 3 2 6 5 9 10 8 1 4 7 
20180505510 9 1 5 6 8 10 4 3 7 2 
20180505511 9 1 10 2 5 6 8 3 4 7 
20180505512 4 10 2 6 5 7 1 9 3 8 
20180505513 7 8 3 10 9 2 6 1 4 5 
20180505514 8 7 5 10 6 1 3 2 9 4 
20180505515 8 1 7 3 5 9 4 10 6 2 
20180505516 5 3 7 10 1 2 4 8 9 6 
20180505517 4 1 8 2 5 9 10 3 7 6 
20180505518 5 4 2 9 7 3 1 10 6 8 
20180505519 4 2 1 3 5 6 7 9 10 8 
20180505520 9 1 8 4 3 6 2 7 5 10 
20180505521 4 8 1 5 6 7 2 3 9 10 
20180505522 4 1 6 7 5 2 8 3 9 10 
20180505523 1 8 4 5 2 9 3 7 10 6 
20180505524 1 10 7 4 6 3 2 9 5 8 
20180505525 10 3 5 9 7 8 6 1 2 4 
20180505526 9 8 10 6 5 2 7 1 4 3 
20180505527 7 4 6 2 3 9 1 8 5 10 
20180505528 7 5 1 9 6 8 10 2 4 3 
20180505529 1 5 7 3 2 9 6 10 8 4 
20180505530 1 9 3 8 2 4 10 7 6 5 
20180505531 2 10 9 1 4 5 3 7 8 6 
20180505532 4 8 10 2 5 3 1 7 6 9 
20180505533 10 7 8 6 4 3 2 9 5 1 
20180505534 6 7 4 3 1 8 5 2 10 9 
20180505535 9 1 7 6 5 3 4 8 10 2 
20180505536 6 9 5 4 10 3 8 1 7 2 
20180505537 3 6 7 5 9 2 1 4 10 8 
20180505538 1 7 6 8 10 9 3 5 2 4 
20180505539 10 5 3 1 7 2 4 6 9 8 
20180505540 9 5 4 2 7 10 6 8 1 3 
20180505541 10 8 9 3 1 4 7 5 2 6 
20180505542 6 7 1 4 3 8 2 5 10 9 
20180505543 10 2 7 6 9 4 1 8 3 5 
20180505544 2 4 6 10 5 9 3 8 7 1 
20180505545 10 5 2 9 7 1 8 3 6 4 
20180505546 3 8 4 6 7 2 5 10 1 9 
20180505547 6 2 10 7 9 8 3 4 1 5 
20180505548 5 7 1 2 10 9 3 4 6 8 
20180505549 3 6 10 5 8 1 4 9 7 2 
20180505550 10 1 4 7 6 8 9 2 3 5 
20180505551 2 1 8 7 10 9 3 6 5 4 
20180505552 4 7 6 3 10 2 9 8 5 1 
20180505553 1 6 10 3 9 7 4 5 8 2 
20180505554 1 5 3 7 2 8 4 9 10 6 
20180505555 3 5 8 6 2 9 4 1 10 7 
20180505556 5 10 4 7 2 3 9 1 8 6 
20180505557 4 10 8 1 3 2 7 9 6 5 
20180505558 3 9 8 7 4 10 5 6 1 2 
20180505559 2 4 1 8 3 6 5 7 9 10 
20180505560 10 3 6 2 5 9 8 4 7 1 
20180505561 10 1 4 5 7 6 3 8 2 9 
20180505562 7 5 9 6 2 3 10 1 4 8 
20180505563 2 9 3 7 10 1 6 4 8 5 
20180505564 7 10 5 9 1 4 3 8 6 2 
20180505565 1 3 2 9 10 7 6 5 4 8 
20180505566 5 3 9 10 4 2 7 6 8 1 
20180505567 1 9 10 4 6 8 7 2 3 5 
20180505568 6 3 7 1 10 4 8 2 5 9 
20180505569 5 9 10 3 2 8 4 7 1 6 
20180505570 9 10 1 7 4 6 2 5 3 8 
20180505571 2 1 8 10 5 9 4 3 7 6 
20180505572 1 8 10 9 3 7 5 6 4 2 
20180505573 8 2 5 4 10 1 3 9 7 6 
20180505574 3 5 2 4 7 1 8 10 9 6 
20180505575 9 10 2 5 6 8 7 1 3 4 
20180505576 1 7 8 9 3 5 2 10 6 4 
20180505577 3 4 1 9 10 7 2 6 5 8 
20180505578 1 5 9 10 7 6 4 3 2 8 
20180505579 4 1 6 7 3 10 9 2 8 5 
20180505580 8 7 9 1 4 10 6 3 5 2 
20180505581 7 4 8 9 10 5 2 1 6 3 
20180505582 3 8 9 6 5 7 10 2 4 1 
20180505583 6 10 9 5 4 1 7 2 3 8 
20180505584 9 7 2 4 6 1 5 3 10 8 
20180505585 4 2 6 1 8 10 3 7 9 5 
20180505586 2 9 3 6 5 4 1 8 10 7 
20180505587 8 10 4 5 2 7 6 9 3 1 
20180505588 1 2 9 7 5 10 8 4 3 6 
20180505589 4 6 9 8 3 2 10 1 7 5 
20180505590 7 8 10 6 9 4 2 1 5 3 
20180505591 10 5 2 8 3 1 9 7 4 6 
20180505592 6 2 8 1 10 9 4 7 3 5 
20180505593 6 2 1 7 3 10 4 8 9 5 
20180505594 9 2 7 3 1 4 5 8 10 6 
20180505595 6 2 10 8 9 1 3 5 7 4 
20180505596 9 8 5 6 1 7 3 10 2 4 
20180505597 10 7 1 6 4 5 3 8 2 9 
20180505598 7 2 1 10 6 4 9 3 5 8 
20180505599 5 4 9 7 6 2 8 10 3 1 
20180505600 1 6 10 5 4 7 2 8 9 3 
20180505601 4 8 2 1 10 9 6 7 3 5 
20180505602 10 6 9 3 2 5 4 1 8 7 
20180505603 3 4 7 8 6 1 9 10 5 2 
20180505604 4 3 7 9 8 6 1 2 10 5 
20180505605 7 10 3 6 4 9 8 5 1 2 
20180505606 4 8 1 10 7 5 6 2 3 9 
20180505607 9 3 6 4 10 7 5 2 8 1 
20180505608 8 4 5 10 3 1 6 9 7 2 
20180505609 6 3 5 4 7 1 8 10 2 9 
20180505610 8 9 6 2 1 3 4 10 5 7 
20180505611 9 10 2 3 8 4 7 5 6 1 
20180505612 9 3 7 10 1 4 8 6 2 5 
20180505613 6 7 2 10 4 8 3 5 9 1 
20180505614 6 1 3 9 5 8 4 7 10 2 
20180505615 6 2 8 4 7 5 10 3 9 1 
20180505616 3 2 9 4 10 7 5 8 1 6 
20180505617 5 9 3 7 8 10 2 1 6 4 
20180505618 2 7 10 3 8 9 6 4 5 1 
20180505619 4 6 8 1 5 7 3 10 2 9 
20180505620 5 6 2 10 4 9 3 1 8 7 
20180505621 10 3 2 1 5 4 9 6 8 7 
20180505622 10 7 5 4 2 8 3 1 6 9 
20180505623 9 10 5 6 4 2 1 7 3 8 
20180505624 8 1 2 9 10 3 6 5 4 7 
20180505625 3 5 7 6 2 1 8 10 9 4 
20180505626 6 9 8 1 7 5 2 4 3 10 
20180505627 7 2 1 5 6 3 8 9 10 4 
20180505628 8 2 5 3 1 4 9 7 10 6 
20180505629 8 5 9 4 1 6 7 2 10 3 
20180505630 7 3 5 1 10 2 8 4 6 9 
20180505631 6 9 8 7 5 1 3 10 4 2 
20180505632 8 9 3 5 7 1 2 6 4 10 
20180505633 2 10 4 8 5 9 3 7 6 1 
20180505634 8 10 5 3 1 4 9 6 7 2 
20180505635 3 10 9 2 6 7 8 4 5 1 
20180505637 6 9 2 1 7 5 4 10 8 3 
20180505638 7 10 1 4 5 6 2 9 8 3 
20180505636 10 3 9 8 2 7 5 4 6 1 
20180505639 1 7 5 10 2 3 6 4 9 8 
20180505640 3 9 8 7 4 5 1 2 6 10 
20180505641 2 7 5 8 1 3 4 9 6 10 
20180505642 2 10 4 1 9 3 7 8 5 6 
20180505643 6 5 3 1 4 10 2 8 7 9 
20180505644 7 2 8 4 1 3 10 9 6 5 
20180505645 3 5 4 2 7 10 6 9 8 1 
20180505646 3 4 2 7 9 10 6 5 1 8 
20180505647 4 3 1 10 9 5 6 8 7 2 
20180505648 5 8 4 3 2 10 6 7 1 9 
20180505649 3 8 6 10 4 9 7 5 1 2 
20180505650 6 5 8 7 9 1 4 10 2 3 
20180505651 7 1 2 5 4 10 9 3 6 8 
20180505652 2 7 3 1 10 4 8 9 6 5 
20180505653 9 2 10 5 8 6 7 1 4 3 
20180505654 3 4 9 6 8 10 1 2 7 5 
20180505655 2 5 6 9 8 3 7 4 1 10 
20180505656 7 1 9 8 3 2 5 6 10 4 
20180505657 8 10 3 9 7 1 6 2 4 5 
20180505658 7 2 6 8 10 9 4 5 3 1 
20180505659 6 9 3 10 5 7 1 8 2 4 
20180505660 8 6 4 1 9 3 10 7 2 5 
20180505661 10 4 2 3 7 9 5 6 8 1 
20180505662 10 7 4 6 3 2 5 8 1 9 
20180505663 4 7 5 9 2 1 6 8 10 3 
20180505664 8 2 10 4 6 9 3 1 5 7 
20180505665 8 9 6 3 2 5 10 1 7 4 
20180505666 6 10 2 3 8 1 5 7 4 9 
20180505667 9 5 6 2 7 3 1 4 10 8 
20180505668 5 8 2 1 3 9 7 10 6 4 
20180505669 3 9 6 7 2 5 4 10 8 1 
20180505670 8 10 4 1 2 5 6 9 3 7 
20180505671 3 7 5 9 1 4 6 10 8 2 
20180505672 6 7 10 8 5 4 2 3 1 9 
20180505673 6 9 3 1 8 5 10 7 4 2 
20180505674 3 4 10 7 1 2 8 9 6 5 
20180505675 10 7 2 6 1 4 3 9 8 5 
20180505676 7 8 5 10 6 3 4 2 9 1 
20180505677 7 9 6 8 2 4 10 1 3 5 
20180505678 4 1 6 3 5 8 10 9 2 7 
20180505679 10 6 3 2 5 1 9 8 4 7 
20180505680 7 2 9 1 6 3 4 5 10 8 
20180505681 7 6 8 10 2 4 5 1 9 3 
20180505682 6 5 10 9 8 2 4 7 1 3 
20180505683 5 6 9 1 4 2 8 10 7 3 
20180505684 9 5 4 3 7 6 1 2 10 8 
20180505685 2 7 9 4 1 6 8 5 10 3 
20180505686 10 4 3 2 6 9 7 8 1 5 
20180505687 7 4 6 9 3 5 2 10 8 1 
20180505688 8 9 7 1 6 10 2 3 5 4 
20180505689 7 2 1 10 5 4 8 6 9 3 
20180505690 9 3 1 2 10 7 8 4 6 5 
20180505691 7 5 4 3 1 9 8 10 2 6 
20180505692 4 6 9 7 3 2 5 1 10 8 
20180505693 3 6 10 2 5 9 7 4 8 1 
20180505694 9 3 7 5 10 6 8 4 1 2 
20180505695 1 6 7 9 3 8 2 4 5 10 
20180505696 4 1 3 6 5 9 10 2 7 8 
20180505697 6 1 3 5 8 4 10 7 9 2 
20180505698 7 9 3 6 10 2 8 1 4 5 
20180505699 6 10 7 1 2 9 5 4 8 3 
20180505700 4 1 6 9 2 8 5 7 10 3 
20180505701 9 5 4 10 7 1 8 3 2 6 
20180505702 7 1 10 9 5 6 3 4 8 2 
20180505703 10 3 9 4 2 6 8 7 1 5 
20180505704 7 3 4 2 1 10 8 5 9 6 
20180505705 3 2 6 4 10 7 8 9 1 5 
20180505706 3 9 7 4 5 1 2 8 10 6 
20180505707 7 3 4 2 1 6 8 5 10 9 
20180505708 10 4 6 2 5 1 7 9 3 8 
20180505709 3 4 8 2 7 1 6 5 10 9 
20180505710 7 3 6 1 4 5 2 9 8 10 
20180505711 6 5 1 8 10 7 4 9 3 2 
20180505712 9 6 7 4 2 8 1 10 5 3 
20180505713 10 8 5 4 1 3 9 6 7 2 
20180505714 2 1 10 8 5 6 9 7 3 4 
20180505715 4 2 7 3 6 10 9 5 8 1 
20180505716 5 10 8 3 6 4 1 9 2 7 
20180505717 1 2 3 9 10 7 6 8 5 4 
20180505718 8 4 10 7 3 6 9 1 2 5 
20180505719 2 4 5 7 1 3 9 10 6 8 
20180505720 1 7 8 3 5 9 6 4 10 2 
20180505721 2 10 9 5 6 3 1 7 4 8 
20180505722 5 8 7 10 3 6 4 9 2 1 
20180505723 9 7 4 10 3 2 1 6 5 8 
20180505724 6 2 10 7 9 1 4 5 8 3 
20180505725 1 7 10 9 4 3 5 6 8 2 
20180505726 6 4 2 1 9 5 3 7 8 10 
20180505727 6 9 4 8 2 1 5 3 7 10 
20180505728 8 10 7 3 2 5 6 1 4 9 
20180505729 4 5 9 3 6 1 8 10 2 7 
20180505730 6 1 2 5 4 3 9 8 10 7 
20180505731 9 10 3 6 7 8 1 5 4 2 
20180505732 5 6 7 9 1 10 3 2 4 8 
20180505733 6 4 7 1 2 8 10 5 3 9 
20180505734 5 9 4 10 2 1 6 7 8 3 
20180505735 10 8 2 9 3 1 7 4 5 6 
20180505736 3 5 10 9 2 6 8 1 7 4 
20180505737 5 3 9 6 4 7 1 2 8 10 
20180505738 2 4 6 9 8 10 7 1 3 5 
20180505739 7 10 3 4 2 5 6 1 8 9 
20180505740 3 8 10 7 5 2 6 4 1 9 
20180505741 10 3 5 4 7 6 1 8 2 9 
20180505742 2 5 9 7 8 1 3 10 4 6 
20180505743 6 4 1 8 9 5 3 7 2 10 
20180505744 7 5 9 2 4 6 8 10 1 3 
20180505745 8 1 2 10 5 4 7 6 3 9 
20180505746 1 6 10 8 7 3 9 4 5 2 
20180505747 6 8 7 9 10 5 2 1 3 4 
20180505748 7 1 4 8 3 9 5 10 6 2 
20180505749 7 1 3 5 4 10 8 2 9 6 
20180505750 8 10 3 1 7 4 9 5 6 2 
20180505751 6 4 10 8 9 3 7 2 5 1 
20180505752 2 10 5 3 4 6 7 8 9 1 
20180505753 2 7 10 3 4 6 8 1 9 5 
20180505754 10 5 7 3 8 9 6 2 1 4 
20180505755 8 1 4 10 2 7 9 5 3 6 
20180505756 8 1 10 2 5 6 7 3 4 9 
20180505757 7 2 8 9 5 3 4 1 6 10 
20180505758 10 2 4 1 7 3 9 5 6 8 
20180505759 1 9 8 4 2 3 5 6 10 7 
20180505760 10 7 8 5 1 2 6 9 3 4 
20180505761 7 2 4 5 8 9 3 1 6 10 
20180505762 8 9 1 10 6 7 4 5 2 3 
20180505763 3 2 7 5 9 10 4 6 1 8 
20180505764 8 9 2 5 6 4 7 3 1 10 
20180505765 1 6 7 4 2 5 10 9 3 8 
20180505766 4 7 1 5 6 10 3 8 2 9 
20180505767 7 8 6 9 3 10 2 4 5 1 
20180505768 7 8 9 10 6 5 1 3 4 2 
20180505769 4 1 6 10 7 8 2 5 9 3 
20180505770 3 5 6 10 7 2 9 8 4 1 
20180505771 6 2 8 4 3 1 10 9 5 7 
20180505772 9 4 1 2 3 10 8 5 7 6 
20180505773 5 3 7 9 2 8 6 1 10 4 
20180505774 2 6 8 4 7 3 5 1 10 9 
20180505775 5 2 9 10 4 7 1 3 6 8 
20180505776 3 9 2 4 10 8 7 6 1 5 
20180505777 1 6 2 8 5 10 9 7 4 3 
20180505778 2 5 10 7 6 1 3 9 8 4 
20180505779 1 2 9 3 10 6 8 5 7 4 
20180505780 5 8 9 10 4 6 3 2 7 1 
20180505781 6 2 8 1 5 4 10 3 7 9 
20180505782 5 9 2 6 3 7 10 4 1 8 
20180505783 2 6 1 8 5 9 7 3 4 10 
20180505784 10 8 5 3 2 9 1 4 6 7 
20180505785 10 5 1 4 8 7 3 9 2 6 
20180505786 8 7 3 5 1 4 10 9 6 2 
20180505787 4 8 6 2 10 5 9 3 7 1 
20180505788 3 1 10 4 7 8 9 6 2 5 
20180505789 3 8 2 7 6 5 10 9 1 4 
20180505790 1 8 10 5 3 4 7 6 2 9 
20180505791 7 1 9 5 10 2 8 3 6 4 
20180505792 6 10 4 2 8 5 1 9 3 7 
20180505793 2 8 1 6 4 7 3 9 5 10 
20180505794 8 7 2 4 6 10 5 1 9 3 
20180505795 7 2 8 5 1 9 4 6 3 10 
20180505796 1 7 3 9 4 5 10 8 2 6 
20180505797 4 5 8 6 9 1 3 10 7 2 
20180505798 3 1 10 6 9 8 4 7 5 2 
20180505799 9 3 8 5 6 10 1 2 4 7 
20180505800 5 7 4 6 2 9 3 10 8 1 
20180505801 6 4 10 5 3 7 8 1 9 2 
20180505802 5 4 9 6 1 3 2 7 10 8 
20180505803 9 2 8 5 3 1 10 4 7 6 
20180505804 7 2 9 6 8 10 5 1 3 4 
20180505805 2 9 10 4 3 7 8 5 6 1 
20180505806 3 2 10 7 8 6 4 9 5 1 
20180505807 5 2 9 10 1 7 8 3 4 6 
20180505808 3 7 4 10 9 5 2 8 6 1 
20180505809 5 4 10 8 2 6 3 9 7 1 
20180505810 3 6 4 5 10 2 9 1 7 8 
20180505811 6 3 2 8 4 5 9 7 10 1 
20180505812 1 5 4 8 9 7 6 3 2 10 
20180505813 10 1 7 2 8 4 3 9 6 5 
20180505814 9 1 8 5 6 10 7 4 2 3 
20180505815 2 3 10 7 4 9 8 5 6 1 
20180505816 10 7 1 5 9 3 4 6 8 2 
20180505817 8 1 9 3 7 6 10 4 2 5 
20180505818 9 6 10 7 4 5 1 8 3 2 
20180505819 5 9 10 2 6 7 1 3 4 8 
20180505820 8 4 5 6 10 3 2 1 9 7 
20180505821 8 3 9 2 1 6 10 7 5 4 
20180505822 2 9 6 4 7 1 5 10 3 8 
20180505823 3 6 1 2 10 8 5 9 7 4 
20180505824 3 2 10 5 9 7 6 8 1 4 
20180505825 6 7 2 8 4 1 3 10 5 9 
20180505826 5 6 3 2 4 9 8 7 1 10 
20180505827 3 4 8 6 9 5 2 10 1 7 
20180505828 8 2 3 10 1 4 7 9 6 5 
20180505829 2 8 10 3 9 5 7 6 1 4 
20180505830 7 2 5 4 10 6 8 9 3 1 
20180505831 7 3 5 4 10 9 1 2 6 8 
20180505832 2 5 1 6 3 4 10 8 7 9 
20180505833 9 10 6 3 8 4 5 7 2 1 
20180505834 6 8 9 3 10 2 1 5 4 7 
20180505835 3 7 9 6 10 8 5 4 2 1 
20180505836 6 9 4 2 7 3 1 5 8 10 
20180505837 4 10 3 5 9 1 7 8 2 6 
20180505838 7 8 3 10 6 5 9 2 4 1 
20180505839 8 2 9 10 4 6 3 1 7 5 
20180505840 8 3 10 7 6 2 4 9 1 5 
20180505841 3 9 8 10 5 6 2 1 4 7 
20180505842 3 8 2 1 7 6 4 5 10 9 
20180505843 7 10 6 9 1 3 5 4 8 2 
20180505844 9 5 8 2 1 4 6 3 10 7 
20180505845 6 5 2 7 9 4 10 1 8 3 
20180505846 4 6 3 10 1 8 2 7 5 9 
20180505847 9 5 6 10 4 1 7 8 2 3 
20180505848 8 10 5 1 3 6 9 7 2 4 
20180505849 4 6 5 1 7 9 10 3 8 2 
20180505850 9 3 6 8 10 4 7 1 2 5 
20180505851 8 3 10 5 6 7 4 9 1 2 
20180505852 7 10 9 5 4 3 6 2 1 8 
20180505853 3 1 9 5 8 10 7 6 2 4 
20180505854 9 6 7 2 10 5 1 4 8 3 
20180505855 8 9 7 3 1 5 6 2 4 10 
20180505856 5 9 1 4 7 3 6 8 10 2 
20180505857 9 2 4 5 7 3 1 6 10 8 
20180505858 2 3 6 9 4 5 7 10 1 8 
20180505859 7 8 3 10 4 2 6 5 1 9 
20180505860 2 3 1 9 7 10 8 4 5 6 
20180505861 7 1 9 2 10 5 3 8 4 6 
20180505862 1 7 2 4 3 10 9 5 6 8 
20180505863 3 6 10 7 4 8 1 9 2 5 
20180505864 3 6 1 10 2 5 9 4 7 8 
20180505865 9 4 3 8 1 10 5 7 2 6 
20180505866 7 5 10 9 2 1 3 4 8 6 
20180505867 2 3 4 7 1 9 10 5 8 6 
20180505868 7 10 4 8 2 9 3 6 5 1 
20180505869 2 5 4 8 1 3 9 6 7 10 
20180505870 5 7 1 3 10 9 2 4 6 8 
20180505871 7 5 9 4 1 10 6 3 2 8 
20180505872 3 10 8 6 1 4 2 9 5 7 
20180505873 9 5 1 7 8 4 6 10 3 2 
20180505874 10 6 1 9 3 5 4 8 7 2 
20180505875 3 8 1 4 2 6 10 5 9 7 
20180505876 8 6 7 1 4 5 9 2 3 10 
20180505877 7 9 2 1 5 10 8 3 6 4 
20180505878 4 1 7 10 3 2 5 9 6 8 
20180505879 7 3 2 10 4 1 8 9 5 6 
20180505880 7 2 8 5 10 4 9 6 3 1 
20180505881 3 5 4 7 9 1 10 6 2 8 
20180505882 10 7 6 2 9 8 5 1 3 4 
20180505883 1 5 9 4 2 6 7 8 10 3 
20180505884 1 10 7 5 8 2 9 3 6 4 
20180505885 1 3 10 6 8 4 9 7 5 2 
20180505886 3 7 6 1 9 5 10 4 2 8 
20180505887 2 5 3 9 1 4 6 7 10 8 
20180505888 1 7 2 5 6 3 9 8 4 10 
20180505889 2 4 7 9 1 5 6 10 8 3 
20180505890 4 8 3 1 10 2 9 6 7 5 
20180505891 10 3 4 7 5 1 6 2 9 8 
20180505892 7 5 1 4 8 10 6 3 9 2 
20180505893 1 4 5 7 10 3 8 2 6 9 
20180505894 7 5 10 2 9 4 6 1 8 3 
20180505895 3 10 7 4 9 8 2 5 1 6 
20180505896 2 9 10 3 8 6 7 5 1 4 
20180505897 8 6 10 5 3 1 2 7 4 9 
20180505898 2 10 3 6 4 9 8 7 1 5 
20180505899 1 6 9 8 7 10 5 2 3 4 
20180505900 5 8 4 2 6 10 9 3 1 7 
20180505901 7 6 8 3 10 2 9 1 4 5 
20180505902 5 9 8 2 1 4 3 10 6 7 
20180505903 9 4 5 6 3 2 10 1 7 8 
20180505904 2 5 4 9 6 10 1 3 8 7 
20180505905 1 5 9 8 3 6 4 7 2 10 
20180505906 4 8 7 6 1 9 10 3 5 2 
20180505907 2 10 4 3 1 5 8 7 6 9 
20180505908 5 7 10 1 6 9 8 2 4 3 
20180505909 2 9 8 3 4 1 10 5 6 7 
20180505910 2 1 7 9 10 6 4 5 3 8 
20180505911 2 6 10 1 4 5 8 7 9 3 
20180505912 8 10 1 3 9 4 7 6 2 5 
20180505913 9 10 6 8 1 3 7 5 4 2 
20180505914 4 1 9 2 10 7 8 3 5 6 
20180505915 2 4 5 8 6 3 9 10 7 1 
20180505916 9 3 7 6 10 4 2 8 1 5 
20180505917 7 5 3 1 4 9 2 10 8 6 
20180505918 3 10 2 7 1 4 9 6 5 8 
20180505919 2 8 3 1 7 10 9 6 5 4 
20180505920 10 2 4 3 7 5 1 6 8 9 
20180505921 8 10 2 1 6 9 4 5 7 3 
20180505922 6 4 2 9 7 1 8 10 3 5 
20180505923 10 6 3 9 7 1 8 4 2 5 
20180505924 4 8 3 2 9 5 7 10 6 1 
20180505925 6 3 5 1 7 9 10 8 2 4 
20180505926 8 1 4 9 3 6 7 10 5 2 
20180505927 9 3 5 1 6 4 7 8 10 2 
20180505928 10 4 8 6 9 7 3 2 1 5 
20180505929 2 5 6 7 9 3 1 8 4 10 
20180505930 7 8 9 5 4 3 1 10 2 6 
20180505931 2 6 3 8 10 1 7 9 4 5 
20180505932 4 5 6 10 9 2 1 7 3 8 
20180505933 9 7 10 1 4 3 5 6 2 8 
20180505934 1 5 4 3 2 6 7 8 9 10 
20180505935 1 5 6 10 7 4 9 3 8 2 
20180505936 10 7 5 8 2 6 9 4 3 1 
20180505937 9 8 5 2 6 3 10 7 4 1 
20180505938 6 10 2 3 9 4 1 7 8 5 
20180505939 9 1 10 6 8 2 3 4 7 5 
20180505940 5 1 4 10 3 2 9 6 8 7 
20180505941 6 5 7 1 2 4 9 8 10 3 
20180505942 2 6 3 10 8 5 7 1 4 9 
20180505943 6 8 1 2 9 7 10 3 4 5 
20180505944 6 1 9 8 10 3 7 5 4 2 
20180505945 2 3 5 1 7 9 6 4 8 10 
20180505946 2 6 1 8 3 4 5 7 9 10 
20180505947 7 4 8 10 5 6 1 2 9 3 
20180505948 1 2 5 8 10 4 7 6 9 3 
20180505949 8 7 3 9 10 1 5 4 6 2 
20180505950 8 9 5 7 10 6 1 4 3 2 
20180505951 5 4 10 6 3 7 1 8 2 9 
20180505952 10 7 9 4 5 8 1 3 6 2 
20180505953 2 3 8 4 1 9 6 10 5 7 
20180505954 2 6 3 10 7 5 9 8 1 4 
20180505955 5 9 3 7 2 6 1 8 4 10 
20180505956 4 10 9 5 6 8 7 3 1 2 
20180505957 2 10 7 4 9 1 8 5 3 6 
20180505958 9 10 3 4 8 6 1 7 5 2 
20180505959 3 8 9 10 4 5 7 2 6 1 
20180505960 5 3 8 1 4 7 6 9 10 2 
20180505961 3 6 5 7 4 1 9 10 8 2 
20180505962 7 9 3 10 8 2 5 1 6 4 
20180505963 10 2 5 6 1 3 4 7 9 8 
20180505964 7 9 8 2 1 3 6 5 10 4 
20180505965 4 2 9 10 8 7 1 6 5 3 
20180505966 9 3 6 8 7 5 4 2 1 10 
20180505967 5 3 7 1 4 10 6 2 8 9 
20180505968 10 3 7 1 4 2 9 5 8 6 
20180505969 2 1 10 7 6 5 4 3 8 9 
20180505970 7 1 8 10 9 4 3 2 5 6 
20180505971 10 1 5 8 6 2 4 9 3 7 
20180505972 3 6 5 10 1 2 4 9 8 7 
20180505973 1 5 3 9 7 8 2 10 6 4 
20180505974 5 9 10 8 1 3 4 2 7 6 
20180505975 4 5 8 6 7 2 3 9 1 10 
20180505976 8 2 1 9 5 3 4 10 6 7 
20180505977 6 10 7 3 2 8 1 9 4 5 
20180505978 1 6 4 7 10 8 3 2 9 5 
20180505979 10 5 4 9 2 7 1 8 6 3 
20180505980 8 5 7 10 4 9 3 1 2 6 
20180505981 10 3 5 9 7 2 4 8 1 6 
20180505982 10 2 1 7 6 4 3 9 5 8 
20180505983 3 5 9 4 6 8 1 2 7 10 
20180505984 1 10 2 5 7 4 8 9 3 6 
20180505985 3 7 4 10 1 6 9 5 8 2 
