20180627001 3 4 6 5 8 10 9 7 1 2 
20180627002 4 9 3 5 1 6 7 10 8 2 
20180627003 4 9 5 8 1 3 2 10 7 6 
20180627004 4 8 7 1 9 10 2 5 6 3 
20180627005 6 9 4 8 1 10 2 3 7 5 
20180627006 4 9 3 10 7 2 1 6 8 5 
20180627007 9 2 4 1 7 5 3 8 10 6 
20180627008 5 2 3 10 6 7 4 9 1 8 
20180627009 1 9 8 3 6 10 5 4 2 7 
20180627010 5 9 2 4 3 10 1 7 8 6 
20180627011 3 10 6 8 7 2 4 1 5 9 
20180627012 5 1 9 3 8 7 10 6 2 4 
20180627013 5 8 2 3 4 6 9 1 10 7 
20180627014 1 3 5 8 9 4 6 7 2 10 
20180627015 3 4 10 6 7 8 5 9 2 1 
20180627016 3 7 10 8 2 9 4 5 6 1 
20180627017 8 3 5 9 7 1 4 6 2 10 
20180627018 10 1 5 6 8 2 9 4 7 3 
20180627019 5 2 8 7 4 1 3 6 9 10 
20180627020 1 2 10 3 4 5 6 8 9 7 
20180627021 9 2 1 6 5 4 7 3 10 8 
20180627022 7 10 3 1 4 5 8 2 9 6 
20180627023 10 1 5 6 9 3 4 8 7 2 
20180627024 2 7 5 10 6 8 1 3 9 4 
20180627025 1 7 5 10 2 9 3 6 8 4 
20180627026 4 10 9 5 3 7 8 1 2 6 
20180627027 9 5 7 1 2 4 3 6 10 8 
20180627028 8 7 5 4 2 1 10 9 6 3 
20180627029 6 2 10 8 3 7 5 9 1 4 
20180627030 10 3 7 1 2 8 5 4 9 6 
20180627031 5 9 3 10 1 6 7 8 2 4 
20180627032 2 3 9 8 4 10 1 7 6 5 
20180627033 7 5 9 1 10 8 3 6 2 4 
20180627034 1 5 10 8 3 2 4 9 6 7 
20180627035 9 6 3 2 8 7 5 10 4 1 
20180627036 2 8 6 9 4 10 3 7 5 1 
20180627037 3 4 10 8 1 2 6 9 7 5 
20180627038 7 8 4 5 9 10 1 2 3 6 
20180627039 10 4 2 6 7 9 1 8 3 5 
20180627040 9 8 2 1 7 10 3 5 4 6 
20180627041 10 9 3 8 6 2 7 5 4 1 
20180627042 1 4 7 10 5 9 2 3 8 6 
20180627043 7 6 1 8 9 4 5 2 3 10 
20180627044 3 1 7 6 4 8 10 2 5 9 
20180627045 1 7 2 3 6 10 8 5 9 4 
20180627046 4 1 9 6 3 8 10 2 5 7 
20180627047 7 9 8 3 4 5 2 6 1 10 
20180627048 5 10 4 3 6 7 1 8 9 2 
20180627049 7 1 6 8 4 2 9 3 10 5 
20180627050 9 8 7 6 4 5 1 10 2 3 
20180627051 2 10 4 1 5 7 9 3 8 6 
20180627052 8 9 2 6 3 4 1 7 5 10 
20180627053 1 2 10 5 9 7 4 3 8 6 
20180627054 7 8 9 6 3 5 2 1 10 4 
20180627055 8 4 5 10 7 9 1 6 2 3 
20180627056 8 10 5 9 4 1 7 6 3 2 
20180627057 8 2 1 5 4 9 7 6 3 10 
20180627058 3 7 2 1 5 8 9 4 10 6 
20180627059 2 9 10 7 8 3 4 1 5 6 
20180627060 7 2 9 4 6 10 1 3 5 8 
20180627061 10 1 4 7 9 3 2 5 8 6 
20180627062 1 10 5 6 7 4 3 2 9 8 
20180627063 7 5 2 6 8 10 4 1 9 3 
20180627064 4 7 8 3 2 6 9 1 10 5 
20180627065 10 6 1 3 8 5 4 9 7 2 
20180627066 8 5 4 1 9 3 7 10 2 6 
20180627067 10 7 6 3 8 4 2 9 5 1 
20180627068 8 3 10 4 1 9 2 6 7 5 
20180627069 9 6 4 2 3 10 1 7 8 5 
20180627070 8 9 10 3 6 1 7 2 5 4 
20180627071 10 4 2 5 8 1 9 3 6 7 
20180627072 9 6 2 4 7 8 10 5 3 1 
20180627073 5 4 7 9 1 6 8 3 2 10 
20180627074 7 3 10 9 8 1 5 6 4 2 
20180627075 7 8 9 4 6 10 3 1 2 5 
20180627076 8 4 9 10 3 1 2 5 6 7 
20180627077 6 1 8 7 4 9 3 5 10 2 
20180627078 6 8 1 2 7 10 9 3 4 5 
20180627079 7 10 3 5 2 9 8 1 4 6 
20180627080 7 3 2 8 1 4 9 10 6 5 
20180627081 5 10 3 9 8 4 1 7 2 6 
20180627082 4 9 8 5 10 6 1 2 3 7 
20180627083 8 1 10 2 3 5 6 9 4 7 
20180627084 4 3 1 7 8 6 2 9 10 5 
20180627085 4 2 1 5 3 10 7 6 9 8 
20180627086 5 3 10 2 1 8 7 9 4 6 
20180627087 1 5 4 6 9 10 3 2 7 8 
20180627088 3 8 10 9 4 6 7 5 2 1 
20180627089 3 5 1 8 6 9 2 4 10 7 
20180627090 8 10 6 7 3 1 2 9 4 5 
20180627091 9 1 4 2 6 7 5 10 8 3 
20180627092 2 8 3 4 1 10 6 7 9 5 
20180627093 7 2 9 8 1 3 6 5 10 4 
20180627094 2 4 7 8 3 10 6 5 1 9 
20180627095 3 9 2 7 8 4 10 1 5 6 
20180627096 2 5 9 7 10 4 8 3 6 1 
20180627097 9 1 3 7 10 4 6 2 5 8 
20180627098 3 8 2 9 10 4 1 6 7 5 
20180627099 7 3 9 4 8 10 1 2 5 6 
20180627100 7 4 2 6 9 5 8 10 3 1 
20180627101 2 10 7 1 3 6 4 5 9 8 
20180627102 6 2 5 3 1 10 7 9 4 8 
20180627103 1 4 7 10 6 8 2 3 5 9 
20180627104 6 3 9 8 7 1 2 10 5 4 
20180627105 10 3 4 5 1 2 7 8 6 9 
20180627106 9 10 1 7 4 3 5 8 6 2 
20180627107 6 9 2 8 1 5 7 4 10 3 
20180627108 9 1 8 5 6 4 2 3 10 7 
20180627109 3 6 10 9 4 2 1 8 7 5 
20180627110 4 9 6 10 8 7 2 3 5 1 
20180627111 1 7 5 9 6 3 10 4 2 8 
20180627112 2 9 8 3 10 6 4 1 5 7 
20180627113 8 10 5 4 6 2 1 3 9 7 
20180627114 3 4 2 6 9 5 8 7 10 1 
20180627115 6 1 8 4 10 9 2 3 7 5 
20180627116 2 9 3 4 10 6 5 1 8 7 
20180627117 7 10 2 3 1 6 5 9 4 8 
20180627118 2 10 4 7 3 1 5 9 8 6 
20180627119 6 3 5 10 8 1 2 4 9 7 
20180627120 8 9 5 2 4 6 3 1 10 7 
20180627121 5 10 9 1 8 7 4 6 3 2 
20180627122 6 8 4 10 5 7 2 3 9 1 
20180627123 4 7 3 2 8 1 10 6 9 5 
20180627124 5 4 8 10 1 3 6 2 7 9 
20180627125 2 5 8 10 6 3 7 4 9 1 
20180627126 7 8 9 6 3 10 2 1 4 5 
20180627127 1 4 3 2 6 10 7 9 8 5 
20180627128 10 2 3 5 7 9 8 1 6 4 
20180627129 8 10 6 7 9 5 2 3 1 4 
20180627130 4 5 8 10 3 1 2 6 7 9 
20180627131 4 8 6 5 1 3 7 9 10 2 
20180627132 4 5 2 7 3 6 9 8 1 10 
20180627133 6 5 10 3 2 4 9 1 8 7 
20180627134 7 6 5 4 1 9 3 2 8 10 
20180627135 8 7 2 10 9 1 3 5 6 4 
20180627136 7 1 5 9 10 8 2 4 3 6 
20180627137 5 6 7 1 4 9 2 8 3 10 
20180627138 1 10 7 2 6 9 4 8 5 3 
20180627139 5 4 2 7 3 9 6 10 8 1 
20180627140 4 7 3 8 2 9 10 1 5 6 
20180627141 8 7 2 9 6 10 4 3 5 1 
20180627142 7 2 5 8 4 9 3 1 6 10 
20180627143 5 1 2 6 4 8 9 7 3 10 
20180627144 1 8 7 2 3 9 10 4 5 6 
20180627145 1 3 7 8 2 4 6 9 5 10 
20180627146 4 7 8 6 9 3 5 10 2 1 
20180627147 1 8 6 3 5 10 7 9 2 4 
20180627148 6 7 5 8 2 4 9 3 1 10 
20180627149 8 10 4 6 2 7 9 1 5 3 
20180627150 4 8 5 3 9 6 1 10 7 2 
20180627151 7 1 6 5 8 3 10 9 2 4 
20180627152 8 3 9 2 10 5 7 6 4 1 
20180627153 2 4 6 7 1 10 9 3 5 8 
20180627154 3 10 9 2 8 4 1 5 7 6 
20180627155 7 8 9 10 4 6 5 3 1 2 
20180627156 3 5 1 9 10 2 7 4 8 6 
20180627157 1 3 6 2 5 7 8 4 10 9 
20180627158 9 8 6 1 2 10 3 4 7 5 
20180627159 6 3 5 1 4 9 10 8 7 2 
20180627160 4 1 5 7 9 10 3 6 2 8 
20180627161 8 10 7 2 6 3 1 5 4 9 
20180627162 8 9 4 7 5 6 10 2 1 3 
20180627163 9 3 5 7 8 4 1 10 2 6 
20180627164 5 8 3 2 9 1 6 4 10 7 
20180627165 2 3 6 1 4 5 7 8 9 10 
20180627166 4 8 10 7 2 1 6 9 5 3 
20180627167 3 9 5 6 2 4 10 8 1 7 
20180627168 1 2 4 9 6 10 5 8 7 3 
20180627169 3 6 8 2 9 1 5 10 4 7 
20180627170 9 2 7 5 10 1 8 4 6 3 
20180627171 3 7 1 10 8 4 9 6 2 5 
20180627172 5 8 4 6 9 2 1 3 7 10 
20180627173 8 6 7 1 9 2 4 3 5 10 
20180627174 1 3 7 5 4 8 2 10 6 9 
20180627175 9 1 8 10 2 4 7 6 3 5 
20180627176 9 8 2 4 7 10 1 5 3 6 
20180627177 6 2 9 10 1 4 3 8 7 5 
20180627178 9 10 6 4 7 5 3 2 1 8 
20180627179 1 3 7 6 10 4 5 9 8 2 
20180627180 9 1 5 2 3 7 4 8 6 10 
20180627181 2 9 10 1 6 4 8 5 7 3 
20180627182 2 1 10 9 3 4 7 5 8 6 
20180627183 10 6 3 7 5 2 9 1 8 4 
20180627184 5 7 10 8 4 6 3 1 9 2 
20180627185 7 1 9 2 3 4 8 5 10 6 
20180627186 8 2 9 4 10 3 1 7 6 5 
20180627187 5 1 8 9 2 4 6 3 7 10 
20180627188 8 7 5 4 1 3 10 2 6 9 
20180627189 9 5 1 6 8 3 7 2 10 4 
20180627190 9 1 8 4 5 2 3 7 10 6 
20180627191 3 10 1 5 4 9 2 6 8 7 
20180627192 1 9 10 4 5 3 7 8 2 6 
20180627193 10 2 5 8 6 7 9 1 3 4 
20180627194 8 6 10 4 7 5 2 9 1 3 
20180627195 8 9 1 10 4 7 3 6 5 2 
20180627196 6 3 5 10 9 8 7 1 4 2 
20180627197 6 10 4 8 5 1 7 3 2 9 
20180627198 4 1 7 3 5 2 8 10 9 6 
20180627199 3 8 6 2 1 9 10 4 5 7 
20180627200 7 6 9 4 2 8 10 1 3 5 
20180627201 4 1 7 5 3 9 2 6 10 8 
20180627202 2 4 7 6 9 3 8 5 1 10 
20180627203 7 2 1 3 5 10 4 6 8 9 
20180627204 1 2 3 9 4 6 5 10 7 8 
20180627205 6 4 2 10 1 8 3 5 9 7 
20180627206 5 9 7 6 10 3 1 2 4 8 
20180627207 8 7 3 4 10 2 6 9 1 5 
20180627208 5 4 6 8 7 2 10 1 9 3 
20180627209 10 1 3 6 4 7 2 8 5 9 
20180627210 6 9 1 10 8 7 3 2 5 4 
20180627211 5 8 7 6 9 4 2 1 10 3 
20180627212 6 7 8 4 3 5 2 10 9 1 
20180627213 3 8 10 5 2 9 4 6 7 1 
20180627214 9 10 1 8 2 4 7 5 6 3 
20180627215 8 7 9 2 6 1 3 10 4 5 
20180627216 4 9 5 1 7 3 8 6 2 10 
20180627217 5 1 2 8 3 10 6 9 7 4 
20180627218 8 10 3 1 6 9 4 7 2 5 
20180627219 1 4 5 7 3 2 10 9 6 8 
20180627220 4 9 8 5 10 2 7 1 6 3 
20180627221 10 2 4 8 7 3 9 6 5 1 
20180627222 4 3 8 1 6 9 5 2 7 10 
20180627223 1 6 7 5 2 9 10 3 8 4 
20180627224 8 6 4 1 3 9 5 7 10 2 
20180627225 4 1 3 2 9 5 7 8 6 10 
20180627226 8 3 7 4 5 1 10 9 6 2 
20180627227 2 9 3 7 4 1 10 8 5 6 
20180627228 10 7 9 8 5 1 4 6 2 3 
20180627229 5 4 7 2 3 10 9 8 1 6 
20180627230 8 5 1 4 6 3 7 2 10 9 
20180627231 10 6 8 4 5 3 7 9 2 1 
20180627232 5 2 7 4 6 1 10 3 9 8 
20180627233 7 5 10 2 1 3 9 4 8 6 
20180627234 10 2 8 5 4 3 7 9 6 1 
20180627235 3 2 1 5 7 8 4 9 10 6 
20180627236 7 4 3 8 1 10 2 5 9 6 
20180627237 2 3 4 6 7 9 10 5 8 1 
20180627238 6 9 4 3 2 8 10 1 7 5 
20180627239 1 10 8 6 7 9 2 3 4 5 
20180627240 1 4 9 6 8 3 10 2 5 7 
20180627241 4 7 9 3 8 10 5 2 1 6 
20180627242 6 10 2 9 1 4 8 7 3 5 
20180627243 5 10 4 2 1 9 6 7 8 3 
20180627244 6 1 10 7 5 2 8 3 9 4 
20180627245 8 4 5 1 7 10 2 9 6 3 
20180627246 7 3 4 5 8 2 9 6 1 10 
20180627247 8 3 6 1 5 7 10 4 9 2 
20180627248 5 4 1 2 8 10 6 3 7 9 
20180627249 2 4 6 1 5 7 10 8 9 3 
20180627250 8 9 6 1 2 7 10 4 5 3 
20180627251 1 3 4 5 10 9 2 8 6 7 
20180627252 7 6 5 8 1 2 9 10 3 4 
20180627253 9 5 6 4 2 10 3 7 8 1 
20180627254 6 10 9 7 5 1 2 4 8 3 
20180627255 3 6 9 4 10 5 1 2 8 7 
20180627256 4 6 1 7 10 3 9 8 5 2 
20180627257 3 10 7 4 9 8 1 5 6 2 
20180627258 2 5 1 8 7 6 9 10 3 4 
20180627259 5 1 4 9 8 2 10 7 3 6 
20180627260 7 2 9 1 4 6 8 10 5 3 
20180627261 10 4 7 2 1 8 9 6 3 5 
20180627262 4 7 8 1 3 6 9 10 5 2 
20180627263 7 3 1 10 8 4 2 6 5 9 
20180627264 3 4 6 10 8 9 2 7 1 5 
20180627265 5 1 10 6 9 4 7 8 2 3 
20180627266 3 9 10 4 6 2 1 7 8 5 
20180627267 1 10 6 7 9 5 3 2 4 8 
20180627268 2 10 1 5 6 8 4 3 7 9 
20180627269 7 1 5 6 2 8 10 4 9 3 
20180627270 6 9 10 3 2 4 7 8 5 1 
20180627271 6 7 10 8 4 1 3 9 5 2 
20180627272 7 4 10 5 8 2 1 3 6 9 
20180627273 2 9 5 6 10 1 3 8 4 7 
20180627274 8 1 5 4 9 7 3 10 6 2 
20180627275 10 6 1 3 5 2 4 8 7 9 
20180627276 7 6 2 10 5 9 8 1 3 4 
20180627277 3 8 1 4 6 5 2 9 10 7 
20180627278 6 8 7 3 4 9 2 10 5 1 
20180627279 9 5 4 1 7 3 10 6 2 8 
20180627280 2 10 4 3 1 7 5 9 6 8 
20180627281 6 8 2 9 5 7 10 4 1 3 
20180627282 1 3 6 9 10 4 8 5 7 2 
20180627283 7 1 5 9 6 2 8 3 10 4 
20180627284 5 2 4 3 8 9 7 6 1 10 
20180627285 8 10 2 7 1 9 3 6 4 5 
20180627286 8 10 5 3 1 7 6 2 4 9 
20180627287 4 2 5 3 9 1 10 7 6 8 
20180627288 8 1 4 5 7 6 9 3 10 2 
20180627289 2 3 4 9 6 10 8 5 1 7 
20180627290 6 1 3 5 8 9 7 10 4 2 
20180627291 5 3 9 8 7 6 1 2 4 10 
20180627292 9 4 2 8 3 5 7 6 1 10 
20180627293 9 8 1 7 10 4 3 6 2 5 
20180627294 1 6 5 10 4 2 9 3 7 8 
20180627295 6 10 8 4 7 9 2 1 3 5 
20180627296 9 2 5 4 6 7 10 8 1 3 
20180627297 4 5 1 9 8 3 2 7 6 10 
20180627298 3 7 5 1 9 10 2 8 4 6 
20180627299 7 4 1 10 9 2 5 3 8 6 
20180627300 7 4 8 2 1 10 9 3 5 6 
20180627301 7 9 3 6 4 10 1 2 5 8 
20180627302 5 9 10 8 6 4 7 3 2 1 
20180627303 9 2 1 7 10 3 8 6 5 4 
20180627304 9 1 3 4 7 2 10 6 5 8 
20180627305 1 9 6 2 4 8 10 7 3 5 
20180627306 10 6 7 3 8 9 2 4 1 5 
20180627307 5 10 2 6 8 4 9 1 7 3 
20180627308 3 4 10 7 1 5 8 6 9 2 
20180627309 2 3 4 10 5 7 9 6 1 8 
20180627310 10 3 2 6 5 4 8 1 9 7 
20180627311 6 10 5 2 7 8 1 9 4 3 
20180627312 4 2 6 10 5 7 1 8 9 3 
20180627313 4 6 10 7 3 8 9 5 2 1 
20180627314 6 4 9 5 7 3 8 1 10 2 
20180627315 10 6 1 9 7 2 3 5 4 8 
20180627316 8 1 2 4 9 10 6 5 3 7 
20180627317 8 1 2 6 4 7 5 10 9 3 
20180627318 6 9 2 7 5 8 1 3 4 10 
20180627319 6 9 7 1 10 8 3 2 4 5 
20180627320 8 10 3 2 1 4 7 6 5 9 
20180627321 4 10 8 7 6 9 1 2 3 5 
20180627322 10 4 2 7 9 6 5 3 1 8 
20180627323 9 1 3 7 5 8 4 6 10 2 
20180627324 7 1 2 6 8 4 9 10 5 3 
20180627325 5 6 7 9 8 2 10 3 1 4 
20180627326 1 7 3 9 4 10 2 6 5 8 
20180627327 5 8 10 1 4 2 3 6 9 7 
20180627328 9 10 8 6 3 2 4 7 5 1 
20180627329 10 8 5 6 4 1 3 7 9 2 
20180627330 9 2 4 7 1 3 5 10 8 6 
20180627331 2 1 10 9 7 6 8 4 5 3 
20180627332 5 9 3 6 7 4 10 2 8 1 
20180627333 4 1 3 6 9 7 2 8 5 10 
20180627334 6 10 7 8 9 2 3 1 4 5 
20180627335 4 8 3 1 6 7 2 5 9 10 
20180627336 7 4 6 9 5 10 3 2 1 8 
20180627337 10 2 1 8 7 5 9 4 6 3 
20180627338 2 5 6 4 8 3 1 9 7 10 
20180627339 3 10 4 6 5 9 8 2 1 7 
20180627340 9 4 6 2 1 5 8 10 3 7 
20180627341 5 3 8 7 6 4 9 10 2 1 
20180627342 8 3 9 4 1 5 6 10 2 7 
20180627343 7 8 6 3 1 4 10 9 5 2 
20180627344 10 8 4 6 2 3 7 1 5 9 
20180627345 2 10 3 9 4 1 5 6 8 7 
20180627346 4 6 1 9 3 2 5 7 10 8 
20180627347 2 10 8 9 7 4 1 5 6 3 
20180627348 1 8 9 3 4 5 2 6 7 10 
20180627349 1 2 8 9 10 7 6 3 5 4 
20180627350 9 1 3 4 8 6 5 7 10 2 
20180627351 4 8 1 2 6 7 9 5 3 10 
20180627352 3 1 10 2 4 7 6 9 8 5 
20180627353 8 4 3 9 10 1 6 7 2 5 
20180627354 7 9 4 1 5 6 8 3 10 2 
20180627355 4 7 3 2 8 5 9 1 6 10 
20180627356 6 8 2 5 7 10 4 3 1 9 
20180627357 3 4 9 7 2 6 5 1 10 8 
20180627358 3 9 5 4 1 7 10 8 2 6 
20180627359 8 3 7 9 10 6 1 5 4 2 
20180627360 1 10 5 4 3 7 9 6 8 2 
20180627361 1 9 4 6 3 2 10 5 8 7 
20180627362 9 8 5 3 7 6 4 10 2 1 
20180627363 5 8 1 9 6 4 10 3 7 2 
20180627364 6 1 4 10 9 3 7 2 8 5 
20180627365 3 10 9 2 5 7 4 1 6 8 
20180627366 7 5 2 1 3 8 9 10 6 4 
20180627367 8 7 6 2 9 3 10 1 5 4 
20180627368 2 9 5 6 10 1 3 7 8 4 
20180627369 10 2 9 3 1 7 4 6 5 8 
20180627370 2 3 8 1 7 10 4 9 6 5 
20180627371 2 5 10 7 8 6 1 3 9 4 
20180627372 7 5 3 10 1 8 9 6 2 4 
20180627373 9 3 4 6 10 2 7 1 8 5 
20180627374 4 5 6 8 10 7 9 1 2 3 
20180627375 10 2 9 6 1 5 7 8 3 4 
20180627376 10 3 7 8 6 5 4 1 2 9 
20180627377 4 1 3 2 5 10 9 8 6 7 
20180627378 4 10 1 5 2 6 8 7 9 3 
20180627379 5 4 9 10 3 8 6 1 7 2 
20180627380 4 1 8 10 9 5 3 7 2 6 
20180627381 4 9 6 5 3 10 7 8 1 2 
20180627382 7 6 1 2 8 3 5 9 10 4 
20180627383 1 2 6 10 7 4 3 9 5 8 
20180627384 10 4 8 1 3 6 9 5 2 7 
20180627385 3 2 1 4 6 7 9 5 10 8 
20180627386 2 3 5 10 7 8 9 4 6 1 
20180627387 4 3 9 5 1 7 8 6 10 2 
20180627388 1 6 3 10 8 9 7 4 5 2 
20180627389 8 3 9 1 10 6 2 5 4 7 
20180627390 10 7 1 5 6 9 2 3 8 4 
20180627391 5 7 8 4 6 10 9 1 3 2 
20180627392 5 4 3 1 6 7 2 10 8 9 
20180627393 5 1 10 8 3 9 4 7 6 2 
20180627394 5 3 8 4 2 9 7 6 1 10 
20180627395 4 9 3 5 6 8 10 2 1 7 
20180627396 9 2 10 1 7 4 5 8 3 6 
20180627397 1 6 2 10 3 8 5 4 7 9 
20180627398 7 2 1 5 3 9 8 6 4 10 
20180627399 1 5 2 6 4 3 8 10 7 9 
20180627400 10 2 9 6 8 7 3 5 1 4 
20180627401 1 10 3 6 4 5 8 9 2 7 
20180627402 4 7 8 9 5 2 1 10 6 3 
20180627403 6 2 10 4 8 7 1 5 3 9 
20180627404 4 2 9 10 5 7 3 1 8 6 
20180627405 10 9 4 5 1 3 7 2 6 8 
20180627406 8 1 9 7 4 6 2 5 10 3 
20180627407 6 10 8 1 3 4 2 9 7 5 
20180627408 3 6 1 7 8 4 10 5 2 9 
20180627409 5 10 6 3 8 2 9 1 4 7 
20180627410 9 1 6 7 10 4 2 3 8 5 
20180627411 5 3 9 6 1 8 4 10 7 2 
20180627412 9 4 8 1 3 2 7 5 6 10 
20180627413 9 2 5 3 8 4 10 6 1 7 
20180627414 10 3 4 8 6 5 7 1 2 9 
20180627415 7 8 9 3 1 4 2 10 5 6 
20180627416 2 7 10 8 1 4 3 5 9 6 
20180627417 9 1 7 8 5 6 10 3 4 2 
20180627418 6 10 9 2 5 7 3 4 1 8 
20180627419 4 1 5 6 3 7 10 8 9 2 
20180627420 1 9 2 6 7 10 8 3 5 4 
20180627421 10 8 9 7 3 5 6 4 1 2 
20180627422 8 4 9 5 2 7 3 1 6 10 
20180627423 6 3 7 9 5 8 2 4 1 10 
20180627424 3 6 1 2 8 4 10 9 5 7 
20180627425 3 6 1 7 5 9 8 2 10 4 
20180627426 8 7 3 6 5 4 10 9 1 2 
20180627427 7 8 2 3 6 9 10 4 1 5 
20180627428 1 4 7 5 9 10 2 8 6 3 
20180627429 1 5 7 3 2 4 8 10 6 9 
20180627430 7 10 9 4 2 3 1 8 6 5 
20180627431 5 7 10 1 8 4 3 9 2 6 
20180627432 7 8 3 10 4 9 6 1 2 5 
20180627433 10 3 1 6 7 9 4 2 5 8 
20180627434 7 1 3 8 4 2 10 9 6 5 
20180627435 4 10 2 9 5 7 1 8 6 3 
20180627436 6 4 2 10 7 3 9 1 8 5 
20180627437 7 6 4 3 2 1 5 10 8 9 
20180627438 2 7 10 9 6 3 5 1 8 4 
20180627439 7 6 10 5 8 1 2 4 3 9 
20180627440 2 1 3 4 9 8 6 10 7 5 
20180627441 8 10 7 9 6 5 2 3 1 4 
20180627442 8 4 7 2 1 9 6 3 10 5 
20180627443 2 6 7 1 10 5 4 8 3 9 
20180627444 4 10 1 3 8 9 6 7 2 5 
20180627445 7 10 2 5 8 3 4 9 1 6 
20180627446 8 3 5 4 7 6 10 2 1 9 
20180627447 4 9 1 8 10 3 6 7 2 5 
20180627448 5 6 10 3 1 9 4 8 7 2 
20180627449 5 6 1 8 10 3 2 4 9 7 
20180627450 10 2 5 6 7 8 3 4 9 1 
20180627451 10 6 1 4 8 5 7 2 9 3 
20180627452 1 5 8 9 7 4 3 2 10 6 
20180627453 5 6 7 1 10 4 9 8 2 3 
20180627454 10 5 4 8 9 1 6 3 7 2 
20180627455 8 4 6 1 10 3 2 7 9 5 
20180627456 7 2 8 10 9 6 3 4 5 1 
20180627457 6 9 3 5 7 2 8 4 1 10 
20180627458 9 7 4 3 6 10 1 2 8 5 
20180627459 8 3 6 9 4 1 2 5 10 7 
20180627460 1 5 6 4 3 9 8 2 10 7 
20180627461 2 8 5 4 1 10 9 7 3 6 
20180627462 5 2 3 4 10 8 9 7 6 1 
20180627463 2 1 3 9 6 7 10 8 4 5 
20180627464 7 1 5 6 10 4 3 2 8 9 
20180627465 7 1 3 10 8 5 9 6 4 2 
20180627466 2 1 7 9 5 6 3 8 4 10 
20180627467 1 6 7 3 2 4 10 9 8 5 
20180627468 4 7 9 3 10 8 5 2 1 6 
20180627469 5 10 2 6 4 3 8 7 9 1 
20180627470 2 9 8 10 1 3 5 7 4 6 
20180627471 9 2 4 6 3 8 5 10 7 1 
20180627472 7 9 5 4 3 2 1 10 6 8 
20180627473 3 6 4 8 7 10 9 1 2 5 
20180627474 2 8 9 1 7 6 3 5 10 4 
20180627475 9 10 1 5 6 3 2 4 7 8 
20180627476 3 8 1 6 2 9 7 4 10 5 
20180627477 8 9 10 2 7 5 1 6 4 3 
20180627478 6 9 1 3 2 10 7 8 4 5 
20180627479 4 10 1 6 7 2 9 8 3 5 
20180627480 9 7 8 3 2 6 5 10 4 1 
20180627481 1 2 6 9 10 3 8 7 5 4 
20180627482 10 5 6 7 4 8 2 9 3 1 
20180627483 1 3 5 8 7 6 4 2 9 10 
20180627484 1 10 3 8 2 6 9 7 5 4 
20180627485 2 9 6 8 5 7 3 4 1 10 
20180627486 2 3 9 8 1 5 7 4 10 6 
20180627487 5 4 9 2 6 3 7 10 1 8 
20180627488 10 3 8 2 7 4 5 9 1 6 
20180627489 8 9 3 5 6 10 7 2 4 1 
20180627490 3 4 2 10 9 5 7 1 6 8 
20180627491 8 10 5 2 1 4 6 3 7 9 
20180627492 5 7 2 3 10 6 9 8 4 1 
20180627493 6 2 5 4 1 9 10 7 3 8 
20180627494 1 7 2 4 10 6 3 9 5 8 
20180627495 9 10 3 5 1 2 6 4 8 7 
20180627496 8 6 5 3 2 1 10 4 7 9 
20180627497 2 6 4 5 3 10 1 9 8 7 
20180627498 8 3 5 10 1 2 9 7 4 6 
20180627499 9 6 5 7 3 10 8 2 1 4 
20180627500 7 9 2 6 4 1 5 8 10 3 
20180627501 7 1 10 6 8 4 9 5 2 3 
20180627502 10 3 2 6 7 4 8 1 9 5 
20180627503 7 4 10 6 5 1 8 2 3 9 
20180627504 1 5 8 2 7 6 4 3 9 10 
20180627505 6 1 5 4 9 2 10 7 3 8 
20180627506 10 7 9 5 2 6 1 4 8 3 
20180627507 6 9 3 4 2 1 7 5 8 10 
20180627508 1 2 7 8 3 4 9 10 6 5 
20180627509 8 2 6 1 5 7 4 10 9 3 
20180627510 2 8 9 10 5 1 6 7 4 3 
20180627511 7 5 10 9 4 2 6 3 1 8 
20180627512 10 6 1 9 2 7 8 5 4 3 
20180627513 8 9 2 3 1 4 6 7 5 10 
20180627514 5 9 8 3 1 6 7 2 10 4 
20180627515 2 10 7 4 1 3 5 6 8 9 
20180627516 2 3 4 9 1 10 6 7 5 8 
20180627517 3 8 7 10 6 1 5 4 9 2 
20180627518 1 10 4 8 9 7 2 6 5 3 
20180627519 8 2 6 10 4 5 3 9 1 7 
20180627520 7 2 6 4 1 8 9 3 5 10 
20180627521 8 9 7 1 6 3 10 5 2 4 
20180627522 6 8 3 1 9 5 2 10 7 4 
20180627523 10 9 2 6 5 3 8 7 1 4 
20180627524 9 6 1 4 5 3 2 10 7 8 
20180627525 2 9 6 5 4 8 7 10 3 1 
20180627526 4 6 7 5 9 1 3 10 2 8 
20180627527 6 3 4 9 8 7 5 2 10 1 
20180627528 8 6 9 1 3 7 4 5 2 10 
20180627529 6 10 3 7 1 4 5 2 8 9 
20180627530 4 3 10 1 9 8 7 6 2 5 
20180627531 9 8 1 6 5 2 10 7 3 4 
20180627532 5 1 3 8 9 7 2 10 4 6 
20180627533 8 6 2 1 5 9 4 10 7 3 
20180627534 6 8 10 1 3 2 7 5 9 4 
20180627535 2 7 3 9 5 4 6 10 1 8 
20180627536 10 6 7 5 9 3 8 4 1 2 
20180627537 9 6 2 8 1 7 3 10 5 4 
20180627538 9 10 8 5 4 3 1 7 6 2 
20180627539 10 6 3 1 4 8 9 7 5 2 
20180627540 9 6 7 2 8 4 10 1 5 3 
20180627541 5 6 10 7 3 8 4 2 9 1 
20180627542 10 2 1 3 7 8 5 9 4 6 
20180627543 1 9 7 3 8 10 5 2 4 6 
20180627544 8 5 6 2 9 4 1 7 10 3 
20180627545 6 3 9 1 7 8 2 10 4 5 
20180627546 3 6 1 8 7 4 9 5 10 2 
20180627547 7 8 10 4 1 2 5 9 6 3 
20180627548 6 7 2 5 1 4 9 3 10 8 
20180627549 8 6 9 4 5 1 7 2 10 3 
20180627550 7 8 6 5 2 10 4 3 1 9 
20180627551 9 4 6 5 1 7 8 3 2 10 
20180627552 10 7 6 1 5 8 4 3 9 2 
20180627553 1 2 4 3 9 7 6 10 8 5 
20180627554 10 9 8 7 2 6 5 1 4 3 
20180627555 5 2 7 6 8 10 1 9 3 4 
20180627556 5 8 6 10 1 3 4 2 9 7 
20180627557 9 5 10 1 7 2 3 8 4 6 
20180627558 8 6 1 4 9 2 10 5 7 3 
20180627559 5 7 3 2 8 1 10 6 4 9 
20180627560 9 7 1 8 6 10 4 5 2 3 
20180627561 1 10 6 8 9 4 3 2 7 5 
20180627562 5 9 10 6 3 4 1 2 7 8 
20180627563 6 2 7 9 1 4 8 3 10 5 
20180627564 10 7 6 8 1 2 9 4 3 5 
20180627565 2 4 3 5 6 10 9 7 1 8 
20180627566 4 5 1 9 7 2 3 10 8 6 
20180627567 4 3 2 9 5 10 8 6 7 1 
20180627568 4 2 1 7 8 10 9 6 5 3 
20180627569 6 4 9 1 5 10 7 8 2 3 
20180627570 5 6 8 1 10 4 3 2 7 9 
20180627571 5 3 1 7 8 2 10 9 4 6 
20180627572 7 3 2 10 8 4 9 1 5 6 
20180627573 4 3 9 5 6 10 2 7 8 1 
20180627574 2 8 7 4 10 1 6 5 9 3 
20180627575 10 4 2 3 8 7 9 5 6 1 
20180627576 3 9 2 8 4 7 10 6 1 5 
20180627577 1 10 3 8 2 7 4 9 6 5 
20180627578 6 1 7 5 9 2 8 10 4 3 
20180627579 3 1 9 10 2 7 8 4 5 6 
20180627580 8 5 4 2 3 1 10 7 9 6 
20180627581 3 10 2 6 9 1 8 4 7 5 
20180627582 1 4 5 8 3 9 2 7 10 6 
20180627583 2 10 5 9 8 6 7 4 3 1 
20180627584 8 9 2 6 7 3 10 5 4 1 
20180627585 7 2 6 1 8 5 3 10 4 9 
20180627586 2 4 5 6 9 3 1 7 8 10 
20180627587 9 3 10 1 4 6 7 5 2 8 
20180627588 3 5 1 6 4 7 2 8 10 9 
20180627589 4 2 9 5 8 10 1 3 6 7 
20180627590 8 3 10 6 2 4 5 9 7 1 
20180627591 8 7 4 9 1 10 5 2 3 6 
20180627592 7 4 8 9 5 10 3 6 2 1 
20180627593 7 9 8 5 3 6 2 1 4 10 
20180627594 8 1 2 4 3 10 6 5 7 9 
20180627595 2 6 8 9 1 10 4 5 3 7 
20180627596 8 6 5 1 2 7 4 10 3 9 
20180627597 5 2 7 6 3 4 9 10 8 1 
20180627598 9 3 2 5 8 10 1 7 4 6 
20180627599 9 6 7 2 8 1 4 5 10 3 
20180627600 4 5 1 8 2 9 10 3 7 6 
20180627601 1 5 2 3 9 7 4 10 6 8 
20180627602 2 1 7 6 9 10 3 4 5 8 
20180627603 5 7 4 3 10 8 6 1 2 9 
20180627604 10 1 2 7 8 9 4 6 3 5 
20180627605 4 8 10 1 2 5 3 7 6 9 
20180627606 4 8 9 5 3 1 2 7 10 6 
20180627607 6 7 8 9 4 5 3 10 1 2 
20180627608 1 2 7 4 9 6 10 8 5 3 
20180627609 4 5 6 1 8 7 9 10 2 3 
20180627610 5 10 9 2 1 6 8 4 7 3 
20180627611 4 9 5 6 10 2 1 7 3 8 
20180627612 3 10 4 2 5 1 8 6 9 7 
20180627613 7 1 3 2 8 5 4 10 9 6 
20180627614 1 4 3 6 9 7 5 2 10 8 
20180627615 10 7 1 2 6 8 5 3 4 9 
20180627616 10 4 1 5 2 7 8 3 9 6 
20180627617 8 6 7 3 2 4 10 1 5 9 
20180627618 10 4 9 7 6 3 8 1 2 5 
20180627619 9 3 1 8 5 2 7 10 4 6 
20180627620 9 8 1 6 7 5 4 2 3 10 
20180627621 8 3 9 7 4 2 5 1 6 10 
20180627622 8 10 9 7 2 4 6 3 5 1 
20180627623 1 3 9 8 7 4 6 10 2 5 
20180627624 1 5 10 8 9 4 2 7 3 6 
20180627625 10 1 3 7 6 5 8 2 4 9 
20180627626 2 1 4 5 10 8 6 9 7 3 
20180627627 9 3 5 1 2 8 10 7 4 6 
20180627628 9 10 5 2 1 3 6 7 4 8 
20180627629 7 10 4 9 5 8 3 6 2 1 
20180627630 8 5 7 9 2 10 1 6 4 3 
20180627631 1 7 8 6 10 2 5 4 9 3 
20180627632 9 2 6 7 5 1 3 4 8 10 
20180627633 9 2 6 10 7 5 8 3 1 4 
20180627634 10 3 8 5 4 1 2 6 7 9 
20180627635 1 5 6 2 10 7 8 9 3 4 
20180627636 9 8 10 5 1 4 2 3 7 6 
20180627637 6 4 8 7 1 3 5 10 9 2 
20180627638 7 6 3 5 2 10 1 8 9 4 
20180627639 1 10 8 5 7 4 6 2 3 9 
20180627640 5 1 3 7 4 2 10 9 8 6 
20180627641 1 4 10 6 2 7 8 3 5 9 
20180627642 5 3 8 9 1 7 6 10 2 4 
20180627643 1 4 6 7 2 3 9 5 10 8 
20180627644 9 7 8 3 4 6 2 5 10 1 
20180627645 1 9 7 4 5 2 3 6 8 10 
20180627646 7 9 1 8 6 2 4 5 3 10 
20180627647 4 5 2 10 6 9 8 3 1 7 
20180627648 6 1 10 4 5 8 2 7 9 3 
20180627649 4 8 6 2 5 9 3 7 10 1 
20180627650 1 5 2 7 9 6 10 8 4 3 
20180627651 10 1 4 9 5 3 2 7 8 6 
20180627652 1 9 2 3 10 5 7 8 4 6 
20180627653 4 7 3 6 8 5 9 10 1 2 
20180627654 3 10 7 1 8 5 4 6 2 9 
20180627655 6 9 3 5 10 8 4 1 7 2 
20180627656 4 6 7 8 5 2 3 1 10 9 
20180627657 10 6 4 8 2 9 5 1 3 7 
20180627658 1 4 9 10 6 7 5 2 3 8 
20180627659 3 7 2 10 1 4 6 8 9 5 
20180627660 8 3 1 9 5 4 7 2 6 10 
20180627661 5 1 6 3 4 9 2 10 8 7 
20180627662 2 1 8 9 7 10 5 4 3 6 
20180627663 6 3 1 9 8 5 10 4 2 7 
20180627664 7 3 6 5 1 2 4 8 9 10 
20180627665 4 6 5 9 8 2 7 10 1 3 
20180627666 9 3 1 2 6 10 8 7 4 5 
20180627667 10 4 2 8 6 9 7 3 5 1 
20180627668 3 4 9 6 5 1 7 10 8 2 
20180627669 7 2 4 3 5 8 10 9 1 6 
20180627670 7 5 3 8 6 4 1 10 2 9 
20180627671 6 3 5 9 8 1 10 4 7 2 
20180627672 6 5 7 3 4 1 8 9 2 10 
20180627673 8 2 6 1 4 10 5 9 7 3 
20180627674 4 6 7 1 8 10 3 2 5 9 
20180627675 6 4 1 7 3 2 10 8 9 5 
20180627676 8 2 9 5 7 3 4 10 6 1 
20180627677 2 6 9 1 4 5 8 3 10 7 
20180627678 3 4 2 7 8 9 6 5 1 10 
20180627679 7 3 5 6 9 2 1 8 4 10 
20180627680 7 9 6 1 2 5 10 4 3 8 
20180627681 9 7 1 8 2 3 5 10 4 6 
20180627682 10 2 9 6 4 1 7 3 8 5 
20180627683 7 10 8 6 4 3 1 9 2 5 
20180627684 3 10 2 6 7 1 9 5 8 4 
20180627685 10 2 5 3 4 7 6 8 9 1 
20180627686 9 3 10 6 1 5 7 8 2 4 
20180627687 5 9 10 7 4 8 3 2 1 6 
20180627688 10 1 3 4 5 2 7 9 6 8 
20180627689 1 5 3 8 7 4 9 2 6 10 
20180627690 5 6 9 7 1 3 8 4 2 10 
20180627691 6 3 5 9 2 1 10 4 7 8 
20180627692 9 5 3 10 8 6 1 4 7 2 
20180627693 9 6 5 7 4 8 1 10 3 2 
20180627694 10 1 6 2 9 5 3 7 4 8 
20180627695 6 9 8 2 10 5 7 1 3 4 
20180627696 6 8 4 7 9 1 3 5 10 2 
20180627697 2 7 9 3 4 5 10 1 8 6 
20180627698 10 9 7 6 4 2 8 5 1 3 
20180627699 5 7 4 2 10 1 9 3 8 6 
20180627700 7 4 5 2 8 6 9 3 1 10 
20180627701 8 3 4 9 6 5 7 10 1 2 
20180627702 9 8 4 5 7 3 6 10 1 2 
20180627703 4 3 7 8 2 9 1 5 6 10 
20180627704 5 7 8 2 1 4 3 6 9 10 
20180627705 4 9 1 10 8 6 2 7 3 5 
20180627706 1 6 3 7 9 2 10 8 4 5 
20180627707 8 7 10 1 4 5 9 2 3 6 
20180627708 9 5 8 1 6 10 4 7 3 2 
20180627709 9 4 3 7 1 2 8 10 6 5 
20180627710 6 3 1 5 8 2 9 7 4 10 
20180627711 2 4 8 1 10 7 6 5 3 9 
20180627712 3 10 1 6 4 7 5 9 2 8 
20180627713 10 8 9 6 1 2 7 5 3 4 
20180627714 6 3 8 9 5 7 1 10 4 2 
20180627715 10 7 2 8 1 3 6 5 9 4 
20180627716 6 2 8 5 1 3 7 10 9 4 
20180627717 5 2 1 4 6 7 3 10 8 9 
20180627718 7 5 3 8 1 9 10 4 2 6 
20180627719 3 10 4 8 9 2 6 7 1 5 
20180627720 7 4 5 9 1 2 10 6 8 3 
20180627721 6 10 4 3 5 2 7 8 1 9 
20180627722 4 8 5 1 2 9 3 10 6 7 
20180627723 6 5 3 9 4 1 10 7 2 8 
20180627724 2 7 3 6 4 5 10 8 9 1 
20180627725 4 6 3 5 1 8 9 10 2 7 
20180627726 5 6 8 10 1 9 3 7 2 4 
20180627727 10 4 7 3 1 6 5 2 8 9 
20180627728 2 6 5 10 3 1 7 4 9 8 
20180627729 8 9 6 10 4 5 3 7 2 1 
20180627730 9 2 3 10 4 6 5 1 7 8 
20180627731 3 4 9 5 8 6 7 10 2 1 
20180627732 2 7 4 3 6 9 1 5 8 10 
20180627733 9 3 8 1 5 7 6 10 4 2 
20180627734 5 4 3 7 6 2 9 8 1 10 
20180627735 8 4 3 2 10 6 7 1 5 9 
20180627736 3 2 10 4 8 1 5 6 7 9 
20180627737 10 5 9 3 1 6 2 7 8 4 
20180627738 6 4 10 1 3 7 5 9 8 2 
20180627739 2 10 8 7 4 5 1 6 3 9 
20180627740 10 7 1 6 3 2 5 4 9 8 
20180627741 10 1 6 4 5 2 9 8 3 7 
20180627742 7 10 5 6 3 2 4 9 8 1 
20180627743 4 3 7 6 5 1 8 10 9 2 
20180627744 7 10 2 6 5 1 4 9 8 3 
20180627745 4 10 8 6 3 2 1 5 9 7 
20180627746 3 2 1 7 10 4 8 9 5 6 
20180627747 8 2 3 7 5 4 10 9 1 6 
20180627748 9 2 6 7 8 1 3 10 5 4 
20180627749 8 1 2 10 4 5 3 9 6 7 
20180627750 9 4 10 8 2 3 6 7 5 1 
20180627751 3 2 4 1 10 9 6 5 7 8 
20180627752 6 4 3 10 1 5 7 2 9 8 
20180627753 3 9 10 6 5 4 7 1 2 8 
20180627754 5 6 2 10 1 9 3 8 4 7 
20180627755 2 10 8 6 9 7 3 5 4 1 
20180627756 7 8 1 5 10 3 4 6 2 9 
20180627757 10 2 8 1 7 5 4 6 3 9 
20180627758 10 8 4 7 2 3 9 1 6 5 
20180627759 3 7 4 1 5 6 2 10 9 8 
20180627760 6 4 7 5 3 1 9 8 2 10 
20180627761 3 2 10 9 5 1 8 6 4 7 
20180627762 9 10 2 8 3 4 5 6 7 1 
20180627763 8 1 2 4 9 5 6 7 10 3 
20180627764 1 6 10 4 2 7 3 8 9 5 
20180627765 1 4 5 10 9 6 8 2 7 3 
20180627766 8 3 4 6 7 9 5 2 10 1 
20180627767 7 4 1 9 5 6 3 10 2 8 
20180627768 9 10 4 3 1 7 6 2 8 5 
20180627769 1 2 5 10 6 8 4 9 3 7 
20180627770 10 9 1 5 6 7 8 2 4 3 
20180627771 1 3 2 9 6 4 5 10 7 8 
20180627772 9 8 6 1 3 2 4 5 10 7 
20180627773 10 5 6 2 9 3 7 4 1 8 
20180627774 10 4 7 8 6 5 9 2 3 1 
20180627775 3 10 1 7 5 6 8 9 4 2 
20180627776 4 8 6 5 7 9 2 3 1 10 
20180627777 4 8 2 6 5 10 1 9 3 7 
20180627778 7 4 8 10 2 3 1 9 6 5 
20180627779 2 9 6 3 1 10 4 7 8 5 
20180627780 1 7 3 4 2 9 6 8 10 5 
20180627781 6 4 2 7 8 1 9 10 5 3 
20180627782 2 4 3 10 5 7 8 9 6 1 
20180627783 3 2 10 4 1 7 6 8 9 5 
20180627784 2 10 3 4 6 1 8 7 9 5 
20180627785 9 3 4 5 7 2 10 8 6 1 
20180627786 10 9 6 1 3 2 4 5 7 8 
20180627787 8 2 3 4 1 10 9 5 7 6 
20180627788 9 3 4 7 5 10 2 8 6 1 
20180627789 2 1 4 7 3 5 10 9 8 6 
20180627790 5 10 9 1 2 3 6 8 4 7 
20180627791 3 4 9 2 7 6 1 8 5 10 
20180627792 2 8 3 6 7 9 10 5 1 4 
20180627793 5 4 6 3 10 8 9 1 7 2 
20180627794 5 1 2 8 7 10 6 4 9 3 
20180627795 9 4 3 2 8 10 7 5 1 6 
20180627796 6 4 1 3 5 7 10 9 2 8 
20180627797 1 9 3 4 5 6 8 2 10 7 
20180627798 9 8 1 10 5 4 2 6 7 3 
20180627799 6 1 3 7 8 10 9 5 4 2 
20180627800 1 5 10 2 8 4 6 9 3 7 
20180627801 4 6 9 3 1 5 2 8 10 7 
20180627802 4 2 6 5 10 9 3 7 8 1 
20180627803 4 2 9 10 8 3 7 1 6 5 
20180627804 5 9 2 4 3 8 10 7 1 6 
20180627805 4 1 7 9 5 8 2 6 3 10 
20180627806 7 5 2 4 9 8 3 10 6 1 
20180627807 7 6 5 1 4 2 3 9 10 8 
20180627808 1 4 5 8 6 2 10 3 9 7 
20180627809 1 7 4 6 2 10 3 8 9 5 
20180627810 1 8 4 7 10 3 6 9 5 2 
20180627811 5 2 7 1 10 4 6 3 8 9 
20180627812 2 9 6 7 3 1 10 5 8 4 
20180627813 4 5 9 1 8 6 10 3 2 7 
20180627814 5 1 4 10 8 9 7 6 2 3 
20180627815 9 10 1 4 8 7 2 6 3 5 
20180627816 7 6 3 9 10 1 2 4 8 5 
20180627817 4 2 3 6 7 5 10 8 9 1 
20180627818 8 2 10 5 3 9 6 1 7 4 
20180627819 5 4 9 8 2 6 7 1 3 10 
20180627820 1 3 5 8 6 4 9 10 7 2 
20180627821 7 3 8 5 4 9 10 1 6 2 
20180627822 7 9 1 6 8 10 3 5 2 4 
20180627823 8 5 4 7 2 9 10 3 1 6 
20180627824 4 5 2 9 3 6 10 1 8 7 
20180627825 5 6 1 8 7 2 4 10 3 9 
20180627826 2 6 3 10 1 7 9 8 4 5 
20180627827 3 2 1 9 10 5 6 7 4 8 
20180627828 4 1 8 6 5 2 3 9 7 10 
20180627829 6 4 1 3 10 5 2 8 7 9 
20180627830 9 5 1 10 3 6 8 4 7 2 
20180627831 5 9 7 8 2 4 1 3 6 10 
20180627832 6 8 10 4 1 2 5 9 7 3 
20180627833 5 3 1 6 4 8 2 7 9 10 
20180627834 5 1 6 8 9 3 4 7 10 2 
20180627835 10 1 7 2 6 9 4 3 8 5 
20180627836 10 9 2 4 5 6 3 1 7 8 
20180627837 1 4 9 8 2 3 6 7 5 10 
20180627838 5 1 6 3 4 7 2 10 9 8 
20180627839 1 4 2 6 7 9 5 8 10 3 
20180627840 1 10 2 3 9 5 8 6 4 7 
20180627841 9 2 3 8 6 1 5 7 10 4 
20180627842 10 1 3 9 4 7 2 5 6 8 
20180627843 1 8 9 4 3 2 6 7 5 10 
20180627844 10 7 2 5 4 6 9 3 1 8 
20180627845 8 2 4 1 7 6 9 10 3 5 
20180627846 10 5 8 2 1 7 4 6 9 3 
20180627847 9 3 6 2 7 8 5 1 10 4 
20180627848 3 8 5 1 7 9 4 10 6 2 
20180627849 2 4 1 10 9 7 8 5 6 3 
20180627850 8 4 7 10 9 5 6 3 1 2 
20180627851 10 6 3 1 8 5 4 7 2 9 
20180627852 5 10 8 3 6 2 1 7 4 9 
20180627853 2 9 6 1 3 10 5 7 4 8 
20180627854 3 9 10 2 1 4 8 6 7 5 
20180627855 3 2 7 8 9 6 5 1 4 10 
20180627856 6 4 7 5 2 3 9 8 10 1 
20180627857 10 1 6 4 5 8 3 7 2 9 
20180627858 1 6 9 3 4 8 10 5 2 7 
20180627859 7 8 1 9 4 2 5 3 6 10 
20180627860 6 2 10 9 3 8 1 7 4 5 
20180627861 4 7 3 10 8 2 1 6 9 5 
20180627862 5 3 9 1 4 6 7 8 10 2 
20180627863 2 4 5 9 10 6 3 8 1 7 
20180627864 2 5 6 4 8 1 7 9 3 10 
20180627865 9 4 7 1 5 6 2 8 3 10 
20180627866 5 8 2 7 9 6 10 3 4 1 
20180627867 10 1 6 4 8 9 7 3 5 2 
20180627868 7 4 3 9 1 8 5 6 10 2 
20180627869 5 10 8 6 4 9 7 2 3 1 
20180627870 6 7 2 3 8 5 9 1 4 10 
20180627871 5 8 3 10 9 2 6 4 1 7 
20180627872 1 3 9 8 6 2 10 5 7 4 
20180627873 8 3 1 6 5 10 7 2 4 9 
20180627874 9 4 5 7 2 6 3 8 10 1 
20180627875 10 3 9 8 7 6 4 1 2 5 
20180627876 5 6 7 8 1 9 2 10 3 4 
20180627877 9 10 4 5 7 3 2 6 1 8 
20180627878 4 6 7 1 2 9 8 3 5 10 
20180627879 9 10 1 4 2 8 6 5 7 3 
20180627880 2 9 3 7 1 4 10 8 6 5 
20180627881 6 9 8 7 3 2 10 4 5 1 
20180627882 1 9 8 7 2 5 4 3 10 6 
20180627883 1 8 7 5 10 4 2 6 3 9 
20180627884 2 10 5 6 3 1 7 9 4 8 
20180627885 9 5 2 1 4 10 3 8 7 6 
20180627886 9 5 1 8 2 6 7 10 3 4 
20180627887 2 1 3 9 5 6 7 4 10 8 
20180627888 2 7 1 9 10 6 4 5 8 3 
20180627889 2 6 5 7 10 3 1 4 9 8 
20180627890 10 7 5 1 4 2 3 9 6 8 
20180627891 9 5 3 6 8 7 2 10 4 1 
20180627892 3 5 10 4 2 9 1 7 6 8 
20180627893 6 5 4 10 3 1 7 2 8 9 
20180627894 6 7 10 2 8 1 5 9 4 3 
20180627895 2 9 8 1 7 6 5 4 10 3 
20180627896 6 4 10 2 7 1 9 3 8 5 
20180627897 6 5 3 2 4 10 1 8 9 7 
20180627898 4 3 10 2 7 9 6 1 5 8 
20180627899 5 2 3 8 6 9 10 7 1 4 
20180627900 4 10 6 7 9 1 3 5 8 2 
20180627901 6 7 5 4 10 1 3 8 9 2 
20180627902 5 2 7 3 1 10 4 9 8 6 
20180627903 9 1 6 5 7 10 4 3 8 2 
20180627904 9 10 5 2 7 1 6 3 8 4 
20180627905 1 10 5 3 4 8 9 6 7 2 
20180627906 5 4 7 6 1 9 8 10 2 3 
20180627907 5 7 10 4 6 3 1 9 2 8 
20180627908 4 5 1 2 6 8 3 9 10 7 
20180627909 7 2 10 6 9 4 1 5 8 3 
20180627910 5 1 4 7 6 3 10 9 8 2 
20180627911 2 3 7 8 5 6 10 1 9 4 
20180627912 8 4 1 7 2 6 9 10 5 3 
20180627913 3 2 7 6 8 1 4 5 10 9 
20180627914 6 3 8 10 2 5 7 9 1 4 
20180627915 4 5 9 8 10 1 3 6 2 7 
20180627916 5 1 7 9 4 3 10 2 8 6 
20180627917 8 2 4 6 3 1 9 10 7 5 
20180627918 7 6 4 9 2 5 8 1 3 10 
20180627919 6 5 8 2 9 3 10 1 7 4 
20180627920 5 9 6 2 10 8 1 4 3 7 
20180627921 2 3 4 9 10 8 1 6 5 7 
20180627922 2 8 7 10 1 3 4 5 9 6 
20180627923 6 10 8 7 9 5 1 2 3 4 
20180627924 6 3 9 8 10 2 5 4 1 7 
20180627925 5 6 9 7 3 8 2 10 1 4 
20180627926 5 6 8 9 1 7 4 10 2 3 
20180627927 8 5 4 10 1 9 3 2 6 7 
20180627928 2 7 5 9 10 8 3 6 4 1 
20180627929 4 6 10 8 5 7 3 1 2 9 
20180627930 5 1 6 10 3 8 9 4 2 7 
20180627931 7 2 5 8 3 4 9 1 10 6 
20180627932 7 4 3 10 5 6 9 1 2 8 
20180627933 2 9 6 4 8 1 10 5 3 7 
20180627934 10 9 3 2 4 5 8 6 1 7 
20180627935 2 9 1 5 3 8 7 6 4 10 
20180627936 10 2 5 8 9 6 7 3 1 4 
20180627937 4 8 5 7 3 2 6 10 1 9 
20180627938 7 10 5 9 6 8 2 4 1 3 
20180627939 5 2 6 9 8 10 7 1 3 4 
20180627940 6 10 3 9 5 2 8 1 4 7 
20180627941 6 5 3 9 4 2 1 7 8 10 
20180627942 10 5 8 2 6 9 3 7 4 1 
20180627943 2 8 7 10 1 6 9 5 3 4 
20180627944 10 8 5 9 2 4 3 1 7 6 
20180627945 7 10 1 4 3 5 6 8 2 9 
20180627946 6 7 8 1 3 2 4 10 5 9 
20180627947 1 3 2 4 7 8 5 6 9 10 
20180627948 7 10 1 6 5 8 3 9 2 4 
20180627949 3 2 9 6 10 8 7 5 1 4 
20180627950 8 10 5 2 6 1 7 4 3 9 
20180627951 1 3 8 9 6 5 4 2 10 7 
20180627952 10 4 8 9 3 1 5 2 7 6 
20180627953 4 3 6 8 7 5 10 9 1 2 
20180627954 2 4 1 3 7 10 5 8 6 9 
20180627955 5 1 7 4 3 8 6 10 2 9 
20180627956 5 10 9 3 4 1 2 8 6 7 
20180627957 2 6 9 3 7 5 8 4 10 1 
20180627958 7 6 3 1 10 2 8 5 9 4 
20180627959 3 1 6 9 8 7 4 10 5 2 
20180627960 8 7 6 4 3 10 2 1 9 5 
20180627961 7 6 8 5 9 4 1 3 2 10 
20180627962 2 5 6 9 10 8 1 4 7 3 
20180627963 4 9 2 5 8 6 10 7 1 3 
20180627964 8 4 7 3 5 9 1 2 6 10 
20180627965 5 8 4 7 1 9 2 3 6 10 
20180627966 2 1 10 8 9 4 5 6 3 7 
20180627967 4 6 3 1 10 7 9 8 5 2 
20180627968 10 9 7 6 2 4 5 1 8 3 
20180627969 1 10 2 9 7 8 3 5 6 4 
20180627970 3 8 10 6 1 5 4 7 2 9 
20180627971 2 8 5 7 6 1 10 9 4 3 
20180627972 8 7 10 5 3 2 6 1 4 9 
20180627973 10 8 4 5 6 1 7 3 2 9 
20180627974 1 5 8 2 7 10 4 6 9 3 
20180627975 9 10 1 4 5 7 3 2 6 8 
20180627976 5 10 7 6 4 9 8 2 3 1 
20180627977 1 7 10 4 6 5 9 2 3 8 
20180627978 5 1 9 3 10 4 7 6 8 2 
20180627979 4 7 1 9 2 3 5 8 6 10 
20180627980 2 3 6 1 4 8 7 9 10 5 
20180627981 8 7 1 10 5 3 4 6 2 9 
20180627982 10 1 9 3 8 4 2 7 6 5 
20180627983 4 8 7 6 9 2 5 1 3 10 
20180627984 3 6 1 2 5 9 8 10 4 7 
20180627985 2 6 3 4 1 10 5 7 8 9 
