20180618001 8 6 5 2 3 4 7 10 9 1 
20180618002 1 8 10 4 7 9 3 2 6 5 
20180618003 8 4 7 1 10 2 9 3 5 6 
20180618004 1 9 8 7 5 3 2 6 10 4 
20180618005 8 1 4 10 7 6 3 2 5 9 
20180618006 5 8 7 2 1 10 3 4 6 9 
20180618007 6 1 9 4 10 5 3 2 8 7 
20180618008 3 7 5 6 8 10 4 2 1 9 
20180618009 2 3 8 9 6 5 10 7 4 1 
20180618010 5 2 4 10 7 8 3 6 1 9 
20180618011 9 6 7 2 3 4 5 10 8 1 
20180618012 10 7 2 6 9 8 1 3 4 5 
20180618013 8 1 6 2 7 10 4 5 3 9 
20180618014 9 4 2 10 5 1 6 7 8 3 
20180618015 9 3 4 10 8 6 2 5 1 7 
20180618016 7 3 2 1 6 5 9 4 10 8 
20180618017 9 1 8 7 10 2 5 6 3 4 
20180618018 8 4 9 6 7 5 3 1 10 2 
20180618019 5 1 9 3 8 4 6 10 7 2 
20180618020 1 4 3 2 5 6 7 9 10 8 
20180618021 3 9 5 1 10 2 4 6 8 7 
20180618022 7 9 8 1 4 2 10 3 5 6 
20180618023 8 5 10 4 1 9 2 6 7 3 
20180618024 6 4 10 7 5 2 1 3 8 9 
20180618025 4 6 2 8 9 3 10 5 7 1 
20180618026 8 7 2 10 4 1 9 6 5 3 
20180618027 6 7 2 9 5 8 3 10 4 1 
20180618028 4 7 10 2 3 1 6 9 5 8 
20180618029 3 4 8 9 7 6 1 10 2 5 
20180618030 1 5 3 7 2 10 6 8 9 4 
20180618031 2 4 5 8 10 3 7 6 9 1 
20180618032 3 8 7 10 6 2 4 9 1 5 
20180618033 4 3 9 10 2 7 1 8 6 5 
20180618034 5 1 2 7 8 3 9 6 4 10 
20180618035 7 2 9 3 5 10 8 6 4 1 
20180618036 2 10 9 4 7 1 6 3 8 5 
20180618037 9 8 5 4 10 1 7 2 3 6 
20180618038 3 7 4 9 6 5 10 1 2 8 
20180618039 7 10 9 2 4 8 1 5 6 3 
20180618040 3 5 10 8 6 7 9 4 2 1 
20180618041 9 8 3 6 4 5 7 10 1 2 
20180618042 5 8 1 2 6 7 3 9 10 4 
20180618043 4 2 6 7 5 1 3 10 8 9 
20180618044 6 9 4 8 5 2 3 10 1 7 
20180618045 8 2 10 1 3 7 6 4 9 5 
20180618046 2 10 4 3 8 6 9 5 1 7 
20180618047 5 9 4 7 1 2 8 3 10 6 
20180618048 6 3 5 8 1 10 2 4 7 9 
20180618049 9 5 3 2 10 4 6 8 1 7 
20180618050 8 2 3 4 5 1 9 10 7 6 
20180618051 5 3 10 2 9 7 4 6 1 8 
20180618052 6 10 9 4 3 8 7 1 5 2 
20180618053 4 8 6 1 7 3 10 5 9 2 
20180618054 8 7 4 5 1 10 2 3 9 6 
20180618055 9 5 6 3 4 8 10 2 1 7 
20180618056 5 8 3 10 1 4 9 6 7 2 
20180618057 7 5 2 6 4 8 9 1 10 3 
20180618058 3 6 10 4 9 1 7 5 2 8 
20180618059 9 4 8 6 2 1 5 10 7 3 
20180618060 7 10 6 9 3 2 8 4 1 5 
20180618061 10 3 4 2 6 1 5 7 9 8 
20180618062 9 7 3 2 1 4 5 8 10 6 
20180618063 5 3 4 1 2 9 8 7 6 10 
20180618064 5 3 9 8 10 7 2 1 4 6 
20180618065 10 2 9 4 3 5 1 8 7 6 
20180618066 8 1 3 2 5 10 6 4 9 7 
20180618067 6 1 10 4 7 8 2 9 5 3 
20180618068 3 8 6 4 1 2 10 9 7 5 
20180618069 8 9 5 2 3 4 7 10 1 6 
20180618070 1 3 5 10 8 2 4 7 6 9 
20180618071 5 8 2 3 7 4 6 9 1 10 
20180618072 4 1 5 7 2 3 6 9 10 8 
20180618073 6 3 9 4 10 7 5 2 1 8 
20180618074 8 10 7 5 9 3 2 4 1 6 
20180618075 3 5 10 7 9 2 4 6 8 1 
20180618076 1 5 2 4 6 8 7 3 9 10 
20180618077 4 5 9 3 2 1 7 10 6 8 
20180618078 7 4 10 9 3 6 2 8 1 5 
20180618079 7 5 10 6 8 9 3 1 4 2 
20180618080 10 1 9 6 2 3 5 7 4 8 
20180618081 5 1 9 7 3 10 4 8 6 2 
20180618082 1 4 2 3 6 5 7 9 10 8 
20180618083 8 6 3 4 7 5 2 10 1 9 
20180618084 3 6 8 4 9 1 7 10 5 2 
20180618085 8 10 3 2 7 4 6 1 5 9 
20180618086 5 8 4 2 7 6 10 9 1 3 
20180618087 9 1 3 7 8 5 10 2 6 4 
20180618088 8 7 6 1 5 2 9 4 3 10 
20180618089 2 1 3 8 4 5 7 6 10 9 
20180618090 4 3 9 8 10 7 1 5 6 2 
20180618091 8 3 1 5 10 6 4 9 7 2 
20180618092 4 3 6 9 1 10 7 5 8 2 
20180618093 1 9 5 10 4 3 7 6 2 8 
20180618094 4 8 5 10 7 1 9 2 6 3 
20180618095 3 4 5 6 8 9 10 2 1 7 
20180618096 2 1 6 9 8 5 10 3 7 4 
20180618097 10 3 8 4 5 1 9 6 7 2 
20180618098 3 9 1 2 8 5 7 6 4 10 
20180618099 4 10 8 9 7 6 5 1 3 2 
20180618100 8 3 5 2 9 1 6 7 4 10 
20180618101 1 8 10 3 4 7 9 2 6 5 
20180618102 6 9 4 2 3 10 7 5 8 1 
20180618103 7 9 6 1 4 3 8 5 2 10 
20180618104 3 6 5 10 8 7 9 2 1 4 
20180618105 5 8 6 2 3 9 4 10 1 7 
20180618106 7 8 6 10 5 9 4 2 3 1 
20180618107 5 1 4 2 8 10 3 7 9 6 
20180618108 5 6 8 4 2 3 10 1 9 7 
20180618109 4 5 2 9 8 1 7 3 6 10 
20180618110 2 6 1 4 5 9 3 10 8 7 
20180618111 5 8 6 3 2 4 10 9 1 7 
20180618112 3 2 4 1 6 7 8 5 10 9 
20180618113 2 10 6 5 7 9 3 1 8 4 
20180618114 9 8 6 4 1 2 7 10 3 5 
20180618115 1 5 2 10 7 3 6 4 9 8 
20180618116 1 2 4 6 5 8 10 3 9 7 
20180618117 5 2 3 4 7 6 9 1 8 10 
20180618118 6 7 10 9 5 8 2 1 4 3 
20180618119 8 1 7 9 6 3 2 10 4 5 
20180618120 1 8 4 2 5 3 6 9 7 10 
20180618121 2 1 3 7 5 6 9 10 8 4 
20180618122 7 9 5 6 1 10 8 2 3 4 
20180618123 5 1 9 2 10 6 4 8 7 3 
20180618124 5 3 10 4 9 8 7 2 6 1 
20180618125 6 10 9 1 4 5 2 3 7 8 
20180618126 7 10 9 6 8 5 2 3 1 4 
20180618127 2 10 4 3 7 5 6 9 8 1 
20180618128 2 1 5 10 4 7 8 3 9 6 
20180618129 10 9 4 2 1 8 6 5 7 3 
20180618130 9 3 5 8 10 1 2 6 4 7 
20180618131 6 7 5 9 10 4 2 3 8 1 
20180618132 8 9 7 3 1 5 4 2 10 6 
20180618133 1 7 4 10 5 3 2 8 9 6 
20180618134 7 9 2 5 4 8 10 3 6 1 
20180618135 3 9 4 2 5 6 7 1 8 10 
20180618136 7 1 6 8 2 4 5 10 3 9 
20180618137 6 9 5 7 3 10 1 4 8 2 
20180618138 5 8 7 6 2 1 4 3 9 10 
20180618139 9 2 8 7 1 4 3 5 10 6 
20180618140 4 1 10 2 3 5 6 8 9 7 
20180618141 9 2 8 7 5 3 4 10 1 6 
20180618142 8 2 3 4 7 1 6 5 10 9 
20180618143 2 6 5 10 3 7 8 9 1 4 
20180618144 9 6 3 4 5 10 1 8 7 2 
20180618145 9 5 10 8 6 1 2 3 7 4 
20180618146 8 7 10 3 5 6 1 9 4 2 
20180618147 3 7 10 2 5 8 9 6 4 1 
20180618148 10 9 3 7 2 8 1 6 5 4 
20180618149 1 6 8 5 2 7 10 3 9 4 
20180618150 5 3 8 6 1 9 7 2 10 4 
20180618151 9 5 10 4 3 7 8 1 2 6 
20180618152 8 1 3 2 5 9 7 6 4 10 
20180618153 9 6 7 1 8 2 10 4 3 5 
20180618154 8 6 9 7 2 3 1 4 5 10 
20180618155 10 3 6 2 5 7 4 9 1 8 
20180618156 7 1 4 9 3 10 2 5 8 6 
20180618157 2 1 7 4 6 3 10 5 8 9 
20180618158 9 5 10 4 7 6 1 3 8 2 
20180618159 8 3 5 7 4 6 2 10 9 1 
20180618160 4 9 10 6 3 5 2 8 7 1 
20180618161 5 4 1 2 3 7 8 10 6 9 
20180618162 2 4 10 6 3 7 1 8 5 9 
20180618163 3 5 1 10 2 9 7 6 8 4 
20180618164 7 10 4 1 5 6 9 3 2 8 
20180618165 4 7 2 3 5 6 10 8 9 1 
20180618166 2 3 6 4 9 10 8 5 1 7 
20180618167 7 1 9 6 4 5 10 3 8 2 
20180618168 10 8 6 3 7 4 1 9 2 5 
20180618169 9 10 5 1 8 6 4 3 7 2 
20180618170 3 9 10 4 2 8 1 7 5 6 
20180618171 10 1 5 4 9 2 6 3 8 7 
20180618172 3 9 7 8 1 4 5 6 2 10 
20180618173 9 7 4 3 1 10 5 8 2 6 
20180618174 5 4 10 2 3 7 8 6 9 1 
20180618175 4 5 10 8 7 1 2 6 9 3 
20180618176 3 5 1 4 9 8 10 7 2 6 
20180618177 9 5 4 6 1 10 7 3 8 2 
20180618178 2 3 5 4 9 8 1 6 10 7 
20180618179 7 3 6 8 5 10 1 2 4 9 
20180618180 5 3 4 8 2 1 10 9 7 6 
20180618181 3 6 1 10 8 9 2 4 7 5 
20180618182 9 10 4 6 5 8 2 3 7 1 
20180618183 4 1 9 6 10 8 7 5 2 3 
20180618184 3 5 9 1 6 7 8 4 2 10 
20180618185 8 9 2 1 5 3 7 10 6 4 
20180618186 6 2 9 10 5 3 4 8 1 7 
20180618187 4 2 10 1 9 3 5 7 6 8 
20180618188 4 10 5 7 1 2 9 3 6 8 
20180618189 5 10 2 4 7 6 9 3 8 1 
20180618190 9 5 2 3 4 1 6 10 8 7 
20180618191 9 6 1 4 7 3 8 2 10 5 
20180618192 10 3 9 6 1 2 8 4 5 7 
20180618193 4 2 9 5 7 1 3 6 10 8 
20180618194 4 3 8 2 7 10 9 6 1 5 
20180618195 10 9 8 4 1 3 7 2 5 6 
20180618196 7 9 5 3 1 8 6 4 10 2 
20180618197 8 4 6 10 5 9 2 7 1 3 
20180618198 8 7 5 2 6 4 10 3 1 9 
20180618199 4 10 9 5 7 1 8 2 3 6 
20180618200 10 8 4 9 1 3 7 2 6 5 
20180618201 6 10 4 2 5 7 9 1 3 8 
20180618202 5 9 1 3 8 6 4 10 2 7 
20180618203 3 4 2 8 9 6 1 7 10 5 
20180618204 7 4 6 3 5 8 9 10 1 2 
20180618205 1 9 8 5 6 10 7 4 2 3 
20180618206 6 1 10 5 4 7 9 8 3 2 
20180618207 2 9 10 5 7 4 3 1 6 8 
20180618208 5 9 7 6 10 1 2 8 4 3 
20180618209 8 3 5 10 6 2 9 4 7 1 
20180618210 10 5 3 8 6 1 9 4 2 7 
20180618211 2 7 10 3 8 9 5 1 6 4 
20180618212 2 5 9 6 8 3 4 7 1 10 
20180618213 9 10 1 5 7 2 6 8 3 4 
20180618214 8 9 3 6 5 10 4 2 7 1 
20180618215 9 2 7 8 6 5 4 1 10 3 
20180618216 5 4 3 9 8 2 6 1 7 10 
20180618217 7 2 10 4 1 3 9 6 8 5 
20180618218 1 3 10 9 8 5 2 6 4 7 
20180618219 7 10 2 8 4 5 3 9 1 6 
20180618220 2 9 6 1 5 3 7 10 8 4 
20180618221 4 8 6 5 9 1 10 2 7 3 
20180618222 6 10 5 2 4 7 9 3 1 8 
20180618223 6 2 4 1 3 10 8 5 9 7 
20180618224 10 9 3 7 4 1 6 8 2 5 
20180618225 3 7 1 6 5 4 2 8 10 9 
20180618226 6 2 3 10 4 9 5 7 1 8 
20180618227 10 8 2 6 4 7 9 5 3 1 
20180618228 4 5 8 7 2 6 3 10 9 1 
20180618229 9 6 10 5 3 8 1 2 4 7 
20180618230 3 9 10 8 5 4 2 6 7 1 
20180618231 1 2 8 10 3 7 4 5 6 9 
20180618232 3 8 6 10 5 9 1 4 2 7 
20180618233 1 4 10 7 2 3 5 6 9 8 
20180618234 3 1 2 10 9 8 4 7 5 6 
20180618235 10 8 1 5 9 3 2 7 4 6 
20180618236 8 2 9 4 6 3 10 1 7 5 
20180618237 6 8 10 2 1 9 3 4 5 7 
20180618238 10 5 7 2 6 3 8 9 1 4 
20180618239 7 10 8 2 3 4 1 6 5 9 
20180618240 10 9 5 7 3 6 8 4 2 1 
20180618241 6 4 9 3 5 8 10 7 2 1 
20180618242 3 5 6 1 10 4 8 9 7 2 
20180618243 4 1 7 5 3 2 9 8 10 6 
20180618244 6 7 9 10 2 4 5 8 3 1 
20180618245 8 7 2 3 5 1 9 6 4 10 
20180618246 9 5 10 2 4 3 6 8 1 7 
20180618247 8 4 1 6 3 10 9 5 7 2 
20180618248 9 4 5 6 10 8 1 2 3 7 
20180618249 1 7 9 4 10 2 5 6 8 3 
20180618250 5 10 4 8 2 3 9 7 1 6 
20180618251 10 3 2 6 5 9 8 1 4 7 
20180618252 3 7 10 6 9 8 4 1 5 2 
20180618253 9 8 7 6 10 5 4 3 1 2 
20180618254 1 8 6 4 3 7 5 10 2 9 
20180618255 3 10 7 9 4 5 1 2 8 6 
20180618256 2 5 7 4 8 9 1 6 10 3 
20180618257 3 7 4 5 1 2 10 6 9 8 
20180618258 9 1 10 4 5 2 6 3 8 7 
20180618259 1 5 9 8 2 4 7 3 10 6 
20180618260 9 8 5 10 6 2 7 1 4 3 
20180618261 6 4 7 2 10 8 5 3 9 1 
20180618262 5 3 4 7 9 10 1 2 6 8 
20180618263 9 6 2 1 8 3 10 7 4 5 
20180618264 1 9 8 5 2 10 7 6 4 3 
20180618265 9 4 1 8 10 6 2 7 3 5 
20180618266 1 6 10 3 7 5 4 9 2 8 
20180618267 7 6 5 3 4 2 9 10 8 1 
20180618268 9 8 10 1 3 2 7 4 6 5 
20180618269 7 9 10 2 5 6 3 8 4 1 
20180618270 1 3 6 5 7 2 4 10 9 8 
20180618271 9 4 5 10 7 1 8 6 3 2 
20180618272 10 5 3 6 7 4 8 1 2 9 
20180618273 9 5 10 2 6 8 1 3 7 4 
20180618274 10 8 7 2 3 5 1 6 9 4 
20180618275 6 1 4 7 9 8 5 10 3 2 
20180618276 7 4 6 5 2 10 8 1 9 3 
20180618277 5 8 6 2 10 1 4 9 3 7 
20180618278 6 5 4 1 2 3 7 9 10 8 
20180618279 3 10 4 5 7 6 2 9 8 1 
20180618280 7 9 1 6 10 4 3 8 2 5 
20180618281 9 4 3 8 1 5 6 2 10 7 
20180618282 1 4 7 6 8 5 9 2 3 10 
20180618283 5 3 8 9 6 7 4 1 2 10 
20180618284 9 8 10 5 4 3 7 1 6 2 
20180618285 3 6 4 10 1 7 9 5 8 2 
20180618286 2 4 6 10 3 7 5 8 9 1 
20180618287 6 1 9 10 5 8 4 7 3 2 
20180618288 8 4 2 5 6 10 9 7 3 1 
20180618289 8 9 10 5 1 7 6 3 2 4 
20180618290 2 6 3 7 5 1 8 9 4 10 
20180618291 5 9 7 2 8 6 4 1 10 3 
20180618292 2 8 3 10 9 5 4 1 7 6 
20180618293 4 2 9 8 6 3 5 10 7 1 
20180618294 4 8 2 6 7 10 5 9 1 3 
20180618295 9 10 3 5 2 4 7 6 8 1 
20180618296 9 6 8 7 3 2 10 4 1 5 
20180618297 1 5 2 8 3 4 9 6 7 10 
20180618298 8 4 7 2 5 3 1 6 10 9 
20180618299 6 3 5 4 1 8 2 7 9 10 
20180618300 1 2 4 10 3 6 7 5 9 8 
20180618301 6 2 1 10 7 4 3 5 8 9 
20180618302 6 4 9 2 8 1 7 3 5 10 
20180618303 5 4 10 9 8 7 3 2 6 1 
20180618304 7 3 8 4 6 2 10 1 9 5 
20180618305 5 9 4 6 3 1 7 2 10 8 
20180618306 9 6 4 5 3 1 10 8 2 7 
20180618307 6 10 7 4 1 2 8 9 5 3 
20180618308 3 9 2 8 6 1 4 10 7 5 
20180618309 9 2 10 5 3 7 1 8 4 6 
20180618310 2 9 5 6 3 4 8 1 10 7 
20180618311 3 1 2 6 4 8 7 5 9 10 
20180618312 6 4 10 2 3 7 8 5 1 9 
20180618313 3 4 6 5 10 9 1 7 2 8 
20180618314 2 7 6 10 1 3 4 5 8 9 
20180618315 3 6 8 2 9 1 7 4 5 10 
20180618316 1 3 5 6 7 10 2 8 4 9 
20180618317 2 1 10 3 6 7 9 8 5 4 
20180618318 2 7 5 9 1 4 8 10 3 6 
20180618319 6 3 8 9 10 4 2 5 7 1 
20180618320 5 2 4 10 7 9 3 8 6 1 
20180618321 10 2 4 7 1 6 3 5 8 9 
20180618322 8 7 1 6 5 4 9 2 10 3 
20180618323 4 3 9 6 1 7 8 10 2 5 
20180618324 10 8 7 5 6 4 2 9 1 3 
20180618325 6 9 1 7 10 3 5 4 8 2 
20180618326 7 9 6 5 2 4 8 10 3 1 
20180618327 7 1 8 9 10 4 2 3 5 6 
20180618328 2 7 5 1 6 10 9 3 4 8 
20180618329 8 1 2 9 4 5 7 3 6 10 
20180618330 6 5 2 8 7 3 1 4 9 10 
20180618331 3 4 9 8 10 5 1 7 6 2 
20180618332 6 8 9 5 3 2 4 1 7 10 
20180618333 1 7 6 3 10 5 4 2 8 9 
20180618334 1 2 5 8 7 10 9 6 4 3 
20180618335 5 4 8 7 2 6 10 1 3 9 
20180618336 6 2 7 9 8 5 3 4 10 1 
20180618337 7 8 5 1 4 2 6 10 3 9 
20180618338 10 3 2 9 1 4 6 5 7 8 
20180618339 8 6 1 3 2 7 5 4 9 10 
20180618340 3 8 10 6 4 5 1 2 7 9 
20180618341 3 9 1 5 2 4 6 10 8 7 
20180618342 6 4 8 1 2 7 9 5 10 3 
20180618343 9 5 1 10 7 4 6 3 8 2 
20180618344 1 2 8 10 9 4 3 6 7 5 
20180618345 4 5 3 9 10 8 1 2 7 6 
20180618346 2 10 8 6 3 1 9 7 5 4 
20180618347 8 10 9 5 1 6 2 3 4 7 
20180618348 4 8 6 9 3 5 7 2 10 1 
20180618349 6 10 2 1 4 3 5 9 7 8 
20180618350 6 10 5 8 9 3 7 1 4 2 
20180618351 9 5 4 3 7 2 10 8 1 6 
20180618352 5 9 7 2 8 1 4 10 3 6 
20180618353 7 8 6 3 5 4 2 10 9 1 
20180618354 8 6 5 1 3 2 9 4 10 7 
20180618355 5 1 7 4 9 6 3 8 2 10 
20180618356 6 5 10 9 7 2 8 1 3 4 
20180618357 9 3 1 7 5 4 10 8 2 6 
20180618358 2 9 5 6 4 7 8 1 3 10 
20180618359 5 9 3 1 2 8 7 4 10 6 
20180618360 8 6 4 9 10 5 7 3 1 2 
20180618361 6 2 1 4 8 9 5 3 7 10 
20180618362 5 9 1 7 2 8 3 6 4 10 
20180618363 7 5 1 3 4 8 2 6 9 10 
20180618364 6 3 2 5 9 1 4 8 7 10 
20180618365 3 5 1 4 7 8 6 9 2 10 
20180618366 1 2 8 6 4 10 7 5 9 3 
20180618367 8 6 3 10 5 4 1 2 7 9 
20180618368 1 6 9 4 2 10 7 3 5 8 
20180618369 2 10 7 6 4 5 8 3 9 1 
20180618370 3 5 9 6 7 4 1 10 8 2 
20180618371 6 10 8 9 1 5 3 7 4 2 
20180618372 10 8 5 3 6 7 2 9 1 4 
20180618373 7 2 10 8 3 6 9 4 5 1 
20180618374 4 1 9 2 7 10 6 5 8 3 
20180618375 8 6 10 1 2 9 4 7 3 5 
20180618376 7 6 2 9 10 1 8 4 5 3 
20180618377 3 6 1 10 8 4 9 2 5 7 
20180618378 10 2 9 3 1 4 8 6 7 5 
20180618379 1 2 9 5 10 6 3 7 8 4 
20180618380 3 9 4 7 8 6 1 10 2 5 
20180618381 2 7 8 1 4 10 9 3 5 6 
20180618382 3 8 7 9 10 2 4 6 5 1 
20180618383 3 9 7 4 6 1 5 8 10 2 
20180618384 7 3 8 5 1 4 10 9 6 2 
20180618385 6 3 5 1 2 4 10 9 8 7 
20180618386 8 6 3 7 1 2 9 10 4 5 
20180618387 7 10 2 1 8 5 3 9 4 6 
20180618388 6 9 7 10 1 8 3 2 4 5 
20180618389 6 8 7 9 10 2 1 4 5 3 
20180618390 1 10 2 7 3 5 8 6 4 9 
20180618391 4 7 1 3 8 10 2 6 9 5 
20180618392 7 3 6 9 10 5 4 1 2 8 
20180618393 9 10 7 1 6 5 4 2 8 3 
20180618394 1 9 5 10 3 8 2 7 6 4 
20180618395 6 2 5 1 7 10 8 3 4 9 
20180618396 6 3 7 2 10 4 9 1 5 8 
20180618397 1 4 5 9 6 3 10 2 8 7 
20180618398 6 7 4 9 5 8 2 3 10 1 
20180618399 6 5 10 4 7 9 1 2 3 8 
20180618400 3 8 10 6 9 5 4 2 7 1 
20180618401 5 2 9 8 3 4 1 7 10 6 
20180618402 7 10 3 9 6 5 2 4 8 1 
20180618403 6 1 10 2 4 3 9 5 8 7 
20180618404 2 8 7 9 1 5 10 4 3 6 
20180618405 8 1 7 6 2 10 4 5 3 9 
20180618406 4 8 10 6 9 1 3 7 5 2 
20180618407 3 9 10 4 7 6 5 2 1 8 
20180618408 1 3 10 5 6 7 4 8 9 2 
20180618409 5 2 6 7 9 1 8 3 10 4 
20180618410 7 1 3 6 4 5 8 10 9 2 
20180618411 5 7 9 3 8 1 4 10 2 6 
20180618412 3 9 7 4 6 1 2 10 5 8 
20180618413 10 3 1 8 6 7 5 4 9 2 
20180618414 4 1 2 5 3 10 6 8 9 7 
20180618415 5 3 6 9 7 10 4 1 8 2 
20180618416 7 4 10 9 8 5 3 6 1 2 
20180618417 10 1 3 5 6 8 7 9 4 2 
20180618418 4 7 5 6 8 10 2 9 1 3 
20180618419 6 3 9 5 2 4 1 10 7 8 
20180618420 7 1 5 8 4 10 6 3 9 2 
20180618421 2 5 8 3 7 1 9 6 10 4 
20180618422 7 10 1 3 9 8 4 2 6 5 
20180618423 1 8 2 5 3 7 9 4 10 6 
20180618424 5 4 8 7 9 3 6 2 10 1 
20180618425 1 3 6 7 8 10 5 2 4 9 
20180618426 4 10 6 9 5 2 8 7 1 3 
20180618427 7 2 3 9 1 8 5 4 6 10 
20180618428 5 1 7 8 6 9 3 4 10 2 
20180618429 2 7 8 9 10 6 3 5 4 1 
20180618430 9 3 10 6 4 2 1 7 8 5 
20180618431 7 1 5 2 10 3 9 8 6 4 
20180618432 4 8 3 10 2 5 6 7 9 1 
20180618433 4 5 8 6 9 2 7 10 1 3 
20180618434 1 2 4 5 7 6 3 9 10 8 
20180618435 1 9 10 5 3 6 2 8 4 7 
20180618436 2 5 8 10 3 7 6 9 4 1 
20180618437 8 2 3 7 5 4 9 6 1 10 
20180618438 6 4 8 7 9 5 1 2 3 10 
20180618439 8 9 1 4 7 5 6 2 10 3 
20180618440 8 1 2 5 3 6 10 9 7 4 
20180618441 10 3 8 5 4 9 2 7 6 1 
20180618442 7 5 8 6 3 9 4 1 2 10 
20180618443 9 5 8 3 6 1 4 7 10 2 
20180618444 8 3 4 5 1 7 6 10 9 2 
20180618445 3 4 5 7 8 10 6 2 1 9 
20180618446 9 10 4 1 5 7 6 3 2 8 
20180618447 6 3 7 9 10 4 5 2 8 1 
20180618448 4 8 3 9 7 2 5 6 1 10 
20180618449 2 9 8 4 1 10 6 7 3 5 
20180618450 8 3 1 4 5 10 7 6 2 9 
20180618451 1 8 10 4 2 9 3 6 7 5 
20180618452 2 6 9 1 7 3 8 4 5 10 
20180618453 5 8 4 9 6 3 1 7 2 10 
20180618454 2 9 10 5 6 1 8 7 4 3 
20180618455 4 6 3 1 9 10 5 2 8 7 
20180618456 9 2 5 1 10 6 4 7 3 8 
20180618457 5 10 8 3 1 4 2 6 9 7 
20180618458 4 8 5 9 1 3 6 10 7 2 
20180618459 2 6 8 4 10 7 9 1 3 5 
20180618460 8 10 7 9 6 1 2 3 4 5 
20180618461 7 1 4 2 5 8 6 9 10 3 
20180618462 9 8 5 10 2 4 7 1 6 3 
20180618463 1 5 6 4 3 8 7 9 2 10 
20180618464 1 6 2 7 9 3 4 5 10 8 
20180618465 9 8 2 1 3 10 7 4 6 5 
20180618466 5 10 2 6 7 4 9 8 3 1 
20180618467 7 1 5 6 8 3 4 2 10 9 
20180618468 5 6 10 9 4 8 3 2 1 7 
20180618469 7 4 3 2 8 10 6 1 5 9 
20180618470 10 5 7 9 6 4 2 3 1 8 
20180618471 7 3 9 1 2 5 4 6 8 10 
20180618472 9 7 4 6 8 3 5 10 2 1 
20180618473 4 5 2 8 10 6 3 9 1 7 
20180618474 4 8 2 6 3 9 1 7 5 10 
20180618475 7 4 5 6 9 10 8 2 3 1 
20180618476 8 10 7 3 5 9 6 2 1 4 
20180618477 7 8 10 5 1 2 9 6 3 4 
20180618478 5 1 8 9 4 10 3 6 2 7 
20180618479 9 4 5 8 7 1 6 3 10 2 
20180618480 1 7 5 10 4 6 9 2 8 3 
20180618481 4 10 6 8 3 2 1 7 5 9 
20180618482 5 10 7 1 8 9 6 3 4 2 
20180618483 3 10 7 2 8 6 4 5 9 1 
20180618484 2 6 10 5 4 8 3 9 1 7 
20180618485 9 4 6 3 5 10 2 1 8 7 
20180618486 9 6 10 1 3 4 7 5 8 2 
20180618487 3 4 10 8 7 9 1 5 2 6 
20180618488 3 10 2 5 6 8 9 1 7 4 
20180618489 3 9 2 1 6 5 8 7 10 4 
20180618490 2 5 9 7 4 1 8 6 10 3 
20180618491 3 7 2 5 9 8 6 4 1 10 
20180618492 9 6 5 2 7 1 8 10 4 3 
20180618493 5 3 2 8 6 7 9 1 4 10 
20180618494 7 2 8 1 5 10 3 9 4 6 
20180618495 8 4 3 9 5 7 2 10 1 6 
20180618496 9 5 10 4 8 6 7 3 1 2 
20180618497 6 2 9 8 3 7 10 4 1 5 
20180618498 9 10 6 2 8 3 4 5 1 7 
20180618499 4 2 3 1 6 9 8 5 10 7 
20180618500 2 4 8 5 10 3 9 1 6 7 
20180618501 6 1 7 3 9 5 10 8 2 4 
20180618502 1 7 5 6 2 3 9 10 8 4 
20180618503 5 4 3 7 8 1 10 6 2 9 
20180618504 7 1 10 9 3 4 2 5 6 8 
20180618505 5 2 7 9 4 10 6 8 1 3 
20180618506 8 4 10 5 3 2 1 9 6 7 
20180618507 5 10 7 6 3 8 4 9 1 2 
20180618508 1 5 3 7 2 4 6 8 10 9 
20180618509 9 3 5 1 6 8 10 2 4 7 
20180618510 10 1 6 3 2 8 9 7 4 5 
20180618511 7 6 9 5 8 3 1 4 2 10 
20180618512 7 6 9 10 4 5 1 8 3 2 
20180618513 5 9 4 3 8 2 10 1 6 7 
20180618514 3 4 5 6 7 2 1 9 8 10 
20180618515 6 3 7 10 5 4 2 1 9 8 
20180618516 1 2 4 7 8 6 10 5 3 9 
20180618517 9 3 10 8 5 4 7 1 6 2 
20180618518 7 8 5 2 6 10 1 4 3 9 
20180618519 3 5 4 2 10 9 8 6 1 7 
20180618520 9 1 6 3 4 10 5 8 7 2 
20180618521 10 2 1 7 6 8 3 5 4 9 
20180618522 9 1 7 4 10 3 6 5 8 2 
20180618523 3 6 8 1 10 7 4 5 9 2 
20180618524 4 2 8 9 10 7 3 1 5 6 
20180618525 5 6 9 8 4 7 2 10 1 3 
20180618526 9 3 2 7 4 8 5 6 1 10 
20180618527 3 9 4 7 5 2 1 8 6 10 
20180618528 8 1 9 10 6 5 7 2 3 4 
20180618529 7 3 1 9 6 4 2 8 5 10 
20180618530 2 3 9 7 10 8 1 5 6 4 
20180618531 3 5 7 4 6 8 10 1 9 2 
20180618532 2 7 10 1 5 6 4 9 3 8 
20180618533 5 10 3 7 1 2 9 6 4 8 
20180618534 2 9 6 5 4 10 7 1 8 3 
20180618535 10 2 5 6 4 9 3 1 7 8 
20180618536 3 6 4 1 2 5 8 7 10 9 
20180618537 1 4 3 8 2 10 5 6 9 7 
20180618538 3 6 4 5 10 9 1 8 2 7 
20180618539 7 9 3 5 6 8 10 2 1 4 
20180618540 4 5 8 3 9 10 7 1 6 2 
20180618541 4 5 10 7 3 6 9 8 2 1 
20180618542 9 5 10 6 7 3 8 2 4 1 
20180618543 7 6 10 5 9 3 4 1 2 8 
20180618544 1 6 9 8 10 2 7 5 3 4 
20180618545 10 5 1 9 6 7 3 8 2 4 
20180618546 3 4 10 5 8 1 9 7 6 2 
20180618547 5 10 8 1 9 7 2 3 4 6 
20180618548 5 6 7 9 3 1 2 10 4 8 
20180618549 2 9 8 5 3 4 7 6 10 1 
20180618550 5 2 4 1 6 7 10 9 8 3 
20180618551 6 4 1 2 9 3 8 10 5 7 
20180618552 6 1 7 4 8 2 3 10 5 9 
20180618553 9 2 3 10 5 8 1 7 6 4 
20180618554 5 2 3 9 4 1 7 8 10 6 
20180618555 2 9 1 7 4 8 3 6 10 5 
20180618556 10 9 1 6 4 3 5 7 2 8 
20180618557 5 6 10 1 8 9 2 4 3 7 
20180618558 10 7 2 5 4 3 9 6 1 8 
20180618559 10 7 5 8 9 3 6 2 1 4 
20180618560 5 9 6 7 3 10 8 1 2 4 
20180618561 4 3 2 5 6 10 9 7 1 8 
20180618562 2 1 3 4 7 10 5 8 6 9 
20180618563 6 2 4 5 8 1 3 10 9 7 
20180618564 6 1 9 8 4 10 3 5 2 7 
20180618565 10 9 8 5 6 7 1 2 3 4 
20180618566 10 2 7 8 9 6 5 4 3 1 
20180618567 7 6 8 4 10 1 2 9 5 3 
20180618568 9 4 10 6 8 7 1 5 3 2 
20180618569 8 4 7 6 5 9 10 2 1 3 
20180618570 10 3 2 7 6 1 5 8 9 4 
20180618571 3 2 5 9 7 10 1 4 8 6 
20180618572 4 8 7 10 6 9 1 5 2 3 
20180618573 8 7 6 1 10 5 2 4 3 9 
20180618574 8 1 6 9 7 4 2 10 5 3 
20180618575 4 2 9 7 6 8 10 5 3 1 
20180618576 6 2 5 8 7 4 3 10 1 9 
20180618577 1 3 6 5 7 4 8 2 9 10 
20180618578 1 9 2 5 7 6 3 10 4 8 
20180618579 1 10 6 7 3 8 5 2 9 4 
20180618580 5 2 1 6 4 7 9 10 8 3 
20180618581 9 5 10 3 2 7 6 8 4 1 
20180618582 5 1 8 7 2 9 4 10 3 6 
20180618583 4 7 2 5 10 6 9 8 1 3 
20180618584 3 5 9 4 7 10 8 1 6 2 
20180618585 2 5 10 9 7 6 8 1 3 4 
20180618586 6 4 1 10 8 2 9 5 7 3 
20180618587 6 10 9 2 1 4 3 8 7 5 
20180618588 3 8 4 7 5 10 9 6 1 2 
20180618589 10 8 3 5 6 9 4 2 1 7 
20180618590 5 7 8 2 10 1 6 9 3 4 
20180618591 3 5 9 4 10 8 7 2 6 1 
20180618592 10 3 1 8 6 2 5 7 4 9 
20180618593 3 1 6 10 5 7 2 9 4 8 
20180618594 5 7 8 2 4 6 3 9 10 1 
20180618595 3 7 5 6 1 2 4 9 10 8 
20180618596 3 9 8 10 7 4 6 1 2 5 
20180618597 1 9 8 3 4 2 7 5 10 6 
20180618598 3 10 8 5 9 6 7 2 4 1 
20180618599 2 5 4 6 10 7 8 3 9 1 
20180618600 3 1 10 8 6 2 5 9 4 7 
20180618601 1 5 10 9 4 6 3 2 8 7 
20180618602 8 3 2 9 7 4 5 10 6 1 
20180618603 3 8 6 5 1 2 10 9 4 7 
20180618604 1 10 7 4 2 9 3 6 5 8 
20180618605 3 1 10 2 7 5 9 6 8 4 
20180618606 3 8 2 9 6 10 1 4 5 7 
20180618607 3 8 9 1 10 2 7 4 5 6 
20180618608 9 8 10 2 6 7 5 4 3 1 
20180618609 4 2 8 5 7 1 3 6 9 10 
20180618610 1 3 10 6 8 9 7 4 2 5 
20180618611 1 6 4 8 10 9 2 7 5 3 
20180618612 9 4 10 2 5 3 7 8 1 6 
20180618613 10 7 4 2 1 9 6 5 8 3 
20180618614 7 8 10 2 6 3 1 4 9 5 
20180618615 4 10 6 1 2 5 7 3 9 8 
20180618616 10 1 6 7 9 4 5 8 3 2 
20180618617 7 3 2 8 4 6 10 9 1 5 
20180618618 4 6 3 2 1 8 7 9 5 10 
20180618619 4 7 6 5 2 1 9 8 10 3 
20180618620 8 6 1 5 10 3 9 4 7 2 
20180618621 4 1 6 5 7 3 8 9 10 2 
20180618622 4 6 1 10 9 7 3 5 8 2 
20180618623 9 6 5 8 2 7 1 10 4 3 
20180618624 5 10 8 9 2 6 1 4 7 3 
20180618625 10 9 7 1 5 4 6 3 8 2 
20180618626 1 3 4 6 2 9 10 8 5 7 
20180618627 2 6 10 7 3 5 4 1 9 8 
20180618628 10 3 6 4 2 9 8 5 1 7 
20180618629 6 1 2 7 10 4 5 3 9 8 
20180618630 2 10 6 4 5 7 8 3 9 1 
20180618631 4 9 7 8 10 3 5 6 1 2 
20180618632 10 8 1 9 3 6 5 2 7 4 
20180618633 6 5 4 1 3 7 10 9 8 2 
20180618634 10 1 6 4 9 2 5 3 8 7 
20180618635 7 9 5 2 4 10 6 8 1 3 
20180618636 8 10 9 6 1 7 4 2 5 3 
20180618637 3 7 9 10 6 1 2 4 8 5 
20180618638 8 4 7 9 1 3 10 5 2 6 
20180618639 1 10 8 7 5 4 2 6 9 3 
20180618640 6 5 4 10 7 9 8 2 1 3 
20180618641 2 1 9 7 3 8 10 5 4 6 
20180618642 2 7 6 9 10 3 5 8 4 1 
20180618643 2 1 7 9 3 10 8 5 4 6 
20180618644 1 3 8 7 2 4 6 9 10 5 
20180618645 1 6 3 2 10 4 7 8 5 9 
20180618646 4 3 7 10 6 9 8 5 1 2 
20180618647 2 4 9 10 6 3 8 1 7 5 
20180618648 8 1 3 6 10 2 9 4 5 7 
20180618649 3 5 2 9 7 10 1 4 8 6 
20180618650 6 9 2 3 8 10 7 1 5 4 
20180618651 8 6 10 7 2 3 5 9 1 4 
20180618652 3 5 4 7 10 2 8 9 1 6 
20180618653 3 5 7 9 4 8 10 6 2 1 
20180618654 9 3 1 4 7 5 6 10 2 8 
20180618655 3 8 9 4 10 5 7 1 6 2 
20180618656 3 10 7 9 6 2 5 1 4 8 
20180618657 2 7 3 8 5 9 10 1 6 4 
20180618658 4 7 2 9 8 10 6 1 3 5 
20180618659 2 10 6 7 9 4 5 1 3 8 
20180618660 7 2 9 8 4 1 3 5 10 6 
20180618661 6 4 3 1 7 8 9 2 5 10 
20180618662 2 3 9 1 7 6 10 5 4 8 
20180618663 9 3 10 4 7 5 1 6 2 8 
20180618664 7 3 6 4 10 9 2 1 8 5 
20180618665 2 9 1 10 4 3 7 6 8 5 
20180618666 3 7 1 8 5 4 10 6 2 9 
20180618667 6 5 1 10 2 8 7 3 4 9 
20180618668 9 7 2 8 5 4 10 3 1 6 
20180618669 8 7 5 2 10 9 4 6 1 3 
20180618670 3 10 5 7 9 4 1 2 8 6 
20180618671 5 7 2 3 4 10 8 9 6 1 
20180618672 7 8 6 5 4 2 3 9 10 1 
20180618673 3 2 6 10 4 8 5 9 1 7 
20180618674 4 8 10 5 1 6 7 9 2 3 
20180618675 10 4 1 5 3 6 2 8 9 7 
20180618676 4 1 3 6 7 2 10 9 8 5 
20180618677 1 9 8 7 3 6 10 2 5 4 
20180618678 3 9 6 1 8 4 2 10 7 5 
20180618679 4 5 7 3 10 8 6 9 1 2 
20180618680 5 6 3 4 8 10 2 7 9 1 
20180618681 10 4 2 5 9 8 6 3 1 7 
20180618682 10 2 8 9 4 5 3 1 6 7 
20180618683 1 4 3 2 5 9 8 7 10 6 
20180618684 1 4 5 7 9 3 8 10 6 2 
20180618685 10 8 1 7 4 5 6 9 3 2 
20180618686 8 2 4 5 10 7 9 1 6 3 
20180618687 3 7 9 6 4 10 1 2 8 5 
20180618688 6 2 10 8 4 7 5 9 1 3 
20180618689 1 3 7 4 2 10 5 6 9 8 
20180618690 2 3 10 4 7 6 5 1 9 8 
20180618691 5 8 6 10 2 3 7 1 4 9 
20180618692 3 4 6 8 7 1 5 10 9 2 
20180618693 2 7 6 9 1 8 5 10 4 3 
20180618694 8 3 5 2 6 4 1 10 7 9 
20180618695 1 4 3 6 5 10 7 8 9 2 
20180618696 1 2 10 6 7 4 9 5 3 8 
20180618697 7 3 5 10 8 2 6 4 9 1 
20180618698 10 9 8 2 4 7 6 3 1 5 
20180618699 6 10 5 8 2 4 9 7 3 1 
20180618700 7 5 4 8 10 1 9 6 2 3 
20180618701 9 3 8 6 1 5 2 10 7 4 
20180618702 5 4 8 3 1 10 6 2 9 7 
20180618703 9 3 4 8 6 2 7 10 1 5 
20180618704 1 3 2 9 8 7 4 6 10 5 
20180618705 5 3 8 4 10 2 7 6 1 9 
20180618706 5 8 3 2 1 4 9 7 10 6 
20180618707 9 6 3 8 5 4 10 7 1 2 
20180618708 3 6 10 2 1 5 8 7 9 4 
20180618709 3 5 10 1 6 2 7 9 8 4 
20180618710 10 1 6 7 8 3 5 9 2 4 
20180618711 9 4 2 10 1 8 5 3 7 6 
20180618712 8 3 2 6 10 5 7 1 4 9 
20180618713 6 5 7 8 2 1 4 9 10 3 
20180618714 3 10 8 4 5 9 7 2 6 1 
20180618715 10 7 5 3 2 9 8 1 6 4 
20180618716 9 5 3 8 4 1 2 6 7 10 
20180618717 7 3 9 2 4 1 5 10 6 8 
20180618718 4 10 7 2 5 6 3 8 9 1 
20180618719 3 6 9 7 1 2 4 10 5 8 
20180618720 8 3 1 4 5 7 10 6 2 9 
20180618721 6 1 7 4 3 10 8 2 9 5 
20180618722 9 5 2 10 8 3 4 7 1 6 
20180618723 6 9 1 8 3 7 2 5 4 10 
20180618724 4 5 1 8 7 6 10 9 2 3 
20180618725 4 6 10 1 5 8 7 3 2 9 
20180618726 3 8 10 1 9 4 2 6 7 5 
20180618727 6 5 8 9 7 4 10 2 3 1 
20180618728 5 8 4 1 2 3 7 9 6 10 
20180618729 10 1 5 8 3 4 9 2 6 7 
20180618730 5 8 6 10 3 2 9 4 7 1 
20180618731 10 7 9 6 3 2 1 5 8 4 
20180618732 8 6 10 9 5 4 7 3 1 2 
20180618733 2 5 9 6 1 10 3 7 8 4 
20180618734 9 7 4 8 5 6 2 10 3 1 
20180618735 7 4 8 9 6 1 3 10 2 5 
20180618736 8 3 5 7 1 2 4 10 9 6 
20180618737 1 2 5 6 10 8 7 3 9 4 
20180618738 4 7 9 2 6 8 5 1 3 10 
20180618739 1 2 6 3 9 10 4 8 7 5 
20180618740 9 3 1 5 6 7 4 10 8 2 
20180618741 7 9 2 6 8 3 4 10 5 1 
20180618742 10 1 5 4 6 3 8 7 9 2 
20180618743 6 3 2 1 9 8 10 5 7 4 
20180618744 6 7 9 5 1 2 10 3 4 8 
20180618745 7 2 8 6 5 10 3 9 4 1 
20180618746 7 2 9 1 6 8 10 3 5 4 
20180618747 3 9 4 7 2 1 5 10 8 6 
20180618748 10 6 7 9 5 1 3 8 2 4 
20180618749 6 7 2 8 5 1 10 9 3 4 
20180618750 8 6 10 2 5 7 4 3 1 9 
20180618751 9 2 8 10 1 5 7 3 4 6 
20180618752 10 8 7 5 2 1 6 9 4 3 
20180618753 6 10 1 5 3 9 4 7 8 2 
20180618754 4 3 10 6 5 7 8 1 2 9 
20180618755 2 5 7 9 6 3 4 10 8 1 
20180618756 3 8 6 10 4 7 5 9 1 2 
20180618757 10 7 6 8 1 2 5 4 9 3 
20180618758 10 8 3 9 5 6 7 4 2 1 
20180618759 6 8 5 2 3 4 10 7 9 1 
20180618760 9 5 7 1 4 2 8 10 3 6 
20180618761 9 6 2 7 1 3 5 10 8 4 
20180618762 2 8 4 3 7 5 6 1 10 9 
20180618763 7 9 6 3 4 8 1 2 10 5 
20180618764 2 4 7 1 5 9 3 10 8 6 
20180618765 1 6 3 2 4 9 10 5 7 8 
20180618766 9 1 3 7 10 2 8 4 6 5 
20180618767 7 10 5 2 3 4 1 9 6 8 
20180618768 4 3 7 9 2 1 5 6 8 10 
20180618769 4 3 2 9 10 7 6 5 1 8 
20180618770 3 7 1 8 4 10 6 9 2 5 
20180618771 10 7 3 8 9 6 5 4 1 2 
20180618772 10 4 8 3 2 5 6 7 1 9 
20180618773 9 10 7 3 5 8 1 4 6 2 
20180618774 2 7 10 8 1 5 3 6 9 4 
20180618775 7 3 4 8 1 9 6 2 10 5 
20180618776 2 6 8 10 7 5 3 1 9 4 
20180618777 7 9 3 6 8 1 5 2 4 10 
20180618778 6 9 7 4 2 5 8 1 3 10 
20180618779 3 5 2 9 8 4 7 10 1 6 
20180618780 5 10 1 2 8 7 3 9 4 6 
20180618781 2 8 3 5 6 7 10 9 1 4 
20180618782 3 8 10 7 9 5 2 4 1 6 
20180618783 7 9 10 8 5 3 6 2 4 1 
20180618784 2 6 8 10 9 7 3 4 1 5 
20180618785 8 1 7 10 5 6 9 4 2 3 
20180618786 9 1 5 6 2 10 7 4 8 3 
20180618787 6 8 3 7 5 10 1 2 9 4 
20180618788 9 8 7 6 5 10 1 2 3 4 
20180618789 8 4 5 9 7 1 6 10 3 2 
20180618790 2 7 1 10 4 3 6 9 8 5 
20180618791 10 6 1 8 3 9 2 5 4 7 
20180618792 1 8 5 7 3 10 9 6 4 2 
20180618793 9 4 5 1 8 6 3 7 10 2 
20180618794 9 3 8 5 1 7 6 4 2 10 
20180618795 2 8 5 4 3 9 6 7 1 10 
20180618796 3 5 4 1 2 6 9 7 8 10 
20180618797 6 2 5 8 4 7 3 9 1 10 
20180618798 1 2 10 4 3 5 9 6 7 8 
20180618799 10 2 3 5 8 7 4 6 9 1 
20180618800 7 2 8 9 3 6 10 4 1 5 
20180618801 4 5 7 8 3 1 6 2 9 10 
20180618802 8 5 1 2 4 3 7 9 10 6 
20180618803 7 6 8 5 3 10 9 2 4 1 
20180618804 10 9 5 4 8 2 3 6 1 7 
20180618805 4 8 9 5 2 3 7 6 1 10 
20180618806 2 1 9 10 8 7 5 6 4 3 
20180618807 4 3 9 8 1 6 10 5 7 2 
20180618808 6 8 2 3 10 7 4 9 1 5 
20180618809 9 5 2 1 6 7 4 3 8 10 
20180618810 1 6 2 9 5 10 7 3 4 8 
20180618811 9 7 3 5 4 1 8 6 10 2 
20180618812 1 10 4 7 9 3 6 8 2 5 
20180618813 2 1 10 5 3 4 6 7 8 9 
20180618814 4 6 10 9 5 2 1 7 3 8 
20180618815 6 1 3 4 9 7 2 10 5 8 
20180618816 9 7 6 4 5 10 3 2 1 8 
20180618817 10 2 6 8 9 3 5 1 4 7 
20180618818 5 8 10 7 4 1 9 3 6 2 
20180618819 5 6 10 9 4 2 8 7 3 1 
20180618820 4 6 8 1 7 9 3 5 2 10 
20180618821 5 3 9 10 6 2 7 1 4 8 
20180618822 9 7 8 5 10 2 6 3 4 1 
20180618823 4 1 8 2 10 6 9 7 5 3 
20180618824 2 10 9 6 4 8 5 3 7 1 
20180618825 5 4 1 10 7 6 8 3 2 9 
20180618826 7 10 4 6 1 8 5 3 9 2 
20180618827 5 9 10 2 1 3 6 7 8 4 
20180618828 8 9 3 5 2 4 1 10 6 7 
20180618829 10 8 4 1 5 7 6 2 3 9 
20180618830 10 5 7 6 4 8 1 3 2 9 
20180618831 5 8 6 3 7 10 4 1 9 2 
20180618832 1 4 6 9 2 5 8 7 10 3 
20180618833 3 8 6 7 4 2 5 10 1 9 
20180618834 10 8 7 5 9 4 2 3 6 1 
20180618835 9 10 1 4 7 2 6 5 8 3 
20180618836 6 7 3 1 10 2 5 8 9 4 
20180618837 4 7 5 2 10 6 3 1 8 9 
20180618838 4 5 2 6 8 7 10 9 1 3 
20180618839 5 9 4 8 2 7 10 3 1 6 
20180618840 6 2 3 9 5 1 10 7 4 8 
20180618841 9 3 1 10 4 6 8 2 5 7 
20180618842 8 10 4 6 9 7 1 5 2 3 
20180618843 1 8 3 2 6 4 10 9 5 7 
20180618844 5 4 6 1 10 9 2 3 7 8 
20180618845 1 2 9 7 6 4 10 5 3 8 
20180618846 9 3 10 2 6 1 8 5 7 4 
20180618847 5 1 7 6 3 10 2 4 9 8 
20180618848 6 10 5 2 7 3 4 8 9 1 
20180618849 7 5 8 6 9 3 1 10 2 4 
20180618850 1 10 9 4 6 7 2 3 8 5 
20180618851 8 9 10 2 3 6 5 1 7 4 
20180618852 9 7 2 5 1 4 3 6 10 8 
20180618853 6 2 9 5 8 7 4 10 1 3 
20180618854 6 9 8 10 4 5 1 7 3 2 
20180618855 1 7 2 4 5 6 9 3 8 10 
20180618856 2 3 1 4 5 7 6 10 9 8 
20180618857 9 7 8 5 2 4 3 10 1 6 
20180618858 4 6 1 9 10 5 7 2 3 8 
20180618859 7 10 1 2 3 4 8 9 6 5 
20180618860 7 8 4 3 2 9 6 5 1 10 
20180618861 2 1 4 10 3 5 6 8 9 7 
20180618862 3 10 7 6 4 2 9 5 8 1 
20180618863 4 5 9 1 8 3 6 10 2 7 
20180618864 9 5 8 1 2 3 10 6 7 4 
20180618865 9 1 3 7 2 8 5 10 4 6 
20180618866 6 5 3 10 9 1 7 4 8 2 
20180618867 2 4 10 9 7 1 5 3 6 8 
20180618868 3 9 7 10 4 5 2 1 6 8 
20180618869 1 2 4 9 8 3 6 5 7 10 
20180618870 5 1 7 2 10 3 6 9 8 4 
20180618871 3 2 10 9 5 6 4 1 8 7 
20180618872 7 4 8 10 3 6 1 9 5 2 
20180618873 6 7 9 4 3 10 2 8 5 1 
20180618874 2 9 10 6 5 8 4 7 3 1 
20180618875 6 9 2 10 1 3 4 5 7 8 
20180618876 3 4 10 7 9 6 1 2 8 5 
20180618877 2 6 4 3 9 5 10 8 7 1 
20180618878 7 6 9 2 4 10 3 8 1 5 
20180618879 7 5 3 9 10 1 8 2 4 6 
20180618880 3 4 10 6 8 5 1 7 9 2 
20180618881 2 10 7 9 4 1 8 6 3 5 
20180618882 5 7 1 8 2 10 3 9 6 4 
20180618883 4 6 9 1 5 3 8 10 7 2 
20180618884 5 3 9 7 2 1 4 10 8 6 
20180618885 1 9 5 4 6 3 8 10 2 7 
20180618886 7 4 1 8 6 3 2 10 9 5 
20180618887 2 10 4 6 9 5 3 1 8 7 
20180618888 1 8 10 6 5 9 4 2 3 7 
20180618889 5 3 4 7 6 1 10 9 2 8 
20180618890 3 5 2 7 10 1 6 8 9 4 
20180618891 1 9 10 3 4 6 7 5 8 2 
20180618892 6 7 10 3 9 4 8 5 2 1 
20180618893 4 10 3 1 2 9 6 7 8 5 
20180618894 2 8 7 3 9 5 10 6 4 1 
20180618895 4 8 5 1 9 10 7 6 2 3 
20180618896 7 9 4 6 5 10 3 8 2 1 
20180618897 5 6 9 7 4 2 1 10 8 3 
20180618898 1 2 8 7 5 3 6 4 9 10 
20180618899 3 7 9 10 4 8 6 5 1 2 
20180618900 5 8 9 2 4 7 1 6 10 3 
20180618901 10 6 8 7 5 1 3 4 2 9 
20180618902 10 2 4 5 9 7 6 3 8 1 
20180618903 7 5 9 4 1 3 2 8 10 6 
20180618904 6 4 3 2 10 5 1 8 9 7 
20180618905 5 1 4 2 8 3 9 7 6 10 
20180618906 6 9 2 5 1 4 10 3 7 8 
20180618907 1 6 5 4 9 3 10 8 2 7 
20180618908 4 3 6 2 8 10 9 5 1 7 
20180618909 1 3 10 2 8 4 9 5 6 7 
20180618910 2 10 5 1 3 4 9 7 6 8 
20180618911 9 2 1 8 10 7 4 5 3 6 
20180618912 8 9 1 4 5 7 6 3 2 10 
20180618913 5 6 8 1 4 7 9 2 10 3 
20180618914 8 10 6 2 7 5 1 9 3 4 
20180618915 4 8 2 7 3 5 10 9 1 6 
20180618916 4 9 10 6 8 3 5 7 1 2 
20180618917 10 7 3 9 5 4 6 2 1 8 
20180618918 7 8 1 10 6 4 9 3 2 5 
20180618919 2 10 8 3 4 5 7 9 6 1 
20180618920 9 2 4 1 8 6 10 5 3 7 
20180618921 10 7 4 8 9 1 6 2 5 3 
20180618922 3 8 2 9 1 7 4 6 10 5 
20180618923 8 4 6 10 7 9 1 2 5 3 
20180618924 3 5 9 1 4 2 8 6 7 10 
20180618925 9 5 2 1 4 10 6 3 7 8 
20180618926 6 9 10 2 8 1 7 4 5 3 
20180618927 10 9 6 2 5 1 7 4 3 8 
20180618928 8 7 5 1 9 3 6 4 10 2 
20180618929 3 8 9 4 7 6 1 5 2 10 
20180618930 1 2 7 4 10 3 9 5 6 8 
20180618931 3 2 9 1 6 8 4 5 10 7 
20180618932 5 1 10 3 4 7 2 8 9 6 
20180618933 9 6 8 4 2 3 10 1 5 7 
20180618934 7 8 2 5 6 4 10 9 1 3 
20180618935 9 2 10 6 1 3 5 8 4 7 
20180618936 6 1 5 7 8 9 3 2 10 4 
20180618937 2 5 7 1 10 9 4 6 3 8 
20180618938 7 10 6 9 8 5 3 2 1 4 
20180618939 3 1 2 8 7 6 4 5 10 9 
20180618940 3 8 2 7 1 10 6 4 9 5 
20180618941 3 10 2 1 7 4 5 8 6 9 
20180618942 3 9 4 1 10 6 2 5 8 7 
20180618943 3 7 5 1 10 6 4 2 9 8 
20180618944 3 5 9 2 7 1 6 8 10 4 
20180618945 3 1 7 9 4 6 5 8 10 2 
20180618946 3 2 8 1 4 10 9 6 5 7 
20180618947 2 3 9 4 10 5 7 6 1 8 
20180618948 5 6 4 3 9 1 10 2 8 7 
20180618949 1 9 5 4 6 8 3 7 10 2 
20180618950 4 2 7 5 1 10 3 9 6 8 
20180618951 7 9 1 8 10 5 4 6 2 3 
20180618952 6 8 9 1 2 5 4 3 10 7 
20180618953 9 8 1 2 10 4 7 3 5 6 
20180618954 4 9 8 1 3 6 5 7 2 10 
20180618955 2 3 8 10 7 1 5 9 6 4 
20180618956 10 7 2 3 1 9 6 8 4 5 
20180618957 4 1 8 2 9 10 7 3 6 5 
20180618958 9 2 8 1 6 10 5 4 3 7 
20180618959 9 8 4 7 3 1 6 10 2 5 
20180618960 6 2 9 4 7 10 1 5 3 8 
20180618961 3 6 10 9 7 5 1 4 2 8 
20180618962 4 7 8 1 2 6 9 3 10 5 
20180618963 7 2 5 3 9 4 10 6 1 8 
20180618964 2 9 6 8 5 3 1 4 7 10 
20180618965 6 5 1 3 4 10 2 8 9 7 
20180618966 5 1 8 2 10 4 9 7 6 3 
20180618967 6 1 4 8 3 9 10 7 5 2 
20180618968 9 7 2 8 3 5 4 6 1 10 
20180618969 10 3 2 4 5 8 6 1 7 9 
20180618970 10 6 5 3 2 1 9 7 8 4 
20180618971 10 8 5 2 4 6 9 3 1 7 
20180618972 8 5 2 10 4 9 6 7 3 1 
20180618973 8 1 6 2 5 3 7 10 4 9 
20180618974 4 9 6 7 10 8 5 1 3 2 
20180618975 5 8 9 10 1 6 4 3 2 7 
20180618976 9 4 8 5 3 2 10 1 6 7 
20180618977 6 10 5 7 1 9 2 4 3 8 
20180618978 3 9 7 8 1 4 5 10 2 6 
20180618979 9 7 6 2 3 10 1 5 8 4 
20180618980 6 7 8 1 9 4 10 2 3 5 
20180618981 5 8 9 3 1 4 7 10 2 6 
20180618982 3 7 5 10 4 8 1 6 9 2 
20180618983 1 9 5 3 8 4 7 6 2 10 
20180618984 8 10 6 9 7 3 1 5 2 4 
20180618985 9 10 4 5 7 2 6 1 3 8 
