20180626001 1 2 10 3 5 7 8 6 9 4 
20180626002 1 10 3 5 7 9 2 6 8 4 
20180626003 6 5 10 3 4 7 9 2 1 8 
20180626004 4 3 1 9 10 8 7 6 2 5 
20180626005 5 2 10 9 3 6 8 7 4 1 
20180626006 10 7 6 2 4 5 9 1 8 3 
20180626007 4 2 3 7 5 8 10 9 1 6 
20180626008 6 1 5 10 9 3 7 4 2 8 
20180626009 10 5 3 7 1 9 6 8 4 2 
20180626010 10 7 8 9 4 1 6 5 2 3 
20180626011 10 6 3 8 9 4 7 5 2 1 
20180626012 9 5 8 4 7 3 10 6 2 1 
20180626013 6 5 10 7 9 8 3 2 1 4 
20180626014 2 10 4 3 5 7 1 8 6 9 
20180626015 6 3 8 10 7 1 9 4 5 2 
20180626016 4 6 3 10 8 2 1 5 9 7 
20180626017 8 4 7 6 2 9 1 3 5 10 
20180626018 1 9 5 10 3 6 8 2 7 4 
20180626019 8 6 3 1 4 9 5 2 7 10 
20180626020 3 7 8 5 6 4 9 1 2 10 
20180626021 4 3 8 2 10 5 9 1 6 7 
20180626022 5 1 9 7 8 4 6 2 10 3 
20180626023 10 6 2 1 5 7 8 9 4 3 
20180626024 4 2 1 9 6 5 10 8 7 3 
20180626025 9 2 6 10 7 3 1 4 5 8 
20180626026 10 9 1 6 2 4 3 7 5 8 
20180626027 2 3 4 9 10 5 6 8 1 7 
20180626028 8 10 7 5 3 1 2 9 6 4 
20180626029 8 4 5 7 10 6 9 1 3 2 
20180626030 5 9 8 10 6 3 2 4 7 1 
20180626031 6 9 2 7 10 5 4 3 8 1 
20180626032 2 3 8 4 1 9 7 6 10 5 
20180626033 6 10 7 4 2 1 3 9 5 8 
20180626034 1 4 10 2 9 8 7 3 6 5 
20180626035 3 5 4 7 1 10 9 8 2 6 
20180626036 5 9 1 8 6 3 4 2 7 10 
20180626037 10 7 1 5 4 6 2 3 8 9 
20180626038 10 5 1 3 6 7 4 8 2 9 
20180626039 1 3 2 9 10 4 7 8 6 5 
20180626040 2 10 9 3 5 7 6 1 8 4 
20180626041 2 6 1 4 7 9 5 10 8 3 
20180626042 7 4 8 6 10 9 5 2 1 3 
20180626043 9 4 2 5 8 7 6 3 1 10 
20180626044 8 7 6 4 5 1 10 2 9 3 
20180626045 5 6 8 7 1 2 3 9 4 10 
20180626046 9 10 5 4 2 1 7 3 8 6 
20180626047 10 8 5 3 9 6 1 2 4 7 
20180626048 1 10 5 4 8 7 2 3 9 6 
20180626049 1 4 7 6 2 9 3 10 5 8 
20180626050 6 4 3 8 2 9 10 1 5 7 
20180626051 7 9 1 6 3 5 2 4 8 10 
20180626052 7 6 5 1 10 4 2 3 8 9 
20180626053 9 8 3 10 7 4 6 1 5 2 
20180626054 3 4 5 2 8 9 6 1 10 7 
20180626055 8 6 2 3 1 4 10 5 9 7 
20180626056 2 10 1 7 5 4 3 6 9 8 
20180626057 4 2 9 5 6 8 10 1 3 7 
20180626058 6 4 10 8 7 9 2 3 1 5 
20180626059 3 6 4 10 7 5 9 8 1 2 
20180626060 3 9 1 2 6 10 8 7 4 5 
20180626061 6 9 2 1 5 7 4 3 10 8 
20180626062 7 9 1 5 10 6 4 2 8 3 
20180626063 3 10 5 2 8 1 6 9 7 4 
20180626064 5 10 6 9 8 1 3 4 7 2 
20180626065 6 8 5 2 10 7 9 1 4 3 
20180626066 7 1 9 3 6 2 5 4 8 10 
20180626067 10 7 1 2 9 5 4 8 3 6 
20180626068 9 3 6 2 1 7 4 5 10 8 
20180626069 10 8 3 2 5 7 9 6 4 1 
20180626070 7 2 4 5 3 8 10 1 9 6 
20180626071 4 5 9 7 10 3 6 2 1 8 
20180626072 8 5 6 4 10 7 2 9 1 3 
20180626073 1 3 4 8 6 10 5 7 9 2 
20180626074 2 3 7 5 9 10 6 4 1 8 
20180626075 2 4 3 1 9 8 6 10 5 7 
20180626076 1 8 6 3 9 5 10 7 4 2 
20180626077 2 8 6 5 1 10 7 4 9 3 
20180626078 10 8 2 7 4 9 3 6 1 5 
20180626079 3 5 6 9 2 7 4 1 8 10 
20180626080 6 8 2 4 5 9 10 1 7 3 
20180626081 4 7 5 9 2 3 1 8 10 6 
20180626082 8 1 9 2 6 5 4 10 7 3 
20180626083 2 10 6 7 9 3 4 1 5 8 
20180626084 6 9 3 10 1 4 2 8 5 7 
20180626085 1 8 9 5 4 6 3 10 7 2 
20180626086 2 4 1 6 10 3 8 5 9 7 
20180626087 9 2 3 6 4 10 1 8 5 7 
20180626088 9 8 10 6 4 5 1 3 2 7 
20180626089 3 6 2 10 9 5 8 4 7 1 
20180626090 8 3 6 5 7 10 4 9 1 2 
20180626091 8 3 6 1 7 5 10 4 9 2 
20180626092 8 10 7 1 4 6 9 5 2 3 
20180626093 7 4 2 8 5 6 9 10 3 1 
20180626094 6 9 3 5 8 1 2 4 10 7 
20180626095 7 6 8 4 2 1 9 3 5 10 
20180626096 3 4 5 9 7 1 10 8 6 2 
20180626097 8 1 9 7 3 10 5 2 6 4 
20180626098 8 2 3 7 10 9 1 4 5 6 
20180626099 2 3 7 10 9 4 6 5 1 8 
20180626100 3 1 7 8 6 4 10 2 9 5 
20180626101 7 4 9 3 2 6 8 10 5 1 
20180626102 6 8 9 1 7 5 3 2 4 10 
20180626103 9 8 2 4 3 1 6 10 5 7 
20180626104 6 2 1 10 7 3 4 5 8 9 
20180626105 5 2 7 1 4 3 6 8 9 10 
20180626106 5 10 6 2 8 9 3 4 1 7 
20180626107 5 10 2 7 6 8 4 9 1 3 
20180626108 10 7 2 9 6 3 4 5 8 1 
20180626109 2 6 3 9 5 10 8 7 1 4 
20180626110 9 7 3 1 2 6 5 8 10 4 
20180626111 2 7 1 10 3 6 4 8 9 5 
20180626112 1 6 9 7 3 10 2 4 5 8 
20180626113 2 10 4 8 6 7 3 5 9 1 
20180626114 7 10 6 9 5 4 2 1 8 3 
20180626115 3 8 1 4 10 9 6 2 5 7 
20180626116 8 1 3 6 4 9 5 10 2 7 
20180626117 9 1 3 7 8 2 4 5 10 6 
20180626118 7 1 5 3 2 10 9 6 8 4 
20180626119 1 8 6 5 7 4 3 2 9 10 
20180626120 3 9 7 6 8 2 4 1 5 10 
20180626121 3 8 6 7 9 1 10 5 2 4 
20180626122 1 3 5 2 4 8 6 10 7 9 
20180626123 9 4 3 5 6 7 1 8 2 10 
20180626124 10 5 1 9 8 7 3 4 2 6 
20180626125 4 2 6 10 9 8 5 7 3 1 
20180626126 8 6 5 1 10 4 9 7 2 3 
20180626127 4 5 9 10 1 6 8 3 7 2 
20180626128 6 8 4 7 10 3 9 5 1 2 
20180626129 8 1 10 9 4 5 6 3 7 2 
20180626130 8 10 3 7 5 4 2 9 6 1 
20180626131 3 10 4 6 8 5 9 1 2 7 
20180626132 2 8 9 5 6 7 10 3 4 1 
20180626133 1 4 6 3 5 2 8 9 7 10 
20180626134 8 3 2 4 1 7 9 10 6 5 
20180626135 3 7 5 9 1 8 4 2 6 10 
20180626136 4 3 10 9 6 2 5 1 8 7 
20180626137 5 9 10 8 4 6 2 1 3 7 
20180626138 4 5 6 7 3 10 9 2 8 1 
20180626139 2 1 6 7 8 5 9 10 3 4 
20180626140 7 8 9 4 1 5 6 2 10 3 
20180626141 5 8 7 3 4 9 6 1 10 2 
20180626142 4 7 6 5 10 8 9 1 3 2 
20180626143 7 1 10 2 4 3 8 9 6 5 
20180626144 8 7 2 1 6 5 9 3 4 10 
20180626145 4 8 9 5 7 2 6 1 10 3 
20180626146 2 8 7 5 9 3 6 10 4 1 
20180626147 5 3 7 8 10 1 9 2 4 6 
20180626148 3 4 10 1 8 9 6 2 5 7 
20180626149 4 8 3 9 1 6 5 7 2 10 
20180626150 8 10 9 4 3 5 6 7 2 1 
20180626151 7 6 1 4 10 3 5 2 9 8 
20180626152 4 7 10 1 5 9 6 3 8 2 
20180626153 1 9 8 6 3 4 2 7 5 10 
20180626154 5 8 4 3 1 6 10 7 9 2 
20180626155 4 2 8 9 10 1 3 7 6 5 
20180626156 1 7 8 10 3 6 4 5 9 2 
20180626157 8 6 2 3 10 1 9 5 4 7 
20180626158 6 2 3 4 7 1 8 10 9 5 
20180626159 10 9 7 2 3 1 8 5 6 4 
20180626160 1 7 9 2 5 4 10 3 8 6 
20180626161 7 4 6 2 8 10 3 5 9 1 
20180626162 9 10 4 7 3 5 2 6 8 1 
20180626163 6 1 7 2 4 3 9 5 8 10 
20180626164 2 8 5 9 3 10 4 6 7 1 
20180626165 8 6 5 7 2 9 3 10 1 4 
20180626166 3 4 9 8 6 2 1 7 10 5 
20180626167 1 7 3 5 4 2 10 8 6 9 
20180626168 8 6 4 9 1 3 10 2 7 5 
20180626169 4 2 6 5 8 3 1 10 7 9 
20180626170 10 1 8 7 5 3 4 9 2 6 
20180626171 6 4 3 2 1 5 9 10 7 8 
20180626172 8 7 9 4 1 3 2 6 10 5 
20180626173 10 5 1 7 6 3 2 4 8 9 
20180626174 9 5 8 4 3 10 6 2 1 7 
20180626175 9 10 8 6 3 2 5 1 7 4 
20180626176 6 5 7 4 10 3 8 2 9 1 
20180626177 4 8 9 1 10 3 2 6 7 5 
20180626178 5 9 4 8 10 2 7 1 6 3 
20180626179 9 1 2 3 5 7 6 10 4 8 
20180626180 4 9 7 1 10 3 5 8 6 2 
20180626181 5 3 7 6 8 9 4 10 1 2 
20180626182 4 9 8 1 7 10 6 3 5 2 
20180626183 10 9 3 8 4 6 5 1 7 2 
20180626184 4 9 2 7 1 6 8 10 5 3 
20180626185 1 5 8 7 3 4 10 6 9 2 
20180626186 10 5 9 3 2 7 6 1 8 4 
20180626187 6 7 3 5 10 1 2 9 4 8 
20180626188 1 5 9 3 7 4 2 10 8 6 
20180626189 2 7 1 3 6 8 10 4 9 5 
20180626190 5 7 9 8 2 6 3 10 1 4 
20180626191 7 9 10 8 6 2 1 5 3 4 
20180626192 5 9 4 7 1 3 2 6 10 8 
20180626193 4 7 1 5 8 9 10 2 3 6 
20180626194 3 6 2 4 9 8 5 10 1 7 
20180626195 4 2 7 10 9 1 8 5 3 6 
20180626196 2 9 4 3 7 5 1 6 10 8 
20180626197 9 7 1 6 8 10 3 2 5 4 
20180626198 7 4 10 5 8 1 9 6 3 2 
20180626199 5 8 3 2 7 1 4 6 10 9 
20180626200 5 7 3 2 6 9 4 8 1 10 
20180626201 2 5 3 4 9 8 10 6 7 1 
20180626202 6 10 2 4 7 1 8 3 5 9 
20180626203 5 7 6 9 3 10 1 8 4 2 
20180626204 8 9 6 7 4 3 1 5 2 10 
20180626205 5 10 8 9 3 6 4 7 1 2 
20180626206 5 1 4 3 8 6 9 10 7 2 
20180626207 5 3 10 7 6 8 4 1 9 2 
20180626208 9 3 10 5 7 1 2 8 4 6 
20180626209 6 8 1 7 3 9 2 10 4 5 
20180626210 6 3 10 2 8 1 7 4 5 9 
20180626211 9 6 10 4 2 3 1 5 8 7 
20180626212 10 8 7 2 1 5 4 6 3 9 
20180626213 8 2 10 3 7 9 1 4 5 6 
20180626214 6 3 10 5 9 8 4 1 7 2 
20180626215 10 8 9 5 1 2 4 7 3 6 
20180626216 7 1 3 8 6 10 5 2 4 9 
20180626217 7 9 5 6 10 4 2 3 1 8 
20180626218 8 9 10 2 1 4 7 6 3 5 
20180626219 8 7 1 10 2 4 3 5 9 6 
20180626220 10 5 4 1 2 6 3 7 8 9 
20180626221 5 2 3 6 7 9 10 4 1 8 
20180626222 10 4 6 9 8 1 5 3 7 2 
20180626223 8 3 6 5 7 2 9 10 4 1 
20180626224 10 5 2 7 8 9 6 4 3 1 
20180626225 3 8 2 9 4 10 7 6 1 5 
20180626226 6 5 7 8 10 3 4 2 9 1 
20180626227 7 4 1 3 5 10 8 9 2 6 
20180626228 7 3 8 6 10 4 5 9 2 1 
20180626229 9 5 2 7 1 8 3 10 4 6 
20180626230 10 5 3 9 1 7 2 6 8 4 
20180626231 1 10 6 7 5 9 8 3 4 2 
20180626232 2 4 6 7 3 9 10 1 5 8 
20180626233 7 9 6 10 3 1 5 8 4 2 
20180626234 4 1 9 3 6 2 5 8 10 7 
20180626235 10 9 1 3 8 2 7 5 6 4 
20180626236 3 2 5 7 10 8 6 4 9 1 
20180626237 1 4 7 2 9 5 3 8 6 10 
20180626238 1 5 4 6 3 2 7 9 8 10 
20180626239 8 2 10 9 7 1 5 3 6 4 
20180626240 1 4 7 10 5 2 6 3 9 8 
20180626241 2 7 4 3 5 1 9 8 10 6 
20180626242 9 5 7 4 3 1 10 6 2 8 
20180626243 10 5 1 8 6 3 4 9 7 2 
20180626244 3 8 5 6 10 4 7 9 2 1 
20180626245 1 2 9 3 7 10 8 4 5 6 
20180626246 4 6 5 7 3 9 8 1 10 2 
20180626247 5 1 4 9 2 7 8 6 3 10 
20180626248 3 2 9 7 1 6 5 10 8 4 
20180626249 9 8 3 2 1 6 5 7 4 10 
20180626250 10 8 2 6 9 1 7 4 5 3 
20180626251 3 7 9 6 2 5 10 8 4 1 
20180626252 4 1 2 9 5 10 8 3 6 7 
20180626253 4 9 2 10 8 6 5 7 3 1 
20180626254 4 9 3 7 8 6 2 10 1 5 
20180626255 1 6 5 4 7 3 8 2 9 10 
20180626256 10 5 9 7 8 3 1 2 6 4 
20180626257 5 7 2 1 4 3 8 10 6 9 
20180626258 9 6 5 3 10 2 8 4 7 1 
20180626259 6 2 5 10 4 1 9 3 8 7 
20180626260 8 7 4 2 6 10 3 5 9 1 
20180626261 3 9 8 2 7 5 4 6 1 10 
20180626262 4 1 2 8 3 9 5 6 10 7 
20180626263 2 6 8 10 5 3 1 4 9 7 
20180626264 7 4 6 1 9 2 5 8 3 10 
20180626265 1 7 10 5 2 4 6 3 9 8 
20180626266 3 4 6 2 10 8 5 1 7 9 
20180626267 5 4 8 10 1 7 6 2 9 3 
20180626268 9 8 7 3 6 5 2 4 10 1 
20180626269 3 8 7 4 2 10 9 1 6 5 
20180626270 5 3 1 8 6 9 2 10 7 4 
20180626271 10 7 1 5 4 2 3 8 6 9 
20180626272 9 7 5 2 8 4 6 1 10 3 
20180626273 6 7 3 10 2 8 5 4 1 9 
20180626274 9 7 3 1 2 10 6 4 5 8 
20180626275 10 3 4 2 8 5 7 6 1 9 
20180626276 2 8 9 5 3 4 6 7 10 1 
20180626277 4 7 6 9 3 10 8 1 5 2 
20180626278 9 3 6 10 8 7 2 1 4 5 
20180626279 3 7 2 4 5 8 9 10 6 1 
20180626280 7 5 1 6 2 3 10 8 4 9 
20180626281 3 5 6 8 7 1 2 9 4 10 
20180626282 10 9 1 7 8 4 3 6 5 2 
20180626283 3 8 5 4 2 9 7 6 1 10 
20180626284 10 4 2 6 7 1 3 8 5 9 
20180626285 4 7 9 5 3 2 6 10 1 8 
20180626286 5 10 2 4 8 3 1 7 9 6 
20180626287 1 10 8 5 7 2 4 3 6 9 
20180626288 9 8 4 1 5 7 2 3 10 6 
20180626289 10 8 4 1 6 2 7 5 3 9 
20180626290 6 4 9 7 2 10 3 5 8 1 
20180626291 8 10 3 5 6 7 1 2 4 9 
20180626292 3 10 5 2 9 4 7 1 6 8 
20180626293 7 8 9 3 1 10 5 6 4 2 
20180626294 4 2 5 7 3 9 8 6 10 1 
20180626295 5 2 1 6 4 3 10 9 8 7 
20180626296 7 4 1 3 10 8 5 2 9 6 
20180626297 8 5 7 4 2 10 1 6 9 3 
20180626298 1 7 8 2 6 3 9 10 5 4 
20180626299 3 1 5 9 2 7 6 8 4 10 
20180626300 9 1 8 3 4 10 5 6 7 2 
20180626301 8 4 7 5 2 3 10 9 1 6 
20180626302 3 9 7 2 8 4 10 1 5 6 
20180626303 3 10 2 7 1 4 5 8 6 9 
20180626304 6 2 3 7 4 1 5 8 9 10 
20180626305 3 8 5 4 6 9 7 1 2 10 
20180626306 1 10 3 8 6 9 2 5 4 7 
20180626307 3 9 4 5 10 2 1 7 6 8 
20180626308 9 8 7 6 3 2 10 1 5 4 
20180626309 10 5 7 3 9 8 6 1 2 4 
20180626310 1 7 8 10 2 4 6 5 9 3 
20180626311 3 1 8 5 10 4 7 6 9 2 
20180626312 9 6 8 7 3 5 1 10 2 4 
20180626313 6 9 7 8 1 4 10 5 3 2 
20180626314 10 6 2 1 7 5 8 3 9 4 
20180626315 1 5 10 6 8 2 9 3 4 7 
20180626316 8 9 6 2 7 10 3 1 5 4 
20180626317 9 8 2 5 4 10 6 3 7 1 
20180626318 10 9 7 3 2 1 5 8 4 6 
20180626319 4 1 5 9 3 10 7 8 2 6 
20180626320 6 2 3 9 1 4 7 8 10 5 
20180626321 2 8 10 1 4 9 5 7 6 3 
20180626322 4 1 2 6 7 5 9 10 8 3 
20180626323 7 10 4 5 2 8 9 1 3 6 
20180626324 2 3 4 6 8 5 10 7 9 1 
20180626325 6 7 5 10 2 3 8 9 4 1 
20180626326 1 10 6 9 2 3 5 7 8 4 
20180626327 10 3 2 4 5 8 1 7 9 6 
20180626328 5 2 1 9 4 6 7 8 3 10 
20180626329 7 1 4 9 8 6 10 5 2 3 
20180626330 3 10 2 4 7 8 1 9 6 5 
20180626331 10 1 4 7 5 8 3 2 9 6 
20180626332 3 5 8 4 10 9 2 6 7 1 
20180626333 7 1 4 3 10 2 9 5 8 6 
20180626334 9 10 8 5 3 1 2 6 4 7 
20180626335 7 3 8 2 6 10 1 9 4 5 
20180626336 5 9 6 1 8 4 2 10 3 7 
20180626337 9 8 3 4 6 1 7 10 2 5 
20180626338 2 3 8 1 7 6 5 10 4 9 
20180626339 9 8 6 5 2 10 1 7 4 3 
20180626340 8 6 10 2 5 4 7 9 1 3 
20180626341 10 6 8 1 9 4 3 5 7 2 
20180626342 10 6 1 3 7 8 2 4 9 5 
20180626343 6 2 5 7 1 3 10 9 4 8 
20180626344 2 7 5 8 9 1 3 10 6 4 
20180626345 5 10 3 2 1 9 8 4 7 6 
20180626346 4 8 5 10 1 3 7 9 2 6 
20180626347 6 4 7 3 2 8 10 9 5 1 
20180626348 5 4 10 3 7 9 8 6 2 1 
20180626349 3 6 7 5 1 8 4 10 2 9 
20180626350 10 5 8 4 3 1 7 9 2 6 
20180626351 1 3 6 8 10 7 4 9 5 2 
20180626352 8 7 9 5 2 10 6 3 4 1 
20180626353 9 4 8 10 7 3 6 5 1 2 
20180626354 2 3 8 9 7 5 1 6 4 10 
20180626355 4 2 7 8 6 5 1 10 9 3 
20180626356 5 3 4 10 2 8 1 7 6 9 
20180626357 1 3 5 8 9 4 7 6 10 2 
20180626358 9 6 10 4 8 1 3 7 5 2 
20180626359 8 7 1 6 4 5 2 3 10 9 
20180626360 5 1 6 8 2 3 4 10 9 7 
20180626361 2 5 9 7 3 8 1 10 6 4 
20180626362 5 9 4 7 6 1 2 10 3 8 
20180626363 6 1 3 5 8 4 2 7 10 9 
20180626364 10 1 6 8 5 2 7 3 4 9 
20180626365 9 10 2 7 1 3 6 4 8 5 
20180626366 3 1 10 5 7 6 9 4 2 8 
20180626367 2 5 9 4 1 3 10 8 7 6 
20180626368 1 7 6 9 3 2 8 4 10 5 
20180626369 4 3 1 7 10 2 9 8 5 6 
20180626370 5 7 4 1 3 8 6 2 9 10 
20180626371 5 2 9 1 7 8 6 3 10 4 
20180626372 1 7 10 8 4 9 6 3 2 5 
20180626373 7 4 5 9 2 1 6 8 10 3 
20180626374 3 1 4 6 8 10 7 5 9 2 
20180626375 9 8 5 6 1 10 4 7 3 2 
20180626376 7 3 8 1 2 9 4 6 5 10 
20180626377 10 1 6 4 3 7 2 8 9 5 
20180626378 8 7 2 10 3 5 9 4 6 1 
20180626379 10 2 3 5 6 8 4 7 9 1 
20180626380 3 4 2 5 6 1 8 10 9 7 
20180626381 1 5 8 3 9 7 10 4 6 2 
20180626382 9 10 7 3 2 5 4 6 1 8 
20180626383 2 9 10 3 8 7 1 5 4 6 
20180626384 5 9 1 2 7 4 6 10 3 8 
20180626385 3 2 8 1 4 9 10 6 5 7 
20180626386 5 8 10 6 3 1 9 7 4 2 
20180626387 1 4 8 9 7 2 6 3 10 5 
20180626388 6 9 7 2 4 8 1 10 3 5 
20180626389 9 8 4 1 10 5 6 7 2 3 
20180626390 1 7 9 6 3 10 4 5 2 8 
20180626391 7 10 4 8 5 2 6 9 3 1 
20180626392 6 8 7 4 10 2 9 3 1 5 
20180626393 10 8 3 5 9 4 6 1 2 7 
20180626394 2 3 8 1 9 7 6 5 4 10 
20180626395 6 5 1 9 10 4 7 2 3 8 
20180626396 10 8 3 7 6 9 1 4 2 5 
20180626397 1 9 10 4 6 3 5 2 8 7 
20180626398 9 7 3 8 6 4 5 2 10 1 
20180626399 3 2 8 5 10 4 7 1 6 9 
20180626400 2 8 6 9 1 4 7 3 5 10 
20180626401 4 5 6 8 10 3 2 1 7 9 
20180626402 6 5 7 4 8 2 3 10 9 1 
20180626403 4 9 6 10 1 3 5 2 8 7 
20180626404 1 9 4 3 5 2 7 6 8 10 
20180626405 10 6 1 5 2 4 7 8 9 3 
20180626406 7 10 3 2 9 4 6 5 8 1 
20180626407 8 4 2 3 9 5 6 1 7 10 
20180626408 1 7 3 2 10 6 8 9 5 4 
20180626409 8 6 10 3 2 7 1 9 5 4 
20180626410 2 3 4 8 9 10 1 5 6 7 
20180626411 9 2 8 7 1 3 6 4 5 10 
20180626412 4 9 7 8 5 2 10 1 3 6 
20180626413 10 7 2 5 4 1 3 8 9 6 
20180626414 4 7 1 6 5 3 10 9 2 8 
20180626415 4 5 7 1 6 8 2 9 3 10 
20180626416 9 7 3 10 4 2 8 5 1 6 
20180626417 1 4 2 10 3 6 7 5 9 8 
20180626418 10 1 7 3 4 6 9 5 2 8 
20180626419 8 9 10 6 5 3 4 2 1 7 
20180626420 6 3 10 2 7 8 5 9 1 4 
20180626421 10 1 8 9 5 6 4 2 3 7 
20180626422 7 9 2 5 8 10 6 4 1 3 
20180626423 1 7 6 2 5 10 4 8 9 3 
20180626424 5 7 8 1 10 4 6 9 3 2 
20180626425 2 9 5 6 4 8 3 7 1 10 
20180626426 1 5 2 6 10 8 3 9 7 4 
20180626427 1 10 6 2 5 3 4 7 8 9 
20180626428 6 7 3 8 9 5 10 1 2 4 
20180626429 5 2 6 8 9 1 10 4 3 7 
20180626430 7 1 10 2 4 5 9 8 3 6 
20180626431 10 1 2 3 9 6 8 4 7 5 
20180626432 4 7 6 3 9 2 10 5 8 1 
20180626433 4 9 8 10 5 6 7 1 2 3 
20180626434 2 8 7 5 9 1 10 3 6 4 
20180626435 6 3 9 8 5 7 1 4 10 2 
20180626436 5 8 1 4 6 2 9 7 10 3 
20180626437 6 4 1 9 8 2 3 10 5 7 
20180626438 2 7 5 10 4 8 6 9 3 1 
20180626439 7 3 6 8 5 9 2 4 1 10 
20180626440 1 3 6 7 2 10 8 5 9 4 
20180626441 4 2 9 1 3 7 6 10 8 5 
20180626442 2 4 8 5 1 9 6 7 10 3 
20180626443 8 9 10 3 6 4 5 1 7 2 
20180626444 5 4 10 7 2 3 9 8 1 6 
20180626445 7 2 10 1 9 8 4 3 6 5 
20180626446 7 6 2 10 5 4 9 1 8 3 
20180626447 9 3 4 6 8 5 7 10 2 1 
20180626448 1 8 9 10 2 3 4 6 5 7 
20180626449 6 9 4 10 7 2 1 3 5 8 
20180626450 1 4 7 2 9 6 5 3 8 10 
20180626451 4 2 9 6 3 7 5 1 10 8 
20180626452 4 9 7 5 10 6 3 1 8 2 
20180626453 9 6 2 10 4 5 1 7 8 3 
20180626454 10 5 3 2 1 6 7 9 8 4 
20180626455 7 10 6 2 5 3 4 9 8 1 
20180626456 7 2 1 3 10 6 5 9 8 4 
20180626457 6 3 9 10 1 4 7 8 5 2 
20180626458 2 3 4 1 5 8 9 6 7 10 
20180626459 5 10 3 6 1 7 8 4 9 2 
20180626460 6 9 7 8 1 3 5 2 4 10 
20180626461 1 3 6 5 2 10 8 4 7 9 
20180626462 6 7 9 3 1 8 2 5 10 4 
20180626463 5 7 2 3 4 10 6 8 9 1 
20180626464 5 4 7 8 10 9 1 6 3 2 
20180626465 7 9 4 6 8 3 1 10 2 5 
20180626466 7 5 1 2 9 10 8 3 4 6 
20180626467 5 2 3 1 7 6 8 9 4 10 
20180626468 5 7 9 4 2 1 10 8 6 3 
20180626469 8 7 10 9 5 4 6 1 2 3 
20180626470 7 3 4 10 1 5 6 2 9 8 
20180626471 10 1 6 9 4 7 3 2 5 8 
20180626472 5 9 2 10 6 8 7 4 3 1 
20180626473 3 2 8 5 6 1 10 9 4 7 
20180626474 6 5 1 7 10 4 2 3 9 8 
20180626475 1 2 6 7 5 9 3 8 10 4 
20180626476 5 9 3 10 7 1 6 8 2 4 
20180626477 4 6 9 5 3 7 8 2 10 1 
20180626478 1 5 10 4 8 6 9 3 2 7 
20180626479 1 3 2 7 4 10 8 9 6 5 
20180626480 6 2 3 10 4 5 1 9 7 8 
20180626481 9 4 5 1 8 7 10 3 2 6 
20180626482 9 2 5 10 6 4 3 7 8 1 
20180626483 7 10 1 2 8 5 3 4 9 6 
20180626484 3 6 10 8 1 5 4 9 2 7 
20180626485 5 1 3 8 2 6 10 7 9 4 
20180626486 1 6 10 2 3 8 5 7 9 4 
20180626487 6 5 8 4 3 2 1 10 9 7 
20180626488 8 5 6 9 7 10 1 4 2 3 
20180626489 4 6 5 3 1 9 8 2 7 10 
20180626490 5 1 9 4 7 6 8 3 2 10 
20180626491 8 10 1 7 9 3 5 2 6 4 
20180626492 3 4 1 5 8 7 10 9 6 2 
20180626493 2 10 5 7 1 8 4 9 3 6 
20180626494 9 6 1 7 3 10 5 4 2 8 
20180626495 1 8 7 4 3 10 2 9 6 5 
20180626496 9 2 4 1 3 7 8 6 5 10 
20180626497 3 9 5 6 4 10 8 2 1 7 
20180626498 1 10 3 8 2 5 9 7 4 6 
20180626499 3 4 10 7 6 9 8 1 5 2 
20180626500 6 8 1 9 10 5 2 7 3 4 
20180626501 9 1 10 2 7 3 8 6 4 5 
20180626502 3 10 4 8 5 6 1 7 2 9 
20180626503 3 8 10 2 7 4 5 6 1 9 
20180626504 4 9 8 6 2 3 7 5 10 1 
20180626505 10 9 5 3 4 2 1 8 7 6 
20180626506 5 4 7 6 1 8 2 10 9 3 
20180626507 6 7 4 8 3 5 2 9 10 1 
20180626508 5 9 3 8 1 6 2 10 7 4 
20180626509 1 5 4 10 9 3 7 8 6 2 
20180626510 6 10 4 5 8 1 3 7 2 9 
20180626511 3 1 4 6 7 2 10 9 5 8 
20180626512 9 3 2 7 5 10 8 6 4 1 
20180626513 9 5 2 10 3 7 8 1 6 4 
20180626514 4 1 7 8 2 9 6 5 10 3 
20180626515 10 2 5 3 9 6 8 7 4 1 
20180626516 8 1 10 7 9 6 3 5 2 4 
20180626517 9 1 8 2 4 7 3 10 5 6 
20180626518 10 3 5 1 9 7 6 8 2 4 
20180626519 7 9 1 6 3 2 5 8 10 4 
20180626520 4 9 1 8 7 10 5 2 6 3 
20180626521 9 5 10 7 4 2 3 6 1 8 
20180626522 9 7 4 6 8 5 3 1 2 10 
20180626523 8 2 5 7 9 4 10 1 6 3 
20180626524 2 1 5 10 6 8 3 7 9 4 
20180626525 2 1 6 4 9 8 7 5 3 10 
20180626526 2 6 5 1 8 9 7 10 3 4 
20180626527 10 1 6 7 5 8 9 3 4 2 
20180626528 2 6 1 7 8 4 3 10 9 5 
20180626529 9 3 7 6 5 2 8 10 1 4 
20180626530 7 2 9 5 6 8 3 10 1 4 
20180626531 3 5 8 4 2 7 6 1 10 9 
20180626532 3 9 4 6 10 8 1 7 2 5 
20180626533 9 7 4 2 10 3 8 6 1 5 
20180626534 10 7 8 2 1 4 5 9 6 3 
20180626535 3 10 2 1 6 9 4 5 7 8 
20180626536 9 10 6 2 1 8 3 5 7 4 
20180626537 9 2 5 8 6 3 4 10 1 7 
20180626538 2 6 10 4 9 7 8 1 5 3 
20180626539 10 4 7 5 9 3 6 2 8 1 
20180626540 8 9 6 4 7 1 2 5 10 3 
20180626541 1 4 10 8 3 5 9 2 7 6 
20180626542 9 5 2 7 1 8 6 3 10 4 
20180626543 1 8 6 3 7 2 9 4 5 10 
20180626544 6 7 10 5 9 1 2 4 3 8 
20180626545 1 3 10 9 2 6 4 7 5 8 
20180626546 5 1 2 4 8 9 6 10 3 7 
20180626547 4 1 6 2 9 10 8 3 5 7 
20180626548 5 9 1 2 7 4 10 8 6 3 
20180626549 4 10 1 9 3 8 2 5 7 6 
20180626550 4 3 1 2 5 10 7 6 8 9 
20180626551 4 8 6 9 10 3 1 2 5 7 
20180626552 3 2 6 9 10 5 1 8 7 4 
20180626553 2 3 10 9 8 7 4 5 1 6 
20180626554 8 4 3 10 7 6 9 1 2 5 
20180626555 1 8 4 9 5 10 6 7 3 2 
20180626556 7 6 2 5 1 10 9 8 3 4 
20180626557 8 5 10 4 7 9 2 6 1 3 
20180626558 9 8 6 10 7 5 1 4 2 3 
20180626559 4 10 2 9 3 8 5 1 6 7 
20180626560 3 8 6 10 4 5 1 9 7 2 
20180626561 1 10 9 3 6 2 4 5 7 8 
20180626562 2 5 6 10 9 7 3 8 4 1 
20180626563 8 10 1 5 9 6 7 3 2 4 
20180626564 5 7 6 4 10 9 1 3 2 8 
20180626565 9 8 3 7 6 4 5 10 1 2 
20180626566 6 9 2 3 1 4 8 5 10 7 
20180626567 7 9 10 4 3 5 8 2 1 6 
20180626568 10 4 7 9 3 8 1 6 5 2 
20180626569 3 7 8 2 9 6 1 5 4 10 
20180626570 2 3 4 7 1 5 9 8 6 10 
20180626571 1 9 6 2 8 3 10 5 7 4 
20180626572 8 4 6 1 10 5 9 7 2 3 
20180626573 10 5 9 2 6 7 4 8 3 1 
20180626574 3 1 2 9 7 6 8 5 10 4 
20180626575 1 3 9 6 2 7 10 4 8 5 
20180626576 10 8 5 6 2 3 9 1 4 7 
20180626577 6 7 3 9 2 10 5 1 8 4 
20180626578 6 1 4 7 5 10 2 8 3 9 
20180626579 4 5 1 2 3 8 6 10 7 9 
20180626580 10 9 7 1 5 4 6 8 3 2 
20180626581 3 2 8 4 10 6 7 9 1 5 
20180626582 9 8 4 3 10 5 2 6 1 7 
20180626583 1 3 2 4 7 9 10 5 6 8 
20180626584 8 3 9 4 2 5 10 1 6 7 
20180626585 8 7 1 6 10 4 5 3 9 2 
20180626586 2 4 1 8 3 10 7 9 5 6 
20180626587 8 5 3 1 2 4 6 10 9 7 
20180626588 3 2 10 9 1 8 7 6 5 4 
20180626589 2 8 6 3 1 4 10 5 7 9 
20180626590 3 8 4 2 9 1 5 7 10 6 
20180626591 8 3 1 5 2 9 6 4 7 10 
20180626592 3 10 9 6 5 2 7 8 4 1 
20180626593 3 8 1 6 7 4 10 5 2 9 
20180626594 10 6 3 2 4 5 8 1 9 7 
20180626595 6 5 8 9 10 2 4 7 1 3 
20180626596 5 2 4 3 9 1 7 6 8 10 
20180626597 5 7 8 6 4 3 2 1 9 10 
20180626598 6 10 2 1 7 4 5 3 9 8 
20180626599 10 1 8 2 9 3 5 7 4 6 
20180626600 4 6 7 3 1 9 5 8 2 10 
20180626601 6 9 3 7 5 10 4 2 8 1 
20180626602 8 3 1 6 9 7 2 4 5 10 
20180626603 10 9 6 1 2 5 3 7 4 8 
20180626604 2 5 4 1 9 6 3 10 8 7 
20180626605 2 1 6 9 7 4 5 3 10 8 
20180626606 10 3 7 8 4 9 5 1 2 6 
20180626607 4 3 10 7 2 6 8 1 9 5 
20180626608 1 4 2 3 10 7 5 9 6 8 
20180626609 6 1 10 5 7 9 8 2 4 3 
20180626610 2 8 9 6 7 4 3 1 10 5 
20180626611 6 3 2 1 5 9 8 10 4 7 
20180626612 2 9 5 6 7 10 3 1 4 8 
20180626613 8 2 1 9 4 3 7 6 10 5 
20180626614 2 5 6 7 3 1 8 10 4 9 
20180626615 1 3 9 2 7 10 5 4 8 6 
20180626616 1 7 4 3 2 5 10 8 9 6 
20180626617 5 9 10 2 6 4 3 8 1 7 
20180626618 8 10 7 9 4 2 3 5 1 6 
20180626619 5 10 8 9 1 2 3 6 7 4 
20180626620 6 10 2 7 8 5 9 4 3 1 
20180626621 2 7 5 8 1 6 4 10 3 9 
20180626622 8 2 9 3 7 5 4 6 1 10 
20180626623 7 6 2 5 1 4 10 8 3 9 
20180626624 1 3 6 4 7 2 5 9 8 10 
20180626625 1 4 2 6 10 8 7 9 5 3 
20180626626 8 1 6 5 2 10 4 7 9 3 
20180626627 6 1 8 7 5 9 2 4 3 10 
20180626628 4 10 7 1 5 8 9 2 6 3 
20180626629 3 9 7 4 1 8 5 2 10 6 
20180626630 2 1 8 10 7 4 5 9 6 3 
20180626631 3 5 10 8 6 2 4 7 1 9 
20180626632 1 10 7 2 6 9 4 3 5 8 
20180626633 4 2 6 7 3 10 5 9 8 1 
20180626634 3 2 8 9 5 10 4 6 7 1 
20180626635 9 1 7 10 4 2 6 8 5 3 
20180626636 5 10 3 2 8 4 1 7 6 9 
20180626637 10 7 2 4 5 6 9 8 1 3 
20180626638 6 1 5 4 2 10 9 8 7 3 
20180626639 10 3 7 2 5 4 6 1 9 8 
20180626640 5 9 7 6 2 8 3 1 10 4 
20180626641 10 7 8 3 4 2 5 9 6 1 
20180626642 8 5 1 4 9 7 6 3 10 2 
20180626643 5 9 10 6 3 4 1 2 8 7 
20180626644 10 2 6 8 7 1 5 4 3 9 
20180626645 8 3 4 2 6 1 10 7 9 5 
20180626646 2 9 3 7 1 4 6 5 10 8 
20180626647 10 8 4 6 9 2 5 1 7 3 
20180626648 3 10 7 2 1 6 4 8 9 5 
20180626649 1 4 2 8 7 3 10 5 6 9 
20180626650 6 9 2 4 10 8 5 7 1 3 
20180626651 8 7 9 10 1 2 4 6 5 3 
20180626652 5 3 2 4 7 10 9 6 1 8 
20180626653 4 5 6 10 1 8 2 7 9 3 
20180626654 1 10 8 2 9 5 4 6 3 7 
20180626655 8 1 6 9 5 10 7 4 3 2 
20180626656 6 5 1 3 2 7 9 10 8 4 
20180626657 6 10 7 9 8 1 4 5 3 2 
20180626658 3 1 6 9 8 7 2 4 5 10 
20180626659 2 1 5 3 10 6 9 4 8 7 
20180626660 9 6 5 4 10 2 1 7 8 3 
20180626661 6 2 9 3 8 1 5 4 7 10 
20180626662 3 5 2 1 8 10 4 7 6 9 
20180626663 3 6 2 4 8 9 7 1 10 5 
20180626664 4 6 7 10 5 1 8 3 9 2 
20180626665 8 7 6 4 5 9 10 2 1 3 
20180626666 1 3 6 4 10 8 9 2 5 7 
20180626667 6 1 3 2 5 8 4 10 9 7 
20180626668 10 8 6 7 3 9 1 4 2 5 
20180626669 9 1 4 10 6 3 7 5 2 8 
20180626670 2 5 1 6 7 8 3 9 10 4 
20180626671 2 10 1 5 3 7 6 8 4 9 
20180626672 9 1 10 3 5 2 4 7 8 6 
20180626673 3 10 1 9 6 7 8 2 5 4 
20180626674 6 9 1 10 8 4 5 2 7 3 
20180626675 7 1 4 6 10 2 8 9 5 3 
20180626676 7 3 9 5 1 10 6 4 8 2 
20180626677 2 9 10 3 1 4 5 6 7 8 
20180626678 3 8 6 1 10 4 7 9 2 5 
20180626679 3 5 9 6 4 8 7 2 1 10 
20180626680 8 1 4 10 7 3 5 2 9 6 
20180626681 5 1 9 4 6 10 8 2 7 3 
20180626682 3 9 10 7 1 6 2 8 4 5 
20180626683 3 4 9 2 10 1 5 8 6 7 
20180626684 3 7 2 8 5 4 9 1 6 10 
20180626685 4 1 9 7 6 10 5 2 8 3 
20180626686 3 10 2 1 6 7 5 9 4 8 
20180626687 9 2 8 3 6 5 4 1 7 10 
20180626688 3 10 6 2 7 4 8 1 5 9 
20180626689 6 5 8 4 7 3 2 9 1 10 
20180626690 6 7 1 5 3 2 9 10 8 4 
20180626691 3 10 9 6 8 1 7 5 2 4 
20180626692 1 4 6 9 7 8 5 3 2 10 
20180626693 4 3 9 7 10 8 5 6 2 1 
20180626694 10 6 3 4 9 1 8 2 5 7 
20180626695 6 2 8 9 1 7 10 4 3 5 
20180626696 8 3 4 1 2 9 10 6 5 7 
20180626697 6 4 3 8 10 9 1 5 2 7 
20180626698 3 5 10 2 9 4 1 7 8 6 
20180626699 6 3 7 9 10 5 8 4 1 2 
20180626700 9 5 3 1 10 6 8 2 4 7 
20180626701 10 5 2 6 7 4 3 8 9 1 
20180626702 7 1 6 2 5 3 8 9 10 4 
20180626703 10 1 4 7 8 6 2 5 3 9 
20180626704 4 8 1 3 9 5 7 2 6 10 
20180626705 7 10 6 2 3 5 1 8 9 4 
20180626706 5 1 9 3 10 6 7 8 2 4 
20180626707 2 9 5 7 4 6 8 3 10 1 
20180626708 10 9 1 8 4 6 7 2 3 5 
20180626709 6 4 1 2 7 8 9 10 5 3 
20180626710 9 2 5 8 6 3 10 7 4 1 
20180626711 10 3 4 7 5 1 8 9 2 6 
20180626712 7 4 5 10 9 3 2 6 8 1 
20180626713 4 8 5 3 7 9 6 10 2 1 
20180626714 4 1 7 6 8 2 5 3 10 9 
20180626715 3 8 6 4 10 9 2 7 1 5 
20180626716 1 2 5 3 4 8 10 9 7 6 
20180626717 9 6 8 2 5 4 1 7 10 3 
20180626718 4 8 2 10 1 5 6 3 9 7 
20180626719 7 8 2 5 6 3 10 4 1 9 
20180626720 1 4 7 8 5 2 10 3 6 9 
20180626721 1 2 7 8 5 6 4 9 3 10 
20180626722 4 8 6 5 1 7 9 10 3 2 
20180626723 10 6 1 3 8 7 4 9 5 2 
20180626724 4 8 6 7 10 9 1 5 2 3 
20180626725 3 10 2 7 4 8 6 5 9 1 
20180626726 2 6 8 10 7 1 3 9 4 5 
20180626727 9 7 6 10 4 8 3 2 5 1 
20180626728 8 1 9 10 3 4 2 7 5 6 
20180626729 4 5 3 7 10 2 8 6 9 1 
20180626730 5 9 8 2 4 10 3 6 1 7 
20180626731 3 7 9 8 5 2 4 10 1 6 
20180626732 3 1 6 10 8 7 5 2 9 4 
20180626733 2 6 3 1 4 10 9 7 8 5 
20180626734 4 10 6 8 7 9 5 1 3 2 
20180626735 2 5 3 10 6 8 9 1 4 7 
20180626736 3 7 10 5 9 2 1 4 6 8 
20180626737 10 5 1 4 2 3 6 8 9 7 
20180626738 6 10 4 3 1 8 9 5 2 7 
20180626739 5 6 1 3 2 9 7 10 4 8 
20180626740 8 4 6 5 10 7 9 3 2 1 
20180626741 9 8 5 6 10 3 1 7 2 4 
20180626742 3 1 5 4 9 7 2 8 10 6 
20180626743 2 4 7 10 1 6 9 8 3 5 
20180626744 1 10 4 5 8 3 9 7 2 6 
20180626745 9 6 2 1 4 5 7 8 3 10 
20180626746 3 1 6 10 4 9 7 2 5 8 
20180626747 3 8 5 10 2 4 1 7 6 9 
20180626748 9 8 2 10 1 4 5 3 6 7 
20180626749 9 8 4 7 1 3 10 5 6 2 
20180626750 3 5 1 10 7 8 9 2 4 6 
20180626751 9 2 8 7 5 6 4 10 3 1 
20180626752 1 8 10 7 5 9 4 6 2 3 
20180626753 9 5 6 10 4 7 1 2 8 3 
20180626754 4 2 6 1 7 5 8 10 3 9 
20180626755 7 5 9 4 3 1 10 8 2 6 
20180626756 2 4 3 5 10 9 7 6 1 8 
20180626757 2 3 8 9 6 10 7 5 1 4 
20180626758 4 2 3 1 6 5 8 7 9 10 
20180626759 4 3 6 9 1 7 2 10 5 8 
20180626760 1 5 4 10 7 6 3 2 9 8 
20180626761 2 8 1 5 4 7 9 3 6 10 
20180626762 5 10 1 7 6 2 3 9 4 8 
20180626763 8 1 7 4 3 5 6 9 2 10 
20180626764 3 4 1 8 10 2 6 7 5 9 
20180626765 7 2 8 3 5 1 4 10 6 9 
20180626766 9 7 2 5 4 1 10 6 3 8 
20180626767 10 1 8 5 9 2 4 7 3 6 
20180626768 8 3 1 2 6 7 10 9 5 4 
20180626769 3 1 6 2 9 7 5 4 10 8 
20180626770 10 5 1 7 9 2 8 3 6 4 
20180626771 6 3 1 9 2 5 10 7 8 4 
20180626772 6 2 7 8 1 4 3 10 9 5 
20180626773 5 4 10 9 3 7 1 2 6 8 
20180626774 7 2 8 1 5 9 3 4 10 6 
20180626775 6 3 7 4 10 9 5 1 8 2 
20180626776 7 3 5 8 4 2 9 10 1 6 
20180626777 4 6 5 7 8 9 1 3 10 2 
20180626778 3 2 7 1 5 4 6 9 8 10 
20180626779 9 5 3 10 6 1 2 7 4 8 
20180626780 5 4 1 6 3 7 2 10 9 8 
20180626781 7 1 5 4 2 9 10 8 3 6 
20180626782 7 4 9 1 3 10 2 5 8 6 
20180626783 2 1 10 9 5 4 7 6 8 3 
20180626784 6 2 1 7 3 8 10 4 9 5 
20180626785 4 10 3 5 2 7 8 1 9 6 
20180626786 10 8 5 2 9 7 4 3 6 1 
20180626787 1 4 8 5 7 10 2 3 9 6 
20180626788 4 6 10 5 1 7 8 9 2 3 
20180626789 6 3 9 4 2 1 10 7 8 5 
20180626790 5 7 1 8 10 3 4 9 2 6 
20180626791 1 10 7 5 3 6 9 2 4 8 
20180626792 4 1 8 9 7 6 3 5 10 2 
20180626793 5 3 10 4 9 7 1 2 8 6 
20180626794 2 10 8 4 7 5 1 6 3 9 
20180626795 3 6 4 5 10 8 2 9 7 1 
20180626796 10 3 8 4 6 2 9 5 7 1 
20180626797 4 10 6 1 5 9 2 8 3 7 
20180626798 7 9 6 1 3 2 4 10 8 5 
20180626799 1 3 8 10 5 4 7 2 6 9 
20180626800 2 8 6 9 1 5 4 10 3 7 
20180626801 10 4 2 8 6 9 5 3 1 7 
20180626802 10 1 8 5 3 4 9 6 7 2 
20180626803 8 9 3 10 2 4 7 5 1 6 
20180626804 2 3 8 4 10 7 5 9 1 6 
20180626805 5 9 10 3 8 4 6 1 7 2 
20180626806 10 1 6 8 7 2 4 5 9 3 
20180626807 3 9 1 4 10 7 2 8 6 5 
20180626808 1 6 4 3 5 9 8 7 2 10 
20180626809 3 10 7 4 8 9 1 5 6 2 
20180626810 8 1 5 4 7 2 6 10 3 9 
20180626811 5 2 7 3 6 8 1 4 10 9 
20180626812 3 4 1 6 9 5 7 2 8 10 
20180626813 7 1 2 8 10 3 9 6 5 4 
20180626814 10 2 5 1 9 7 8 4 6 3 
20180626815 4 1 5 2 6 9 7 10 8 3 
20180626816 2 4 8 10 1 7 5 9 3 6 
20180626817 9 10 2 4 8 6 3 1 5 7 
20180626818 10 7 5 8 2 1 4 9 3 6 
20180626819 1 9 2 6 7 10 3 5 8 4 
20180626820 3 7 4 9 1 5 8 10 2 6 
20180626821 9 4 1 10 2 5 3 7 8 6 
20180626822 10 4 9 1 6 5 3 7 2 8 
20180626823 4 5 8 3 9 7 2 1 6 10 
20180626824 3 8 7 6 9 4 1 2 5 10 
20180626825 5 7 8 4 9 2 6 1 3 10 
20180626826 3 4 1 6 5 2 8 7 10 9 
20180626827 10 5 6 4 2 7 9 1 8 3 
20180626828 2 6 7 1 5 8 4 10 9 3 
20180626829 3 7 4 5 6 2 1 9 10 8 
20180626830 6 2 7 1 4 8 5 3 9 10 
20180626831 1 5 8 2 10 3 9 6 7 4 
20180626832 2 8 6 9 5 4 7 1 10 3 
20180626833 3 10 6 7 1 5 9 2 8 4 
20180626834 3 2 6 9 7 8 10 5 4 1 
20180626835 8 3 7 4 9 1 5 6 10 2 
20180626836 5 3 6 2 8 10 1 4 7 9 
20180626837 4 8 2 3 7 5 1 6 10 9 
20180626838 4 2 7 3 1 9 8 10 5 6 
20180626839 7 8 10 2 3 5 4 9 6 1 
20180626840 7 6 4 10 1 3 5 9 2 8 
20180626841 9 1 4 6 8 2 3 5 10 7 
20180626842 5 8 10 4 1 6 7 9 2 3 
20180626843 8 6 10 3 5 7 4 1 9 2 
20180626844 2 4 10 5 7 1 9 3 6 8 
20180626845 10 1 9 5 3 7 6 2 4 8 
20180626846 8 1 5 9 3 10 4 6 2 7 
20180626847 8 9 1 3 10 4 7 5 2 6 
20180626848 1 2 4 10 3 6 8 9 5 7 
20180626849 6 4 1 2 8 5 3 7 10 9 
20180626850 6 10 3 8 9 4 5 1 2 7 
20180626851 6 1 8 9 5 10 7 3 4 2 
20180626852 1 2 10 3 5 6 8 4 9 7 
20180626853 7 6 9 8 5 3 4 10 1 2 
20180626854 4 7 1 6 2 3 8 10 9 5 
20180626855 10 2 9 6 3 8 5 4 1 7 
20180626856 3 7 2 6 8 4 1 9 5 10 
20180626857 1 9 4 5 3 7 8 6 2 10 
20180626858 9 6 10 1 2 4 8 3 5 7 
20180626859 4 5 8 2 9 3 7 6 1 10 
20180626860 3 1 5 7 6 9 8 4 10 2 
20180626861 6 7 2 3 5 4 10 9 1 8 
20180626862 10 5 4 1 9 6 2 3 8 7 
20180626863 1 9 4 6 5 3 7 8 2 10 
20180626864 10 1 6 3 4 2 8 5 7 9 
20180626865 3 10 7 6 1 9 8 5 2 4 
20180626866 3 4 9 2 8 10 6 1 7 5 
20180626867 8 4 5 10 2 3 7 1 6 9 
20180626868 6 10 9 2 7 8 1 4 5 3 
20180626869 8 2 10 6 4 9 5 7 3 1 
20180626870 2 4 10 5 8 6 9 7 1 3 
20180626871 7 8 1 10 4 5 9 6 2 3 
20180626872 3 10 6 7 2 4 5 8 9 1 
20180626873 10 7 5 8 2 1 9 6 3 4 
20180626874 1 2 7 4 10 3 8 6 5 9 
20180626875 1 6 3 8 2 10 7 9 4 5 
20180626876 8 3 5 10 1 6 2 7 4 9 
20180626877 1 2 3 8 5 7 9 6 10 4 
20180626878 7 8 10 3 2 9 6 1 5 4 
20180626879 5 8 7 1 10 3 4 6 2 9 
20180626880 1 8 7 9 6 4 5 2 10 3 
20180626881 7 3 10 9 6 8 2 5 1 4 
20180626882 1 10 6 3 2 9 7 5 4 8 
20180626883 5 6 1 2 9 10 7 8 4 3 
20180626884 7 4 1 6 3 9 2 5 8 10 
20180626885 1 8 2 7 10 5 9 4 6 3 
20180626886 1 3 6 2 9 4 7 8 5 10 
20180626887 4 1 6 8 10 5 7 2 3 9 
20180626888 10 5 4 6 1 3 2 9 8 7 
20180626889 7 5 9 8 1 4 10 6 2 3 
20180626890 4 7 8 1 3 5 2 6 10 9 
20180626891 6 7 10 8 2 9 5 4 3 1 
20180626892 2 1 7 10 3 5 6 4 9 8 
20180626893 10 1 8 5 9 2 6 7 4 3 
20180626894 8 4 6 10 9 7 5 1 2 3 
20180626895 8 4 5 1 7 10 2 9 6 3 
20180626896 6 3 1 8 5 7 9 4 10 2 
20180626897 2 3 4 8 6 9 10 7 5 1 
20180626898 2 4 1 8 7 6 9 3 10 5 
20180626899 4 5 3 2 9 7 6 10 1 8 
20180626900 6 8 4 5 7 2 1 3 10 9 
20180626901 2 3 6 7 5 10 4 8 1 9 
20180626902 7 8 6 2 5 9 4 1 10 3 
20180626903 9 1 3 4 5 2 7 6 8 10 
20180626904 6 4 10 8 5 2 7 9 1 3 
20180626905 2 6 3 10 4 9 5 7 1 8 
20180626906 10 8 2 9 5 7 1 6 4 3 
20180626907 3 8 1 2 7 10 4 5 6 9 
20180626908 8 4 7 9 5 2 10 3 6 1 
20180626909 10 7 4 2 5 8 1 3 6 9 
20180626910 10 3 6 5 8 9 7 1 4 2 
20180626911 6 5 2 10 1 8 4 3 9 7 
20180626912 1 2 7 8 3 10 4 5 9 6 
20180626913 5 7 3 2 4 10 6 9 1 8 
20180626914 8 1 7 4 5 9 3 6 10 2 
20180626915 6 7 9 10 5 2 8 3 4 1 
20180626916 2 5 8 10 3 9 6 1 4 7 
20180626917 9 3 8 1 7 10 2 4 6 5 
20180626918 5 6 10 9 7 2 1 3 8 4 
20180626919 10 4 8 1 5 7 9 6 3 2 
20180626920 3 5 2 7 4 1 10 6 8 9 
20180626921 9 8 5 10 4 6 2 7 1 3 
20180626922 7 2 5 4 10 9 3 8 6 1 
20180626923 3 6 8 4 7 2 10 9 5 1 
20180626924 2 1 7 9 6 5 3 4 8 10 
20180626925 6 4 5 9 8 7 1 2 10 3 
20180626926 4 8 6 7 1 3 10 5 9 2 
20180626927 3 9 1 4 5 10 7 6 8 2 
20180626928 1 9 10 2 6 3 4 5 8 7 
20180626929 9 4 8 5 6 1 7 2 3 10 
20180626930 3 2 9 5 7 1 8 6 4 10 
20180626931 7 5 8 3 10 2 1 9 6 4 
20180626932 2 10 5 3 8 4 1 9 6 7 
20180626933 2 7 6 3 9 5 8 10 4 1 
20180626934 3 2 10 8 4 5 1 6 9 7 
20180626935 1 10 2 9 7 5 3 6 8 4 
20180626936 8 3 9 1 5 7 2 6 4 10 
20180626937 1 5 3 10 6 8 9 7 2 4 
20180626938 1 10 7 6 4 5 8 2 9 3 
20180626939 5 3 8 1 4 6 10 9 2 7 
20180626940 8 9 6 2 5 1 10 3 4 7 
20180626941 2 7 6 9 10 1 8 5 4 3 
20180626942 5 10 7 4 9 6 8 3 2 1 
20180626943 1 4 6 7 9 8 5 3 10 2 
20180626944 10 3 1 7 9 5 2 6 8 4 
20180626945 4 9 7 8 6 5 3 1 2 10 
20180626946 1 10 3 5 8 7 4 2 6 9 
20180626947 5 2 6 7 8 1 3 10 9 4 
20180626948 3 7 1 2 5 4 9 8 6 10 
20180626949 5 4 7 1 9 8 3 10 2 6 
20180626950 9 10 2 3 5 6 7 1 4 8 
20180626951 4 10 2 7 5 8 3 6 9 1 
20180626952 6 5 3 9 7 1 4 8 10 2 
20180626953 1 8 9 4 7 10 3 5 2 6 
20180626954 6 1 2 9 3 10 4 5 7 8 
20180626955 7 3 8 2 5 4 10 9 6 1 
20180626956 1 10 3 6 2 7 4 5 9 8 
20180626957 3 9 1 7 2 6 5 4 8 10 
20180626958 6 3 5 1 2 4 9 10 8 7 
20180626959 3 4 5 10 7 1 2 8 6 9 
20180626960 7 5 1 10 3 2 4 9 6 8 
20180626961 9 2 6 5 3 1 8 4 10 7 
20180626962 6 2 7 10 5 1 4 9 8 3 
20180626963 6 3 10 2 7 8 5 4 9 1 
20180626964 4 8 7 5 10 6 2 3 1 9 
20180626965 2 5 6 10 3 1 8 4 7 9 
20180626966 7 8 10 5 2 9 3 6 1 4 
20180626967 3 4 7 5 2 10 6 8 1 9 
20180626968 5 4 2 7 6 9 10 8 3 1 
20180626969 5 4 10 8 9 1 3 7 2 6 
20180626970 9 2 10 8 3 4 1 5 7 6 
20180626971 9 4 5 7 6 1 8 10 2 3 
20180626972 1 2 5 4 10 8 9 7 6 3 
20180626973 6 9 2 8 5 3 4 10 1 7 
20180626974 7 3 8 1 5 10 9 4 6 2 
20180626975 9 10 6 7 3 1 4 8 5 2 
20180626976 3 6 4 7 2 1 10 5 8 9 
20180626977 8 9 6 4 3 7 1 10 5 2 
20180626978 1 10 4 8 5 2 6 7 3 9 
20180626979 10 4 6 7 8 9 3 1 5 2 
20180626980 7 10 1 6 4 9 2 3 5 8 
20180626981 7 4 3 6 9 8 1 2 5 10 
20180626982 10 8 3 9 7 2 4 5 6 1 
20180626983 5 9 10 7 6 2 1 4 8 3 
20180626984 4 9 5 8 10 6 3 1 2 7 
20180626985 5 8 2 7 9 1 3 6 4 10 
