20180605001 4 5 1 8 2 7 9 3 6 10 
20180605002 8 7 5 6 10 4 3 2 9 1 
20180605003 3 2 7 10 9 6 8 5 1 4 
20180605004 6 7 9 2 8 4 3 1 10 5 
20180605005 7 9 8 6 3 10 2 5 4 1 
20180605006 5 6 8 1 9 4 7 3 2 10 
20180605007 3 5 7 9 8 1 2 10 6 4 
20180605008 5 7 10 1 8 4 9 2 3 6 
20180605009 4 7 10 5 8 9 1 6 3 2 
20180605010 8 7 3 5 6 1 4 10 2 9 
20180605011 2 10 3 7 9 6 8 1 4 5 
20180605012 10 2 6 1 8 3 9 4 7 5 
20180605013 6 2 7 4 8 10 3 5 1 9 
20180605014 1 8 5 9 6 4 10 3 7 2 
20180605015 3 9 10 4 6 5 2 7 8 1 
20180605016 3 7 6 4 10 9 2 5 1 8 
20180605017 6 7 2 4 3 8 9 1 5 10 
20180605018 6 5 8 10 1 3 4 9 7 2 
20180605019 5 7 2 4 3 6 8 1 10 9 
20180605020 9 4 1 6 3 7 10 8 5 2 
20180605021 7 3 2 4 5 8 9 1 6 10 
20180605022 1 4 6 9 5 8 7 10 2 3 
20180605023 4 1 5 3 10 6 7 2 8 9 
20180605024 9 3 6 4 2 8 10 7 1 5 
20180605025 4 5 1 7 10 6 8 2 3 9 
20180605026 6 4 8 2 9 3 7 5 10 1 
20180605027 3 2 9 8 1 6 7 5 10 4 
20180605028 4 1 9 10 8 2 6 3 7 5 
20180605029 7 8 4 10 5 2 1 3 9 6 
20180605030 2 9 5 8 10 1 4 3 7 6 
20180605031 10 8 2 3 7 6 4 1 9 5 
20180605032 2 7 8 3 5 6 9 4 10 1 
20180605033 2 6 4 1 10 7 3 8 9 5 
20180605034 3 1 4 5 7 2 9 6 8 10 
20180605035 10 5 6 4 2 9 1 3 7 8 
20180605036 7 1 2 5 8 9 10 3 6 4 
20180605037 7 6 1 2 9 5 4 10 3 8 
20180605038 4 1 7 9 6 2 3 10 8 5 
20180605039 4 9 7 5 2 8 6 3 1 10 
20180605040 3 4 1 7 9 8 5 2 10 6 
20180605041 1 2 4 9 8 3 7 10 6 5 
20180605042 7 2 6 3 8 9 10 1 5 4 
20180605043 5 10 9 6 1 4 2 8 7 3 
20180605044 3 7 9 10 6 5 4 8 2 1 
20180605045 10 3 8 1 2 5 6 7 4 9 
20180605046 4 9 2 3 10 5 7 8 1 6 
20180605047 10 2 8 7 4 1 5 3 6 9 
20180605048 6 1 8 2 7 3 5 10 9 4 
20180605049 7 10 5 2 6 1 8 4 3 9 
20180605050 6 3 1 2 5 9 10 4 7 8 
20180605051 9 6 1 4 10 3 7 2 8 5 
20180605052 10 7 4 1 8 9 2 5 6 3 
20180605053 10 9 4 7 1 5 3 6 8 2 
20180605054 10 1 6 4 7 8 2 9 3 5 
20180605055 6 5 9 3 10 1 7 4 2 8 
20180605056 4 7 10 8 1 6 9 2 5 3 
20180605057 6 9 1 2 8 5 7 10 4 3 
20180605058 3 9 1 6 10 7 2 8 4 5 
20180605059 1 5 9 4 6 3 8 2 10 7 
20180605060 7 1 8 4 2 5 9 6 10 3 
20180605061 4 9 2 3 10 6 1 7 8 5 
20180605062 8 2 10 4 1 5 3 7 6 9 
20180605063 8 10 4 5 7 6 9 2 3 1 
20180605064 8 2 1 6 3 10 7 4 9 5 
20180605065 2 9 5 10 3 1 6 4 8 7 
20180605066 6 5 2 3 7 1 4 9 10 8 
20180605067 3 5 7 9 10 2 1 4 8 6 
20180605068 9 5 2 1 3 6 4 7 8 10 
20180605069 8 1 2 5 7 10 6 4 9 3 
20180605070 7 9 2 4 6 5 10 3 1 8 
20180605071 4 7 1 8 3 9 10 2 5 6 
20180605072 6 9 1 8 7 2 4 3 5 10 
20180605073 1 8 7 4 5 3 9 6 10 2 
20180605074 2 1 9 4 8 6 3 5 7 10 
20180605075 5 1 9 10 4 3 6 7 8 2 
20180605076 5 4 3 9 2 10 6 1 7 8 
20180605077 1 4 8 3 10 2 6 5 7 9 
20180605078 4 7 8 10 6 2 9 5 1 3 
20180605079 9 6 3 7 10 2 1 5 8 4 
20180605080 8 4 10 2 3 1 7 9 5 6 
20180605081 10 1 3 4 2 5 7 6 8 9 
20180605082 5 6 3 7 9 2 1 10 4 8 
20180605083 7 6 5 8 10 9 2 3 1 4 
20180605084 3 2 5 6 10 4 8 7 1 9 
20180605085 2 7 1 3 6 4 9 10 5 8 
20180605086 4 8 9 10 5 6 2 3 7 1 
20180605087 2 1 4 3 8 7 9 5 10 6 
20180605088 8 7 5 1 6 10 3 2 4 9 
20180605089 8 1 2 3 6 5 9 10 4 7 
20180605090 9 2 7 5 1 3 4 8 10 6 
20180605091 3 10 1 9 5 2 8 6 4 7 
20180605092 3 9 7 5 8 10 1 6 2 4 
20180605093 8 10 7 1 9 5 2 3 4 6 
20180605094 10 3 5 1 6 4 9 2 8 7 
20180605095 1 10 7 4 8 2 3 5 6 9 
20180605096 10 2 4 7 6 8 5 3 1 9 
20180605097 2 4 5 3 10 7 9 6 8 1 
20180605098 9 2 6 5 7 4 3 1 10 8 
20180605099 3 9 1 5 7 8 6 2 4 10 
20180605100 3 4 9 10 7 2 5 6 8 1 
20180605101 2 5 4 1 10 6 8 9 3 7 
20180605102 10 5 7 2 8 4 3 1 6 9 
20180605103 7 3 8 5 9 2 4 6 1 10 
20180605104 1 2 9 6 4 8 10 5 3 7 
20180605105 5 8 9 4 1 3 7 10 6 2 
20180605106 4 10 9 1 6 5 8 2 3 7 
20180605107 8 9 7 4 1 6 2 5 3 10 
20180605108 9 4 8 3 2 1 5 10 6 7 
20180605109 6 3 10 5 9 1 8 4 7 2 
20180605110 6 1 9 8 7 2 3 5 10 4 
20180605111 6 8 2 3 1 9 7 4 10 5 
20180605112 2 8 9 10 7 4 5 1 6 3 
20180605113 9 7 8 10 4 3 2 1 5 6 
20180605114 6 1 4 7 3 9 2 8 5 10 
20180605115 7 8 1 6 4 10 9 3 2 5 
20180605116 7 4 6 1 5 2 10 3 9 8 
20180605117 3 6 7 5 10 9 2 1 4 8 
20180605118 8 3 2 10 4 7 5 9 6 1 
20180605119 7 5 4 1 3 2 8 9 6 10 
20180605120 7 8 1 6 9 2 4 10 5 3 
20180605121 7 4 9 5 1 10 2 6 3 8 
20180605122 5 10 6 9 2 1 4 7 3 8 
20180605123 6 4 9 3 7 5 2 8 1 10 
20180605124 9 5 7 10 6 1 4 3 8 2 
20180605125 4 3 9 5 10 1 2 7 8 6 
20180605126 2 3 6 5 7 8 9 1 10 4 
20180605127 6 5 8 7 10 3 9 1 2 4 
20180605128 3 9 1 4 2 10 5 6 7 8 
20180605129 4 10 9 5 2 1 3 6 8 7 
20180605130 1 9 6 3 10 4 8 7 2 5 
20180605131 9 7 4 2 8 10 5 1 6 3 
20180605132 8 6 9 5 7 4 10 3 2 1 
20180605133 10 8 2 6 5 3 4 7 1 9 
20180605134 1 8 2 5 9 10 4 7 3 6 
20180605135 1 4 2 3 5 9 8 6 7 10 
20180605136 3 7 10 8 6 5 1 4 9 2 
20180605137 4 10 3 9 5 6 2 7 8 1 
20180605138 3 8 5 1 10 4 9 7 2 6 
20180605139 2 1 3 8 6 9 10 7 5 4 
20180605140 5 6 1 9 2 10 7 8 4 3 
20180605141 2 4 10 9 1 6 7 8 3 5 
20180605142 5 10 3 8 6 1 9 7 4 2 
20180605143 3 9 10 4 6 5 2 1 7 8 
20180605144 2 3 9 1 10 6 8 4 7 5 
20180605145 4 5 3 6 1 7 2 8 9 10 
20180605146 3 2 6 4 5 7 1 8 10 9 
20180605147 9 7 3 8 5 2 6 1 10 4 
20180605148 8 2 6 9 4 10 1 5 3 7 
20180605149 7 5 3 4 9 8 6 10 2 1 
20180605150 8 7 9 3 5 6 1 2 4 10 
20180605151 1 5 10 9 7 4 8 2 3 6 
20180605152 5 1 7 6 2 4 8 3 10 9 
20180605153 7 1 8 6 5 10 3 9 2 4 
20180605154 8 6 5 9 4 10 7 2 3 1 
20180605155 9 1 7 3 2 10 5 6 8 4 
20180605156 3 9 4 7 6 1 10 8 2 5 
20180605157 6 8 5 2 1 10 4 9 7 3 
20180605158 10 6 7 1 3 9 4 8 2 5 
20180605159 7 10 4 3 2 6 1 8 5 9 
20180605160 2 1 10 5 4 3 8 7 6 9 
20180605161 1 8 4 2 3 7 9 5 10 6 
20180605162 6 2 5 1 4 9 7 8 10 3 
20180605163 6 3 5 4 9 1 2 8 7 10 
20180605164 10 5 7 9 4 2 8 1 3 6 
20180605165 7 5 6 9 4 2 8 10 3 1 
20180605166 10 6 5 7 9 2 8 4 1 3 
20180605167 6 10 8 7 2 9 4 5 1 3 
20180605168 1 5 10 9 6 8 7 3 2 4 
20180605169 7 3 8 5 1 4 9 10 2 6 
20180605170 1 7 6 5 3 2 8 10 9 4 
20180605171 5 7 2 1 6 8 9 10 4 3 
20180605172 3 1 8 4 10 7 9 6 5 2 
20180605173 2 1 9 8 5 6 3 10 4 7 
20180605174 6 7 9 2 3 8 5 4 10 1 
20180605175 8 4 1 5 9 2 6 10 7 3 
20180605176 7 8 1 4 5 3 10 6 2 9 
20180605177 6 10 9 1 8 4 2 7 3 5 
20180605178 4 6 8 2 9 1 3 10 7 5 
20180605179 6 5 2 10 4 3 8 9 1 7 
20180605180 10 5 2 9 4 3 1 7 8 6 
20180605181 4 8 5 3 7 1 2 6 9 10 
20180605182 4 10 2 9 7 8 6 5 1 3 
20180605183 3 7 4 8 10 2 9 5 6 1 
20180605184 3 7 9 6 5 2 1 8 10 4 
20180605185 9 10 6 2 3 5 4 8 1 7 
20180605186 3 5 4 6 9 10 7 1 8 2 
20180605187 8 7 6 2 5 10 4 3 1 9 
20180605188 9 2 8 4 7 10 3 1 5 6 
20180605189 10 6 8 9 2 4 3 1 7 5 
20180605190 4 6 10 3 9 8 7 5 2 1 
20180605191 10 1 9 7 5 8 6 2 3 4 
20180605192 10 9 8 3 1 4 7 5 2 6 
20180605193 10 7 4 2 6 8 1 5 9 3 
20180605194 1 9 3 8 2 5 7 10 4 6 
20180605195 2 5 3 8 9 7 10 6 4 1 
20180605196 5 8 6 7 2 3 1 10 9 4 
20180605197 1 7 2 10 4 5 3 6 9 8 
20180605198 7 8 6 10 3 1 2 4 9 5 
20180605199 4 1 10 6 9 7 2 3 8 5 
20180605200 2 1 3 4 5 6 8 9 7 10 
20180605201 10 2 5 7 8 9 4 1 3 6 
20180605202 4 6 7 2 8 5 1 10 9 3 
20180605203 2 10 7 3 5 9 8 4 1 6 
20180605204 7 2 3 8 10 4 1 9 5 6 
20180605205 6 5 4 3 8 1 10 2 7 9 
20180605206 1 5 4 9 8 10 6 3 2 7 
20180605207 2 6 10 8 9 4 1 3 5 7 
20180605208 1 4 3 2 9 6 10 7 5 8 
20180605209 8 2 10 5 4 7 6 3 9 1 
20180605210 5 1 8 7 2 6 4 10 3 9 
20180605211 3 1 10 7 8 6 5 4 2 9 
20180605212 3 9 10 7 5 1 6 8 4 2 
20180605213 6 9 1 10 3 5 4 7 2 8 
20180605214 4 1 2 10 9 7 6 3 5 8 
20180605215 6 7 8 2 9 3 10 5 4 1 
20180605216 4 2 1 7 3 6 8 10 5 9 
20180605217 9 8 3 4 5 10 1 7 2 6 
20180605218 7 6 9 4 5 1 3 10 8 2 
20180605219 2 10 8 1 7 5 6 3 4 9 
20180605220 9 8 2 7 4 1 6 10 5 3 
20180605221 1 5 7 9 3 6 10 2 4 8 
20180605222 4 10 3 1 9 2 8 7 5 6 
20180605223 5 9 8 4 7 3 6 1 2 10 
20180605224 8 4 10 1 2 3 9 6 5 7 
20180605225 6 9 10 8 1 2 5 3 4 7 
20180605226 1 2 10 3 5 6 9 7 8 4 
20180605227 4 10 7 5 2 3 6 8 9 1 
20180605228 1 10 7 2 8 6 4 5 9 3 
20180605229 3 10 5 2 8 7 6 9 4 1 
20180605230 1 3 6 5 10 8 2 9 4 7 
20180605231 3 6 4 5 1 2 8 7 9 10 
20180605232 1 6 8 10 2 4 5 9 3 7 
20180605233 6 5 7 4 2 8 9 1 10 3 
20180605234 2 1 6 3 7 5 9 4 8 10 
20180605235 9 6 3 8 4 7 1 2 5 10 
20180605236 8 9 10 6 2 5 7 1 3 4 
20180605237 8 5 6 9 1 7 3 2 10 4 
20180605238 7 9 8 3 10 6 1 2 4 5 
20180605239 8 6 7 4 2 1 9 5 10 3 
20180605240 5 9 8 6 3 1 2 10 4 7 
20180605241 8 3 4 5 9 1 7 2 10 6 
20180605242 3 9 5 10 7 2 6 4 1 8 
20180605243 6 8 2 10 7 3 9 5 1 4 
20180605244 10 7 4 9 2 6 8 5 1 3 
20180605245 1 8 9 3 10 4 6 2 5 7 
20180605246 2 9 5 4 7 6 3 10 1 8 
20180605247 9 4 3 1 7 5 8 10 2 6 
20180605248 8 1 4 9 7 10 3 2 6 5 
20180605249 1 8 4 6 3 5 2 9 7 10 
20180605250 5 3 9 4 1 10 6 8 7 2 
20180605251 5 6 2 10 4 8 9 7 1 3 
20180605252 10 6 9 1 3 4 7 2 8 5 
20180605253 1 5 9 2 3 6 7 10 8 4 
20180605254 7 6 9 3 8 10 2 5 4 1 
20180605255 4 2 3 7 9 1 8 10 5 6 
20180605256 2 3 7 4 8 9 5 6 1 10 
20180605257 8 9 3 7 6 4 10 1 5 2 
20180605258 1 7 6 10 4 8 3 2 5 9 
20180605259 3 4 2 7 8 1 10 6 5 9 
20180605260 2 1 10 9 3 8 5 4 6 7 
20180605261 9 1 6 5 2 10 8 7 3 4 
20180605262 4 10 3 2 1 7 8 5 6 9 
20180605263 10 4 5 3 6 8 2 9 1 7 
20180605264 3 2 9 4 10 8 5 6 7 1 
20180605265 2 7 4 8 6 5 1 9 3 10 
20180605266 3 5 7 9 4 6 1 2 8 10 
20180605267 3 7 2 4 5 1 6 9 8 10 
20180605268 8 2 5 7 1 4 3 9 10 6 
20180605269 6 1 2 8 7 10 5 9 3 4 
20180605270 6 5 10 4 9 3 1 2 8 7 
20180605271 9 5 8 3 7 1 10 4 2 6 
20180605272 2 6 10 3 9 7 4 1 5 8 
20180605273 2 9 6 3 8 5 1 4 10 7 
20180605274 8 10 4 2 3 1 6 5 9 7 
20180605275 1 6 9 8 5 10 2 7 4 3 
20180605276 7 1 2 8 6 9 3 4 5 10 
20180605277 10 8 6 3 4 1 5 9 7 2 
20180605278 7 9 6 2 4 8 1 10 3 5 
20180605279 8 10 5 1 7 4 9 6 3 2 
20180605280 2 1 3 8 10 5 6 4 9 7 
20180605281 5 8 7 3 9 6 2 1 4 10 
20180605282 10 8 2 5 4 7 3 9 6 1 
20180605283 8 5 10 1 2 7 6 3 4 9 
20180605284 1 2 4 3 7 9 5 6 8 10 
20180605285 6 8 5 3 4 2 9 7 10 1 
20180605286 4 8 2 9 7 10 1 3 5 6 
20180605287 7 2 3 9 1 4 6 10 8 5 
20180605288 6 7 5 2 10 8 1 4 9 3 
20180605289 7 5 2 4 1 8 10 3 9 6 
20180605290 1 3 10 6 7 5 2 4 8 9 
20180605291 2 1 4 10 5 3 9 7 8 6 
20180605292 10 1 2 4 3 9 5 7 8 6 
20180605293 5 8 9 4 7 1 2 10 6 3 
20180605294 6 7 3 5 1 2 10 8 4 9 
20180605295 5 6 1 8 7 3 10 2 9 4 
20180605296 4 7 8 6 10 1 2 3 5 9 
20180605297 5 8 10 3 1 2 7 4 6 9 
20180605298 3 5 10 9 7 8 4 2 1 6 
20180605299 6 9 10 3 2 1 8 5 7 4 
20180605300 7 5 1 2 10 3 8 9 6 4 
20180605301 8 2 5 9 10 3 6 7 1 4 
20180605302 4 9 7 1 5 2 3 8 6 10 
20180605303 4 5 7 3 10 6 1 8 2 9 
20180605304 3 1 7 6 2 8 4 5 9 10 
20180605305 2 5 6 3 9 8 7 10 4 1 
20180605306 2 7 1 9 4 3 8 10 6 5 
20180605307 2 5 7 4 10 6 1 3 8 9 
20180605308 2 7 1 5 3 4 6 10 9 8 
20180605309 7 8 6 4 9 10 5 3 2 1 
20180605310 1 3 10 9 8 7 2 6 4 5 
20180605311 4 6 2 7 9 1 10 3 8 5 
20180605312 3 9 10 5 1 4 7 6 8 2 
20180605313 7 9 8 10 6 4 3 5 1 2 
20180605314 4 3 9 6 1 8 7 5 10 2 
20180605315 7 3 2 10 6 5 8 1 4 9 
20180605316 1 8 4 6 3 5 2 9 10 7 
20180605317 5 8 9 3 7 2 10 1 6 4 
20180605318 7 6 10 4 2 9 5 1 8 3 
20180605319 7 4 2 3 6 9 1 8 5 10 
20180605320 1 9 7 5 2 4 10 3 6 8 
20180605321 2 3 1 4 8 7 6 5 9 10 
20180605322 2 8 1 4 3 10 9 6 7 5 
20180605323 5 2 3 8 10 9 1 4 7 6 
20180605324 4 5 2 9 7 10 1 6 3 8 
20180605325 6 5 3 10 7 9 2 4 8 1 
20180605326 5 2 7 8 9 4 1 3 10 6 
20180605327 3 1 4 8 10 5 9 7 6 2 
20180605328 10 4 1 2 8 9 3 6 5 7 
20180605329 2 8 6 5 4 9 1 3 10 7 
20180605330 8 1 4 2 6 7 10 5 3 9 
20180605331 8 6 5 4 1 10 3 2 7 9 
20180605332 6 8 3 5 4 9 2 7 10 1 
20180605333 3 6 8 7 2 5 1 4 9 10 
20180605334 10 7 3 1 2 5 6 9 4 8 
20180605335 2 6 9 7 3 8 5 10 1 4 
20180605336 8 5 2 3 7 4 9 1 6 10 
20180605337 9 3 10 6 2 8 5 4 1 7 
20180605338 7 6 9 5 3 2 8 1 10 4 
20180605339 9 6 2 10 5 3 1 4 8 7 
20180605340 6 5 7 4 2 8 9 10 3 1 
20180605341 7 10 3 4 6 9 1 5 8 2 
20180605342 3 8 2 6 5 4 1 9 7 10 
20180605343 5 3 1 4 2 10 7 9 6 8 
20180605344 8 2 5 4 1 6 10 9 3 7 
20180605345 4 7 6 2 1 5 9 3 8 10 
20180605346 2 3 6 7 1 8 4 9 10 5 
20180605347 2 5 4 6 10 3 7 9 1 8 
20180605348 5 9 2 6 3 1 4 7 8 10 
20180605349 4 10 8 1 3 5 9 6 2 7 
20180605350 6 8 10 3 7 9 4 1 5 2 
20180605351 2 8 1 9 6 5 3 10 7 4 
20180605352 3 5 10 1 7 4 6 8 2 9 
20180605353 1 3 5 4 9 2 6 8 7 10 
20180605354 2 8 6 10 9 3 5 1 4 7 
20180605355 2 8 10 7 5 6 3 4 9 1 
20180605356 9 10 6 7 1 2 5 8 3 4 
20180605357 6 4 5 9 3 7 8 10 1 2 
20180605358 4 7 10 9 3 8 2 5 6 1 
20180605359 6 2 9 3 7 4 8 1 5 10 
20180605360 4 9 8 10 7 3 5 1 2 6 
20180605361 7 10 4 2 9 3 1 8 5 6 
20180605362 8 1 6 3 7 9 2 4 10 5 
20180605363 4 8 2 10 3 7 9 5 1 6 
20180605364 7 3 5 10 4 2 1 6 9 8 
20180605365 9 3 10 8 5 7 6 2 4 1 
20180605366 6 3 10 7 4 2 1 5 8 9 
20180605367 8 10 6 7 4 1 2 3 9 5 
20180605368 1 7 3 10 2 6 5 9 4 8 
20180605369 9 5 1 7 8 4 6 3 2 10 
20180605370 9 10 2 4 7 5 8 6 1 3 
20180605371 8 10 5 2 9 3 6 1 4 7 
20180605372 7 6 3 5 2 8 9 1 4 10 
20180605373 8 4 7 6 5 1 2 3 9 10 
20180605374 2 4 7 10 1 3 8 6 9 5 
20180605375 1 9 3 7 8 2 5 6 10 4 
20180605376 2 7 3 4 1 5 10 8 9 6 
20180605377 1 10 2 4 6 5 9 7 8 3 
20180605378 9 10 5 4 3 6 7 1 8 2 
20180605379 8 4 9 6 1 2 5 3 7 10 
20180605380 1 7 4 3 6 10 9 8 5 2 
20180605381 1 8 3 9 5 7 2 10 4 6 
20180605382 10 7 8 9 1 4 5 6 3 2 
20180605383 7 8 1 3 6 4 2 5 9 10 
20180605384 4 7 1 2 10 8 9 3 6 5 
20180605385 9 6 2 3 7 4 8 10 1 5 
20180605386 2 6 3 9 10 7 1 8 4 5 
20180605387 8 2 4 1 9 10 3 7 6 5 
20180605388 3 5 7 9 6 10 2 4 8 1 
20180605389 9 4 3 8 5 6 1 7 2 10 
20180605390 7 1 4 9 2 3 6 5 10 8 
20180605391 4 5 10 9 7 2 1 8 6 3 
20180605392 1 2 7 8 9 6 10 3 5 4 
20180605393 1 10 9 2 8 4 3 6 7 5 
20180605394 10 8 6 5 7 1 4 2 3 9 
20180605395 9 7 8 2 10 3 5 1 4 6 
20180605396 1 2 7 6 4 8 9 10 3 5 
20180605397 1 6 2 4 7 3 8 5 9 10 
20180605398 7 2 10 9 6 1 3 5 4 8 
20180605399 5 9 3 8 4 6 2 1 10 7 
20180605400 3 8 2 4 1 10 5 9 7 6 
20180605401 9 4 6 2 8 10 7 1 5 3 
20180605402 8 4 10 1 7 6 2 5 9 3 
20180605403 6 2 10 9 8 5 1 3 4 7 
20180605404 1 3 8 7 2 4 10 5 9 6 
20180605405 10 5 6 3 7 9 2 4 1 8 
20180605406 9 4 5 6 1 3 2 8 7 10 
20180605407 2 3 6 8 10 9 4 1 5 7 
20180605408 9 1 7 3 2 4 10 6 5 8 
20180605409 10 5 3 2 1 8 4 7 9 6 
20180605410 7 4 3 2 10 8 5 9 1 6 
20180605411 6 1 9 5 7 2 3 8 4 10 
20180605412 10 1 7 8 3 9 6 2 4 5 
20180605413 4 8 7 6 3 2 5 1 10 9 
20180605414 9 8 6 1 4 10 3 5 2 7 
20180605415 6 2 7 9 4 5 8 1 3 10 
20180605416 4 10 3 6 7 1 5 9 2 8 
20180605417 7 9 2 6 10 1 5 8 3 4 
20180605418 3 9 1 4 6 8 10 5 2 7 
20180605419 10 3 6 5 1 4 2 7 8 9 
20180605420 2 9 8 10 1 4 5 3 7 6 
20180605421 10 6 4 7 3 1 2 9 5 8 
20180605422 1 10 6 9 4 7 8 2 5 3 
20180605423 1 10 5 2 9 3 7 6 8 4 
20180605424 10 4 3 5 2 7 8 9 6 1 
20180605425 3 7 8 1 10 4 9 2 5 6 
20180605426 6 8 4 3 2 7 1 9 10 5 
20180605427 5 1 6 4 2 3 10 7 9 8 
20180605428 3 8 1 7 4 6 2 9 10 5 
20180605429 2 4 1 5 8 3 9 10 6 7 
20180605430 1 9 4 7 8 3 5 10 2 6 
20180605431 3 7 1 2 6 10 5 8 9 4 
20180605432 6 2 3 1 5 7 9 4 10 8 
20180605433 2 4 3 1 10 6 5 9 8 7 
20180605434 9 1 3 2 8 7 5 4 10 6 
20180605435 7 9 4 5 2 10 1 6 8 3 
20180605436 1 10 4 6 9 3 8 2 5 7 
20180605437 7 10 2 3 6 1 4 5 8 9 
20180605438 5 9 4 3 7 6 10 8 1 2 
20180605439 6 3 8 7 2 4 5 9 1 10 
20180605440 8 4 6 9 1 3 7 2 10 5 
20180605441 4 3 5 9 6 7 8 1 2 10 
20180605442 10 6 5 4 2 1 7 8 9 3 
20180605443 6 1 9 10 4 5 8 7 3 2 
20180605444 2 6 9 10 7 5 8 1 3 4 
20180605445 7 8 9 6 2 4 10 3 5 1 
20180605446 9 5 2 6 4 10 8 7 1 3 
20180605447 10 3 1 6 5 2 8 9 4 7 
20180605448 1 3 2 6 10 4 7 8 5 9 
20180605449 1 8 4 7 5 2 9 3 6 10 
20180605450 2 7 10 1 6 3 9 5 8 4 
20180605451 3 5 4 8 2 10 6 7 9 1 
20180605452 2 9 1 10 8 5 7 4 3 6 
20180605453 4 7 10 1 3 8 2 9 5 6 
20180605454 4 6 9 3 1 8 2 7 5 10 
20180605455 8 1 7 2 10 3 6 4 5 9 
20180605456 4 1 8 2 6 5 3 7 9 10 
20180605457 9 6 3 8 5 1 4 2 10 7 
20180605458 6 4 8 1 10 3 2 9 5 7 
20180605459 8 3 6 1 9 5 7 2 10 4 
20180605460 5 7 6 3 4 9 2 10 1 8 
20180605461 5 7 3 6 10 1 8 4 9 2 
20180605462 3 7 1 8 10 5 9 2 4 6 
20180605463 7 10 3 9 5 8 1 4 2 6 
20180605464 1 7 4 5 2 3 6 10 8 9 
20180605465 7 3 2 5 9 4 10 8 6 1 
20180605466 3 10 8 7 5 6 2 1 4 9 
20180605467 1 4 8 6 5 9 10 2 3 7 
20180605468 8 4 7 10 2 3 5 9 6 1 
20180605469 3 4 2 1 10 8 6 9 5 7 
20180605470 3 5 1 2 4 6 9 7 10 8 
20180605471 4 1 3 7 5 10 9 2 6 8 
20180605472 5 1 8 3 2 10 4 7 9 6 
20180605473 6 7 5 1 10 2 8 4 3 9 
20180605474 9 10 5 1 3 2 4 6 7 8 
20180605475 10 2 4 6 3 8 1 5 9 7 
20180605476 7 9 2 3 5 6 4 10 1 8 
20180605477 9 5 2 7 6 4 8 10 3 1 
20180605478 8 6 9 3 10 1 4 5 2 7 
20180605479 7 6 9 5 3 1 4 2 10 8 
20180605480 7 3 4 10 8 9 5 2 1 6 
20180605481 6 10 2 8 3 4 1 7 5 9 
20180605482 1 10 9 8 2 5 3 4 7 6 
20180605483 1 8 2 4 5 6 7 9 10 3 
20180605484 9 7 3 4 5 8 6 2 10 1 
20180605485 1 8 9 3 2 6 5 10 7 4 
20180605486 1 8 7 2 3 10 9 6 5 4 
20180605487 1 5 7 2 6 4 8 3 10 9 
20180605488 9 2 10 8 4 3 7 5 1 6 
20180605489 5 8 9 10 3 4 1 2 6 7 
20180605490 1 10 3 9 2 5 8 6 4 7 
20180605491 10 5 8 2 4 3 9 7 6 1 
20180605492 2 7 5 3 9 4 1 6 8 10 
20180605493 2 8 6 4 1 9 5 10 3 7 
20180605494 2 6 10 5 1 4 7 3 8 9 
20180605495 3 8 2 1 5 10 9 7 6 4 
20180605496 5 4 1 7 10 8 3 2 6 9 
20180605497 3 8 6 4 5 7 2 9 10 1 
20180605498 3 5 6 9 2 7 1 8 10 4 
20180605499 5 6 4 8 3 2 9 10 7 1 
20180605500 4 7 10 3 1 2 8 6 9 5 
20180605501 1 2 4 8 10 6 5 7 3 9 
20180605502 5 7 2 10 1 4 6 8 3 9 
20180605503 1 5 10 3 7 6 4 2 8 9 
20180605504 4 2 8 7 6 1 10 5 9 3 
20180605505 5 10 9 8 6 2 4 1 7 3 
20180605506 1 3 8 2 6 5 10 9 4 7 
20180605507 3 7 9 10 1 5 2 4 8 6 
20180605508 7 3 2 1 10 4 5 9 8 6 
20180605509 10 2 4 9 1 5 3 7 6 8 
20180605510 8 4 9 1 7 5 2 6 10 3 
20180605511 3 9 2 4 6 5 1 8 10 7 
20180605512 8 2 4 7 9 3 1 5 6 10 
20180605513 6 1 10 2 7 9 5 8 4 3 
20180605514 8 10 3 9 4 5 2 7 1 6 
20180605515 7 6 4 5 10 9 2 8 3 1 
20180605516 4 5 10 2 9 8 3 1 7 6 
20180605517 2 6 8 3 10 7 1 9 5 4 
20180605518 3 7 6 4 9 8 2 1 10 5 
20180605519 6 10 7 2 1 3 9 8 5 4 
20180605520 3 10 8 9 1 5 4 7 6 2 
20180605521 4 1 8 6 9 7 10 3 5 2 
20180605522 7 8 6 9 3 10 4 1 5 2 
20180605523 9 6 10 2 4 3 7 5 1 8 
20180605524 10 4 3 7 1 5 2 6 8 9 
20180605525 6 7 10 1 5 9 3 2 4 8 
20180605526 6 3 1 7 10 5 4 8 2 9 
20180605527 5 4 9 2 10 3 1 7 8 6 
20180605528 4 1 9 3 2 7 5 10 8 6 
20180605529 6 8 4 2 10 7 1 9 3 5 
20180605530 6 2 3 1 7 9 8 5 10 4 
20180605531 5 7 4 8 9 3 6 2 10 1 
20180605532 8 9 4 10 3 6 1 7 2 5 
20180605533 1 8 5 6 10 9 7 2 3 4 
20180605534 1 8 5 2 6 10 7 9 4 3 
20180605535 5 10 8 4 2 3 7 9 6 1 
20180605536 8 9 5 1 7 6 10 2 3 4 
20180605537 9 3 1 10 5 6 7 2 4 8 
20180605538 10 7 2 3 6 9 8 5 1 4 
20180605539 6 5 1 2 7 10 8 3 4 9 
20180605540 4 7 1 6 10 5 2 9 3 8 
20180605541 5 3 8 6 1 2 7 10 4 9 
20180605542 3 10 2 6 4 8 9 1 5 7 
20180605543 5 8 1 6 2 10 4 3 7 9 
20180605544 5 3 10 7 2 9 4 6 1 8 
20180605545 7 10 5 1 3 8 6 2 9 4 
20180605546 1 2 7 6 4 5 9 10 3 8 
20180605547 4 2 1 8 6 10 3 9 5 7 
20180605548 6 7 8 3 5 2 10 9 4 1 
20180605549 5 8 9 10 6 1 2 3 7 4 
20180605550 3 10 1 2 6 7 9 5 4 8 
20180605551 6 9 3 7 1 4 8 10 5 2 
20180605552 7 5 8 3 9 4 2 1 10 6 
20180605553 9 1 6 5 8 7 10 4 3 2 
20180605554 3 1 7 4 6 9 10 2 8 5 
20180605555 4 8 6 1 5 9 2 3 10 7 
20180605556 8 9 2 3 5 4 7 1 6 10 
20180605557 10 6 3 7 8 5 9 2 4 1 
20180605558 8 10 6 9 4 5 3 2 7 1 
20180605559 5 6 2 1 7 4 9 10 8 3 
20180605560 6 9 8 10 2 7 5 1 3 4 
20180605561 9 3 2 6 5 10 4 1 7 8 
20180605562 3 9 6 8 4 5 7 1 2 10 
20180605563 5 10 3 2 1 7 6 9 4 8 
20180605564 4 1 7 2 9 6 10 3 8 5 
20180605565 8 6 5 1 4 9 2 10 3 7 
20180605566 7 3 4 9 8 2 1 5 6 10 
20180605567 2 8 4 6 3 7 1 5 10 9 
20180605568 2 4 6 7 9 8 10 3 5 1 
20180605569 2 1 9 5 8 7 3 4 10 6 
20180605570 4 6 9 8 3 2 7 5 10 1 
20180605571 9 8 2 1 4 10 6 7 5 3 
20180605572 9 6 8 4 1 2 10 7 3 5 
20180605573 3 1 2 7 5 9 6 4 8 10 
20180605574 3 7 2 8 10 5 1 6 4 9 
20180605575 2 7 10 9 5 8 4 6 1 3 
20180605576 10 2 3 9 4 1 7 5 6 8 
20180605577 4 3 8 2 6 7 5 9 10 1 
20180605578 7 6 3 9 2 8 10 4 1 5 
20180605579 1 7 3 8 5 10 4 6 2 9 
20180605580 6 2 1 5 10 8 7 4 3 9 
20180605581 4 8 3 9 1 7 2 6 5 10 
20180605582 7 2 3 6 9 4 10 8 1 5 
20180605583 5 7 3 1 4 2 9 8 10 6 
20180605584 4 6 9 2 7 5 8 3 1 10 
20180605585 8 7 6 5 1 4 3 2 9 10 
20180605586 10 5 2 9 8 7 3 6 1 4 
20180605587 3 6 9 8 1 4 5 7 2 10 
20180605588 7 6 10 3 5 1 2 9 8 4 
20180605589 8 3 1 7 10 4 9 6 2 5 
20180605590 9 3 10 2 6 4 5 8 7 1 
20180605591 10 6 9 3 7 1 5 8 2 4 
20180605592 6 8 5 2 3 10 4 7 1 9 
20180605593 6 10 4 9 7 2 3 8 1 5 
20180605594 6 2 1 10 4 7 9 5 3 8 
20180605595 6 9 10 7 2 4 5 1 8 3 
20180605596 6 1 9 10 4 7 2 5 8 3 
20180605597 6 9 1 3 2 5 7 8 10 4 
20180605598 7 8 9 1 2 4 3 6 5 10 
20180605599 9 4 8 2 10 7 5 6 3 1 
20180605600 7 2 3 10 1 9 8 4 6 5 
20180605601 2 5 6 9 10 4 3 8 1 7 
20180605602 3 2 5 8 10 1 7 9 6 4 
20180605603 9 4 1 3 7 5 6 2 8 10 
20180605604 6 4 10 5 8 1 3 2 7 9 
20180605605 1 10 4 6 5 7 9 2 8 3 
20180605606 7 9 5 6 3 1 10 2 4 8 
20180605607 9 2 4 3 7 6 10 5 8 1 
20180605608 1 8 4 10 9 3 7 2 6 5 
20180605609 7 10 4 6 5 3 2 8 9 1 
20180605610 3 4 8 2 10 1 5 6 7 9 
20180605611 10 6 2 4 1 5 9 8 3 7 
20180605612 8 9 5 6 2 7 1 4 10 3 
20180605613 5 10 1 3 4 2 7 6 9 8 
20180605614 8 6 2 9 1 4 7 5 3 10 
20180605615 10 8 4 3 5 7 9 1 6 2 
20180605616 6 10 9 2 3 7 5 4 1 8 
20180605617 5 6 3 7 4 8 1 9 2 10 
20180605618 2 4 1 8 7 6 3 9 10 5 
20180605619 7 4 1 2 9 10 8 5 6 3 
20180605620 3 9 1 7 5 4 6 10 8 2 
20180605621 6 3 8 7 2 10 9 1 5 4 
20180605622 7 3 6 5 4 2 8 10 1 9 
20180605623 9 10 8 2 4 6 3 7 1 5 
20180605624 10 5 1 6 3 4 9 7 2 8 
20180605625 1 4 8 10 2 7 9 5 6 3 
20180605626 9 10 3 6 8 2 4 1 7 5 
20180605627 7 3 1 2 5 9 8 10 4 6 
20180605628 10 8 4 3 2 7 1 9 5 6 
20180605629 9 6 10 3 1 8 5 2 4 7 
20180605630 4 9 5 6 7 10 2 1 8 3 
20180605631 9 6 10 7 8 3 5 1 2 4 
20180605632 7 1 8 5 9 6 2 4 10 3 
20180605633 2 10 8 6 9 1 4 3 7 5 
20180605634 9 2 10 4 6 7 8 1 5 3 
20180605635 6 7 8 10 2 4 9 3 5 1 
20180605636 8 9 7 3 6 1 2 5 4 10 
20180605637 5 4 10 3 8 2 6 9 7 1 
20180605638 4 2 7 6 3 9 8 5 10 1 
20180605639 10 7 8 9 1 4 5 6 2 3 
20180605640 2 5 8 10 3 7 1 9 4 6 
20180605641 2 4 10 9 6 5 3 1 8 7 
20180605642 8 9 10 5 1 4 6 2 7 3 
20180605643 2 4 6 9 8 10 5 1 3 7 
20180605644 2 8 5 7 1 4 9 6 3 10 
20180605645 6 10 9 7 5 1 2 8 3 4 
20180605646 8 5 4 9 1 10 7 3 2 6 
20180605647 7 8 1 9 6 10 5 3 4 2 
20180605648 9 2 1 6 5 7 3 10 4 8 
20180605649 8 1 3 2 7 5 6 9 10 4 
20180605650 5 4 2 10 6 3 9 7 8 1 
20180605651 4 8 3 10 2 7 6 9 1 5 
20180605652 1 7 5 4 3 8 2 6 9 10 
20180605653 1 2 4 9 7 10 6 5 8 3 
20180605654 9 3 2 7 5 1 6 10 8 4 
20180605655 10 6 7 2 8 4 5 3 1 9 
20180605656 1 8 7 4 10 9 3 5 6 2 
20180605657 2 5 9 1 6 4 8 3 10 7 
20180605658 8 4 1 6 5 3 2 10 9 7 
20180605659 7 10 1 4 9 6 8 5 2 3 
20180605660 5 6 3 10 2 4 9 7 1 8 
20180605661 8 4 9 5 1 3 2 7 10 6 
20180605662 2 1 4 8 9 5 7 10 3 6 
20180605663 8 9 2 7 5 1 10 6 4 3 
20180605664 5 4 6 3 2 8 9 10 1 7 
20180605665 9 8 5 4 7 3 1 10 6 2 
20180605666 5 9 1 4 6 3 8 2 7 10 
20180605667 6 8 2 7 4 10 5 3 9 1 
20180605668 3 5 10 4 8 2 9 1 7 6 
20180605669 4 9 1 3 8 6 7 5 10 2 
20180605670 4 10 2 9 3 7 6 8 1 5 
20180605671 4 3 6 8 9 2 5 7 10 1 
20180605672 1 5 10 6 8 2 4 7 3 9 
20180605673 9 5 1 4 2 6 10 3 8 7 
20180605674 8 1 9 4 7 6 5 2 3 10 
20180605675 5 10 7 3 1 8 2 6 4 9 
20180605676 7 5 1 9 6 10 2 4 3 8 
20180605677 5 8 3 4 9 10 7 6 1 2 
20180605678 1 4 3 9 2 5 6 7 10 8 
20180605679 9 3 6 1 2 4 7 8 10 5 
20180605680 10 4 2 8 6 1 9 5 3 7 
20180605681 7 5 6 2 10 9 8 1 3 4 
20180605682 3 8 10 9 5 6 4 1 2 7 
20180605683 2 3 8 7 10 5 1 9 4 6 
20180605684 9 3 5 10 7 8 4 1 6 2 
20180605685 8 2 5 7 6 4 1 9 10 3 
20180605686 6 2 10 4 3 5 1 7 9 8 
20180605687 8 4 6 5 7 10 9 1 3 2 
20180605688 6 10 1 3 8 7 2 4 5 9 
20180605689 3 1 7 9 4 2 5 10 6 8 
20180605690 7 1 5 4 9 2 3 6 10 8 
20180605691 2 1 10 8 9 7 4 3 5 6 
20180605692 1 5 6 9 2 7 4 10 8 3 
20180605693 10 3 4 1 5 7 6 2 8 9 
20180605694 3 2 7 8 9 4 10 6 5 1 
20180605695 5 9 8 1 6 3 2 4 7 10 
20180605696 5 1 8 10 7 6 2 3 4 9 
20180605697 9 2 7 5 1 6 4 8 3 10 
20180605698 5 6 7 4 1 9 8 3 10 2 
20180605699 6 10 4 2 5 7 3 9 8 1 
20180605700 1 8 10 7 9 5 6 3 4 2 
20180605701 1 3 8 9 5 10 2 7 4 6 
20180605702 10 7 2 8 6 5 9 4 3 1 
20180605703 9 6 10 2 7 4 3 1 5 8 
20180605704 9 5 2 1 8 3 10 6 4 7 
20180605705 9 3 10 8 4 1 5 6 2 7 
20180605706 6 9 1 8 5 7 4 3 2 10 
20180605707 8 10 2 6 4 9 1 3 5 7 
20180605708 2 10 4 5 3 9 6 8 1 7 
20180605709 5 3 1 4 6 7 8 10 9 2 
20180605710 3 7 4 9 2 8 6 5 1 10 
20180605711 7 5 6 8 10 9 3 4 2 1 
20180605712 10 7 9 4 6 2 1 3 5 8 
20180605713 6 1 4 5 10 9 8 3 2 7 
20180605714 4 8 10 3 7 2 5 1 6 9 
20180605715 3 8 7 4 2 6 1 9 10 5 
20180605716 2 4 3 6 8 10 1 5 7 9 
20180605717 8 2 9 3 1 6 4 5 7 10 
20180605718 5 9 4 3 6 2 8 10 7 1 
20180605719 10 3 9 4 7 8 5 6 2 1 
20180605720 1 8 9 6 10 5 2 7 4 3 
20180605721 7 5 10 4 1 8 9 2 3 6 
20180605722 2 6 3 4 7 9 8 10 1 5 
20180605723 8 7 6 9 4 2 5 3 1 10 
20180605724 10 2 4 6 1 9 7 3 8 5 
20180605725 10 1 7 2 5 8 6 3 9 4 
20180605726 9 6 8 10 2 1 4 3 5 7 
20180605727 2 3 5 6 4 8 9 7 1 10 
20180605728 8 5 4 6 3 1 2 10 9 7 
20180605729 3 4 1 10 8 2 6 9 5 7 
20180605730 5 4 2 8 9 6 10 1 7 3 
20180605731 6 8 3 7 1 5 2 10 9 4 
20180605732 8 6 9 2 5 4 7 1 3 10 
20180605733 10 2 1 3 8 7 6 4 9 5 
20180605734 7 4 10 1 3 8 2 5 6 9 
20180605735 8 6 5 7 9 1 4 10 2 3 
20180605736 7 6 1 3 10 9 5 4 2 8 
20180605737 6 1 7 5 8 9 3 2 4 10 
20180605738 6 9 3 2 5 7 10 4 8 1 
20180605739 2 6 9 10 4 7 1 5 3 8 
20180605740 2 7 8 3 5 9 6 10 1 4 
20180605741 1 6 10 7 4 2 5 8 3 9 
20180605742 8 6 9 1 3 5 2 10 7 4 
20180605743 7 1 5 6 10 3 9 2 8 4 
20180605744 8 9 4 6 10 1 2 3 5 7 
20180605745 5 3 2 1 10 6 8 9 7 4 
20180605746 7 2 8 3 9 5 4 10 6 1 
20180605747 4 3 8 1 6 7 9 2 5 10 
20180605748 5 3 8 6 1 2 4 7 9 10 
20180605749 9 10 8 6 7 3 2 1 4 5 
20180605750 10 1 7 3 2 9 4 5 6 8 
20180605751 7 3 10 9 6 4 5 1 8 2 
20180605752 3 1 4 10 7 8 5 9 2 6 
20180605753 8 6 10 5 9 7 3 4 2 1 
20180605754 10 9 8 3 4 5 1 7 2 6 
20180605755 10 4 9 2 7 5 6 1 8 3 
20180605756 7 1 6 8 4 2 3 5 9 10 
20180605757 9 10 1 7 2 4 5 3 8 6 
20180605758 1 5 10 9 7 8 6 3 4 2 
20180605759 3 1 10 8 7 6 2 9 5 4 
20180605760 10 3 9 4 8 1 6 2 7 5 
20180605761 8 4 10 3 7 6 5 1 2 9 
20180605762 1 10 8 9 4 6 7 3 5 2 
20180605763 5 6 4 3 8 9 2 1 10 7 
20180605764 6 3 10 7 9 1 4 8 5 2 
20180605765 9 10 5 2 1 3 6 8 4 7 
20180605766 3 10 9 4 1 6 2 5 8 7 
20180605767 6 8 3 1 2 5 9 10 4 7 
20180605768 6 7 5 3 8 1 4 9 2 10 
20180605769 2 5 10 1 3 7 4 6 8 9 
20180605770 7 4 6 1 8 3 5 2 9 10 
20180605771 6 2 9 1 3 7 8 4 10 5 
20180605772 3 4 8 1 10 6 2 9 7 5 
20180605773 10 5 2 1 3 6 8 7 9 4 
20180605774 4 7 1 2 6 8 9 10 5 3 
20180605775 10 2 3 8 7 1 5 4 9 6 
20180605776 4 6 2 9 3 5 1 8 10 7 
20180605777 6 7 9 10 2 5 1 8 4 3 
20180605778 2 6 3 1 5 4 7 9 10 8 
20180605779 2 4 7 9 6 8 5 10 3 1 
20180605780 6 9 8 2 10 7 5 4 3 1 
20180605781 3 8 1 6 10 5 7 4 2 9 
20180605782 7 9 3 5 4 1 2 8 10 6 
20180605783 7 10 2 6 3 4 9 8 1 5 
20180605784 4 6 7 2 9 10 5 1 8 3 
20180605785 6 8 9 10 4 1 7 3 5 2 
20180605786 9 8 5 10 6 4 1 7 2 3 
20180605787 3 9 7 6 4 8 5 2 10 1 
20180605788 5 3 4 1 6 10 9 2 8 7 
20180605789 8 10 7 1 2 5 9 4 6 3 
20180605790 8 4 3 6 2 1 9 5 7 10 
20180605791 9 5 7 8 4 1 6 2 10 3 
20180605792 8 2 7 9 3 4 6 5 10 1 
20180605793 3 8 5 7 10 9 1 6 4 2 
20180605794 8 3 1 6 2 10 5 7 4 9 
20180605795 3 8 1 2 5 7 4 9 6 10 
20180605796 9 2 5 10 7 4 8 3 1 6 
20180605797 6 10 4 5 3 2 9 1 8 7 
20180605798 10 3 7 5 9 6 8 2 4 1 
20180605799 1 4 6 9 5 7 3 2 8 10 
20180605800 5 10 1 7 8 6 2 9 4 3 
20180605801 3 1 6 7 4 9 8 10 5 2 
20180605802 4 6 2 7 5 10 9 8 1 3 
20180605803 3 6 1 4 2 7 9 5 10 8 
20180605804 9 1 3 6 10 4 2 7 5 8 
20180605805 6 7 9 4 3 10 2 5 1 8 
20180605806 3 6 10 2 8 4 9 5 7 1 
20180605807 4 7 6 1 3 2 9 8 5 10 
20180605808 9 10 8 3 5 4 6 1 2 7 
20180605809 10 4 3 2 5 7 1 6 8 9 
20180605810 10 2 7 6 4 5 9 1 3 8 
20180605811 3 9 5 10 8 2 7 4 1 6 
20180605812 7 3 9 10 6 4 8 1 2 5 
20180605813 9 10 6 5 1 8 7 4 3 2 
20180605814 4 5 1 3 7 9 6 10 2 8 
20180605815 7 5 9 8 4 6 3 10 2 1 
20180605816 9 3 2 4 10 7 6 8 1 5 
20180605817 7 2 3 1 8 9 6 4 10 5 
20180605818 2 1 3 8 6 9 7 4 10 5 
20180605819 9 4 7 3 5 6 2 8 1 10 
20180605820 5 8 1 6 10 9 3 2 4 7 
20180605821 10 6 3 8 5 2 4 7 9 1 
20180605822 3 2 4 10 1 5 8 7 6 9 
20180605823 2 8 9 5 1 6 4 3 10 7 
20180605824 10 8 6 4 1 9 5 3 7 2 
20180605825 3 9 7 5 2 4 1 6 10 8 
20180605826 6 10 4 7 9 3 5 8 1 2 
20180605827 8 10 6 9 4 2 3 1 7 5 
20180605828 6 5 1 8 10 2 3 7 9 4 
20180605829 3 2 4 6 8 5 7 10 1 9 
20180605830 5 9 4 1 7 8 10 6 2 3 
20180605831 1 6 8 2 9 7 3 4 10 5 
20180605832 7 10 9 6 8 5 4 1 3 2 
20180605833 5 10 6 2 3 4 7 8 9 1 
20180605834 3 1 7 4 6 10 8 2 5 9 
20180605835 7 10 3 5 6 9 4 8 2 1 
20180605836 2 3 7 5 4 9 6 8 1 10 
20180605837 4 7 2 10 9 8 3 6 5 1 
20180605838 1 2 3 5 10 7 9 8 4 6 
20180605839 4 7 2 5 6 10 9 8 3 1 
20180605840 2 8 4 1 5 3 7 9 10 6 
20180605841 7 4 9 2 5 3 8 1 6 10 
20180605842 2 5 9 7 1 4 8 10 6 3 
20180605843 1 6 9 4 5 7 8 10 2 3 
20180605844 10 8 9 3 1 4 2 7 6 5 
20180605845 4 9 1 8 7 6 2 3 10 5 
20180605846 3 9 10 7 8 2 5 1 6 4 
20180605847 2 9 3 1 4 5 6 7 8 10 
20180605848 4 10 7 8 3 5 2 1 9 6 
20180605849 3 9 1 6 2 8 5 4 10 7 
20180605850 3 1 5 4 8 10 2 9 6 7 
20180605851 10 8 5 7 9 2 6 1 3 4 
20180605852 5 8 10 3 7 2 4 9 6 1 
20180605853 4 3 9 5 7 10 8 6 2 1 
20180605854 3 4 8 6 10 5 9 2 7 1 
20180605855 1 2 4 7 3 8 9 6 10 5 
20180605856 7 8 6 9 2 10 4 3 5 1 
20180605857 6 3 9 4 5 1 10 8 7 2 
20180605858 3 6 2 8 7 9 10 4 1 5 
20180605859 5 2 4 10 1 8 7 3 9 6 
20180605860 5 10 7 6 1 3 4 8 9 2 
20180605861 9 1 10 5 2 3 8 7 6 4 
20180605862 8 5 4 1 9 10 7 6 2 3 
20180605863 5 8 3 4 1 7 2 10 9 6 
20180605864 5 7 6 2 1 10 9 4 3 8 
20180605865 1 2 8 6 5 10 7 9 3 4 
20180605866 1 4 10 2 8 6 7 5 3 9 
20180605867 8 2 4 9 7 5 3 1 6 10 
20180605868 4 3 9 10 7 1 8 6 2 5 
20180605869 1 5 10 3 9 8 7 6 2 4 
20180605870 5 3 10 2 9 1 7 6 8 4 
20180605871 6 1 7 4 10 3 2 8 9 5 
20180605872 10 1 2 3 6 5 7 4 8 9 
20180605873 3 8 9 1 6 10 7 2 5 4 
20180605874 2 5 10 3 6 4 8 1 7 9 
20180605875 6 4 1 10 5 7 2 9 3 8 
20180605876 4 8 1 9 2 3 6 10 5 7 
20180605877 1 5 8 7 6 2 3 10 4 9 
20180605878 10 9 6 7 3 1 2 8 5 4 
20180605879 7 6 5 4 3 9 8 2 1 10 
20180605880 5 8 2 6 4 7 9 1 3 10 
20180605881 6 8 7 9 4 1 5 3 2 10 
20180605882 3 10 2 8 9 6 5 4 1 7 
20180605883 5 10 9 7 8 3 4 2 1 6 
20180605884 2 1 8 6 3 4 5 9 7 10 
20180605885 8 7 6 1 9 3 5 10 4 2 
20180605886 9 6 10 7 8 3 1 2 4 5 
20180605887 2 3 9 4 5 1 6 8 10 7 
20180605888 10 4 2 5 9 1 6 7 8 3 
20180605889 3 2 10 4 7 9 8 6 1 5 
20180605890 5 6 4 3 7 2 8 10 1 9 
20180605891 1 2 6 8 7 3 4 10 5 9 
20180605892 5 6 1 4 8 9 10 3 7 2 
20180605893 10 1 2 7 4 9 8 5 6 3 
20180605894 5 7 6 9 2 1 10 4 3 8 
20180605895 5 7 1 8 9 10 2 4 6 3 
20180605896 7 8 5 3 1 2 9 6 4 10 
20180605897 9 5 1 2 4 10 3 6 7 8 
20180605898 2 1 4 10 8 9 7 5 3 6 
20180605899 3 9 10 4 6 5 8 2 7 1 
20180605900 10 8 7 9 5 1 4 6 3 2 
20180605901 4 5 7 10 2 9 6 8 3 1 
20180605902 8 2 9 3 7 4 10 1 6 5 
20180605903 5 3 8 4 1 7 10 9 6 2 
20180605904 8 10 3 4 9 5 7 2 6 1 
20180605905 9 4 1 10 3 2 5 8 7 6 
20180605906 6 9 10 8 1 3 5 2 7 4 
20180605907 4 6 7 10 5 8 9 1 3 2 
20180605908 3 4 6 9 8 5 10 1 7 2 
20180605909 3 7 8 5 2 6 9 4 1 10 
20180605910 9 2 5 7 1 8 4 3 6 10 
20180605911 6 5 8 3 4 9 2 1 7 10 
20180605912 1 10 6 4 7 8 3 2 9 5 
20180605913 8 6 1 4 9 7 10 5 3 2 
20180605914 2 3 6 4 1 8 10 5 9 7 
20180605915 6 10 2 1 3 9 8 7 5 4 
20180605916 2 4 10 3 5 9 6 7 8 1 
20180605917 9 1 7 2 6 3 4 5 8 10 
20180605918 10 7 9 4 8 1 6 2 3 5 
20180605919 2 4 9 10 1 5 3 7 8 6 
20180605920 7 3 9 1 2 8 6 4 10 5 
20180605921 6 1 9 8 3 5 7 10 2 4 
20180605922 7 8 4 2 10 5 1 6 9 3 
20180605923 7 2 6 3 5 9 8 10 1 4 
20180605924 1 5 10 8 3 6 9 2 4 7 
20180605925 6 7 9 5 2 3 4 1 10 8 
20180605926 7 1 10 5 8 2 9 6 3 4 
20180605927 5 7 8 6 9 1 10 4 2 3 
20180605928 1 3 7 9 4 6 10 2 8 5 
20180605929 9 10 7 2 6 3 1 5 4 8 
20180605930 8 10 6 2 3 9 4 5 7 1 
20180605931 2 6 7 4 10 9 8 5 1 3 
20180605932 10 9 6 1 3 8 4 2 7 5 
20180605933 8 7 2 3 4 10 6 5 9 1 
20180605934 2 6 9 8 1 7 5 3 10 4 
20180605935 10 7 4 1 5 2 8 6 3 9 
20180605936 4 5 8 7 2 6 9 1 3 10 
20180605937 4 10 9 6 5 7 3 8 2 1 
20180605938 9 4 2 5 8 10 3 6 7 1 
20180605939 8 5 7 10 3 6 9 4 2 1 
20180605940 7 8 10 5 6 4 9 3 2 1 
20180605941 8 1 3 9 7 6 5 4 2 10 
20180605942 6 7 5 2 9 1 3 8 4 10 
20180605943 1 4 10 3 9 6 2 8 5 7 
20180605944 5 9 2 6 1 10 7 3 8 4 
20180605945 3 7 5 6 4 10 9 2 8 1 
20180605946 8 1 5 3 7 6 2 9 4 10 
20180605947 4 5 10 6 2 9 7 8 1 3 
20180605948 5 10 8 7 6 9 3 2 4 1 
20180605949 6 9 5 2 4 8 10 1 3 7 
20180605950 8 2 9 6 4 10 5 3 1 7 
20180605951 1 9 5 6 3 10 2 4 8 7 
20180605952 1 5 2 10 8 4 3 9 7 6 
20180605953 4 10 5 9 2 8 7 6 3 1 
20180605954 8 1 4 5 9 10 6 2 3 7 
20180605955 10 2 8 5 9 4 6 3 7 1 
20180605956 8 3 10 7 4 2 1 9 6 5 
20180605957 9 7 3 6 2 4 5 1 10 8 
20180605958 8 5 10 1 3 6 7 2 4 9 
20180605959 4 6 5 7 9 3 1 10 8 2 
20180605960 7 1 10 9 8 2 6 5 4 3 
20180605961 3 1 4 5 10 8 7 6 9 2 
20180605962 6 5 1 10 4 7 9 8 2 3 
20180605963 7 8 10 3 5 6 2 9 1 4 
20180605964 5 6 2 7 1 4 9 8 10 3 
20180605965 5 3 9 6 1 2 4 10 8 7 
20180605966 8 2 9 10 6 3 7 1 4 5 
20180605967 7 3 1 2 4 5 6 8 9 10 
20180605968 2 6 3 4 7 1 8 9 10 5 
20180605969 7 3 10 8 1 6 2 4 9 5 
20180605970 6 9 4 1 3 5 7 2 10 8 
20180605971 10 6 7 1 9 3 2 5 8 4 
20180605972 1 5 3 2 8 10 7 4 9 6 
20180605973 1 8 2 5 3 4 7 9 10 6 
20180605974 10 7 1 3 8 4 6 9 5 2 
20180605975 5 2 4 9 1 7 10 8 6 3 
20180605976 5 7 8 2 9 1 6 4 3 10 
20180605977 1 8 10 7 2 6 5 4 9 3 
20180605978 5 8 6 1 4 2 3 10 7 9 
20180605979 7 6 5 2 3 4 10 9 1 8 
20180605980 10 2 6 5 4 8 1 7 3 9 
20180605981 2 7 9 6 5 3 1 8 10 4 
20180605982 7 1 2 8 4 3 9 10 6 5 
20180605983 6 3 8 7 4 1 10 9 2 5 
20180605984 7 5 6 1 9 8 4 10 3 2 
20180605985 4 9 10 1 2 6 7 5 8 3 
