20180620001 2 6 1 9 5 3 10 8 7 4 
20180620002 6 2 4 7 10 8 5 9 1 3 
20180620003 2 7 3 1 5 8 9 10 4 6 
20180620004 8 3 7 1 10 4 2 5 9 6 
20180620005 4 7 5 10 9 8 2 1 3 6 
20180620006 6 8 5 7 1 2 9 10 4 3 
20180620007 3 2 6 5 1 9 7 8 10 4 
20180620008 9 7 8 1 3 10 2 4 5 6 
20180620009 4 7 2 6 5 9 1 3 8 10 
20180620010 7 6 3 9 10 8 4 2 5 1 
20180620011 4 5 3 8 9 7 10 2 6 1 
20180620012 9 2 1 10 6 7 8 4 3 5 
20180620013 7 8 3 2 6 5 1 4 10 9 
20180620014 2 9 8 1 5 4 10 6 7 3 
20180620015 9 5 3 10 1 4 8 2 6 7 
20180620016 8 9 3 1 5 7 2 10 4 6 
20180620017 2 5 7 10 3 8 9 6 1 4 
20180620018 1 9 10 7 6 8 2 5 3 4 
20180620019 6 1 8 5 3 9 10 2 4 7 
20180620020 6 10 8 2 1 9 3 4 7 5 
20180620021 2 10 6 7 3 1 5 4 9 8 
20180620022 1 6 9 7 3 2 5 4 8 10 
20180620023 2 10 6 8 7 4 9 1 3 5 
20180620024 6 2 9 1 5 7 4 8 10 3 
20180620025 7 10 2 4 5 1 9 8 6 3 
20180620026 7 5 4 9 10 2 8 3 6 1 
20180620027 3 9 10 4 8 2 1 5 7 6 
20180620028 4 6 9 1 10 7 2 8 5 3 
20180620029 7 1 5 10 4 3 9 8 2 6 
20180620030 6 4 7 8 1 2 9 5 10 3 
20180620031 1 7 5 8 4 10 9 2 6 3 
20180620032 10 8 5 1 4 3 2 6 9 7 
20180620033 4 2 5 8 10 6 3 1 7 9 
20180620034 1 6 8 3 10 7 2 5 9 4 
20180620035 7 6 9 8 1 2 4 5 10 3 
20180620036 5 9 7 8 4 2 6 1 10 3 
20180620037 3 8 4 10 7 2 1 6 9 5 
20180620038 1 5 7 2 3 8 10 9 4 6 
20180620039 6 7 3 9 4 5 1 10 2 8 
20180620040 3 7 9 4 2 8 1 5 6 10 
20180620041 3 10 1 2 8 9 5 6 7 4 
20180620042 7 10 2 6 9 1 4 8 3 5 
20180620043 5 1 7 8 9 3 2 4 10 6 
20180620044 9 6 3 7 8 5 2 10 1 4 
20180620045 4 1 8 5 9 6 10 7 2 3 
20180620046 6 2 3 10 5 8 4 9 7 1 
20180620047 4 1 7 8 2 3 9 10 6 5 
20180620048 4 10 9 7 1 3 2 8 6 5 
20180620049 5 4 9 7 3 10 8 2 1 6 
20180620050 6 4 7 8 10 1 5 2 3 9 
20180620051 7 3 2 10 9 4 5 6 1 8 
20180620052 2 1 7 4 9 8 6 10 3 5 
20180620053 4 9 2 7 5 3 1 6 10 8 
20180620054 5 8 1 3 6 7 10 2 9 4 
20180620055 5 10 6 7 8 2 1 4 3 9 
20180620056 2 10 3 7 9 4 8 6 1 5 
20180620057 10 2 5 8 4 7 1 9 3 6 
20180620058 6 9 1 10 2 3 5 7 8 4 
20180620059 3 7 1 2 4 10 9 8 5 6 
20180620060 7 2 5 10 1 4 3 9 8 6 
20180620061 1 9 5 3 4 6 2 10 7 8 
20180620062 2 1 4 7 8 3 9 10 5 6 
20180620063 6 2 3 1 9 10 5 8 7 4 
20180620064 9 2 7 1 6 3 8 4 10 5 
20180620065 4 2 1 6 3 9 10 7 5 8 
20180620066 2 8 6 10 3 9 4 7 1 5 
20180620067 5 10 4 9 7 1 6 2 3 8 
20180620068 9 1 6 10 3 2 7 8 4 5 
20180620069 6 7 9 2 10 1 3 8 5 4 
20180620070 5 4 9 10 7 3 1 8 2 6 
20180620071 10 3 8 9 2 7 6 4 5 1 
20180620072 2 3 9 5 8 6 7 10 1 4 
20180620073 5 9 3 8 7 4 6 2 1 10 
20180620074 7 4 3 5 1 8 10 2 6 9 
20180620075 6 3 7 4 10 5 9 1 2 8 
20180620076 1 3 9 8 4 7 2 5 10 6 
20180620077 3 4 7 8 6 1 5 9 2 10 
20180620078 4 2 3 8 10 9 1 6 5 7 
20180620079 9 1 3 2 8 6 7 5 10 4 
20180620080 2 1 9 6 4 3 7 10 5 8 
20180620081 1 7 8 10 2 9 3 6 4 5 
20180620082 1 10 5 6 9 2 8 4 3 7 
20180620083 9 2 7 5 10 1 4 8 3 6 
20180620084 3 1 8 10 5 9 2 7 4 6 
20180620085 8 1 9 5 10 6 4 3 7 2 
20180620086 6 8 9 2 1 3 7 10 4 5 
20180620087 10 8 5 7 2 9 4 3 6 1 
20180620088 2 8 10 5 7 9 4 3 1 6 
20180620089 10 8 4 1 2 9 7 6 5 3 
20180620090 5 3 9 10 8 7 1 4 2 6 
20180620091 6 9 8 5 7 4 3 2 1 10 
20180620092 4 8 2 10 5 6 9 1 3 7 
20180620093 8 3 6 7 5 10 1 4 9 2 
20180620094 5 3 9 7 2 1 10 4 8 6 
20180620095 9 4 6 1 8 10 7 3 5 2 
20180620096 7 6 5 3 1 9 2 10 4 8 
20180620097 5 9 8 4 7 1 3 10 2 6 
20180620098 7 9 8 1 5 2 6 3 10 4 
20180620099 6 5 2 3 10 1 4 8 7 9 
20180620100 5 7 2 4 10 3 6 1 8 9 
20180620101 4 8 5 2 3 6 10 1 7 9 
20180620102 7 10 5 9 1 2 6 3 4 8 
20180620103 2 5 10 4 6 7 1 9 3 8 
20180620104 6 9 5 7 3 8 1 10 4 2 
20180620105 6 8 2 10 3 1 7 9 4 5 
20180620106 1 3 7 9 10 6 8 5 2 4 
20180620107 6 5 10 9 7 1 4 3 8 2 
20180620108 2 8 10 6 4 9 1 7 3 5 
20180620109 7 1 8 2 6 4 10 5 9 3 
20180620110 5 2 6 10 7 1 8 9 3 4 
20180620111 9 4 10 8 7 3 1 5 2 6 
20180620112 10 2 8 9 6 4 3 5 1 7 
20180620113 10 3 8 6 5 4 1 7 2 9 
20180620114 10 8 4 7 5 3 6 1 2 9 
20180620115 9 5 7 4 6 1 8 3 10 2 
20180620116 5 7 9 4 3 2 6 10 1 8 
20180620117 6 4 1 3 2 8 5 9 7 10 
20180620118 4 7 3 9 6 8 10 2 1 5 
20180620119 5 8 10 6 3 7 2 4 9 1 
20180620120 4 10 1 2 9 5 6 8 7 3 
20180620121 9 10 4 8 3 6 2 5 7 1 
20180620122 10 9 5 4 8 7 2 1 6 3 
20180620123 9 4 8 6 2 5 7 3 10 1 
20180620124 6 4 5 1 7 9 8 2 3 10 
20180620125 6 9 7 4 1 2 3 10 5 8 
20180620126 2 1 6 7 10 8 3 4 5 9 
20180620127 10 6 9 8 7 5 2 4 1 3 
20180620128 5 1 10 6 8 2 9 3 4 7 
20180620129 6 8 5 9 4 10 2 1 7 3 
20180620130 3 1 8 10 9 5 2 7 6 4 
20180620131 1 10 2 9 7 3 5 4 6 8 
20180620132 3 9 1 7 2 4 5 10 8 6 
20180620133 2 9 5 3 1 10 7 6 8 4 
20180620134 9 2 5 10 3 4 8 1 6 7 
20180620135 2 1 9 5 10 8 3 7 4 6 
20180620136 8 4 5 1 7 9 6 2 3 10 
20180620137 3 2 6 8 1 7 10 4 5 9 
20180620138 1 9 6 5 4 8 10 2 7 3 
20180620139 9 1 8 3 5 7 2 6 4 10 
20180620140 10 4 3 6 5 9 8 2 1 7 
20180620141 7 2 9 8 4 1 6 3 5 10 
20180620142 2 7 6 3 1 10 8 5 4 9 
20180620143 2 9 8 10 3 6 4 5 1 7 
20180620144 7 5 4 8 3 6 1 9 10 2 
20180620145 2 9 6 3 5 10 4 1 8 7 
20180620146 8 6 5 10 7 9 2 3 1 4 
20180620147 10 7 3 6 9 8 2 4 5 1 
20180620148 1 8 3 7 9 4 5 2 6 10 
20180620149 10 9 6 2 8 7 1 3 4 5 
20180620150 4 9 3 5 10 6 7 8 1 2 
20180620151 8 3 6 10 5 9 4 2 1 7 
20180620152 3 9 5 10 8 7 6 2 4 1 
20180620153 7 1 6 2 9 5 4 8 10 3 
20180620154 6 2 8 9 4 1 10 5 7 3 
20180620155 1 2 7 6 8 3 5 4 9 10 
20180620156 6 1 5 3 4 7 9 8 2 10 
20180620157 3 8 7 1 4 2 10 9 6 5 
20180620158 10 6 7 9 4 8 3 1 5 2 
20180620159 8 10 9 4 5 1 7 2 6 3 
20180620160 8 4 10 6 7 5 2 1 3 9 
20180620161 4 7 1 2 10 9 3 6 5 8 
20180620162 4 8 1 2 10 6 7 5 9 3 
20180620163 5 3 10 9 2 1 4 8 6 7 
20180620164 3 8 4 5 9 6 1 2 7 10 
20180620165 8 9 1 2 3 10 7 4 6 5 
20180620166 6 10 4 1 5 8 2 9 7 3 
20180620167 2 4 5 3 8 7 1 9 6 10 
20180620168 8 5 1 7 10 9 6 2 3 4 
20180620169 4 5 1 8 2 10 7 9 6 3 
20180620170 10 3 9 2 5 4 7 8 1 6 
20180620171 5 1 6 9 8 7 3 2 10 4 
20180620172 6 2 8 1 9 4 5 7 10 3 
20180620173 9 7 8 5 4 6 2 3 10 1 
20180620174 7 6 4 10 3 8 1 5 9 2 
20180620175 4 2 1 10 6 8 3 7 9 5 
20180620176 9 8 2 4 1 5 6 7 3 10 
20180620177 6 3 7 4 10 8 1 5 9 2 
20180620178 5 1 2 6 10 8 7 3 4 9 
20180620179 10 9 6 4 7 5 2 8 3 1 
20180620180 2 8 7 5 6 1 10 4 3 9 
20180620181 8 9 7 4 10 5 3 1 2 6 
20180620182 3 2 8 6 9 4 1 10 5 7 
20180620183 3 9 7 6 2 4 1 8 10 5 
20180620184 10 5 8 2 1 9 7 3 4 6 
20180620185 7 5 2 3 6 1 9 10 8 4 
20180620186 4 5 1 7 8 9 3 2 6 10 
20180620187 8 9 3 4 7 1 2 6 10 5 
20180620188 3 9 2 10 6 7 5 4 8 1 
20180620189 4 2 10 6 1 3 8 7 9 5 
20180620190 8 7 5 9 2 3 1 6 4 10 
20180620191 7 3 1 9 4 8 5 6 10 2 
20180620192 9 7 4 10 6 1 5 2 3 8 
20180620193 3 7 6 4 2 5 1 10 9 8 
20180620194 10 7 4 8 3 5 1 6 2 9 
20180620195 5 6 3 9 7 1 4 2 8 10 
20180620196 7 8 10 4 1 3 5 9 6 2 
20180620197 5 9 8 4 3 7 1 10 6 2 
20180620198 4 8 3 9 7 6 1 2 10 5 
20180620199 5 7 3 1 6 2 8 9 4 10 
20180620200 8 1 7 9 2 6 10 5 3 4 
20180620201 3 8 7 2 4 9 10 1 6 5 
20180620202 3 8 4 6 10 9 1 2 5 7 
20180620203 2 6 8 5 7 10 9 4 3 1 
20180620204 3 8 10 5 9 6 7 2 4 1 
20180620205 8 3 9 5 1 10 4 6 7 2 
20180620206 1 10 9 8 6 2 3 4 7 5 
20180620207 9 10 5 4 3 7 2 1 8 6 
20180620208 5 3 7 2 9 1 6 4 8 10 
20180620209 2 1 4 5 8 3 10 7 6 9 
20180620210 10 1 8 7 4 5 3 2 9 6 
20180620211 8 10 2 5 1 4 7 3 6 9 
20180620212 7 4 9 5 10 1 3 2 6 8 
20180620213 4 1 5 7 2 6 10 3 9 8 
20180620214 7 2 5 9 4 10 8 6 1 3 
20180620215 1 9 4 8 10 5 2 6 7 3 
20180620216 6 7 1 10 3 2 4 9 8 5 
20180620217 5 7 3 8 9 4 2 1 6 10 
20180620218 5 1 10 7 6 4 8 3 2 9 
20180620219 5 2 10 6 8 3 4 1 9 7 
20180620220 2 8 1 7 3 4 5 9 10 6 
20180620221 6 7 9 10 4 3 8 2 1 5 
20180620222 3 6 5 4 9 2 1 8 10 7 
20180620223 4 6 10 1 9 7 5 3 8 2 
20180620224 7 2 9 5 10 3 8 6 4 1 
20180620225 10 8 5 2 6 1 9 7 4 3 
20180620226 2 1 6 8 9 4 7 3 10 5 
20180620227 7 9 6 3 1 4 10 2 5 8 
20180620228 5 4 7 10 6 3 9 2 8 1 
20180620229 6 8 10 3 2 1 4 9 5 7 
20180620230 6 4 3 10 1 2 5 7 8 9 
20180620231 10 3 9 8 5 1 6 4 7 2 
20180620232 2 5 1 9 3 6 4 10 8 7 
20180620233 5 9 6 2 10 4 8 3 1 7 
20180620234 9 8 2 6 10 3 7 5 4 1 
20180620235 7 8 9 4 2 1 10 5 6 3 
20180620236 2 7 3 6 4 9 8 10 5 1 
20180620237 10 2 9 6 5 1 4 8 7 3 
20180620238 4 5 9 7 2 1 3 8 10 6 
20180620239 9 4 8 6 10 1 7 5 2 3 
20180620240 7 2 4 1 8 6 9 5 10 3 
20180620241 4 1 7 10 3 9 2 8 6 5 
20180620242 8 10 9 7 3 6 4 5 1 2 
20180620243 1 9 4 5 6 7 2 8 10 3 
20180620244 9 2 8 6 7 5 3 1 10 4 
20180620245 10 5 6 4 1 3 9 2 7 8 
20180620246 5 8 9 6 4 3 7 10 1 2 
20180620247 3 7 8 5 9 1 2 10 6 4 
20180620248 3 6 9 5 2 1 8 7 10 4 
20180620249 10 9 8 1 3 7 6 4 5 2 
20180620250 9 2 10 3 8 5 4 7 6 1 
20180620251 7 9 6 4 2 8 5 3 10 1 
20180620252 5 7 2 1 3 8 4 10 6 9 
20180620253 1 8 4 2 7 3 5 10 6 9 
20180620254 8 10 5 6 3 4 7 2 9 1 
20180620255 3 8 7 2 10 1 4 9 5 6 
20180620256 9 8 10 6 3 1 2 7 5 4 
20180620257 7 8 9 10 1 6 3 2 5 4 
20180620258 1 8 5 4 10 3 9 6 7 2 
20180620259 1 10 5 2 6 7 9 8 4 3 
20180620260 5 1 6 4 3 9 2 7 10 8 
20180620261 1 2 3 7 8 9 6 4 5 10 
20180620262 2 9 7 3 1 10 5 6 8 4 
20180620263 7 3 1 8 9 2 5 4 6 10 
20180620264 8 2 1 7 5 3 4 10 9 6 
20180620265 2 4 8 5 10 1 6 7 3 9 
20180620266 6 4 9 2 10 7 1 5 3 8 
20180620267 10 6 3 8 9 5 7 2 4 1 
20180620268 9 2 8 4 5 7 3 6 1 10 
20180620269 1 8 5 6 10 2 3 7 4 9 
20180620270 1 2 7 6 10 5 4 8 9 3 
20180620271 5 2 10 8 7 1 6 9 4 3 
20180620272 9 3 2 7 8 6 1 4 10 5 
20180620273 7 4 2 1 9 10 6 5 3 8 
20180620274 1 8 3 2 5 6 7 4 10 9 
20180620275 2 1 5 4 10 3 6 7 9 8 
20180620276 6 7 4 2 10 5 1 8 9 3 
20180620277 6 5 4 7 9 8 1 3 2 10 
20180620278 5 8 2 4 3 10 6 9 7 1 
20180620279 4 9 2 7 10 3 1 6 5 8 
20180620280 10 2 1 5 6 3 4 8 9 7 
20180620281 10 7 9 1 2 8 6 3 4 5 
20180620282 10 9 6 2 8 3 5 1 7 4 
20180620283 1 9 4 5 3 2 7 6 8 10 
20180620284 8 5 3 4 1 10 7 2 9 6 
20180620285 3 8 7 1 4 2 10 5 6 9 
20180620286 7 8 2 10 3 4 1 9 5 6 
20180620287 2 6 3 7 8 4 10 5 1 9 
20180620288 5 3 10 9 4 2 6 8 1 7 
20180620289 8 6 2 3 5 1 4 10 7 9 
20180620290 3 2 9 6 7 10 1 4 5 8 
20180620291 8 7 2 4 6 9 5 10 1 3 
20180620292 7 6 5 9 2 10 8 1 3 4 
20180620293 5 6 3 10 2 1 4 8 7 9 
20180620294 2 3 9 10 7 8 5 6 1 4 
20180620295 5 6 10 8 7 3 4 1 2 9 
20180620296 3 1 2 5 10 7 4 8 6 9 
20180620297 2 1 8 9 7 4 3 10 5 6 
20180620298 5 9 3 1 2 6 10 8 4 7 
20180620299 9 8 3 4 10 2 1 5 6 7 
20180620300 8 10 3 7 9 2 6 1 5 4 
20180620301 5 7 9 4 10 3 8 2 1 6 
20180620302 9 8 3 1 6 4 5 7 2 10 
20180620303 6 3 1 7 2 9 10 8 5 4 
20180620304 5 7 3 2 4 9 1 8 10 6 
20180620305 10 8 1 3 4 6 5 7 9 2 
20180620306 10 6 3 8 2 7 1 9 5 4 
20180620307 10 1 9 6 8 2 7 3 5 4 
20180620308 6 5 7 2 1 9 8 10 4 3 
20180620309 10 2 6 3 7 8 1 9 4 5 
20180620310 7 2 4 6 5 10 1 9 8 3 
20180620311 3 1 4 9 7 2 6 5 8 10 
20180620312 4 3 1 10 9 7 8 6 5 2 
20180620313 4 10 2 7 5 9 8 1 6 3 
20180620314 5 3 8 1 7 6 9 10 4 2 
20180620315 5 2 8 10 9 6 3 7 4 1 
20180620316 10 2 6 1 8 5 4 3 7 9 
20180620317 1 10 3 4 6 2 5 9 7 8 
20180620318 7 3 10 8 2 9 4 6 1 5 
20180620319 8 7 2 6 4 9 3 5 10 1 
20180620320 7 1 10 9 3 8 5 6 4 2 
20180620321 4 2 7 6 3 5 1 8 10 9 
20180620322 5 8 10 9 4 3 2 6 7 1 
20180620323 1 5 10 3 4 7 8 6 2 9 
20180620324 1 2 7 5 8 10 3 6 4 9 
20180620325 9 10 7 5 6 1 8 4 2 3 
20180620326 9 7 1 2 10 6 3 5 8 4 
20180620327 1 8 9 10 5 7 3 6 4 2 
20180620328 4 8 10 1 2 5 7 3 9 6 
20180620329 3 8 4 1 10 9 5 7 6 2 
20180620330 7 1 2 6 9 10 5 3 4 8 
20180620331 4 5 6 10 8 1 9 3 2 7 
20180620332 10 6 8 5 1 9 3 2 4 7 
20180620333 1 7 9 6 2 4 3 5 10 8 
20180620334 8 9 7 6 1 2 3 5 10 4 
20180620335 8 10 4 3 9 5 6 7 1 2 
20180620336 8 7 10 4 1 9 3 2 5 6 
20180620337 8 6 9 2 1 3 4 10 7 5 
20180620338 3 5 10 9 8 1 7 4 2 6 
20180620339 7 10 4 3 5 6 9 2 1 8 
20180620340 3 1 7 10 5 6 4 2 8 9 
20180620341 8 1 4 7 6 10 5 9 3 2 
20180620342 8 7 4 9 10 2 3 6 1 5 
20180620343 4 10 7 5 2 8 1 6 3 9 
20180620344 6 4 2 9 5 7 8 3 10 1 
20180620345 2 9 8 4 3 1 7 6 10 5 
20180620346 2 4 1 8 5 9 7 3 6 10 
20180620347 7 3 4 10 8 5 6 9 2 1 
20180620348 8 10 3 2 6 1 9 7 5 4 
20180620349 7 8 5 2 9 3 1 6 4 10 
20180620350 3 5 9 4 1 6 8 7 10 2 
20180620351 6 9 2 10 1 4 8 3 7 5 
20180620352 2 5 7 1 4 6 9 10 8 3 
20180620353 3 2 6 1 8 9 4 7 10 5 
20180620354 3 7 4 2 5 10 1 6 8 9 
20180620355 3 6 4 10 2 7 5 1 9 8 
20180620356 1 3 5 4 10 7 9 8 6 2 
20180620357 4 6 3 1 9 8 5 7 2 10 
20180620358 9 5 10 7 4 6 3 8 1 2 
20180620359 3 8 2 5 1 6 10 9 4 7 
20180620360 8 2 5 7 3 4 10 9 6 1 
20180620361 10 6 2 3 9 5 8 1 7 4 
20180620362 8 2 10 3 7 9 6 4 5 1 
20180620363 4 8 3 10 7 2 6 5 1 9 
20180620364 7 6 8 3 2 10 4 9 1 5 
20180620365 4 7 2 3 10 8 9 5 6 1 
20180620366 10 8 7 3 1 9 5 4 6 2 
20180620367 7 6 10 5 8 1 9 4 3 2 
20180620368 10 5 6 8 4 2 7 3 1 9 
20180620369 10 3 6 9 8 1 5 7 2 4 
20180620370 2 8 10 1 7 5 3 9 6 4 
20180620371 1 6 8 7 10 3 5 4 9 2 
20180620372 7 3 6 8 10 4 1 9 5 2 
20180620373 2 4 7 6 5 10 8 3 9 1 
20180620374 2 1 5 9 8 3 4 6 7 10 
20180620375 5 1 7 9 6 8 3 4 10 2 
20180620376 1 9 5 8 6 2 4 10 3 7 
20180620377 4 1 9 8 3 5 10 7 6 2 
20180620378 3 10 9 7 4 1 6 2 8 5 
20180620379 3 5 9 4 1 8 7 6 2 10 
20180620380 1 8 2 7 4 9 6 5 3 10 
20180620381 5 2 1 8 7 9 6 10 4 3 
20180620382 5 6 3 2 4 10 1 7 9 8 
20180620383 10 8 6 2 4 9 3 1 7 5 
20180620384 9 2 3 4 7 1 6 5 10 8 
20180620385 10 5 7 4 9 1 8 3 2 6 
20180620386 6 5 8 2 9 10 7 1 3 4 
20180620387 1 6 3 2 8 10 5 4 9 7 
20180620388 9 10 3 2 8 5 4 7 6 1 
20180620389 10 3 4 7 9 5 8 6 2 1 
20180620390 3 9 1 4 8 10 6 7 2 5 
20180620391 9 6 7 1 10 2 3 5 4 8 
20180620392 7 5 2 1 10 3 4 9 8 6 
20180620393 9 7 8 10 2 1 4 3 5 6 
20180620394 1 8 4 9 10 6 7 5 2 3 
20180620395 8 2 6 7 1 5 9 10 4 3 
20180620396 2 3 4 10 1 8 5 6 7 9 
20180620397 10 8 2 1 6 7 4 9 5 3 
20180620398 2 4 3 7 1 10 6 8 9 5 
20180620399 8 10 7 3 1 5 9 2 4 6 
20180620400 6 3 4 2 9 10 8 5 1 7 
20180620401 7 10 3 4 1 8 6 9 2 5 
20180620402 8 5 7 2 6 3 1 4 9 10 
20180620403 8 4 1 2 6 3 7 9 5 10 
20180620404 1 9 10 7 5 6 8 3 2 4 
20180620405 2 3 4 7 10 1 8 9 5 6 
20180620406 3 10 2 7 5 4 9 1 8 6 
20180620407 9 8 2 1 10 6 5 4 7 3 
20180620408 10 7 4 1 8 9 2 3 5 6 
20180620409 8 3 9 4 1 6 10 2 5 7 
20180620410 7 8 3 9 2 6 4 10 1 5 
20180620411 9 1 6 7 5 4 10 2 8 3 
20180620412 7 10 6 3 8 1 9 2 4 5 
20180620413 5 7 4 2 3 10 9 6 8 1 
20180620414 4 8 1 10 6 3 7 2 5 9 
20180620415 6 9 10 2 4 3 7 1 8 5 
20180620416 10 1 6 5 9 4 7 2 8 3 
20180620417 2 8 4 7 1 6 9 3 5 10 
20180620418 4 2 10 7 5 9 6 3 1 8 
20180620419 4 9 7 10 1 2 6 3 8 5 
20180620420 9 8 4 10 7 1 2 3 6 5 
20180620421 5 9 4 6 2 10 8 7 1 3 
20180620422 4 9 10 2 7 6 8 5 1 3 
20180620423 8 5 1 6 3 4 2 10 7 9 
20180620424 8 3 4 2 10 6 5 1 7 9 
20180620425 7 4 10 2 8 6 5 1 3 9 
20180620426 8 7 9 3 1 6 4 2 5 10 
20180620427 3 7 2 10 6 5 4 9 8 1 
20180620428 9 1 6 3 4 8 2 10 7 5 
20180620429 3 4 2 10 7 1 5 6 8 9 
20180620430 5 3 2 10 7 9 1 6 8 4 
20180620431 1 4 9 2 8 6 3 7 10 5 
20180620432 7 5 3 4 2 10 1 6 9 8 
20180620433 9 6 8 3 4 2 10 1 7 5 
20180620434 1 8 2 7 4 3 10 5 9 6 
20180620435 3 2 7 10 5 9 1 4 8 6 
20180620436 5 9 1 10 6 8 4 7 2 3 
20180620437 10 9 1 4 3 7 6 5 2 8 
20180620438 3 7 8 2 4 9 10 5 6 1 
20180620439 3 5 4 2 10 7 6 9 1 8 
20180620440 7 3 2 6 8 10 9 4 5 1 
20180620441 6 2 1 4 8 5 10 9 7 3 
20180620442 4 3 9 1 5 6 10 2 7 8 
20180620443 3 6 4 1 7 2 10 8 9 5 
20180620444 1 4 5 9 3 10 7 8 2 6 
20180620445 4 3 6 9 8 2 5 7 1 10 
20180620446 3 8 5 2 6 9 10 4 1 7 
20180620447 5 10 8 9 1 2 7 3 4 6 
20180620448 1 7 5 2 9 6 3 10 8 4 
20180620449 8 1 9 2 7 5 10 4 3 6 
20180620450 4 10 6 3 2 9 7 5 1 8 
20180620451 4 2 5 7 3 6 10 8 9 1 
20180620452 7 9 3 10 8 2 1 5 6 4 
20180620453 2 10 7 3 8 1 4 9 5 6 
20180620454 2 9 6 7 10 3 1 5 4 8 
20180620455 4 7 10 6 2 3 1 8 9 5 
20180620456 6 2 7 4 10 1 8 3 5 9 
20180620457 9 10 7 8 3 1 4 6 2 5 
20180620458 10 4 5 6 8 1 7 2 9 3 
20180620459 2 5 8 9 4 3 10 6 1 7 
20180620460 3 9 10 5 1 2 8 7 4 6 
20180620461 9 3 8 7 2 4 6 1 10 5 
20180620462 9 4 3 6 5 7 2 1 8 10 
20180620463 8 6 3 10 1 9 7 4 5 2 
20180620464 10 3 1 8 6 5 4 9 7 2 
20180620465 10 4 9 6 3 2 8 1 5 7 
20180620466 4 6 7 8 5 10 3 2 9 1 
20180620467 1 10 7 6 4 9 8 2 3 5 
20180620468 8 10 5 1 3 2 6 4 7 9 
20180620469 3 7 2 9 10 6 8 1 4 5 
20180620470 4 10 2 1 3 5 8 6 9 7 
20180620471 10 8 4 6 7 3 9 2 1 5 
20180620472 8 10 4 2 1 5 9 3 7 6 
20180620473 6 7 9 3 1 2 10 5 8 4 
20180620474 6 7 10 4 9 2 1 5 3 8 
20180620475 9 10 8 3 7 4 2 1 6 5 
20180620476 7 2 3 6 9 4 1 5 10 8 
20180620477 10 2 6 4 5 9 8 3 7 1 
20180620478 6 8 1 4 10 9 2 7 3 5 
20180620479 1 2 10 6 5 3 4 7 9 8 
20180620480 4 10 5 1 8 2 7 6 3 9 
20180620481 5 7 3 2 9 1 6 8 4 10 
20180620482 9 2 8 1 10 3 6 7 5 4 
20180620483 9 2 3 8 1 10 6 7 4 5 
20180620484 7 10 5 4 1 6 2 3 8 9 
20180620485 6 5 7 1 8 9 3 2 4 10 
20180620486 9 8 7 3 6 2 5 1 10 4 
20180620487 7 2 3 8 9 10 5 1 4 6 
20180620488 8 2 10 7 5 9 1 4 3 6 
20180620489 10 7 2 1 9 4 5 6 8 3 
20180620490 2 8 5 6 7 9 3 1 10 4 
20180620491 5 2 7 8 10 6 1 3 9 4 
20180620492 3 9 7 5 2 1 6 8 10 4 
20180620493 6 5 3 1 2 7 8 10 4 9 
20180620494 6 4 10 3 8 2 1 5 9 7 
20180620495 8 9 6 4 1 2 3 7 5 10 
20180620496 3 7 5 1 8 4 9 6 10 2 
20180620497 6 4 1 5 7 3 9 2 10 8 
20180620498 2 3 7 1 10 9 5 4 8 6 
20180620499 6 9 4 8 1 5 2 7 10 3 
20180620500 6 9 2 3 10 8 4 7 1 5 
20180620501 6 5 2 10 4 1 7 9 3 8 
20180620502 2 7 3 1 6 5 10 4 9 8 
20180620503 9 8 2 5 7 6 1 4 10 3 
20180620504 3 10 1 7 4 9 2 5 6 8 
20180620505 4 9 7 1 5 6 8 3 2 10 
20180620506 3 6 9 1 5 4 2 8 7 10 
20180620507 7 5 8 3 9 2 10 4 1 6 
20180620508 9 7 3 10 5 4 8 6 1 2 
20180620509 1 6 4 2 10 3 8 7 9 5 
20180620510 2 9 5 3 6 7 4 8 1 10 
20180620511 4 10 9 3 7 2 8 5 1 6 
20180620512 5 10 4 9 2 6 7 3 1 8 
20180620513 10 3 4 8 6 9 2 7 1 5 
20180620514 4 8 1 7 9 6 2 5 3 10 
20180620515 7 5 4 1 2 10 9 8 3 6 
20180620516 7 6 8 4 5 2 3 10 9 1 
20180620517 6 1 5 10 9 7 3 4 2 8 
20180620518 4 2 3 1 9 7 6 5 10 8 
20180620519 9 2 10 7 8 6 5 4 1 3 
20180620520 9 1 3 5 4 7 2 6 8 10 
20180620521 10 9 8 3 5 4 1 6 2 7 
20180620522 10 3 5 6 1 2 4 7 8 9 
20180620523 7 1 3 5 2 4 9 8 10 6 
20180620524 3 6 5 9 1 4 8 2 7 10 
20180620525 6 1 7 8 4 2 5 10 9 3 
20180620526 3 5 10 4 2 1 7 6 9 8 
20180620527 10 8 9 3 1 7 6 2 5 4 
20180620528 10 8 3 1 4 9 2 7 5 6 
20180620529 4 2 3 8 7 5 9 6 10 1 
20180620530 6 3 1 7 10 5 4 2 8 9 
20180620531 8 5 7 6 4 1 10 2 3 9 
20180620532 1 6 9 8 3 4 5 2 10 7 
20180620533 1 10 3 5 4 7 2 9 8 6 
20180620534 2 10 8 5 4 1 9 7 3 6 
20180620535 2 10 8 9 1 4 3 5 6 7 
20180620536 7 4 1 8 6 2 9 5 10 3 
20180620537 5 6 3 8 1 7 10 4 2 9 
20180620538 7 9 1 4 3 8 5 2 10 6 
20180620539 8 5 4 10 1 6 3 9 2 7 
20180620540 3 10 8 4 5 1 6 2 9 7 
20180620541 4 8 10 6 5 2 7 3 1 9 
20180620542 7 5 2 3 1 10 4 9 8 6 
20180620543 9 10 2 6 1 5 3 8 7 4 
20180620544 3 6 4 7 5 9 2 10 8 1 
20180620545 5 8 1 3 6 9 10 2 4 7 
20180620546 10 2 6 7 3 4 8 1 5 9 
20180620547 10 2 6 8 3 7 5 9 1 4 
20180620548 9 8 1 4 10 2 6 5 7 3 
20180620549 10 2 1 6 7 5 4 9 3 8 
20180620550 4 9 2 3 7 10 1 5 8 6 
20180620551 9 8 6 4 2 5 3 10 7 1 
20180620552 3 6 2 9 4 1 7 5 8 10 
20180620553 2 8 4 1 10 5 7 6 9 3 
20180620554 9 7 2 4 6 8 10 5 1 3 
20180620555 1 9 8 4 6 7 3 2 5 10 
20180620556 10 2 9 6 3 5 4 1 8 7 
20180620557 7 10 9 6 5 3 4 1 2 8 
20180620558 10 7 9 6 4 8 2 1 3 5 
20180620559 10 1 2 3 5 6 8 4 9 7 
20180620560 6 5 2 9 1 8 3 7 10 4 
20180620561 7 1 6 10 8 3 2 9 4 5 
20180620562 5 2 10 4 7 8 1 9 3 6 
20180620563 6 8 2 10 7 3 1 9 4 5 
20180620564 9 4 3 6 1 10 7 2 5 8 
20180620565 4 9 2 10 3 5 1 6 8 7 
20180620566 6 2 10 7 3 1 4 9 8 5 
20180620567 3 7 2 9 4 10 8 6 5 1 
20180620568 5 3 2 8 10 4 1 9 7 6 
20180620569 7 3 10 1 4 5 6 2 8 9 
20180620570 7 4 1 3 2 10 6 5 8 9 
20180620571 5 10 2 8 3 7 9 6 4 1 
20180620572 1 7 5 6 2 4 9 8 3 10 
20180620573 9 3 5 1 6 2 8 7 10 4 
20180620574 10 6 3 9 2 4 5 7 1 8 
20180620575 8 10 3 9 1 7 6 5 4 2 
20180620576 5 4 1 3 10 7 9 2 8 6 
20180620577 10 2 5 9 6 1 3 7 4 8 
20180620578 9 3 5 4 8 7 2 6 1 10 
20180620579 1 8 6 2 5 4 3 7 9 10 
20180620580 4 1 5 10 7 2 9 8 3 6 
20180620581 4 10 5 1 2 8 6 9 3 7 
20180620582 2 8 1 7 6 4 10 9 3 5 
20180620583 6 8 4 9 10 5 3 7 2 1 
20180620584 8 10 6 2 7 1 5 9 4 3 
20180620585 5 9 4 3 6 10 7 8 1 2 
20180620586 5 7 4 6 8 2 3 10 1 9 
20180620587 6 2 3 8 10 7 9 4 5 1 
20180620588 7 5 2 4 3 6 10 8 1 9 
20180620589 8 3 9 6 2 7 10 1 4 5 
20180620590 5 10 9 2 6 8 3 7 1 4 
20180620591 4 6 9 10 5 2 8 1 7 3 
20180620592 5 7 2 1 9 3 10 8 4 6 
20180620593 10 6 5 2 8 7 4 3 9 1 
20180620594 3 9 2 6 8 10 1 7 5 4 
20180620595 9 8 10 5 1 6 2 3 7 4 
20180620596 6 3 2 7 9 4 10 1 5 8 
20180620597 2 7 6 4 10 3 8 1 5 9 
20180620598 3 1 7 4 6 2 5 9 8 10 
20180620599 2 3 7 10 4 9 6 5 8 1 
20180620600 6 5 2 4 8 1 10 3 9 7 
20180620601 10 9 5 8 4 3 1 6 7 2 
20180620602 10 2 3 4 9 7 1 6 5 8 
20180620603 10 3 2 7 6 4 1 5 9 8 
20180620604 7 3 10 4 2 6 8 1 5 9 
20180620605 5 4 8 6 7 10 1 9 2 3 
20180620606 3 9 10 5 2 8 6 4 7 1 
20180620607 6 5 9 4 1 10 8 2 7 3 
20180620608 1 5 4 2 8 6 7 9 10 3 
20180620609 8 5 10 4 2 6 7 1 3 9 
20180620610 9 7 6 4 1 5 3 10 8 2 
20180620611 5 9 7 4 6 10 8 2 1 3 
20180620612 6 3 7 8 10 1 4 2 5 9 
20180620613 7 2 4 9 3 10 5 1 6 8 
20180620614 3 8 9 1 6 4 7 10 5 2 
20180620615 4 1 7 8 2 10 9 5 3 6 
20180620616 2 7 3 6 5 10 1 9 4 8 
20180620617 4 5 7 2 9 8 6 10 1 3 
20180620618 6 5 4 10 7 3 9 8 1 2 
20180620619 2 5 8 7 6 3 10 1 4 9 
20180620620 8 9 1 2 6 10 4 3 7 5 
20180620621 6 10 7 9 3 1 2 8 5 4 
20180620622 9 7 6 3 5 4 10 1 2 8 
20180620623 9 6 5 4 7 3 2 8 10 1 
20180620624 9 3 4 7 5 10 8 1 2 6 
20180620625 2 5 10 8 9 1 6 3 4 7 
20180620626 10 7 9 8 2 5 6 4 3 1 
20180620627 1 4 6 10 7 2 5 3 9 8 
20180620628 1 3 10 5 8 7 6 9 2 4 
20180620629 9 4 1 6 3 7 2 8 10 5 
20180620630 5 8 6 10 4 1 7 9 2 3 
20180620631 7 5 1 9 8 2 4 10 3 6 
20180620632 10 7 1 9 4 6 5 8 2 3 
20180620633 6 5 1 9 8 2 4 7 3 10 
20180620634 8 3 7 2 9 6 1 4 10 5 
20180620635 5 4 3 10 7 2 8 9 6 1 
20180620636 7 6 5 1 9 4 2 10 3 8 
20180620637 2 7 10 1 5 9 6 8 4 3 
20180620638 7 4 1 3 10 6 5 2 9 8 
20180620639 5 2 1 9 10 7 4 3 6 8 
20180620640 7 8 9 3 6 10 1 5 2 4 
20180620641 3 4 5 10 6 1 9 7 2 8 
20180620642 1 6 2 5 8 4 3 9 10 7 
20180620643 5 10 6 2 1 4 8 9 3 7 
20180620644 5 8 1 9 10 4 3 6 7 2 
20180620645 5 4 6 10 1 3 8 2 9 7 
20180620646 10 1 6 4 9 7 8 3 5 2 
20180620647 1 10 3 7 2 9 5 4 8 6 
20180620648 3 4 1 10 8 7 2 5 9 6 
20180620649 8 1 5 7 4 2 3 6 10 9 
20180620650 9 6 3 7 1 2 10 8 4 5 
20180620651 5 4 1 8 7 6 2 3 10 9 
20180620652 2 3 9 8 5 1 6 4 7 10 
20180620653 4 3 5 9 8 2 7 6 10 1 
20180620654 3 7 2 9 6 8 5 4 1 10 
20180620655 4 10 3 5 7 1 8 9 6 2 
20180620656 4 1 9 8 5 6 10 7 3 2 
20180620657 10 1 5 3 6 4 8 7 2 9 
20180620658 3 4 5 2 7 8 6 9 1 10 
20180620659 6 3 2 1 4 9 5 10 8 7 
20180620660 9 10 6 8 7 2 4 3 5 1 
20180620661 5 9 3 8 4 6 1 2 7 10 
20180620662 3 9 2 1 10 5 7 8 6 4 
20180620663 7 4 2 6 5 3 8 9 1 10 
20180620664 1 10 7 9 6 4 8 5 3 2 
20180620665 4 6 7 10 8 1 9 2 5 3 
20180620666 4 3 6 8 1 5 10 2 7 9 
20180620667 4 7 9 10 2 6 5 8 1 3 
20180620668 3 1 8 6 4 9 2 7 10 5 
20180620669 10 6 8 4 7 5 9 1 2 3 
20180620670 2 6 1 5 10 9 8 7 3 4 
20180620671 5 10 3 2 6 7 8 1 9 4 
20180620672 9 1 6 4 7 5 3 8 2 10 
20180620673 1 4 5 8 6 9 7 10 3 2 
20180620674 1 5 7 4 6 2 10 3 8 9 
20180620675 1 9 5 4 10 8 3 7 2 6 
20180620676 10 7 4 2 8 9 3 6 1 5 
20180620677 9 8 5 1 10 7 2 4 3 6 
20180620678 8 1 7 10 2 6 9 3 4 5 
20180620679 8 5 7 3 1 4 6 10 2 9 
20180620680 3 5 1 9 4 8 6 7 10 2 
20180620681 8 10 4 3 5 2 9 6 7 1 
20180620682 9 5 3 2 4 6 8 1 7 10 
20180620683 2 7 3 4 5 1 10 9 6 8 
20180620684 4 8 1 2 6 9 3 10 5 7 
20180620685 2 1 6 8 5 4 7 3 9 10 
20180620686 5 2 6 8 3 9 4 1 10 7 
20180620687 7 9 5 4 3 8 1 2 10 6 
20180620688 7 5 2 3 1 8 9 10 6 4 
20180620689 2 5 10 9 4 6 1 3 7 8 
20180620690 7 4 6 3 10 9 1 2 8 5 
20180620691 10 5 4 7 2 1 9 6 8 3 
20180620692 7 8 2 5 10 3 6 1 4 9 
20180620693 1 9 4 2 5 8 10 6 7 3 
20180620694 5 2 3 8 4 6 1 9 10 7 
20180620695 9 6 2 8 5 4 1 3 7 10 
20180620696 1 4 2 6 8 7 3 10 9 5 
20180620697 10 3 9 4 7 5 6 8 1 2 
20180620698 7 8 1 9 4 2 10 5 6 3 
20180620699 5 3 2 7 1 8 9 4 6 10 
20180620700 2 3 9 7 5 8 6 4 10 1 
20180620701 9 6 1 2 7 5 4 10 3 8 
20180620702 1 3 5 9 8 10 2 6 4 7 
20180620703 10 1 5 7 4 2 8 3 6 9 
20180620704 2 3 7 10 1 9 6 4 8 5 
20180620705 9 8 4 6 10 5 1 7 2 3 
20180620706 10 6 3 7 4 9 8 5 2 1 
20180620707 8 9 7 2 3 10 6 4 5 1 
20180620708 7 9 3 6 2 8 10 5 4 1 
20180620709 5 1 6 2 4 7 3 9 10 8 
20180620710 1 5 7 6 4 9 10 3 8 2 
20180620711 9 2 8 1 7 10 3 5 4 6 
20180620712 5 7 8 1 2 3 9 6 10 4 
20180620713 10 1 2 8 3 6 4 7 5 9 
20180620714 6 1 7 4 9 2 5 10 3 8 
20180620715 4 7 10 2 3 9 6 5 1 8 
20180620716 1 10 2 7 6 4 3 5 9 8 
20180620717 6 7 3 4 10 1 8 2 5 9 
20180620718 10 9 4 7 5 6 2 8 1 3 
20180620719 7 8 9 4 1 2 6 10 5 3 
20180620720 3 7 4 2 5 1 6 9 8 10 
20180620721 2 1 8 3 6 9 10 7 5 4 
20180620722 6 10 1 8 2 9 5 3 4 7 
20180620723 2 7 4 8 9 5 3 1 10 6 
20180620724 10 2 9 7 5 8 3 6 4 1 
20180620725 3 7 5 6 2 9 4 1 10 8 
20180620726 1 10 2 4 9 7 3 8 5 6 
20180620727 6 9 5 3 2 4 8 10 7 1 
20180620728 1 6 5 8 4 10 2 7 3 9 
20180620729 7 1 4 10 2 9 5 6 8 3 
20180620730 1 8 7 10 2 3 5 9 6 4 
20180620731 10 1 5 4 6 2 8 9 7 3 
20180620732 3 1 6 10 2 4 8 7 5 9 
20180620733 2 7 9 1 4 3 5 10 6 8 
20180620734 4 8 9 2 5 3 6 1 10 7 
20180620735 7 5 10 6 3 8 1 9 2 4 
20180620736 6 3 7 9 2 10 5 1 4 8 
20180620737 10 9 3 8 2 5 1 4 6 7 
20180620738 1 10 6 4 9 3 8 5 7 2 
20180620739 2 1 7 6 9 10 8 5 4 3 
20180620740 2 7 5 1 10 8 4 9 3 6 
20180620741 6 4 7 10 5 3 2 9 8 1 
20180620742 9 10 1 7 8 3 4 5 6 2 
20180620743 9 1 6 2 10 5 7 4 8 3 
20180620744 9 10 2 1 3 4 8 6 5 7 
20180620745 5 4 9 1 3 8 6 7 2 10 
20180620746 10 6 7 1 2 5 3 9 8 4 
20180620747 10 2 1 4 3 7 5 6 9 8 
20180620748 5 3 7 6 10 1 2 9 8 4 
20180620749 2 5 9 3 10 6 1 8 4 7 
20180620750 9 10 3 7 8 1 5 6 4 2 
20180620751 3 5 6 1 9 7 10 2 4 8 
20180620752 3 10 5 4 1 6 7 2 9 8 
20180620753 5 8 10 4 6 3 9 2 1 7 
20180620754 5 9 7 8 10 1 2 4 3 6 
20180620755 1 8 7 10 6 2 3 4 9 5 
20180620756 3 6 10 9 4 8 7 2 1 5 
20180620757 5 8 10 7 2 4 1 9 6 3 
20180620758 1 8 2 4 9 7 10 6 5 3 
20180620759 5 7 8 4 10 9 2 3 1 6 
20180620760 2 1 5 6 9 8 10 4 7 3 
20180620761 1 6 5 4 3 7 9 10 2 8 
20180620762 4 2 6 9 5 10 3 7 1 8 
20180620763 6 9 5 2 10 7 4 8 3 1 
20180620764 3 10 2 9 1 4 5 7 6 8 
20180620765 9 7 4 5 8 3 10 6 1 2 
20180620766 6 2 1 8 3 9 7 4 5 10 
20180620767 2 5 8 1 3 10 4 6 9 7 
20180620768 1 10 4 2 3 7 9 6 8 5 
20180620769 6 10 7 9 2 4 5 8 3 1 
20180620770 7 5 1 3 2 10 8 4 6 9 
20180620771 6 10 5 9 8 2 7 3 1 4 
20180620772 9 6 7 10 3 5 8 4 1 2 
20180620773 1 9 2 3 6 10 7 5 4 8 
20180620774 7 5 6 8 10 2 3 4 9 1 
20180620775 10 5 1 2 3 9 7 8 4 6 
20180620776 8 10 7 2 3 5 1 9 4 6 
20180620777 5 9 8 4 6 1 3 10 7 2 
20180620778 3 8 9 6 4 10 7 2 5 1 
20180620779 9 4 6 1 10 7 5 2 8 3 
20180620780 4 3 2 6 8 5 9 7 10 1 
20180620781 5 4 9 8 2 7 10 6 3 1 
20180620782 6 2 10 9 1 3 7 4 5 8 
20180620783 10 2 7 5 9 1 4 8 6 3 
20180620784 7 8 1 3 10 4 5 2 6 9 
20180620785 7 8 5 9 1 6 3 2 4 10 
20180620786 1 8 5 3 7 9 2 4 6 10 
20180620787 8 1 7 5 6 9 3 4 10 2 
20180620788 6 3 2 8 5 9 10 4 7 1 
20180620789 10 1 6 5 2 7 9 3 8 4 
20180620790 5 1 7 10 9 3 8 2 4 6 
20180620791 2 8 5 9 6 3 10 4 1 7 
20180620792 4 3 9 5 10 6 7 8 2 1 
20180620793 3 4 10 8 6 1 2 9 7 5 
20180620794 5 4 1 2 6 7 3 9 8 10 
20180620795 10 4 8 3 9 5 1 2 7 6 
20180620796 3 6 7 1 10 5 4 2 9 8 
20180620797 8 4 9 1 3 5 2 6 7 10 
20180620798 2 9 1 7 4 3 5 8 6 10 
20180620799 8 4 1 6 3 9 2 10 7 5 
20180620800 7 4 5 10 2 6 3 1 9 8 
20180620801 7 5 10 4 2 3 1 9 6 8 
20180620802 3 6 2 5 7 8 1 10 4 9 
20180620803 2 6 1 8 4 7 5 10 3 9 
20180620804 7 10 1 2 3 9 4 8 6 5 
20180620805 1 3 5 10 6 9 7 4 2 8 
20180620806 4 7 2 10 9 1 6 3 8 5 
20180620807 10 5 1 3 4 8 2 7 6 9 
20180620808 6 9 3 10 5 7 4 2 1 8 
20180620809 6 1 5 9 2 10 4 3 8 7 
20180620810 8 5 2 9 6 4 10 1 7 3 
20180620811 3 9 8 7 6 1 5 2 10 4 
20180620812 7 2 3 10 5 9 8 1 6 4 
20180620813 2 6 1 7 3 5 4 10 8 9 
20180620814 6 10 3 8 4 5 1 7 9 2 
20180620815 9 4 2 5 7 3 1 10 6 8 
20180620816 8 2 10 1 9 7 4 6 5 3 
20180620817 8 9 6 7 5 3 1 10 2 4 
20180620818 8 9 2 5 10 7 4 1 6 3 
20180620819 3 9 5 2 6 1 8 7 10 4 
20180620820 3 7 2 9 1 6 4 10 5 8 
20180620821 1 2 4 5 3 8 9 10 7 6 
20180620822 4 9 2 6 8 5 10 7 3 1 
20180620823 9 8 3 6 10 1 2 4 5 7 
20180620824 1 8 9 5 10 6 2 3 4 7 
20180620825 5 10 6 2 8 9 7 3 4 1 
20180620826 10 5 7 8 6 1 3 4 2 9 
20180620827 3 10 6 1 4 5 9 2 8 7 
20180620828 8 1 3 10 6 5 7 4 2 9 
20180620829 6 8 4 2 9 5 1 3 7 10 
20180620830 7 1 8 2 4 10 3 9 6 5 
20180620831 2 10 6 9 3 1 7 5 4 8 
20180620832 3 4 7 2 6 8 10 9 5 1 
20180620833 3 10 4 6 2 7 9 8 5 1 
20180620834 3 2 8 5 4 6 1 9 7 10 
20180620835 10 9 2 3 7 6 4 8 5 1 
20180620836 1 3 7 10 2 8 9 5 6 4 
20180620837 2 6 8 4 5 10 7 9 1 3 
20180620838 2 4 6 5 3 10 7 8 1 9 
20180620839 2 1 10 9 7 5 4 3 6 8 
20180620840 2 7 8 6 3 9 5 4 10 1 
20180620841 5 3 6 4 7 8 2 1 9 10 
20180620842 7 5 4 8 6 10 2 9 3 1 
20180620843 5 6 8 4 9 10 3 7 2 1 
20180620844 3 5 2 1 4 8 9 6 7 10 
20180620845 5 8 6 2 4 3 9 10 1 7 
20180620846 10 5 4 3 7 8 2 6 9 1 
20180620847 6 2 8 1 10 4 3 9 7 5 
20180620848 6 10 8 2 4 1 7 5 3 9 
20180620849 5 6 7 1 3 8 10 2 9 4 
20180620850 3 7 5 1 2 4 9 8 6 10 
20180620851 8 2 9 3 4 1 10 5 6 7 
20180620852 7 5 8 3 6 1 2 10 9 4 
20180620853 10 5 6 2 4 8 9 3 7 1 
20180620854 2 6 4 5 7 9 1 10 8 3 
20180620855 2 5 3 8 6 1 10 9 4 7 
20180620856 7 10 6 2 9 5 1 4 3 8 
20180620857 8 1 6 7 5 4 2 3 9 10 
20180620858 6 5 8 2 10 4 7 1 9 3 
20180620859 9 6 1 7 3 4 10 8 5 2 
20180620860 1 2 7 5 4 10 6 8 9 3 
20180620861 7 4 1 8 9 6 5 2 10 3 
20180620862 6 3 9 4 7 5 2 8 1 10 
20180620863 6 8 9 4 5 3 10 2 7 1 
20180620864 6 5 2 1 10 4 3 7 9 8 
20180620865 10 5 2 1 4 9 6 3 8 7 
20180620866 3 2 8 4 5 9 10 6 1 7 
20180620867 7 4 8 10 6 9 2 5 3 1 
20180620868 2 7 3 1 8 6 10 9 5 4 
20180620869 5 4 9 3 7 8 2 1 6 10 
20180620870 9 6 2 3 1 4 10 7 5 8 
20180620871 4 2 1 5 8 7 9 10 6 3 
20180620872 8 9 3 5 2 6 7 1 4 10 
20180620873 2 4 5 9 7 10 3 6 8 1 
20180620874 8 7 9 6 1 5 2 10 4 3 
20180620875 5 6 10 2 3 7 4 1 8 9 
20180620876 5 2 1 9 4 3 7 10 6 8 
20180620877 2 7 9 8 6 3 10 1 4 5 
20180620878 6 5 7 10 9 1 8 3 2 4 
20180620879 10 4 2 3 1 6 5 7 8 9 
20180620880 5 2 10 3 1 6 7 9 8 4 
20180620881 7 2 3 6 10 1 5 9 8 4 
20180620882 8 5 6 3 9 10 2 7 1 4 
20180620883 3 1 5 2 10 4 7 9 6 8 
20180620884 7 1 9 10 3 6 8 2 5 4 
20180620885 3 9 1 8 10 2 5 4 6 7 
20180620886 2 5 7 6 3 8 10 1 4 9 
20180620887 7 5 2 9 1 6 10 8 3 4 
20180620888 3 2 4 6 7 10 5 9 1 8 
20180620889 1 4 10 3 2 9 5 6 7 8 
20180620890 5 1 9 7 2 6 3 8 10 4 
20180620891 8 10 7 1 9 2 3 5 6 4 
20180620892 10 6 5 9 4 3 1 8 7 2 
20180620893 9 3 2 10 8 5 4 6 7 1 
20180620894 7 5 9 4 3 2 6 8 10 1 
20180620895 3 9 1 6 10 7 5 8 2 4 
20180620896 4 2 3 5 7 1 9 6 8 10 
20180620897 8 2 7 9 4 1 6 5 10 3 
20180620898 8 5 7 10 3 4 9 6 1 2 
20180620899 10 8 7 2 9 3 5 4 1 6 
20180620900 10 9 5 3 2 8 7 6 1 4 
20180620901 9 10 1 5 7 3 6 2 4 8 
20180620902 5 4 2 3 10 7 9 1 6 8 
20180620903 6 5 1 10 7 9 8 2 3 4 
20180620904 3 9 2 6 5 10 1 8 4 7 
20180620905 1 9 2 4 8 6 3 10 5 7 
20180620906 2 6 7 10 5 8 4 1 9 3 
20180620907 10 7 1 4 9 5 8 6 3 2 
20180620908 10 8 3 5 9 1 4 7 2 6 
20180620909 2 1 7 6 10 9 3 8 5 4 
20180620910 7 2 1 8 3 5 6 4 10 9 
20180620911 9 2 1 7 8 4 3 10 6 5 
20180620912 7 10 1 8 3 9 4 2 6 5 
20180620913 2 10 1 6 4 7 5 9 8 3 
20180620914 6 4 7 10 1 9 8 5 2 3 
20180620915 8 3 2 6 4 7 1 9 10 5 
20180620916 2 1 5 8 6 3 7 10 4 9 
20180620917 1 7 2 6 3 8 4 9 10 5 
20180620918 5 10 9 2 1 3 7 6 4 8 
20180620919 9 7 6 8 4 3 10 5 1 2 
20180620920 5 2 4 9 6 7 1 8 10 3 
20180620921 9 8 6 7 1 2 5 10 4 3 
20180620922 1 6 10 7 4 2 9 8 5 3 
20180620923 10 4 5 1 9 7 8 2 3 6 
20180620924 4 3 1 5 9 10 8 6 7 2 
20180620925 9 6 1 8 7 10 4 5 2 3 
20180620926 8 7 2 3 1 6 4 5 9 10 
20180620927 7 3 2 4 6 5 8 9 1 10 
20180620928 1 4 6 5 8 10 7 3 9 2 
20180620929 5 10 8 6 1 7 4 9 3 2 
20180620930 1 10 6 2 7 3 9 4 8 5 
20180620931 8 9 5 4 7 10 2 1 6 3 
20180620932 3 7 5 2 1 6 10 8 9 4 
20180620933 7 3 2 4 9 6 10 8 5 1 
20180620934 3 8 6 1 10 2 7 9 5 4 
20180620935 5 6 3 7 8 10 4 1 2 9 
20180620936 6 9 8 1 10 4 5 3 7 2 
20180620937 9 5 2 7 4 1 10 3 6 8 
20180620938 7 4 5 1 8 9 6 3 10 2 
20180620939 2 9 1 8 3 6 4 7 5 10 
20180620940 7 3 9 10 1 4 5 8 2 6 
20180620941 9 8 2 10 5 4 1 6 7 3 
20180620942 10 8 5 1 9 3 6 7 4 2 
20180620943 3 8 2 6 1 5 9 4 7 10 
20180620944 10 1 5 8 2 3 4 6 7 9 
20180620945 1 4 5 10 7 9 6 3 8 2 
20180620946 3 2 5 8 7 10 1 4 9 6 
20180620947 2 8 7 4 6 10 9 3 5 1 
20180620948 9 2 7 3 6 10 4 1 8 5 
20180620949 8 10 3 1 4 2 9 7 5 6 
20180620950 6 9 4 1 7 5 2 10 3 8 
20180620951 8 3 7 6 9 5 10 1 2 4 
20180620952 10 9 8 1 7 3 2 4 5 6 
20180620953 6 7 1 8 4 9 5 10 3 2 
20180620954 2 4 10 7 5 6 8 1 3 9 
20180620955 9 6 8 3 10 4 2 5 7 1 
20180620956 1 2 5 6 4 8 3 10 9 7 
20180620957 5 7 8 3 10 9 4 2 1 6 
20180620958 3 1 7 10 2 5 4 6 9 8 
20180620959 1 10 6 3 7 5 4 9 8 2 
20180620960 10 3 9 6 1 5 7 2 4 8 
20180620961 5 9 10 1 3 2 4 6 8 7 
20180620962 4 3 2 7 6 1 5 9 8 10 
20180620963 5 8 2 3 6 4 9 1 7 10 
20180620964 9 8 1 6 7 4 5 10 3 2 
20180620965 10 9 8 1 2 3 4 6 5 7 
20180620966 6 2 8 9 10 3 1 7 4 5 
20180620967 1 4 8 5 10 7 6 9 3 2 
20180620968 6 3 1 8 5 4 9 2 10 7 
20180620969 3 4 1 10 9 6 5 7 2 8 
20180620970 4 1 3 2 6 8 10 7 5 9 
20180620971 8 9 5 3 7 1 10 2 4 6 
20180620972 2 5 1 9 10 8 7 6 3 4 
20180620973 7 6 10 8 2 9 1 4 3 5 
20180620974 10 4 7 6 2 1 5 3 9 8 
20180620975 5 6 8 10 1 4 2 7 3 9 
20180620976 8 5 7 1 6 4 3 9 2 10 
20180620977 3 10 8 7 6 4 5 2 9 1 
20180620978 4 9 7 5 1 8 6 10 3 2 
20180620979 4 6 8 10 9 2 1 3 7 5 
20180620980 7 6 9 3 2 8 1 4 5 10 
20180620981 5 10 6 2 1 9 3 8 4 7 
20180620982 4 6 2 1 7 8 9 10 5 3 
20180620983 4 2 5 9 7 1 3 8 6 10 
20180620984 9 6 1 4 2 5 8 3 7 10 
20180620985 9 2 7 6 4 8 3 10 1 5 
