20180614001 6 7 3 2 10 5 4 1 9 8 
20180614002 8 1 6 5 7 3 9 10 4 2 
20180614003 7 5 6 9 2 3 4 10 1 8 
20180614004 4 2 8 6 3 1 7 5 10 9 
20180614005 6 1 5 8 10 4 2 7 3 9 
20180614006 8 2 9 5 7 4 6 10 1 3 
20180614007 1 9 8 6 4 2 3 5 10 7 
20180614008 5 9 3 4 2 7 6 10 1 8 
20180614009 9 7 6 10 4 5 8 2 1 3 
20180614010 9 8 1 10 3 2 4 5 6 7 
20180614011 6 8 4 9 3 5 2 1 7 10 
20180614012 10 1 3 5 4 6 9 2 8 7 
20180614013 2 9 5 7 4 1 10 8 6 3 
20180614014 10 9 2 8 1 7 5 4 3 6 
20180614015 7 5 10 3 6 1 4 9 8 2 
20180614016 1 6 4 7 2 8 5 3 10 9 
20180614017 1 4 8 9 10 6 2 5 3 7 
20180614018 7 6 10 3 5 8 2 4 1 9 
20180614019 2 10 1 7 9 4 3 6 5 8 
20180614020 8 5 6 2 9 1 10 3 4 7 
20180614021 8 7 5 3 4 6 2 10 9 1 
20180614022 6 2 7 3 5 1 9 10 8 4 
20180614023 10 4 6 8 3 7 5 1 2 9 
20180614024 3 6 8 4 2 5 7 9 10 1 
20180614025 9 8 4 6 10 2 1 3 7 5 
20180614026 4 5 10 3 1 6 2 7 9 8 
20180614027 2 6 7 10 5 9 8 3 1 4 
20180614028 10 5 3 4 8 9 1 7 2 6 
20180614029 9 6 2 4 10 1 7 3 5 8 
20180614030 3 4 9 6 8 10 2 5 1 7 
20180614031 5 2 4 3 7 10 8 9 6 1 
20180614032 6 1 9 5 2 10 8 3 4 7 
20180614033 5 6 9 8 10 7 2 3 4 1 
20180614034 10 1 9 3 5 2 7 4 6 8 
20180614035 5 3 1 9 7 10 2 4 8 6 
20180614036 6 1 2 10 4 8 5 3 9 7 
20180614037 7 9 1 6 2 3 10 5 8 4 
20180614038 3 2 5 6 10 9 4 1 8 7 
20180614039 3 5 2 8 10 6 1 9 4 7 
20180614040 1 5 9 4 10 7 3 6 2 8 
20180614041 4 10 7 5 3 6 8 1 9 2 
20180614042 6 7 9 10 4 2 3 1 5 8 
20180614043 8 9 2 10 1 5 6 7 4 3 
20180614044 10 8 4 6 5 1 3 7 2 9 
20180614045 2 7 3 5 6 4 9 10 8 1 
20180614046 7 9 1 4 10 2 5 8 6 3 
20180614047 10 2 1 8 3 9 5 4 7 6 
20180614048 3 6 9 1 10 5 8 4 2 7 
20180614049 5 9 6 1 8 2 3 7 4 10 
20180614050 4 7 6 2 8 1 3 10 9 5 
20180614051 4 7 9 3 1 8 6 5 10 2 
20180614052 10 7 2 8 9 6 3 1 5 4 
20180614053 7 4 10 6 1 9 2 8 5 3 
20180614054 4 3 8 2 9 6 7 5 1 10 
20180614055 3 5 4 1 10 7 6 2 9 8 
20180614056 7 5 9 2 8 6 1 3 10 4 
20180614057 4 1 9 5 7 10 8 3 2 6 
20180614058 3 1 5 10 9 7 2 4 8 6 
20180614059 1 10 3 7 5 4 8 6 9 2 
20180614060 8 7 2 6 10 1 3 9 4 5 
20180614061 5 7 10 6 3 4 9 2 8 1 
20180614062 10 8 2 5 1 7 6 4 9 3 
20180614063 7 10 9 6 1 4 8 3 5 2 
20180614064 9 2 6 8 10 4 3 1 5 7 
20180614065 2 1 6 4 9 10 5 8 7 3 
20180614066 9 3 8 4 2 5 10 1 6 7 
20180614067 6 10 3 2 5 8 9 4 1 7 
20180614068 4 7 5 9 3 10 1 8 6 2 
20180614069 6 3 1 5 8 10 9 4 2 7 
20180614070 2 8 5 9 4 10 6 3 7 1 
20180614071 7 8 10 2 1 3 6 5 9 4 
20180614072 2 6 3 1 8 10 4 7 9 5 
20180614073 6 5 4 2 3 1 8 9 10 7 
20180614074 4 1 5 6 10 7 8 2 3 9 
20180614075 2 3 7 9 6 10 4 5 8 1 
20180614076 5 2 6 3 10 9 8 7 1 4 
20180614077 9 1 3 6 10 5 4 7 2 8 
20180614078 8 5 2 9 10 3 7 6 4 1 
20180614079 5 6 1 2 3 7 10 8 9 4 
20180614080 7 6 9 10 8 2 5 3 1 4 
20180614081 3 8 6 4 5 9 7 1 2 10 
20180614082 1 5 2 9 6 7 4 8 3 10 
20180614083 9 6 1 8 7 10 5 4 3 2 
20180614084 7 5 10 9 3 8 1 4 6 2 
20180614085 9 7 10 2 5 1 4 6 3 8 
20180614086 10 1 7 4 6 2 3 8 9 5 
20180614087 9 3 6 1 8 2 10 5 4 7 
20180614088 6 1 2 9 8 10 4 7 3 5 
20180614089 9 7 1 5 10 8 6 4 3 2 
20180614090 7 5 8 4 6 10 9 3 2 1 
20180614091 3 8 5 9 2 4 6 10 7 1 
20180614092 9 2 5 10 8 4 1 3 6 7 
20180614093 5 10 3 2 9 8 1 4 6 7 
20180614094 10 5 1 4 3 2 8 9 6 7 
20180614095 5 3 8 1 10 7 4 2 9 6 
20180614096 5 6 2 1 10 4 7 3 8 9 
20180614097 3 2 4 1 6 7 8 9 10 5 
20180614098 8 2 5 7 1 6 4 10 3 9 
20180614099 6 3 10 5 2 7 1 4 9 8 
20180614100 5 8 7 4 2 1 6 3 10 9 
20180614101 7 10 3 4 8 6 9 1 2 5 
20180614102 6 10 8 2 4 9 5 7 1 3 
20180614103 7 5 6 3 8 1 9 4 2 10 
20180614104 10 2 7 5 6 1 9 3 4 8 
20180614105 6 5 9 2 1 10 7 3 8 4 
20180614106 1 10 7 2 3 5 6 4 8 9 
20180614107 5 2 3 1 6 10 9 4 7 8 
20180614108 2 5 8 9 3 7 1 4 10 6 
20180614109 1 3 2 8 4 10 7 6 9 5 
20180614110 4 2 5 6 9 7 8 1 3 10 
20180614111 8 1 4 9 5 7 2 3 10 6 
20180614112 7 2 4 5 8 10 6 9 3 1 
20180614113 8 3 4 5 6 1 10 9 2 7 
20180614114 4 9 5 3 8 2 6 10 1 7 
20180614115 6 1 8 7 2 3 5 4 10 9 
20180614116 7 4 2 1 6 5 3 10 8 9 
20180614117 1 3 5 6 4 2 10 9 8 7 
20180614118 10 3 6 7 5 8 9 2 4 1 
20180614119 1 2 6 8 9 4 3 7 10 5 
20180614120 3 10 7 1 9 4 2 5 6 8 
20180614121 3 7 6 9 10 1 4 2 5 8 
20180614122 10 4 8 3 1 2 9 7 5 6 
20180614123 4 1 10 7 5 2 9 8 3 6 
20180614124 1 9 4 2 3 10 7 6 8 5 
20180614125 8 7 1 5 6 9 10 3 2 4 
20180614126 10 7 6 1 8 3 2 4 9 5 
20180614127 1 9 6 3 2 10 4 7 5 8 
20180614128 4 9 6 7 8 5 2 10 1 3 
20180614129 5 4 8 9 7 3 2 1 10 6 
20180614130 7 5 1 8 10 6 2 4 3 9 
20180614131 7 3 5 10 2 1 8 9 4 6 
20180614132 8 2 10 3 5 4 1 6 9 7 
20180614133 2 6 8 10 9 5 1 7 3 4 
20180614134 2 9 5 3 4 7 8 1 10 6 
20180614135 7 6 5 8 4 1 10 9 3 2 
20180614136 2 3 6 5 8 1 10 9 4 7 
20180614137 9 2 5 6 10 7 1 8 3 4 
20180614138 7 2 6 1 10 8 5 4 3 9 
20180614139 5 7 9 10 1 2 6 4 3 8 
20180614140 5 3 2 1 6 10 9 4 7 8 
20180614141 10 5 3 7 9 6 4 8 1 2 
20180614142 4 6 8 10 5 1 9 3 7 2 
20180614143 8 5 1 4 10 3 7 6 2 9 
20180614144 4 3 8 5 10 1 9 2 7 6 
20180614145 7 2 8 3 5 1 9 10 6 4 
20180614146 3 1 10 4 2 8 9 5 7 6 
20180614147 2 1 5 7 8 4 9 10 3 6 
20180614148 1 8 2 5 9 6 4 3 7 10 
20180614149 2 9 5 6 7 10 4 1 3 8 
20180614150 3 6 2 5 8 7 9 1 10 4 
20180614151 8 3 9 1 7 2 5 10 6 4 
20180614152 10 2 4 6 8 5 9 7 3 1 
20180614153 7 4 5 6 10 2 1 3 9 8 
20180614154 4 7 9 2 5 6 8 10 3 1 
20180614155 8 2 9 7 4 1 6 3 5 10 
20180614156 8 7 5 1 4 2 9 10 6 3 
20180614157 8 10 1 2 6 7 4 3 9 5 
20180614158 3 10 4 6 9 8 7 5 2 1 
20180614159 6 3 4 10 9 7 8 5 1 2 
20180614160 3 10 9 8 4 1 6 5 7 2 
20180614161 3 9 4 1 6 5 8 2 7 10 
20180614162 1 6 3 9 4 8 10 7 5 2 
20180614163 5 2 9 8 6 1 7 3 10 4 
20180614164 6 3 1 10 4 9 8 5 7 2 
20180614165 1 4 2 6 5 7 8 9 3 10 
20180614166 9 2 1 5 6 4 10 8 7 3 
20180614167 8 1 3 2 6 9 4 7 10 5 
20180614168 4 3 7 9 6 8 5 10 1 2 
20180614169 6 9 1 8 10 4 7 5 3 2 
20180614170 2 1 4 10 6 5 9 3 7 8 
20180614171 7 1 8 10 4 5 2 9 6 3 
20180614172 8 1 10 4 6 5 2 3 7 9 
20180614173 5 4 2 1 10 8 7 9 3 6 
20180614174 10 8 5 6 9 4 1 2 7 3 
20180614175 1 10 5 4 9 8 7 2 6 3 
20180614176 7 6 8 1 4 10 9 2 3 5 
20180614177 8 2 7 3 5 9 1 10 6 4 
20180614178 7 6 10 8 9 3 2 5 1 4 
20180614179 8 10 4 1 6 9 3 5 7 2 
20180614180 6 9 1 7 10 5 3 2 4 8 
20180614181 4 6 10 7 5 3 8 9 1 2 
20180614182 1 8 2 7 4 9 5 10 3 6 
20180614183 5 9 2 3 6 4 7 8 10 1 
20180614184 3 6 5 10 2 1 9 7 8 4 
20180614185 9 4 10 1 2 6 7 3 5 8 
20180614186 8 9 10 4 7 3 2 1 5 6 
20180614187 7 10 5 9 2 1 8 4 3 6 
20180614188 1 6 10 2 8 3 5 4 7 9 
20180614189 10 5 9 2 6 4 7 3 8 1 
20180614190 10 2 8 6 3 7 5 9 4 1 
20180614191 1 8 3 5 9 7 2 10 4 6 
20180614192 8 9 3 1 2 6 10 7 4 5 
20180614193 1 8 2 6 5 3 4 7 10 9 
20180614194 8 4 3 2 7 6 5 10 1 9 
20180614195 8 1 10 9 2 5 7 6 3 4 
20180614196 9 7 1 4 8 6 10 5 2 3 
20180614197 2 7 9 3 5 10 4 8 6 1 
20180614198 9 6 8 1 10 2 4 5 3 7 
20180614199 7 10 2 1 8 6 3 5 4 9 
20180614200 7 3 9 6 4 2 10 5 1 8 
20180614201 4 1 5 2 10 7 6 8 3 9 
20180614202 3 4 9 7 10 1 8 5 6 2 
20180614203 8 5 4 3 6 9 1 2 10 7 
20180614204 2 6 7 5 8 9 4 1 10 3 
20180614205 6 8 9 2 1 10 4 7 5 3 
20180614206 5 3 4 6 10 2 1 9 8 7 
20180614207 8 5 7 6 1 2 10 9 4 3 
20180614208 4 5 9 10 2 7 8 6 3 1 
20180614209 9 6 3 4 1 8 10 7 5 2 
20180614210 3 10 5 1 8 2 6 9 7 4 
20180614211 7 2 4 6 9 5 10 1 3 8 
20180614212 6 1 10 8 7 3 4 2 9 5 
20180614213 5 8 3 9 10 2 4 6 1 7 
20180614214 8 2 5 1 9 10 3 6 7 4 
20180614215 7 5 8 6 4 3 1 2 9 10 
20180614216 9 8 10 6 1 4 5 3 2 7 
20180614217 3 5 2 10 9 8 7 4 1 6 
20180614218 4 2 1 6 8 10 3 5 7 9 
20180614219 5 4 1 7 2 3 9 10 8 6 
20180614220 9 1 10 6 5 7 2 4 3 8 
20180614221 3 4 8 10 7 9 5 1 2 6 
20180614222 6 7 3 1 9 2 5 8 4 10 
20180614223 10 7 3 4 9 1 2 6 8 5 
20180614224 7 10 2 5 1 8 6 4 3 9 
20180614225 4 9 1 6 5 10 7 8 3 2 
20180614226 7 8 9 2 4 5 6 1 3 10 
20180614227 3 6 4 8 9 10 5 7 2 1 
20180614228 2 5 8 6 4 10 7 1 3 9 
20180614229 9 6 7 3 5 10 4 8 1 2 
20180614230 5 3 10 1 8 7 4 2 6 9 
20180614231 7 9 3 8 2 10 1 6 5 4 
20180614232 10 1 4 8 2 7 9 5 6 3 
20180614233 10 3 8 1 9 6 7 2 5 4 
20180614234 4 9 1 7 5 10 8 3 6 2 
20180614235 6 8 1 7 5 2 4 9 3 10 
20180614236 1 5 2 4 3 7 10 6 9 8 
20180614237 2 4 5 7 8 9 1 6 3 10 
20180614238 8 5 9 1 3 6 2 4 10 7 
20180614239 7 3 6 5 1 10 2 9 8 4 
20180614240 8 9 5 6 1 4 2 3 7 10 
20180614241 6 2 9 3 8 5 10 1 4 7 
20180614242 2 4 3 5 6 7 1 9 8 10 
20180614243 1 10 8 6 3 7 9 4 2 5 
20180614244 8 4 2 1 7 6 9 10 3 5 
20180614245 4 2 1 10 5 3 8 9 6 7 
20180614246 10 1 6 5 4 2 3 8 9 7 
20180614247 7 5 4 9 1 6 3 10 8 2 
20180614248 9 5 4 2 6 3 8 1 7 10 
20180614249 1 8 3 9 5 10 2 4 6 7 
20180614250 4 2 6 9 5 8 10 7 1 3 
20180614251 1 5 6 4 2 9 3 7 10 8 
20180614252 4 3 6 1 7 8 10 9 5 2 
20180614253 3 1 9 2 10 8 6 4 5 7 
20180614254 10 7 4 3 6 5 9 8 1 2 
20180614255 6 5 8 4 1 10 3 9 7 2 
20180614256 4 5 9 7 10 8 3 1 6 2 
20180614257 10 3 5 1 9 7 4 6 2 8 
20180614258 4 1 5 8 6 7 10 2 3 9 
20180614259 7 5 1 10 4 8 6 9 2 3 
20180614260 6 9 3 5 7 8 4 1 2 10 
20180614261 10 3 5 7 2 8 6 4 1 9 
20180614262 1 9 7 8 2 4 6 5 10 3 
20180614263 5 1 6 3 2 10 4 9 8 7 
20180614264 9 4 5 7 2 6 10 1 3 8 
20180614265 9 2 3 6 1 10 4 7 5 8 
20180614266 5 3 4 9 7 1 6 8 10 2 
20180614267 10 5 2 8 6 3 4 1 7 9 
20180614268 10 5 3 4 7 9 2 8 6 1 
20180614269 8 7 3 9 6 1 4 2 5 10 
20180614270 5 1 3 10 6 9 8 4 2 7 
20180614271 9 10 5 2 1 6 8 7 4 3 
20180614272 2 10 6 5 9 1 8 3 7 4 
20180614273 2 8 4 1 6 5 7 10 3 9 
20180614274 7 10 8 9 5 4 2 3 1 6 
20180614275 2 6 3 1 5 8 7 10 9 4 
20180614276 6 3 8 4 7 9 2 1 5 10 
20180614277 8 1 9 4 10 6 3 5 2 7 
20180614278 5 9 10 3 8 2 4 7 6 1 
20180614279 6 9 8 2 5 4 7 3 1 10 
20180614280 5 3 10 1 6 2 8 4 7 9 
20180614281 8 6 4 7 1 9 3 10 2 5 
20180614282 2 3 8 7 10 1 6 9 5 4 
20180614283 9 7 10 6 1 4 5 8 2 3 
20180614284 2 4 1 7 9 8 6 5 10 3 
20180614285 6 2 9 3 1 5 8 10 4 7 
20180614286 5 8 6 9 10 1 4 3 7 2 
20180614287 1 3 2 6 8 7 10 5 9 4 
20180614288 8 7 5 1 3 9 4 10 6 2 
20180614289 10 4 3 9 5 2 6 7 1 8 
20180614290 2 5 1 3 9 7 4 6 8 10 
20180614291 8 4 7 3 9 2 6 5 10 1 
20180614292 5 4 10 9 3 6 8 7 1 2 
20180614293 10 7 3 8 2 5 1 4 9 6 
20180614294 10 1 4 5 8 7 9 3 2 6 
20180614295 1 2 4 9 5 7 10 6 8 3 
20180614296 3 5 1 8 2 6 7 4 9 10 
20180614297 6 8 10 4 3 1 7 2 9 5 
20180614298 1 6 3 8 7 5 10 9 4 2 
20180614299 9 8 6 1 10 3 7 4 2 5 
20180614300 7 1 4 2 6 8 10 5 3 9 
20180614301 5 7 9 2 10 8 3 6 1 4 
20180614302 2 4 3 9 1 5 8 6 7 10 
20180614303 3 1 2 4 5 6 8 7 9 10 
20180614304 9 8 6 1 7 4 5 3 10 2 
20180614305 1 10 3 6 8 7 5 9 2 4 
20180614306 7 4 9 1 10 2 6 3 8 5 
20180614307 2 7 10 1 3 5 9 6 8 4 
20180614308 6 8 2 9 5 4 3 10 1 7 
20180614309 9 6 1 2 4 5 8 7 3 10 
20180614310 8 1 9 3 4 7 6 10 2 5 
20180614311 6 9 1 8 3 4 10 5 7 2 
20180614312 1 5 9 3 7 2 4 8 10 6 
20180614313 5 6 10 1 9 8 2 3 4 7 
20180614314 8 1 3 5 4 2 6 10 9 7 
20180614315 3 8 10 5 9 1 2 4 7 6 
20180614316 10 8 1 4 6 2 5 7 3 9 
20180614317 10 8 1 4 5 2 7 3 6 9 
20180614318 7 8 10 9 4 1 5 3 2 6 
20180614319 4 1 10 7 6 5 9 3 8 2 
20180614320 6 1 7 2 8 5 4 9 10 3 
20180614321 1 6 9 7 10 4 5 8 2 3 
20180614322 10 3 7 1 9 4 5 8 6 2 
20180614323 2 6 7 1 4 8 10 3 5 9 
20180614324 3 2 1 9 5 4 6 10 8 7 
20180614325 6 3 8 9 10 7 2 5 4 1 
20180614326 6 4 7 5 1 10 9 8 2 3 
20180614327 1 6 7 2 10 3 9 8 4 5 
20180614328 8 7 4 10 6 1 2 3 9 5 
20180614329 9 4 2 6 3 10 7 5 1 8 
20180614330 9 5 2 7 6 10 8 1 3 4 
20180614331 7 10 3 9 2 1 8 6 5 4 
20180614332 6 9 3 8 2 1 7 4 10 5 
20180614333 10 3 9 2 8 7 4 6 1 5 
20180614334 3 4 7 2 9 1 8 5 6 10 
20180614335 2 10 9 4 7 5 6 1 3 8 
20180614336 7 1 3 6 4 9 10 8 2 5 
20180614337 2 5 3 4 8 9 7 6 10 1 
20180614338 9 8 6 1 4 5 3 10 2 7 
20180614339 8 5 10 4 2 1 9 3 6 7 
20180614340 3 6 2 4 9 10 8 7 5 1 
20180614341 6 9 4 1 10 5 7 2 8 3 
20180614342 6 8 10 2 5 1 4 9 7 3 
20180614343 8 3 4 5 1 10 9 6 7 2 
20180614344 4 10 6 9 7 3 1 5 8 2 
20180614345 3 8 9 10 6 7 5 1 2 4 
20180614346 1 5 9 4 2 10 6 3 8 7 
20180614347 1 6 7 2 10 3 5 9 4 8 
20180614348 7 4 3 9 6 5 1 2 8 10 
20180614349 10 9 8 4 3 7 1 2 6 5 
20180614350 10 7 5 1 2 3 4 8 6 9 
20180614351 10 4 5 2 6 3 9 1 8 7 
20180614352 3 4 5 9 8 1 2 7 10 6 
20180614353 10 3 4 9 6 1 8 7 2 5 
20180614354 5 8 9 1 6 7 2 10 4 3 
20180614355 1 9 10 6 7 5 2 4 3 8 
20180614356 8 5 3 10 2 7 4 6 9 1 
20180614357 8 7 6 9 10 2 1 5 3 4 
20180614358 10 9 4 3 8 5 6 1 7 2 
20180614359 1 8 10 5 3 7 6 9 2 4 
20180614360 1 5 8 7 10 3 4 9 2 6 
20180614361 10 6 1 2 7 9 8 4 3 5 
20180614362 3 2 5 6 1 10 8 7 4 9 
20180614363 5 8 2 9 1 3 6 10 4 7 
20180614364 9 8 1 2 10 4 5 3 7 6 
20180614365 7 5 9 6 10 3 8 4 1 2 
20180614366 1 3 10 5 7 9 8 6 4 2 
20180614367 6 1 7 5 10 9 4 2 8 3 
20180614368 10 2 3 9 5 4 8 7 1 6 
20180614369 10 3 5 4 7 1 9 8 2 6 
20180614370 1 7 4 10 2 8 9 3 5 6 
20180614371 10 9 6 5 7 1 8 4 3 2 
20180614372 7 4 8 5 1 9 10 3 2 6 
20180614373 6 10 8 4 5 2 1 3 7 9 
20180614374 7 1 4 5 3 10 2 6 8 9 
20180614375 1 5 4 7 2 9 10 8 6 3 
20180614376 7 8 3 9 10 1 4 5 2 6 
20180614377 9 8 5 7 6 10 1 2 3 4 
20180614378 2 7 3 8 6 9 5 10 4 1 
20180614379 2 7 8 1 6 9 3 10 5 4 
20180614380 8 9 4 5 6 3 10 1 2 7 
20180614381 7 5 3 1 2 4 6 9 8 10 
20180614382 5 1 2 8 10 9 3 6 7 4 
20180614383 3 10 9 2 1 6 5 8 7 4 
20180614384 4 8 2 10 5 1 6 7 3 9 
20180614385 8 9 7 5 1 4 10 2 6 3 
20180614386 10 9 5 1 3 8 7 4 6 2 
20180614387 2 1 10 9 7 4 8 3 6 5 
20180614388 10 1 6 5 9 8 2 7 4 3 
20180614389 5 8 9 1 4 6 3 7 2 10 
20180614390 1 6 4 3 2 9 5 7 10 8 
20180614391 10 6 9 3 1 5 8 2 7 4 
20180614392 3 10 9 4 5 1 6 2 7 8 
20180614393 9 8 4 3 10 2 6 7 1 5 
20180614394 2 8 6 10 4 9 3 5 7 1 
20180614395 8 3 7 5 2 1 6 9 4 10 
20180614396 3 2 7 4 9 8 1 6 5 10 
20180614397 10 5 1 4 2 9 3 7 8 6 
20180614398 4 8 5 10 6 9 2 1 7 3 
20180614399 4 5 2 9 3 10 7 6 1 8 
20180614400 7 2 6 3 5 4 1 9 10 8 
20180614401 8 3 7 2 5 9 6 4 10 1 
20180614402 6 4 5 1 3 2 9 8 10 7 
20180614403 3 2 4 10 9 1 6 8 7 5 
20180614404 9 3 10 8 1 7 6 2 4 5 
20180614405 8 6 9 7 3 4 2 1 10 5 
20180614406 7 1 8 4 10 5 9 6 2 3 
20180614407 6 10 5 7 2 1 9 8 4 3 
20180614408 5 4 10 6 1 8 7 9 3 2 
20180614409 1 5 9 3 10 7 2 6 8 4 
20180614410 5 2 6 10 3 7 1 4 9 8 
20180614411 4 5 7 9 6 3 10 1 8 2 
20180614412 6 10 7 9 5 1 4 3 8 2 
20180614413 6 7 10 1 5 3 9 2 8 4 
20180614414 1 5 6 2 8 10 4 3 7 9 
20180614415 7 9 6 5 1 4 8 2 3 10 
20180614416 1 9 5 3 2 10 6 4 7 8 
20180614417 9 7 8 3 5 2 6 1 10 4 
20180614418 5 9 4 3 1 6 7 2 8 10 
20180614419 7 10 6 9 4 5 3 1 8 2 
20180614420 6 9 5 3 1 10 8 4 2 7 
20180614421 7 10 2 8 5 4 6 3 9 1 
20180614422 3 6 1 2 8 10 4 9 5 7 
20180614423 8 10 4 2 7 6 9 3 1 5 
20180614424 7 9 10 3 2 5 1 4 8 6 
20180614425 9 4 5 3 10 8 6 7 2 1 
20180614426 10 5 7 3 6 8 2 1 9 4 
20180614427 1 8 2 3 10 9 5 4 7 6 
20180614428 8 4 10 6 9 7 1 5 3 2 
20180614429 6 10 1 2 7 4 9 5 3 8 
20180614430 9 3 4 2 1 7 8 10 5 6 
20180614431 4 8 7 10 5 6 9 2 3 1 
20180614432 3 6 2 1 7 10 9 4 8 5 
20180614433 2 1 6 4 7 10 9 3 5 8 
20180614434 7 10 3 9 5 6 4 8 2 1 
20180614435 6 2 10 3 7 8 4 9 1 5 
20180614436 10 1 6 3 2 7 4 8 9 5 
20180614437 2 8 9 6 7 5 10 4 1 3 
20180614438 4 10 8 1 2 9 6 7 3 5 
20180614439 1 9 10 5 6 3 8 7 4 2 
20180614440 9 3 6 4 1 10 2 7 5 8 
20180614441 9 3 7 10 5 6 8 1 2 4 
20180614442 10 9 2 7 1 5 8 4 3 6 
20180614443 8 5 9 10 7 2 4 1 6 3 
20180614444 9 5 6 7 8 10 4 2 1 3 
20180614445 8 10 3 9 7 5 4 1 6 2 
20180614446 3 5 9 4 8 10 6 7 1 2 
20180614447 3 4 5 6 1 2 7 9 10 8 
20180614448 7 5 4 1 10 6 3 2 9 8 
20180614449 6 8 7 4 9 5 1 3 2 10 
20180614450 8 10 6 3 9 4 2 7 5 1 
20180614451 2 5 9 7 6 8 1 4 10 3 
20180614452 10 7 6 8 4 9 1 2 3 5 
20180614453 8 4 9 7 6 1 5 2 10 3 
20180614454 8 6 9 10 1 7 5 2 3 4 
20180614455 2 1 6 3 4 5 10 9 7 8 
20180614456 1 6 3 5 7 10 4 8 2 9 
20180614457 1 7 5 6 10 8 9 2 3 4 
20180614458 2 8 9 3 1 6 4 5 7 10 
20180614459 8 5 6 2 9 1 4 3 10 7 
20180614460 7 10 8 6 9 5 3 2 4 1 
20180614461 1 5 8 7 4 6 9 2 3 10 
20180614462 4 6 8 1 5 3 10 9 7 2 
20180614463 10 2 8 9 7 4 6 3 5 1 
20180614464 5 9 4 1 6 3 8 7 10 2 
20180614465 7 4 6 8 5 3 10 9 1 2 
20180614466 6 10 3 1 7 2 9 8 4 5 
20180614467 10 1 5 8 6 7 3 2 4 9 
20180614468 7 2 1 6 5 9 3 10 8 4 
20180614469 5 7 10 9 2 8 3 1 6 4 
20180614470 8 10 2 7 3 1 4 6 5 9 
20180614471 5 10 1 3 8 7 9 4 6 2 
20180614472 9 2 4 1 3 10 7 6 5 8 
20180614473 10 7 5 2 9 1 6 3 4 8 
20180614474 3 4 10 1 7 5 6 2 9 8 
20180614475 4 6 8 5 10 9 7 1 2 3 
20180614476 7 2 8 4 6 10 9 3 1 5 
20180614477 4 10 3 6 5 8 7 9 1 2 
20180614478 9 10 8 1 3 6 7 5 2 4 
20180614479 10 8 7 5 6 3 9 4 2 1 
20180614480 2 8 10 4 1 6 5 9 7 3 
20180614481 3 1 9 5 6 7 2 4 10 8 
20180614482 4 8 9 3 5 10 1 6 2 7 
20180614483 6 8 7 10 5 9 1 4 3 2 
20180614484 1 9 4 5 2 10 6 7 3 8 
20180614485 7 3 4 1 6 8 5 10 9 2 
20180614486 4 3 5 10 7 9 1 2 8 6 
20180614487 7 8 9 1 6 5 10 2 4 3 
20180614488 10 1 3 2 7 5 4 9 6 8 
20180614489 5 3 1 7 10 9 4 8 2 6 
20180614490 1 9 8 5 2 7 6 10 4 3 
20180614491 3 5 9 10 1 2 4 7 8 6 
20180614492 5 6 10 8 4 9 2 1 7 3 
20180614493 4 9 1 3 7 6 10 5 8 2 
20180614494 4 7 9 10 8 6 5 1 2 3 
20180614495 5 3 8 4 10 1 2 9 6 7 
20180614496 8 6 4 1 3 10 5 9 2 7 
20180614497 8 7 5 9 2 3 1 6 4 10 
20180614498 4 3 7 2 1 5 10 9 8 6 
20180614499 9 2 6 1 4 3 8 5 10 7 
20180614500 9 8 5 1 4 10 6 7 3 2 
20180614501 3 8 10 9 5 2 6 7 4 1 
20180614502 3 2 7 6 8 10 5 4 9 1 
20180614503 4 10 3 7 6 5 1 2 8 9 
20180614504 4 9 7 5 10 2 1 3 8 6 
20180614505 6 3 1 2 5 4 7 8 10 9 
20180614506 2 8 3 5 7 4 10 9 6 1 
20180614507 7 6 3 5 4 9 10 2 8 1 
20180614508 1 7 6 4 9 2 3 5 10 8 
20180614509 3 1 10 8 4 7 9 6 2 5 
20180614510 1 3 5 9 4 2 10 6 8 7 
20180614511 8 10 7 2 9 6 5 3 1 4 
20180614512 9 5 3 10 8 7 2 4 1 6 
20180614513 1 2 8 4 10 5 6 3 9 7 
20180614514 5 3 2 1 9 7 4 10 8 6 
20180614515 8 10 7 9 2 4 1 6 3 5 
20180614516 7 8 3 4 6 9 1 10 5 2 
20180614517 5 9 1 10 4 7 3 2 6 8 
20180614518 6 4 9 8 3 7 5 10 1 2 
20180614519 6 2 8 9 3 10 4 5 7 1 
20180614520 4 7 3 10 8 6 2 9 5 1 
20180614521 8 9 1 10 4 2 7 3 5 6 
20180614522 10 6 7 2 3 1 4 5 9 8 
20180614523 2 10 9 1 6 3 7 4 5 8 
20180614524 5 4 8 9 1 10 6 7 2 3 
20180614525 4 6 8 5 2 9 3 1 10 7 
20180614526 8 4 5 6 7 3 10 2 1 9 
20180614527 6 7 1 5 10 8 3 4 9 2 
20180614528 4 7 1 2 8 10 9 6 5 3 
20180614529 3 9 5 2 8 1 4 10 7 6 
20180614530 6 8 3 10 9 5 7 4 1 2 
20180614531 9 8 2 1 10 4 7 3 6 5 
20180614532 8 4 2 10 9 5 6 3 1 7 
20180614533 4 1 5 9 6 7 3 2 8 10 
20180614534 8 1 9 2 5 3 7 6 4 10 
20180614535 7 6 2 3 10 4 9 1 5 8 
20180614536 2 6 8 7 9 3 4 5 1 10 
20180614537 6 9 4 7 5 1 8 3 2 10 
20180614538 8 10 7 2 6 4 9 1 3 5 
20180614539 9 6 7 10 4 3 2 1 8 5 
20180614540 6 3 9 10 5 1 2 4 8 7 
20180614541 2 9 6 3 8 10 4 1 7 5 
20180614542 3 7 4 8 1 5 9 6 10 2 
20180614543 5 10 7 4 8 9 3 2 6 1 
20180614544 10 7 9 5 3 6 8 1 4 2 
20180614545 6 8 7 5 1 10 3 9 2 4 
20180614546 2 5 6 3 8 4 9 1 10 7 
20180614547 2 8 6 5 10 7 3 4 9 1 
20180614548 9 8 4 10 1 7 6 5 3 2 
20180614549 9 8 4 1 6 10 2 5 3 7 
20180614550 4 7 10 5 6 3 1 2 8 9 
20180614551 6 10 1 2 9 7 4 3 5 8 
20180614552 8 5 6 9 3 2 1 7 4 10 
20180614553 10 4 1 6 3 8 5 7 9 2 
20180614554 4 5 6 2 10 3 7 1 9 8 
20180614555 4 10 2 6 1 9 5 3 7 8 
20180614556 4 7 1 8 5 2 3 6 10 9 
20180614557 6 1 5 10 8 7 9 2 4 3 
20180614558 2 8 7 9 3 1 4 5 6 10 
20180614559 9 2 8 4 3 6 1 5 10 7 
20180614560 8 7 1 6 3 9 4 5 2 10 
20180614561 8 9 7 1 6 5 2 10 3 4 
20180614562 5 9 1 4 8 2 6 10 3 7 
20180614563 1 5 7 3 6 9 4 2 10 8 
20180614564 2 10 3 8 1 6 7 4 5 9 
20180614565 6 8 1 9 3 10 7 4 5 2 
20180614566 9 4 8 3 2 1 10 7 6 5 
20180614567 5 6 1 4 8 2 7 3 10 9 
20180614568 5 8 9 6 2 10 1 7 4 3 
20180614569 4 7 8 3 5 2 10 9 1 6 
20180614570 3 1 6 10 2 9 4 7 8 5 
20180614571 7 4 3 9 6 1 8 5 10 2 
20180614572 9 7 6 1 2 5 8 4 3 10 
20180614573 3 4 6 10 9 2 5 1 8 7 
20180614574 4 3 8 5 1 6 10 9 2 7 
20180614575 1 6 10 5 3 7 8 9 4 2 
20180614576 6 5 8 3 9 4 1 10 7 2 
20180614577 9 7 5 10 6 2 1 4 8 3 
20180614578 4 6 2 3 9 7 1 8 10 5 
20180614579 2 9 3 6 4 7 1 5 10 8 
20180614580 4 9 7 5 10 3 2 8 1 6 
20180614581 3 2 4 5 7 8 6 1 10 9 
20180614582 2 8 10 4 3 7 6 5 1 9 
20180614583 5 4 1 2 9 8 6 7 10 3 
20180614584 2 4 8 3 6 7 9 1 5 10 
20180614585 5 9 2 7 10 4 8 3 1 6 
20180614586 3 8 10 2 6 7 4 9 1 5 
20180614587 2 6 7 10 9 3 1 4 5 8 
20180614588 5 9 4 2 3 7 8 10 6 1 
20180614589 6 9 3 2 4 7 5 8 10 1 
20180614590 3 4 5 10 1 8 7 9 6 2 
20180614591 1 5 7 3 4 8 2 9 10 6 
20180614592 6 3 7 2 8 1 9 10 5 4 
20180614593 2 3 5 8 4 10 6 9 1 7 
20180614594 6 3 10 7 2 5 1 8 4 9 
20180614595 3 6 1 2 10 8 4 9 5 7 
20180614596 8 7 6 9 3 1 4 10 5 2 
20180614597 10 1 4 7 2 8 9 5 6 3 
20180614598 3 10 1 4 2 9 7 5 8 6 
20180614599 3 8 1 4 6 5 10 7 9 2 
20180614600 1 2 5 6 9 8 3 10 4 7 
20180614601 7 4 1 5 6 8 10 2 3 9 
20180614602 3 8 2 4 5 7 10 6 9 1 
20180614603 6 9 5 8 4 10 3 2 1 7 
20180614604 2 7 5 3 6 8 1 4 9 10 
20180614605 6 7 1 10 8 2 9 4 5 3 
20180614606 10 2 6 8 3 4 7 9 1 5 
20180614607 10 1 4 5 7 3 8 6 9 2 
20180614608 8 4 3 9 5 7 10 2 1 6 
20180614609 8 10 9 5 7 4 2 1 6 3 
20180614610 3 4 9 6 2 1 7 5 8 10 
20180614611 7 9 4 10 2 3 6 1 5 8 
20180614612 4 8 6 5 3 10 7 9 1 2 
20180614613 6 2 7 5 1 3 8 4 9 10 
20180614614 2 4 1 7 10 6 3 9 8 5 
20180614615 7 4 6 1 2 8 9 5 3 10 
20180614616 4 5 1 6 7 2 3 10 8 9 
20180614617 5 8 9 4 7 10 6 2 3 1 
20180614618 2 8 10 7 1 9 5 4 3 6 
20180614619 10 8 5 7 2 1 4 6 9 3 
20180614620 4 7 10 6 3 1 5 9 2 8 
20180614621 3 7 4 2 9 6 10 1 5 8 
20180614622 5 7 3 1 2 9 4 10 8 6 
20180614623 7 6 4 10 8 3 5 1 9 2 
20180614624 2 5 1 9 4 8 7 3 6 10 
20180614625 7 6 4 10 3 8 5 2 1 9 
20180614626 3 8 7 4 6 5 1 10 9 2 
20180614627 6 7 5 4 1 10 8 9 3 2 
20180614628 7 8 3 10 5 2 4 1 6 9 
20180614629 3 9 10 4 2 1 6 8 7 5 
20180614630 8 9 7 6 3 5 10 2 1 4 
20180614631 3 1 9 8 5 7 2 10 4 6 
20180614632 9 7 8 3 5 6 1 4 10 2 
20180614633 6 2 1 4 9 8 3 7 5 10 
20180614634 5 7 3 6 4 1 8 9 10 2 
20180614635 5 4 10 3 7 6 2 8 9 1 
20180614636 8 10 6 7 1 5 9 2 3 4 
20180614637 1 9 2 10 4 3 8 7 5 6 
20180614638 7 9 3 4 10 2 8 5 6 1 
20180614639 4 8 3 2 10 1 6 7 9 5 
20180614640 7 5 4 3 8 9 6 1 2 10 
20180614641 10 9 5 6 4 1 8 3 7 2 
20180614642 1 2 10 9 7 6 8 3 5 4 
20180614643 5 1 8 9 10 2 7 4 3 6 
20180614644 3 10 5 6 1 9 4 8 2 7 
20180614645 8 7 2 4 1 3 9 5 6 10 
20180614646 9 7 6 8 10 3 2 5 4 1 
20180614647 10 5 7 6 1 4 8 2 9 3 
20180614648 9 1 4 6 3 10 2 8 5 7 
20180614649 10 3 8 4 6 2 5 9 7 1 
20180614650 2 10 5 9 8 6 3 4 1 7 
20180614651 2 5 6 4 9 10 3 8 1 7 
20180614652 3 9 8 6 10 4 2 5 1 7 
20180614653 5 2 7 6 1 4 9 8 10 3 
20180614654 2 5 3 7 6 9 8 10 4 1 
20180614655 9 6 1 4 3 7 10 2 8 5 
20180614656 1 3 10 6 4 2 9 5 7 8 
20180614657 4 3 1 6 5 8 7 10 9 2 
20180614658 3 8 4 2 5 10 9 6 1 7 
20180614659 9 10 5 3 4 6 8 2 7 1 
20180614660 7 5 2 1 3 4 8 6 9 10 
20180614661 5 10 3 1 6 2 9 7 8 4 
20180614662 4 2 7 5 3 9 8 1 6 10 
20180614663 10 5 6 1 7 3 8 2 9 4 
20180614664 10 7 3 2 4 9 1 8 5 6 
20180614665 7 1 4 10 5 6 8 9 2 3 
20180614666 1 2 4 9 8 7 10 6 5 3 
20180614667 1 7 5 4 8 3 9 2 10 6 
20180614668 9 6 3 10 5 1 4 2 7 8 
20180614669 7 9 10 2 5 8 4 3 6 1 
20180614670 9 8 3 6 4 5 10 1 7 2 
20180614671 2 9 7 4 8 3 5 1 10 6 
20180614672 4 2 8 3 9 1 7 10 5 6 
20180614673 3 1 5 7 9 4 6 10 8 2 
20180614674 9 2 7 8 4 5 3 10 6 1 
20180614675 10 4 1 3 7 9 6 8 2 5 
20180614676 1 5 8 10 9 3 6 4 7 2 
20180614677 3 6 7 1 4 10 2 9 8 5 
20180614678 3 4 10 8 1 5 7 6 2 9 
20180614679 6 4 3 2 1 10 8 5 7 9 
20180614680 10 4 7 5 3 1 6 2 8 9 
20180614681 3 1 6 5 7 4 9 2 8 10 
20180614682 1 6 7 3 9 5 2 8 4 10 
20180614683 1 6 5 10 9 7 2 4 3 8 
20180614684 10 2 3 7 4 9 5 1 8 6 
20180614685 1 7 10 3 2 6 8 9 4 5 
20180614686 10 7 6 8 4 2 1 3 9 5 
20180614687 6 1 5 7 10 4 9 2 8 3 
20180614688 1 5 7 6 3 4 8 9 10 2 
20180614689 9 8 7 6 1 2 4 10 5 3 
20180614690 2 9 4 1 3 8 7 10 5 6 
20180614691 1 5 9 4 10 2 8 6 7 3 
20180614692 2 5 1 3 4 7 8 9 6 10 
20180614693 1 4 2 9 10 7 8 5 3 6 
20180614694 8 3 10 2 5 1 4 9 6 7 
20180614695 2 5 4 7 1 3 9 10 8 6 
20180614696 10 6 8 5 3 2 9 7 4 1 
20180614697 8 7 2 1 9 6 5 10 4 3 
20180614698 2 6 9 10 3 5 8 4 7 1 
20180614699 2 5 4 8 9 10 6 1 3 7 
20180614700 5 4 2 6 3 10 8 7 9 1 
20180614701 1 8 3 10 7 5 9 6 4 2 
20180614702 9 5 8 7 6 2 10 3 1 4 
20180614703 3 9 5 1 4 7 8 10 6 2 
20180614704 9 5 10 6 8 7 2 3 1 4 
20180614705 5 10 6 2 8 9 1 3 7 4 
20180614706 10 7 8 9 3 6 5 1 2 4 
20180614707 9 3 8 5 1 10 7 6 4 2 
20180614708 7 8 1 6 9 2 10 4 3 5 
20180614709 5 2 4 6 8 1 7 9 10 3 
20180614710 5 4 10 2 1 9 8 3 7 6 
20180614711 10 9 1 7 5 6 4 2 3 8 
20180614712 9 7 10 3 2 4 1 8 5 6 
20180614713 4 9 2 5 10 7 3 8 1 6 
20180614714 4 9 2 7 1 10 3 8 6 5 
20180614715 5 10 7 4 8 3 1 6 9 2 
20180614716 10 6 4 5 9 2 1 8 3 7 
20180614717 8 1 9 7 3 5 4 6 2 10 
20180614718 4 8 6 2 5 1 10 3 9 7 
20180614719 3 10 9 7 8 6 1 4 5 2 
20180614720 6 8 7 9 4 5 3 10 2 1 
20180614721 6 10 4 9 5 1 3 2 8 7 
20180614722 9 10 8 7 6 3 4 1 2 5 
20180614723 10 4 9 2 6 5 7 8 3 1 
20180614724 7 10 3 9 4 6 8 2 5 1 
20180614725 5 1 9 3 8 6 10 2 7 4 
20180614726 2 9 3 4 10 1 8 6 7 5 
20180614727 8 3 5 9 1 2 4 7 10 6 
20180614728 1 3 6 4 9 8 2 7 10 5 
20180614729 2 1 10 7 8 3 9 4 5 6 
20180614730 5 9 7 10 8 2 3 4 1 6 
20180614731 3 7 2 10 5 8 4 1 6 9 
20180614732 6 5 1 3 2 9 8 7 10 4 
20180614733 1 2 4 8 10 5 6 3 7 9 
20180614734 3 9 8 7 5 6 1 4 2 10 
20180614735 7 1 6 9 8 2 4 10 5 3 
20180614736 10 5 8 1 6 7 3 4 2 9 
20180614737 3 4 1 5 10 8 2 6 9 7 
20180614738 7 5 8 4 1 6 3 2 10 9 
20180614739 7 8 2 4 9 10 5 6 3 1 
20180614740 7 10 5 4 8 1 2 9 6 3 
20180614741 1 10 3 5 6 8 9 7 2 4 
20180614742 10 6 9 2 3 7 1 4 5 8 
20180614743 2 5 9 3 8 10 6 4 1 7 
20180614744 6 1 5 7 8 9 2 3 4 10 
20180614745 4 2 1 7 6 8 10 3 9 5 
20180614746 2 8 7 4 9 10 3 5 6 1 
20180614747 3 2 4 9 7 10 6 1 5 8 
20180614748 10 6 5 3 2 1 8 4 7 9 
20180614749 5 8 4 9 1 7 2 10 6 3 
20180614750 4 10 8 1 5 2 7 9 6 3 
20180614751 5 1 10 4 3 7 9 8 6 2 
20180614752 3 10 1 4 5 2 6 9 7 8 
20180614753 5 8 3 4 7 1 10 9 6 2 
20180614754 3 10 5 2 4 6 7 1 9 8 
20180614755 2 5 6 3 7 10 4 1 9 8 
20180614756 3 1 9 6 5 4 8 2 7 10 
20180614757 3 7 6 9 1 8 5 2 10 4 
20180614758 9 1 7 10 4 5 2 8 6 3 
20180614759 1 2 10 8 4 3 5 9 7 6 
20180614760 3 2 6 8 10 1 7 4 9 5 
20180614761 9 10 1 8 7 4 6 3 5 2 
20180614762 8 3 2 6 9 1 10 4 7 5 
20180614763 8 7 2 1 5 3 4 9 10 6 
20180614764 8 1 7 9 2 4 5 10 6 3 
20180614765 6 7 3 5 4 9 8 2 10 1 
20180614766 1 7 10 4 6 3 9 8 2 5 
20180614767 10 7 6 5 4 1 9 2 8 3 
20180614768 6 5 7 3 4 1 9 10 2 8 
20180614769 4 8 1 5 3 10 9 6 2 7 
20180614770 6 2 7 9 3 5 1 10 8 4 
20180614771 7 4 1 9 3 2 10 5 6 8 
20180614772 2 5 7 4 9 1 6 10 8 3 
20180614773 3 9 10 6 4 7 1 2 5 8 
20180614774 9 3 8 7 2 4 1 6 5 10 
20180614775 7 2 3 10 6 8 4 5 9 1 
20180614776 10 2 4 7 8 1 9 3 6 5 
20180614777 2 4 8 3 7 9 5 10 6 1 
20180614778 5 4 2 8 9 1 10 7 6 3 
20180614779 10 5 1 6 8 3 7 9 4 2 
20180614780 4 8 6 7 2 10 1 3 5 9 
20180614781 8 5 7 9 1 2 3 10 6 4 
20180614782 1 3 5 2 7 4 9 8 6 10 
20180614783 1 10 5 4 7 3 2 9 6 8 
20180614784 5 10 1 7 2 6 8 3 9 4 
20180614785 4 6 10 1 5 3 9 7 8 2 
20180614786 9 5 7 2 6 1 3 8 10 4 
20180614787 9 1 4 3 6 10 5 8 7 2 
20180614788 7 10 8 9 3 1 6 4 2 5 
20180614789 7 5 10 9 4 2 6 8 1 3 
20180614790 7 3 5 9 2 6 10 8 1 4 
20180614791 7 4 6 10 9 2 8 3 1 5 
20180614792 10 8 5 9 3 7 1 6 4 2 
20180614793 4 9 5 1 7 10 2 3 8 6 
20180614794 1 5 9 4 3 7 10 8 2 6 
20180614795 5 8 1 4 3 6 7 9 2 10 
20180614796 1 2 6 5 7 8 3 4 9 10 
20180614797 2 5 9 10 4 6 1 3 8 7 
20180614798 8 3 4 10 6 7 1 5 9 2 
20180614799 10 3 8 9 7 1 2 4 5 6 
20180614800 10 8 1 2 3 4 6 5 9 7 
20180614801 9 2 1 5 4 8 6 3 7 10 
20180614802 9 4 1 10 2 5 8 7 3 6 
20180614803 5 9 2 3 6 10 7 1 8 4 
20180614804 7 1 3 9 4 10 5 2 6 8 
20180614805 6 4 3 10 7 8 9 5 2 1 
20180614806 10 9 5 1 7 4 8 2 3 6 
20180614807 9 8 3 6 10 1 5 4 7 2 
20180614808 10 5 2 4 3 7 9 8 1 6 
20180614809 5 2 10 9 8 1 6 4 7 3 
20180614810 8 10 3 2 5 1 6 9 7 4 
20180614811 7 5 1 2 8 4 9 6 10 3 
20180614812 6 3 7 1 10 4 2 9 5 8 
20180614813 2 6 1 9 10 5 4 7 3 8 
20180614814 3 10 8 7 2 5 4 1 9 6 
20180614815 1 2 5 4 10 3 6 7 9 8 
20180614816 2 7 3 1 8 6 4 5 10 9 
20180614817 8 2 6 10 4 9 7 1 3 5 
20180614818 2 3 8 7 4 6 9 1 5 10 
20180614819 1 3 8 10 2 7 6 5 9 4 
20180614820 1 9 6 5 7 8 4 2 3 10 
20180614821 1 4 9 7 10 3 8 5 6 2 
20180614822 1 2 10 5 9 8 4 6 3 7 
20180614823 7 8 5 9 3 10 6 2 4 1 
20180614824 9 1 2 7 3 4 5 8 6 10 
20180614825 7 1 9 8 2 6 4 3 10 5 
20180614826 3 4 9 10 8 2 1 7 5 6 
20180614827 10 6 3 4 5 2 9 7 1 8 
20180614828 5 1 10 8 9 2 6 4 3 7 
20180614829 4 1 7 6 2 8 9 3 10 5 
20180614830 5 6 9 2 7 4 8 10 3 1 
20180614831 10 6 2 9 3 7 8 1 4 5 
20180614832 1 6 2 9 5 7 3 8 4 10 
20180614833 6 9 7 3 1 8 10 2 5 4 
20180614834 3 8 9 1 10 7 2 5 6 4 
20180614835 6 10 2 1 9 3 4 7 5 8 
20180614836 8 9 7 2 5 1 6 4 3 10 
20180614837 7 5 2 4 3 10 1 8 6 9 
20180614838 4 7 1 3 6 8 10 2 5 9 
20180614839 8 9 2 1 6 10 5 4 3 7 
20180614840 1 4 3 9 7 6 5 8 10 2 
20180614841 6 9 4 5 7 8 1 3 10 2 
20180614842 9 2 7 5 1 3 10 6 4 8 
20180614843 5 2 4 8 3 10 9 1 6 7 
20180614844 7 5 9 10 1 6 3 2 8 4 
20180614845 8 5 10 2 7 9 3 4 6 1 
20180614846 7 6 2 10 4 9 3 8 5 1 
20180614847 9 10 2 7 6 8 4 1 5 3 
20180614848 3 5 8 4 2 7 1 6 9 10 
20180614849 3 10 9 5 6 2 8 4 1 7 
20180614850 3 5 7 2 10 4 8 1 9 6 
20180614851 6 2 3 9 1 7 10 8 4 5 
20180614852 7 4 8 9 6 3 10 1 2 5 
20180614853 9 4 1 3 5 10 6 2 8 7 
20180614854 5 8 10 1 6 2 7 4 3 9 
20180614855 4 2 10 7 3 5 6 9 1 8 
20180614856 8 9 7 4 10 1 2 3 5 6 
20180614857 8 10 5 6 2 4 9 3 1 7 
20180614858 9 1 3 7 2 10 5 8 4 6 
20180614859 4 9 5 7 3 10 8 2 6 1 
20180614860 9 1 4 3 10 2 7 5 8 6 
20180614861 4 9 1 3 8 7 5 10 6 2 
20180614862 7 5 10 2 6 3 1 9 4 8 
20180614863 10 5 3 9 6 2 4 7 1 8 
20180614864 6 8 9 10 1 2 7 4 3 5 
20180614865 9 1 5 4 2 10 8 7 6 3 
20180614866 5 6 10 1 7 3 4 2 9 8 
20180614867 3 10 2 4 5 1 9 8 7 6 
20180614868 2 9 1 8 3 6 7 4 10 5 
20180614869 6 10 2 4 1 3 9 5 7 8 
20180614870 7 6 10 4 8 1 2 3 9 5 
20180614871 10 3 6 9 7 8 2 4 1 5 
20180614872 7 3 10 2 8 1 5 9 4 6 
20180614873 10 6 9 8 2 7 1 3 5 4 
20180614874 1 10 4 5 6 8 7 3 9 2 
20180614875 2 10 3 9 7 1 8 5 6 4 
20180614876 1 4 10 2 9 7 5 8 6 3 
20180614877 2 5 1 4 9 7 8 3 10 6 
20180614878 8 2 7 3 5 9 1 4 6 10 
20180614879 4 5 3 10 1 6 7 2 9 8 
20180614880 8 10 9 6 5 1 4 7 3 2 
20180614881 5 6 8 2 10 7 3 9 4 1 
20180614882 5 2 1 3 4 10 9 7 6 8 
20180614883 6 8 1 4 2 3 7 9 10 5 
20180614884 10 6 8 9 4 7 1 3 2 5 
20180614885 1 10 6 4 2 7 5 8 9 3 
20180614886 10 8 3 4 1 5 7 9 6 2 
20180614887 1 8 10 5 4 9 6 2 7 3 
20180614888 9 6 4 7 8 2 3 1 5 10 
20180614889 1 3 6 5 8 10 9 2 7 4 
20180614890 3 10 1 4 2 7 6 9 8 5 
20180614891 1 3 4 8 2 7 5 10 6 9 
20180614892 4 5 3 6 10 8 2 7 1 9 
20180614893 6 3 4 2 10 8 9 5 7 1 
20180614894 1 2 3 7 6 4 10 5 8 9 
20180614895 2 5 6 10 1 3 8 4 9 7 
20180614896 10 4 7 2 8 9 6 5 3 1 
20180614897 10 3 9 4 2 6 1 7 5 8 
20180614898 9 2 4 1 5 10 6 8 7 3 
20180614899 4 2 3 5 1 10 7 9 8 6 
20180614900 6 5 8 1 3 7 9 4 10 2 
20180614901 5 1 7 4 6 2 10 9 3 8 
20180614902 6 5 7 10 9 8 3 2 1 4 
20180614903 7 3 4 6 8 2 5 9 10 1 
20180614904 1 6 8 2 7 3 5 4 9 10 
20180614905 9 6 4 7 1 2 8 5 3 10 
20180614906 7 3 9 2 5 10 8 6 1 4 
20180614907 1 6 8 3 4 7 5 10 9 2 
20180614908 4 2 7 3 6 9 8 1 10 5 
20180614909 9 6 2 1 8 5 10 4 7 3 
20180614910 5 7 6 4 1 3 10 9 2 8 
20180614911 8 9 2 3 5 1 6 4 7 10 
20180614912 5 7 4 9 1 8 2 3 10 6 
20180614913 2 7 8 6 10 3 4 9 5 1 
20180614914 9 10 3 2 1 7 5 8 4 6 
20180614915 5 9 1 10 4 7 8 3 6 2 
20180614916 6 2 8 1 5 10 9 4 7 3 
20180614917 7 10 4 1 5 9 3 8 2 6 
20180614918 9 6 7 8 3 2 5 1 10 4 
20180614919 8 10 1 4 7 3 2 5 6 9 
20180614920 8 7 2 1 10 3 6 5 4 9 
20180614921 1 4 5 7 3 9 6 8 10 2 
20180614922 9 2 3 1 5 10 6 8 7 4 
20180614923 2 4 1 9 10 6 8 5 7 3 
20180614924 8 7 5 3 1 6 10 4 9 2 
20180614925 10 6 7 9 4 8 1 2 3 5 
20180614926 8 5 7 1 9 4 10 2 3 6 
20180614927 2 3 6 5 10 9 8 4 7 1 
20180614928 6 1 2 5 10 4 8 3 9 7 
20180614929 10 6 8 1 9 4 5 2 7 3 
20180614930 8 9 1 3 10 6 2 5 7 4 
20180614931 9 2 8 10 7 3 6 4 5 1 
20180614932 7 3 2 6 10 5 8 1 4 9 
20180614933 4 10 2 7 9 3 8 1 5 6 
20180614934 8 7 3 9 6 5 4 1 2 10 
20180614935 3 6 4 7 2 10 1 9 5 8 
20180614936 4 1 9 2 10 7 5 6 8 3 
20180614937 8 4 3 6 5 9 2 10 1 7 
20180614938 1 3 9 2 8 7 10 5 6 4 
20180614939 2 3 7 6 10 8 4 9 5 1 
20180614940 4 2 8 5 7 10 1 9 6 3 
20180614941 6 1 4 7 8 10 9 5 3 2 
20180614942 3 1 6 8 4 5 10 2 7 9 
20180614943 7 3 10 1 4 8 6 5 9 2 
20180614944 7 1 3 5 6 10 8 2 4 9 
20180614945 2 9 1 6 3 7 5 4 10 8 
20180614946 2 1 8 10 5 9 6 4 7 3 
20180614947 6 7 10 1 4 8 3 9 5 2 
20180614948 9 7 8 1 3 6 10 2 4 5 
20180614949 9 3 4 2 10 1 8 7 6 5 
20180614950 4 3 2 10 8 6 9 7 1 5 
20180614951 6 3 5 9 4 8 10 1 7 2 
20180614952 10 4 7 8 6 2 9 5 1 3 
20180614953 7 1 8 6 3 2 4 10 9 5 
20180614954 7 4 8 10 9 1 6 5 3 2 
20180614955 3 6 9 5 1 8 2 10 4 7 
20180614956 3 9 1 6 2 5 7 10 8 4 
20180614957 3 9 2 7 10 8 6 5 1 4 
20180614958 3 8 1 5 2 7 9 4 6 10 
20180614959 9 5 8 10 4 1 3 7 2 6 
20180614960 4 10 7 3 1 9 5 8 2 6 
20180614961 1 9 8 3 7 6 10 4 5 2 
20180614962 8 6 10 4 5 3 2 9 1 7 
20180614963 9 7 6 3 5 4 10 2 1 8 
20180614964 8 1 2 9 4 5 3 7 6 10 
20180614965 2 9 7 3 4 1 5 8 10 6 
20180614966 8 4 3 9 6 5 7 1 2 10 
20180614967 3 1 10 2 7 9 4 6 5 8 
20180614968 10 1 7 2 4 6 3 9 5 8 
20180614969 1 3 2 10 4 6 7 8 9 5 
20180614970 8 2 4 1 7 3 9 6 5 10 
20180614971 2 9 5 1 8 6 4 10 7 3 
20180614972 6 4 7 10 3 5 1 2 8 9 
20180614973 2 8 1 10 3 7 9 4 6 5 
20180614974 3 10 5 4 2 9 7 6 1 8 
20180614975 2 1 8 5 10 9 6 4 3 7 
20180614976 4 10 1 2 5 8 6 7 3 9 
20180614977 1 3 5 7 8 10 9 2 6 4 
20180614978 9 4 10 2 7 5 8 6 3 1 
20180614979 1 2 3 9 5 7 10 6 4 8 
20180614980 4 7 3 1 5 8 6 2 10 9 
20180614981 7 8 9 4 10 6 3 2 1 5 
20180614982 7 6 1 9 4 5 10 8 2 3 
20180614983 5 6 3 1 9 7 2 4 8 10 
20180614984 8 3 7 10 4 9 5 2 6 1 
20180614985 7 1 5 2 8 3 6 9 4 10 
