20180629001 9 2 1 6 5 8 4 10 7 3 
20180629002 9 5 2 1 7 3 8 4 6 10 
20180629003 7 4 2 9 8 1 6 3 10 5 
20180629004 5 7 4 10 2 1 3 6 9 8 
20180629005 6 9 2 7 3 4 8 1 10 5 
20180629006 8 1 2 10 7 6 4 9 5 3 
20180629007 7 9 4 8 10 6 2 5 1 3 
20180629008 1 7 5 4 2 8 3 10 6 9 
20180629009 1 4 2 3 9 5 6 8 10 7 
20180629010 6 2 9 3 4 10 5 1 7 8 
20180629011 7 5 1 3 2 10 4 8 9 6 
20180629012 6 1 2 3 5 10 9 8 4 7 
20180629013 4 10 9 8 2 3 1 5 6 7 
20180629014 10 2 6 1 9 7 4 8 3 5 
20180629015 3 4 1 7 8 9 10 2 6 5 
20180629016 2 1 6 10 8 4 5 9 3 7 
20180629017 10 2 4 5 8 9 6 3 1 7 
20180629018 10 8 3 9 2 7 6 1 5 4 
20180629019 2 4 10 7 6 9 1 8 3 5 
20180629020 7 4 6 9 8 10 1 2 3 5 
20180629021 5 2 1 8 9 3 10 6 4 7 
20180629022 1 4 7 5 8 10 3 9 2 6 
20180629023 5 9 1 2 6 8 10 4 7 3 
20180629024 6 7 5 1 4 8 10 3 2 9 
20180629025 2 5 10 1 8 3 4 9 7 6 
20180629026 8 6 7 4 2 10 9 1 5 3 
20180629027 5 2 10 3 7 8 1 6 9 4 
20180629028 7 2 9 4 8 6 3 1 5 10 
20180629029 4 7 10 5 9 3 8 2 1 6 
20180629030 1 8 10 5 2 6 4 9 7 3 
20180629031 9 1 5 4 7 8 2 3 10 6 
20180629032 10 3 2 9 7 6 8 4 1 5 
20180629033 1 5 10 6 4 7 2 9 8 3 
20180629034 2 8 1 10 6 7 9 5 4 3 
20180629035 7 4 9 2 6 3 10 8 5 1 
20180629036 6 7 4 3 2 1 8 5 10 9 
20180629037 10 9 6 2 3 7 1 4 8 5 
20180629038 7 5 1 6 2 4 9 8 3 10 
20180629039 8 7 3 6 5 2 4 10 1 9 
20180629040 9 4 7 6 2 3 8 10 5 1 
20180629041 7 10 2 6 3 5 4 1 9 8 
20180629042 6 7 9 4 3 1 10 5 2 8 
20180629043 8 4 2 6 10 1 3 7 5 9 
20180629044 1 4 6 2 8 10 7 9 3 5 
20180629045 5 4 9 3 8 10 6 7 2 1 
20180629046 1 9 2 5 10 8 7 4 6 3 
20180629047 6 8 7 10 5 4 2 1 3 9 
20180629048 2 4 3 7 1 8 9 5 10 6 
20180629049 10 6 1 4 8 3 5 2 7 9 
20180629050 1 7 8 9 3 6 5 2 10 4 
20180629051 2 9 1 6 7 10 5 3 4 8 
20180629052 3 6 1 2 8 4 5 9 7 10 
20180629053 8 6 5 7 1 2 10 4 3 9 
20180629054 3 1 4 5 6 9 2 8 10 7 
20180629055 10 1 3 2 7 5 9 4 8 6 
20180629056 10 8 1 9 5 4 3 7 6 2 
20180629057 6 5 2 8 7 3 1 10 4 9 
20180629058 5 1 10 2 6 8 4 3 7 9 
20180629059 8 2 6 7 3 9 5 10 1 4 
20180629060 8 3 1 10 4 9 7 6 2 5 
20180629061 3 7 4 1 10 5 6 2 8 9 
20180629062 6 9 10 5 8 4 3 7 1 2 
20180629063 5 9 10 6 1 3 8 2 4 7 
20180629064 9 5 2 4 1 3 6 10 8 7 
20180629065 8 5 2 4 9 6 10 7 3 1 
20180629066 9 2 4 6 8 3 5 7 1 10 
20180629067 1 5 10 3 7 8 9 2 4 6 
20180629068 8 7 10 3 1 4 9 2 5 6 
20180629069 4 3 2 1 8 7 10 5 6 9 
20180629070 2 9 1 8 10 5 3 6 7 4 
20180629071 3 8 1 6 2 9 7 4 5 10 
20180629072 9 8 2 10 3 4 6 5 1 7 
20180629073 9 6 7 2 5 4 10 8 3 1 
20180629074 2 3 1 4 10 8 5 9 7 6 
20180629075 8 2 10 6 9 4 5 1 7 3 
20180629076 6 7 2 9 3 4 1 8 10 5 
20180629077 1 3 6 7 4 8 9 5 10 2 
20180629078 4 8 2 6 9 7 10 5 1 3 
20180629079 10 4 9 8 2 1 7 6 5 3 
20180629080 6 10 3 5 8 7 4 2 9 1 
20180629081 9 4 1 10 7 2 5 6 3 8 
20180629082 10 5 1 6 9 4 2 7 8 3 
20180629083 2 6 8 5 9 1 10 3 4 7 
20180629084 7 8 1 6 3 2 10 5 4 9 
20180629085 3 8 7 9 1 5 10 4 2 6 
20180629086 10 8 4 2 3 1 6 5 7 9 
20180629087 4 1 3 7 5 6 9 10 8 2 
20180629088 6 2 3 5 4 1 8 9 7 10 
20180629089 9 7 6 1 5 10 4 3 8 2 
20180629090 9 6 5 4 10 3 7 8 2 1 
20180629091 1 5 4 2 3 7 10 6 9 8 
20180629092 6 10 9 7 3 8 1 5 2 4 
20180629093 2 4 7 3 5 9 6 10 8 1 
20180629094 4 7 3 9 8 6 10 2 1 5 
20180629095 4 7 1 6 9 10 8 2 3 5 
20180629096 10 8 5 2 9 6 1 4 7 3 
20180629097 9 2 10 7 1 4 3 8 5 6 
20180629098 3 1 5 9 7 10 8 4 2 6 
20180629099 6 10 4 2 5 8 9 7 3 1 
20180629100 4 1 9 3 10 7 6 8 5 2 
20180629101 4 1 8 2 5 7 10 3 9 6 
20180629102 8 5 9 7 6 1 10 4 3 2 
20180629103 7 3 8 5 9 1 10 6 4 2 
20180629104 1 4 7 2 8 5 9 3 10 6 
20180629105 7 2 3 1 4 9 10 8 6 5 
20180629106 4 1 2 9 5 10 6 3 7 8 
20180629107 7 8 9 3 10 2 6 1 5 4 
20180629108 9 8 10 5 7 2 1 6 4 3 
20180629109 5 4 8 7 1 10 2 9 3 6 
20180629110 1 3 10 8 6 4 9 2 5 7 
20180629111 1 9 4 2 6 8 7 5 3 10 
20180629112 2 9 5 3 1 4 10 7 6 8 
20180629113 9 4 8 10 7 1 2 6 3 5 
20180629114 2 9 5 3 10 6 4 8 1 7 
20180629115 6 1 2 3 7 9 4 10 8 5 
20180629116 10 9 2 8 4 6 3 5 1 7 
20180629117 10 1 5 7 6 9 4 8 3 2 
20180629118 7 8 1 5 6 2 3 10 9 4 
20180629119 9 4 10 3 8 5 2 7 1 6 
20180629120 6 9 2 4 3 10 1 5 7 8 
20180629121 7 1 6 3 4 2 5 10 9 8 
20180629122 2 10 7 4 8 9 3 6 1 5 
20180629123 10 8 4 9 1 7 6 2 3 5 
20180629124 7 8 6 2 9 10 3 1 4 5 
20180629125 5 7 6 3 9 10 2 1 8 4 
20180629126 8 6 1 9 4 5 2 3 10 7 
20180629127 2 10 5 1 3 9 8 6 7 4 
20180629128 10 7 9 1 4 2 6 8 3 5 
20180629129 8 9 5 4 3 1 2 10 6 7 
20180629130 10 7 6 3 8 2 1 5 9 4 
20180629131 4 3 8 1 7 5 2 9 6 10 
20180629132 7 10 8 3 2 9 4 5 6 1 
20180629133 5 10 7 6 4 9 1 8 2 3 
20180629134 3 2 10 4 8 6 5 9 1 7 
20180629135 9 4 1 8 10 3 7 2 6 5 
20180629136 1 7 2 9 4 3 10 6 5 8 
20180629137 1 3 2 9 5 4 7 8 6 10 
20180629138 6 7 8 5 4 2 10 1 9 3 
20180629139 10 9 8 4 7 1 5 3 2 6 
20180629140 8 1 2 10 7 6 4 5 3 9 
20180629141 2 10 1 9 6 4 5 8 3 7 
20180629142 7 2 9 8 5 4 3 6 1 10 
20180629143 10 1 8 6 9 3 4 5 2 7 
20180629144 8 5 1 10 6 4 3 7 9 2 
20180629145 5 9 1 10 3 2 4 6 8 7 
20180629146 7 2 3 1 9 10 6 4 5 8 
20180629147 6 4 10 7 8 1 2 9 3 5 
20180629148 1 6 8 2 4 7 3 10 5 9 
20180629149 1 10 6 5 8 7 9 3 4 2 
20180629150 8 6 7 10 2 4 1 9 5 3 
20180629151 1 10 6 2 3 8 9 7 4 5 
20180629152 10 9 1 6 8 4 3 2 7 5 
20180629153 1 2 9 10 7 6 5 8 3 4 
20180629154 7 4 3 5 6 9 2 8 10 1 
20180629155 8 7 10 1 3 5 2 6 9 4 
20180629156 3 8 2 10 5 6 4 9 7 1 
20180629157 9 6 7 10 3 5 1 8 2 4 
20180629158 9 10 8 2 7 5 1 4 3 6 
20180629159 6 9 4 8 2 7 5 10 3 1 
20180629160 3 9 1 2 6 10 4 7 5 8 
20180629161 8 3 2 4 1 6 5 9 10 7 
20180629162 8 6 5 4 7 9 2 10 1 3 
20180629163 3 6 2 7 4 5 10 9 1 8 
20180629164 7 4 3 5 8 1 9 10 2 6 
20180629165 10 7 9 6 5 2 3 1 8 4 
20180629166 1 6 5 7 10 3 9 4 2 8 
20180629167 9 5 8 2 6 10 3 7 4 1 
20180629168 3 6 7 5 1 8 4 9 10 2 
20180629169 3 2 8 1 5 10 7 6 9 4 
20180629170 6 3 2 9 7 10 8 4 1 5 
20180629171 7 2 5 4 8 6 1 9 3 10 
20180629172 1 10 6 9 3 2 7 5 8 4 
20180629173 1 9 6 7 3 10 5 2 8 4 
20180629174 1 6 8 7 4 10 2 9 5 3 
20180629175 7 2 8 1 6 10 5 9 3 4 
20180629176 6 3 7 9 4 2 8 1 10 5 
20180629177 3 5 1 9 7 6 8 10 4 2 
20180629178 2 7 3 6 10 8 5 1 4 9 
20180629179 8 6 3 9 5 10 7 4 1 2 
20180629180 8 7 1 2 9 6 10 4 3 5 
20180629181 9 6 4 3 2 10 7 8 5 1 
20180629182 5 10 1 6 7 8 3 4 2 9 
20180629183 5 1 8 2 7 4 3 6 10 9 
20180629184 2 6 5 7 10 1 3 4 8 9 
20180629185 6 3 5 10 2 7 1 9 8 4 
20180629186 9 4 7 3 1 5 8 2 6 10 
20180629187 9 4 2 8 10 6 3 1 7 5 
20180629188 5 9 7 10 1 2 3 6 4 8 
20180629189 6 8 3 10 5 1 9 7 2 4 
20180629190 5 9 8 6 1 7 2 3 4 10 
20180629191 6 2 8 1 4 7 3 5 10 9 
20180629192 9 6 1 4 7 10 8 3 5 2 
20180629193 7 3 5 8 6 4 2 9 10 1 
20180629194 1 7 5 2 4 8 10 6 3 9 
20180629195 10 5 2 7 9 3 1 8 6 4 
20180629196 5 1 7 4 2 6 10 8 9 3 
20180629197 6 3 10 1 4 5 2 9 8 7 
20180629198 8 2 6 10 4 1 5 9 7 3 
20180629199 4 5 3 7 9 2 1 6 10 8 
20180629200 3 10 9 6 8 2 7 1 4 5 
20180629201 5 3 10 9 6 8 7 1 2 4 
20180629202 6 5 10 9 2 7 8 4 3 1 
20180629203 3 9 7 6 4 5 8 2 1 10 
20180629204 4 10 2 7 6 8 5 3 1 9 
20180629205 4 7 5 1 8 9 10 2 3 6 
20180629206 3 1 4 7 9 5 6 2 10 8 
20180629207 2 6 7 3 9 10 8 5 1 4 
20180629208 6 3 2 1 9 5 8 7 10 4 
20180629209 4 5 8 3 9 10 1 2 6 7 
20180629210 5 6 8 1 10 3 2 9 7 4 
20180629211 10 4 5 7 8 3 1 9 6 2 
20180629212 1 6 9 10 4 7 3 5 2 8 
20180629213 4 5 7 2 9 6 1 8 3 10 
20180629214 4 3 9 10 6 8 1 5 2 7 
20180629215 8 10 9 7 6 2 4 3 1 5 
20180629216 4 9 8 10 2 6 1 7 3 5 
20180629217 8 3 4 5 6 10 9 1 7 2 
20180629218 10 2 7 6 5 8 1 9 3 4 
20180629219 3 10 2 9 6 8 1 4 7 5 
20180629220 7 6 8 10 1 9 5 3 4 2 
20180629221 9 1 8 5 10 2 3 4 6 7 
20180629222 2 6 3 5 9 7 4 1 10 8 
20180629223 4 1 3 6 5 10 9 8 2 7 
20180629224 7 2 4 9 1 10 3 8 6 5 
20180629225 7 3 1 4 5 6 10 9 2 8 
20180629226 1 9 4 5 3 7 6 2 10 8 
20180629227 7 5 10 1 6 9 3 4 2 8 
20180629228 4 10 2 7 3 9 8 6 5 1 
20180629229 3 2 7 5 10 9 6 4 8 1 
20180629230 8 10 5 1 9 2 6 7 3 4 
20180629231 2 6 10 8 7 1 5 9 3 4 
20180629232 8 10 6 9 3 2 4 7 1 5 
20180629233 9 8 7 1 6 4 3 5 2 10 
20180629234 1 7 4 6 9 3 10 8 2 5 
20180629235 7 4 10 9 2 8 3 1 6 5 
20180629236 3 5 2 4 9 8 10 6 7 1 
20180629237 5 2 4 9 3 6 8 10 7 1 
20180629238 9 3 1 10 6 5 2 8 7 4 
20180629239 1 3 4 6 8 2 5 7 10 9 
20180629240 1 6 2 5 7 9 10 8 3 4 
20180629241 5 6 7 8 9 1 10 3 4 2 
20180629242 7 1 2 3 9 4 5 6 10 8 
20180629243 1 8 5 4 9 2 7 10 3 6 
20180629244 7 4 6 3 5 9 8 2 1 10 
20180629245 3 10 1 4 8 9 7 2 5 6 
20180629246 2 7 3 1 4 9 6 5 10 8 
20180629247 4 3 10 5 6 9 2 8 1 7 
20180629248 8 6 3 10 1 2 4 7 9 5 
20180629249 10 4 7 9 3 8 5 2 1 6 
20180629250 1 8 4 5 6 2 10 3 9 7 
20180629251 7 10 6 9 1 2 8 5 3 4 
20180629252 6 2 8 3 10 9 1 7 5 4 
20180629253 2 3 9 5 10 7 4 1 8 6 
20180629254 9 8 5 10 7 4 2 6 1 3 
20180629255 7 5 4 3 2 10 6 8 1 9 
20180629256 3 7 10 8 5 6 1 2 4 9 
20180629257 2 5 10 1 4 7 9 3 8 6 
20180629258 10 7 8 9 1 5 6 4 2 3 
20180629259 3 7 5 10 2 6 1 8 4 9 
20180629260 9 1 8 5 7 10 6 4 3 2 
20180629261 7 1 3 2 5 10 4 8 6 9 
20180629262 6 7 9 4 5 2 3 1 10 8 
20180629263 8 4 2 10 7 1 3 9 5 6 
20180629264 1 3 5 8 6 2 10 4 9 7 
20180629265 4 10 2 8 5 6 3 9 7 1 
20180629266 1 5 4 8 6 9 2 7 3 10 
20180629267 7 9 2 5 3 1 8 4 10 6 
20180629268 3 9 2 5 6 4 1 10 7 8 
20180629269 7 10 8 3 2 1 9 6 5 4 
20180629270 4 7 5 1 2 8 3 9 10 6 
20180629271 6 3 5 4 9 7 8 1 10 2 
20180629272 9 10 1 5 2 6 8 3 4 7 
20180629273 5 4 8 2 10 1 9 3 7 6 
20180629274 1 5 10 9 4 8 3 7 2 6 
20180629275 3 1 5 9 6 2 8 4 7 10 
20180629276 4 6 10 2 3 1 9 7 5 8 
20180629277 2 7 5 1 9 6 4 8 3 10 
20180629278 10 3 1 4 6 2 7 5 8 9 
20180629279 7 2 5 6 3 10 8 1 9 4 
20180629280 2 8 6 10 3 5 9 1 4 7 
20180629281 1 2 7 4 3 9 5 10 6 8 
20180629282 2 5 4 7 10 1 9 3 6 8 
20180629283 10 1 5 7 2 8 6 3 9 4 
20180629284 1 2 8 3 4 9 5 6 7 10 
20180629285 7 5 2 9 6 10 8 4 1 3 
20180629286 4 7 8 2 5 10 1 9 6 3 
20180629287 9 2 5 1 7 8 6 3 10 4 
20180629288 9 5 10 4 8 6 1 3 7 2 
20180629289 8 4 5 7 1 2 3 6 9 10 
20180629290 8 3 7 9 10 6 5 1 4 2 
20180629291 6 8 1 5 3 10 7 2 4 9 
20180629292 8 2 3 6 10 7 5 9 4 1 
20180629293 6 8 3 1 7 4 2 5 10 9 
20180629294 1 8 2 3 9 4 5 10 6 7 
20180629295 10 2 1 3 6 8 4 5 7 9 
20180629296 4 5 3 6 9 2 1 7 10 8 
20180629297 6 7 3 10 9 2 5 8 1 4 
20180629298 1 7 3 10 8 5 2 4 6 9 
20180629299 2 6 10 1 9 5 3 4 7 8 
20180629300 2 9 3 1 10 6 4 5 8 7 
20180629301 10 2 7 8 6 1 5 4 9 3 
20180629302 2 7 6 9 10 8 1 5 4 3 
20180629303 1 6 10 3 4 5 7 2 9 8 
20180629304 10 9 3 5 4 2 6 7 8 1 
20180629305 5 4 1 9 6 2 7 3 10 8 
20180629306 8 10 5 2 1 4 6 9 3 7 
20180629307 3 1 4 8 7 9 6 10 2 5 
20180629308 8 4 2 7 6 10 9 1 3 5 
20180629309 2 1 3 7 8 9 5 4 10 6 
20180629310 1 10 9 5 6 3 2 7 8 4 
20180629311 8 10 1 4 7 2 6 3 5 9 
20180629312 10 7 6 4 3 8 9 5 2 1 
20180629313 10 7 6 8 9 4 1 2 5 3 
20180629314 4 8 10 7 6 1 5 9 3 2 
20180629315 3 6 2 7 9 8 10 4 5 1 
20180629316 4 7 5 8 3 9 1 10 2 6 
20180629317 8 6 3 9 4 7 5 1 10 2 
20180629318 4 1 2 7 5 9 10 8 6 3 
20180629319 6 8 1 7 4 10 3 5 2 9 
20180629320 1 7 4 10 5 3 2 9 6 8 
20180629321 3 8 4 1 7 6 2 10 5 9 
20180629322 10 5 7 6 1 8 2 9 4 3 
20180629323 5 1 3 10 6 4 9 7 8 2 
20180629324 10 6 8 1 5 4 3 7 9 2 
20180629325 9 10 5 1 3 8 7 6 2 4 
20180629326 2 8 5 9 10 7 4 3 1 6 
20180629327 2 5 8 6 7 3 10 1 9 4 
20180629328 1 10 4 2 6 8 3 7 5 9 
20180629329 5 6 2 4 10 3 7 8 9 1 
20180629330 6 10 2 5 9 7 1 3 4 8 
20180629331 10 1 3 4 2 5 6 9 8 7 
20180629332 4 6 9 5 3 1 2 10 8 7 
20180629333 4 3 8 7 5 6 10 2 1 9 
20180629334 4 8 2 3 6 9 7 1 10 5 
20180629335 5 6 8 2 9 4 10 1 3 7 
20180629336 9 1 8 4 6 10 2 5 7 3 
20180629337 10 8 6 4 1 3 9 5 7 2 
20180629338 8 9 10 7 4 1 3 6 5 2 
20180629339 10 2 1 8 5 9 3 7 4 6 
20180629340 7 2 8 5 9 4 3 10 6 1 
20180629341 2 3 6 9 8 7 5 4 1 10 
20180629342 9 1 5 10 8 2 7 3 4 6 
20180629343 4 5 2 10 6 3 8 7 1 9 
20180629344 6 7 2 8 3 9 5 4 10 1 
20180629345 9 7 3 8 5 1 6 2 4 10 
20180629346 4 7 6 1 5 3 2 8 10 9 
20180629347 7 4 5 6 1 10 8 9 3 2 
20180629348 2 7 5 8 4 6 1 3 9 10 
20180629349 6 3 7 1 9 5 2 10 4 8 
20180629350 8 2 1 10 3 5 6 4 7 9 
20180629351 4 2 9 5 8 6 3 7 1 10 
20180629352 2 10 8 1 5 4 7 9 3 6 
20180629353 1 2 5 10 3 8 4 7 9 6 
20180629354 3 2 9 5 6 1 7 10 4 8 
20180629355 6 10 3 2 5 1 4 7 8 9 
20180629356 1 4 2 6 7 5 3 9 8 10 
20180629357 10 8 4 2 3 6 5 1 9 7 
20180629358 4 7 3 2 6 5 10 8 9 1 
20180629359 1 7 3 2 8 5 10 6 4 9 
20180629360 2 6 7 9 3 1 5 8 10 4 
20180629361 4 10 3 2 8 9 5 7 6 1 
20180629362 10 1 4 6 7 2 5 9 3 8 
20180629363 2 9 4 8 3 6 5 10 7 1 
20180629364 7 8 5 1 9 10 4 2 3 6 
20180629365 1 7 9 8 2 4 3 5 10 6 
20180629366 6 8 4 3 5 2 10 9 7 1 
20180629367 8 9 10 3 5 7 4 6 2 1 
20180629368 3 1 2 10 5 9 7 8 4 6 
20180629369 10 5 8 3 4 1 6 9 2 7 
20180629370 5 10 7 8 2 6 4 9 3 1 
20180629371 7 6 5 2 10 1 3 4 9 8 
20180629372 10 9 7 8 5 4 2 1 3 6 
20180629373 6 10 9 1 3 7 2 4 8 5 
20180629374 1 4 6 10 9 7 3 8 5 2 
20180629375 1 5 9 6 2 4 7 3 10 8 
20180629376 4 7 10 6 3 5 2 9 8 1 
20180629377 10 7 9 1 8 6 5 2 4 3 
20180629378 1 4 7 3 5 10 6 2 9 8 
20180629379 10 9 7 2 4 5 3 8 6 1 
20180629380 10 9 5 7 3 4 2 8 6 1 
20180629381 9 3 4 6 8 10 7 5 1 2 
20180629382 4 5 6 10 1 8 7 2 3 9 
20180629383 4 9 10 8 2 6 7 5 3 1 
20180629384 4 10 9 3 8 7 6 1 2 5 
20180629385 6 8 9 5 7 2 1 4 3 10 
20180629386 4 3 2 6 8 7 1 10 9 5 
20180629387 2 7 5 10 4 9 6 8 3 1 
20180629388 7 6 9 10 5 8 2 1 4 3 
20180629389 4 1 9 10 2 8 5 3 6 7 
20180629390 8 1 10 5 3 4 9 6 2 7 
20180629391 8 9 6 1 10 2 3 7 4 5 
20180629392 3 2 4 9 7 8 6 1 5 10 
20180629393 10 3 4 2 6 1 8 5 9 7 
20180629394 6 1 5 2 3 4 9 8 7 10 
20180629395 1 2 6 7 9 10 3 4 8 5 
20180629396 3 2 10 6 5 7 1 8 9 4 
20180629397 8 7 2 6 9 3 1 4 10 5 
20180629398 6 8 4 7 5 1 2 3 9 10 
20180629399 10 2 5 4 7 3 9 8 1 6 
20180629400 5 7 6 10 9 4 2 1 8 3 
20180629401 7 10 6 4 1 5 3 8 9 2 
20180629402 9 5 3 2 10 7 1 4 8 6 
20180629403 1 4 7 5 6 3 8 9 10 2 
20180629404 6 9 1 10 3 2 5 8 7 4 
20180629405 9 4 5 3 1 10 2 6 8 7 
20180629406 8 3 2 10 7 5 6 4 1 9 
20180629407 6 3 2 9 10 5 1 4 8 7 
20180629408 3 4 7 1 8 9 2 10 5 6 
20180629409 1 3 6 4 5 9 10 2 8 7 
20180629410 2 4 6 3 9 7 10 5 8 1 
20180629411 10 2 4 7 8 5 1 3 6 9 
20180629412 1 4 6 7 8 2 9 10 3 5 
20180629413 7 6 2 5 1 10 8 9 4 3 
20180629414 7 8 9 2 4 3 1 6 10 5 
20180629415 10 2 7 4 5 8 1 3 9 6 
20180629416 10 2 5 7 4 8 1 3 6 9 
20180629417 4 1 6 8 9 3 2 7 10 5 
20180629418 10 9 6 4 3 5 1 7 8 2 
20180629419 5 6 3 8 10 1 2 4 7 9 
20180629420 10 3 5 7 4 8 2 1 9 6 
20180629421 4 8 7 10 1 2 3 9 5 6 
20180629422 8 6 5 3 7 1 2 9 4 10 
20180629423 2 6 8 5 4 7 1 3 9 10 
20180629424 9 4 10 8 2 1 3 5 7 6 
20180629425 7 5 10 1 9 8 3 2 4 6 
20180629426 6 4 8 3 5 1 10 9 7 2 
20180629427 6 7 1 9 2 5 10 4 3 8 
20180629428 7 1 6 10 4 3 8 2 5 9 
20180629429 2 7 8 3 1 6 4 10 5 9 
20180629430 10 2 6 3 1 7 9 5 4 8 
20180629431 1 7 2 5 3 10 8 6 4 9 
20180629432 6 9 3 7 4 1 10 5 2 8 
20180629433 5 1 6 2 8 9 3 4 10 7 
20180629434 5 2 9 10 7 1 8 3 4 6 
20180629435 5 3 8 4 2 10 7 1 6 9 
20180629436 4 2 9 3 10 1 8 5 6 7 
20180629437 4 5 9 1 2 8 6 10 3 7 
20180629438 2 8 7 6 1 4 9 10 5 3 
20180629439 2 4 9 10 1 5 8 3 7 6 
20180629440 10 8 9 5 3 4 7 1 2 6 
20180629441 1 10 9 3 8 6 5 7 4 2 
20180629442 8 10 5 6 7 4 3 1 2 9 
20180629443 2 6 9 1 10 3 4 8 7 5 
20180629444 9 6 10 8 1 2 4 7 5 3 
20180629445 2 4 1 7 6 10 9 8 3 5 
20180629446 6 4 7 1 10 3 9 2 8 5 
20180629447 2 5 6 7 10 4 1 9 8 3 
20180629448 6 5 8 3 2 4 9 10 7 1 
20180629449 7 5 10 9 2 8 4 6 3 1 
20180629450 9 4 6 7 3 8 2 1 5 10 
20180629451 9 6 3 2 8 5 7 10 1 4 
20180629452 7 10 8 2 6 1 3 4 5 9 
20180629453 8 3 4 10 1 5 6 9 2 7 
20180629454 10 6 4 2 8 1 5 9 7 3 
20180629455 10 9 6 1 2 3 7 5 4 8 
20180629456 3 8 7 5 4 6 9 10 2 1 
20180629457 4 9 2 10 6 7 1 8 3 5 
20180629458 2 8 10 1 6 7 4 5 9 3 
20180629459 8 6 4 1 2 10 7 5 3 9 
20180629460 2 7 1 4 8 10 9 6 3 5 
20180629461 2 1 3 8 10 4 6 5 7 9 
20180629462 10 7 4 2 3 6 8 9 1 5 
20180629463 8 4 5 3 2 6 1 7 10 9 
20180629464 3 4 8 9 7 2 10 6 5 1 
20180629465 7 2 1 6 4 3 5 8 10 9 
20180629466 4 9 6 10 2 5 8 7 3 1 
20180629467 4 1 3 2 9 8 7 5 6 10 
20180629468 8 4 2 7 10 1 6 9 3 5 
20180629469 7 6 4 1 8 9 10 3 2 5 
20180629470 2 6 3 7 9 10 8 5 1 4 
20180629471 1 8 2 9 5 6 10 7 4 3 
20180629472 1 3 8 5 9 2 10 4 6 7 
20180629473 3 7 5 9 8 2 10 4 1 6 
20180629474 2 7 9 10 3 5 6 8 1 4 
20180629475 1 4 9 8 2 3 5 6 10 7 
20180629476 1 9 5 2 7 4 10 8 3 6 
20180629477 7 5 8 4 3 2 9 10 6 1 
20180629478 9 10 6 1 2 8 3 5 4 7 
20180629479 10 7 4 6 1 3 8 9 2 5 
20180629480 3 2 6 4 1 8 9 10 7 5 
20180629481 7 6 1 9 2 3 4 8 10 5 
20180629482 9 7 10 8 1 2 6 5 4 3 
20180629483 2 9 6 3 10 8 4 1 5 7 
20180629484 2 8 10 1 9 3 4 7 6 5 
20180629485 2 7 5 6 10 3 8 4 1 9 
20180629486 8 3 2 4 5 10 1 6 7 9 
20180629487 8 1 6 9 7 3 2 5 4 10 
20180629488 2 4 5 1 6 9 10 8 7 3 
20180629489 8 3 5 2 9 7 4 6 1 10 
20180629490 1 2 7 4 10 9 3 6 8 5 
20180629491 1 2 10 7 8 6 5 9 3 4 
20180629492 2 5 4 10 9 8 3 1 6 7 
20180629493 6 9 3 4 2 7 10 8 5 1 
20180629494 10 5 6 9 2 8 7 4 1 3 
20180629495 3 2 6 9 8 10 5 4 1 7 
20180629496 1 5 8 6 3 4 10 2 9 7 
20180629497 3 5 7 8 9 10 1 6 4 2 
20180629498 9 1 3 8 4 6 7 10 2 5 
20180629499 7 2 10 8 3 1 4 6 5 9 
20180629500 3 1 7 8 9 5 6 10 4 2 
20180629501 3 7 10 8 1 6 9 5 2 4 
20180629502 6 8 1 9 5 7 10 4 3 2 
20180629503 3 4 5 6 9 7 10 1 2 8 
20180629504 6 3 8 10 9 5 1 4 2 7 
20180629505 9 6 7 4 1 2 5 3 8 10 
20180629506 9 4 10 5 8 6 7 3 1 2 
20180629507 6 8 3 7 9 5 1 4 2 10 
20180629508 10 2 8 9 5 1 6 3 7 4 
20180629509 2 10 4 6 3 9 8 1 5 7 
20180629510 6 2 8 7 4 9 1 10 3 5 
20180629511 7 2 9 10 3 6 5 8 1 4 
20180629512 8 3 10 6 4 5 1 9 2 7 
20180629513 4 10 1 2 6 3 9 7 5 8 
20180629514 3 1 7 9 8 4 10 2 5 6 
20180629515 3 4 7 10 1 5 6 2 8 9 
20180629516 3 1 8 2 9 5 4 6 10 7 
20180629517 7 10 9 1 4 2 8 6 3 5 
20180629518 3 1 10 6 9 5 8 7 2 4 
20180629519 4 7 10 8 6 9 2 5 1 3 
20180629520 3 6 7 1 9 10 4 8 2 5 
20180629521 8 10 1 6 4 9 7 5 2 3 
20180629522 9 1 5 10 2 8 6 4 7 3 
20180629523 9 1 2 10 3 8 6 4 5 7 
20180629524 1 9 8 7 3 6 2 10 4 5 
20180629525 3 2 9 7 4 8 5 6 10 1 
20180629526 6 2 5 8 3 7 1 10 9 4 
20180629527 9 7 3 10 6 2 1 8 4 5 
20180629528 10 9 3 6 8 4 7 1 2 5 
20180629529 8 1 6 2 7 5 10 9 3 4 
20180629530 4 8 1 9 10 7 5 2 3 6 
20180629531 3 6 4 10 5 9 1 7 8 2 
20180629532 9 1 10 3 8 7 2 4 6 5 
20180629533 2 4 6 9 1 10 8 5 3 7 
20180629534 8 1 5 2 7 9 3 6 4 10 
20180629535 3 9 2 4 6 1 7 8 5 10 
20180629536 8 2 7 6 5 3 4 1 10 9 
20180629537 6 5 2 3 10 8 7 4 9 1 
20180629538 5 2 9 8 4 1 6 10 3 7 
20180629539 3 7 5 2 9 10 8 6 1 4 
20180629540 2 9 8 4 6 1 5 3 7 10 
20180629541 8 3 9 7 10 2 6 1 5 4 
20180629542 9 5 6 7 3 2 4 8 1 10 
20180629543 7 6 8 10 1 3 4 2 5 9 
20180629544 9 2 10 4 6 7 3 8 1 5 
20180629545 6 1 4 9 10 7 5 3 8 2 
20180629546 3 9 6 1 2 10 4 8 5 7 
20180629547 5 3 9 10 2 8 7 6 1 4 
20180629548 2 1 9 7 8 3 6 10 4 5 
20180629549 7 2 3 10 5 4 9 1 8 6 
20180629550 5 6 1 2 10 9 7 4 8 3 
20180629551 1 7 6 9 8 3 4 5 10 2 
20180629552 1 5 10 6 7 3 4 2 9 8 
20180629553 2 9 7 5 10 4 3 6 8 1 
20180629554 4 5 3 10 2 8 7 9 1 6 
20180629555 10 6 4 9 3 7 5 8 2 1 
20180629556 3 7 8 9 2 1 5 4 6 10 
20180629557 5 6 10 8 1 2 9 4 7 3 
20180629558 4 9 5 3 2 8 10 7 6 1 
20180629559 1 9 5 10 7 8 3 6 4 2 
20180629560 1 9 3 7 5 6 2 10 8 4 
20180629561 4 5 8 1 2 10 9 6 3 7 
20180629562 2 1 7 9 8 3 6 4 5 10 
20180629563 9 6 3 10 1 5 8 4 2 7 
20180629564 8 1 5 7 2 9 6 3 10 4 
20180629565 10 4 9 1 7 2 8 5 6 3 
20180629566 5 8 7 4 2 3 6 9 1 10 
20180629567 9 2 10 4 3 1 8 7 6 5 
20180629568 1 2 6 4 10 9 3 7 5 8 
20180629569 4 1 8 2 7 10 3 9 5 6 
20180629570 2 7 6 10 1 8 4 5 9 3 
20180629571 5 3 1 7 9 10 8 2 4 6 
20180629572 10 3 8 2 6 4 1 7 5 9 
20180629573 3 10 9 2 5 7 8 1 6 4 
20180629574 2 7 10 6 3 4 5 8 1 9 
20180629575 8 1 10 7 9 5 2 4 6 3 
20180629576 9 6 8 3 10 1 4 7 5 2 
20180629577 8 4 3 9 7 5 10 2 1 6 
20180629578 2 10 7 8 6 3 4 5 1 9 
20180629579 7 3 8 2 5 9 1 4 10 6 
20180629580 2 4 6 8 7 5 3 1 9 10 
20180629581 3 1 2 9 6 4 8 7 10 5 
20180629582 5 9 4 3 6 2 10 8 7 1 
20180629583 4 6 9 5 7 3 8 10 1 2 
20180629584 3 1 6 7 4 5 8 10 2 9 
20180629585 2 1 9 7 8 3 6 4 10 5 
20180629586 10 6 8 3 7 9 1 4 5 2 
20180629587 9 5 7 10 8 6 3 2 1 4 
20180629588 1 4 6 2 10 9 5 8 3 7 
20180629589 2 9 8 1 3 4 7 6 5 10 
20180629590 7 10 5 1 6 2 4 8 3 9 
20180629591 6 5 9 10 4 7 1 2 3 8 
20180629592 6 3 8 4 7 5 9 2 1 10 
20180629593 2 6 4 8 5 7 9 3 1 10 
20180629594 1 5 10 4 8 2 9 6 7 3 
20180629595 3 2 1 5 9 10 4 6 8 7 
20180629596 3 1 5 10 4 7 2 6 9 8 
20180629597 4 1 2 5 7 3 10 6 9 8 
20180629598 2 3 8 4 7 9 1 10 6 5 
20180629599 2 9 1 10 3 6 5 8 4 7 
20180629600 3 7 1 9 5 8 6 4 10 2 
20180629601 3 7 8 4 2 5 1 9 10 6 
20180629602 2 5 9 7 3 1 6 4 8 10 
20180629603 7 5 1 4 6 3 2 9 10 8 
20180629604 8 9 1 5 2 4 7 3 6 10 
20180629605 10 7 2 5 4 3 8 9 6 1 
20180629606 9 3 5 10 6 4 8 2 7 1 
20180629607 10 4 5 7 6 2 9 3 1 8 
20180629608 4 1 8 2 3 9 7 10 5 6 
20180629609 1 6 7 3 2 10 5 9 8 4 
20180629610 10 3 1 9 7 8 2 4 5 6 
20180629611 6 3 5 2 9 8 10 1 7 4 
20180629612 2 9 5 1 4 6 3 8 7 10 
20180629613 6 1 4 9 3 8 10 2 7 5 
20180629614 10 6 2 9 1 4 5 7 3 8 
20180629615 2 1 10 4 8 9 6 7 5 3 
20180629616 2 6 9 1 8 7 10 4 3 5 
20180629617 2 8 10 9 4 1 7 3 6 5 
20180629618 9 4 8 2 3 5 10 1 7 6 
20180629619 4 3 10 8 7 1 2 6 5 9 
20180629620 2 4 7 10 6 5 1 9 8 3 
20180629621 2 8 1 7 4 9 6 10 5 3 
20180629622 3 4 5 10 9 7 1 8 6 2 
20180629623 10 4 6 1 9 3 5 7 2 8 
20180629624 2 8 10 5 7 9 1 3 6 4 
20180629625 3 9 5 4 1 6 7 2 10 8 
20180629626 5 4 10 7 6 9 1 2 8 3 
20180629627 4 9 8 3 5 2 10 1 7 6 
20180629628 2 9 6 10 7 1 4 5 3 8 
20180629629 4 1 9 2 3 8 5 6 10 7 
20180629630 3 7 6 9 1 5 2 10 4 8 
20180629631 9 2 6 3 4 10 8 7 5 1 
20180629632 7 2 3 10 8 5 6 1 9 4 
20180629633 7 6 8 9 4 1 3 5 2 10 
20180629634 3 1 2 6 8 9 5 7 4 10 
20180629635 5 8 2 6 10 3 7 1 4 9 
20180629636 9 4 7 2 6 1 10 8 5 3 
20180629637 3 5 4 10 1 8 7 6 2 9 
20180629638 4 2 9 1 3 6 7 10 5 8 
20180629639 1 2 10 7 6 3 5 9 8 4 
20180629640 10 3 8 1 6 5 7 4 2 9 
20180629641 1 3 8 10 6 9 5 4 2 7 
20180629642 4 7 1 5 9 2 8 6 3 10 
20180629643 1 10 9 3 4 7 8 6 2 5 
20180629644 7 9 6 5 2 4 3 8 1 10 
20180629645 7 2 4 5 10 6 8 3 9 1 
20180629646 4 9 8 3 7 10 1 5 6 2 
20180629647 9 3 8 7 4 5 10 1 6 2 
20180629648 7 5 6 3 10 9 2 4 1 8 
20180629649 10 2 4 7 3 9 8 5 6 1 
20180629650 6 2 8 7 3 10 9 1 4 5 
20180629651 10 1 2 5 9 6 8 3 4 7 
20180629652 3 4 8 10 7 2 9 5 6 1 
20180629653 10 2 7 1 5 8 4 9 6 3 
20180629654 9 3 2 4 8 1 7 10 6 5 
20180629655 4 7 5 10 1 6 3 2 8 9 
20180629656 4 7 8 10 3 1 2 6 9 5 
20180629657 3 7 2 8 9 10 6 4 1 5 
20180629658 1 5 8 2 6 3 7 4 10 9 
20180629659 8 2 9 7 4 6 5 10 3 1 
20180629660 4 6 2 10 9 7 1 5 3 8 
20180629661 2 9 10 8 6 4 7 5 3 1 
20180629662 6 2 5 8 4 7 10 3 9 1 
20180629663 9 8 10 1 5 3 4 2 7 6 
20180629664 5 8 3 1 7 2 6 10 9 4 
20180629665 8 10 9 1 6 2 4 3 5 7 
20180629666 2 9 5 10 3 6 1 4 8 7 
20180629667 3 4 8 2 10 5 9 1 7 6 
20180629668 8 4 5 9 3 10 6 2 1 7 
20180629669 2 10 8 4 1 5 6 7 9 3 
20180629670 8 5 4 9 10 3 7 6 2 1 
20180629671 8 2 4 9 6 5 10 1 7 3 
20180629672 4 2 10 5 6 1 7 8 3 9 
20180629673 7 5 10 9 1 3 8 2 6 4 
20180629674 6 3 2 8 5 9 10 7 1 4 
20180629675 1 5 8 7 6 3 2 9 4 10 
20180629676 5 6 1 9 7 4 10 3 2 8 
20180629677 7 10 9 4 3 2 6 5 8 1 
20180629678 10 7 5 8 3 9 6 4 1 2 
20180629679 4 5 9 8 10 3 7 2 6 1 
20180629680 3 4 2 5 7 10 6 8 9 1 
20180629681 8 10 3 1 4 5 6 2 7 9 
20180629682 5 3 10 8 4 6 7 2 1 9 
20180629683 1 10 9 6 3 5 8 4 7 2 
20180629684 6 5 7 1 8 10 2 3 4 9 
20180629685 1 5 9 6 10 8 7 3 4 2 
20180629686 3 4 5 8 10 9 1 7 2 6 
20180629687 3 8 10 5 9 6 1 7 2 4 
20180629688 9 3 1 7 10 4 8 6 2 5 
20180629689 4 7 10 2 9 5 1 8 3 6 
20180629690 3 9 5 6 7 2 1 8 4 10 
20180629691 8 5 9 1 4 6 2 10 3 7 
20180629692 2 9 5 10 1 4 3 6 7 8 
20180629693 6 9 4 2 5 1 7 8 10 3 
20180629694 9 4 8 1 3 2 5 10 6 7 
20180629695 8 7 4 6 5 10 1 2 3 9 
20180629696 5 2 9 3 7 6 1 4 10 8 
20180629697 5 2 4 7 8 1 10 6 9 3 
20180629698 9 5 8 3 10 1 2 7 6 4 
20180629699 4 6 7 10 3 5 1 8 9 2 
20180629700 1 3 5 7 10 2 6 8 9 4 
20180629701 10 7 3 2 5 4 6 8 9 1 
20180629702 1 6 9 8 5 10 4 7 3 2 
20180629703 10 5 7 1 2 3 9 4 8 6 
20180629704 2 4 3 9 5 1 6 10 8 7 
20180629705 3 8 10 9 1 7 5 4 2 6 
20180629706 8 9 3 5 7 6 4 10 2 1 
20180629707 4 3 2 1 5 7 8 6 9 10 
20180629708 4 8 10 3 7 1 6 2 5 9 
20180629709 8 7 4 9 5 2 3 10 1 6 
20180629710 3 5 8 1 2 9 6 10 7 4 
20180629711 6 4 5 2 1 3 7 10 9 8 
20180629712 6 10 5 8 7 9 1 3 4 2 
20180629713 2 5 8 6 7 10 9 1 4 3 
20180629714 10 5 3 2 7 1 6 9 8 4 
20180629715 3 9 4 7 10 1 5 2 8 6 
20180629716 9 2 6 10 1 8 3 4 5 7 
20180629717 9 7 2 4 10 3 5 1 8 6 
20180629718 7 10 4 2 5 1 3 6 9 8 
20180629719 5 3 4 1 7 9 8 2 6 10 
20180629720 7 2 3 8 1 4 6 5 10 9 
20180629721 2 6 4 1 8 10 7 9 3 5 
20180629722 2 1 10 4 5 6 3 9 8 7 
20180629723 7 6 3 2 1 9 4 8 5 10 
20180629724 8 3 6 7 10 2 4 9 1 5 
20180629725 10 1 5 7 3 9 8 6 4 2 
20180629726 7 6 10 2 4 3 9 5 1 8 
20180629727 2 4 8 9 7 5 3 10 1 6 
20180629728 5 2 7 6 3 10 9 4 8 1 
20180629729 3 10 6 2 4 8 7 9 1 5 
20180629730 9 4 6 2 7 10 1 5 3 8 
20180629731 6 8 9 10 2 7 1 4 5 3 
20180629732 3 6 8 7 9 5 1 10 4 2 
20180629733 7 4 3 1 10 2 9 5 8 6 
20180629734 6 3 10 8 1 7 2 9 4 5 
20180629735 2 10 4 7 3 6 8 9 1 5 
20180629736 6 8 10 4 5 9 7 3 1 2 
20180629737 1 7 10 8 3 4 6 2 9 5 
20180629738 7 6 4 2 8 3 9 5 10 1 
20180629739 2 1 3 7 10 4 5 9 6 8 
20180629740 1 3 2 5 7 9 10 8 4 6 
20180629741 3 7 6 9 4 1 5 10 2 8 
20180629742 5 3 2 10 7 8 6 1 4 9 
20180629743 3 10 2 5 6 1 9 7 4 8 
20180629744 6 1 3 2 4 7 8 9 5 10 
20180629745 4 10 6 9 3 7 2 5 8 1 
20180629746 6 2 7 5 9 4 1 10 3 8 
20180629747 2 5 6 3 1 7 10 4 8 9 
20180629748 2 3 5 10 4 1 9 6 7 8 
20180629749 8 10 2 7 6 9 4 3 5 1 
20180629750 4 5 2 10 9 8 1 6 3 7 
20180629751 6 4 5 7 3 1 8 9 2 10 
20180629752 9 8 1 10 2 3 6 5 4 7 
20180629753 9 7 5 6 8 4 1 10 2 3 
20180629754 9 4 2 7 8 10 1 6 3 5 
20180629755 4 8 7 9 1 3 2 5 10 6 
20180629756 1 7 5 2 9 8 3 4 6 10 
20180629757 6 5 1 9 4 3 10 8 2 7 
20180629758 10 4 8 9 2 1 7 3 6 5 
20180629759 4 8 7 9 10 1 3 5 6 2 
20180629760 3 9 8 6 10 2 4 5 1 7 
20180629761 1 7 2 9 3 8 5 10 4 6 
20180629762 9 8 10 6 2 7 5 1 4 3 
20180629763 7 2 9 3 8 5 6 4 1 10 
20180629764 9 2 5 1 10 4 8 7 6 3 
20180629765 4 9 2 5 3 8 7 1 6 10 
20180629766 7 4 8 9 3 6 5 10 1 2 
20180629767 1 8 5 7 9 3 2 10 4 6 
20180629768 7 3 4 10 8 6 5 2 9 1 
20180629769 7 9 2 3 1 6 10 4 8 5 
20180629770 2 1 3 9 7 4 10 8 5 6 
20180629771 1 9 10 7 6 4 5 2 8 3 
20180629772 5 8 4 10 1 7 3 9 2 6 
20180629773 4 1 7 3 5 6 10 8 2 9 
20180629774 7 9 4 3 2 8 1 10 5 6 
20180629775 4 6 3 7 2 10 1 9 5 8 
20180629776 6 3 7 9 8 1 5 4 10 2 
20180629777 3 2 7 5 1 9 4 10 6 8 
20180629778 5 3 7 6 4 8 2 10 1 9 
20180629779 7 10 2 1 6 5 9 8 4 3 
20180629780 2 4 6 10 7 9 8 1 3 5 
20180629781 1 5 4 8 2 10 6 9 7 3 
20180629782 1 7 8 5 2 4 10 6 9 3 
20180629783 8 2 3 9 4 10 1 7 5 6 
20180629784 3 8 9 2 1 5 4 10 6 7 
20180629785 2 10 7 4 1 9 8 5 3 6 
20180629786 4 7 5 1 9 3 2 6 8 10 
20180629787 7 1 10 4 5 9 8 2 6 3 
20180629788 10 5 6 9 2 1 3 8 7 4 
20180629789 10 9 1 5 7 2 3 6 4 8 
20180629790 10 8 1 4 5 9 3 6 2 7 
20180629791 1 6 3 7 9 2 10 5 4 8 
20180629792 8 3 2 7 4 9 6 1 5 10 
20180629793 6 2 3 7 9 4 8 10 1 5 
20180629794 4 3 8 5 9 6 2 10 1 7 
20180629795 1 4 6 8 7 9 2 5 10 3 
20180629796 8 4 6 9 5 10 1 7 2 3 
20180629797 9 10 5 7 2 8 1 6 4 3 
20180629798 4 7 10 3 6 5 1 9 2 8 
20180629799 6 10 8 9 3 7 2 5 4 1 
20180629800 5 6 1 7 10 4 2 3 8 9 
20180629801 6 5 10 9 3 4 7 2 1 8 
20180629802 1 7 5 3 4 10 6 8 9 2 
20180629803 4 1 7 5 3 6 9 2 10 8 
20180629804 4 8 3 10 7 6 1 2 9 5 
20180629805 8 2 10 3 1 9 4 5 6 7 
20180629806 10 5 9 4 6 7 2 1 3 8 
20180629807 6 3 5 2 8 10 4 7 1 9 
20180629808 6 3 10 2 8 1 4 7 9 5 
20180629809 10 1 5 4 6 8 3 2 9 7 
20180629810 7 8 9 4 5 2 6 3 1 10 
20180629811 3 10 2 5 6 9 1 4 8 7 
20180629812 5 4 7 8 6 3 1 9 10 2 
20180629813 2 4 7 8 1 9 3 10 5 6 
20180629814 6 2 7 10 9 1 3 5 4 8 
20180629815 4 10 2 7 6 3 8 1 5 9 
20180629816 5 3 1 10 2 8 9 6 4 7 
20180629817 2 10 9 4 3 1 7 5 6 8 
20180629818 3 6 7 8 2 5 9 4 10 1 
20180629819 5 4 9 2 8 3 10 6 7 1 
20180629820 10 2 8 7 1 3 4 9 5 6 
20180629821 2 10 6 1 4 5 7 3 8 9 
20180629822 4 6 10 3 2 7 5 1 9 8 
20180629823 9 5 4 7 2 1 10 6 8 3 
20180629824 6 4 10 8 5 2 3 7 1 9 
20180629825 8 2 5 9 6 1 10 3 4 7 
20180629826 5 10 1 3 7 8 9 2 6 4 
20180629827 10 8 6 7 1 3 9 4 5 2 
20180629828 8 5 7 10 2 6 4 1 9 3 
20180629829 9 7 5 3 2 8 4 6 1 10 
20180629830 5 8 2 7 4 9 10 6 1 3 
20180629831 1 10 6 8 3 4 2 7 9 5 
20180629832 1 9 6 10 2 4 8 7 5 3 
20180629833 5 3 6 8 2 4 10 9 7 1 
20180629834 7 10 5 9 3 2 6 1 8 4 
20180629835 5 4 7 10 1 2 9 8 6 3 
20180629836 10 1 9 6 3 8 5 2 7 4 
20180629837 7 6 9 8 10 1 4 3 5 2 
20180629838 5 4 6 10 3 2 9 1 8 7 
20180629839 8 4 2 6 10 1 3 5 7 9 
20180629840 2 8 3 10 7 1 4 5 9 6 
20180629841 4 7 10 9 2 3 8 5 1 6 
20180629842 2 8 1 7 3 5 9 6 10 4 
20180629843 8 3 9 6 1 10 7 5 2 4 
20180629844 10 6 1 9 7 3 4 2 5 8 
20180629845 7 6 5 4 9 8 3 10 1 2 
20180629846 10 6 3 1 4 9 5 8 2 7 
20180629847 4 10 6 9 7 1 5 3 8 2 
20180629848 8 4 6 2 10 3 5 9 7 1 
20180629849 1 6 4 8 10 7 2 3 5 9 
20180629850 5 1 3 8 6 4 2 10 7 9 
20180629851 8 2 1 5 9 3 4 6 10 7 
20180629852 9 4 6 1 2 3 7 10 5 8 
20180629853 9 8 6 5 2 3 7 4 10 1 
20180629854 10 4 1 3 6 5 8 2 7 9 
20180629855 1 2 9 5 4 6 8 3 10 7 
20180629856 9 6 3 1 10 8 5 4 7 2 
20180629857 3 5 10 2 1 4 8 9 7 6 
20180629858 8 5 9 4 10 1 7 3 6 2 
20180629859 2 9 4 3 1 7 5 10 8 6 
20180629860 3 10 6 8 5 4 2 1 7 9 
20180629861 1 10 2 8 3 9 7 4 6 5 
20180629862 10 1 5 4 9 8 6 2 7 3 
20180629863 5 1 6 2 9 3 4 7 8 10 
20180629864 8 2 6 5 9 1 4 3 10 7 
20180629865 9 4 6 2 3 10 5 7 8 1 
20180629866 3 7 8 5 1 10 4 6 9 2 
20180629867 9 3 2 1 5 4 7 6 8 10 
20180629868 1 3 2 9 4 8 10 7 5 6 
20180629869 4 10 7 9 8 1 5 2 3 6 
20180629870 9 2 7 6 8 3 5 10 1 4 
20180629871 7 1 10 2 3 5 8 9 4 6 
20180629872 2 1 7 6 9 8 10 3 4 5 
20180629873 7 6 1 8 3 10 4 2 9 5 
20180629874 10 3 9 5 2 8 4 7 1 6 
20180629875 2 3 9 4 8 10 1 6 7 5 
20180629876 1 10 7 9 2 5 6 8 3 4 
20180629877 7 3 6 4 8 9 1 10 5 2 
20180629878 1 6 8 7 2 10 5 4 9 3 
20180629879 4 8 7 3 10 9 1 2 6 5 
20180629880 7 3 4 8 9 10 5 2 6 1 
20180629881 2 8 7 5 3 6 1 10 4 9 
20180629882 1 5 8 6 9 4 10 2 7 3 
20180629883 6 5 7 3 8 4 1 9 2 10 
20180629884 1 10 5 2 9 3 6 7 8 4 
20180629885 10 4 3 7 5 8 6 2 9 1 
20180629886 6 7 8 4 3 9 1 10 2 5 
20180629887 3 4 9 1 2 10 7 8 6 5 
20180629888 2 5 1 8 10 6 9 3 4 7 
20180629889 6 9 2 8 4 1 10 5 3 7 
20180629890 6 4 1 8 7 10 5 9 2 3 
20180629891 2 3 5 7 10 4 9 6 8 1 
20180629892 9 4 6 8 7 2 1 5 3 10 
20180629893 3 6 5 9 1 8 10 7 2 4 
20180629894 6 1 5 9 8 7 2 10 4 3 
20180629895 3 2 8 6 5 4 7 9 1 10 
20180629896 8 2 9 1 3 4 10 7 5 6 
20180629897 8 9 5 2 1 4 10 6 7 3 
20180629898 1 9 7 3 5 4 6 8 10 2 
20180629899 7 4 9 3 5 6 10 1 8 2 
20180629900 10 5 6 3 1 9 2 8 4 7 
20180629901 7 8 4 1 9 10 2 3 6 5 
20180629902 7 5 2 8 9 1 10 6 3 4 
20180629903 6 7 9 4 2 1 5 8 3 10 
20180629904 1 2 4 10 7 5 6 3 9 8 
20180629905 7 1 5 4 6 9 8 2 3 10 
20180629906 6 1 8 7 3 9 2 5 10 4 
20180629907 6 3 2 7 8 9 1 5 4 10 
20180629908 2 6 10 5 8 3 7 1 9 4 
20180629909 10 6 3 5 1 2 9 7 4 8 
20180629910 6 3 5 2 8 9 10 4 7 1 
20180629911 10 4 5 9 7 2 8 3 1 6 
20180629912 4 1 9 7 3 5 10 2 6 8 
20180629913 2 10 8 3 7 4 9 5 1 6 
20180629914 1 8 5 6 4 3 10 2 9 7 
20180629915 7 10 1 4 8 3 2 5 9 6 
20180629916 1 10 2 3 6 8 5 7 4 9 
20180629917 6 4 3 9 10 8 7 2 5 1 
20180629918 3 1 6 7 2 8 4 10 5 9 
20180629919 2 3 1 10 4 9 7 5 6 8 
20180629920 9 10 1 5 6 3 8 2 7 4 
20180629921 8 4 10 9 6 1 5 2 7 3 
20180629922 10 4 9 8 5 6 3 1 7 2 
20180629923 6 10 2 9 3 4 5 1 8 7 
20180629924 10 3 1 9 7 8 2 4 5 6 
20180629925 3 7 8 5 1 10 4 6 9 2 
20180629926 7 6 3 8 10 1 5 2 4 9 
20180629927 7 3 4 1 5 6 10 2 8 9 
20180629928 1 5 2 3 10 7 9 6 4 8 
20180629929 8 1 4 5 2 3 9 6 7 10 
20180629930 3 4 6 8 7 9 1 5 10 2 
20180629931 8 9 4 6 3 7 10 2 1 5 
20180629932 4 7 2 9 5 8 6 3 10 1 
20180629933 8 5 7 1 9 6 2 3 4 10 
20180629934 8 10 4 7 3 1 6 5 2 9 
20180629935 3 7 4 2 9 5 10 8 1 6 
20180629936 9 6 4 3 10 2 7 5 8 1 
20180629937 9 10 8 3 5 6 4 1 2 7 
20180629938 4 10 8 7 6 2 5 9 1 3 
20180629939 10 4 1 7 2 9 3 5 8 6 
20180629940 10 7 1 2 9 5 8 3 4 6 
20180629941 2 7 9 6 8 3 4 10 5 1 
20180629942 5 6 10 7 9 2 4 3 8 1 
20180629943 2 8 6 5 3 10 9 7 1 4 
20180629944 1 9 7 3 8 6 10 4 5 2 
20180629945 6 9 7 8 3 1 2 4 10 5 
20180629946 8 10 2 7 5 3 4 1 9 6 
20180629947 1 9 4 8 3 5 7 2 6 10 
20180629948 3 9 1 2 5 4 7 8 6 10 
20180629949 2 3 7 10 8 1 5 4 9 6 
20180629950 6 7 2 4 9 8 1 3 10 5 
20180629951 10 1 3 5 7 9 8 2 6 4 
20180629952 1 2 4 10 5 8 7 3 6 9 
20180629953 2 1 5 8 9 10 3 6 7 4 
20180629954 1 8 7 10 3 5 9 4 6 2 
20180629955 3 1 10 8 9 6 4 2 5 7 
20180629956 1 6 7 3 5 9 4 2 10 8 
20180629957 3 2 7 10 1 6 5 8 9 4 
20180629958 5 3 9 8 7 1 6 10 2 4 
20180629959 5 4 1 10 6 8 7 3 2 9 
20180629960 6 2 4 8 10 1 5 7 3 9 
20180629961 1 7 5 6 9 10 3 8 4 2 
20180629962 8 1 2 5 10 9 3 7 6 4 
20180629963 5 3 6 8 7 10 2 1 9 4 
20180629964 3 1 10 2 8 6 5 9 7 4 
20180629965 1 10 8 3 9 5 4 6 2 7 
20180629966 10 7 9 4 6 2 1 5 3 8 
20180629967 5 10 1 9 3 7 8 6 4 2 
20180629968 1 8 2 3 9 6 10 4 7 5 
20180629969 7 2 1 8 6 10 5 9 4 3 
20180629970 1 4 10 6 9 8 3 7 2 5 
20180629971 10 5 4 2 9 7 6 8 3 1 
20180629972 1 7 3 2 10 4 5 8 9 6 
20180629973 10 2 9 7 8 5 3 4 6 1 
20180629974 3 1 4 10 6 5 2 9 7 8 
20180629975 8 3 4 10 9 6 7 2 5 1 
20180629976 2 1 8 7 6 3 10 4 5 9 
20180629977 3 9 7 2 1 10 6 8 4 5 
20180629978 2 10 5 7 8 9 6 3 1 4 
20180629979 6 3 1 4 10 5 8 9 7 2 
20180629980 8 3 7 10 6 4 5 2 9 1 
20180629981 10 5 6 4 3 8 9 7 1 2 
20180629982 1 7 8 4 3 10 5 2 6 9 
20180629983 9 1 5 2 4 3 6 7 8 10 
20180629984 5 8 2 3 7 4 9 1 10 6 
20180629985 9 7 6 1 3 4 8 10 2 5 
