20180617001 8 1 5 9 4 10 2 3 6 7 
20180617002 7 4 10 5 1 6 2 9 8 3 
20180617003 2 3 9 4 5 7 6 8 1 10 
20180617004 8 6 7 4 2 9 5 10 3 1 
20180617005 9 2 3 4 1 6 7 10 8 5 
20180617006 10 6 9 4 1 2 7 3 5 8 
20180617007 10 4 2 7 8 1 3 6 9 5 
20180617008 7 1 3 6 10 2 4 8 5 9 
20180617009 6 1 8 9 3 5 4 7 2 10 
20180617010 1 9 6 5 10 8 7 4 2 3 
20180617011 9 10 8 4 6 3 5 1 7 2 
20180617012 6 7 4 1 5 3 9 2 10 8 
20180617013 7 9 2 5 6 8 4 3 1 10 
20180617014 8 10 1 9 4 7 6 2 3 5 
20180617015 9 4 10 8 1 7 2 5 6 3 
20180617016 9 6 1 4 3 5 7 8 2 10 
20180617017 3 8 10 6 2 7 5 4 9 1 
20180617018 7 6 5 2 10 1 8 4 3 9 
20180617019 4 3 5 9 2 10 6 7 8 1 
20180617020 9 3 5 1 8 6 7 2 10 4 
20180617021 5 7 2 8 1 9 10 4 3 6 
20180617022 3 4 8 7 6 10 5 1 2 9 
20180617023 6 3 2 9 8 4 5 10 7 1 
20180617024 9 5 1 4 6 2 7 8 3 10 
20180617025 8 1 10 3 5 4 6 9 7 2 
20180617026 3 8 4 9 6 1 2 7 10 5 
20180617027 3 5 10 1 2 8 4 6 7 9 
20180617028 4 10 7 8 2 1 3 6 9 5 
20180617029 1 6 9 7 4 5 8 2 10 3 
20180617030 8 1 3 2 7 5 10 6 9 4 
20180617031 7 8 9 6 3 2 4 5 1 10 
20180617032 8 10 6 2 3 5 4 9 1 7 
20180617033 1 8 9 6 7 4 10 3 2 5 
20180617034 1 8 3 10 6 5 4 2 9 7 
20180617035 9 7 8 6 4 5 10 3 2 1 
20180617036 8 9 10 5 1 6 7 3 4 2 
20180617037 6 7 5 2 8 10 4 9 3 1 
20180617038 10 2 8 9 4 5 7 6 3 1 
20180617039 1 6 2 4 3 9 7 10 8 5 
20180617040 2 1 4 7 9 3 8 5 6 10 
20180617041 10 3 7 4 5 2 6 9 8 1 
20180617042 2 10 5 3 4 1 8 9 6 7 
20180617043 7 5 1 3 6 8 9 10 4 2 
20180617044 7 2 6 4 8 10 9 1 3 5 
20180617045 5 10 1 9 3 8 7 6 2 4 
20180617046 10 4 5 7 3 6 9 8 2 1 
20180617047 3 2 7 6 9 1 10 4 5 8 
20180617048 2 10 7 5 8 3 1 6 9 4 
20180617049 4 7 6 10 9 8 1 5 2 3 
20180617050 6 2 1 10 8 7 9 4 3 5 
20180617051 8 3 2 1 6 5 9 7 10 4 
20180617052 6 4 9 3 10 1 8 7 2 5 
20180617053 9 4 6 8 10 1 2 5 3 7 
20180617054 5 4 8 7 2 6 10 3 9 1 
20180617055 7 4 9 10 1 3 2 5 8 6 
20180617056 8 9 10 6 7 4 5 2 1 3 
20180617057 10 4 6 2 7 5 9 3 1 8 
20180617058 7 10 6 3 1 9 5 8 2 4 
20180617059 4 7 6 9 8 5 1 10 2 3 
20180617060 7 9 6 4 10 3 8 5 1 2 
20180617061 2 7 6 9 8 4 3 5 10 1 
20180617062 9 6 2 4 3 7 10 1 8 5 
20180617063 9 6 7 3 2 8 5 10 4 1 
20180617064 5 10 1 4 7 8 3 6 2 9 
20180617065 7 10 1 6 8 4 2 3 5 9 
20180617066 4 6 8 9 7 2 5 10 1 3 
20180617067 4 3 2 6 10 8 1 7 5 9 
20180617068 9 1 3 7 4 2 8 5 6 10 
20180617069 4 2 5 8 7 3 6 10 9 1 
20180617070 7 2 6 4 10 1 5 3 8 9 
20180617071 1 3 10 2 5 9 7 4 6 8 
20180617072 7 4 3 1 8 2 6 9 5 10 
20180617073 7 9 5 10 2 8 6 1 3 4 
20180617074 3 8 1 4 5 7 2 10 9 6 
20180617075 2 1 10 6 5 8 4 9 3 7 
20180617076 1 5 8 2 10 7 6 3 4 9 
20180617077 3 5 8 7 1 10 4 2 9 6 
20180617078 4 10 5 3 6 8 9 7 1 2 
20180617079 8 3 6 7 4 10 2 5 9 1 
20180617080 8 9 10 3 1 4 5 7 2 6 
20180617081 9 10 5 2 4 6 3 1 7 8 
20180617082 8 5 1 7 6 3 9 2 4 10 
20180617083 10 3 7 5 8 6 2 4 9 1 
20180617084 7 5 4 8 3 6 2 9 10 1 
20180617085 7 8 2 10 5 1 6 3 4 9 
20180617086 10 9 2 6 7 5 3 8 1 4 
20180617087 10 6 8 5 4 2 7 9 3 1 
20180617088 8 6 5 4 1 7 9 2 3 10 
20180617089 3 2 4 8 7 5 6 10 9 1 
20180617090 5 4 6 8 9 1 3 7 2 10 
20180617091 10 5 8 3 1 7 6 9 4 2 
20180617092 10 7 5 1 9 4 8 2 6 3 
20180617093 9 3 10 8 2 1 5 6 4 7 
20180617094 3 4 2 1 7 8 10 6 5 9 
20180617095 9 10 4 8 5 6 2 7 1 3 
20180617096 6 2 7 3 4 8 10 5 1 9 
20180617097 7 8 3 2 1 5 10 4 9 6 
20180617098 2 10 1 6 4 3 8 9 7 5 
20180617099 3 7 8 10 1 9 4 5 2 6 
20180617100 7 1 6 5 3 2 8 10 4 9 
20180617101 6 3 2 8 1 10 4 7 9 5 
20180617102 8 2 5 7 10 9 4 1 3 6 
20180617103 6 2 3 5 8 10 1 7 4 9 
20180617104 3 8 5 6 4 10 1 9 7 2 
20180617105 9 2 4 1 3 8 6 7 10 5 
20180617106 1 7 8 6 9 10 2 3 5 4 
20180617107 9 4 1 3 2 7 10 5 6 8 
20180617108 1 8 2 5 9 4 6 3 10 7 
20180617109 7 8 3 5 9 2 10 1 4 6 
20180617110 4 7 10 8 9 2 3 5 1 6 
20180617111 3 4 10 1 8 9 7 5 6 2 
20180617112 2 7 10 8 5 3 9 6 4 1 
20180617113 6 2 10 3 5 8 1 9 7 4 
20180617114 9 2 4 8 1 7 3 6 10 5 
20180617115 4 9 10 1 5 6 8 2 3 7 
20180617116 6 1 10 7 3 5 8 2 9 4 
20180617117 4 6 9 5 2 8 3 10 1 7 
20180617118 3 7 1 6 8 2 5 9 10 4 
20180617119 3 4 7 1 6 10 8 5 2 9 
20180617120 10 3 5 4 1 6 8 9 7 2 
20180617121 1 6 2 10 8 3 9 7 4 5 
20180617122 8 4 7 9 2 5 3 6 10 1 
20180617123 8 6 10 2 7 9 1 4 3 5 
20180617124 1 5 2 9 6 8 7 3 10 4 
20180617125 9 8 6 5 1 10 2 3 4 7 
20180617126 8 10 2 5 1 7 3 9 6 4 
20180617127 5 10 4 6 1 2 3 9 7 8 
20180617128 3 1 2 4 8 5 10 6 7 9 
20180617129 3 2 7 8 4 10 9 1 6 5 
20180617130 8 5 4 6 7 10 3 9 2 1 
20180617131 1 3 9 2 4 7 6 5 8 10 
20180617132 7 1 10 5 9 3 8 4 6 2 
20180617133 2 7 8 5 4 6 3 10 9 1 
20180617134 5 9 3 2 7 6 10 1 4 8 
20180617135 5 7 1 2 4 3 9 8 10 6 
20180617136 3 7 5 8 9 4 6 1 10 2 
20180617137 3 10 9 7 2 1 8 6 4 5 
20180617138 4 3 10 7 5 6 9 1 8 2 
20180617139 8 2 5 3 6 7 9 4 1 10 
20180617140 3 2 10 9 1 7 5 6 4 8 
20180617141 9 7 5 8 2 10 1 3 6 4 
20180617142 2 9 8 10 4 3 6 5 7 1 
20180617143 4 10 8 7 9 5 3 6 1 2 
20180617144 9 8 4 2 10 5 3 7 6 1 
20180617145 2 3 10 6 4 1 7 5 8 9 
20180617146 3 9 1 10 5 2 7 8 4 6 
20180617147 1 9 5 3 6 7 2 4 8 10 
20180617148 1 6 7 9 8 2 10 4 3 5 
20180617149 9 10 6 3 4 5 1 7 8 2 
20180617150 3 5 1 4 7 9 2 8 10 6 
20180617151 8 10 5 2 7 9 6 1 3 4 
20180617152 5 3 2 7 6 1 9 10 4 8 
20180617153 6 1 5 2 8 10 9 3 4 7 
20180617154 7 5 3 2 6 4 1 9 10 8 
20180617155 4 3 7 8 2 9 1 10 5 6 
20180617156 7 4 6 9 2 1 5 3 10 8 
20180617157 5 9 8 10 6 3 4 1 2 7 
20180617158 8 3 7 6 4 10 5 1 9 2 
20180617159 8 1 5 9 6 7 4 3 10 2 
20180617160 7 4 2 3 8 10 5 9 1 6 
20180617161 10 8 9 2 6 3 7 4 1 5 
20180617162 4 5 9 6 3 10 8 2 1 7 
20180617163 4 5 8 2 10 3 1 6 9 7 
20180617164 10 1 9 6 5 8 4 3 2 7 
20180617165 4 2 10 6 7 9 5 1 8 3 
20180617166 10 5 9 7 8 4 2 1 6 3 
20180617167 6 1 7 9 10 4 5 8 3 2 
20180617168 9 4 2 5 6 3 8 10 7 1 
20180617169 9 4 6 8 2 3 5 1 7 10 
20180617170 8 1 9 5 2 4 6 10 7 3 
20180617171 2 7 1 9 5 10 8 3 6 4 
20180617172 8 5 7 1 3 9 4 2 10 6 
20180617173 9 10 4 1 2 5 3 7 6 8 
20180617174 7 6 10 9 2 8 3 1 5 4 
20180617175 9 4 6 5 3 10 8 1 2 7 
20180617176 3 7 10 8 2 6 5 9 4 1 
20180617177 8 4 3 2 1 6 5 9 7 10 
20180617178 9 6 1 5 10 4 3 2 8 7 
20180617179 9 5 2 4 6 1 7 8 3 10 
20180617180 5 3 1 9 4 10 7 2 8 6 
20180617181 9 7 2 4 3 5 10 8 6 1 
20180617182 7 5 4 6 2 1 8 10 9 3 
20180617183 2 9 6 8 4 3 7 10 5 1 
20180617184 1 2 7 8 4 5 9 10 6 3 
20180617185 4 5 2 3 10 6 8 7 1 9 
20180617186 9 1 10 4 3 7 5 8 6 2 
20180617187 9 1 8 4 7 3 10 5 6 2 
20180617188 5 3 8 9 7 10 2 4 6 1 
20180617189 6 5 2 1 4 8 9 3 10 7 
20180617190 6 10 9 5 1 3 4 8 2 7 
20180617191 7 8 10 6 1 2 5 3 4 9 
20180617192 8 10 2 4 5 6 9 1 7 3 
20180617193 6 7 2 4 10 1 8 5 9 3 
20180617194 6 9 10 7 1 4 8 2 3 5 
20180617195 5 3 4 8 9 10 7 6 2 1 
20180617196 2 1 6 8 10 4 3 5 7 9 
20180617197 4 9 5 3 6 10 2 7 1 8 
20180617198 5 9 2 10 3 6 1 4 7 8 
20180617199 3 6 1 5 4 8 7 9 2 10 
20180617200 10 7 1 3 2 4 9 6 5 8 
20180617201 1 10 3 7 9 2 8 5 4 6 
20180617202 5 7 1 6 4 8 3 10 9 2 
20180617203 9 8 6 1 2 4 10 5 7 3 
20180617204 4 1 5 9 6 8 3 10 2 7 
20180617205 10 8 6 4 3 2 9 5 1 7 
20180617206 4 8 10 1 6 5 9 3 2 7 
20180617207 1 2 9 7 8 3 4 5 6 10 
20180617208 8 4 6 10 9 7 5 1 2 3 
20180617209 5 1 2 10 7 8 3 9 4 6 
20180617210 7 6 2 4 5 1 3 9 10 8 
20180617211 5 7 1 10 2 9 6 4 3 8 
20180617212 6 1 4 5 9 10 7 8 3 2 
20180617213 5 3 8 2 10 6 7 1 9 4 
20180617214 7 4 9 8 1 5 10 6 3 2 
20180617215 8 9 1 4 6 3 10 7 5 2 
20180617216 10 9 8 1 6 7 5 2 3 4 
20180617217 3 5 4 6 2 8 10 7 1 9 
20180617218 9 6 5 1 2 10 3 7 8 4 
20180617219 6 7 1 3 4 9 2 5 8 10 
20180617220 8 6 10 1 5 2 7 3 4 9 
20180617221 8 2 10 3 5 7 4 1 6 9 
20180617222 3 2 1 6 4 10 7 5 9 8 
20180617223 3 7 4 6 1 8 10 2 9 5 
20180617224 5 3 1 10 8 7 9 4 2 6 
20180617225 4 9 2 5 10 7 3 8 1 6 
20180617226 7 9 3 1 6 8 10 5 2 4 
20180617227 4 1 3 2 6 9 5 10 8 7 
20180617228 6 1 5 4 10 2 3 7 8 9 
20180617229 2 10 6 7 4 9 5 3 8 1 
20180617230 9 6 4 10 3 8 7 2 5 1 
20180617231 4 6 2 9 7 10 3 5 8 1 
20180617232 7 8 6 4 5 9 3 1 2 10 
20180617233 1 10 8 2 7 4 3 5 6 9 
20180617234 9 7 2 6 5 3 4 1 10 8 
20180617235 7 3 5 4 10 9 6 1 2 8 
20180617236 7 1 8 6 4 3 10 9 5 2 
20180617237 9 10 7 1 3 4 8 2 6 5 
20180617238 7 2 5 8 3 10 4 6 1 9 
20180617239 7 10 2 8 6 1 9 4 5 3 
20180617240 3 4 5 9 1 8 7 6 2 10 
20180617241 4 2 5 3 10 8 1 6 7 9 
20180617242 3 7 4 2 8 9 1 5 10 6 
20180617243 6 4 8 1 2 3 5 7 10 9 
20180617244 8 2 1 9 7 3 6 5 10 4 
20180617245 9 4 7 6 10 1 8 5 3 2 
20180617246 7 3 4 10 8 9 6 5 2 1 
20180617247 7 3 9 2 10 1 5 8 6 4 
20180617248 9 2 7 5 10 3 4 1 8 6 
20180617249 5 4 6 10 7 3 9 1 2 8 
20180617250 10 9 6 5 1 8 7 3 2 4 
20180617251 3 1 8 4 2 5 10 6 9 7 
20180617252 1 7 6 3 9 4 10 5 2 8 
20180617253 9 2 5 6 1 4 3 8 10 7 
20180617254 5 9 10 2 7 1 4 3 6 8 
20180617255 10 9 2 7 4 1 6 5 3 8 
20180617256 3 9 7 6 1 2 4 10 8 5 
20180617257 2 9 5 7 8 10 3 4 6 1 
20180617258 2 7 4 1 8 6 5 3 9 10 
20180617259 3 6 10 9 2 5 1 8 7 4 
20180617260 6 4 2 10 8 1 7 9 5 3 
20180617261 1 7 5 2 6 4 10 8 9 3 
20180617262 7 4 8 1 5 9 6 10 3 2 
20180617263 5 7 9 2 1 6 8 4 10 3 
20180617264 3 10 9 5 2 6 8 1 4 7 
20180617265 8 9 3 4 5 7 1 10 6 2 
20180617266 4 9 10 8 5 1 3 6 2 7 
20180617267 1 7 5 10 8 6 2 4 9 3 
20180617268 4 3 9 7 1 10 8 5 6 2 
20180617269 9 3 10 7 8 1 2 5 4 6 
20180617270 3 6 4 9 10 1 5 7 2 8 
20180617271 2 1 4 7 8 3 10 9 6 5 
20180617272 6 5 8 4 7 10 9 3 1 2 
20180617273 5 3 4 2 1 10 6 8 7 9 
20180617274 10 2 1 6 9 4 5 3 8 7 
20180617275 4 2 3 7 6 1 9 5 10 8 
20180617276 10 6 3 2 8 9 1 4 7 5 
20180617277 1 3 5 8 4 10 6 9 2 7 
20180617278 9 3 10 8 1 6 5 4 2 7 
20180617279 1 9 2 5 3 7 10 4 8 6 
20180617280 2 8 5 1 6 7 3 9 10 4 
20180617281 3 6 9 1 2 10 4 5 8 7 
20180617282 8 2 7 10 6 1 5 4 3 9 
20180617283 5 9 7 10 3 1 8 6 2 4 
20180617284 3 7 5 6 8 4 9 1 2 10 
20180617285 3 5 2 1 9 6 10 4 7 8 
20180617286 6 4 2 9 10 1 3 7 5 8 
20180617287 3 1 8 2 6 7 4 5 10 9 
20180617288 5 2 9 8 6 7 3 10 4 1 
20180617289 5 2 8 1 6 4 7 3 10 9 
20180617290 3 8 10 2 6 4 7 5 1 9 
20180617291 6 4 3 1 8 7 5 10 2 9 
20180617292 3 9 5 10 4 7 1 6 2 8 
20180617293 4 2 5 8 6 7 10 9 1 3 
20180617294 8 5 2 10 9 6 3 4 7 1 
20180617295 6 8 1 9 7 2 4 10 5 3 
20180617296 4 10 9 1 5 7 8 2 6 3 
20180617297 5 1 4 6 2 9 10 8 3 7 
20180617298 7 4 6 10 9 5 2 8 1 3 
20180617299 8 3 5 6 10 4 7 9 2 1 
20180617300 1 8 2 7 5 6 10 9 4 3 
20180617301 1 4 7 5 6 10 9 2 8 3 
20180617302 4 5 2 6 8 10 7 9 1 3 
20180617303 8 2 7 3 5 9 10 6 1 4 
20180617304 1 3 4 6 9 2 7 8 5 10 
20180617305 9 3 10 5 4 8 2 1 7 6 
20180617306 8 10 9 2 6 5 4 1 3 7 
20180617307 1 5 4 7 8 6 2 3 10 9 
20180617308 1 8 6 2 10 5 4 3 9 7 
20180617309 2 5 9 4 3 6 7 1 10 8 
20180617310 6 4 5 9 8 3 10 7 1 2 
20180617311 1 4 8 5 9 10 7 2 3 6 
20180617312 2 5 3 1 7 8 10 9 4 6 
20180617313 4 9 6 8 1 3 5 7 10 2 
20180617314 7 3 8 10 6 9 4 5 1 2 
20180617315 2 10 3 9 4 7 8 1 5 6 
20180617316 8 9 3 5 4 1 2 6 10 7 
20180617317 5 3 4 10 9 8 2 6 1 7 
20180617318 6 2 7 5 3 4 1 10 9 8 
20180617319 8 1 9 5 3 10 6 7 2 4 
20180617320 2 9 10 6 7 5 4 1 3 8 
20180617321 2 8 3 9 4 10 1 7 5 6 
20180617322 8 10 3 2 9 5 6 7 4 1 
20180617323 3 9 6 10 7 1 5 8 4 2 
20180617324 3 1 5 6 8 2 7 9 10 4 
20180617325 10 4 6 9 2 5 7 1 3 8 
20180617326 8 4 5 2 9 1 3 7 6 10 
20180617327 7 9 4 8 1 6 2 10 3 5 
20180617328 5 3 8 6 4 2 7 9 1 10 
20180617329 3 9 6 7 2 8 4 5 10 1 
20180617330 10 7 5 1 4 8 9 3 6 2 
20180617331 1 2 6 4 7 3 8 10 5 9 
20180617332 3 1 10 6 2 8 9 4 7 5 
20180617333 1 10 9 4 8 7 5 2 6 3 
20180617334 2 7 10 3 6 4 5 9 1 8 
20180617335 8 4 6 9 5 3 7 10 2 1 
20180617336 7 2 1 10 8 3 5 4 6 9 
20180617337 2 4 9 6 5 8 3 7 10 1 
20180617338 7 4 3 6 9 10 8 2 1 5 
20180617339 6 1 10 9 2 8 3 7 5 4 
20180617340 7 4 9 1 8 2 3 6 10 5 
20180617341 6 9 1 8 4 7 3 5 10 2 
20180617342 6 2 9 4 8 3 5 7 10 1 
20180617343 10 6 3 4 5 2 9 8 7 1 
20180617344 1 9 7 4 10 6 5 2 3 8 
20180617345 10 7 6 5 2 4 9 8 1 3 
20180617346 7 3 6 4 1 2 10 5 8 9 
20180617347 3 5 8 6 1 10 2 4 9 7 
20180617348 4 10 8 9 5 2 7 1 3 6 
20180617349 5 6 10 7 3 8 2 1 9 4 
20180617350 8 3 7 5 10 2 4 1 6 9 
20180617351 8 4 3 1 5 2 10 7 9 6 
20180617352 4 9 10 6 5 7 2 8 1 3 
20180617353 4 8 6 1 5 3 10 2 7 9 
20180617354 7 8 10 4 9 2 3 5 6 1 
20180617355 8 9 4 6 5 10 2 3 1 7 
20180617356 10 9 6 4 3 8 7 1 5 2 
20180617357 10 7 1 4 8 6 2 5 9 3 
20180617358 9 6 2 1 3 10 4 5 7 8 
20180617359 4 5 1 10 8 7 3 6 2 9 
20180617360 3 6 1 9 5 2 10 8 7 4 
20180617361 9 1 3 7 5 10 2 4 8 6 
20180617362 7 3 2 10 8 6 5 4 9 1 
20180617363 10 6 8 4 2 5 3 9 7 1 
20180617364 7 1 3 2 4 6 10 8 5 9 
20180617365 7 6 4 8 2 10 3 9 5 1 
20180617366 10 5 4 9 7 8 3 2 1 6 
20180617367 6 9 1 5 2 7 4 3 8 10 
20180617368 6 4 3 9 10 8 1 5 2 7 
20180617369 8 7 4 9 2 5 6 1 10 3 
20180617370 9 8 1 7 5 10 4 6 3 2 
20180617371 1 10 8 9 5 4 6 7 3 2 
20180617372 3 2 1 10 6 8 7 9 5 4 
20180617373 4 9 3 8 10 6 5 1 2 7 
20180617374 3 4 10 2 1 5 6 9 7 8 
20180617375 9 7 1 6 8 3 2 4 5 10 
20180617376 2 8 7 9 10 6 3 4 5 1 
20180617377 5 3 9 4 1 7 2 10 6 8 
20180617378 4 5 8 6 7 2 9 3 1 10 
20180617379 5 9 4 2 3 10 6 1 7 8 
20180617380 5 4 10 2 1 8 7 6 9 3 
20180617381 8 3 7 4 9 10 2 1 6 5 
20180617382 10 9 4 8 7 2 3 1 6 5 
20180617383 7 6 10 3 8 1 5 2 9 4 
20180617384 10 2 4 6 7 5 3 9 1 8 
20180617385 5 9 2 7 3 8 10 1 4 6 
20180617386 3 1 6 10 4 9 8 2 7 5 
20180617387 6 7 9 10 4 3 5 8 1 2 
20180617388 9 5 3 1 7 2 8 6 4 10 
20180617389 4 9 5 6 3 7 8 10 2 1 
20180617390 7 8 2 10 4 1 5 9 6 3 
20180617391 9 1 7 10 8 4 5 3 2 6 
20180617392 5 10 1 6 4 9 8 2 3 7 
20180617393 3 1 5 7 4 10 6 9 2 8 
20180617394 3 2 7 1 5 6 4 8 10 9 
20180617395 9 4 10 8 1 5 2 7 3 6 
20180617396 2 1 4 6 9 5 10 7 3 8 
20180617397 9 10 2 1 6 7 8 5 4 3 
20180617398 4 5 8 10 7 1 2 6 9 3 
20180617399 7 10 5 4 6 2 8 9 1 3 
20180617400 7 9 6 3 5 4 8 1 10 2 
20180617401 4 8 6 3 2 5 1 10 7 9 
20180617402 2 8 10 7 5 6 4 9 3 1 
20180617403 4 3 2 6 7 1 10 8 9 5 
20180617404 7 8 5 1 3 9 10 2 4 6 
20180617405 9 2 7 5 1 6 10 4 8 3 
20180617406 8 6 9 7 5 10 3 4 2 1 
20180617407 10 3 2 5 1 8 4 6 7 9 
20180617408 3 6 10 1 7 9 8 4 5 2 
20180617409 5 8 9 3 10 2 6 1 7 4 
20180617410 1 6 9 10 8 5 7 4 2 3 
20180617411 6 5 1 7 3 8 4 2 10 9 
20180617412 5 10 8 6 1 2 4 3 9 7 
20180617413 8 9 6 3 1 7 2 5 4 10 
20180617414 6 8 9 4 5 10 3 2 1 7 
20180617415 4 10 8 7 2 5 9 1 6 3 
20180617416 7 1 4 9 3 2 5 10 8 6 
20180617417 1 2 7 9 8 4 6 3 10 5 
20180617418 4 3 7 10 1 6 2 9 5 8 
20180617419 5 3 10 2 6 1 7 9 4 8 
20180617420 6 8 3 9 4 5 1 2 10 7 
20180617421 5 7 2 6 3 10 4 9 8 1 
20180617422 7 5 6 4 8 2 9 3 10 1 
20180617423 9 10 7 1 4 2 6 8 5 3 
20180617424 9 4 6 2 7 3 1 8 10 5 
20180617425 7 1 9 2 4 3 8 5 6 10 
20180617426 2 5 9 3 4 8 1 6 7 10 
20180617427 9 1 8 2 3 4 7 5 6 10 
20180617428 7 4 1 6 9 10 3 8 2 5 
20180617429 4 1 5 2 3 7 10 6 8 9 
20180617430 3 6 1 7 5 2 4 9 8 10 
20180617431 8 4 1 9 2 3 7 6 10 5 
20180617432 1 7 3 9 10 8 5 2 6 4 
20180617433 1 8 2 3 7 5 4 6 9 10 
20180617434 5 4 1 3 8 7 2 10 9 6 
20180617435 2 1 7 4 5 6 3 10 8 9 
20180617436 7 9 8 5 6 3 4 2 10 1 
20180617437 4 7 10 9 1 6 3 5 2 8 
20180617438 5 10 1 8 6 3 7 9 2 4 
20180617439 5 6 7 9 2 8 10 1 4 3 
20180617440 7 9 3 4 8 5 2 1 10 6 
20180617441 9 10 4 1 7 2 6 5 8 3 
20180617442 7 10 5 2 3 9 1 6 8 4 
20180617443 6 3 1 9 10 7 2 4 8 5 
20180617444 1 9 6 7 4 2 10 3 5 8 
20180617445 7 1 3 8 6 4 5 2 10 9 
20180617446 1 8 2 9 4 10 6 5 3 7 
20180617447 6 10 7 5 1 4 3 2 8 9 
20180617448 1 2 9 3 4 6 10 5 8 7 
20180617449 9 6 10 5 2 3 4 8 7 1 
20180617450 5 9 7 2 3 10 6 4 1 8 
20180617451 8 3 9 1 5 2 10 4 6 7 
20180617452 3 10 7 2 6 8 1 9 4 5 
20180617453 8 2 1 9 7 5 3 4 10 6 
20180617454 1 7 5 4 9 10 2 3 6 8 
20180617455 1 10 4 7 5 9 3 6 8 2 
20180617456 2 4 9 6 1 5 8 3 10 7 
20180617457 2 4 3 8 5 9 7 6 1 10 
20180617458 9 6 1 5 8 2 10 4 3 7 
20180617459 6 1 7 3 2 5 10 8 9 4 
20180617460 2 3 4 10 9 8 7 6 1 5 
20180617461 8 7 2 9 6 5 4 3 1 10 
20180617462 6 1 3 7 9 10 5 2 8 4 
20180617463 10 4 1 7 3 9 5 8 6 2 
20180617464 5 3 8 7 6 10 2 9 1 4 
20180617465 4 3 10 2 1 9 6 8 7 5 
20180617466 2 8 4 10 7 3 5 9 1 6 
20180617467 9 2 7 4 10 8 6 3 1 5 
20180617468 5 1 8 7 2 10 4 9 3 6 
20180617469 2 9 8 10 1 7 6 5 3 4 
20180617470 3 7 8 2 6 4 10 5 9 1 
20180617471 2 5 6 10 8 3 7 9 1 4 
20180617472 5 2 4 9 1 10 8 7 3 6 
20180617473 2 6 7 8 1 10 3 9 4 5 
20180617474 4 6 8 7 5 9 2 10 3 1 
20180617475 8 4 3 2 5 10 7 6 9 1 
20180617476 1 6 4 7 3 2 9 10 8 5 
20180617477 4 1 5 9 3 8 6 7 2 10 
20180617478 4 1 10 2 5 6 3 7 9 8 
20180617479 2 1 4 6 7 5 10 3 8 9 
20180617480 4 1 2 9 7 8 3 10 6 5 
20180617481 4 8 2 10 3 9 7 5 6 1 
20180617482 1 4 7 3 9 10 2 6 8 5 
20180617483 1 8 5 3 6 10 9 4 7 2 
20180617484 2 7 3 1 8 10 4 6 5 9 
20180617485 10 2 5 3 8 1 6 7 9 4 
20180617486 5 8 6 7 9 10 4 1 2 3 
20180617487 6 10 3 1 7 9 2 5 8 4 
20180617488 6 1 2 8 4 5 3 10 7 9 
20180617489 1 6 5 8 4 2 10 7 3 9 
20180617490 9 3 2 4 10 8 5 7 6 1 
20180617491 8 6 4 10 9 1 5 3 7 2 
20180617492 4 1 10 6 8 7 5 3 9 2 
20180617493 2 8 5 3 4 7 6 10 1 9 
20180617494 9 6 1 2 4 8 7 3 5 10 
20180617495 6 7 1 4 10 2 9 8 5 3 
20180617496 4 9 3 10 6 1 2 8 5 7 
20180617497 9 2 5 8 10 4 7 6 1 3 
20180617498 6 9 4 2 5 3 1 8 10 7 
20180617499 4 10 7 8 9 3 1 2 5 6 
20180617500 9 6 1 10 2 7 3 5 8 4 
20180617501 8 1 2 10 5 9 7 6 3 4 
20180617502 6 10 7 5 2 3 1 9 8 4 
20180617503 2 8 1 9 10 5 7 4 3 6 
20180617504 6 5 4 9 2 7 10 1 8 3 
20180617505 8 4 10 6 1 5 2 9 7 3 
20180617506 7 4 6 9 8 2 5 10 3 1 
20180617507 8 3 7 6 2 9 4 10 1 5 
20180617508 8 6 1 2 10 4 5 3 9 7 
20180617509 10 3 6 8 7 2 4 9 1 5 
20180617510 10 6 1 5 7 9 2 4 3 8 
20180617511 8 7 9 5 2 3 1 4 10 6 
20180617512 7 1 5 4 8 9 10 6 3 2 
20180617513 5 10 1 8 3 7 9 6 4 2 
20180617514 8 6 5 10 9 7 1 4 2 3 
20180617515 10 8 5 4 3 2 6 7 1 9 
20180617516 7 3 2 5 8 9 4 6 1 10 
20180617517 8 2 4 1 6 10 3 7 9 5 
20180617518 1 5 10 4 2 7 6 3 9 8 
20180617519 4 3 10 5 2 6 1 8 9 7 
20180617520 6 4 8 2 3 7 5 10 9 1 
20180617521 6 7 2 1 8 10 5 3 4 9 
20180617522 5 9 4 2 6 1 3 8 10 7 
20180617523 10 2 4 3 9 5 7 1 6 8 
20180617524 7 1 8 6 4 3 2 5 9 10 
20180617525 6 10 2 5 9 3 7 4 8 1 
20180617526 5 7 10 2 9 8 6 3 4 1 
20180617527 2 5 1 6 3 9 7 8 4 10 
20180617528 5 6 7 10 2 3 9 1 4 8 
20180617529 5 1 4 2 3 9 6 8 7 10 
20180617530 6 8 1 4 9 2 7 10 3 5 
20180617531 10 6 2 4 9 7 5 3 1 8 
20180617532 5 6 7 8 1 2 4 10 3 9 
20180617533 5 9 2 1 7 3 10 4 8 6 
20180617534 2 7 8 1 5 4 6 3 10 9 
20180617535 4 10 9 8 3 5 7 6 2 1 
20180617536 9 4 1 3 7 6 5 8 10 2 
20180617537 1 4 2 9 10 3 7 5 6 8 
20180617538 10 6 1 9 3 4 8 2 7 5 
20180617539 8 7 2 6 4 10 9 3 5 1 
20180617540 2 7 10 3 4 9 8 5 6 1 
20180617541 4 6 2 7 5 9 1 8 3 10 
20180617542 2 9 3 10 6 7 5 8 1 4 
20180617543 10 1 8 3 2 5 9 6 7 4 
20180617544 2 9 4 6 5 10 7 8 3 1 
20180617545 4 2 5 10 7 3 8 6 9 1 
20180617546 6 1 7 8 5 10 9 3 4 2 
20180617547 9 4 7 6 3 8 2 5 1 10 
20180617548 4 7 9 6 5 3 1 10 8 2 
20180617549 7 9 5 3 6 4 8 1 2 10 
20180617550 4 7 3 5 8 2 9 1 10 6 
20180617551 7 3 8 2 9 5 10 1 4 6 
20180617552 1 3 2 4 5 8 6 7 10 9 
20180617553 2 6 10 7 9 3 1 8 4 5 
20180617554 8 6 9 1 2 4 10 5 3 7 
20180617555 4 1 6 10 9 3 8 5 2 7 
20180617556 4 6 3 7 10 8 1 2 9 5 
20180617557 10 8 5 9 4 7 1 6 3 2 
20180617558 5 3 8 2 7 10 6 9 1 4 
20180617559 8 3 5 10 6 1 9 7 2 4 
20180617560 10 2 6 4 7 5 8 1 9 3 
20180617561 6 7 4 5 9 10 8 1 2 3 
20180617562 10 4 5 8 7 3 6 1 2 9 
20180617563 9 10 6 4 2 5 7 3 8 1 
20180617564 6 3 7 8 10 5 2 4 9 1 
20180617565 9 2 10 7 4 5 8 1 6 3 
20180617566 4 10 7 3 5 6 9 1 8 2 
20180617567 1 9 8 5 3 7 2 10 6 4 
20180617568 9 3 8 2 1 5 6 4 10 7 
20180617569 8 7 4 9 6 3 1 5 10 2 
20180617570 3 2 7 4 10 9 5 1 6 8 
20180617571 5 4 2 7 8 9 1 10 3 6 
20180617572 4 5 6 10 7 9 8 3 1 2 
20180617573 4 1 3 5 10 6 9 7 2 8 
20180617574 8 2 3 7 4 1 10 9 6 5 
20180617575 2 3 8 10 5 9 7 1 6 4 
20180617576 1 6 4 3 8 5 2 9 10 7 
20180617577 10 7 9 3 8 4 5 1 2 6 
20180617578 10 6 5 3 7 9 8 4 2 1 
20180617579 2 7 1 4 10 9 3 8 5 6 
20180617580 4 6 5 7 2 8 10 3 1 9 
20180617581 7 4 9 2 3 10 6 5 1 8 
20180617582 6 2 1 10 3 8 7 9 5 4 
20180617583 6 9 7 5 10 8 1 4 2 3 
20180617584 7 5 6 8 9 1 4 3 10 2 
20180617585 7 9 6 8 4 2 5 1 3 10 
20180617586 6 2 1 9 7 4 8 3 10 5 
20180617587 7 9 10 3 5 8 1 6 2 4 
20180617588 8 4 2 6 3 9 7 5 1 10 
20180617589 1 4 2 8 9 6 3 5 10 7 
20180617590 8 6 4 2 9 5 3 10 1 7 
20180617591 10 2 4 5 6 3 1 9 7 8 
20180617592 6 1 2 5 9 7 4 3 8 10 
20180617593 6 8 7 4 10 2 5 9 3 1 
20180617594 3 2 8 9 5 6 1 7 4 10 
20180617595 3 2 10 5 4 7 8 6 9 1 
20180617596 2 4 5 6 1 3 10 9 7 8 
20180617597 8 6 9 7 3 10 1 4 5 2 
20180617598 4 6 5 8 3 1 7 9 10 2 
20180617599 6 2 1 10 5 9 4 3 8 7 
20180617600 3 7 1 10 4 2 8 6 9 5 
20180617601 8 4 9 3 2 6 5 10 7 1 
20180617602 2 6 8 3 9 5 7 10 4 1 
20180617603 8 7 10 5 9 2 4 1 3 6 
20180617604 2 5 1 4 9 6 3 10 7 8 
20180617605 2 3 8 10 1 7 9 5 6 4 
20180617606 3 7 8 2 4 6 10 5 9 1 
20180617607 6 10 3 5 4 2 8 1 7 9 
20180617608 3 1 10 4 6 5 9 2 8 7 
20180617609 9 7 5 3 4 8 6 2 10 1 
20180617610 8 9 7 4 10 5 2 1 3 6 
20180617611 10 7 8 3 9 1 6 5 2 4 
20180617612 2 5 8 6 3 4 9 7 1 10 
20180617613 1 9 10 7 8 3 6 2 4 5 
20180617614 3 8 7 4 6 10 2 9 1 5 
20180617615 3 2 6 4 1 10 8 9 7 5 
20180617616 7 6 5 10 4 2 9 1 3 8 
20180617617 2 7 1 10 8 5 4 6 9 3 
20180617618 8 7 4 5 2 3 6 9 1 10 
20180617619 5 4 7 1 10 8 6 3 2 9 
20180617620 7 10 9 2 6 4 3 8 5 1 
20180617621 2 5 3 10 7 1 8 6 9 4 
20180617622 10 8 9 2 4 3 6 5 1 7 
20180617623 10 7 9 3 2 4 8 1 6 5 
20180617624 6 9 1 3 8 10 5 2 7 4 
20180617625 10 2 9 6 7 8 3 4 5 1 
20180617626 5 2 6 1 10 4 8 9 7 3 
20180617627 4 5 7 8 2 6 9 1 10 3 
20180617628 6 8 1 9 7 5 2 10 4 3 
20180617629 9 7 6 3 1 10 8 5 4 2 
20180617630 7 10 4 5 9 1 3 2 8 6 
20180617631 7 4 2 5 6 3 8 9 1 10 
20180617632 2 10 5 9 8 7 3 6 4 1 
20180617633 3 7 4 5 9 6 1 8 10 2 
20180617634 5 4 3 7 6 10 8 2 9 1 
20180617635 7 4 10 1 9 5 6 3 2 8 
20180617636 5 3 8 9 4 6 10 2 7 1 
20180617637 5 4 1 3 8 7 6 9 10 2 
20180617638 4 3 2 7 8 10 1 5 6 9 
20180617639 8 9 2 3 10 5 1 7 6 4 
20180617640 7 2 8 5 3 1 6 9 4 10 
20180617641 7 3 4 9 8 6 10 2 1 5 
20180617642 7 5 3 1 4 9 8 6 10 2 
20180617643 10 3 8 2 6 1 9 4 5 7 
20180617644 9 8 1 2 6 4 10 7 5 3 
20180617645 2 4 9 3 8 7 1 6 10 5 
20180617646 2 6 9 10 7 1 3 5 4 8 
20180617647 5 1 7 3 9 8 10 4 2 6 
20180617648 4 6 5 1 9 8 2 3 7 10 
20180617649 9 8 7 6 4 5 10 1 3 2 
20180617650 9 8 5 1 4 2 3 6 7 10 
20180617651 4 2 5 1 3 8 6 9 7 10 
20180617652 4 9 3 7 1 2 8 6 5 10 
20180617653 5 3 9 1 7 4 10 8 6 2 
20180617654 5 10 7 3 6 9 8 4 2 1 
20180617655 4 2 9 3 7 8 1 10 5 6 
20180617656 7 1 9 4 2 8 5 3 10 6 
20180617657 10 8 4 1 2 7 5 6 9 3 
20180617658 5 6 3 1 9 4 2 8 7 10 
20180617659 1 8 7 2 10 9 4 6 3 5 
20180617660 1 7 4 6 8 3 2 9 5 10 
20180617661 9 2 8 4 1 6 10 5 3 7 
20180617662 10 4 1 7 6 5 8 9 3 2 
20180617663 4 7 8 10 6 1 2 9 5 3 
20180617664 2 5 6 10 1 3 9 7 8 4 
20180617665 4 7 10 6 5 8 1 3 2 9 
20180617666 10 5 4 1 2 8 6 3 9 7 
20180617667 6 8 7 2 3 4 5 9 10 1 
20180617668 6 2 8 5 3 4 9 7 1 10 
20180617669 9 4 2 10 6 1 3 8 7 5 
20180617670 10 5 9 8 7 3 1 2 4 6 
20180617671 4 8 7 3 10 2 1 6 5 9 
20180617672 2 1 6 4 7 3 5 8 10 9 
20180617673 8 6 3 9 4 5 7 10 1 2 
20180617674 7 3 10 5 4 1 9 2 8 6 
20180617675 8 2 9 10 5 1 4 7 3 6 
20180617676 10 3 6 5 7 8 9 1 2 4 
20180617677 4 7 5 8 6 2 3 9 1 10 
20180617678 4 3 9 2 1 10 7 6 8 5 
20180617679 4 9 5 8 6 1 7 10 3 2 
20180617680 5 9 2 4 6 8 1 3 7 10 
20180617681 2 6 10 1 9 8 4 5 3 7 
20180617682 1 2 3 9 4 10 6 5 8 7 
20180617683 3 6 8 4 9 1 10 5 2 7 
20180617684 5 3 8 6 9 2 7 4 1 10 
20180617685 6 4 9 10 7 3 2 5 8 1 
20180617686 4 9 6 1 5 2 10 7 3 8 
20180617687 10 4 6 1 2 3 7 9 5 8 
20180617688 4 6 9 10 8 2 5 1 3 7 
20180617689 3 1 6 9 5 8 4 10 7 2 
20180617690 9 2 6 1 5 4 3 7 10 8 
20180617691 8 3 7 9 5 2 1 4 10 6 
20180617692 9 4 3 6 1 10 7 5 8 2 
20180617693 4 7 8 2 3 6 5 1 10 9 
20180617694 2 7 5 10 8 1 4 3 9 6 
20180617695 9 1 4 8 10 3 2 6 5 7 
20180617696 6 1 2 7 8 9 10 3 5 4 
20180617697 4 7 6 2 3 5 1 8 9 10 
20180617698 8 3 7 6 10 4 5 1 2 9 
20180617699 9 4 8 5 3 7 1 2 10 6 
20180617700 10 2 1 7 4 3 5 6 9 8 
20180617701 4 1 10 2 6 7 3 5 8 9 
20180617702 7 4 8 9 5 1 6 3 10 2 
20180617703 3 6 1 10 8 2 7 4 5 9 
20180617704 3 6 10 5 4 1 2 8 7 9 
20180617705 3 10 7 6 4 2 5 1 9 8 
20180617706 5 1 2 10 4 8 6 9 7 3 
20180617707 3 8 4 9 6 1 10 2 7 5 
20180617708 6 1 10 9 4 7 2 3 5 8 
20180617709 8 6 4 1 9 3 7 10 2 5 
20180617710 10 6 5 3 4 9 2 7 1 8 
20180617711 10 4 7 6 9 8 2 5 3 1 
20180617712 3 2 10 9 7 6 1 4 5 8 
20180617713 9 2 5 10 1 7 8 3 6 4 
20180617714 4 5 7 8 6 9 3 1 10 2 
20180617715 4 8 10 3 5 6 7 9 1 2 
20180617716 3 2 8 4 7 9 1 6 10 5 
20180617717 1 10 2 4 7 9 8 5 6 3 
20180617718 5 6 2 4 7 10 1 3 8 9 
20180617719 8 10 9 1 3 7 6 2 5 4 
20180617720 6 1 4 9 7 3 10 5 8 2 
20180617721 3 1 2 6 4 5 8 7 9 10 
20180617722 1 9 3 10 5 6 2 7 8 4 
20180617723 3 10 9 6 1 2 5 7 4 8 
20180617724 1 2 6 4 5 10 3 9 8 7 
20180617725 4 7 6 3 10 8 9 1 5 2 
20180617726 8 3 1 5 7 6 2 9 10 4 
20180617727 2 9 1 6 8 3 10 7 4 5 
20180617728 3 1 9 4 6 8 7 10 2 5 
20180617729 8 5 2 7 4 10 1 9 6 3 
20180617730 6 4 9 2 7 5 10 3 8 1 
20180617731 6 7 9 4 8 2 5 3 10 1 
20180617732 9 6 7 8 10 1 5 3 4 2 
20180617733 5 1 10 2 9 4 8 6 3 7 
20180617734 2 3 10 5 8 9 1 4 6 7 
20180617735 7 4 5 8 10 3 2 1 9 6 
20180617736 3 8 2 7 10 5 9 6 4 1 
20180617737 4 8 3 5 1 9 10 2 7 6 
20180617738 5 3 1 8 9 4 6 2 7 10 
20180617739 7 1 5 3 9 4 2 10 6 8 
20180617740 10 9 1 7 6 8 4 3 2 5 
20180617741 5 2 1 6 4 7 3 8 10 9 
20180617742 5 9 8 2 1 7 3 6 4 10 
20180617743 4 2 3 5 1 8 7 10 6 9 
20180617744 7 2 8 1 6 5 3 9 10 4 
20180617745 7 1 4 3 10 9 6 8 5 2 
20180617746 4 10 1 7 3 6 8 5 2 9 
20180617747 4 3 1 10 8 2 9 5 7 6 
20180617748 9 4 7 5 2 10 6 3 1 8 
20180617749 1 10 7 3 4 9 2 6 8 5 
20180617750 5 1 10 2 3 8 4 7 9 6 
20180617751 5 2 3 10 6 4 1 8 7 9 
20180617752 9 7 2 5 1 8 4 10 3 6 
20180617753 6 8 4 5 1 9 10 7 3 2 
20180617754 5 6 1 8 9 10 3 4 2 7 
20180617755 7 4 3 2 8 9 10 5 1 6 
20180617756 6 2 8 9 5 3 1 7 4 10 
20180617757 9 5 7 4 1 6 2 10 3 8 
20180617758 8 6 5 4 7 3 1 2 10 9 
20180617759 10 4 1 3 7 8 6 9 5 2 
20180617760 10 7 1 6 3 4 2 5 8 9 
20180617761 7 4 8 3 9 6 10 1 5 2 
20180617762 9 8 1 5 6 2 7 10 3 4 
20180617763 5 9 1 4 6 8 2 3 7 10 
20180617764 2 7 10 1 5 4 9 6 8 3 
20180617765 4 7 10 8 9 2 1 3 6 5 
20180617766 7 3 4 10 5 6 2 1 8 9 
20180617767 9 8 1 5 4 2 10 7 6 3 
20180617768 10 8 2 3 7 1 4 6 9 5 
20180617769 5 6 4 10 3 1 2 7 9 8 
20180617770 2 7 5 4 6 10 8 1 3 9 
20180617771 9 4 6 3 1 5 2 10 8 7 
20180617772 4 9 2 3 7 8 10 6 5 1 
20180617773 2 10 5 3 1 4 7 8 6 9 
20180617774 9 7 6 1 2 5 3 4 10 8 
20180617775 7 6 4 5 1 2 3 10 8 9 
20180617776 4 7 2 1 3 9 5 10 6 8 
20180617777 5 3 7 9 10 6 2 1 8 4 
20180617778 8 7 4 10 6 9 1 2 5 3 
20180617779 9 7 6 5 10 4 3 1 2 8 
20180617780 2 3 1 7 10 5 9 8 4 6 
20180617781 8 10 6 5 7 3 1 2 9 4 
20180617782 9 4 8 2 7 1 3 10 5 6 
20180617783 5 2 1 3 9 6 8 10 4 7 
20180617784 3 8 5 4 1 6 9 7 10 2 
20180617785 3 5 7 8 1 4 10 6 2 9 
20180617786 4 2 10 5 9 3 8 7 6 1 
20180617787 6 2 5 9 1 4 3 8 7 10 
20180617788 2 5 8 4 7 10 6 1 9 3 
20180617789 2 5 3 9 7 1 6 10 4 8 
20180617790 2 9 3 10 4 7 5 8 6 1 
20180617791 3 8 5 10 4 2 6 1 7 9 
20180617792 7 5 2 3 6 1 8 10 4 9 
20180617793 2 8 5 3 10 9 7 6 4 1 
20180617794 9 5 4 1 3 7 6 2 10 8 
20180617795 9 8 5 2 3 7 1 6 10 4 
20180617796 5 9 7 4 10 1 6 3 8 2 
20180617797 8 3 1 6 10 2 9 7 4 5 
20180617798 4 5 9 7 6 8 10 2 3 1 
20180617799 5 3 6 2 4 10 8 1 9 7 
20180617800 5 4 8 10 9 2 1 6 7 3 
20180617801 8 6 4 1 3 10 5 9 2 7 
20180617802 1 4 2 5 9 10 6 8 7 3 
20180617803 10 1 7 5 6 8 9 2 3 4 
20180617804 5 3 9 10 1 6 2 4 7 8 
20180617805 4 1 8 5 10 6 2 3 7 9 
20180617806 9 7 4 8 2 10 6 3 5 1 
20180617807 10 2 8 9 5 4 3 6 7 1 
20180617808 3 10 1 8 7 4 2 6 9 5 
20180617809 6 2 1 9 10 5 7 4 8 3 
20180617810 1 7 9 5 3 10 2 4 6 8 
20180617811 7 9 3 5 2 1 8 4 10 6 
20180617812 5 2 4 9 10 3 6 7 1 8 
20180617813 4 3 1 6 2 10 5 9 8 7 
20180617814 9 7 5 6 4 3 8 2 1 10 
20180617815 3 2 6 1 5 10 8 9 7 4 
20180617816 1 8 10 9 7 5 4 3 6 2 
20180617817 3 6 10 1 5 9 7 4 8 2 
20180617818 5 7 9 1 8 10 2 3 4 6 
20180617819 7 9 1 6 3 5 2 4 8 10 
20180617820 7 6 8 3 5 10 9 4 2 1 
20180617821 8 7 1 4 9 6 3 5 2 10 
20180617822 5 3 7 8 2 1 10 4 6 9 
20180617823 9 6 10 8 7 1 2 4 3 5 
20180617824 5 6 9 8 7 1 2 10 3 4 
20180617825 6 3 10 4 2 5 7 1 9 8 
20180617826 2 5 9 3 7 10 1 4 8 6 
20180617827 5 4 10 6 7 2 8 1 9 3 
20180617828 4 8 9 2 3 10 5 1 7 6 
20180617829 3 2 8 7 1 10 5 4 9 6 
20180617830 1 8 5 10 9 2 7 3 4 6 
20180617831 6 5 9 4 7 3 1 2 10 8 
20180617832 5 9 7 6 4 3 2 1 10 8 
20180617833 9 4 6 1 3 2 7 10 5 8 
20180617834 9 7 3 4 10 5 2 1 8 6 
20180617835 5 8 1 4 3 10 2 7 9 6 
20180617836 10 1 6 7 5 8 4 9 3 2 
20180617837 8 1 10 4 6 7 3 9 2 5 
20180617838 7 10 3 8 1 5 4 2 6 9 
20180617839 10 1 9 2 4 3 6 7 8 5 
20180617840 3 1 10 2 4 6 7 9 5 8 
20180617841 8 5 10 9 7 3 2 1 4 6 
20180617842 2 6 10 3 9 7 8 1 5 4 
20180617843 2 1 10 6 9 7 5 8 4 3 
20180617844 3 8 2 5 7 1 4 10 6 9 
20180617845 7 8 1 4 6 2 10 9 5 3 
20180617846 8 5 10 7 2 9 3 4 6 1 
20180617847 5 10 7 4 6 3 9 1 8 2 
20180617848 7 1 9 6 2 4 8 3 10 5 
20180617849 10 7 3 5 4 9 6 1 2 8 
20180617850 9 2 4 7 6 10 5 8 1 3 
20180617851 9 8 2 4 10 3 1 6 5 7 
20180617852 3 10 2 5 9 1 4 8 7 6 
20180617853 5 2 10 9 6 4 8 3 1 7 
20180617854 3 8 10 1 5 6 4 2 9 7 
20180617855 5 9 8 4 10 6 1 2 3 7 
20180617856 1 3 9 6 4 10 5 2 8 7 
20180617857 9 7 4 8 3 10 5 2 1 6 
20180617858 1 8 2 4 6 3 7 10 9 5 
20180617859 1 10 6 3 9 7 2 8 4 5 
20180617860 10 3 6 2 4 9 1 8 7 5 
20180617861 2 3 9 7 8 5 4 10 6 1 
20180617862 3 2 6 8 9 1 10 7 4 5 
20180617863 5 8 4 3 7 10 2 6 1 9 
20180617864 3 2 8 4 9 1 6 5 7 10 
20180617865 9 2 7 10 8 1 4 6 5 3 
20180617866 5 10 4 8 7 9 1 2 6 3 
20180617867 10 3 9 8 7 6 5 2 1 4 
20180617868 7 8 2 1 10 4 6 9 3 5 
20180617869 8 7 2 3 5 9 1 6 10 4 
20180617870 2 3 1 9 5 7 8 10 4 6 
20180617871 2 8 9 5 10 4 1 6 7 3 
20180617872 3 5 8 10 7 4 1 2 6 9 
20180617873 4 2 10 6 1 7 8 5 3 9 
20180617874 7 4 5 2 3 9 6 10 1 8 
20180617875 7 4 1 2 9 3 10 5 8 6 
20180617876 6 7 1 10 9 3 8 4 2 5 
20180617877 10 1 9 2 8 7 6 5 4 3 
20180617878 1 3 2 6 7 8 4 10 5 9 
20180617879 4 3 7 5 8 2 9 6 1 10 
20180617880 6 1 7 10 3 9 2 8 4 5 
20180617881 8 5 6 3 4 10 2 7 1 9 
20180617882 5 2 4 9 6 10 8 1 3 7 
20180617883 10 2 6 3 7 5 1 4 9 8 
20180617884 10 8 1 7 9 2 6 3 4 5 
20180617885 2 7 10 3 4 9 8 6 5 1 
20180617886 3 7 10 6 1 4 2 8 5 9 
20180617887 8 10 9 5 1 6 3 4 2 7 
20180617888 4 10 8 5 6 3 7 1 2 9 
20180617889 8 9 3 5 2 10 7 4 6 1 
20180617890 4 9 8 1 5 10 2 3 7 6 
20180617891 4 7 5 9 3 1 8 10 6 2 
20180617892 4 1 8 7 3 5 10 9 6 2 
20180617893 9 4 2 10 5 1 8 6 3 7 
20180617894 2 3 8 4 5 1 10 9 7 6 
20180617895 6 1 2 9 10 4 5 7 8 3 
20180617896 1 10 5 7 3 2 9 6 4 8 
20180617897 3 8 9 7 4 10 6 1 2 5 
20180617898 10 2 3 9 5 7 4 8 1 6 
20180617899 1 7 9 8 2 6 5 10 4 3 
20180617900 2 3 1 9 7 8 10 5 6 4 
20180617901 7 4 5 8 1 9 2 6 3 10 
20180617902 2 10 6 7 5 8 4 1 9 3 
20180617903 4 1 10 6 7 3 8 2 5 9 
20180617904 5 7 3 4 6 10 2 9 8 1 
20180617905 10 4 5 3 7 2 1 6 9 8 
20180617906 3 5 1 9 7 6 10 2 4 8 
20180617907 6 1 2 5 4 8 9 10 7 3 
20180617908 10 1 3 2 7 6 5 4 8 9 
20180617909 5 9 6 3 10 8 1 7 2 4 
20180617910 7 8 3 4 5 9 2 6 10 1 
20180617911 9 7 8 1 2 5 6 10 3 4 
20180617912 8 5 9 3 4 7 10 2 6 1 
20180617913 9 1 3 10 7 8 5 2 4 6 
20180617914 3 9 1 7 8 2 10 5 4 6 
20180617915 6 3 4 7 2 10 8 1 9 5 
20180617916 4 7 1 2 8 10 9 6 3 5 
20180617917 4 1 6 8 7 3 10 9 2 5 
20180617918 4 9 10 5 8 3 6 1 7 2 
20180617919 2 10 8 4 3 1 6 9 7 5 
20180617920 2 1 3 9 8 10 4 5 7 6 
20180617921 8 1 6 2 9 4 7 3 5 10 
20180617922 4 5 9 7 10 8 2 6 3 1 
20180617923 1 4 10 2 8 5 9 3 6 7 
20180617924 1 2 4 10 9 6 3 8 5 7 
20180617925 7 5 2 9 3 8 4 1 6 10 
20180617926 1 5 2 4 3 9 10 6 7 8 
20180617927 1 4 2 9 6 8 5 3 7 10 
20180617928 9 3 2 5 7 1 6 4 10 8 
20180617929 10 7 5 4 8 1 2 3 6 9 
20180617930 4 6 5 10 2 7 8 1 3 9 
20180617931 1 5 7 10 6 9 4 3 8 2 
20180617932 5 4 3 2 9 6 7 8 10 1 
20180617933 6 9 1 10 2 3 8 4 7 5 
20180617934 4 3 9 7 6 5 8 10 2 1 
20180617935 1 4 3 10 7 6 2 8 5 9 
20180617936 10 2 6 8 3 9 5 7 4 1 
20180617937 3 2 6 4 1 8 10 9 7 5 
20180617938 8 5 6 10 7 3 4 9 2 1 
20180617939 6 5 2 7 1 8 9 10 3 4 
20180617940 2 4 9 7 8 3 1 10 5 6 
20180617941 2 4 9 7 6 8 5 3 10 1 
20180617942 10 8 6 4 3 9 7 1 2 5 
20180617943 3 6 7 10 2 5 8 1 4 9 
20180617944 2 3 8 9 7 1 6 4 5 10 
20180617945 5 8 3 2 7 6 10 1 9 4 
20180617946 5 8 1 2 9 6 10 3 4 7 
20180617947 6 8 2 3 4 5 9 1 7 10 
20180617948 8 1 7 6 9 3 2 5 4 10 
20180617949 10 2 9 5 8 4 6 1 3 7 
20180617950 7 10 1 9 8 5 3 6 2 4 
20180617951 7 8 3 10 4 5 9 6 2 1 
20180617952 7 4 5 2 8 9 1 10 6 3 
20180617953 4 5 9 2 7 10 6 8 1 3 
20180617954 1 6 5 8 9 10 3 2 4 7 
20180617955 9 6 7 5 2 4 1 3 10 8 
20180617956 7 3 6 8 10 9 2 5 1 4 
20180617957 10 2 1 9 5 8 7 4 6 3 
20180617958 8 6 4 9 2 3 10 5 7 1 
20180617959 3 4 7 5 8 1 9 2 10 6 
20180617960 1 3 5 6 9 10 2 4 7 8 
20180617961 6 3 7 1 5 4 8 2 9 10 
20180617962 8 3 5 2 4 1 7 10 6 9 
20180617963 5 3 6 10 4 7 1 9 8 2 
20180617964 4 9 8 2 5 3 6 7 10 1 
20180617965 5 6 8 3 10 2 7 4 1 9 
20180617966 6 7 4 2 10 9 1 5 8 3 
20180617967 4 10 7 5 8 1 6 3 2 9 
20180617968 2 10 3 1 5 8 4 9 6 7 
20180617969 5 9 2 6 4 10 1 8 3 7 
20180617970 7 2 6 8 1 9 4 3 10 5 
20180617971 9 6 1 5 8 4 2 7 10 3 
20180617972 4 3 5 6 7 1 9 10 8 2 
20180617973 9 5 7 2 10 4 8 3 1 6 
20180617974 1 5 9 7 10 4 3 6 2 8 
20180617975 7 9 3 10 1 6 8 5 4 2 
20180617976 3 6 5 2 10 4 9 7 8 1 
20180617977 6 1 7 8 9 2 4 10 5 3 
20180617978 9 7 6 5 3 8 10 1 4 2 
20180617979 8 4 6 2 5 7 3 9 1 10 
20180617980 1 7 4 3 6 9 10 2 8 5 
20180617981 9 8 3 4 6 1 2 7 10 5 
20180617982 5 3 4 2 10 9 8 1 7 6 
20180617983 9 2 7 1 8 6 10 3 4 5 
20180617984 6 3 9 2 8 1 7 4 5 10 
20180617985 9 3 5 8 4 6 7 10 1 2 
