20180607001 2 4 9 6 7 1 3 8 10 5 
20180607002 1 7 6 2 5 9 4 3 10 8 
20180607003 10 1 8 5 2 9 4 6 7 3 
20180607004 4 7 5 2 6 9 3 1 8 10 
20180607005 6 10 8 5 7 4 1 2 9 3 
20180607006 5 2 7 10 9 8 1 4 3 6 
20180607007 1 4 6 9 8 10 7 3 5 2 
20180607008 6 4 9 8 1 2 5 10 7 3 
20180607009 7 10 1 9 2 3 5 4 8 6 
20180607010 6 10 2 7 9 8 4 1 3 5 
20180607011 9 10 3 4 5 7 8 2 1 6 
20180607012 2 7 3 4 6 9 1 8 5 10 
20180607013 2 7 6 1 9 3 4 10 5 8 
20180607014 2 1 3 10 8 5 7 6 9 4 
20180607015 8 6 3 2 9 7 1 4 5 10 
20180607016 4 10 5 6 9 3 8 2 1 7 
20180607017 6 9 7 8 3 1 10 4 5 2 
20180607018 6 2 9 1 10 7 3 8 4 5 
20180607019 6 10 8 5 3 4 1 9 7 2 
20180607020 6 3 8 2 1 5 7 10 4 9 
20180607021 2 4 5 7 10 3 1 6 8 9 
20180607022 10 3 9 8 4 7 6 5 1 2 
20180607023 8 1 4 2 5 6 9 10 3 7 
20180607024 10 8 5 1 2 4 6 7 3 9 
20180607025 4 3 5 9 7 6 10 2 1 8 
20180607026 4 5 8 9 1 3 6 10 7 2 
20180607027 4 1 7 8 5 3 10 6 2 9 
20180607028 9 6 8 7 4 10 2 1 3 5 
20180607029 5 3 6 9 7 1 2 10 4 8 
20180607030 1 4 3 6 8 10 9 7 5 2 
20180607031 5 3 10 2 1 9 8 7 4 6 
20180607032 6 2 7 5 1 8 4 10 3 9 
20180607033 4 5 7 9 6 8 2 1 3 10 
20180607034 4 2 8 1 7 10 3 6 9 5 
20180607035 2 9 5 7 10 1 8 4 6 3 
20180607036 9 5 4 3 6 8 2 1 7 10 
20180607037 9 7 10 2 4 6 1 3 5 8 
20180607038 6 3 2 4 8 10 9 5 7 1 
20180607039 7 2 4 5 9 10 1 3 6 8 
20180607040 6 9 1 5 8 4 3 7 2 10 
20180607041 2 7 4 3 10 6 1 9 5 8 
20180607042 1 4 10 3 9 7 5 2 6 8 
20180607043 6 2 7 4 8 5 9 10 1 3 
20180607044 7 8 5 2 3 1 6 10 4 9 
20180607045 2 7 9 3 8 1 4 6 10 5 
20180607046 6 7 4 1 10 3 8 5 9 2 
20180607047 8 4 10 9 5 2 3 1 6 7 
20180607048 5 1 6 2 10 7 3 9 4 8 
20180607049 2 7 5 9 10 4 8 3 1 6 
20180607050 8 7 10 6 4 5 9 1 2 3 
20180607051 6 8 7 1 3 10 4 5 2 9 
20180607052 9 3 8 1 7 2 6 10 5 4 
20180607053 9 8 1 5 4 7 6 10 3 2 
20180607054 5 4 7 6 2 10 1 8 3 9 
20180607055 8 1 2 7 4 3 9 10 5 6 
20180607056 5 6 1 9 8 3 7 4 10 2 
20180607057 6 5 8 9 2 7 10 3 1 4 
20180607058 5 6 10 4 2 8 9 7 1 3 
20180607059 6 5 2 7 1 8 10 9 4 3 
20180607060 5 3 7 2 1 8 9 6 10 4 
20180607061 3 5 4 2 10 7 9 6 1 8 
20180607062 5 2 9 1 6 10 3 4 7 8 
20180607063 3 6 8 4 2 10 5 9 1 7 
20180607064 4 7 6 8 2 3 1 5 10 9 
20180607065 2 8 6 1 4 7 9 10 5 3 
20180607066 5 1 4 6 9 7 2 3 10 8 
20180607067 1 6 2 8 5 10 7 3 4 9 
20180607068 3 7 2 1 8 5 9 6 4 10 
20180607069 5 1 8 6 4 3 2 10 7 9 
20180607070 4 9 2 6 7 10 3 5 1 8 
20180607071 5 3 10 9 2 8 7 4 6 1 
20180607072 7 2 9 1 10 8 6 3 4 5 
20180607073 4 6 9 3 8 7 2 10 5 1 
20180607074 1 6 2 4 7 10 5 3 9 8 
20180607075 7 10 9 2 8 4 5 6 1 3 
20180607076 2 7 8 4 10 5 6 1 3 9 
20180607077 2 10 6 1 3 5 9 7 8 4 
20180607078 10 6 5 7 1 4 9 2 3 8 
20180607079 4 8 5 6 2 3 7 10 9 1 
20180607080 4 8 6 10 1 2 7 9 3 5 
20180607081 10 6 2 9 4 1 7 5 8 3 
20180607082 5 2 3 1 8 4 7 9 10 6 
20180607083 9 1 4 5 10 7 8 6 2 3 
20180607084 6 7 1 3 9 2 8 10 4 5 
20180607085 3 2 5 1 8 10 7 6 4 9 
20180607086 8 10 6 1 7 4 3 5 2 9 
20180607087 9 6 2 7 10 8 4 1 3 5 
20180607088 5 6 2 1 4 3 9 8 10 7 
20180607089 9 1 10 3 8 5 4 7 2 6 
20180607090 1 4 9 10 2 6 8 5 7 3 
20180607091 3 10 8 4 9 5 7 6 2 1 
20180607092 2 4 9 6 1 5 8 10 7 3 
20180607093 4 9 7 3 6 10 5 2 1 8 
20180607094 10 7 9 6 3 2 5 1 8 4 
20180607095 2 6 9 8 5 7 10 4 3 1 
20180607096 10 5 4 3 1 7 2 9 6 8 
20180607097 1 2 8 7 5 9 3 10 6 4 
20180607098 6 3 8 7 4 9 2 5 1 10 
20180607099 8 4 9 2 5 7 3 6 1 10 
20180607100 10 7 8 3 5 6 4 2 9 1 
20180607101 7 10 9 5 6 2 8 4 3 1 
20180607102 1 8 4 3 2 9 7 10 5 6 
20180607103 2 5 8 1 4 7 10 6 9 3 
20180607104 5 1 7 3 9 2 8 6 10 4 
20180607105 4 9 5 7 8 3 2 6 10 1 
20180607106 4 5 9 3 10 1 8 2 6 7 
20180607107 8 1 2 7 3 9 10 6 4 5 
20180607108 1 3 8 10 7 2 6 5 9 4 
20180607109 8 7 9 5 1 10 2 3 4 6 
20180607110 6 1 9 3 5 8 4 7 2 10 
20180607111 9 1 7 4 5 8 3 6 2 10 
20180607112 10 7 9 3 6 8 4 5 1 2 
20180607113 8 1 4 10 3 5 7 9 6 2 
20180607114 6 2 7 3 10 8 9 1 4 5 
20180607115 6 2 1 8 7 4 9 3 10 5 
20180607116 4 3 9 6 10 7 2 1 8 5 
20180607117 2 3 7 4 6 5 10 9 1 8 
20180607118 4 6 3 10 8 1 2 9 5 7 
20180607119 10 5 4 1 8 7 2 3 9 6 
20180607120 6 7 1 10 4 9 5 3 8 2 
20180607121 7 2 10 9 3 8 4 5 6 1 
20180607122 9 3 6 10 5 8 1 7 2 4 
20180607123 3 4 2 1 9 10 8 7 5 6 
20180607124 8 2 10 6 9 3 7 1 5 4 
20180607125 2 4 3 1 8 7 5 6 9 10 
20180607126 8 6 1 9 10 2 7 3 5 4 
20180607127 3 8 1 10 4 6 7 5 2 9 
20180607128 7 9 3 2 5 1 4 8 6 10 
20180607129 7 3 8 6 2 4 9 10 1 5 
20180607130 8 9 5 1 3 4 10 6 2 7 
20180607131 10 4 5 6 2 3 8 1 7 9 
20180607132 1 5 7 3 6 4 9 10 8 2 
20180607133 2 8 9 5 4 10 1 6 7 3 
20180607134 10 3 5 1 8 4 2 7 9 6 
20180607135 4 5 8 9 6 7 2 1 10 3 
20180607136 3 9 6 10 7 2 8 1 5 4 
20180607137 5 6 8 10 4 7 2 9 3 1 
20180607138 7 6 8 10 5 4 3 2 1 9 
20180607139 9 4 8 3 2 7 10 6 5 1 
20180607140 2 5 3 8 4 7 9 1 10 6 
20180607141 10 4 7 6 8 9 3 2 5 1 
20180607142 8 3 5 7 1 6 10 4 2 9 
20180607143 5 3 2 6 9 4 7 8 10 1 
20180607144 2 10 7 6 9 5 4 3 8 1 
20180607145 1 9 4 10 6 2 7 5 3 8 
20180607146 5 1 4 6 2 9 7 3 8 10 
20180607147 2 9 6 4 7 8 10 5 1 3 
20180607148 4 8 10 3 7 2 9 1 5 6 
20180607149 5 3 4 6 8 9 1 2 10 7 
20180607150 9 7 5 6 10 4 3 8 1 2 
20180607151 1 3 8 10 9 2 7 4 5 6 
20180607152 5 4 8 9 1 7 6 3 10 2 
20180607153 8 7 6 1 5 2 10 3 9 4 
20180607154 5 4 1 6 8 7 3 10 2 9 
20180607155 3 4 1 5 7 10 6 8 2 9 
20180607156 9 7 1 2 4 6 5 10 3 8 
20180607157 7 8 2 9 1 5 6 3 10 4 
20180607158 9 8 2 3 1 10 5 6 4 7 
20180607159 3 4 6 7 2 8 5 9 1 10 
20180607160 1 3 4 8 7 10 2 9 5 6 
20180607161 7 1 3 10 4 5 6 8 9 2 
20180607162 1 4 9 10 2 3 7 5 6 8 
20180607163 3 6 5 7 9 8 10 2 1 4 
20180607164 5 3 2 6 8 4 1 9 7 10 
20180607165 1 4 6 9 3 8 10 5 7 2 
20180607166 5 2 10 3 1 4 9 7 6 8 
20180607167 7 1 2 6 3 10 8 9 4 5 
20180607168 8 4 2 1 9 6 7 5 10 3 
20180607169 7 1 10 5 8 6 2 4 9 3 
20180607170 10 6 4 1 5 8 7 2 9 3 
20180607171 10 4 9 3 6 8 5 1 2 7 
20180607172 10 2 4 8 3 6 9 1 7 5 
20180607173 2 5 9 8 10 3 6 1 7 4 
20180607174 7 4 9 6 8 1 5 3 10 2 
20180607175 5 10 8 2 3 7 1 6 4 9 
20180607176 1 10 5 8 3 4 2 9 7 6 
20180607177 4 10 9 1 8 5 3 6 2 7 
20180607178 4 2 7 6 8 5 9 3 1 10 
20180607179 5 7 8 4 3 9 1 6 2 10 
20180607180 9 2 3 7 5 6 4 10 8 1 
20180607181 2 7 3 9 6 4 8 10 5 1 
20180607182 4 7 1 8 10 5 3 9 6 2 
20180607183 1 8 2 5 4 3 6 10 7 9 
20180607184 2 5 10 7 3 1 8 4 6 9 
20180607185 9 4 5 6 2 10 1 3 7 8 
20180607186 6 1 8 3 10 2 9 5 7 4 
20180607187 5 4 8 7 1 3 10 9 2 6 
20180607188 2 10 3 9 5 1 4 8 6 7 
20180607189 8 9 1 6 5 7 4 10 2 3 
20180607190 8 3 4 9 2 7 10 1 6 5 
20180607191 8 3 5 6 7 9 2 1 10 4 
20180607192 5 7 1 4 3 10 9 2 8 6 
20180607193 2 1 5 3 4 9 10 6 7 8 
20180607194 4 6 1 5 3 10 9 7 2 8 
20180607195 7 6 3 1 8 2 9 4 5 10 
20180607196 5 10 4 3 1 8 2 9 7 6 
20180607197 8 9 5 6 3 2 4 1 10 7 
20180607198 3 5 9 6 10 1 2 8 4 7 
20180607199 1 4 7 2 5 3 8 9 10 6 
20180607200 3 6 8 4 2 5 9 1 10 7 
20180607201 4 5 10 8 6 2 1 3 9 7 
20180607202 6 1 7 10 5 3 8 4 9 2 
20180607203 6 5 3 7 9 1 2 4 8 10 
20180607204 10 2 3 1 8 4 6 5 9 7 
20180607205 10 3 5 2 4 1 9 7 6 8 
20180607206 5 8 10 7 6 3 1 2 4 9 
20180607207 10 6 3 8 1 4 2 5 9 7 
20180607208 7 10 4 2 9 3 8 5 1 6 
20180607209 10 5 2 7 4 1 3 8 6 9 
20180607210 9 5 7 3 4 1 8 6 2 10 
20180607211 5 7 4 1 8 2 3 6 10 9 
20180607212 5 1 9 10 6 2 4 7 3 8 
20180607213 2 10 5 7 6 1 8 3 9 4 
20180607214 3 8 2 9 10 5 7 1 6 4 
20180607215 2 9 10 3 6 1 4 5 8 7 
20180607216 2 5 1 9 4 3 10 6 8 7 
20180607217 10 7 8 3 1 4 6 9 5 2 
20180607218 5 3 4 10 1 7 2 9 8 6 
20180607219 10 1 5 2 3 9 6 4 7 8 
20180607220 5 9 8 4 2 10 1 6 3 7 
20180607221 9 10 6 7 2 4 1 3 5 8 
20180607222 2 3 5 8 7 4 9 6 10 1 
20180607223 9 2 3 8 4 7 10 5 6 1 
20180607224 7 10 6 2 9 1 4 3 8 5 
20180607225 7 5 3 9 8 6 1 4 2 10 
20180607226 9 8 1 6 4 7 5 2 10 3 
20180607227 8 9 7 1 4 10 5 3 6 2 
20180607228 2 4 7 3 8 9 1 5 10 6 
20180607229 10 4 9 2 5 6 8 1 7 3 
20180607230 9 5 10 2 6 3 1 8 4 7 
20180607231 10 1 9 3 6 8 5 2 4 7 
20180607232 4 10 8 2 1 6 7 9 3 5 
20180607233 3 6 9 10 7 1 4 8 2 5 
20180607234 5 1 8 6 4 2 7 10 9 3 
20180607235 8 1 6 5 4 10 9 7 3 2 
20180607236 4 6 1 3 2 10 8 7 5 9 
20180607237 4 10 2 6 3 9 1 7 8 5 
20180607238 1 7 3 4 2 5 8 6 10 9 
20180607239 3 1 2 10 7 5 9 8 6 4 
20180607240 1 3 10 4 8 6 9 2 7 5 
20180607241 4 2 3 10 8 6 7 5 9 1 
20180607242 7 9 6 3 1 8 4 10 2 5 
20180607243 8 6 9 10 3 2 5 7 4 1 
20180607244 4 1 10 5 8 3 7 6 9 2 
20180607245 10 6 7 9 2 1 8 5 3 4 
20180607246 10 4 5 8 6 9 7 1 3 2 
20180607247 1 3 5 10 2 4 6 7 8 9 
20180607248 6 10 3 7 9 1 4 5 8 2 
20180607249 2 8 1 7 9 3 6 4 5 10 
20180607250 8 10 1 4 6 9 5 7 2 3 
20180607251 8 5 9 2 3 7 6 10 1 4 
20180607252 5 8 1 3 2 6 4 7 9 10 
20180607253 7 2 8 4 9 1 5 10 6 3 
20180607254 10 8 9 7 3 5 6 4 2 1 
20180607255 9 4 1 3 8 5 10 7 2 6 
20180607256 9 10 6 8 5 1 3 2 7 4 
20180607257 9 5 8 6 10 7 2 4 3 1 
20180607258 4 8 5 7 6 2 3 1 9 10 
20180607259 6 1 7 5 4 3 8 10 9 2 
20180607260 5 7 1 10 9 8 4 2 6 3 
20180607261 5 8 2 10 7 4 1 9 3 6 
20180607262 6 1 2 7 4 3 5 8 9 10 
20180607263 6 10 2 7 8 5 9 3 1 4 
20180607264 6 2 7 10 3 4 1 9 8 5 
20180607265 6 1 4 9 7 2 5 3 8 10 
20180607266 7 3 9 8 1 4 2 10 6 5 
20180607267 4 6 10 7 3 5 8 2 9 1 
20180607268 2 7 8 10 9 5 6 1 3 4 
20180607269 4 5 8 9 3 7 6 2 10 1 
20180607270 8 6 5 3 9 4 2 7 1 10 
20180607271 3 2 9 5 4 8 1 10 6 7 
20180607272 7 4 5 2 1 6 9 3 10 8 
20180607273 6 4 9 5 10 3 2 1 7 8 
20180607274 8 7 6 9 3 10 5 4 1 2 
20180607275 5 10 7 4 6 3 9 1 2 8 
20180607276 5 9 1 2 4 7 10 8 3 6 
20180607277 1 6 3 10 8 4 2 5 7 9 
20180607278 2 8 4 7 6 9 3 1 10 5 
20180607279 4 6 3 5 2 9 1 10 7 8 
20180607280 4 7 1 9 3 8 10 5 2 6 
20180607281 5 9 2 8 7 3 6 4 1 10 
20180607282 10 1 9 6 5 2 8 3 7 4 
20180607283 10 4 8 6 1 2 3 9 7 5 
20180607284 5 3 9 10 8 2 7 4 1 6 
20180607285 10 7 9 3 6 1 2 4 5 8 
20180607286 4 7 8 1 10 9 5 3 6 2 
20180607287 10 3 4 6 8 1 9 2 7 5 
20180607288 6 9 3 5 4 8 2 1 7 10 
20180607289 1 7 3 10 6 2 9 5 4 8 
20180607290 9 4 7 6 8 2 5 10 3 1 
20180607291 2 9 6 8 1 10 5 4 3 7 
20180607292 7 4 10 2 1 9 8 6 3 5 
20180607293 8 3 4 9 5 10 6 2 7 1 
20180607294 7 2 3 4 6 8 9 10 1 5 
20180607295 1 6 2 3 10 5 9 8 4 7 
20180607296 10 5 2 8 9 4 6 3 1 7 
20180607297 9 6 5 4 3 7 8 10 1 2 
20180607298 10 1 8 3 2 4 9 7 6 5 
20180607299 7 8 3 9 4 5 10 1 2 6 
20180607300 4 6 2 9 3 7 1 8 10 5 
20180607301 1 8 9 7 10 6 5 3 2 4 
20180607302 2 8 6 4 10 5 1 9 3 7 
20180607303 7 3 9 10 4 8 6 2 5 1 
20180607304 1 5 2 10 8 3 7 4 9 6 
20180607305 6 5 10 4 1 3 8 2 9 7 
20180607306 8 9 2 3 4 1 7 5 6 10 
20180607307 4 5 9 1 8 2 7 10 3 6 
20180607308 5 2 1 9 10 3 6 7 8 4 
20180607309 5 1 7 6 9 2 3 8 4 10 
20180607310 2 8 1 10 5 6 7 4 3 9 
20180607311 10 8 2 6 7 5 1 4 3 9 
20180607312 5 1 2 6 10 7 9 3 8 4 
20180607313 1 5 2 3 6 9 8 10 7 4 
20180607314 9 2 6 8 5 3 4 10 7 1 
20180607315 2 5 8 9 1 3 7 6 4 10 
20180607316 7 2 3 1 8 6 10 5 9 4 
20180607317 6 3 10 9 2 4 8 5 7 1 
20180607318 7 10 3 8 2 9 1 6 4 5 
20180607319 9 5 7 10 2 8 3 1 4 6 
20180607320 2 4 8 6 3 7 5 9 1 10 
20180607321 3 10 7 2 5 1 9 4 8 6 
20180607322 7 9 1 2 6 10 3 8 4 5 
20180607323 10 2 6 9 8 7 4 3 1 5 
20180607324 10 5 8 6 4 9 3 2 1 7 
20180607325 4 3 7 5 8 9 6 1 2 10 
20180607326 9 6 4 5 7 2 10 8 3 1 
20180607327 9 2 10 6 3 7 1 8 4 5 
20180607328 10 9 3 7 2 4 6 1 5 8 
20180607329 9 4 5 8 3 1 6 7 10 2 
20180607330 8 1 10 4 6 5 2 3 7 9 
20180607331 6 1 8 4 9 2 5 3 10 7 
20180607332 1 4 9 2 3 6 10 7 5 8 
20180607333 6 8 3 2 5 7 9 1 4 10 
20180607334 3 4 8 5 6 1 7 2 10 9 
20180607335 4 7 2 1 5 9 6 8 3 10 
20180607336 10 8 6 9 7 4 5 2 1 3 
20180607337 9 10 1 8 7 5 3 6 4 2 
20180607338 9 3 7 8 2 1 4 6 10 5 
20180607339 10 6 3 1 7 2 4 5 8 9 
20180607340 7 4 2 1 3 6 8 9 10 5 
20180607341 7 9 6 10 1 3 8 4 5 2 
20180607342 2 9 8 6 7 4 10 1 5 3 
20180607343 3 6 9 7 1 5 8 4 10 2 
20180607344 7 8 4 2 3 1 10 9 5 6 
20180607345 3 4 2 7 10 1 6 9 8 5 
20180607346 9 3 5 2 8 4 10 1 6 7 
20180607347 1 10 4 7 5 9 3 8 6 2 
20180607348 5 4 9 10 3 7 2 8 6 1 
20180607349 3 5 1 6 7 4 9 10 2 8 
20180607350 8 2 1 5 3 4 7 6 10 9 
20180607351 10 4 7 1 5 3 6 2 8 9 
20180607352 4 3 6 5 2 9 7 10 1 8 
20180607353 7 9 5 2 10 8 6 1 4 3 
20180607354 5 4 7 8 6 1 3 10 9 2 
20180607355 8 4 10 7 3 9 1 2 6 5 
20180607356 2 9 6 3 10 8 5 1 7 4 
20180607357 5 7 6 4 8 10 1 2 9 3 
20180607358 10 4 9 8 2 3 5 1 7 6 
20180607359 4 6 10 8 9 1 7 5 2 3 
20180607360 4 2 10 9 7 8 3 1 6 5 
20180607361 5 9 7 4 1 10 6 2 3 8 
20180607362 6 9 8 2 7 5 3 1 10 4 
20180607363 3 10 6 8 5 9 2 1 7 4 
20180607364 7 3 4 5 10 9 8 6 1 2 
20180607365 10 6 7 8 2 9 5 4 1 3 
20180607366 6 1 8 3 2 4 10 7 9 5 
20180607367 7 8 10 3 9 6 2 4 5 1 
20180607368 3 10 1 5 9 2 4 8 6 7 
20180607369 2 8 7 10 9 3 4 1 6 5 
20180607370 1 7 5 3 8 9 4 10 6 2 
20180607371 5 7 9 8 6 1 2 4 10 3 
20180607372 4 3 8 1 2 10 6 5 9 7 
20180607373 10 4 7 8 5 9 2 1 6 3 
20180607374 5 1 2 6 8 4 3 9 7 10 
20180607375 10 9 8 3 5 7 6 1 2 4 
20180607376 8 3 1 5 7 6 9 2 4 10 
20180607377 8 10 5 4 2 6 7 1 9 3 
20180607378 9 2 1 4 10 7 8 3 5 6 
20180607379 7 10 6 4 1 2 8 5 3 9 
20180607380 8 4 10 2 5 1 7 6 9 3 
20180607381 5 2 4 6 3 1 7 9 8 10 
20180607382 1 5 4 8 3 10 2 9 7 6 
20180607383 10 4 8 6 5 2 7 3 1 9 
20180607384 7 1 6 2 10 9 8 4 3 5 
20180607385 9 8 5 10 6 1 3 7 2 4 
20180607386 6 1 8 2 5 10 9 7 4 3 
20180607387 5 3 2 4 6 10 1 9 7 8 
20180607388 1 7 4 6 8 10 5 2 3 9 
20180607389 6 2 9 10 8 5 3 1 7 4 
20180607390 2 1 3 5 6 7 10 9 4 8 
20180607391 10 9 1 6 3 2 5 8 7 4 
20180607392 9 5 3 4 10 2 6 7 8 1 
20180607393 3 7 4 8 1 9 2 10 5 6 
20180607394 10 1 5 4 7 8 2 9 3 6 
20180607395 2 10 5 6 4 9 1 7 3 8 
20180607396 5 10 9 4 2 1 3 8 6 7 
20180607397 1 7 10 2 5 4 8 3 9 6 
20180607398 1 5 2 8 4 6 10 3 9 7 
20180607399 8 10 5 1 6 7 3 2 4 9 
20180607400 4 2 3 7 1 5 10 6 8 9 
20180607401 7 6 10 8 3 2 5 9 4 1 
20180607402 6 5 8 10 4 1 2 3 7 9 
20180607403 8 3 4 9 6 10 2 5 1 7 
20180607404 8 10 6 2 1 5 3 4 7 9 
20180607405 9 3 1 7 6 5 2 10 8 4 
20180607406 2 3 9 4 8 6 1 5 7 10 
20180607407 9 5 4 10 1 6 7 3 2 8 
20180607408 10 3 2 7 6 9 4 8 5 1 
20180607409 5 7 10 4 6 2 1 8 3 9 
20180607410 10 9 6 3 4 1 5 2 8 7 
20180607411 5 1 7 3 8 10 4 6 9 2 
20180607412 9 4 3 1 2 5 6 8 7 10 
20180607413 7 9 8 6 5 3 4 1 10 2 
20180607414 3 1 2 4 5 10 6 7 9 8 
20180607415 10 8 2 7 1 4 3 6 5 9 
20180607416 7 8 1 2 4 9 5 3 10 6 
20180607417 9 1 8 10 3 5 6 4 7 2 
20180607418 7 4 9 6 5 8 2 3 10 1 
20180607419 2 9 10 7 6 4 8 1 3 5 
20180607420 4 7 8 1 10 2 6 9 5 3 
20180607421 6 10 8 2 4 1 5 7 3 9 
20180607422 3 8 6 10 1 5 9 7 4 2 
20180607423 8 10 6 1 3 4 7 2 5 9 
20180607424 10 2 4 8 1 5 7 9 3 6 
20180607425 6 10 1 7 8 5 3 2 9 4 
20180607426 3 1 4 6 7 2 8 9 10 5 
20180607427 8 1 3 7 4 6 10 5 9 2 
20180607428 5 7 3 9 1 4 8 6 2 10 
20180607429 9 10 4 2 8 7 1 6 3 5 
20180607430 2 5 10 9 4 3 7 1 6 8 
20180607431 8 2 6 9 1 7 3 4 10 5 
20180607432 5 8 4 1 10 3 6 9 7 2 
20180607433 1 6 9 4 2 7 3 5 8 10 
20180607434 4 8 1 7 6 2 3 5 10 9 
20180607435 7 5 4 2 3 8 10 9 6 1 
20180607436 2 8 9 7 3 5 6 10 1 4 
20180607437 7 3 10 2 9 5 6 4 1 8 
20180607438 3 2 1 5 4 8 6 9 10 7 
20180607439 10 1 4 7 9 3 2 5 8 6 
20180607440 10 7 6 4 9 3 1 2 8 5 
20180607441 9 8 2 3 5 4 1 7 6 10 
20180607442 7 5 4 8 2 6 9 1 10 3 
20180607443 4 10 6 2 8 3 7 5 9 1 
20180607444 9 5 8 3 6 2 1 7 4 10 
20180607445 2 8 9 6 5 1 10 4 7 3 
20180607446 7 4 2 10 3 1 6 8 5 9 
20180607447 10 6 9 8 5 7 1 3 4 2 
20180607448 2 7 8 3 5 4 6 9 10 1 
20180607449 10 7 8 3 1 4 9 6 5 2 
20180607450 4 7 6 10 8 9 3 1 2 5 
20180607451 7 4 1 9 6 8 2 10 5 3 
20180607452 3 5 8 1 10 2 4 9 7 6 
20180607453 8 6 7 9 3 2 5 4 10 1 
20180607454 7 10 6 5 4 1 2 9 3 8 
20180607455 9 4 5 8 6 10 2 3 1 7 
20180607456 6 10 1 8 4 2 3 9 7 5 
20180607457 10 2 7 5 8 6 1 3 9 4 
20180607458 2 1 8 7 9 6 5 3 10 4 
20180607459 6 1 8 7 10 9 4 3 2 5 
20180607460 2 7 6 9 4 3 1 10 5 8 
20180607461 6 8 4 10 9 1 2 5 3 7 
20180607462 1 4 7 3 10 9 6 2 5 8 
20180607463 1 4 9 7 10 5 6 8 3 2 
20180607464 4 3 8 5 2 7 10 1 9 6 
20180607465 6 8 5 7 4 10 9 3 1 2 
20180607466 7 10 4 6 9 5 1 8 3 2 
20180607467 7 8 4 2 10 3 1 9 6 5 
20180607468 6 7 10 8 5 1 9 3 2 4 
20180607469 5 7 3 1 10 6 4 2 8 9 
20180607470 9 7 4 1 2 5 6 3 8 10 
20180607471 8 3 7 6 5 9 2 4 10 1 
20180607472 6 1 2 7 4 3 8 9 10 5 
20180607473 8 3 7 5 4 6 1 10 2 9 
20180607474 3 1 10 8 2 7 4 5 9 6 
20180607475 9 6 10 4 3 1 5 8 7 2 
20180607476 4 3 2 1 6 5 10 7 9 8 
20180607477 6 3 2 5 4 1 10 8 9 7 
20180607478 1 6 8 10 3 7 9 4 2 5 
20180607479 10 8 3 9 2 7 5 1 4 6 
20180607480 5 3 1 9 7 6 2 10 4 8 
20180607481 5 1 2 6 9 8 3 7 10 4 
20180607482 1 3 10 5 9 4 2 8 6 7 
20180607483 6 4 5 3 8 7 10 9 2 1 
20180607484 5 3 9 7 8 4 2 6 1 10 
20180607485 7 4 2 6 5 8 3 9 1 10 
20180607486 6 10 1 3 2 7 9 8 5 4 
20180607487 2 8 9 7 10 5 4 3 1 6 
20180607488 1 5 4 7 8 10 2 6 3 9 
20180607489 1 4 6 2 5 7 8 9 10 3 
20180607490 4 3 5 6 7 1 8 9 2 10 
20180607491 10 8 9 3 4 7 2 6 1 5 
20180607492 3 8 4 7 10 5 1 9 2 6 
20180607493 2 1 4 3 9 10 6 5 7 8 
20180607494 2 4 9 7 1 5 8 6 3 10 
20180607495 5 8 10 2 9 3 1 4 6 7 
20180607496 3 8 7 9 1 4 10 6 2 5 
20180607497 3 6 9 1 8 10 5 4 2 7 
20180607498 3 1 8 9 5 10 7 4 2 6 
20180607499 8 5 6 2 4 3 7 1 9 10 
20180607500 10 4 8 1 6 9 5 2 3 7 
20180607501 4 6 8 3 9 7 10 5 2 1 
20180607502 9 1 8 6 10 3 2 5 4 7 
20180607503 2 9 7 5 4 1 3 10 6 8 
20180607504 1 3 10 5 4 2 7 9 8 6 
20180607505 6 3 10 8 1 7 2 9 4 5 
20180607506 6 9 5 8 10 4 3 7 2 1 
20180607507 2 8 4 5 6 1 7 9 3 10 
20180607508 3 10 2 4 8 7 5 1 9 6 
20180607509 2 8 10 6 1 5 3 4 7 9 
20180607510 6 8 4 2 9 7 10 5 3 1 
20180607511 6 9 7 10 3 2 8 4 5 1 
20180607512 1 5 7 8 9 10 4 6 2 3 
20180607513 7 8 6 9 1 5 2 4 10 3 
20180607514 2 3 4 7 6 1 10 5 8 9 
20180607515 2 7 1 3 6 5 10 8 9 4 
20180607516 9 7 8 3 2 4 10 6 5 1 
20180607517 2 1 9 5 4 7 10 6 8 3 
20180607518 2 1 3 5 8 9 6 4 10 7 
20180607519 3 6 9 4 5 8 10 1 2 7 
20180607520 5 1 4 9 3 7 2 8 6 10 
20180607521 9 8 3 6 1 10 5 2 4 7 
20180607522 1 9 10 4 2 5 8 6 3 7 
20180607523 10 4 2 9 6 7 1 8 3 5 
20180607524 7 1 8 9 6 2 3 10 4 5 
20180607525 1 8 6 10 7 9 3 5 2 4 
20180607526 8 9 10 7 2 4 1 6 3 5 
20180607527 1 7 2 4 8 5 9 3 6 10 
20180607528 2 6 10 3 4 5 8 9 7 1 
20180607529 5 7 3 6 1 10 2 4 9 8 
20180607530 9 7 2 8 5 4 6 10 3 1 
20180607531 9 5 10 4 8 2 1 6 7 3 
20180607532 7 4 9 10 8 3 1 2 6 5 
20180607533 2 4 10 7 8 3 9 5 1 6 
20180607534 10 2 6 5 7 9 1 8 3 4 
20180607535 1 5 10 6 7 8 9 2 3 4 
20180607536 10 6 7 4 9 8 2 1 3 5 
20180607537 1 3 4 2 6 10 5 7 9 8 
20180607538 4 6 3 2 8 1 7 10 5 9 
20180607539 2 9 1 6 4 3 8 5 10 7 
20180607540 2 3 5 7 1 6 8 10 9 4 
20180607541 1 6 7 5 4 2 10 9 3 8 
20180607542 4 10 1 6 2 5 8 3 9 7 
20180607543 7 1 3 4 6 5 8 9 2 10 
20180607544 8 7 2 5 9 6 10 1 3 4 
20180607545 3 2 8 1 5 7 10 4 9 6 
20180607546 10 8 4 7 1 6 5 2 3 9 
20180607547 2 8 3 5 1 4 10 9 7 6 
20180607548 7 8 4 6 1 9 3 5 2 10 
20180607549 10 2 3 8 1 9 5 4 7 6 
20180607550 9 3 4 2 6 1 8 7 10 5 
20180607551 7 10 8 6 4 5 2 3 9 1 
20180607552 10 9 8 1 7 5 6 3 4 2 
20180607553 5 8 10 6 2 3 4 9 1 7 
20180607554 4 8 7 1 2 6 9 10 5 3 
20180607555 2 6 4 7 1 10 3 5 9 8 
20180607556 7 4 8 1 3 5 2 10 6 9 
20180607557 4 2 6 8 7 9 5 10 3 1 
20180607558 8 10 7 2 5 4 9 3 6 1 
20180607559 3 6 5 1 2 7 8 4 9 10 
20180607560 8 1 3 4 2 5 7 10 6 9 
20180607561 7 1 2 10 8 3 6 5 9 4 
20180607562 6 4 10 2 7 3 1 9 8 5 
20180607563 2 10 1 7 8 5 3 9 4 6 
20180607564 2 1 3 7 5 9 4 10 6 8 
20180607565 7 8 6 1 3 10 2 5 4 9 
20180607566 3 6 10 1 5 8 4 9 2 7 
20180607567 7 3 6 8 9 4 1 10 5 2 
20180607568 10 8 1 6 3 4 9 7 5 2 
20180607569 9 6 1 4 7 2 10 8 5 3 
20180607570 9 5 7 2 10 6 8 1 3 4 
20180607571 6 2 5 7 1 8 10 4 9 3 
20180607572 7 6 10 2 9 4 8 1 5 3 
20180607573 7 3 9 1 2 10 8 5 6 4 
20180607574 1 2 6 7 5 3 10 9 8 4 
20180607575 1 6 3 2 5 4 9 7 8 10 
20180607576 1 3 5 2 9 4 6 8 10 7 
20180607577 9 6 7 2 5 4 1 10 8 3 
20180607578 2 3 8 10 5 1 7 9 4 6 
20180607579 1 9 7 10 8 2 5 6 3 4 
20180607580 6 2 8 5 7 1 10 3 9 4 
20180607581 7 8 4 2 6 3 9 10 5 1 
20180607582 2 6 3 8 4 9 5 1 10 7 
20180607583 8 9 6 10 5 1 4 2 7 3 
20180607584 10 2 9 4 5 6 1 3 7 8 
20180607585 5 2 10 7 1 8 6 4 9 3 
20180607586 10 8 7 1 6 2 5 9 3 4 
20180607587 1 2 10 4 5 8 3 6 9 7 
20180607588 9 8 10 2 3 6 1 7 5 4 
20180607589 7 3 9 6 8 1 2 5 10 4 
20180607590 6 10 4 9 5 7 3 1 8 2 
20180607591 4 9 2 6 5 7 3 8 1 10 
20180607592 4 2 3 7 9 8 10 1 6 5 
20180607593 1 7 8 2 4 9 5 6 10 3 
20180607594 2 1 3 7 10 8 4 6 5 9 
20180607595 5 7 9 3 8 6 2 4 1 10 
20180607596 4 5 8 2 6 7 9 1 10 3 
20180607597 2 8 10 4 6 7 3 1 5 9 
20180607598 9 2 7 4 3 1 6 5 8 10 
20180607599 5 3 4 10 9 8 6 1 2 7 
20180607600 2 8 9 6 10 7 1 3 4 5 
20180607601 7 2 5 6 9 8 10 3 1 4 
20180607602 9 6 1 8 5 3 7 2 4 10 
20180607603 3 2 8 7 9 1 10 4 6 5 
20180607604 1 9 2 5 8 4 3 10 7 6 
20180607605 3 4 9 6 10 7 1 2 8 5 
20180607606 7 1 4 9 2 3 5 8 6 10 
20180607607 10 3 5 4 9 6 1 8 2 7 
20180607608 6 1 8 10 5 2 7 4 9 3 
20180607609 1 5 9 8 10 3 2 6 7 4 
20180607610 4 1 9 2 7 6 5 8 10 3 
20180607611 7 5 9 10 6 4 8 1 2 3 
20180607612 2 8 6 4 1 10 7 5 3 9 
20180607613 3 6 10 4 8 1 7 5 2 9 
20180607614 9 3 1 6 2 7 4 10 8 5 
20180607615 6 5 10 7 2 3 4 8 9 1 
20180607616 8 3 7 2 6 4 1 10 9 5 
20180607617 9 4 7 1 10 3 6 2 8 5 
20180607618 2 6 1 8 5 10 7 3 9 4 
20180607619 3 5 4 10 1 8 2 7 9 6 
20180607620 8 4 1 9 3 10 2 5 7 6 
20180607621 5 1 8 7 6 9 4 10 2 3 
20180607622 6 5 7 4 3 8 10 2 1 9 
20180607623 1 10 4 9 8 7 5 2 6 3 
20180607624 9 1 4 6 8 5 7 2 3 10 
20180607625 1 2 10 4 5 7 3 9 8 6 
20180607626 5 2 9 6 10 3 4 1 7 8 
20180607627 10 4 1 7 8 9 3 2 6 5 
20180607628 10 3 4 6 9 1 2 7 8 5 
20180607629 6 4 7 2 10 1 9 3 5 8 
20180607630 7 6 3 10 5 2 1 8 9 4 
20180607631 7 2 9 5 6 3 10 1 4 8 
20180607632 10 1 4 6 8 9 7 5 2 3 
20180607633 10 2 7 9 8 6 3 5 4 1 
20180607634 4 9 8 7 10 6 3 2 5 1 
20180607635 9 6 1 2 4 8 3 5 10 7 
20180607636 2 4 6 5 7 8 1 3 10 9 
20180607637 9 2 10 6 5 3 1 7 4 8 
20180607638 3 2 6 9 4 10 5 8 7 1 
20180607639 10 1 7 3 4 2 9 8 6 5 
20180607640 5 9 3 1 4 7 10 8 2 6 
20180607641 7 1 6 2 9 4 8 3 5 10 
20180607642 6 2 8 9 4 3 10 5 7 1 
20180607643 9 8 7 3 10 4 5 2 6 1 
20180607644 6 3 4 7 9 5 8 2 10 1 
20180607645 10 1 3 4 9 6 8 5 7 2 
20180607646 8 7 3 4 6 5 1 10 2 9 
20180607647 6 8 4 1 5 9 10 7 3 2 
20180607648 2 1 3 6 7 8 4 9 10 5 
20180607649 4 3 10 9 5 8 1 6 7 2 
20180607650 3 4 6 7 8 9 2 1 5 10 
20180607651 9 3 2 1 8 5 6 10 7 4 
20180607652 4 1 6 10 5 9 2 7 8 3 
20180607653 8 6 4 10 5 9 7 3 1 2 
20180607654 2 3 1 8 7 4 9 6 5 10 
20180607655 9 8 3 6 1 2 10 7 5 4 
20180607656 7 2 6 9 1 8 10 4 3 5 
20180607657 10 6 4 7 2 8 1 3 5 9 
20180607658 7 10 2 4 8 6 5 1 3 9 
20180607659 6 8 5 10 2 9 1 7 4 3 
20180607660 1 8 2 7 5 9 3 4 10 6 
20180607661 7 10 6 5 3 1 8 4 2 9 
20180607662 5 2 4 10 3 9 1 7 6 8 
20180607663 7 3 2 4 1 5 6 8 10 9 
20180607664 10 4 9 1 8 5 6 3 7 2 
20180607665 8 7 6 5 9 4 2 1 3 10 
20180607666 10 5 3 8 4 7 9 1 6 2 
20180607667 6 10 1 7 9 8 3 2 4 5 
20180607668 3 10 6 9 1 7 2 8 4 5 
20180607669 8 1 6 4 2 5 3 10 7 9 
20180607670 10 6 3 9 2 8 7 4 1 5 
20180607671 5 8 3 9 7 6 1 10 2 4 
20180607672 5 2 9 3 1 4 7 6 10 8 
20180607673 3 8 6 7 2 5 10 9 1 4 
20180607674 2 4 5 3 8 1 7 6 10 9 
20180607675 8 3 9 4 10 6 1 5 2 7 
20180607676 6 8 2 1 3 4 7 9 10 5 
20180607677 9 4 2 6 1 3 10 5 7 8 
20180607678 1 9 7 2 6 3 5 10 8 4 
20180607679 9 3 7 10 1 5 2 6 4 8 
20180607680 7 4 2 1 5 9 8 10 6 3 
20180607681 10 8 7 5 2 9 1 6 4 3 
20180607682 10 2 1 7 6 9 5 3 4 8 
20180607683 10 9 7 3 2 4 5 8 6 1 
20180607684 3 8 9 6 1 5 10 2 7 4 
20180607685 1 5 6 4 8 2 7 9 3 10 
20180607686 9 2 6 1 5 10 4 7 3 8 
20180607687 3 7 8 6 9 1 2 10 4 5 
20180607688 1 9 2 3 7 4 8 6 10 5 
20180607689 4 7 1 9 5 3 2 10 8 6 
20180607690 5 9 1 10 4 2 8 3 7 6 
20180607691 4 3 10 5 6 9 8 7 1 2 
20180607692 9 3 8 10 5 4 2 7 1 6 
20180607693 3 6 5 7 2 9 1 10 8 4 
20180607694 9 6 2 1 3 4 7 5 8 10 
20180607695 1 4 3 8 7 10 9 5 6 2 
20180607696 5 1 10 4 7 6 9 8 2 3 
20180607697 9 1 6 7 3 8 10 5 2 4 
20180607698 8 1 6 9 7 5 2 3 10 4 
20180607699 8 3 2 7 6 1 4 9 5 10 
20180607700 4 7 8 1 3 9 2 5 6 10 
20180607701 7 6 9 1 5 8 10 4 2 3 
20180607702 4 8 5 1 2 6 7 3 9 10 
20180607703 9 10 5 3 4 8 1 7 2 6 
20180607704 7 10 5 8 1 2 3 6 9 4 
20180607705 1 2 9 5 4 8 6 3 7 10 
20180607706 9 5 6 3 1 7 2 4 8 10 
20180607707 8 9 4 7 3 2 6 5 1 10 
20180607708 1 5 2 10 6 8 3 4 9 7 
20180607709 2 5 1 4 9 10 8 6 3 7 
20180607710 10 8 5 2 4 9 7 1 6 3 
20180607711 10 6 4 5 7 2 3 9 1 8 
20180607712 9 6 7 2 10 8 1 3 5 4 
20180607713 8 10 4 1 2 7 9 5 3 6 
20180607714 9 5 10 7 4 3 1 2 6 8 
20180607715 7 6 9 8 4 5 1 3 10 2 
20180607716 4 7 9 8 3 2 1 10 6 5 
20180607717 3 7 2 9 6 5 8 4 10 1 
20180607718 6 7 9 10 1 2 3 5 4 8 
20180607719 7 10 5 4 9 6 2 8 1 3 
20180607720 8 3 2 9 10 5 1 6 4 7 
20180607721 1 10 8 3 4 6 9 7 5 2 
20180607722 9 6 2 3 1 7 5 8 10 4 
20180607723 8 2 4 6 10 1 9 3 5 7 
20180607724 8 7 2 9 4 6 3 1 10 5 
20180607725 3 1 9 7 6 8 5 4 2 10 
20180607726 6 2 3 7 1 10 4 9 5 8 
20180607727 8 5 4 2 7 6 3 9 1 10 
20180607728 7 6 9 10 8 1 4 5 3 2 
20180607729 3 5 2 1 4 9 10 7 6 8 
20180607730 7 1 5 10 9 3 6 4 2 8 
20180607731 1 6 9 5 4 8 2 10 7 3 
20180607732 7 4 5 10 9 1 3 2 6 8 
20180607733 6 3 9 5 4 10 8 7 1 2 
20180607734 1 7 5 9 6 8 3 10 2 4 
20180607735 7 2 1 10 6 3 9 4 8 5 
20180607736 6 10 4 1 3 7 8 9 5 2 
20180607737 8 4 5 2 1 7 6 9 3 10 
20180607738 4 3 6 10 9 8 7 1 2 5 
20180607739 1 6 7 5 3 2 10 4 8 9 
20180607740 9 2 3 5 6 1 10 7 8 4 
20180607741 2 4 8 1 10 6 3 9 7 5 
20180607742 3 2 1 6 9 4 5 8 10 7 
20180607743 3 8 6 9 2 1 5 10 4 7 
20180607744 7 9 2 1 8 3 6 4 5 10 
20180607745 10 3 7 6 9 5 8 4 2 1 
20180607746 7 1 10 5 3 8 4 6 2 9 
20180607747 3 6 9 8 5 2 10 7 4 1 
20180607748 7 3 1 8 10 5 4 9 6 2 
20180607749 6 9 1 8 7 3 5 4 10 2 
20180607750 9 6 7 2 5 3 4 1 10 8 
20180607751 2 5 1 4 6 10 3 9 8 7 
20180607752 1 9 8 10 2 5 4 3 7 6 
20180607753 2 5 9 4 3 1 8 6 7 10 
20180607754 9 5 8 3 4 7 2 1 10 6 
20180607755 9 3 8 2 1 10 7 4 5 6 
20180607756 1 4 2 8 6 3 9 5 7 10 
20180607757 5 2 1 10 8 3 7 6 9 4 
20180607758 1 8 7 9 10 2 3 5 4 6 
20180607759 8 2 4 9 5 10 6 7 3 1 
20180607760 2 4 7 1 10 3 8 5 6 9 
20180607761 8 1 3 2 4 10 5 9 7 6 
20180607762 7 3 9 1 5 6 8 2 4 10 
20180607763 2 10 7 6 8 3 1 9 5 4 
20180607764 3 6 7 1 8 4 5 10 9 2 
20180607765 1 9 4 10 5 8 2 6 3 7 
20180607766 1 7 6 10 2 9 4 8 3 5 
20180607767 4 6 1 10 9 2 3 8 7 5 
20180607768 7 8 10 5 4 3 1 2 6 9 
20180607769 9 10 6 8 2 1 7 4 5 3 
20180607770 6 8 9 2 5 7 3 4 10 1 
20180607771 3 1 4 6 9 2 5 8 7 10 
20180607772 3 9 6 1 4 10 8 5 2 7 
20180607773 7 4 3 6 8 10 2 1 9 5 
20180607774 9 4 8 5 10 7 1 6 3 2 
20180607775 6 5 7 10 9 1 4 2 8 3 
20180607776 6 10 8 4 2 7 9 3 1 5 
20180607777 1 7 6 3 5 4 10 8 2 9 
20180607778 5 3 1 6 2 9 4 7 8 10 
20180607779 7 3 4 8 1 5 9 10 6 2 
20180607780 7 8 10 3 1 5 2 6 9 4 
20180607781 1 4 6 8 5 2 7 10 9 3 
20180607782 8 5 1 9 2 6 7 10 3 4 
20180607783 5 1 10 8 2 3 9 7 4 6 
20180607784 7 2 6 3 5 4 8 10 1 9 
20180607785 9 8 6 3 5 4 7 2 10 1 
20180607786 3 2 4 6 10 5 8 1 9 7 
20180607787 10 8 7 9 1 2 5 3 6 4 
20180607788 7 3 6 4 8 5 10 2 9 1 
20180607789 5 10 4 9 6 8 2 7 1 3 
20180607790 2 3 8 10 6 1 4 9 5 7 
20180607791 1 5 10 2 8 7 6 4 3 9 
20180607792 1 5 3 4 9 8 10 7 6 2 
20180607793 2 8 3 4 7 5 1 6 9 10 
20180607794 2 5 10 6 4 3 7 9 8 1 
20180607795 7 6 1 5 9 8 4 2 10 3 
20180607796 2 5 7 8 4 9 3 10 6 1 
20180607797 9 6 8 3 10 4 2 5 1 7 
20180607798 2 5 7 6 4 1 9 10 3 8 
20180607799 5 9 1 3 6 7 4 8 10 2 
20180607800 1 7 2 9 10 6 8 3 5 4 
20180607801 5 3 7 8 9 1 6 10 2 4 
20180607802 7 9 4 1 5 10 8 3 6 2 
20180607803 2 9 6 5 3 8 10 1 7 4 
20180607804 5 7 1 10 4 9 8 3 2 6 
20180607805 2 7 4 6 10 9 1 8 3 5 
20180607806 4 5 9 1 2 10 7 6 3 8 
20180607807 3 7 1 10 4 2 9 6 5 8 
20180607808 5 8 7 1 6 3 10 4 2 9 
20180607809 4 7 2 10 8 3 1 5 9 6 
20180607810 10 9 2 7 6 5 8 1 4 3 
20180607811 4 6 3 8 9 10 7 1 2 5 
20180607812 7 3 5 4 8 6 9 2 1 10 
20180607813 10 5 8 2 7 6 1 9 3 4 
20180607814 1 8 7 6 10 9 2 4 5 3 
20180607815 10 2 4 5 9 3 6 1 8 7 
20180607816 9 1 10 8 7 2 6 5 3 4 
20180607817 4 10 9 8 1 5 3 7 2 6 
20180607818 1 8 4 9 10 5 6 7 3 2 
20180607819 1 2 7 6 3 4 9 5 8 10 
20180607820 9 5 8 2 7 10 3 6 4 1 
20180607821 8 1 7 6 4 5 10 3 9 2 
20180607822 5 9 8 10 2 6 7 4 3 1 
20180607823 1 2 6 3 10 7 9 8 5 4 
20180607824 1 10 5 7 6 3 4 2 8 9 
20180607825 5 6 9 2 7 1 8 3 4 10 
20180607826 5 2 3 4 1 6 8 10 7 9 
20180607827 9 10 6 3 8 2 4 5 1 7 
20180607828 4 3 8 10 6 7 2 9 1 5 
20180607829 3 10 9 6 4 8 1 7 5 2 
20180607830 2 8 5 7 1 10 3 9 6 4 
20180607831 8 10 4 2 6 7 3 9 1 5 
20180607832 3 5 7 1 6 9 10 8 4 2 
20180607833 7 6 1 8 3 9 10 4 2 5 
20180607834 9 6 2 10 8 3 7 4 5 1 
20180607835 6 10 9 3 2 4 8 1 5 7 
20180607836 9 7 10 1 6 2 8 4 3 5 
20180607837 7 5 2 10 9 8 4 6 3 1 
20180607838 8 3 9 5 2 4 10 7 1 6 
20180607839 3 7 9 6 10 2 4 1 5 8 
20180607840 7 6 8 4 10 2 3 5 1 9 
20180607841 1 4 9 10 2 5 8 3 6 7 
20180607842 10 4 1 2 9 3 8 5 7 6 
20180607843 4 7 10 2 8 3 5 1 9 6 
20180607844 2 8 6 7 9 4 5 1 10 3 
20180607845 3 2 5 7 9 10 8 6 1 4 
20180607846 9 10 5 1 4 7 6 2 8 3 
20180607847 7 5 10 6 9 8 4 2 3 1 
20180607848 4 10 8 6 3 5 9 7 1 2 
20180607849 2 1 4 9 3 10 8 6 5 7 
20180607850 2 9 4 5 6 1 8 10 3 7 
20180607851 1 9 4 8 7 3 5 10 6 2 
20180607852 6 9 10 5 3 1 2 8 7 4 
20180607853 7 6 2 10 5 9 8 3 4 1 
20180607854 5 2 6 3 9 7 10 4 8 1 
20180607855 2 1 9 8 7 3 5 6 4 10 
20180607856 10 9 8 3 7 5 1 2 6 4 
20180607857 4 8 2 5 3 6 10 9 7 1 
20180607858 1 6 3 10 7 2 8 5 4 9 
20180607859 10 8 2 5 7 9 3 1 4 6 
20180607860 10 2 6 3 4 9 1 8 7 5 
20180607861 10 7 2 4 9 5 6 1 8 3 
20180607862 2 7 1 6 9 3 10 8 5 4 
20180607863 4 1 3 8 6 5 10 7 2 9 
20180607864 8 5 2 1 6 3 4 7 9 10 
20180607865 9 2 6 10 5 7 1 3 4 8 
20180607866 10 2 9 5 6 1 7 4 8 3 
20180607867 10 4 3 1 8 2 5 9 6 7 
20180607868 3 8 7 5 10 4 9 2 1 6 
20180607869 4 10 7 9 5 2 3 6 8 1 
20180607870 10 7 3 9 2 4 1 5 6 8 
20180607871 6 5 10 3 4 8 1 2 7 9 
20180607872 8 1 10 2 6 5 9 4 3 7 
20180607873 7 4 8 5 6 1 10 2 9 3 
20180607874 7 2 4 6 5 1 10 3 8 9 
20180607875 8 9 10 4 2 7 3 1 5 6 
20180607876 10 6 3 1 2 8 9 4 5 7 
20180607877 2 4 5 3 6 10 1 7 9 8 
20180607878 1 9 3 6 2 7 5 10 8 4 
20180607879 8 1 7 10 5 6 9 3 4 2 
20180607880 8 7 6 5 3 2 10 9 4 1 
20180607881 2 10 8 9 4 1 7 6 3 5 
20180607882 9 7 5 3 4 10 6 8 2 1 
20180607883 3 4 1 8 6 7 10 5 9 2 
20180607884 7 9 2 5 4 6 10 3 8 1 
20180607885 3 2 1 4 5 7 8 6 9 10 
20180607886 8 6 2 10 5 4 3 1 7 9 
20180607887 3 5 2 7 6 10 1 4 9 8 
20180607888 2 6 1 9 5 10 3 8 4 7 
20180607889 10 9 5 2 1 3 8 7 4 6 
20180607890 7 8 9 10 2 6 5 3 1 4 
20180607891 1 2 5 3 9 8 7 10 6 4 
20180607892 5 7 6 4 1 3 10 9 2 8 
20180607893 6 4 9 7 3 10 1 8 5 2 
20180607894 6 8 2 4 9 1 5 10 3 7 
20180607895 2 6 3 5 8 1 4 10 9 7 
20180607896 5 10 6 4 1 7 8 9 2 3 
20180607897 2 8 4 6 5 3 10 9 7 1 
20180607898 9 2 6 1 8 7 3 5 4 10 
20180607899 2 1 10 5 6 4 7 9 8 3 
20180607900 5 10 9 1 3 4 2 6 7 8 
20180607901 7 9 10 6 8 4 3 1 2 5 
20180607902 6 8 10 2 5 4 3 7 1 9 
20180607903 7 10 4 1 9 6 2 8 3 5 
20180607904 1 4 7 5 8 2 10 9 6 3 
20180607905 1 2 7 4 8 3 6 5 10 9 
20180607906 8 3 2 10 5 9 7 1 6 4 
20180607907 2 4 8 3 6 5 10 9 1 7 
20180607908 4 8 9 5 2 10 6 3 7 1 
20180607909 10 5 9 6 8 2 1 4 3 7 
20180607910 4 7 1 9 8 5 2 6 3 10 
20180607911 4 9 7 6 10 3 5 8 1 2 
20180607912 9 3 7 8 1 5 10 6 2 4 
20180607913 6 10 9 2 3 4 1 5 7 8 
20180607914 1 9 4 2 8 6 7 10 3 5 
20180607915 1 8 9 2 4 7 5 3 6 10 
20180607916 3 1 2 4 6 10 8 9 7 5 
20180607917 7 5 1 4 6 8 10 9 2 3 
20180607918 1 7 4 10 2 5 3 6 8 9 
20180607919 5 10 2 4 9 7 8 3 1 6 
20180607920 10 3 7 4 8 1 5 9 6 2 
20180607921 2 7 8 1 6 5 9 3 4 10 
20180607922 1 7 4 3 5 6 9 2 10 8 
20180607923 6 4 5 1 2 7 9 10 8 3 
20180607924 7 10 2 8 5 9 6 1 4 3 
20180607925 5 8 10 4 1 3 7 6 2 9 
20180607926 3 1 4 7 8 6 10 9 5 2 
20180607927 5 8 9 6 2 1 10 3 4 7 
20180607928 5 8 10 3 2 4 7 6 9 1 
20180607929 1 7 9 8 10 2 4 3 6 5 
20180607930 7 4 8 9 6 10 1 5 2 3 
20180607931 4 9 7 6 1 2 10 5 3 8 
20180607932 2 8 6 10 4 3 1 7 5 9 
20180607933 5 6 8 2 10 7 3 9 4 1 
20180607934 8 5 1 10 6 7 2 9 4 3 
20180607935 10 4 9 6 1 2 5 7 8 3 
20180607936 3 7 2 4 5 8 6 1 10 9 
20180607937 2 3 5 7 6 10 8 4 9 1 
20180607938 7 1 8 10 2 5 4 3 6 9 
20180607939 6 7 1 3 9 5 2 10 8 4 
20180607940 10 1 2 6 9 3 4 8 7 5 
20180607941 9 4 2 8 7 10 5 3 1 6 
20180607942 7 5 4 10 8 2 1 3 6 9 
20180607943 1 5 4 9 10 3 7 2 6 8 
20180607944 5 2 3 7 1 4 10 6 9 8 
20180607945 1 2 6 5 3 8 4 10 7 9 
20180607946 3 4 9 2 6 8 10 7 5 1 
20180607947 1 9 10 8 6 5 3 2 7 4 
20180607948 7 5 8 3 2 9 4 1 10 6 
20180607949 2 3 1 5 6 7 8 9 10 4 
20180607950 4 3 6 2 8 1 10 7 9 5 
20180607951 4 7 2 1 3 6 5 9 10 8 
20180607952 3 8 6 10 5 9 7 1 4 2 
20180607953 3 9 4 1 2 5 6 10 7 8 
20180607954 6 1 8 10 3 7 2 4 5 9 
20180607955 1 4 6 8 3 7 2 10 5 9 
20180607956 7 5 9 3 10 4 1 8 2 6 
20180607957 6 2 9 1 10 3 4 5 7 8 
20180607958 4 1 7 8 6 5 10 2 9 3 
20180607959 1 9 10 4 3 5 7 8 6 2 
20180607960 9 5 3 6 4 1 2 8 7 10 
20180607961 9 6 3 7 10 1 4 5 2 8 
20180607962 1 10 4 9 2 5 3 8 6 7 
20180607963 9 2 8 4 3 6 7 10 1 5 
20180607964 9 2 1 5 8 4 10 6 3 7 
20180607965 10 8 9 7 2 4 1 5 3 6 
20180607966 6 4 2 8 9 7 5 3 10 1 
20180607967 4 6 10 9 8 1 5 3 2 7 
20180607968 4 2 1 10 5 8 6 9 7 3 
20180607969 5 4 6 10 7 2 8 3 1 9 
20180607970 8 1 7 9 6 10 5 4 3 2 
20180607971 7 3 9 1 10 2 6 4 5 8 
20180607972 8 1 10 4 2 6 5 7 3 9 
20180607973 7 2 4 1 3 10 5 8 6 9 
20180607974 2 8 3 9 5 1 6 7 10 4 
20180607975 7 6 4 1 10 2 5 3 9 8 
20180607976 5 10 8 3 9 6 2 7 4 1 
20180607977 3 4 7 5 10 8 1 9 2 6 
20180607978 4 10 1 3 8 9 5 6 7 2 
20180607979 10 5 4 6 2 7 3 8 1 9 
20180607980 7 9 6 1 3 2 5 10 8 4 
20180607981 9 3 8 2 4 7 1 6 5 10 
20180607982 6 7 8 5 4 3 1 2 10 9 
20180607983 2 6 3 5 7 10 8 1 4 9 
20180607984 1 9 4 6 3 8 5 10 2 7 
20180607985 8 1 4 7 2 9 3 10 6 5 
