20180613001 10 9 5 6 7 4 2 1 8 3 
20180613002 5 4 7 3 1 9 2 10 8 6 
20180613003 1 7 10 6 9 5 4 3 2 8 
20180613004 6 4 8 10 1 7 2 9 5 3 
20180613005 8 9 2 7 6 1 5 4 3 10 
20180613006 8 1 3 5 10 7 9 2 4 6 
20180613007 7 3 4 10 6 9 2 5 8 1 
20180613008 2 6 7 9 10 5 8 1 4 3 
20180613009 9 3 10 6 2 8 4 7 5 1 
20180613010 8 3 2 5 6 4 7 10 9 1 
20180613011 3 6 2 1 8 10 4 5 7 9 
20180613012 4 9 10 6 8 5 7 3 1 2 
20180613013 10 4 7 9 8 6 5 1 2 3 
20180613014 6 10 5 7 3 1 9 4 8 2 
20180613015 8 7 10 6 2 1 9 3 5 4 
20180613016 5 8 6 7 2 3 10 9 4 1 
20180613017 1 10 4 6 7 3 8 5 9 2 
20180613018 3 4 10 1 9 8 2 7 5 6 
20180613019 2 3 6 5 9 4 1 8 10 7 
20180613020 10 2 9 3 5 8 1 4 7 6 
20180613021 9 2 6 1 3 4 7 5 10 8 
20180613022 4 9 1 8 10 3 2 7 5 6 
20180613023 6 4 8 5 2 9 7 3 1 10 
20180613024 6 10 4 8 1 3 9 2 7 5 
20180613025 3 9 1 4 10 8 7 2 5 6 
20180613026 9 3 10 8 6 2 7 5 1 4 
20180613027 2 3 4 10 1 8 6 7 5 9 
20180613028 4 6 3 7 5 1 8 10 2 9 
20180613029 8 7 9 4 3 6 10 5 2 1 
20180613030 9 8 10 6 7 4 1 3 2 5 
20180613031 4 3 7 8 1 2 10 9 5 6 
20180613032 3 10 4 9 7 6 5 1 8 2 
20180613033 6 4 8 3 9 2 1 5 10 7 
20180613034 9 2 6 7 5 1 10 3 4 8 
20180613035 5 3 1 4 6 8 10 9 7 2 
20180613036 5 7 2 9 4 6 3 1 8 10 
20180613037 2 9 6 7 3 4 10 5 1 8 
20180613038 9 5 3 8 6 4 10 2 1 7 
20180613039 5 7 10 2 6 9 8 4 1 3 
20180613040 8 9 2 4 5 6 1 3 10 7 
20180613041 9 2 10 8 4 5 7 6 1 3 
20180613042 3 4 8 7 6 10 1 2 9 5 
20180613043 10 1 9 4 3 8 7 2 5 6 
20180613044 9 8 4 2 6 3 10 5 1 7 
20180613045 5 2 6 7 1 4 9 3 10 8 
20180613046 8 3 9 1 2 7 6 5 4 10 
20180613047 7 1 6 8 9 5 4 10 3 2 
20180613048 10 5 3 8 1 7 9 2 6 4 
20180613049 4 2 1 6 8 5 9 7 3 10 
20180613050 6 3 4 1 8 7 9 2 10 5 
20180613051 6 4 9 8 5 1 2 10 7 3 
20180613052 8 10 3 5 9 1 2 4 7 6 
20180613053 10 5 6 8 7 4 9 3 2 1 
20180613054 1 3 7 2 10 4 6 8 5 9 
20180613055 5 6 7 4 8 9 1 10 2 3 
20180613056 9 7 1 8 6 4 3 5 10 2 
20180613057 1 4 9 10 2 6 5 3 7 8 
20180613058 10 3 4 6 9 1 5 7 2 8 
20180613059 1 6 4 10 3 5 7 8 2 9 
20180613060 6 3 8 1 2 4 5 7 10 9 
20180613061 4 2 3 9 8 1 10 5 6 7 
20180613062 1 5 7 10 3 4 9 8 2 6 
20180613063 9 10 7 2 5 3 1 6 4 8 
20180613064 9 8 6 10 4 3 5 7 2 1 
20180613065 4 8 7 6 3 2 10 9 5 1 
20180613066 7 2 10 4 8 3 1 9 5 6 
20180613067 6 10 8 4 9 3 5 2 7 1 
20180613068 4 10 9 3 5 7 1 2 6 8 
20180613069 4 2 10 5 3 1 9 6 8 7 
20180613070 4 1 5 10 8 2 3 9 7 6 
20180613071 5 2 10 4 1 6 8 9 3 7 
20180613072 3 4 9 5 6 8 10 2 1 7 
20180613073 9 10 4 7 8 3 1 5 2 6 
20180613074 4 10 2 7 1 6 5 9 8 3 
20180613075 8 10 1 4 7 5 2 3 6 9 
20180613076 5 9 4 1 8 6 3 7 2 10 
20180613077 6 2 4 10 5 7 1 3 8 9 
20180613078 1 8 3 4 6 2 10 9 5 7 
20180613079 10 1 2 9 4 6 5 3 8 7 
20180613080 10 5 8 1 4 7 9 6 2 3 
20180613081 7 9 8 6 5 10 4 1 3 2 
20180613082 10 4 2 9 7 3 1 6 5 8 
20180613083 5 7 6 4 2 3 10 9 8 1 
20180613084 1 2 3 8 6 5 10 7 4 9 
20180613085 8 1 5 10 3 6 7 9 4 2 
20180613086 7 5 3 2 6 10 1 4 8 9 
20180613087 8 10 9 2 3 5 7 1 6 4 
20180613088 3 4 9 1 5 2 8 6 10 7 
20180613089 2 7 1 3 6 8 10 4 5 9 
20180613090 1 9 3 8 10 5 2 6 7 4 
20180613091 2 9 6 7 5 8 1 3 10 4 
20180613092 9 3 5 10 6 7 1 8 4 2 
20180613093 3 7 4 6 10 5 9 2 8 1 
20180613094 4 5 10 6 8 7 2 1 9 3 
20180613095 7 9 4 5 3 6 2 8 1 10 
20180613096 5 1 6 9 3 8 2 10 7 4 
20180613097 6 10 1 4 2 7 3 5 8 9 
20180613098 4 6 7 9 2 1 10 5 8 3 
20180613099 7 2 6 8 1 4 10 9 5 3 
20180613100 7 2 10 4 8 5 9 1 3 6 
20180613101 7 9 2 5 10 8 3 1 6 4 
20180613102 2 1 5 3 9 10 4 6 8 7 
20180613103 3 5 7 8 6 4 9 1 10 2 
20180613104 10 6 3 7 9 5 8 1 2 4 
20180613105 8 3 7 2 1 4 10 9 5 6 
20180613106 4 10 3 8 9 1 2 7 5 6 
20180613107 6 1 3 4 10 9 2 5 8 7 
20180613108 2 4 6 1 3 5 9 8 10 7 
20180613109 3 4 5 10 7 6 2 1 9 8 
20180613110 7 10 1 4 5 2 8 3 9 6 
20180613111 3 10 5 7 9 8 6 4 2 1 
20180613112 7 9 10 5 1 6 4 8 2 3 
20180613113 9 10 4 5 8 6 3 7 1 2 
20180613114 5 6 7 2 8 9 10 3 1 4 
20180613115 5 7 4 8 9 10 3 1 2 6 
20180613116 2 9 5 7 1 8 6 4 10 3 
20180613117 3 10 9 8 1 2 4 7 6 5 
20180613118 5 7 8 3 2 6 9 1 4 10 
20180613119 5 4 6 7 3 8 1 10 2 9 
20180613120 6 1 5 9 2 4 10 3 8 7 
20180613121 7 2 6 5 4 10 8 3 9 1 
20180613122 1 9 6 4 5 10 8 7 3 2 
20180613123 9 3 1 6 8 7 5 10 2 4 
20180613124 3 1 7 10 5 9 4 6 2 8 
20180613125 4 6 1 9 8 7 3 5 10 2 
20180613126 1 10 3 9 6 2 7 5 8 4 
20180613127 9 8 5 3 7 6 4 2 10 1 
20180613128 4 2 7 5 10 3 1 8 6 9 
20180613129 4 6 8 3 2 9 1 10 7 5 
20180613130 1 7 8 6 3 4 9 2 5 10 
20180613131 8 6 2 10 7 5 4 1 3 9 
20180613132 6 10 1 2 9 5 8 3 7 4 
20180613133 4 6 5 2 8 10 3 1 7 9 
20180613134 4 5 2 10 3 9 1 6 8 7 
20180613135 2 8 7 6 3 10 4 5 1 9 
20180613136 6 9 4 7 2 10 8 1 3 5 
20180613137 4 10 5 6 9 1 3 7 2 8 
20180613138 10 5 9 4 7 1 3 8 6 2 
20180613139 2 7 5 10 9 4 8 3 6 1 
20180613140 8 1 10 4 5 9 6 3 7 2 
20180613141 1 5 6 10 4 9 8 3 7 2 
20180613142 1 10 8 6 9 3 4 2 5 7 
20180613143 1 4 9 6 10 7 8 3 5 2 
20180613144 2 6 8 9 3 5 7 1 4 10 
20180613145 5 3 8 9 10 1 4 6 7 2 
20180613146 3 6 9 7 1 5 4 10 2 8 
20180613147 5 6 2 8 7 4 10 9 3 1 
20180613148 3 10 7 1 8 2 9 4 5 6 
20180613149 8 4 10 2 1 5 6 9 7 3 
20180613150 5 8 1 3 6 7 10 2 9 4 
20180613151 9 8 10 3 1 7 5 4 6 2 
20180613152 5 1 7 10 3 2 4 9 8 6 
20180613153 8 7 10 6 5 3 9 2 4 1 
20180613154 5 2 3 4 6 7 10 9 1 8 
20180613155 2 5 4 10 8 7 1 9 6 3 
20180613156 4 3 5 8 7 2 6 1 9 10 
20180613157 6 7 1 3 8 4 9 5 10 2 
20180613158 2 6 7 9 10 5 1 8 3 4 
20180613159 2 6 9 8 4 3 5 7 10 1 
20180613160 7 1 5 10 4 3 8 6 2 9 
20180613161 5 6 8 4 1 10 2 9 7 3 
20180613162 5 3 7 4 1 9 2 8 10 6 
20180613163 7 9 5 3 4 8 6 10 2 1 
20180613164 8 3 5 1 6 10 4 2 9 7 
20180613165 6 9 8 5 3 7 4 2 1 10 
20180613166 5 3 8 7 4 9 2 6 10 1 
20180613167 1 2 5 3 9 8 10 4 7 6 
20180613168 10 1 8 4 2 5 7 6 3 9 
20180613169 6 8 4 3 7 10 2 1 9 5 
20180613170 10 9 7 1 3 8 5 4 6 2 
20180613171 2 6 9 3 1 8 5 7 10 4 
20180613172 3 7 9 6 4 5 10 1 8 2 
20180613173 5 1 8 9 10 3 6 4 7 2 
20180613174 4 10 6 8 1 9 2 5 7 3 
20180613175 2 8 6 1 5 7 3 9 4 10 
20180613176 1 9 2 10 4 3 6 8 5 7 
20180613177 7 10 9 5 6 2 1 8 4 3 
20180613178 10 1 8 6 4 5 9 2 3 7 
20180613179 4 5 8 10 3 7 2 9 6 1 
20180613180 1 10 6 7 8 3 2 9 4 5 
20180613181 10 7 5 8 6 3 2 1 4 9 
20180613182 10 9 3 7 4 5 1 8 6 2 
20180613183 9 4 3 7 8 5 10 1 6 2 
20180613184 3 8 5 2 6 7 4 10 9 1 
20180613185 9 1 4 3 5 6 7 2 8 10 
20180613186 3 7 9 5 4 6 10 1 8 2 
20180613187 9 2 6 5 7 3 1 10 8 4 
20180613188 6 1 8 4 10 3 7 9 2 5 
20180613189 5 2 10 8 4 6 9 1 7 3 
20180613190 3 6 4 1 2 5 7 9 8 10 
20180613191 8 10 6 2 5 1 3 9 7 4 
20180613192 10 3 8 7 1 6 2 4 5 9 
20180613193 3 10 5 2 7 4 8 6 1 9 
20180613194 6 2 10 3 1 7 8 9 5 4 
20180613195 10 9 1 6 7 3 4 8 5 2 
20180613196 2 7 9 8 6 4 1 10 5 3 
20180613197 5 9 3 10 1 6 8 7 2 4 
20180613198 1 5 3 7 4 9 8 6 10 2 
20180613199 6 5 4 1 2 7 8 9 3 10 
20180613200 10 1 4 5 8 7 2 3 9 6 
20180613201 8 9 4 10 2 7 6 1 5 3 
20180613202 9 10 4 6 5 7 2 8 3 1 
20180613203 1 2 10 8 6 4 5 7 9 3 
20180613204 6 4 8 7 3 2 5 10 1 9 
20180613205 5 10 7 4 2 6 8 1 9 3 
20180613206 8 7 10 9 5 3 1 6 2 4 
20180613207 1 10 5 3 7 8 6 2 9 4 
20180613208 8 4 1 10 3 6 7 9 5 2 
20180613209 2 9 7 1 6 8 3 5 4 10 
20180613210 2 6 3 7 8 4 10 9 1 5 
20180613211 5 8 4 10 3 6 1 2 9 7 
20180613212 8 9 1 2 3 7 10 6 5 4 
20180613213 1 9 10 7 4 2 8 3 6 5 
20180613214 7 5 3 4 9 10 8 6 2 1 
20180613215 5 3 10 4 6 2 8 9 7 1 
20180613216 1 3 9 8 6 7 10 2 4 5 
20180613217 8 5 10 3 6 4 1 2 7 9 
20180613218 10 3 4 9 6 1 2 7 5 8 
20180613219 8 7 9 10 5 1 3 2 6 4 
20180613220 10 1 7 3 6 4 2 9 5 8 
20180613221 9 5 4 3 1 10 6 2 7 8 
20180613222 8 7 3 1 6 9 10 2 4 5 
20180613223 5 10 2 4 8 7 3 9 6 1 
20180613224 3 10 5 8 4 6 1 2 7 9 
20180613225 4 10 1 6 7 2 9 8 5 3 
20180613226 8 10 6 4 9 1 3 7 5 2 
20180613227 6 8 5 10 3 4 9 7 2 1 
20180613228 6 3 5 8 7 2 1 9 4 10 
20180613229 8 1 10 9 4 3 6 7 2 5 
20180613230 9 1 4 8 10 3 5 7 2 6 
20180613231 6 7 10 3 8 5 1 4 2 9 
20180613232 3 9 6 10 2 4 1 5 7 8 
20180613233 6 10 5 7 4 1 2 9 8 3 
20180613234 3 10 1 8 7 5 4 2 6 9 
20180613235 4 7 6 8 9 3 1 10 2 5 
20180613236 3 5 1 2 8 10 6 9 7 4 
20180613237 5 9 1 3 6 4 2 8 10 7 
20180613238 8 2 1 5 6 7 3 4 9 10 
20180613239 9 1 4 6 8 7 10 2 3 5 
20180613240 10 3 5 8 2 7 6 1 9 4 
20180613241 5 7 4 9 3 10 8 2 6 1 
20180613242 4 7 3 9 1 8 6 2 10 5 
20180613243 10 7 5 8 6 2 9 1 4 3 
20180613244 3 5 4 7 10 2 9 8 6 1 
20180613245 6 9 8 3 7 1 10 5 4 2 
20180613246 5 10 9 4 1 2 8 6 3 7 
20180613247 8 5 3 2 4 6 1 7 9 10 
20180613248 8 7 4 1 2 9 3 10 5 6 
20180613249 10 9 8 6 2 3 7 5 1 4 
20180613250 6 5 1 10 7 9 2 4 3 8 
20180613251 10 9 8 6 7 4 1 3 5 2 
20180613252 7 10 4 9 1 2 3 6 5 8 
20180613253 4 8 6 1 7 9 2 5 3 10 
20180613254 6 2 4 10 7 9 5 1 3 8 
20180613255 1 7 6 8 3 4 9 10 5 2 
20180613256 7 1 5 6 4 2 9 8 3 10 
20180613257 9 8 4 1 2 7 5 10 3 6 
20180613258 1 9 5 6 7 4 2 3 10 8 
20180613259 5 6 7 1 4 9 8 3 10 2 
20180613260 6 3 7 8 5 2 10 1 4 9 
20180613261 4 5 7 10 2 9 6 3 8 1 
20180613262 8 9 7 1 2 4 10 5 6 3 
20180613263 4 8 9 5 3 2 6 1 10 7 
20180613264 5 6 1 8 7 2 10 3 4 9 
20180613265 5 1 8 9 10 6 7 2 3 4 
20180613266 7 9 5 8 6 10 4 1 3 2 
20180613267 10 4 1 6 5 7 2 3 9 8 
20180613268 4 3 2 1 9 7 5 8 6 10 
20180613269 7 1 10 8 6 2 5 9 3 4 
20180613270 6 5 10 8 7 1 9 3 4 2 
20180613271 8 6 5 9 10 7 1 3 4 2 
20180613272 5 1 6 2 10 9 3 8 7 4 
20180613273 7 10 3 8 5 2 1 9 6 4 
20180613274 5 8 3 9 6 1 10 4 2 7 
20180613275 6 8 3 2 1 4 7 5 9 10 
20180613276 10 6 1 7 5 4 3 8 2 9 
20180613277 9 6 4 3 10 8 7 1 2 5 
20180613278 3 1 7 5 9 10 4 8 6 2 
20180613279 8 4 10 6 1 9 3 5 2 7 
20180613280 8 3 2 5 7 1 4 9 10 6 
20180613281 7 5 2 9 10 4 8 6 3 1 
20180613282 2 6 9 1 7 8 4 5 10 3 
20180613283 4 3 10 5 2 8 1 9 6 7 
20180613284 3 1 10 6 8 2 9 5 7 4 
20180613285 4 9 10 3 5 2 1 6 7 8 
20180613286 1 7 6 10 3 5 2 4 9 8 
20180613287 6 5 4 7 2 1 10 9 3 8 
20180613288 6 5 9 3 4 2 10 1 8 7 
20180613289 8 7 3 9 5 4 2 6 1 10 
20180613290 10 8 6 5 9 2 7 1 4 3 
20180613291 9 5 2 3 8 10 4 6 1 7 
20180613292 3 4 9 6 1 10 8 7 5 2 
20180613293 5 7 6 1 2 4 8 9 10 3 
20180613294 7 3 8 9 4 5 1 6 2 10 
20180613295 3 6 8 4 10 2 9 7 5 1 
20180613296 8 3 5 7 10 2 6 4 1 9 
20180613297 1 10 5 3 7 8 6 2 4 9 
20180613298 5 7 1 9 8 3 2 10 6 4 
20180613299 7 10 4 9 2 3 6 8 1 5 
20180613300 1 6 10 3 4 2 9 8 5 7 
20180613301 2 3 9 5 6 10 4 7 1 8 
20180613302 5 3 8 7 4 9 6 2 10 1 
20180613303 9 1 2 10 8 7 3 5 4 6 
20180613304 5 4 10 6 1 3 2 9 8 7 
20180613305 4 3 9 8 2 1 5 7 6 10 
20180613306 4 3 8 2 10 5 9 6 1 7 
20180613307 1 10 4 7 5 9 8 6 2 3 
20180613308 1 5 7 3 9 4 2 8 10 6 
20180613309 7 5 8 1 3 9 10 6 2 4 
20180613310 8 10 2 6 7 1 4 5 3 9 
20180613311 8 6 3 1 4 2 7 9 10 5 
20180613312 8 6 2 10 7 3 4 1 5 9 
20180613313 2 10 1 8 5 3 7 9 4 6 
20180613314 2 4 10 3 8 1 5 7 9 6 
20180613315 3 9 8 1 7 10 4 2 6 5 
20180613316 6 7 10 1 3 5 9 8 4 2 
20180613317 8 2 10 6 4 5 9 7 3 1 
20180613318 1 10 5 7 9 6 4 3 8 2 
20180613319 7 2 4 10 3 5 6 8 9 1 
20180613320 8 2 6 3 10 9 7 1 4 5 
20180613321 5 8 6 1 7 10 9 3 2 4 
20180613322 2 5 10 3 1 8 4 6 9 7 
20180613323 8 7 3 6 4 10 5 1 2 9 
20180613324 7 10 2 6 4 3 9 1 8 5 
20180613325 7 10 6 5 3 2 8 9 4 1 
20180613326 6 8 10 5 9 2 1 7 4 3 
20180613327 3 4 10 9 5 1 6 7 2 8 
20180613328 7 8 10 3 5 6 4 9 2 1 
20180613329 1 6 4 9 7 5 10 2 8 3 
20180613330 2 7 9 6 8 1 5 3 10 4 
20180613331 7 1 8 9 3 4 5 10 2 6 
20180613332 1 3 6 8 5 9 2 10 7 4 
20180613333 7 6 1 8 9 10 4 2 3 5 
20180613334 8 3 10 4 5 9 1 7 2 6 
20180613335 6 1 9 4 3 7 8 10 2 5 
20180613336 8 1 10 3 7 4 9 6 5 2 
20180613337 10 7 3 2 8 4 1 9 6 5 
20180613338 1 8 5 7 2 4 3 6 9 10 
20180613339 6 8 7 10 4 9 3 1 2 5 
20180613340 7 10 4 5 8 6 9 2 3 1 
20180613341 2 1 7 10 8 4 9 5 3 6 
20180613342 6 8 5 4 10 7 9 2 3 1 
20180613343 8 9 6 2 4 3 5 7 1 10 
20180613344 1 6 2 10 3 4 7 9 5 8 
20180613345 10 6 7 1 4 3 8 9 2 5 
20180613346 7 6 5 3 10 4 8 2 9 1 
20180613347 3 5 8 2 6 9 4 7 10 1 
20180613348 5 1 9 3 7 8 10 2 4 6 
20180613349 3 4 9 8 10 2 6 7 5 1 
20180613350 5 2 4 6 9 1 7 10 8 3 
20180613351 6 4 9 1 2 10 3 5 8 7 
20180613352 1 3 9 7 8 5 2 4 6 10 
20180613353 2 10 1 6 8 4 7 3 5 9 
20180613354 5 9 6 1 8 7 4 10 2 3 
20180613355 3 9 6 5 4 1 2 10 7 8 
20180613356 5 6 10 3 2 8 4 7 9 1 
20180613357 6 9 1 8 5 4 7 2 10 3 
20180613358 9 3 7 6 1 10 4 2 5 8 
20180613359 1 10 5 4 7 6 8 9 3 2 
20180613360 10 7 8 1 4 9 5 2 6 3 
20180613361 6 8 3 10 5 9 7 2 4 1 
20180613362 7 6 9 8 2 10 3 5 4 1 
20180613363 6 7 2 4 8 9 3 10 1 5 
20180613364 10 5 3 2 4 8 9 1 7 6 
20180613365 5 8 10 4 9 2 7 3 1 6 
20180613366 9 10 2 7 1 4 5 8 6 3 
20180613367 7 4 10 2 1 6 3 8 5 9 
20180613368 4 2 6 3 5 8 1 10 9 7 
20180613369 10 4 8 6 3 2 7 9 1 5 
20180613370 1 9 6 2 5 7 3 10 8 4 
20180613371 4 2 6 1 3 10 9 5 7 8 
20180613372 10 4 9 5 8 7 3 2 6 1 
20180613373 9 8 3 2 5 4 10 6 7 1 
20180613374 9 1 7 5 6 2 4 10 8 3 
20180613375 3 1 8 2 9 5 4 7 6 10 
20180613376 6 1 7 9 8 10 2 5 3 4 
20180613377 8 2 9 10 3 7 5 4 6 1 
20180613378 5 3 10 2 4 9 6 8 7 1 
20180613379 8 6 10 2 9 5 3 4 7 1 
20180613380 4 5 9 6 8 10 7 3 2 1 
20180613381 3 6 7 9 8 4 10 1 2 5 
20180613382 5 4 1 2 8 9 10 7 3 6 
20180613383 10 2 6 8 9 1 4 3 5 7 
20180613384 10 1 5 3 9 8 2 6 4 7 
20180613385 5 1 6 8 2 10 3 4 7 9 
20180613386 9 10 2 7 4 5 1 8 6 3 
20180613387 9 6 1 8 10 4 5 7 3 2 
20180613388 6 9 8 7 10 5 2 4 1 3 
20180613389 7 9 2 3 4 5 6 10 1 8 
20180613390 9 7 8 6 2 3 1 10 5 4 
20180613391 8 2 4 1 5 3 6 10 9 7 
20180613392 2 6 5 9 7 10 4 1 8 3 
20180613393 10 2 7 8 6 4 9 5 3 1 
20180613394 1 2 3 10 5 9 7 4 8 6 
20180613395 5 6 10 2 1 3 4 8 9 7 
20180613396 2 3 6 4 1 10 7 8 5 9 
20180613397 7 3 4 8 6 10 9 5 1 2 
20180613398 5 4 6 2 9 10 8 3 7 1 
20180613399 2 7 1 6 5 8 3 10 4 9 
20180613400 10 2 7 3 9 5 4 1 6 8 
20180613401 2 5 10 9 3 7 6 1 8 4 
20180613402 1 2 7 9 8 5 3 4 6 10 
20180613403 10 9 2 5 1 8 6 7 3 4 
20180613404 5 4 1 9 2 6 10 7 8 3 
20180613405 2 5 7 8 3 1 9 10 6 4 
20180613406 4 9 8 6 7 5 3 2 10 1 
20180613407 2 1 9 7 3 4 10 8 6 5 
20180613408 8 6 10 7 2 1 9 3 5 4 
20180613409 2 8 10 9 6 3 7 1 4 5 
20180613410 9 4 6 3 8 1 7 10 5 2 
20180613411 2 10 8 3 5 6 4 1 9 7 
20180613412 3 10 4 8 7 6 9 5 2 1 
20180613413 2 10 4 1 3 9 7 8 5 6 
20180613414 5 6 10 2 3 4 7 8 9 1 
20180613415 4 9 7 10 3 6 5 2 1 8 
20180613416 10 4 2 5 6 3 7 8 9 1 
20180613417 9 3 8 7 4 2 6 1 5 10 
20180613418 8 7 10 9 1 5 4 2 3 6 
20180613419 1 7 9 2 8 5 3 10 6 4 
20180613420 7 6 4 5 9 1 3 2 8 10 
20180613421 4 9 3 1 6 2 8 7 10 5 
20180613422 2 9 5 4 1 3 8 10 6 7 
20180613423 4 10 6 7 9 8 1 2 3 5 
20180613424 7 4 10 5 2 1 3 6 9 8 
20180613425 5 4 3 8 1 10 6 2 7 9 
20180613426 8 10 7 6 9 2 5 4 3 1 
20180613427 7 4 8 10 6 5 1 3 2 9 
20180613428 5 9 1 4 2 7 6 10 8 3 
20180613429 2 9 3 6 8 4 1 7 5 10 
20180613430 3 5 8 2 4 10 6 9 1 7 
20180613431 4 1 3 6 9 7 10 5 8 2 
20180613432 2 6 9 4 10 1 7 3 5 8 
20180613433 2 3 1 8 7 4 5 6 10 9 
20180613434 7 8 3 1 10 9 5 2 4 6 
20180613435 1 3 4 6 7 10 8 9 2 5 
20180613436 5 3 10 6 7 1 4 2 9 8 
20180613437 1 6 7 5 2 3 8 10 9 4 
20180613438 9 4 10 5 2 3 1 8 7 6 
20180613439 4 10 6 1 5 3 7 9 2 8 
20180613440 1 5 9 4 8 7 6 3 10 2 
20180613441 1 8 3 7 9 4 10 5 6 2 
20180613442 9 5 6 10 4 2 8 1 3 7 
20180613443 6 9 5 10 1 3 8 4 7 2 
20180613444 8 4 10 6 7 9 2 1 5 3 
20180613445 8 2 7 4 9 3 1 10 6 5 
20180613446 1 5 7 4 8 2 10 9 6 3 
20180613447 5 2 10 3 8 7 1 9 4 6 
20180613448 10 1 2 4 9 8 6 3 7 5 
20180613449 4 1 9 6 7 10 3 8 5 2 
20180613450 6 7 8 1 3 5 4 2 10 9 
20180613451 7 10 5 1 3 9 2 4 6 8 
20180613452 5 4 8 9 10 2 1 3 7 6 
20180613453 3 4 8 6 5 9 2 1 7 10 
20180613454 4 9 7 5 6 8 3 10 2 1 
20180613455 4 9 8 2 6 1 7 5 3 10 
20180613456 4 6 1 7 5 3 9 8 2 10 
20180613457 8 6 2 9 7 4 5 1 3 10 
20180613458 9 2 3 5 1 7 8 10 4 6 
20180613459 9 5 10 8 4 2 1 6 7 3 
20180613460 10 5 6 3 8 9 7 1 4 2 
20180613461 4 10 7 1 9 6 8 5 2 3 
20180613462 3 8 9 4 6 5 2 1 7 10 
20180613463 9 1 7 5 4 10 8 6 2 3 
20180613464 7 4 5 3 1 9 6 8 10 2 
20180613465 4 2 5 6 3 9 7 1 10 8 
20180613466 3 10 8 7 2 4 6 5 1 9 
20180613467 2 4 5 10 7 3 1 9 6 8 
20180613468 3 4 10 7 6 1 8 9 2 5 
20180613469 4 10 8 5 7 3 6 9 2 1 
20180613470 4 5 9 10 8 2 7 6 1 3 
20180613471 5 4 10 7 9 3 1 2 8 6 
20180613472 3 1 2 5 4 10 9 8 7 6 
20180613473 10 3 7 8 9 1 5 6 4 2 
20180613474 8 7 10 9 3 6 2 5 4 1 
20180613475 1 7 8 3 10 2 5 9 4 6 
20180613476 6 9 4 3 7 10 8 1 5 2 
20180613477 4 6 5 8 1 2 10 9 3 7 
20180613478 1 4 2 7 3 6 9 5 8 10 
20180613479 6 10 9 2 5 8 1 3 4 7 
20180613480 1 3 10 5 7 4 9 6 2 8 
20180613481 4 1 8 3 6 2 5 9 10 7 
20180613482 6 8 4 5 10 1 2 7 3 9 
20180613483 5 8 10 3 2 7 9 4 6 1 
20180613484 1 2 8 7 10 9 6 5 4 3 
20180613485 3 6 10 7 5 9 2 1 8 4 
20180613486 2 9 3 10 4 7 6 8 1 5 
20180613487 5 1 10 9 2 4 7 8 6 3 
20180613488 1 3 7 5 6 9 8 2 10 4 
20180613489 1 5 10 4 3 7 2 8 6 9 
20180613490 4 2 8 1 9 3 7 5 6 10 
20180613491 2 5 4 7 1 10 3 9 6 8 
20180613492 9 6 10 5 1 2 4 8 7 3 
20180613493 2 8 10 9 7 6 5 3 1 4 
20180613494 2 3 4 9 8 7 6 10 5 1 
20180613495 8 2 6 7 10 4 1 5 9 3 
20180613496 9 10 1 4 6 3 8 7 5 2 
20180613497 10 1 7 8 5 6 9 4 2 3 
20180613498 3 5 8 6 4 10 7 9 1 2 
20180613499 1 6 7 8 4 9 10 2 3 5 
20180613500 10 4 6 8 1 7 9 2 5 3 
20180613501 3 9 7 8 6 2 5 4 10 1 
20180613502 10 4 3 2 5 8 1 9 7 6 
20180613503 1 10 7 3 8 5 6 2 4 9 
20180613504 9 8 1 7 4 2 6 10 5 3 
20180613505 2 6 7 3 4 1 5 9 8 10 
20180613506 1 7 4 2 8 6 10 5 9 3 
20180613507 1 7 9 10 6 3 2 5 8 4 
20180613508 6 4 1 2 3 5 7 8 10 9 
20180613509 9 3 8 1 2 6 4 7 10 5 
20180613510 8 9 5 4 2 3 7 10 6 1 
20180613511 1 10 8 7 3 6 5 9 4 2 
20180613512 9 3 5 6 7 8 10 1 4 2 
20180613513 4 2 10 1 8 7 6 9 3 5 
20180613514 8 1 6 5 2 7 3 4 9 10 
20180613515 2 3 10 4 6 8 1 7 5 9 
20180613516 9 4 2 1 10 6 7 3 5 8 
20180613517 2 7 10 9 3 4 6 5 1 8 
20180613518 1 5 7 9 8 6 3 10 2 4 
20180613519 10 2 1 9 6 8 4 7 3 5 
20180613520 6 4 9 2 3 8 1 7 5 10 
20180613521 9 4 5 6 7 8 1 3 2 10 
20180613522 9 3 10 1 4 7 6 8 2 5 
20180613523 8 1 6 9 4 10 7 5 2 3 
20180613524 10 7 5 4 8 3 1 2 6 9 
20180613525 3 2 1 10 6 9 7 8 4 5 
20180613526 7 8 3 10 1 4 5 6 2 9 
20180613527 6 9 10 7 2 1 3 8 4 5 
20180613528 1 3 7 6 2 8 10 4 5 9 
20180613529 4 9 10 5 8 3 6 2 1 7 
20180613530 10 5 1 6 2 7 8 4 3 9 
20180613531 1 5 4 7 8 9 3 2 6 10 
20180613532 7 1 8 4 2 5 3 10 9 6 
20180613533 3 8 9 5 4 6 10 1 2 7 
20180613534 6 10 4 3 7 5 1 8 2 9 
20180613535 3 10 9 4 6 1 7 5 8 2 
20180613536 5 4 10 2 6 3 9 7 1 8 
20180613537 7 4 10 9 2 1 6 5 8 3 
20180613538 5 8 6 2 10 3 9 4 1 7 
20180613539 9 5 4 6 8 7 10 1 2 3 
20180613540 8 3 7 6 1 10 9 2 5 4 
20180613541 6 10 7 4 1 5 3 9 2 8 
20180613542 10 7 3 1 4 6 2 8 5 9 
20180613543 7 6 8 9 4 2 10 5 3 1 
20180613544 2 8 7 10 9 5 4 3 1 6 
20180613545 8 7 9 4 6 10 2 1 5 3 
20180613546 3 2 10 7 1 6 4 8 5 9 
20180613547 1 6 3 2 5 8 4 10 9 7 
20180613548 8 7 2 4 9 6 1 10 3 5 
20180613549 6 10 3 4 8 7 2 9 1 5 
20180613550 3 7 6 2 8 9 1 5 10 4 
20180613551 10 2 6 5 1 9 8 7 3 4 
20180613552 4 7 9 3 10 1 2 8 5 6 
20180613553 3 7 1 2 5 9 4 10 8 6 
20180613554 4 3 9 2 7 10 5 1 6 8 
20180613555 4 9 10 7 6 2 5 3 8 1 
20180613556 5 4 8 10 3 1 9 7 6 2 
20180613557 7 5 6 9 3 10 1 4 2 8 
20180613558 10 1 5 3 6 8 2 4 7 9 
20180613559 2 3 10 7 5 1 9 4 6 8 
20180613560 6 8 7 3 9 4 1 10 5 2 
20180613561 6 2 7 9 8 10 1 4 5 3 
20180613562 2 7 8 3 9 6 5 4 10 1 
20180613563 8 1 4 6 9 3 7 2 10 5 
20180613564 8 2 3 5 4 1 6 7 10 9 
20180613565 5 3 1 9 2 7 6 10 4 8 
20180613566 4 7 3 6 10 1 9 2 5 8 
20180613567 2 4 8 5 7 1 6 9 3 10 
20180613568 9 7 8 4 1 2 6 5 3 10 
20180613569 6 2 4 3 5 10 7 1 8 9 
20180613570 5 10 6 4 2 8 9 7 3 1 
20180613571 6 9 8 1 10 3 7 5 4 2 
20180613572 1 9 7 3 4 6 8 5 2 10 
20180613573 10 5 9 1 7 2 3 8 6 4 
20180613574 1 2 3 6 4 7 9 5 10 8 
20180613575 2 10 7 1 4 8 9 5 3 6 
20180613576 9 5 1 8 3 10 2 4 7 6 
20180613577 8 4 9 6 3 10 2 7 1 5 
20180613578 4 1 7 2 3 6 9 5 10 8 
20180613579 7 8 10 3 6 4 1 9 5 2 
20180613580 2 10 9 6 7 5 8 3 1 4 
20180613581 8 2 9 10 5 4 3 1 6 7 
20180613582 10 4 6 8 3 2 9 5 7 1 
20180613583 6 10 9 4 8 5 7 1 3 2 
20180613584 5 3 8 7 10 9 1 4 2 6 
20180613585 5 10 4 7 3 1 8 9 2 6 
20180613586 3 5 7 6 2 1 9 8 10 4 
20180613587 4 6 2 1 8 7 5 9 10 3 
20180613588 1 9 4 3 10 5 8 6 2 7 
20180613589 10 9 7 4 1 6 8 2 3 5 
20180613590 9 6 2 5 4 1 10 3 8 7 
20180613591 9 6 10 2 1 4 5 7 8 3 
20180613592 3 1 2 4 10 6 9 5 8 7 
20180613593 5 4 2 7 8 10 6 9 1 3 
20180613594 7 4 9 10 1 8 5 6 3 2 
20180613595 9 8 6 3 10 4 5 1 7 2 
20180613596 1 10 3 6 5 4 2 9 8 7 
20180613597 1 2 10 6 8 3 5 9 7 4 
20180613598 6 4 5 1 10 7 2 9 8 3 
20180613599 6 3 2 1 10 7 5 9 4 8 
20180613600 2 8 7 9 10 5 1 3 4 6 
20180613601 10 6 8 3 9 2 7 4 5 1 
20180613602 8 7 1 5 3 9 4 10 6 2 
20180613603 7 8 1 5 4 10 3 6 2 9 
20180613604 7 3 9 2 1 4 10 6 5 8 
20180613605 3 4 6 8 2 5 9 1 10 7 
20180613606 1 9 5 2 7 8 3 10 4 6 
20180613607 10 3 7 1 6 4 9 8 5 2 
20180613608 2 5 7 1 8 10 3 4 6 9 
20180613609 3 10 6 7 5 9 2 8 1 4 
20180613610 8 7 4 5 9 3 1 10 6 2 
20180613611 6 7 8 4 3 10 2 5 9 1 
20180613612 1 8 7 4 3 6 2 10 5 9 
20180613613 7 10 1 9 3 4 6 8 2 5 
20180613614 6 10 9 4 3 1 8 5 7 2 
20180613615 5 6 4 7 3 2 10 9 1 8 
20180613616 1 6 5 9 2 3 7 8 10 4 
20180613617 2 4 6 3 8 7 1 9 5 10 
20180613618 10 2 6 7 8 3 1 4 9 5 
20180613619 4 7 6 1 9 8 3 10 5 2 
20180613620 9 8 5 10 2 6 4 7 1 3 
20180613621 10 6 5 8 3 4 9 1 2 7 
20180613622 6 4 1 10 9 8 3 5 7 2 
20180613623 3 4 9 6 2 7 10 5 8 1 
20180613624 10 7 8 9 2 3 6 4 5 1 
20180613625 4 7 9 10 6 8 2 3 1 5 
20180613626 4 7 9 10 2 3 5 1 6 8 
20180613627 9 4 10 8 7 2 5 6 1 3 
20180613628 6 3 8 1 5 4 7 10 9 2 
20180613629 1 5 9 7 4 10 6 2 8 3 
20180613630 6 2 5 1 7 4 8 10 3 9 
20180613631 9 4 1 3 10 6 2 8 7 5 
20180613632 2 1 10 5 4 3 7 8 6 9 
20180613633 5 2 4 1 3 8 9 6 7 10 
20180613634 1 9 6 4 2 8 5 3 7 10 
20180613635 2 8 10 6 1 4 5 9 3 7 
20180613636 10 7 3 8 4 9 2 1 5 6 
20180613637 9 6 1 7 10 2 3 5 8 4 
20180613638 1 8 10 4 3 7 5 9 6 2 
20180613639 3 5 10 1 7 9 2 6 8 4 
20180613640 4 2 5 7 10 3 6 8 9 1 
20180613641 3 10 4 2 5 8 1 9 6 7 
20180613642 9 1 4 6 7 2 5 8 3 10 
20180613643 4 10 2 3 7 5 9 1 6 8 
20180613644 10 4 2 3 7 5 6 1 9 8 
20180613645 3 7 8 4 5 9 1 6 2 10 
20180613646 5 8 3 10 4 1 6 2 9 7 
20180613647 8 7 6 3 10 5 9 1 4 2 
20180613648 7 5 1 4 10 8 9 6 2 3 
20180613649 4 6 8 1 2 9 5 7 3 10 
20180613650 6 7 10 9 8 5 3 1 2 4 
20180613651 1 8 10 7 9 3 6 2 4 5 
20180613652 10 3 7 4 9 1 2 5 8 6 
20180613653 2 6 8 1 10 4 9 7 5 3 
20180613654 1 2 10 7 8 9 5 3 6 4 
20180613655 7 6 3 8 10 1 4 2 9 5 
20180613656 5 6 8 9 7 10 2 4 1 3 
20180613657 1 7 8 2 5 10 6 9 3 4 
20180613658 7 6 4 8 2 5 1 9 3 10 
20180613659 3 9 4 10 5 1 6 2 8 7 
20180613660 10 2 7 1 5 9 4 6 8 3 
20180613661 5 2 10 3 9 8 4 7 1 6 
20180613662 6 2 4 7 3 5 8 1 10 9 
20180613663 2 8 3 4 6 7 9 1 5 10 
20180613664 3 7 5 9 4 10 8 2 1 6 
20180613665 5 6 10 9 3 2 8 4 1 7 
20180613666 7 5 8 1 4 6 9 10 3 2 
20180613667 2 6 10 4 5 8 3 7 1 9 
20180613668 1 7 3 8 6 4 10 5 2 9 
20180613669 2 4 9 1 5 3 6 8 10 7 
20180613670 3 10 9 8 2 6 5 7 4 1 
20180613671 1 7 9 4 2 5 10 6 8 3 
20180613672 9 7 5 4 2 3 8 1 10 6 
20180613673 8 9 6 5 4 2 3 10 7 1 
20180613674 4 10 8 9 1 6 5 2 7 3 
20180613675 9 4 7 1 8 2 6 3 10 5 
20180613676 4 9 8 5 2 7 1 10 6 3 
20180613677 10 1 2 6 4 5 7 3 9 8 
20180613678 9 2 8 5 1 7 6 4 10 3 
20180613679 9 1 4 7 10 8 6 5 2 3 
20180613680 2 6 4 9 8 7 5 3 1 10 
20180613681 1 2 10 4 9 5 8 3 6 7 
20180613682 3 9 2 6 7 10 5 4 8 1 
20180613683 7 3 10 9 5 1 8 2 6 4 
20180613684 7 5 9 4 6 10 2 8 3 1 
20180613685 3 7 10 9 4 8 5 2 1 6 
20180613686 10 1 9 3 5 8 2 7 6 4 
20180613687 6 10 7 1 5 8 2 9 3 4 
20180613688 1 9 5 3 4 7 10 2 6 8 
20180613689 4 2 3 1 10 7 5 6 9 8 
20180613690 5 6 1 2 8 7 4 10 3 9 
20180613691 1 8 3 9 4 2 5 7 6 10 
20180613692 1 4 2 10 3 6 8 5 9 7 
20180613693 8 5 2 7 10 1 6 9 4 3 
20180613694 6 4 8 10 2 3 7 5 1 9 
20180613695 9 10 8 4 6 7 5 2 1 3 
20180613696 9 3 5 10 6 7 8 1 2 4 
20180613697 7 4 8 10 5 3 6 1 2 9 
20180613698 6 8 3 10 7 5 4 1 9 2 
20180613699 4 7 1 6 5 8 9 2 3 10 
20180613700 1 8 2 7 6 9 4 3 5 10 
20180613701 8 9 5 6 10 4 7 3 2 1 
20180613702 3 8 5 2 1 4 10 6 7 9 
20180613703 10 5 2 1 9 3 8 4 6 7 
20180613704 1 6 7 3 5 9 4 10 8 2 
20180613705 7 2 9 6 3 10 4 8 5 1 
20180613706 9 4 2 7 6 5 10 3 8 1 
20180613707 8 1 9 7 10 5 3 4 2 6 
20180613708 10 5 6 7 3 8 2 4 9 1 
20180613709 6 10 9 7 3 8 2 1 4 5 
20180613710 7 2 3 10 6 4 8 9 5 1 
20180613711 3 6 9 8 7 10 5 2 4 1 
20180613712 10 6 3 2 5 4 9 1 7 8 
20180613713 6 7 8 2 1 4 10 5 3 9 
20180613714 7 9 1 8 3 2 4 10 5 6 
20180613715 2 7 4 9 3 5 6 10 8 1 
20180613716 3 2 4 10 5 7 8 1 6 9 
20180613717 3 6 10 4 1 2 9 8 5 7 
20180613718 2 7 10 4 5 9 6 8 3 1 
20180613719 3 10 2 6 4 7 8 1 5 9 
20180613720 10 9 6 2 8 3 4 7 1 5 
20180613721 8 9 2 3 5 6 4 1 7 10 
20180613722 2 8 7 1 5 9 10 6 4 3 
20180613723 2 7 3 6 4 10 9 8 5 1 
20180613724 10 7 3 4 1 2 5 6 8 9 
20180613725 3 4 10 2 9 7 6 1 8 5 
20180613726 2 10 4 7 5 9 6 8 3 1 
20180613727 2 9 4 1 10 6 3 8 7 5 
20180613728 6 2 9 4 3 10 5 7 8 1 
20180613729 8 6 9 3 4 2 1 5 10 7 
20180613730 3 2 10 4 1 9 7 6 8 5 
20180613731 7 8 5 6 4 3 10 2 9 1 
20180613732 3 4 2 7 10 6 9 8 5 1 
20180613733 7 2 3 6 4 10 1 8 5 9 
20180613734 1 8 9 2 4 5 10 3 6 7 
20180613735 2 6 4 7 8 10 1 9 3 5 
20180613736 2 3 9 10 4 1 5 7 6 8 
20180613737 10 4 7 1 3 6 5 8 9 2 
20180613738 3 9 6 10 5 2 7 4 1 8 
20180613739 7 5 10 8 2 1 3 6 4 9 
20180613740 8 5 1 9 4 10 7 2 6 3 
20180613741 5 4 1 2 3 6 8 9 10 7 
20180613742 4 2 10 9 7 3 1 8 6 5 
20180613743 8 9 7 3 5 6 4 1 10 2 
20180613744 10 3 2 4 5 6 7 8 9 1 
20180613745 1 9 10 4 3 6 8 2 7 5 
20180613746 5 8 3 6 10 9 1 4 2 7 
20180613747 2 4 9 1 10 5 3 7 8 6 
20180613748 9 10 8 4 6 2 7 1 5 3 
20180613749 9 6 10 2 4 5 1 3 8 7 
20180613750 1 8 2 5 10 6 9 7 3 4 
20180613751 7 2 9 1 4 10 5 6 8 3 
20180613752 1 7 2 8 6 10 4 9 3 5 
20180613753 6 1 4 7 9 10 5 3 2 8 
20180613754 5 2 8 6 9 3 4 10 7 1 
20180613755 1 5 8 6 4 7 2 3 10 9 
20180613756 10 8 5 9 4 1 6 2 7 3 
20180613757 5 2 3 8 7 9 6 10 4 1 
20180613758 8 1 7 5 2 4 6 9 3 10 
20180613759 7 8 6 9 1 10 3 4 5 2 
20180613760 10 7 9 5 6 8 2 4 1 3 
20180613761 5 8 7 10 4 3 1 9 2 6 
20180613762 8 2 3 10 4 6 9 5 7 1 
20180613763 8 10 5 3 7 2 4 9 1 6 
20180613764 7 4 10 1 8 2 5 6 9 3 
20180613765 4 5 8 7 9 2 3 10 6 1 
20180613766 2 3 9 7 1 10 4 6 8 5 
20180613767 10 8 1 2 7 4 9 5 3 6 
20180613768 2 8 6 5 3 1 9 10 7 4 
20180613769 9 7 6 8 10 5 1 2 4 3 
20180613770 3 5 9 10 1 2 6 4 8 7 
20180613771 6 8 4 7 9 2 3 5 1 10 
20180613772 8 1 6 10 5 2 7 3 4 9 
20180613773 7 8 1 4 3 10 2 6 9 5 
20180613774 3 8 2 9 10 4 1 5 7 6 
20180613775 1 6 3 10 4 2 5 8 9 7 
20180613776 5 2 7 6 1 9 8 10 3 4 
20180613777 9 7 10 2 8 1 3 5 4 6 
20180613778 4 8 10 2 9 1 6 7 3 5 
20180613779 3 10 9 2 7 6 5 4 1 8 
20180613780 9 3 10 6 5 2 4 1 7 8 
20180613781 10 2 1 7 6 4 9 5 8 3 
20180613782 8 7 9 5 6 4 3 2 10 1 
20180613783 9 7 6 5 3 4 10 1 8 2 
20180613784 1 4 9 10 2 7 6 5 8 3 
20180613785 9 2 5 8 4 3 7 10 6 1 
20180613786 10 1 9 3 7 4 5 6 2 8 
20180613787 2 6 4 8 9 10 7 5 3 1 
20180613788 8 4 3 5 6 1 7 9 2 10 
20180613789 1 10 8 4 7 6 3 9 5 2 
20180613790 8 9 3 7 5 2 10 6 4 1 
20180613791 6 9 7 2 10 8 1 5 4 3 
20180613792 4 9 2 1 7 10 3 6 8 5 
20180613793 7 2 3 6 8 5 10 4 9 1 
20180613794 5 1 9 3 4 6 2 7 10 8 
20180613795 5 9 1 7 4 6 10 3 2 8 
20180613796 8 7 10 2 5 9 4 1 6 3 
20180613797 4 9 1 7 2 6 10 3 8 5 
20180613798 10 2 6 4 9 3 8 1 5 7 
20180613799 4 3 9 5 2 10 6 8 7 1 
20180613800 9 10 8 2 5 6 3 1 7 4 
20180613801 5 6 1 10 8 9 4 2 3 7 
20180613802 7 10 1 5 6 3 9 8 4 2 
20180613803 8 2 1 3 10 6 5 7 9 4 
20180613804 10 2 4 6 3 7 8 1 5 9 
20180613805 1 2 8 10 4 3 6 7 9 5 
20180613806 4 2 8 6 10 7 9 1 5 3 
20180613807 8 1 3 7 4 6 9 10 2 5 
20180613808 9 7 1 3 6 4 10 2 5 8 
20180613809 5 7 8 10 6 4 2 1 3 9 
20180613810 10 4 6 8 1 5 9 7 3 2 
20180613811 2 9 3 10 6 5 8 7 1 4 
20180613812 4 10 9 2 7 1 6 8 3 5 
20180613813 6 9 5 10 2 8 7 3 1 4 
20180613814 3 4 7 5 2 10 1 9 8 6 
20180613815 1 4 5 7 6 2 3 9 10 8 
20180613816 10 8 4 3 9 5 2 7 6 1 
20180613817 3 2 8 5 10 9 4 6 7 1 
20180613818 2 8 3 7 6 1 5 4 10 9 
20180613819 9 7 8 4 10 3 5 2 1 6 
20180613820 7 4 8 2 6 3 10 5 1 9 
20180613821 4 3 9 2 5 1 7 8 6 10 
20180613822 9 5 4 7 10 2 6 1 8 3 
20180613823 1 9 5 7 4 10 3 6 2 8 
20180613824 5 9 1 4 2 8 3 7 6 10 
20180613825 3 7 8 4 6 1 9 10 5 2 
20180613826 3 4 7 2 9 10 1 6 5 8 
20180613827 3 6 1 10 4 7 9 2 8 5 
20180613828 10 2 7 4 3 9 1 8 5 6 
20180613829 7 8 3 6 1 10 5 9 4 2 
20180613830 8 9 6 3 2 10 7 5 4 1 
20180613831 5 6 9 2 1 8 3 10 4 7 
20180613832 2 8 9 1 4 3 7 6 10 5 
20180613833 6 9 3 8 5 1 7 10 2 4 
20180613834 8 7 5 9 10 4 6 1 2 3 
20180613835 5 8 9 7 6 1 4 10 3 2 
20180613836 4 3 1 10 2 5 6 8 9 7 
20180613837 9 4 5 8 3 6 7 2 10 1 
20180613838 3 8 2 4 9 1 10 6 7 5 
20180613839 9 4 5 8 6 10 1 3 2 7 
20180613840 10 2 4 3 7 9 6 5 1 8 
20180613841 3 10 7 8 5 6 4 1 2 9 
20180613842 2 1 3 8 7 9 4 6 10 5 
20180613843 1 8 6 3 5 10 4 2 9 7 
20180613844 10 2 5 1 7 9 6 4 3 8 
20180613845 9 2 6 3 7 10 4 8 5 1 
20180613846 6 3 8 7 2 9 10 1 4 5 
20180613847 9 1 7 2 10 5 8 3 4 6 
20180613848 1 4 6 2 5 3 8 7 9 10 
20180613849 8 10 5 4 3 9 1 7 2 6 
20180613850 2 6 10 7 4 5 3 9 8 1 
20180613851 7 2 5 8 10 4 9 6 3 1 
20180613852 10 3 9 8 2 7 4 6 5 1 
20180613853 1 7 5 8 6 3 9 10 2 4 
20180613854 4 1 7 9 10 3 5 6 8 2 
20180613855 5 7 10 8 6 1 3 4 2 9 
20180613856 4 3 7 2 6 9 1 8 5 10 
20180613857 8 2 3 10 7 4 1 9 5 6 
20180613858 7 5 1 10 9 3 8 4 2 6 
20180613859 10 9 3 5 7 2 6 1 8 4 
20180613860 5 4 8 6 1 9 7 10 2 3 
20180613861 8 9 4 2 5 6 10 1 7 3 
20180613862 3 5 4 2 8 7 1 10 9 6 
20180613863 1 6 4 7 2 5 8 10 3 9 
20180613864 10 5 9 2 3 7 4 6 8 1 
20180613865 10 7 9 5 2 4 3 1 6 8 
20180613866 2 4 7 5 1 10 8 9 3 6 
20180613867 7 1 3 2 4 8 9 10 6 5 
20180613868 2 3 8 1 6 5 10 9 4 7 
20180613869 1 4 10 5 6 8 9 2 7 3 
20180613870 9 3 5 2 6 10 8 1 7 4 
20180613871 3 9 2 6 7 1 5 8 10 4 
20180613872 10 1 6 3 9 2 7 8 5 4 
20180613873 3 6 1 4 8 10 9 7 5 2 
20180613874 3 9 5 2 10 7 8 4 1 6 
20180613875 3 2 4 1 5 6 8 9 7 10 
20180613876 1 6 5 2 3 9 8 7 4 10 
20180613877 6 2 4 1 3 7 9 8 10 5 
20180613878 9 7 3 2 4 5 8 10 1 6 
20180613879 5 9 1 10 3 6 2 4 8 7 
20180613880 7 9 5 6 4 10 1 3 8 2 
20180613881 9 7 5 10 1 4 8 6 2 3 
20180613882 6 7 9 1 3 10 4 2 5 8 
20180613883 2 5 8 6 9 10 7 3 1 4 
20180613884 2 3 7 9 10 6 1 4 5 8 
20180613885 10 2 3 6 5 7 9 4 8 1 
20180613886 10 8 1 9 3 5 6 7 2 4 
20180613887 9 4 7 10 6 2 8 5 1 3 
20180613888 5 4 7 9 6 1 8 2 3 10 
20180613889 9 6 5 1 7 4 2 10 8 3 
20180613890 6 1 7 5 9 4 3 8 2 10 
20180613891 8 1 10 9 5 7 4 6 3 2 
20180613892 10 1 6 9 7 2 5 8 4 3 
20180613893 7 9 10 8 4 3 5 6 2 1 
20180613894 4 7 1 8 2 6 3 10 5 9 
20180613895 7 1 8 10 9 6 2 4 5 3 
20180613896 5 9 6 10 3 7 4 1 8 2 
20180613897 6 9 7 1 5 3 2 8 10 4 
20180613898 9 8 10 4 7 6 1 5 3 2 
20180613899 8 3 9 2 10 1 7 5 6 4 
20180613900 3 2 7 8 10 5 9 1 4 6 
20180613901 3 7 10 2 9 6 5 1 8 4 
20180613902 6 9 3 1 2 7 5 4 10 8 
20180613903 3 1 9 5 10 8 4 7 6 2 
20180613904 1 7 8 2 3 5 9 4 10 6 
20180613905 7 6 4 8 5 3 2 9 1 10 
20180613906 2 7 5 6 1 10 8 3 9 4 
20180613907 7 9 3 8 6 4 1 5 2 10 
20180613908 10 3 7 6 1 9 2 4 8 5 
20180613909 5 6 3 4 1 10 7 8 2 9 
20180613910 10 9 5 8 4 2 1 3 6 7 
20180613911 10 5 3 9 8 6 7 2 1 4 
20180613912 9 5 10 8 6 1 2 3 7 4 
20180613913 5 4 2 3 8 1 7 9 10 6 
20180613914 10 4 8 9 5 3 1 6 2 7 
20180613915 6 9 1 10 4 7 3 5 2 8 
20180613916 10 7 5 4 9 1 2 3 8 6 
20180613917 3 5 6 2 7 8 9 4 1 10 
20180613918 2 3 10 5 9 1 7 8 4 6 
20180613919 5 9 3 6 4 7 2 10 8 1 
20180613920 8 5 6 3 2 7 4 9 1 10 
20180613921 8 10 6 3 5 2 4 7 9 1 
20180613922 5 8 9 3 6 7 2 4 1 10 
20180613923 5 2 6 3 7 1 10 8 4 9 
20180613924 8 10 2 7 6 3 9 5 1 4 
20180613925 7 8 4 6 9 3 5 10 1 2 
20180613926 5 1 2 3 10 7 4 6 9 8 
20180613927 3 1 2 5 7 10 4 8 9 6 
20180613928 5 10 3 6 9 7 2 4 8 1 
20180613929 5 6 9 1 2 8 10 4 3 7 
20180613930 8 7 10 5 9 6 4 3 1 2 
20180613931 8 6 2 9 7 3 5 10 4 1 
20180613932 3 8 7 9 4 1 2 10 6 5 
20180613933 1 3 6 7 9 2 10 4 5 8 
20180613934 3 2 9 7 1 5 8 10 4 6 
20180613935 4 10 1 6 7 5 3 2 8 9 
20180613936 3 6 5 1 7 4 9 2 10 8 
20180613937 2 10 4 6 9 5 1 7 8 3 
20180613938 3 6 7 10 9 4 8 5 1 2 
20180613939 3 6 9 4 8 2 5 1 10 7 
20180613940 4 5 2 3 9 6 7 10 1 8 
20180613941 1 8 4 10 2 3 6 9 5 7 
20180613942 3 4 8 10 7 9 5 1 6 2 
20180613943 2 3 8 10 7 1 9 6 5 4 
20180613944 10 1 8 5 7 2 4 6 9 3 
20180613945 9 4 2 8 3 7 5 10 1 6 
20180613946 7 1 10 6 3 2 4 8 5 9 
20180613947 2 3 7 4 5 6 10 9 8 1 
20180613948 4 10 6 5 7 3 2 8 9 1 
20180613949 2 5 1 7 4 10 3 8 9 6 
20180613950 5 6 1 8 7 10 4 3 9 2 
20180613951 5 6 9 8 10 4 2 1 3 7 
20180613952 7 6 1 2 10 8 3 5 4 9 
20180613953 10 7 5 4 3 9 8 2 6 1 
20180613954 8 7 6 2 9 10 1 4 3 5 
20180613955 2 5 6 4 10 9 3 1 7 8 
20180613956 8 9 1 10 3 4 2 7 6 5 
20180613957 8 3 6 2 1 10 9 4 7 5 
20180613958 8 6 9 3 2 10 4 7 5 1 
20180613959 4 9 10 3 8 5 1 6 2 7 
20180613960 8 4 5 10 9 2 1 6 3 7 
20180613961 8 7 9 3 5 4 1 2 10 6 
20180613962 4 9 2 7 1 8 5 3 6 10 
20180613963 5 4 2 10 1 9 7 8 3 6 
20180613964 9 6 3 8 2 7 5 10 1 4 
20180613965 6 8 1 7 4 2 5 3 10 9 
20180613966 7 10 2 9 3 5 1 8 4 6 
20180613967 8 7 10 2 4 6 1 3 5 9 
20180613968 8 3 2 10 9 7 6 4 5 1 
20180613969 10 8 4 6 2 5 1 3 7 9 
20180613970 7 2 9 8 5 3 6 10 4 1 
20180613971 8 4 5 10 2 7 6 1 3 9 
20180613972 8 2 3 4 7 6 9 1 10 5 
20180613973 3 7 4 10 2 1 5 6 8 9 
20180613974 7 9 8 3 2 5 4 6 1 10 
20180613975 3 8 9 4 7 1 5 6 10 2 
20180613976 3 1 4 7 9 5 2 8 10 6 
20180613977 1 6 9 3 5 2 4 8 7 10 
20180613978 1 9 8 3 2 7 5 6 4 10 
20180613979 4 3 10 1 7 9 2 5 6 8 
20180613980 4 10 1 7 6 3 5 2 9 8 
20180613981 2 4 10 5 1 9 8 7 6 3 
20180613982 7 4 3 1 10 5 2 6 8 9 
20180613983 5 8 4 7 6 10 9 3 1 2 
20180613984 4 2 8 9 5 7 10 6 1 3 
20180613985 6 1 3 7 4 2 9 5 10 8 
