20180604001 6 7 2 4 10 3 9 1 8 5 
20180604002 4 6 5 8 3 1 9 7 10 2 
20180604003 8 6 10 3 9 7 4 2 5 1 
20180604004 8 7 4 6 2 1 10 5 9 3 
20180604005 3 2 1 9 10 7 6 8 5 4 
20180604006 10 2 6 5 1 9 7 4 8 3 
20180604007 5 9 7 3 10 4 2 1 6 8 
20180604008 2 9 6 3 4 8 10 1 5 7 
20180604009 6 1 7 8 4 9 3 10 5 2 
20180604010 9 1 4 2 6 8 7 10 5 3 
20180604011 7 1 8 3 2 4 5 9 6 10 
20180604012 3 2 8 7 9 10 6 5 1 4 
20180604013 8 6 3 10 2 4 7 1 5 9 
20180604014 3 2 8 10 5 1 7 4 6 9 
20180604015 7 3 9 8 5 6 2 4 1 10 
20180604016 9 10 2 6 4 3 5 8 7 1 
20180604017 3 6 8 7 2 4 10 9 1 5 
20180604018 9 1 5 4 7 6 3 8 10 2 
20180604019 9 10 5 8 3 7 2 1 6 4 
20180604020 7 6 2 1 10 8 9 5 4 3 
20180604021 1 4 9 2 8 3 10 7 6 5 
20180604022 7 1 4 8 6 3 2 9 10 5 
20180604023 5 9 3 7 4 10 1 8 2 6 
20180604024 2 10 1 5 3 6 8 4 9 7 
20180604025 2 3 7 8 9 10 6 5 4 1 
20180604026 1 9 4 3 7 8 6 10 2 5 
20180604027 4 8 7 3 6 9 10 5 2 1 
20180604028 5 2 10 8 1 7 3 6 9 4 
20180604029 2 5 4 10 9 7 6 3 1 8 
20180604030 1 3 9 4 2 8 10 5 6 7 
20180604031 3 9 6 7 8 1 2 10 4 5 
20180604032 8 9 6 4 1 5 2 10 7 3 
20180604033 7 1 6 3 4 9 10 5 8 2 
20180604034 4 10 6 9 5 7 3 2 8 1 
20180604035 3 2 5 6 7 9 1 8 4 10 
20180604036 10 6 2 1 3 9 4 5 8 7 
20180604037 10 3 2 1 5 9 4 6 7 8 
20180604038 8 5 2 10 3 4 6 1 9 7 
20180604039 10 1 3 7 9 8 2 4 5 6 
20180604040 1 5 8 2 6 9 10 7 3 4 
20180604041 5 4 2 9 3 8 6 10 7 1 
20180604042 6 1 3 10 9 2 7 5 8 4 
20180604043 2 3 9 8 6 5 10 4 7 1 
20180604044 1 2 4 3 9 7 5 10 8 6 
20180604045 4 5 7 8 1 3 2 9 10 6 
20180604046 5 4 1 10 9 7 8 3 6 2 
20180604047 7 5 9 3 2 4 1 6 10 8 
20180604048 5 3 4 2 8 7 10 1 6 9 
20180604049 4 2 5 1 6 3 9 10 7 8 
20180604050 4 7 5 1 10 9 6 2 8 3 
20180604051 7 4 6 2 1 5 9 3 8 10 
20180604052 3 10 1 9 2 5 4 7 6 8 
20180604053 1 3 5 6 7 2 8 9 10 4 
20180604054 6 8 3 1 9 10 5 7 4 2 
20180604055 2 6 1 9 8 4 7 3 5 10 
20180604056 10 2 8 1 7 4 3 6 9 5 
20180604057 10 1 2 8 6 9 3 5 4 7 
20180604058 6 1 3 4 10 7 5 2 9 8 
20180604059 1 7 10 9 5 6 3 2 4 8 
20180604060 4 1 9 2 7 5 3 8 6 10 
20180604061 9 5 6 7 10 2 1 3 4 8 
20180604062 1 9 7 5 10 8 3 4 2 6 
20180604063 5 7 6 10 8 2 1 4 9 3 
20180604064 6 10 9 4 7 1 5 3 2 8 
20180604065 8 6 5 1 3 7 2 10 9 4 
20180604066 9 3 4 5 6 1 8 7 10 2 
20180604067 3 2 10 1 8 7 9 5 6 4 
20180604068 10 1 9 5 8 6 2 4 7 3 
20180604069 8 1 10 9 2 7 4 3 6 5 
20180604070 10 7 5 8 9 1 6 2 3 4 
20180604071 10 9 5 2 7 1 8 4 6 3 
20180604072 9 1 5 6 2 4 3 7 10 8 
20180604073 6 10 9 2 5 4 8 7 1 3 
20180604074 1 2 3 8 7 9 10 4 5 6 
20180604075 7 9 1 8 4 3 2 10 5 6 
20180604076 7 4 5 8 6 3 2 9 1 10 
20180604077 3 7 6 4 1 10 2 8 5 9 
20180604078 7 1 4 10 3 6 8 2 9 5 
20180604079 1 2 5 8 4 9 7 3 10 6 
20180604080 5 8 10 1 3 2 6 4 7 9 
20180604081 1 5 2 9 7 4 8 10 3 6 
20180604082 10 5 4 9 6 8 3 2 1 7 
20180604083 10 3 6 8 4 7 1 9 5 2 
20180604084 7 1 4 5 3 10 8 2 9 6 
20180604085 4 1 6 9 8 7 10 3 2 5 
20180604086 7 10 8 3 5 2 1 6 9 4 
20180604087 9 1 5 6 8 7 3 2 10 4 
20180604088 4 1 7 10 3 9 6 5 2 8 
20180604089 2 1 7 5 3 9 4 10 6 8 
20180604090 6 7 1 10 8 2 4 3 5 9 
20180604091 5 9 6 3 1 2 10 4 7 8 
20180604092 5 9 2 4 7 10 3 6 8 1 
20180604093 2 6 8 3 4 7 5 10 1 9 
20180604094 3 2 1 10 7 5 8 9 6 4 
20180604095 9 7 2 3 6 10 4 5 8 1 
20180604096 1 3 5 9 7 6 10 4 8 2 
20180604097 1 2 3 4 5 7 6 10 9 8 
20180604098 10 7 4 5 3 9 1 6 2 8 
20180604099 6 4 2 3 8 10 1 9 5 7 
20180604100 9 4 8 10 7 3 5 6 2 1 
20180604101 3 10 5 8 1 6 9 7 4 2 
20180604102 7 9 8 10 1 2 4 5 3 6 
20180604103 3 9 1 8 6 4 10 2 5 7 
20180604104 7 8 2 10 6 5 1 4 9 3 
20180604105 9 6 3 2 1 8 10 7 5 4 
20180604106 8 4 2 9 7 10 6 3 5 1 
20180604107 2 9 1 3 10 6 5 7 8 4 
20180604108 5 7 4 3 10 6 1 8 9 2 
20180604109 9 7 6 10 4 3 2 8 5 1 
20180604110 5 3 7 10 4 1 6 2 8 9 
20180604111 8 2 6 3 4 7 1 10 5 9 
20180604112 7 6 2 4 9 5 8 3 1 10 
20180604113 4 6 5 2 1 9 8 3 10 7 
20180604114 8 9 2 4 10 1 7 3 6 5 
20180604115 2 8 10 1 7 5 3 9 4 6 
20180604116 5 1 4 2 3 9 10 8 6 7 
20180604117 3 1 5 6 8 4 10 9 7 2 
20180604118 10 8 9 7 2 5 4 1 6 3 
20180604119 2 6 5 7 1 10 9 3 4 8 
20180604120 4 10 8 5 2 3 6 9 7 1 
20180604121 9 1 10 5 6 2 8 7 4 3 
20180604122 8 5 7 4 9 3 6 2 10 1 
20180604123 10 8 5 9 6 7 2 1 3 4 
20180604124 8 7 1 2 5 4 9 3 6 10 
20180604125 9 7 10 3 8 5 4 2 6 1 
20180604126 7 1 4 2 10 8 9 6 3 5 
20180604127 10 4 8 5 3 6 9 7 1 2 
20180604128 3 8 10 7 2 9 4 6 1 5 
20180604129 2 8 10 5 7 6 3 1 4 9 
20180604130 8 4 6 2 10 9 3 1 7 5 
20180604131 8 9 5 3 2 7 6 1 10 4 
20180604132 2 9 6 3 4 1 10 7 5 8 
20180604133 8 1 10 4 5 7 9 2 6 3 
20180604134 5 3 8 9 2 10 4 6 1 7 
20180604135 3 2 1 8 10 6 7 5 4 9 
20180604136 1 6 10 4 5 2 7 9 8 3 
20180604137 9 10 2 7 5 6 4 8 3 1 
20180604138 8 1 4 3 9 10 2 7 5 6 
20180604139 2 8 5 7 6 9 10 1 4 3 
20180604140 10 9 7 6 4 5 3 8 2 1 
20180604141 10 5 4 3 2 1 8 6 9 7 
20180604142 3 8 1 9 2 10 5 4 6 7 
20180604143 3 8 4 5 2 6 9 10 1 7 
20180604144 4 10 6 3 5 8 9 7 2 1 
20180604145 6 5 9 4 2 8 10 1 3 7 
20180604146 9 3 2 8 10 6 7 5 4 1 
20180604147 7 3 9 10 6 2 5 4 1 8 
20180604148 1 10 9 8 7 2 5 6 4 3 
20180604149 3 7 4 2 1 8 6 5 9 10 
20180604150 5 8 6 7 4 1 2 9 3 10 
20180604151 8 6 2 1 4 7 10 9 3 5 
20180604152 1 2 5 10 4 9 7 6 8 3 
20180604153 10 3 2 6 8 1 4 7 9 5 
20180604154 9 7 2 8 1 3 6 10 4 5 
20180604155 6 7 10 3 1 2 4 9 8 5 
20180604156 5 4 1 7 3 6 10 2 8 9 
20180604157 1 9 7 8 4 5 10 2 3 6 
20180604158 4 1 6 8 5 3 9 7 10 2 
20180604159 2 8 5 9 1 3 7 10 4 6 
20180604160 9 8 4 10 7 6 1 5 3 2 
20180604161 9 2 5 4 6 7 3 8 1 10 
20180604162 8 5 1 2 6 3 10 4 9 7 
20180604163 10 3 6 1 8 7 4 5 9 2 
20180604164 7 2 6 5 4 1 9 10 3 8 
20180604165 2 1 8 5 9 4 3 6 10 7 
20180604166 2 7 10 6 4 8 1 5 9 3 
20180604167 3 6 7 8 5 4 9 10 1 2 
20180604168 5 1 10 4 7 9 6 2 8 3 
20180604169 8 10 4 5 6 3 7 1 9 2 
20180604170 6 1 10 7 8 3 9 5 4 2 
20180604171 8 6 10 4 2 1 9 7 5 3 
20180604172 5 9 4 8 2 7 10 6 1 3 
20180604173 2 10 5 4 1 6 8 3 7 9 
20180604174 1 2 10 7 4 8 3 9 6 5 
20180604175 7 10 9 6 1 8 4 5 3 2 
20180604176 5 8 7 9 4 2 1 10 3 6 
20180604177 1 7 2 9 8 10 4 6 5 3 
20180604178 9 5 1 3 6 8 2 4 7 10 
20180604179 3 8 4 6 9 10 1 5 7 2 
20180604180 7 1 4 3 2 10 6 5 9 8 
20180604181 9 2 4 1 6 3 8 5 10 7 
20180604182 5 9 4 1 8 10 2 7 6 3 
20180604183 4 2 8 9 5 7 3 1 6 10 
20180604184 1 3 4 7 2 9 8 5 10 6 
20180604185 5 6 4 7 10 3 1 2 8 9 
20180604186 4 6 3 1 2 10 8 9 7 5 
20180604187 5 3 8 2 9 1 6 10 7 4 
20180604188 6 2 7 9 4 1 10 3 8 5 
20180604189 2 5 9 7 6 1 3 8 10 4 
20180604190 1 8 7 4 6 9 2 10 5 3 
20180604191 5 1 4 9 10 3 6 2 8 7 
20180604192 3 2 7 1 5 6 10 4 9 8 
20180604193 9 6 4 5 3 10 8 1 2 7 
20180604194 5 10 8 1 6 3 9 4 2 7 
20180604195 8 3 5 7 10 4 9 2 6 1 
20180604196 7 1 4 8 2 5 3 10 9 6 
20180604197 2 3 7 9 4 6 5 10 8 1 
20180604198 2 4 5 3 10 1 9 7 6 8 
20180604199 9 8 6 5 3 2 4 10 7 1 
20180604200 7 10 9 5 6 1 2 8 3 4 
20180604201 4 8 10 5 6 2 9 1 3 7 
20180604202 4 7 6 2 10 3 1 9 8 5 
20180604203 7 9 1 2 5 4 6 8 3 10 
20180604204 3 4 5 8 9 1 10 6 2 7 
20180604205 2 5 7 4 9 1 6 3 10 8 
20180604206 7 10 9 6 4 5 1 8 3 2 
20180604207 6 9 7 10 4 2 1 5 8 3 
20180604208 6 1 9 7 4 10 5 8 3 2 
20180604209 5 9 10 2 8 6 3 4 1 7 
20180604210 10 5 1 9 8 7 4 2 6 3 
20180604211 10 3 2 9 5 6 7 4 8 1 
20180604212 2 3 1 5 4 7 10 8 6 9 
20180604213 6 5 1 8 3 2 7 9 10 4 
20180604214 1 8 9 6 2 4 3 7 5 10 
20180604215 2 7 8 3 5 1 6 10 9 4 
20180604216 5 9 7 10 8 4 6 3 1 2 
20180604217 1 7 2 9 5 4 8 6 10 3 
20180604218 2 4 7 1 9 10 3 5 8 6 
20180604219 9 10 4 8 7 3 5 2 1 6 
20180604220 5 6 4 9 2 3 7 10 8 1 
20180604221 10 1 2 9 8 6 3 7 4 5 
20180604222 4 6 10 9 7 5 3 2 1 8 
20180604223 6 7 1 8 9 3 10 2 5 4 
20180604224 8 3 5 1 2 6 9 4 10 7 
20180604225 3 8 6 9 1 2 4 7 5 10 
20180604226 5 3 9 4 6 10 8 7 1 2 
20180604227 3 7 6 9 8 2 1 4 10 5 
20180604228 10 1 8 7 3 6 4 5 9 2 
20180604229 4 5 10 2 8 9 1 7 3 6 
20180604230 4 9 6 7 10 2 3 5 1 8 
20180604231 2 8 6 9 7 1 3 4 5 10 
20180604232 5 10 1 8 2 4 7 3 6 9 
20180604233 9 5 8 4 1 2 3 6 10 7 
20180604234 2 7 9 6 8 3 5 10 1 4 
20180604235 8 4 1 2 3 6 9 10 7 5 
20180604236 2 4 10 6 3 1 8 9 7 5 
20180604237 5 2 1 4 7 10 3 9 6 8 
20180604238 9 10 1 7 3 2 6 4 8 5 
20180604239 7 6 8 2 10 1 5 4 3 9 
20180604240 7 6 9 10 5 4 8 3 2 1 
20180604241 3 2 8 4 5 6 10 9 1 7 
20180604242 10 2 1 9 5 8 7 6 4 3 
20180604243 5 3 6 4 10 8 2 7 9 1 
20180604244 6 7 2 9 1 4 3 10 5 8 
20180604245 9 3 2 1 7 4 5 6 8 10 
20180604246 2 1 10 6 5 9 8 3 7 4 
20180604247 7 8 5 2 6 4 9 10 3 1 
20180604248 4 5 3 6 8 9 2 7 10 1 
20180604249 2 6 4 9 5 1 7 10 8 3 
20180604250 5 9 6 7 8 1 4 2 3 10 
20180604251 2 8 7 10 9 5 4 1 3 6 
20180604252 8 3 4 6 7 5 10 9 1 2 
20180604253 10 2 7 3 4 9 1 5 6 8 
20180604254 9 2 3 8 6 10 1 7 4 5 
20180604255 8 2 7 3 6 10 1 4 9 5 
20180604256 7 10 2 4 9 8 3 1 5 6 
20180604257 6 1 10 3 4 9 7 8 5 2 
20180604258 9 6 7 8 3 10 4 5 1 2 
20180604259 2 8 10 7 3 4 9 6 1 5 
20180604260 3 8 5 7 4 10 2 1 9 6 
20180604261 3 10 6 8 4 1 2 9 5 7 
20180604262 1 9 7 6 2 3 4 8 5 10 
20180604263 2 3 5 7 6 4 1 9 10 8 
20180604264 7 4 10 5 8 2 6 1 3 9 
20180604265 5 2 4 8 6 9 7 3 1 10 
20180604266 1 10 5 9 7 2 3 6 4 8 
20180604267 10 3 8 9 1 2 6 4 7 5 
20180604268 5 1 2 3 6 9 10 4 8 7 
20180604269 7 10 4 9 3 1 2 6 8 5 
20180604270 6 3 7 10 5 1 8 2 4 9 
20180604271 3 8 2 1 7 4 10 9 5 6 
20180604272 7 4 2 1 6 10 9 8 5 3 
20180604273 7 5 10 1 3 4 2 9 6 8 
20180604274 3 5 2 10 4 8 1 7 9 6 
20180604275 5 7 9 10 1 4 2 8 3 6 
20180604276 5 8 7 3 10 9 2 6 1 4 
20180604277 10 7 4 1 9 3 2 6 5 8 
20180604278 7 10 8 4 9 1 3 2 6 5 
20180604279 4 10 3 7 9 1 8 2 5 6 
20180604280 2 4 7 6 5 1 3 10 8 9 
20180604281 1 3 8 2 6 4 9 10 7 5 
20180604282 1 9 2 5 6 4 3 7 8 10 
20180604283 4 8 3 6 10 2 9 1 5 7 
20180604284 6 2 4 5 10 1 3 9 7 8 
20180604285 8 4 6 3 2 9 7 10 1 5 
20180604286 10 9 7 5 2 6 1 3 8 4 
20180604287 6 4 9 2 1 3 10 8 5 7 
20180604288 2 6 4 5 7 10 3 8 1 9 
20180604289 6 4 8 3 7 10 5 1 2 9 
20180604290 2 1 3 10 5 4 9 6 8 7 
20180604291 7 10 6 9 5 1 8 2 3 4 
20180604292 1 8 4 6 10 9 5 2 3 7 
20180604293 2 10 1 9 6 4 5 8 3 7 
20180604294 8 9 1 5 6 2 7 3 4 10 
20180604295 3 9 10 4 5 6 1 2 8 7 
20180604296 6 9 5 2 8 10 1 3 4 7 
20180604297 6 9 10 1 2 7 3 8 5 4 
20180604298 5 8 6 10 3 7 9 2 1 4 
20180604299 1 4 8 7 9 3 10 6 2 5 
20180604300 7 10 5 4 3 9 6 8 1 2 
20180604301 5 6 8 4 3 2 7 9 1 10 
20180604302 2 6 3 8 9 4 7 1 5 10 
20180604303 5 8 10 9 4 2 3 7 1 6 
20180604304 8 6 1 4 10 3 9 7 5 2 
20180604305 10 8 6 4 7 5 2 1 3 9 
20180604306 1 3 2 4 7 9 5 6 10 8 
20180604307 10 2 4 5 7 3 1 6 9 8 
20180604308 3 8 6 2 9 10 5 4 1 7 
20180604309 4 5 2 7 1 10 6 9 3 8 
20180604310 9 7 4 8 10 1 6 5 3 2 
20180604311 4 5 8 3 9 6 7 10 2 1 
20180604312 2 1 3 10 6 7 8 5 9 4 
20180604313 8 3 7 1 2 10 9 4 6 5 
20180604314 4 8 1 6 5 3 9 2 7 10 
20180604315 4 6 2 5 1 3 9 7 10 8 
20180604316 10 2 6 9 5 8 1 7 4 3 
20180604317 1 10 4 7 2 6 9 5 3 8 
20180604318 10 9 3 5 8 2 4 6 1 7 
20180604319 8 2 7 3 6 1 4 5 9 10 
20180604320 2 3 9 5 10 7 4 1 8 6 
20180604321 10 8 3 7 9 5 2 4 1 6 
20180604322 6 1 9 10 8 5 4 2 3 7 
20180604323 7 2 1 6 9 10 4 3 8 5 
20180604324 5 1 8 9 10 7 6 3 4 2 
20180604325 8 6 9 2 1 10 5 3 4 7 
20180604326 9 8 10 7 1 5 2 3 6 4 
20180604327 10 3 4 8 2 5 6 7 9 1 
20180604328 2 10 5 1 4 8 7 9 6 3 
20180604329 3 5 6 4 9 7 10 1 2 8 
20180604330 1 8 6 2 9 7 10 4 3 5 
20180604331 2 5 9 7 4 10 8 1 6 3 
20180604332 1 6 7 8 2 3 9 5 4 10 
20180604333 4 7 6 10 9 8 3 1 2 5 
20180604334 6 5 7 2 4 3 1 10 8 9 
20180604335 6 9 4 8 7 1 10 3 2 5 
20180604336 1 7 5 2 3 9 8 10 6 4 
20180604337 3 7 4 9 6 1 5 2 8 10 
20180604338 9 7 5 1 2 10 4 3 8 6 
20180604339 3 9 8 5 6 1 7 2 10 4 
20180604340 1 7 6 10 3 9 5 2 4 8 
20180604341 6 9 10 8 3 1 5 2 4 7 
20180604342 9 1 5 7 6 2 10 4 8 3 
20180604343 1 4 10 5 6 7 3 2 9 8 
20180604344 7 9 6 10 4 5 3 8 2 1 
20180604345 9 2 4 5 8 1 6 10 7 3 
20180604346 5 1 2 8 9 3 7 10 4 6 
20180604347 6 7 3 1 8 10 2 9 4 5 
20180604348 5 10 8 4 6 7 1 3 2 9 
20180604349 4 8 5 1 6 7 9 10 2 3 
20180604350 5 4 9 2 10 8 1 7 6 3 
20180604351 10 7 8 4 6 1 9 5 2 3 
20180604352 6 10 4 9 8 5 2 7 3 1 
20180604353 2 9 6 3 4 5 10 1 8 7 
20180604354 2 10 6 7 8 5 3 4 9 1 
20180604355 10 8 2 6 1 9 5 3 4 7 
20180604356 9 1 4 3 10 7 2 6 5 8 
20180604357 10 5 4 3 1 6 9 2 7 8 
20180604358 3 5 8 9 7 1 2 10 6 4 
20180604359 7 1 9 3 6 5 10 8 4 2 
20180604360 4 1 5 3 8 7 9 2 6 10 
20180604361 6 7 9 8 10 5 1 4 3 2 
20180604362 2 3 9 8 6 1 4 10 5 7 
20180604363 7 3 10 2 8 5 4 9 6 1 
20180604364 5 10 6 4 7 3 1 8 2 9 
20180604365 9 10 2 5 7 6 3 1 8 4 
20180604366 6 7 4 1 8 10 2 5 9 3 
20180604367 10 1 6 4 2 3 8 5 9 7 
20180604368 8 2 9 7 3 10 4 6 1 5 
20180604369 5 10 9 1 8 7 3 4 2 6 
20180604370 9 7 3 4 10 5 8 6 1 2 
20180604371 9 8 7 10 1 5 4 3 2 6 
20180604372 9 3 6 5 10 2 1 8 7 4 
20180604373 1 3 7 6 8 9 2 5 4 10 
20180604374 1 4 6 10 8 5 7 3 2 9 
20180604375 10 5 8 2 3 4 7 6 9 1 
20180604376 8 10 7 1 3 2 6 5 4 9 
20180604377 9 4 2 3 10 8 5 7 1 6 
20180604378 7 5 1 3 10 8 2 4 6 9 
20180604379 5 2 4 9 1 10 3 6 7 8 
20180604380 1 10 3 2 8 6 5 7 9 4 
20180604381 2 7 9 1 8 5 10 3 6 4 
20180604382 4 10 8 6 9 5 3 7 2 1 
20180604383 3 5 6 9 4 1 7 8 10 2 
20180604384 3 4 9 1 7 2 5 10 8 6 
20180604385 10 5 4 9 3 2 6 8 7 1 
20180604386 10 2 5 6 3 4 1 9 8 7 
20180604387 7 6 5 3 2 10 9 8 1 4 
20180604388 8 5 6 3 9 10 1 4 2 7 
20180604389 5 3 10 7 2 8 6 4 9 1 
20180604390 3 4 1 10 9 8 7 5 2 6 
20180604391 2 1 4 3 10 6 5 7 9 8 
20180604392 9 1 4 10 2 5 6 7 3 8 
20180604393 10 1 4 5 7 3 6 8 2 9 
20180604394 8 5 4 10 6 2 3 7 9 1 
20180604395 4 7 9 6 5 3 10 2 8 1 
20180604396 4 8 2 9 5 6 1 10 7 3 
20180604397 4 8 2 5 9 1 7 6 3 10 
20180604398 1 5 9 3 6 2 7 8 10 4 
20180604399 9 3 2 10 7 6 4 1 5 8 
20180604400 6 1 10 7 8 2 9 3 4 5 
20180604401 7 9 8 1 5 10 4 3 6 2 
20180604402 4 8 3 6 5 2 9 10 7 1 
20180604403 9 8 6 4 2 5 1 3 7 10 
20180604404 5 6 2 3 10 1 7 4 8 9 
20180604405 2 4 10 5 6 3 9 8 1 7 
20180604406 5 7 2 8 1 3 6 9 4 10 
20180604407 10 6 8 7 5 2 1 4 9 3 
20180604408 1 3 6 8 5 4 2 9 7 10 
20180604409 10 8 2 5 6 3 1 4 9 7 
20180604410 4 3 1 9 2 6 7 5 8 10 
20180604411 3 9 8 6 4 10 2 5 7 1 
20180604412 8 9 6 3 10 5 4 2 7 1 
20180604413 9 2 7 4 10 6 5 3 1 8 
20180604414 1 7 2 3 9 6 10 4 5 8 
20180604415 7 6 3 9 8 2 10 5 1 4 
20180604416 10 1 9 7 8 2 6 3 4 5 
20180604417 1 6 4 2 5 3 8 10 9 7 
20180604418 1 10 4 7 5 8 6 3 9 2 
20180604419 4 6 7 2 5 10 3 1 9 8 
20180604420 9 8 2 3 4 1 5 10 7 6 
20180604421 10 5 1 3 8 7 6 4 2 9 
20180604422 6 7 5 8 3 4 2 10 1 9 
20180604423 1 6 4 9 10 7 2 3 8 5 
20180604424 7 9 4 2 5 8 3 10 1 6 
20180604425 2 7 1 9 6 3 8 4 5 10 
20180604426 9 5 8 7 10 2 4 3 1 6 
20180604427 5 1 8 10 4 3 7 9 2 6 
20180604428 7 9 10 8 6 4 3 5 1 2 
20180604429 2 10 7 5 1 3 6 9 8 4 
20180604430 5 10 3 1 9 2 4 7 6 8 
20180604431 8 4 2 7 5 3 1 6 9 10 
20180604432 9 10 8 1 7 6 5 4 3 2 
20180604433 8 3 7 5 4 10 6 2 9 1 
20180604434 9 3 5 8 6 2 1 7 4 10 
20180604435 3 2 1 5 9 7 10 8 4 6 
20180604436 7 2 6 1 9 5 8 4 3 10 
20180604437 2 5 7 6 9 4 10 1 3 8 
20180604438 8 2 1 9 3 7 5 6 10 4 
20180604439 3 4 2 1 6 7 9 8 10 5 
20180604440 4 1 10 9 2 3 8 6 7 5 
20180604441 4 3 10 5 2 8 1 9 7 6 
20180604442 6 10 3 4 2 1 7 5 9 8 
20180604443 6 8 5 9 7 10 4 2 3 1 
20180604444 7 10 5 8 9 4 6 3 1 2 
20180604445 2 7 5 9 1 6 3 4 8 10 
20180604446 7 5 10 4 3 6 8 2 1 9 
20180604447 7 6 2 1 10 4 9 8 3 5 
20180604448 2 8 3 10 6 5 4 1 7 9 
20180604449 5 6 10 7 8 4 1 3 9 2 
20180604450 8 6 10 1 4 5 9 2 3 7 
20180604451 9 7 5 1 10 2 3 8 4 6 
20180604452 1 5 6 9 10 8 4 3 2 7 
20180604453 8 5 10 2 3 9 6 4 1 7 
20180604454 9 4 1 6 8 3 7 5 2 10 
20180604455 5 10 2 9 7 8 1 6 3 4 
20180604456 10 3 9 1 8 7 4 6 2 5 
20180604457 6 5 1 4 9 3 10 7 8 2 
20180604458 9 10 1 7 2 5 6 8 4 3 
20180604459 9 3 1 6 8 10 5 4 2 7 
20180604460 6 1 3 2 7 10 4 9 5 8 
20180604461 4 10 8 7 3 9 6 2 5 1 
20180604462 10 2 5 9 3 8 7 1 4 6 
20180604463 5 4 6 9 1 3 2 10 8 7 
20180604464 3 8 9 2 4 10 7 5 6 1 
20180604465 7 3 2 8 5 6 4 10 1 9 
20180604466 1 6 4 7 3 8 9 5 2 10 
20180604467 7 9 6 4 3 5 10 8 1 2 
20180604468 8 5 3 2 6 9 4 7 10 1 
20180604469 10 2 6 1 5 9 7 3 8 4 
20180604470 3 10 2 8 9 7 6 5 1 4 
20180604471 4 6 10 7 1 3 5 9 8 2 
20180604472 6 10 8 2 1 7 4 9 5 3 
20180604473 8 6 5 1 7 3 4 9 2 10 
20180604474 5 1 7 10 4 6 3 8 2 9 
20180604475 6 5 3 1 2 4 7 8 10 9 
20180604476 3 10 6 2 5 4 8 9 7 1 
20180604477 4 1 3 6 5 9 10 2 7 8 
20180604478 2 7 10 8 6 3 1 9 4 5 
20180604479 9 6 8 1 3 4 7 10 2 5 
20180604480 8 1 4 3 10 5 2 9 7 6 
20180604481 7 3 6 10 8 5 2 1 9 4 
20180604482 3 2 8 7 6 9 10 5 4 1 
20180604483 7 8 1 10 3 4 9 5 2 6 
20180604484 6 8 7 1 4 3 9 10 5 2 
20180604485 8 7 6 9 2 4 3 10 1 5 
20180604486 2 9 5 3 4 10 7 1 6 8 
20180604487 2 6 4 3 10 1 9 5 8 7 
20180604488 10 6 5 8 4 3 9 7 1 2 
20180604489 7 1 8 5 2 6 3 10 4 9 
20180604490 2 6 9 4 8 3 1 10 7 5 
20180604491 3 2 1 5 10 7 8 4 9 6 
20180604492 4 8 9 3 10 7 5 2 6 1 
20180604493 6 8 4 3 7 10 2 5 9 1 
20180604494 10 8 6 9 7 1 4 5 3 2 
20180604495 5 1 9 6 4 3 7 8 10 2 
20180604496 9 1 4 2 8 6 7 5 3 10 
20180604497 5 1 10 2 3 7 9 6 8 4 
20180604498 10 5 2 9 4 3 6 7 1 8 
20180604499 10 9 1 3 6 7 8 2 4 5 
20180604500 2 3 6 7 8 9 1 10 5 4 
20180604501 10 1 2 3 8 9 6 7 5 4 
20180604502 8 1 5 6 3 2 10 4 9 7 
20180604503 8 2 9 10 1 4 5 6 7 3 
20180604504 1 4 10 6 5 7 9 8 2 3 
20180604505 10 4 8 2 9 6 1 5 3 7 
20180604506 8 2 7 10 1 9 5 3 4 6 
20180604507 10 1 3 5 9 8 7 4 6 2 
20180604508 9 3 2 10 5 8 6 4 1 7 
20180604509 8 4 1 9 5 2 3 10 6 7 
20180604510 1 10 9 8 3 6 2 7 4 5 
20180604511 4 1 5 9 2 3 10 6 8 7 
20180604512 2 5 4 6 7 9 1 8 10 3 
20180604513 6 10 2 7 9 5 3 4 8 1 
20180604514 7 1 3 9 8 6 4 10 2 5 
20180604515 5 2 7 4 10 8 9 1 6 3 
20180604516 3 4 2 5 8 1 10 7 6 9 
20180604517 7 4 8 9 10 5 1 2 6 3 
20180604518 7 1 9 8 3 2 6 10 4 5 
20180604519 1 4 3 9 10 7 2 6 8 5 
20180604520 4 10 5 2 6 3 7 8 1 9 
20180604521 8 6 2 10 3 7 5 9 4 1 
20180604522 1 6 4 9 10 5 2 8 3 7 
20180604523 2 7 9 8 3 6 4 1 10 5 
20180604524 6 4 10 8 1 9 2 7 3 5 
20180604525 4 10 3 2 1 8 5 7 9 6 
20180604526 10 6 2 7 5 4 8 1 9 3 
20180604527 6 10 9 3 7 8 2 5 4 1 
20180604528 5 2 10 3 8 1 6 4 9 7 
20180604529 6 7 8 10 5 1 2 3 9 4 
20180604530 7 8 2 6 3 4 9 10 1 5 
20180604531 5 1 4 10 6 3 8 7 9 2 
20180604532 9 10 4 1 5 2 6 8 3 7 
20180604533 10 9 1 3 2 6 5 7 8 4 
20180604534 7 1 9 4 5 2 10 6 8 3 
20180604535 3 7 5 6 10 8 9 2 4 1 
20180604536 7 6 2 5 8 10 4 3 1 9 
20180604537 6 1 2 4 7 9 10 5 8 3 
20180604538 3 4 2 9 6 5 1 8 7 10 
20180604539 9 10 2 6 4 1 7 8 3 5 
20180604540 3 10 4 7 5 9 6 1 2 8 
20180604541 7 9 2 8 5 1 10 4 3 6 
20180604542 2 8 6 1 5 10 9 3 4 7 
20180604543 8 9 7 3 6 10 2 1 4 5 
20180604544 4 8 1 6 7 10 9 5 2 3 
20180604545 5 6 7 2 9 10 4 3 8 1 
20180604546 10 7 8 9 2 4 3 6 1 5 
20180604547 3 4 10 9 1 8 5 2 7 6 
20180604548 3 8 4 7 5 1 9 2 10 6 
20180604549 1 4 10 7 3 9 8 5 6 2 
20180604550 7 5 6 4 10 2 1 8 9 3 
20180604551 9 6 2 5 10 3 7 1 4 8 
20180604552 9 6 7 10 1 4 5 3 2 8 
20180604553 1 8 9 5 10 2 4 6 3 7 
20180604554 7 3 8 1 10 6 5 4 9 2 
20180604555 8 4 10 3 9 5 7 6 1 2 
20180604556 10 7 5 3 6 4 9 8 2 1 
20180604557 3 4 10 6 1 5 8 9 2 7 
20180604558 2 1 9 6 3 7 4 8 10 5 
20180604559 9 3 4 10 1 2 7 8 6 5 
20180604560 6 5 10 1 9 2 3 7 4 8 
20180604561 10 5 1 6 7 2 8 9 4 3 
20180604562 8 7 5 1 6 2 9 4 10 3 
20180604563 2 3 1 10 4 5 7 8 6 9 
20180604564 10 5 7 6 3 1 9 2 4 8 
20180604565 7 4 10 3 1 6 5 2 8 9 
20180604566 4 1 9 5 8 10 6 7 3 2 
20180604567 9 7 10 2 5 3 1 8 4 6 
20180604568 5 2 10 7 8 4 3 1 6 9 
20180604569 8 9 7 5 3 1 6 10 4 2 
20180604570 9 8 2 3 10 5 7 1 4 6 
20180604571 3 6 10 4 8 5 1 2 9 7 
20180604572 8 6 1 9 2 3 10 5 7 4 
20180604573 1 8 5 10 6 3 4 9 7 2 
20180604574 6 8 5 10 3 1 4 2 7 9 
20180604575 8 9 4 2 6 5 3 1 7 10 
20180604576 4 7 3 2 6 1 8 9 10 5 
20180604577 7 9 6 5 4 1 10 8 2 3 
20180604578 7 9 3 8 5 6 10 1 4 2 
20180604579 4 1 3 2 7 9 6 8 10 5 
20180604580 9 4 10 5 3 6 7 1 8 2 
20180604581 2 7 10 5 9 3 4 6 1 8 
20180604582 6 7 5 9 10 2 3 4 8 1 
20180604583 9 8 2 1 10 3 6 7 4 5 
20180604584 5 4 9 2 10 3 8 1 6 7 
20180604585 1 7 3 4 10 6 8 5 9 2 
20180604586 7 5 8 10 2 9 1 6 3 4 
20180604587 9 10 7 2 1 6 3 8 5 4 
20180604588 1 10 9 8 5 3 2 6 7 4 
20180604589 1 6 4 3 9 10 8 5 7 2 
20180604590 3 7 4 2 5 10 8 1 9 6 
20180604591 10 3 2 9 4 5 1 7 8 6 
20180604592 7 2 9 8 10 6 5 4 3 1 
20180604593 5 4 8 2 1 6 9 3 7 10 
20180604594 7 6 5 10 1 9 2 3 4 8 
20180604595 8 6 4 1 2 10 9 7 5 3 
20180604596 6 8 9 2 4 5 3 1 10 7 
20180604597 10 2 6 1 9 7 8 3 5 4 
20180604598 3 9 10 5 1 2 6 4 7 8 
20180604599 4 6 2 9 7 3 10 1 5 8 
20180604600 3 5 8 7 2 1 10 6 9 4 
20180604601 4 7 2 3 1 9 6 5 8 10 
20180604602 6 4 9 10 5 1 8 2 7 3 
20180604603 1 8 10 9 4 6 7 2 3 5 
20180604604 8 4 1 3 6 9 10 7 5 2 
20180604605 2 9 8 4 3 1 10 5 6 7 
20180604606 6 5 2 8 1 4 10 9 3 7 
20180604607 10 1 2 9 3 4 7 6 8 5 
20180604608 10 2 9 7 6 5 8 3 1 4 
20180604609 9 10 3 1 4 2 6 7 5 8 
20180604610 5 3 10 2 6 4 7 1 8 9 
20180604611 7 3 9 8 6 10 5 4 2 1 
20180604612 3 8 7 4 6 10 2 1 9 5 
20180604613 10 4 3 9 1 8 5 7 2 6 
20180604614 6 9 3 7 8 2 10 4 1 5 
20180604615 1 9 7 4 6 2 10 5 3 8 
20180604616 7 10 4 9 1 8 5 2 3 6 
20180604617 7 10 6 1 9 8 3 5 4 2 
20180604618 3 7 10 8 2 6 1 9 4 5 
20180604619 5 7 2 10 1 8 4 9 3 6 
20180604620 2 9 3 7 6 10 1 4 5 8 
20180604621 8 10 7 6 2 4 1 9 3 5 
20180604622 1 3 5 10 9 8 6 2 7 4 
20180604623 10 2 4 8 3 1 6 5 7 9 
20180604624 9 10 6 7 5 2 4 8 1 3 
20180604625 1 9 7 2 10 4 6 3 5 8 
20180604626 2 6 9 7 4 8 1 10 3 5 
20180604627 6 5 10 7 3 9 2 1 8 4 
20180604628 7 8 3 10 2 1 6 5 4 9 
20180604629 1 5 9 3 8 10 7 2 4 6 
20180604630 3 10 8 4 6 7 1 9 2 5 
20180604631 9 10 5 7 1 2 3 4 8 6 
20180604632 7 2 1 3 6 9 5 10 4 8 
20180604633 2 9 10 3 8 1 4 6 7 5 
20180604634 3 5 7 4 8 6 1 10 9 2 
20180604635 6 3 8 10 2 7 1 5 9 4 
20180604636 2 8 1 7 4 5 9 10 3 6 
20180604637 5 4 10 3 2 9 1 7 8 6 
20180604638 2 3 8 7 1 6 10 9 4 5 
20180604639 10 9 3 5 2 6 1 8 4 7 
20180604640 4 10 7 9 1 8 5 6 3 2 
20180604641 6 2 9 1 7 8 3 4 5 10 
20180604642 6 3 5 4 1 2 8 9 10 7 
20180604643 4 7 2 5 1 8 3 6 9 10 
20180604644 10 3 5 2 7 8 9 1 4 6 
20180604645 3 1 5 8 9 10 2 7 6 4 
20180604646 4 6 2 5 9 7 1 3 8 10 
20180604647 3 10 7 4 1 6 9 5 8 2 
20180604648 7 5 1 3 2 9 6 8 10 4 
20180604649 10 9 7 8 1 6 3 4 5 2 
20180604650 5 6 10 9 4 8 7 1 2 3 
20180604651 10 1 4 3 6 7 2 8 9 5 
20180604652 3 6 7 9 4 2 1 8 10 5 
20180604653 5 8 7 2 1 10 3 4 6 9 
20180604654 3 5 4 2 1 6 9 8 7 10 
20180604655 7 4 10 8 6 1 3 5 2 9 
20180604656 6 8 10 4 9 1 7 5 3 2 
20180604657 6 3 5 10 4 7 9 1 2 8 
20180604658 8 3 2 1 9 10 5 6 4 7 
20180604659 2 3 7 10 5 8 4 6 1 9 
20180604660 1 6 5 9 7 3 8 10 4 2 
20180604661 10 1 3 8 2 9 7 4 6 5 
20180604662 4 9 7 1 5 6 2 3 10 8 
20180604663 1 4 3 2 6 9 10 8 7 5 
20180604664 4 3 2 1 10 8 7 6 5 9 
20180604665 8 2 6 5 1 10 7 3 9 4 
20180604666 10 9 5 8 7 1 2 3 6 4 
20180604667 9 6 2 4 8 3 7 10 1 5 
20180604668 10 5 8 9 2 1 7 4 3 6 
20180604669 9 8 1 10 2 5 3 7 4 6 
20180604670 7 1 8 2 9 6 5 4 10 3 
20180604671 3 9 6 1 5 4 2 8 7 10 
20180604672 5 6 1 4 10 2 7 9 8 3 
20180604673 8 3 9 7 10 5 4 6 1 2 
20180604674 3 9 6 10 4 7 5 8 2 1 
20180604675 1 2 7 8 6 3 5 9 10 4 
20180604676 2 6 10 9 8 1 5 4 7 3 
20180604677 3 2 6 10 4 9 8 7 1 5 
20180604678 5 6 10 2 7 3 4 9 1 8 
20180604679 8 10 1 5 7 2 3 6 4 9 
20180604680 6 2 7 9 3 10 1 4 5 8 
20180604681 3 6 1 9 8 2 5 7 10 4 
20180604682 10 2 7 9 3 4 1 8 6 5 
20180604683 4 9 2 6 8 3 1 7 5 10 
20180604684 9 10 5 3 4 7 2 6 1 8 
20180604685 8 6 3 2 9 10 5 7 4 1 
20180604686 9 2 10 4 5 1 6 3 8 7 
20180604687 1 3 4 5 2 10 9 8 7 6 
20180604688 3 10 9 1 8 7 5 6 4 2 
20180604689 9 8 1 7 4 6 2 5 10 3 
20180604690 9 6 8 3 10 5 2 7 4 1 
20180604691 5 2 6 4 3 10 8 9 1 7 
20180604692 5 7 6 9 8 3 4 1 10 2 
20180604693 2 1 8 9 7 10 6 3 4 5 
20180604694 2 5 9 4 1 3 7 10 8 6 
20180604695 6 2 1 7 3 4 9 8 10 5 
20180604696 7 5 10 8 1 9 2 3 4 6 
20180604697 4 9 10 6 2 8 3 1 5 7 
20180604698 6 1 4 9 2 7 5 8 10 3 
20180604699 8 10 1 9 3 6 7 5 2 4 
20180604700 5 7 2 6 3 10 8 4 9 1 
20180604701 1 2 6 5 4 8 9 10 7 3 
20180604702 2 4 6 9 1 10 8 3 7 5 
20180604703 2 6 8 9 1 10 5 7 3 4 
20180604704 4 8 3 7 9 6 10 2 5 1 
20180604705 8 10 3 9 4 6 5 7 1 2 
20180604706 4 1 7 3 8 2 6 10 5 9 
20180604707 4 6 3 8 5 7 2 10 1 9 
20180604708 5 1 10 3 8 6 4 7 9 2 
20180604709 5 7 9 4 10 3 1 8 2 6 
20180604710 4 1 3 10 6 7 5 9 2 8 
20180604711 6 7 2 8 3 10 5 1 4 9 
20180604712 1 6 8 10 5 2 7 3 9 4 
20180604713 2 8 1 4 3 7 9 10 6 5 
20180604714 8 3 5 7 4 2 9 10 6 1 
20180604715 5 10 1 7 9 6 3 4 8 2 
20180604716 2 9 10 1 3 4 5 6 7 8 
20180604717 9 6 10 7 1 2 5 8 4 3 
20180604718 9 5 1 10 7 3 8 4 6 2 
20180604719 1 3 10 9 6 4 2 7 5 8 
20180604720 10 3 9 7 1 2 5 6 8 4 
20180604721 10 8 5 7 9 4 3 1 6 2 
20180604722 5 9 1 3 2 10 4 7 6 8 
20180604723 7 4 1 3 10 2 5 9 8 6 
20180604724 4 2 3 9 6 7 8 10 1 5 
20180604725 5 3 7 1 10 2 6 4 8 9 
20180604726 3 8 6 2 5 10 4 7 9 1 
20180604727 4 10 8 6 1 3 5 7 2 9 
20180604728 7 6 9 1 3 4 2 8 5 10 
20180604729 1 8 3 2 4 10 5 7 9 6 
20180604730 3 4 10 7 5 1 2 9 6 8 
20180604731 7 3 8 5 9 2 4 10 1 6 
20180604732 5 6 7 1 2 3 9 8 10 4 
20180604733 2 10 1 5 4 8 6 7 3 9 
20180604734 7 6 10 9 8 2 5 4 1 3 
20180604735 3 8 9 7 10 5 4 6 2 1 
20180604736 2 4 1 7 6 10 3 5 9 8 
20180604737 8 6 4 1 9 10 7 2 5 3 
20180604738 9 10 7 8 3 4 2 6 5 1 
20180604739 10 5 1 9 7 3 8 4 2 6 
20180604740 10 1 2 6 9 8 5 7 3 4 
20180604741 9 7 4 3 10 1 2 6 5 8 
20180604742 3 7 10 9 6 2 8 5 4 1 
20180604743 6 3 5 4 9 8 7 1 10 2 
20180604744 6 9 3 4 7 10 2 8 1 5 
20180604745 2 10 6 7 1 8 3 4 5 9 
20180604746 2 10 7 5 9 1 6 8 3 4 
20180604747 10 7 5 3 9 2 6 1 4 8 
20180604748 2 4 10 9 3 7 8 1 6 5 
20180604749 2 1 7 5 3 4 6 8 9 10 
20180604750 1 8 4 10 5 9 2 3 6 7 
20180604751 5 4 2 7 3 9 10 8 6 1 
20180604752 10 2 8 4 9 6 1 7 5 3 
20180604753 8 9 5 10 7 3 2 4 6 1 
20180604754 10 7 2 3 9 5 4 8 1 6 
20180604755 4 6 1 3 8 9 7 5 2 10 
20180604756 9 4 8 1 10 6 3 2 5 7 
20180604757 6 10 7 5 8 2 9 3 1 4 
20180604758 9 5 3 7 2 10 1 8 6 4 
20180604759 2 1 10 6 8 4 5 7 3 9 
20180604760 8 3 7 4 6 1 2 5 10 9 
20180604761 7 5 2 8 3 4 9 6 1 10 
20180604762 3 8 5 1 4 9 10 7 2 6 
20180604763 10 1 7 4 9 5 2 3 8 6 
20180604764 2 1 10 6 4 8 5 3 9 7 
20180604765 5 1 6 9 3 7 2 4 10 8 
20180604766 5 7 1 4 2 6 10 8 3 9 
20180604767 10 7 2 6 3 5 8 4 9 1 
20180604768 6 3 7 8 4 9 1 5 10 2 
20180604769 6 4 1 10 2 7 9 5 3 8 
20180604770 1 5 7 6 10 9 2 8 3 4 
20180604771 9 6 2 1 3 5 7 10 8 4 
20180604772 3 1 5 8 2 4 10 9 7 6 
20180604773 6 5 9 8 7 2 1 3 4 10 
20180604774 4 1 10 3 7 5 9 6 2 8 
20180604775 9 3 7 5 4 1 6 10 2 8 
20180604776 4 3 2 1 5 6 10 9 7 8 
20180604777 3 2 10 4 8 6 7 5 9 1 
20180604778 5 1 6 4 10 3 2 9 8 7 
20180604779 6 8 7 2 1 10 3 9 5 4 
20180604780 9 1 5 2 7 4 3 6 10 8 
20180604781 8 7 4 9 6 1 3 2 5 10 
20180604782 2 5 6 10 8 3 7 1 9 4 
20180604783 3 2 6 5 1 4 10 7 8 9 
20180604784 10 5 6 9 7 1 3 4 2 8 
20180604785 3 6 2 8 5 10 1 4 7 9 
20180604786 7 2 9 8 3 10 1 4 5 6 
20180604787 10 8 6 7 3 1 9 2 5 4 
20180604788 6 2 8 1 4 3 10 7 5 9 
20180604789 9 6 10 8 3 1 2 5 7 4 
20180604790 5 4 9 10 8 3 6 7 1 2 
20180604791 5 10 4 9 3 7 1 6 8 2 
20180604792 4 3 10 6 2 7 9 1 5 8 
20180604793 4 1 5 9 7 8 3 10 2 6 
20180604794 5 10 4 9 7 8 2 1 3 6 
20180604795 4 10 9 5 6 2 8 1 7 3 
20180604796 8 2 6 4 5 7 10 1 9 3 
20180604797 8 6 9 10 4 5 2 7 1 3 
20180604798 7 2 8 10 5 6 4 1 9 3 
20180604799 3 7 2 4 6 8 1 9 5 10 
20180604800 9 5 6 8 1 2 7 4 3 10 
20180604801 2 7 5 3 1 4 10 9 6 8 
20180604802 2 3 1 9 10 8 5 4 6 7 
20180604803 10 9 4 7 8 1 6 5 2 3 
20180604804 4 1 6 10 2 7 3 5 9 8 
20180604805 1 4 9 2 10 8 3 5 6 7 
20180604806 4 1 6 9 5 2 10 7 3 8 
20180604807 9 5 3 6 1 7 8 4 2 10 
20180604808 4 10 5 6 8 2 3 1 9 7 
20180604809 8 9 10 2 3 6 5 7 1 4 
20180604810 7 3 1 4 2 5 6 9 8 10 
20180604811 1 8 7 9 6 10 4 5 2 3 
20180604812 8 7 9 3 6 10 2 5 4 1 
20180604813 10 5 8 9 4 3 7 6 1 2 
20180604814 2 4 3 1 5 8 7 9 10 6 
20180604815 9 7 10 4 1 6 3 8 2 5 
20180604816 2 7 6 8 3 4 10 5 9 1 
20180604817 5 2 4 8 6 7 1 3 9 10 
20180604818 8 2 10 3 4 7 9 1 6 5 
20180604819 6 9 10 7 3 2 1 5 8 4 
20180604820 6 10 8 2 3 4 7 9 1 5 
20180604821 5 7 9 4 10 2 3 8 6 1 
20180604822 10 3 7 8 1 5 6 4 9 2 
20180604823 1 6 2 9 7 4 10 8 5 3 
20180604824 1 2 9 7 4 6 5 10 8 3 
20180604825 2 4 3 7 8 6 1 5 9 10 
20180604826 10 6 7 3 1 2 9 5 8 4 
20180604827 5 7 9 6 2 1 4 8 10 3 
20180604828 7 1 5 4 10 6 3 8 9 2 
20180604829 7 5 9 8 2 10 1 4 3 6 
20180604830 5 1 6 4 8 2 9 3 7 10 
20180604831 2 5 4 6 7 8 10 1 3 9 
20180604832 8 1 6 2 7 5 4 9 3 10 
20180604833 6 5 9 2 10 3 8 7 1 4 
20180604834 9 7 8 3 5 1 2 4 10 6 
20180604835 2 9 6 5 3 8 4 1 7 10 
20180604836 4 5 7 8 3 1 9 10 2 6 
20180604837 7 3 4 2 5 9 8 6 1 10 
20180604838 7 6 5 3 1 4 8 10 9 2 
20180604839 8 10 4 2 5 9 3 6 7 1 
20180604840 8 7 3 2 1 4 10 6 9 5 
20180604841 3 10 5 6 2 8 4 9 7 1 
20180604842 2 6 4 5 3 10 9 7 8 1 
20180604843 10 6 9 1 8 7 2 5 4 3 
20180604844 3 9 10 1 2 7 5 4 8 6 
20180604845 2 3 8 4 6 5 7 1 10 9 
20180604846 8 5 3 7 1 2 6 10 4 9 
20180604847 8 7 10 2 5 1 6 4 9 3 
20180604848 10 3 7 8 5 4 9 6 1 2 
20180604849 1 10 4 7 8 9 6 5 2 3 
20180604850 3 9 1 4 7 6 8 10 2 5 
20180604851 10 3 5 7 6 4 8 9 2 1 
20180604852 10 2 6 3 1 9 5 8 4 7 
20180604853 10 3 7 2 9 6 5 8 4 1 
20180604854 7 2 10 1 5 4 6 8 9 3 
20180604855 1 10 9 5 4 6 7 2 8 3 
20180604856 1 3 2 7 8 10 6 9 4 5 
20180604857 10 2 9 3 5 6 8 1 4 7 
20180604858 4 8 1 5 6 3 9 2 7 10 
20180604859 3 1 4 10 5 8 6 2 9 7 
20180604860 9 3 8 2 4 6 5 1 10 7 
20180604861 10 3 7 4 5 9 2 1 6 8 
20180604862 6 4 10 5 7 8 3 9 1 2 
20180604863 6 7 5 3 2 8 1 9 4 10 
20180604864 9 5 7 3 10 1 2 8 6 4 
20180604865 8 10 7 3 1 4 9 5 6 2 
20180604866 6 3 10 8 1 4 9 7 2 5 
20180604867 1 6 5 7 4 10 9 2 3 8 
20180604868 2 4 1 8 6 5 10 7 3 9 
20180604869 3 8 9 6 5 2 1 4 7 10 
20180604870 9 10 3 8 7 1 4 5 2 6 
20180604871 8 1 9 2 3 7 4 6 10 5 
20180604872 3 9 10 4 1 6 2 8 5 7 
20180604873 7 3 9 2 5 6 1 4 10 8 
20180604874 3 6 2 7 1 10 9 4 5 8 
20180604875 3 7 1 6 8 9 2 4 10 5 
20180604876 3 6 5 4 7 10 9 1 8 2 
20180604877 9 10 8 5 1 2 4 7 6 3 
20180604878 8 2 6 3 5 4 7 9 10 1 
20180604879 4 9 7 8 3 10 6 5 1 2 
20180604880 2 4 3 5 10 9 6 7 1 8 
20180604881 4 10 5 9 6 8 3 1 7 2 
20180604882 10 4 3 6 8 5 2 7 1 9 
20180604883 6 9 10 5 2 1 4 7 8 3 
20180604884 10 7 9 1 8 3 4 2 5 6 
20180604885 5 1 7 3 6 9 8 10 2 4 
20180604886 9 5 1 7 4 2 3 8 6 10 
20180604887 4 7 6 9 2 8 3 1 10 5 
20180604888 6 10 7 9 3 4 8 5 2 1 
20180604889 9 3 7 4 2 10 1 8 5 6 
20180604890 1 7 10 4 9 6 5 8 2 3 
20180604891 9 7 1 2 5 8 3 6 10 4 
20180604892 6 8 3 1 9 7 10 5 4 2 
20180604893 5 4 6 8 10 1 7 3 9 2 
20180604894 2 7 10 3 9 5 4 1 6 8 
20180604895 8 7 5 2 10 9 4 6 1 3 
20180604896 4 6 8 3 5 9 7 1 10 2 
20180604897 6 3 5 4 10 8 7 1 9 2 
20180604898 9 3 4 5 7 6 10 8 1 2 
20180604899 3 4 9 7 8 5 1 10 2 6 
20180604900 6 8 9 4 1 2 10 3 7 5 
20180604901 7 8 3 6 1 10 9 5 2 4 
20180604902 4 6 9 5 3 8 7 1 2 10 
20180604903 2 4 6 7 9 5 1 10 8 3 
20180604904 8 7 6 4 5 1 10 2 9 3 
20180604905 5 6 8 3 9 4 2 7 10 1 
20180604906 8 6 4 1 5 7 9 10 3 2 
20180604907 4 6 2 5 7 9 3 8 1 10 
20180604908 3 1 8 6 7 9 2 5 10 4 
20180604909 8 2 1 10 3 4 7 5 6 9 
20180604910 6 2 10 5 3 8 4 9 7 1 
20180604911 9 5 3 10 4 2 8 1 6 7 
20180604912 6 4 1 8 7 9 3 10 2 5 
20180604913 2 3 5 9 1 4 8 6 10 7 
20180604914 7 5 6 4 2 3 8 10 1 9 
20180604915 7 3 5 10 4 1 6 9 8 2 
20180604916 5 4 3 7 2 9 6 8 10 1 
20180604917 4 2 10 3 9 6 7 1 5 8 
20180604918 2 4 3 5 9 6 8 7 1 10 
20180604919 9 4 2 10 3 7 5 1 8 6 
20180604920 2 8 3 1 5 4 9 7 6 10 
20180604921 2 9 1 5 6 8 3 10 7 4 
20180604922 6 2 3 4 7 8 9 10 1 5 
20180604923 5 7 9 1 4 3 8 6 10 2 
20180604924 8 10 4 9 7 5 2 6 3 1 
20180604925 7 2 10 4 6 8 1 9 5 3 
20180604926 6 2 1 4 5 7 8 10 9 3 
20180604927 9 5 3 6 2 4 7 8 1 10 
20180604928 2 8 1 9 6 5 10 4 3 7 
20180604929 4 7 2 5 6 10 1 8 9 3 
20180604930 3 4 9 5 2 1 10 6 7 8 
20180604931 10 8 5 4 3 2 1 6 9 7 
20180604932 9 2 8 1 6 10 4 5 3 7 
20180604933 9 1 8 4 2 7 10 3 5 6 
20180604934 10 9 1 4 5 3 7 6 8 2 
20180604935 8 7 6 4 1 2 5 9 3 10 
20180604936 7 2 5 8 9 6 3 10 4 1 
20180604937 1 8 3 6 2 4 7 5 10 9 
20180604938 4 9 5 2 7 3 10 8 6 1 
20180604939 5 3 1 8 7 4 2 6 10 9 
20180604940 7 6 2 9 8 10 3 4 1 5 
20180604941 3 4 5 9 10 2 8 6 7 1 
20180604942 7 4 8 6 10 1 5 2 9 3 
20180604943 8 5 4 1 6 10 2 9 7 3 
20180604944 6 1 8 9 10 2 3 4 7 5 
20180604945 6 4 9 1 8 2 7 5 3 10 
20180604946 3 4 9 1 7 10 5 8 2 6 
20180604947 10 3 4 2 5 6 8 7 9 1 
20180604948 4 7 2 6 5 8 10 9 3 1 
20180604949 7 9 10 8 6 4 2 1 3 5 
20180604950 5 8 2 7 10 9 1 6 3 4 
20180604951 8 7 6 3 9 4 5 10 1 2 
20180604952 10 4 7 3 2 1 5 9 8 6 
20180604953 8 9 7 3 6 2 10 4 5 1 
20180604954 6 5 2 7 4 9 10 1 8 3 
20180604955 10 9 7 4 8 1 3 2 5 6 
20180604956 6 5 7 8 9 2 1 10 3 4 
20180604957 8 7 4 2 6 5 1 3 10 9 
20180604958 8 9 4 6 10 5 2 3 7 1 
20180604959 1 9 8 3 7 5 10 4 2 6 
20180604960 9 3 4 7 1 8 6 5 2 10 
20180604961 8 9 3 5 4 1 7 6 2 10 
20180604962 1 7 9 10 4 2 8 6 3 5 
20180604963 7 5 4 10 3 1 9 8 6 2 
20180604964 8 4 1 5 9 7 6 10 3 2 
20180604965 7 3 10 1 2 6 5 4 9 8 
20180604966 6 7 4 9 2 10 8 5 3 1 
20180604967 5 1 6 10 9 4 3 8 2 7 
20180604968 3 6 2 7 10 8 1 5 4 9 
20180604969 5 10 3 4 7 2 9 6 8 1 
20180604970 6 1 9 5 4 3 7 10 8 2 
20180604971 4 9 2 6 8 10 7 5 1 3 
20180604972 8 2 9 4 6 1 5 7 3 10 
20180604973 2 10 6 9 1 3 4 5 8 7 
20180604974 3 7 5 9 10 2 1 6 4 8 
20180604975 10 4 7 9 3 1 5 2 6 8 
20180604976 9 8 4 2 10 7 5 1 3 6 
20180604977 4 10 5 7 8 2 1 3 9 6 
20180604978 7 3 8 6 10 2 5 9 1 4 
20180604979 10 1 2 9 3 6 5 8 4 7 
20180604980 9 4 3 10 2 1 7 5 6 8 
20180604981 8 9 4 7 2 3 1 6 10 5 
20180604982 8 9 3 7 1 5 2 10 6 4 
20180604983 10 6 7 2 1 4 3 8 9 5 
20180604984 9 6 8 5 3 2 1 10 7 4 
20180604985 5 6 8 3 7 2 10 1 9 4 
