20180628001 1 5 10 7 3 4 9 8 2 6 
20180628002 6 7 8 2 9 3 1 5 10 4 
20180628003 7 3 4 5 2 1 10 8 6 9 
20180628004 6 7 2 9 10 3 4 1 8 5 
20180628005 6 5 10 9 7 1 2 3 8 4 
20180628006 4 7 2 6 1 3 10 8 9 5 
20180628007 5 2 6 8 3 4 7 10 9 1 
20180628008 9 7 5 6 3 2 8 1 10 4 
20180628009 4 1 7 8 3 6 2 9 5 10 
20180628010 5 6 9 10 7 4 1 2 3 8 
20180628011 9 3 8 7 6 4 10 1 2 5 
20180628012 4 8 5 2 9 3 1 7 6 10 
20180628013 2 5 4 9 7 10 6 8 3 1 
20180628014 8 9 7 6 2 3 4 5 1 10 
20180628015 8 2 4 10 9 1 7 6 5 3 
20180628016 7 10 1 2 5 6 9 8 4 3 
20180628017 5 8 10 2 7 6 4 1 3 9 
20180628018 6 3 2 4 5 1 9 8 10 7 
20180628019 5 7 4 6 8 1 2 10 9 3 
20180628020 1 9 3 4 10 2 5 7 6 8 
20180628021 1 3 6 7 8 5 10 4 2 9 
20180628022 8 4 1 2 5 9 3 10 6 7 
20180628023 2 6 9 8 1 5 10 3 7 4 
20180628024 1 9 8 3 7 6 10 4 2 5 
20180628025 10 7 4 6 5 9 8 2 3 1 
20180628026 5 6 2 3 9 7 8 1 4 10 
20180628027 3 6 9 4 8 10 7 2 5 1 
20180628028 6 1 5 8 10 4 2 7 9 3 
20180628029 8 1 6 5 9 10 7 3 4 2 
20180628030 1 7 2 4 5 9 8 10 3 6 
20180628031 8 1 7 6 5 9 4 10 3 2 
20180628032 7 1 2 9 6 3 5 4 8 10 
20180628033 10 1 7 9 4 8 3 5 2 6 
20180628034 8 9 4 2 10 3 1 5 6 7 
20180628035 1 5 10 4 3 9 7 8 2 6 
20180628036 8 4 9 5 10 7 6 1 2 3 
20180628037 2 1 5 8 4 10 7 6 9 3 
20180628038 8 9 5 1 2 3 7 6 10 4 
20180628039 2 7 3 6 9 5 1 8 10 4 
20180628040 10 5 1 7 2 8 9 6 3 4 
20180628041 6 5 2 10 4 1 9 7 3 8 
20180628042 1 3 9 2 6 7 5 10 4 8 
20180628043 5 2 9 6 4 8 10 7 3 1 
20180628044 10 4 1 9 7 6 5 2 3 8 
20180628045 4 7 3 10 2 1 9 8 6 5 
20180628046 9 4 2 8 6 7 10 3 1 5 
20180628047 10 1 4 7 5 3 8 2 6 9 
20180628048 1 7 3 9 8 10 5 4 2 6 
20180628049 7 3 1 8 6 9 5 2 4 10 
20180628050 4 2 5 6 8 7 9 1 10 3 
20180628051 8 7 3 10 6 9 4 2 5 1 
20180628052 1 5 6 9 10 7 8 3 4 2 
20180628053 7 4 10 5 1 2 8 3 9 6 
20180628054 2 9 3 7 8 1 6 5 4 10 
20180628055 8 6 1 3 7 9 2 10 4 5 
20180628056 4 2 5 9 8 7 10 1 3 6 
20180628057 8 10 5 7 2 6 4 1 9 3 
20180628058 4 3 1 8 6 9 7 2 5 10 
20180628059 9 1 6 7 5 10 2 8 3 4 
20180628060 3 4 7 6 10 9 8 2 1 5 
20180628061 8 3 2 5 10 1 7 4 9 6 
20180628062 10 4 9 6 1 2 5 7 8 3 
20180628063 9 3 5 10 4 1 8 2 6 7 
20180628064 4 6 5 7 3 9 8 1 10 2 
20180628065 6 4 1 7 2 9 3 5 10 8 
20180628066 7 9 4 1 5 8 10 6 3 2 
20180628067 10 1 6 7 2 8 4 5 3 9 
20180628068 7 5 1 9 6 3 8 10 4 2 
20180628069 9 7 10 6 1 2 4 8 3 5 
20180628070 7 3 4 6 5 9 2 8 10 1 
20180628071 9 8 4 1 6 10 5 2 7 3 
20180628072 2 3 9 1 4 6 5 10 7 8 
20180628073 9 2 8 3 10 1 4 6 5 7 
20180628074 4 9 1 2 8 7 5 6 10 3 
20180628075 5 8 10 4 9 3 1 2 7 6 
20180628076 3 9 4 5 7 2 10 8 6 1 
20180628077 5 2 1 4 6 8 3 7 9 10 
20180628078 4 10 3 2 1 8 6 5 9 7 
20180628079 6 7 4 8 9 3 10 2 5 1 
20180628080 5 2 9 1 3 4 8 7 6 10 
20180628081 6 7 8 5 2 1 3 4 9 10 
20180628082 9 6 4 8 3 2 10 5 1 7 
20180628083 9 7 1 3 6 5 2 8 10 4 
20180628084 9 1 8 3 2 5 6 10 4 7 
20180628085 9 5 1 3 4 8 7 10 6 2 
20180628086 4 7 5 3 8 2 10 9 1 6 
20180628087 10 8 7 4 3 1 9 2 6 5 
20180628088 9 8 2 6 7 10 3 4 5 1 
20180628089 10 6 7 1 5 9 8 4 3 2 
20180628090 2 9 1 4 8 7 5 6 3 10 
20180628091 6 9 3 2 1 8 4 7 5 10 
20180628092 4 8 6 10 3 7 2 5 1 9 
20180628093 10 9 8 6 1 4 2 7 5 3 
20180628094 7 6 9 4 1 8 5 2 10 3 
20180628095 8 10 1 7 4 6 3 9 2 5 
20180628096 8 1 7 9 4 5 10 3 6 2 
20180628097 5 2 9 6 3 1 4 8 7 10 
20180628098 4 9 2 5 6 10 3 8 7 1 
20180628099 8 3 2 6 5 7 9 10 4 1 
20180628100 5 2 1 4 7 10 8 6 9 3 
20180628101 4 2 1 8 10 5 7 6 3 9 
20180628102 8 4 5 3 1 10 6 7 2 9 
20180628103 10 8 2 9 4 3 1 7 5 6 
20180628104 1 7 2 8 5 3 4 6 10 9 
20180628105 1 8 2 7 5 10 6 9 3 4 
20180628106 4 10 5 1 6 7 2 9 8 3 
20180628107 2 1 3 10 7 6 9 8 4 5 
20180628108 6 10 4 9 7 1 2 3 8 5 
20180628109 5 8 7 10 3 2 6 1 9 4 
20180628110 6 7 5 10 1 8 3 9 2 4 
20180628111 9 6 2 10 1 8 4 5 7 3 
20180628112 1 2 5 3 10 9 7 4 6 8 
20180628113 8 10 5 3 7 4 9 6 1 2 
20180628114 6 10 4 2 3 5 9 8 7 1 
20180628115 4 5 8 6 10 2 3 7 1 9 
20180628116 8 4 5 1 7 9 2 10 6 3 
20180628117 6 10 7 5 9 4 8 1 2 3 
20180628118 8 7 10 4 5 6 2 1 9 3 
20180628119 7 2 6 9 4 3 8 1 10 5 
20180628120 1 7 9 10 3 6 4 2 8 5 
20180628121 3 6 7 2 10 9 1 8 5 4 
20180628122 6 2 7 5 10 8 9 3 1 4 
20180628123 5 9 7 8 10 4 1 2 3 6 
20180628124 6 3 10 2 1 5 8 4 7 9 
20180628125 2 4 10 3 1 5 7 9 6 8 
20180628126 5 7 1 2 3 6 4 9 8 10 
20180628127 8 9 1 2 5 7 6 10 3 4 
20180628128 8 6 3 7 1 2 10 4 5 9 
20180628129 5 1 2 10 8 9 3 4 7 6 
20180628130 9 3 7 8 2 10 6 1 5 4 
20180628131 10 3 2 4 9 6 5 1 8 7 
20180628132 10 5 9 3 2 1 8 6 4 7 
20180628133 5 7 3 4 8 1 10 9 6 2 
20180628134 1 10 7 4 8 6 9 5 2 3 
20180628135 6 2 4 1 5 7 3 9 8 10 
20180628136 2 3 4 9 7 6 8 1 10 5 
20180628137 9 6 8 7 2 1 4 10 5 3 
20180628138 6 4 3 1 7 8 9 5 2 10 
20180628139 6 2 8 1 5 9 4 3 10 7 
20180628140 3 8 1 5 2 10 9 6 4 7 
20180628141 4 2 8 5 3 10 7 1 9 6 
20180628142 10 3 6 7 4 9 5 2 1 8 
20180628143 2 1 4 9 3 6 7 5 8 10 
20180628144 8 3 9 1 7 10 6 4 5 2 
20180628145 1 3 8 4 9 10 2 7 6 5 
20180628146 4 6 3 9 7 1 5 8 10 2 
20180628147 8 7 2 3 4 5 9 10 1 6 
20180628148 3 1 7 2 5 10 4 6 9 8 
20180628149 9 8 2 7 4 1 6 3 5 10 
20180628150 6 1 9 2 4 3 7 8 5 10 
20180628151 7 9 8 10 1 2 6 4 5 3 
20180628152 8 7 5 6 3 2 9 4 10 1 
20180628153 8 5 1 10 4 6 7 3 9 2 
20180628154 1 8 10 9 2 6 7 5 3 4 
20180628155 9 2 1 8 5 7 3 4 10 6 
20180628156 7 4 1 10 9 3 6 8 2 5 
20180628157 6 3 8 9 10 5 2 4 7 1 
20180628158 3 2 6 5 8 9 1 10 4 7 
20180628159 4 6 10 1 3 2 9 8 7 5 
20180628160 6 7 10 2 3 4 9 5 8 1 
20180628161 6 10 7 2 3 5 9 4 1 8 
20180628162 7 8 10 1 2 5 9 3 4 6 
20180628163 8 5 4 9 6 2 1 7 3 10 
20180628164 10 1 5 6 3 2 9 7 8 4 
20180628165 9 3 7 4 10 2 8 1 6 5 
20180628166 1 10 4 6 5 2 8 9 3 7 
20180628167 9 4 8 7 1 3 6 10 2 5 
20180628168 5 9 4 2 3 7 6 10 1 8 
20180628169 9 10 4 1 8 7 6 3 2 5 
20180628170 3 10 4 8 7 9 1 5 2 6 
20180628171 1 8 7 10 5 4 2 3 6 9 
20180628172 6 4 7 1 9 10 5 8 2 3 
20180628173 3 5 4 9 10 1 7 2 6 8 
20180628174 2 4 7 9 5 10 3 6 1 8 
20180628175 4 9 3 2 5 6 7 1 8 10 
20180628176 1 8 5 4 7 2 10 9 6 3 
20180628177 5 4 9 8 2 6 1 7 10 3 
20180628178 5 6 1 4 8 9 3 7 10 2 
20180628179 9 4 7 1 5 10 6 8 2 3 
20180628180 8 3 9 4 1 10 2 6 5 7 
20180628181 4 2 5 7 1 3 9 8 10 6 
20180628182 7 6 3 5 10 9 2 4 1 8 
20180628183 4 8 7 1 9 3 2 6 10 5 
20180628184 1 7 10 6 5 9 8 2 4 3 
20180628185 8 6 4 3 2 7 5 1 10 9 
20180628186 10 3 8 7 2 5 4 9 6 1 
20180628187 1 3 9 10 2 6 7 5 4 8 
20180628188 1 8 10 5 9 7 3 2 4 6 
20180628189 4 3 1 7 6 8 2 9 5 10 
20180628190 2 10 8 9 4 7 5 3 1 6 
20180628191 4 6 2 8 3 7 5 1 9 10 
20180628192 7 2 3 8 9 6 10 5 1 4 
20180628193 2 9 5 7 1 8 10 3 4 6 
20180628194 1 7 4 10 8 9 5 3 6 2 
20180628195 6 9 3 7 1 4 5 8 10 2 
20180628196 4 8 5 10 6 9 1 3 7 2 
20180628197 3 6 2 1 8 9 7 10 5 4 
20180628198 10 1 4 3 6 2 5 8 9 7 
20180628199 2 4 6 9 8 1 10 7 3 5 
20180628200 2 6 7 10 8 1 5 9 4 3 
20180628201 9 4 8 2 6 10 3 7 1 5 
20180628202 4 3 8 10 1 2 9 7 5 6 
20180628203 3 5 2 9 7 1 6 10 4 8 
20180628204 10 9 8 6 2 4 7 1 3 5 
20180628205 5 2 1 3 4 9 7 10 8 6 
20180628206 10 3 4 2 5 9 7 8 6 1 
20180628207 1 4 2 9 3 8 6 5 10 7 
20180628208 2 8 7 9 4 6 10 3 1 5 
20180628209 9 1 3 10 5 6 4 7 2 8 
20180628210 10 3 8 6 5 1 4 7 2 9 
20180628211 7 1 6 5 3 8 9 10 2 4 
20180628212 3 8 2 6 1 5 10 4 7 9 
20180628213 2 1 10 9 7 8 3 5 4 6 
20180628214 3 10 9 2 1 7 4 6 8 5 
20180628215 4 8 5 10 2 3 1 9 7 6 
20180628216 7 4 3 6 2 1 9 10 5 8 
20180628217 1 7 5 6 8 4 2 10 3 9 
20180628218 2 5 10 4 6 9 8 3 7 1 
20180628219 10 2 7 4 6 3 1 9 8 5 
20180628220 10 4 8 9 5 3 6 1 2 7 
20180628221 9 7 10 6 4 2 3 5 8 1 
20180628222 5 2 10 1 4 3 7 9 6 8 
20180628223 5 2 8 7 10 1 6 4 9 3 
20180628224 1 10 3 8 4 6 5 7 9 2 
20180628225 5 8 10 3 7 4 2 9 6 1 
20180628226 2 9 3 1 4 7 10 8 5 6 
20180628227 2 6 9 8 3 4 5 1 10 7 
20180628228 7 6 5 2 1 10 3 8 9 4 
20180628229 5 8 6 3 9 2 4 7 1 10 
20180628230 3 1 9 2 5 7 10 4 8 6 
20180628231 2 9 10 3 6 4 5 7 1 8 
20180628232 2 6 7 9 8 10 1 3 5 4 
20180628233 7 10 8 3 9 4 5 2 1 6 
20180628234 2 9 5 7 4 6 8 1 10 3 
20180628235 4 3 1 7 8 9 6 5 2 10 
20180628236 3 1 10 5 7 9 4 6 2 8 
20180628237 9 2 4 1 5 6 10 3 7 8 
20180628238 8 10 9 5 4 3 6 7 2 1 
20180628239 2 9 3 8 7 10 5 1 4 6 
20180628240 9 5 1 8 10 3 7 2 4 6 
20180628241 4 10 6 1 3 9 8 2 5 7 
20180628242 4 6 10 2 8 1 9 5 7 3 
20180628243 9 10 1 6 7 2 4 3 8 5 
20180628244 2 4 5 1 3 7 9 10 8 6 
20180628245 3 5 6 2 10 7 4 8 9 1 
20180628246 3 9 4 8 6 5 2 10 7 1 
20180628247 2 4 1 6 9 3 8 5 7 10 
20180628248 2 9 8 10 5 4 1 3 7 6 
20180628249 6 3 7 10 4 5 9 8 1 2 
20180628250 9 4 1 10 5 7 3 6 8 2 
20180628251 7 5 1 3 2 8 6 9 10 4 
20180628252 2 4 3 1 5 9 10 6 8 7 
20180628253 9 1 3 8 4 7 5 10 6 2 
20180628254 5 4 1 8 7 10 3 9 6 2 
20180628255 2 7 1 4 9 6 5 8 3 10 
20180628256 2 8 4 3 9 10 1 7 6 5 
20180628257 3 10 9 7 1 4 8 2 6 5 
20180628258 10 4 2 9 7 8 5 6 3 1 
20180628259 6 3 9 4 8 7 1 5 2 10 
20180628260 10 4 8 1 6 2 9 7 3 5 
20180628261 4 7 1 6 8 9 10 3 2 5 
20180628262 1 2 9 3 4 8 6 10 7 5 
20180628263 2 3 9 4 1 6 8 10 7 5 
20180628264 6 9 3 1 2 10 8 4 5 7 
20180628265 1 3 4 9 5 7 10 8 2 6 
20180628266 9 6 5 10 3 7 1 4 2 8 
20180628267 4 8 1 9 2 6 7 5 3 10 
20180628268 8 3 1 2 10 6 7 9 4 5 
20180628269 2 5 6 8 1 10 4 3 7 9 
20180628270 7 2 3 8 5 4 10 1 6 9 
20180628271 2 1 9 5 6 7 10 4 3 8 
20180628272 2 7 10 3 1 9 6 4 8 5 
20180628273 3 1 10 6 5 4 2 7 8 9 
20180628274 4 6 1 2 10 7 5 9 8 3 
20180628275 5 7 3 2 6 9 4 8 10 1 
20180628276 9 3 1 2 5 6 7 8 4 10 
20180628277 1 4 10 3 7 8 9 5 6 2 
20180628278 3 2 4 5 9 8 6 10 7 1 
20180628279 9 4 7 5 1 3 6 2 8 10 
20180628280 1 8 7 4 10 3 9 6 2 5 
20180628281 7 3 2 10 6 9 4 8 5 1 
20180628282 6 8 2 4 7 9 10 5 1 3 
20180628283 6 8 1 3 5 9 7 2 10 4 
20180628284 1 3 9 10 7 4 2 8 5 6 
20180628285 7 9 3 4 10 2 1 6 8 5 
20180628286 1 3 9 10 2 4 7 5 8 6 
20180628287 3 7 9 1 2 6 10 5 4 8 
20180628288 9 3 1 4 7 8 10 2 6 5 
20180628289 10 6 9 3 4 7 2 5 8 1 
20180628290 3 1 5 2 9 10 6 7 4 8 
20180628291 6 9 1 2 10 8 4 7 5 3 
20180628292 1 2 7 4 5 9 10 3 6 8 
20180628293 7 9 5 3 10 4 2 6 8 1 
20180628294 3 5 10 2 7 4 6 8 9 1 
20180628295 9 7 8 10 4 1 2 6 5 3 
20180628296 3 5 7 1 9 4 6 8 10 2 
20180628297 7 9 3 6 1 10 8 4 5 2 
20180628298 9 2 4 1 7 8 5 3 6 10 
20180628299 5 10 6 3 9 2 7 8 1 4 
20180628300 3 5 6 2 9 4 10 1 8 7 
20180628301 7 8 3 10 1 2 4 5 9 6 
20180628302 6 10 9 8 1 5 4 7 2 3 
20180628303 1 10 2 7 9 3 5 6 4 8 
20180628304 3 7 6 1 2 10 9 8 5 4 
20180628305 10 5 2 3 4 7 8 1 9 6 
20180628306 9 4 6 2 7 8 1 10 5 3 
20180628307 5 8 6 1 9 7 4 2 3 10 
20180628308 4 1 8 7 2 3 6 5 10 9 
20180628309 7 2 10 3 9 4 1 5 8 6 
20180628310 2 5 6 4 3 7 1 9 10 8 
20180628311 8 6 2 9 3 4 1 10 5 7 
20180628312 2 3 4 5 6 9 1 7 10 8 
20180628313 10 7 2 5 4 1 6 8 3 9 
20180628314 1 9 10 3 2 4 5 6 8 7 
20180628315 9 4 3 2 1 10 7 5 6 8 
20180628316 9 4 8 10 1 5 2 3 6 7 
20180628317 3 7 5 2 9 8 1 10 6 4 
20180628318 3 7 1 2 6 4 10 5 9 8 
20180628319 7 9 4 10 1 3 5 2 6 8 
20180628320 1 9 10 6 7 5 2 3 4 8 
20180628321 3 8 9 5 1 10 7 2 4 6 
20180628322 10 1 4 5 6 8 2 7 3 9 
20180628323 9 1 2 5 3 4 7 10 6 8 
20180628324 7 3 8 10 5 6 4 2 9 1 
20180628325 8 2 4 1 6 7 9 5 3 10 
20180628326 3 5 4 8 6 9 7 2 1 10 
20180628327 8 1 4 7 5 6 10 9 3 2 
20180628328 2 6 7 4 9 1 8 10 5 3 
20180628329 9 4 3 8 10 1 5 6 2 7 
20180628330 6 1 3 5 9 8 10 4 7 2 
20180628331 6 1 7 4 5 2 9 10 3 8 
20180628332 2 1 8 9 4 3 7 10 5 6 
20180628333 10 4 3 5 9 2 7 6 8 1 
20180628334 2 3 6 7 9 10 5 1 4 8 
20180628335 3 5 1 9 6 4 2 7 8 10 
20180628336 6 10 9 3 8 7 1 5 2 4 
20180628337 8 9 7 2 3 10 4 6 1 5 
20180628338 3 1 4 10 9 7 5 2 6 8 
20180628339 5 1 8 3 10 4 7 2 9 6 
20180628340 7 9 10 4 3 2 5 6 1 8 
20180628341 5 1 8 6 10 7 9 3 4 2 
20180628342 6 10 7 1 3 9 4 2 8 5 
20180628343 3 5 1 4 9 10 8 2 7 6 
20180628344 4 10 9 8 2 3 5 1 7 6 
20180628345 9 5 10 3 7 6 4 8 1 2 
20180628346 3 9 10 8 4 7 6 5 1 2 
20180628347 9 4 3 6 1 2 7 5 10 8 
20180628348 1 9 5 2 6 8 10 7 4 3 
20180628349 5 7 3 8 2 6 10 1 9 4 
20180628350 3 1 9 6 4 10 7 5 2 8 
20180628351 1 7 9 10 5 4 8 3 6 2 
20180628352 4 9 6 10 5 3 1 7 2 8 
20180628353 9 2 5 10 4 3 7 6 8 1 
20180628354 7 5 10 1 2 3 8 6 4 9 
20180628355 6 10 9 8 3 1 2 5 7 4 
20180628356 7 10 2 1 9 3 6 4 8 5 
20180628357 9 1 3 10 2 5 8 7 6 4 
20180628358 8 10 9 7 2 3 5 4 1 6 
20180628359 5 9 6 4 2 7 8 10 1 3 
20180628360 7 4 10 9 1 6 3 2 8 5 
20180628361 3 1 7 9 5 10 2 8 6 4 
20180628362 4 3 7 1 2 8 6 9 5 10 
20180628363 1 2 10 5 7 9 6 4 8 3 
20180628364 1 3 2 4 7 6 10 8 5 9 
20180628365 9 1 6 4 5 3 8 10 2 7 
20180628366 6 9 7 8 5 1 4 3 10 2 
20180628367 9 2 7 4 5 8 10 6 3 1 
20180628368 7 5 9 3 6 2 8 10 1 4 
20180628369 10 9 5 8 1 6 7 4 2 3 
20180628370 8 2 1 4 3 7 6 9 10 5 
20180628371 6 9 3 2 7 8 5 4 10 1 
20180628372 4 6 8 3 7 5 1 9 2 10 
20180628373 5 9 1 7 3 6 10 8 2 4 
20180628374 7 10 2 3 8 1 5 9 6 4 
20180628375 6 2 4 1 3 7 10 8 5 9 
20180628376 6 3 8 1 10 7 9 5 4 2 
20180628377 10 4 8 5 9 3 7 1 2 6 
20180628378 2 1 3 5 8 7 10 4 9 6 
20180628379 5 9 6 8 2 3 10 4 7 1 
20180628380 7 2 4 3 10 5 9 8 1 6 
20180628381 5 3 2 10 6 7 1 8 4 9 
20180628382 7 10 6 5 9 3 2 4 1 8 
20180628383 10 2 1 9 6 5 3 7 8 4 
20180628384 7 3 2 9 4 8 6 1 5 10 
20180628385 4 1 3 8 5 9 10 2 7 6 
20180628386 1 10 3 2 4 7 9 5 8 6 
20180628387 8 10 6 3 4 2 1 9 7 5 
20180628388 5 10 9 8 2 1 3 6 7 4 
20180628389 2 5 8 10 9 6 4 7 3 1 
20180628390 4 2 6 1 9 8 3 7 5 10 
20180628391 10 4 9 1 2 3 7 6 8 5 
20180628392 10 1 7 5 8 4 9 3 6 2 
20180628393 7 1 4 8 3 5 6 10 2 9 
20180628394 3 6 7 10 8 2 4 5 9 1 
20180628395 3 10 6 5 4 8 9 7 1 2 
20180628396 6 3 9 8 2 7 1 5 4 10 
20180628397 9 5 1 7 8 3 4 10 6 2 
20180628398 4 2 10 6 7 1 5 8 9 3 
20180628399 7 1 10 5 4 2 6 9 8 3 
20180628400 4 5 3 1 10 6 2 8 7 9 
20180628401 1 7 3 5 2 6 10 4 8 9 
20180628402 1 3 10 4 5 6 8 9 7 2 
20180628403 7 8 2 3 4 9 1 10 5 6 
20180628404 5 9 2 1 4 10 8 3 7 6 
20180628405 3 6 5 7 4 2 9 10 1 8 
20180628406 9 5 10 2 4 8 1 3 7 6 
20180628407 9 8 10 7 3 6 2 5 1 4 
20180628408 8 7 4 3 6 5 10 2 9 1 
20180628409 6 5 7 10 9 3 2 4 1 8 
20180628410 3 2 10 5 6 1 4 8 7 9 
20180628411 6 7 3 1 5 8 10 2 4 9 
20180628412 8 2 9 1 5 4 7 6 3 10 
20180628413 7 8 3 6 2 9 4 5 1 10 
20180628414 1 9 2 5 10 6 4 8 3 7 
20180628415 7 9 8 6 1 10 4 5 2 3 
20180628416 9 8 6 4 7 1 10 3 2 5 
20180628417 2 9 7 3 1 10 8 4 6 5 
20180628418 1 8 9 10 3 7 6 4 5 2 
20180628419 7 3 5 9 1 2 4 10 6 8 
20180628420 6 4 3 1 10 7 8 9 2 5 
20180628421 7 5 9 2 4 8 6 3 10 1 
20180628422 5 10 6 3 8 2 7 1 4 9 
20180628423 10 4 8 6 3 5 1 7 2 9 
20180628424 8 10 6 5 3 1 2 4 9 7 
20180628425 8 2 6 1 3 7 5 9 4 10 
20180628426 4 9 8 5 1 2 7 6 10 3 
20180628427 6 8 4 1 5 10 3 2 9 7 
20180628428 9 5 4 6 2 10 3 7 8 1 
20180628429 1 10 6 7 4 3 5 8 2 9 
20180628430 4 8 5 7 1 6 2 9 3 10 
20180628431 2 5 3 6 7 8 4 1 10 9 
20180628432 10 3 1 6 4 8 7 2 5 9 
20180628433 2 1 9 10 4 7 5 8 3 6 
20180628434 4 6 7 9 5 3 8 2 10 1 
20180628435 1 10 6 9 8 2 3 4 5 7 
20180628436 7 5 6 2 8 10 4 9 1 3 
20180628437 1 4 6 9 8 10 3 5 7 2 
20180628438 10 2 6 9 1 5 7 3 4 8 
20180628439 10 8 7 9 6 3 1 5 4 2 
20180628440 5 6 7 2 9 8 4 1 3 10 
20180628441 9 6 8 3 7 10 4 2 1 5 
20180628442 3 10 5 8 7 1 9 4 2 6 
20180628443 9 4 10 1 5 3 2 7 8 6 
20180628444 4 9 1 5 10 7 2 3 6 8 
20180628445 3 9 7 8 1 5 4 10 2 6 
20180628446 9 5 6 2 10 4 8 1 7 3 
20180628447 5 6 10 3 8 7 9 1 2 4 
20180628448 2 4 5 3 7 6 10 8 1 9 
20180628449 5 2 3 9 7 1 4 6 10 8 
20180628450 3 2 1 8 5 7 9 4 6 10 
20180628451 1 5 6 8 10 2 7 9 3 4 
20180628452 10 9 7 4 2 1 6 5 3 8 
20180628453 7 4 5 8 6 9 1 2 10 3 
20180628454 9 8 3 7 5 2 1 6 4 10 
20180628455 3 5 8 4 6 9 7 10 2 1 
20180628456 3 9 10 2 8 4 5 1 6 7 
20180628457 5 3 10 8 4 7 6 1 2 9 
20180628458 10 8 6 9 7 3 1 4 2 5 
20180628459 7 10 1 5 4 9 6 8 2 3 
20180628460 10 7 3 2 6 8 5 9 1 4 
20180628461 9 4 10 5 2 1 3 6 7 8 
20180628462 7 5 10 9 4 3 1 2 8 6 
20180628463 3 7 4 10 5 2 8 9 1 6 
20180628464 6 5 1 7 3 8 2 4 10 9 
20180628465 3 10 2 9 6 5 7 1 4 8 
20180628466 1 10 5 2 7 4 8 9 3 6 
20180628467 10 5 8 4 9 2 1 6 7 3 
20180628468 2 5 6 8 7 10 1 3 4 9 
20180628469 7 5 10 9 8 3 1 4 6 2 
20180628470 4 2 6 9 5 3 8 10 7 1 
20180628471 7 3 2 5 10 9 6 8 4 1 
20180628472 10 4 3 7 6 1 5 2 8 9 
20180628473 4 5 3 10 1 8 2 6 7 9 
20180628474 3 5 8 9 4 1 2 6 10 7 
20180628475 4 1 5 2 3 9 8 10 7 6 
20180628476 1 4 3 9 8 6 7 5 10 2 
20180628477 9 7 2 1 3 6 5 10 8 4 
20180628478 4 7 6 2 10 9 5 8 1 3 
20180628479 2 5 8 10 7 3 6 1 9 4 
20180628480 10 8 5 7 4 2 1 6 3 9 
20180628481 1 3 9 6 10 5 4 8 7 2 
20180628482 3 5 10 1 2 8 9 4 7 6 
20180628483 7 2 4 8 3 9 5 1 6 10 
20180628484 3 6 10 2 9 1 4 5 7 8 
20180628485 4 5 6 10 2 9 7 1 3 8 
20180628486 4 10 6 7 8 2 3 9 1 5 
20180628487 2 1 10 7 5 3 9 6 8 4 
20180628488 1 5 3 4 10 6 2 7 8 9 
20180628489 4 5 9 6 10 2 7 8 1 3 
20180628490 2 7 10 5 4 9 8 1 6 3 
20180628491 4 10 6 1 3 8 9 5 7 2 
20180628492 5 4 1 2 10 7 8 3 9 6 
20180628493 6 2 9 1 4 5 3 10 7 8 
20180628494 6 10 5 2 1 4 7 3 8 9 
20180628495 1 6 4 8 2 7 10 5 9 3 
20180628496 6 9 4 10 1 2 7 3 5 8 
20180628497 2 4 5 9 6 1 3 8 10 7 
20180628498 8 3 1 2 6 10 4 5 7 9 
20180628499 1 9 5 7 3 6 2 10 4 8 
20180628500 3 9 10 5 6 2 4 8 1 7 
20180628501 4 5 8 7 2 6 9 1 10 3 
20180628502 8 10 7 9 2 4 3 6 1 5 
20180628503 9 3 2 1 7 4 10 8 6 5 
20180628504 8 6 7 4 10 5 1 9 3 2 
20180628505 8 5 3 7 9 4 1 10 6 2 
20180628506 1 3 8 4 7 10 2 9 6 5 
20180628507 5 6 8 4 10 2 3 9 1 7 
20180628508 4 3 1 5 6 2 8 10 9 7 
20180628509 2 9 3 8 7 6 5 1 4 10 
20180628510 4 1 7 8 9 6 5 10 3 2 
20180628511 8 9 3 10 5 1 2 7 4 6 
20180628512 3 4 8 5 10 1 2 9 7 6 
20180628513 6 3 9 5 7 2 8 1 10 4 
20180628514 4 7 5 8 3 9 2 10 6 1 
20180628515 8 9 2 7 4 1 5 10 6 3 
20180628516 2 5 8 7 1 6 4 9 10 3 
20180628517 9 5 10 1 3 2 7 4 6 8 
20180628518 4 10 9 1 2 5 3 6 8 7 
20180628519 6 10 3 7 4 2 9 8 5 1 
20180628520 6 9 8 4 10 5 1 3 2 7 
20180628521 7 3 2 10 6 4 8 1 9 5 
20180628522 9 7 1 3 5 10 6 2 4 8 
20180628523 3 8 10 6 5 7 1 9 2 4 
20180628524 3 1 8 4 5 7 6 2 9 10 
20180628525 1 7 6 8 9 4 5 3 2 10 
20180628526 6 7 9 8 10 1 3 5 4 2 
20180628527 3 9 1 8 6 7 5 2 10 4 
20180628528 3 1 7 6 5 9 8 10 4 2 
20180628529 7 1 6 9 4 2 3 10 8 5 
20180628530 8 3 6 5 2 10 4 9 7 1 
20180628531 5 7 4 8 3 2 10 9 6 1 
20180628532 6 9 4 10 3 5 8 7 2 1 
20180628533 7 10 2 6 1 8 3 9 5 4 
20180628534 2 3 1 8 6 10 4 7 9 5 
20180628535 2 4 6 7 1 9 5 3 8 10 
20180628536 5 3 10 8 2 9 6 4 7 1 
20180628537 2 6 3 9 8 10 1 4 7 5 
20180628538 6 7 1 2 10 5 4 3 8 9 
20180628539 2 6 10 5 4 9 7 3 8 1 
20180628540 6 5 8 2 3 9 7 1 4 10 
20180628541 10 8 6 3 7 4 2 9 1 5 
20180628542 9 8 1 5 10 4 7 2 3 6 
20180628543 5 10 7 3 4 8 1 2 6 9 
20180628544 10 8 1 9 4 2 7 6 5 3 
20180628545 9 7 3 4 10 5 1 2 6 8 
20180628546 8 6 10 2 7 1 5 4 9 3 
20180628547 9 2 6 5 4 1 3 7 10 8 
20180628548 3 6 10 7 4 9 1 5 8 2 
20180628549 6 9 1 5 3 4 10 7 2 8 
20180628550 10 6 7 4 3 5 9 8 1 2 
20180628551 3 9 5 1 2 8 7 6 4 10 
20180628552 2 8 10 9 1 4 7 6 5 3 
20180628553 9 6 3 5 2 4 7 1 10 8 
20180628554 8 4 6 1 10 7 5 3 2 9 
20180628555 4 1 7 3 8 5 6 2 10 9 
20180628556 1 5 2 4 6 7 10 3 9 8 
20180628557 6 10 5 2 4 1 3 7 9 8 
20180628558 7 1 9 6 2 4 10 3 5 8 
20180628559 3 5 9 7 4 10 6 8 1 2 
20180628560 2 1 3 7 6 5 9 8 10 4 
20180628561 4 8 10 5 7 9 2 6 1 3 
20180628562 3 1 4 9 2 5 7 8 6 10 
20180628563 10 7 8 9 6 1 3 4 2 5 
20180628564 9 4 1 2 8 3 7 10 6 5 
20180628565 8 9 4 10 2 3 6 1 5 7 
20180628566 9 8 7 10 6 1 3 4 2 5 
20180628567 10 9 3 4 8 7 5 2 6 1 
20180628568 7 3 1 4 5 6 2 9 8 10 
20180628569 6 1 7 8 10 4 5 2 9 3 
20180628570 2 1 5 3 8 7 9 6 4 10 
20180628571 7 10 2 9 4 1 8 5 6 3 
20180628572 5 1 10 4 9 6 7 8 3 2 
20180628573 3 4 9 1 8 6 7 2 5 10 
20180628574 4 9 7 6 2 3 5 10 1 8 
20180628575 8 9 3 5 6 2 1 4 10 7 
20180628576 5 6 2 10 7 8 1 9 4 3 
20180628577 7 6 2 10 1 5 3 8 4 9 
20180628578 9 5 2 10 7 4 8 1 3 6 
20180628579 7 9 3 1 4 10 8 6 2 5 
20180628580 1 9 10 8 2 3 5 7 4 6 
20180628581 2 9 8 7 1 4 5 3 10 6 
20180628582 4 9 2 3 6 8 1 10 5 7 
20180628583 4 10 5 8 2 1 7 3 9 6 
20180628584 7 4 2 3 1 8 9 6 5 10 
20180628585 5 9 4 8 6 3 2 10 7 1 
20180628586 6 10 3 9 1 7 8 4 5 2 
20180628587 3 1 6 2 7 10 8 9 4 5 
20180628588 3 6 9 8 4 7 1 10 2 5 
20180628589 7 5 1 2 9 4 10 8 6 3 
20180628590 3 9 8 7 5 6 4 2 1 10 
20180628591 7 1 5 4 9 3 6 10 8 2 
20180628592 5 7 2 9 1 10 3 4 8 6 
20180628593 2 3 5 10 6 1 8 4 9 7 
20180628594 7 9 8 4 1 2 6 5 10 3 
20180628595 1 5 3 10 8 7 2 4 9 6 
20180628596 7 10 9 3 1 2 4 5 6 8 
20180628597 6 1 5 10 7 2 8 9 4 3 
20180628598 3 7 9 8 1 4 6 5 10 2 
20180628599 7 5 3 4 9 10 2 6 8 1 
20180628600 3 2 8 9 5 1 7 6 10 4 
20180628601 7 9 6 3 1 4 8 2 10 5 
20180628602 3 5 9 8 7 6 2 10 4 1 
20180628603 7 9 2 4 5 3 8 10 1 6 
20180628604 3 1 10 6 4 5 2 7 8 9 
20180628605 2 1 9 5 10 3 4 7 8 6 
20180628606 7 9 4 10 1 3 2 6 8 5 
20180628607 2 8 7 3 9 10 5 6 1 4 
20180628608 7 4 2 5 8 6 10 9 1 3 
20180628609 1 8 9 7 3 2 4 6 5 10 
20180628610 9 1 3 7 4 10 2 5 8 6 
20180628611 10 2 3 7 6 5 8 1 4 9 
20180628612 10 7 6 3 2 5 8 9 1 4 
20180628613 4 6 8 2 7 5 3 1 10 9 
20180628614 7 3 10 8 5 2 1 4 9 6 
20180628615 1 6 4 5 7 10 2 8 9 3 
20180628616 8 5 2 1 7 3 4 10 6 9 
20180628617 1 4 6 8 9 5 2 10 3 7 
20180628618 8 6 7 4 10 3 5 2 1 9 
20180628619 7 9 1 4 8 6 5 10 2 3 
20180628620 2 10 9 7 8 4 3 1 5 6 
20180628621 1 4 5 8 9 7 6 10 3 2 
20180628622 8 4 7 2 6 9 3 5 1 10 
20180628623 4 3 7 9 10 8 6 5 2 1 
20180628624 4 9 3 5 10 8 1 2 6 7 
20180628625 1 9 6 4 2 8 5 7 10 3 
20180628626 3 1 6 2 5 10 9 4 7 8 
20180628627 3 5 1 9 6 2 8 7 4 10 
20180628628 2 3 7 6 8 5 4 9 1 10 
20180628629 1 9 10 5 2 6 8 3 4 7 
20180628630 4 10 1 8 6 9 5 7 2 3 
20180628631 8 9 7 2 6 3 10 1 5 4 
20180628632 3 5 9 4 6 2 8 10 1 7 
20180628633 5 2 4 7 3 1 6 10 8 9 
20180628634 6 4 10 1 5 9 7 3 2 8 
20180628635 3 9 4 5 2 6 7 1 10 8 
20180628636 5 4 7 8 10 1 2 3 9 6 
20180628637 4 2 8 1 9 6 5 7 3 10 
20180628638 2 9 7 3 4 5 10 1 8 6 
20180628639 3 10 6 2 4 8 1 5 7 9 
20180628640 5 9 1 2 3 6 10 4 8 7 
20180628641 3 10 7 5 4 9 6 8 2 1 
20180628642 2 1 7 4 3 10 9 6 8 5 
20180628643 2 6 8 7 5 9 3 1 4 10 
20180628644 4 7 2 3 5 9 1 8 6 10 
20180628645 9 2 8 4 10 5 7 6 3 1 
20180628646 2 3 1 6 9 8 5 7 4 10 
20180628647 6 9 3 5 8 2 4 10 1 7 
20180628648 1 8 2 3 9 10 6 4 7 5 
20180628649 9 5 2 10 1 8 4 6 3 7 
20180628650 4 6 3 2 1 7 10 5 8 9 
20180628651 1 2 9 7 10 4 8 3 6 5 
20180628652 4 9 5 3 6 8 7 10 1 2 
20180628653 6 5 3 7 4 8 10 9 2 1 
20180628654 3 4 7 5 1 6 10 9 8 2 
20180628655 6 2 5 8 7 1 10 4 9 3 
20180628656 5 9 4 7 1 2 10 3 6 8 
20180628657 4 9 10 5 1 6 2 7 3 8 
20180628658 6 2 8 3 10 5 4 9 1 7 
20180628659 3 10 9 8 6 2 5 1 4 7 
20180628660 9 3 10 8 2 4 1 7 6 5 
20180628661 5 3 9 8 4 2 6 7 1 10 
20180628662 4 1 8 7 3 9 2 5 6 10 
20180628663 5 3 4 10 7 6 1 8 9 2 
20180628664 1 4 7 9 3 8 2 10 6 5 
20180628665 1 6 5 4 2 8 10 9 3 7 
20180628666 7 6 3 1 9 2 4 5 8 10 
20180628667 2 5 6 10 8 3 7 9 1 4 
20180628668 4 9 10 8 1 7 3 6 5 2 
20180628669 9 7 6 4 2 3 10 5 1 8 
20180628670 6 5 10 9 3 7 1 8 4 2 
20180628671 1 4 7 2 6 5 10 3 8 9 
20180628672 10 7 8 2 9 6 1 5 4 3 
20180628673 9 3 4 2 6 5 1 7 8 10 
20180628674 3 10 4 8 7 5 2 9 6 1 
20180628675 7 8 10 2 4 1 9 6 5 3 
20180628676 7 8 4 1 9 10 3 2 5 6 
20180628677 10 7 6 4 1 8 3 2 5 9 
20180628678 9 3 10 4 8 2 1 6 5 7 
20180628679 5 9 1 6 4 8 7 2 3 10 
20180628680 7 2 10 1 4 9 5 3 8 6 
20180628681 1 5 6 3 7 4 2 10 8 9 
20180628682 10 9 7 2 5 8 3 1 4 6 
20180628683 7 5 8 4 2 10 6 9 1 3 
20180628684 8 9 5 1 7 6 4 2 3 10 
20180628685 4 10 1 3 7 2 9 5 8 6 
20180628686 5 8 3 10 9 1 4 7 2 6 
20180628687 5 10 7 1 3 2 4 9 8 6 
20180628688 6 10 1 9 8 5 4 2 3 7 
20180628689 8 4 6 10 7 5 9 1 2 3 
20180628690 3 6 5 10 9 7 2 4 8 1 
20180628691 2 1 5 10 3 6 7 8 4 9 
20180628692 9 3 6 1 4 7 2 5 8 10 
20180628693 8 1 2 9 3 4 5 7 10 6 
20180628694 8 7 1 4 2 6 9 10 3 5 
20180628695 4 1 8 5 2 9 6 10 3 7 
20180628696 10 9 4 2 8 6 7 5 3 1 
20180628697 7 1 4 9 3 2 6 8 5 10 
20180628698 2 10 7 1 9 5 4 3 6 8 
20180628699 2 3 9 7 4 1 10 5 8 6 
20180628700 9 4 2 10 5 3 8 1 7 6 
20180628701 5 3 6 1 10 2 9 7 4 8 
20180628702 9 8 1 10 2 6 4 5 7 3 
20180628703 1 2 5 10 3 4 8 7 9 6 
20180628704 6 10 7 3 9 4 1 2 8 5 
20180628705 6 7 10 4 8 1 9 5 3 2 
20180628706 10 7 3 4 5 9 6 8 1 2 
20180628707 4 2 3 9 7 10 6 5 8 1 
20180628708 5 8 9 10 2 6 4 1 7 3 
20180628709 4 6 3 1 7 2 10 9 5 8 
20180628710 7 6 2 1 4 8 3 5 10 9 
20180628711 2 6 5 7 8 10 1 3 4 9 
20180628712 9 8 2 4 3 7 10 1 5 6 
20180628713 1 5 2 10 9 4 6 8 7 3 
20180628714 1 10 7 2 8 3 6 4 9 5 
20180628715 9 8 10 4 5 3 6 1 2 7 
20180628716 5 2 7 10 6 1 8 4 3 9 
20180628717 6 5 3 1 2 7 4 8 9 10 
20180628718 1 6 4 9 5 2 7 10 8 3 
20180628719 5 4 7 3 10 8 9 1 2 6 
20180628720 5 6 2 3 9 10 8 7 1 4 
20180628721 1 3 8 2 10 5 7 9 4 6 
20180628722 10 2 8 7 9 3 5 6 1 4 
20180628723 10 7 6 4 5 2 3 1 9 8 
20180628724 7 6 3 10 8 4 1 5 9 2 
20180628725 9 8 3 1 5 10 7 6 2 4 
20180628726 7 8 6 9 2 4 5 1 3 10 
20180628727 6 8 5 7 3 10 4 1 9 2 
20180628728 10 8 7 3 6 4 2 1 9 5 
20180628729 9 3 8 7 1 5 10 4 6 2 
20180628730 9 10 4 7 1 6 2 8 3 5 
20180628731 3 4 1 5 6 9 8 2 10 7 
20180628732 7 9 4 3 10 1 6 5 2 8 
20180628733 4 6 7 2 1 3 8 10 5 9 
20180628734 6 4 2 7 3 8 10 1 9 5 
20180628735 2 8 5 10 7 4 1 3 9 6 
20180628736 6 3 9 1 2 5 7 10 4 8 
20180628737 3 6 10 2 5 1 4 7 9 8 
20180628738 6 10 8 9 3 2 7 1 4 5 
20180628739 1 8 9 5 4 3 2 6 10 7 
20180628740 10 4 3 6 9 8 7 5 1 2 
20180628741 2 7 1 10 5 8 3 4 6 9 
20180628742 6 4 2 5 9 3 8 1 7 10 
20180628743 10 4 8 3 5 9 7 6 1 2 
20180628744 4 2 7 5 10 6 9 1 3 8 
20180628745 6 4 2 8 10 1 3 7 9 5 
20180628746 10 1 8 6 5 7 4 9 2 3 
20180628747 7 8 2 10 3 4 1 5 9 6 
20180628748 4 9 10 8 6 3 7 1 2 5 
20180628749 6 2 10 3 1 9 7 5 8 4 
20180628750 10 9 6 4 3 5 2 7 8 1 
20180628751 2 7 10 6 4 9 8 1 3 5 
20180628752 1 8 9 2 7 4 10 5 3 6 
20180628753 1 9 8 3 2 10 4 7 5 6 
20180628754 3 7 5 4 9 10 1 8 2 6 
20180628755 1 9 5 10 7 8 4 6 2 3 
20180628756 4 5 2 7 1 8 9 10 3 6 
20180628757 5 9 4 6 8 2 7 10 3 1 
20180628758 5 3 7 2 6 10 4 9 1 8 
20180628759 10 1 4 8 9 7 6 2 5 3 
20180628760 6 3 1 2 7 4 5 8 9 10 
20180628761 8 10 3 1 5 2 7 6 9 4 
20180628762 1 10 5 2 6 8 9 3 4 7 
20180628763 7 2 10 5 8 6 4 9 3 1 
20180628764 9 2 8 7 5 6 1 4 3 10 
20180628765 9 5 2 7 8 6 1 3 10 4 
20180628766 8 2 4 9 1 10 5 7 3 6 
20180628767 6 10 5 2 1 8 4 9 7 3 
20180628768 5 3 8 1 7 9 6 4 2 10 
20180628769 2 4 6 10 1 3 5 8 9 7 
20180628770 7 10 9 8 3 4 6 2 5 1 
20180628771 8 2 9 7 4 6 3 1 5 10 
20180628772 8 2 5 1 3 4 7 10 9 6 
20180628773 10 3 8 9 7 4 2 6 5 1 
20180628774 6 7 5 9 4 10 1 8 2 3 
20180628775 3 6 5 4 9 7 10 1 2 8 
20180628776 1 6 10 8 4 9 3 5 2 7 
20180628777 7 8 2 4 9 1 10 5 6 3 
20180628778 2 5 9 1 6 3 8 7 10 4 
20180628779 1 6 2 10 5 7 8 9 3 4 
20180628780 5 7 9 3 2 10 1 4 8 6 
20180628781 3 4 8 1 9 7 5 10 2 6 
20180628782 5 1 3 2 4 10 8 7 9 6 
20180628783 1 9 10 3 8 2 6 7 5 4 
20180628784 10 7 9 4 3 2 8 1 5 6 
20180628785 3 1 5 10 8 4 9 6 7 2 
20180628786 1 5 2 4 6 7 3 9 10 8 
20180628787 2 8 10 6 9 1 4 7 5 3 
20180628788 9 2 5 1 3 10 6 8 7 4 
20180628789 1 7 9 2 10 4 5 8 3 6 
20180628790 10 4 7 8 1 2 5 9 3 6 
20180628791 10 1 3 6 4 7 2 8 9 5 
20180628792 10 4 6 9 3 7 8 1 5 2 
20180628793 10 3 4 9 5 1 8 2 7 6 
20180628794 10 2 8 4 5 6 9 3 1 7 
20180628795 10 6 4 3 9 5 7 1 8 2 
20180628796 8 7 6 5 2 4 3 9 10 1 
20180628797 1 6 3 10 2 9 4 5 7 8 
20180628798 10 4 9 6 1 8 7 5 2 3 
20180628799 4 7 3 5 10 8 2 1 6 9 
20180628800 7 6 8 2 9 10 5 4 1 3 
20180628801 3 4 1 8 6 10 7 2 5 9 
20180628802 6 4 1 10 2 3 9 7 8 5 
20180628803 10 1 2 4 3 8 5 7 9 6 
20180628804 6 9 1 2 7 10 5 4 8 3 
20180628805 8 2 6 5 10 1 7 4 3 9 
20180628806 4 3 10 8 9 2 1 6 7 5 
20180628807 7 8 9 4 10 2 3 6 1 5 
20180628808 4 10 6 9 1 3 7 5 8 2 
20180628809 8 5 4 9 6 1 3 2 7 10 
20180628810 5 6 10 2 8 7 1 4 9 3 
20180628811 5 10 6 7 3 2 1 8 4 9 
20180628812 9 4 7 2 3 6 8 5 1 10 
20180628813 8 9 10 5 2 3 4 1 7 6 
20180628814 7 3 10 1 5 6 8 9 2 4 
20180628815 7 10 4 1 2 3 8 9 5 6 
20180628816 9 1 7 6 3 5 8 4 10 2 
20180628817 9 6 2 4 7 5 8 1 3 10 
20180628818 1 9 6 3 4 8 10 7 2 5 
20180628819 5 2 3 9 1 7 8 10 4 6 
20180628820 10 3 2 7 8 6 4 9 1 5 
20180628821 5 9 8 3 4 7 10 1 6 2 
20180628822 9 5 4 7 10 1 2 8 3 6 
20180628823 5 6 3 7 9 8 10 1 4 2 
20180628824 9 6 4 10 3 5 1 2 8 7 
20180628825 8 9 1 10 7 4 3 6 2 5 
20180628826 9 5 4 8 1 2 10 7 3 6 
20180628827 5 4 1 8 9 7 3 6 10 2 
20180628828 9 10 8 3 4 5 1 2 6 7 
20180628829 7 4 8 3 5 9 6 1 10 2 
20180628830 10 4 8 2 3 1 5 7 9 6 
20180628831 10 1 7 4 8 3 2 9 6 5 
20180628832 8 10 5 1 3 6 4 9 7 2 
20180628833 2 9 6 4 3 8 1 5 7 10 
20180628834 8 6 3 7 2 5 10 9 4 1 
20180628835 7 9 6 5 1 10 8 3 2 4 
20180628836 4 9 10 6 1 3 5 7 2 8 
20180628837 3 8 2 4 10 7 5 6 9 1 
20180628838 8 10 9 7 6 5 1 4 2 3 
20180628839 4 3 9 6 5 1 2 8 7 10 
20180628840 2 6 8 5 7 1 10 4 9 3 
20180628841 2 7 10 5 4 3 1 6 9 8 
20180628842 7 4 9 8 5 3 2 10 1 6 
20180628843 7 1 5 3 9 10 8 6 4 2 
20180628844 4 6 7 1 8 9 3 2 10 5 
20180628845 2 4 1 9 5 6 10 3 7 8 
20180628846 6 10 2 3 8 9 1 4 5 7 
20180628847 6 4 8 3 5 7 9 10 2 1 
20180628848 3 5 8 9 2 6 1 10 7 4 
20180628849 6 2 5 8 3 1 4 9 7 10 
20180628850 7 1 10 6 9 3 8 5 4 2 
20180628851 3 7 8 1 2 10 5 9 6 4 
20180628852 2 5 3 6 7 8 4 10 9 1 
20180628853 10 2 4 6 8 5 3 9 1 7 
20180628854 5 1 2 8 7 9 4 10 6 3 
20180628855 7 5 6 2 10 8 4 1 3 9 
20180628856 10 4 6 9 3 1 5 7 2 8 
20180628857 7 1 6 3 9 4 2 10 5 8 
20180628858 4 7 2 3 8 10 6 9 5 1 
20180628859 6 1 8 4 3 2 9 5 7 10 
20180628860 5 2 1 10 3 8 7 4 6 9 
20180628861 9 7 10 2 3 1 4 6 5 8 
20180628862 2 8 1 7 9 6 3 10 4 5 
20180628863 6 8 3 5 9 7 2 10 4 1 
20180628864 6 8 4 3 9 7 1 5 2 10 
20180628865 8 9 3 1 7 4 2 6 10 5 
20180628866 4 1 6 10 8 7 3 9 5 2 
20180628867 9 10 4 5 6 8 1 2 7 3 
20180628868 10 2 7 4 6 8 9 3 1 5 
20180628869 4 6 7 2 10 5 3 9 1 8 
20180628870 4 5 8 6 1 10 7 2 9 3 
20180628871 6 7 2 1 3 10 5 4 9 8 
20180628872 9 8 5 4 6 1 3 10 2 7 
20180628873 9 2 7 1 5 3 10 4 6 8 
20180628874 7 10 1 3 4 8 9 5 2 6 
20180628875 6 5 9 4 1 10 2 8 7 3 
20180628876 4 8 5 10 6 3 2 9 1 7 
20180628877 1 9 4 3 5 6 2 8 10 7 
20180628878 3 5 4 10 9 7 2 6 8 1 
20180628879 9 8 1 7 5 2 6 4 3 10 
20180628880 7 4 9 2 6 1 10 8 5 3 
20180628881 4 8 6 2 3 10 7 5 9 1 
20180628882 5 2 4 3 6 7 8 1 9 10 
20180628883 6 7 3 2 5 8 1 4 9 10 
20180628884 7 3 8 2 4 6 10 5 1 9 
20180628885 7 6 1 8 9 10 2 4 3 5 
20180628886 4 9 10 3 5 8 1 7 6 2 
20180628887 1 8 6 10 5 2 7 4 9 3 
20180628888 5 4 10 8 6 2 9 7 3 1 
20180628889 4 6 8 10 1 7 9 5 3 2 
20180628890 4 7 5 9 1 8 2 3 10 6 
20180628891 9 2 5 4 6 1 7 8 3 10 
20180628892 8 6 5 2 4 9 3 1 10 7 
20180628893 4 7 6 3 8 2 1 9 5 10 
20180628894 10 6 5 4 8 2 1 7 3 9 
20180628895 5 7 3 8 6 2 9 1 10 4 
20180628896 2 4 6 9 5 7 1 8 3 10 
20180628897 3 5 2 10 1 6 8 4 7 9 
20180628898 4 8 2 6 7 5 3 1 10 9 
20180628899 5 4 8 1 9 10 2 7 3 6 
20180628900 9 3 5 8 7 2 1 6 10 4 
20180628901 9 4 5 10 3 7 2 8 1 6 
20180628902 6 7 4 9 5 8 2 10 3 1 
20180628903 10 3 6 8 2 7 4 9 5 1 
20180628904 5 3 7 4 6 8 2 9 1 10 
20180628905 1 10 8 7 5 3 9 6 4 2 
20180628906 4 5 10 3 1 7 2 8 6 9 
20180628907 5 2 1 9 4 3 6 8 10 7 
20180628908 9 2 5 6 10 3 4 7 1 8 
20180628909 7 3 4 6 5 9 10 2 8 1 
20180628910 4 1 5 3 10 7 2 8 6 9 
20180628911 4 9 2 10 3 8 7 5 1 6 
20180628912 1 2 4 9 5 3 6 8 10 7 
20180628913 9 3 2 1 8 5 10 7 4 6 
20180628914 1 6 4 10 8 9 2 3 5 7 
20180628915 1 7 5 9 4 3 2 10 8 6 
20180628916 7 2 3 8 5 4 6 10 1 9 
20180628917 7 8 2 9 6 4 5 1 3 10 
20180628918 1 9 10 4 8 3 5 6 7 2 
20180628919 2 1 8 3 5 4 6 10 7 9 
20180628920 7 1 5 10 4 3 8 9 2 6 
20180628921 3 7 1 4 2 6 8 5 10 9 
20180628922 9 1 7 5 3 10 4 2 6 8 
20180628923 9 4 7 5 1 2 3 8 6 10 
20180628924 1 2 7 5 4 9 10 6 3 8 
20180628925 2 6 9 5 3 10 4 8 7 1 
20180628926 8 6 4 10 2 5 1 7 3 9 
20180628927 4 6 3 1 9 10 5 8 7 2 
20180628928 5 7 3 1 10 4 9 2 6 8 
20180628929 2 6 7 9 5 3 10 8 4 1 
20180628930 5 7 8 3 9 2 4 10 1 6 
20180628931 7 3 9 4 1 8 6 5 2 10 
20180628932 3 8 9 2 5 1 7 4 10 6 
20180628933 1 3 4 5 2 6 8 9 10 7 
20180628934 10 4 1 9 2 8 7 5 3 6 
20180628935 10 6 2 3 4 8 5 7 9 1 
20180628936 7 8 5 3 10 1 9 2 6 4 
20180628937 3 8 7 10 2 1 4 9 6 5 
20180628938 6 2 7 3 8 5 4 1 10 9 
20180628939 1 8 9 7 6 5 4 10 3 2 
20180628940 10 2 4 6 9 5 3 1 8 7 
20180628941 2 5 7 3 6 1 10 8 4 9 
20180628942 2 10 1 9 7 5 6 3 8 4 
20180628943 2 6 8 1 9 5 7 3 10 4 
20180628944 3 6 5 9 10 4 1 2 7 8 
20180628945 7 5 9 2 6 10 4 3 8 1 
20180628946 8 1 6 10 2 9 3 7 5 4 
20180628947 10 8 4 9 2 7 6 3 1 5 
20180628948 7 1 9 6 3 4 2 8 10 5 
20180628949 2 8 7 5 6 9 3 4 10 1 
20180628950 3 2 1 10 8 6 7 5 9 4 
20180628951 1 7 2 8 5 9 4 10 6 3 
20180628952 2 10 8 6 1 9 5 3 4 7 
20180628953 3 9 2 8 7 5 1 4 10 6 
20180628954 8 6 1 4 2 10 5 9 7 3 
20180628955 6 4 8 2 1 5 10 9 7 3 
20180628956 3 7 5 8 4 9 10 6 2 1 
20180628957 10 2 5 1 3 8 6 4 9 7 
20180628958 6 7 8 3 4 10 2 5 1 9 
20180628959 2 3 6 10 1 5 7 9 4 8 
20180628960 5 4 10 6 1 3 7 2 8 9 
20180628961 10 1 7 5 3 2 8 6 4 9 
20180628962 4 2 7 1 5 6 3 8 10 9 
20180628963 6 8 5 2 3 1 9 10 7 4 
20180628964 9 4 5 10 1 3 2 8 6 7 
20180628965 2 8 1 7 4 3 9 6 5 10 
20180628966 8 6 5 1 7 9 2 10 4 3 
20180628967 3 6 5 8 7 2 4 10 1 9 
20180628968 7 9 1 8 3 6 4 5 10 2 
20180628969 3 7 1 6 9 8 5 10 2 4 
20180628970 2 5 9 10 1 7 8 4 6 3 
20180628971 9 6 4 5 3 2 1 8 10 7 
20180628972 10 8 9 4 2 6 1 7 5 3 
20180628973 1 9 5 2 6 10 4 7 8 3 
20180628974 3 4 8 10 2 6 9 5 7 1 
20180628975 7 3 5 9 8 6 1 4 2 10 
20180628976 6 4 7 8 5 3 10 1 2 9 
20180628977 9 8 10 6 1 2 4 3 5 7 
20180628978 5 4 1 7 6 8 9 10 2 3 
20180628979 7 1 4 3 5 8 2 10 6 9 
20180628980 10 6 1 7 4 3 9 5 8 2 
20180628981 6 5 3 2 7 1 8 10 9 4 
20180628982 9 7 10 5 8 3 4 1 2 6 
20180628983 2 4 8 1 7 9 3 5 6 10 
20180628984 5 1 3 9 6 8 4 2 7 10 
20180628985 8 6 5 10 2 3 4 9 7 1 
