20180612001 7 1 8 5 10 3 9 4 6 2 
20180612002 3 4 2 7 10 6 9 5 8 1 
20180612003 9 5 2 3 8 4 10 1 7 6 
20180612004 2 6 4 1 5 10 7 3 9 8 
20180612005 6 9 8 5 1 4 2 3 10 7 
20180612006 10 9 4 3 1 6 2 7 8 5 
20180612007 7 8 6 10 9 1 3 4 5 2 
20180612008 4 7 3 1 6 8 5 10 2 9 
20180612009 10 4 2 5 7 3 9 6 8 1 
20180612010 3 10 1 8 7 4 9 6 2 5 
20180612011 1 8 6 9 2 7 5 10 4 3 
20180612012 7 5 1 2 6 3 9 8 10 4 
20180612013 6 8 7 5 4 3 10 9 2 1 
20180612014 9 8 10 7 4 6 2 5 1 3 
20180612015 4 6 9 8 2 3 7 10 1 5 
20180612016 5 1 7 8 3 4 2 10 6 9 
20180612017 8 6 3 2 4 5 1 10 9 7 
20180612018 8 5 2 10 7 1 9 4 6 3 
20180612019 2 7 4 10 1 9 6 5 8 3 
20180612020 9 7 10 5 8 6 2 3 4 1 
20180612021 9 7 6 4 3 5 8 1 10 2 
20180612022 3 4 8 10 9 5 6 2 1 7 
20180612023 6 4 9 8 3 5 7 10 2 1 
20180612024 2 9 5 3 10 6 1 7 4 8 
20180612025 6 9 4 1 10 8 2 7 5 3 
20180612026 8 7 6 9 2 3 4 5 10 1 
20180612027 7 9 4 3 5 6 1 8 2 10 
20180612028 9 10 1 3 2 4 6 7 8 5 
20180612029 9 8 1 2 10 7 6 5 4 3 
20180612030 4 3 7 1 9 8 2 10 5 6 
20180612031 9 4 6 1 3 10 8 2 7 5 
20180612032 4 3 6 1 2 10 8 9 5 7 
20180612033 6 1 2 4 10 3 9 8 5 7 
20180612034 9 4 8 5 6 7 3 1 2 10 
20180612035 8 3 9 2 1 7 10 5 6 4 
20180612036 2 8 7 1 6 5 10 9 3 4 
20180612037 5 8 4 2 10 3 7 6 1 9 
20180612038 1 2 4 3 5 7 8 9 10 6 
20180612039 1 10 6 3 9 4 2 5 7 8 
20180612040 10 7 8 2 3 6 9 5 4 1 
20180612041 4 8 5 2 9 1 6 7 3 10 
20180612042 1 2 7 8 4 5 3 10 6 9 
20180612043 10 8 7 9 2 3 4 5 6 1 
20180612044 2 5 4 8 10 3 7 1 9 6 
20180612045 1 10 3 5 7 8 6 4 2 9 
20180612046 3 8 5 7 1 4 10 9 6 2 
20180612047 4 7 10 9 8 5 2 1 6 3 
20180612048 4 3 10 6 1 9 5 7 2 8 
20180612049 10 9 4 3 5 6 1 2 7 8 
20180612050 3 1 5 4 10 6 8 2 9 7 
20180612051 10 7 8 1 9 4 6 3 2 5 
20180612052 6 2 10 1 3 7 4 5 9 8 
20180612053 7 9 8 1 2 5 10 3 6 4 
20180612054 1 7 2 9 10 6 3 5 4 8 
20180612055 6 1 4 7 3 9 8 5 10 2 
20180612056 10 9 8 5 6 7 3 2 4 1 
20180612057 6 8 10 4 5 7 9 1 2 3 
20180612058 7 1 2 9 6 8 10 5 4 3 
20180612059 7 9 4 5 8 3 10 2 6 1 
20180612060 1 7 4 6 9 8 10 2 3 5 
20180612061 2 6 5 1 3 8 7 10 4 9 
20180612062 8 7 9 2 6 4 1 5 10 3 
20180612063 6 4 8 10 3 1 5 7 9 2 
20180612064 2 5 1 10 3 6 7 8 9 4 
20180612065 8 3 1 2 6 7 4 10 5 9 
20180612066 1 8 10 6 3 7 9 5 2 4 
20180612067 1 5 8 6 3 10 2 7 9 4 
20180612068 3 2 7 5 6 8 9 4 10 1 
20180612069 6 1 9 7 8 3 2 10 5 4 
20180612070 5 4 3 6 7 1 9 2 8 10 
20180612071 6 1 9 3 2 5 10 8 4 7 
20180612072 5 8 3 7 1 4 9 6 10 2 
20180612073 9 6 10 4 5 3 1 2 8 7 
20180612074 3 8 4 10 9 6 7 5 1 2 
20180612075 3 5 7 2 10 1 6 9 4 8 
20180612076 8 9 3 4 5 1 2 7 6 10 
20180612077 4 6 3 9 2 5 1 8 10 7 
20180612078 7 1 6 10 3 4 5 8 2 9 
20180612079 2 9 5 1 10 7 6 4 8 3 
20180612080 5 3 8 7 2 6 10 9 1 4 
20180612081 8 5 6 3 7 4 10 9 2 1 
20180612082 1 5 2 7 4 6 9 8 3 10 
20180612083 6 5 10 9 7 8 2 3 4 1 
20180612084 1 7 9 5 2 10 6 3 4 8 
20180612085 6 5 7 4 9 10 2 1 8 3 
20180612086 1 2 4 10 5 3 8 6 7 9 
20180612087 6 9 10 2 8 1 4 3 5 7 
20180612088 1 8 3 5 9 2 6 7 10 4 
20180612089 1 8 5 6 10 9 3 4 2 7 
20180612090 8 7 9 10 2 3 5 4 6 1 
20180612091 10 2 6 9 8 7 3 5 1 4 
20180612092 9 1 5 6 8 4 10 3 2 7 
20180612093 4 10 8 3 6 5 9 7 1 2 
20180612094 4 8 6 10 1 7 9 3 5 2 
20180612095 2 10 1 3 9 8 4 5 7 6 
20180612096 2 3 9 5 4 7 1 6 10 8 
20180612097 6 10 5 2 7 8 1 9 4 3 
20180612098 2 5 6 3 10 7 9 8 1 4 
20180612099 6 3 4 7 2 10 5 1 8 9 
20180612100 1 9 10 3 4 2 8 5 6 7 
20180612101 10 4 6 3 8 9 1 2 5 7 
20180612102 6 1 7 3 4 5 8 10 9 2 
20180612103 9 4 5 10 8 7 6 2 1 3 
20180612104 4 8 2 6 10 5 1 9 3 7 
20180612105 7 10 6 4 5 8 2 9 1 3 
20180612106 1 4 5 7 6 8 10 2 3 9 
20180612107 7 4 3 2 6 8 5 10 1 9 
20180612108 6 5 10 9 3 1 8 2 4 7 
20180612109 3 9 5 10 8 2 7 6 4 1 
20180612110 7 8 5 2 6 3 9 10 4 1 
20180612111 2 10 7 8 4 6 1 5 9 3 
20180612112 2 4 7 8 10 5 6 3 1 9 
20180612113 6 5 10 2 1 7 4 3 9 8 
20180612114 2 7 6 8 3 5 10 9 4 1 
20180612115 9 3 1 2 6 7 4 5 10 8 
20180612116 4 6 5 7 10 3 2 8 9 1 
20180612117 2 1 7 6 9 4 10 3 5 8 
20180612118 5 6 7 8 4 2 9 10 1 3 
20180612119 4 7 9 1 10 5 6 3 8 2 
20180612120 6 5 2 7 4 9 10 3 1 8 
20180612121 3 10 2 1 6 5 7 9 4 8 
20180612122 5 8 10 3 1 2 6 4 9 7 
20180612123 7 10 4 1 2 3 5 8 6 9 
20180612124 8 4 5 3 9 10 1 2 7 6 
20180612125 7 9 8 10 4 5 2 3 1 6 
20180612126 4 8 5 3 6 2 1 9 7 10 
20180612127 1 9 4 7 8 2 6 3 10 5 
20180612128 9 6 5 4 2 7 8 1 3 10 
20180612129 4 2 10 3 6 5 9 7 8 1 
20180612130 1 5 3 2 6 7 4 10 9 8 
20180612131 3 10 9 2 4 6 5 7 8 1 
20180612132 1 2 6 9 7 4 3 5 8 10 
20180612133 3 10 1 4 9 5 2 7 6 8 
20180612134 8 1 2 9 3 5 7 10 4 6 
20180612135 3 10 1 7 9 8 2 6 5 4 
20180612136 10 3 5 4 2 9 8 7 6 1 
20180612137 3 1 8 9 7 10 5 4 2 6 
20180612138 2 6 9 5 10 8 3 4 7 1 
20180612139 7 5 6 9 10 3 2 1 4 8 
20180612140 3 2 9 7 5 1 8 6 4 10 
20180612141 4 7 5 6 9 2 8 10 3 1 
20180612142 10 8 3 2 5 7 9 6 4 1 
20180612143 4 2 1 3 10 7 5 9 8 6 
20180612144 6 2 9 10 7 4 1 8 5 3 
20180612145 9 4 5 10 6 3 8 7 2 1 
20180612146 4 1 3 6 8 10 2 9 7 5 
20180612147 8 9 3 7 10 2 4 5 1 6 
20180612148 7 4 3 9 10 1 2 8 5 6 
20180612149 2 3 9 6 5 7 1 10 4 8 
20180612150 8 7 10 2 3 6 4 9 5 1 
20180612151 1 7 3 5 2 9 4 6 10 8 
20180612152 9 7 1 8 10 2 6 4 3 5 
20180612153 2 1 5 7 10 9 8 3 6 4 
20180612154 4 8 3 7 9 2 1 5 10 6 
20180612155 2 5 9 1 4 7 3 10 6 8 
20180612156 9 6 5 10 4 1 2 7 8 3 
20180612157 1 4 6 3 10 8 7 5 9 2 
20180612158 6 4 7 1 8 5 3 2 9 10 
20180612159 7 10 9 2 1 4 6 3 5 8 
20180612160 6 9 1 5 4 3 2 10 7 8 
20180612161 5 8 10 2 4 1 7 9 3 6 
20180612162 1 7 6 4 2 10 5 8 9 3 
20180612163 7 3 10 8 9 4 5 6 2 1 
20180612164 5 7 8 2 3 6 9 4 1 10 
20180612165 10 1 6 9 3 8 5 4 7 2 
20180612166 1 8 7 6 10 2 5 9 3 4 
20180612167 9 2 1 7 10 8 3 4 5 6 
20180612168 3 1 7 6 8 9 4 5 2 10 
20180612169 10 7 3 1 9 5 8 2 6 4 
20180612170 6 2 9 5 1 3 7 8 10 4 
20180612171 1 7 3 9 10 5 2 6 8 4 
20180612172 9 3 10 5 6 8 7 4 1 2 
20180612173 8 2 10 9 5 3 4 6 7 1 
20180612174 5 4 2 1 10 8 7 9 6 3 
20180612175 2 8 10 7 3 9 6 4 5 1 
20180612176 6 3 9 5 1 4 2 7 8 10 
20180612177 4 3 10 6 1 9 5 7 8 2 
20180612178 7 3 4 6 5 8 2 9 1 10 
20180612179 10 3 6 4 2 8 1 9 7 5 
20180612180 6 10 5 3 7 2 4 1 8 9 
20180612181 8 9 2 3 1 4 5 6 7 10 
20180612182 3 8 9 10 7 4 6 5 2 1 
20180612183 4 6 9 5 2 7 3 10 1 8 
20180612184 10 1 9 7 2 8 5 6 3 4 
20180612185 8 5 3 4 10 7 1 9 2 6 
20180612186 7 6 5 4 9 2 10 3 8 1 
20180612187 2 9 10 6 7 1 8 3 5 4 
20180612188 3 9 8 4 1 7 6 2 5 10 
20180612189 7 9 8 3 2 5 1 4 10 6 
20180612190 7 3 4 6 10 8 1 5 2 9 
20180612191 5 8 4 2 1 7 6 9 10 3 
20180612192 5 9 8 6 4 3 1 10 7 2 
20180612193 2 4 9 10 6 1 8 7 5 3 
20180612194 8 6 3 5 2 10 1 4 7 9 
20180612195 6 10 7 1 3 5 9 2 4 8 
20180612196 6 9 5 7 10 4 3 2 8 1 
20180612197 9 1 2 4 6 7 10 3 8 5 
20180612198 2 8 7 5 3 4 10 1 6 9 
20180612199 10 6 4 3 8 9 1 5 2 7 
20180612200 5 3 6 9 4 10 2 7 1 8 
20180612201 1 5 6 2 8 10 3 7 9 4 
20180612202 2 7 8 9 3 4 10 5 6 1 
20180612203 2 1 4 8 10 9 7 3 5 6 
20180612204 6 8 10 2 9 4 1 7 3 5 
20180612205 6 8 1 10 4 3 9 5 2 7 
20180612206 3 9 4 2 8 7 10 6 1 5 
20180612207 4 2 10 8 7 6 5 3 1 9 
20180612208 5 2 3 9 4 7 8 6 10 1 
20180612209 5 7 4 2 6 3 1 10 8 9 
20180612210 2 4 5 1 3 8 6 7 10 9 
20180612211 2 9 7 8 1 4 3 6 5 10 
20180612212 7 5 8 3 4 10 6 1 2 9 
20180612213 9 3 1 6 7 8 5 10 4 2 
20180612214 7 6 9 3 4 2 10 8 5 1 
20180612215 10 7 8 5 6 1 9 2 4 3 
20180612216 2 5 6 8 10 7 4 1 3 9 
20180612217 6 4 7 8 10 9 5 2 3 1 
20180612218 6 9 3 8 1 5 10 7 2 4 
20180612219 10 7 6 3 2 1 4 5 8 9 
20180612220 1 10 6 9 8 7 3 4 2 5 
20180612221 7 3 2 9 6 1 4 8 10 5 
20180612222 3 9 4 8 10 2 7 5 6 1 
20180612223 5 6 9 3 2 8 4 1 10 7 
20180612224 3 9 2 8 1 4 6 7 10 5 
20180612225 7 5 8 6 2 1 10 9 4 3 
20180612226 6 1 5 3 2 9 4 10 8 7 
20180612227 10 1 7 2 6 8 9 4 3 5 
20180612228 7 5 10 3 6 1 8 4 9 2 
20180612229 6 5 10 8 3 9 7 4 2 1 
20180612230 6 3 4 1 7 5 10 9 2 8 
20180612231 10 1 6 2 9 5 8 4 7 3 
20180612232 1 8 2 6 4 5 3 10 7 9 
20180612233 8 9 2 6 4 5 10 3 7 1 
20180612234 4 7 2 1 8 9 3 6 5 10 
20180612235 2 10 7 1 4 6 5 9 3 8 
20180612236 7 9 5 2 8 1 10 4 3 6 
20180612237 3 1 5 6 7 2 4 8 9 10 
20180612238 7 8 3 5 1 9 4 10 6 2 
20180612239 6 7 5 10 8 3 4 2 9 1 
20180612240 3 10 4 1 9 6 2 7 5 8 
20180612241 4 10 6 5 7 1 2 9 3 8 
20180612242 3 7 4 2 8 6 10 1 9 5 
20180612243 6 4 5 7 2 1 8 9 3 10 
20180612244 7 4 10 2 1 3 8 5 6 9 
20180612245 9 6 1 8 5 3 2 10 7 4 
20180612246 9 8 7 6 4 3 1 2 5 10 
20180612247 2 7 8 10 3 5 4 1 9 6 
20180612248 3 2 1 4 6 10 7 5 8 9 
20180612249 2 5 10 7 8 3 1 4 6 9 
20180612250 1 3 6 7 4 8 9 2 10 5 
20180612251 3 9 2 6 8 10 5 7 1 4 
20180612252 5 1 9 7 4 10 8 6 3 2 
20180612253 9 3 8 1 4 6 2 7 5 10 
20180612254 1 6 8 9 10 5 7 4 3 2 
20180612255 4 10 3 8 5 2 6 9 7 1 
20180612256 1 3 10 4 8 7 9 6 2 5 
20180612257 10 7 1 5 8 6 3 4 9 2 
20180612258 8 2 3 4 6 5 1 7 9 10 
20180612259 1 3 9 2 10 7 8 6 5 4 
20180612260 1 4 5 8 9 2 7 3 10 6 
20180612261 6 7 8 10 9 2 3 1 4 5 
20180612262 7 9 8 3 4 10 5 6 2 1 
20180612263 2 10 6 9 7 8 4 1 5 3 
20180612264 9 3 7 10 8 6 2 4 5 1 
20180612265 7 10 1 8 5 6 2 4 3 9 
20180612266 4 6 5 9 3 7 2 8 10 1 
20180612267 9 1 10 4 3 2 8 6 5 7 
20180612268 3 2 9 5 8 4 6 10 7 1 
20180612269 9 4 6 7 2 3 5 10 8 1 
20180612270 3 6 8 2 4 5 1 7 10 9 
20180612271 1 2 5 7 8 9 3 6 4 10 
20180612272 8 7 9 3 5 10 1 6 2 4 
20180612273 9 4 10 2 1 6 5 7 3 8 
20180612274 6 7 3 5 2 4 1 8 9 10 
20180612275 10 7 8 3 4 6 9 2 5 1 
20180612276 7 9 2 4 3 8 1 5 10 6 
20180612277 3 8 9 10 5 7 6 1 4 2 
20180612278 2 5 4 10 1 8 3 7 9 6 
20180612279 7 9 5 4 10 6 2 1 3 8 
20180612280 8 3 2 4 10 7 1 6 5 9 
20180612281 10 5 7 6 2 9 8 4 3 1 
20180612282 6 5 10 2 8 3 4 7 9 1 
20180612283 6 9 2 7 1 3 10 5 8 4 
20180612284 2 1 10 8 4 3 5 9 7 6 
20180612285 5 4 10 1 9 8 3 2 6 7 
20180612286 6 9 5 1 10 2 7 8 4 3 
20180612287 4 10 5 2 7 9 8 1 3 6 
20180612288 5 2 1 3 4 9 7 10 6 8 
20180612289 6 5 10 4 8 2 3 9 7 1 
20180612290 2 10 1 3 5 7 6 9 8 4 
20180612291 8 4 2 7 1 9 6 10 3 5 
20180612292 3 9 10 5 8 2 6 1 7 4 
20180612293 3 1 2 4 8 6 10 7 9 5 
20180612294 10 7 8 4 6 1 5 9 2 3 
20180612295 7 6 3 2 9 8 4 5 1 10 
20180612296 9 2 1 5 10 4 3 7 8 6 
20180612297 5 2 8 10 9 1 4 3 7 6 
20180612298 5 6 8 9 3 4 7 1 2 10 
20180612299 9 3 5 2 1 8 10 4 7 6 
20180612300 2 6 1 4 10 9 5 8 7 3 
20180612301 10 6 3 1 9 2 5 8 7 4 
20180612302 10 4 8 9 1 3 6 5 2 7 
20180612303 5 6 4 1 2 3 7 8 9 10 
20180612304 7 1 8 10 2 3 6 9 4 5 
20180612305 6 9 4 2 7 1 5 10 8 3 
20180612306 8 2 4 9 10 5 3 1 6 7 
20180612307 1 6 2 7 4 5 10 3 9 8 
20180612308 10 1 4 7 5 6 9 8 3 2 
20180612309 1 7 6 9 3 8 2 4 5 10 
20180612310 8 4 6 10 3 2 9 5 7 1 
20180612311 10 3 6 7 5 2 1 4 8 9 
20180612312 5 3 2 1 9 10 6 7 4 8 
20180612313 9 7 6 1 8 10 5 3 4 2 
20180612314 10 1 4 3 2 6 9 8 5 7 
20180612315 9 2 10 3 6 4 8 1 7 5 
20180612316 3 8 5 1 9 7 4 10 2 6 
20180612317 9 1 7 5 8 6 10 3 4 2 
20180612318 3 7 1 2 8 9 10 4 5 6 
20180612319 6 4 2 7 8 10 9 5 3 1 
20180612320 1 6 10 5 4 7 8 9 3 2 
20180612321 9 6 3 5 4 1 2 10 7 8 
20180612322 9 6 8 1 2 3 4 7 10 5 
20180612323 10 8 4 1 2 3 9 6 7 5 
20180612324 7 2 4 6 5 10 1 8 3 9 
20180612325 2 10 5 8 3 9 4 1 7 6 
20180612326 4 10 5 2 8 6 7 1 9 3 
20180612327 7 6 1 2 5 10 8 9 4 3 
20180612328 9 3 1 2 6 8 10 5 4 7 
20180612329 4 6 5 8 9 2 1 7 3 10 
20180612330 7 3 10 6 5 2 8 9 1 4 
20180612331 1 6 5 10 7 4 8 3 9 2 
20180612332 4 10 6 9 3 8 5 2 7 1 
20180612333 1 8 9 5 4 10 6 2 3 7 
20180612334 7 3 2 8 5 10 6 4 9 1 
20180612335 2 1 9 5 8 7 3 10 6 4 
20180612336 5 1 7 10 9 8 2 6 3 4 
20180612337 9 5 1 2 6 4 7 8 3 10 
20180612338 2 5 7 4 6 1 9 3 10 8 
20180612339 7 2 4 6 1 10 3 5 8 9 
20180612340 10 1 5 8 3 7 6 4 2 9 
20180612341 9 3 5 6 2 4 8 1 7 10 
20180612342 10 8 9 2 3 6 4 5 7 1 
20180612343 1 3 8 4 9 6 10 5 2 7 
20180612344 1 4 9 7 6 8 5 2 10 3 
20180612345 3 10 8 7 6 9 5 1 4 2 
20180612346 3 9 4 7 1 2 6 10 5 8 
20180612347 7 5 6 3 10 4 2 8 1 9 
20180612348 6 3 8 2 9 1 5 10 4 7 
20180612349 2 5 3 9 1 8 10 6 7 4 
20180612350 6 7 5 8 3 1 2 4 10 9 
20180612351 5 10 2 8 1 6 7 3 9 4 
20180612352 7 4 10 8 6 3 5 1 9 2 
20180612353 2 6 10 8 5 7 9 1 4 3 
20180612354 6 2 5 10 4 3 9 8 1 7 
20180612355 2 5 6 9 10 4 3 8 1 7 
20180612356 3 9 10 5 8 1 6 7 4 2 
20180612357 7 8 9 5 6 1 4 10 2 3 
20180612358 3 8 7 2 6 10 1 9 5 4 
20180612359 10 6 1 3 5 9 8 4 7 2 
20180612360 4 3 5 10 7 6 8 9 2 1 
20180612361 4 8 6 3 7 2 10 5 9 1 
20180612362 5 8 3 1 10 9 7 2 6 4 
20180612363 1 3 10 9 8 6 2 7 4 5 
20180612364 5 6 10 1 8 7 9 2 3 4 
20180612365 9 1 10 2 5 8 4 6 7 3 
20180612366 3 4 2 8 10 9 5 1 6 7 
20180612367 10 6 3 8 2 1 5 7 4 9 
20180612368 10 3 9 6 1 7 8 2 5 4 
20180612369 5 9 2 8 1 7 6 10 4 3 
20180612370 4 7 6 9 8 2 5 1 10 3 
20180612371 5 9 2 7 3 8 4 1 10 6 
20180612372 5 6 2 10 3 1 9 7 4 8 
20180612373 10 4 1 9 7 5 8 3 2 6 
20180612374 1 9 5 10 8 3 4 2 7 6 
20180612375 2 10 5 8 4 1 6 9 3 7 
20180612376 8 10 1 7 3 6 2 9 5 4 
20180612377 8 5 10 2 7 6 4 3 9 1 
20180612378 2 7 8 6 9 10 3 4 5 1 
20180612379 4 8 1 6 5 9 3 7 10 2 
20180612380 6 1 5 4 7 3 10 9 2 8 
20180612381 4 9 6 8 5 7 3 2 10 1 
20180612382 6 10 8 5 2 7 1 3 9 4 
20180612383 8 10 6 2 1 3 4 7 5 9 
20180612384 6 9 2 10 8 3 5 7 1 4 
20180612385 5 3 7 10 6 2 1 9 8 4 
20180612386 1 6 9 2 3 8 7 5 10 4 
20180612387 5 10 2 3 7 9 8 6 4 1 
20180612388 7 9 10 6 8 1 4 3 2 5 
20180612389 10 5 3 2 7 1 4 8 6 9 
20180612390 7 2 9 6 8 1 4 3 10 5 
20180612391 7 1 4 3 2 5 9 6 8 10 
20180612392 3 5 7 6 9 1 10 2 4 8 
20180612393 8 4 1 2 3 6 9 7 5 10 
20180612394 6 8 5 4 10 2 9 7 3 1 
20180612395 10 3 8 1 7 6 5 4 9 2 
20180612396 7 5 1 6 8 10 2 9 3 4 
20180612397 3 1 5 6 10 2 9 4 8 7 
20180612398 7 1 9 2 4 10 5 6 8 3 
20180612399 6 4 3 1 2 10 7 5 9 8 
20180612400 2 6 4 7 1 5 3 8 9 10 
20180612401 7 9 1 6 8 4 3 10 2 5 
20180612402 8 7 2 4 9 5 1 3 6 10 
20180612403 10 1 9 8 3 4 6 7 2 5 
20180612404 8 1 7 9 6 10 2 5 4 3 
20180612405 10 2 6 9 4 8 7 1 5 3 
20180612406 9 3 5 6 4 2 10 7 1 8 
20180612407 9 8 2 4 7 6 10 1 3 5 
20180612408 10 6 4 1 8 3 5 2 7 9 
20180612409 9 10 2 3 1 6 4 8 5 7 
20180612410 10 2 5 8 7 3 6 4 1 9 
20180612411 7 4 1 10 5 9 6 8 2 3 
20180612412 8 2 6 1 10 4 3 9 7 5 
20180612413 1 3 9 7 5 6 2 10 4 8 
20180612414 7 6 8 10 5 1 4 9 2 3 
20180612415 9 6 5 1 3 2 8 10 4 7 
20180612416 4 9 6 3 10 7 1 5 8 2 
20180612417 3 2 1 8 7 6 9 5 4 10 
20180612418 8 9 10 5 4 3 7 2 1 6 
20180612419 4 7 8 3 10 2 1 9 5 6 
20180612420 8 3 10 2 1 9 7 4 5 6 
20180612421 7 10 9 1 8 5 2 4 3 6 
20180612422 7 3 4 10 9 8 6 1 2 5 
20180612423 5 2 3 10 9 6 1 4 8 7 
20180612424 3 4 10 8 6 7 5 1 9 2 
20180612425 4 9 5 6 3 8 7 2 1 10 
20180612426 8 2 7 3 6 1 5 10 4 9 
20180612427 9 3 2 1 7 8 10 6 4 5 
20180612428 1 4 10 2 5 7 6 3 8 9 
20180612429 1 8 6 10 4 9 2 7 5 3 
20180612430 9 8 4 2 5 1 6 7 3 10 
20180612431 5 6 4 8 7 1 10 9 2 3 
20180612432 7 5 2 6 10 8 1 9 3 4 
20180612433 1 6 9 2 8 7 3 5 4 10 
20180612434 10 3 4 5 6 1 2 7 9 8 
20180612435 9 2 1 4 7 10 5 8 3 6 
20180612436 10 9 8 2 5 4 6 3 1 7 
20180612437 1 3 9 2 7 5 4 10 6 8 
20180612438 5 8 6 9 4 10 1 3 2 7 
20180612439 9 4 7 8 1 10 2 6 3 5 
20180612440 4 8 6 2 7 5 3 1 9 10 
20180612441 4 1 8 5 7 6 2 9 10 3 
20180612442 6 1 8 4 9 10 5 2 3 7 
20180612443 3 5 4 1 10 9 7 8 6 2 
20180612444 1 6 4 9 5 2 3 10 7 8 
20180612445 1 7 9 4 8 3 5 6 2 10 
20180612446 7 9 1 6 4 10 2 8 3 5 
20180612447 3 4 2 1 8 5 10 6 7 9 
20180612448 7 9 1 4 8 10 3 2 6 5 
20180612449 3 10 5 2 4 6 8 1 7 9 
20180612450 8 7 1 10 5 4 9 3 2 6 
20180612451 2 1 4 7 5 8 9 6 10 3 
20180612452 1 9 4 7 6 10 5 3 2 8 
20180612453 8 10 2 7 4 5 3 9 6 1 
20180612454 9 6 7 1 5 2 3 8 4 10 
20180612455 6 9 4 2 3 7 10 1 5 8 
20180612456 10 6 4 1 7 9 3 2 8 5 
20180612457 9 7 8 3 1 2 4 10 5 6 
20180612458 10 4 7 1 9 3 8 5 2 6 
20180612459 9 6 10 7 1 8 5 3 2 4 
20180612460 7 4 9 3 5 10 8 2 1 6 
20180612461 5 8 9 2 7 1 6 3 4 10 
20180612462 10 5 3 6 1 2 4 8 9 7 
20180612463 4 1 5 6 3 10 8 9 7 2 
20180612464 7 5 9 4 6 8 1 10 2 3 
20180612465 9 5 6 1 8 10 7 2 4 3 
20180612466 2 3 8 7 6 10 4 1 9 5 
20180612467 2 4 7 6 8 5 1 9 3 10 
20180612468 4 8 10 2 7 9 3 1 5 6 
20180612469 2 3 9 8 10 5 1 6 7 4 
20180612470 10 8 3 9 4 1 2 5 7 6 
20180612471 2 10 1 6 9 7 4 3 5 8 
20180612472 4 2 8 1 7 9 3 5 6 10 
20180612473 4 7 3 5 6 8 10 9 1 2 
20180612474 2 5 10 1 9 6 3 7 4 8 
20180612475 8 2 10 6 7 5 3 9 1 4 
20180612476 5 7 2 3 4 10 8 6 9 1 
20180612477 10 1 2 8 6 4 9 3 7 5 
20180612478 1 10 5 2 7 4 8 6 9 3 
20180612479 2 9 3 10 8 6 5 1 7 4 
20180612480 1 8 5 9 2 3 4 7 6 10 
20180612481 5 1 6 2 8 7 3 9 10 4 
20180612482 2 4 9 3 6 8 5 1 7 10 
20180612483 10 8 3 2 5 4 6 9 7 1 
20180612484 10 8 2 1 6 3 4 7 5 9 
20180612485 2 9 1 6 8 4 3 7 5 10 
20180612486 4 7 5 2 10 3 8 9 1 6 
20180612487 8 1 5 9 2 7 4 3 10 6 
20180612488 10 1 7 9 2 8 4 5 6 3 
20180612489 5 8 1 4 7 3 9 10 2 6 
20180612490 2 8 9 4 1 7 6 5 10 3 
20180612491 8 10 4 3 5 7 6 9 1 2 
20180612492 2 4 5 9 8 7 6 3 10 1 
20180612493 7 9 2 5 1 8 4 3 6 10 
20180612494 9 3 4 5 2 10 8 7 1 6 
20180612495 1 6 10 3 4 2 8 7 9 5 
20180612496 9 6 3 8 7 1 2 10 4 5 
20180612497 6 1 4 3 2 5 7 10 8 9 
20180612498 10 1 3 2 6 7 4 9 5 8 
20180612499 5 9 3 6 2 1 8 4 7 10 
20180612500 9 5 7 10 8 3 6 2 1 4 
20180612501 3 6 8 7 10 1 4 2 5 9 
20180612502 8 7 5 2 6 3 9 1 4 10 
20180612503 6 7 9 10 4 2 1 8 3 5 
20180612504 1 10 7 9 3 5 8 4 2 6 
20180612505 10 1 4 2 5 3 7 6 9 8 
20180612506 2 10 7 6 5 8 9 1 4 3 
20180612507 10 6 3 7 1 2 5 9 4 8 
20180612508 7 5 10 1 3 8 9 6 4 2 
20180612509 3 5 7 6 2 10 1 9 8 4 
20180612510 10 9 1 4 8 5 2 3 6 7 
20180612511 1 2 7 4 3 6 8 9 5 10 
20180612512 8 3 9 7 1 4 6 2 10 5 
20180612513 7 9 10 2 8 6 3 1 4 5 
20180612514 5 9 6 8 1 2 3 10 4 7 
20180612515 3 4 2 10 9 7 6 5 8 1 
20180612516 2 6 4 8 9 1 10 7 5 3 
20180612517 5 10 6 1 2 3 7 4 9 8 
20180612518 4 6 5 7 2 3 1 10 8 9 
20180612519 7 1 3 2 9 5 4 10 6 8 
20180612520 2 3 9 7 5 4 1 8 6 10 
20180612521 1 6 10 9 8 4 3 5 2 7 
20180612522 2 1 7 8 10 3 4 6 9 5 
20180612523 8 10 4 5 6 3 9 2 1 7 
20180612524 3 5 4 10 8 6 7 2 9 1 
20180612525 4 3 7 6 9 10 2 5 1 8 
20180612526 3 2 5 6 9 4 7 8 1 10 
20180612527 3 7 5 2 6 9 8 1 4 10 
20180612528 2 7 3 4 5 1 8 6 10 9 
20180612529 3 7 4 8 9 2 6 1 10 5 
20180612530 3 2 7 8 1 10 9 4 5 6 
20180612531 3 10 9 7 6 5 2 4 8 1 
20180612532 7 2 3 10 6 1 4 8 9 5 
20180612533 9 2 4 10 7 8 3 5 1 6 
20180612534 9 10 5 8 1 7 2 3 4 6 
20180612535 3 1 4 8 9 7 5 2 6 10 
20180612536 5 8 2 3 6 4 7 10 1 9 
20180612537 2 6 10 5 3 7 9 4 1 8 
20180612538 8 9 10 1 6 2 3 4 5 7 
20180612539 7 8 4 1 5 3 10 2 6 9 
20180612540 5 1 7 8 2 10 9 4 3 6 
20180612541 1 4 8 2 7 5 10 3 9 6 
20180612542 2 9 1 8 5 3 7 6 4 10 
20180612543 3 10 9 1 2 8 4 5 7 6 
20180612544 7 2 8 5 3 10 4 1 9 6 
20180612545 4 8 3 1 9 7 10 6 5 2 
20180612546 10 4 1 7 8 6 2 3 5 9 
20180612547 4 9 8 6 1 5 10 2 7 3 
20180612548 5 4 1 6 2 10 7 9 3 8 
20180612549 7 6 4 9 3 1 5 2 10 8 
20180612550 7 6 4 1 8 10 5 9 3 2 
20180612551 9 3 2 7 1 5 4 8 6 10 
20180612552 10 6 7 2 5 8 1 4 3 9 
20180612553 5 2 8 9 4 10 3 1 6 7 
20180612554 9 5 8 6 7 3 1 2 10 4 
20180612555 6 5 8 1 10 2 3 9 7 4 
20180612556 8 6 2 9 10 4 7 1 3 5 
20180612557 8 1 6 9 10 2 7 3 4 5 
20180612558 4 10 1 6 3 9 7 5 8 2 
20180612559 3 8 10 7 5 9 4 6 1 2 
20180612560 7 8 9 3 2 5 4 6 1 10 
20180612561 1 5 6 8 7 10 9 4 2 3 
20180612562 8 2 6 10 7 5 1 3 9 4 
20180612563 2 6 3 8 4 9 5 7 10 1 
20180612564 3 2 7 9 5 4 8 1 6 10 
20180612565 9 1 4 8 2 6 3 10 7 5 
20180612566 9 2 4 5 1 6 10 7 8 3 
20180612567 5 3 8 2 4 10 7 6 1 9 
20180612568 6 5 4 9 8 3 1 10 2 7 
20180612569 4 1 6 5 8 3 10 2 7 9 
20180612570 4 6 2 8 1 5 3 10 7 9 
20180612571 6 3 10 5 7 8 9 4 2 1 
20180612572 8 6 7 3 9 4 1 2 5 10 
20180612573 3 2 1 10 7 6 4 5 8 9 
20180612574 6 5 8 9 10 4 2 1 7 3 
20180612575 7 2 10 5 1 9 3 8 4 6 
20180612576 8 2 7 9 10 1 5 6 3 4 
20180612577 4 1 10 3 2 8 6 9 7 5 
20180612578 10 5 1 9 8 2 6 4 3 7 
20180612579 9 1 8 4 6 5 3 7 2 10 
20180612580 8 4 6 9 10 5 3 2 1 7 
20180612581 7 9 4 10 2 3 8 5 6 1 
20180612582 5 4 2 1 7 8 9 10 3 6 
20180612583 1 4 10 5 2 7 6 3 8 9 
20180612584 7 3 10 1 2 9 4 6 8 5 
20180612585 7 3 10 9 8 5 4 6 1 2 
20180612586 6 4 5 2 8 9 1 3 7 10 
20180612587 5 3 6 2 9 4 1 7 10 8 
20180612588 1 5 10 2 9 4 3 6 8 7 
20180612589 6 1 4 8 3 2 5 10 9 7 
20180612590 10 5 9 8 4 1 2 7 6 3 
20180612591 10 4 8 6 1 5 3 2 9 7 
20180612592 10 5 4 3 1 8 6 2 7 9 
20180612593 4 2 5 8 3 1 9 6 10 7 
20180612594 7 10 4 1 8 9 5 6 3 2 
20180612595 3 6 4 10 2 5 9 8 1 7 
20180612596 2 4 10 3 9 6 5 1 8 7 
20180612597 7 3 4 8 9 6 1 2 5 10 
20180612598 1 2 4 7 9 8 6 3 10 5 
20180612599 3 7 5 6 9 4 8 2 10 1 
20180612600 1 8 5 3 9 2 6 4 7 10 
20180612601 10 3 2 9 1 6 8 7 5 4 
20180612602 6 1 9 3 8 5 4 7 10 2 
20180612603 2 10 9 5 3 7 6 8 4 1 
20180612604 4 3 10 7 5 6 8 9 1 2 
20180612605 1 6 5 8 4 7 2 9 3 10 
20180612606 4 5 9 6 7 3 10 1 2 8 
20180612607 5 7 2 3 6 10 4 9 8 1 
20180612608 8 4 9 2 7 10 3 5 1 6 
20180612609 3 1 10 5 6 7 4 8 9 2 
20180612610 1 8 6 2 10 5 9 3 7 4 
20180612611 7 10 9 8 3 4 5 6 1 2 
20180612612 7 1 5 6 8 2 4 3 10 9 
20180612613 6 5 2 8 7 10 4 1 3 9 
20180612614 1 10 2 5 7 3 4 9 8 6 
20180612615 8 10 1 2 5 3 7 4 9 6 
20180612616 10 4 9 3 2 7 5 8 1 6 
20180612617 8 7 2 1 5 9 10 6 4 3 
20180612618 2 7 9 8 5 10 3 4 1 6 
20180612619 6 1 9 2 8 4 5 3 7 10 
20180612620 4 1 10 6 7 5 2 3 9 8 
20180612621 9 1 2 4 8 5 7 3 10 6 
20180612622 2 1 8 4 3 7 6 10 9 5 
20180612623 2 9 6 4 10 1 7 8 5 3 
20180612624 7 10 8 1 5 3 9 2 4 6 
20180612625 7 2 1 4 10 8 6 3 5 9 
20180612626 6 7 5 9 10 1 2 4 3 8 
20180612627 2 7 6 9 4 10 5 8 3 1 
20180612628 6 3 4 7 9 8 1 5 10 2 
20180612629 2 5 8 7 3 9 4 1 10 6 
20180612630 2 3 7 4 10 5 8 9 1 6 
20180612631 9 4 6 8 10 1 5 3 7 2 
20180612632 4 9 5 8 7 6 1 10 2 3 
20180612633 9 1 7 4 10 2 5 3 8 6 
20180612634 10 6 8 2 3 7 1 4 9 5 
20180612635 10 4 7 5 2 8 9 3 1 6 
20180612636 7 9 2 10 6 5 1 3 4 8 
20180612637 5 9 3 1 4 7 6 8 2 10 
20180612638 5 4 1 2 3 9 10 6 8 7 
20180612639 8 10 9 2 4 1 6 5 3 7 
20180612640 2 7 3 1 10 8 6 5 4 9 
20180612641 10 1 6 2 9 7 8 5 3 4 
20180612642 4 8 9 3 6 5 10 2 7 1 
20180612643 8 5 7 3 10 9 2 1 6 4 
20180612644 10 3 2 1 4 5 6 9 7 8 
20180612645 8 2 5 3 4 9 1 10 6 7 
20180612646 7 1 9 10 5 2 4 8 6 3 
20180612647 4 10 9 6 2 1 7 5 8 3 
20180612648 2 9 7 10 1 3 5 6 8 4 
20180612649 1 9 3 4 5 8 7 6 2 10 
20180612650 8 9 10 4 6 5 3 1 2 7 
20180612651 6 2 5 4 7 10 3 8 9 1 
20180612652 8 2 4 7 9 6 1 10 3 5 
20180612653 2 10 6 8 4 9 3 7 1 5 
20180612654 9 8 2 7 3 5 1 4 6 10 
20180612655 2 3 5 6 4 8 1 10 9 7 
20180612656 5 6 10 3 4 9 2 7 1 8 
20180612657 7 1 2 3 4 6 5 10 9 8 
20180612658 8 9 1 3 4 10 7 6 2 5 
20180612659 2 3 5 8 7 10 1 9 4 6 
20180612660 4 8 5 3 6 7 10 2 1 9 
20180612661 10 4 2 1 7 9 8 6 3 5 
20180612662 2 6 4 9 3 8 1 5 10 7 
20180612663 3 7 8 2 9 5 10 1 6 4 
20180612664 1 6 8 7 10 4 5 9 3 2 
20180612665 9 7 1 2 4 8 6 3 10 5 
20180612666 8 2 6 7 10 9 3 5 1 4 
20180612667 7 10 4 3 6 1 9 8 5 2 
20180612668 6 4 9 2 5 8 3 1 7 10 
20180612669 1 6 9 4 2 7 3 10 8 5 
20180612670 6 2 10 5 1 8 3 4 7 9 
20180612671 10 8 2 3 7 6 9 5 1 4 
20180612672 9 8 3 4 2 10 1 6 5 7 
20180612673 5 4 2 10 7 1 6 8 9 3 
20180612674 8 9 3 5 6 1 10 4 2 7 
20180612675 1 5 10 8 7 2 3 6 4 9 
20180612676 9 8 5 6 7 4 1 10 2 3 
20180612677 4 8 6 9 5 2 7 10 1 3 
20180612678 4 2 1 3 6 7 10 8 9 5 
20180612679 1 3 9 6 2 7 4 10 5 8 
20180612680 5 2 3 7 8 4 9 6 10 1 
20180612681 5 2 1 4 7 6 9 3 10 8 
20180612682 9 7 1 3 6 10 8 4 2 5 
20180612683 8 7 4 6 5 9 3 10 1 2 
20180612684 9 6 1 7 3 8 2 10 4 5 
20180612685 6 7 8 10 3 1 5 9 2 4 
20180612686 5 8 10 3 6 9 1 7 2 4 
20180612687 7 10 3 6 9 5 1 2 8 4 
20180612688 3 10 1 2 9 7 4 6 5 8 
20180612689 2 8 4 9 3 5 10 6 7 1 
20180612690 1 7 6 9 2 10 8 5 4 3 
20180612691 3 8 7 1 6 4 2 5 9 10 
20180612692 3 8 5 4 7 2 10 1 6 9 
20180612693 5 1 10 2 9 3 6 4 8 7 
20180612694 7 4 5 1 9 8 3 2 6 10 
20180612695 6 3 1 10 9 2 7 5 4 8 
20180612696 6 3 2 4 5 10 9 7 1 8 
20180612697 8 4 10 6 3 1 9 5 2 7 
20180612698 9 2 10 1 3 4 6 5 8 7 
20180612699 2 5 6 4 10 7 1 9 8 3 
20180612700 10 2 1 3 9 6 7 8 4 5 
20180612701 7 4 10 9 2 3 6 8 5 1 
20180612702 10 3 4 7 8 9 1 5 6 2 
20180612703 6 3 10 2 8 7 9 5 1 4 
20180612704 1 4 6 7 9 2 5 3 10 8 
20180612705 1 3 6 5 8 2 10 7 4 9 
20180612706 2 3 5 1 4 6 10 7 8 9 
20180612707 7 5 8 1 4 3 6 2 10 9 
20180612708 10 4 3 6 8 2 5 7 1 9 
20180612709 2 7 8 4 5 10 1 3 6 9 
20180612710 10 2 6 1 7 3 8 9 4 5 
20180612711 3 7 6 9 5 4 2 10 1 8 
20180612712 9 3 10 2 4 1 5 7 6 8 
20180612713 5 9 2 7 1 4 6 3 8 10 
20180612714 5 2 3 8 10 4 1 7 9 6 
20180612715 1 3 4 2 5 8 9 10 6 7 
20180612716 3 8 4 9 2 1 7 6 5 10 
20180612717 10 1 5 6 7 9 8 4 2 3 
20180612718 4 10 7 2 3 6 5 9 8 1 
20180612719 3 7 5 10 8 9 2 4 1 6 
20180612720 3 10 9 2 1 6 7 4 5 8 
20180612721 3 10 5 4 7 9 8 2 6 1 
20180612722 3 9 7 8 4 1 6 10 2 5 
20180612723 2 5 1 6 8 4 10 3 7 9 
20180612724 5 6 8 3 9 10 2 7 4 1 
20180612725 1 10 8 9 2 3 5 7 4 6 
20180612726 7 8 4 10 3 9 6 1 2 5 
20180612727 6 7 1 9 3 10 2 4 5 8 
20180612728 2 8 6 7 5 4 10 9 1 3 
20180612729 6 3 1 8 9 10 4 5 7 2 
20180612730 9 8 2 3 4 10 7 1 5 6 
20180612731 1 4 2 9 3 6 7 8 10 5 
20180612732 8 2 10 7 1 9 3 6 4 5 
20180612733 7 3 5 8 9 4 1 10 2 6 
20180612734 6 5 10 8 2 4 9 3 7 1 
20180612735 1 10 4 5 7 2 3 6 9 8 
20180612736 3 2 6 9 5 4 10 7 8 1 
20180612737 10 3 7 5 9 8 6 2 1 4 
20180612738 6 7 4 2 5 9 10 8 1 3 
20180612739 6 2 8 9 3 7 1 4 10 5 
20180612740 3 10 9 8 5 7 1 2 6 4 
20180612741 7 6 8 10 2 9 4 1 5 3 
20180612742 2 9 1 8 6 10 7 3 5 4 
20180612743 5 9 1 6 2 4 10 8 7 3 
20180612744 4 7 2 5 8 1 6 9 10 3 
20180612745 10 5 1 6 2 9 7 4 8 3 
20180612746 2 5 8 7 6 1 3 4 9 10 
20180612747 8 6 4 3 2 9 10 7 5 1 
20180612748 1 5 10 6 2 4 9 8 7 3 
20180612749 5 7 8 3 1 6 9 10 2 4 
20180612750 7 2 8 6 4 9 5 1 3 10 
20180612751 2 6 10 5 3 7 4 8 9 1 
20180612752 10 7 9 2 6 4 1 8 3 5 
20180612753 10 8 3 2 6 7 4 9 1 5 
20180612754 7 9 4 5 2 3 1 8 6 10 
20180612755 2 10 5 3 6 1 4 9 7 8 
20180612756 1 5 10 2 4 3 6 7 9 8 
20180612757 6 7 9 3 4 1 5 8 10 2 
20180612758 4 9 7 2 1 10 6 3 8 5 
20180612759 4 9 10 8 1 2 5 6 3 7 
20180612760 6 9 1 2 7 5 3 10 8 4 
20180612761 4 3 7 5 10 8 9 1 2 6 
20180612762 4 3 9 7 2 5 1 6 10 8 
20180612763 6 1 2 9 5 8 3 10 4 7 
20180612764 6 4 10 8 5 1 7 2 3 9 
20180612765 8 7 2 6 10 3 4 1 5 9 
20180612766 1 5 9 2 8 3 4 7 6 10 
20180612767 2 5 9 7 4 10 6 1 8 3 
20180612768 5 3 8 6 10 1 7 9 4 2 
20180612769 9 7 2 10 6 4 5 3 1 8 
20180612770 6 7 4 5 10 2 9 3 8 1 
20180612771 1 2 7 8 6 4 9 10 3 5 
20180612772 4 7 9 10 5 2 8 3 6 1 
20180612773 5 9 8 4 7 6 1 3 2 10 
20180612774 3 7 4 2 5 10 8 9 6 1 
20180612775 6 10 2 5 9 7 3 4 1 8 
20180612776 6 8 5 9 2 10 7 3 4 1 
20180612777 2 4 10 1 3 8 7 9 5 6 
20180612778 10 9 7 5 6 3 1 2 8 4 
20180612779 10 3 1 7 4 9 6 5 2 8 
20180612780 10 4 9 7 2 1 8 6 5 3 
20180612781 10 2 4 1 5 9 7 6 3 8 
20180612782 1 6 9 8 7 10 2 3 5 4 
20180612783 3 10 8 5 2 6 4 7 1 9 
20180612784 1 4 7 2 6 10 9 5 8 3 
20180612785 4 1 6 10 5 7 3 8 9 2 
20180612786 2 3 9 5 7 6 10 4 8 1 
20180612787 7 3 1 8 5 10 6 4 9 2 
20180612788 10 4 7 2 8 9 6 1 3 5 
20180612789 2 3 9 1 7 6 5 4 8 10 
20180612790 6 3 1 8 10 2 4 9 5 7 
20180612791 8 7 2 5 10 4 9 6 1 3 
20180612792 1 10 2 8 7 6 4 5 9 3 
20180612793 2 4 1 9 8 7 5 10 3 6 
20180612794 4 1 2 6 10 8 5 9 7 3 
20180612795 9 10 3 7 8 1 4 5 2 6 
20180612796 2 7 9 8 4 3 1 5 6 10 
20180612797 3 8 10 6 4 7 2 9 1 5 
20180612798 9 3 2 5 6 4 7 10 8 1 
20180612799 6 9 10 3 8 7 2 1 4 5 
20180612800 6 1 2 7 3 4 8 9 5 10 
20180612801 5 9 7 3 8 4 6 10 2 1 
20180612802 8 7 10 4 6 9 1 2 3 5 
20180612803 2 1 8 5 3 10 9 4 6 7 
20180612804 10 5 4 9 7 1 2 6 3 8 
20180612805 2 5 3 7 1 10 9 4 8 6 
20180612806 5 4 1 8 10 2 3 7 6 9 
20180612807 7 6 1 9 3 10 5 2 4 8 
20180612808 3 5 6 10 8 2 9 1 7 4 
20180612809 5 6 7 2 4 1 3 10 8 9 
20180612810 5 10 8 9 2 3 6 4 7 1 
20180612811 8 6 7 9 5 4 1 3 2 10 
20180612812 10 1 6 9 8 2 3 5 7 4 
20180612813 2 8 6 9 5 10 4 3 7 1 
20180612814 8 9 3 6 7 1 10 4 2 5 
20180612815 6 7 2 8 5 9 10 3 1 4 
20180612816 10 2 5 1 9 7 4 6 3 8 
20180612817 10 7 5 1 6 2 9 3 4 8 
20180612818 2 9 4 10 3 7 1 6 8 5 
20180612819 5 3 9 1 7 4 8 10 2 6 
20180612820 5 9 6 1 4 2 10 8 7 3 
20180612821 6 10 2 8 7 9 1 5 3 4 
20180612822 1 8 4 7 5 3 10 2 6 9 
20180612823 10 1 4 8 3 5 6 9 7 2 
20180612824 6 8 5 7 2 4 3 10 9 1 
20180612825 10 1 8 4 7 2 9 6 3 5 
20180612826 10 4 3 6 1 7 5 2 8 9 
20180612827 6 10 5 3 9 4 7 8 2 1 
20180612828 6 4 2 5 1 7 3 10 8 9 
20180612829 7 9 6 5 10 2 8 1 3 4 
20180612830 4 7 10 6 5 1 2 3 9 8 
20180612831 4 2 3 6 7 9 10 8 1 5 
20180612832 2 4 6 8 9 5 3 7 10 1 
20180612833 4 10 5 2 7 8 1 3 6 9 
20180612834 5 9 1 4 7 3 6 8 10 2 
20180612835 8 5 10 3 2 1 4 7 9 6 
20180612836 7 9 2 1 8 10 6 4 5 3 
20180612837 4 7 5 10 1 3 6 8 2 9 
20180612838 7 2 5 3 4 8 1 9 10 6 
20180612839 9 10 2 6 5 1 3 7 4 8 
20180612840 3 6 10 8 4 5 2 9 1 7 
20180612841 7 6 4 10 9 1 8 2 5 3 
20180612842 10 4 9 5 3 8 2 7 1 6 
20180612843 10 6 3 9 4 2 8 5 1 7 
20180612844 2 3 5 8 6 10 4 9 1 7 
20180612845 7 6 10 4 8 3 2 1 9 5 
20180612846 7 2 9 5 10 6 4 3 1 8 
20180612847 6 1 4 2 3 8 5 7 9 10 
20180612848 9 4 1 10 2 3 5 6 8 7 
20180612849 2 7 9 8 1 10 5 6 3 4 
20180612850 10 5 8 9 1 7 4 3 6 2 
20180612851 1 8 7 5 2 10 3 9 4 6 
20180612852 5 4 7 1 3 10 8 2 6 9 
20180612853 4 8 10 2 7 3 1 9 6 5 
20180612854 3 10 2 5 9 4 8 7 6 1 
20180612855 3 5 4 8 10 9 7 1 6 2 
20180612856 8 3 6 7 5 9 4 2 1 10 
20180612857 2 1 10 5 4 7 8 6 3 9 
20180612858 4 7 5 2 9 10 6 1 8 3 
20180612859 6 10 2 5 8 1 7 3 4 9 
20180612860 5 10 3 8 6 7 2 9 4 1 
20180612861 4 5 10 8 1 2 9 7 6 3 
20180612862 5 6 2 1 8 4 10 9 7 3 
20180612863 4 1 10 8 5 7 3 6 9 2 
20180612864 7 1 3 6 5 9 8 4 10 2 
20180612865 8 9 7 4 3 2 10 6 1 5 
20180612866 2 6 5 8 1 7 9 4 3 10 
20180612867 5 9 4 7 10 8 6 3 1 2 
20180612868 10 9 2 5 7 4 1 6 3 8 
20180612869 10 3 8 7 5 1 4 2 6 9 
20180612870 8 3 6 9 4 2 10 7 5 1 
20180612871 4 3 1 10 9 5 8 2 6 7 
20180612872 1 6 4 10 8 2 5 3 7 9 
20180612873 1 10 2 3 8 7 9 4 5 6 
20180612874 5 1 6 10 4 3 2 8 7 9 
20180612875 4 5 8 2 6 1 9 7 3 10 
20180612876 5 8 2 3 1 7 10 9 6 4 
20180612877 4 8 1 2 10 3 9 5 7 6 
20180612878 2 8 9 6 4 1 7 5 10 3 
20180612879 5 7 1 4 8 10 2 6 3 9 
20180612880 5 6 3 1 9 8 4 10 7 2 
20180612881 8 1 2 3 10 7 5 6 4 9 
20180612882 10 3 2 6 9 8 1 4 5 7 
20180612883 10 5 4 2 3 6 1 7 9 8 
20180612884 1 2 6 9 10 8 3 5 7 4 
20180612885 4 7 10 5 6 1 8 2 3 9 
20180612886 2 8 4 3 1 5 6 7 10 9 
20180612887 7 5 3 9 8 6 2 4 10 1 
20180612888 6 7 10 8 5 9 4 3 1 2 
20180612889 8 1 7 5 4 9 10 2 6 3 
20180612890 8 2 4 5 9 6 3 7 1 10 
20180612891 7 6 8 10 5 4 1 2 9 3 
20180612892 4 5 7 9 2 6 3 10 8 1 
20180612893 5 3 2 6 1 10 4 8 9 7 
20180612894 10 6 1 2 4 8 9 3 5 7 
20180612895 10 5 9 8 3 6 4 2 1 7 
20180612896 10 5 3 8 6 2 9 7 1 4 
20180612897 6 9 4 2 8 1 3 10 5 7 
20180612898 1 10 8 5 3 9 2 4 6 7 
20180612899 10 3 2 7 1 4 6 5 9 8 
20180612900 3 1 5 2 9 4 8 7 10 6 
20180612901 9 2 7 8 1 10 4 3 6 5 
20180612902 8 6 4 7 9 2 5 10 3 1 
20180612903 4 6 1 3 5 2 7 10 8 9 
20180612904 9 10 1 2 6 8 4 5 3 7 
20180612905 5 3 10 8 4 9 2 7 6 1 
20180612906 9 2 10 8 1 5 4 3 7 6 
20180612907 4 10 3 2 6 1 5 8 9 7 
20180612908 6 3 7 8 2 4 5 10 1 9 
20180612909 1 3 10 5 7 2 4 9 8 6 
20180612910 7 10 5 2 1 3 8 9 6 4 
20180612911 8 1 9 6 10 3 2 7 4 5 
20180612912 1 8 3 7 9 10 6 2 4 5 
20180612913 3 4 2 7 10 5 1 6 9 8 
20180612914 5 8 7 6 4 2 3 1 9 10 
20180612915 7 9 5 8 6 10 1 3 2 4 
20180612916 6 2 4 8 5 10 3 9 7 1 
20180612917 4 2 1 9 3 5 8 7 6 10 
20180612918 4 1 8 10 6 9 3 5 7 2 
20180612919 5 3 4 6 2 8 10 1 9 7 
20180612920 10 8 1 4 9 7 5 2 6 3 
20180612921 6 4 7 10 8 2 3 9 1 5 
20180612922 4 10 5 3 6 2 1 9 7 8 
20180612923 4 10 1 2 6 8 5 7 3 9 
20180612924 4 10 8 7 6 9 3 2 1 5 
20180612925 9 2 10 8 3 1 6 7 5 4 
20180612926 6 4 3 1 5 7 8 10 9 2 
20180612927 7 3 5 8 4 1 6 9 10 2 
20180612928 2 9 7 5 6 1 10 8 4 3 
20180612929 10 4 3 8 1 9 2 5 6 7 
20180612930 2 9 10 5 8 6 7 1 3 4 
20180612931 4 9 2 7 3 10 5 8 6 1 
20180612932 3 6 1 7 10 2 8 9 4 5 
20180612933 1 3 5 9 6 4 2 10 7 8 
20180612934 8 1 9 7 5 10 2 3 4 6 
20180612935 2 4 3 6 5 1 9 8 10 7 
20180612936 4 10 1 8 5 6 7 2 9 3 
20180612937 3 4 1 8 2 5 10 6 9 7 
20180612938 5 9 1 3 4 6 8 10 7 2 
20180612939 5 9 6 4 1 7 3 8 10 2 
20180612940 2 9 3 10 7 5 1 4 8 6 
20180612941 1 8 7 3 10 9 4 5 2 6 
20180612942 5 10 3 7 1 6 2 8 4 9 
20180612943 1 3 10 8 5 6 2 9 7 4 
20180612944 10 3 1 8 9 6 7 4 2 5 
20180612945 5 1 9 7 2 4 3 8 10 6 
20180612946 7 3 1 2 4 9 10 6 5 8 
20180612947 6 10 2 7 5 1 8 3 9 4 
20180612948 4 7 2 3 10 8 6 5 9 1 
20180612949 6 5 8 4 9 7 2 1 3 10 
20180612950 2 1 10 8 6 9 4 3 7 5 
20180612951 3 8 6 4 1 9 2 10 5 7 
20180612952 2 4 3 6 8 7 9 10 1 5 
20180612953 1 8 4 6 9 10 5 2 7 3 
20180612954 8 7 3 6 1 4 2 9 5 10 
20180612955 7 2 5 3 4 8 10 1 9 6 
20180612956 2 5 1 10 9 4 7 8 3 6 
20180612957 9 1 7 10 8 4 2 6 5 3 
20180612958 1 9 2 4 10 5 6 8 7 3 
20180612959 4 9 6 8 5 7 2 1 3 10 
20180612960 9 1 3 10 8 7 6 5 2 4 
20180612961 8 10 5 2 1 9 6 7 3 4 
20180612962 9 8 7 2 4 3 10 5 6 1 
20180612963 10 5 3 9 4 1 8 7 2 6 
20180612964 3 9 2 5 7 10 4 6 8 1 
20180612965 1 10 7 3 6 5 9 2 8 4 
20180612966 4 8 5 3 1 2 7 9 6 10 
20180612967 1 7 6 5 9 10 8 3 2 4 
20180612968 10 4 3 6 8 2 1 9 7 5 
20180612969 1 2 5 4 3 10 7 8 9 6 
20180612970 5 2 3 7 6 4 9 10 1 8 
20180612971 3 8 7 6 2 9 4 10 1 5 
20180612972 6 1 9 4 7 10 3 8 5 2 
20180612973 2 9 1 4 6 10 5 7 8 3 
20180612974 2 4 7 5 9 1 3 10 8 6 
20180612975 8 9 10 2 3 6 1 7 4 5 
20180612976 3 10 6 7 2 4 8 1 9 5 
20180612977 3 5 10 9 7 1 8 6 2 4 
20180612978 2 10 1 6 3 8 9 5 4 7 
20180612979 7 1 3 9 5 6 10 4 8 2 
20180612980 1 9 4 3 7 8 2 10 5 6 
20180612981 5 6 2 4 7 3 1 8 9 10 
20180612982 8 9 5 1 2 3 10 6 4 7 
20180612983 6 10 2 4 8 1 3 5 7 9 
20180612984 1 9 8 5 10 3 6 2 4 7 
20180612985 5 8 6 1 2 4 9 7 10 3 
