20180601001 3 1 6 7 2 5 8 10 9 4 
20180601002 9 8 1 2 6 7 4 5 3 10 
20180601003 8 2 6 7 4 10 9 1 5 3 
20180601004 6 5 2 4 10 8 7 3 9 1 
20180601005 1 10 4 3 2 8 7 6 5 9 
20180601006 9 3 8 5 10 7 1 6 2 4 
20180601007 5 1 4 2 6 10 9 8 3 7 
20180601008 7 2 1 4 10 9 5 6 8 3 
20180601009 8 3 10 4 2 5 9 6 1 7 
20180601010 8 1 3 5 9 10 2 4 6 7 
20180601011 3 5 7 6 4 2 10 9 8 1 
20180601012 3 4 1 2 7 6 10 5 9 8 
20180601013 7 3 6 1 4 10 8 5 2 9 
20180601014 10 8 4 6 3 1 5 7 9 2 
20180601015 8 5 3 1 6 4 9 2 7 10 
20180601016 5 4 7 9 8 6 10 2 3 1 
20180601017 5 7 3 9 6 2 10 8 1 4 
20180601018 10 2 6 7 3 1 5 4 9 8 
20180601019 1 5 8 4 2 9 6 7 3 10 
20180601020 6 5 2 8 3 1 10 4 9 7 
20180601021 8 1 9 7 5 2 4 6 10 3 
20180601022 7 4 2 8 1 10 3 6 9 5 
20180601023 10 2 8 5 9 7 1 6 4 3 
20180601024 7 2 4 8 5 6 9 10 1 3 
20180601025 5 2 8 1 7 6 10 4 3 9 
20180601026 3 10 6 1 9 4 2 5 7 8 
20180601027 2 10 6 3 9 8 7 5 1 4 
20180601028 2 6 9 7 4 1 3 5 10 8 
20180601029 9 8 10 1 2 7 6 4 3 5 
20180601030 9 8 10 6 1 2 4 7 3 5 
20180601031 1 4 2 5 6 10 3 8 7 9 
20180601032 10 6 8 5 3 9 2 4 1 7 
20180601033 8 7 2 10 4 3 5 9 6 1 
20180601034 2 4 9 1 6 8 5 7 10 3 
20180601035 1 8 7 3 2 6 4 9 5 10 
20180601036 5 10 2 1 7 4 3 6 9 8 
20180601037 1 2 7 10 9 5 8 6 3 4 
20180601038 1 3 10 2 4 7 6 9 8 5 
20180601039 5 3 7 6 9 8 2 10 4 1 
20180601040 3 1 10 7 5 6 9 4 8 2 
20180601041 6 9 2 3 7 5 1 8 10 4 
20180601042 4 5 3 2 6 9 1 8 10 7 
20180601043 2 1 4 9 5 8 6 10 7 3 
20180601044 9 10 5 7 3 8 1 6 2 4 
20180601045 8 9 6 4 3 2 5 1 7 10 
20180601046 5 6 1 4 9 10 8 7 2 3 
20180601047 8 7 4 10 1 5 9 6 3 2 
20180601048 3 2 10 6 4 7 1 8 9 5 
20180601049 10 9 6 3 4 2 1 8 7 5 
20180601050 8 3 4 5 1 9 6 10 2 7 
20180601051 9 7 6 1 3 10 8 5 2 4 
20180601052 8 3 6 4 1 7 2 9 10 5 
20180601053 3 4 1 7 10 8 2 9 6 5 
20180601054 3 2 9 1 6 7 5 4 10 8 
20180601055 7 5 8 3 4 6 2 1 10 9 
20180601056 8 9 3 5 7 4 10 2 6 1 
20180601057 1 7 6 8 5 2 10 3 9 4 
20180601058 5 7 6 4 10 1 8 2 9 3 
20180601059 9 4 1 5 2 7 3 6 8 10 
20180601060 4 8 9 3 2 5 1 7 10 6 
20180601061 9 3 6 10 4 1 2 8 5 7 
20180601062 8 7 3 4 10 5 2 9 6 1 
20180601063 9 10 4 7 1 2 8 6 3 5 
20180601064 2 1 4 8 5 9 6 3 10 7 
20180601065 1 5 8 7 9 6 10 4 2 3 
20180601066 10 7 2 3 1 4 8 5 6 9 
20180601067 9 3 1 5 10 4 7 2 6 8 
20180601068 1 5 7 8 3 9 6 10 4 2 
20180601069 3 2 4 5 9 6 7 1 10 8 
20180601070 3 1 7 10 8 4 6 2 9 5 
20180601071 6 1 5 4 10 9 3 7 8 2 
20180601072 6 9 7 4 10 5 8 2 3 1 
20180601073 6 8 1 4 2 3 10 5 9 7 
20180601074 5 3 2 8 6 7 1 4 10 9 
20180601075 9 1 10 3 2 4 8 6 7 5 
20180601076 7 9 2 6 8 5 1 10 4 3 
20180601077 1 10 6 8 9 7 3 2 5 4 
20180601078 10 1 8 4 3 6 7 5 9 2 
20180601079 3 2 6 4 10 5 1 9 7 8 
20180601080 10 6 1 9 8 2 4 7 3 5 
20180601081 8 5 6 3 1 7 2 4 9 10 
20180601082 6 2 5 10 4 8 9 3 1 7 
20180601083 6 10 4 5 7 3 9 1 8 2 
20180601084 7 5 9 10 3 2 4 8 1 6 
20180601085 2 5 10 3 8 4 6 7 9 1 
20180601086 9 4 6 5 3 1 10 7 2 8 
20180601087 3 9 10 4 8 2 5 6 1 7 
20180601088 2 7 6 1 3 5 10 4 8 9 
20180601089 1 5 9 8 6 7 3 10 4 2 
20180601090 1 2 3 6 7 4 10 8 5 9 
20180601091 8 4 3 2 6 1 5 7 9 10 
20180601092 7 10 2 4 5 3 9 6 1 8 
20180601093 5 3 1 2 6 9 10 8 7 4 
20180601094 5 4 3 8 7 6 2 9 10 1 
20180601095 2 7 1 6 10 9 3 5 8 4 
20180601096 2 4 5 10 1 8 9 3 6 7 
20180601097 10 1 3 7 5 4 6 8 9 2 
20180601098 3 1 7 10 8 4 6 9 5 2 
20180601099 10 8 1 9 7 2 6 4 5 3 
20180601100 8 4 7 10 2 6 5 9 1 3 
20180601101 1 6 3 2 7 10 9 5 8 4 
20180601102 3 6 4 9 5 10 1 2 7 8 
20180601103 2 5 6 7 4 8 3 10 1 9 
20180601104 3 7 2 6 5 8 9 1 10 4 
20180601105 10 2 8 3 7 1 5 4 6 9 
20180601106 5 8 4 7 6 9 10 3 2 1 
20180601107 9 1 3 10 7 4 6 8 2 5 
20180601108 7 3 10 4 5 1 2 9 6 8 
20180601109 3 4 7 6 5 1 8 2 9 10 
20180601110 10 5 8 2 4 3 9 1 7 6 
20180601111 8 10 3 1 6 2 4 7 9 5 
20180601112 6 1 7 9 8 3 10 2 4 5 
20180601113 6 5 1 7 8 10 9 3 4 2 
20180601114 6 4 7 10 2 5 3 9 1 8 
20180601115 3 7 8 10 1 2 4 5 6 9 
20180601116 9 3 4 8 7 1 6 5 10 2 
20180601117 4 5 10 1 8 3 9 6 2 7 
20180601118 6 8 9 1 2 10 3 5 7 4 
20180601119 3 7 6 9 4 5 1 8 2 10 
20180601120 10 6 5 1 3 9 8 7 4 2 
20180601121 8 3 9 5 4 10 2 6 1 7 
20180601122 8 5 4 1 9 2 7 3 6 10 
20180601123 8 7 3 4 2 1 5 10 6 9 
20180601124 5 4 7 9 10 8 6 3 1 2 
20180601125 5 8 7 6 2 9 4 3 1 10 
20180601126 4 8 5 3 1 2 6 10 9 7 
20180601127 2 3 9 6 10 4 8 1 5 7 
20180601128 5 10 1 7 3 9 8 2 4 6 
20180601129 9 1 6 7 10 8 4 3 5 2 
20180601130 2 8 3 5 9 10 4 1 6 7 
20180601131 1 7 8 6 5 4 10 9 3 2 
20180601132 2 8 6 10 1 9 5 7 3 4 
20180601133 5 6 2 1 7 10 8 3 4 9 
20180601134 4 8 9 2 1 10 6 7 3 5 
20180601135 6 2 7 10 5 9 4 8 1 3 
20180601136 1 5 8 10 4 3 6 2 9 7 
20180601137 6 5 7 3 8 10 2 4 9 1 
20180601138 4 1 5 3 8 6 9 2 7 10 
20180601139 9 10 2 3 7 1 6 4 5 8 
20180601140 4 5 7 9 2 10 8 1 3 6 
20180601141 5 4 1 7 10 6 9 3 2 8 
20180601142 1 4 7 8 3 5 10 2 9 6 
20180601143 9 10 5 3 2 8 6 1 4 7 
20180601144 7 9 1 6 8 4 10 3 5 2 
20180601145 8 9 5 7 1 6 3 2 10 4 
20180601146 1 4 6 9 5 2 3 10 8 7 
20180601147 1 4 9 5 3 2 10 7 8 6 
20180601148 8 7 3 4 10 6 5 2 1 9 
20180601149 6 3 7 1 5 8 9 2 4 10 
20180601150 2 4 9 1 5 3 6 8 7 10 
20180601151 5 7 9 8 6 2 3 10 1 4 
20180601152 9 1 4 6 5 7 3 8 2 10 
20180601153 2 3 10 7 4 1 6 9 8 5 
20180601154 4 9 8 10 7 3 2 5 6 1 
20180601155 10 2 3 9 5 7 1 6 4 8 
20180601156 3 9 4 2 8 5 7 6 1 10 
20180601157 7 6 9 1 3 4 2 10 5 8 
20180601158 4 10 9 6 2 1 8 3 5 7 
20180601159 8 2 7 5 1 4 10 9 6 3 
20180601160 4 2 3 1 7 6 10 5 9 8 
20180601161 8 3 9 5 4 7 1 2 6 10 
20180601162 10 4 9 8 2 7 1 6 5 3 
20180601163 4 1 8 3 9 5 2 6 7 10 
20180601164 9 2 8 1 6 5 4 3 10 7 
20180601165 8 3 4 10 6 7 2 9 5 1 
20180601166 2 1 4 8 10 7 6 5 9 3 
20180601167 1 4 7 8 3 9 10 2 6 5 
20180601168 9 10 3 5 4 2 1 8 6 7 
20180601169 10 2 8 4 9 6 7 1 3 5 
20180601170 4 10 5 3 7 2 1 6 9 8 
20180601171 3 6 8 1 2 10 7 5 4 9 
20180601172 4 9 7 8 1 5 6 2 3 10 
20180601173 9 7 3 5 1 8 4 10 2 6 
20180601174 3 4 9 2 7 10 8 6 1 5 
20180601175 10 1 7 2 6 4 5 8 3 9 
20180601176 1 8 7 3 6 4 10 9 2 5 
20180601177 6 3 5 7 4 9 1 10 2 8 
20180601178 7 3 10 2 5 6 1 9 8 4 
20180601179 2 8 5 3 6 4 1 9 7 10 
20180601180 2 3 9 7 10 6 1 8 4 5 
20180601181 7 6 1 10 2 3 9 8 4 5 
20180601182 6 10 7 1 3 8 2 5 9 4 
20180601183 6 1 3 8 10 7 2 5 9 4 
20180601184 4 3 9 6 2 8 5 7 1 10 
20180601185 10 1 5 3 7 9 6 4 8 2 
20180601186 10 6 5 9 7 8 1 3 2 4 
20180601187 1 8 6 9 10 3 4 7 5 2 
20180601188 9 4 6 5 2 7 1 8 10 3 
20180601189 3 9 4 2 10 8 6 5 1 7 
20180601190 1 4 2 6 9 8 5 7 3 10 
20180601191 2 5 4 6 8 9 3 10 7 1 
20180601192 1 3 10 2 4 8 7 6 9 5 
20180601193 8 5 10 9 3 4 1 7 6 2 
20180601194 9 7 2 3 5 1 8 6 10 4 
20180601195 5 3 6 2 8 9 4 10 7 1 
20180601196 9 7 3 6 2 10 1 8 4 5 
20180601197 9 8 6 7 5 2 3 10 4 1 
20180601198 4 2 7 6 1 3 8 9 5 10 
20180601199 5 3 7 10 8 4 9 6 2 1 
20180601200 5 4 3 10 7 2 6 9 1 8 
20180601201 10 8 7 1 5 3 4 2 6 9 
20180601202 3 2 6 10 1 4 7 5 8 9 
20180601203 2 1 6 8 7 10 3 4 9 5 
20180601204 7 4 2 3 10 5 9 1 8 6 
20180601205 7 1 2 3 6 4 10 8 9 5 
20180601206 5 1 4 6 3 2 8 9 10 7 
20180601207 10 2 7 8 1 5 4 3 6 9 
20180601208 7 10 6 9 1 4 2 5 3 8 
20180601209 9 3 7 8 5 1 10 2 4 6 
20180601210 2 8 3 10 5 6 9 7 1 4 
20180601211 8 7 9 3 2 5 1 6 4 10 
20180601212 6 4 2 1 10 7 5 8 3 9 
20180601213 6 10 2 3 5 1 8 7 9 4 
20180601214 4 5 2 10 7 9 1 3 6 8 
20180601215 1 3 8 4 7 10 9 2 6 5 
20180601216 9 3 1 2 5 7 6 8 4 10 
20180601217 4 9 1 7 3 10 8 6 2 5 
20180601218 9 7 5 8 10 3 4 1 6 2 
20180601219 1 10 4 5 3 7 8 9 2 6 
20180601220 4 8 3 6 10 5 2 9 1 7 
20180601221 2 1 7 6 5 4 9 10 3 8 
20180601222 4 6 1 8 10 2 9 7 5 3 
20180601223 1 10 3 5 8 7 9 6 2 4 
20180601224 9 2 10 5 6 7 3 1 4 8 
20180601225 2 4 5 9 3 10 1 7 8 6 
20180601226 10 7 8 6 1 2 4 5 9 3 
20180601227 6 5 4 3 10 2 1 7 8 9 
20180601228 10 1 5 8 3 7 9 4 2 6 
20180601229 7 1 8 4 6 9 10 5 2 3 
20180601230 9 3 5 4 1 6 8 2 7 10 
20180601231 8 3 7 4 6 1 10 5 2 9 
20180601232 9 7 3 5 4 10 1 6 8 2 
20180601233 10 5 1 6 7 8 2 9 3 4 
20180601234 5 4 9 8 10 3 1 6 2 7 
20180601235 6 3 8 7 5 2 10 1 4 9 
20180601236 5 1 6 7 3 4 8 9 10 2 
20180601237 10 7 6 1 9 3 5 4 8 2 
20180601238 7 1 10 3 2 6 9 8 5 4 
20180601239 2 7 3 10 6 1 4 5 8 9 
20180601240 10 7 9 8 2 5 3 6 4 1 
20180601241 7 1 3 2 6 4 9 5 10 8 
20180601242 6 10 3 9 4 8 7 2 5 1 
20180601243 3 7 4 10 2 6 9 1 5 8 
20180601244 4 8 7 3 1 2 5 6 10 9 
20180601245 9 8 2 6 10 5 3 7 4 1 
20180601246 5 3 9 6 1 10 8 2 4 7 
20180601247 8 7 1 6 9 4 2 5 3 10 
20180601248 2 4 7 9 5 10 8 3 1 6 
20180601249 6 3 4 5 9 7 2 10 8 1 
20180601250 6 8 9 2 10 4 1 5 3 7 
20180601251 5 8 9 1 7 6 10 2 3 4 
20180601252 7 8 1 3 2 9 4 5 10 6 
20180601253 10 3 4 1 6 7 9 2 8 5 
20180601254 5 1 2 3 7 6 10 8 4 9 
20180601255 4 1 9 7 8 2 6 10 5 3 
20180601256 7 8 6 2 3 4 1 9 10 5 
20180601257 6 9 1 10 4 7 5 8 2 3 
20180601258 7 4 3 9 2 10 8 5 6 1 
20180601259 1 2 9 3 6 7 8 5 10 4 
20180601260 1 4 7 5 3 6 2 9 8 10 
20180601261 4 9 8 10 3 2 1 6 5 7 
20180601262 6 9 3 10 7 1 2 5 8 4 
20180601263 3 10 8 7 2 4 1 9 5 6 
20180601264 2 4 10 6 3 7 5 8 1 9 
20180601265 7 10 9 5 4 2 3 8 1 6 
20180601266 7 8 2 6 1 3 10 5 4 9 
20180601267 1 10 3 7 4 5 9 8 2 6 
20180601268 4 2 6 8 7 10 5 1 9 3 
20180601269 6 10 4 2 7 5 3 8 9 1 
20180601270 5 8 1 6 2 9 7 10 3 4 
20180601271 6 8 7 5 9 4 10 2 1 3 
20180601272 7 3 6 10 1 5 4 2 8 9 
20180601273 1 9 8 4 3 7 10 6 2 5 
20180601274 4 8 3 9 2 5 6 1 7 10 
20180601275 10 8 1 2 6 4 9 7 5 3 
20180601276 3 8 1 6 2 10 5 9 4 7 
20180601277 10 9 4 2 8 3 5 1 7 6 
20180601278 3 5 9 1 6 8 4 10 2 7 
20180601279 6 9 4 3 10 7 2 5 8 1 
20180601280 8 2 1 10 6 7 9 5 4 3 
20180601281 9 1 6 4 2 7 10 8 3 5 
20180601282 3 5 8 1 7 6 2 4 10 9 
20180601283 7 1 9 10 2 4 8 6 3 5 
20180601284 9 7 1 8 5 3 6 2 4 10 
20180601285 10 8 6 7 2 3 5 4 9 1 
20180601286 6 10 4 9 8 7 2 1 5 3 
20180601287 7 1 6 2 5 9 10 4 8 3 
20180601288 7 1 5 9 4 2 8 10 6 3 
20180601289 8 7 9 6 3 10 2 4 5 1 
20180601290 7 3 8 2 10 4 9 1 6 5 
20180601291 4 6 8 3 10 9 2 1 5 7 
20180601292 4 7 3 10 9 6 8 2 1 5 
20180601293 3 1 4 9 5 10 2 7 8 6 
20180601294 6 10 3 7 1 9 2 4 8 5 
20180601295 5 2 4 8 10 9 3 6 1 7 
20180601296 3 9 10 5 7 6 1 2 4 8 
20180601297 1 3 7 2 5 6 9 8 4 10 
20180601298 9 3 10 7 5 6 8 2 4 1 
20180601299 6 5 9 7 3 4 2 10 1 8 
20180601300 8 4 6 3 7 5 2 1 9 10 
20180601301 8 10 4 5 1 6 9 3 7 2 
20180601302 9 8 6 10 3 7 2 5 4 1 
20180601303 8 2 3 7 9 6 5 10 4 1 
20180601304 7 4 5 6 1 2 9 8 10 3 
20180601305 8 3 7 9 2 10 4 1 6 5 
20180601306 3 10 9 6 2 4 7 1 5 8 
20180601307 4 3 8 10 9 7 2 5 6 1 
20180601308 3 2 6 1 9 10 8 5 4 7 
20180601309 6 5 2 7 9 8 1 3 10 4 
20180601310 1 3 2 8 7 10 4 6 9 5 
20180601311 10 6 4 9 5 3 2 1 7 8 
20180601312 10 3 2 6 5 1 8 7 9 4 
20180601313 5 6 2 9 4 8 10 7 3 1 
20180601314 10 6 7 2 1 5 3 8 9 4 
20180601315 3 10 6 8 1 2 4 9 5 7 
20180601316 7 4 3 1 8 2 10 9 6 5 
20180601317 9 7 3 10 6 8 2 4 5 1 
20180601318 1 10 3 5 9 8 6 7 2 4 
20180601319 3 2 4 1 6 10 7 8 9 5 
20180601320 2 9 3 6 8 4 10 5 1 7 
20180601321 3 2 8 5 10 1 9 4 6 7 
20180601322 7 1 8 10 6 5 9 4 2 3 
20180601323 2 4 5 3 8 10 9 7 6 1 
20180601324 9 6 7 10 2 4 8 3 1 5 
20180601325 6 5 4 8 2 3 9 1 7 10 
20180601326 9 5 6 3 7 2 8 10 1 4 
20180601327 2 3 6 10 1 4 7 9 5 8 
20180601328 6 7 5 4 1 10 2 3 9 8 
20180601329 8 5 3 4 10 9 2 7 6 1 
20180601330 9 7 6 10 5 3 4 2 8 1 
20180601331 7 2 1 3 4 10 8 6 9 5 
20180601332 4 2 8 7 10 6 9 5 1 3 
20180601333 3 8 1 9 7 10 5 2 6 4 
20180601334 2 5 3 7 1 8 4 10 9 6 
20180601335 7 9 5 3 10 2 1 8 6 4 
20180601336 3 9 8 7 10 5 2 1 4 6 
20180601337 1 9 10 3 4 6 5 8 7 2 
20180601338 6 3 9 4 10 7 2 1 5 8 
20180601339 1 3 8 7 6 10 9 2 5 4 
20180601340 2 10 1 7 4 6 5 8 9 3 
20180601341 5 8 7 1 4 2 10 6 9 3 
20180601342 7 5 8 6 9 3 4 2 10 1 
20180601343 9 10 6 3 4 7 8 1 5 2 
20180601344 8 1 10 6 4 5 2 7 3 9 
20180601345 4 10 8 6 1 2 7 9 3 5 
20180601346 2 1 5 7 10 8 4 9 6 3 
20180601347 3 2 10 6 8 9 7 5 4 1 
20180601348 3 1 9 10 5 2 4 6 7 8 
20180601349 6 1 5 10 4 2 3 9 7 8 
20180601350 5 6 2 4 3 7 1 9 10 8 
20180601351 10 4 7 9 8 6 5 3 2 1 
20180601352 4 9 8 6 2 7 1 3 10 5 
20180601353 2 9 5 3 7 4 8 1 6 10 
20180601354 9 8 6 10 2 5 7 3 4 1 
20180601355 2 4 7 5 3 10 8 6 9 1 
20180601356 5 6 9 8 4 1 2 7 3 10 
20180601357 9 3 1 7 2 5 8 6 10 4 
20180601358 8 4 7 3 2 5 1 6 9 10 
20180601359 9 6 1 8 2 10 5 7 4 3 
20180601360 1 9 7 8 2 5 6 4 10 3 
20180601361 9 3 10 6 5 4 7 2 8 1 
20180601362 1 3 9 10 7 8 2 5 6 4 
20180601363 3 9 10 6 2 8 7 5 1 4 
20180601364 6 3 7 10 8 2 4 5 9 1 
20180601365 8 5 10 9 4 2 3 1 7 6 
20180601366 9 7 10 5 2 6 8 4 1 3 
20180601367 9 2 4 3 5 6 7 8 1 10 
20180601368 8 5 1 4 3 7 6 2 9 10 
20180601369 2 1 5 4 3 10 7 6 8 9 
20180601370 3 9 8 2 10 1 5 6 7 4 
20180601371 6 3 7 4 5 10 9 8 2 1 
20180601372 8 7 6 10 9 5 1 4 2 3 
20180601373 10 2 4 1 5 3 7 6 9 8 
20180601374 8 2 1 10 6 7 4 5 9 3 
20180601375 4 8 5 3 2 9 6 1 10 7 
20180601376 4 2 9 3 7 1 5 6 10 8 
20180601377 5 1 3 8 2 9 10 4 6 7 
20180601378 5 10 3 1 6 8 9 2 7 4 
20180601379 1 5 3 6 7 10 4 8 9 2 
20180601380 4 10 9 5 3 6 1 7 2 8 
20180601381 5 4 1 7 3 8 2 9 6 10 
20180601382 4 9 6 5 7 3 2 8 1 10 
20180601383 9 4 2 7 5 6 1 10 8 3 
20180601384 10 7 3 4 8 6 2 9 1 5 
20180601385 8 6 7 3 5 9 4 10 1 2 
20180601386 6 5 7 1 8 2 3 9 10 4 
20180601387 10 9 3 8 2 7 1 5 6 4 
20180601388 10 9 4 8 1 2 3 5 6 7 
20180601389 1 4 3 6 2 8 7 10 9 5 
20180601390 2 6 4 5 1 3 10 9 8 7 
20180601391 2 9 5 3 1 4 6 10 7 8 
20180601392 9 4 7 3 6 1 2 10 5 8 
20180601393 5 3 6 7 8 1 2 9 4 10 
20180601394 2 6 4 1 7 5 10 9 8 3 
20180601395 1 10 6 3 5 2 8 9 4 7 
20180601396 3 8 9 6 7 5 10 1 2 4 
20180601397 3 5 10 1 7 6 8 9 4 2 
20180601398 3 5 2 9 1 7 4 8 10 6 
20180601399 3 5 1 10 6 2 9 7 4 8 
20180601400 1 6 10 8 2 5 4 9 3 7 
20180601401 4 9 2 1 10 8 3 6 5 7 
20180601402 1 9 2 8 5 4 7 3 10 6 
20180601403 8 6 10 7 4 1 9 3 5 2 
20180601404 10 8 7 1 9 2 4 3 5 6 
20180601405 6 4 1 3 7 9 5 10 2 8 
20180601406 4 8 9 2 7 10 3 6 5 1 
20180601407 6 9 10 8 1 7 5 4 2 3 
20180601408 9 1 4 8 10 2 5 6 7 3 
20180601409 9 2 10 6 3 4 8 7 5 1 
20180601410 8 10 3 7 1 2 9 5 6 4 
20180601411 10 2 9 5 6 4 3 1 7 8 
20180601412 9 3 10 8 4 1 7 6 5 2 
20180601413 4 7 1 2 5 8 3 9 6 10 
20180601414 9 1 10 7 4 6 2 8 3 5 
20180601415 7 5 10 3 9 4 8 6 2 1 
20180601416 7 1 10 9 2 5 3 8 4 6 
20180601417 8 6 3 1 7 5 4 10 9 2 
20180601418 10 6 4 7 9 1 5 3 2 8 
20180601419 10 1 7 2 5 6 3 8 9 4 
20180601420 7 8 6 5 4 3 9 2 1 10 
20180601421 2 4 7 3 5 1 10 9 6 8 
20180601422 10 4 1 3 2 7 5 6 8 9 
20180601423 9 2 10 7 6 1 5 4 8 3 
20180601424 6 4 10 8 1 5 7 3 9 2 
20180601425 3 4 1 7 10 8 9 5 2 6 
20180601426 9 10 7 1 6 8 2 5 4 3 
20180601427 2 1 7 4 8 6 3 10 9 5 
20180601428 1 10 2 4 9 5 8 3 7 6 
20180601429 1 10 3 4 8 9 5 7 2 6 
20180601430 4 9 10 2 7 6 5 3 8 1 
20180601431 7 4 3 10 5 8 6 9 2 1 
20180601432 7 10 6 5 4 3 9 2 1 8 
20180601433 2 8 4 5 9 3 7 10 6 1 
20180601434 7 1 3 4 9 5 6 10 2 8 
20180601435 2 9 5 7 4 1 8 3 6 10 
20180601436 5 6 9 3 8 10 1 2 7 4 
20180601437 8 9 3 7 2 6 10 4 5 1 
20180601438 1 7 5 2 6 10 3 4 8 9 
20180601439 6 9 5 4 1 3 10 7 8 2 
20180601440 10 8 9 6 4 5 3 2 1 7 
20180601441 10 4 2 6 3 5 7 8 1 9 
20180601442 7 8 10 1 9 2 6 3 4 5 
20180601443 5 4 3 9 2 6 8 10 7 1 
20180601444 9 8 1 7 2 10 6 5 4 3 
20180601445 7 5 6 8 2 9 1 4 10 3 
20180601446 6 9 8 5 4 10 1 2 7 3 
20180601447 2 1 6 3 4 5 9 7 10 8 
20180601448 7 6 4 9 1 3 2 10 8 5 
20180601449 9 5 6 2 10 4 3 8 1 7 
20180601450 8 10 4 2 6 7 3 1 9 5 
20180601451 2 7 1 9 4 6 3 5 8 10 
20180601452 1 6 9 10 7 5 4 3 8 2 
20180601453 1 8 10 4 7 2 5 3 9 6 
20180601454 6 5 2 8 9 1 10 7 3 4 
20180601455 7 10 5 1 2 4 6 3 9 8 
20180601456 6 7 1 10 2 5 4 8 9 3 
20180601457 6 10 9 5 1 2 7 4 3 8 
20180601458 9 7 6 8 2 3 1 5 4 10 
20180601459 3 7 2 4 1 9 8 5 10 6 
20180601460 2 3 7 8 9 1 6 5 4 10 
20180601461 7 2 1 8 10 6 3 5 4 9 
20180601462 3 10 5 9 6 4 2 1 8 7 
20180601463 1 6 5 9 4 7 2 3 10 8 
20180601464 7 2 5 1 4 10 3 8 6 9 
20180601465 10 9 2 3 7 5 4 8 6 1 
20180601466 8 4 10 9 1 7 2 3 6 5 
20180601467 5 2 4 6 9 3 7 1 10 8 
20180601468 2 4 5 7 6 10 3 8 9 1 
20180601469 9 10 7 5 4 2 6 3 8 1 
20180601470 6 9 7 2 5 8 4 1 10 3 
20180601471 8 9 5 3 4 2 10 1 7 6 
20180601472 2 5 3 7 9 6 4 10 8 1 
20180601473 3 5 1 9 2 7 6 8 4 10 
20180601474 1 6 5 9 4 2 3 7 8 10 
20180601475 7 10 9 6 3 5 4 2 1 8 
20180601476 7 8 4 5 6 3 10 9 1 2 
20180601477 4 3 2 1 6 5 10 8 9 7 
20180601478 10 7 8 3 9 5 2 4 1 6 
20180601479 7 8 1 6 4 3 2 5 10 9 
20180601480 1 9 10 2 7 6 8 3 5 4 
20180601481 1 7 2 6 5 10 4 9 3 8 
20180601482 4 1 2 7 5 8 9 10 6 3 
20180601483 8 3 9 1 4 2 7 6 5 10 
20180601484 8 5 10 6 7 9 2 1 4 3 
20180601485 9 5 7 6 10 8 3 4 2 1 
20180601486 8 1 2 5 7 9 10 6 3 4 
20180601487 10 6 5 3 7 9 1 4 2 8 
20180601488 7 6 9 8 2 3 4 5 1 10 
20180601489 2 4 1 8 10 9 3 7 6 5 
20180601490 6 3 10 4 1 8 9 5 7 2 
20180601491 4 1 6 2 5 3 7 10 8 9 
20180601492 5 9 10 7 3 2 6 8 1 4 
20180601493 8 2 5 6 3 10 4 7 9 1 
20180601494 8 1 2 7 5 3 9 4 6 10 
20180601495 9 4 3 5 2 8 6 10 1 7 
20180601496 7 4 6 5 2 10 8 1 9 3 
20180601497 3 10 1 7 4 8 9 5 6 2 
20180601498 7 10 9 4 8 6 2 5 1 3 
20180601499 5 9 6 2 8 1 3 4 10 7 
20180601500 1 10 2 4 3 8 5 9 6 7 
20180601501 6 10 9 4 2 3 1 5 7 8 
20180601502 7 9 4 3 5 10 6 2 8 1 
20180601503 2 6 3 10 7 4 9 5 8 1 
20180601504 8 7 4 6 2 3 10 9 1 5 
20180601505 8 9 6 1 5 4 7 2 3 10 
20180601506 7 8 5 9 2 4 10 3 6 1 
20180601507 8 2 4 9 5 1 6 10 3 7 
20180601508 1 6 7 2 3 10 4 9 8 5 
20180601509 9 10 3 4 2 8 6 5 1 7 
20180601510 3 9 2 1 7 8 6 4 10 5 
20180601511 4 7 10 5 6 8 1 3 9 2 
20180601512 10 7 8 9 2 3 6 4 5 1 
20180601513 2 6 7 9 3 5 4 1 10 8 
20180601514 1 2 9 7 10 6 4 3 8 5 
20180601515 10 6 3 5 7 9 1 2 8 4 
20180601516 7 8 6 3 9 4 2 5 1 10 
20180601517 4 2 6 10 9 3 5 1 7 8 
20180601518 1 10 2 3 8 7 5 6 4 9 
20180601519 7 9 10 5 1 8 3 2 6 4 
20180601520 3 2 4 5 8 6 1 9 7 10 
20180601521 7 6 3 1 2 8 5 10 9 4 
20180601522 10 4 1 2 3 6 9 8 5 7 
20180601523 8 9 6 10 2 1 3 7 4 5 
20180601524 3 4 9 1 8 2 7 5 10 6 
20180601525 9 5 6 10 8 2 3 4 7 1 
20180601526 10 7 5 2 9 1 4 8 3 6 
20180601527 7 2 6 5 10 4 8 1 3 9 
20180601528 2 4 10 6 9 5 7 3 1 8 
20180601529 10 5 2 8 9 3 1 4 7 6 
20180601530 1 7 6 3 8 4 9 2 5 10 
20180601531 3 6 8 1 10 9 5 4 7 2 
20180601532 1 2 7 8 10 3 9 5 4 6 
20180601533 6 4 9 10 2 3 8 1 5 7 
20180601534 1 3 6 9 7 5 4 2 10 8 
20180601535 5 6 2 8 4 3 10 9 7 1 
20180601536 10 5 9 3 7 4 6 2 1 8 
20180601537 4 10 9 6 2 5 1 8 7 3 
20180601538 7 6 5 9 2 3 8 10 4 1 
20180601539 9 4 1 8 10 6 2 7 5 3 
20180601540 2 10 3 1 4 9 6 8 7 5 
20180601541 1 8 6 4 3 10 9 7 5 2 
20180601542 6 2 8 5 9 10 1 4 3 7 
20180601543 9 5 4 10 2 8 1 3 7 6 
20180601544 2 6 4 10 1 5 7 8 3 9 
20180601545 3 2 7 6 1 9 8 10 4 5 
20180601546 9 8 1 3 7 4 2 5 6 10 
20180601547 3 1 6 4 10 5 2 7 8 9 
20180601548 2 3 10 1 4 7 5 6 9 8 
20180601549 3 10 4 2 6 8 9 5 1 7 
20180601550 10 7 5 8 1 2 6 4 3 9 
20180601551 10 7 6 4 5 1 3 2 8 9 
20180601552 1 8 3 7 6 4 9 5 2 10 
20180601553 10 8 1 3 2 7 6 4 9 5 
20180601554 8 9 2 4 1 5 6 3 10 7 
20180601555 10 6 2 4 7 3 8 5 1 9 
20180601556 2 6 4 3 8 1 7 5 10 9 
20180601557 9 8 2 4 10 7 3 5 6 1 
20180601558 7 9 10 3 5 2 4 1 8 6 
20180601559 8 10 5 7 3 4 9 6 2 1 
20180601560 2 5 6 7 3 4 1 9 10 8 
20180601561 6 10 1 5 3 9 8 2 7 4 
20180601562 2 10 4 6 7 5 3 9 1 8 
20180601563 7 1 9 6 4 8 5 3 2 10 
20180601564 1 4 7 2 8 10 5 6 9 3 
20180601565 9 10 5 7 6 8 3 2 4 1 
20180601566 10 4 3 9 5 7 8 6 2 1 
20180601567 3 4 8 2 5 7 9 10 6 1 
20180601568 1 9 2 6 4 5 3 7 10 8 
20180601569 2 5 1 4 7 3 6 8 9 10 
20180601570 5 2 3 7 10 1 8 9 6 4 
20180601571 6 1 2 8 7 4 5 3 9 10 
20180601572 4 2 3 1 8 5 6 10 7 9 
20180601573 6 4 5 8 1 2 3 9 10 7 
20180601574 6 5 7 8 3 4 1 2 9 10 
20180601575 10 5 8 2 9 7 1 3 6 4 
20180601576 5 8 2 1 3 6 10 7 4 9 
20180601577 3 6 8 7 1 2 9 5 4 10 
20180601578 1 9 2 3 6 4 5 10 7 8 
20180601579 8 3 6 2 10 1 5 4 7 9 
20180601580 3 10 7 9 2 8 4 5 6 1 
20180601581 3 5 8 9 1 4 6 7 2 10 
20180601582 4 3 5 9 6 10 1 2 7 8 
20180601583 6 10 9 2 7 4 3 5 8 1 
20180601584 5 6 8 4 1 3 10 2 9 7 
20180601585 2 4 5 8 1 9 10 3 6 7 
20180601586 1 8 2 6 9 3 7 4 5 10 
20180601587 7 5 9 6 3 4 2 8 10 1 
20180601588 9 7 5 10 8 3 4 1 2 6 
20180601589 10 6 8 3 9 1 4 7 2 5 
20180601590 9 6 3 1 8 7 2 4 5 10 
20180601591 3 10 2 9 6 4 5 1 7 8 
20180601592 6 4 1 3 10 8 7 2 5 9 
20180601593 6 1 9 7 4 8 2 3 5 10 
20180601594 8 6 5 4 3 1 10 7 2 9 
20180601595 9 8 5 2 4 10 3 6 1 7 
20180601596 7 5 4 6 1 8 3 2 9 10 
20180601597 1 9 10 8 6 4 5 3 7 2 
20180601598 3 8 2 4 9 10 6 5 1 7 
20180601599 2 3 1 8 9 5 10 7 4 6 
20180601600 5 2 10 4 7 6 8 1 3 9 
20180601601 6 9 7 5 2 8 3 4 1 10 
20180601602 4 8 7 5 1 9 2 10 3 6 
20180601603 7 3 9 6 8 1 5 10 2 4 
20180601604 2 8 10 9 4 7 6 1 5 3 
20180601605 1 7 2 5 4 6 3 10 9 8 
20180601606 5 2 9 10 7 6 8 1 3 4 
20180601607 1 7 3 10 8 5 2 4 6 9 
20180601608 9 7 3 4 2 8 6 10 5 1 
20180601609 10 2 3 1 8 5 9 7 6 4 
20180601610 4 3 7 8 10 2 5 9 1 6 
20180601611 7 10 2 3 5 6 8 4 1 9 
20180601612 9 1 7 8 10 2 6 4 3 5 
20180601613 10 1 3 8 7 4 6 2 9 5 
20180601614 1 4 10 8 7 2 5 9 3 6 
20180601615 5 4 3 1 9 2 6 10 7 8 
20180601616 10 4 2 6 5 3 9 8 7 1 
20180601617 7 9 3 5 1 6 8 10 4 2 
20180601618 4 6 1 8 7 9 3 2 10 5 
20180601619 1 4 7 2 9 8 3 6 10 5 
20180601620 8 3 10 6 9 1 2 7 5 4 
20180601621 1 4 5 10 8 6 3 9 7 2 
20180601622 3 6 4 9 8 5 1 2 10 7 
20180601623 7 9 8 3 2 10 1 5 6 4 
20180601624 5 4 6 3 1 2 9 10 7 8 
20180601625 3 2 6 1 10 4 8 5 7 9 
20180601626 2 3 9 6 8 4 7 5 1 10 
20180601627 10 5 3 7 2 1 8 9 4 6 
20180601628 10 1 7 8 5 4 6 9 2 3 
20180601629 3 1 5 10 2 8 6 4 9 7 
20180601630 5 4 3 2 10 7 9 8 6 1 
20180601631 1 6 3 7 10 5 8 4 2 9 
20180601632 9 1 4 10 3 7 5 8 6 2 
20180601633 1 7 6 4 2 8 5 10 9 3 
20180601634 5 3 8 1 2 7 9 4 6 10 
20180601635 3 2 8 5 10 4 9 1 6 7 
20180601636 2 5 9 7 3 4 6 10 1 8 
20180601637 5 8 9 3 4 7 6 1 10 2 
20180601638 9 7 2 5 1 8 4 3 6 10 
20180601639 9 5 10 8 7 6 4 2 3 1 
20180601640 9 10 5 1 8 2 4 7 6 3 
20180601641 1 6 9 2 4 5 3 8 10 7 
20180601642 7 4 10 5 6 3 9 2 1 8 
20180601643 4 7 6 10 1 5 2 8 9 3 
20180601644 9 2 10 6 7 5 4 1 8 3 
20180601645 10 8 3 1 2 9 7 6 4 5 
20180601646 8 7 2 3 9 5 1 10 4 6 
20180601647 5 2 1 6 3 9 7 8 10 4 
20180601648 1 4 7 6 2 10 3 8 5 9 
20180601649 3 9 1 2 7 10 8 6 4 5 
20180601650 7 5 3 6 1 8 9 4 2 10 
20180601651 4 5 2 10 3 7 1 6 8 9 
20180601652 6 3 1 8 5 9 4 2 7 10 
20180601653 5 3 9 4 7 1 6 2 10 8 
20180601654 8 10 9 7 6 3 4 1 5 2 
20180601655 10 2 5 9 7 1 8 4 6 3 
20180601656 3 1 2 4 6 5 7 9 10 8 
20180601657 7 9 3 10 4 2 8 5 6 1 
20180601658 5 7 2 8 3 4 9 10 1 6 
20180601659 4 9 1 2 10 3 6 5 7 8 
20180601660 7 6 4 2 10 5 1 9 3 8 
20180601661 6 7 9 1 5 3 10 2 4 8 
20180601662 3 4 8 6 2 10 7 5 1 9 
20180601663 5 3 1 9 8 10 7 2 4 6 
20180601664 1 7 4 6 10 8 2 5 3 9 
20180601665 8 10 1 5 6 7 2 9 3 4 
20180601666 7 10 2 5 4 9 3 6 1 8 
20180601667 9 7 5 1 3 8 2 4 6 10 
20180601668 5 4 3 8 7 2 6 9 1 10 
20180601669 10 6 4 3 5 8 9 7 2 1 
20180601670 4 7 10 5 2 6 3 1 9 8 
20180601671 8 7 3 1 2 9 6 5 10 4 
20180601672 1 8 9 4 10 3 6 2 5 7 
20180601673 3 5 6 10 1 9 7 2 8 4 
20180601674 1 10 5 6 2 3 8 7 9 4 
20180601675 3 6 8 1 7 9 4 5 10 2 
20180601676 1 7 9 3 6 2 4 10 8 5 
20180601677 5 6 3 2 4 1 10 7 9 8 
20180601678 9 3 1 5 7 4 6 10 8 2 
20180601679 4 9 3 1 6 7 10 2 8 5 
20180601680 3 8 1 4 6 5 7 2 10 9 
20180601681 6 2 7 1 8 9 3 5 4 10 
20180601682 8 7 3 10 9 5 1 6 4 2 
20180601683 9 6 10 5 7 1 3 4 8 2 
20180601684 8 5 2 10 9 7 3 6 4 1 
20180601685 10 8 5 3 6 2 9 4 1 7 
20180601686 7 5 9 8 4 3 10 2 1 6 
20180601687 2 1 4 5 6 7 3 8 10 9 
20180601688 8 3 7 2 6 5 1 9 10 4 
20180601689 10 1 8 7 5 4 9 6 2 3 
20180601690 9 3 8 10 4 1 2 6 5 7 
20180601691 8 6 3 9 4 10 2 1 7 5 
20180601692 8 10 6 2 5 1 9 7 3 4 
20180601693 7 8 1 2 10 5 9 3 4 6 
20180601694 1 8 2 3 7 4 5 9 10 6 
20180601695 1 4 9 3 10 8 5 6 2 7 
20180601696 3 7 8 2 9 6 10 1 5 4 
20180601697 6 8 5 10 3 4 1 2 9 7 
20180601698 10 4 2 5 9 1 8 6 3 7 
20180601699 7 6 1 2 9 4 10 5 3 8 
20180601700 3 4 10 2 9 7 8 1 6 5 
20180601701 2 8 3 10 1 7 6 4 9 5 
20180601702 10 2 1 9 6 5 4 3 7 8 
20180601703 5 9 4 6 2 1 8 10 3 7 
20180601704 5 4 10 9 8 3 1 7 2 6 
20180601705 9 8 3 6 1 2 4 7 10 5 
20180601706 7 8 3 9 1 2 5 4 6 10 
20180601707 7 5 9 6 2 1 8 4 10 3 
20180601708 6 9 4 5 2 10 7 3 1 8 
20180601709 3 7 10 1 2 9 8 6 5 4 
20180601710 6 9 5 4 10 7 2 1 8 3 
20180601711 9 5 7 3 10 8 1 2 6 4 
20180601712 8 6 2 5 1 7 3 9 10 4 
20180601713 10 3 7 6 4 9 5 2 1 8 
20180601714 10 2 1 3 8 9 5 6 4 7 
20180601715 1 10 6 2 4 8 3 7 5 9 
20180601716 8 9 2 5 7 3 4 1 6 10 
20180601717 5 2 10 1 8 6 3 7 4 9 
20180601718 4 9 1 2 6 3 5 10 8 7 
20180601719 5 3 1 10 4 8 7 2 9 6 
20180601720 2 3 10 4 7 9 6 1 5 8 
20180601721 7 5 8 1 9 10 6 4 2 3 
20180601722 9 4 8 10 3 6 7 2 1 5 
20180601723 1 6 10 3 5 8 9 2 7 4 
20180601724 8 3 5 1 7 2 4 6 9 10 
20180601725 10 1 3 4 2 7 6 9 8 5 
20180601726 10 2 3 7 6 8 5 4 1 9 
20180601727 2 6 1 8 7 3 4 5 9 10 
20180601728 10 1 3 8 4 6 5 7 2 9 
20180601729 5 6 4 1 8 3 10 2 9 7 
20180601730 2 10 8 6 9 4 5 1 3 7 
20180601731 4 2 5 3 9 1 7 10 6 8 
20180601732 5 6 4 7 1 9 3 10 8 2 
20180601733 7 10 6 9 4 2 8 1 5 3 
20180601734 3 1 6 9 10 8 4 7 2 5 
20180601735 6 5 4 2 9 8 10 1 3 7 
20180601736 9 1 5 3 7 8 4 2 6 10 
20180601737 8 10 6 7 5 1 3 9 2 4 
20180601738 5 1 2 8 9 3 6 10 4 7 
20180601739 4 7 8 1 3 2 9 5 6 10 
20180601740 2 7 6 1 4 5 8 9 10 3 
20180601741 7 2 10 4 5 1 9 6 8 3 
20180601742 4 5 6 1 10 3 2 7 9 8 
20180601743 7 6 1 4 5 8 3 2 9 10 
20180601744 6 5 7 9 2 8 10 3 4 1 
20180601745 6 7 3 5 10 2 8 9 4 1 
20180601746 6 8 1 7 5 2 10 9 3 4 
20180601747 5 4 3 1 7 6 2 10 8 9 
20180601748 7 4 5 3 6 10 8 1 2 9 
20180601749 9 2 4 7 8 3 10 5 1 6 
20180601750 2 3 9 8 7 10 6 5 1 4 
20180601751 5 8 7 1 10 9 3 4 2 6 
20180601752 8 2 7 9 1 3 10 4 5 6 
20180601753 1 2 9 4 7 6 3 8 5 10 
20180601754 8 2 3 10 1 6 4 9 7 5 
20180601755 9 8 3 4 2 5 6 7 1 10 
20180601756 7 5 3 2 4 9 1 8 10 6 
20180601757 9 4 8 3 7 1 6 5 10 2 
20180601758 5 7 2 8 1 6 9 10 4 3 
20180601759 4 8 5 2 6 10 3 7 1 9 
20180601760 3 8 10 4 7 1 5 9 2 6 
20180601761 7 10 9 1 4 5 3 2 8 6 
20180601762 5 10 9 3 7 1 6 2 8 4 
20180601763 2 7 3 10 1 5 8 6 9 4 
20180601764 8 1 6 3 4 7 2 5 10 9 
20180601765 8 10 7 3 4 5 9 2 1 6 
20180601766 7 5 6 10 9 1 3 4 2 8 
20180601767 1 4 3 8 9 7 5 10 6 2 
20180601768 2 8 9 7 5 1 4 10 6 3 
20180601769 1 4 3 8 9 5 10 2 6 7 
20180601770 9 7 5 4 8 1 3 10 2 6 
20180601771 2 9 5 8 7 10 4 1 3 6 
20180601772 4 2 5 7 10 9 8 1 3 6 
20180601773 8 2 4 7 9 10 1 3 5 6 
20180601774 5 9 3 7 6 2 8 1 4 10 
20180601775 8 6 5 1 3 2 4 9 10 7 
20180601776 3 4 8 6 10 1 7 5 2 9 
20180601777 3 10 8 6 5 9 1 4 7 2 
20180601778 1 8 3 4 7 5 10 2 9 6 
20180601779 3 2 6 7 10 9 5 8 4 1 
20180601780 1 10 6 9 5 3 8 7 2 4 
20180601781 10 6 1 2 5 7 4 9 8 3 
20180601782 7 1 5 8 4 2 10 3 9 6 
20180601783 9 8 5 7 10 2 6 3 1 4 
20180601784 5 7 6 4 2 9 8 10 1 3 
20180601785 9 8 10 4 3 7 2 6 1 5 
20180601786 8 2 3 6 4 10 9 1 7 5 
20180601787 10 8 3 2 9 4 6 5 1 7 
20180601788 1 8 5 6 9 3 4 2 10 7 
20180601789 9 10 7 4 1 6 8 2 5 3 
20180601790 10 1 9 2 8 4 6 5 7 3 
20180601791 9 10 2 5 7 3 6 8 1 4 
20180601792 7 5 10 6 9 2 8 4 1 3 
20180601793 3 5 10 6 1 2 4 9 8 7 
20180601794 7 5 8 9 6 4 2 3 1 10 
20180601795 10 1 5 7 3 2 9 6 4 8 
20180601796 1 2 10 9 6 5 8 7 3 4 
20180601797 6 4 3 1 8 7 9 5 10 2 
20180601798 8 7 9 1 10 6 2 4 5 3 
20180601799 2 6 5 10 9 4 1 3 7 8 
20180601800 5 10 2 1 4 6 7 3 8 9 
20180601801 2 4 10 1 8 9 7 3 6 5 
20180601802 9 6 7 5 10 3 2 4 1 8 
20180601803 5 1 9 6 8 2 3 10 7 4 
20180601804 7 6 2 4 9 8 5 3 1 10 
20180601805 8 5 6 7 1 2 4 10 3 9 
20180601806 9 6 5 2 1 4 8 10 3 7 
20180601807 2 4 9 3 5 7 6 8 10 1 
20180601808 6 10 5 3 1 8 2 4 7 9 
20180601809 9 5 1 3 6 7 4 10 8 2 
20180601810 1 9 4 3 2 5 7 10 6 8 
20180601811 10 7 8 5 6 2 3 1 4 9 
20180601812 3 7 10 5 1 6 9 2 4 8 
20180601813 10 3 8 9 6 4 7 2 5 1 
20180601814 10 7 2 5 9 3 1 8 6 4 
20180601815 6 4 1 2 9 10 3 8 5 7 
20180601816 3 10 7 2 4 6 1 8 5 9 
20180601817 4 9 1 2 10 3 5 6 7 8 
20180601818 8 2 10 6 9 5 4 7 3 1 
20180601819 10 5 7 9 6 4 2 8 1 3 
20180601820 4 5 8 1 3 10 6 9 7 2 
20180601821 6 7 5 2 3 10 4 9 1 8 
20180601822 4 2 7 1 10 5 6 9 3 8 
20180601823 5 10 9 7 6 4 2 3 8 1 
20180601824 7 10 9 5 6 4 2 3 1 8 
20180601825 8 9 6 5 2 7 4 10 3 1 
20180601826 8 3 6 10 2 5 4 9 1 7 
20180601827 7 4 5 9 2 6 10 8 3 1 
20180601828 10 7 1 8 3 5 4 2 9 6 
20180601829 10 1 7 9 2 5 6 3 4 8 
20180601830 4 3 6 1 2 5 7 9 8 10 
20180601831 4 7 9 8 5 3 10 2 1 6 
20180601832 10 7 6 8 1 3 5 2 9 4 
20180601833 1 5 9 10 8 2 4 7 6 3 
20180601834 3 9 1 8 6 5 2 10 4 7 
20180601835 6 1 5 4 10 2 9 8 7 3 
20180601836 3 8 4 1 2 10 7 6 9 5 
20180601837 9 2 3 5 7 1 10 8 6 4 
20180601838 2 1 7 6 10 4 9 8 3 5 
20180601839 10 9 3 8 6 5 7 4 2 1 
20180601840 4 10 8 6 5 9 7 3 1 2 
20180601841 6 4 3 7 8 9 10 5 1 2 
20180601842 8 2 9 5 6 3 4 10 7 1 
20180601843 9 8 3 2 6 10 1 5 4 7 
20180601844 8 1 4 2 6 7 10 3 9 5 
20180601845 1 9 8 6 4 7 5 10 2 3 
20180601846 4 5 2 9 1 7 8 3 10 6 
20180601847 5 8 3 7 4 9 1 2 6 10 
20180601848 5 1 3 7 2 4 10 8 6 9 
20180601849 8 7 1 10 4 2 3 6 9 5 
20180601850 9 7 4 8 6 1 10 2 5 3 
20180601851 2 10 1 4 6 5 3 8 9 7 
20180601852 4 7 1 9 10 6 3 8 2 5 
20180601853 4 9 2 6 7 5 3 1 10 8 
20180601854 3 7 1 5 8 6 10 4 9 2 
20180601855 8 7 1 9 5 10 6 2 3 4 
20180601856 5 9 1 4 6 3 2 8 10 7 
20180601857 1 5 10 9 8 4 2 7 3 6 
20180601858 10 5 3 1 4 2 7 6 9 8 
20180601859 2 7 6 5 1 10 9 3 8 4 
20180601860 5 3 1 9 6 4 2 8 10 7 
20180601861 1 2 10 5 9 4 8 3 6 7 
20180601862 1 10 8 6 9 2 7 4 5 3 
20180601863 3 1 7 6 2 5 10 4 8 9 
20180601864 5 6 4 2 1 9 10 3 8 7 
20180601865 9 4 3 2 7 6 1 5 8 10 
20180601866 2 10 9 6 3 7 5 1 8 4 
20180601867 4 5 3 9 7 2 10 1 8 6 
20180601868 6 1 3 9 7 2 4 8 5 10 
20180601869 3 4 8 1 2 6 5 10 9 7 
20180601870 1 3 9 10 6 2 5 4 8 7 
20180601871 2 9 5 7 6 4 10 1 8 3 
20180601872 10 5 7 3 2 6 8 4 9 1 
20180601873 8 2 7 10 3 1 6 4 9 5 
20180601874 10 4 5 8 1 6 3 7 9 2 
20180601875 10 3 4 6 8 5 2 7 9 1 
20180601876 1 3 2 9 7 5 10 4 8 6 
20180601877 5 6 4 1 2 9 3 7 8 10 
20180601878 7 6 9 4 2 10 3 5 8 1 
20180601879 10 7 5 9 1 8 6 2 4 3 
20180601880 10 9 7 3 5 6 4 2 8 1 
20180601881 3 1 7 10 5 8 6 4 9 2 
20180601882 1 9 7 6 4 3 5 10 2 8 
20180601883 1 3 10 2 4 8 9 7 6 5 
20180601884 9 8 10 6 4 5 2 1 7 3 
20180601885 2 8 9 7 4 5 1 10 6 3 
20180601886 9 6 3 1 10 7 8 2 5 4 
20180601887 9 6 3 8 4 10 1 7 2 5 
20180601888 10 4 7 6 1 8 5 9 3 2 
20180601889 7 3 8 5 9 2 4 6 10 1 
20180601890 3 2 10 7 8 5 4 9 6 1 
20180601891 9 6 2 7 10 1 8 3 4 5 
20180601892 4 9 2 10 7 8 3 1 5 6 
20180601893 5 6 2 3 10 8 4 1 7 9 
20180601894 3 1 8 9 2 10 4 5 7 6 
20180601895 8 7 10 1 9 3 6 5 4 2 
20180601896 3 5 9 6 2 7 10 4 8 1 
20180601897 8 2 3 9 5 1 7 6 10 4 
20180601898 5 3 7 1 9 4 2 6 10 8 
20180601899 6 5 8 1 2 10 3 4 7 9 
20180601900 6 7 10 4 9 8 2 5 1 3 
20180601901 9 6 1 7 2 10 8 4 3 5 
20180601902 9 4 6 2 3 10 8 5 7 1 
20180601903 10 7 8 9 4 1 2 6 5 3 
20180601904 1 3 5 10 6 2 4 8 9 7 
20180601905 10 2 8 4 6 9 3 7 5 1 
20180601906 10 9 2 3 7 1 4 5 8 6 
20180601907 7 10 4 1 9 5 3 8 2 6 
20180601908 9 8 1 5 6 4 2 7 3 10 
20180601909 7 1 4 10 6 2 3 5 8 9 
20180601910 4 8 9 3 5 6 1 10 2 7 
20180601911 2 9 7 8 4 3 5 6 1 10 
20180601912 9 1 8 3 4 7 5 10 2 6 
20180601913 3 7 9 1 10 5 4 2 6 8 
20180601914 9 3 2 10 5 4 8 6 7 1 
20180601915 1 10 7 4 6 8 9 5 3 2 
20180601916 4 10 5 7 1 8 3 9 6 2 
20180601917 2 5 1 8 10 9 6 3 4 7 
20180601918 8 2 7 3 4 5 1 6 9 10 
20180601919 2 1 6 10 7 9 4 3 8 5 
20180601920 8 2 5 3 9 1 6 10 7 4 
20180601921 8 1 2 6 4 9 10 3 5 7 
20180601922 6 10 9 2 3 1 5 4 8 7 
20180601923 10 1 4 5 9 3 7 8 6 2 
20180601924 4 8 10 6 5 7 1 2 3 9 
20180601925 7 3 1 9 4 2 10 5 6 8 
20180601926 6 8 3 10 4 7 1 5 2 9 
20180601927 2 5 9 8 3 1 10 7 6 4 
20180601928 6 7 8 10 9 3 1 4 2 5 
20180601929 7 3 1 10 9 4 6 2 8 5 
20180601930 6 7 5 1 8 10 3 9 2 4 
20180601931 4 6 7 10 3 2 8 9 5 1 
20180601932 5 3 7 1 2 6 8 4 9 10 
20180601933 6 10 7 2 1 9 8 5 4 3 
20180601934 10 9 3 8 1 2 4 6 7 5 
20180601935 10 1 8 6 5 2 7 3 4 9 
20180601936 6 1 4 5 7 8 10 2 3 9 
20180601937 8 7 3 5 4 2 1 10 9 6 
20180601938 1 3 8 6 5 9 2 4 10 7 
20180601939 2 6 9 7 1 3 8 5 10 4 
20180601940 6 10 1 8 9 2 7 4 3 5 
20180601941 5 6 8 3 7 10 2 9 4 1 
20180601942 5 6 8 2 7 10 9 4 3 1 
20180601943 8 4 9 7 5 1 6 2 3 10 
20180601944 6 7 3 10 2 4 9 1 8 5 
20180601945 1 5 6 2 7 10 8 4 3 9 
20180601946 3 1 2 5 10 4 6 9 8 7 
20180601947 8 6 7 3 9 4 2 10 5 1 
20180601948 7 10 5 6 3 8 1 2 9 4 
20180601949 2 4 3 1 6 9 7 8 5 10 
20180601950 1 3 4 10 5 9 2 6 7 8 
20180601951 4 5 6 10 1 9 8 2 7 3 
20180601952 4 1 2 6 8 3 9 10 5 7 
20180601953 9 8 3 7 4 6 10 5 1 2 
20180601954 9 2 3 10 4 5 1 6 7 8 
20180601955 6 10 8 4 2 5 3 9 7 1 
20180601956 9 8 10 7 1 2 6 4 3 5 
20180601957 3 2 4 7 10 8 9 1 6 5 
20180601958 7 4 1 6 10 9 2 3 8 5 
20180601959 3 8 5 2 9 4 7 1 10 6 
20180601960 2 1 3 7 10 9 4 5 6 8 
20180601961 3 5 2 8 9 6 7 10 1 4 
20180601962 10 4 3 2 8 1 7 5 6 9 
20180601963 4 6 9 3 2 8 10 5 7 1 
20180601964 10 2 3 6 1 9 8 5 7 4 
20180601965 10 9 1 5 6 4 2 8 7 3 
20180601966 1 3 10 4 8 2 5 6 7 9 
20180601967 2 4 8 1 10 5 9 3 7 6 
20180601968 10 5 7 9 6 3 8 2 1 4 
20180601969 9 3 2 10 6 4 5 7 8 1 
20180601970 7 2 3 9 4 5 6 10 8 1 
20180601971 6 2 8 5 4 3 10 7 1 9 
20180601972 1 3 7 10 2 4 5 6 9 8 
20180601973 9 7 5 6 3 2 8 1 4 10 
20180601974 8 1 5 7 6 2 9 4 3 10 
20180601975 2 3 4 8 9 7 5 1 10 6 
20180601976 7 4 10 5 9 6 3 8 1 2 
20180601977 9 7 4 10 5 6 1 8 3 2 
20180601978 2 8 9 6 1 4 5 7 10 3 
20180601979 3 4 8 5 10 9 1 2 7 6 
20180601980 8 4 10 3 6 7 1 9 2 5 
20180601981 3 4 1 6 7 10 2 5 9 8 
20180601982 4 2 10 7 1 9 6 8 5 3 
20180601983 5 4 10 7 1 9 8 6 3 2 
20180601984 9 1 5 7 8 2 10 3 4 6 
20180601985 7 1 9 2 10 8 5 6 3 4 
