20180608001 1 10 4 8 3 6 9 2 7 5 
20180608002 7 1 3 9 4 2 10 6 5 8 
20180608003 7 6 10 4 2 5 1 8 9 3 
20180608004 7 2 5 4 10 9 8 3 1 6 
20180608005 8 5 7 10 2 6 4 1 3 9 
20180608006 1 2 3 8 4 9 10 6 7 5 
20180608007 10 9 2 6 8 5 4 3 7 1 
20180608008 10 1 3 9 8 2 6 4 7 5 
20180608009 6 5 7 8 3 1 4 2 9 10 
20180608010 8 10 4 5 9 1 2 3 6 7 
20180608011 3 1 8 5 4 10 7 9 6 2 
20180608012 3 2 6 10 4 8 1 7 9 5 
20180608013 2 7 3 4 5 8 1 6 10 9 
20180608014 2 1 5 4 8 6 9 7 10 3 
20180608015 10 9 6 1 3 8 7 2 4 5 
20180608016 7 5 1 3 2 9 6 4 10 8 
20180608017 6 4 5 8 7 2 1 10 9 3 
20180608018 6 5 8 7 3 2 4 10 9 1 
20180608019 1 8 9 4 7 6 3 10 5 2 
20180608020 1 2 9 8 6 7 3 5 10 4 
20180608021 2 3 8 9 1 6 10 7 4 5 
20180608022 10 7 4 8 2 3 9 1 6 5 
20180608023 5 2 3 6 10 9 8 7 4 1 
20180608024 5 2 9 4 6 7 8 10 3 1 
20180608025 5 9 1 2 8 7 10 3 4 6 
20180608026 2 1 6 3 10 7 5 8 4 9 
20180608027 6 1 10 2 5 8 3 9 4 7 
20180608028 8 9 10 2 7 1 4 3 6 5 
20180608029 8 10 1 7 4 6 9 5 3 2 
20180608030 10 8 9 6 4 1 3 7 5 2 
20180608031 10 6 1 4 9 5 8 3 2 7 
20180608032 10 6 2 1 3 9 4 7 5 8 
20180608033 8 2 10 1 7 4 6 5 3 9 
20180608034 4 10 5 9 7 3 1 2 6 8 
20180608035 8 2 4 6 3 5 9 10 7 1 
20180608036 10 5 2 1 3 6 4 7 9 8 
20180608037 4 1 3 5 2 7 8 6 10 9 
20180608038 3 6 10 2 8 7 4 1 9 5 
20180608039 10 2 1 5 3 8 7 6 4 9 
20180608040 3 5 2 6 1 7 9 4 8 10 
20180608041 8 10 7 3 6 4 5 2 9 1 
20180608042 1 4 2 3 8 5 7 6 10 9 
20180608043 5 8 9 1 2 3 7 4 10 6 
20180608044 6 2 3 4 5 9 7 1 8 10 
20180608045 7 6 8 3 5 4 9 10 2 1 
20180608046 10 8 1 4 9 3 6 5 7 2 
20180608047 9 4 6 3 8 10 1 5 7 2 
20180608048 10 5 8 6 7 2 4 3 1 9 
20180608049 9 2 5 8 7 10 6 3 1 4 
20180608050 3 5 7 4 8 10 9 6 1 2 
20180608051 6 8 5 9 2 3 10 4 1 7 
20180608052 6 4 10 3 2 8 7 1 5 9 
20180608053 10 5 9 3 2 4 6 8 7 1 
20180608054 3 5 8 1 10 9 4 2 6 7 
20180608055 2 7 3 4 10 5 6 9 1 8 
20180608056 2 10 1 4 3 7 9 5 6 8 
20180608057 4 3 10 8 9 5 6 1 7 2 
20180608058 7 2 9 10 8 6 3 5 4 1 
20180608059 4 5 7 6 2 1 3 10 9 8 
20180608060 4 7 10 6 5 3 9 8 2 1 
20180608061 6 3 5 7 10 1 2 9 4 8 
20180608062 3 1 9 2 4 6 8 5 10 7 
20180608063 5 4 8 1 6 2 7 10 3 9 
20180608064 3 5 10 4 1 2 9 7 8 6 
20180608065 7 2 10 5 8 3 6 1 4 9 
20180608066 4 9 10 3 6 1 8 5 7 2 
20180608067 7 3 9 2 10 5 6 1 8 4 
20180608068 8 3 10 5 6 7 9 4 1 2 
20180608069 7 10 9 8 4 5 6 1 2 3 
20180608070 9 8 2 6 3 5 1 10 4 7 
20180608071 5 7 2 3 6 1 8 10 9 4 
20180608072 4 3 5 1 2 9 6 8 7 10 
20180608073 3 4 1 2 5 7 8 9 6 10 
20180608074 7 4 6 10 5 2 9 3 8 1 
20180608075 7 3 10 4 5 8 6 9 1 2 
20180608076 5 9 6 2 7 8 1 4 10 3 
20180608077 6 2 3 9 4 5 10 7 8 1 
20180608078 8 4 5 9 2 7 1 3 6 10 
20180608079 1 8 6 10 4 2 5 3 7 9 
20180608080 10 3 7 9 2 1 8 6 5 4 
20180608081 4 8 5 10 3 7 9 1 6 2 
20180608082 5 2 1 3 7 8 9 6 4 10 
20180608083 6 9 10 1 3 7 2 5 8 4 
20180608084 4 10 8 9 6 1 5 7 3 2 
20180608085 4 6 10 9 2 3 7 8 5 1 
20180608086 7 6 3 8 4 10 1 2 5 9 
20180608087 9 7 1 2 5 6 4 8 10 3 
20180608088 1 10 5 4 9 3 8 6 7 2 
20180608089 4 2 5 1 7 9 3 8 6 10 
20180608090 2 9 7 3 1 8 4 10 6 5 
20180608091 2 4 7 1 3 10 9 8 5 6 
20180608092 7 9 4 10 3 2 1 5 6 8 
20180608093 1 5 7 9 4 6 10 3 8 2 
20180608094 9 6 2 5 1 4 8 3 10 7 
20180608095 7 10 3 4 8 9 6 1 5 2 
20180608096 2 9 1 3 5 7 8 6 4 10 
20180608097 5 9 10 2 1 4 6 7 3 8 
20180608098 3 1 5 2 4 7 9 6 8 10 
20180608099 1 10 3 2 8 7 6 9 5 4 
20180608100 1 6 5 9 8 4 2 10 7 3 
20180608101 5 6 2 7 9 1 10 4 3 8 
20180608102 7 4 6 10 8 1 9 2 5 3 
20180608103 2 8 3 1 4 6 9 7 10 5 
20180608104 10 1 8 2 3 5 4 7 9 6 
20180608105 2 7 1 9 3 4 6 10 5 8 
20180608106 7 8 10 6 4 2 9 1 3 5 
20180608107 9 10 2 3 5 1 4 6 8 7 
20180608108 4 9 1 8 5 7 10 2 6 3 
20180608109 4 10 5 3 1 7 9 6 8 2 
20180608110 4 5 10 7 9 6 2 8 3 1 
20180608111 3 5 9 7 4 2 6 1 8 10 
20180608112 2 4 7 5 6 9 1 8 3 10 
20180608113 7 9 6 10 1 8 5 2 3 4 
20180608114 3 4 1 2 10 9 8 5 7 6 
20180608115 1 2 6 5 8 7 4 3 9 10 
20180608116 9 8 7 10 4 1 3 2 6 5 
20180608117 1 9 4 5 3 2 6 7 8 10 
20180608118 10 4 2 9 3 8 1 6 5 7 
20180608119 8 6 10 4 3 7 9 1 5 2 
20180608120 4 5 8 3 7 1 6 2 9 10 
20180608121 7 1 2 9 3 6 10 4 8 5 
20180608122 9 3 6 7 2 4 10 5 8 1 
20180608123 7 4 1 10 6 2 5 8 9 3 
20180608124 9 7 3 8 1 2 5 6 10 4 
20180608125 2 3 10 6 8 9 7 5 1 4 
20180608126 10 2 4 1 6 3 5 7 9 8 
20180608127 9 6 4 2 7 5 10 8 3 1 
20180608128 10 4 7 1 3 8 6 9 2 5 
20180608129 4 1 3 10 2 5 9 6 7 8 
20180608130 7 10 6 5 2 8 4 1 3 9 
20180608131 6 1 9 5 3 2 4 8 10 7 
20180608132 7 3 6 4 9 5 2 10 1 8 
20180608133 7 8 5 1 2 3 10 6 4 9 
20180608134 8 5 6 4 10 1 9 7 3 2 
20180608135 1 7 9 3 2 5 10 6 8 4 
20180608136 10 9 5 6 4 2 3 7 1 8 
20180608137 2 9 6 1 4 3 10 7 5 8 
20180608138 5 8 1 2 3 4 9 7 6 10 
20180608139 10 8 4 7 5 6 2 1 9 3 
20180608140 1 6 5 2 7 4 10 9 8 3 
20180608141 9 1 2 7 6 5 10 8 4 3 
20180608142 2 1 10 9 7 6 4 8 3 5 
20180608143 6 9 7 1 10 2 4 5 3 8 
20180608144 2 5 1 7 6 3 8 10 4 9 
20180608145 1 4 5 6 9 3 2 7 8 10 
20180608146 1 2 9 10 8 4 6 3 5 7 
20180608147 9 3 5 8 7 2 10 6 1 4 
20180608148 7 5 1 8 3 4 6 9 2 10 
20180608149 10 1 9 3 7 4 8 5 6 2 
20180608150 3 8 10 5 1 9 2 7 6 4 
20180608151 4 1 2 6 10 7 5 8 3 9 
20180608152 1 3 6 5 9 8 7 4 2 10 
20180608153 2 10 9 7 1 5 6 3 4 8 
20180608154 8 5 7 4 9 1 6 3 10 2 
20180608155 6 8 7 10 2 3 9 1 5 4 
20180608156 6 8 7 5 10 4 3 1 9 2 
20180608157 10 5 7 4 6 2 3 1 9 8 
20180608158 3 1 9 2 5 7 10 6 4 8 
20180608159 9 2 3 7 6 8 5 10 1 4 
20180608160 4 10 6 8 2 9 5 3 7 1 
20180608161 6 3 10 9 5 2 7 8 4 1 
20180608162 5 3 9 1 4 8 6 2 7 10 
20180608163 9 10 3 5 4 7 1 2 6 8 
20180608164 8 4 1 2 10 9 3 6 5 7 
20180608165 10 7 3 8 4 9 2 6 5 1 
20180608166 8 3 1 9 2 6 4 5 10 7 
20180608167 6 3 9 2 8 1 7 4 5 10 
20180608168 1 2 10 3 8 6 7 4 5 9 
20180608169 3 9 1 5 7 10 8 6 4 2 
20180608170 2 10 1 3 5 6 8 9 7 4 
20180608171 5 1 9 7 6 4 3 8 10 2 
20180608172 8 2 6 3 1 4 10 5 7 9 
20180608173 5 6 2 1 7 4 3 8 10 9 
20180608174 5 4 8 2 9 1 7 6 10 3 
20180608175 4 1 2 9 6 8 5 7 3 10 
20180608176 7 2 8 9 6 5 1 3 4 10 
20180608177 4 3 8 10 2 7 1 5 9 6 
20180608178 10 5 4 3 2 9 1 7 8 6 
20180608179 1 5 10 4 6 7 2 9 8 3 
20180608180 1 4 9 2 5 6 3 7 8 10 
20180608181 6 9 5 3 4 1 2 8 7 10 
20180608182 6 2 7 3 8 9 1 4 10 5 
20180608183 5 3 10 2 1 8 9 6 4 7 
20180608184 3 6 9 2 5 1 7 10 8 4 
20180608185 9 3 6 5 8 4 7 1 10 2 
20180608186 7 10 2 6 4 9 1 5 3 8 
20180608187 4 6 3 5 2 7 9 10 1 8 
20180608188 3 7 2 5 6 10 4 8 9 1 
20180608189 3 4 5 6 2 1 9 8 10 7 
20180608190 4 3 9 2 6 7 1 8 10 5 
20180608191 9 2 8 7 3 6 4 1 10 5 
20180608192 4 3 5 8 6 7 9 2 1 10 
20180608193 3 2 10 8 6 7 5 1 9 4 
20180608194 10 8 7 3 5 2 9 1 6 4 
20180608195 2 4 3 10 6 7 9 1 8 5 
20180608196 7 1 5 2 4 8 9 10 3 6 
20180608197 10 7 4 2 8 5 6 1 3 9 
20180608198 6 1 9 7 3 8 10 2 5 4 
20180608199 3 9 6 2 7 8 5 10 4 1 
20180608200 1 5 6 2 7 9 10 3 4 8 
20180608201 8 6 5 4 9 7 10 3 1 2 
20180608202 1 7 5 2 3 9 10 4 6 8 
20180608203 1 10 4 9 6 2 5 7 8 3 
20180608204 9 3 5 4 8 7 10 1 2 6 
20180608205 2 10 7 8 1 6 3 5 9 4 
20180608206 4 2 1 3 9 6 7 5 8 10 
20180608207 3 2 8 6 9 7 5 4 1 10 
20180608208 10 8 9 2 6 5 1 7 3 4 
20180608209 3 9 5 2 10 8 4 1 6 7 
20180608210 1 7 3 8 10 6 4 9 5 2 
20180608211 8 5 7 2 1 6 9 10 4 3 
20180608212 3 6 1 2 10 5 9 4 8 7 
20180608213 9 7 3 8 10 5 6 1 2 4 
20180608214 8 9 10 4 6 1 5 7 3 2 
20180608215 9 8 4 3 7 2 1 6 5 10 
20180608216 6 9 4 10 5 2 7 8 1 3 
20180608217 3 4 9 1 10 7 5 2 6 8 
20180608218 7 4 6 8 5 9 10 2 3 1 
20180608219 9 8 4 3 1 10 6 5 7 2 
20180608220 8 4 3 7 5 1 6 9 10 2 
20180608221 10 2 6 7 3 5 8 4 1 9 
20180608222 5 7 10 9 4 3 2 8 6 1 
20180608223 1 9 8 5 4 3 2 7 6 10 
20180608224 6 9 8 5 2 10 4 1 3 7 
20180608225 6 9 8 4 3 1 5 2 7 10 
20180608226 4 9 8 2 5 7 1 10 6 3 
20180608227 2 9 1 10 3 6 8 5 7 4 
20180608228 8 2 9 6 4 7 5 10 3 1 
20180608229 3 10 9 1 2 5 8 7 6 4 
20180608230 3 1 10 5 9 8 7 2 4 6 
20180608231 6 4 9 3 1 5 10 2 7 8 
20180608232 6 7 10 1 8 3 5 4 2 9 
20180608233 6 8 9 5 2 1 10 7 3 4 
20180608234 7 10 4 2 3 8 9 1 5 6 
20180608235 10 6 5 8 7 4 2 1 9 3 
20180608236 5 10 7 1 4 3 6 9 8 2 
20180608237 3 4 10 2 8 1 7 6 5 9 
20180608238 7 6 5 4 8 2 9 1 3 10 
20180608239 5 7 10 9 1 4 2 3 8 6 
20180608240 2 6 4 5 9 8 10 3 1 7 
20180608241 9 4 5 2 6 7 8 3 10 1 
20180608242 3 8 4 2 7 10 1 5 6 9 
20180608243 3 5 7 2 4 9 6 1 10 8 
20180608244 5 4 6 10 9 7 8 3 2 1 
20180608245 2 5 6 7 4 3 9 10 8 1 
20180608246 4 9 7 8 2 6 3 5 10 1 
20180608247 8 5 2 4 10 7 3 1 9 6 
20180608248 8 1 5 7 10 2 3 6 9 4 
20180608249 1 9 8 6 3 2 7 5 10 4 
20180608250 5 10 1 9 6 8 3 7 2 4 
20180608251 3 1 4 10 5 8 9 6 2 7 
20180608252 4 9 5 6 2 1 7 10 8 3 
20180608253 6 3 9 5 1 7 10 8 4 2 
20180608254 7 5 4 8 9 3 2 10 1 6 
20180608255 5 6 9 7 2 4 1 8 10 3 
20180608256 10 5 9 4 2 6 7 8 3 1 
20180608257 3 5 1 4 6 7 2 8 9 10 
20180608258 10 2 4 3 7 8 6 1 5 9 
20180608259 1 9 8 4 7 3 5 6 2 10 
20180608260 10 8 5 9 1 6 7 2 3 4 
20180608261 3 5 2 10 8 9 6 7 1 4 
20180608262 8 4 7 3 2 10 6 9 5 1 
20180608263 2 9 5 8 7 3 6 10 1 4 
20180608264 1 7 4 5 2 8 10 6 9 3 
20180608265 1 10 7 9 8 3 6 5 2 4 
20180608266 5 8 9 7 1 2 6 10 4 3 
20180608267 3 2 10 4 7 9 1 5 8 6 
20180608268 6 7 3 5 4 2 8 10 1 9 
20180608269 10 4 8 9 1 5 2 3 6 7 
20180608270 1 9 2 7 4 10 8 3 6 5 
20180608271 3 5 4 2 8 9 7 10 6 1 
20180608272 7 2 3 5 10 9 4 6 1 8 
20180608273 9 2 8 7 3 1 10 6 4 5 
20180608274 2 8 6 1 7 10 9 5 3 4 
20180608275 5 4 6 10 2 9 8 7 3 1 
20180608276 8 10 6 7 2 3 1 5 4 9 
20180608277 9 5 7 6 4 8 1 3 2 10 
20180608278 4 3 9 6 7 10 1 2 8 5 
20180608279 8 1 6 10 9 4 3 2 5 7 
20180608280 6 2 10 3 9 5 8 1 7 4 
20180608281 9 2 5 3 7 10 4 8 6 1 
20180608282 6 10 7 9 4 8 3 2 5 1 
20180608283 6 3 8 4 7 2 9 10 5 1 
20180608284 9 10 6 7 3 5 8 4 1 2 
20180608285 10 4 2 7 9 8 6 1 5 3 
20180608286 9 7 3 5 1 8 10 4 6 2 
20180608287 2 6 8 4 3 9 7 1 10 5 
20180608288 9 3 10 2 7 8 6 4 1 5 
20180608289 10 6 2 7 5 4 3 9 8 1 
20180608290 2 6 3 9 5 1 4 7 10 8 
20180608291 9 4 5 2 6 1 7 10 8 3 
20180608292 3 8 10 5 1 6 9 7 2 4 
20180608293 4 6 10 8 3 9 2 7 5 1 
20180608294 4 8 10 9 6 1 7 3 2 5 
20180608295 7 4 10 8 9 1 2 6 3 5 
20180608296 9 4 1 5 7 8 10 6 2 3 
20180608297 2 5 8 4 3 1 10 9 6 7 
20180608298 8 10 5 6 7 2 1 3 4 9 
20180608299 8 5 4 1 7 3 6 10 2 9 
20180608300 4 3 2 6 7 10 5 1 9 8 
20180608301 10 8 1 7 2 6 3 5 4 9 
20180608302 10 1 2 7 4 5 6 8 9 3 
20180608303 9 4 8 5 1 3 7 10 2 6 
20180608304 3 2 10 5 7 6 8 9 4 1 
20180608305 4 7 2 1 3 6 10 9 5 8 
20180608306 6 7 5 3 4 2 9 1 10 8 
20180608307 6 7 4 10 3 2 1 5 8 9 
20180608308 2 6 3 4 9 1 10 5 8 7 
20180608309 4 2 7 9 1 6 8 3 5 10 
20180608310 2 1 4 8 6 3 10 9 7 5 
20180608311 3 10 9 4 1 5 8 6 7 2 
20180608312 10 4 5 2 9 1 3 7 8 6 
20180608313 4 7 9 5 3 6 10 1 8 2 
20180608314 9 4 1 6 8 2 3 7 5 10 
20180608315 6 7 8 3 1 5 2 9 4 10 
20180608316 6 3 2 1 7 10 4 8 9 5 
20180608317 4 5 8 7 3 1 2 10 6 9 
20180608318 2 10 6 1 7 9 8 3 5 4 
20180608319 6 5 8 1 3 10 7 2 9 4 
20180608320 7 5 3 4 10 8 9 2 6 1 
20180608321 8 7 2 9 10 4 3 1 5 6 
20180608322 7 3 8 9 6 5 4 10 2 1 
20180608323 7 9 2 6 10 1 3 8 5 4 
20180608324 9 6 1 3 4 5 7 2 8 10 
20180608325 6 2 4 8 7 10 1 5 3 9 
20180608326 6 7 4 3 2 8 1 9 10 5 
20180608327 5 6 2 3 7 10 9 1 8 4 
20180608328 8 1 3 6 5 4 10 2 7 9 
20180608329 1 7 10 4 8 2 9 6 5 3 
20180608330 3 2 5 1 6 10 4 7 8 9 
20180608331 6 7 1 2 4 8 9 3 5 10 
20180608332 2 5 6 4 9 3 1 8 10 7 
20180608333 5 8 6 7 10 1 3 9 4 2 
20180608334 9 8 2 5 4 6 1 10 3 7 
20180608335 6 10 9 3 5 1 7 4 2 8 
20180608336 3 4 10 6 1 8 7 5 9 2 
20180608337 1 4 5 10 6 2 8 9 7 3 
20180608338 1 8 2 3 9 4 10 6 5 7 
20180608339 10 9 5 4 6 7 3 2 8 1 
20180608340 8 6 9 5 2 4 3 10 1 7 
20180608341 9 3 10 6 8 5 7 2 4 1 
20180608342 5 3 2 9 1 7 10 8 4 6 
20180608343 2 1 5 9 8 7 3 10 6 4 
20180608344 1 2 6 3 10 9 5 4 7 8 
20180608345 2 5 10 4 7 6 8 3 9 1 
20180608346 8 4 6 2 7 1 3 10 5 9 
20180608347 8 4 6 1 2 5 10 3 9 7 
20180608348 3 9 10 7 2 1 8 4 5 6 
20180608349 6 7 10 4 8 3 5 2 1 9 
20180608350 7 2 9 6 1 4 10 5 3 8 
20180608351 7 2 1 10 9 6 8 3 5 4 
20180608352 6 1 10 2 3 7 9 5 4 8 
20180608353 8 3 4 6 9 1 5 7 2 10 
20180608354 7 5 10 8 4 1 2 6 3 9 
20180608355 5 9 8 7 6 2 4 3 10 1 
20180608356 5 7 2 1 3 6 8 10 9 4 
20180608357 9 5 1 2 6 3 10 8 7 4 
20180608358 5 8 1 3 4 2 7 9 10 6 
20180608359 10 4 7 9 8 6 3 1 5 2 
20180608360 9 8 4 10 6 7 2 1 5 3 
20180608361 8 1 10 2 4 5 3 6 7 9 
20180608362 2 3 1 8 10 9 4 5 7 6 
20180608363 9 1 7 6 5 4 8 2 10 3 
20180608364 3 8 2 10 4 7 9 1 6 5 
20180608365 4 2 3 9 5 8 7 10 6 1 
20180608366 7 8 10 6 4 5 9 3 2 1 
20180608367 7 5 10 3 6 8 9 2 4 1 
20180608368 3 4 7 10 2 8 6 9 5 1 
20180608369 6 3 2 4 8 10 1 7 9 5 
20180608370 9 1 4 2 3 8 7 10 6 5 
20180608371 5 7 10 3 8 6 4 2 1 9 
20180608372 9 4 3 6 10 1 5 8 2 7 
20180608373 7 2 1 4 8 3 9 5 6 10 
20180608374 3 8 9 5 10 1 7 2 4 6 
20180608375 3 8 5 2 9 4 7 6 10 1 
20180608376 6 5 3 10 8 9 7 4 2 1 
20180608377 7 2 6 10 8 5 9 4 3 1 
20180608378 6 7 5 8 10 9 1 3 2 4 
20180608379 5 1 4 7 2 9 8 6 10 3 
20180608380 1 9 4 10 7 2 5 8 3 6 
20180608381 8 4 6 9 1 5 7 10 2 3 
20180608382 4 6 7 5 3 10 1 9 2 8 
20180608383 7 2 4 6 10 8 9 5 1 3 
20180608384 3 4 8 6 5 2 1 9 10 7 
20180608385 3 9 6 10 4 5 8 1 7 2 
20180608386 10 4 1 3 7 8 6 2 9 5 
20180608387 2 9 10 4 8 5 6 7 1 3 
20180608388 6 7 10 3 8 9 1 5 4 2 
20180608389 3 8 7 4 1 5 2 6 9 10 
20180608390 9 10 6 2 5 3 8 4 1 7 
20180608391 3 9 7 4 1 5 6 10 8 2 
20180608392 2 5 10 9 4 1 7 3 8 6 
20180608393 4 3 8 1 7 10 5 2 9 6 
20180608394 1 4 3 7 6 8 9 2 10 5 
20180608395 1 5 4 6 3 7 10 2 9 8 
20180608396 10 6 4 2 5 3 9 7 1 8 
20180608397 7 4 5 3 10 2 6 1 9 8 
20180608398 1 4 8 2 9 6 7 3 5 10 
20180608399 5 3 1 4 6 8 2 9 7 10 
20180608400 1 7 2 10 5 3 6 4 8 9 
20180608401 7 8 5 2 1 3 9 6 4 10 
20180608402 10 1 6 8 3 2 7 5 9 4 
20180608403 4 2 7 1 9 8 6 3 10 5 
20180608404 2 5 9 4 3 1 6 8 7 10 
20180608405 1 3 7 4 10 5 6 8 2 9 
20180608406 1 6 9 7 5 2 8 3 10 4 
20180608407 9 1 5 8 6 4 3 7 2 10 
20180608408 7 9 5 10 2 8 4 3 1 6 
20180608409 10 3 5 2 4 7 9 8 6 1 
20180608410 1 6 3 4 7 10 8 2 5 9 
20180608411 3 1 4 8 5 10 6 7 2 9 
20180608412 6 4 9 8 5 3 7 10 2 1 
20180608413 3 6 2 4 7 9 1 8 10 5 
20180608414 5 6 3 1 10 4 9 2 8 7 
20180608415 1 4 9 8 7 2 5 6 10 3 
20180608416 7 3 5 9 1 6 2 4 8 10 
20180608417 1 6 8 5 4 9 3 7 2 10 
20180608418 3 9 2 1 10 4 6 7 5 8 
20180608419 1 5 7 4 3 6 8 2 10 9 
20180608420 2 10 5 4 3 7 6 1 9 8 
20180608421 6 2 3 4 9 5 10 7 1 8 
20180608422 6 3 1 4 9 10 2 7 8 5 
20180608423 3 1 9 7 2 6 5 8 10 4 
20180608424 1 5 3 9 2 4 7 6 10 8 
20180608425 7 8 3 10 2 1 5 6 4 9 
20180608426 8 10 4 7 9 2 1 5 3 6 
20180608427 7 10 2 4 1 9 8 5 6 3 
20180608428 1 4 5 6 2 9 8 10 7 3 
20180608429 2 6 8 1 9 5 3 4 10 7 
20180608430 8 7 2 5 4 9 3 1 6 10 
20180608431 10 9 1 2 3 4 5 7 6 8 
20180608432 7 10 2 5 8 3 6 1 4 9 
20180608433 7 2 10 9 8 5 3 4 6 1 
20180608434 7 8 3 1 10 4 6 5 9 2 
20180608435 1 10 7 3 8 5 9 2 6 4 
20180608436 8 1 2 10 3 4 6 7 5 9 
20180608437 10 9 8 6 2 4 7 5 3 1 
20180608438 4 7 6 8 9 5 3 2 10 1 
20180608439 4 1 5 3 7 6 10 9 8 2 
20180608440 3 9 6 2 1 10 8 4 5 7 
20180608441 7 9 6 10 4 1 8 5 2 3 
20180608442 8 4 2 1 6 9 10 3 7 5 
20180608443 6 9 7 5 10 3 8 2 1 4 
20180608444 9 6 5 10 1 3 7 8 2 4 
20180608445 6 2 1 3 10 4 9 5 8 7 
20180608446 2 10 3 8 7 1 9 5 6 4 
20180608447 8 6 5 1 7 4 3 10 2 9 
20180608448 5 9 2 7 4 10 1 6 3 8 
20180608449 10 5 2 9 7 1 6 4 3 8 
20180608450 5 6 4 7 1 3 10 2 9 8 
20180608451 4 7 8 6 10 3 9 5 2 1 
20180608452 10 2 8 6 1 5 9 3 7 4 
20180608453 8 5 9 3 6 1 10 7 2 4 
20180608454 4 2 9 1 7 6 8 5 10 3 
20180608455 10 1 6 4 8 9 3 7 5 2 
20180608456 6 9 10 3 4 1 2 7 5 8 
20180608457 4 9 3 8 10 5 1 6 2 7 
20180608458 2 10 5 1 8 6 3 4 9 7 
20180608459 3 7 8 1 4 9 5 10 2 6 
20180608460 7 5 9 8 1 3 2 4 10 6 
20180608461 4 8 7 6 9 1 2 10 3 5 
20180608462 7 10 1 8 5 4 2 6 9 3 
20180608463 5 9 2 4 7 10 6 8 1 3 
20180608464 2 5 7 4 9 1 8 6 3 10 
20180608465 7 9 6 1 4 5 10 2 8 3 
20180608466 3 1 7 10 9 8 4 6 2 5 
20180608467 6 7 4 9 8 5 3 10 1 2 
20180608468 8 10 5 6 9 1 4 3 7 2 
20180608469 7 8 1 4 3 2 5 6 10 9 
20180608470 1 3 7 9 4 5 6 8 10 2 
20180608471 8 2 5 10 7 1 9 6 3 4 
20180608472 7 10 4 5 6 3 2 1 8 9 
20180608473 10 7 8 2 3 6 9 1 5 4 
20180608474 4 5 10 8 6 9 2 3 1 7 
20180608475 7 1 8 10 4 6 3 5 2 9 
20180608476 6 2 10 1 3 7 8 4 9 5 
20180608477 4 3 6 8 1 2 7 9 5 10 
20180608478 1 5 8 3 4 9 10 2 6 7 
20180608479 9 10 6 4 2 1 3 5 8 7 
20180608480 4 3 6 10 5 8 1 7 2 9 
20180608481 9 2 5 1 6 4 3 8 7 10 
20180608482 1 10 5 7 3 4 2 9 6 8 
20180608483 7 1 8 6 10 4 9 3 5 2 
20180608484 5 4 2 7 8 6 1 3 9 10 
20180608485 6 1 2 5 8 4 7 10 3 9 
20180608486 2 10 8 4 3 5 6 1 7 9 
20180608487 1 3 7 2 9 6 10 8 4 5 
20180608488 4 8 9 6 1 10 2 3 5 7 
20180608489 2 4 10 1 5 8 3 9 6 7 
20180608490 10 1 9 6 5 8 2 4 7 3 
20180608491 9 3 7 10 1 8 4 5 6 2 
20180608492 10 2 3 7 1 4 6 9 5 8 
20180608493 2 8 5 9 7 4 3 1 6 10 
20180608494 1 7 9 2 6 8 3 10 4 5 
20180608495 4 6 9 7 1 5 2 8 10 3 
20180608496 7 8 1 6 5 2 10 3 4 9 
20180608497 3 6 10 2 8 5 1 7 4 9 
20180608498 5 3 9 4 7 2 6 8 10 1 
20180608499 2 5 4 3 6 7 10 9 1 8 
20180608500 5 6 3 4 2 1 8 9 10 7 
20180608501 1 7 10 5 3 2 6 8 9 4 
20180608502 8 1 3 5 10 6 7 4 9 2 
20180608503 1 6 5 2 8 7 9 10 4 3 
20180608504 1 9 6 7 2 5 10 3 4 8 
20180608505 10 4 9 3 6 5 8 1 2 7 
20180608506 6 2 9 5 7 8 1 3 4 10 
20180608507 4 8 3 2 5 1 10 9 7 6 
20180608508 7 6 8 10 3 4 9 1 2 5 
20180608509 1 7 8 4 3 9 10 6 5 2 
20180608510 5 3 10 4 6 1 7 8 2 9 
20180608511 9 4 7 2 6 3 1 5 8 10 
20180608512 6 8 1 3 2 10 4 5 9 7 
20180608513 2 1 4 6 3 9 7 8 5 10 
20180608514 9 1 2 6 7 4 8 3 5 10 
20180608515 9 8 7 4 2 1 3 10 5 6 
20180608516 10 5 7 9 2 3 8 6 1 4 
20180608517 4 6 10 9 8 1 5 2 7 3 
20180608518 10 8 7 6 5 9 3 2 4 1 
20180608519 8 3 1 5 6 4 9 2 7 10 
20180608520 2 10 6 8 5 7 4 3 9 1 
20180608521 9 2 7 8 1 10 5 3 6 4 
20180608522 7 5 8 6 4 2 3 10 1 9 
20180608523 1 3 8 6 7 5 9 10 4 2 
20180608524 4 10 3 9 1 5 6 2 7 8 
20180608525 10 9 3 8 6 1 2 4 7 5 
20180608526 1 2 6 5 4 10 7 9 8 3 
20180608527 10 1 5 2 4 8 6 9 7 3 
20180608528 10 3 9 4 2 8 1 7 6 5 
20180608529 6 3 9 4 8 5 1 10 7 2 
20180608530 10 3 4 9 1 8 2 7 5 6 
20180608531 8 3 4 1 9 6 5 2 7 10 
20180608532 4 10 8 6 5 1 9 2 7 3 
20180608533 5 3 7 9 1 6 2 8 10 4 
20180608534 2 5 9 10 4 1 3 6 8 7 
20180608535 8 5 4 3 10 7 9 6 1 2 
20180608536 9 2 10 5 8 1 7 6 3 4 
20180608537 6 5 7 1 9 4 10 3 8 2 
20180608538 8 2 5 1 4 3 10 9 7 6 
20180608539 10 9 8 5 4 2 1 6 7 3 
20180608540 10 2 3 7 6 8 5 1 9 4 
20180608541 10 2 3 8 5 9 7 4 6 1 
20180608542 4 6 1 2 9 10 7 8 3 5 
20180608543 8 1 5 6 10 3 7 9 4 2 
20180608544 1 2 5 8 7 3 10 9 4 6 
20180608545 1 3 10 5 6 9 2 4 8 7 
20180608546 4 7 5 2 9 10 6 3 1 8 
20180608547 9 6 5 2 7 10 4 8 3 1 
20180608548 2 10 1 8 5 7 3 9 6 4 
20180608549 3 8 5 6 1 7 10 9 2 4 
20180608550 4 1 7 5 3 8 10 9 2 6 
20180608551 7 3 1 8 10 6 5 4 2 9 
20180608552 5 9 10 4 6 1 2 7 8 3 
20180608553 6 3 9 1 8 2 4 7 5 10 
20180608554 2 6 10 4 5 1 9 8 7 3 
20180608555 9 2 3 8 1 6 4 7 5 10 
20180608556 6 7 3 8 10 5 4 2 9 1 
20180608557 5 3 8 6 10 2 1 4 7 9 
20180608558 2 7 9 10 1 8 6 4 5 3 
20180608559 2 4 6 10 1 5 9 8 7 3 
20180608560 7 5 4 10 9 8 2 3 1 6 
20180608561 6 4 7 3 10 2 5 1 8 9 
20180608562 4 7 5 6 3 1 2 9 8 10 
20180608563 6 9 7 5 10 8 1 3 2 4 
20180608564 10 8 2 6 9 5 4 1 7 3 
20180608565 9 2 7 8 6 10 4 1 5 3 
20180608566 8 10 6 7 5 4 9 1 2 3 
20180608567 5 1 8 7 2 4 9 6 10 3 
20180608568 1 7 3 4 8 10 2 5 9 6 
20180608569 7 3 9 2 6 10 1 8 5 4 
20180608570 7 6 3 10 5 8 4 1 2 9 
20180608571 2 1 5 7 9 4 3 10 6 8 
20180608572 1 7 6 5 9 4 8 2 10 3 
20180608573 10 2 4 1 5 8 6 7 9 3 
20180608574 9 3 7 4 1 5 8 2 10 6 
20180608575 9 5 2 10 4 1 3 6 7 8 
20180608576 3 2 4 10 1 8 7 6 5 9 
20180608577 7 9 3 10 2 1 5 8 4 6 
20180608578 10 6 9 1 2 3 8 7 4 5 
20180608579 10 6 1 9 7 3 8 2 4 5 
20180608580 2 1 6 5 4 7 10 9 8 3 
20180608581 5 7 9 3 1 4 8 10 6 2 
20180608582 3 8 10 5 7 6 4 9 2 1 
20180608583 6 10 5 7 8 1 9 4 3 2 
20180608584 8 5 10 9 4 3 2 1 7 6 
20180608585 3 2 6 1 5 8 10 9 7 4 
20180608586 8 10 9 7 6 4 5 3 1 2 
20180608587 6 10 5 3 4 7 9 8 2 1 
20180608588 1 3 7 5 6 4 10 8 9 2 
20180608589 1 8 4 5 7 9 2 3 10 6 
20180608590 3 9 4 6 7 8 2 10 1 5 
20180608591 10 9 1 5 4 2 3 6 7 8 
20180608592 3 5 1 2 9 8 6 4 10 7 
20180608593 2 10 3 6 9 5 7 4 1 8 
20180608594 8 6 5 7 1 10 4 3 2 9 
20180608595 4 6 7 8 1 9 10 2 3 5 
20180608596 8 10 9 4 5 6 7 2 1 3 
20180608597 1 8 4 5 10 6 2 7 9 3 
20180608598 2 9 1 6 8 4 10 3 7 5 
20180608599 9 2 6 7 5 10 4 8 1 3 
20180608600 5 10 3 2 9 1 6 4 7 8 
20180608601 8 6 7 5 4 9 3 2 10 1 
20180608602 9 8 7 5 4 2 10 6 3 1 
20180608603 3 7 4 9 10 8 2 1 5 6 
20180608604 3 5 2 10 1 7 8 9 6 4 
20180608605 8 1 2 7 9 4 3 5 10 6 
20180608606 7 5 4 8 1 6 2 10 9 3 
20180608607 5 1 9 10 3 7 2 6 4 8 
20180608608 4 3 6 7 8 5 1 2 10 9 
20180608609 2 4 1 3 6 10 8 5 9 7 
20180608610 10 3 8 6 9 7 4 1 2 5 
20180608611 1 10 8 6 3 2 7 9 4 5 
20180608612 5 9 4 8 2 10 1 6 3 7 
20180608613 3 5 9 2 6 4 1 7 10 8 
20180608614 10 7 1 4 2 9 5 6 8 3 
20180608615 6 5 4 2 8 1 7 9 3 10 
20180608616 3 10 6 2 9 1 8 5 7 4 
20180608617 2 9 10 3 7 1 4 6 5 8 
20180608618 3 2 6 5 4 8 10 1 7 9 
20180608619 1 7 10 2 6 3 4 5 9 8 
20180608620 5 3 4 2 1 10 7 6 8 9 
20180608621 7 8 5 4 10 3 9 6 1 2 
20180608622 9 7 1 4 10 6 2 3 8 5 
20180608623 10 5 9 3 7 6 8 1 2 4 
20180608624 4 3 9 1 5 8 7 6 2 10 
20180608625 7 6 9 1 10 2 8 3 5 4 
20180608626 2 10 1 9 8 3 7 4 5 6 
20180608627 6 9 3 5 8 4 1 7 10 2 
20180608628 9 2 10 5 6 4 1 3 7 8 
20180608629 3 1 10 6 7 2 4 5 8 9 
20180608630 6 2 3 9 10 5 4 8 1 7 
20180608631 2 6 8 1 5 4 9 10 3 7 
20180608632 4 3 1 9 6 2 10 5 7 8 
20180608633 1 6 4 10 5 2 7 8 9 3 
20180608634 5 6 9 7 4 10 2 1 8 3 
20180608635 3 6 5 7 1 8 9 4 2 10 
20180608636 9 2 3 8 4 5 6 1 7 10 
20180608637 4 6 1 10 5 2 9 8 3 7 
20180608638 2 5 4 8 3 9 7 10 1 6 
20180608639 4 8 7 1 6 2 9 3 5 10 
20180608640 2 4 5 1 8 7 6 3 9 10 
20180608641 4 6 2 9 1 7 8 3 5 10 
20180608642 1 4 8 6 3 2 7 9 5 10 
20180608643 3 10 8 6 5 4 2 1 7 9 
20180608644 4 7 3 2 1 5 10 8 9 6 
20180608645 8 2 10 9 5 4 1 6 3 7 
20180608646 7 8 9 10 4 3 2 6 1 5 
20180608647 10 9 5 2 7 4 8 3 6 1 
20180608648 9 4 1 6 2 7 8 3 5 10 
20180608649 9 7 8 3 4 1 2 10 6 5 
20180608650 9 8 2 1 6 4 7 5 3 10 
20180608651 7 4 1 6 2 8 10 5 9 3 
20180608652 7 1 10 3 2 6 8 5 9 4 
20180608653 2 6 3 4 1 10 7 8 5 9 
20180608654 9 5 7 10 4 1 2 3 8 6 
20180608655 4 5 3 2 8 10 6 1 7 9 
20180608656 8 2 7 9 1 4 6 10 5 3 
20180608657 3 10 4 8 7 6 1 5 2 9 
20180608658 2 4 5 9 1 7 10 6 8 3 
20180608659 5 6 1 7 4 10 8 3 2 9 
20180608660 3 10 6 4 1 8 2 7 9 5 
20180608661 3 2 6 1 7 4 10 8 9 5 
20180608662 3 6 9 1 4 7 2 5 10 8 
20180608663 3 2 7 8 1 5 4 6 9 10 
20180608664 7 5 9 3 1 4 6 8 2 10 
20180608665 9 5 1 4 8 10 3 6 7 2 
20180608666 7 4 6 9 2 10 8 1 5 3 
20180608667 9 4 1 8 7 3 6 5 10 2 
20180608668 7 10 2 9 3 6 8 5 4 1 
20180608669 9 4 8 5 10 6 2 1 7 3 
20180608670 7 10 8 9 4 6 1 5 3 2 
20180608671 7 9 5 8 10 6 3 2 1 4 
20180608672 4 7 10 5 3 1 9 6 8 2 
20180608673 6 7 4 3 9 5 8 2 1 10 
20180608674 9 5 10 8 2 3 4 7 6 1 
20180608675 6 9 3 4 7 10 1 8 5 2 
20180608676 1 6 8 4 5 2 7 3 10 9 
20180608677 2 4 3 9 7 8 5 1 10 6 
20180608678 9 6 5 7 4 10 8 1 2 3 
20180608679 9 4 3 5 8 7 1 10 2 6 
20180608680 5 7 9 2 8 3 10 1 6 4 
20180608681 4 7 2 5 6 9 1 8 3 10 
20180608682 1 9 4 10 3 6 5 7 2 8 
20180608683 5 8 9 1 7 6 10 4 2 3 
20180608684 1 6 2 5 3 4 7 9 8 10 
20180608685 6 4 3 10 7 8 5 2 9 1 
20180608686 5 2 1 9 8 6 4 10 3 7 
20180608687 7 8 2 3 5 9 4 1 10 6 
20180608688 6 8 2 7 1 5 9 10 4 3 
20180608689 5 10 1 7 4 6 8 2 3 9 
20180608690 6 4 8 3 2 1 7 9 5 10 
20180608691 9 2 6 5 7 3 1 10 8 4 
20180608692 3 5 10 8 4 2 7 6 9 1 
20180608693 10 4 9 6 5 2 3 7 8 1 
20180608694 9 5 7 2 6 10 3 1 4 8 
20180608695 10 2 3 6 8 4 9 5 7 1 
20180608696 5 10 6 9 7 3 8 2 1 4 
20180608697 10 4 5 3 8 7 9 6 1 2 
20180608698 7 10 3 4 8 1 9 2 5 6 
20180608699 1 9 10 7 3 6 5 4 2 8 
20180608700 9 6 2 1 8 7 10 4 5 3 
20180608701 5 7 10 1 9 3 2 8 4 6 
20180608702 3 1 2 7 5 4 8 6 10 9 
20180608703 6 9 8 4 5 10 7 1 2 3 
20180608704 6 4 3 7 10 1 2 5 8 9 
20180608705 9 3 8 4 1 7 5 10 6 2 
20180608706 9 2 10 7 4 3 6 1 8 5 
20180608707 4 5 9 8 7 3 2 6 1 10 
20180608708 10 3 7 4 8 6 5 2 9 1 
20180608709 7 3 9 5 2 8 4 6 10 1 
20180608710 3 4 10 2 1 8 5 6 9 7 
20180608711 4 7 8 3 9 6 2 5 1 10 
20180608712 6 2 5 10 7 1 4 3 9 8 
20180608713 1 9 4 2 5 8 6 10 3 7 
20180608714 10 5 8 6 3 1 2 9 7 4 
20180608715 9 3 5 4 6 1 7 8 2 10 
20180608716 1 7 2 4 8 5 3 9 10 6 
20180608717 8 3 5 6 2 10 1 7 4 9 
20180608718 4 2 9 5 3 8 7 10 1 6 
20180608719 4 3 5 6 2 10 1 7 8 9 
20180608720 9 2 6 5 3 8 4 1 10 7 
20180608721 3 10 8 2 6 4 5 1 9 7 
20180608722 6 3 8 5 7 1 4 2 9 10 
20180608723 8 3 1 4 6 10 2 7 5 9 
20180608724 10 1 5 4 7 3 9 8 2 6 
20180608725 3 5 8 1 4 6 10 2 9 7 
20180608726 3 2 5 1 10 7 6 9 8 4 
20180608727 2 8 4 7 1 5 6 3 10 9 
20180608728 5 2 9 3 4 6 1 8 7 10 
20180608729 9 7 8 10 6 1 5 4 2 3 
20180608730 5 1 10 2 8 3 9 4 7 6 
20180608731 3 5 7 10 1 2 8 4 6 9 
20180608732 6 5 8 2 1 7 3 9 10 4 
20180608733 3 10 2 8 1 6 9 4 5 7 
20180608734 9 8 10 2 1 7 5 4 3 6 
20180608735 8 7 5 9 6 3 10 2 1 4 
20180608736 4 1 6 9 3 5 7 8 10 2 
20180608737 10 3 9 2 4 5 1 6 7 8 
20180608738 1 3 2 5 9 8 4 7 6 10 
20180608739 10 7 9 4 3 5 2 6 8 1 
20180608740 4 2 3 7 8 5 10 6 1 9 
20180608741 7 6 8 3 1 5 10 9 2 4 
20180608742 4 3 5 6 2 10 1 7 8 9 
20180608743 8 7 3 2 10 9 4 6 1 5 
20180608744 8 6 3 7 9 10 1 4 2 5 
20180608745 10 5 4 9 6 7 2 3 8 1 
20180608746 7 5 6 10 4 2 9 3 1 8 
20180608747 1 8 3 2 10 9 4 6 5 7 
20180608748 6 8 3 5 2 4 9 7 10 1 
20180608749 9 10 6 4 3 7 2 5 8 1 
20180608750 6 7 8 10 5 1 9 3 2 4 
20180608751 4 9 2 7 10 1 5 6 3 8 
20180608752 3 5 9 8 7 6 2 4 10 1 
20180608753 3 2 4 10 1 8 6 7 9 5 
20180608754 4 6 7 10 3 2 5 8 1 9 
20180608755 9 8 5 6 1 10 3 7 4 2 
20180608756 6 10 1 7 2 3 8 9 4 5 
20180608757 4 5 9 10 3 6 2 7 1 8 
20180608758 4 1 3 7 6 10 5 9 2 8 
20180608759 10 9 7 2 8 4 6 1 5 3 
20180608760 9 2 3 1 7 4 5 6 8 10 
20180608761 7 4 8 2 3 5 9 6 10 1 
20180608762 4 8 5 10 1 2 3 7 6 9 
20180608763 5 8 4 2 6 1 7 10 9 3 
20180608764 9 3 6 10 8 4 2 7 5 1 
20180608765 10 4 3 7 5 6 2 8 9 1 
20180608766 7 1 6 10 4 5 9 3 8 2 
20180608767 1 7 9 6 5 2 4 3 10 8 
20180608768 4 9 6 5 8 10 7 1 3 2 
20180608769 3 8 9 5 10 1 7 6 4 2 
20180608770 8 7 6 3 5 2 9 4 10 1 
20180608771 6 7 5 2 8 1 4 10 3 9 
20180608772 4 8 1 6 2 3 9 10 5 7 
20180608773 10 3 5 4 7 8 9 6 2 1 
20180608774 2 5 1 7 3 4 9 6 8 10 
20180608775 2 9 8 1 5 3 4 6 10 7 
20180608776 6 7 1 3 8 5 4 9 2 10 
20180608777 9 10 6 1 3 2 8 5 7 4 
20180608778 8 10 1 3 6 4 2 7 5 9 
20180608779 6 9 2 4 5 8 1 7 10 3 
20180608780 8 3 9 4 6 7 2 10 5 1 
20180608781 3 7 10 5 4 6 1 2 9 8 
20180608782 3 2 4 7 8 9 5 10 6 1 
20180608783 8 1 4 10 2 5 6 7 3 9 
20180608784 5 6 9 8 10 2 3 7 1 4 
20180608785 8 6 3 1 9 10 5 2 7 4 
20180608786 5 3 7 1 6 8 10 2 9 4 
20180608787 7 1 6 2 8 3 10 4 5 9 
20180608788 6 3 1 8 9 5 2 4 7 10 
20180608789 7 6 2 9 4 10 5 8 1 3 
20180608790 6 5 3 4 7 1 2 8 10 9 
20180608791 10 6 7 1 5 2 4 9 3 8 
20180608792 7 10 3 5 8 6 2 4 1 9 
20180608793 9 2 10 7 6 4 3 5 8 1 
20180608794 10 8 7 6 9 3 1 2 4 5 
20180608795 7 2 4 8 1 9 5 3 6 10 
20180608796 8 5 1 9 3 4 7 10 2 6 
20180608797 9 8 5 6 1 4 2 3 7 10 
20180608798 8 9 10 5 2 6 4 3 7 1 
20180608799 7 10 1 4 3 6 5 8 9 2 
20180608800 7 5 6 4 9 1 2 10 3 8 
20180608801 6 1 2 10 5 7 8 4 3 9 
20180608802 7 9 1 4 6 10 5 3 2 8 
20180608803 3 1 4 2 10 7 9 8 5 6 
20180608804 3 9 4 5 8 7 2 10 6 1 
20180608805 4 10 5 9 8 6 2 7 3 1 
20180608806 9 3 10 8 2 7 1 5 4 6 
20180608807 4 5 7 6 8 1 10 9 2 3 
20180608808 8 2 6 4 7 10 5 9 3 1 
20180608809 9 10 8 3 2 4 5 1 6 7 
20180608810 10 7 9 3 8 5 1 6 2 4 
20180608811 9 8 1 4 6 2 3 7 5 10 
20180608812 8 2 1 7 6 9 10 3 4 5 
20180608813 10 2 9 3 5 4 6 7 8 1 
20180608814 4 7 1 5 3 9 6 10 8 2 
20180608815 1 5 6 8 4 10 2 3 9 7 
20180608816 6 10 1 5 4 2 7 3 8 9 
20180608817 6 5 4 9 2 1 10 8 3 7 
20180608818 9 5 3 2 4 7 10 6 8 1 
20180608819 4 8 6 10 9 5 2 1 7 3 
20180608820 8 10 2 4 7 5 6 3 9 1 
20180608821 5 6 8 9 2 1 7 10 3 4 
20180608822 3 6 10 4 7 8 1 9 2 5 
20180608823 6 4 8 2 9 7 10 5 1 3 
20180608824 5 7 2 8 6 3 4 10 9 1 
20180608825 5 8 6 2 4 10 3 9 7 1 
20180608826 1 9 10 8 3 4 6 7 5 2 
20180608827 5 9 4 3 10 2 7 6 8 1 
20180608828 8 5 2 6 10 9 3 1 4 7 
20180608829 2 8 1 6 4 10 5 7 3 9 
20180608830 6 2 7 1 9 10 8 4 5 3 
20180608831 1 2 8 7 5 6 9 3 10 4 
20180608832 8 7 10 6 4 1 3 9 2 5 
20180608833 9 10 7 2 6 5 4 3 1 8 
20180608834 2 6 8 9 4 10 5 3 1 7 
20180608835 9 2 3 1 8 7 4 10 6 5 
20180608836 10 3 7 1 8 4 6 2 9 5 
20180608837 5 6 7 2 10 9 3 1 4 8 
20180608838 3 2 6 1 9 4 5 7 10 8 
20180608839 10 8 9 3 4 6 5 2 1 7 
20180608840 3 10 4 9 2 7 1 8 5 6 
20180608841 5 6 10 8 9 1 4 2 3 7 
20180608842 10 4 1 5 6 7 2 9 3 8 
20180608843 2 8 6 1 10 7 9 4 5 3 
20180608844 6 10 8 5 7 9 1 3 2 4 
20180608845 6 5 2 10 1 8 7 4 9 3 
20180608846 6 3 9 7 5 8 2 1 4 10 
20180608847 6 1 5 4 8 2 10 3 7 9 
20180608848 1 2 6 8 9 3 10 7 4 5 
20180608849 6 10 5 7 3 1 4 8 2 9 
20180608850 8 6 10 9 4 1 2 3 7 5 
20180608851 4 9 3 5 7 8 2 10 1 6 
20180608852 3 6 10 7 8 9 2 4 1 5 
20180608853 4 10 2 7 3 9 1 6 8 5 
20180608854 5 6 7 8 9 2 4 1 3 10 
20180608855 5 9 4 3 1 10 2 7 6 8 
20180608856 2 6 4 8 3 10 9 7 1 5 
20180608857 10 9 4 7 6 2 5 1 8 3 
20180608858 7 8 4 5 3 1 6 2 10 9 
20180608859 4 8 9 10 7 5 6 1 2 3 
20180608860 8 9 5 10 4 6 7 1 2 3 
20180608861 7 10 1 9 3 8 6 5 2 4 
20180608862 6 1 9 3 4 2 8 5 7 10 
20180608863 7 6 3 4 8 1 10 9 5 2 
20180608864 5 6 7 1 9 8 4 2 3 10 
20180608865 7 3 5 9 4 2 8 1 10 6 
20180608866 5 3 8 4 6 10 1 7 9 2 
20180608867 1 2 8 4 10 3 5 9 6 7 
20180608868 3 10 1 9 2 5 4 6 7 8 
20180608869 3 1 10 9 8 5 7 6 4 2 
20180608870 8 7 10 5 2 9 4 1 3 6 
20180608871 5 7 2 9 8 1 6 3 4 10 
20180608872 7 4 1 2 10 3 6 5 9 8 
20180608873 1 3 5 7 10 2 9 6 8 4 
20180608874 8 1 5 10 3 7 9 4 2 6 
20180608875 6 8 7 2 5 3 9 1 4 10 
20180608876 1 7 5 10 9 2 4 8 3 6 
20180608877 10 9 8 6 4 7 2 3 5 1 
20180608878 7 6 4 3 1 8 10 5 9 2 
20180608879 5 4 9 2 3 6 7 1 10 8 
20180608880 3 9 4 1 10 7 8 6 2 5 
20180608881 8 7 10 5 4 6 9 1 3 2 
20180608882 3 8 10 6 5 9 4 1 7 2 
20180608883 8 10 1 3 7 9 4 2 5 6 
20180608884 9 7 2 8 1 10 4 6 5 3 
20180608885 9 7 4 8 1 10 2 6 3 5 
20180608886 5 4 6 3 8 7 2 10 9 1 
20180608887 8 9 7 3 2 6 5 10 1 4 
20180608888 4 9 8 2 6 7 5 3 10 1 
20180608889 4 7 8 10 1 6 5 2 9 3 
20180608890 9 2 10 5 1 6 8 4 7 3 
20180608891 6 7 1 10 3 5 4 8 2 9 
20180608892 1 9 7 8 10 3 5 4 6 2 
20180608893 5 4 6 2 7 8 3 9 10 1 
20180608894 5 7 9 3 2 4 1 8 10 6 
20180608895 3 7 6 1 8 5 4 2 9 10 
20180608896 8 7 1 6 2 3 9 10 5 4 
20180608897 9 10 5 2 8 3 4 1 7 6 
20180608898 2 1 3 10 5 4 7 6 8 9 
20180608899 1 10 6 3 4 7 8 5 2 9 
20180608900 5 8 6 2 9 7 1 4 10 3 
20180608901 10 2 9 8 5 1 3 4 6 7 
20180608902 7 4 6 10 2 5 1 9 3 8 
20180608903 6 5 3 2 4 9 7 10 1 8 
20180608904 9 10 8 3 4 5 6 2 7 1 
20180608905 1 9 7 4 6 5 8 2 3 10 
20180608906 1 2 10 8 7 4 5 6 9 3 
20180608907 4 7 8 1 2 9 6 3 5 10 
20180608908 6 7 10 1 8 9 4 3 2 5 
20180608909 1 7 8 2 5 9 3 6 4 10 
20180608910 4 7 1 10 3 5 8 9 2 6 
20180608911 7 9 6 10 4 2 3 5 1 8 
20180608912 8 1 3 2 9 7 10 6 4 5 
20180608913 7 3 10 6 5 8 9 1 4 2 
20180608914 6 3 5 10 7 9 4 2 8 1 
20180608915 6 8 10 2 1 5 4 9 3 7 
20180608916 3 1 7 10 6 8 9 2 5 4 
20180608917 4 10 7 1 2 8 9 6 3 5 
20180608918 9 1 3 8 6 2 10 5 7 4 
20180608919 1 10 4 2 6 5 9 3 8 7 
20180608920 5 1 3 7 9 4 2 6 8 10 
20180608921 4 2 10 3 8 1 7 6 9 5 
20180608922 8 9 1 7 5 3 6 4 10 2 
20180608923 8 6 1 3 10 9 5 2 4 7 
20180608924 2 5 3 4 8 6 1 7 10 9 
20180608925 10 9 8 4 3 2 5 1 7 6 
20180608926 5 3 1 9 2 7 8 6 10 4 
20180608927 5 9 8 3 7 1 2 10 4 6 
20180608928 7 1 8 10 4 3 6 9 5 2 
20180608929 3 7 1 10 8 5 2 6 9 4 
20180608930 4 8 1 2 5 6 10 9 7 3 
20180608931 3 7 2 9 4 5 1 8 6 10 
20180608932 1 3 8 10 7 2 6 4 5 9 
20180608933 5 1 10 3 9 7 2 4 8 6 
20180608934 1 7 2 10 6 3 4 8 5 9 
20180608935 7 1 2 8 5 9 3 6 4 10 
20180608936 2 5 1 9 10 4 3 8 7 6 
20180608937 2 6 8 7 10 3 9 1 5 4 
20180608938 9 3 10 5 7 8 2 1 4 6 
20180608939 5 7 6 2 9 4 1 10 8 3 
20180608940 10 1 3 7 6 4 8 5 2 9 
20180608941 9 3 8 7 6 10 1 4 2 5 
20180608942 2 5 8 3 9 1 6 7 4 10 
20180608943 2 4 7 8 6 1 3 5 10 9 
20180608944 1 2 8 10 7 3 5 6 9 4 
20180608945 4 3 2 1 7 5 8 9 10 6 
20180608946 10 3 6 8 4 1 7 2 9 5 
20180608947 4 8 7 5 10 2 3 9 1 6 
20180608948 1 8 5 10 7 4 6 3 9 2 
20180608949 7 4 5 9 8 6 3 1 10 2 
20180608950 7 2 3 5 6 8 1 9 4 10 
20180608951 2 8 4 9 5 7 1 10 6 3 
20180608952 6 2 5 4 10 3 1 9 8 7 
20180608953 2 1 9 6 5 4 8 7 3 10 
20180608954 1 4 2 6 8 9 5 7 3 10 
20180608955 4 9 2 6 10 7 1 8 3 5 
20180608956 5 2 1 7 8 4 9 3 6 10 
20180608957 10 6 7 3 9 4 8 5 1 2 
20180608958 6 10 3 5 1 4 7 9 2 8 
20180608959 8 6 3 2 5 10 9 7 4 1 
20180608960 2 10 6 1 3 5 4 7 8 9 
20180608961 4 8 6 9 3 7 5 1 2 10 
20180608962 8 9 3 6 1 2 10 7 5 4 
20180608963 4 1 10 6 7 9 2 3 5 8 
20180608964 8 10 1 4 7 3 5 2 9 6 
20180608965 1 5 6 8 2 4 3 9 10 7 
20180608966 9 6 1 7 10 5 3 8 2 4 
20180608967 10 2 7 3 1 4 8 9 6 5 
20180608968 6 10 9 7 3 5 1 4 2 8 
20180608969 2 8 9 5 1 10 7 4 6 3 
20180608970 4 5 1 10 9 7 2 8 3 6 
20180608971 4 1 8 3 2 5 10 6 7 9 
20180608972 6 1 4 5 8 3 7 9 10 2 
20180608973 7 9 1 8 2 10 3 5 6 4 
20180608974 8 1 7 4 5 10 9 6 3 2 
20180608975 8 2 5 9 7 3 1 4 10 6 
20180608976 1 5 8 6 10 7 2 3 9 4 
20180608977 1 6 10 3 4 8 9 7 5 2 
20180608978 1 4 9 3 8 7 2 10 5 6 
20180608979 8 2 1 4 5 6 7 3 10 9 
20180608980 8 6 1 2 4 10 3 5 9 7 
20180608981 7 1 3 4 6 5 9 2 10 8 
20180608982 3 2 5 9 4 8 10 6 1 7 
20180608983 4 1 5 6 3 9 2 10 7 8 
20180608984 8 9 10 4 6 1 3 2 7 5 
20180608985 5 7 10 2 1 9 6 3 4 8 
