20180619001 1 5 7 9 2 10 3 4 6 8 
20180619002 4 5 2 8 7 1 3 9 6 10 
20180619003 10 7 6 4 2 9 8 5 3 1 
20180619004 9 4 1 2 6 5 3 8 10 7 
20180619005 2 8 4 9 5 6 1 3 10 7 
20180619006 3 5 10 4 6 8 1 9 7 2 
20180619007 2 9 1 8 5 3 6 7 4 10 
20180619008 2 5 3 10 7 1 9 6 4 8 
20180619009 5 4 2 8 9 6 7 10 1 3 
20180619010 8 2 3 1 4 6 10 9 7 5 
20180619011 7 9 10 5 4 6 8 1 2 3 
20180619012 8 3 6 10 4 9 1 5 7 2 
20180619013 6 5 9 7 3 10 1 4 8 2 
20180619014 1 6 8 3 9 5 7 10 2 4 
20180619015 2 7 9 5 8 4 10 3 6 1 
20180619016 6 8 4 1 5 7 2 9 3 10 
20180619017 4 6 2 9 3 8 5 10 1 7 
20180619018 4 2 6 1 7 8 3 9 5 10 
20180619019 6 8 4 9 5 1 2 10 7 3 
20180619020 2 5 6 1 8 10 4 7 9 3 
20180619021 2 10 9 4 7 5 1 6 8 3 
20180619022 5 10 2 1 6 4 8 9 3 7 
20180619023 2 4 8 1 5 9 3 6 10 7 
20180619024 10 1 9 2 3 5 7 4 6 8 
20180619025 5 9 2 4 6 1 10 8 7 3 
20180619026 2 5 8 7 4 3 9 1 10 6 
20180619027 9 8 2 5 4 6 3 1 7 10 
20180619028 5 6 4 7 9 1 2 3 8 10 
20180619029 4 6 1 8 9 5 2 10 7 3 
20180619030 6 7 9 5 1 8 2 3 10 4 
20180619031 4 8 2 9 5 10 1 6 3 7 
20180619032 4 5 10 6 1 9 8 7 3 2 
20180619033 2 7 8 10 6 9 5 3 1 4 
20180619034 10 2 4 1 7 3 5 9 6 8 
20180619035 9 6 4 2 3 8 5 1 10 7 
20180619036 5 7 10 2 1 3 9 4 8 6 
20180619037 8 9 5 7 6 3 2 1 4 10 
20180619038 10 5 8 2 1 6 4 7 9 3 
20180619039 6 10 8 3 5 7 4 1 9 2 
20180619040 8 7 2 5 3 1 4 10 9 6 
20180619041 3 10 9 6 8 5 7 1 2 4 
20180619042 10 7 6 1 2 8 4 5 9 3 
20180619043 2 3 9 5 8 7 10 1 4 6 
20180619044 3 7 10 2 4 6 9 8 1 5 
20180619045 5 4 7 6 1 10 2 3 8 9 
20180619046 8 2 6 9 4 5 7 10 3 1 
20180619047 8 3 9 7 10 6 1 4 5 2 
20180619048 7 10 4 6 8 5 2 1 9 3 
20180619049 10 7 5 8 1 2 3 4 6 9 
20180619050 4 10 1 9 7 3 8 6 2 5 
20180619051 7 10 8 6 4 5 2 1 9 3 
20180619052 7 5 1 6 10 8 3 9 4 2 
20180619053 2 1 5 3 10 8 4 6 7 9 
20180619054 5 3 7 1 2 8 6 4 10 9 
20180619055 8 7 10 5 3 1 9 2 6 4 
20180619056 3 6 4 1 7 9 10 8 5 2 
20180619057 3 2 6 8 10 9 5 7 4 1 
20180619058 7 8 1 9 6 5 3 2 10 4 
20180619059 8 5 10 2 4 3 1 9 6 7 
20180619060 10 8 7 1 2 4 6 5 3 9 
20180619061 10 7 3 8 9 6 2 4 1 5 
20180619062 7 2 1 4 9 8 5 6 10 3 
20180619063 9 8 5 4 7 10 2 3 1 6 
20180619064 1 10 7 4 6 9 2 3 8 5 
20180619065 8 6 10 3 4 7 9 1 5 2 
20180619066 3 7 4 2 8 1 6 9 10 5 
20180619067 5 8 7 2 6 4 1 3 9 10 
20180619068 9 2 10 8 1 3 6 5 7 4 
20180619069 8 5 9 3 6 1 10 7 4 2 
20180619070 1 7 4 3 6 10 2 5 8 9 
20180619071 4 3 5 9 6 2 8 7 10 1 
20180619072 4 7 2 3 6 8 9 10 5 1 
20180619073 5 10 6 2 4 1 7 9 8 3 
20180619074 10 3 2 7 9 8 4 6 1 5 
20180619075 5 2 6 10 1 3 7 4 9 8 
20180619076 2 3 8 7 4 9 5 1 10 6 
20180619077 3 2 5 8 1 4 7 10 9 6 
20180619078 10 8 4 2 6 9 5 7 1 3 
20180619079 3 7 4 1 5 10 6 9 8 2 
20180619080 4 9 2 8 5 6 7 3 10 1 
20180619081 10 8 9 1 3 4 6 5 7 2 
20180619082 2 5 8 4 3 7 10 6 1 9 
20180619083 3 1 4 5 7 8 2 9 6 10 
20180619084 4 6 7 2 10 8 3 5 9 1 
20180619085 4 5 10 8 2 1 6 7 3 9 
20180619086 4 10 8 6 5 2 3 7 9 1 
20180619087 6 8 9 3 4 2 7 10 5 1 
20180619088 5 2 9 3 1 10 4 7 6 8 
20180619089 10 5 4 6 2 7 3 1 8 9 
20180619090 5 4 2 9 7 10 8 3 6 1 
20180619091 9 7 4 8 2 3 1 5 10 6 
20180619092 8 1 5 4 2 10 6 3 9 7 
20180619093 7 10 4 6 8 2 9 3 1 5 
20180619094 7 8 6 2 10 1 3 4 9 5 
20180619095 2 4 1 9 6 3 5 7 10 8 
20180619096 6 10 7 5 2 8 3 1 9 4 
20180619097 10 2 1 9 5 4 7 6 8 3 
20180619098 4 7 1 9 10 6 3 2 8 5 
20180619099 10 5 6 4 2 7 9 3 8 1 
20180619100 1 8 6 4 7 2 5 9 10 3 
20180619101 4 1 8 5 6 2 3 10 9 7 
20180619102 7 9 10 8 6 2 5 3 4 1 
20180619103 7 1 10 5 3 2 4 8 9 6 
20180619104 6 8 2 1 10 4 5 7 9 3 
20180619105 5 3 8 2 10 9 7 6 4 1 
20180619106 4 6 8 2 9 10 5 3 1 7 
20180619107 2 7 10 9 3 4 1 8 5 6 
20180619108 9 10 7 4 6 2 1 8 5 3 
20180619109 10 7 2 8 4 5 1 3 9 6 
20180619110 7 3 2 6 8 4 10 1 9 5 
20180619111 1 6 3 7 4 2 10 8 9 5 
20180619112 8 10 6 1 3 7 5 9 4 2 
20180619113 4 9 5 1 7 6 2 3 10 8 
20180619114 2 7 6 10 3 5 9 4 8 1 
20180619115 1 8 4 5 7 2 3 10 6 9 
20180619116 10 1 9 4 7 2 3 8 5 6 
20180619117 4 10 5 1 2 8 9 3 7 6 
20180619118 2 1 3 9 6 5 10 7 4 8 
20180619119 2 7 6 9 10 5 1 4 8 3 
20180619120 10 6 5 2 7 1 8 9 3 4 
20180619121 1 3 7 9 4 2 10 8 6 5 
20180619122 8 4 1 3 2 7 9 6 10 5 
20180619123 9 4 1 6 2 7 3 8 5 10 
20180619124 6 7 4 2 1 9 10 3 5 8 
20180619125 6 5 1 9 7 10 4 2 8 3 
20180619126 5 2 9 1 4 10 7 6 8 3 
20180619127 8 4 1 7 3 6 5 2 9 10 
20180619128 9 1 10 8 5 6 4 7 3 2 
20180619129 8 1 2 7 10 9 6 4 5 3 
20180619130 10 3 9 6 2 4 5 7 1 8 
20180619131 1 3 10 4 8 2 5 9 6 7 
20180619132 5 8 4 10 7 1 2 6 3 9 
20180619133 1 5 4 7 2 9 3 10 6 8 
20180619134 3 2 10 9 6 4 8 5 7 1 
20180619135 5 4 3 10 9 7 2 1 8 6 
20180619136 6 4 7 10 3 5 9 8 2 1 
20180619137 6 4 2 1 3 5 8 10 7 9 
20180619138 8 2 7 1 3 10 6 4 5 9 
20180619139 4 5 1 6 2 3 7 10 8 9 
20180619140 2 8 7 6 4 1 3 5 10 9 
20180619141 8 6 10 5 9 1 2 3 7 4 
20180619142 4 8 9 3 2 5 7 10 6 1 
20180619143 10 6 9 7 3 2 5 1 8 4 
20180619144 8 3 7 2 10 9 5 1 6 4 
20180619145 10 2 3 9 8 1 6 4 7 5 
20180619146 7 10 6 3 2 4 9 5 8 1 
20180619147 8 1 3 2 4 9 6 7 10 5 
20180619148 8 5 7 4 2 6 10 3 9 1 
20180619149 7 8 5 6 3 10 2 1 9 4 
20180619150 9 1 6 2 5 3 7 4 10 8 
20180619151 5 9 6 3 8 1 2 7 10 4 
20180619152 4 7 8 9 6 2 5 1 10 3 
20180619153 6 1 7 8 3 9 5 2 4 10 
20180619154 3 9 5 10 8 6 4 7 2 1 
20180619155 7 4 1 6 5 10 8 3 9 2 
20180619156 6 2 8 5 4 10 9 1 7 3 
20180619157 1 4 9 3 7 5 2 10 8 6 
20180619158 6 4 10 2 3 8 1 9 7 5 
20180619159 3 6 1 8 2 4 10 5 9 7 
20180619160 6 3 4 1 10 8 9 5 7 2 
20180619161 8 5 7 2 9 4 3 10 6 1 
20180619162 6 9 3 4 8 7 1 2 5 10 
20180619163 1 8 6 10 3 9 5 7 2 4 
20180619164 6 4 3 2 8 5 10 1 7 9 
20180619165 2 10 7 6 4 5 1 3 8 9 
20180619166 3 6 2 7 8 5 9 10 4 1 
20180619167 9 1 2 4 7 8 5 6 10 3 
20180619168 2 10 4 3 5 9 6 7 8 1 
20180619169 9 7 4 10 3 1 6 8 2 5 
20180619170 6 4 5 9 2 7 3 8 1 10 
20180619171 3 4 5 9 6 10 8 1 7 2 
20180619172 1 5 7 6 4 2 3 10 8 9 
20180619173 9 7 1 6 8 3 2 4 10 5 
20180619174 5 4 1 7 2 10 8 3 6 9 
20180619175 7 6 3 5 4 1 10 8 9 2 
20180619176 2 5 8 1 10 3 6 7 4 9 
20180619177 9 8 10 2 1 3 4 5 7 6 
20180619178 2 1 10 4 3 7 8 5 9 6 
20180619179 1 3 5 9 4 10 6 8 2 7 
20180619180 2 1 4 6 5 3 8 7 9 10 
20180619181 1 3 7 9 6 5 2 8 4 10 
20180619182 6 8 5 7 4 1 2 10 9 3 
20180619183 3 9 6 10 1 8 4 5 7 2 
20180619184 6 2 5 3 4 1 7 10 8 9 
20180619185 9 1 5 7 3 2 10 6 8 4 
20180619186 6 10 8 5 1 4 9 2 3 7 
20180619187 4 8 6 5 7 9 2 3 10 1 
20180619188 8 9 1 2 4 6 5 3 7 10 
20180619189 6 1 4 2 3 9 10 7 8 5 
20180619190 1 7 5 10 2 8 6 3 4 9 
20180619191 4 9 2 10 8 3 6 1 5 7 
20180619192 8 2 5 3 7 4 6 9 10 1 
20180619193 10 4 9 6 1 7 5 2 8 3 
20180619194 3 10 9 1 8 7 2 5 4 6 
20180619195 6 4 3 8 5 2 7 1 9 10 
20180619196 3 10 1 9 5 6 2 4 8 7 
20180619197 2 10 1 5 6 3 9 7 4 8 
20180619198 7 8 2 1 10 4 5 3 6 9 
20180619199 4 6 5 8 7 3 2 1 9 10 
20180619200 9 10 8 7 2 5 3 6 4 1 
20180619201 6 3 5 10 2 9 1 8 7 4 
20180619202 5 10 6 3 9 4 8 7 1 2 
20180619203 9 6 2 10 7 5 3 1 8 4 
20180619204 7 4 8 9 2 3 10 1 6 5 
20180619205 6 9 1 10 5 8 2 7 3 4 
20180619206 3 9 8 5 1 6 4 7 2 10 
20180619207 7 10 4 9 3 2 5 8 1 6 
20180619208 5 10 2 4 8 9 6 7 1 3 
20180619209 1 10 4 8 3 9 6 5 2 7 
20180619210 4 1 10 3 2 8 6 5 9 7 
20180619211 10 8 3 6 1 2 9 4 5 7 
20180619212 5 2 9 1 4 6 10 7 3 8 
20180619213 3 6 5 7 8 10 2 9 4 1 
20180619214 8 5 2 6 9 4 1 3 7 10 
20180619215 7 2 1 9 6 4 5 8 10 3 
20180619216 10 5 8 4 2 7 1 3 9 6 
20180619217 2 5 8 3 1 7 10 9 4 6 
20180619218 10 4 7 2 8 6 9 3 1 5 
20180619219 9 2 1 4 5 3 6 7 8 10 
20180619220 2 7 5 4 1 8 6 3 10 9 
20180619221 9 4 1 5 3 8 7 10 2 6 
20180619222 1 2 6 5 3 4 8 7 10 9 
20180619223 6 10 2 9 8 4 5 7 1 3 
20180619224 4 6 1 3 7 5 10 2 8 9 
20180619225 8 1 5 4 7 3 9 6 10 2 
20180619226 2 1 7 6 10 9 8 4 5 3 
20180619227 1 2 5 8 4 7 6 10 9 3 
20180619228 9 2 6 4 7 3 10 1 5 8 
20180619229 2 5 9 6 3 4 8 10 7 1 
20180619230 3 2 4 8 5 6 9 7 10 1 
20180619231 10 5 3 7 1 8 4 6 9 2 
20180619232 6 1 7 3 2 8 5 9 10 4 
20180619233 5 10 9 1 7 8 6 4 2 3 
20180619234 7 10 9 1 5 2 8 3 4 6 
20180619235 10 6 4 5 2 9 8 1 7 3 
20180619236 1 4 9 10 8 2 6 7 3 5 
20180619237 9 7 8 3 2 10 4 1 6 5 
20180619238 4 5 9 10 1 3 2 8 6 7 
20180619239 6 5 9 8 10 2 7 1 3 4 
20180619240 8 3 6 1 10 2 4 9 7 5 
20180619241 8 6 7 3 2 4 9 10 1 5 
20180619242 8 6 5 4 7 3 10 2 1 9 
20180619243 2 9 1 8 3 7 10 4 5 6 
20180619244 5 8 7 10 4 9 6 1 2 3 
20180619245 7 8 3 4 2 5 6 9 10 1 
20180619246 3 9 2 4 6 5 10 7 1 8 
20180619247 1 3 6 2 5 9 10 7 8 4 
20180619248 5 8 4 2 1 6 9 10 7 3 
20180619249 6 7 4 3 1 5 2 9 10 8 
20180619250 3 2 4 6 7 5 8 10 1 9 
20180619251 3 10 6 7 2 1 8 5 4 9 
20180619252 5 9 7 10 8 3 2 1 6 4 
20180619253 6 1 10 7 2 3 4 5 9 8 
20180619254 2 7 10 4 3 6 5 1 8 9 
20180619255 1 7 9 5 4 6 2 8 10 3 
20180619256 6 9 7 5 4 1 10 8 2 3 
20180619257 9 10 2 8 5 6 3 1 4 7 
20180619258 2 4 6 9 5 8 3 10 1 7 
20180619259 3 7 5 10 4 6 2 9 1 8 
20180619260 3 10 4 8 5 2 9 7 1 6 
20180619261 5 8 3 7 10 2 9 4 1 6 
20180619262 1 8 2 5 9 4 7 3 6 10 
20180619263 4 6 3 8 1 7 5 9 10 2 
20180619264 2 10 6 7 5 9 4 8 3 1 
20180619265 9 1 5 6 7 2 4 8 3 10 
20180619266 2 4 1 9 10 5 6 3 8 7 
20180619267 9 8 6 4 5 2 7 3 1 10 
20180619268 7 10 1 6 3 9 5 8 4 2 
20180619269 2 9 3 7 5 4 10 8 6 1 
20180619270 7 2 1 4 9 5 10 3 8 6 
20180619271 10 4 6 5 3 9 8 1 2 7 
20180619272 6 10 9 2 3 5 8 7 4 1 
20180619273 8 4 2 9 5 1 3 7 6 10 
20180619274 4 5 9 7 10 2 8 3 1 6 
20180619275 8 9 6 1 4 10 2 3 7 5 
20180619276 9 2 8 7 4 6 5 1 10 3 
20180619277 1 10 3 2 6 7 8 9 5 4 
20180619278 4 6 10 7 5 1 8 3 9 2 
20180619279 2 7 3 6 8 10 5 9 4 1 
20180619280 5 3 9 7 10 1 2 8 6 4 
20180619281 9 6 10 1 7 5 3 4 8 2 
20180619282 5 2 6 1 8 7 9 10 4 3 
20180619283 9 7 6 10 1 2 4 5 8 3 
20180619284 4 3 10 7 5 2 9 1 6 8 
20180619285 10 7 1 4 6 9 8 3 5 2 
20180619286 5 3 8 7 6 2 1 10 9 4 
20180619287 2 3 8 7 6 9 5 1 10 4 
20180619288 3 1 2 8 9 4 5 10 7 6 
20180619289 7 5 2 10 1 9 6 3 8 4 
20180619290 6 8 9 7 4 5 3 1 10 2 
20180619291 6 4 9 10 8 5 2 7 3 1 
20180619292 2 8 4 6 10 5 3 9 7 1 
20180619293 1 10 3 6 2 7 5 8 4 9 
20180619294 5 7 6 8 4 9 3 2 1 10 
20180619295 3 4 6 8 5 9 2 7 10 1 
20180619296 9 6 4 5 3 1 8 10 7 2 
20180619297 5 7 9 6 8 1 10 3 2 4 
20180619298 6 4 2 8 1 7 5 3 9 10 
20180619299 8 3 7 6 9 10 4 1 2 5 
20180619300 8 4 6 9 5 1 10 3 7 2 
20180619301 6 10 5 8 3 9 2 4 7 1 
20180619302 3 10 2 4 5 9 8 1 7 6 
20180619303 5 6 9 4 7 3 2 10 8 1 
20180619304 8 7 10 2 1 6 9 5 4 3 
20180619305 9 1 8 5 2 7 4 3 10 6 
20180619306 6 9 8 1 4 2 10 3 5 7 
20180619307 1 5 4 9 3 10 8 6 7 2 
20180619308 8 6 2 9 7 4 5 3 1 10 
20180619309 1 5 6 8 3 2 10 9 7 4 
20180619310 4 7 3 8 10 5 6 9 1 2 
20180619311 6 1 4 3 10 7 5 2 9 8 
20180619312 2 7 8 10 6 5 3 1 4 9 
20180619313 5 8 7 6 2 3 4 1 10 9 
20180619314 1 4 3 5 9 6 2 10 8 7 
20180619315 9 6 5 2 1 7 10 3 8 4 
20180619316 6 5 10 7 2 9 4 3 8 1 
20180619317 3 8 1 5 10 6 4 7 2 9 
20180619318 6 7 9 10 2 8 5 1 4 3 
20180619319 6 1 2 9 10 5 7 3 8 4 
20180619320 6 10 7 3 9 8 4 1 2 5 
20180619321 6 1 2 8 9 10 3 4 5 7 
20180619322 3 9 1 5 10 7 4 2 8 6 
20180619323 3 7 5 10 4 8 1 9 6 2 
20180619324 1 6 10 2 3 9 5 8 7 4 
20180619325 2 5 6 7 8 1 9 10 3 4 
20180619326 9 7 5 8 4 10 2 3 6 1 
20180619327 5 6 1 4 10 7 9 8 3 2 
20180619328 1 8 2 5 4 3 6 7 10 9 
20180619329 10 3 7 1 9 5 2 8 4 6 
20180619330 1 5 9 10 2 4 3 7 6 8 
20180619331 9 3 8 10 1 6 5 2 4 7 
20180619332 4 8 6 10 3 9 5 2 7 1 
20180619333 4 2 9 7 3 10 6 5 1 8 
20180619334 10 5 1 9 3 8 4 7 2 6 
20180619335 8 3 10 9 6 7 5 4 2 1 
20180619336 3 1 5 2 6 10 4 7 9 8 
20180619337 1 8 9 10 5 6 2 3 4 7 
20180619338 3 5 9 10 4 6 7 8 2 1 
20180619339 2 8 6 7 3 4 9 1 10 5 
20180619340 5 1 10 7 6 8 9 2 4 3 
20180619341 10 4 8 5 2 7 1 9 6 3 
20180619342 4 3 6 8 1 7 2 10 5 9 
20180619343 5 10 3 8 2 6 9 1 7 4 
20180619344 8 1 4 7 9 10 5 2 3 6 
20180619345 4 7 3 9 5 2 1 8 10 6 
20180619346 3 5 1 6 7 9 2 8 4 10 
20180619347 10 1 5 3 8 6 4 9 2 7 
20180619348 6 9 2 1 4 5 10 3 7 8 
20180619349 4 1 10 8 3 9 2 6 7 5 
20180619350 7 9 3 2 1 6 8 4 5 10 
20180619351 1 9 8 6 7 4 2 5 3 10 
20180619352 5 6 3 8 7 9 2 4 10 1 
20180619353 8 9 6 5 1 3 7 2 10 4 
20180619354 4 3 5 1 10 6 8 7 2 9 
20180619355 10 6 5 7 2 1 3 8 4 9 
20180619356 5 6 2 10 9 3 4 1 7 8 
20180619357 9 10 4 1 7 8 5 3 6 2 
20180619358 7 6 9 5 8 1 2 3 4 10 
20180619359 4 1 8 5 6 10 3 2 9 7 
20180619360 7 8 2 5 4 9 6 10 1 3 
20180619361 3 1 9 5 4 2 7 10 8 6 
20180619362 6 5 4 7 10 3 2 8 1 9 
20180619363 9 10 4 5 3 8 7 1 2 6 
20180619364 10 5 2 7 1 8 3 6 4 9 
20180619365 6 10 7 8 3 1 2 9 4 5 
20180619366 8 4 1 3 10 5 6 9 7 2 
20180619367 3 8 7 2 10 6 9 4 5 1 
20180619368 8 10 9 2 4 5 7 6 1 3 
20180619369 7 6 8 5 9 10 2 3 4 1 
20180619370 10 3 7 8 4 5 2 1 9 6 
20180619371 6 1 8 4 5 10 9 7 2 3 
20180619372 3 1 6 7 10 4 5 8 9 2 
20180619373 9 8 6 5 1 10 2 7 3 4 
20180619374 8 1 5 9 6 10 7 2 3 4 
20180619375 9 6 10 5 8 4 3 1 2 7 
20180619376 10 6 9 4 2 1 5 8 7 3 
20180619377 7 1 5 6 9 4 2 3 10 8 
20180619378 5 7 10 9 6 4 2 8 3 1 
20180619379 7 6 1 8 2 5 4 10 9 3 
20180619380 2 8 6 9 10 3 1 5 7 4 
20180619381 10 7 1 9 6 2 5 4 8 3 
20180619382 9 8 6 4 5 1 7 2 10 3 
20180619383 2 8 3 6 4 10 7 5 9 1 
20180619384 3 8 10 7 6 4 1 5 2 9 
20180619385 7 8 4 3 9 2 10 1 5 6 
20180619386 8 2 6 7 1 5 4 10 3 9 
20180619387 7 8 2 6 5 3 4 9 1 10 
20180619388 9 8 3 4 7 1 6 10 2 5 
20180619389 10 1 6 5 8 2 3 9 4 7 
20180619390 3 10 4 7 1 6 2 9 5 8 
20180619391 9 2 1 4 8 10 3 5 7 6 
20180619392 9 5 4 8 10 3 1 2 7 6 
20180619393 7 4 3 9 2 5 10 6 1 8 
20180619394 3 4 7 8 1 9 5 6 10 2 
20180619395 6 4 5 9 10 3 8 7 2 1 
20180619396 5 6 10 1 9 8 2 7 3 4 
20180619397 2 8 10 7 6 1 5 9 3 4 
20180619398 5 2 7 3 4 1 8 9 6 10 
20180619399 9 2 1 6 4 3 7 10 8 5 
20180619400 3 10 8 2 5 9 7 1 6 4 
20180619401 2 5 1 7 9 6 10 8 3 4 
20180619402 6 7 2 10 1 5 8 4 3 9 
20180619403 8 10 3 1 5 4 6 7 9 2 
20180619404 9 5 3 2 8 1 7 4 10 6 
20180619405 3 7 9 4 10 5 6 2 1 8 
20180619406 1 8 6 9 10 3 5 7 2 4 
20180619407 6 10 3 2 5 8 9 7 1 4 
20180619408 9 6 8 3 10 2 5 7 1 4 
20180619409 4 10 7 3 5 1 9 2 8 6 
20180619410 7 10 8 9 2 3 5 1 6 4 
20180619411 1 10 2 9 7 3 6 4 8 5 
20180619412 7 5 8 2 4 1 10 3 6 9 
20180619413 1 4 2 8 9 6 5 3 10 7 
20180619414 3 2 5 10 1 4 6 8 7 9 
20180619415 6 10 8 9 1 5 7 3 4 2 
20180619416 1 9 5 4 2 10 8 3 6 7 
20180619417 2 1 4 10 7 8 6 9 3 5 
20180619418 6 10 3 1 4 2 8 9 7 5 
20180619419 2 10 9 5 4 8 1 7 3 6 
20180619420 6 7 10 9 8 5 4 2 3 1 
20180619421 4 8 2 6 9 3 1 7 5 10 
20180619422 9 4 6 1 7 2 10 5 3 8 
20180619423 7 5 6 8 2 3 4 1 10 9 
20180619424 4 6 7 8 2 3 10 5 1 9 
20180619425 7 1 8 4 9 10 5 2 3 6 
20180619426 2 1 9 8 10 6 7 3 5 4 
20180619427 6 10 7 1 9 8 3 4 2 5 
20180619428 1 5 3 7 2 10 9 6 4 8 
20180619429 10 2 5 8 4 9 7 3 1 6 
20180619430 7 4 1 9 10 8 3 6 2 5 
20180619431 5 10 7 4 8 3 6 9 1 2 
20180619432 3 4 2 1 8 7 10 5 6 9 
20180619433 1 7 6 9 2 3 5 10 4 8 
20180619434 6 2 7 1 4 10 5 8 3 9 
20180619435 2 4 6 10 7 1 5 9 8 3 
20180619436 2 3 8 1 7 6 9 4 5 10 
20180619437 2 4 1 10 5 3 6 8 7 9 
20180619438 9 10 1 8 7 2 6 3 5 4 
20180619439 8 9 1 7 3 5 4 6 2 10 
20180619440 10 7 9 6 5 1 2 4 8 3 
20180619441 9 6 7 8 2 5 3 1 10 4 
20180619442 9 1 6 5 4 3 8 10 2 7 
20180619443 2 8 9 1 6 5 4 3 10 7 
20180619444 5 1 3 9 4 8 7 2 10 6 
20180619445 1 5 9 7 3 10 4 8 6 2 
20180619446 3 9 7 10 8 5 1 6 2 4 
20180619447 8 9 1 3 5 4 6 10 7 2 
20180619448 10 1 3 6 8 9 7 2 5 4 
20180619449 9 6 10 5 1 3 7 8 2 4 
20180619450 10 8 5 4 3 2 6 1 9 7 
20180619451 6 5 1 10 2 4 8 3 9 7 
20180619452 2 3 8 10 6 5 7 9 1 4 
20180619453 2 4 1 10 5 8 3 6 9 7 
20180619454 9 6 10 5 8 1 3 2 7 4 
20180619455 10 9 5 6 1 3 2 7 8 4 
20180619456 10 8 9 4 6 2 3 7 1 5 
20180619457 6 1 4 2 7 8 5 9 3 10 
20180619458 1 7 8 3 4 10 9 6 5 2 
20180619459 10 8 5 2 7 3 4 1 9 6 
20180619460 8 7 10 5 4 3 9 1 2 6 
20180619461 7 10 6 4 9 2 1 3 5 8 
20180619462 7 9 3 1 5 2 6 8 10 4 
20180619463 10 4 6 9 3 5 7 1 2 8 
20180619464 5 10 6 8 4 1 9 7 2 3 
20180619465 9 5 1 4 3 6 8 7 10 2 
20180619466 1 2 6 9 10 5 8 7 4 3 
20180619467 6 10 1 4 8 7 3 9 2 5 
20180619468 9 6 1 10 7 8 3 2 5 4 
20180619469 1 7 10 4 6 5 2 9 3 8 
20180619470 7 5 8 1 3 4 6 9 10 2 
20180619471 9 2 6 5 10 4 7 1 8 3 
20180619472 10 4 6 7 8 5 9 2 3 1 
20180619473 1 10 9 2 6 7 4 5 3 8 
20180619474 2 6 1 5 8 3 10 7 4 9 
20180619475 10 8 6 7 1 5 3 9 2 4 
20180619476 10 7 3 1 9 5 8 4 2 6 
20180619477 4 8 1 2 5 7 10 9 3 6 
20180619478 5 8 7 4 3 9 6 1 2 10 
20180619479 3 5 10 2 1 7 8 9 6 4 
20180619480 3 2 9 7 4 10 6 8 1 5 
20180619481 10 8 5 4 2 1 7 9 6 3 
20180619482 7 3 4 6 9 8 5 10 2 1 
20180619483 1 7 4 2 5 9 3 8 6 10 
20180619484 6 7 8 5 10 3 4 2 9 1 
20180619485 1 3 5 6 2 7 4 8 10 9 
20180619486 10 1 4 5 6 3 8 9 7 2 
20180619487 4 8 6 3 7 9 5 1 10 2 
20180619488 4 8 3 1 5 10 6 7 2 9 
20180619489 10 1 4 6 9 3 5 8 2 7 
20180619490 6 4 10 9 3 8 5 1 7 2 
20180619491 10 5 6 7 9 3 4 2 1 8 
20180619492 3 7 9 8 2 6 1 10 5 4 
20180619493 7 10 4 9 8 6 1 5 3 2 
20180619494 1 5 7 8 4 3 2 9 6 10 
20180619495 5 9 4 3 7 6 1 8 2 10 
20180619496 2 10 3 9 1 8 6 4 7 5 
20180619497 8 9 10 2 7 5 1 6 3 4 
20180619498 5 7 8 9 10 2 1 3 6 4 
20180619499 8 10 6 4 3 1 7 5 9 2 
20180619500 9 2 1 5 7 10 6 4 3 8 
20180619501 6 3 4 10 9 8 7 2 1 5 
20180619502 9 3 6 5 4 7 2 8 10 1 
20180619503 4 7 1 6 2 3 9 8 5 10 
20180619504 8 1 2 10 9 7 6 4 3 5 
20180619505 6 10 5 7 9 2 8 4 3 1 
20180619506 5 10 3 7 9 4 2 8 6 1 
20180619507 10 4 6 2 9 1 8 7 5 3 
20180619508 10 6 2 9 8 5 7 3 4 1 
20180619509 1 4 3 7 9 5 10 6 8 2 
20180619510 4 2 10 8 5 9 3 7 6 1 
20180619511 4 5 6 8 9 3 7 2 1 10 
20180619512 10 2 8 7 5 1 4 3 9 6 
20180619513 3 9 2 4 1 6 7 8 5 10 
20180619514 1 3 10 7 2 5 6 9 4 8 
20180619515 4 2 10 5 6 8 1 3 9 7 
20180619516 9 2 1 10 3 5 6 7 4 8 
20180619517 10 9 2 8 1 6 4 7 3 5 
20180619518 10 1 9 2 8 4 3 5 6 7 
20180619519 6 9 1 7 5 2 4 3 8 10 
20180619520 10 8 2 4 7 6 9 3 1 5 
20180619521 3 6 1 5 7 4 10 2 8 9 
20180619522 2 8 4 10 1 9 7 3 5 6 
20180619523 1 2 3 7 6 5 10 4 8 9 
20180619524 6 4 1 5 9 2 8 3 7 10 
20180619525 2 8 10 4 3 6 7 1 9 5 
20180619526 1 6 10 5 4 8 3 7 2 9 
20180619527 3 9 2 1 10 7 5 8 4 6 
20180619528 1 4 8 10 7 2 9 5 3 6 
20180619529 10 3 2 9 6 7 1 8 4 5 
20180619530 7 8 5 1 3 9 10 4 6 2 
20180619531 1 10 9 7 3 5 2 6 4 8 
20180619532 3 10 9 6 2 5 1 8 7 4 
20180619533 10 6 2 3 1 9 4 5 8 7 
20180619534 6 4 2 9 3 7 10 1 5 8 
20180619535 5 8 4 3 7 9 6 10 2 1 
20180619536 7 8 2 10 1 6 9 4 5 3 
20180619537 3 6 2 8 9 4 10 7 1 5 
20180619538 6 5 10 7 3 2 1 8 4 9 
20180619539 6 8 2 1 9 10 3 7 5 4 
20180619540 9 4 6 5 2 10 3 7 8 1 
20180619541 7 1 8 5 9 6 10 4 2 3 
20180619542 5 7 6 8 1 2 3 4 9 10 
20180619543 6 4 1 5 3 10 7 8 2 9 
20180619544 5 1 8 4 2 10 7 3 6 9 
20180619545 1 8 6 3 10 9 4 5 2 7 
20180619546 8 5 1 4 7 9 6 10 2 3 
20180619547 2 4 1 6 5 8 7 9 10 3 
20180619548 5 2 8 3 7 1 4 9 6 10 
20180619549 9 7 5 6 1 8 10 3 2 4 
20180619550 4 1 2 10 5 7 3 9 6 8 
20180619551 9 5 8 1 4 3 2 7 6 10 
20180619552 10 2 3 8 4 6 5 1 7 9 
20180619553 8 6 5 2 3 7 1 9 10 4 
20180619554 5 2 7 3 4 10 6 8 9 1 
20180619555 3 9 4 7 8 1 2 5 10 6 
20180619556 7 8 10 5 1 2 6 9 4 3 
20180619557 7 1 5 9 6 10 3 8 2 4 
20180619558 9 10 3 8 1 5 6 4 7 2 
20180619559 1 10 2 8 5 9 4 7 6 3 
20180619560 3 10 6 4 9 7 1 2 5 8 
20180619561 9 6 1 3 10 5 2 7 4 8 
20180619562 4 2 9 6 1 7 3 5 10 8 
20180619563 5 8 7 2 3 10 6 4 9 1 
20180619564 10 6 1 4 9 7 3 8 2 5 
20180619565 3 10 2 5 1 9 6 8 4 7 
20180619566 8 4 1 10 6 9 5 2 7 3 
20180619567 10 3 2 9 8 4 6 1 5 7 
20180619568 2 3 1 9 7 4 10 5 8 6 
20180619569 2 8 4 3 7 6 1 9 10 5 
20180619570 6 9 8 4 7 1 3 10 2 5 
20180619571 10 4 3 9 2 1 6 5 7 8 
20180619572 6 7 5 3 2 1 9 10 4 8 
20180619573 4 6 7 9 1 2 8 10 3 5 
20180619574 9 6 3 8 1 5 4 10 2 7 
20180619575 4 7 3 5 1 10 2 8 9 6 
20180619576 4 8 5 3 1 10 6 9 7 2 
20180619577 8 2 1 4 5 9 10 6 3 7 
20180619578 8 1 10 9 7 5 2 6 3 4 
20180619579 1 3 7 2 5 10 4 9 8 6 
20180619580 4 9 10 6 5 3 1 8 7 2 
20180619581 2 7 6 1 10 9 4 8 3 5 
20180619582 7 4 5 3 8 2 9 6 1 10 
20180619583 6 1 4 9 7 8 5 2 3 10 
20180619584 4 10 8 1 9 5 6 3 7 2 
20180619585 2 8 5 9 4 10 3 7 6 1 
20180619586 5 2 9 1 4 8 7 3 6 10 
20180619587 4 6 3 9 10 7 5 2 1 8 
20180619588 7 1 6 9 3 10 4 2 5 8 
20180619589 6 5 3 8 4 2 7 1 9 10 
20180619590 2 4 5 8 9 7 1 3 10 6 
20180619591 2 10 5 7 1 8 4 3 6 9 
20180619592 9 1 10 3 7 8 5 2 4 6 
20180619593 1 9 2 3 7 8 6 4 10 5 
20180619594 4 9 8 1 3 6 7 5 10 2 
20180619595 3 8 2 1 4 9 6 5 10 7 
20180619596 6 5 4 7 3 10 2 1 9 8 
20180619597 10 9 1 4 5 2 6 7 3 8 
20180619598 3 7 2 9 8 10 5 6 4 1 
20180619599 5 3 2 6 9 1 10 7 8 4 
20180619600 3 4 2 6 10 7 8 1 5 9 
20180619601 1 9 8 7 6 10 5 4 2 3 
20180619602 9 5 2 7 6 4 10 1 8 3 
20180619603 10 4 5 1 7 6 9 2 3 8 
20180619604 4 10 8 5 2 1 3 7 9 6 
20180619605 9 6 4 7 8 5 1 2 10 3 
20180619606 5 2 4 9 3 7 10 6 1 8 
20180619607 5 2 1 10 7 8 6 3 9 4 
20180619608 5 2 9 7 3 8 6 1 10 4 
20180619609 5 7 4 10 3 6 1 8 2 9 
20180619610 4 3 2 5 9 1 10 7 6 8 
20180619611 9 2 1 6 10 7 5 8 4 3 
20180619612 2 4 10 1 3 6 7 8 9 5 
20180619613 5 9 8 4 7 6 3 1 10 2 
20180619614 1 4 3 9 2 6 5 8 10 7 
20180619615 6 8 5 3 2 1 7 9 4 10 
20180619616 2 6 9 7 10 8 3 4 5 1 
20180619617 2 7 3 8 4 5 6 10 1 9 
20180619618 3 9 2 1 5 6 10 4 8 7 
20180619619 10 2 9 8 1 5 7 4 6 3 
20180619620 3 2 6 9 10 4 8 7 5 1 
20180619621 10 4 6 5 2 9 8 7 3 1 
20180619622 7 4 6 8 9 5 3 2 1 10 
20180619623 6 1 2 3 7 9 4 5 10 8 
20180619624 7 1 2 9 8 5 3 4 6 10 
20180619625 9 10 5 6 4 8 3 7 1 2 
20180619626 9 4 5 2 8 7 3 1 10 6 
20180619627 5 3 7 6 8 10 2 4 1 9 
20180619628 8 4 9 10 3 1 5 6 2 7 
20180619629 5 3 6 10 8 1 2 7 9 4 
20180619630 2 1 8 10 7 3 9 4 5 6 
20180619631 4 3 10 9 7 6 8 1 5 2 
20180619632 9 5 3 6 7 2 10 1 4 8 
20180619633 8 7 1 10 6 4 2 5 3 9 
20180619634 8 3 4 9 5 6 7 1 2 10 
20180619635 7 4 2 6 8 5 1 10 3 9 
20180619636 2 1 7 8 6 4 9 10 3 5 
20180619637 5 10 4 1 9 2 8 3 7 6 
20180619638 10 5 9 8 3 4 7 1 6 2 
20180619639 5 1 4 9 7 3 2 8 6 10 
20180619640 1 10 3 2 6 8 4 5 9 7 
20180619641 10 3 6 2 9 4 8 5 7 1 
20180619642 3 4 6 10 9 2 8 5 1 7 
20180619643 7 3 9 4 2 8 1 10 6 5 
20180619644 6 3 1 8 4 9 7 5 10 2 
20180619645 1 3 10 8 6 9 5 2 7 4 
20180619646 10 8 4 1 6 2 7 5 9 3 
20180619647 5 7 1 9 3 8 2 6 10 4 
20180619648 4 7 2 1 10 5 8 3 6 9 
20180619649 5 8 1 6 2 9 3 4 7 10 
20180619650 8 6 1 2 7 9 4 3 5 10 
20180619651 3 6 9 10 1 4 2 7 5 8 
20180619652 6 8 1 2 4 5 7 9 3 10 
20180619653 3 8 1 9 10 6 7 5 2 4 
20180619654 3 9 8 6 1 2 10 4 7 5 
20180619655 4 8 2 3 10 5 7 6 1 9 
20180619656 2 10 8 7 3 9 1 4 5 6 
20180619657 6 1 2 4 8 3 5 9 10 7 
20180619658 2 9 1 7 8 3 5 6 4 10 
20180619659 4 5 8 6 9 10 7 3 2 1 
20180619660 5 1 2 3 9 7 10 6 4 8 
20180619661 4 3 8 10 5 1 6 7 2 9 
20180619662 8 1 3 5 4 9 7 6 10 2 
20180619663 7 4 6 1 2 3 10 5 9 8 
20180619664 5 10 4 3 7 6 1 9 8 2 
20180619665 3 9 6 10 2 7 1 4 5 8 
20180619666 2 9 10 8 6 7 4 5 3 1 
20180619667 7 1 8 9 10 3 2 5 6 4 
20180619668 5 4 7 6 8 10 1 9 3 2 
20180619669 5 6 2 1 9 7 10 8 3 4 
20180619670 2 8 9 10 6 7 3 1 5 4 
20180619671 7 3 6 2 4 10 9 1 8 5 
20180619672 5 1 6 3 7 4 10 9 8 2 
20180619673 8 5 2 6 10 9 4 7 1 3 
20180619674 2 3 5 4 1 7 9 8 6 10 
20180619675 6 4 9 1 10 3 7 5 8 2 
20180619676 3 6 8 1 10 2 5 4 9 7 
20180619677 5 7 10 3 2 4 1 9 8 6 
20180619678 4 8 9 7 3 2 5 1 6 10 
20180619679 3 6 2 5 1 9 7 8 10 4 
20180619680 7 6 5 8 9 3 10 2 1 4 
20180619681 3 1 5 10 9 4 6 7 2 8 
20180619682 2 5 8 10 4 3 1 9 7 6 
20180619683 8 3 10 1 5 6 7 9 2 4 
20180619684 9 6 5 2 8 3 7 1 10 4 
20180619685 3 8 6 4 5 7 10 2 1 9 
20180619686 4 2 10 1 5 3 6 7 8 9 
20180619687 3 6 9 8 7 2 5 1 10 4 
20180619688 5 1 7 2 6 9 10 4 3 8 
20180619689 9 4 8 7 2 5 6 1 3 10 
20180619690 10 1 6 5 3 2 9 4 8 7 
20180619691 9 1 2 3 5 4 6 8 7 10 
20180619692 9 1 10 2 8 6 5 4 7 3 
20180619693 6 2 3 5 4 7 9 1 10 8 
20180619694 4 6 1 9 8 2 10 3 7 5 
20180619695 5 6 8 10 3 4 1 9 2 7 
20180619696 7 3 5 10 8 1 9 4 6 2 
20180619697 6 3 9 4 10 5 2 8 7 1 
20180619698 9 10 4 1 5 3 7 6 8 2 
20180619699 10 7 5 1 3 2 4 6 9 8 
20180619700 2 8 6 4 5 10 9 7 1 3 
20180619701 1 7 2 10 3 9 6 5 8 4 
20180619702 9 5 3 1 8 10 2 7 6 4 
20180619703 10 4 2 7 3 8 9 6 1 5 
20180619704 7 2 5 3 10 6 4 9 1 8 
20180619705 5 7 10 1 3 4 2 8 9 6 
20180619706 4 10 2 8 3 9 5 7 6 1 
20180619707 6 1 4 2 9 7 3 8 5 10 
20180619708 8 1 3 4 9 2 6 10 7 5 
20180619709 5 3 2 1 6 10 9 4 8 7 
20180619710 7 3 6 8 10 4 9 5 1 2 
20180619711 2 4 1 10 6 7 9 3 8 5 
20180619712 5 6 9 8 7 1 3 10 2 4 
20180619713 6 3 5 10 9 4 2 7 8 1 
20180619714 9 2 6 8 1 3 7 4 10 5 
20180619715 10 9 1 4 2 3 6 8 5 7 
20180619716 3 1 9 8 5 6 2 7 4 10 
20180619717 10 4 7 9 5 2 3 6 1 8 
20180619718 7 6 9 3 5 2 10 4 1 8 
20180619719 5 9 2 4 8 6 3 1 10 7 
20180619720 4 9 1 10 2 3 7 8 6 5 
20180619721 3 6 2 10 8 5 7 9 1 4 
20180619722 2 10 8 1 4 7 6 9 5 3 
20180619723 5 9 3 7 8 10 4 6 2 1 
20180619724 10 9 8 4 5 7 1 2 6 3 
20180619725 10 6 1 7 2 3 9 8 4 5 
20180619726 8 9 3 7 5 10 1 4 6 2 
20180619727 8 7 5 10 2 1 6 3 9 4 
20180619728 9 1 10 6 8 7 4 3 2 5 
20180619729 2 10 8 5 9 6 1 3 4 7 
20180619730 5 7 4 6 8 10 9 3 1 2 
20180619731 10 7 8 2 4 6 9 5 3 1 
20180619732 3 2 8 7 9 4 5 6 1 10 
20180619733 9 8 5 3 1 7 6 10 2 4 
20180619734 5 3 6 2 8 1 9 10 4 7 
20180619735 2 8 1 5 3 10 9 6 7 4 
20180619736 10 3 6 4 2 8 7 5 1 9 
20180619737 6 7 4 8 2 1 10 3 5 9 
20180619738 7 10 4 8 3 6 1 2 5 9 
20180619739 9 2 10 7 5 8 3 1 4 6 
20180619740 8 4 10 1 6 7 2 9 3 5 
20180619741 8 4 2 1 3 6 10 5 7 9 
20180619742 4 6 10 5 8 2 7 3 1 9 
20180619743 7 3 6 9 10 1 5 8 2 4 
20180619744 4 2 8 1 10 7 9 6 3 5 
20180619745 9 7 1 8 5 4 10 2 6 3 
20180619746 5 10 3 4 9 8 1 7 6 2 
20180619747 2 1 8 5 9 4 10 6 7 3 
20180619748 2 4 7 3 9 6 10 5 1 8 
20180619749 1 6 3 10 9 7 8 4 5 2 
20180619750 10 7 4 8 2 1 5 9 3 6 
20180619751 8 10 2 7 6 9 4 1 3 5 
20180619752 3 7 8 10 4 9 1 2 6 5 
20180619753 9 7 10 3 8 2 6 1 4 5 
20180619754 5 4 6 10 8 1 3 9 7 2 
20180619755 5 1 8 6 3 4 2 9 7 10 
20180619756 9 8 3 2 7 1 4 5 6 10 
20180619757 1 3 5 9 8 2 4 10 6 7 
20180619758 7 3 5 4 1 10 6 9 2 8 
20180619759 7 6 5 8 3 9 10 4 2 1 
20180619760 10 8 5 9 6 3 4 2 7 1 
20180619761 6 4 1 10 7 9 8 5 3 2 
20180619762 6 4 8 7 9 2 3 1 5 10 
20180619763 8 10 5 4 9 3 1 6 2 7 
20180619764 8 1 9 3 10 6 4 5 7 2 
20180619765 1 7 2 5 3 10 8 6 9 4 
20180619766 1 7 5 3 8 9 4 6 10 2 
20180619767 2 5 8 3 1 7 6 4 9 10 
20180619768 9 3 10 1 7 6 8 5 2 4 
20180619769 10 9 4 3 5 6 7 8 1 2 
20180619770 5 9 3 2 6 1 4 8 7 10 
20180619771 3 10 6 8 7 2 5 1 9 4 
20180619772 5 2 4 3 1 8 10 6 7 9 
20180619773 5 6 1 10 9 3 4 8 7 2 
20180619774 2 8 6 9 1 5 4 7 10 3 
20180619775 5 6 8 9 10 1 7 3 4 2 
20180619776 6 1 5 3 7 9 4 10 2 8 
20180619777 1 3 6 8 7 2 4 9 10 5 
20180619778 1 7 3 6 4 9 2 8 5 10 
20180619779 2 9 3 7 1 5 4 10 6 8 
20180619780 7 2 6 4 5 9 8 10 3 1 
20180619781 10 2 6 5 9 4 8 1 7 3 
20180619782 3 4 10 8 6 1 5 7 9 2 
20180619783 1 5 4 9 7 10 6 2 8 3 
20180619784 6 7 1 5 10 2 4 3 9 8 
20180619785 3 4 2 6 8 1 9 10 5 7 
20180619786 3 7 5 10 1 9 2 8 4 6 
20180619787 5 4 2 6 3 10 8 9 1 7 
20180619788 8 9 10 7 4 5 2 3 6 1 
20180619789 8 10 1 4 2 9 6 5 7 3 
20180619790 10 5 8 3 1 9 4 7 2 6 
20180619791 2 8 6 5 4 1 7 9 3 10 
20180619792 3 1 6 10 7 9 5 8 4 2 
20180619793 9 2 1 4 8 10 3 5 7 6 
20180619794 4 5 6 8 1 10 7 3 9 2 
20180619795 10 3 4 1 6 7 5 2 9 8 
20180619796 4 10 8 5 3 1 9 6 7 2 
20180619797 3 10 1 8 5 2 9 6 7 4 
20180619798 1 6 3 2 5 8 7 9 10 4 
20180619799 4 10 8 3 1 7 5 9 6 2 
20180619800 1 2 6 10 9 3 5 4 7 8 
20180619801 1 6 9 10 5 3 2 7 4 8 
20180619802 7 9 10 8 4 1 2 5 6 3 
20180619803 8 4 7 5 2 9 6 1 3 10 
20180619804 8 4 3 10 6 2 1 5 9 7 
20180619805 6 2 1 9 5 4 3 10 7 8 
20180619806 9 1 10 3 7 4 5 2 6 8 
20180619807 10 3 2 4 1 9 6 7 8 5 
20180619808 7 1 3 9 5 8 6 10 2 4 
20180619809 10 1 5 8 2 9 4 3 6 7 
20180619810 7 1 3 2 8 6 5 9 4 10 
20180619811 4 7 8 6 2 9 5 3 1 10 
20180619812 1 5 8 4 6 2 9 7 10 3 
20180619813 4 2 9 1 6 10 3 7 5 8 
20180619814 6 8 9 7 4 3 5 2 10 1 
20180619815 9 4 1 7 3 2 10 8 5 6 
20180619816 7 9 4 8 6 5 2 3 1 10 
20180619817 5 1 8 6 4 7 9 10 2 3 
20180619818 5 1 4 3 9 2 8 10 6 7 
20180619819 4 9 5 1 7 2 3 8 10 6 
20180619820 2 4 10 5 1 7 8 9 6 3 
20180619821 8 2 10 3 6 4 9 1 7 5 
20180619822 8 1 9 6 3 2 7 10 4 5 
20180619823 3 9 1 4 8 10 7 6 5 2 
20180619824 6 9 4 8 10 7 3 1 2 5 
20180619825 6 10 5 3 1 7 4 8 2 9 
20180619826 5 2 7 4 1 9 3 10 6 8 
20180619827 9 2 8 5 10 1 6 4 7 3 
20180619828 5 2 8 10 3 6 1 7 4 9 
20180619829 4 10 5 2 3 8 9 6 7 1 
20180619830 9 5 1 4 6 10 7 2 3 8 
20180619831 6 1 10 8 3 9 5 4 7 2 
20180619832 5 4 3 8 2 7 9 1 10 6 
20180619833 4 10 6 7 2 9 8 3 1 5 
20180619834 3 7 2 4 10 8 1 5 6 9 
20180619835 10 8 1 9 5 3 7 4 6 2 
20180619836 2 3 4 5 9 1 7 8 10 6 
20180619837 7 5 9 2 6 8 4 1 10 3 
20180619838 5 9 1 2 8 6 10 7 4 3 
20180619839 3 9 8 10 6 1 2 5 4 7 
20180619840 4 2 1 5 10 8 6 7 9 3 
20180619841 7 6 9 8 5 2 3 4 10 1 
20180619842 8 10 7 1 9 4 5 6 2 3 
20180619843 2 3 7 9 8 4 10 6 1 5 
20180619844 4 2 1 10 7 3 8 5 6 9 
20180619845 10 3 5 7 2 8 1 4 9 6 
20180619846 8 5 3 4 7 10 2 6 9 1 
20180619847 5 9 1 3 10 4 2 7 6 8 
20180619848 10 8 7 2 5 6 1 4 3 9 
20180619849 2 6 4 3 10 8 7 9 1 5 
20180619850 3 8 2 7 9 1 4 10 6 5 
20180619851 1 6 3 2 9 8 4 5 10 7 
20180619852 8 9 2 5 7 1 6 4 10 3 
20180619853 6 8 10 9 4 2 5 3 7 1 
20180619854 1 8 7 2 4 10 3 6 5 9 
20180619855 5 4 7 6 3 10 9 2 8 1 
20180619856 8 9 4 5 2 3 10 7 1 6 
20180619857 3 4 7 8 6 1 5 2 10 9 
20180619858 9 5 3 7 8 10 1 6 4 2 
20180619859 9 10 8 4 1 6 5 7 2 3 
20180619860 3 4 1 8 6 7 5 10 9 2 
20180619861 7 1 6 4 8 3 10 5 2 9 
20180619862 8 5 6 7 9 4 1 2 10 3 
20180619863 10 6 7 3 8 1 4 9 5 2 
20180619864 2 10 8 4 9 3 6 7 1 5 
20180619865 6 8 9 3 1 10 7 2 5 4 
20180619866 8 10 9 1 5 4 3 7 2 6 
20180619867 5 4 2 7 3 9 1 10 6 8 
20180619868 4 9 6 2 8 5 3 7 10 1 
20180619869 5 1 6 2 8 4 3 9 7 10 
20180619870 4 5 10 9 8 6 2 7 3 1 
20180619871 8 10 3 6 1 9 4 7 5 2 
20180619872 9 4 10 3 6 2 8 5 7 1 
20180619873 4 3 5 6 8 7 2 1 10 9 
20180619874 7 6 4 8 1 5 10 2 3 9 
20180619875 10 7 1 8 3 2 4 5 9 6 
20180619876 3 8 4 10 6 9 5 7 1 2 
20180619877 5 2 8 10 3 9 6 7 4 1 
20180619878 10 5 1 4 3 2 8 9 6 7 
20180619879 9 3 4 2 6 7 5 1 10 8 
20180619880 4 6 7 5 3 10 1 9 8 2 
20180619881 5 2 9 3 1 8 6 10 7 4 
20180619882 5 2 10 9 8 4 6 1 7 3 
20180619883 6 8 9 3 10 1 2 4 5 7 
20180619884 9 6 10 3 8 1 4 5 7 2 
20180619885 6 3 2 1 9 5 8 10 7 4 
20180619886 7 2 8 3 6 4 5 10 1 9 
20180619887 1 4 6 3 2 8 10 9 7 5 
20180619888 8 3 7 6 2 10 9 1 5 4 
20180619889 3 4 8 7 6 9 5 10 2 1 
20180619890 7 3 6 10 1 5 9 8 2 4 
20180619891 5 10 7 8 2 4 1 3 6 9 
20180619892 6 7 5 9 4 2 3 1 8 10 
20180619893 1 5 10 8 6 7 2 4 3 9 
20180619894 5 7 1 8 10 9 3 4 6 2 
20180619895 4 1 7 2 3 6 9 5 8 10 
20180619896 1 4 6 2 8 5 10 3 9 7 
20180619897 3 5 7 1 2 10 4 8 9 6 
20180619898 10 9 8 3 6 1 2 4 5 7 
20180619899 8 6 1 5 4 7 3 10 9 2 
20180619900 2 4 3 8 6 7 5 10 1 9 
20180619901 10 3 7 1 6 4 9 8 5 2 
20180619902 4 8 9 10 1 6 2 7 3 5 
20180619903 6 4 1 2 10 3 8 7 5 9 
20180619904 7 1 3 9 2 6 4 10 8 5 
20180619905 5 10 9 8 3 1 4 6 7 2 
20180619906 10 6 4 8 2 1 3 7 5 9 
20180619907 3 1 10 8 2 5 9 7 6 4 
20180619908 6 10 1 2 5 8 3 4 9 7 
20180619909 3 2 10 1 8 5 6 9 4 7 
20180619910 6 7 2 10 8 1 5 3 9 4 
20180619911 10 8 3 7 6 9 2 1 4 5 
20180619912 1 6 5 3 2 7 4 9 10 8 
20180619913 10 5 4 9 1 6 2 7 3 8 
20180619914 8 10 2 7 4 9 3 1 5 6 
20180619915 10 9 4 3 8 2 5 7 6 1 
20180619916 10 1 7 3 2 6 9 4 8 5 
20180619917 6 1 3 9 4 8 5 10 7 2 
20180619918 10 3 8 7 5 4 1 9 2 6 
20180619919 6 8 1 9 7 5 3 10 2 4 
20180619920 9 8 7 2 10 4 6 5 3 1 
20180619921 6 3 8 7 4 9 2 10 5 1 
20180619922 5 4 6 2 3 8 7 1 9 10 
20180619923 5 3 10 4 1 8 9 7 6 2 
20180619924 6 10 9 8 7 3 4 2 5 1 
20180619925 4 5 1 3 10 6 2 8 7 9 
20180619926 9 4 8 1 10 5 7 2 3 6 
20180619927 8 7 5 4 2 1 6 10 9 3 
20180619928 7 2 8 4 5 3 1 9 6 10 
20180619929 2 5 4 9 7 6 1 10 8 3 
20180619930 8 2 6 10 5 1 9 7 4 3 
20180619931 2 4 9 10 7 6 5 1 3 8 
20180619932 7 1 3 8 10 4 9 2 6 5 
20180619933 6 7 5 4 9 1 10 2 8 3 
20180619934 6 9 2 10 5 7 4 3 8 1 
20180619935 1 10 6 2 7 4 3 8 9 5 
20180619936 7 2 9 8 1 5 10 4 3 6 
20180619937 7 9 8 6 5 1 2 10 4 3 
20180619938 2 4 7 5 1 3 8 6 10 9 
20180619939 7 4 10 6 3 2 1 5 9 8 
20180619940 5 1 3 7 6 8 4 9 10 2 
20180619941 5 8 3 1 9 4 2 6 10 7 
20180619942 5 6 4 3 8 7 10 9 2 1 
20180619943 7 5 3 6 2 4 10 8 9 1 
20180619944 4 5 6 8 9 2 3 10 7 1 
20180619945 6 1 8 4 7 5 10 2 9 3 
20180619946 10 5 3 4 2 9 7 6 8 1 
20180619947 5 3 1 10 8 7 9 6 4 2 
20180619948 2 9 8 6 5 4 1 10 7 3 
20180619949 9 1 4 3 8 7 6 5 2 10 
20180619950 4 8 1 10 5 7 3 6 9 2 
20180619951 5 10 7 4 1 3 9 8 2 6 
20180619952 2 9 8 10 4 1 3 7 5 6 
20180619953 2 10 7 8 5 1 9 4 3 6 
20180619954 1 6 3 5 2 10 4 8 9 7 
20180619955 1 5 9 3 8 2 6 10 7 4 
20180619956 4 6 10 8 2 3 7 5 9 1 
20180619957 3 7 8 5 9 2 10 6 4 1 
20180619958 1 7 4 10 3 2 6 5 8 9 
20180619959 5 9 6 10 4 3 7 1 8 2 
20180619960 9 2 5 8 7 10 1 3 6 4 
20180619961 3 8 2 4 10 1 9 7 6 5 
20180619962 2 5 3 4 8 10 9 7 6 1 
20180619963 6 3 1 7 9 8 4 10 5 2 
20180619964 7 4 6 2 1 10 8 5 9 3 
20180619965 8 10 4 5 1 7 9 2 3 6 
20180619966 9 10 1 7 4 3 8 6 2 5 
20180619967 10 6 2 3 5 4 8 9 7 1 
20180619968 2 4 5 7 8 10 6 3 1 9 
20180619969 1 8 9 4 6 2 7 3 5 10 
20180619970 10 9 1 6 8 2 4 7 3 5 
20180619971 10 4 3 2 5 7 1 8 9 6 
20180619972 1 9 6 5 4 10 7 2 3 8 
20180619973 6 1 8 10 5 2 9 7 3 4 
20180619974 6 1 8 4 3 7 2 10 9 5 
20180619975 9 3 1 5 7 10 6 2 4 8 
20180619976 2 5 4 7 3 6 9 1 10 8 
20180619977 2 3 9 6 1 5 8 4 10 7 
20180619978 2 5 6 10 3 9 7 4 1 8 
20180619979 6 7 3 4 1 2 8 5 9 10 
20180619980 1 3 7 9 4 10 6 2 8 5 
20180619981 5 7 1 10 4 6 3 2 9 8 
20180619982 4 2 9 5 8 10 1 3 7 6 
20180619983 7 10 2 3 4 1 8 6 5 9 
20180619984 2 10 9 6 7 1 4 5 8 3 
20180619985 7 2 8 10 5 1 9 3 4 6 
