20180606001 1 7 6 2 8 3 9 10 4 5 
20180606002 1 4 2 9 10 3 5 6 7 8 
20180606003 4 2 3 5 8 10 9 1 7 6 
20180606004 4 9 8 1 10 5 6 2 3 7 
20180606005 6 5 2 9 4 3 7 1 8 10 
20180606006 9 7 5 10 4 8 6 3 2 1 
20180606007 7 10 4 1 5 9 3 8 2 6 
20180606008 4 3 10 5 2 7 1 6 8 9 
20180606009 8 1 6 9 3 4 10 2 7 5 
20180606010 2 9 5 10 6 3 8 1 4 7 
20180606011 2 8 4 5 6 9 7 3 10 1 
20180606012 2 5 3 7 4 6 10 8 9 1 
20180606013 5 3 9 4 2 1 10 7 8 6 
20180606014 2 7 9 8 6 1 3 5 10 4 
20180606015 3 7 4 5 6 2 8 10 9 1 
20180606016 5 9 10 7 4 3 6 2 1 8 
20180606017 1 4 8 7 2 6 10 5 9 3 
20180606018 8 7 9 3 10 6 2 4 1 5 
20180606019 5 10 9 7 2 1 4 6 8 3 
20180606020 5 2 1 6 7 10 9 3 8 4 
20180606021 9 2 7 5 3 6 4 1 8 10 
20180606022 8 1 3 10 6 5 7 2 4 9 
20180606023 4 1 9 10 8 6 5 7 2 3 
20180606024 9 4 5 10 8 7 3 6 2 1 
20180606025 6 7 2 5 1 3 4 10 9 8 
20180606026 5 3 2 8 6 10 7 4 1 9 
20180606027 2 8 9 10 1 3 5 4 7 6 
20180606028 5 4 9 3 1 2 10 7 8 6 
20180606029 1 9 3 6 7 8 4 5 10 2 
20180606030 5 7 10 1 2 3 6 4 9 8 
20180606031 2 1 6 10 4 7 5 8 3 9 
20180606032 3 2 8 9 4 5 1 6 7 10 
20180606033 1 10 8 2 3 6 7 4 5 9 
20180606034 6 4 5 7 10 2 1 3 9 8 
20180606035 7 5 8 6 10 9 3 2 4 1 
20180606036 2 3 6 5 4 7 1 10 9 8 
20180606037 8 3 6 2 10 5 4 9 7 1 
20180606038 8 9 4 1 7 6 10 5 3 2 
20180606039 4 5 8 7 1 10 2 9 3 6 
20180606040 10 6 5 1 9 8 3 4 7 2 
20180606041 6 2 9 7 8 5 1 3 10 4 
20180606042 7 10 1 6 5 2 8 3 9 4 
20180606043 8 2 10 9 6 4 3 1 7 5 
20180606044 7 2 3 4 8 1 5 10 9 6 
20180606045 4 8 10 6 7 3 1 5 2 9 
20180606046 8 4 9 2 3 10 7 1 5 6 
20180606047 7 8 5 9 10 3 1 6 4 2 
20180606048 5 9 8 1 2 10 6 3 4 7 
20180606049 4 3 10 9 2 7 6 8 5 1 
20180606050 5 2 9 3 6 10 8 1 7 4 
20180606051 5 4 2 1 3 8 9 6 10 7 
20180606052 1 4 2 6 3 8 5 9 7 10 
20180606053 5 3 7 4 9 2 1 10 6 8 
20180606054 8 10 4 3 2 5 7 6 9 1 
20180606055 5 7 10 2 1 8 9 4 3 6 
20180606056 1 9 5 3 4 2 10 6 8 7 
20180606057 9 7 10 6 5 3 2 4 1 8 
20180606058 4 6 2 8 5 9 1 7 10 3 
20180606059 1 9 4 5 8 6 7 3 2 10 
20180606060 5 6 10 2 8 3 1 9 7 4 
20180606061 2 9 10 1 7 6 5 3 4 8 
20180606062 6 10 7 5 3 9 4 8 2 1 
20180606063 8 2 5 4 9 10 1 3 6 7 
20180606064 10 9 5 7 8 6 3 4 2 1 
20180606065 9 8 2 5 4 7 6 1 3 10 
20180606066 3 2 5 6 7 9 8 10 4 1 
20180606067 4 10 6 9 5 1 3 8 7 2 
20180606068 9 10 1 8 2 6 4 7 5 3 
20180606069 2 8 7 10 1 5 9 6 3 4 
20180606070 7 4 9 8 1 3 2 10 6 5 
20180606071 1 10 3 7 5 9 2 6 8 4 
20180606072 2 6 10 9 8 4 7 5 1 3 
20180606073 3 10 5 4 7 9 8 2 6 1 
20180606074 4 9 10 7 8 6 3 2 5 1 
20180606075 4 7 10 8 5 6 3 2 1 9 
20180606076 9 10 6 2 7 4 5 8 3 1 
20180606077 10 4 9 1 6 5 2 7 8 3 
20180606078 7 5 6 4 9 2 8 10 3 1 
20180606079 3 5 2 7 4 10 9 1 6 8 
20180606080 6 8 2 9 1 7 3 10 5 4 
20180606081 6 2 1 10 4 8 5 7 9 3 
20180606082 10 1 8 5 2 3 7 9 6 4 
20180606083 3 9 6 5 7 1 2 10 4 8 
20180606084 9 6 1 3 10 8 2 5 7 4 
20180606085 2 5 3 9 1 6 10 8 7 4 
20180606086 8 6 2 5 3 9 1 7 10 4 
20180606087 4 2 6 5 1 3 9 7 8 10 
20180606088 2 1 4 10 3 5 9 6 7 8 
20180606089 1 4 7 8 2 6 9 10 3 5 
20180606090 9 2 6 3 5 7 1 10 4 8 
20180606091 10 9 7 4 1 8 3 6 5 2 
20180606092 3 7 9 5 1 10 8 2 6 4 
20180606093 9 1 7 10 2 6 5 4 8 3 
20180606094 4 2 5 6 7 9 3 10 1 8 
20180606095 6 3 5 7 8 10 4 9 2 1 
20180606096 5 7 1 9 8 10 3 6 2 4 
20180606097 9 6 10 7 1 3 8 2 5 4 
20180606098 4 8 9 7 3 5 10 1 6 2 
20180606099 1 5 8 3 9 4 2 7 6 10 
20180606100 3 9 5 7 2 6 8 4 1 10 
20180606101 6 2 3 9 7 4 8 1 5 10 
20180606102 2 3 1 9 8 4 7 10 5 6 
20180606103 4 1 3 5 9 8 10 7 2 6 
20180606104 10 9 8 1 2 4 3 7 5 6 
20180606105 4 6 7 5 10 2 1 9 8 3 
20180606106 7 8 6 4 5 2 3 1 9 10 
20180606107 6 7 9 3 4 10 5 2 1 8 
20180606108 6 4 7 2 3 8 1 10 5 9 
20180606109 9 2 5 7 8 4 3 10 6 1 
20180606110 9 7 2 4 3 1 6 8 5 10 
20180606111 10 8 6 4 7 9 1 3 2 5 
20180606112 9 7 4 6 10 2 1 8 5 3 
20180606113 4 5 2 9 6 10 1 8 7 3 
20180606114 8 3 9 5 7 10 2 4 1 6 
20180606115 7 9 5 10 6 1 8 4 3 2 
20180606116 3 10 8 5 4 2 1 6 9 7 
20180606117 8 3 9 2 5 10 4 7 6 1 
20180606118 3 2 10 6 8 1 7 4 5 9 
20180606119 4 3 7 2 1 9 6 10 5 8 
20180606120 4 8 9 10 7 5 1 2 6 3 
20180606121 3 7 5 9 4 1 6 10 2 8 
20180606122 7 3 1 4 10 5 9 6 2 8 
20180606123 8 5 3 10 4 6 1 2 7 9 
20180606124 3 2 9 7 8 1 5 10 4 6 
20180606125 5 8 1 3 7 4 2 6 10 9 
20180606126 6 7 8 9 10 3 4 2 1 5 
20180606127 3 1 4 5 7 2 8 10 9 6 
20180606128 10 3 4 5 8 7 9 2 1 6 
20180606129 4 1 10 9 3 5 6 7 2 8 
20180606130 10 9 3 4 2 6 8 7 1 5 
20180606131 4 1 2 7 10 5 8 9 3 6 
20180606132 1 10 9 4 7 8 2 6 3 5 
20180606133 5 6 2 3 1 4 8 10 7 9 
20180606134 4 10 8 6 9 7 5 2 1 3 
20180606135 7 9 6 10 2 8 1 5 3 4 
20180606136 8 6 4 9 3 2 10 7 1 5 
20180606137 9 7 5 8 2 1 4 6 10 3 
20180606138 3 10 1 4 9 6 5 8 7 2 
20180606139 2 5 9 1 7 6 10 8 3 4 
20180606140 3 10 8 5 9 7 1 6 2 4 
20180606141 9 5 7 1 8 2 3 10 4 6 
20180606142 8 4 6 3 7 2 1 10 5 9 
20180606143 2 5 3 8 4 7 6 10 1 9 
20180606144 1 2 3 8 5 9 4 7 6 10 
20180606145 10 1 9 4 7 2 5 8 3 6 
20180606146 2 9 10 1 3 4 8 6 5 7 
20180606147 6 4 1 3 10 5 2 7 8 9 
20180606148 2 9 5 1 4 8 10 3 6 7 
20180606149 3 9 7 8 10 5 1 2 6 4 
20180606150 4 3 5 8 9 2 10 7 6 1 
20180606151 1 10 9 4 3 7 8 6 5 2 
20180606152 8 7 2 9 10 5 3 1 6 4 
20180606153 1 5 4 8 7 9 3 10 2 6 
20180606154 5 3 7 6 8 2 10 1 9 4 
20180606155 3 6 5 1 8 2 7 9 4 10 
20180606156 7 3 9 10 2 5 4 1 6 8 
20180606157 2 5 8 6 1 10 9 7 3 4 
20180606158 10 4 7 9 6 8 1 2 3 5 
20180606159 2 1 3 6 7 9 5 10 4 8 
20180606160 6 2 4 1 8 7 9 3 10 5 
20180606161 5 2 9 10 3 7 1 4 8 6 
20180606162 6 5 1 4 9 7 10 8 3 2 
20180606163 5 4 9 10 1 6 3 7 8 2 
20180606164 1 8 5 3 6 10 7 9 4 2 
20180606165 2 3 6 8 9 5 10 7 1 4 
20180606166 6 4 5 7 8 3 10 9 1 2 
20180606167 6 9 2 4 8 3 7 1 5 10 
20180606168 7 3 9 2 5 1 4 6 10 8 
20180606169 3 7 5 6 4 2 9 8 1 10 
20180606170 1 4 9 7 8 6 10 2 3 5 
20180606171 10 4 6 8 2 1 5 7 9 3 
20180606172 10 6 1 4 3 7 9 2 5 8 
20180606173 1 2 7 10 5 4 8 6 9 3 
20180606174 4 6 1 3 9 5 10 2 7 8 
20180606175 10 9 1 5 4 3 8 7 6 2 
20180606176 7 9 6 8 3 10 1 5 2 4 
20180606177 4 6 9 10 8 5 7 1 3 2 
20180606178 1 4 5 7 9 6 8 2 3 10 
20180606179 4 10 9 7 3 2 5 8 6 1 
20180606180 5 2 9 7 6 4 3 1 8 10 
20180606181 4 8 6 7 5 3 10 2 9 1 
20180606182 8 9 1 10 4 6 3 2 7 5 
20180606183 3 5 4 1 10 7 2 8 6 9 
20180606184 6 7 2 4 8 5 3 9 10 1 
20180606185 7 10 3 5 8 1 4 2 9 6 
20180606186 1 3 2 8 5 9 10 7 4 6 
20180606187 7 6 10 4 5 1 8 3 2 9 
20180606188 1 10 6 7 8 9 3 2 5 4 
20180606189 4 9 7 1 5 6 2 8 10 3 
20180606190 2 10 4 1 3 7 9 8 5 6 
20180606191 8 7 3 9 5 2 6 10 1 4 
20180606192 4 3 2 7 10 1 5 9 8 6 
20180606193 10 9 2 3 8 6 4 1 5 7 
20180606194 4 1 10 3 2 7 6 9 5 8 
20180606195 8 5 7 6 3 4 9 10 2 1 
20180606196 3 5 10 2 7 9 8 6 1 4 
20180606197 10 8 2 9 7 3 1 5 6 4 
20180606198 4 1 2 9 3 6 5 10 8 7 
20180606199 7 4 8 9 10 1 6 2 5 3 
20180606200 3 4 2 9 6 10 1 5 8 7 
20180606201 4 10 5 9 7 8 1 2 6 3 
20180606202 8 2 7 9 6 5 3 10 4 1 
20180606203 6 9 3 1 4 5 7 10 2 8 
20180606204 8 10 3 7 9 6 5 1 2 4 
20180606205 7 10 1 9 5 4 2 8 3 6 
20180606206 2 4 5 1 10 8 9 3 7 6 
20180606207 8 5 10 3 4 6 1 7 2 9 
20180606208 4 9 8 2 5 7 3 6 1 10 
20180606209 1 8 2 7 10 4 3 5 9 6 
20180606210 2 3 9 1 7 6 10 4 5 8 
20180606211 8 2 10 9 7 4 5 3 1 6 
20180606212 6 1 7 9 2 8 5 4 10 3 
20180606213 1 3 7 10 2 4 5 6 9 8 
20180606214 4 7 9 10 8 1 6 3 5 2 
20180606215 1 10 3 4 8 2 7 9 5 6 
20180606216 3 5 6 1 2 7 4 9 10 8 
20180606217 3 8 6 10 7 4 9 5 2 1 
20180606218 2 6 9 7 1 3 10 8 5 4 
20180606219 4 7 1 2 5 9 10 6 3 8 
20180606220 4 10 3 8 1 6 5 7 2 9 
20180606221 10 9 8 6 4 2 1 7 5 3 
20180606222 4 5 9 2 1 7 6 3 10 8 
20180606223 5 2 8 9 7 3 6 1 4 10 
20180606224 10 6 9 7 4 3 2 8 1 5 
20180606225 5 7 9 8 3 2 1 4 6 10 
20180606226 8 1 7 2 5 3 10 6 9 4 
20180606227 4 8 6 2 7 5 10 3 9 1 
20180606228 10 4 6 3 8 1 5 7 2 9 
20180606229 8 7 10 2 3 6 4 9 5 1 
20180606230 5 8 10 6 4 1 9 2 7 3 
20180606231 7 1 4 3 6 2 10 8 9 5 
20180606232 7 6 8 3 9 1 5 10 4 2 
20180606233 6 1 5 4 3 2 9 8 10 7 
20180606234 9 3 8 6 2 5 1 10 4 7 
20180606235 10 1 4 8 5 2 7 9 3 6 
20180606236 5 2 6 9 10 8 4 1 3 7 
20180606237 10 6 4 9 1 7 2 3 8 5 
20180606238 9 5 4 8 3 2 6 7 10 1 
20180606239 1 9 5 3 2 4 7 10 6 8 
20180606240 4 5 8 6 2 9 10 7 1 3 
20180606241 2 6 4 9 1 3 7 5 10 8 
20180606242 3 8 9 1 10 5 4 2 7 6 
20180606243 10 6 5 2 7 4 9 3 8 1 
20180606244 1 7 5 2 10 8 9 6 4 3 
20180606245 4 7 2 9 5 10 3 6 8 1 
20180606246 6 2 9 1 8 3 7 4 5 10 
20180606247 9 4 3 1 7 8 10 2 5 6 
20180606248 2 10 3 7 4 6 8 5 1 9 
20180606249 1 4 7 8 2 5 6 9 10 3 
20180606250 5 8 10 3 4 6 9 1 2 7 
20180606251 6 3 7 1 9 2 5 10 8 4 
20180606252 1 8 3 4 10 6 2 5 7 9 
20180606253 9 6 5 4 2 10 3 1 8 7 
20180606254 9 10 3 8 7 6 1 5 2 4 
20180606255 10 2 8 5 4 6 1 7 9 3 
20180606256 2 10 8 7 9 5 4 1 3 6 
20180606257 5 1 8 4 7 6 2 9 10 3 
20180606258 9 3 7 10 4 8 2 6 1 5 
20180606259 1 5 3 6 10 8 7 2 4 9 
20180606260 4 2 1 5 8 9 6 3 10 7 
20180606261 6 1 2 5 7 9 3 10 8 4 
20180606262 6 2 3 7 4 1 5 8 10 9 
20180606263 4 10 7 8 6 5 3 9 2 1 
20180606264 10 1 8 7 9 4 5 2 6 3 
20180606265 10 3 8 7 4 6 2 9 1 5 
20180606266 3 10 9 4 1 2 5 6 8 7 
20180606267 8 10 1 9 3 7 4 5 6 2 
20180606268 5 2 3 6 7 10 1 8 9 4 
20180606269 2 1 5 9 4 6 10 7 8 3 
20180606270 8 7 6 4 2 3 9 5 1 10 
20180606271 6 1 4 5 2 3 8 10 9 7 
20180606272 1 5 4 7 2 9 8 10 6 3 
20180606273 6 9 1 3 8 7 4 2 10 5 
20180606274 6 2 1 4 9 5 3 10 7 8 
20180606275 2 4 9 3 10 1 7 5 6 8 
20180606276 5 9 10 3 6 7 8 1 4 2 
20180606277 5 2 9 1 6 8 7 3 10 4 
20180606278 1 8 9 6 7 3 10 4 2 5 
20180606279 3 5 8 2 4 6 10 1 9 7 
20180606280 2 6 8 9 5 7 1 10 3 4 
20180606281 3 5 4 6 7 1 9 10 8 2 
20180606282 1 7 8 5 10 3 4 2 6 9 
20180606283 2 9 4 10 3 7 1 8 6 5 
20180606284 8 4 2 1 3 6 7 10 9 5 
20180606285 5 10 8 6 3 7 4 9 2 1 
20180606286 6 4 1 9 8 3 2 10 7 5 
20180606287 8 5 2 6 3 9 10 4 1 7 
20180606288 4 2 9 10 6 8 3 7 5 1 
20180606289 10 4 1 5 9 6 7 2 3 8 
20180606290 1 3 5 7 8 10 2 9 4 6 
20180606291 2 9 3 5 6 8 1 7 10 4 
20180606292 9 1 10 4 7 6 8 2 5 3 
20180606293 8 7 10 5 4 6 9 3 1 2 
20180606294 1 8 2 3 6 10 5 7 4 9 
20180606295 3 1 9 7 2 6 5 4 10 8 
20180606296 2 4 7 10 5 3 6 8 1 9 
20180606297 10 6 4 7 3 8 5 1 9 2 
20180606298 7 5 1 2 4 6 3 10 9 8 
20180606299 10 9 7 5 4 8 6 2 3 1 
20180606300 2 6 8 5 7 9 4 1 10 3 
20180606301 1 8 9 6 4 3 2 10 7 5 
20180606302 9 1 2 6 4 5 7 10 3 8 
20180606303 3 6 10 2 7 9 4 5 1 8 
20180606304 10 1 9 3 5 6 8 4 7 2 
20180606305 7 3 6 2 8 4 5 9 10 1 
20180606306 4 5 3 1 10 7 8 9 6 2 
20180606307 1 8 9 2 5 7 10 4 3 6 
20180606308 4 6 9 8 10 7 2 3 1 5 
20180606309 3 8 9 6 4 2 1 7 5 10 
20180606310 10 6 4 8 9 7 1 5 3 2 
20180606311 9 7 6 8 2 10 5 1 4 3 
20180606312 2 6 9 1 8 7 5 10 3 4 
20180606313 7 1 3 9 6 4 2 5 10 8 
20180606314 2 9 5 3 6 7 10 8 4 1 
20180606315 8 3 4 1 7 2 10 5 9 6 
20180606316 8 6 2 7 9 5 1 4 10 3 
20180606317 9 10 3 7 4 1 2 6 5 8 
20180606318 3 8 7 6 1 2 4 10 5 9 
20180606319 1 5 7 8 9 6 4 3 2 10 
20180606320 10 1 8 2 7 4 3 9 5 6 
20180606321 6 10 5 2 3 7 9 4 8 1 
20180606322 7 1 3 6 10 9 2 5 8 4 
20180606323 6 10 7 1 3 4 5 8 2 9 
20180606324 7 8 3 9 6 4 5 2 10 1 
20180606325 4 2 7 3 8 6 1 5 9 10 
20180606326 2 4 1 9 6 8 5 7 10 3 
20180606327 5 10 6 7 8 4 1 2 3 9 
20180606328 9 4 1 8 2 7 10 3 6 5 
20180606329 3 1 6 9 4 8 10 7 2 5 
20180606330 5 10 6 7 4 8 1 3 2 9 
20180606331 5 10 6 7 8 4 3 2 9 1 
20180606332 7 2 5 9 4 8 6 10 3 1 
20180606333 1 8 7 2 4 6 9 10 5 3 
20180606334 5 9 1 8 4 10 3 7 2 6 
20180606335 1 4 3 5 8 10 7 9 6 2 
20180606336 1 6 10 9 8 7 5 4 2 3 
20180606337 9 7 2 1 6 5 4 8 10 3 
20180606338 6 3 5 7 4 10 1 8 2 9 
20180606339 10 5 1 8 2 4 7 3 6 9 
20180606340 5 7 3 8 10 2 6 4 9 1 
20180606341 5 6 8 2 1 10 7 9 4 3 
20180606342 10 4 3 1 9 6 7 5 8 2 
20180606343 4 3 8 1 10 5 6 7 2 9 
20180606344 5 3 2 6 7 4 1 9 8 10 
20180606345 1 8 7 3 2 10 9 6 4 5 
20180606346 2 8 4 9 5 7 3 10 6 1 
20180606347 9 8 6 10 3 1 5 2 4 7 
20180606348 4 7 9 2 10 5 1 6 3 8 
20180606349 6 1 3 10 2 5 7 8 4 9 
20180606350 8 4 10 6 7 3 5 1 9 2 
20180606351 1 2 10 4 8 6 5 7 3 9 
20180606352 8 9 5 6 10 2 1 4 7 3 
20180606353 8 7 5 10 6 4 1 2 3 9 
20180606354 6 4 7 5 10 8 2 1 3 9 
20180606355 6 8 9 1 5 7 4 3 10 2 
20180606356 6 2 8 7 1 9 3 10 4 5 
20180606357 1 7 2 6 9 3 10 8 5 4 
20180606358 9 7 10 3 4 5 6 2 1 8 
20180606359 3 8 9 6 7 2 4 5 10 1 
20180606360 6 10 3 7 5 1 4 9 2 8 
20180606361 6 5 8 3 9 7 1 4 10 2 
20180606362 10 9 8 3 6 4 5 2 1 7 
20180606363 6 7 8 3 5 2 1 10 4 9 
20180606364 10 8 3 1 2 7 4 6 5 9 
20180606365 5 4 2 6 1 3 9 7 8 10 
20180606366 8 6 2 5 1 4 10 7 9 3 
20180606367 8 6 10 1 4 2 9 7 3 5 
20180606368 1 10 6 3 9 2 8 5 4 7 
20180606369 9 8 3 10 2 1 4 6 7 5 
20180606370 3 4 8 7 1 6 5 9 2 10 
20180606371 10 1 9 3 6 2 4 5 7 8 
20180606372 1 8 6 2 4 3 7 9 5 10 
20180606373 9 6 5 4 7 3 8 1 10 2 
20180606374 6 5 4 7 9 8 10 2 3 1 
20180606375 2 3 5 1 4 10 8 7 6 9 
20180606376 10 9 1 2 5 4 6 3 8 7 
20180606377 10 1 5 3 4 8 2 6 9 7 
20180606378 6 3 2 8 5 9 4 10 1 7 
20180606379 10 8 4 9 1 7 6 2 3 5 
20180606380 1 10 8 9 3 5 7 6 4 2 
20180606381 2 4 9 8 6 10 7 3 5 1 
20180606382 4 3 6 7 1 9 5 8 2 10 
20180606383 5 8 10 3 2 9 7 1 4 6 
20180606384 5 1 9 7 2 8 6 4 10 3 
20180606385 10 2 3 7 1 4 6 9 5 8 
20180606386 4 5 7 1 6 3 10 9 8 2 
20180606387 9 4 3 1 6 2 10 5 8 7 
20180606388 1 3 8 9 2 4 6 10 5 7 
20180606389 3 8 7 9 5 10 4 1 2 6 
20180606390 8 3 4 6 10 2 7 1 5 9 
20180606391 3 6 5 2 4 10 9 1 7 8 
20180606392 2 10 7 5 6 1 8 9 4 3 
20180606393 1 9 4 3 6 10 7 2 8 5 
20180606394 10 7 3 1 6 9 8 4 2 5 
20180606395 10 1 6 7 2 3 5 8 9 4 
20180606396 3 1 6 9 4 7 8 2 10 5 
20180606397 9 2 1 3 6 8 7 4 10 5 
20180606398 9 10 8 2 7 4 6 5 3 1 
20180606399 6 7 8 3 10 5 1 4 9 2 
20180606400 4 2 10 3 6 1 9 8 7 5 
20180606401 8 5 2 1 9 4 7 6 3 10 
20180606402 5 2 6 4 10 1 3 7 9 8 
20180606403 8 1 10 5 6 3 9 4 2 7 
20180606404 8 6 2 10 1 4 5 9 7 3 
20180606405 10 7 9 2 6 8 4 5 1 3 
20180606406 10 9 8 3 7 1 5 4 2 6 
20180606407 10 1 6 2 7 5 8 9 3 4 
20180606408 5 2 7 6 1 3 9 4 8 10 
20180606409 5 4 10 7 3 1 9 8 2 6 
20180606410 2 4 7 9 6 1 3 8 5 10 
20180606411 9 6 10 4 2 8 7 5 1 3 
20180606412 7 3 9 1 6 8 2 4 10 5 
20180606413 9 6 2 3 5 8 7 4 1 10 
20180606414 1 5 8 6 7 3 2 10 9 4 
20180606415 3 4 6 8 7 2 9 10 1 5 
20180606416 5 1 2 9 3 8 6 4 10 7 
20180606417 8 6 3 9 5 4 1 7 10 2 
20180606418 4 2 7 9 6 10 1 8 5 3 
20180606419 9 3 1 8 10 6 7 2 4 5 
20180606420 1 3 6 8 5 10 2 4 9 7 
20180606421 10 5 4 8 3 2 1 7 9 6 
20180606422 2 8 6 1 5 3 4 7 9 10 
20180606423 9 8 4 2 1 10 5 6 3 7 
20180606424 6 8 10 9 7 4 2 1 3 5 
20180606425 2 8 6 4 10 9 5 3 1 7 
20180606426 2 6 9 3 1 8 5 7 4 10 
20180606427 3 4 6 9 5 8 10 2 7 1 
20180606428 8 3 1 5 10 4 2 6 7 9 
20180606429 10 6 4 8 2 9 1 7 3 5 
20180606430 6 3 4 9 7 5 1 8 10 2 
20180606431 8 7 5 2 10 3 1 9 6 4 
20180606432 8 9 6 7 2 1 10 4 3 5 
20180606433 9 5 1 4 3 2 8 6 7 10 
20180606434 2 9 5 8 10 1 4 7 3 6 
20180606435 6 10 2 5 9 4 7 1 3 8 
20180606436 7 3 9 1 2 10 8 6 4 5 
20180606437 2 3 1 6 10 5 8 7 4 9 
20180606438 6 8 5 2 7 9 1 3 10 4 
20180606439 4 7 1 9 3 6 2 5 8 10 
20180606440 10 9 8 3 6 4 7 5 1 2 
20180606441 5 6 7 2 1 9 3 10 4 8 
20180606442 10 3 4 7 6 2 1 8 9 5 
20180606443 4 9 1 3 8 2 5 6 10 7 
20180606444 3 8 5 2 6 7 4 9 1 10 
20180606445 7 1 2 9 6 8 3 10 4 5 
20180606446 10 4 9 2 6 7 8 5 3 1 
20180606447 9 3 7 2 8 6 10 1 4 5 
20180606448 5 6 9 10 8 2 7 3 4 1 
20180606449 8 10 4 1 5 2 3 9 6 7 
20180606450 2 7 4 1 10 3 5 8 9 6 
20180606451 9 6 5 2 1 10 8 3 7 4 
20180606452 7 4 8 2 1 9 10 6 3 5 
20180606453 3 10 4 5 6 7 2 8 1 9 
20180606454 5 4 3 2 8 6 9 7 10 1 
20180606455 5 3 8 10 6 9 4 7 2 1 
20180606456 7 8 1 10 2 5 4 3 6 9 
20180606457 9 8 4 5 10 1 2 3 6 7 
20180606458 10 2 8 5 1 4 3 9 7 6 
20180606459 4 6 2 9 7 10 5 8 1 3 
20180606460 9 7 8 5 6 10 4 3 1 2 
20180606461 3 2 10 8 6 1 5 4 9 7 
20180606462 6 8 10 5 2 1 7 3 4 9 
20180606463 4 2 10 6 9 8 1 7 5 3 
20180606464 9 3 10 2 4 6 8 5 7 1 
20180606465 10 7 4 3 2 9 8 5 1 6 
20180606466 3 10 4 9 7 8 5 2 1 6 
20180606467 8 4 7 6 3 5 2 10 9 1 
20180606468 3 10 4 6 9 8 7 1 5 2 
20180606469 10 5 1 9 8 4 6 2 7 3 
20180606470 9 2 6 4 5 3 8 7 1 10 
20180606471 10 8 7 3 4 1 2 6 5 9 
20180606472 5 3 9 7 10 2 6 8 1 4 
20180606473 2 9 4 6 7 5 8 10 1 3 
20180606474 9 3 7 6 1 4 5 2 8 10 
20180606475 8 4 2 7 3 10 6 5 9 1 
20180606476 2 6 1 8 4 10 7 5 3 9 
20180606477 5 7 8 4 1 6 3 10 2 9 
20180606478 8 9 4 7 2 5 1 3 6 10 
20180606479 7 4 9 3 10 5 8 1 2 6 
20180606480 7 10 9 6 2 4 1 5 8 3 
20180606481 3 7 6 2 5 10 1 8 9 4 
20180606482 10 8 5 3 4 9 7 1 6 2 
20180606483 6 8 1 9 5 10 4 3 2 7 
20180606484 8 6 3 5 7 2 4 9 10 1 
20180606485 10 4 1 3 2 6 5 7 9 8 
20180606486 8 7 1 2 3 6 9 5 10 4 
20180606487 9 10 7 8 1 2 3 6 5 4 
20180606488 4 5 3 10 8 6 9 2 7 1 
20180606489 2 9 3 7 5 4 10 6 8 1 
20180606490 1 8 6 9 4 7 5 3 2 10 
20180606491 6 5 3 1 4 9 7 2 8 10 
20180606492 2 3 6 10 1 5 9 4 8 7 
20180606493 6 10 7 4 9 8 1 2 3 5 
20180606494 8 1 3 7 9 4 6 5 2 10 
20180606495 5 4 8 6 2 9 10 3 7 1 
20180606496 1 9 5 7 2 10 3 4 8 6 
20180606497 5 10 8 9 7 3 2 4 1 6 
20180606498 4 5 3 7 1 9 10 8 2 6 
20180606499 6 7 4 2 3 1 9 8 5 10 
20180606500 10 9 1 6 8 7 2 4 3 5 
20180606501 2 6 4 7 1 10 9 3 5 8 
20180606502 6 4 3 5 1 2 9 7 8 10 
20180606503 9 4 10 6 7 5 3 2 1 8 
20180606504 5 2 4 10 6 7 8 1 3 9 
20180606505 2 1 4 8 10 7 6 9 5 3 
20180606506 10 8 3 4 9 1 7 6 5 2 
20180606507 9 5 4 3 10 7 1 8 2 6 
20180606508 5 8 9 6 10 2 1 7 4 3 
20180606509 3 4 1 5 7 10 8 6 9 2 
20180606510 5 4 1 6 2 10 3 7 8 9 
20180606511 5 10 7 6 8 1 2 3 9 4 
20180606512 3 2 8 7 1 5 10 9 4 6 
20180606513 6 4 5 10 2 9 3 8 1 7 
20180606514 6 10 2 3 7 4 1 9 5 8 
20180606515 8 10 3 1 2 7 4 5 6 9 
20180606516 9 1 5 4 6 10 3 8 2 7 
20180606517 5 10 9 4 7 8 6 3 2 1 
20180606518 2 7 9 4 8 3 1 6 10 5 
20180606519 2 4 9 6 1 3 8 10 7 5 
20180606520 7 9 5 10 3 4 2 6 1 8 
20180606521 4 8 5 6 1 10 3 9 7 2 
20180606522 7 6 9 1 8 5 4 2 10 3 
20180606523 9 2 6 8 7 1 3 10 5 4 
20180606524 5 1 9 10 3 2 4 8 6 7 
20180606525 7 2 1 9 6 8 3 4 10 5 
20180606526 6 4 9 8 2 7 1 10 5 3 
20180606527 6 9 10 3 8 7 5 1 2 4 
20180606528 3 10 7 8 1 9 2 6 4 5 
20180606529 1 6 3 9 5 8 2 10 7 4 
20180606530 8 9 2 1 4 10 3 7 5 6 
20180606531 2 10 4 6 8 3 7 9 5 1 
20180606532 2 9 3 10 7 4 5 1 6 8 
20180606533 6 9 4 3 8 5 1 10 7 2 
20180606534 7 8 9 4 3 1 5 10 6 2 
20180606535 6 9 4 2 3 1 5 8 7 10 
20180606536 6 10 7 1 3 4 5 8 2 9 
20180606537 10 7 5 2 6 1 3 4 8 9 
20180606538 5 8 6 4 7 10 3 9 2 1 
20180606539 10 4 3 2 6 1 7 8 9 5 
20180606540 7 4 2 5 10 1 8 6 9 3 
20180606541 4 8 10 2 3 9 1 5 7 6 
20180606542 6 2 1 8 7 10 3 5 4 9 
20180606543 1 3 5 10 8 9 4 2 6 7 
20180606544 1 9 4 6 2 10 7 8 5 3 
20180606545 3 1 5 7 8 6 4 10 9 2 
20180606546 6 7 10 4 3 8 5 1 9 2 
20180606547 3 2 7 1 8 6 4 9 10 5 
20180606548 7 8 3 10 9 4 5 1 6 2 
20180606549 4 5 3 9 6 1 2 8 7 10 
20180606550 3 7 10 1 5 9 8 2 4 6 
20180606551 5 9 8 4 10 7 6 3 1 2 
20180606552 7 5 4 1 2 9 3 10 6 8 
20180606553 6 10 3 1 4 5 8 7 2 9 
20180606554 6 2 3 4 9 5 8 10 7 1 
20180606555 6 3 8 4 1 7 10 2 9 5 
20180606556 2 5 7 9 6 1 10 8 4 3 
20180606557 5 7 9 10 2 8 4 6 3 1 
20180606558 1 4 2 8 9 6 5 7 3 10 
20180606559 8 7 5 10 1 6 3 2 9 4 
20180606560 7 4 6 1 10 5 3 8 2 9 
20180606561 5 1 3 2 10 4 7 8 6 9 
20180606562 3 2 9 7 5 1 8 10 4 6 
20180606563 4 9 2 7 1 8 5 6 3 10 
20180606564 6 10 3 4 7 5 1 8 9 2 
20180606565 4 3 7 2 8 1 5 6 9 10 
20180606566 3 7 9 6 2 4 5 8 10 1 
20180606567 9 6 7 10 3 4 2 1 5 8 
20180606568 1 3 10 8 6 5 2 4 7 9 
20180606569 10 5 9 1 4 8 7 2 3 6 
20180606570 7 8 3 10 5 4 2 6 9 1 
20180606571 8 7 1 9 5 2 3 10 4 6 
20180606572 5 2 7 10 9 3 4 1 8 6 
20180606573 2 7 9 6 4 3 8 1 10 5 
20180606574 3 7 2 1 5 10 6 4 9 8 
20180606575 5 8 7 10 3 1 6 4 2 9 
20180606576 1 9 3 7 8 5 4 6 10 2 
20180606577 4 9 10 5 2 8 7 3 6 1 
20180606578 10 8 1 3 6 2 4 7 5 9 
20180606579 8 9 2 4 1 3 6 10 5 7 
20180606580 9 4 7 8 1 6 2 10 3 5 
20180606581 10 1 8 5 3 7 9 4 6 2 
20180606582 1 4 8 9 10 5 7 3 6 2 
20180606583 1 7 6 2 8 10 9 5 3 4 
20180606584 5 1 9 4 10 3 6 7 2 8 
20180606585 7 10 8 5 3 9 4 1 6 2 
20180606586 2 6 3 1 9 5 8 7 10 4 
20180606587 10 5 4 2 7 6 3 8 9 1 
20180606588 7 3 8 9 2 5 4 10 6 1 
20180606589 4 5 7 3 1 9 8 2 10 6 
20180606590 3 8 10 2 5 4 9 7 6 1 
20180606591 5 2 10 1 7 9 6 3 4 8 
20180606592 4 3 1 5 8 7 6 2 10 9 
20180606593 5 4 2 7 3 8 10 6 9 1 
20180606594 8 1 4 9 3 6 5 7 2 10 
20180606595 5 10 2 9 4 1 8 7 6 3 
20180606596 8 3 2 5 4 9 10 1 6 7 
20180606597 6 1 3 2 4 7 9 10 8 5 
20180606598 1 7 6 8 10 3 9 4 5 2 
20180606599 7 3 2 9 6 10 1 5 8 4 
20180606600 7 1 4 9 3 5 10 6 8 2 
20180606601 1 5 7 10 8 3 2 9 6 4 
20180606602 1 2 7 3 8 10 5 4 6 9 
20180606603 9 7 4 2 1 10 6 5 3 8 
20180606604 6 10 7 5 2 4 8 1 3 9 
20180606605 10 1 4 3 5 9 8 2 6 7 
20180606606 9 5 2 8 1 4 10 6 7 3 
20180606607 7 6 3 2 1 9 5 4 8 10 
20180606608 7 1 8 6 4 5 10 9 3 2 
20180606609 9 5 3 1 6 10 2 8 4 7 
20180606610 8 7 9 6 10 4 1 2 5 3 
20180606611 9 1 4 3 5 7 6 10 2 8 
20180606612 3 10 9 6 2 7 1 4 5 8 
20180606613 3 4 5 7 10 2 1 9 8 6 
20180606614 6 1 4 3 10 8 7 2 5 9 
20180606615 10 1 4 7 2 5 3 9 6 8 
20180606616 6 3 8 9 5 4 2 10 7 1 
20180606617 9 5 6 1 10 3 4 8 7 2 
20180606618 5 2 1 3 9 7 10 4 6 8 
20180606619 7 4 8 6 5 3 9 10 2 1 
20180606620 2 1 5 6 8 7 10 4 3 9 
20180606621 1 2 5 7 3 8 10 4 6 9 
20180606622 3 10 9 1 2 8 5 7 4 6 
20180606623 1 9 3 8 5 6 10 2 4 7 
20180606624 1 2 5 3 9 4 10 8 7 6 
20180606625 1 6 9 2 7 10 4 3 8 5 
20180606626 2 4 10 9 8 6 3 7 5 1 
20180606627 8 9 6 10 3 5 1 7 2 4 
20180606628 7 8 4 1 6 2 10 3 9 5 
20180606629 3 1 2 5 6 4 7 10 9 8 
20180606630 2 5 10 4 7 1 3 8 9 6 
20180606631 1 5 9 8 2 6 10 3 7 4 
20180606632 7 5 3 10 1 9 8 4 2 6 
20180606633 7 9 6 1 8 5 3 10 2 4 
20180606634 10 5 4 6 3 2 1 8 9 7 
20180606635 5 1 4 3 9 8 6 10 7 2 
20180606636 2 8 1 9 10 4 3 5 7 6 
20180606637 9 10 8 7 4 6 1 3 2 5 
20180606638 1 3 5 9 2 8 4 10 7 6 
20180606639 6 9 5 10 2 1 7 4 3 8 
20180606640 9 3 2 7 8 5 10 6 4 1 
20180606641 9 6 2 3 5 7 1 8 4 10 
20180606642 6 2 3 9 8 10 7 5 1 4 
20180606643 9 6 1 8 5 4 2 10 3 7 
20180606644 1 9 3 2 7 8 10 6 4 5 
20180606645 1 6 2 5 7 4 10 8 3 9 
20180606646 2 9 6 7 5 8 1 10 3 4 
20180606647 6 7 8 3 1 10 2 9 5 4 
20180606648 1 4 6 3 8 2 9 10 7 5 
20180606649 8 7 1 4 6 5 10 3 2 9 
20180606650 7 4 5 10 1 8 2 6 3 9 
20180606651 7 1 3 2 8 5 9 6 4 10 
20180606652 8 6 5 3 1 4 9 10 7 2 
20180606653 4 8 10 3 2 5 7 1 9 6 
20180606654 6 4 10 5 3 8 9 7 2 1 
20180606655 4 10 8 5 2 9 1 3 6 7 
20180606656 3 1 4 6 7 5 2 9 8 10 
20180606657 6 4 3 1 8 7 10 5 9 2 
20180606658 4 8 5 7 2 10 3 6 1 9 
20180606659 5 3 8 7 4 1 10 2 9 6 
20180606660 7 1 10 6 2 8 4 9 5 3 
20180606661 5 8 1 6 9 2 4 10 7 3 
20180606662 4 5 7 8 1 3 9 6 2 10 
20180606663 9 5 8 10 3 1 7 6 4 2 
20180606664 3 4 10 5 2 1 6 8 9 7 
20180606665 2 8 6 3 1 10 4 7 5 9 
20180606666 8 5 2 9 1 7 6 4 10 3 
20180606667 3 9 4 7 10 5 6 2 1 8 
20180606668 6 1 10 5 4 8 9 7 3 2 
20180606669 1 8 4 9 3 2 7 6 10 5 
20180606670 10 4 8 1 3 9 6 5 7 2 
20180606671 2 8 10 5 7 6 1 3 4 9 
20180606672 7 2 5 1 4 3 8 10 6 9 
20180606673 8 6 9 1 5 2 3 10 7 4 
20180606674 9 2 6 1 3 7 5 8 10 4 
20180606675 4 10 6 7 5 1 8 9 3 2 
20180606676 1 10 6 2 3 4 7 5 8 9 
20180606677 1 10 4 2 5 3 7 9 8 6 
20180606678 8 2 9 1 5 4 7 3 6 10 
20180606679 3 2 9 10 8 6 7 4 1 5 
20180606680 1 5 7 8 3 9 6 10 2 4 
20180606681 6 8 4 3 7 10 5 9 2 1 
20180606682 3 1 9 5 2 10 7 8 4 6 
20180606683 8 1 5 7 3 9 10 2 6 4 
20180606684 6 8 9 5 3 1 10 7 2 4 
20180606685 5 4 8 6 3 2 9 10 1 7 
20180606686 6 1 5 3 9 4 10 8 2 7 
20180606687 3 2 4 7 9 6 8 5 10 1 
20180606688 1 8 7 3 2 4 5 10 6 9 
20180606689 3 2 6 10 8 1 9 7 5 4 
20180606690 6 1 2 4 3 5 9 10 8 7 
20180606691 2 4 6 1 3 5 9 8 7 10 
20180606692 9 3 6 7 10 8 2 5 1 4 
20180606693 1 10 8 9 2 7 6 3 4 5 
20180606694 9 6 2 7 3 4 10 8 1 5 
20180606695 3 10 8 9 1 2 4 5 7 6 
20180606696 5 7 2 9 4 1 3 6 8 10 
20180606697 5 3 7 8 6 9 1 4 2 10 
20180606698 3 9 1 5 10 2 4 8 7 6 
20180606699 3 2 5 4 7 8 6 10 1 9 
20180606700 6 4 2 5 10 9 8 7 3 1 
20180606701 7 5 2 4 6 9 1 3 8 10 
20180606702 1 6 7 8 3 5 2 10 4 9 
20180606703 2 5 10 8 9 1 7 3 6 4 
20180606704 10 4 8 7 1 2 3 9 6 5 
20180606705 4 7 10 1 2 3 9 5 6 8 
20180606706 2 5 10 6 9 8 7 1 4 3 
20180606707 8 9 3 1 10 2 7 5 6 4 
20180606708 1 9 6 3 4 2 8 7 5 10 
20180606709 7 4 3 1 10 5 2 9 6 8 
20180606710 9 5 2 8 3 4 6 7 1 10 
20180606711 1 5 6 4 9 2 10 3 7 8 
20180606712 10 6 3 2 5 4 9 7 8 1 
20180606713 8 2 6 10 1 4 3 7 9 5 
20180606714 9 6 1 5 4 7 8 10 3 2 
20180606715 9 10 5 3 7 8 1 6 2 4 
20180606716 4 1 6 3 2 9 5 10 7 8 
20180606717 4 2 6 9 3 5 8 7 10 1 
20180606718 1 6 2 8 3 10 4 9 7 5 
20180606719 6 8 9 3 10 4 7 2 5 1 
20180606720 3 4 7 9 2 6 8 5 10 1 
20180606721 1 4 3 8 6 9 10 2 5 7 
20180606722 9 6 2 1 10 3 8 7 4 5 
20180606723 6 2 4 7 9 10 8 1 5 3 
20180606724 4 1 8 3 2 10 9 7 6 5 
20180606725 10 1 7 4 6 8 2 5 3 9 
20180606726 7 10 3 9 5 1 8 4 6 2 
20180606727 2 6 1 10 5 4 3 9 7 8 
20180606728 6 9 7 4 2 1 8 10 5 3 
20180606729 10 4 1 7 8 2 6 9 3 5 
20180606730 10 2 9 5 1 8 6 3 7 4 
20180606731 8 3 4 1 6 10 5 9 2 7 
20180606732 3 6 8 9 10 7 5 1 2 4 
20180606733 7 2 5 3 10 6 9 4 1 8 
20180606734 9 8 5 6 1 10 4 2 3 7 
20180606735 3 9 10 7 5 1 4 6 2 8 
20180606736 10 7 4 3 9 1 6 8 5 2 
20180606737 3 7 9 10 5 1 2 4 6 8 
20180606738 4 8 3 7 1 2 9 5 10 6 
20180606739 3 5 7 4 6 10 1 9 2 8 
20180606740 5 3 2 4 1 7 8 6 10 9 
20180606741 10 2 3 6 8 5 7 4 9 1 
20180606742 4 3 7 5 9 10 2 6 8 1 
20180606743 1 3 10 5 6 2 8 7 4 9 
20180606744 7 5 2 10 8 4 3 1 6 9 
20180606745 10 3 7 5 9 6 8 2 4 1 
20180606746 9 8 3 2 10 1 4 6 5 7 
20180606747 9 1 6 3 7 2 8 5 4 10 
20180606748 1 9 10 5 4 2 6 3 8 7 
20180606749 4 8 1 10 9 6 3 2 5 7 
20180606750 9 7 5 4 1 2 3 10 6 8 
20180606751 1 2 6 7 5 3 9 4 10 8 
20180606752 3 6 4 2 5 10 7 1 9 8 
20180606753 5 7 6 3 2 10 8 9 1 4 
20180606754 3 2 8 10 9 1 4 6 5 7 
20180606755 4 2 3 7 9 5 8 10 6 1 
20180606756 4 5 6 7 2 3 10 9 8 1 
20180606757 6 3 4 10 5 7 8 1 9 2 
20180606758 6 8 2 9 5 4 10 1 7 3 
20180606759 6 4 7 3 8 5 10 1 2 9 
20180606760 7 3 1 4 6 10 9 5 2 8 
20180606761 8 7 4 3 2 6 10 5 9 1 
20180606762 9 4 3 6 1 10 8 5 2 7 
20180606763 7 9 3 1 10 8 6 2 4 5 
20180606764 4 10 5 9 6 7 8 1 2 3 
20180606765 7 5 9 6 1 4 8 3 10 2 
20180606766 7 2 1 6 3 4 5 8 10 9 
20180606767 8 5 6 2 3 7 9 10 4 1 
20180606768 9 3 2 8 5 6 4 7 1 10 
20180606769 2 4 10 7 5 3 1 9 6 8 
20180606770 8 9 2 7 1 4 3 6 10 5 
20180606771 2 7 6 4 3 5 10 1 9 8 
20180606772 7 6 8 9 10 5 1 3 2 4 
20180606773 4 5 2 9 10 1 6 3 7 8 
20180606774 8 6 4 7 3 5 9 2 10 1 
20180606775 3 10 2 5 8 4 1 9 6 7 
20180606776 6 5 10 7 4 3 9 8 1 2 
20180606777 7 3 8 6 5 9 2 10 4 1 
20180606778 1 6 10 5 4 3 8 2 7 9 
20180606779 3 2 6 8 5 7 4 10 9 1 
20180606780 6 9 8 1 4 10 5 7 3 2 
20180606781 10 7 3 2 5 6 4 1 8 9 
20180606782 1 7 9 8 5 4 6 3 10 2 
20180606783 6 10 9 5 7 3 2 4 1 8 
20180606784 9 2 4 10 6 7 1 8 5 3 
20180606785 10 7 9 6 1 3 4 2 8 5 
20180606786 8 9 4 2 6 1 5 7 3 10 
20180606787 4 1 7 6 3 2 9 8 10 5 
20180606788 9 10 7 6 5 4 1 8 2 3 
20180606789 3 5 8 10 4 1 2 6 7 9 
20180606790 9 3 10 4 7 8 5 2 6 1 
20180606791 4 2 10 5 7 6 1 3 8 9 
20180606792 5 2 7 10 8 6 1 4 9 3 
20180606793 5 4 9 2 6 1 3 10 7 8 
20180606794 5 7 9 2 3 8 10 6 4 1 
20180606795 2 4 10 9 5 1 7 6 3 8 
20180606796 7 9 4 1 3 8 10 2 5 6 
20180606797 5 3 6 10 2 1 7 9 8 4 
20180606798 10 9 3 4 6 5 1 8 2 7 
20180606799 3 5 4 2 6 7 9 8 10 1 
20180606800 8 5 7 6 1 10 4 3 2 9 
20180606801 2 1 5 4 8 7 3 9 10 6 
20180606802 8 6 10 3 5 1 9 2 4 7 
20180606803 10 1 8 9 5 3 6 2 7 4 
20180606804 9 10 7 6 8 1 3 5 2 4 
20180606805 1 9 2 6 7 8 5 3 4 10 
20180606806 10 6 2 4 9 3 5 8 7 1 
20180606807 8 6 4 3 2 7 10 9 5 1 
20180606808 6 8 1 2 9 4 7 3 10 5 
20180606809 5 3 4 2 6 1 8 10 9 7 
20180606810 2 9 8 4 5 10 6 3 1 7 
20180606811 6 8 4 1 9 7 5 2 3 10 
20180606812 5 7 2 10 6 8 1 4 9 3 
20180606813 1 9 8 5 3 7 4 6 2 10 
20180606814 2 1 5 6 8 4 7 9 3 10 
20180606815 7 3 6 5 2 8 10 4 9 1 
20180606816 1 8 7 2 3 5 4 10 9 6 
20180606817 7 4 1 6 5 9 10 8 2 3 
20180606818 3 4 1 5 10 8 2 7 9 6 
20180606819 9 2 4 8 6 3 5 1 7 10 
20180606820 3 4 9 6 8 5 1 7 2 10 
20180606821 7 8 2 5 1 10 6 9 4 3 
20180606822 4 6 3 7 1 8 5 9 10 2 
20180606823 5 10 3 2 9 7 1 6 4 8 
20180606824 1 5 2 4 9 3 8 6 10 7 
20180606825 2 3 6 7 9 10 4 1 5 8 
20180606826 3 9 10 7 8 6 5 2 4 1 
20180606827 4 5 3 2 7 1 6 8 10 9 
20180606828 4 6 2 8 9 7 1 5 10 3 
20180606829 9 2 1 3 10 5 4 8 7 6 
20180606830 2 10 9 7 1 8 6 5 3 4 
20180606831 6 7 10 8 2 9 5 1 3 4 
20180606832 4 2 3 9 6 5 1 10 8 7 
20180606833 2 10 9 7 5 8 6 3 4 1 
20180606834 8 9 2 7 3 1 5 4 6 10 
20180606835 6 1 7 2 4 3 10 9 8 5 
20180606836 6 10 7 9 4 8 1 3 5 2 
20180606837 8 7 3 6 4 1 5 2 10 9 
20180606838 1 4 3 7 2 9 10 6 5 8 
20180606839 9 4 1 2 3 10 8 7 5 6 
20180606840 1 5 3 6 9 7 4 2 8 10 
20180606841 9 4 10 3 8 1 6 2 7 5 
20180606842 2 5 9 6 4 8 10 3 7 1 
20180606843 9 10 2 7 6 5 8 1 4 3 
20180606844 8 5 1 6 10 3 2 4 7 9 
20180606845 8 1 9 2 3 10 7 4 6 5 
20180606846 5 1 3 6 9 10 4 7 2 8 
20180606847 5 9 8 4 7 6 3 2 1 10 
20180606848 5 4 7 1 10 3 9 8 2 6 
20180606849 1 2 10 3 7 5 9 4 6 8 
20180606850 9 8 4 7 2 10 6 3 5 1 
20180606851 3 8 4 1 6 5 2 7 10 9 
20180606852 5 6 3 9 8 1 4 7 10 2 
20180606853 2 4 5 3 9 1 10 7 6 8 
20180606854 2 4 7 5 6 10 9 8 3 1 
20180606855 1 9 6 5 7 8 4 3 10 2 
20180606856 3 7 1 10 5 9 2 6 8 4 
20180606857 6 5 4 1 9 7 10 8 3 2 
20180606858 6 7 10 8 2 9 3 4 1 5 
20180606859 6 4 5 1 10 3 9 2 8 7 
20180606860 9 1 5 7 10 4 6 8 2 3 
20180606861 1 4 10 7 3 5 8 2 9 6 
20180606862 10 6 9 2 3 5 8 7 4 1 
20180606863 7 4 10 8 9 5 6 2 3 1 
20180606864 8 5 4 7 10 9 2 3 6 1 
20180606865 1 6 9 5 10 4 2 3 7 8 
20180606866 5 1 9 7 10 8 6 4 2 3 
20180606867 8 6 3 1 9 7 4 5 10 2 
20180606868 10 7 5 2 6 1 9 4 8 3 
20180606869 5 1 9 10 7 4 6 2 3 8 
20180606870 2 3 8 1 9 5 10 7 6 4 
20180606871 1 7 5 3 6 8 9 2 4 10 
20180606872 5 1 3 10 9 7 8 6 4 2 
20180606873 9 7 2 6 8 3 1 4 5 10 
20180606874 5 1 7 10 6 2 3 9 8 4 
20180606875 2 5 8 4 3 1 9 10 7 6 
20180606876 9 2 6 1 7 10 3 5 4 8 
20180606877 8 5 10 4 9 7 2 6 1 3 
20180606878 10 3 6 4 7 5 9 2 8 1 
20180606879 8 4 2 6 10 5 7 3 1 9 
20180606880 9 5 2 3 7 10 8 6 1 4 
20180606881 3 2 8 7 6 10 1 5 4 9 
20180606882 9 3 4 10 2 6 8 7 1 5 
20180606883 5 1 8 4 7 2 9 6 10 3 
20180606884 2 5 10 6 9 1 4 8 7 3 
20180606885 2 5 9 8 6 3 10 1 4 7 
20180606886 10 8 1 2 3 5 4 7 9 6 
20180606887 3 9 6 7 2 1 4 10 5 8 
20180606888 2 5 10 8 9 1 4 6 7 3 
20180606889 6 7 9 8 3 5 1 10 4 2 
20180606890 5 1 8 7 9 3 6 2 10 4 
20180606891 6 2 3 1 8 4 7 10 9 5 
20180606892 1 2 6 3 4 5 8 9 10 7 
20180606893 8 1 5 6 3 9 7 4 10 2 
20180606894 6 7 3 2 5 1 9 8 10 4 
20180606895 5 3 7 1 2 10 6 4 8 9 
20180606896 1 5 6 4 2 8 3 10 9 7 
20180606897 6 2 4 7 5 10 8 1 3 9 
20180606898 10 4 1 9 7 8 2 6 3 5 
20180606899 1 5 10 7 4 3 9 6 2 8 
20180606900 3 10 4 7 1 9 8 2 5 6 
20180606901 10 9 3 2 7 4 6 1 5 8 
20180606902 9 8 10 7 1 5 6 3 2 4 
20180606903 2 9 10 7 1 4 8 6 3 5 
20180606904 1 9 10 5 2 8 3 6 7 4 
20180606905 3 9 7 10 5 4 8 1 2 6 
20180606906 3 8 10 2 4 6 9 5 7 1 
20180606907 2 4 8 3 9 6 5 7 1 10 
20180606908 5 7 6 1 10 3 4 8 9 2 
20180606909 5 1 4 9 2 8 7 10 6 3 
20180606910 5 8 2 9 1 3 4 10 7 6 
20180606911 2 3 4 1 10 5 7 9 6 8 
20180606912 9 6 4 7 10 1 3 8 5 2 
20180606913 4 5 9 7 3 8 6 1 10 2 
20180606914 2 5 1 9 8 6 3 4 7 10 
20180606915 10 6 7 9 8 2 1 3 4 5 
20180606916 3 10 5 7 9 1 4 2 6 8 
20180606917 1 7 10 5 9 4 6 8 2 3 
20180606918 2 6 5 10 4 9 3 8 7 1 
20180606919 5 9 2 6 8 4 3 1 7 10 
20180606920 2 6 7 10 8 9 4 1 3 5 
20180606921 10 2 1 5 7 3 4 8 6 9 
20180606922 3 10 5 2 9 6 8 1 7 4 
20180606923 1 9 8 10 3 7 2 5 4 6 
20180606924 1 6 10 9 5 3 2 8 7 4 
20180606925 6 3 10 9 2 4 7 1 8 5 
20180606926 1 4 3 10 5 2 6 7 8 9 
20180606927 8 3 4 2 5 7 1 9 6 10 
20180606928 2 7 8 4 5 6 10 3 9 1 
20180606929 7 10 6 2 4 1 5 9 8 3 
20180606930 7 4 2 10 3 8 5 1 6 9 
20180606931 5 4 2 9 6 8 7 3 1 10 
20180606932 2 1 3 8 5 9 6 4 7 10 
20180606933 4 8 3 2 7 5 6 9 10 1 
20180606934 1 2 9 8 5 3 6 10 4 7 
20180606935 7 2 3 10 6 8 1 5 4 9 
20180606936 1 4 9 5 10 6 7 2 8 3 
20180606937 7 4 6 1 8 9 2 3 5 10 
20180606938 8 9 5 7 10 6 2 4 1 3 
20180606939 1 6 4 2 3 10 8 5 9 7 
20180606940 2 9 5 7 1 8 10 3 6 4 
20180606941 1 3 2 8 10 5 9 7 4 6 
20180606942 2 5 8 4 6 7 1 9 10 3 
20180606943 2 1 7 5 3 6 10 9 4 8 
20180606944 7 6 3 9 4 2 1 10 8 5 
20180606945 3 6 7 8 1 2 10 4 9 5 
20180606946 1 3 9 8 4 6 5 2 7 10 
20180606947 1 4 6 8 3 7 9 5 2 10 
20180606948 6 1 7 8 10 9 5 2 4 3 
20180606949 5 9 3 7 2 4 6 8 1 10 
20180606950 5 9 6 10 4 1 3 2 8 7 
20180606951 7 9 6 1 10 2 5 4 3 8 
20180606952 9 6 2 4 10 7 3 8 5 1 
20180606953 1 10 9 7 5 6 2 4 3 8 
20180606954 5 6 2 7 3 4 10 8 9 1 
20180606955 5 9 1 2 3 8 4 10 7 6 
20180606956 6 10 8 3 7 4 1 2 5 9 
20180606957 3 6 5 7 8 4 10 9 1 2 
20180606958 10 8 5 4 6 1 7 9 3 2 
20180606959 6 10 1 9 2 5 4 8 3 7 
20180606960 3 4 9 10 6 8 1 7 2 5 
20180606961 5 1 8 4 3 2 9 7 10 6 
20180606962 4 2 6 8 1 3 9 10 7 5 
20180606963 5 6 7 10 9 3 8 4 1 2 
20180606964 8 4 6 5 2 3 7 10 1 9 
20180606965 3 7 6 1 5 2 8 10 9 4 
20180606966 3 4 10 5 9 2 7 6 8 1 
20180606967 4 8 7 10 3 6 2 1 5 9 
20180606968 2 7 6 8 1 10 5 4 9 3 
20180606969 9 1 2 8 4 10 7 6 3 5 
20180606970 2 5 1 3 9 7 6 10 4 8 
20180606971 9 1 3 8 6 10 5 7 2 4 
20180606972 2 10 7 3 1 8 4 9 6 5 
20180606973 1 8 5 7 4 10 3 6 2 9 
20180606974 2 10 8 1 9 4 7 5 6 3 
20180606975 7 9 2 1 8 6 3 4 5 10 
20180606976 2 10 4 8 5 6 7 1 9 3 
20180606977 7 5 8 3 9 4 6 2 10 1 
20180606978 2 8 10 5 9 7 6 4 3 1 
20180606979 4 7 1 2 5 6 10 8 3 9 
20180606980 1 4 10 9 3 5 2 8 6 7 
20180606981 10 5 6 1 2 3 8 4 7 9 
20180606982 4 6 9 7 8 3 10 2 5 1 
20180606983 9 2 7 4 3 5 6 10 8 1 
20180606984 7 10 8 6 5 9 1 2 4 3 
20180606985 4 2 6 3 7 5 1 9 10 8 
