20180611001 5 4 6 8 3 2 7 10 1 9 
20180611002 7 2 5 8 9 1 6 3 4 10 
20180611003 7 4 3 9 5 2 1 10 8 6 
20180611004 4 10 6 1 9 8 2 7 3 5 
20180611005 4 2 9 8 10 1 7 3 5 6 
20180611006 1 6 4 8 3 5 10 9 7 2 
20180611007 8 2 6 9 5 7 1 4 10 3 
20180611008 3 8 10 5 6 4 2 7 1 9 
20180611009 5 8 6 1 4 10 9 3 2 7 
20180611010 2 1 4 7 5 3 8 9 6 10 
20180611011 1 8 7 2 10 5 3 4 6 9 
20180611012 10 1 5 8 6 3 4 7 2 9 
20180611013 6 3 7 8 2 4 5 10 1 9 
20180611014 5 4 8 3 2 1 10 9 7 6 
20180611015 5 3 6 1 4 2 10 8 7 9 
20180611016 4 10 6 3 2 7 9 1 5 8 
20180611017 5 7 1 10 3 2 8 9 4 6 
20180611018 2 10 6 3 1 7 5 4 9 8 
20180611019 3 6 2 9 5 4 7 8 10 1 
20180611020 5 1 9 6 3 2 4 10 7 8 
20180611021 3 4 6 8 5 9 7 2 1 10 
20180611022 7 3 8 10 1 9 2 5 6 4 
20180611023 5 3 8 10 4 2 6 9 7 1 
20180611024 10 3 7 2 6 4 9 5 1 8 
20180611025 5 7 4 3 10 8 6 9 1 2 
20180611026 4 1 5 8 7 6 9 10 2 3 
20180611027 9 8 4 10 1 7 6 5 3 2 
20180611028 5 2 7 1 4 6 8 3 10 9 
20180611029 7 4 8 10 3 9 2 5 1 6 
20180611030 2 4 8 7 1 5 9 3 10 6 
20180611031 2 5 4 1 6 10 8 3 7 9 
20180611032 10 8 5 1 6 3 7 4 9 2 
20180611033 9 10 7 5 8 1 6 3 4 2 
20180611034 1 5 3 4 8 7 6 2 9 10 
20180611035 7 2 10 5 1 9 4 6 3 8 
20180611036 6 4 2 9 1 5 3 10 8 7 
20180611037 10 1 8 4 5 6 7 2 3 9 
20180611038 10 3 7 4 8 9 5 6 1 2 
20180611039 1 3 10 6 4 9 8 5 2 7 
20180611040 9 8 7 10 3 6 4 1 5 2 
20180611041 8 7 1 5 10 3 2 4 6 9 
20180611042 3 5 9 2 4 6 7 10 8 1 
20180611043 6 8 7 9 3 1 5 4 10 2 
20180611044 1 3 7 4 8 10 9 5 2 6 
20180611045 3 6 7 4 10 8 2 1 5 9 
20180611046 5 9 4 10 8 2 7 3 6 1 
20180611047 3 1 5 6 10 8 7 9 4 2 
20180611048 10 3 2 5 6 8 9 7 1 4 
20180611049 5 2 6 9 3 7 8 4 1 10 
20180611050 8 1 6 7 5 2 3 9 4 10 
20180611051 8 5 1 3 4 2 6 9 10 7 
20180611052 10 9 5 1 2 7 3 4 8 6 
20180611053 6 2 10 3 7 8 1 4 5 9 
20180611054 1 4 3 6 2 5 10 9 7 8 
20180611055 8 2 10 6 5 9 7 4 1 3 
20180611056 1 9 8 10 6 3 4 2 7 5 
20180611057 1 6 7 4 9 8 5 2 3 10 
20180611058 10 1 9 8 3 2 4 5 7 6 
20180611059 1 10 6 9 2 4 3 5 8 7 
20180611060 6 8 5 4 10 3 7 1 2 9 
20180611061 2 3 9 6 5 10 7 4 1 8 
20180611062 9 5 2 8 3 1 7 10 6 4 
20180611063 7 3 8 5 6 1 2 10 9 4 
20180611064 1 9 10 6 8 5 2 4 3 7 
20180611065 6 4 8 1 7 5 10 9 2 3 
20180611066 5 3 2 4 1 7 6 9 8 10 
20180611067 3 5 6 7 1 9 2 4 8 10 
20180611068 1 6 9 2 3 5 7 4 10 8 
20180611069 4 10 1 8 7 5 9 3 2 6 
20180611070 8 1 2 3 9 7 6 5 10 4 
20180611071 10 9 6 2 8 1 7 3 5 4 
20180611072 8 2 3 5 4 10 7 6 1 9 
20180611073 5 6 9 3 2 8 1 7 10 4 
20180611074 2 6 10 7 1 3 5 9 4 8 
20180611075 3 4 8 6 9 2 1 10 7 5 
20180611076 6 5 3 1 8 2 9 10 7 4 
20180611077 5 4 6 9 3 10 1 8 2 7 
20180611078 8 9 5 10 6 7 1 4 2 3 
20180611079 8 3 6 1 4 7 10 5 2 9 
20180611080 1 3 9 6 5 10 7 2 8 4 
20180611081 3 5 10 1 2 4 6 9 8 7 
20180611082 5 9 10 8 2 1 6 3 4 7 
20180611083 4 2 10 3 6 8 5 9 1 7 
20180611084 9 2 5 7 10 6 1 3 8 4 
20180611085 2 9 7 10 3 4 1 5 6 8 
20180611086 1 9 10 3 5 4 2 8 7 6 
20180611087 3 2 5 9 8 6 10 4 1 7 
20180611088 10 1 3 8 5 7 4 2 6 9 
20180611089 9 10 2 7 8 6 1 5 3 4 
20180611090 2 1 8 3 7 6 4 9 5 10 
20180611091 3 8 6 9 5 1 4 2 10 7 
20180611092 6 7 2 10 9 5 4 8 3 1 
20180611093 1 4 8 9 2 3 6 7 10 5 
20180611094 1 7 6 10 4 9 2 8 5 3 
20180611095 6 2 1 7 3 5 10 8 4 9 
20180611096 3 9 8 7 10 6 4 2 1 5 
20180611097 1 9 4 2 6 5 7 8 3 10 
20180611098 8 3 10 4 6 7 1 9 5 2 
20180611099 10 9 1 4 5 7 3 6 8 2 
20180611100 7 2 1 9 10 4 8 3 5 6 
20180611101 7 2 9 6 4 8 5 1 10 3 
20180611102 6 4 3 2 8 1 7 9 5 10 
20180611103 10 9 7 2 4 1 6 5 8 3 
20180611104 3 1 8 4 5 10 7 6 9 2 
20180611105 1 9 10 4 5 6 8 7 3 2 
20180611106 5 2 3 1 6 8 9 10 7 4 
20180611107 5 7 4 8 2 6 3 9 1 10 
20180611108 5 10 2 9 1 7 6 4 8 3 
20180611109 7 3 9 2 4 5 6 8 1 10 
20180611110 2 10 8 9 1 6 3 5 7 4 
20180611111 4 1 8 9 6 2 7 3 5 10 
20180611112 6 7 5 2 4 9 1 10 3 8 
20180611113 10 3 7 8 6 1 9 4 5 2 
20180611114 3 1 4 10 2 8 7 6 5 9 
20180611115 9 8 2 1 10 5 4 3 6 7 
20180611116 7 8 1 6 2 4 3 9 5 10 
20180611117 1 10 7 6 8 9 5 4 3 2 
20180611118 6 8 10 1 5 3 2 9 4 7 
20180611119 3 1 4 7 2 10 9 5 6 8 
20180611120 8 3 5 9 6 2 10 4 7 1 
20180611121 8 7 2 1 3 4 6 9 5 10 
20180611122 8 5 3 10 6 9 7 4 2 1 
20180611123 9 3 6 4 1 5 2 10 8 7 
20180611124 5 10 2 4 7 8 9 1 6 3 
20180611125 7 2 10 8 4 1 5 9 6 3 
20180611126 8 9 6 5 1 4 3 7 2 10 
20180611127 1 9 8 5 3 2 7 10 4 6 
20180611128 5 6 8 1 4 3 2 10 7 9 
20180611129 9 2 1 4 7 6 8 5 10 3 
20180611130 2 10 4 6 1 3 9 7 8 5 
20180611131 10 7 1 6 4 2 3 5 9 8 
20180611132 9 4 10 5 8 2 6 1 3 7 
20180611133 8 6 7 2 1 4 3 10 5 9 
20180611134 1 2 4 10 7 8 6 9 5 3 
20180611135 2 6 4 5 3 10 8 7 9 1 
20180611136 5 9 7 6 3 10 1 8 2 4 
20180611137 6 7 10 3 1 5 8 2 4 9 
20180611138 4 3 7 5 10 8 6 2 9 1 
20180611139 3 4 1 8 9 7 5 6 10 2 
20180611140 2 9 4 1 8 5 6 7 10 3 
20180611141 4 3 5 8 7 9 1 2 6 10 
20180611142 8 9 1 3 4 7 10 6 2 5 
20180611143 10 9 3 5 6 2 4 7 1 8 
20180611144 5 7 1 10 9 3 6 8 2 4 
20180611145 10 5 8 9 4 3 2 1 7 6 
20180611146 10 1 8 9 3 4 5 6 7 2 
20180611147 2 1 9 6 8 4 10 7 5 3 
20180611148 5 10 1 7 8 2 6 9 4 3 
20180611149 5 7 2 1 8 10 3 4 9 6 
20180611150 8 7 4 6 10 5 9 2 3 1 
20180611151 4 5 1 10 6 8 3 9 2 7 
20180611152 2 9 7 10 4 5 8 3 6 1 
20180611153 7 10 5 6 4 3 8 1 2 9 
20180611154 7 6 9 5 8 1 10 3 4 2 
20180611155 4 9 10 2 1 3 7 8 5 6 
20180611156 4 3 1 9 5 10 2 7 6 8 
20180611157 2 5 4 8 1 9 7 3 10 6 
20180611158 8 3 10 6 5 4 9 7 2 1 
20180611159 8 6 9 3 5 2 10 7 1 4 
20180611160 10 8 5 4 6 3 9 2 7 1 
20180611161 4 6 5 1 3 2 7 8 9 10 
20180611162 1 8 2 6 10 3 9 4 5 7 
20180611163 5 9 6 1 8 10 7 2 4 3 
20180611164 1 3 9 4 2 5 6 8 10 7 
20180611165 6 4 1 3 8 10 9 2 5 7 
20180611166 1 7 3 5 10 8 6 9 2 4 
20180611167 9 7 8 6 10 4 3 5 2 1 
20180611168 8 10 1 3 7 2 9 4 6 5 
20180611169 7 1 5 2 10 4 9 3 8 6 
20180611170 1 7 6 10 2 9 8 3 5 4 
20180611171 6 3 10 2 1 7 5 8 4 9 
20180611172 7 6 10 3 8 4 9 2 1 5 
20180611173 5 6 3 9 4 2 7 1 10 8 
20180611174 7 9 5 6 1 4 2 10 8 3 
20180611175 2 6 10 4 7 3 5 8 1 9 
20180611176 6 2 10 9 3 7 4 5 8 1 
20180611177 4 5 10 7 8 9 1 3 2 6 
20180611178 3 4 6 1 10 5 7 9 8 2 
20180611179 5 8 10 4 3 2 9 1 6 7 
20180611180 8 5 10 4 6 3 1 2 9 7 
20180611181 6 5 7 8 2 10 3 9 1 4 
20180611182 6 1 4 2 9 3 7 8 10 5 
20180611183 8 9 1 5 7 10 4 3 2 6 
20180611184 7 8 6 3 5 2 1 9 4 10 
20180611185 9 10 8 3 5 2 1 4 7 6 
20180611186 6 5 8 9 2 4 3 10 7 1 
20180611187 10 3 4 7 1 6 8 5 2 9 
20180611188 4 7 9 3 1 6 5 10 8 2 
20180611189 10 7 5 3 2 4 8 6 9 1 
20180611190 1 2 9 4 8 7 10 5 3 6 
20180611191 4 5 1 10 8 6 9 3 2 7 
20180611192 8 5 4 9 1 10 3 6 2 7 
20180611193 3 10 6 9 5 2 7 4 1 8 
20180611194 9 1 8 6 10 7 4 2 3 5 
20180611195 6 1 8 5 4 10 7 9 3 2 
20180611196 3 6 8 9 1 4 5 2 10 7 
20180611197 2 9 3 10 6 8 1 5 7 4 
20180611198 7 10 3 6 2 8 4 9 5 1 
20180611199 9 3 6 10 8 4 5 7 1 2 
20180611200 1 9 2 7 8 10 3 4 5 6 
20180611201 10 5 7 2 3 9 8 1 6 4 
20180611202 4 5 1 3 9 6 10 2 7 8 
20180611203 2 3 1 4 6 8 9 7 5 10 
20180611204 1 9 7 8 6 5 3 4 2 10 
20180611205 7 8 2 4 5 1 10 3 6 9 
20180611206 10 9 6 5 2 4 7 1 3 8 
20180611207 4 1 10 8 3 7 9 2 5 6 
20180611208 4 9 10 3 7 6 2 5 8 1 
20180611209 10 8 3 1 2 5 9 4 7 6 
20180611210 7 5 8 2 6 10 3 1 9 4 
20180611211 3 2 6 9 4 5 8 1 10 7 
20180611212 3 6 7 9 2 8 10 4 5 1 
20180611213 5 4 1 8 7 6 10 2 9 3 
20180611214 9 7 2 1 8 10 4 5 3 6 
20180611215 9 1 2 3 8 5 10 7 4 6 
20180611216 3 5 8 7 9 6 4 1 10 2 
20180611217 4 5 6 8 7 10 9 3 1 2 
20180611218 8 7 1 2 9 4 3 6 10 5 
20180611219 1 6 2 7 5 9 3 4 8 10 
20180611220 6 3 4 8 9 1 5 7 2 10 
20180611221 2 10 1 3 7 9 6 4 8 5 
20180611222 1 9 7 10 4 2 8 6 5 3 
20180611223 4 2 3 8 6 10 5 7 1 9 
20180611224 9 1 10 3 5 4 2 7 8 6 
20180611225 1 7 9 6 10 3 2 5 8 4 
20180611226 4 6 8 1 2 9 3 10 5 7 
20180611227 4 7 9 8 6 5 2 3 10 1 
20180611228 6 1 8 2 7 4 9 3 10 5 
20180611229 5 3 10 7 6 4 2 1 8 9 
20180611230 1 6 10 9 5 2 8 3 4 7 
20180611231 4 2 9 3 7 1 6 10 8 5 
20180611232 6 9 1 2 8 3 4 5 7 10 
20180611233 8 9 4 3 2 1 5 6 7 10 
20180611234 6 8 9 10 1 5 7 3 2 4 
20180611235 10 1 8 4 9 7 6 5 2 3 
20180611236 9 8 4 2 3 10 7 6 5 1 
20180611237 2 9 1 5 10 3 4 8 7 6 
20180611238 10 2 4 8 6 1 3 9 7 5 
20180611239 6 10 8 4 2 9 5 3 1 7 
20180611240 2 8 6 5 1 9 4 3 7 10 
20180611241 10 4 2 5 8 3 9 6 1 7 
20180611242 10 2 4 6 9 7 1 8 5 3 
20180611243 9 8 1 5 3 7 10 6 2 4 
20180611244 5 9 2 3 6 1 4 7 10 8 
20180611245 9 6 8 1 7 5 10 4 2 3 
20180611246 10 4 9 7 3 2 1 8 6 5 
20180611247 8 10 3 2 4 9 5 6 7 1 
20180611248 5 6 1 9 3 4 8 10 7 2 
20180611249 9 10 1 5 4 8 7 3 6 2 
20180611250 5 4 8 3 6 10 1 9 2 7 
20180611251 8 1 9 10 6 5 2 7 4 3 
20180611252 2 1 5 7 6 3 10 4 9 8 
20180611253 4 9 8 2 7 10 1 3 5 6 
20180611254 3 9 2 6 5 10 7 8 1 4 
20180611255 8 5 4 6 3 1 7 2 10 9 
20180611256 7 1 9 2 3 10 5 8 4 6 
20180611257 6 9 8 4 5 3 1 10 7 2 
20180611258 2 4 8 3 9 6 5 7 10 1 
20180611259 7 1 9 2 5 3 8 6 10 4 
20180611260 7 5 3 9 2 6 1 8 4 10 
20180611261 2 5 4 9 3 1 8 7 10 6 
20180611262 2 4 7 3 5 9 10 1 6 8 
20180611263 10 1 8 3 7 4 2 5 6 9 
20180611264 1 2 5 3 8 10 9 7 4 6 
20180611265 6 2 10 3 8 5 7 1 4 9 
20180611266 5 1 7 9 6 3 10 8 2 4 
20180611267 8 4 6 7 2 1 10 5 3 9 
20180611268 8 1 10 9 2 4 7 6 5 3 
20180611269 8 9 2 3 7 5 1 6 10 4 
20180611270 8 6 3 7 9 10 2 5 1 4 
20180611271 10 2 6 9 7 5 8 1 4 3 
20180611272 9 4 7 1 3 10 6 5 2 8 
20180611273 9 10 4 6 8 3 5 1 7 2 
20180611274 3 6 9 5 7 4 8 1 2 10 
20180611275 10 4 5 8 9 7 6 2 3 1 
20180611276 6 5 7 4 3 1 8 10 9 2 
20180611277 6 3 9 2 4 8 1 5 10 7 
20180611278 8 6 9 4 7 10 1 2 5 3 
20180611279 8 1 4 7 3 5 6 2 10 9 
20180611280 6 8 10 7 4 5 1 9 3 2 
20180611281 6 10 4 9 3 2 5 7 8 1 
20180611282 6 8 4 3 5 9 10 7 2 1 
20180611283 2 4 7 6 5 1 8 9 3 10 
20180611284 10 1 9 4 8 2 5 7 3 6 
20180611285 9 7 10 6 5 2 1 8 4 3 
20180611286 1 5 4 2 8 10 3 7 9 6 
20180611287 3 4 6 9 8 1 7 10 2 5 
20180611288 7 8 5 9 3 6 4 10 1 2 
20180611289 5 1 9 7 10 2 8 6 3 4 
20180611290 4 2 7 8 9 5 10 3 6 1 
20180611291 8 1 3 9 6 2 4 10 5 7 
20180611292 9 3 10 1 4 7 6 5 2 8 
20180611293 7 10 1 3 9 2 6 8 4 5 
20180611294 4 8 5 10 3 2 7 6 1 9 
20180611295 3 10 5 6 2 9 8 1 7 4 
20180611296 2 5 4 10 9 1 3 7 8 6 
20180611297 9 8 3 4 5 6 2 7 1 10 
20180611298 10 2 4 6 9 3 1 7 5 8 
20180611299 2 4 3 5 7 10 1 6 8 9 
20180611300 3 9 7 4 2 5 1 8 6 10 
20180611301 4 8 9 10 1 3 2 5 6 7 
20180611302 8 10 1 7 2 9 6 5 4 3 
20180611303 1 6 3 10 5 2 8 9 4 7 
20180611304 4 8 9 2 3 5 6 7 1 10 
20180611305 7 2 1 3 4 5 8 10 6 9 
20180611306 7 3 1 6 4 9 5 10 8 2 
20180611307 10 7 8 4 3 2 1 5 6 9 
20180611308 4 9 5 8 6 2 7 10 1 3 
20180611309 8 3 1 10 5 2 6 9 7 4 
20180611310 10 9 2 7 4 8 6 1 3 5 
20180611311 1 10 2 7 6 5 8 4 9 3 
20180611312 6 8 7 4 9 3 5 1 10 2 
20180611313 4 3 6 2 8 7 5 1 10 9 
20180611314 6 4 1 8 10 7 3 5 9 2 
20180611315 3 9 4 5 7 6 2 1 10 8 
20180611316 2 1 7 6 9 5 4 3 10 8 
20180611317 3 6 8 2 7 10 1 4 9 5 
20180611318 10 3 6 4 8 5 1 7 2 9 
20180611319 1 9 2 3 8 5 6 4 7 10 
20180611320 8 6 7 10 4 2 3 5 9 1 
20180611321 3 7 8 9 5 10 6 4 2 1 
20180611322 2 6 8 10 9 1 5 3 7 4 
20180611323 3 8 7 6 4 9 10 2 5 1 
20180611324 10 2 4 3 7 5 9 1 6 8 
20180611325 7 3 2 8 4 6 9 10 5 1 
20180611326 5 3 4 2 1 9 6 10 7 8 
20180611327 3 4 2 9 10 7 1 6 5 8 
20180611328 9 1 10 6 2 7 5 4 3 8 
20180611329 3 2 9 4 8 7 5 6 10 1 
20180611330 6 4 10 7 2 8 5 3 1 9 
20180611331 3 10 9 8 6 2 5 4 7 1 
20180611332 8 3 4 1 6 9 2 10 7 5 
20180611333 10 4 7 9 1 5 8 3 2 6 
20180611334 5 2 6 10 8 9 3 7 4 1 
20180611335 2 1 8 7 5 3 10 4 6 9 
20180611336 3 8 9 4 10 5 7 2 6 1 
20180611337 6 2 7 8 1 3 4 9 5 10 
20180611338 9 8 4 5 3 6 1 10 2 7 
20180611339 10 9 3 8 5 2 1 7 4 6 
20180611340 4 5 2 8 10 6 3 7 1 9 
20180611341 6 3 4 2 1 5 10 8 9 7 
20180611342 5 6 7 3 8 2 10 1 9 4 
20180611343 7 3 2 6 8 10 1 9 4 5 
20180611344 4 9 3 8 6 1 10 5 7 2 
20180611345 2 7 8 6 9 4 3 5 10 1 
20180611346 8 1 7 6 4 5 3 2 10 9 
20180611347 5 6 8 2 7 3 10 4 1 9 
20180611348 2 10 3 7 9 4 1 6 8 5 
20180611349 1 8 10 7 4 5 9 6 2 3 
20180611350 5 10 7 8 2 6 1 4 9 3 
20180611351 2 7 4 5 9 10 8 1 6 3 
20180611352 4 6 3 1 2 7 8 5 9 10 
20180611353 7 10 6 1 8 9 2 5 4 3 
20180611354 4 3 10 9 5 7 8 1 2 6 
20180611355 10 1 4 5 6 2 7 8 9 3 
20180611356 8 4 5 7 6 9 10 2 1 3 
20180611357 2 6 3 4 9 1 5 7 10 8 
20180611358 9 1 3 10 6 4 7 2 8 5 
20180611359 3 1 2 10 9 4 6 5 8 7 
20180611360 1 10 3 8 2 4 5 6 9 7 
20180611361 5 6 7 8 4 9 1 2 10 3 
20180611362 7 2 9 1 3 6 4 5 8 10 
20180611363 4 1 5 3 10 9 8 2 7 6 
20180611364 1 5 8 10 4 9 3 7 6 2 
20180611365 8 3 6 9 2 1 4 7 10 5 
20180611366 1 3 4 6 5 7 9 8 10 2 
20180611367 9 7 4 8 3 6 1 10 5 2 
20180611368 3 8 5 4 10 1 7 2 9 6 
20180611369 2 8 5 7 3 6 4 10 9 1 
20180611370 7 10 8 9 1 3 4 6 5 2 
20180611371 2 8 6 10 7 1 3 4 5 9 
20180611372 7 4 1 8 3 2 9 6 5 10 
20180611373 2 5 10 3 4 6 8 1 7 9 
20180611374 6 5 2 8 3 9 10 7 1 4 
20180611375 2 9 6 4 5 10 7 3 8 1 
20180611376 10 4 9 2 1 6 7 5 8 3 
20180611377 2 10 3 1 8 7 9 4 5 6 
20180611378 1 3 7 6 10 8 4 9 2 5 
20180611379 7 4 1 2 5 3 9 6 10 8 
20180611380 7 3 4 10 9 5 2 6 1 8 
20180611381 2 10 8 7 6 9 1 3 4 5 
20180611382 2 9 5 3 1 10 8 7 6 4 
20180611383 1 4 2 9 3 10 6 8 5 7 
20180611384 10 5 4 6 2 7 3 9 1 8 
20180611385 1 2 6 7 5 10 3 8 4 9 
20180611386 3 9 5 10 2 6 8 1 7 4 
20180611387 10 7 5 2 1 3 9 8 4 6 
20180611388 4 8 1 10 6 7 2 3 9 5 
20180611389 7 8 3 6 10 2 1 5 4 9 
20180611390 3 9 6 2 8 4 5 1 7 10 
20180611391 9 4 3 1 2 6 5 8 7 10 
20180611392 2 8 9 10 7 1 3 5 4 6 
20180611393 4 1 9 6 5 7 2 3 10 8 
20180611394 3 7 2 9 10 8 5 4 1 6 
20180611395 7 9 3 1 4 5 8 2 6 10 
20180611396 2 10 3 8 6 9 7 4 1 5 
20180611397 2 3 10 1 9 4 8 7 5 6 
20180611398 5 3 9 4 1 2 10 6 7 8 
20180611399 1 8 5 3 6 9 2 4 7 10 
20180611400 4 10 5 6 3 8 9 2 7 1 
20180611401 2 9 4 1 3 5 7 8 6 10 
20180611402 2 4 5 1 9 7 3 10 6 8 
20180611403 1 5 10 7 3 9 6 8 4 2 
20180611404 9 2 10 6 1 5 7 8 3 4 
20180611405 3 1 8 9 7 2 6 5 10 4 
20180611406 9 1 10 4 3 8 5 6 7 2 
20180611407 5 1 4 9 6 10 8 2 3 7 
20180611408 9 7 10 1 3 6 4 8 5 2 
20180611409 6 4 10 5 8 2 7 1 3 9 
20180611410 10 8 3 6 5 1 4 7 9 2 
20180611411 4 3 1 2 5 9 10 6 8 7 
20180611412 8 3 7 4 1 6 10 2 5 9 
20180611413 8 5 10 6 9 4 7 1 2 3 
20180611414 10 5 2 8 1 7 4 3 9 6 
20180611415 2 1 3 7 9 5 10 8 6 4 
20180611416 7 4 1 9 3 8 5 2 6 10 
20180611417 5 4 8 1 10 7 3 9 2 6 
20180611418 1 5 10 7 4 6 3 2 8 9 
20180611419 6 3 4 9 8 10 2 1 5 7 
20180611420 1 3 2 6 8 10 4 7 5 9 
20180611421 9 8 4 5 7 10 2 6 1 3 
20180611422 7 6 2 9 3 4 5 1 8 10 
20180611423 4 8 2 1 9 5 10 6 7 3 
20180611424 1 9 7 5 6 10 3 8 2 4 
20180611425 10 2 8 9 1 5 4 6 3 7 
20180611426 2 8 7 5 9 10 3 6 4 1 
20180611427 1 8 9 5 4 10 2 3 6 7 
20180611428 3 1 8 9 2 4 7 5 10 6 
20180611429 7 10 9 4 3 2 5 1 8 6 
20180611430 6 10 1 9 8 5 4 2 3 7 
20180611431 7 4 6 8 10 5 9 1 3 2 
20180611432 6 8 1 9 4 3 7 2 10 5 
20180611433 4 8 7 3 9 2 5 1 10 6 
20180611434 10 6 4 3 1 7 5 2 8 9 
20180611435 2 9 4 1 7 8 3 6 10 5 
20180611436 10 5 2 3 7 4 9 6 8 1 
20180611437 7 10 8 4 3 5 2 1 9 6 
20180611438 2 6 10 9 3 4 5 1 8 7 
20180611439 7 5 9 8 2 4 3 1 6 10 
20180611440 4 2 3 1 10 5 8 7 6 9 
20180611441 4 5 2 7 8 1 3 10 6 9 
20180611442 4 9 3 2 7 1 10 5 6 8 
20180611443 6 2 5 8 1 4 10 3 9 7 
20180611444 7 2 9 1 4 6 8 3 10 5 
20180611445 4 9 7 6 10 8 5 2 1 3 
20180611446 1 6 2 3 5 8 7 10 4 9 
20180611447 4 8 3 9 7 10 2 6 1 5 
20180611448 3 5 2 1 8 6 9 10 4 7 
20180611449 3 2 6 7 9 4 1 10 8 5 
20180611450 1 7 4 5 6 10 9 8 3 2 
20180611451 7 10 2 9 4 6 1 8 3 5 
20180611452 7 1 6 9 3 5 8 4 2 10 
20180611453 10 1 6 2 3 9 7 4 8 5 
20180611454 6 4 5 7 1 8 9 10 3 2 
20180611455 6 4 2 1 9 3 8 5 7 10 
20180611456 9 4 3 8 10 7 5 1 2 6 
20180611457 5 7 9 1 4 6 10 8 3 2 
20180611458 10 8 1 7 6 2 3 5 4 9 
20180611459 8 6 10 7 1 3 2 5 9 4 
20180611460 10 1 4 2 5 3 6 9 8 7 
20180611461 2 8 1 4 9 6 3 10 5 7 
20180611462 5 4 6 7 10 8 1 2 3 9 
20180611463 2 3 9 6 7 8 10 4 1 5 
20180611464 2 6 5 10 9 1 8 4 7 3 
20180611465 6 2 10 9 1 5 7 8 3 4 
20180611466 8 7 4 10 5 9 1 6 2 3 
20180611467 4 6 5 10 1 2 8 3 9 7 
20180611468 9 3 6 7 10 2 5 1 8 4 
20180611469 1 5 2 3 8 10 7 9 4 6 
20180611470 2 8 10 9 5 4 7 6 1 3 
20180611471 5 6 7 8 10 2 3 1 9 4 
20180611472 6 7 3 5 10 1 8 4 9 2 
20180611473 5 9 3 10 8 1 7 2 6 4 
20180611474 3 8 1 9 7 10 6 2 4 5 
20180611475 10 3 4 2 6 7 8 9 1 5 
20180611476 6 9 2 7 3 8 10 1 4 5 
20180611477 1 8 4 6 2 3 5 9 7 10 
20180611478 7 1 3 5 10 9 4 2 8 6 
20180611479 7 1 9 10 8 2 6 4 3 5 
20180611480 9 4 8 1 2 3 5 10 7 6 
20180611481 2 9 7 3 5 10 1 4 6 8 
20180611482 2 3 6 4 9 7 10 8 5 1 
20180611483 8 3 2 9 5 4 1 7 6 10 
20180611484 4 9 10 7 3 1 2 6 8 5 
20180611485 2 7 3 5 8 6 1 4 10 9 
20180611486 10 9 8 4 5 7 6 3 2 1 
20180611487 7 3 4 5 10 9 8 6 2 1 
20180611488 9 1 10 3 4 5 7 2 6 8 
20180611489 1 5 8 6 4 10 3 9 2 7 
20180611490 9 1 7 5 2 4 10 3 8 6 
20180611491 8 5 3 6 2 9 4 7 1 10 
20180611492 10 4 9 7 1 8 2 6 5 3 
20180611493 4 10 9 7 8 3 5 6 2 1 
20180611494 10 4 2 7 6 9 3 5 8 1 
20180611495 9 1 5 2 10 7 3 8 6 4 
20180611496 9 5 1 7 10 8 4 3 6 2 
20180611497 8 9 10 1 5 3 2 4 7 6 
20180611498 4 2 6 1 3 8 7 9 10 5 
20180611499 3 8 9 2 7 4 5 10 1 6 
20180611500 5 2 10 3 9 8 4 7 1 6 
20180611501 7 6 8 4 2 5 10 1 3 9 
20180611502 4 6 7 10 2 3 1 8 9 5 
20180611503 10 2 7 3 1 6 8 9 4 5 
20180611504 7 8 2 10 6 5 3 1 4 9 
20180611505 10 8 1 5 3 6 2 4 7 9 
20180611506 4 8 5 3 6 1 2 9 10 7 
20180611507 3 6 8 2 1 5 10 7 4 9 
20180611508 2 10 7 5 4 1 6 3 8 9 
20180611509 9 8 6 3 5 10 1 2 7 4 
20180611510 10 2 6 4 8 3 5 9 7 1 
20180611511 7 4 9 6 5 10 3 8 2 1 
20180611512 1 8 7 10 4 5 9 2 6 3 
20180611513 3 6 2 1 9 10 8 4 5 7 
20180611514 3 4 9 1 2 6 10 5 7 8 
20180611515 10 3 5 1 7 2 8 9 4 6 
20180611516 7 2 5 3 10 9 6 1 4 8 
20180611517 5 4 7 3 8 9 6 2 1 10 
20180611518 4 1 9 7 5 3 6 10 8 2 
20180611519 2 4 10 3 1 8 9 6 7 5 
20180611520 2 3 10 5 6 7 9 8 4 1 
20180611521 8 1 6 7 3 10 5 4 2 9 
20180611522 9 1 10 4 2 3 6 7 8 5 
20180611523 6 4 8 5 9 7 3 1 10 2 
20180611524 1 3 6 4 8 7 5 9 10 2 
20180611525 3 10 9 7 1 8 4 2 5 6 
20180611526 3 6 7 8 5 9 1 2 10 4 
20180611527 6 5 2 3 4 1 10 9 8 7 
20180611528 6 10 9 7 2 3 4 1 5 8 
20180611529 5 7 3 10 6 9 1 8 4 2 
20180611530 9 4 3 8 1 6 10 7 2 5 
20180611531 3 2 7 6 5 1 4 9 10 8 
20180611532 6 1 9 3 8 7 5 4 10 2 
20180611533 7 2 10 3 5 9 8 1 4 6 
20180611534 9 2 6 4 7 8 5 1 3 10 
20180611535 5 4 10 1 9 6 7 8 3 2 
20180611536 9 7 1 6 4 8 10 3 2 5 
20180611537 9 10 6 5 7 8 3 1 2 4 
20180611538 9 4 6 5 1 8 2 10 3 7 
20180611539 3 8 9 5 6 1 2 4 10 7 
20180611540 6 7 2 9 1 3 4 8 5 10 
20180611541 2 3 6 7 8 9 10 5 4 1 
20180611542 1 9 7 8 3 4 5 10 6 2 
20180611543 8 2 4 7 9 5 10 3 1 6 
20180611544 9 2 6 3 10 7 8 5 1 4 
20180611545 4 6 2 3 8 9 7 10 5 1 
20180611546 6 5 3 8 4 9 7 2 1 10 
20180611547 7 1 3 8 2 4 9 10 6 5 
20180611548 4 1 10 8 7 5 2 9 3 6 
20180611549 6 7 1 3 5 2 9 10 8 4 
20180611550 5 3 1 4 10 8 2 6 9 7 
20180611551 6 7 3 5 2 1 4 10 8 9 
20180611552 4 10 3 9 7 8 2 5 6 1 
20180611553 7 10 9 4 3 2 8 6 5 1 
20180611554 9 4 6 2 5 8 7 10 1 3 
20180611555 1 8 4 5 3 10 6 7 2 9 
20180611556 10 5 1 3 8 4 6 2 9 7 
20180611557 7 2 5 8 4 3 9 1 6 10 
20180611558 4 3 9 8 10 1 5 7 6 2 
20180611559 4 5 6 3 10 2 1 7 9 8 
20180611560 4 6 8 7 2 9 10 1 3 5 
20180611561 10 3 9 4 6 1 5 8 2 7 
20180611562 8 9 7 6 10 3 5 2 1 4 
20180611563 1 4 8 3 5 6 2 7 10 9 
20180611564 7 5 6 9 4 3 1 10 8 2 
20180611565 10 2 8 3 1 4 7 9 5 6 
20180611566 5 4 7 10 6 2 1 3 8 9 
20180611567 1 6 5 7 3 8 2 9 4 10 
20180611568 2 9 7 3 1 5 6 10 8 4 
20180611569 6 5 9 2 3 10 8 4 7 1 
20180611570 6 5 2 3 10 7 4 9 8 1 
20180611571 9 7 1 8 5 4 2 6 10 3 
20180611572 10 2 5 8 7 3 6 1 4 9 
20180611573 1 5 4 6 3 9 10 8 2 7 
20180611574 4 1 10 3 7 5 8 2 9 6 
20180611575 5 7 4 1 2 8 6 3 9 10 
20180611576 10 9 2 3 8 1 5 7 6 4 
20180611577 7 8 4 6 1 3 5 2 9 10 
20180611578 2 9 3 8 6 1 7 5 4 10 
20180611579 7 10 8 3 6 4 1 9 5 2 
20180611580 4 1 8 6 10 2 5 9 3 7 
20180611581 2 7 4 3 8 9 10 5 1 6 
20180611582 6 2 4 3 9 10 5 8 7 1 
20180611583 1 3 9 8 6 10 4 2 5 7 
20180611584 9 4 1 8 2 3 6 7 10 5 
20180611585 6 3 7 5 2 9 8 1 10 4 
20180611586 3 8 9 4 6 10 1 2 7 5 
20180611587 5 7 6 4 10 2 1 3 8 9 
20180611588 9 8 3 2 6 7 5 1 10 4 
20180611589 6 8 5 10 7 3 9 2 1 4 
20180611590 7 5 3 1 4 2 9 10 8 6 
20180611591 7 5 4 2 3 6 9 8 10 1 
20180611592 1 7 8 2 3 6 5 4 9 10 
20180611593 10 3 8 1 6 5 7 4 9 2 
20180611594 8 7 1 4 3 6 9 10 2 5 
20180611595 10 4 5 9 6 2 7 8 3 1 
20180611596 3 5 10 2 1 6 8 7 9 4 
20180611597 5 9 7 6 1 8 2 4 3 10 
20180611598 1 6 2 3 7 8 5 10 9 4 
20180611599 7 10 4 9 8 6 1 2 3 5 
20180611600 10 1 5 9 4 8 7 2 6 3 
20180611601 10 8 9 5 1 4 6 2 3 7 
20180611602 6 2 8 1 5 4 3 9 10 7 
20180611603 6 1 7 3 5 2 10 8 9 4 
20180611604 2 6 3 8 9 5 1 10 7 4 
20180611605 8 9 4 6 1 5 2 3 7 10 
20180611606 2 10 9 4 6 5 1 8 7 3 
20180611607 6 8 5 7 3 2 4 10 9 1 
20180611608 6 4 10 9 1 5 3 8 2 7 
20180611609 10 2 6 7 8 5 1 4 3 9 
20180611610 4 6 5 1 9 3 2 10 8 7 
20180611611 10 7 9 6 8 5 4 2 1 3 
20180611612 4 5 3 7 9 10 8 2 6 1 
20180611613 6 1 5 7 9 10 2 8 4 3 
20180611614 3 4 6 5 7 9 1 10 2 8 
20180611615 3 5 7 10 2 8 4 9 6 1 
20180611616 1 9 4 6 3 2 10 7 5 8 
20180611617 7 10 2 8 6 1 5 3 4 9 
20180611618 5 8 2 9 7 10 4 3 6 1 
20180611619 6 5 3 9 8 2 1 7 10 4 
20180611620 3 6 4 7 1 5 10 2 8 9 
20180611621 4 5 10 3 2 8 7 9 1 6 
20180611622 1 3 7 8 10 2 6 9 5 4 
20180611623 10 6 4 1 9 5 8 2 7 3 
20180611624 6 4 9 2 1 7 10 5 3 8 
20180611625 5 8 3 7 6 2 9 4 1 10 
20180611626 4 10 7 3 2 1 8 9 5 6 
20180611627 4 6 8 1 9 10 7 3 2 5 
20180611628 5 9 2 4 1 3 10 8 7 6 
20180611629 10 2 3 4 5 7 1 9 6 8 
20180611630 10 4 5 3 1 6 7 8 2 9 
20180611631 8 1 2 4 6 7 5 3 10 9 
20180611632 9 4 2 8 1 7 10 5 3 6 
20180611633 9 8 3 10 5 4 6 1 7 2 
20180611634 10 3 2 9 5 7 4 8 1 6 
20180611635 3 9 10 6 1 2 8 7 4 5 
20180611636 7 4 5 10 1 3 2 6 8 9 
20180611637 10 2 8 9 6 3 4 7 5 1 
20180611638 6 10 5 2 7 8 1 4 9 3 
20180611639 6 5 2 7 8 9 10 3 4 1 
20180611640 7 6 8 3 4 1 10 2 5 9 
20180611641 2 5 8 7 4 1 10 9 3 6 
20180611642 1 4 6 2 9 8 7 5 3 10 
20180611643 7 6 9 4 1 10 2 8 3 5 
20180611644 5 1 10 8 6 9 2 4 7 3 
20180611645 1 2 8 6 9 5 3 7 4 10 
20180611646 8 9 1 3 2 6 5 4 7 10 
20180611647 10 3 1 5 6 4 7 2 8 9 
20180611648 5 1 8 6 3 4 7 10 9 2 
20180611649 3 8 2 5 9 10 4 7 1 6 
20180611650 8 4 10 1 5 3 9 6 2 7 
20180611651 4 1 2 10 8 3 5 9 7 6 
20180611652 9 8 4 1 10 5 6 3 2 7 
20180611653 8 9 10 2 3 7 6 5 1 4 
20180611654 5 2 7 1 6 8 4 10 3 9 
20180611655 1 9 10 5 8 6 4 7 3 2 
20180611656 8 3 10 6 9 4 1 2 7 5 
20180611657 2 3 8 10 6 9 4 5 7 1 
20180611658 2 4 1 5 6 7 10 8 9 3 
20180611659 5 4 8 10 3 2 9 7 1 6 
20180611660 6 9 1 4 8 2 7 3 5 10 
20180611661 3 5 4 1 8 2 6 7 9 10 
20180611662 4 5 7 6 10 2 9 3 1 8 
20180611663 9 1 3 4 8 2 7 10 6 5 
20180611664 5 1 6 10 9 7 8 4 2 3 
20180611665 3 9 2 6 1 7 8 4 5 10 
20180611666 2 10 5 6 1 3 8 4 7 9 
20180611667 4 8 3 10 9 7 5 2 1 6 
20180611668 8 7 3 2 9 4 1 5 6 10 
20180611669 10 8 4 6 3 7 2 5 9 1 
20180611670 5 10 1 4 7 9 3 8 2 6 
20180611671 7 3 10 1 9 6 4 5 2 8 
20180611672 7 3 6 9 2 10 4 1 8 5 
20180611673 3 6 8 9 10 2 1 4 7 5 
20180611674 3 10 4 2 1 6 9 7 8 5 
20180611675 4 8 6 10 3 2 9 7 1 5 
20180611676 7 4 6 9 5 1 10 3 8 2 
20180611677 2 10 1 6 3 4 8 9 7 5 
20180611678 2 8 10 9 6 1 5 7 3 4 
20180611679 6 9 7 4 10 1 3 8 2 5 
20180611680 6 4 8 5 10 1 9 2 3 7 
20180611681 10 6 8 3 1 2 9 4 7 5 
20180611682 2 9 3 7 6 8 4 1 5 10 
20180611683 1 2 3 8 5 4 9 6 10 7 
20180611684 8 5 10 2 4 3 1 9 6 7 
20180611685 8 2 7 9 4 3 10 6 5 1 
20180611686 5 9 3 1 4 2 10 8 6 7 
20180611687 3 1 7 5 6 2 8 4 9 10 
20180611688 7 6 9 10 2 3 8 5 1 4 
20180611689 1 4 2 7 8 10 9 3 6 5 
20180611690 1 10 9 2 6 4 7 8 5 3 
20180611691 2 3 7 4 9 1 10 5 8 6 
20180611692 2 1 5 3 7 9 4 6 8 10 
20180611693 9 1 3 8 4 2 10 6 7 5 
20180611694 8 10 1 5 3 7 4 2 9 6 
20180611695 9 1 6 4 7 2 5 10 8 3 
20180611696 9 10 2 7 5 6 8 3 1 4 
20180611697 5 2 9 8 7 4 6 3 10 1 
20180611698 8 4 6 9 3 1 2 10 7 5 
20180611699 4 6 5 3 8 7 10 2 1 9 
20180611700 1 7 5 2 6 9 8 10 4 3 
20180611701 1 10 5 7 6 3 9 8 4 2 
20180611702 1 6 7 2 8 10 5 3 9 4 
20180611703 10 2 3 5 1 9 4 8 7 6 
20180611704 9 1 6 7 10 2 8 5 3 4 
20180611705 8 3 1 9 5 10 4 2 7 6 
20180611706 5 2 6 9 7 3 1 10 4 8 
20180611707 9 8 4 5 1 10 3 2 6 7 
20180611708 5 7 4 1 9 6 10 8 2 3 
20180611709 2 8 5 1 10 9 3 4 7 6 
20180611710 2 6 10 3 7 8 5 4 1 9 
20180611711 5 6 7 8 3 4 1 9 10 2 
20180611712 3 5 10 7 4 8 2 9 6 1 
20180611713 4 10 2 7 5 1 9 6 3 8 
20180611714 9 5 2 6 3 4 8 7 1 10 
20180611715 4 3 6 8 10 1 2 7 9 5 
20180611716 2 3 7 9 1 8 6 5 4 10 
20180611717 8 5 1 2 9 6 4 3 10 7 
20180611718 9 8 6 5 3 4 10 1 7 2 
20180611719 6 2 9 7 4 5 10 1 8 3 
20180611720 3 7 4 2 5 1 6 10 8 9 
20180611721 6 1 3 5 4 9 10 2 7 8 
20180611722 2 1 10 6 3 5 7 9 8 4 
20180611723 4 5 2 3 1 8 6 9 7 10 
20180611724 5 10 1 3 6 4 2 9 8 7 
20180611725 2 9 6 3 7 10 4 1 8 5 
20180611726 8 9 4 10 6 3 1 5 2 7 
20180611727 8 7 4 2 10 9 6 5 1 3 
20180611728 1 4 5 3 9 6 7 8 10 2 
20180611729 8 9 5 6 3 1 2 10 4 7 
20180611730 4 2 5 6 10 8 1 3 9 7 
20180611731 7 5 2 6 10 9 1 3 8 4 
20180611732 9 10 6 3 5 7 2 4 8 1 
20180611733 10 4 3 2 9 1 6 8 5 7 
20180611734 1 9 6 7 3 2 8 4 10 5 
20180611735 1 4 7 9 3 6 2 5 8 10 
20180611736 7 10 2 9 1 3 8 4 6 5 
20180611737 8 5 2 1 6 3 4 7 10 9 
20180611738 3 1 7 6 9 2 10 4 8 5 
20180611739 3 2 4 6 8 10 1 9 5 7 
20180611740 8 9 7 2 6 10 5 4 1 3 
20180611741 3 4 5 1 10 2 8 6 7 9 
20180611742 5 7 2 10 9 1 8 6 3 4 
20180611743 1 5 9 2 10 7 8 6 4 3 
20180611744 8 4 7 6 1 2 5 3 10 9 
20180611745 7 5 10 3 2 8 9 1 4 6 
20180611746 5 10 8 1 9 7 2 3 6 4 
20180611747 5 6 2 8 3 10 1 4 9 7 
20180611748 10 8 7 5 2 4 9 1 6 3 
20180611749 6 8 1 9 3 5 10 2 7 4 
20180611750 2 4 6 8 10 1 5 9 3 7 
20180611751 2 4 3 7 5 9 6 1 10 8 
20180611752 9 1 5 10 6 7 8 3 2 4 
20180611753 1 4 6 10 3 9 5 2 7 8 
20180611754 1 10 5 2 9 7 4 6 8 3 
20180611755 1 3 7 6 4 5 10 2 8 9 
20180611756 10 6 4 5 2 9 1 3 7 8 
20180611757 9 8 4 5 1 10 6 7 2 3 
20180611758 2 4 5 3 8 10 1 9 6 7 
20180611759 6 3 1 5 7 9 10 2 4 8 
20180611760 1 7 6 4 8 10 9 5 2 3 
20180611761 7 9 10 4 2 8 6 3 1 5 
20180611762 1 4 8 9 7 3 6 5 2 10 
20180611763 1 6 7 8 9 5 4 10 2 3 
20180611764 8 3 5 9 10 2 7 4 6 1 
20180611765 8 5 1 6 2 7 9 3 4 10 
20180611766 2 10 7 1 4 5 9 3 8 6 
20180611767 10 7 2 5 6 9 1 8 4 3 
20180611768 3 5 10 2 6 7 8 9 1 4 
20180611769 6 2 5 4 9 10 1 3 7 8 
20180611770 7 9 8 6 1 4 3 10 2 5 
20180611771 8 2 9 3 10 1 5 6 7 4 
20180611772 10 3 4 6 7 1 2 8 9 5 
20180611773 4 9 1 6 8 10 3 7 2 5 
20180611774 8 9 2 7 5 4 3 1 6 10 
20180611775 1 2 5 3 10 4 8 7 9 6 
20180611776 3 9 4 5 7 10 2 1 8 6 
20180611777 9 2 10 1 5 3 8 7 6 4 
20180611778 6 5 2 4 9 3 10 1 7 8 
20180611779 7 4 6 2 1 5 8 3 9 10 
20180611780 6 1 7 3 4 8 2 9 10 5 
20180611781 6 10 1 8 7 2 3 5 9 4 
20180611782 6 9 8 1 3 2 10 5 7 4 
20180611783 10 3 7 6 5 4 1 8 9 2 
20180611784 2 7 1 8 9 10 5 3 4 6 
20180611785 6 1 7 9 3 8 2 4 5 10 
20180611786 2 4 7 9 6 1 3 8 10 5 
20180611787 7 6 2 3 1 9 5 4 8 10 
20180611788 4 5 2 1 10 6 9 3 8 7 
20180611789 10 3 6 9 7 5 2 1 8 4 
20180611790 6 1 10 3 4 2 8 5 9 7 
20180611791 6 7 8 1 5 2 4 3 9 10 
20180611792 6 2 10 8 1 4 3 9 7 5 
20180611793 9 4 2 8 6 7 10 1 3 5 
20180611794 10 6 2 4 1 7 5 9 3 8 
20180611795 2 8 9 5 3 7 4 1 10 6 
20180611796 2 1 4 10 6 9 8 7 3 5 
20180611797 5 8 7 6 4 1 9 3 10 2 
20180611798 7 5 3 4 8 10 2 9 6 1 
20180611799 6 3 5 1 9 2 4 10 8 7 
20180611800 4 6 10 7 2 5 3 9 8 1 
20180611801 2 8 1 5 7 9 10 3 4 6 
20180611802 7 10 2 9 3 4 1 5 8 6 
20180611803 5 2 4 6 8 10 3 7 9 1 
20180611804 5 1 9 3 7 6 2 4 8 10 
20180611805 4 5 7 8 9 10 2 1 6 3 
20180611806 1 7 2 3 9 5 4 6 8 10 
20180611807 1 8 10 7 5 6 4 9 3 2 
20180611808 1 8 6 10 7 3 2 5 4 9 
20180611809 6 5 1 10 4 8 3 2 9 7 
20180611810 3 4 7 5 9 2 1 8 6 10 
20180611811 5 8 7 3 4 1 10 6 9 2 
20180611812 6 1 4 7 8 9 10 3 5 2 
20180611813 3 9 10 2 1 5 6 4 7 8 
20180611814 7 3 2 6 9 4 5 1 8 10 
20180611815 4 7 9 3 8 10 6 2 5 1 
20180611816 5 3 6 1 10 9 8 2 7 4 
20180611817 6 7 10 1 2 9 3 4 5 8 
20180611818 4 10 2 5 9 1 3 6 8 7 
20180611819 4 2 7 10 9 5 8 6 1 3 
20180611820 8 3 2 5 4 7 6 1 10 9 
20180611821 1 10 3 5 8 2 4 9 6 7 
20180611822 2 3 5 9 10 4 8 7 6 1 
20180611823 8 6 2 1 7 10 5 9 4 3 
20180611824 8 3 10 2 1 9 5 7 6 4 
20180611825 5 7 3 10 9 6 2 8 4 1 
20180611826 1 8 10 4 3 5 9 6 7 2 
20180611827 9 7 10 2 6 5 8 1 3 4 
20180611828 8 5 9 1 6 2 10 3 4 7 
20180611829 8 2 10 1 5 4 6 9 7 3 
20180611830 4 2 3 6 1 10 7 5 8 9 
20180611831 4 1 6 5 7 3 9 10 2 8 
20180611832 10 9 3 5 4 1 7 2 8 6 
20180611833 5 1 4 2 7 8 3 9 10 6 
20180611834 8 2 9 5 3 4 1 6 7 10 
20180611835 6 8 7 4 2 5 10 1 9 3 
20180611836 8 4 3 5 2 7 6 10 9 1 
20180611837 9 2 6 7 5 8 1 3 4 10 
20180611838 4 10 1 5 9 6 8 2 3 7 
20180611839 8 3 4 7 2 1 9 5 10 6 
20180611840 9 8 6 2 3 7 1 10 5 4 
20180611841 4 6 8 2 10 3 5 9 1 7 
20180611842 7 2 3 4 1 6 5 9 8 10 
20180611843 4 8 10 3 2 1 5 7 9 6 
20180611844 3 7 5 10 2 4 8 9 6 1 
20180611845 9 7 1 6 10 4 3 5 2 8 
20180611846 3 4 7 2 9 5 6 10 1 8 
20180611847 4 5 7 9 6 8 10 2 1 3 
20180611848 10 9 2 3 1 8 6 5 7 4 
20180611849 4 6 1 9 3 2 5 8 10 7 
20180611850 4 2 1 6 8 7 3 10 5 9 
20180611851 6 2 5 8 9 1 4 3 10 7 
20180611852 3 8 7 9 1 5 6 2 10 4 
20180611853 5 10 8 2 7 3 9 6 1 4 
20180611854 5 4 8 6 2 7 3 9 10 1 
20180611855 6 4 3 7 10 8 1 2 5 9 
20180611856 4 3 7 8 5 9 10 2 6 1 
20180611857 7 10 2 4 1 5 8 3 6 9 
20180611858 9 6 3 7 4 2 10 8 5 1 
20180611859 5 4 10 3 1 9 7 8 6 2 
20180611860 4 8 1 9 6 7 10 3 5 2 
20180611861 6 10 4 7 9 3 1 2 5 8 
20180611862 7 10 4 9 3 2 1 6 8 5 
20180611863 8 1 2 4 3 5 7 6 9 10 
20180611864 6 9 3 2 5 4 7 1 10 8 
20180611865 4 3 2 6 9 8 10 5 1 7 
20180611866 10 1 4 7 5 8 9 3 6 2 
20180611867 7 4 9 5 10 2 8 6 3 1 
20180611868 8 4 9 3 7 6 10 1 5 2 
20180611869 3 8 10 5 6 9 7 2 1 4 
20180611870 3 6 8 7 9 5 2 4 1 10 
20180611871 10 6 8 2 4 9 1 3 7 5 
20180611872 9 6 1 7 3 8 2 5 10 4 
20180611873 6 3 2 5 4 1 8 9 7 10 
20180611874 8 3 6 4 2 7 10 1 9 5 
20180611875 9 2 4 6 3 5 1 10 8 7 
20180611876 8 6 9 2 7 1 10 4 3 5 
20180611877 4 1 10 6 8 5 2 3 7 9 
20180611878 4 10 9 6 5 3 1 7 2 8 
20180611879 6 2 7 10 1 4 5 9 8 3 
20180611880 2 9 4 7 8 10 1 6 5 3 
20180611881 7 3 5 6 4 9 2 8 10 1 
20180611882 3 8 7 5 10 9 4 2 1 6 
20180611883 7 6 9 2 4 3 1 8 5 10 
20180611884 10 8 9 1 3 5 6 7 2 4 
20180611885 8 7 9 1 6 4 2 5 3 10 
20180611886 5 8 4 2 6 3 9 10 1 7 
20180611887 5 9 6 3 2 4 1 10 7 8 
20180611888 4 2 8 5 6 1 9 3 7 10 
20180611889 5 7 4 1 2 6 9 3 8 10 
20180611890 5 9 3 10 1 8 7 2 4 6 
20180611891 1 7 8 5 3 6 4 10 2 9 
20180611892 3 8 5 6 4 9 10 2 7 1 
20180611893 10 9 6 8 1 3 7 2 5 4 
20180611894 5 4 9 10 1 3 7 2 6 8 
20180611895 5 7 2 8 6 4 1 3 9 10 
20180611896 7 1 9 4 2 3 10 6 8 5 
20180611897 6 3 8 10 7 2 9 1 4 5 
20180611898 8 2 4 5 6 3 7 9 10 1 
20180611899 7 10 2 3 1 6 4 9 5 8 
20180611900 10 4 1 2 9 6 7 3 8 5 
20180611901 2 3 10 9 8 6 1 7 5 4 
20180611902 4 3 9 5 2 1 7 6 10 8 
20180611903 1 2 7 3 5 10 9 6 4 8 
20180611904 6 4 5 8 7 3 10 9 1 2 
20180611905 1 2 4 10 9 7 3 5 8 6 
20180611906 2 4 6 3 5 8 7 9 10 1 
20180611907 7 4 5 6 10 3 1 2 8 9 
20180611908 7 10 6 8 1 9 2 3 5 4 
20180611909 1 5 9 7 6 3 2 4 10 8 
20180611910 8 2 10 1 6 3 7 5 9 4 
20180611911 7 9 1 3 6 4 2 10 5 8 
20180611912 7 2 6 1 3 8 9 4 5 10 
20180611913 2 8 1 4 9 3 7 5 10 6 
20180611914 4 9 8 7 3 10 1 2 5 6 
20180611915 1 9 2 8 10 5 4 7 6 3 
20180611916 3 8 9 5 2 1 4 7 6 10 
20180611917 7 1 5 3 10 8 4 9 6 2 
20180611918 8 2 4 5 3 6 1 10 9 7 
20180611919 2 9 4 3 8 5 10 7 1 6 
20180611920 8 5 9 3 2 1 10 6 7 4 
20180611921 2 7 9 5 1 8 10 6 4 3 
20180611922 2 3 6 1 5 9 7 8 4 10 
20180611923 2 6 4 3 9 1 10 7 5 8 
20180611924 10 6 5 1 8 4 9 2 7 3 
20180611925 5 10 4 8 7 1 6 2 9 3 
20180611926 9 3 5 4 1 7 2 10 8 6 
20180611927 5 2 8 6 7 1 9 4 10 3 
20180611928 9 5 7 3 2 1 6 8 4 10 
20180611929 2 5 7 8 4 1 9 10 6 3 
20180611930 8 9 2 7 5 3 6 4 10 1 
20180611931 1 6 5 3 2 9 8 4 7 10 
20180611932 5 4 3 8 10 7 9 2 6 1 
20180611933 4 3 7 6 5 10 9 2 1 8 
20180611934 4 5 7 8 9 3 6 1 10 2 
20180611935 5 7 3 1 4 9 8 6 10 2 
20180611936 6 9 1 8 3 10 7 2 5 4 
20180611937 10 4 1 5 2 8 6 3 7 9 
20180611938 4 6 9 7 3 8 10 2 1 5 
20180611939 2 10 5 1 3 8 7 4 9 6 
20180611940 4 2 3 8 7 9 5 6 10 1 
20180611941 2 10 5 4 8 1 9 3 7 6 
20180611942 6 5 8 2 4 7 9 1 10 3 
20180611943 6 1 5 8 9 10 7 2 4 3 
20180611944 4 2 8 10 7 6 5 3 1 9 
20180611945 1 3 9 10 8 7 2 5 4 6 
20180611946 8 1 3 5 7 2 9 6 4 10 
20180611947 5 1 9 4 10 6 7 2 8 3 
20180611948 8 9 7 3 1 10 5 6 4 2 
20180611949 7 4 3 10 9 1 8 5 6 2 
20180611950 9 3 4 7 5 2 6 1 10 8 
20180611951 4 1 2 5 10 9 7 6 8 3 
20180611952 5 2 7 9 3 6 8 10 1 4 
20180611953 8 10 4 1 3 6 5 7 9 2 
20180611954 5 6 10 4 1 8 9 7 2 3 
20180611955 3 5 6 1 7 4 10 9 2 8 
20180611956 1 7 6 9 2 3 8 4 10 5 
20180611957 1 6 5 2 7 9 8 3 10 4 
20180611958 4 8 10 3 2 1 6 7 9 5 
20180611959 4 7 8 1 9 3 6 10 2 5 
20180611960 9 1 3 8 7 6 10 2 4 5 
20180611961 1 8 3 6 5 4 9 7 2 10 
20180611962 4 3 1 6 5 10 8 9 2 7 
20180611963 2 10 6 5 7 3 9 1 8 4 
20180611964 7 6 5 2 10 3 9 4 1 8 
20180611965 6 10 4 3 8 5 9 1 2 7 
20180611966 7 9 10 1 8 5 6 3 2 4 
20180611967 4 8 3 2 7 9 10 6 1 5 
20180611968 10 3 9 7 5 1 6 4 8 2 
20180611969 1 4 5 8 7 6 3 10 2 9 
20180611970 8 9 7 4 2 6 3 5 10 1 
20180611971 7 1 3 6 9 8 10 4 5 2 
20180611972 8 7 5 6 9 2 4 3 1 10 
20180611973 1 5 4 2 6 3 9 7 10 8 
20180611974 2 7 3 8 1 4 6 5 10 9 
20180611975 6 4 10 8 3 9 2 1 5 7 
20180611976 9 10 6 8 3 4 7 5 1 2 
20180611977 6 4 8 2 7 1 5 3 10 9 
20180611978 10 2 5 3 8 1 9 7 6 4 
20180611979 1 5 2 3 8 9 4 10 6 7 
20180611980 9 8 2 7 10 1 5 6 4 3 
20180611981 8 2 5 4 10 9 1 6 3 7 
20180611982 5 4 9 1 7 2 6 3 8 10 
20180611983 2 9 6 1 10 7 3 8 4 5 
20180611984 1 5 7 9 3 4 8 2 6 10 
20180611985 10 5 1 3 8 2 6 9 4 7 
