20180630001 6 1 4 5 3 10 2 8 7 9 
20180630002 8 1 4 7 3 10 9 2 6 5 
20180630003 1 6 8 3 7 4 9 2 10 5 
20180630004 1 7 6 5 2 10 8 4 9 3 
20180630005 7 1 10 2 4 3 5 9 6 8 
20180630006 9 7 8 5 6 1 4 3 2 10 
20180630007 7 9 10 3 5 4 1 6 2 8 
20180630008 7 9 1 10 5 2 3 6 8 4 
20180630009 1 3 8 7 2 6 5 9 4 10 
20180630010 1 10 5 7 3 6 2 4 8 9 
20180630011 2 4 10 1 6 3 5 8 7 9 
20180630012 6 9 1 7 3 5 10 2 4 8 
20180630013 6 4 3 7 5 2 10 1 8 9 
20180630014 1 3 7 8 4 10 2 5 9 6 
20180630015 6 9 2 5 4 1 8 3 10 7 
20180630016 2 3 7 8 4 6 10 1 5 9 
20180630017 5 7 4 10 1 9 3 6 8 2 
20180630018 8 7 9 2 5 3 6 1 4 10 
20180630019 2 1 9 5 6 7 10 3 4 8 
20180630020 6 7 3 4 1 8 2 10 9 5 
20180630021 2 1 3 10 9 8 4 6 7 5 
20180630022 8 3 6 4 10 1 9 5 7 2 
20180630023 7 3 2 5 4 6 8 9 1 10 
20180630024 8 10 5 2 3 6 1 9 4 7 
20180630025 4 2 1 3 7 6 9 8 10 5 
20180630026 8 5 7 6 9 1 4 2 3 10 
20180630027 4 3 7 9 5 10 6 8 2 1 
20180630028 7 4 10 5 6 8 9 3 1 2 
20180630029 1 9 8 7 5 4 6 10 3 2 
20180630030 3 4 2 7 10 5 1 6 8 9 
20180630031 8 9 3 5 1 2 7 10 4 6 
20180630032 10 1 7 4 2 9 5 8 3 6 
20180630033 5 6 2 3 9 8 1 7 4 10 
20180630034 1 5 4 3 6 8 2 10 7 9 
20180630035 7 6 3 5 2 9 4 10 1 8 
20180630036 2 6 7 1 10 4 8 5 9 3 
20180630037 5 3 4 2 9 6 8 10 7 1 
20180630038 9 1 5 10 2 7 8 3 4 6 
20180630039 10 7 6 1 3 4 2 8 5 9 
20180630040 5 10 6 9 3 1 2 4 7 8 
20180630041 9 6 2 1 8 4 7 5 3 10 
20180630042 2 3 9 10 5 1 4 6 8 7 
20180630043 6 10 7 2 9 1 3 4 5 8 
20180630044 10 7 4 3 9 6 1 2 5 8 
20180630045 2 3 9 8 7 4 10 5 6 1 
20180630046 3 4 7 10 6 1 8 9 5 2 
20180630047 6 5 3 7 2 1 8 4 9 10 
20180630048 4 5 2 1 6 9 10 3 7 8 
20180630049 5 6 2 10 8 3 7 4 1 9 
20180630050 5 1 8 10 2 9 3 4 6 7 
20180630051 4 9 2 5 3 1 7 10 8 6 
20180630052 6 10 9 5 3 2 7 1 8 4 
20180630053 6 9 2 4 3 8 1 7 5 10 
20180630054 8 7 5 2 10 4 1 6 3 9 
20180630055 4 5 9 3 1 10 6 7 8 2 
20180630056 1 5 3 9 7 10 2 6 4 8 
20180630057 6 1 9 10 4 3 8 5 7 2 
20180630058 3 10 5 9 8 4 7 1 2 6 
20180630059 10 1 8 3 4 5 2 9 6 7 
20180630060 1 7 5 3 9 8 4 6 2 10 
20180630061 5 9 10 7 4 8 6 3 2 1 
20180630062 10 5 6 3 8 9 1 7 2 4 
20180630063 4 8 9 6 2 3 10 7 5 1 
20180630064 8 4 2 9 5 3 1 7 10 6 
20180630065 9 8 4 5 10 1 2 7 6 3 
20180630066 10 3 6 9 5 1 7 4 8 2 
20180630067 1 5 8 4 10 7 2 3 9 6 
20180630068 10 6 8 7 3 9 2 1 5 4 
20180630069 2 10 9 6 5 7 3 1 4 8 
20180630070 5 3 8 4 7 1 6 10 9 2 
20180630071 2 10 7 4 1 9 8 6 5 3 
20180630072 3 2 6 7 1 10 8 4 5 9 
20180630073 3 4 2 6 7 9 1 10 5 8 
20180630074 10 4 2 6 5 7 8 9 1 3 
20180630075 10 2 3 4 8 7 1 5 6 9 
20180630076 2 3 1 5 10 8 6 9 7 4 
20180630077 2 4 8 1 3 9 7 10 5 6 
20180630078 8 7 6 2 10 9 5 4 1 3 
20180630079 9 7 3 10 2 8 6 5 1 4 
20180630080 5 6 1 10 9 4 8 2 3 7 
20180630081 9 4 10 5 8 7 3 2 6 1 
20180630082 8 7 3 10 2 9 5 6 1 4 
20180630083 4 8 9 2 10 6 3 1 5 7 
20180630084 8 5 2 7 3 9 10 6 4 1 
20180630085 1 4 8 2 10 6 9 7 3 5 
20180630086 1 5 2 6 4 7 3 10 8 9 
20180630087 9 1 5 10 4 8 6 3 7 2 
20180630088 2 3 8 9 6 4 1 5 10 7 
20180630089 6 7 5 1 4 2 10 8 3 9 
20180630090 2 8 10 4 5 7 3 9 6 1 
20180630091 7 6 4 10 1 8 3 9 2 5 
20180630092 4 2 8 3 10 5 1 7 9 6 
20180630093 5 3 10 7 2 4 6 1 9 8 
20180630094 9 8 5 4 6 2 10 1 3 7 
20180630095 10 5 4 3 7 8 6 9 1 2 
20180630096 1 3 9 10 6 4 7 8 2 5 
20180630097 7 4 1 10 9 5 3 6 8 2 
20180630098 9 10 6 8 1 5 7 2 3 4 
20180630099 2 4 3 8 5 10 6 7 9 1 
20180630100 8 1 5 10 9 7 4 2 3 6 
20180630101 1 5 3 10 7 4 2 9 6 8 
20180630102 4 5 10 3 8 6 2 7 1 9 
20180630103 1 4 9 10 3 7 8 6 5 2 
20180630104 10 1 5 2 8 7 6 4 3 9 
20180630105 7 9 3 8 10 4 2 1 6 5 
20180630106 8 1 3 6 4 2 9 5 7 10 
20180630107 4 7 1 9 5 10 6 2 8 3 
20180630108 2 7 8 1 10 6 9 4 3 5 
20180630109 1 7 8 10 5 2 4 3 9 6 
20180630110 8 6 10 9 4 2 5 7 3 1 
20180630111 10 6 2 5 9 1 4 3 7 8 
20180630112 3 4 9 8 1 7 5 10 2 6 
20180630113 3 5 2 1 6 4 10 8 9 7 
20180630114 2 6 8 5 1 9 7 4 3 10 
20180630115 7 4 3 10 2 5 8 9 1 6 
20180630116 3 5 1 10 9 8 4 7 6 2 
20180630117 9 3 7 10 2 4 5 8 6 1 
20180630118 5 4 8 6 3 7 10 9 2 1 
20180630119 5 6 9 7 4 3 1 10 2 8 
20180630120 8 7 10 3 9 6 4 5 2 1 
20180630121 4 3 5 2 8 7 1 6 9 10 
20180630122 4 7 3 5 1 2 8 10 6 9 
20180630123 2 5 9 4 8 3 10 6 7 1 
20180630124 2 10 8 6 4 7 3 5 1 9 
20180630125 2 10 8 9 6 4 1 3 5 7 
20180630126 10 9 7 3 6 8 4 1 5 2 
20180630127 9 1 7 8 4 6 5 2 3 10 
20180630128 4 3 1 9 2 8 7 6 5 10 
20180630129 8 5 4 10 7 1 9 3 2 6 
20180630130 1 9 6 7 4 3 10 5 8 2 
20180630131 7 10 6 5 2 8 3 9 1 4 
20180630132 3 6 2 1 8 9 5 4 7 10 
20180630133 4 2 1 10 7 5 9 8 3 6 
20180630134 6 7 4 2 5 1 10 3 8 9 
20180630135 9 7 5 8 3 10 6 2 1 4 
20180630136 9 4 5 7 1 6 10 3 8 2 
20180630137 2 5 3 4 9 7 10 6 1 8 
20180630138 8 3 6 1 9 2 4 10 7 5 
20180630139 7 9 8 10 4 2 6 5 3 1 
20180630140 3 10 8 2 5 6 1 7 9 4 
20180630141 9 3 2 10 4 7 8 6 1 5 
20180630142 8 4 9 10 5 3 6 7 2 1 
20180630143 5 7 3 2 4 6 10 9 8 1 
20180630144 6 2 10 7 3 9 1 5 4 8 
20180630145 3 7 2 10 5 6 9 8 4 1 
20180630146 8 9 7 2 4 3 5 1 10 6 
20180630147 10 2 7 3 4 8 5 6 9 1 
20180630148 8 9 4 1 5 6 10 3 7 2 
20180630149 10 9 2 4 6 3 1 8 7 5 
20180630150 4 10 2 6 9 1 7 5 3 8 
20180630151 8 10 7 4 2 5 3 1 6 9 
20180630152 1 10 2 4 7 6 9 3 8 5 
20180630153 5 10 1 6 4 9 8 3 2 7 
20180630154 1 7 4 10 5 6 9 2 8 3 
20180630155 4 7 5 3 1 10 6 9 8 2 
20180630156 8 10 2 4 1 7 5 6 3 9 
20180630157 5 7 10 3 8 9 4 2 1 6 
20180630158 5 1 7 3 8 10 2 9 6 4 
20180630159 2 8 5 10 9 4 7 1 3 6 
20180630160 9 8 3 10 2 6 1 7 5 4 
20180630161 6 5 2 10 8 9 3 1 4 7 
20180630162 8 5 10 2 9 6 7 3 1 4 
20180630163 4 2 8 9 7 5 1 6 10 3 
20180630164 1 7 5 10 2 3 4 9 8 6 
20180630165 2 5 1 9 7 6 3 8 10 4 
20180630166 8 7 1 5 10 2 6 4 9 3 
20180630167 2 4 7 10 9 5 1 6 3 8 
20180630168 7 9 3 10 2 4 6 8 1 5 
20180630169 6 8 10 2 1 5 7 4 9 3 
20180630170 2 10 1 3 7 4 5 8 6 9 
20180630171 10 5 3 9 7 1 8 6 4 2 
20180630172 7 1 9 6 4 8 5 10 2 3 
20180630173 8 7 4 3 6 2 1 5 10 9 
20180630174 9 5 3 7 8 2 10 1 6 4 
20180630175 10 9 2 5 8 7 6 4 3 1 
20180630176 6 2 5 3 1 8 4 9 7 10 
20180630177 4 2 10 7 6 3 8 1 5 9 
20180630178 3 4 10 1 2 9 7 6 8 5 
20180630179 1 7 10 6 4 2 8 3 5 9 
20180630180 2 10 3 8 4 9 7 6 1 5 
20180630181 8 2 10 7 1 4 9 5 6 3 
20180630182 4 6 5 7 2 1 3 8 9 10 
20180630183 4 10 6 9 7 3 1 8 2 5 
20180630184 9 3 7 10 1 5 6 8 2 4 
20180630185 4 2 6 5 7 3 10 9 8 1 
20180630186 1 9 5 7 4 6 2 8 10 3 
20180630187 4 5 3 9 10 8 1 2 7 6 
20180630188 10 4 3 2 9 8 5 7 6 1 
20180630189 6 10 5 9 8 4 2 1 3 7 
20180630190 2 8 3 10 4 6 7 9 1 5 
20180630191 10 1 4 3 8 6 2 9 7 5 
20180630192 5 7 9 2 1 8 4 3 6 10 
20180630193 7 4 2 3 6 8 10 5 9 1 
20180630194 4 7 10 8 1 6 3 9 5 2 
20180630195 2 10 8 5 3 1 4 6 9 7 
20180630196 6 9 10 2 7 5 1 4 3 8 
20180630197 1 2 10 6 9 4 5 8 3 7 
20180630198 9 1 5 6 3 2 8 4 10 7 
20180630199 4 3 5 8 10 1 7 9 2 6 
20180630200 6 8 1 7 5 10 2 3 9 4 
20180630201 5 7 4 1 6 9 3 10 2 8 
20180630202 8 7 1 6 10 2 9 4 3 5 
20180630203 9 6 4 3 10 5 2 7 1 8 
20180630204 6 8 2 4 9 3 10 5 1 7 
20180630205 4 7 5 3 8 6 2 9 10 1 
20180630206 4 7 3 10 8 9 1 5 2 6 
20180630207 2 6 9 8 5 3 1 4 7 10 
20180630208 6 1 4 2 7 10 3 5 9 8 
20180630209 6 9 2 8 7 4 10 1 3 5 
20180630210 8 4 7 9 2 10 6 5 1 3 
20180630211 10 8 5 1 6 9 3 4 7 2 
20180630212 10 3 7 2 9 8 4 6 1 5 
20180630213 8 5 9 3 10 4 7 1 2 6 
20180630214 9 3 2 6 7 1 10 8 5 4 
20180630215 7 1 2 9 4 8 5 10 6 3 
20180630216 1 2 3 4 5 10 8 7 9 6 
20180630217 6 2 1 5 10 9 8 3 7 4 
20180630218 10 7 4 8 6 9 1 3 2 5 
20180630219 4 5 7 8 2 1 3 6 10 9 
20180630220 3 5 6 8 4 7 1 10 2 9 
20180630221 2 5 8 4 9 10 3 6 7 1 
20180630222 2 10 7 5 3 6 4 1 8 9 
20180630223 10 2 5 6 1 7 8 4 3 9 
20180630224 3 7 6 2 4 9 8 1 5 10 
20180630225 3 5 1 2 9 10 6 8 7 4 
20180630226 3 7 2 4 5 8 1 6 9 10 
20180630227 1 3 7 2 10 6 9 4 5 8 
20180630228 6 8 5 7 9 4 3 10 2 1 
20180630229 4 3 5 9 7 1 2 6 10 8 
20180630230 9 6 3 8 7 10 1 5 2 4 
20180630231 1 3 6 5 7 8 10 4 9 2 
20180630232 9 6 10 7 4 8 1 5 2 3 
20180630233 2 10 3 1 5 6 9 4 8 7 
20180630234 3 1 6 2 5 8 9 10 4 7 
20180630235 5 10 1 3 4 9 2 6 8 7 
20180630236 2 10 6 8 7 4 1 3 5 9 
20180630237 1 4 8 10 9 2 5 6 7 3 
20180630238 3 8 6 10 9 1 7 4 2 5 
20180630239 1 10 5 6 3 7 2 4 8 9 
20180630240 3 10 1 2 8 6 4 7 5 9 
20180630241 6 4 10 9 5 2 7 1 3 8 
20180630242 2 1 4 10 7 3 8 5 9 6 
20180630243 8 3 5 7 1 2 9 6 10 4 
20180630244 8 9 4 5 2 1 6 10 3 7 
20180630245 1 7 5 4 9 10 3 6 8 2 
20180630246 2 8 10 4 3 7 5 1 9 6 
20180630247 3 4 7 8 10 5 2 1 9 6 
20180630248 3 2 4 9 5 6 7 1 8 10 
20180630249 1 9 7 4 10 8 2 6 3 5 
20180630250 10 6 8 5 2 1 4 9 3 7 
20180630251 4 2 6 9 3 10 5 8 1 7 
20180630252 10 8 1 5 3 4 9 7 2 6 
20180630253 9 5 7 10 4 8 2 3 6 1 
20180630254 8 7 5 6 3 10 1 9 4 2 
20180630255 9 4 7 6 1 2 5 3 10 8 
20180630256 10 6 8 2 9 3 4 5 1 7 
20180630257 10 8 6 1 3 7 2 9 4 5 
20180630258 8 7 4 5 9 6 10 2 1 3 
20180630259 8 3 7 1 5 9 2 4 10 6 
20180630260 9 1 8 5 7 6 4 2 3 10 
20180630261 3 9 2 8 5 1 7 10 4 6 
20180630262 9 8 2 1 10 7 5 3 6 4 
20180630263 1 2 4 9 8 5 3 6 10 7 
20180630264 8 1 2 6 10 9 5 4 7 3 
20180630265 5 10 6 7 3 4 2 9 8 1 
20180630266 5 7 9 1 2 4 8 3 6 10 
20180630267 6 10 5 7 2 1 9 3 8 4 
20180630268 1 7 6 10 9 3 2 4 8 5 
20180630269 10 4 6 8 7 1 9 5 3 2 
20180630270 5 9 6 8 3 2 4 7 10 1 
20180630271 8 4 7 9 5 10 1 2 3 6 
20180630272 10 1 3 7 2 4 5 8 6 9 
20180630273 8 2 4 1 5 10 6 3 9 7 
20180630274 6 4 5 1 8 2 7 9 3 10 
20180630275 7 9 5 2 6 3 10 4 8 1 
20180630276 6 9 8 1 3 4 7 2 10 5 
20180630277 9 10 2 8 3 5 1 7 6 4 
20180630278 3 8 2 5 1 9 6 4 10 7 
20180630279 2 4 3 1 6 5 10 9 8 7 
20180630280 9 10 6 5 1 2 4 3 7 8 
20180630281 6 3 9 8 5 2 10 7 4 1 
20180630282 9 1 5 10 8 3 7 6 2 4 
20180630283 3 5 2 10 4 6 8 9 1 7 
20180630284 10 7 1 5 6 8 3 4 9 2 
20180630285 3 4 2 9 1 7 5 8 6 10 
20180630286 3 4 2 9 1 7 5 8 6 10 
20180630287 7 6 1 5 4 10 2 3 8 9 
20180630288 7 9 3 4 5 1 6 8 2 10 
20180630289 4 2 5 7 1 3 8 10 6 9 
20180630290 6 8 1 10 7 5 3 4 2 9 
20180630291 3 10 1 8 2 6 5 4 9 7 
20180630292 1 5 3 4 10 7 6 8 9 2 
20180630293 5 1 4 10 2 9 6 7 8 3 
20180630294 9 2 3 4 10 8 5 7 6 1 
20180630295 1 5 6 7 9 8 3 4 10 2 
20180630296 5 6 4 8 2 9 7 10 3 1 
20180630297 2 4 9 3 6 8 1 7 5 10 
20180630298 2 10 6 3 7 4 1 8 5 9 
20180630299 9 3 4 10 5 8 6 1 2 7 
20180630300 3 2 5 1 9 4 7 6 8 10 
20180630301 7 9 10 4 5 1 2 3 8 6 
20180630302 10 5 4 7 2 6 3 1 9 8 
20180630303 1 9 7 4 2 8 3 10 6 5 
20180630304 10 3 2 5 6 4 9 1 8 7 
20180630305 3 9 7 6 2 5 8 10 1 4 
20180630306 3 7 8 1 5 4 9 2 6 10 
20180630307 10 8 2 1 3 5 6 9 7 4 
20180630308 6 2 1 9 10 4 7 3 5 8 
20180630309 3 4 9 7 8 10 2 6 1 5 
20180630310 3 8 2 6 7 1 5 4 10 9 
20180630311 3 7 4 6 10 9 5 2 1 8 
20180630312 3 10 2 7 9 8 1 6 5 4 
20180630313 3 6 10 5 2 7 9 4 8 1 
20180630314 6 7 5 4 8 10 3 2 1 9 
20180630315 9 2 5 3 1 7 4 10 8 6 
20180630316 6 4 10 7 5 3 1 9 2 8 
20180630317 2 3 7 10 5 8 6 1 9 4 
20180630318 9 4 1 2 7 8 5 6 10 3 
20180630319 3 10 7 5 6 8 2 9 1 4 
20180630320 1 5 4 2 10 3 7 6 9 8 
20180630321 7 1 4 8 3 9 6 5 10 2 
20180630322 6 1 10 3 2 5 8 7 4 9 
20180630323 8 9 4 1 3 7 10 2 5 6 
20180630324 9 5 3 7 10 6 2 1 4 8 
20180630325 4 1 6 5 8 10 2 3 9 7 
20180630326 1 2 5 4 7 6 8 10 9 3 
20180630327 2 6 3 9 5 8 1 4 7 10 
20180630328 9 5 7 8 3 6 2 10 1 4 
20180630329 3 4 2 1 9 10 7 5 8 6 
20180630330 7 4 2 9 5 3 6 10 8 1 
20180630331 3 6 10 2 9 7 8 4 1 5 
20180630332 6 5 9 8 3 7 1 10 4 2 
20180630333 8 6 5 2 9 4 7 10 3 1 
20180630334 6 3 8 5 9 2 1 7 10 4 
20180630335 6 10 8 5 1 9 3 2 7 4 
20180630336 10 3 8 1 4 6 2 7 5 9 
20180630337 9 1 5 4 10 7 3 6 8 2 
20180630338 1 7 2 3 10 8 5 4 9 6 
20180630339 9 6 2 7 3 5 8 1 4 10 
20180630340 8 4 6 1 3 9 7 10 2 5 
20180630341 1 2 7 8 10 3 4 9 6 5 
20180630342 2 4 5 3 10 7 8 1 9 6 
20180630343 1 8 7 2 4 5 3 10 6 9 
20180630344 1 2 9 8 3 10 6 4 5 7 
20180630345 2 4 8 10 1 7 6 9 5 3 
20180630346 4 5 1 10 6 3 2 9 7 8 
20180630347 1 5 6 10 9 4 3 2 7 8 
20180630348 2 9 1 7 3 4 8 6 5 10 
20180630349 7 9 3 4 5 8 2 1 6 10 
20180630350 5 10 6 1 9 3 2 8 4 7 
20180630351 3 10 1 8 5 4 7 9 2 6 
20180630352 2 4 1 9 8 5 3 7 10 6 
20180630353 3 9 8 2 7 6 4 5 1 10 
20180630354 2 7 9 6 8 10 4 1 3 5 
20180630355 4 10 6 2 7 3 9 8 5 1 
20180630356 7 8 3 10 5 2 6 9 1 4 
20180630357 5 7 8 2 3 9 4 6 1 10 
20180630358 5 8 6 10 2 1 3 9 7 4 
20180630359 7 6 5 3 2 8 10 4 1 9 
20180630360 8 9 4 2 6 1 3 5 7 10 
20180630361 7 2 10 3 1 4 8 6 9 5 
20180630362 8 3 7 10 1 5 2 4 9 6 
20180630363 6 7 4 8 5 9 10 2 3 1 
20180630364 6 8 4 3 2 9 10 1 7 5 
20180630365 6 10 9 4 5 1 3 7 8 2 
20180630366 4 6 9 8 1 10 2 3 7 5 
20180630367 3 1 9 2 8 5 7 10 4 6 
20180630368 9 5 10 3 6 7 4 1 8 2 
20180630369 7 8 1 2 3 5 6 9 4 10 
20180630370 7 10 3 5 8 9 2 4 6 1 
20180630371 6 10 3 8 5 9 1 2 4 7 
20180630372 5 1 6 9 3 8 2 10 4 7 
20180630373 6 10 9 7 8 1 2 5 3 4 
20180630374 10 8 5 7 3 9 2 6 4 1 
20180630375 5 7 6 8 3 1 2 9 4 10 
20180630376 10 4 3 5 9 1 2 8 6 7 
20180630377 5 6 8 1 4 3 10 2 9 7 
20180630378 4 7 10 3 2 1 6 9 5 8 
20180630379 9 1 4 10 2 6 3 7 5 8 
20180630380 9 8 2 10 6 3 5 4 1 7 
20180630381 10 3 4 8 1 5 7 2 6 9 
20180630382 3 8 5 10 7 1 6 2 9 4 
20180630383 4 2 10 7 6 1 5 8 3 9 
20180630384 7 4 9 3 2 5 1 6 10 8 
20180630385 6 7 2 5 3 1 8 4 9 10 
20180630386 1 9 4 8 10 3 5 2 7 6 
20180630387 8 6 1 3 4 2 9 10 7 5 
20180630388 1 6 5 10 9 8 3 2 7 4 
20180630389 4 3 9 1 7 2 8 5 10 6 
20180630390 7 6 3 4 1 2 5 8 9 10 
20180630391 4 7 3 1 9 5 6 8 2 10 
20180630392 5 2 1 8 4 7 6 3 9 10 
20180630393 7 8 4 1 2 9 3 5 6 10 
20180630394 8 5 9 7 10 1 3 4 2 6 
20180630395 1 4 5 7 8 9 3 10 6 2 
20180630396 3 8 9 7 6 4 2 5 10 1 
20180630397 6 8 2 1 9 7 5 10 4 3 
20180630398 8 2 4 6 7 5 3 1 10 9 
20180630399 8 4 3 9 6 7 10 1 2 5 
20180630400 4 6 9 5 10 8 3 7 2 1 
20180630401 10 5 3 2 9 8 7 1 4 6 
20180630402 8 2 6 3 4 5 10 7 9 1 
20180630403 5 1 7 2 3 10 4 8 9 6 
20180630404 8 4 2 6 1 3 7 9 5 10 
20180630405 5 1 4 10 9 2 8 6 3 7 
20180630406 3 9 4 7 10 8 1 2 5 6 
20180630407 8 9 10 1 6 2 3 7 5 4 
20180630408 3 4 10 9 7 8 6 5 1 2 
20180630409 3 5 1 10 6 9 7 2 8 4 
20180630410 1 2 4 6 10 3 9 8 7 5 
20180630411 5 3 7 1 9 4 6 10 8 2 
20180630412 9 8 4 10 1 2 7 5 3 6 
20180630413 6 10 4 9 3 1 8 5 2 7 
20180630414 1 6 7 10 9 3 4 5 8 2 
20180630415 3 6 10 4 2 9 7 1 8 5 
20180630416 3 6 1 4 7 8 9 2 10 5 
20180630417 6 8 2 3 1 10 7 9 5 4 
20180630418 2 7 3 4 8 5 10 6 9 1 
20180630419 10 4 8 5 9 1 7 2 6 3 
20180630420 7 4 2 10 9 5 3 8 1 6 
20180630421 2 8 5 4 10 3 7 9 1 6 
20180630422 1 4 2 10 9 8 3 7 5 6 
20180630423 8 10 7 2 4 5 9 1 3 6 
20180630424 9 2 1 6 7 4 5 3 8 10 
20180630425 3 10 6 4 8 1 2 7 5 9 
20180630426 3 2 8 4 6 9 5 10 1 7 
20180630427 10 2 8 6 4 1 9 5 3 7 
20180630428 3 2 8 4 5 6 9 7 10 1 
20180630429 4 5 1 8 6 3 10 2 9 7 
20180630430 4 1 7 5 2 8 6 3 10 9 
20180630431 4 6 1 3 9 8 2 5 7 10 
20180630432 9 3 4 7 6 10 2 8 1 5 
20180630433 1 10 4 2 3 9 5 8 7 6 
20180630434 9 4 5 10 7 1 2 8 3 6 
20180630435 10 6 9 1 8 5 4 3 2 7 
20180630436 7 6 1 10 2 9 4 5 3 8 
20180630437 8 6 7 2 3 1 9 5 4 10 
20180630438 10 5 2 7 9 1 8 3 4 6 
20180630439 2 10 3 1 5 9 4 6 7 8 
20180630440 2 8 3 1 4 9 10 7 5 6 
20180630441 8 6 4 7 5 2 9 1 3 10 
20180630442 6 10 3 5 7 2 1 4 9 8 
20180630443 10 9 6 5 1 3 8 2 4 7 
20180630444 10 4 1 3 9 6 8 2 5 7 
20180630445 5 8 1 2 9 4 3 10 6 7 
20180630446 7 10 9 8 5 4 2 6 1 3 
20180630447 5 9 4 2 6 1 10 8 7 3 
20180630448 1 8 7 6 3 9 4 2 10 5 
20180630449 8 1 7 6 9 2 5 4 3 10 
20180630450 10 1 3 7 2 4 6 9 5 8 
20180630451 5 1 2 3 8 6 7 4 10 9 
20180630452 3 7 2 1 10 6 5 4 8 9 
20180630453 3 4 7 6 5 2 1 9 8 10 
20180630454 10 4 5 6 3 2 8 9 1 7 
20180630455 6 2 3 8 5 4 7 1 10 9 
20180630456 3 9 8 2 10 1 4 5 6 7 
20180630457 4 1 7 8 9 5 2 10 3 6 
20180630458 6 4 2 3 8 5 9 1 10 7 
20180630459 8 9 3 10 4 1 5 6 7 2 
20180630460 8 4 5 7 1 9 10 3 6 2 
20180630461 6 9 1 3 10 4 7 2 5 8 
20180630462 7 5 8 4 10 1 6 3 9 2 
20180630463 8 7 3 1 9 10 4 2 5 6 
20180630464 3 5 7 1 9 6 4 8 10 2 
20180630465 8 4 5 10 1 3 9 2 6 7 
20180630466 4 10 1 2 3 7 5 6 8 9 
20180630467 1 5 7 4 10 3 6 9 2 8 
20180630468 9 10 3 2 4 5 1 6 7 8 
20180630469 4 6 7 8 1 5 3 2 9 10 
20180630470 1 4 10 2 5 6 8 7 9 3 
20180630471 1 8 5 7 9 2 6 10 3 4 
20180630472 9 5 3 1 4 7 6 8 2 10 
20180630473 5 8 7 3 10 2 6 4 9 1 
20180630474 7 10 6 8 9 1 5 3 2 4 
20180630475 8 1 6 5 2 10 3 9 7 4 
20180630476 9 2 7 8 5 4 6 1 3 10 
20180630477 5 7 8 6 2 4 3 1 9 10 
20180630478 2 6 8 3 9 10 4 7 1 5 
20180630479 7 5 9 4 6 2 10 8 1 3 
20180630480 10 2 9 6 3 8 5 4 7 1 
20180630481 1 9 8 6 3 5 2 7 10 4 
20180630482 2 1 4 8 5 7 10 6 9 3 
20180630483 4 8 7 1 9 2 5 10 6 3 
20180630484 1 9 5 8 4 2 7 3 10 6 
20180630485 7 8 10 1 2 5 6 4 3 9 
20180630486 6 10 4 9 1 7 8 5 2 3 
20180630487 8 1 6 5 2 9 3 7 4 10 
20180630488 7 2 10 6 4 5 3 9 8 1 
20180630489 3 2 1 7 5 6 10 4 9 8 
20180630490 6 1 8 4 9 3 10 7 5 2 
20180630491 3 10 1 5 8 9 4 6 2 7 
20180630492 9 5 4 2 3 1 8 6 10 7 
20180630493 8 2 6 1 10 5 3 4 7 9 
20180630494 7 1 6 2 9 4 3 8 10 5 
20180630495 10 8 1 5 4 2 6 3 9 7 
20180630496 2 1 5 8 9 10 4 7 6 3 
20180630497 4 7 2 6 5 8 10 9 1 3 
20180630498 2 3 7 6 10 1 8 5 9 4 
20180630499 1 6 10 5 7 9 3 4 2 8 
20180630500 6 10 7 2 1 8 9 4 5 3 
20180630501 1 4 10 3 8 2 5 7 9 6 
20180630502 2 7 5 6 3 8 9 10 1 4 
20180630503 8 3 6 2 10 5 1 4 7 9 
20180630504 7 10 3 8 1 5 9 2 6 4 
20180630505 2 3 8 1 7 6 5 4 9 10 
20180630506 4 6 1 8 5 2 7 9 10 3 
20180630507 8 2 1 6 5 3 4 7 10 9 
20180630508 8 7 9 5 10 2 1 3 4 6 
20180630509 2 5 1 6 9 7 8 3 10 4 
20180630510 10 9 7 2 6 5 3 4 1 8 
20180630511 10 6 2 9 4 8 3 1 7 5 
20180630512 2 5 4 1 3 7 9 10 8 6 
20180630513 1 4 9 10 2 6 8 7 3 5 
20180630514 5 10 3 7 4 2 6 9 1 8 
20180630515 7 8 10 3 2 1 5 4 6 9 
20180630516 9 1 6 7 10 3 5 4 2 8 
20180630517 4 1 7 3 9 2 10 5 6 8 
20180630518 8 3 6 1 2 10 7 5 9 4 
20180630519 4 1 10 2 6 9 5 3 8 7 
20180630520 5 7 2 4 6 8 3 1 9 10 
20180630521 6 9 2 10 8 5 7 4 3 1 
20180630522 5 10 9 3 2 7 4 6 8 1 
20180630523 1 3 5 8 2 4 10 7 9 6 
20180630524 10 7 5 3 9 1 4 8 6 2 
20180630525 6 7 1 9 2 5 4 3 10 8 
20180630526 1 6 3 2 7 4 8 10 9 5 
20180630527 6 1 2 8 4 9 3 5 10 7 
20180630528 5 8 1 9 2 7 6 3 10 4 
20180630529 8 4 5 2 10 3 6 1 7 9 
20180630530 3 9 6 2 8 5 10 1 7 4 
20180630531 2 4 10 3 8 6 7 9 1 5 
20180630532 3 9 8 4 10 5 7 1 6 2 
20180630533 4 9 6 8 1 10 5 2 3 7 
20180630534 1 5 10 3 8 4 9 2 7 6 
20180630535 5 3 4 7 9 6 1 2 10 8 
20180630536 10 8 7 6 5 9 3 1 4 2 
20180630537 1 5 2 9 6 7 4 8 3 10 
20180630538 9 1 10 2 6 5 8 4 7 3 
20180630539 9 4 8 5 1 2 6 10 7 3 
20180630540 4 7 6 1 2 5 8 3 9 10 
20180630541 10 2 9 4 7 3 8 1 6 5 
20180630542 8 9 10 1 2 5 6 7 4 3 
20180630543 1 8 5 9 7 10 2 4 6 3 
20180630544 4 3 7 2 5 1 9 6 10 8 
20180630545 2 10 6 7 3 4 8 5 1 9 
20180630546 4 6 3 10 2 8 9 5 7 1 
20180630547 7 8 10 4 1 5 2 3 6 9 
20180630548 10 1 3 2 8 4 5 6 9 7 
20180630549 6 9 2 10 4 3 8 1 7 5 
20180630550 7 10 9 4 6 3 1 2 5 8 
20180630551 2 9 7 6 5 4 8 10 1 3 
20180630552 9 7 6 2 5 3 10 8 4 1 
20180630553 6 3 8 2 10 5 4 7 9 1 
20180630554 5 8 2 4 10 9 6 7 3 1 
20180630555 4 8 5 1 10 6 9 2 3 7 
20180630556 7 6 8 5 4 10 2 1 3 9 
20180630557 6 1 5 2 3 7 9 10 4 8 
20180630558 10 3 2 4 5 7 8 6 9 1 
20180630559 1 2 10 4 5 7 8 6 9 3 
20180630560 8 9 1 3 6 10 2 5 4 7 
20180630561 2 3 10 1 5 4 9 8 6 7 
20180630562 10 8 3 6 7 2 4 1 9 5 
20180630563 4 8 5 3 7 1 2 6 9 10 
20180630564 2 8 9 10 4 7 5 3 1 6 
20180630565 10 5 9 3 4 6 8 7 1 2 
20180630566 2 7 6 8 9 4 1 10 3 5 
20180630567 3 6 2 8 7 5 9 4 1 10 
20180630568 8 1 5 10 7 2 9 4 6 3 
20180630569 4 1 3 6 8 5 2 9 7 10 
20180630570 3 9 2 6 8 1 7 4 5 10 
20180630571 7 10 8 3 1 5 9 4 6 2 
20180630572 1 6 2 3 10 9 8 5 7 4 
20180630573 1 7 3 2 6 10 8 4 5 9 
20180630574 5 4 6 7 2 8 9 10 1 3 
20180630575 7 9 1 6 3 4 5 2 8 10 
20180630576 5 10 7 9 4 3 6 1 2 8 
20180630577 1 8 4 9 10 7 3 5 6 2 
20180630578 6 2 10 9 4 1 5 8 3 7 
20180630579 8 3 7 5 1 10 4 9 6 2 
20180630580 5 6 9 4 10 8 7 2 3 1 
20180630581 2 4 5 6 8 10 1 7 9 3 
20180630582 1 8 7 4 5 6 9 10 3 2 
20180630583 5 3 8 1 7 6 2 4 9 10 
20180630584 2 7 9 5 6 4 3 8 10 1 
20180630585 9 10 8 3 7 4 5 6 2 1 
20180630586 5 3 10 4 1 2 8 6 9 7 
20180630587 8 3 4 10 7 2 1 6 9 5 
20180630588 4 3 10 7 8 1 5 9 6 2 
20180630589 4 10 8 5 3 1 9 2 6 7 
20180630590 9 6 3 8 5 10 1 7 4 2 
20180630591 1 3 4 6 8 10 2 5 9 7 
20180630592 5 1 3 6 2 4 9 10 7 8 
20180630593 5 4 8 10 3 9 1 7 2 6 
20180630594 4 6 7 2 5 8 10 1 9 3 
20180630595 3 9 1 2 4 8 7 6 5 10 
20180630596 10 8 1 3 9 4 7 6 5 2 
20180630597 3 7 5 8 9 10 4 1 2 6 
20180630598 10 3 1 7 9 5 8 2 4 6 
20180630599 3 7 4 10 9 8 2 1 5 6 
20180630600 9 5 2 7 3 4 6 8 10 1 
20180630601 2 7 4 8 6 10 1 9 3 5 
20180630602 6 4 5 1 2 8 7 9 10 3 
20180630603 4 8 6 10 2 3 9 5 1 7 
20180630604 5 1 4 10 3 8 9 7 2 6 
20180630605 1 2 9 4 8 10 5 6 7 3 
20180630606 10 1 7 5 3 9 8 4 6 2 
20180630607 4 8 10 5 1 3 2 7 9 6 
20180630608 4 10 3 2 9 8 5 6 1 7 
20180630609 10 4 7 1 6 2 9 8 3 5 
20180630610 5 7 8 6 9 4 10 3 2 1 
20180630611 7 4 1 5 8 9 2 6 10 3 
20180630612 5 1 7 3 8 10 4 2 6 9 
20180630613 9 4 5 1 7 10 8 6 3 2 
20180630614 7 6 2 8 3 5 4 1 9 10 
20180630615 6 7 3 8 1 9 5 10 2 4 
20180630616 8 2 4 7 9 6 10 3 1 5 
20180630617 9 3 6 8 5 7 2 1 10 4 
20180630618 1 3 10 2 4 5 8 7 9 6 
20180630619 4 6 8 10 2 5 7 1 9 3 
20180630620 6 3 1 10 2 7 4 5 8 9 
20180630621 1 10 5 7 9 2 4 3 6 8 
20180630622 6 8 2 1 9 7 5 10 4 3 
20180630623 9 1 7 10 6 2 5 3 8 4 
20180630624 2 5 3 8 7 6 4 1 9 10 
20180630625 3 7 9 10 4 1 5 8 6 2 
20180630626 2 6 5 3 4 8 10 7 1 9 
20180630627 3 1 8 7 5 6 10 9 4 2 
20180630628 3 1 10 9 7 8 4 2 5 6 
20180630629 1 3 2 4 10 9 7 8 5 6 
20180630630 2 3 4 5 8 7 6 10 1 9 
20180630631 8 7 6 3 4 1 5 2 10 9 
20180630632 4 8 9 2 10 7 6 5 3 1 
20180630633 6 5 10 7 2 1 8 4 3 9 
20180630634 4 9 3 6 2 5 1 10 7 8 
20180630635 1 2 9 3 4 10 5 8 6 7 
20180630636 6 10 5 8 9 7 2 3 4 1 
20180630637 1 5 8 9 4 3 7 10 2 6 
20180630638 8 6 7 5 9 10 2 3 1 4 
20180630639 10 9 5 6 3 2 8 1 4 7 
20180630640 4 5 7 9 8 10 3 2 1 6 
20180630641 5 2 7 6 8 3 4 10 1 9 
20180630642 9 4 1 3 7 8 5 10 2 6 
20180630643 6 1 5 9 7 10 3 8 2 4 
20180630644 3 9 4 1 2 10 6 7 8 5 
20180630645 9 1 8 7 4 10 2 3 6 5 
20180630646 6 9 8 7 1 5 10 3 4 2 
20180630647 1 4 3 7 8 2 6 5 10 9 
20180630648 4 2 5 3 7 8 6 1 10 9 
20180630649 8 10 4 2 5 9 6 7 3 1 
20180630650 5 7 6 3 1 10 9 4 2 8 
20180630651 3 6 2 10 5 4 8 9 7 1 
20180630652 2 9 7 4 10 1 8 5 3 6 
20180630653 9 10 6 8 4 5 3 2 7 1 
20180630654 3 4 6 2 7 9 10 1 5 8 
20180630655 7 8 4 9 3 6 1 5 10 2 
20180630656 9 7 6 3 8 1 4 10 5 2 
20180630657 4 10 8 1 6 7 3 2 5 9 
20180630658 6 10 3 8 2 4 1 7 5 9 
20180630659 7 8 1 2 3 5 6 9 10 4 
20180630660 1 7 4 6 10 8 9 5 3 2 
20180630661 2 6 7 5 4 3 1 9 10 8 
20180630662 2 10 6 4 7 3 1 9 5 8 
20180630663 8 6 7 10 9 3 1 4 2 5 
20180630664 4 2 3 7 8 6 1 5 10 9 
20180630665 5 7 8 4 2 3 6 1 10 9 
20180630666 6 2 10 8 7 5 9 3 1 4 
20180630667 2 6 9 3 4 8 5 10 1 7 
20180630668 1 7 4 2 10 9 8 3 5 6 
20180630669 2 6 4 10 7 5 8 3 1 9 
20180630670 4 9 1 10 5 6 3 8 7 2 
20180630671 3 6 1 5 2 8 9 7 10 4 
20180630672 9 4 6 10 7 1 2 3 8 5 
20180630673 2 8 7 1 6 3 5 10 4 9 
20180630674 4 6 9 1 10 8 7 5 2 3 
20180630675 1 8 6 10 7 2 5 3 4 9 
20180630676 6 3 9 10 4 7 8 5 2 1 
20180630677 3 4 2 8 5 6 9 1 10 7 
20180630678 8 4 7 3 1 9 10 2 5 6 
20180630679 6 5 2 4 7 10 3 9 1 8 
20180630680 6 4 2 1 10 7 8 9 3 5 
20180630681 4 1 6 9 2 8 10 5 7 3 
20180630682 5 4 2 10 8 7 9 1 3 6 
20180630683 7 1 4 10 2 6 3 5 8 9 
20180630684 8 3 7 9 10 2 1 6 4 5 
20180630685 10 1 8 4 3 7 6 9 5 2 
20180630686 8 2 7 9 3 6 1 4 5 10 
20180630687 3 10 1 7 5 8 2 4 6 9 
20180630688 10 8 2 6 5 9 1 7 3 4 
20180630689 1 2 3 5 8 9 10 6 4 7 
20180630690 8 3 6 10 1 2 4 9 5 7 
20180630691 9 1 10 7 8 3 5 6 2 4 
20180630692 7 5 9 4 6 2 8 1 3 10 
20180630693 7 4 6 2 10 5 9 3 8 1 
20180630694 8 2 7 3 5 1 4 6 10 9 
20180630695 1 10 5 2 3 8 4 7 9 6 
20180630696 3 9 7 5 8 2 1 6 10 4 
20180630697 10 6 8 9 7 3 5 4 1 2 
20180630698 4 8 10 3 6 7 2 1 9 5 
20180630699 9 2 10 1 5 6 7 8 3 4 
20180630700 6 4 7 10 8 9 3 2 5 1 
20180630701 3 4 8 6 1 10 9 7 5 2 
20180630702 3 7 5 2 10 8 9 1 4 6 
20180630703 9 2 5 8 4 10 1 6 3 7 
20180630704 1 8 5 2 6 3 4 7 10 9 
20180630705 5 10 7 9 1 8 6 2 3 4 
20180630706 6 7 5 3 10 9 8 2 4 1 
20180630707 7 2 8 6 3 4 10 1 9 5 
20180630708 8 10 7 2 3 6 5 4 9 1 
20180630709 5 9 2 8 1 7 10 3 6 4 
20180630710 5 6 7 2 9 3 1 8 10 4 
20180630711 9 10 4 8 7 5 1 6 2 3 
20180630712 5 3 4 9 1 8 10 6 7 2 
20180630713 4 8 7 2 6 3 5 10 9 1 
20180630714 5 4 6 3 1 9 7 2 8 10 
20180630715 5 2 10 1 8 6 3 9 7 4 
20180630716 1 2 3 4 7 6 9 5 10 8 
20180630717 10 8 4 7 6 3 1 9 5 2 
20180630718 8 3 9 5 4 7 2 6 10 1 
20180630719 9 8 7 6 10 2 3 4 5 1 
20180630720 4 5 2 10 1 7 8 6 3 9 
20180630721 4 6 8 7 10 1 3 2 9 5 
20180630722 6 2 10 4 9 3 7 5 1 8 
20180630723 9 5 7 8 2 10 6 1 3 4 
20180630724 8 1 6 9 7 10 5 4 2 3 
20180630725 5 1 7 10 6 8 9 4 2 3 
20180630726 5 2 9 4 10 8 3 1 7 6 
20180630727 9 7 3 5 8 4 10 2 6 1 
20180630728 7 1 4 6 8 2 9 10 3 5 
20180630729 5 9 6 2 1 7 3 4 8 10 
20180630730 10 8 1 4 2 3 7 5 9 6 
20180630731 8 9 4 7 3 2 6 10 5 1 
20180630732 3 9 6 10 7 8 5 1 4 2 
20180630733 1 2 10 5 7 6 3 4 9 8 
20180630734 8 7 9 1 5 2 6 3 4 10 
20180630735 4 6 5 1 3 7 10 8 2 9 
20180630736 2 5 8 1 9 3 10 6 7 4 
20180630737 9 8 2 10 4 6 5 1 7 3 
20180630738 2 10 8 7 3 1 6 9 4 5 
20180630739 7 5 3 10 9 4 2 8 1 6 
20180630740 5 3 1 7 4 9 8 10 2 6 
20180630741 3 4 2 1 7 5 6 10 8 9 
20180630742 6 10 4 5 3 9 2 1 7 8 
20180630743 8 5 9 7 3 6 4 1 10 2 
20180630744 3 7 8 4 10 2 9 1 5 6 
20180630745 4 10 9 1 8 6 3 5 2 7 
20180630746 9 6 4 8 7 1 3 2 5 10 
20180630747 8 3 7 5 2 4 9 10 6 1 
20180630748 3 5 10 1 4 7 8 9 2 6 
20180630749 2 3 6 8 5 1 10 9 4 7 
20180630750 1 7 10 2 4 8 5 6 9 3 
20180630751 10 8 3 5 2 9 4 7 6 1 
20180630752 8 5 7 4 9 10 2 3 6 1 
20180630753 5 1 6 9 10 3 7 8 4 2 
20180630754 4 7 10 9 8 3 1 5 2 6 
20180630755 8 2 3 7 9 10 1 6 5 4 
20180630756 3 10 4 6 7 1 9 5 2 8 
20180630757 9 10 7 3 6 1 8 2 5 4 
20180630758 7 2 6 8 1 4 3 10 5 9 
20180630759 4 1 2 8 9 7 10 5 6 3 
20180630760 5 10 8 6 7 4 3 1 9 2 
20180630761 8 3 10 1 7 5 9 6 4 2 
20180630762 5 10 8 6 1 2 4 7 9 3 
20180630763 5 2 7 4 10 3 6 1 9 8 
20180630764 10 2 4 9 8 1 3 6 5 7 
20180630765 7 4 1 8 9 10 3 2 5 6 
20180630766 3 7 4 8 2 9 1 10 5 6 
20180630767 7 1 5 4 8 2 3 6 10 9 
20180630768 8 7 9 5 4 6 3 1 10 2 
20180630769 8 5 2 9 1 3 10 4 7 6 
20180630770 1 6 7 2 8 3 10 5 9 4 
20180630771 3 8 2 6 1 9 10 7 4 5 
20180630772 2 1 6 9 3 10 5 8 4 7 
20180630773 10 1 5 7 8 3 4 6 2 9 
20180630774 9 7 10 2 1 5 3 4 8 6 
20180630775 2 7 4 5 6 9 1 10 8 3 
20180630776 6 8 7 10 1 9 2 5 3 4 
20180630777 5 8 3 4 2 6 9 10 1 7 
20180630778 9 8 6 4 5 2 3 7 1 10 
20180630779 4 6 5 3 8 9 7 2 10 1 
20180630780 4 2 7 9 10 3 5 8 1 6 
20180630781 9 3 4 5 1 8 2 6 10 7 
20180630782 9 7 10 4 1 2 3 5 6 8 
20180630783 1 4 5 2 6 10 8 3 9 7 
20180630784 7 10 5 2 4 3 1 9 8 6 
20180630785 7 8 1 2 6 3 9 4 10 5 
20180630786 5 2 3 1 6 10 4 8 9 7 
20180630787 8 7 5 10 6 1 3 9 4 2 
20180630788 5 2 9 3 10 7 8 1 6 4 
20180630789 1 5 2 4 6 10 7 9 3 8 
20180630790 9 3 2 5 1 7 4 6 8 10 
20180630791 10 5 1 3 2 8 4 7 9 6 
20180630792 6 3 1 10 4 7 8 2 9 5 
20180630793 7 2 4 6 1 9 5 8 10 3 
20180630794 2 3 8 6 5 10 1 4 9 7 
20180630795 4 10 1 2 3 5 8 6 9 7 
20180630796 9 8 6 1 4 10 7 3 2 5 
20180630797 5 2 9 6 4 3 7 10 8 1 
20180630798 5 3 4 1 7 6 8 9 10 2 
20180630799 4 8 1 10 6 2 7 5 9 3 
20180630800 9 10 1 7 8 5 6 3 4 2 
20180630801 2 1 10 8 6 7 3 4 9 5 
20180630802 10 5 9 8 6 2 1 7 4 3 
20180630803 6 1 5 8 4 10 7 2 3 9 
20180630804 5 6 3 9 4 10 1 7 2 8 
20180630805 7 8 9 1 10 3 6 5 4 2 
20180630806 9 8 7 5 2 1 6 3 4 10 
20180630807 2 5 9 7 1 3 6 10 4 8 
20180630808 2 3 5 8 6 4 1 9 10 7 
20180630809 9 2 6 8 10 3 4 7 1 5 
20180630810 2 10 9 5 1 4 3 6 7 8 
20180630811 1 10 7 4 2 3 6 8 5 9 
20180630812 9 7 5 6 4 1 2 8 3 10 
20180630813 8 1 2 9 10 4 3 5 7 6 
20180630814 1 7 10 4 3 9 8 6 2 5 
20180630815 8 10 7 3 4 9 6 5 1 2 
20180630816 10 9 5 6 8 3 7 1 2 4 
20180630817 8 7 5 1 10 6 9 2 4 3 
20180630818 2 6 10 5 7 8 4 3 9 1 
20180630819 2 1 10 6 3 5 8 7 4 9 
20180630820 6 8 1 7 4 5 9 10 2 3 
20180630821 10 3 2 4 6 9 5 8 1 7 
20180630822 3 4 9 1 6 5 10 7 8 2 
20180630823 7 2 5 1 3 10 8 6 4 9 
20180630824 8 10 6 9 3 1 2 7 5 4 
20180630825 9 3 6 4 7 5 8 10 1 2 
20180630826 7 2 5 8 6 9 10 3 4 1 
20180630827 2 6 3 4 9 1 10 8 7 5 
20180630828 7 10 8 9 3 4 5 2 1 6 
20180630829 7 2 4 8 3 10 5 9 6 1 
20180630830 3 6 9 10 5 1 8 7 4 2 
20180630831 1 5 3 4 9 10 2 8 6 7 
20180630832 8 9 3 5 2 6 7 4 1 10 
20180630833 5 10 1 4 3 7 6 8 2 9 
20180630834 9 7 2 8 3 1 5 6 4 10 
20180630835 3 8 7 2 1 5 6 9 4 10 
20180630836 2 6 10 9 1 3 8 4 7 5 
20180630837 8 4 5 2 1 7 9 6 10 3 
20180630838 2 3 1 10 5 7 8 9 4 6 
20180630839 10 9 1 7 4 3 8 6 5 2 
20180630840 6 7 4 10 9 5 8 2 3 1 
20180630841 1 5 9 6 3 7 8 10 2 4 
20180630842 1 9 10 6 5 7 8 3 4 2 
20180630843 6 8 2 3 7 4 1 9 10 5 
20180630844 1 6 5 4 10 7 2 9 3 8 
20180630845 6 8 1 7 3 9 5 4 10 2 
20180630846 8 5 9 2 7 1 3 4 6 10 
20180630847 1 4 7 8 9 3 2 6 10 5 
20180630848 6 4 7 2 8 5 9 10 1 3 
20180630849 5 8 9 2 1 10 7 3 4 6 
20180630850 9 4 2 7 5 6 1 3 10 8 
20180630851 3 8 7 5 10 6 4 1 2 9 
20180630852 8 9 1 4 3 5 10 6 7 2 
20180630853 10 4 1 8 6 7 3 2 9 5 
20180630854 5 4 1 3 10 7 6 8 9 2 
20180630855 7 1 3 6 2 9 4 10 5 8 
20180630856 4 9 6 3 7 10 2 8 5 1 
20180630857 8 9 7 5 2 3 4 1 10 6 
20180630858 7 4 1 6 3 8 10 5 2 9 
20180630859 2 8 1 3 10 5 7 6 9 4 
20180630860 10 3 6 9 2 1 7 5 4 8 
20180630861 4 6 7 1 3 9 2 8 10 5 
20180630862 4 8 10 2 6 3 1 7 5 9 
20180630863 5 7 8 6 4 10 3 9 1 2 
20180630864 8 3 9 7 6 10 4 1 2 5 
20180630865 2 9 3 10 8 4 1 6 7 5 
20180630866 10 6 1 8 2 9 4 5 7 3 
20180630867 10 6 2 8 7 1 4 3 5 9 
20180630868 2 3 9 5 7 8 4 6 10 1 
20180630869 6 10 8 7 3 1 9 5 2 4 
20180630870 6 2 9 5 4 3 7 10 8 1 
20180630871 9 5 8 10 2 4 6 1 3 7 
20180630872 2 5 7 6 1 9 10 3 4 8 
20180630873 8 9 3 2 4 1 7 10 6 5 
20180630874 2 10 4 1 8 3 6 7 5 9 
20180630875 4 3 2 10 1 8 7 5 6 9 
20180630876 6 3 9 2 7 5 8 1 4 10 
20180630877 2 4 7 3 10 5 9 8 6 1 
20180630878 3 9 4 2 1 6 10 8 5 7 
20180630879 8 4 2 5 10 7 9 3 1 6 
20180630880 10 4 8 3 7 1 5 6 9 2 
20180630881 7 6 10 9 5 2 3 1 8 4 
20180630882 5 10 6 2 7 4 9 8 3 1 
20180630883 8 9 3 4 7 6 5 2 10 1 
20180630884 2 1 10 4 9 5 6 8 7 3 
20180630885 10 6 4 8 2 7 3 1 5 9 
20180630886 6 2 4 3 10 5 9 8 1 7 
20180630887 4 1 5 2 9 6 8 10 7 3 
20180630888 10 1 7 2 9 3 6 5 8 4 
20180630889 5 7 10 3 4 8 9 6 2 1 
20180630890 9 2 1 6 5 3 8 7 4 10 
20180630891 8 3 1 2 6 9 7 4 5 10 
20180630892 10 4 5 2 1 8 6 3 7 9 
20180630893 9 1 5 7 2 8 10 4 6 3 
20180630894 7 4 2 8 1 9 6 5 3 10 
20180630895 2 5 4 10 9 1 8 7 6 3 
20180630896 5 3 2 9 1 7 6 10 8 4 
20180630897 3 5 1 10 9 7 2 8 6 4 
20180630898 10 6 1 4 8 2 7 9 5 3 
20180630899 4 9 7 3 6 1 5 8 10 2 
20180630900 8 3 10 2 7 5 1 4 6 9 
20180630901 8 1 7 6 5 3 2 10 9 4 
20180630902 2 6 9 5 8 10 7 4 1 3 
20180630903 3 10 6 2 4 8 5 9 7 1 
20180630904 7 2 6 1 4 5 3 8 10 9 
20180630905 3 5 8 4 6 10 9 1 7 2 
20180630906 1 4 5 3 7 9 2 10 8 6 
20180630907 1 2 4 5 9 8 10 3 6 7 
20180630908 10 7 5 6 2 1 4 9 3 8 
20180630909 9 10 8 5 3 6 2 4 7 1 
20180630910 7 3 2 4 8 9 5 10 1 6 
20180630911 3 4 2 9 5 1 10 7 6 8 
20180630912 10 8 6 4 3 9 5 2 7 1 
20180630913 2 8 3 1 6 9 4 5 7 10 
20180630914 2 6 1 5 3 9 7 4 8 10 
20180630915 5 8 2 4 10 3 1 6 7 9 
20180630916 3 4 5 8 10 6 1 9 2 7 
20180630917 2 6 8 5 10 7 9 3 1 4 
20180630918 7 9 1 6 10 4 5 2 3 8 
20180630919 5 2 1 3 10 7 6 9 4 8 
20180630920 6 10 8 3 1 2 9 7 5 4 
20180630921 6 8 9 3 10 2 4 1 5 7 
20180630922 2 3 4 7 10 1 9 5 6 8 
20180630923 6 8 2 1 4 9 7 3 5 10 
20180630924 6 1 4 2 10 9 5 7 8 3 
20180630925 10 8 3 9 6 5 4 2 1 7 
20180630926 9 3 2 1 5 7 6 4 10 8 
20180630927 5 10 7 2 6 9 1 8 3 4 
20180630928 7 8 6 2 5 3 9 1 10 4 
20180630929 1 6 8 2 5 4 7 9 10 3 
20180630930 9 4 3 6 8 2 7 5 10 1 
20180630931 9 10 4 1 7 8 5 3 2 6 
20180630932 6 5 4 1 9 10 8 2 7 3 
20180630933 4 8 1 2 3 7 6 10 9 5 
20180630934 6 5 2 3 8 7 9 10 1 4 
20180630935 2 6 8 7 4 3 5 9 1 10 
20180630936 5 1 8 6 9 7 3 2 4 10 
20180630937 9 4 2 5 3 8 10 6 7 1 
20180630938 8 10 7 4 5 6 3 1 9 2 
20180630939 9 7 3 5 4 10 1 8 6 2 
20180630940 1 7 10 2 8 3 4 9 5 6 
20180630941 1 4 5 9 10 2 6 3 7 8 
20180630942 4 3 6 7 10 9 2 8 1 5 
20180630943 6 1 4 8 7 2 9 5 10 3 
20180630944 7 4 8 3 2 10 6 9 1 5 
20180630945 5 3 6 10 1 8 2 7 9 4 
20180630946 8 3 1 5 10 7 9 2 4 6 
20180630947 1 3 7 4 6 5 10 2 8 9 
20180630948 8 1 10 7 3 9 4 2 6 5 
20180630949 10 7 2 1 8 3 6 5 9 4 
20180630950 2 9 8 3 6 4 5 10 1 7 
20180630951 5 9 6 4 7 8 10 1 2 3 
20180630952 3 2 4 7 5 6 9 1 10 8 
20180630953 6 2 3 1 5 10 8 9 4 7 
20180630954 2 10 4 5 6 8 3 7 1 9 
20180630955 2 8 10 6 4 3 9 7 5 1 
20180630956 9 6 4 1 3 8 2 5 10 7 
20180630957 10 9 3 4 8 1 6 5 2 7 
20180630958 8 1 4 5 2 9 7 6 3 10 
20180630959 1 6 10 4 9 7 5 8 3 2 
20180630960 8 1 4 10 7 2 6 5 3 9 
20180630961 3 1 9 2 10 4 6 7 5 8 
20180630962 4 5 9 6 8 3 1 2 7 10 
20180630963 5 2 6 7 1 4 10 8 3 9 
20180630964 10 6 5 3 9 1 8 4 7 2 
20180630965 4 2 6 10 7 8 5 1 9 3 
20180630966 4 5 10 9 6 1 3 2 8 7 
20180630967 8 4 3 10 7 1 9 5 2 6 
20180630968 2 10 9 1 5 4 3 6 7 8 
20180630969 10 5 8 2 1 7 3 9 4 6 
20180630970 7 3 8 10 5 9 1 2 4 6 
20180630971 10 1 9 4 7 6 5 3 8 2 
20180630972 1 7 6 5 3 9 4 10 8 2 
20180630973 6 7 9 4 5 2 1 8 3 10 
20180630974 2 10 6 9 1 7 5 8 3 4 
20180630975 6 10 7 3 2 4 1 5 8 9 
20180630976 6 4 1 10 8 5 7 3 2 9 
20180630977 2 6 10 5 1 3 4 8 7 9 
20180630978 1 6 2 9 10 5 8 7 4 3 
20180630979 4 7 8 1 2 6 3 9 5 10 
20180630980 10 5 7 4 6 2 1 3 8 9 
20180630981 9 1 8 7 6 2 4 5 3 10 
20180630982 1 2 8 10 3 6 5 7 4 9 
20180630983 5 6 3 7 2 10 8 4 9 1 
20180630984 3 4 10 1 2 7 6 5 8 9 
20180630985 10 6 4 3 7 1 8 2 9 5 
