20180622001 1 9 7 10 8 6 2 3 4 5 
20180622002 2 3 7 9 6 1 4 5 8 10 
20180622003 4 10 2 3 6 8 7 5 9 1 
20180622004 5 2 10 9 4 6 3 7 1 8 
20180622005 3 10 1 7 6 5 2 8 4 9 
20180622006 4 6 3 9 10 2 8 1 5 7 
20180622007 10 6 5 8 1 7 3 2 4 9 
20180622008 5 2 8 3 10 7 9 4 6 1 
20180622009 8 10 6 7 2 1 3 4 9 5 
20180622010 6 5 4 1 10 9 2 7 3 8 
20180622011 9 4 10 5 6 8 1 7 2 3 
20180622012 5 7 1 4 10 6 2 9 8 3 
20180622013 4 5 7 3 10 2 9 1 6 8 
20180622014 4 9 2 7 3 10 6 8 5 1 
20180622015 1 5 10 2 6 4 7 8 3 9 
20180622016 4 3 10 2 7 8 6 9 5 1 
20180622017 5 8 1 6 7 9 4 3 10 2 
20180622018 10 1 6 9 2 7 5 8 4 3 
20180622019 10 7 1 5 2 6 4 3 8 9 
20180622020 5 4 10 3 6 1 7 8 2 9 
20180622021 8 2 9 10 5 4 7 3 1 6 
20180622022 5 7 6 8 9 2 10 3 1 4 
20180622023 5 2 3 8 4 9 10 7 1 6 
20180622024 6 4 5 3 9 10 8 2 1 7 
20180622025 8 5 1 4 10 3 6 7 9 2 
20180622026 3 5 7 9 1 8 10 4 2 6 
20180622027 10 6 5 8 1 4 9 2 7 3 
20180622028 1 2 10 9 4 8 3 6 7 5 
20180622029 3 6 5 2 1 8 7 9 10 4 
20180622030 7 4 2 8 5 1 3 9 6 10 
20180622031 3 9 5 10 8 7 1 2 4 6 
20180622032 3 7 6 1 5 4 2 8 10 9 
20180622033 9 4 5 2 6 3 1 8 10 7 
20180622034 8 2 3 9 7 1 10 6 4 5 
20180622035 4 10 8 3 7 2 1 9 6 5 
20180622036 1 3 5 10 4 9 8 6 7 2 
20180622037 4 8 9 6 10 3 5 2 7 1 
20180622038 3 8 5 9 7 10 4 6 2 1 
20180622039 1 5 9 7 8 2 10 6 4 3 
20180622040 6 10 8 1 7 9 2 4 5 3 
20180622041 1 4 5 10 8 3 7 2 9 6 
20180622042 4 7 2 6 9 8 3 10 1 5 
20180622043 4 10 5 6 3 9 8 2 7 1 
20180622044 3 4 8 5 6 9 7 1 2 10 
20180622045 10 2 9 4 1 6 5 8 7 3 
20180622046 8 10 4 2 1 9 3 6 7 5 
20180622047 8 1 9 4 6 7 5 3 10 2 
20180622048 9 5 6 1 3 8 2 7 4 10 
20180622049 2 1 3 5 7 9 8 6 10 4 
20180622050 1 8 7 9 3 2 5 10 4 6 
20180622051 10 2 4 1 8 6 7 5 3 9 
20180622052 6 5 2 7 10 4 3 1 9 8 
20180622053 4 6 9 8 7 5 10 2 3 1 
20180622054 2 7 5 9 3 10 6 1 8 4 
20180622055 3 2 9 7 10 1 8 6 5 4 
20180622056 10 8 9 6 3 7 1 5 2 4 
20180622057 10 6 5 2 4 7 1 8 3 9 
20180622058 1 3 4 7 9 8 5 6 10 2 
20180622059 2 9 5 10 8 4 3 1 7 6 
20180622060 8 1 10 7 9 5 2 4 3 6 
20180622061 6 7 5 10 2 8 4 1 9 3 
20180622062 1 5 3 7 8 2 10 9 6 4 
20180622063 2 3 4 9 5 6 1 7 8 10 
20180622064 3 5 4 10 8 7 1 9 2 6 
20180622065 5 6 1 4 10 7 2 9 3 8 
20180622066 8 1 3 10 2 5 9 4 6 7 
20180622067 1 8 10 3 4 7 5 9 6 2 
20180622068 1 9 7 2 4 6 3 5 10 8 
20180622069 1 7 9 2 4 10 6 8 5 3 
20180622070 9 2 4 10 8 6 7 5 3 1 
20180622071 6 2 4 7 10 8 3 1 9 5 
20180622072 8 6 4 3 9 1 7 10 2 5 
20180622073 5 9 7 2 10 1 6 8 4 3 
20180622074 8 3 2 9 4 7 6 10 1 5 
20180622075 8 7 6 1 3 4 10 9 5 2 
20180622076 4 3 6 1 2 7 9 5 10 8 
20180622077 6 1 2 4 5 3 10 9 8 7 
20180622078 9 2 5 1 8 7 3 10 6 4 
20180622079 4 5 2 9 10 1 7 3 8 6 
20180622080 7 10 1 8 2 4 3 5 9 6 
20180622081 6 1 9 4 10 3 2 5 8 7 
20180622082 10 8 7 1 9 2 4 6 5 3 
20180622083 5 1 4 7 2 10 8 3 9 6 
20180622084 7 9 10 8 6 3 4 5 1 2 
20180622085 4 3 5 6 2 7 1 9 10 8 
20180622086 5 8 6 4 9 2 3 7 10 1 
20180622087 4 3 8 9 7 10 6 2 1 5 
20180622088 9 2 8 7 6 10 5 1 4 3 
20180622089 10 8 6 1 7 5 9 3 2 4 
20180622090 1 4 7 6 2 9 8 3 5 10 
20180622091 2 6 4 3 9 1 8 10 7 5 
20180622092 7 6 3 9 5 8 2 10 1 4 
20180622093 10 4 8 9 6 2 3 1 7 5 
20180622094 4 6 9 8 1 3 7 10 2 5 
20180622095 3 7 9 8 1 4 5 2 10 6 
20180622096 2 1 8 9 4 6 3 10 7 5 
20180622097 4 9 5 3 8 10 2 6 1 7 
20180622098 1 6 10 9 3 2 8 4 5 7 
20180622099 3 4 8 2 1 10 5 7 9 6 
20180622100 7 3 6 8 1 10 5 9 4 2 
20180622101 9 5 3 8 10 4 6 2 7 1 
20180622102 2 4 6 5 10 8 7 3 9 1 
20180622103 6 1 10 2 5 4 3 9 7 8 
20180622104 5 2 3 10 4 1 8 9 6 7 
20180622105 2 6 7 10 5 9 1 4 3 8 
20180622106 8 2 6 1 4 3 10 7 9 5 
20180622107 8 9 1 10 6 4 7 3 2 5 
20180622108 8 9 10 3 4 5 1 7 2 6 
20180622109 3 1 2 5 7 9 6 8 4 10 
20180622110 9 4 7 1 2 10 6 8 5 3 
20180622111 9 6 8 3 1 5 7 10 4 2 
20180622112 8 1 2 6 4 10 9 7 5 3 
20180622113 4 10 7 2 1 3 9 8 6 5 
20180622114 9 7 3 2 1 10 4 8 5 6 
20180622115 10 5 2 7 6 1 4 3 8 9 
20180622116 2 10 8 6 5 9 3 7 1 4 
20180622117 10 4 1 2 9 3 5 8 6 7 
20180622118 1 9 7 4 10 2 6 5 3 8 
20180622119 9 10 4 5 8 6 1 3 7 2 
20180622120 3 7 2 8 5 9 4 6 1 10 
20180622121 2 6 5 4 1 3 7 8 9 10 
20180622122 5 3 2 4 6 7 9 8 1 10 
20180622123 7 2 5 9 6 3 10 8 1 4 
20180622124 9 2 5 10 6 4 3 8 7 1 
20180622125 6 1 4 3 2 7 10 5 9 8 
20180622126 7 1 5 4 6 10 8 3 2 9 
20180622127 3 10 9 8 4 6 2 1 7 5 
20180622128 9 10 2 8 3 5 6 7 1 4 
20180622129 6 1 4 3 10 5 9 7 8 2 
20180622130 8 7 3 10 4 6 9 2 5 1 
20180622131 2 1 5 10 8 4 3 6 7 9 
20180622132 10 8 4 2 7 3 6 5 9 1 
20180622133 7 4 9 10 6 8 3 1 5 2 
20180622134 7 2 1 10 4 9 5 6 8 3 
20180622135 7 2 4 3 1 8 9 6 5 10 
20180622136 9 5 3 2 7 8 10 6 1 4 
20180622137 5 1 9 2 6 4 3 10 7 8 
20180622138 7 5 4 2 6 8 9 3 1 10 
20180622139 7 9 2 8 4 3 5 6 1 10 
20180622140 10 5 7 3 2 1 9 8 6 4 
20180622141 6 4 7 8 2 5 10 3 1 9 
20180622142 10 2 9 4 8 6 1 7 3 5 
20180622143 1 10 2 3 4 9 8 5 7 6 
20180622144 2 4 1 10 5 6 3 8 7 9 
20180622145 10 5 2 6 8 9 3 1 7 4 
20180622146 4 2 3 10 1 8 7 9 5 6 
20180622147 8 7 9 6 4 3 5 10 1 2 
20180622148 6 2 4 5 1 7 9 8 10 3 
20180622149 1 9 8 3 4 10 2 7 5 6 
20180622150 1 9 7 8 2 3 6 5 4 10 
20180622151 8 10 7 4 9 2 1 6 3 5 
20180622152 7 4 1 5 3 10 9 8 6 2 
20180622153 5 9 2 10 1 4 7 8 6 3 
20180622154 9 3 6 10 7 4 2 8 5 1 
20180622155 5 3 7 9 4 2 8 10 1 6 
20180622156 4 10 1 9 7 3 2 8 6 5 
20180622157 9 6 4 10 5 8 1 7 2 3 
20180622158 1 8 7 10 4 9 3 2 5 6 
20180622159 3 8 7 1 6 5 2 4 10 9 
20180622160 6 4 2 1 5 7 10 9 8 3 
20180622161 10 9 4 2 5 1 3 8 6 7 
20180622162 8 7 1 2 5 6 9 4 3 10 
20180622163 4 1 8 7 3 6 5 9 10 2 
20180622164 5 6 9 10 7 4 2 8 1 3 
20180622165 10 8 1 6 2 3 5 9 4 7 
20180622166 5 9 7 6 10 8 3 1 4 2 
20180622167 4 3 1 9 7 6 5 8 2 10 
20180622168 9 10 7 8 1 6 2 5 4 3 
20180622169 10 1 4 8 9 2 5 6 3 7 
20180622170 2 7 5 3 10 9 6 1 4 8 
20180622171 5 10 2 1 3 4 6 9 7 8 
20180622172 8 4 10 2 7 6 9 1 3 5 
20180622173 10 7 4 2 6 5 8 9 1 3 
20180622174 1 3 8 2 5 10 7 4 6 9 
20180622175 4 3 1 10 5 8 7 2 9 6 
20180622176 6 3 10 9 7 2 1 8 5 4 
20180622177 7 2 4 3 5 9 8 6 1 10 
20180622178 4 2 5 10 1 3 7 8 6 9 
20180622179 5 3 9 2 1 6 10 7 8 4 
20180622180 2 9 5 6 3 7 1 4 8 10 
20180622181 1 10 2 6 7 5 4 8 3 9 
20180622182 8 10 3 2 6 5 1 7 4 9 
20180622183 6 10 8 2 5 7 3 4 9 1 
20180622184 4 1 7 10 6 2 8 9 3 5 
20180622185 1 9 3 2 6 4 5 8 7 10 
20180622186 4 8 6 3 2 10 7 1 9 5 
20180622187 7 8 4 5 9 10 2 6 3 1 
20180622188 6 1 4 7 10 5 8 9 2 3 
20180622189 3 6 1 7 4 5 2 9 10 8 
20180622190 5 3 6 7 8 9 10 1 4 2 
20180622191 5 3 10 2 4 7 9 8 1 6 
20180622192 5 9 3 4 8 6 7 10 1 2 
20180622193 8 3 4 1 5 6 7 10 9 2 
20180622194 10 2 6 5 3 1 8 7 4 9 
20180622195 5 4 1 8 7 9 6 2 3 10 
20180622196 1 2 3 10 4 7 6 5 8 9 
20180622197 2 7 4 9 3 6 1 5 8 10 
20180622198 10 9 3 2 8 5 6 1 4 7 
20180622199 4 3 10 7 9 6 1 2 8 5 
20180622200 6 3 5 8 7 9 2 10 1 4 
20180622201 1 6 5 4 7 2 10 9 3 8 
20180622202 4 3 1 6 5 7 9 8 2 10 
20180622203 9 6 8 5 7 4 2 3 10 1 
20180622204 9 3 5 10 2 4 1 7 8 6 
20180622205 6 7 2 3 4 1 10 9 5 8 
20180622206 1 4 5 9 7 10 6 8 3 2 
20180622207 5 3 7 2 10 4 1 9 6 8 
20180622208 6 5 4 1 2 10 9 7 3 8 
20180622209 5 10 3 1 4 2 7 9 8 6 
20180622210 6 4 8 1 10 9 2 7 5 3 
20180622211 1 3 10 9 5 4 7 2 8 6 
20180622212 3 6 2 9 5 10 4 7 8 1 
20180622213 5 4 1 2 3 8 6 10 9 7 
20180622214 6 10 7 5 3 1 8 2 4 9 
20180622215 9 7 3 2 8 1 5 6 4 10 
20180622216 8 5 1 7 9 6 2 3 4 10 
20180622217 6 9 3 8 7 2 5 10 4 1 
20180622218 3 7 6 10 5 9 8 2 1 4 
20180622219 10 6 5 8 9 3 1 7 2 4 
20180622220 3 2 4 1 7 5 9 8 6 10 
20180622221 5 8 4 9 1 2 10 3 7 6 
20180622222 3 1 8 6 7 2 4 10 5 9 
20180622223 3 8 6 2 9 7 4 5 10 1 
20180622224 7 9 5 6 3 4 8 10 1 2 
20180622225 5 4 3 6 1 8 7 10 2 9 
20180622226 4 1 8 10 6 9 7 2 5 3 
20180622227 6 2 7 5 3 1 9 4 8 10 
20180622228 7 1 10 8 5 4 2 3 6 9 
20180622229 9 6 3 7 5 8 10 4 2 1 
20180622230 7 4 6 1 2 3 9 5 8 10 
20180622231 1 4 5 10 3 7 6 8 2 9 
20180622232 10 1 9 8 3 5 4 7 2 6 
20180622233 10 1 8 2 9 3 6 7 5 4 
20180622234 1 6 4 2 5 8 9 7 3 10 
20180622235 5 3 7 2 4 10 9 6 8 1 
20180622236 7 8 1 10 9 2 5 4 6 3 
20180622237 7 3 5 2 4 8 10 1 6 9 
20180622238 3 1 9 7 10 8 6 4 2 5 
20180622239 10 2 8 9 1 5 4 3 6 7 
20180622240 2 8 6 5 1 7 9 3 10 4 
20180622241 1 5 6 3 8 2 4 9 7 10 
20180622242 10 6 1 8 5 7 3 9 4 2 
20180622243 9 5 6 10 8 7 3 2 1 4 
20180622244 7 2 3 1 9 8 6 10 4 5 
20180622245 7 8 6 5 10 2 1 4 3 9 
20180622246 4 10 3 8 1 7 2 6 9 5 
20180622247 9 5 3 2 10 1 6 7 4 8 
20180622248 7 2 3 9 5 1 4 8 10 6 
20180622249 4 9 2 1 10 8 3 6 5 7 
20180622250 5 2 9 1 8 10 4 7 3 6 
20180622251 4 6 7 10 5 8 1 2 3 9 
20180622252 5 1 10 7 2 6 3 8 4 9 
20180622253 2 4 6 7 3 9 5 10 1 8 
20180622254 8 3 1 9 7 6 5 10 2 4 
20180622255 3 8 4 7 2 1 5 6 9 10 
20180622256 5 9 7 3 1 2 6 4 8 10 
20180622257 10 5 9 1 7 2 4 8 6 3 
20180622258 9 10 4 7 6 8 5 3 2 1 
20180622259 5 3 8 6 9 1 2 4 7 10 
20180622260 3 9 2 7 6 4 8 5 10 1 
20180622261 7 10 6 4 3 5 9 1 8 2 
20180622262 7 8 10 1 6 3 2 9 5 4 
20180622263 3 1 8 9 7 2 5 4 10 6 
20180622264 5 1 3 8 6 7 10 9 4 2 
20180622265 7 5 8 4 2 3 9 6 1 10 
20180622266 9 8 1 10 2 7 3 5 6 4 
20180622267 8 10 9 1 6 4 2 3 7 5 
20180622268 7 9 4 6 5 8 3 10 2 1 
20180622269 9 3 4 8 7 1 5 2 10 6 
20180622270 7 10 4 6 9 5 3 8 1 2 
20180622271 5 4 8 9 7 1 3 6 10 2 
20180622272 4 8 10 2 6 3 5 7 1 9 
20180622273 10 4 3 1 2 8 7 9 5 6 
20180622274 9 8 5 4 1 2 6 7 3 10 
20180622275 6 1 10 8 9 5 3 2 7 4 
20180622276 10 3 5 4 8 6 7 2 9 1 
20180622277 5 7 1 3 8 10 9 6 2 4 
20180622278 6 7 3 5 9 4 8 2 1 10 
20180622279 1 7 5 3 6 8 10 9 2 4 
20180622280 6 5 9 4 8 7 10 3 2 1 
20180622281 7 1 5 8 3 6 9 2 10 4 
20180622282 4 5 3 7 1 10 8 2 6 9 
20180622283 4 10 6 8 5 1 3 2 7 9 
20180622284 8 6 1 9 4 7 5 2 10 3 
20180622285 3 7 9 4 2 10 8 1 5 6 
20180622286 1 5 3 4 8 6 9 7 10 2 
20180622287 10 2 7 6 3 4 5 8 9 1 
20180622288 6 4 2 10 8 7 3 9 5 1 
20180622289 5 7 4 3 10 6 1 9 8 2 
20180622290 5 4 2 7 1 6 3 10 8 9 
20180622291 10 2 3 1 9 8 6 4 7 5 
20180622292 9 8 10 5 4 2 7 1 6 3 
20180622293 9 3 10 1 8 4 7 5 6 2 
20180622294 10 3 2 6 8 5 1 4 9 7 
20180622295 7 9 10 8 2 3 4 6 5 1 
20180622296 3 7 4 10 9 2 8 6 1 5 
20180622297 2 5 9 7 4 8 1 6 3 10 
20180622298 3 2 9 5 7 8 4 10 6 1 
20180622299 4 3 1 10 5 8 2 7 6 9 
20180622300 7 1 6 9 10 3 5 2 4 8 
20180622301 5 4 8 10 9 7 3 1 6 2 
20180622302 9 1 2 7 3 6 5 8 4 10 
20180622303 2 4 7 5 6 8 1 10 9 3 
20180622304 7 5 8 6 1 9 3 10 2 4 
20180622305 4 2 6 3 10 9 8 7 5 1 
20180622306 4 3 8 1 9 7 2 10 5 6 
20180622307 6 2 9 10 4 7 3 8 1 5 
20180622308 6 5 10 9 7 1 4 2 3 8 
20180622309 5 2 4 8 1 7 6 9 10 3 
20180622310 5 1 9 7 6 2 4 3 10 8 
20180622311 4 1 5 10 2 9 7 6 3 8 
20180622312 8 4 7 6 9 1 2 10 5 3 
20180622313 9 1 2 10 3 7 5 6 8 4 
20180622314 2 3 4 10 8 7 6 1 9 5 
20180622315 1 2 5 4 6 8 10 9 3 7 
20180622316 10 3 2 9 7 6 5 4 8 1 
20180622317 6 7 1 3 8 10 2 4 9 5 
20180622318 9 4 10 8 7 3 1 2 5 6 
20180622319 4 5 6 7 9 3 8 1 10 2 
20180622320 10 7 3 1 9 8 2 4 5 6 
20180622321 8 10 7 4 5 2 1 3 9 6 
20180622322 6 1 3 7 9 8 10 2 4 5 
20180622323 8 3 7 10 9 6 2 1 4 5 
20180622324 10 5 7 3 8 6 9 4 1 2 
20180622325 9 1 6 5 8 10 4 7 2 3 
20180622326 1 2 3 6 9 7 5 8 4 10 
20180622327 9 2 5 10 4 8 7 1 3 6 
20180622328 10 6 2 3 7 8 1 5 9 4 
20180622329 5 3 7 2 6 1 8 4 10 9 
20180622330 10 2 1 8 5 6 4 9 7 3 
20180622331 2 6 10 9 7 1 5 3 4 8 
20180622332 2 4 6 7 8 3 5 1 9 10 
20180622333 7 2 1 10 8 5 3 6 9 4 
20180622334 7 9 3 10 6 2 5 8 4 1 
20180622335 10 2 6 8 9 3 5 1 4 7 
20180622336 9 2 8 4 1 10 5 6 3 7 
20180622337 6 2 8 3 1 9 10 5 4 7 
20180622338 3 1 9 7 6 2 10 5 8 4 
20180622339 7 2 4 8 6 10 3 9 1 5 
20180622340 1 2 7 3 6 10 4 9 5 8 
20180622341 1 6 3 2 8 4 7 10 5 9 
20180622342 3 4 8 7 1 10 5 9 6 2 
20180622343 5 7 4 8 2 9 6 1 10 3 
20180622344 7 10 9 8 1 4 2 3 5 6 
20180622345 2 6 3 10 8 4 7 5 1 9 
20180622346 4 6 2 7 1 5 10 3 8 9 
20180622347 2 4 10 7 9 8 6 1 5 3 
20180622348 6 5 7 4 1 9 8 2 10 3 
20180622349 9 10 5 7 4 1 3 2 8 6 
20180622350 3 2 5 1 6 7 8 9 10 4 
20180622351 1 2 9 3 8 4 6 5 10 7 
20180622352 2 5 3 9 6 4 7 8 1 10 
20180622353 10 3 1 6 9 5 2 7 4 8 
20180622354 3 2 7 10 5 6 1 9 4 8 
20180622355 3 4 1 7 10 2 8 5 6 9 
20180622356 6 5 2 7 1 9 4 10 8 3 
20180622357 10 9 3 1 2 5 7 8 4 6 
20180622358 2 10 4 6 7 1 8 5 3 9 
20180622359 1 2 8 6 4 9 3 5 7 10 
20180622360 6 3 7 9 8 5 4 2 10 1 
20180622361 4 2 8 10 1 5 7 3 6 9 
20180622362 1 7 2 10 5 3 6 8 9 4 
20180622363 4 6 9 7 8 1 5 10 3 2 
20180622364 2 10 3 4 9 5 7 6 8 1 
20180622365 9 7 3 1 4 5 2 6 10 8 
20180622366 1 2 3 10 5 4 6 8 7 9 
20180622367 1 9 5 2 8 6 10 4 7 3 
20180622368 3 6 1 4 5 10 2 7 8 9 
20180622369 8 1 4 9 10 5 2 7 6 3 
20180622370 6 7 9 8 1 2 10 4 3 5 
20180622371 1 4 9 2 5 7 8 6 3 10 
20180622372 1 2 10 5 9 6 4 8 7 3 
20180622373 2 3 7 8 6 9 4 10 1 5 
20180622374 3 9 2 6 1 4 7 10 8 5 
20180622375 8 4 2 9 1 3 7 6 5 10 
20180622376 7 10 6 9 8 3 5 4 2 1 
20180622377 3 2 6 10 7 9 4 1 8 5 
20180622378 8 7 5 10 6 4 3 9 2 1 
20180622379 2 1 9 6 7 8 5 4 3 10 
20180622380 2 10 3 9 4 6 5 1 7 8 
20180622381 9 7 3 1 4 10 5 8 2 6 
20180622382 9 8 10 1 5 6 4 7 3 2 
20180622383 10 3 2 9 5 6 4 7 1 8 
20180622384 1 2 3 4 9 10 8 7 5 6 
20180622385 8 5 10 7 3 6 4 1 9 2 
20180622386 1 5 4 8 10 6 3 7 2 9 
20180622387 1 9 8 4 6 10 7 3 2 5 
20180622388 6 7 4 10 2 9 3 8 5 1 
20180622389 6 10 5 8 3 4 9 2 7 1 
20180622390 3 9 7 2 5 4 8 1 6 10 
20180622391 8 1 9 5 6 4 3 10 7 2 
20180622392 2 3 1 7 4 8 6 5 9 10 
20180622393 2 3 9 6 4 5 8 7 10 1 
20180622394 6 10 2 5 1 3 8 9 4 7 
20180622395 4 3 9 2 6 1 8 7 5 10 
20180622396 9 10 7 5 4 3 2 1 6 8 
20180622397 3 5 10 4 7 1 9 2 6 8 
20180622398 10 9 3 8 1 2 7 6 4 5 
20180622399 3 9 10 2 4 8 6 1 7 5 
20180622400 6 10 9 3 1 4 2 8 7 5 
20180622401 1 10 5 2 3 8 9 6 7 4 
20180622402 9 1 5 10 4 8 7 2 6 3 
20180622403 6 1 8 5 7 9 4 10 2 3 
20180622404 8 1 7 5 4 2 10 3 6 9 
20180622405 1 6 5 3 2 9 10 7 8 4 
20180622406 2 5 7 4 9 1 3 8 10 6 
20180622407 9 2 4 1 8 6 7 10 5 3 
20180622408 9 5 4 1 8 3 7 2 6 10 
20180622409 3 2 4 9 7 1 8 10 5 6 
20180622410 7 8 6 9 4 3 10 2 5 1 
20180622411 3 8 7 9 4 2 5 6 1 10 
20180622412 6 10 7 8 9 2 4 3 1 5 
20180622413 5 10 7 4 1 6 3 8 9 2 
20180622414 6 8 1 7 4 10 5 9 2 3 
20180622415 2 3 10 9 7 4 1 5 6 8 
20180622416 1 10 3 8 5 9 2 7 6 4 
20180622417 4 6 9 3 10 7 5 8 2 1 
20180622418 2 6 9 8 4 10 7 3 1 5 
20180622419 5 10 4 1 9 3 6 7 8 2 
20180622420 2 5 4 6 8 1 3 9 7 10 
20180622421 3 10 7 8 6 5 4 9 2 1 
20180622422 6 8 10 2 7 1 4 3 9 5 
20180622423 2 10 7 4 8 1 3 5 9 6 
20180622424 5 3 9 10 6 1 7 2 4 8 
20180622425 6 5 9 4 1 8 2 7 3 10 
20180622426 5 1 9 3 7 4 2 6 10 8 
20180622427 9 1 4 10 6 7 2 8 3 5 
20180622428 4 8 10 3 5 1 7 9 2 6 
20180622429 7 8 9 3 1 2 4 6 10 5 
20180622430 6 2 9 1 7 10 8 4 3 5 
20180622431 4 6 7 8 10 9 5 2 1 3 
20180622432 6 4 7 9 8 1 10 3 2 5 
20180622433 10 1 7 3 4 5 2 9 8 6 
20180622434 4 6 9 8 2 3 1 7 5 10 
20180622435 3 1 9 8 5 4 6 7 2 10 
20180622436 1 2 10 3 7 8 9 6 4 5 
20180622437 8 1 10 4 7 3 5 2 6 9 
20180622438 10 2 3 1 6 5 7 9 4 8 
20180622439 4 10 8 2 1 9 5 7 3 6 
20180622440 4 10 3 2 8 5 1 7 6 9 
20180622441 4 6 10 3 7 2 5 8 9 1 
20180622442 8 4 6 1 7 10 9 2 5 3 
20180622443 1 10 4 3 5 9 7 6 8 2 
20180622444 4 10 8 7 6 1 5 9 3 2 
20180622445 7 1 6 4 9 2 3 8 10 5 
20180622446 1 9 2 4 6 7 10 8 3 5 
20180622447 4 6 1 5 2 7 10 9 3 8 
20180622448 6 4 7 10 2 1 9 3 5 8 
20180622449 6 3 9 2 10 4 8 5 7 1 
20180622450 3 10 6 9 8 7 1 5 2 4 
20180622451 6 10 9 7 4 2 8 3 5 1 
20180622452 3 4 9 5 6 7 10 8 2 1 
20180622453 2 9 7 1 5 10 4 6 3 8 
20180622454 2 5 9 6 8 1 10 7 4 3 
20180622455 5 1 8 6 10 3 9 4 7 2 
20180622456 6 3 1 2 7 10 8 5 4 9 
20180622457 5 3 10 6 7 8 1 4 9 2 
20180622458 8 9 2 5 7 1 3 10 6 4 
20180622459 2 1 3 4 5 8 9 6 10 7 
20180622460 5 9 10 1 7 6 8 2 4 3 
20180622461 9 10 2 4 5 8 3 1 6 7 
20180622462 1 10 8 6 7 2 4 3 9 5 
20180622463 8 3 1 2 7 6 5 10 4 9 
20180622464 1 10 9 3 4 2 5 6 7 8 
20180622465 10 6 1 3 4 5 7 8 9 2 
20180622466 2 9 5 6 10 1 4 7 3 8 
20180622467 1 2 8 4 9 7 3 6 5 10 
20180622468 3 5 7 8 10 9 6 4 1 2 
20180622469 5 4 10 3 7 6 1 2 8 9 
20180622470 1 6 5 4 10 7 2 3 8 9 
20180622471 7 10 1 9 2 6 4 3 8 5 
20180622472 5 8 4 6 7 9 2 10 1 3 
20180622473 10 3 6 7 2 8 5 4 9 1 
20180622474 10 4 6 3 1 8 9 2 7 5 
20180622475 5 3 1 10 8 9 7 2 6 4 
20180622476 10 7 3 8 2 4 1 9 6 5 
20180622477 4 9 10 7 8 1 6 3 5 2 
20180622478 1 2 4 7 10 9 6 8 3 5 
20180622479 9 8 5 3 2 7 4 6 1 10 
20180622480 3 1 8 4 9 10 5 7 2 6 
20180622481 1 6 5 10 7 2 8 3 9 4 
20180622482 4 7 5 9 8 2 6 10 3 1 
20180622483 1 2 6 3 9 10 8 7 4 5 
20180622484 7 2 6 3 8 4 9 1 10 5 
20180622485 6 2 7 8 10 3 1 9 4 5 
20180622486 9 10 3 4 6 8 2 5 1 7 
20180622487 8 2 3 10 1 7 9 4 6 5 
20180622488 7 4 2 9 8 10 6 3 5 1 
20180622489 5 3 10 9 7 8 4 1 2 6 
20180622490 9 7 2 10 5 3 6 4 1 8 
20180622491 2 7 6 1 9 4 5 3 8 10 
20180622492 10 9 3 5 4 7 8 2 6 1 
20180622493 10 8 1 4 2 5 3 9 6 7 
20180622494 4 7 9 6 3 8 10 5 1 2 
20180622495 9 2 1 3 8 5 7 4 10 6 
20180622496 9 2 1 6 10 7 4 5 3 8 
20180622497 5 7 9 2 8 1 10 6 3 4 
20180622498 10 6 8 3 7 4 1 2 5 9 
20180622499 2 8 4 10 3 5 7 6 9 1 
20180622500 3 7 6 10 4 2 9 5 8 1 
20180622501 6 5 8 3 2 7 1 10 4 9 
20180622502 1 5 9 7 8 6 2 3 4 10 
20180622503 1 5 4 8 3 9 6 10 7 2 
20180622504 6 8 5 4 2 9 1 7 3 10 
20180622505 2 6 5 7 3 1 8 4 10 9 
20180622506 9 8 5 7 1 10 6 4 3 2 
20180622507 8 2 9 3 5 10 6 7 4 1 
20180622508 4 10 6 7 9 1 3 8 5 2 
20180622509 1 9 4 6 7 10 8 5 3 2 
20180622510 2 9 6 1 10 7 8 4 5 3 
20180622511 6 5 10 7 4 8 9 3 1 2 
20180622512 10 4 5 3 1 6 8 2 9 7 
20180622513 2 10 5 8 7 3 6 4 9 1 
20180622514 10 6 4 7 2 5 1 3 8 9 
20180622515 6 9 4 3 10 2 5 1 7 8 
20180622516 9 10 7 5 4 1 3 6 8 2 
20180622517 7 5 2 10 4 6 9 1 3 8 
20180622518 4 9 5 6 8 7 1 2 3 10 
20180622519 9 8 1 3 10 5 2 7 6 4 
20180622520 2 8 3 5 10 9 1 7 6 4 
20180622521 8 6 10 4 9 2 3 7 5 1 
20180622522 7 2 6 8 10 9 3 4 1 5 
20180622523 5 3 10 1 2 4 6 8 9 7 
20180622524 2 6 4 9 8 5 7 1 10 3 
20180622525 1 2 6 5 7 4 8 3 9 10 
20180622526 3 10 7 6 4 8 9 1 2 5 
20180622527 7 1 10 4 3 6 5 2 9 8 
20180622528 5 2 6 8 7 10 4 1 3 9 
20180622529 2 4 6 9 7 1 8 5 3 10 
20180622530 10 8 2 7 3 1 5 6 4 9 
20180622531 8 4 5 6 7 2 10 1 9 3 
20180622532 6 4 1 10 3 7 5 9 8 2 
20180622533 9 6 5 4 3 7 1 10 2 8 
20180622534 8 2 6 9 3 7 1 5 4 10 
20180622535 5 1 8 6 3 9 4 7 2 10 
20180622536 8 7 4 1 2 5 6 10 3 9 
20180622537 3 4 9 7 1 5 10 2 6 8 
20180622538 5 1 8 2 3 10 4 9 6 7 
20180622539 2 4 10 7 3 6 9 8 5 1 
20180622540 2 1 9 3 6 7 8 10 4 5 
20180622541 7 9 8 10 4 3 6 1 2 5 
20180622542 2 9 5 10 1 4 8 7 3 6 
20180622543 10 9 1 6 7 4 8 5 2 3 
20180622544 3 9 10 6 1 8 7 4 5 2 
20180622545 10 2 9 1 5 8 4 7 3 6 
20180622546 9 4 2 7 3 10 8 5 1 6 
20180622547 1 4 7 10 3 6 9 5 8 2 
20180622548 3 2 10 8 6 4 5 9 7 1 
20180622549 6 8 5 3 7 9 2 10 1 4 
20180622550 7 5 4 3 9 1 2 10 8 6 
20180622551 9 1 5 8 6 4 7 3 2 10 
20180622552 9 6 2 10 8 4 1 7 3 5 
20180622553 1 3 10 5 9 6 4 7 2 8 
20180622554 8 1 7 2 5 10 9 4 6 3 
20180622555 5 3 9 10 7 4 8 6 1 2 
20180622556 10 5 2 3 6 8 4 9 7 1 
20180622557 10 3 5 8 2 7 4 1 6 9 
20180622558 6 9 7 3 10 5 2 1 8 4 
20180622559 4 10 7 5 9 1 8 6 2 3 
20180622560 3 6 5 2 10 1 7 8 9 4 
20180622561 3 5 7 1 9 10 6 4 8 2 
20180622562 9 2 1 8 7 3 4 10 6 5 
20180622563 10 4 6 1 9 2 7 8 5 3 
20180622564 2 9 10 8 7 1 4 3 6 5 
20180622565 6 10 8 9 1 7 3 5 2 4 
20180622566 5 7 2 9 8 6 3 10 1 4 
20180622567 8 6 10 2 7 3 1 4 9 5 
20180622568 3 6 5 7 8 4 9 2 10 1 
20180622569 2 8 6 3 5 7 4 9 1 10 
20180622570 3 2 1 5 9 4 6 8 10 7 
20180622571 2 8 5 3 6 1 7 4 9 10 
20180622572 4 10 7 1 9 2 3 6 5 8 
20180622573 8 5 9 1 2 10 6 3 4 7 
20180622574 9 1 6 3 2 10 4 7 5 8 
20180622575 8 2 7 1 10 3 6 9 4 5 
20180622576 7 5 8 4 9 10 1 6 3 2 
20180622578 10 9 7 2 8 4 6 5 1 3 
20180622579 2 5 1 9 10 4 8 6 3 7 
20180622580 3 2 10 5 9 6 1 7 8 4 
20180622581 3 6 8 2 1 4 5 10 7 9 
20180622582 3 7 8 6 9 4 10 2 1 5 
20180622584 8 4 9 5 3 7 10 6 2 1 
20180622586 6 7 4 3 1 9 2 10 8 5 
20180622587 1 3 5 2 4 6 9 10 8 7 
20180622588 3 6 1 10 5 9 2 7 8 4 
20180622589 7 9 1 6 8 3 4 5 10 2 
20180622590 9 8 10 2 3 7 4 1 6 5 
20180622591 2 1 7 10 4 9 8 5 6 3 
20180622592 9 10 1 3 8 7 6 2 5 4 
20180622593 10 2 8 5 3 4 1 6 9 7 
20180622595 2 8 7 9 6 10 3 4 5 1 
20180622596 5 10 7 6 3 8 9 4 2 1 
20180622597 5 8 10 3 9 1 2 7 4 6 
20180622598 10 2 5 8 4 9 7 6 3 1 
20180622600 4 5 8 3 2 6 7 1 9 10 
20180622602 4 1 8 9 10 3 6 7 5 2 
20180622603 10 5 9 1 7 8 6 4 2 3 
20180622604 6 1 4 3 10 7 2 9 8 5 
20180622605 2 3 4 7 6 9 10 8 5 1 
20180622606 7 8 9 3 5 1 4 10 2 6 
20180622607 10 4 6 7 5 9 1 3 2 8 
20180622608 6 7 10 1 2 5 9 3 4 8 
20180622610 9 7 8 10 2 5 3 1 6 4 
20180622611 1 7 2 5 9 6 3 4 8 10 
20180622612 7 8 1 6 4 9 10 2 5 3 
20180622613 7 3 10 9 1 4 8 2 6 5 
20180622614 2 5 6 7 10 4 9 3 8 1 
20180622615 5 8 7 9 2 4 1 3 10 6 
20180622616 5 2 9 6 10 8 3 1 4 7 
20180622617 4 10 2 9 6 5 8 1 3 7 
20180622618 3 4 1 5 8 2 10 7 9 6 
20180622619 10 8 9 5 1 3 4 6 2 7 
20180622620 1 6 5 9 4 8 7 10 2 3 
20180622621 6 3 8 4 9 5 10 2 7 1 
20180622622 3 1 4 2 6 7 8 9 5 10 
20180622623 4 6 3 5 2 8 9 10 1 7 
20180622624 6 1 8 3 9 4 10 2 7 5 
20180622625 4 9 2 10 3 5 6 7 1 8 
20180622626 9 8 3 7 2 6 4 10 1 5 
20180622627 8 10 9 7 1 6 3 2 5 4 
20180622628 8 5 7 2 3 4 10 1 6 9 
20180622629 4 5 3 8 6 7 2 9 1 10 
20180622630 6 10 8 5 7 2 4 3 1 9 
20180622631 9 10 6 7 1 3 2 8 4 5 
20180622632 4 3 6 1 10 8 5 7 9 2 
20180622633 3 6 4 8 2 7 10 1 9 5 
20180622634 10 4 1 6 5 9 3 8 2 7 
20180622635 2 3 10 7 1 5 4 6 9 8 
20180622636 5 9 4 10 1 3 6 2 8 7 
20180622637 1 6 3 9 5 7 2 4 10 8 
20180622638 2 6 1 10 4 9 3 5 7 8 
20180622639 10 5 9 6 1 8 4 3 7 2 
20180622640 5 7 1 10 6 3 8 9 2 4 
20180622641 1 2 4 3 8 9 6 5 10 7 
20180622642 4 2 3 8 10 7 1 9 5 6 
20180622643 9 10 8 2 7 6 5 4 1 3 
20180622644 6 2 9 8 5 10 3 4 1 7 
20180622645 7 6 4 3 1 2 5 9 10 8 
20180622646 9 5 8 4 7 1 6 2 3 10 
20180622648 1 8 6 4 9 3 10 7 5 2 
20180622649 4 2 6 1 9 5 7 8 10 3 
20180622650 6 9 4 3 8 5 10 2 1 7 
20180622651 6 2 4 10 7 5 1 9 3 8 
20180622652 4 10 1 7 2 3 5 8 9 6 
20180622653 1 5 9 7 6 4 2 10 8 3 
20180622654 5 8 4 1 6 3 2 9 10 7 
20180622655 3 5 9 4 10 6 8 2 1 7 
20180622656 8 9 2 5 7 4 10 3 6 1 
20180622657 4 6 7 1 3 2 9 5 8 10 
20180622658 2 8 1 4 5 10 7 6 3 9 
20180622659 9 5 10 2 1 7 8 6 3 4 
20180622660 6 8 10 5 9 3 7 2 4 1 
20180622661 7 5 2 9 6 10 3 4 1 8 
20180622662 1 7 9 8 5 10 3 2 6 4 
20180622663 3 5 7 2 10 4 9 8 1 6 
20180622664 3 10 4 7 9 2 1 6 5 8 
20180622665 9 7 3 4 6 8 2 10 1 5 
20180622666 9 10 1 8 7 2 5 4 3 6 
20180622667 4 7 5 10 9 1 8 2 3 6 
20180622668 4 8 1 3 6 7 10 2 5 9 
20180622669 9 3 8 10 1 2 4 5 6 7 
20180622670 4 2 8 1 6 10 5 3 9 7 
20180622671 4 6 8 3 9 1 10 5 7 2 
20180622672 6 10 9 4 8 2 7 3 1 5 
20180622673 5 3 1 4 2 6 10 7 9 8 
20180622674 6 4 2 9 7 10 8 1 5 3 
20180622675 2 3 6 8 4 1 7 5 9 10 
20180622676 10 2 5 9 8 6 7 3 1 4 
20180622677 4 7 8 1 6 2 3 9 10 5 
20180622678 4 2 10 7 6 9 5 8 3 1 
20180622679 9 5 1 7 4 2 10 8 3 6 
20180622680 3 9 8 10 5 4 7 2 1 6 
20180622681 6 7 5 1 2 8 3 9 4 10 
20180622682 6 10 2 4 3 9 7 1 5 8 
20180622683 2 10 3 9 6 7 5 8 4 1 
20180622684 2 9 6 1 4 3 10 7 5 8 
20180622685 1 10 2 4 9 3 7 8 5 6 
20180622686 3 6 4 9 7 1 2 5 10 8 
20180622687 8 1 10 2 4 6 7 3 9 5 
20180622688 1 3 4 5 7 6 8 9 10 2 
20180622689 10 2 3 4 1 7 5 6 9 8 
20180622690 10 7 3 6 1 9 5 4 2 8 
20180622691 7 3 8 6 2 9 10 5 1 4 
20180622692 8 7 5 10 1 4 6 3 2 9 
20180622693 3 6 7 5 1 10 4 2 9 8 
20180622694 3 1 6 5 7 10 2 4 9 8 
20180622695 1 9 4 2 10 7 3 5 6 8 
20180622696 2 4 5 7 3 6 10 1 8 9 
20180622697 5 8 6 3 9 4 2 10 1 7 
20180622698 1 9 4 6 7 10 2 3 5 8 
20180622699 10 9 2 3 7 6 8 5 1 4 
20180622700 10 6 2 3 4 5 7 1 9 8 
20180622701 10 2 3 6 5 9 4 7 8 1 
20180622702 4 2 10 8 3 6 9 5 1 7 
20180622703 7 3 9 6 10 5 2 4 8 1 
20180622704 10 6 2 5 7 8 4 9 3 1 
20180622705 2 5 10 9 6 3 4 1 7 8 
20180622706 7 2 3 5 6 10 4 9 1 8 
20180622707 10 3 4 8 1 7 6 5 2 9 
20180622708 9 4 8 5 6 10 7 2 3 1 
20180622709 3 7 4 6 10 8 1 9 2 5 
20180622710 4 1 7 6 3 8 10 9 5 2 
20180622711 4 6 2 1 10 7 3 9 5 8 
20180622712 1 9 7 4 2 6 5 8 3 10 
20180622713 9 3 1 7 8 10 5 2 4 6 
20180622714 1 9 3 2 5 10 7 8 4 6 
20180622715 2 5 4 7 8 1 3 9 6 10 
20180622716 7 10 6 9 2 3 1 4 8 5 
20180622717 5 8 3 9 2 10 4 6 7 1 
20180622718 3 8 5 1 9 10 2 7 6 4 
20180622719 6 9 7 5 8 4 3 2 1 10 
20180622720 3 1 2 9 10 7 8 5 4 6 
20180622721 1 8 7 3 10 5 9 2 6 4 
20180622722 10 8 1 7 6 4 9 2 3 5 
20180622723 5 7 2 8 9 3 6 4 1 10 
20180622724 6 8 7 10 2 1 3 5 4 9 
20180622725 10 5 1 8 2 3 7 4 9 6 
20180622726 1 6 8 9 4 10 2 7 5 3 
20180622727 5 2 4 10 8 9 7 6 1 3 
20180622728 9 8 7 1 4 6 2 10 3 5 
20180622729 6 10 7 4 2 1 5 3 8 9 
20180622730 7 3 2 5 4 1 9 8 10 6 
20180622731 2 8 7 9 4 1 5 6 10 3 
20180622732 8 4 9 5 10 1 3 2 7 6 
20180622733 6 8 4 7 9 3 2 10 1 5 
20180622734 3 10 8 2 6 9 5 4 1 7 
20180622735 2 8 6 7 1 4 5 10 3 9 
20180622736 2 4 10 6 7 3 8 5 1 9 
20180622737 5 2 10 9 7 8 4 6 1 3 
20180622738 1 5 7 2 4 9 6 10 8 3 
20180622739 1 9 2 4 8 7 3 5 6 10 
20180622740 7 10 8 9 1 4 3 5 6 2 
20180622741 8 9 6 5 4 3 1 7 2 10 
20180622742 10 4 7 6 9 8 3 1 5 2 
20180622743 5 4 7 10 8 3 2 9 6 1 
20180622744 5 7 8 6 1 10 3 2 4 9 
20180622745 6 1 2 5 7 8 3 9 4 10 
20180622746 9 1 7 6 8 2 10 5 4 3 
20180622747 5 4 8 10 2 7 1 6 9 3 
20180622748 7 1 2 9 5 6 8 4 3 10 
20180622749 5 8 7 4 3 10 2 9 6 1 
20180622750 2 5 1 9 7 3 8 4 10 6 
20180622751 5 2 6 7 4 8 9 1 3 10 
20180622752 1 7 8 5 4 3 9 10 6 2 
20180622753 10 4 7 3 1 6 8 9 2 5 
20180622754 1 9 7 5 2 3 10 8 6 4 
20180622755 3 8 10 4 1 2 7 6 9 5 
20180622756 4 9 5 3 6 7 2 1 8 10 
20180622757 5 3 1 2 9 4 6 7 8 10 
20180622758 7 9 8 6 4 5 10 2 1 3 
20180622759 1 2 9 10 8 4 7 3 6 5 
20180622760 9 5 4 10 2 7 3 8 1 6 
20180622761 9 7 1 5 10 2 6 3 4 8 
20180622762 7 5 10 1 6 2 8 9 4 3 
20180622763 7 9 4 6 10 1 2 8 3 5 
20180622764 7 6 10 8 3 4 1 2 5 9 
20180622765 2 1 6 4 9 7 5 10 8 3 
20180622766 5 1 3 6 4 2 7 10 9 8 
20180622767 3 8 2 1 7 4 6 9 5 10 
20180622768 1 7 6 3 5 8 4 9 2 10 
20180622769 2 8 5 7 10 1 6 4 9 3 
20180622770 10 7 4 3 8 9 5 6 1 2 
20180622771 1 3 6 9 8 5 2 7 4 10 
20180622772 8 9 6 3 1 7 2 4 5 10 
20180622773 4 5 7 10 3 2 6 9 8 1 
20180622774 2 6 4 5 9 10 8 1 7 3 
20180622775 4 5 6 9 1 7 10 2 3 8 
20180622776 6 8 4 10 5 1 7 2 3 9 
20180622777 6 8 7 1 5 2 4 10 3 9 
20180622778 8 1 6 10 2 5 3 9 4 7 
20180622779 1 5 2 9 3 8 10 4 7 6 
20180622780 4 2 3 7 9 8 10 6 1 5 
20180622781 10 5 9 8 7 6 4 1 3 2 
20180622782 8 3 5 6 10 9 4 2 7 1 
20180622783 7 6 1 4 2 3 8 9 10 5 
20180622784 3 2 9 1 5 7 10 4 8 6 
20180622785 3 7 1 2 9 10 8 5 4 6 
20180622786 9 10 4 5 7 6 3 2 1 8 
20180622787 10 4 9 6 1 3 7 8 2 5 
20180622788 4 6 2 10 3 9 5 7 8 1 
20180622789 8 1 10 7 9 6 4 5 3 2 
20180622790 10 2 6 9 7 1 8 4 3 5 
20180622791 2 6 9 7 5 4 3 10 1 8 
20180622792 7 1 4 8 9 3 10 5 2 6 
20180622793 4 5 1 8 9 2 6 10 3 7 
20180622794 5 3 8 9 7 1 4 10 6 2 
20180622795 5 1 8 10 2 6 3 7 4 9 
20180622796 2 7 4 5 6 9 3 10 8 1 
20180622797 8 4 2 10 5 7 6 9 1 3 
20180622798 8 3 9 5 2 6 1 10 4 7 
20180622799 4 3 8 7 10 1 2 6 5 9 
20180622800 3 4 8 2 1 6 5 7 10 9 
20180622801 3 7 2 1 9 6 8 4 10 5 
20180622802 1 9 8 3 5 4 10 6 7 2 
20180622803 2 3 9 10 4 8 5 6 7 1 
20180622804 5 6 7 2 9 1 3 4 8 10 
20180622805 8 10 7 1 2 5 3 6 9 4 
20180622806 8 1 6 4 5 2 3 7 10 9 
20180622807 9 8 5 1 10 7 2 3 4 6 
20180622808 3 8 7 1 4 9 2 6 10 5 
20180622809 1 3 10 8 4 2 9 6 5 7 
20180622810 5 1 9 8 3 7 6 10 4 2 
20180622811 5 6 7 1 4 3 8 10 2 9 
20180622812 5 9 7 10 1 4 6 8 3 2 
20180622813 7 1 5 2 8 10 4 3 6 9 
20180622814 9 8 4 5 3 1 10 7 2 6 
20180622815 1 3 8 7 2 9 4 6 5 10 
20180622816 7 4 3 2 1 6 9 10 8 5 
20180622817 9 5 2 4 6 7 8 1 3 10 
20180622818 6 1 8 4 7 2 10 9 5 3 
20180622819 8 5 1 6 10 4 2 7 9 3 
20180622820 3 8 1 9 5 4 2 7 10 6 
20180622821 4 1 7 10 3 9 6 5 8 2 
20180622822 9 4 3 10 6 2 8 5 7 1 
20180622823 4 2 5 9 3 10 6 1 7 8 
20180622824 7 5 4 3 9 6 8 2 10 1 
20180622825 1 2 10 6 3 5 4 7 9 8 
20180622826 5 1 6 10 2 9 7 4 3 8 
20180622827 5 4 2 3 8 9 7 1 10 6 
20180622828 3 6 1 7 9 5 4 8 2 10 
20180622829 5 9 10 8 6 1 2 3 4 7 
20180622830 2 6 1 4 3 8 9 7 10 5 
20180622831 6 5 3 7 4 2 10 9 8 1 
20180622832 3 5 1 8 10 6 9 4 2 7 
20180622833 5 9 2 3 8 7 4 6 10 1 
20180622834 2 9 10 5 1 7 8 3 4 6 
20180622835 7 3 1 2 5 6 4 8 9 10 
20180622836 1 8 7 3 2 5 6 9 4 10 
20180622837 10 9 4 3 5 2 7 6 8 1 
20180622838 7 1 8 10 5 2 6 9 4 3 
20180622839 3 2 4 8 10 7 6 5 9 1 
20180622840 1 4 7 3 6 9 10 8 5 2 
20180622841 4 8 10 2 6 7 9 5 1 3 
20180622842 1 10 6 4 8 2 3 9 7 5 
20180622843 10 1 3 5 4 6 9 8 2 7 
20180622844 9 8 2 7 4 5 10 1 6 3 
20180622845 4 1 3 2 9 6 8 7 5 10 
20180622846 7 1 6 2 4 5 3 10 8 9 
20180622847 3 4 9 5 7 2 8 10 6 1 
20180622848 3 2 4 10 1 5 8 6 9 7 
20180622849 8 5 9 7 2 3 10 4 6 1 
20180622850 7 8 10 4 1 9 6 3 2 5 
20180622851 10 5 2 9 7 8 6 4 3 1 
20180622852 5 3 7 8 1 2 4 6 10 9 
20180622853 3 5 10 8 9 7 4 6 2 1 
20180622854 8 5 1 9 6 10 3 2 7 4 
20180622855 5 1 4 10 7 2 3 6 9 8 
20180622856 4 6 3 1 2 5 8 10 9 7 
20180622857 7 9 10 5 2 6 4 8 1 3 
20180622858 2 9 10 5 6 7 4 8 1 3 
20180622859 7 8 4 10 5 6 2 3 9 1 
20180622860 1 6 3 5 7 2 9 4 8 10 
20180622861 6 7 10 5 3 4 2 8 9 1 
20180622862 6 7 5 10 2 3 9 4 1 8 
20180622863 4 5 2 6 8 7 10 1 3 9 
20180622864 1 6 4 7 9 8 3 2 10 5 
20180622865 6 2 8 4 7 5 9 10 1 3 
20180622866 8 10 2 1 9 4 3 6 5 7 
20180622867 10 8 9 1 7 3 4 6 5 2 
20180622868 6 4 8 1 9 2 7 5 10 3 
20180622869 9 2 8 5 10 7 4 6 3 1 
20180622870 10 9 5 8 3 1 2 7 4 6 
20180622871 6 5 4 2 7 9 3 1 8 10 
20180622872 1 8 10 7 2 3 6 9 4 5 
20180622873 2 5 6 4 8 10 3 7 1 9 
20180622874 4 3 2 5 6 1 7 9 8 10 
20180622875 8 1 2 3 9 5 7 4 6 10 
20180622876 7 4 3 2 1 8 6 10 5 9 
20180622877 9 3 2 7 4 8 5 10 1 6 
20180622878 2 5 1 3 6 9 8 7 4 10 
20180622879 4 10 8 7 6 1 2 5 9 3 
20180622880 1 6 10 5 4 7 9 8 3 2 
20180622881 8 4 9 5 6 7 10 3 2 1 
20180622882 7 6 3 4 9 5 1 2 8 10 
20180622883 4 7 2 1 5 9 3 10 6 8 
20180622884 1 8 7 6 4 3 5 9 2 10 
20180622885 4 10 8 3 1 9 7 6 5 2 
20180622886 2 3 6 5 9 10 8 1 4 7 
20180622887 1 7 4 6 2 5 9 8 3 10 
20180622888 3 4 7 10 8 1 6 5 2 9 
20180622889 9 6 2 1 3 10 4 8 5 7 
20180622890 7 2 6 10 4 9 5 1 3 8 
20180622891 10 2 8 4 1 7 6 5 3 9 
20180622892 1 8 5 7 6 10 9 2 3 4 
20180622893 10 5 9 6 3 8 7 4 1 2 
20180622894 5 9 10 6 4 1 8 3 7 2 
20180622895 1 10 4 3 5 6 2 8 9 7 
20180622896 10 2 1 7 5 4 8 6 9 3 
20180622897 7 3 5 4 1 6 10 9 2 8 
20180622898 4 9 7 6 3 10 5 1 8 2 
20180622899 9 3 8 1 10 6 4 2 7 5 
20180622900 2 7 10 8 5 3 9 6 1 4 
20180622901 5 7 10 8 1 9 3 6 4 2 
20180622902 10 9 8 4 7 1 2 6 5 3 
20180622903 6 9 8 5 10 2 3 1 7 4 
20180622904 5 9 3 10 4 8 2 1 7 6 
20180622905 4 10 9 5 2 1 8 3 6 7 
20180622906 4 10 6 1 7 8 9 5 2 3 
20180622907 2 3 6 8 4 7 10 1 9 5 
20180622908 3 2 10 8 9 1 5 6 7 4 
20180622909 7 2 10 8 4 1 5 9 6 3 
20180622910 4 10 6 5 1 8 7 2 9 3 
20180622911 10 4 1 5 6 7 8 3 9 2 
20180622912 5 1 4 3 10 9 2 6 7 8 
20180622913 5 2 1 10 3 6 7 8 9 4 
20180622914 1 8 4 9 6 7 2 10 3 5 
20180622915 5 2 4 10 7 6 1 8 9 3 
20180622916 5 6 3 8 9 2 7 10 4 1 
20180622917 5 2 1 10 3 4 8 6 9 7 
20180622918 9 8 6 4 2 1 3 7 10 5 
20180622919 5 9 4 1 10 2 7 6 8 3 
20180622920 7 3 5 1 8 4 9 10 2 6 
20180622921 10 7 1 3 5 4 8 6 9 2 
20180622922 7 2 8 3 4 10 1 6 5 9 
20180622923 2 6 3 4 7 5 8 1 10 9 
20180622924 8 4 5 3 6 10 7 1 2 9 
20180622925 2 6 7 9 5 3 1 10 8 4 
20180622926 4 6 8 1 10 7 9 3 5 2 
20180622927 8 6 3 2 5 1 7 10 9 4 
20180622928 7 3 2 8 10 6 9 1 5 4 
20180622929 5 8 2 4 9 7 10 6 1 3 
20180622930 7 10 9 5 4 8 3 6 2 1 
20180622931 4 10 6 1 2 5 3 8 7 9 
20180622932 3 8 10 1 2 5 4 7 6 9 
20180622933 6 9 4 1 10 5 8 2 3 7 
20180622934 10 4 3 9 1 8 5 2 6 7 
20180622935 5 8 1 9 6 3 4 7 2 10 
20180622936 4 3 7 2 1 8 6 9 5 10 
20180622937 3 8 7 10 4 9 1 6 2 5 
20180622938 6 3 7 5 1 4 8 10 9 2 
20180622939 2 10 8 1 9 5 6 7 3 4 
20180622940 10 7 5 2 8 9 6 3 4 1 
20180622941 1 6 3 2 9 8 7 10 4 5 
20180622942 5 4 1 9 10 6 7 3 2 8 
20180622943 7 5 1 9 3 10 2 8 4 6 
20180622944 6 2 1 4 5 9 3 8 7 10 
20180622945 7 5 4 8 10 2 3 9 6 1 
20180622946 10 9 8 2 6 7 1 3 5 4 
20180622947 9 3 10 6 1 8 4 7 5 2 
20180622948 3 9 4 8 2 10 6 1 7 5 
20180622949 10 8 2 1 3 6 9 4 5 7 
20180622950 9 5 10 8 4 2 1 6 7 3 
20180622951 9 2 7 10 1 6 3 5 4 8 
20180622952 7 5 10 6 9 4 1 2 3 8 
20180622953 1 7 2 8 3 9 4 10 5 6 
20180622954 8 5 9 2 10 1 7 6 3 4 
20180622955 8 4 3 5 2 6 7 10 1 9 
20180622956 8 1 10 9 2 6 7 3 4 5 
20180622957 7 3 4 9 6 10 5 8 1 2 
20180622958 6 4 7 2 9 1 8 5 3 10 
20180622959 3 4 2 10 9 1 6 7 8 5 
20180622960 8 4 3 2 6 9 1 10 5 7 
20180622961 10 6 9 7 8 4 1 3 2 5 
20180622962 4 2 8 6 3 10 1 9 7 5 
20180622963 7 10 8 5 2 9 4 3 6 1 
20180622964 2 3 10 5 4 7 9 8 6 1 
20180622965 7 1 5 2 4 9 8 10 6 3 
20180622966 10 7 3 8 1 6 4 5 2 9 
20180622967 4 5 3 9 8 7 1 2 10 6 
20180622968 7 3 5 6 1 10 2 8 9 4 
20180622969 5 9 8 2 1 3 7 6 10 4 
20180622970 8 4 7 2 1 5 3 6 9 10 
20180622971 7 8 4 3 2 10 5 9 6 1 
20180622972 10 4 9 5 6 3 2 7 1 8 
20180622973 10 7 3 6 8 1 9 4 5 2 
20180622974 9 3 8 5 2 1 4 7 6 10 
20180622975 3 9 8 5 4 10 6 2 1 7 
20180622976 5 10 8 1 7 9 6 4 2 3 
20180622977 8 7 6 4 9 1 2 5 10 3 
20180622978 1 4 10 6 5 9 8 2 7 3 
20180622979 3 6 5 9 1 2 8 10 7 4 
20180622980 5 3 1 8 4 6 10 7 2 9 
20180622981 10 5 6 4 3 9 7 1 8 2 
20180622982 2 6 10 8 7 3 9 5 4 1 
20180622983 4 10 1 8 7 9 6 5 3 2 
20180622984 9 3 6 7 4 2 1 8 5 10 
20180622985 3 6 9 5 7 10 8 2 4 1 
