20180624001 8 1 2 3 6 7 4 5 10 9 
20180624002 7 9 3 1 2 5 10 4 6 8 
20180624003 10 5 7 1 8 3 9 4 6 2 
20180624004 10 2 6 5 4 8 9 3 1 7 
20180624005 8 6 7 4 9 1 2 10 5 3 
20180624006 8 2 9 4 3 6 10 5 7 1 
20180624007 5 2 3 7 1 4 9 6 8 10 
20180624008 5 1 2 4 3 7 10 8 6 9 
20180624009 1 5 9 2 10 4 6 3 7 8 
20180624010 5 9 1 8 2 7 6 10 4 3 
20180624011 7 8 9 1 10 6 2 4 3 5 
20180624012 7 8 3 4 1 9 5 2 6 10 
20180624013 8 3 5 7 10 4 2 9 6 1 
20180624014 3 10 1 4 9 5 7 6 2 8 
20180624015 2 1 10 4 7 8 3 9 5 6 
20180624016 6 5 8 4 3 9 7 1 2 10 
20180624017 4 3 2 7 1 6 9 5 8 10 
20180624018 6 2 4 3 1 5 10 7 8 9 
20180624019 3 8 6 4 5 2 9 1 10 7 
20180624020 3 5 6 1 10 9 8 2 4 7 
20180624021 1 6 3 5 8 4 10 7 9 2 
20180624022 9 10 2 1 6 8 7 5 3 4 
20180624023 1 3 2 4 5 10 7 6 9 8 
20180624024 8 4 5 9 3 2 7 6 1 10 
20180624025 4 2 6 8 3 9 1 10 5 7 
20180624026 5 10 9 1 2 6 3 8 4 7 
20180624027 8 5 7 10 2 6 9 4 1 3 
20180624028 7 10 5 8 6 4 1 9 2 3 
20180624029 7 10 9 5 3 2 6 1 8 4 
20180624030 2 8 1 3 4 10 6 9 7 5 
20180624031 7 6 5 9 2 4 1 10 8 3 
20180624032 6 7 5 8 2 4 10 9 1 3 
20180624033 6 9 2 1 5 8 3 7 10 4 
20180624034 2 8 3 6 7 9 1 5 10 4 
20180624035 4 8 2 5 6 3 10 9 1 7 
20180624036 8 10 1 4 7 5 2 9 6 3 
20180624037 6 1 3 10 4 2 7 8 5 9 
20180624038 3 10 6 4 8 2 7 1 9 5 
20180624039 6 3 10 4 5 8 9 1 7 2 
20180624040 9 3 2 1 7 10 6 8 5 4 
20180624041 10 9 6 4 2 3 8 1 7 5 
20180624042 10 7 3 9 8 1 2 5 6 4 
20180624043 4 7 9 1 6 3 5 8 2 10 
20180624044 10 3 1 9 4 5 2 7 6 8 
20180624045 2 7 10 5 8 3 4 1 6 9 
20180624046 10 4 7 9 5 2 8 1 6 3 
20180624047 10 7 4 9 2 5 3 6 8 1 
20180624048 7 10 4 3 8 1 5 2 9 6 
20180624049 9 5 4 8 2 7 6 3 1 10 
20180624050 2 9 6 7 1 10 5 3 4 8 
20180624051 3 8 10 9 7 4 1 5 6 2 
20180624052 2 10 6 4 5 3 9 1 7 8 
20180624053 7 9 8 10 1 6 2 5 4 3 
20180624054 6 8 3 1 2 9 7 10 4 5 
20180624055 1 7 8 5 10 2 4 9 6 3 
20180624056 3 7 6 4 10 1 8 2 5 9 
20180624057 6 5 4 10 7 3 2 9 8 1 
20180624058 3 7 8 2 10 1 9 4 5 6 
20180624059 4 6 9 8 3 7 2 5 1 10 
20180624060 5 4 7 1 8 10 6 3 9 2 
20180624061 7 2 6 3 8 4 10 5 1 9 
20180624062 4 8 9 6 3 5 2 10 1 7 
20180624063 4 3 5 6 8 1 7 9 10 2 
20180624064 8 1 2 3 4 6 7 10 5 9 
20180624065 3 5 6 8 7 10 9 1 4 2 
20180624066 7 6 5 2 4 9 8 10 1 3 
20180624067 9 3 4 10 1 8 6 2 5 7 
20180624068 1 10 6 7 8 3 9 4 5 2 
20180624069 1 3 5 4 7 2 6 9 8 10 
20180624070 2 10 7 6 8 4 5 3 9 1 
20180624071 2 1 4 6 9 7 3 5 8 10 
20180624072 8 5 4 10 7 6 3 2 1 9 
20180624073 3 1 5 6 2 7 8 4 10 9 
20180624074 6 9 5 7 1 3 4 10 2 8 
20180624075 9 8 1 2 7 3 10 6 5 4 
20180624076 1 8 9 10 5 2 6 7 4 3 
20180624077 7 9 5 4 1 6 8 3 2 10 
20180624078 8 3 7 9 6 1 5 4 2 10 
20180624079 10 2 3 4 8 7 5 6 9 1 
20180624080 7 1 10 5 3 2 9 6 8 4 
20180624081 2 8 7 6 10 5 4 1 3 9 
20180624082 7 6 1 3 8 2 4 10 5 9 
20180624083 5 8 7 1 3 2 4 10 6 9 
20180624084 1 4 7 9 2 8 10 3 5 6 
20180624085 10 2 5 6 4 8 7 9 3 1 
20180624086 8 10 1 7 4 6 3 9 5 2 
20180624087 2 7 1 6 8 10 4 5 3 9 
20180624088 2 6 1 9 3 4 8 7 10 5 
20180624089 1 4 10 8 6 7 2 9 5 3 
20180624090 9 8 10 2 1 7 3 5 4 6 
20180624091 5 3 2 6 4 8 9 10 7 1 
20180624092 7 2 5 4 10 9 1 3 6 8 
20180624093 6 9 5 1 10 3 8 7 2 4 
20180624094 9 1 7 6 4 10 8 2 5 3 
20180624095 2 5 7 3 4 8 6 10 9 1 
20180624096 4 10 9 1 5 7 8 6 3 2 
20180624097 5 8 7 6 4 2 3 10 9 1 
20180624098 7 4 1 9 10 5 6 3 2 8 
20180624099 4 7 9 8 1 3 6 2 10 5 
20180624100 2 10 6 4 9 1 5 8 7 3 
20180624101 4 2 6 5 8 3 9 7 1 10 
20180624102 8 4 2 6 3 1 5 9 7 10 
20180624103 7 1 6 3 4 9 2 10 8 5 
20180624104 8 10 9 6 7 2 1 4 3 5 
20180624105 8 5 10 2 3 9 6 4 7 1 
20180624106 8 6 7 5 4 9 1 10 2 3 
20180624107 2 6 9 3 1 7 5 8 4 10 
20180624108 9 5 8 7 4 10 6 3 1 2 
20180624109 5 10 6 1 8 2 7 3 4 9 
20180624110 6 10 1 7 8 2 3 5 9 4 
20180624111 2 5 1 8 6 9 7 4 10 3 
20180624112 7 1 8 6 2 10 3 4 9 5 
20180624113 4 9 1 6 5 8 7 3 10 2 
20180624114 6 5 1 2 3 7 4 8 10 9 
20180624115 10 4 9 7 5 3 2 1 6 8 
20180624116 8 3 4 6 10 9 1 5 2 7 
20180624117 4 9 5 10 8 1 3 7 2 6 
20180624118 3 4 7 5 6 10 1 9 2 8 
20180624119 9 7 8 6 4 3 5 2 10 1 
20180624120 2 6 1 4 8 10 7 9 3 5 
20180624121 6 2 1 5 4 10 7 9 3 8 
20180624122 9 3 6 1 10 2 8 4 7 5 
20180624123 7 2 1 4 5 6 8 3 10 9 
20180624124 9 8 4 10 6 2 1 5 7 3 
20180624125 6 2 8 7 1 9 10 3 5 4 
20180624126 4 2 3 10 9 7 1 6 5 8 
20180624127 2 4 8 6 1 10 9 5 3 7 
20180624128 4 5 9 3 8 6 1 2 7 10 
20180624129 8 2 5 7 10 1 3 6 4 9 
20180624130 6 5 7 8 10 3 9 1 2 4 
20180624131 5 2 4 1 6 10 9 7 8 3 
20180624132 8 6 10 5 3 2 1 4 7 9 
20180624133 1 7 6 10 3 4 9 2 8 5 
20180624134 7 4 6 3 9 2 10 5 8 1 
20180624135 5 6 8 10 2 4 7 9 1 3 
20180624136 4 7 1 9 10 3 5 8 6 2 
20180624137 6 5 9 7 4 10 2 3 8 1 
20180624138 1 6 5 3 9 4 2 8 10 7 
20180624139 1 8 7 9 3 5 6 2 10 4 
20180624140 1 9 7 2 6 3 8 4 10 5 
20180624141 10 1 3 8 9 4 7 5 2 6 
20180624142 6 4 7 1 3 10 5 2 9 8 
20180624143 4 10 8 1 5 7 2 6 9 3 
20180624144 5 3 6 7 8 4 2 10 9 1 
20180624145 9 7 4 2 10 5 1 3 8 6 
20180624146 3 9 1 7 5 4 6 10 2 8 
20180624147 8 5 1 7 3 2 10 4 9 6 
20180624148 4 10 2 1 6 3 8 7 9 5 
20180624149 9 4 6 5 7 8 3 1 10 2 
20180624150 5 6 3 7 2 10 9 8 4 1 
20180624151 7 3 2 10 6 4 9 5 1 8 
20180624152 2 8 1 4 9 6 3 7 5 10 
20180624153 7 4 9 2 5 3 8 10 6 1 
20180624154 5 8 10 4 1 6 3 2 9 7 
20180624155 2 4 9 1 6 8 7 3 10 5 
20180624156 6 1 5 2 9 4 8 3 10 7 
20180624157 7 4 10 2 9 5 6 3 1 8 
20180624158 5 1 10 3 9 8 6 4 2 7 
20180624159 10 6 3 2 7 9 1 5 8 4 
20180624160 5 10 7 6 2 3 8 9 4 1 
20180624161 7 4 8 3 9 6 10 2 1 5 
20180624162 3 6 4 10 1 2 5 7 8 9 
20180624163 7 9 8 1 5 2 3 4 10 6 
20180624164 1 3 5 2 8 10 9 6 7 4 
20180624165 6 7 9 5 10 8 3 1 2 4 
20180624166 10 7 8 2 1 9 5 6 4 3 
20180624167 8 2 9 7 5 3 10 1 6 4 
20180624168 5 8 1 7 3 6 4 10 2 9 
20180624169 5 9 10 1 2 7 8 6 4 3 
20180624170 1 3 9 7 8 6 10 5 2 4 
20180624171 4 6 8 5 1 9 2 3 7 10 
20180624172 2 10 1 5 8 6 4 9 7 3 
20180624173 3 2 8 4 6 7 10 9 5 1 
20180624174 3 2 9 10 6 5 7 4 1 8 
20180624175 5 2 3 10 9 8 7 6 4 1 
20180624176 4 2 5 8 10 3 9 6 7 1 
20180624177 5 3 2 6 7 10 8 4 9 1 
20180624178 4 1 10 2 7 5 8 6 9 3 
20180624179 4 3 5 9 7 10 2 6 8 1 
20180624180 3 4 10 7 1 6 9 8 5 2 
20180624181 4 2 8 3 1 5 10 6 9 7 
20180624182 5 3 10 4 8 6 2 1 7 9 
20180624183 6 10 2 8 3 4 5 1 7 9 
20180624184 10 5 1 2 3 8 6 4 7 9 
20180624185 3 9 8 5 6 10 4 7 2 1 
20180624186 7 8 3 1 9 10 2 5 4 6 
20180624187 5 9 4 2 8 6 3 7 10 1 
20180624188 8 6 7 2 5 4 3 10 9 1 
20180624189 8 5 10 7 1 2 3 9 4 6 
20180624190 5 9 2 7 4 3 10 1 8 6 
20180624191 9 4 6 10 1 2 8 3 7 5 
20180624192 5 8 2 7 6 10 9 1 3 4 
20180624193 6 10 3 7 8 5 4 2 9 1 
20180624194 8 10 1 2 6 5 3 7 4 9 
20180624195 6 8 10 1 3 5 2 9 7 4 
20180624196 7 8 1 6 2 9 5 10 3 4 
20180624197 8 5 9 7 3 6 10 4 2 1 
20180624198 1 5 7 9 2 3 4 8 6 10 
20180624199 1 10 7 6 8 5 3 2 4 9 
20180624200 6 8 3 7 10 4 5 9 2 1 
20180624201 9 2 3 5 4 10 7 6 8 1 
20180624202 5 10 6 4 7 3 9 1 8 2 
20180624203 5 2 1 10 4 6 8 9 7 3 
20180624204 3 4 2 8 6 5 10 7 9 1 
20180624205 10 7 5 3 8 9 2 4 1 6 
20180624206 3 4 9 7 10 8 6 2 5 1 
20180624207 7 10 1 9 6 3 8 4 2 5 
20180624208 2 4 8 10 7 5 9 6 1 3 
20180624209 8 4 9 6 5 1 7 2 10 3 
20180624210 7 10 5 9 3 1 6 2 4 8 
20180624211 9 10 8 1 6 5 3 2 7 4 
20180624212 7 10 4 1 5 8 9 2 3 6 
20180624213 1 6 7 5 10 3 2 9 4 8 
20180624214 2 6 10 1 8 5 7 3 9 4 
20180624215 2 10 5 7 1 3 4 9 8 6 
20180624216 5 4 6 8 10 9 2 1 3 7 
20180624217 6 8 3 5 9 2 10 7 4 1 
20180624218 5 6 7 10 1 4 2 9 8 3 
20180624219 7 8 6 5 2 10 9 3 1 4 
20180624220 6 10 7 2 3 1 4 8 9 5 
20180624221 3 4 5 8 9 1 2 7 6 10 
20180624222 6 4 1 3 9 2 8 10 5 7 
20180624223 8 2 5 3 9 10 6 1 4 7 
20180624224 4 1 3 7 8 5 2 10 9 6 
20180624225 7 10 9 2 5 8 6 1 3 4 
20180624226 2 7 4 5 3 10 1 6 8 9 
20180624227 9 10 4 8 2 3 7 5 6 1 
20180624228 4 1 7 9 2 5 10 8 3 6 
20180624229 4 9 10 5 7 2 1 8 6 3 
20180624230 7 3 8 2 9 5 1 4 10 6 
20180624231 1 4 7 10 8 2 9 5 6 3 
20180624232 10 1 4 5 9 6 7 2 3 8 
20180624233 10 7 2 4 3 5 1 9 6 8 
20180624234 5 3 7 1 8 10 9 6 4 2 
20180624235 4 8 7 5 1 2 10 9 6 3 
20180624236 4 9 5 3 10 8 1 2 7 6 
20180624237 2 3 4 9 1 6 5 8 7 10 
20180624238 6 10 2 5 9 7 1 3 8 4 
20180624239 7 10 2 4 1 3 6 8 5 9 
20180624240 2 5 9 6 8 1 7 10 4 3 
20180624241 1 2 9 4 5 3 6 8 7 10 
20180624242 3 5 4 1 9 6 8 10 7 2 
20180624243 8 2 1 4 3 10 6 9 7 5 
20180624244 6 1 9 2 10 8 5 3 7 4 
20180624245 5 9 4 3 8 2 10 1 7 6 
20180624246 1 8 5 10 9 2 6 4 7 3 
20180624247 6 9 2 7 4 3 1 5 8 10 
20180624248 1 3 9 8 7 6 4 2 10 5 
20180624249 9 4 10 6 2 7 8 1 3 5 
20180624250 7 4 3 6 1 5 10 8 2 9 
20180624251 3 1 5 7 9 10 6 4 8 2 
20180624252 7 6 10 1 3 9 5 8 2 4 
20180624253 9 5 1 4 3 7 10 8 2 6 
20180624254 4 10 6 8 2 3 5 7 9 1 
20180624255 10 7 6 3 8 2 1 9 4 5 
20180624256 6 10 1 7 9 2 8 5 4 3 
20180624257 8 4 10 1 9 3 6 5 2 7 
20180624258 4 7 2 6 5 8 10 9 1 3 
20180624259 1 5 2 7 6 8 4 10 9 3 
20180624260 3 8 5 10 1 6 7 2 9 4 
20180624261 2 6 1 9 5 4 10 8 3 7 
20180624262 2 1 4 8 10 5 6 9 7 3 
20180624263 5 9 4 8 6 1 10 7 3 2 
20180624264 8 2 5 9 10 7 4 6 3 1 
20180624265 7 4 1 6 9 5 3 2 8 10 
20180624266 7 10 5 3 9 8 6 1 2 4 
20180624267 1 4 9 5 3 7 8 10 6 2 
20180624268 1 5 3 6 4 7 10 9 8 2 
20180624269 7 3 9 6 5 4 8 2 10 1 
20180624270 9 1 5 4 2 10 7 3 8 6 
20180624271 10 6 8 2 3 5 4 9 7 1 
20180624272 5 9 2 7 1 10 4 3 6 8 
20180624273 7 1 4 8 6 9 5 2 3 10 
20180624274 3 5 9 8 6 4 10 1 2 7 
20180624275 3 4 2 5 6 9 1 7 8 10 
20180624276 8 7 6 4 1 10 3 5 9 2 
20180624277 4 7 9 10 3 8 1 2 5 6 
20180624278 8 7 2 10 1 4 9 3 5 6 
20180624279 1 7 10 5 6 4 3 2 9 8 
20180624280 3 8 1 7 4 9 5 6 2 10 
20180624281 1 4 2 7 3 5 6 8 10 9 
20180624282 10 7 4 1 8 6 9 2 3 5 
20180624283 4 5 6 8 3 1 10 9 2 7 
20180624284 8 6 5 9 3 7 1 2 4 10 
20180624285 8 4 3 2 5 10 7 6 1 9 
20180624286 9 4 10 8 1 5 2 6 7 3 
20180624287 8 2 5 4 10 7 3 1 9 6 
20180624288 6 10 1 9 2 7 4 3 8 5 
20180624289 4 10 6 7 5 2 9 1 8 3 
20180624290 2 6 8 5 4 1 3 10 9 7 
20180624291 1 3 7 5 6 4 10 2 9 8 
20180624292 6 10 5 4 2 7 3 9 8 1 
20180624293 1 4 3 10 2 9 8 5 7 6 
20180624294 8 7 4 3 2 9 1 6 10 5 
20180624295 5 7 1 10 2 3 4 6 8 9 
20180624296 5 1 6 9 3 7 10 2 8 4 
20180624297 3 7 4 5 1 9 10 2 6 8 
20180624298 2 9 8 3 10 5 4 6 1 7 
20180624299 5 3 1 10 7 9 6 8 2 4 
20180624300 9 7 6 2 10 4 8 1 5 3 
20180624301 2 5 8 7 6 4 1 9 3 10 
20180624302 2 7 4 9 6 5 3 10 1 8 
20180624303 6 5 7 8 2 3 1 4 10 9 
20180624304 3 9 8 6 7 1 10 4 2 5 
20180624305 9 3 6 4 10 7 8 1 5 2 
20180624306 1 7 5 8 10 9 4 3 2 6 
20180624307 6 2 5 10 8 1 9 4 7 3 
20180624308 1 8 2 6 9 4 3 5 7 10 
20180624309 4 1 5 9 8 2 3 6 7 10 
20180624310 3 8 2 4 9 6 10 7 5 1 
20180624311 8 5 3 1 2 4 10 6 7 9 
20180624312 3 7 1 2 5 10 6 4 8 9 
20180624313 5 6 1 4 10 2 9 3 7 8 
20180624314 2 6 8 5 3 4 7 1 10 9 
20180624315 1 6 8 2 4 7 9 5 3 10 
20180624316 10 5 4 7 9 2 1 8 3 6 
20180624317 4 1 9 7 8 10 6 5 2 3 
20180624318 8 2 7 9 1 6 5 10 3 4 
20180624319 5 2 4 1 3 7 8 10 9 6 
20180624320 3 4 2 6 9 8 7 5 1 10 
20180624321 3 2 5 6 7 10 9 8 1 4 
20180624322 9 2 3 5 10 7 8 4 6 1 
20180624323 8 2 6 4 1 9 7 5 10 3 
20180624324 2 6 1 10 7 4 9 3 8 5 
20180624325 9 6 5 10 2 7 4 1 8 3 
20180624326 8 3 5 7 4 9 1 10 6 2 
20180624327 5 6 10 7 2 8 1 9 3 4 
20180624328 10 2 8 4 3 7 9 5 1 6 
20180624329 3 9 4 2 6 10 5 7 8 1 
20180624330 10 6 2 7 4 1 9 5 8 3 
20180624331 4 3 7 8 5 10 6 1 2 9 
20180624332 1 4 6 9 10 7 8 2 5 3 
20180624333 10 4 9 8 5 3 7 1 2 6 
20180624334 10 1 6 2 7 8 5 9 3 4 
20180624335 4 3 10 5 9 1 2 7 8 6 
20180624336 4 6 9 7 2 8 1 10 3 5 
20180624337 2 8 1 5 9 10 7 4 3 6 
20180624338 1 6 2 4 9 5 8 7 10 3 
20180624339 2 6 9 1 4 10 8 5 7 3 
20180624340 2 5 9 1 7 8 10 4 3 6 
20180624341 2 4 3 7 5 9 8 1 10 6 
20180624342 8 9 5 3 4 10 1 6 7 2 
20180624343 3 9 2 5 4 8 10 7 1 6 
20180624344 6 10 2 9 5 1 3 8 4 7 
20180624345 6 1 9 5 4 7 10 2 8 3 
20180624346 10 4 3 8 7 6 1 2 5 9 
20180624347 2 6 8 10 7 5 9 3 1 4 
20180624348 1 3 6 7 10 8 4 5 9 2 
20180624349 3 7 10 9 5 6 2 4 8 1 
20180624350 6 1 4 10 2 5 7 9 8 3 
20180624351 10 4 1 8 3 6 5 9 7 2 
20180624352 9 10 8 7 2 6 5 3 1 4 
20180624353 10 3 1 5 7 4 9 6 2 8 
20180624354 4 7 10 1 8 6 3 5 2 9 
20180624355 10 4 3 1 9 6 8 5 2 7 
20180624356 9 1 7 10 5 8 2 4 6 3 
20180624357 10 3 4 9 2 6 5 8 1 7 
20180624358 2 9 10 1 3 8 5 4 6 7 
20180624359 9 10 1 6 7 5 3 4 8 2 
20180624360 3 8 9 2 4 10 6 7 1 5 
20180624361 2 3 10 4 7 8 6 5 9 1 
20180624362 3 5 1 10 8 9 2 6 4 7 
20180624363 4 1 9 5 2 6 3 7 10 8 
20180624364 7 6 5 8 10 1 3 4 2 9 
20180624365 7 3 9 2 4 5 6 10 8 1 
20180624366 7 3 1 6 8 4 2 9 10 5 
20180624367 10 3 2 7 9 4 8 5 1 6 
20180624368 6 10 1 5 8 3 7 4 9 2 
20180624369 9 7 6 10 4 3 2 8 5 1 
20180624370 9 10 7 1 3 8 5 6 2 4 
20180624371 9 5 6 7 2 10 3 8 1 4 
20180624372 1 7 8 3 10 4 2 6 5 9 
20180624373 6 9 7 10 1 4 5 2 3 8 
20180624374 2 5 7 10 3 4 1 9 6 8 
20180624375 10 6 3 5 4 9 1 2 7 8 
20180624376 7 2 1 3 10 6 4 9 5 8 
20180624377 1 7 10 6 2 8 3 5 9 4 
20180624378 8 1 4 6 9 7 5 10 3 2 
20180624379 5 9 6 8 7 2 4 3 1 10 
20180624380 10 2 9 4 5 6 8 7 1 3 
20180624381 8 5 3 10 1 6 4 9 2 7 
20180624382 9 2 5 10 7 6 3 4 8 1 
20180624383 5 10 4 1 2 7 8 3 9 6 
20180624384 8 3 6 1 9 4 2 5 7 10 
20180624385 8 7 4 6 9 3 2 5 1 10 
20180624386 4 8 1 2 9 6 3 5 10 7 
20180624387 9 10 2 7 6 4 1 5 3 8 
20180624388 8 6 1 10 7 3 5 4 9 2 
20180624389 5 8 2 4 3 7 10 6 1 9 
20180624390 1 4 5 3 7 10 8 6 2 9 
20180624391 10 7 3 8 9 4 5 6 2 1 
20180624392 8 6 2 7 3 1 9 4 10 5 
20180624393 7 4 3 1 10 2 9 8 5 6 
20180624394 9 7 3 8 5 1 6 10 2 4 
20180624395 9 6 4 8 10 5 7 1 3 2 
20180624396 2 1 8 6 9 7 4 10 3 5 
20180624397 9 4 10 1 5 7 2 8 6 3 
20180624398 8 3 1 6 2 9 10 5 4 7 
20180624399 10 3 9 4 2 8 5 7 1 6 
20180624400 10 8 7 9 1 5 4 3 6 2 
20180624401 8 1 3 2 10 6 7 5 4 9 
20180624402 2 1 6 4 9 10 7 3 5 8 
20180624403 3 5 4 2 9 7 10 6 1 8 
20180624404 7 9 5 3 4 1 10 6 8 2 
20180624405 8 10 2 7 9 3 1 5 4 6 
20180624406 8 7 2 6 5 3 1 9 4 10 
20180624407 7 1 2 8 9 4 5 6 3 10 
20180624408 7 3 10 4 2 6 9 5 1 8 
20180624409 7 1 2 5 10 3 4 8 9 6 
20180624410 8 1 9 10 3 4 2 5 6 7 
20180624411 1 4 8 2 7 10 5 6 9 3 
20180624412 10 2 5 8 1 6 9 4 7 3 
20180624413 8 3 5 1 2 6 4 9 7 10 
20180624414 8 2 4 1 5 10 3 7 9 6 
20180624415 1 7 2 6 10 4 5 3 9 8 
20180624416 7 2 4 1 5 10 8 6 3 9 
20180624417 1 8 5 4 6 9 3 7 10 2 
20180624418 3 10 1 8 6 5 9 2 4 7 
20180624419 9 4 10 8 1 5 7 6 2 3 
20180624420 7 9 2 6 4 8 3 10 1 5 
20180624421 6 7 3 2 8 1 9 4 10 5 
20180624422 8 4 9 5 6 1 2 3 10 7 
20180624423 3 7 2 10 4 5 6 8 9 1 
20180624424 2 10 6 7 9 5 3 4 8 1 
20180624425 7 3 4 9 10 6 8 5 2 1 
20180624426 10 6 3 2 1 4 5 9 8 7 
20180624427 4 3 5 1 7 9 10 2 6 8 
20180624428 10 2 8 7 4 3 6 9 1 5 
20180624429 6 9 2 3 7 1 8 4 5 10 
20180624430 3 5 1 8 2 6 4 9 7 10 
20180624431 4 9 1 8 6 3 2 7 5 10 
20180624432 8 9 6 10 4 5 7 2 3 1 
20180624433 9 8 3 2 1 5 7 10 4 6 
20180624434 1 3 5 4 7 6 9 10 2 8 
20180624435 8 9 1 2 5 7 3 6 10 4 
20180624436 10 5 9 7 1 3 8 2 6 4 
20180624437 6 1 10 7 2 5 4 3 9 8 
20180624438 1 8 7 3 10 6 5 2 4 9 
20180624439 4 1 10 9 7 2 3 8 6 5 
20180624440 8 9 5 6 1 2 7 4 10 3 
20180624441 5 8 9 6 3 2 10 1 4 7 
20180624442 5 1 10 7 2 8 4 6 3 9 
20180624443 7 3 10 2 9 8 5 4 1 6 
20180624444 6 8 5 4 7 10 9 2 3 1 
20180624445 6 5 1 2 8 7 4 3 10 9 
20180624446 1 4 8 5 2 3 9 6 7 10 
20180624447 4 8 10 9 3 1 7 2 5 6 
20180624448 10 2 6 7 3 5 1 8 9 4 
20180624449 7 3 10 2 9 8 4 6 5 1 
20180624450 5 4 1 10 7 8 2 6 9 3 
20180624451 7 3 5 8 6 10 9 4 2 1 
20180624452 5 6 7 9 1 8 3 2 4 10 
20180624453 7 6 4 5 1 10 9 3 8 2 
20180624454 5 6 7 9 8 3 10 4 1 2 
20180624455 4 8 7 3 5 2 9 6 1 10 
20180624456 7 1 6 5 2 3 10 8 4 9 
20180624457 2 6 8 7 1 3 10 5 9 4 
20180624458 3 2 1 8 4 10 6 9 7 5 
20180624459 7 10 2 3 8 1 9 5 6 4 
20180624460 5 8 7 10 1 3 9 2 4 6 
20180624461 3 8 4 7 10 6 2 9 1 5 
20180624462 9 3 1 7 6 2 10 4 8 5 
20180624463 4 8 3 2 10 1 7 9 5 6 
20180624464 1 2 8 7 3 4 6 5 10 9 
20180624465 10 1 8 5 4 2 9 6 7 3 
20180624466 3 7 4 10 8 2 9 6 5 1 
20180624467 9 1 4 5 10 3 7 6 2 8 
20180624468 10 1 2 4 6 5 3 8 7 9 
20180624469 8 10 4 2 5 3 7 9 6 1 
20180624470 9 3 10 7 2 6 1 4 5 8 
20180624471 9 7 6 3 8 1 10 5 2 4 
20180624472 8 7 5 9 4 1 3 10 6 2 
20180624473 5 8 6 2 10 3 4 1 9 7 
20180624474 10 5 7 6 3 1 8 4 9 2 
20180624475 1 6 2 8 9 3 7 5 4 10 
20180624476 5 1 2 7 4 9 10 8 6 3 
20180624477 5 1 10 6 3 8 2 9 7 4 
20180624478 1 8 10 6 4 2 7 5 9 3 
20180624479 2 8 7 4 1 10 3 9 5 6 
20180624480 9 6 8 1 5 10 2 4 7 3 
20180624481 8 3 5 7 4 2 6 1 9 10 
20180624482 2 1 6 4 9 7 10 8 3 5 
20180624483 6 3 4 5 8 9 2 7 10 1 
20180624484 10 2 9 3 7 4 6 8 1 5 
20180624485 7 3 2 6 8 1 9 10 5 4 
20180624486 4 3 5 1 7 8 9 10 2 6 
20180624487 2 5 1 8 7 4 10 9 6 3 
20180624488 4 6 7 2 1 5 8 10 3 9 
20180624489 1 6 5 3 7 8 2 9 10 4 
20180624490 8 10 5 6 3 9 7 4 1 2 
20180624491 1 4 5 10 6 2 3 9 8 7 
20180624492 6 10 1 9 2 3 5 4 8 7 
20180624493 2 1 8 3 6 10 4 9 5 7 
20180624494 3 10 5 4 9 1 7 6 2 8 
20180624495 5 7 8 1 10 2 3 6 4 9 
20180624496 3 9 8 1 2 10 5 4 7 6 
20180624497 5 4 7 1 3 8 10 9 2 6 
20180624498 7 1 3 4 5 6 8 10 2 9 
20180624499 8 4 3 9 2 10 1 7 5 6 
20180624500 5 4 3 9 2 10 7 8 1 6 
20180624501 5 10 2 4 7 9 6 8 3 1 
20180624502 2 4 8 10 6 7 3 1 9 5 
20180624503 6 1 2 4 8 9 7 3 5 10 
20180624504 2 10 5 8 9 4 7 1 6 3 
20180624505 5 6 8 1 2 3 7 4 9 10 
20180624506 7 3 5 4 2 10 1 6 9 8 
20180624507 10 5 2 9 3 6 8 7 1 4 
20180624508 2 3 9 6 10 5 1 7 8 4 
20180624509 4 9 8 7 10 3 1 5 6 2 
20180624510 9 5 8 7 4 3 10 6 1 2 
20180624511 7 3 8 5 9 4 10 6 1 2 
20180624512 3 2 1 9 5 7 10 8 4 6 
20180624513 4 9 10 3 1 5 2 6 7 8 
20180624514 10 4 2 8 9 6 7 5 1 3 
20180624515 2 5 7 1 10 9 8 6 4 3 
20180624516 4 10 3 6 9 5 7 1 8 2 
20180624517 7 4 1 3 6 10 9 2 8 5 
20180624518 9 6 4 2 5 7 10 8 1 3 
20180624519 8 3 1 6 4 10 2 9 7 5 
20180624520 3 2 6 7 9 4 8 10 1 5 
20180624521 8 4 6 7 3 9 5 2 10 1 
20180624522 6 1 2 5 8 9 3 10 7 4 
20180624523 7 5 4 8 9 6 10 1 3 2 
20180624524 4 7 8 6 1 3 9 5 10 2 
20180624525 1 6 2 5 3 8 4 10 9 7 
20180624526 4 10 3 6 2 7 9 1 8 5 
20180624527 10 7 9 3 4 2 1 8 5 6 
20180624528 5 8 3 2 9 6 7 10 1 4 
20180624529 9 4 10 6 5 8 7 3 1 2 
20180624530 7 9 8 10 1 2 5 6 3 4 
20180624531 10 8 6 1 2 3 4 7 5 9 
20180624532 5 9 1 10 6 7 4 3 8 2 
20180624533 2 5 7 3 10 4 9 6 8 1 
20180624534 10 8 6 9 3 2 4 1 7 5 
20180624535 5 8 7 9 1 3 10 6 4 2 
20180624536 9 4 10 3 6 8 5 1 2 7 
20180624537 9 10 3 7 8 1 4 5 2 6 
20180624538 10 4 9 2 1 5 7 6 3 8 
20180624539 7 6 4 10 3 8 5 1 9 2 
20180624540 3 2 10 4 9 8 5 1 6 7 
20180624541 7 2 6 5 9 10 4 3 1 8 
20180624542 9 7 2 10 3 4 6 8 1 5 
20180624543 5 4 2 7 1 6 10 8 9 3 
20180624544 1 9 10 6 8 2 5 3 7 4 
20180624545 4 7 6 1 5 10 8 3 2 9 
20180624546 1 2 6 7 5 9 8 4 10 3 
20180624547 2 1 7 3 8 9 6 5 4 10 
20180624548 8 7 10 3 2 5 9 6 4 1 
20180624549 9 2 1 10 4 6 8 7 3 5 
20180624550 4 8 5 6 3 7 1 2 10 9 
20180624551 2 7 5 9 10 1 8 6 3 4 
20180624552 4 1 5 8 7 9 3 10 6 2 
20180624553 1 3 10 9 8 2 7 5 4 6 
20180624554 4 2 1 5 10 6 9 3 7 8 
20180624555 2 6 7 1 8 3 5 10 9 4 
20180624556 3 5 4 2 8 6 7 1 9 10 
20180624557 8 3 1 9 4 7 6 2 5 10 
20180624558 7 5 9 2 1 8 10 3 6 4 
20180624559 3 7 6 10 2 1 4 8 5 9 
20180624560 10 4 9 7 6 3 5 1 2 8 
20180624561 2 5 7 6 4 9 1 8 3 10 
20180624562 4 3 5 1 9 7 10 8 2 6 
20180624563 4 7 9 3 8 1 10 2 5 6 
20180624564 1 2 7 3 4 10 8 5 9 6 
20180624565 2 5 1 10 3 9 6 8 4 7 
20180624566 2 5 9 10 7 4 6 8 1 3 
20180624567 9 8 4 2 10 3 7 1 6 5 
20180624568 9 8 3 7 5 1 10 2 6 4 
20180624569 10 7 8 1 5 4 6 2 3 9 
20180624570 10 4 6 1 5 2 9 3 8 7 
20180624571 4 7 10 1 9 2 8 5 6 3 
20180624572 10 3 9 4 2 8 7 5 6 1 
20180624573 3 9 2 4 8 1 7 5 6 10 
20180624574 8 6 1 5 3 10 2 4 9 7 
20180624575 10 5 7 3 2 9 8 4 6 1 
20180624576 2 9 5 4 10 3 7 6 8 1 
20180624577 2 5 8 10 6 1 4 3 7 9 
20180624578 2 7 5 3 8 4 9 1 6 10 
20180624579 10 8 3 4 5 7 2 1 6 9 
20180624580 4 10 3 7 2 5 6 8 1 9 
20180624581 5 2 3 8 7 9 4 6 1 10 
20180624582 1 10 2 4 6 8 9 3 7 5 
20180624583 9 8 4 7 2 6 1 5 10 3 
20180624584 10 7 6 3 2 1 8 4 9 5 
20180624585 8 1 4 5 3 9 10 2 7 6 
20180624586 6 8 3 5 7 9 4 2 10 1 
20180624587 6 10 1 9 3 7 8 4 5 2 
20180624588 6 3 5 1 7 2 9 4 8 10 
20180624589 4 6 1 9 7 3 8 10 2 5 
20180624590 7 3 5 2 10 6 1 9 4 8 
20180624591 5 2 8 6 10 1 4 3 7 9 
20180624592 5 4 1 7 6 2 10 9 3 8 
20180624593 2 4 7 10 9 8 3 5 1 6 
20180624594 5 10 8 2 9 7 4 6 3 1 
20180624595 2 9 5 7 10 6 8 3 1 4 
20180624596 2 10 3 4 1 8 6 5 7 9 
20180624597 6 10 8 9 4 5 1 7 2 3 
20180624598 5 7 2 9 1 8 6 4 3 10 
20180624599 10 4 7 8 5 2 9 1 6 3 
20180624600 8 4 1 7 6 9 5 3 2 10 
20180624601 10 4 1 6 5 3 9 2 8 7 
20180624602 1 9 2 4 5 10 3 7 8 6 
20180624603 7 1 8 2 9 10 5 3 4 6 
20180624604 6 4 9 10 3 2 5 8 7 1 
20180624605 3 6 2 1 8 5 4 10 9 7 
20180624606 7 4 8 9 5 2 1 10 6 3 
20180624607 7 6 10 5 9 4 1 8 2 3 
20180624608 2 9 4 10 8 1 6 3 5 7 
20180624609 3 2 5 1 7 8 6 4 10 9 
20180624610 3 6 8 7 5 9 1 10 4 2 
20180624611 8 7 2 3 9 5 4 1 6 10 
20180624612 1 4 6 9 10 7 8 2 5 3 
20180624613 3 7 2 10 1 8 5 6 9 4 
20180624614 1 6 2 4 5 3 10 9 8 7 
20180624615 10 3 6 7 9 5 1 8 4 2 
20180624616 1 4 2 10 7 9 8 3 5 6 
20180624617 5 9 4 7 6 10 2 1 8 3 
20180624618 8 9 5 10 3 6 1 2 7 4 
20180624619 3 7 5 4 2 9 6 1 8 10 
20180624620 6 3 10 4 1 2 9 7 8 5 
20180624621 9 2 3 6 4 10 7 5 8 1 
20180624622 2 10 5 3 8 7 9 1 4 6 
20180624623 5 6 10 9 7 4 8 3 1 2 
20180624624 10 3 9 1 4 7 8 6 5 2 
20180624625 9 2 8 1 7 4 10 3 6 5 
20180624626 6 10 3 2 1 7 4 9 8 5 
20180624627 6 5 9 2 4 3 1 10 7 8 
20180624628 2 7 1 9 6 10 3 4 5 8 
20180624629 3 6 7 10 9 4 5 1 8 2 
20180624630 7 9 6 1 4 5 2 3 8 10 
20180624631 10 6 8 5 9 7 1 4 2 3 
20180624632 3 9 5 6 7 4 10 2 1 8 
20180624633 3 5 10 2 4 6 9 7 1 8 
20180624634 10 4 7 3 6 5 9 2 8 1 
20180624635 1 5 10 3 6 9 8 7 4 2 
20180624636 3 7 5 6 2 4 10 9 8 1 
20180624637 3 9 2 5 7 10 1 6 4 8 
20180624638 10 1 2 9 3 6 7 8 4 5 
20180624639 9 7 3 1 2 10 6 4 5 8 
20180624640 1 9 7 2 4 5 3 8 6 10 
20180624641 9 1 6 4 7 10 3 8 5 2 
20180624642 10 2 9 4 6 7 3 5 1 8 
20180624643 7 1 3 10 8 5 9 6 2 4 
20180624644 4 5 7 9 3 2 1 6 8 10 
20180624645 4 7 6 1 2 3 9 8 10 5 
20180624646 9 4 2 10 5 1 8 6 7 3 
20180624647 2 5 1 8 3 6 9 7 10 4 
20180624648 9 10 3 5 2 4 1 6 7 8 
20180624649 10 1 9 2 8 3 7 5 4 6 
20180624650 10 2 3 7 6 4 9 1 8 5 
20180624651 6 8 7 2 4 10 9 3 5 1 
20180624652 9 6 4 5 10 8 3 1 2 7 
20180624653 6 1 7 5 3 2 8 4 10 9 
20180624654 7 3 8 1 5 9 2 10 4 6 
20180624655 6 10 1 3 7 4 5 8 2 9 
20180624656 9 6 8 2 5 7 3 1 10 4 
20180624657 2 8 1 3 9 5 4 6 7 10 
20180624658 7 3 5 2 9 8 1 4 10 6 
20180624659 5 4 7 2 3 1 10 8 9 6 
20180624660 2 1 3 5 7 10 4 6 8 9 
20180624661 9 1 4 5 8 2 3 7 6 10 
20180624662 6 2 3 7 10 9 8 5 4 1 
20180624663 2 5 4 10 1 8 7 6 3 9 
20180624664 7 1 3 4 8 6 9 5 10 2 
20180624665 10 8 1 9 7 3 2 6 5 4 
20180624666 7 6 1 10 2 4 5 3 9 8 
20180624667 10 4 3 2 6 8 5 7 9 1 
20180624668 1 6 5 10 3 4 7 2 9 8 
20180624669 6 8 1 10 4 3 5 9 2 7 
20180624670 10 8 3 1 4 9 2 7 5 6 
20180624671 3 7 5 2 6 4 8 10 1 9 
20180624672 7 5 1 3 9 6 10 4 2 8 
20180624673 2 7 9 5 8 10 1 3 4 6 
20180624674 10 1 4 5 6 9 8 3 2 7 
20180624675 4 5 7 6 2 8 10 9 3 1 
20180624676 7 10 3 6 2 4 5 1 9 8 
20180624677 2 1 5 4 7 8 9 6 10 3 
20180624678 4 2 7 10 3 1 8 5 9 6 
20180624679 4 10 3 2 9 1 8 6 5 7 
20180624680 1 6 7 8 10 2 4 5 9 3 
20180624681 6 5 3 8 9 4 10 2 7 1 
20180624682 8 6 5 1 9 3 4 2 10 7 
20180624683 4 7 5 2 6 1 3 8 10 9 
20180624684 7 9 2 5 3 10 4 6 1 8 
20180624685 7 8 3 10 5 1 6 2 4 9 
20180624686 2 1 5 4 8 9 6 7 10 3 
20180624687 9 2 10 4 7 6 5 1 3 8 
20180624688 6 4 2 8 5 1 7 10 3 9 
20180624689 8 7 1 4 6 10 2 5 3 9 
20180624690 4 5 10 9 1 6 7 3 8 2 
20180624691 8 6 9 10 5 1 3 7 4 2 
20180624692 6 2 1 9 8 7 10 5 4 3 
20180624693 7 4 9 1 3 10 5 2 6 8 
20180624694 5 3 10 9 1 8 4 2 6 7 
20180624695 10 4 8 9 7 6 2 3 1 5 
20180624696 10 4 1 7 8 3 5 2 9 6 
20180624697 3 8 9 6 4 2 5 10 7 1 
20180624698 6 9 4 7 3 2 1 8 5 10 
20180624699 5 6 3 4 2 7 10 9 8 1 
20180624700 2 8 1 9 7 5 6 4 3 10 
20180624701 10 9 6 8 2 3 5 4 1 7 
20180624702 3 7 5 2 8 1 10 4 6 9 
20180624703 7 4 8 5 2 1 9 3 10 6 
20180624704 7 2 1 6 8 5 10 4 9 3 
20180624705 6 8 4 7 2 9 1 3 10 5 
20180624706 1 3 5 7 2 8 6 10 9 4 
20180624707 2 3 9 5 8 10 7 6 4 1 
20180624708 1 4 7 3 5 2 9 10 8 6 
20180624709 5 1 3 10 7 2 9 6 8 4 
20180624710 6 9 8 7 10 3 2 5 4 1 
20180624711 3 6 4 1 7 2 5 9 8 10 
20180624712 5 9 1 7 6 8 10 2 3 4 
20180624713 1 9 7 10 6 2 5 4 3 8 
20180624714 10 7 6 5 4 9 1 2 3 8 
20180624715 3 10 4 6 1 2 9 7 8 5 
20180624716 5 6 2 10 8 4 9 1 3 7 
20180624717 6 8 9 3 1 10 7 4 2 5 
20180624718 10 9 1 4 7 3 8 6 2 5 
20180624719 5 10 6 7 8 3 4 1 2 9 
20180624720 7 3 6 5 9 10 8 4 2 1 
20180624721 10 2 3 6 4 9 7 8 1 5 
20180624722 7 5 10 3 6 4 9 8 1 2 
20180624723 6 10 4 2 7 1 9 8 5 3 
20180624724 3 7 10 4 5 2 1 6 9 8 
20180624725 9 3 7 8 10 4 5 2 1 6 
20180624726 4 10 1 9 8 2 5 3 7 6 
20180624727 1 10 9 6 4 2 8 5 3 7 
20180624728 7 4 3 9 6 2 5 10 1 8 
20180624729 9 4 5 6 8 2 3 1 7 10 
20180624730 9 3 4 8 10 7 2 6 1 5 
20180624731 4 1 6 10 2 3 8 5 7 9 
20180624732 9 6 1 7 8 2 10 5 4 3 
20180624733 8 2 7 9 4 10 5 6 1 3 
20180624734 4 3 5 8 2 6 7 10 9 1 
20180624735 5 9 6 1 3 4 7 10 2 8 
20180624736 4 9 8 6 1 10 3 7 5 2 
20180624737 5 7 4 10 3 8 2 6 1 9 
20180624738 4 8 1 3 7 5 2 9 6 10 
20180624739 6 2 9 5 4 8 1 10 7 3 
20180624740 4 3 9 6 5 10 7 1 2 8 
20180624741 7 6 9 1 4 8 5 10 3 2 
20180624742 10 9 3 6 1 2 5 4 8 7 
20180624743 6 2 1 8 9 5 4 10 7 3 
20180624744 4 10 8 1 5 3 2 9 6 7 
20180624745 10 4 7 8 1 2 3 9 6 5 
20180624746 7 2 9 3 6 5 10 8 4 1 
20180624747 3 5 10 7 9 6 2 8 4 1 
20180624748 7 2 9 1 8 3 4 10 6 5 
20180624749 6 10 5 2 9 3 4 1 7 8 
20180624750 1 4 7 6 8 2 5 9 10 3 
20180624751 1 2 9 3 7 5 4 10 6 8 
20180624752 3 1 8 5 4 6 9 2 10 7 
20180624753 10 7 2 8 4 3 1 6 9 5 
20180624754 10 4 2 9 5 7 6 8 1 3 
20180624755 5 1 7 9 8 2 6 10 4 3 
20180624756 9 3 5 6 2 10 8 4 7 1 
20180624757 10 9 3 7 4 6 2 5 1 8 
20180624758 7 9 8 6 5 4 1 2 3 10 
20180624759 8 7 1 5 6 3 10 4 9 2 
20180624760 10 2 5 7 3 4 6 8 1 9 
20180624761 3 7 1 8 4 10 9 5 2 6 
20180624762 7 4 5 3 8 9 2 1 6 10 
20180624763 6 4 7 9 8 3 5 10 2 1 
20180624764 5 7 8 4 2 1 10 6 3 9 
20180624765 4 3 7 8 6 1 9 10 2 5 
20180624766 1 3 8 2 6 5 4 9 10 7 
20180624767 5 6 2 4 1 7 10 8 3 9 
20180624768 6 7 1 4 9 5 8 3 10 2 
20180624769 8 4 2 6 5 9 10 3 7 1 
20180624770 2 1 8 7 3 10 5 9 6 4 
20180624771 1 8 3 4 5 2 9 10 6 7 
20180624772 4 9 6 1 2 7 5 8 3 10 
20180624773 5 10 6 9 4 7 1 3 2 8 
20180624774 9 6 2 1 5 4 10 3 8 7 
20180624775 5 9 1 7 3 4 10 6 8 2 
20180624776 3 9 1 2 10 8 5 7 6 4 
20180624777 3 9 7 5 4 1 2 8 10 6 
20180624778 5 7 9 6 4 2 1 3 8 10 
20180624779 7 8 2 9 6 10 5 3 4 1 
20180624780 9 4 3 7 8 5 6 1 2 10 
20180624781 7 2 1 8 10 4 3 6 9 5 
20180624782 6 7 5 2 8 9 3 4 1 10 
20180624783 5 4 8 3 1 9 7 2 10 6 
20180624784 10 3 1 7 5 6 4 8 2 9 
20180624785 4 5 2 1 6 7 10 9 3 8 
20180624786 3 7 2 4 5 6 8 9 1 10 
20180624787 9 5 7 2 4 10 8 6 1 3 
20180624788 7 5 1 3 8 2 6 10 4 9 
20180624789 9 3 8 7 2 1 10 5 4 6 
20180624790 8 2 4 9 3 7 6 10 5 1 
20180624791 2 10 1 7 9 8 5 3 4 6 
20180624792 8 1 3 7 10 2 4 6 5 9 
20180624793 1 3 4 7 2 5 10 8 6 9 
20180624794 8 9 6 2 5 1 3 4 10 7 
20180624795 2 9 1 8 6 5 7 10 4 3 
20180624796 1 8 2 3 10 4 7 9 5 6 
20180624797 6 3 8 7 10 1 9 2 4 5 
20180624798 6 3 7 9 10 4 8 5 1 2 
20180624799 4 2 6 10 5 9 1 7 8 3 
20180624800 6 4 2 3 10 8 1 5 9 7 
20180624801 6 5 4 10 9 3 8 1 2 7 
20180624802 4 2 5 9 10 7 3 6 1 8 
20180624803 3 6 1 10 4 2 5 9 7 8 
20180624804 9 5 4 10 1 6 8 7 3 2 
20180624805 1 7 8 3 2 4 10 6 9 5 
20180624806 2 9 3 10 4 6 7 1 5 8 
20180624807 5 2 1 3 8 6 10 4 7 9 
20180624808 4 3 5 8 10 1 2 7 6 9 
20180624809 7 4 2 6 10 9 8 5 1 3 
20180624810 6 7 8 1 3 2 9 10 4 5 
20180624811 10 3 8 1 4 9 2 5 7 6 
20180624812 9 8 4 5 2 7 10 1 3 6 
20180624813 4 1 10 2 5 6 3 7 8 9 
20180624814 7 4 10 3 9 1 8 2 6 5 
20180624815 9 6 8 4 10 1 5 7 2 3 
20180624816 6 5 7 4 8 3 10 1 2 9 
20180624817 3 8 2 4 1 5 6 9 7 10 
20180624818 3 7 5 6 2 9 10 4 8 1 
20180624819 1 2 3 8 6 4 5 9 7 10 
20180624820 10 9 3 6 1 8 4 7 2 5 
20180624821 6 2 1 3 4 10 7 9 8 5 
20180624822 3 1 10 7 2 4 8 9 5 6 
20180624823 2 5 3 1 4 7 10 8 6 9 
20180624824 1 10 4 5 3 7 9 6 2 8 
20180624825 4 10 5 1 6 8 2 7 3 9 
20180624826 5 2 3 8 9 10 6 1 7 4 
20180624827 2 4 10 6 9 5 8 3 7 1 
20180624828 3 5 6 7 9 8 10 2 4 1 
20180624829 2 6 8 4 7 5 9 10 3 1 
20180624830 5 7 1 3 4 8 6 2 10 9 
20180624831 9 10 1 6 5 4 7 8 3 2 
20180624832 7 8 2 9 5 4 3 6 10 1 
20180624833 2 3 5 1 4 10 6 8 7 9 
20180624834 8 1 2 10 4 3 6 9 5 7 
20180624835 9 8 6 1 7 10 5 4 3 2 
20180624836 5 8 4 6 3 1 2 9 10 7 
20180624837 4 1 2 3 9 8 10 6 5 7 
20180624838 5 4 8 1 9 3 7 6 10 2 
20180624839 10 9 3 1 6 5 7 4 2 8 
20180624840 1 6 3 2 10 8 4 5 7 9 
20180624841 9 4 3 1 6 10 5 7 2 8 
20180624842 3 6 2 10 4 9 5 1 7 8 
20180624843 6 9 2 1 10 3 8 4 5 7 
20180624844 3 6 1 10 4 7 5 9 8 2 
20180624845 3 2 9 7 4 1 10 6 5 8 
20180624846 10 3 8 7 4 2 5 9 6 1 
20180624847 10 3 2 7 1 5 9 8 6 4 
20180624848 4 7 5 10 1 3 9 8 6 2 
20180624849 3 6 10 9 1 4 7 2 5 8 
20180624850 6 4 9 7 2 8 5 10 1 3 
20180624851 2 7 8 9 6 5 4 10 3 1 
20180624852 8 4 5 10 9 7 1 6 3 2 
20180624853 6 7 4 8 1 5 2 9 10 3 
20180624854 2 3 10 7 8 1 6 9 5 4 
20180624855 9 5 4 10 7 6 8 1 2 3 
20180624856 9 6 4 1 10 5 7 2 3 8 
20180624857 1 10 9 6 3 7 8 4 2 5 
20180624858 4 8 1 3 6 2 10 5 9 7 
20180624859 2 7 6 1 4 8 3 9 5 10 
20180624860 4 5 8 3 7 10 9 2 1 6 
20180624861 6 10 8 7 2 3 1 9 4 5 
20180624862 7 2 10 4 3 6 1 5 8 9 
20180624863 5 4 1 7 6 3 2 8 10 9 
20180624864 2 8 6 10 9 3 1 7 5 4 
20180624865 10 3 8 6 1 9 7 2 5 4 
20180624866 3 8 6 10 4 5 2 7 1 9 
20180624867 3 8 7 10 4 1 5 2 9 6 
20180624868 6 5 9 3 7 10 2 8 1 4 
20180624869 7 8 2 9 4 1 5 10 3 6 
20180624870 6 5 1 3 10 4 8 9 7 2 
20180624871 10 7 2 9 5 3 6 1 4 8 
20180624872 10 5 7 9 8 3 4 2 6 1 
20180624873 3 10 2 5 7 6 8 4 1 9 
20180624874 4 8 6 1 2 9 7 5 3 10 
20180624875 8 2 5 1 3 10 7 9 6 4 
20180624876 6 5 9 4 2 3 1 10 7 8 
20180624877 6 7 10 5 2 4 3 9 8 1 
20180624878 3 2 1 8 5 10 7 9 4 6 
20180624879 10 7 3 9 5 1 4 8 6 2 
20180624880 2 9 6 5 1 3 7 4 8 10 
20180624881 6 3 5 8 1 10 9 4 7 2 
20180624882 10 3 7 8 6 9 4 2 1 5 
20180624883 5 3 1 8 4 6 7 9 10 2 
20180624884 2 7 9 6 8 5 4 10 3 1 
20180624885 1 4 9 7 10 6 2 3 8 5 
20180624886 10 5 4 8 1 9 2 7 6 3 
20180624887 8 9 7 5 6 2 10 3 4 1 
20180624888 6 5 2 7 10 3 1 8 4 9 
20180624889 6 10 9 3 7 4 2 5 8 1 
20180624890 8 5 9 4 6 10 2 7 3 1 
20180624891 4 9 8 10 5 1 7 6 2 3 
20180624892 2 10 1 9 6 8 7 5 3 4 
20180624893 8 2 1 3 10 9 5 6 7 4 
20180624894 9 4 5 7 3 6 8 10 1 2 
20180624895 7 2 1 4 8 6 3 10 5 9 
20180624896 9 8 2 10 1 3 4 6 7 5 
20180624897 10 6 1 2 8 3 9 4 7 5 
20180624898 7 10 4 9 6 5 3 2 1 8 
20180624899 5 8 10 1 2 7 4 6 9 3 
20180624900 3 6 7 4 5 2 9 1 8 10 
20180624901 10 5 4 2 6 3 8 1 7 9 
20180624902 8 2 4 3 1 9 6 7 5 10 
20180624903 3 4 9 1 2 10 5 6 8 7 
20180624904 3 2 9 1 8 4 10 6 5 7 
20180624905 10 1 7 3 9 8 6 5 2 4 
20180624906 2 9 10 7 1 3 8 4 6 5 
20180624907 6 7 2 8 1 10 3 4 5 9 
20180624908 2 10 1 8 3 9 4 5 7 6 
20180624909 8 5 7 4 2 3 6 1 10 9 
20180624910 6 1 5 10 4 7 3 9 8 2 
20180624911 8 3 4 1 2 6 10 9 7 5 
20180624912 2 10 5 9 8 7 1 6 3 4 
20180624913 2 3 5 8 1 6 9 10 7 4 
20180624914 4 8 7 1 6 3 9 10 2 5 
20180624915 3 2 8 10 1 9 5 4 7 6 
20180624916 6 2 4 1 10 7 3 9 8 5 
20180624917 7 4 10 1 2 9 8 6 5 3 
20180624918 1 5 4 6 3 8 9 10 2 7 
20180624919 2 3 8 1 6 7 9 4 5 10 
20180624920 2 1 10 3 8 9 7 6 5 4 
20180624921 2 6 1 5 7 10 9 4 3 8 
20180624922 10 1 8 6 5 9 3 4 2 7 
20180624923 9 2 8 6 3 1 5 10 7 4 
20180624924 8 2 7 4 10 5 3 9 6 1 
20180624925 10 1 5 7 4 6 8 9 3 2 
20180624926 4 1 10 7 3 2 5 9 8 6 
20180624927 10 6 9 1 2 7 3 8 4 5 
20180624928 1 4 3 10 9 6 5 2 7 8 
20180624929 8 5 6 1 7 10 2 4 3 9 
20180624930 6 7 3 2 1 5 8 10 9 4 
20180624931 6 5 8 9 7 2 1 4 10 3 
20180624932 5 4 7 1 10 9 6 8 2 3 
20180624933 7 6 4 8 9 3 2 5 10 1 
20180624934 6 1 5 3 4 10 9 7 2 8 
20180624935 4 5 10 6 3 8 2 7 9 1 
20180624936 3 6 7 4 1 10 9 5 2 8 
20180624937 4 8 9 1 7 5 2 3 6 10 
20180624938 3 4 6 10 7 5 2 1 9 8 
20180624939 5 8 1 6 7 2 3 4 9 10 
20180624940 4 7 5 9 1 2 6 3 10 8 
20180624941 7 8 6 5 3 10 9 4 1 2 
20180624942 4 1 3 7 6 8 9 10 5 2 
20180624943 5 2 1 3 7 10 8 6 9 4 
20180624944 10 9 5 2 7 1 4 6 8 3 
20180624945 7 2 1 3 9 5 10 8 6 4 
20180624946 2 5 3 1 6 4 10 9 8 7 
20180624947 7 6 8 10 9 4 3 5 1 2 
20180624948 5 8 4 9 1 3 10 2 6 7 
20180624949 1 10 8 3 5 7 4 6 9 2 
20180624950 2 3 6 8 5 1 9 7 10 4 
20180624951 6 10 7 2 9 1 8 3 5 4 
20180624952 6 2 8 7 9 1 4 3 5 10 
20180624953 2 9 7 3 1 4 5 10 6 8 
20180624954 6 2 9 4 3 5 1 8 10 7 
20180624955 6 5 7 9 10 8 4 3 1 2 
20180624956 2 7 9 6 1 4 3 10 5 8 
20180624957 4 10 2 5 1 6 8 9 3 7 
20180624958 7 10 4 1 2 5 8 3 6 9 
20180624959 10 1 3 9 7 4 2 5 8 6 
20180624960 7 6 2 5 3 1 8 4 10 9 
20180624961 2 9 6 10 3 5 7 8 1 4 
20180624962 8 6 2 1 7 5 9 3 10 4 
20180624963 3 1 2 5 6 10 8 4 9 7 
20180624964 5 6 8 2 1 7 10 4 3 9 
20180624965 10 7 3 8 5 6 4 9 1 2 
20180624966 6 1 4 5 3 10 9 2 8 7 
20180624967 6 8 3 4 10 1 9 5 7 2 
20180624968 7 6 1 8 9 4 3 2 5 10 
20180624969 9 10 1 5 8 2 7 4 3 6 
20180624970 5 6 2 3 7 4 1 10 8 9 
20180624971 2 9 5 4 6 10 3 8 1 7 
20180624972 8 2 9 7 3 4 5 10 1 6 
20180624973 10 5 7 6 9 4 3 8 2 1 
20180624974 8 2 4 3 6 7 1 9 5 10 
20180624975 10 5 6 3 9 8 2 4 1 7 
20180624976 8 5 2 10 3 9 4 7 1 6 
20180624977 5 8 2 4 10 9 6 1 3 7 
20180624978 2 7 6 10 3 5 1 9 8 4 
20180624979 3 6 10 1 9 2 8 5 4 7 
20180624980 1 8 4 3 7 2 9 10 6 5 
20180624981 6 9 8 4 3 5 7 2 1 10 
20180624982 8 3 5 1 4 2 7 6 10 9 
20180624983 6 3 10 9 2 5 4 1 8 7 
20180624984 8 7 5 6 4 10 3 1 9 2 
20180624985 7 10 5 9 1 6 4 8 3 2 
