20180610001 8 2 3 5 1 10 4 6 7 9 
20180610002 5 4 6 7 10 3 2 9 1 8 
20180610003 7 8 4 1 9 3 5 2 6 10 
20180610004 1 8 10 6 7 9 4 2 3 5 
20180610005 3 2 1 7 10 8 9 6 5 4 
20180610006 3 1 7 8 10 2 9 6 4 5 
20180610007 3 4 2 9 6 10 8 7 1 5 
20180610008 6 1 9 10 3 8 7 2 4 5 
20180610009 8 6 7 5 10 4 2 3 1 9 
20180610010 1 6 10 4 8 7 3 2 5 9 
20180610011 5 2 7 6 9 8 4 10 3 1 
20180610012 8 2 6 5 7 10 4 9 3 1 
20180610013 6 3 8 2 10 9 5 1 4 7 
20180610014 3 2 6 5 7 4 1 8 10 9 
20180610015 1 7 9 3 4 10 8 6 2 5 
20180610016 3 6 10 4 8 9 1 5 7 2 
20180610017 10 4 2 5 9 8 3 6 1 7 
20180610018 3 8 1 9 10 4 2 7 5 6 
20180610019 3 6 9 4 1 10 2 8 7 5 
20180610020 9 7 4 1 2 3 6 5 8 10 
20180610021 2 9 7 8 3 4 10 5 1 6 
20180610022 9 8 2 4 5 6 7 1 10 3 
20180610023 7 8 1 6 2 5 3 10 4 9 
20180610024 3 6 8 5 2 7 4 10 1 9 
20180610025 2 9 4 10 1 5 3 7 8 6 
20180610026 6 5 10 7 1 3 8 2 4 9 
20180610027 10 5 4 3 6 1 8 7 2 9 
20180610028 7 5 1 3 2 8 10 4 9 6 
20180610029 7 6 9 8 2 4 10 1 3 5 
20180610030 5 8 6 1 2 4 7 10 3 9 
20180610031 3 1 10 8 6 5 9 2 4 7 
20180610032 3 4 6 7 9 8 2 1 5 10 
20180610033 3 4 5 2 9 1 10 8 7 6 
20180610034 5 6 10 8 3 9 7 4 1 2 
20180610035 5 6 2 10 9 7 3 1 4 8 
20180610036 10 1 9 8 2 5 4 3 7 6 
20180610037 7 3 8 2 9 6 1 10 5 4 
20180610038 2 1 4 3 10 6 8 7 9 5 
20180610039 1 2 5 3 8 4 10 6 7 9 
20180610040 3 10 7 9 2 5 8 1 4 6 
20180610041 5 3 9 1 4 6 7 2 10 8 
20180610042 2 1 3 9 4 8 7 10 5 6 
20180610043 8 3 4 5 10 6 9 1 2 7 
20180610044 7 1 9 10 6 5 4 2 3 8 
20180610045 9 10 3 2 1 5 4 8 7 6 
20180610046 10 9 5 2 6 7 3 1 4 8 
20180610047 1 3 7 2 10 4 8 9 5 6 
20180610048 8 7 3 1 2 10 5 6 9 4 
20180610049 5 2 4 10 3 1 9 8 6 7 
20180610050 9 5 3 1 10 4 6 2 7 8 
20180610051 9 3 1 7 5 2 6 10 4 8 
20180610052 1 4 5 3 8 7 10 2 6 9 
20180610053 10 9 7 5 3 8 4 1 2 6 
20180610054 6 4 8 2 10 1 7 3 9 5 
20180610055 10 5 4 8 3 7 2 6 9 1 
20180610056 1 8 4 9 5 7 10 3 2 6 
20180610057 7 9 1 10 2 3 4 6 5 8 
20180610058 8 6 5 9 1 7 2 4 3 10 
20180610059 5 3 6 2 1 8 10 9 7 4 
20180610060 7 2 5 9 6 1 8 3 10 4 
20180610061 10 5 6 8 9 7 4 1 3 2 
20180610062 8 4 2 10 5 6 7 1 3 9 
20180610063 6 1 9 3 5 7 8 4 10 2 
20180610064 6 5 1 3 10 4 7 8 9 2 
20180610065 9 6 7 8 2 1 3 10 4 5 
20180610066 1 9 5 6 3 7 2 10 8 4 
20180610067 1 6 4 2 7 9 3 5 8 10 
20180610068 1 4 5 2 10 7 3 8 9 6 
20180610069 1 8 7 4 5 10 9 6 2 3 
20180610070 9 5 2 6 10 1 7 3 8 4 
20180610071 8 6 3 10 2 5 7 4 9 1 
20180610072 5 6 8 1 7 9 3 4 2 10 
20180610073 5 8 10 6 7 1 3 9 2 4 
20180610074 8 4 1 10 2 3 7 6 5 9 
20180610075 5 9 4 1 2 10 6 3 7 8 
20180610076 4 9 5 2 6 10 7 3 1 8 
20180610077 7 8 10 4 9 6 1 5 3 2 
20180610078 2 5 1 7 8 3 10 9 6 4 
20180610079 10 2 1 4 5 7 6 3 8 9 
20180610080 8 10 7 3 4 1 6 2 5 9 
20180610081 7 3 2 4 5 8 1 10 9 6 
20180610082 4 3 6 8 7 2 1 10 5 9 
20180610083 1 2 7 5 4 9 10 8 3 6 
20180610084 8 9 2 3 5 10 6 4 1 7 
20180610085 1 10 2 9 5 4 3 6 8 7 
20180610086 9 4 3 10 5 7 2 1 6 8 
20180610087 7 2 9 4 6 5 3 1 8 10 
20180610088 3 7 8 4 6 10 2 1 5 9 
20180610089 7 2 9 4 3 10 1 8 6 5 
20180610090 5 10 3 9 6 8 7 1 2 4 
20180610091 7 1 2 5 10 9 6 3 4 8 
20180610092 5 8 9 2 1 7 6 4 3 10 
20180610093 8 1 4 7 10 2 6 9 5 3 
20180610094 2 10 6 8 9 7 5 4 1 3 
20180610095 9 10 1 3 8 2 6 5 4 7 
20180610096 2 10 4 9 7 1 3 6 8 5 
20180610097 5 6 8 2 3 9 10 1 7 4 
20180610098 9 5 2 8 7 10 1 4 3 6 
20180610099 1 3 4 5 2 9 10 7 6 8 
20180610100 6 8 9 3 7 5 10 2 4 1 
20180610101 6 3 8 10 7 2 4 1 5 9 
20180610102 9 4 3 10 8 7 1 2 5 6 
20180610103 7 5 2 6 10 8 4 1 3 9 
20180610104 7 6 9 10 3 1 4 5 8 2 
20180610105 2 1 8 10 7 6 4 9 5 3 
20180610106 10 4 5 6 3 8 9 7 1 2 
20180610107 3 5 10 9 4 1 7 8 2 6 
20180610108 3 2 8 4 10 9 5 1 7 6 
20180610109 4 5 10 3 6 1 9 8 7 2 
20180610110 3 4 6 2 10 1 7 8 5 9 
20180610111 6 3 10 1 8 4 7 2 9 5 
20180610112 10 2 8 3 9 1 6 4 7 5 
20180610113 9 5 1 2 10 8 4 7 3 6 
20180610114 9 8 2 1 10 3 4 5 6 7 
20180610115 4 7 5 1 10 6 8 2 9 3 
20180610116 6 7 4 8 10 1 3 2 5 9 
20180610117 9 2 8 10 4 6 5 1 7 3 
20180610118 4 9 7 5 3 6 2 8 10 1 
20180610119 6 3 9 2 4 8 1 10 5 7 
20180610120 6 9 4 8 3 5 1 10 2 7 
20180610121 1 3 4 9 8 7 2 6 10 5 
20180610122 1 2 8 6 10 7 4 5 3 9 
20180610123 5 1 9 4 2 10 8 7 3 6 
20180610124 3 5 4 6 9 2 8 7 1 10 
20180610125 5 6 2 3 9 4 8 1 10 7 
20180610126 8 9 4 7 6 5 3 10 1 2 
20180610127 6 3 9 7 2 4 5 10 8 1 
20180610128 2 10 4 1 9 5 7 6 8 3 
20180610129 8 4 7 2 5 3 10 1 6 9 
20180610130 4 6 5 1 9 2 3 10 8 7 
20180610131 3 9 6 7 2 1 4 10 5 8 
20180610132 10 5 9 7 8 6 4 2 3 1 
20180610133 2 10 8 1 4 5 9 3 6 7 
20180610134 8 2 6 3 5 9 10 7 4 1 
20180610135 6 3 7 10 9 2 5 8 1 4 
20180610136 1 10 2 6 4 3 9 8 7 5 
20180610137 5 7 8 3 2 9 4 10 1 6 
20180610138 8 7 2 1 10 4 5 3 6 9 
20180610139 9 7 6 8 2 5 1 10 3 4 
20180610140 2 10 6 5 9 4 7 8 1 3 
20180610141 1 3 8 2 7 5 9 4 10 6 
20180610142 4 2 3 9 5 10 7 8 6 1 
20180610143 8 3 5 7 9 4 6 10 2 1 
20180610144 2 5 8 4 6 1 7 10 9 3 
20180610145 3 4 7 6 9 1 10 2 5 8 
20180610146 1 7 8 3 9 2 6 10 5 4 
20180610147 8 2 10 4 7 1 3 5 6 9 
20180610148 6 3 10 7 2 9 8 4 5 1 
20180610149 5 7 9 6 1 2 4 8 10 3 
20180610150 9 5 10 1 8 3 7 6 4 2 
20180610151 7 5 9 1 4 2 10 6 3 8 
20180610152 3 1 4 6 5 7 10 2 8 9 
20180610153 5 3 8 2 7 9 1 6 10 4 
20180610154 1 10 2 5 4 6 7 8 3 9 
20180610155 10 1 2 9 4 7 5 8 3 6 
20180610156 10 1 3 4 2 8 5 6 7 9 
20180610157 6 8 1 4 5 2 3 7 9 10 
20180610158 5 6 7 3 2 1 8 4 10 9 
20180610159 6 7 10 1 3 4 5 9 8 2 
20180610160 4 3 6 7 1 2 5 8 9 10 
20180610161 7 6 1 3 8 4 10 5 2 9 
20180610162 1 4 2 5 9 6 8 3 10 7 
20180610163 3 5 2 9 10 4 6 8 1 7 
20180610164 5 9 4 10 3 6 8 7 2 1 
20180610165 2 5 3 10 1 6 8 9 4 7 
20180610166 8 2 1 3 4 5 6 10 7 9 
20180610167 2 6 1 3 7 9 10 8 4 5 
20180610168 10 6 1 4 7 3 9 2 8 5 
20180610169 4 6 3 9 10 8 2 5 1 7 
20180610170 3 9 8 5 10 1 4 6 2 7 
20180610171 8 7 9 6 4 1 5 2 10 3 
20180610172 2 10 4 7 6 3 8 1 5 9 
20180610173 10 1 2 8 3 7 4 5 9 6 
20180610174 10 1 9 6 7 5 8 4 3 2 
20180610175 5 1 4 9 10 3 2 7 6 8 
20180610176 7 6 1 5 9 4 3 2 8 10 
20180610177 8 6 9 2 5 10 4 1 3 7 
20180610178 8 2 1 7 10 4 6 9 3 5 
20180610179 2 1 3 4 7 5 9 10 8 6 
20180610180 3 8 7 6 9 10 2 4 5 1 
20180610181 10 2 8 4 9 6 7 3 5 1 
20180610182 10 9 5 1 2 3 4 8 7 6 
20180610183 7 4 10 2 1 8 3 9 5 6 
20180610184 10 9 7 2 6 3 4 1 8 5 
20180610185 1 3 7 9 4 8 5 10 2 6 
20180610186 3 4 1 5 9 2 7 6 8 10 
20180610187 8 9 2 5 3 1 7 6 4 10 
20180610188 9 3 1 6 10 8 5 7 4 2 
20180610189 3 10 2 6 4 8 1 9 5 7 
20180610190 3 6 7 8 9 2 1 10 4 5 
20180610191 1 8 4 5 3 2 6 7 9 10 
20180610192 6 4 10 2 9 8 7 5 3 1 
20180610193 3 9 1 7 4 6 10 5 2 8 
20180610194 6 4 9 7 8 10 1 3 5 2 
20180610195 4 2 6 7 10 3 8 1 5 9 
20180610196 8 3 9 10 5 6 7 1 2 4 
20180610197 6 7 8 3 1 9 2 10 5 4 
20180610198 4 1 7 3 5 10 9 2 6 8 
20180610199 9 10 3 2 6 4 8 1 7 5 
20180610200 10 4 5 3 7 1 9 6 2 8 
20180610201 3 6 8 4 1 5 9 2 10 7 
20180610202 1 6 2 9 5 4 7 8 10 3 
20180610203 7 4 9 6 2 1 10 5 8 3 
20180610204 9 2 3 6 5 10 7 8 1 4 
20180610205 1 7 4 8 3 6 10 2 5 9 
20180610206 8 1 6 4 9 3 7 10 2 5 
20180610207 5 7 10 9 3 6 4 1 8 2 
20180610208 6 8 2 4 10 3 1 7 9 5 
20180610209 4 6 1 3 8 2 5 10 9 7 
20180610210 9 1 8 5 2 4 10 7 3 6 
20180610211 4 9 8 1 10 3 6 7 5 2 
20180610212 9 7 6 5 3 8 4 1 2 10 
20180610213 4 9 10 5 3 6 1 7 8 2 
20180610214 5 9 3 2 4 7 10 8 6 1 
20180610215 3 8 4 7 9 1 10 5 6 2 
20180610216 1 8 6 3 10 7 9 5 4 2 
20180610217 2 7 4 9 3 1 5 8 10 6 
20180610218 10 9 4 6 7 1 2 3 8 5 
20180610219 8 10 5 9 7 4 3 2 1 6 
20180610220 10 9 5 6 1 2 4 8 3 7 
20180610221 10 6 2 8 9 1 7 5 4 3 
20180610222 2 10 3 7 1 8 5 6 4 9 
20180610223 4 7 8 10 2 3 5 1 6 9 
20180610224 8 4 10 7 1 3 6 2 5 9 
20180610225 9 2 7 3 10 5 4 6 8 1 
20180610226 7 4 5 9 2 8 10 1 3 6 
20180610227 8 1 7 2 6 5 4 9 3 10 
20180610228 4 9 2 10 6 8 1 3 7 5 
20180610229 9 4 5 6 2 8 10 7 3 1 
20180610230 4 9 6 7 5 1 10 8 2 3 
20180610231 8 9 1 6 5 7 3 10 2 4 
20180610232 7 4 5 2 8 6 3 1 10 9 
20180610233 5 7 4 1 8 9 3 6 10 2 
20180610234 5 1 9 4 10 3 8 2 7 6 
20180610235 9 2 4 3 8 1 10 5 6 7 
20180610236 1 3 7 10 2 6 9 8 4 5 
20180610237 5 4 3 8 7 1 10 6 2 9 
20180610238 7 10 3 4 6 2 8 9 1 5 
20180610239 6 3 10 4 8 1 9 7 5 2 
20180610240 7 2 4 8 6 9 3 5 10 1 
20180610241 10 9 4 8 2 1 3 5 6 7 
20180610242 7 2 3 8 10 9 4 5 1 6 
20180610243 6 8 3 4 9 10 1 2 5 7 
20180610244 9 8 5 10 1 7 2 4 3 6 
20180610245 8 9 3 6 4 7 2 10 5 1 
20180610246 4 6 1 7 8 9 3 5 10 2 
20180610247 5 6 9 4 8 7 2 3 10 1 
20180610248 7 6 4 5 8 1 10 3 9 2 
20180610249 2 8 9 5 10 7 3 1 4 6 
20180610250 1 6 8 4 3 7 2 9 5 10 
20180610251 4 1 2 7 10 8 9 5 3 6 
20180610252 7 3 1 5 9 8 10 4 2 6 
20180610253 4 10 9 1 3 6 5 2 8 7 
20180610254 8 3 4 7 1 2 6 9 10 5 
20180610255 5 6 8 3 7 2 1 4 9 10 
20180610256 4 7 8 9 5 3 2 1 10 6 
20180610257 5 7 9 3 8 6 4 1 2 10 
20180610258 5 3 4 7 6 9 10 1 8 2 
20180610259 6 3 5 9 2 7 8 10 4 1 
20180610260 4 5 9 7 2 3 8 10 6 1 
20180610261 10 7 1 2 3 6 4 8 5 9 
20180610262 9 2 10 3 7 1 4 8 6 5 
20180610263 8 2 5 7 10 4 3 6 9 1 
20180610264 5 10 2 1 8 6 3 4 9 7 
20180610265 7 6 5 9 10 8 2 3 4 1 
20180610266 10 8 1 7 3 5 9 6 2 4 
20180610267 3 2 1 9 8 7 10 6 4 5 
20180610268 5 1 7 3 10 8 2 6 4 9 
20180610269 4 2 5 9 7 1 3 6 8 10 
20180610270 8 5 4 1 3 9 10 2 7 6 
20180610271 9 2 7 1 4 3 8 10 6 5 
20180610272 9 2 5 3 8 6 10 4 1 7 
20180610273 8 4 1 3 5 2 9 7 10 6 
20180610274 5 2 7 6 9 10 3 4 8 1 
20180610275 5 6 7 1 2 3 8 9 10 4 
20180610276 1 7 9 8 4 2 10 5 3 6 
20180610277 5 2 4 8 7 1 6 9 10 3 
20180610278 5 4 8 10 7 1 6 3 2 9 
20180610279 8 3 7 2 5 6 4 9 1 10 
20180610280 9 2 8 10 3 6 7 4 1 5 
20180610281 10 7 9 8 6 2 1 4 5 3 
20180610282 5 3 7 8 1 2 4 6 10 9 
20180610283 1 2 10 7 5 3 6 9 8 4 
20180610284 8 7 10 1 4 6 9 5 3 2 
20180610285 10 5 7 3 9 6 8 2 4 1 
20180610286 1 8 3 9 5 4 7 6 2 10 
20180610287 3 8 6 2 5 10 7 9 4 1 
20180610288 9 8 5 3 10 4 6 7 1 2 
20180610289 4 9 6 8 7 2 10 1 3 5 
20180610290 1 8 3 7 5 9 4 10 2 6 
20180610291 5 6 4 9 7 3 2 1 10 8 
20180610292 8 6 7 5 4 2 9 10 1 3 
20180610293 5 6 3 4 8 10 1 7 2 9 
20180610294 9 10 4 7 3 2 6 1 8 5 
20180610295 8 5 7 6 10 1 2 4 3 9 
20180610296 3 2 6 7 8 4 10 9 5 1 
20180610297 3 9 5 8 1 2 7 10 6 4 
20180610298 9 5 7 4 2 3 6 1 8 10 
20180610299 5 1 8 9 2 7 4 6 3 10 
20180610300 7 5 4 1 9 2 8 6 10 3 
20180610301 1 4 6 7 2 9 10 5 8 3 
20180610302 5 8 9 6 2 10 4 3 7 1 
20180610303 7 10 4 9 8 1 5 3 6 2 
20180610304 8 1 7 4 2 3 5 9 6 10 
20180610305 2 7 6 3 8 10 1 9 5 4 
20180610306 3 7 4 6 2 9 1 8 10 5 
20180610307 6 2 5 7 8 4 9 10 1 3 
20180610308 1 7 4 8 2 5 6 3 9 10 
20180610309 4 8 9 7 1 5 2 6 10 3 
20180610310 10 9 7 8 1 3 2 4 6 5 
20180610311 7 5 2 9 3 10 6 4 8 1 
20180610312 4 2 3 9 7 1 8 10 6 5 
20180610313 7 2 6 5 9 8 3 4 10 1 
20180610314 10 5 9 8 1 3 2 7 4 6 
20180610315 9 5 7 6 8 2 4 1 3 10 
20180610316 7 6 8 1 2 4 3 9 10 5 
20180610317 3 2 6 5 9 10 4 1 7 8 
20180610318 2 4 9 7 1 8 6 10 3 5 
20180610319 5 3 7 4 1 8 6 9 10 2 
20180610320 6 5 10 3 9 7 2 8 1 4 
20180610321 7 6 10 1 8 9 3 4 2 5 
20180610322 2 4 8 5 6 1 9 3 10 7 
20180610323 1 9 7 6 2 8 4 3 10 5 
20180610324 3 6 7 5 9 2 10 8 4 1 
20180610325 3 7 2 4 9 1 8 6 5 10 
20180610326 2 4 9 6 7 10 1 8 3 5 
20180610327 10 2 4 1 7 5 8 3 6 9 
20180610328 4 3 7 6 5 2 8 9 10 1 
20180610329 3 8 4 6 9 1 5 10 2 7 
20180610330 2 3 9 1 6 4 7 5 10 8 
20180610331 3 2 9 6 7 8 5 4 10 1 
20180610332 4 9 10 1 6 8 5 7 2 3 
20180610333 10 6 1 4 7 8 2 3 9 5 
20180610334 2 3 8 4 1 5 10 6 7 9 
20180610335 2 6 10 8 7 4 1 5 9 3 
20180610336 4 2 3 1 6 9 7 5 10 8 
20180610337 9 4 7 10 2 6 3 1 5 8 
20180610338 8 10 4 9 6 3 1 5 2 7 
20180610339 3 7 8 4 2 9 5 1 6 10 
20180610340 2 10 8 1 6 5 4 9 7 3 
20180610341 3 6 8 1 10 4 2 9 7 5 
20180610342 1 6 10 3 2 7 8 5 9 4 
20180610343 3 7 1 6 5 9 10 4 8 2 
20180610344 7 1 8 5 10 6 3 9 4 2 
20180610345 10 3 6 8 4 9 5 7 1 2 
20180610346 8 2 1 4 6 3 10 9 5 7 
20180610347 8 1 3 7 5 2 4 9 10 6 
20180610348 3 1 8 10 7 2 4 6 9 5 
20180610349 7 1 8 9 6 10 3 5 4 2 
20180610350 5 9 3 2 8 7 4 10 6 1 
20180610351 5 10 8 4 6 2 7 3 9 1 
20180610352 10 5 6 2 7 1 4 3 8 9 
20180610353 1 2 7 5 4 8 10 3 6 9 
20180610354 1 3 5 10 2 8 7 4 6 9 
20180610355 5 6 2 7 9 10 3 4 8 1 
20180610356 10 7 9 3 8 5 1 2 4 6 
20180610357 8 1 7 5 9 3 6 4 2 10 
20180610358 2 5 10 1 3 7 6 8 4 9 
20180610359 5 2 9 7 4 10 8 3 6 1 
20180610360 5 4 3 6 10 7 8 1 9 2 
20180610361 4 9 10 8 3 2 5 6 7 1 
20180610362 9 7 6 10 2 3 4 5 8 1 
20180610363 8 10 3 9 4 5 6 7 1 2 
20180610364 8 9 6 1 4 5 7 2 3 10 
20180610365 9 2 4 8 3 7 1 6 10 5 
20180610366 6 5 10 7 3 1 9 4 8 2 
20180610367 3 4 2 10 9 1 8 6 7 5 
20180610368 9 6 10 1 4 8 5 2 7 3 
20180610369 6 1 5 3 7 8 9 10 4 2 
20180610370 8 9 4 5 2 10 3 7 6 1 
20180610371 3 9 7 6 2 10 8 4 1 5 
20180610372 3 9 1 2 7 4 5 6 10 8 
20180610373 5 3 1 8 9 2 7 4 10 6 
20180610374 3 1 8 9 6 10 2 4 5 7 
20180610375 8 3 5 7 6 4 1 9 2 10 
20180610376 9 3 8 10 2 6 7 5 1 4 
20180610377 5 1 9 3 2 8 10 7 6 4 
20180610378 5 8 9 2 6 7 1 3 10 4 
20180610379 10 4 2 9 5 1 7 8 6 3 
20180610380 3 8 4 6 7 1 5 9 10 2 
20180610381 4 7 8 6 1 10 3 5 9 2 
20180610382 3 5 1 6 10 4 2 7 9 8 
20180610383 9 7 5 1 3 2 10 8 4 6 
20180610384 3 7 2 5 6 1 8 9 4 10 
20180610385 9 5 1 6 4 10 7 2 3 8 
20180610386 10 5 4 6 2 3 8 7 9 1 
20180610387 7 10 3 5 4 8 2 6 1 9 
20180610388 4 2 5 1 7 6 3 8 9 10 
20180610389 9 8 5 2 7 10 1 4 3 6 
20180610390 8 3 7 6 10 5 1 2 4 9 
20180610391 9 2 8 3 4 1 6 10 7 5 
20180610392 4 8 5 7 2 6 1 10 9 3 
20180610393 5 9 3 10 6 2 7 8 1 4 
20180610394 9 4 3 6 2 7 5 1 10 8 
20180610395 4 3 5 9 1 7 8 10 2 6 
20180610396 7 6 9 2 3 1 5 10 4 8 
20180610397 3 4 5 9 6 7 8 1 2 10 
20180610398 10 2 5 7 6 4 1 9 8 3 
20180610399 5 10 4 3 2 6 1 7 8 9 
20180610400 6 10 4 3 5 2 8 9 7 1 
20180610401 1 2 4 3 9 5 10 8 7 6 
20180610402 6 7 3 5 10 8 4 9 2 1 
20180610403 2 6 4 7 9 8 10 1 5 3 
20180610404 6 4 1 7 8 2 3 9 10 5 
20180610405 8 7 6 1 9 2 5 10 4 3 
20180610406 5 2 4 1 7 3 8 6 9 10 
20180610407 3 2 5 7 4 9 8 1 6 10 
20180610408 6 8 7 3 9 10 4 2 5 1 
20180610409 5 1 2 10 7 9 8 6 4 3 
20180610410 6 2 3 9 5 4 7 1 10 8 
20180610411 2 1 5 7 10 8 3 9 4 6 
20180610412 5 9 7 4 3 10 1 2 8 6 
20180610413 8 4 1 10 9 2 6 5 3 7 
20180610414 7 10 6 1 4 2 8 3 9 5 
20180610415 9 5 10 8 7 1 3 4 2 6 
20180610416 6 7 2 1 8 5 10 9 3 4 
20180610417 8 5 3 4 10 9 6 1 2 7 
20180610418 9 3 1 7 4 10 6 8 2 5 
20180610419 5 8 10 6 9 7 2 1 3 4 
20180610420 7 4 2 1 9 8 5 6 3 10 
20180610421 7 8 6 3 9 5 1 4 10 2 
20180610422 2 9 10 8 1 3 7 4 6 5 
20180610423 10 1 3 8 7 6 2 9 4 5 
20180610424 6 7 8 9 4 5 2 10 3 1 
20180610425 2 1 6 7 5 3 10 9 8 4 
20180610426 3 9 5 1 10 6 4 2 8 7 
20180610427 2 5 7 6 9 4 3 1 10 8 
20180610428 3 10 4 8 2 9 6 7 5 1 
20180610429 7 6 2 3 10 1 8 9 5 4 
20180610430 10 1 4 3 6 8 2 7 9 5 
20180610431 4 10 5 8 2 6 3 7 1 9 
20180610432 10 2 7 4 1 9 8 6 3 5 
20180610433 9 8 6 1 10 4 3 7 2 5 
20180610434 2 3 10 5 9 1 4 6 7 8 
20180610435 9 2 5 4 6 1 7 3 8 10 
20180610436 9 1 6 3 7 2 10 5 4 8 
20180610437 4 1 7 3 8 6 5 9 10 2 
20180610438 10 5 8 4 2 7 6 1 9 3 
20180610439 2 4 8 1 9 5 7 6 10 3 
20180610440 8 2 1 6 5 3 9 10 4 7 
20180610441 8 6 4 10 1 7 5 9 2 3 
20180610442 6 5 2 9 1 8 3 10 4 7 
20180610443 9 6 2 4 7 5 3 8 10 1 
20180610444 1 2 3 8 5 6 9 4 7 10 
20180610445 8 7 3 2 4 1 10 6 9 5 
20180610446 1 10 4 9 5 6 3 7 8 2 
20180610447 6 1 9 10 8 7 2 5 3 4 
20180610448 1 5 2 9 10 6 7 4 8 3 
20180610449 9 8 10 2 4 6 7 3 1 5 
20180610450 9 10 3 5 8 2 4 7 6 1 
20180610451 7 10 9 8 2 1 3 6 4 5 
20180610452 10 8 2 5 3 4 7 1 9 6 
20180610453 10 3 1 2 7 8 9 6 5 4 
20180610454 5 7 10 1 2 9 3 8 6 4 
20180610455 3 1 6 5 4 8 2 7 10 9 
20180610456 3 1 2 9 7 8 5 6 10 4 
20180610457 4 3 8 1 6 9 10 5 7 2 
20180610458 8 10 3 4 2 9 1 7 5 6 
20180610459 5 7 2 3 9 6 8 4 10 1 
20180610460 4 10 8 1 2 6 5 7 3 9 
20180610461 5 8 4 7 3 2 6 1 9 10 
20180610462 9 7 4 2 8 6 3 5 10 1 
20180610463 4 10 5 2 9 1 7 8 6 3 
20180610464 7 3 10 6 1 5 8 2 9 4 
20180610465 10 2 3 6 4 9 7 1 8 5 
20180610466 8 6 1 4 3 9 10 5 2 7 
20180610467 3 8 5 1 9 7 10 6 4 2 
20180610468 7 9 3 4 6 2 10 5 8 1 
20180610469 1 4 7 2 3 6 5 10 8 9 
20180610470 6 4 9 7 1 8 5 2 10 3 
20180610471 4 8 10 6 9 5 2 1 7 3 
20180610472 10 1 4 2 8 6 7 5 3 9 
20180610473 1 10 9 3 8 6 2 7 5 4 
20180610474 8 1 7 10 6 4 5 3 2 9 
20180610475 3 7 6 9 4 5 8 1 2 10 
20180610476 7 3 4 2 10 5 6 9 1 8 
20180610477 6 2 9 1 4 10 8 3 5 7 
20180610478 5 4 9 6 8 2 10 1 7 3 
20180610479 6 4 2 7 10 1 9 8 5 3 
20180610480 3 5 10 1 7 9 4 6 8 2 
20180610481 10 5 3 6 7 8 1 2 4 9 
20180610482 9 3 2 10 5 1 7 8 4 6 
20180610483 3 8 10 9 7 2 1 4 6 5 
20180610484 4 9 1 3 8 10 6 7 5 2 
20180610485 1 10 4 3 8 5 7 6 2 9 
20180610486 2 6 1 5 4 9 8 7 10 3 
20180610487 6 3 2 1 9 5 10 4 7 8 
20180610488 9 3 1 5 2 8 4 7 6 10 
20180610489 10 9 8 7 5 3 6 1 2 4 
20180610490 10 7 6 5 2 4 8 9 3 1 
20180610491 2 6 10 3 8 1 9 7 4 5 
20180610492 1 9 2 3 8 10 5 7 4 6 
20180610493 3 7 6 1 2 10 5 4 8 9 
20180610494 4 1 10 6 3 7 9 2 8 5 
20180610495 1 7 3 4 2 9 10 8 5 6 
20180610496 4 6 5 1 9 10 8 7 2 3 
20180610497 7 5 1 6 9 3 2 4 10 8 
20180610498 4 5 9 2 8 7 6 1 10 3 
20180610499 1 4 5 6 8 2 3 7 9 10 
20180610500 7 10 1 2 5 4 6 3 9 8 
20180610501 8 2 6 9 1 5 10 4 7 3 
20180610502 7 8 2 3 6 9 10 1 5 4 
20180610503 8 3 5 2 4 1 10 6 7 9 
20180610504 1 6 4 9 10 5 7 2 8 3 
20180610505 4 7 10 3 8 5 9 1 2 6 
20180610506 9 8 2 6 1 5 3 7 10 4 
20180610507 8 1 5 3 10 2 6 9 4 7 
20180610508 5 6 8 1 10 7 9 3 4 2 
20180610509 3 5 10 8 2 7 4 6 9 1 
20180610510 3 6 5 4 1 7 2 8 9 10 
20180610511 4 9 7 3 10 6 8 1 5 2 
20180610512 6 5 8 7 2 9 10 3 1 4 
20180610513 4 3 7 10 5 1 2 8 9 6 
20180610514 2 6 8 10 9 4 3 5 1 7 
20180610515 10 5 4 6 7 3 2 1 9 8 
20180610516 4 8 3 7 6 2 1 5 10 9 
20180610517 9 7 2 10 8 6 5 3 1 4 
20180610518 5 7 6 1 9 8 10 3 4 2 
20180610519 4 10 3 8 7 5 6 9 2 1 
20180610520 4 9 5 6 2 7 10 8 1 3 
20180610521 2 7 6 3 4 9 8 10 5 1 
20180610522 7 1 4 10 9 2 3 6 8 5 
20180610523 2 8 5 9 3 6 7 1 10 4 
20180610524 7 3 1 5 6 2 4 8 9 10 
20180610525 1 6 5 10 3 2 7 9 8 4 
20180610526 9 1 8 10 7 3 5 4 6 2 
20180610527 3 6 2 4 9 8 10 5 1 7 
20180610528 2 5 7 9 4 3 1 6 8 10 
20180610529 6 4 3 8 1 7 2 5 9 10 
20180610530 6 3 9 5 10 7 8 1 4 2 
20180610531 7 1 8 5 3 9 6 4 2 10 
20180610532 8 9 5 4 3 6 1 2 7 10 
20180610533 8 4 3 10 1 7 5 6 2 9 
20180610534 7 4 1 3 8 5 6 2 9 10 
20180610535 10 1 4 9 2 3 6 8 7 5 
20180610536 4 10 2 9 5 6 7 8 3 1 
20180610537 10 6 7 9 4 1 8 3 2 5 
20180610538 4 1 3 8 7 5 9 2 10 6 
20180610539 4 7 9 5 6 2 8 3 10 1 
20180610540 9 8 6 1 3 4 7 5 10 2 
20180610541 3 8 6 4 2 5 7 1 9 10 
20180610542 3 4 8 10 2 6 5 1 7 9 
20180610543 3 10 5 8 6 4 9 1 2 7 
20180610544 3 8 9 5 6 1 4 7 10 2 
20180610545 5 2 4 9 6 3 1 8 7 10 
20180610546 2 6 7 8 4 10 1 5 3 9 
20180610547 3 6 10 2 5 9 7 4 8 1 
20180610548 4 9 7 8 10 1 6 3 5 2 
20180610549 1 6 9 2 4 5 7 3 10 8 
20180610550 9 10 3 5 7 1 6 4 2 8 
20180610551 10 2 9 7 3 5 4 1 6 8 
20180610552 4 10 5 6 8 7 1 9 3 2 
20180610553 6 5 2 1 3 4 8 9 10 7 
20180610554 5 7 6 2 9 8 3 4 10 1 
20180610555 6 2 4 8 5 7 1 3 10 9 
20180610556 10 5 7 3 4 9 1 2 8 6 
20180610557 4 3 7 1 9 10 2 5 6 8 
20180610558 9 10 2 6 1 7 8 5 4 3 
20180610559 5 6 7 4 3 9 1 2 8 10 
20180610560 5 9 3 8 10 4 6 2 1 7 
20180610561 8 6 1 2 3 9 4 7 10 5 
20180610562 4 10 8 6 3 5 7 9 2 1 
20180610563 6 3 1 5 10 2 8 4 7 9 
20180610564 3 5 10 7 4 2 8 9 6 1 
20180610565 10 2 6 5 4 7 9 1 3 8 
20180610566 1 3 9 4 6 10 7 8 5 2 
20180610567 9 4 5 1 3 6 7 10 2 8 
20180610568 2 8 7 4 10 1 3 6 9 5 
20180610569 8 9 4 3 10 6 1 2 7 5 
20180610570 4 1 7 2 9 5 6 3 10 8 
20180610571 2 1 10 3 6 5 4 7 9 8 
20180610572 3 8 2 5 7 9 6 4 10 1 
20180610573 9 10 5 8 2 6 1 4 7 3 
20180610574 6 10 3 4 8 2 7 9 1 5 
20180610575 10 5 6 1 7 2 3 8 4 9 
20180610576 1 5 4 3 7 8 9 6 10 2 
20180610577 9 4 1 3 6 5 7 2 10 8 
20180610578 6 8 9 10 2 1 4 5 3 7 
20180610579 4 5 6 9 2 7 1 8 10 3 
20180610580 8 10 7 2 5 3 9 6 1 4 
20180610581 1 10 2 6 7 4 9 5 3 8 
20180610582 3 4 8 1 2 6 9 5 7 10 
20180610583 6 3 2 7 9 4 10 8 1 5 
20180610584 10 4 6 3 9 5 2 1 7 8 
20180610585 3 7 2 4 8 1 10 6 5 9 
20180610586 10 4 8 6 1 3 5 2 7 9 
20180610587 6 10 7 8 4 3 5 1 9 2 
20180610588 4 1 2 3 7 10 6 5 9 8 
20180610589 7 6 8 1 5 4 9 3 2 10 
20180610590 1 10 4 8 2 7 5 6 3 9 
20180610591 10 8 6 2 7 4 3 1 9 5 
20180610592 5 6 7 10 3 1 2 8 4 9 
20180610593 1 7 8 6 10 2 5 9 4 3 
20180610594 3 10 5 6 4 1 9 2 8 7 
20180610595 7 5 6 2 1 4 10 3 8 9 
20180610596 8 3 9 4 6 10 5 1 2 7 
20180610597 10 7 2 4 1 8 9 6 5 3 
20180610598 2 9 3 5 10 1 6 4 8 7 
20180610599 7 3 1 4 10 5 2 6 9 8 
20180610600 6 2 3 7 8 1 5 10 9 4 
20180610601 5 8 1 2 6 4 3 9 7 10 
20180610602 5 7 1 4 3 2 6 8 10 9 
20180610603 10 2 9 1 4 7 3 6 8 5 
20180610604 3 2 4 1 9 5 7 8 10 6 
20180610605 6 10 1 5 3 8 9 2 7 4 
20180610606 5 8 9 3 10 6 4 7 2 1 
20180610607 4 3 9 1 5 2 6 7 10 8 
20180610608 8 3 4 7 10 6 9 2 1 5 
20180610609 1 9 7 3 5 6 8 10 2 4 
20180610610 1 4 3 9 6 7 10 2 5 8 
20180610611 2 5 7 9 3 10 4 8 6 1 
20180610612 10 7 6 8 9 2 5 1 4 3 
20180610613 4 5 6 2 8 7 9 1 3 10 
20180610614 6 2 5 9 4 10 7 3 8 1 
20180610615 1 4 8 7 3 5 2 9 10 6 
20180610616 4 2 8 7 9 3 1 5 10 6 
20180610617 6 1 2 7 4 5 10 8 3 9 
20180610618 10 9 8 2 6 5 3 1 4 7 
20180610619 8 5 7 9 4 10 6 3 2 1 
20180610620 10 7 6 9 5 2 1 3 8 4 
20180610621 4 9 1 5 6 8 2 10 7 3 
20180610622 10 8 5 1 4 6 7 2 3 9 
20180610623 9 2 7 10 4 8 3 5 1 6 
20180610624 9 10 3 7 6 4 5 2 8 1 
20180610625 2 10 7 5 1 4 9 6 3 8 
20180610626 6 2 4 7 9 3 8 5 1 10 
20180610627 2 7 6 3 4 5 8 9 10 1 
20180610628 10 5 3 7 6 8 2 9 4 1 
20180610629 10 1 3 6 8 5 2 9 7 4 
20180610630 9 6 3 8 5 4 1 2 7 10 
20180610631 4 3 6 8 7 5 1 9 10 2 
20180610632 4 8 2 3 9 7 6 10 5 1 
20180610633 5 2 4 6 1 3 9 10 8 7 
20180610634 4 8 10 1 9 6 2 7 3 5 
20180610635 9 6 7 5 4 10 8 1 3 2 
20180610636 3 6 1 2 9 7 4 8 5 10 
20180610637 6 9 3 5 7 2 1 8 10 4 
20180610638 7 5 2 6 9 1 8 10 3 4 
20180610639 5 7 4 3 2 8 1 9 10 6 
20180610640 3 5 2 1 8 6 7 4 9 10 
20180610641 10 9 8 3 1 7 2 6 5 4 
20180610642 4 8 3 6 9 10 7 2 1 5 
20180610643 1 8 7 3 5 9 6 2 4 10 
20180610644 6 10 9 2 4 8 3 7 1 5 
20180610645 2 3 8 5 9 1 4 6 7 10 
20180610646 5 3 10 9 1 8 6 4 7 2 
20180610647 4 10 5 9 3 2 7 8 1 6 
20180610648 6 9 4 3 8 5 2 10 7 1 
20180610649 6 7 9 3 1 10 4 2 5 8 
20180610650 10 1 6 3 5 7 4 2 8 9 
20180610651 1 7 6 5 8 10 4 9 2 3 
20180610652 6 7 4 5 1 9 3 2 10 8 
20180610653 2 6 9 5 1 8 4 7 3 10 
20180610654 6 1 2 7 9 8 4 10 5 3 
20180610655 5 6 2 3 1 9 7 10 8 4 
20180610656 7 2 5 3 4 1 9 10 8 6 
20180610657 6 7 10 1 9 2 5 3 8 4 
20180610658 2 5 9 6 4 7 10 1 8 3 
20180610659 9 3 5 4 2 10 1 7 6 8 
20180610660 5 6 7 10 1 9 3 8 4 2 
20180610661 7 10 3 6 4 8 2 1 9 5 
20180610662 2 6 7 4 1 5 10 8 3 9 
20180610663 2 7 8 10 4 5 6 3 1 9 
20180610664 5 4 6 9 2 1 7 3 8 10 
20180610665 4 5 2 3 9 1 8 10 7 6 
20180610666 10 5 9 6 2 4 8 7 3 1 
20180610667 10 8 3 2 5 6 4 1 9 7 
20180610668 8 9 2 3 5 4 6 7 10 1 
20180610669 1 8 4 10 5 9 2 7 3 6 
20180610670 7 1 3 10 6 2 9 8 5 4 
20180610671 7 2 1 5 9 8 3 4 10 6 
20180610672 9 7 5 8 6 3 2 1 4 10 
20180610673 2 3 10 4 7 9 8 6 1 5 
20180610674 9 8 10 5 1 2 7 6 3 4 
20180610675 4 9 7 6 2 5 1 3 10 8 
20180610676 9 6 7 2 4 3 1 10 5 8 
20180610677 5 8 7 10 2 1 6 9 3 4 
20180610678 2 9 7 10 4 3 5 6 8 1 
20180610679 4 8 2 5 9 6 7 3 1 10 
20180610680 5 7 2 1 3 10 6 9 8 4 
20180610681 8 4 3 10 2 7 1 5 9 6 
20180610682 3 2 8 9 5 1 10 4 6 7 
20180610683 7 3 10 1 2 5 9 6 8 4 
20180610684 2 9 4 3 7 6 5 1 8 10 
20180610685 3 5 6 2 10 7 9 1 8 4 
20180610686 6 7 9 4 8 3 1 5 10 2 
20180610687 5 2 7 8 9 4 1 3 10 6 
20180610688 4 3 5 1 10 8 6 7 2 9 
20180610689 8 4 2 3 9 1 6 5 10 7 
20180610690 9 4 8 3 6 5 7 10 1 2 
20180610691 6 8 7 5 1 2 3 10 9 4 
20180610692 4 7 2 5 9 3 1 6 8 10 
20180610693 6 3 5 10 9 7 4 1 2 8 
20180610694 10 8 6 5 3 9 4 7 1 2 
20180610695 9 6 5 7 3 10 8 1 4 2 
20180610696 7 3 1 9 2 4 8 5 6 10 
20180610697 8 3 5 2 6 4 7 10 9 1 
20180610698 5 3 9 8 4 7 1 6 2 10 
20180610699 3 8 5 7 6 9 2 1 10 4 
20180610700 9 8 6 4 1 7 3 2 5 10 
20180610701 5 9 8 1 10 4 7 6 3 2 
20180610702 6 1 2 8 9 7 3 5 4 10 
20180610703 8 5 10 1 7 2 3 9 6 4 
20180610704 2 3 9 8 10 7 5 4 1 6 
20180610705 4 5 1 7 3 9 6 8 2 10 
20180610706 2 3 4 1 10 7 6 5 9 8 
20180610707 3 1 4 6 5 2 10 7 9 8 
20180610708 10 7 3 9 6 8 2 5 4 1 
20180610709 2 8 4 3 9 5 10 1 7 6 
20180610710 1 4 3 2 9 5 7 6 10 8 
20180610711 4 1 2 7 3 8 10 9 6 5 
20180610712 8 3 9 7 6 10 5 1 2 4 
20180610713 2 1 10 3 4 5 7 9 6 8 
20180610714 4 2 3 1 7 5 8 6 10 9 
20180610715 9 4 5 8 6 3 10 7 2 1 
20180610716 7 3 10 4 5 9 8 1 2 6 
20180610717 5 2 9 7 6 10 1 8 4 3 
20180610718 3 8 2 6 10 1 5 9 4 7 
20180610719 4 3 7 6 9 8 1 2 10 5 
20180610720 3 5 7 8 2 6 10 9 4 1 
20180610721 2 10 7 3 4 6 5 1 9 8 
20180610722 9 2 5 7 8 6 3 4 1 10 
20180610723 1 9 4 10 6 5 8 3 7 2 
20180610724 8 7 3 1 4 6 10 9 2 5 
20180610725 7 3 5 1 6 2 10 9 8 4 
20180610726 6 9 8 7 5 2 3 1 10 4 
20180610727 5 6 10 1 2 8 4 3 9 7 
20180610728 8 3 5 6 2 10 1 7 4 9 
20180610729 2 1 4 5 7 6 3 8 9 10 
20180610730 2 3 5 6 10 9 4 7 1 8 
20180610731 4 5 7 3 1 6 10 2 8 9 
20180610732 10 6 2 7 1 8 5 9 4 3 
20180610733 9 7 3 8 5 4 10 2 1 6 
20180610734 4 8 10 1 5 6 9 7 3 2 
20180610735 7 10 4 1 6 8 9 2 3 5 
20180610736 1 9 3 5 6 10 8 4 7 2 
20180610737 9 10 3 5 8 6 7 1 4 2 
20180610738 3 6 5 9 8 10 4 1 2 7 
20180610739 1 6 8 4 7 3 10 9 2 5 
20180610740 10 8 6 7 9 4 5 1 2 3 
20180610741 10 7 3 8 5 4 9 6 1 2 
20180610742 5 1 3 8 7 2 4 10 9 6 
20180610743 1 4 3 9 8 2 5 10 6 7 
20180610744 6 4 1 5 10 7 2 3 8 9 
20180610745 6 2 4 7 5 9 10 1 8 3 
20180610746 9 10 5 4 6 7 3 1 8 2 
20180610747 8 6 4 10 2 3 7 1 5 9 
20180610748 9 6 5 2 3 1 7 4 8 10 
20180610749 6 4 9 8 7 1 2 5 10 3 
20180610750 4 10 9 7 8 2 6 1 5 3 
20180610751 3 7 4 1 5 10 6 8 2 9 
20180610752 10 8 7 4 6 9 5 3 2 1 
20180610753 8 4 2 1 6 3 5 9 7 10 
20180610754 10 1 9 7 3 4 5 2 8 6 
20180610755 9 10 1 2 6 5 8 7 4 3 
20180610756 9 1 5 8 4 10 2 7 3 6 
20180610757 10 9 5 2 4 6 3 7 1 8 
20180610758 8 4 5 3 7 9 6 10 2 1 
20180610759 5 3 2 6 8 7 9 10 1 4 
20180610760 8 3 2 4 10 9 7 5 6 1 
20180610761 2 9 6 5 1 4 7 8 3 10 
20180610762 4 6 2 7 10 8 9 1 3 5 
20180610763 3 4 6 10 7 2 9 5 1 8 
20180610764 4 9 6 2 10 3 5 1 7 8 
20180610765 7 3 8 1 10 9 2 6 4 5 
20180610766 7 5 3 4 8 6 1 10 9 2 
20180610767 3 7 10 5 6 9 4 2 8 1 
20180610768 8 7 3 1 6 5 4 9 2 10 
20180610769 4 10 3 5 7 1 9 2 8 6 
20180610770 3 2 7 5 1 6 9 8 10 4 
20180610771 4 5 2 9 6 3 10 7 1 8 
20180610772 6 5 9 2 7 3 4 10 8 1 
20180610773 7 4 2 9 3 1 8 10 6 5 
20180610774 9 7 10 5 1 6 3 2 8 4 
20180610775 5 7 9 2 3 10 1 8 6 4 
20180610776 7 3 10 1 2 4 8 6 9 5 
20180610777 6 2 5 9 10 8 3 7 4 1 
20180610778 10 7 5 6 3 8 4 1 9 2 
20180610779 6 8 1 9 5 2 3 10 4 7 
20180610780 8 6 2 1 7 9 10 5 3 4 
20180610781 2 6 1 4 7 3 9 5 8 10 
20180610782 5 2 8 10 4 3 7 1 9 6 
20180610783 8 6 2 10 9 5 1 3 4 7 
20180610784 10 2 3 5 1 8 9 4 6 7 
20180610785 10 1 9 6 4 8 5 7 2 3 
20180610786 9 6 3 10 8 2 4 1 7 5 
20180610787 9 10 5 7 4 3 1 8 2 6 
20180610788 10 5 2 7 4 6 3 1 9 8 
20180610789 1 3 7 6 4 5 10 2 8 9 
20180610790 6 3 4 5 2 10 8 9 1 7 
20180610791 9 5 3 1 8 2 4 7 6 10 
20180610792 9 10 1 7 3 5 2 8 4 6 
20180610793 1 3 4 10 2 8 9 7 6 5 
20180610794 10 1 4 9 8 5 6 7 2 3 
20180610795 3 6 1 9 8 2 5 10 4 7 
20180610796 6 9 5 2 10 3 4 8 7 1 
20180610797 7 5 4 3 2 8 6 1 9 10 
20180610798 5 6 3 4 10 2 1 8 7 9 
20180610799 9 10 7 1 2 6 3 5 4 8 
20180610800 5 1 2 4 10 8 7 6 9 3 
20180610801 7 1 10 3 6 5 2 8 9 4 
20180610802 5 2 10 3 1 8 7 4 9 6 
20180610803 1 6 3 9 8 10 4 2 5 7 
20180610804 9 2 7 1 10 6 8 5 3 4 
20180610805 2 10 4 9 5 8 1 3 6 7 
20180610806 5 9 3 6 10 7 8 2 4 1 
20180610807 6 2 5 10 8 3 9 1 7 4 
20180610808 6 7 5 3 8 10 4 9 2 1 
20180610809 8 1 10 5 7 9 3 6 2 4 
20180610810 10 2 7 3 4 8 6 1 5 9 
20180610811 7 9 10 4 2 6 8 5 3 1 
20180610812 6 8 3 2 7 1 4 5 10 9 
20180610813 1 5 10 7 9 8 2 3 6 4 
20180610814 4 7 10 6 5 2 9 1 8 3 
20180610815 7 2 8 3 4 1 6 9 5 10 
20180610816 9 7 3 2 4 10 6 1 8 5 
20180610817 4 9 2 6 7 3 1 10 5 8 
20180610818 8 4 2 5 9 6 1 10 3 7 
20180610819 5 10 6 7 3 8 1 9 4 2 
20180610820 9 10 3 2 7 4 8 1 6 5 
20180610821 2 10 6 1 9 4 5 7 3 8 
20180610822 8 3 10 4 7 6 2 1 9 5 
20180610823 4 9 7 3 5 1 8 6 10 2 
20180610824 8 2 6 7 4 10 5 3 1 9 
20180610825 7 3 6 1 9 5 2 4 8 10 
20180610826 8 5 9 4 7 1 3 2 6 10 
20180610827 7 3 9 5 4 6 2 8 1 10 
20180610828 2 7 10 5 3 8 4 1 9 6 
20180610829 10 7 3 5 2 8 4 1 9 6 
20180610830 8 9 2 1 5 10 7 4 3 6 
20180610831 8 5 7 10 1 6 3 9 4 2 
20180610832 6 3 4 2 9 1 7 10 8 5 
20180610833 2 4 1 5 10 7 3 6 9 8 
20180610834 7 6 1 9 5 4 3 10 2 8 
20180610835 4 3 8 10 7 6 5 2 9 1 
20180610836 5 7 3 8 9 1 6 10 4 2 
20180610837 9 5 7 3 4 1 8 6 10 2 
20180610838 1 2 8 6 4 10 5 7 3 9 
20180610839 5 4 9 6 7 2 8 1 3 10 
20180610840 1 7 2 6 8 9 10 3 5 4 
20180610841 2 4 10 3 9 5 6 8 1 7 
20180610842 9 5 3 2 4 10 1 7 6 8 
20180610843 7 2 6 3 5 9 1 8 10 4 
20180610844 1 2 7 9 6 5 4 10 8 3 
20180610845 8 7 6 4 1 9 10 2 5 3 
20180610846 2 4 1 8 9 5 10 6 7 3 
20180610847 4 1 2 8 6 9 7 10 5 3 
20180610848 5 6 1 10 4 9 2 3 8 7 
20180610849 1 6 5 4 2 8 9 3 7 10 
20180610850 10 1 6 5 9 7 2 4 3 8 
20180610851 9 4 5 7 6 10 1 8 2 3 
20180610852 4 3 1 8 5 6 2 9 7 10 
20180610853 9 2 10 1 6 3 5 4 8 7 
20180610854 6 10 4 7 5 1 9 3 8 2 
20180610855 5 2 8 7 1 3 9 6 10 4 
20180610856 4 3 5 2 8 7 9 6 10 1 
20180610857 7 9 8 5 1 4 6 10 3 2 
20180610858 10 9 1 8 7 3 5 4 2 6 
20180610859 2 1 9 8 5 7 10 6 4 3 
20180610860 6 3 4 8 9 1 5 10 2 7 
20180610861 5 1 10 8 6 7 9 3 2 4 
20180610862 6 5 4 3 1 10 9 8 7 2 
20180610863 4 7 10 3 5 1 2 8 6 9 
20180610864 4 3 1 10 6 5 8 9 2 7 
20180610865 2 4 7 3 9 8 1 6 10 5 
20180610866 8 3 5 10 4 2 9 6 7 1 
20180610867 2 4 7 9 5 1 8 3 6 10 
20180610868 1 5 3 4 6 10 2 7 9 8 
20180610869 2 9 4 6 3 1 5 8 7 10 
20180610870 10 7 6 3 5 9 8 2 4 1 
20180610871 8 1 3 6 9 2 10 4 7 5 
20180610872 10 4 5 7 2 1 6 8 9 3 
20180610873 2 9 10 5 7 8 4 6 3 1 
20180610874 2 7 1 9 3 4 10 6 5 8 
20180610875 2 6 4 3 10 7 9 5 1 8 
20180610876 6 1 8 3 4 10 9 2 5 7 
20180610877 5 10 7 8 9 4 1 6 3 2 
20180610878 9 4 7 6 8 5 1 10 2 3 
20180610879 9 5 8 3 2 10 6 4 7 1 
20180610880 1 7 3 4 6 9 2 8 10 5 
20180610881 4 5 10 3 9 2 6 8 1 7 
20180610882 4 10 1 9 2 5 8 3 7 6 
20180610883 7 8 3 4 9 1 5 2 10 6 
20180610884 4 9 6 10 7 2 1 3 5 8 
20180610885 3 7 10 1 5 9 6 2 8 4 
20180610886 4 2 3 8 7 5 9 10 6 1 
20180610887 6 2 4 7 8 1 5 9 10 3 
20180610888 6 7 2 4 3 10 8 1 9 5 
20180610889 6 3 1 10 4 8 9 5 2 7 
20180610890 9 3 5 6 8 2 4 10 1 7 
20180610891 2 1 3 9 4 7 8 6 10 5 
20180610892 6 3 7 8 4 5 9 10 2 1 
20180610893 9 10 2 1 8 4 5 3 7 6 
20180610894 9 6 1 10 8 4 3 2 5 7 
20180610895 10 4 8 7 9 5 2 1 3 6 
20180610896 7 5 10 9 1 4 2 3 8 6 
20180610897 4 2 9 3 7 1 6 10 8 5 
20180610898 4 9 10 7 1 3 6 2 5 8 
20180610899 2 7 9 5 1 8 4 10 3 6 
20180610900 4 8 5 1 10 3 9 6 2 7 
20180610901 9 8 4 3 10 6 1 7 2 5 
20180610902 8 6 5 7 1 3 4 9 2 10 
20180610903 9 10 5 3 6 2 4 7 1 8 
20180610904 5 6 8 2 7 10 1 3 4 9 
20180610905 9 10 1 6 4 7 3 8 2 5 
20180610906 5 8 3 9 6 10 1 2 7 4 
20180610907 3 1 9 4 5 7 10 6 2 8 
20180610908 2 8 3 5 4 7 1 6 10 9 
20180610909 9 7 3 1 8 2 4 5 6 10 
20180610910 8 5 6 3 4 2 9 1 10 7 
20180610911 5 4 3 9 7 2 8 10 6 1 
20180610912 2 4 3 6 8 9 10 1 7 5 
20180610913 4 7 9 10 3 1 6 8 5 2 
20180610914 7 4 9 6 8 5 3 2 1 10 
20180610915 3 9 8 1 6 4 5 10 2 7 
20180610916 8 5 4 9 1 10 7 6 3 2 
20180610917 3 9 5 1 10 6 2 8 7 4 
20180610918 9 10 2 5 6 4 1 3 8 7 
20180610919 7 3 5 2 1 9 8 4 10 6 
20180610920 4 6 10 8 5 3 7 9 2 1 
20180610921 6 4 1 3 8 2 5 7 9 10 
20180610922 10 1 9 4 3 8 7 5 6 2 
20180610923 2 8 6 3 7 4 9 1 10 5 
20180610924 4 3 9 10 8 5 1 7 2 6 
20180610925 7 4 2 6 5 1 9 8 3 10 
20180610926 5 10 4 8 2 1 9 3 6 7 
20180610927 3 7 5 4 8 9 6 10 1 2 
20180610928 6 1 9 10 3 4 5 2 7 8 
20180610929 6 10 3 1 4 7 9 8 5 2 
20180610930 5 10 3 4 9 8 1 7 2 6 
20180610931 5 2 3 9 7 10 1 4 8 6 
20180610932 3 4 10 7 5 9 8 2 6 1 
20180610933 3 10 1 4 6 5 8 2 7 9 
20180610934 4 1 2 9 6 8 7 3 10 5 
20180610935 9 2 10 6 1 5 7 8 4 3 
20180610936 10 9 4 2 7 3 8 6 1 5 
20180610937 7 8 2 9 10 5 4 6 3 1 
20180610938 2 3 7 6 4 1 5 8 10 9 
20180610939 10 5 1 9 3 4 8 6 7 2 
20180610940 2 10 8 9 5 3 7 6 1 4 
20180610941 2 9 3 5 8 6 10 4 1 7 
20180610942 9 5 3 1 10 6 8 7 2 4 
20180610943 10 1 5 3 9 4 8 7 6 2 
20180610944 9 4 5 1 7 6 3 2 10 8 
20180610945 5 9 6 1 7 2 4 8 10 3 
20180610946 6 7 10 1 2 4 3 9 8 5 
20180610947 9 10 8 7 6 1 4 3 5 2 
20180610948 5 3 2 4 9 1 7 8 10 6 
20180610949 5 1 10 2 7 9 4 3 8 6 
20180610950 10 2 8 4 7 1 5 6 3 9 
20180610951 2 3 5 1 6 8 4 10 9 7 
20180610952 9 1 8 6 4 7 10 2 5 3 
20180610953 8 7 9 10 3 2 1 5 6 4 
20180610954 9 1 7 6 2 4 10 3 5 8 
20180610955 7 1 4 8 5 6 2 9 10 3 
20180610956 8 3 10 4 2 7 5 9 6 1 
20180610957 2 9 4 10 7 5 3 1 6 8 
20180610958 6 5 7 2 9 10 3 1 8 4 
20180610959 7 3 9 6 8 10 4 2 5 1 
20180610960 4 9 3 5 7 2 10 6 8 1 
20180610961 1 4 2 7 8 10 6 3 9 5 
20180610962 10 3 6 4 5 1 8 2 7 9 
20180610963 5 2 9 4 8 10 7 6 1 3 
20180610964 5 3 8 2 10 6 4 7 1 9 
20180610965 7 6 5 1 3 8 2 4 9 10 
20180610966 8 4 10 7 9 1 2 5 6 3 
20180610967 5 9 8 2 10 1 4 3 7 6 
20180610968 5 1 4 9 8 3 7 10 6 2 
20180610969 5 2 4 7 6 8 9 10 1 3 
20180610970 1 9 3 2 8 7 10 5 4 6 
20180610971 6 9 8 10 2 4 5 1 7 3 
20180610972 6 4 3 8 1 10 2 5 9 7 
20180610973 7 4 5 8 1 2 10 3 9 6 
20180610974 3 9 2 4 7 8 1 10 5 6 
20180610975 5 4 6 1 7 10 3 2 9 8 
20180610976 5 7 3 1 2 6 8 10 4 9 
20180610977 7 9 10 1 8 4 2 5 6 3 
20180610978 2 6 3 10 4 5 7 9 8 1 
20180610979 6 1 7 10 2 9 8 4 5 3 
20180610980 3 6 4 8 7 1 5 2 10 9 
20180610981 4 10 2 3 5 7 8 9 1 6 
20180610982 9 4 7 8 5 3 1 6 10 2 
20180610983 8 7 6 5 10 3 4 1 2 9 
20180610984 2 6 9 5 3 8 1 7 10 4 
20180610985 10 2 3 1 5 9 7 4 8 6 
