20180616001 9 10 6 8 5 1 2 4 3 7 
20180616002 2 10 4 1 9 5 3 7 8 6 
20180616003 1 10 7 6 4 9 2 8 3 5 
20180616004 4 6 1 7 2 10 5 3 8 9 
20180616005 9 2 4 7 6 1 3 5 8 10 
20180616006 10 7 2 3 8 6 4 1 9 5 
20180616007 9 7 3 5 8 1 10 2 6 4 
20180616008 3 8 10 4 9 2 5 6 7 1 
20180616009 9 1 6 3 4 8 2 10 7 5 
20180616010 4 6 5 7 8 3 1 9 2 10 
20180616011 7 1 5 6 2 9 10 8 3 4 
20180616012 7 10 9 8 1 5 6 3 4 2 
20180616013 1 6 9 3 4 7 5 2 10 8 
20180616014 1 8 6 7 9 5 4 3 10 2 
20180616015 6 2 8 3 4 10 5 7 9 1 
20180616016 6 2 9 1 5 3 8 4 7 10 
20180616017 1 9 7 4 5 6 10 8 3 2 
20180616018 2 4 1 3 8 10 5 7 6 9 
20180616019 7 4 10 6 3 2 9 1 8 5 
20180616020 7 10 9 6 2 8 1 4 5 3 
20180616021 6 3 10 5 9 4 8 1 2 7 
20180616022 8 6 10 9 7 3 2 4 5 1 
20180616023 1 7 2 5 9 6 8 4 3 10 
20180616024 1 10 6 9 5 2 3 8 4 7 
20180616025 3 10 1 9 6 4 2 7 5 8 
20180616026 5 3 10 1 6 9 8 4 7 2 
20180616027 4 5 9 3 6 2 1 10 8 7 
20180616028 6 2 5 10 1 4 8 7 9 3 
20180616029 5 8 4 6 1 10 9 3 2 7 
20180616030 10 8 4 6 9 7 3 2 5 1 
20180616031 8 4 3 7 2 5 6 1 9 10 
20180616032 8 7 3 5 1 6 10 9 4 2 
20180616033 3 2 9 1 6 7 4 5 8 10 
20180616034 8 2 9 1 6 10 7 3 5 4 
20180616035 10 3 5 7 2 9 6 1 4 8 
20180616036 5 2 7 3 8 4 6 1 9 10 
20180616037 7 3 6 4 10 8 5 1 9 2 
20180616038 9 8 4 6 7 3 10 1 5 2 
20180616039 9 4 8 3 7 2 6 5 10 1 
20180616040 2 9 8 10 1 6 4 5 3 7 
20180616041 5 2 10 8 6 7 1 4 3 9 
20180616042 6 3 2 1 7 5 8 10 4 9 
20180616043 1 3 2 8 10 6 9 5 4 7 
20180616044 5 3 7 9 4 2 1 6 8 10 
20180616045 7 9 8 3 2 6 1 10 5 4 
20180616046 4 10 9 8 3 1 6 2 7 5 
20180616047 7 9 3 8 10 5 4 2 6 1 
20180616048 5 3 9 6 2 1 4 10 7 8 
20180616049 6 7 1 3 10 2 8 9 5 4 
20180616050 10 4 8 9 6 7 3 1 2 5 
20180616051 10 7 5 6 2 8 1 4 9 3 
20180616052 10 5 2 4 1 7 3 8 9 6 
20180616053 10 1 8 7 3 2 9 4 5 6 
20180616054 8 6 1 9 4 10 5 7 3 2 
20180616055 3 10 1 2 9 6 4 8 7 5 
20180616056 8 5 1 2 9 7 3 4 10 6 
20180616057 1 3 6 9 5 10 4 2 7 8 
20180616058 7 10 4 6 2 3 9 1 5 8 
20180616059 2 9 7 6 8 10 5 3 1 4 
20180616060 6 2 9 5 7 3 1 8 10 4 
20180616061 7 8 3 6 2 10 5 9 4 1 
20180616062 3 7 5 10 2 4 9 8 6 1 
20180616063 2 10 3 8 4 9 6 1 7 5 
20180616064 6 8 3 4 1 7 2 10 9 5 
20180616065 8 1 6 3 7 9 10 5 4 2 
20180616066 1 9 10 6 5 4 8 3 7 2 
20180616067 2 5 8 6 9 7 4 1 10 3 
20180616068 10 6 5 8 9 7 3 4 2 1 
20180616069 8 7 9 3 6 1 5 10 4 2 
20180616070 6 1 8 5 4 3 7 10 9 2 
20180616071 3 10 7 9 8 2 1 5 6 4 
20180616072 3 6 1 10 8 7 5 4 2 9 
20180616073 2 7 5 9 4 8 10 6 3 1 
20180616074 5 1 10 8 2 4 3 6 9 7 
20180616075 10 1 8 4 9 7 6 2 5 3 
20180616076 5 2 9 8 10 3 1 6 4 7 
20180616077 9 4 8 10 3 1 6 5 7 2 
20180616078 5 6 8 2 1 10 3 4 7 9 
20180616079 1 9 2 6 10 4 5 3 7 8 
20180616080 1 5 6 8 3 7 9 4 2 10 
20180616081 7 3 8 4 6 1 9 2 5 10 
20180616082 5 1 7 4 2 6 9 10 8 3 
20180616083 2 3 6 1 4 7 5 10 9 8 
20180616084 8 4 7 10 3 6 1 2 5 9 
20180616085 1 8 5 6 2 9 7 10 3 4 
20180616086 9 6 2 4 7 8 3 10 1 5 
20180616087 2 6 4 8 7 10 5 3 9 1 
20180616088 10 5 8 7 3 9 2 4 1 6 
20180616089 3 4 1 9 5 7 2 6 10 8 
20180616090 7 10 6 2 5 9 8 4 1 3 
20180616091 2 1 9 10 8 5 7 4 6 3 
20180616092 8 1 4 9 7 10 5 2 3 6 
20180616093 6 3 7 2 5 9 1 8 4 10 
20180616094 7 10 3 6 4 5 8 2 1 9 
20180616095 2 6 1 9 3 10 5 7 4 8 
20180616096 10 6 5 2 3 8 9 7 4 1 
20180616097 10 7 8 9 6 1 2 4 5 3 
20180616098 6 3 1 4 5 10 2 8 9 7 
20180616099 1 4 3 9 6 2 10 8 5 7 
20180616100 3 7 9 5 1 10 8 6 2 4 
20180616101 1 2 6 7 5 9 8 4 3 10 
20180616102 6 10 5 3 8 1 9 4 7 2 
20180616103 1 10 3 7 6 2 8 5 4 9 
20180616104 4 7 8 3 2 6 1 9 5 10 
20180616105 8 9 2 5 1 10 4 7 3 6 
20180616106 8 4 9 5 3 6 1 10 7 2 
20180616107 5 2 7 3 9 10 4 8 1 6 
20180616108 1 10 2 5 8 7 6 3 9 4 
20180616109 2 8 7 6 3 4 10 5 1 9 
20180616110 2 7 9 10 6 8 5 4 1 3 
20180616111 7 5 8 9 2 3 6 4 1 10 
20180616112 2 9 1 7 6 10 4 5 3 8 
20180616113 5 8 7 9 2 3 1 10 4 6 
20180616114 1 9 10 2 4 8 5 7 3 6 
20180616115 5 1 4 2 8 3 6 9 7 10 
20180616116 1 10 4 3 6 8 7 5 2 9 
20180616117 1 5 4 8 7 3 6 9 2 10 
20180616118 7 8 5 1 3 9 6 4 2 10 
20180616119 3 1 10 7 6 8 2 4 9 5 
20180616120 5 10 6 7 9 4 3 1 2 8 
20180616121 7 2 10 6 3 4 8 1 5 9 
20180616122 1 5 3 8 2 10 7 6 4 9 
20180616123 1 3 5 9 10 8 6 4 7 2 
20180616124 5 9 7 1 3 4 2 6 8 10 
20180616125 2 1 7 10 5 3 6 8 9 4 
20180616126 3 6 7 1 5 10 4 9 8 2 
20180616127 7 1 8 3 2 4 5 6 9 10 
20180616128 8 10 9 6 2 7 5 3 4 1 
20180616129 3 7 6 8 4 1 2 10 9 5 
20180616130 7 6 8 10 4 2 3 1 5 9 
20180616131 2 8 1 10 6 9 7 3 4 5 
20180616132 5 6 8 9 2 10 1 3 4 7 
20180616133 10 2 9 1 3 7 6 8 4 5 
20180616134 4 6 1 3 7 10 2 5 9 8 
20180616135 5 8 1 2 9 4 10 3 7 6 
20180616136 7 10 8 1 9 5 6 4 3 2 
20180616137 9 10 1 2 7 5 8 3 4 6 
20180616138 3 1 5 8 4 2 10 9 6 7 
20180616139 10 2 4 9 3 6 7 1 8 5 
20180616140 1 2 9 5 10 6 4 8 3 7 
20180616141 9 6 8 5 1 4 3 10 2 7 
20180616142 7 3 5 4 10 6 8 2 1 9 
20180616143 1 5 2 10 4 6 3 8 9 7 
20180616144 9 2 4 7 5 6 3 8 10 1 
20180616145 6 3 10 2 4 8 7 5 9 1 
20180616146 10 8 1 9 6 3 4 5 7 2 
20180616147 2 9 10 8 5 6 7 4 3 1 
20180616148 10 2 7 3 9 8 1 5 6 4 
20180616149 8 7 1 3 4 5 2 6 9 10 
20180616150 8 6 7 4 5 10 3 9 1 2 
20180616151 9 4 2 10 5 1 8 3 6 7 
20180616152 8 2 5 7 9 3 4 1 6 10 
20180616153 4 7 6 9 3 1 10 5 2 8 
20180616154 9 5 4 10 6 7 8 3 2 1 
20180616155 5 3 10 1 8 4 6 2 9 7 
20180616156 2 1 4 5 10 3 8 7 6 9 
20180616157 9 1 6 7 3 2 10 8 4 5 
20180616158 4 3 2 10 8 6 9 1 7 5 
20180616159 10 5 2 6 7 3 1 9 4 8 
20180616160 9 3 5 7 8 4 10 2 1 6 
20180616161 10 2 7 3 1 4 6 9 8 5 
20180616162 5 3 2 7 8 10 1 6 4 9 
20180616163 5 8 6 2 3 1 9 10 4 7 
20180616164 2 6 5 10 7 9 1 4 3 8 
20180616165 5 9 3 1 2 7 8 6 4 10 
20180616166 7 6 10 1 3 9 5 2 8 4 
20180616167 10 1 8 7 2 3 5 6 9 4 
20180616168 2 5 10 4 8 6 1 7 9 3 
20180616169 8 3 4 10 1 7 5 2 6 9 
20180616170 5 4 2 9 3 7 10 6 1 8 
20180616171 9 5 4 1 3 8 7 6 10 2 
20180616172 3 7 10 6 5 1 9 2 8 4 
20180616173 4 9 8 7 10 1 2 6 5 3 
20180616174 2 9 8 1 6 4 10 3 7 5 
20180616175 2 3 6 5 4 7 1 8 10 9 
20180616176 7 6 4 1 8 5 2 10 3 9 
20180616177 3 2 10 1 8 6 7 5 9 4 
20180616178 2 1 9 5 8 6 4 10 7 3 
20180616179 10 8 9 3 6 5 1 2 7 4 
20180616180 4 6 10 8 3 7 2 9 1 5 
20180616181 8 5 1 10 7 3 4 2 9 6 
20180616182 2 6 3 10 9 4 5 7 8 1 
20180616183 7 1 5 3 4 8 10 6 9 2 
20180616184 10 3 6 4 2 8 5 1 9 7 
20180616185 9 6 1 10 8 3 2 7 5 4 
20180616186 5 4 6 7 9 1 8 3 10 2 
20180616187 4 10 9 1 7 2 5 6 3 8 
20180616188 6 10 4 8 7 2 9 3 5 1 
20180616189 9 7 10 2 4 5 8 6 3 1 
20180616190 10 2 4 3 5 8 6 1 7 9 
20180616191 7 4 10 8 5 9 6 1 2 3 
20180616192 2 5 6 8 4 3 1 7 9 10 
20180616193 6 9 7 1 3 2 8 10 5 4 
20180616194 1 7 4 2 9 3 6 5 10 8 
20180616195 7 5 3 2 6 4 10 9 8 1 
20180616196 9 1 7 3 5 4 8 6 10 2 
20180616197 6 5 2 9 7 4 1 8 10 3 
20180616198 10 7 6 1 4 9 2 3 5 8 
20180616199 9 1 8 3 10 6 7 4 5 2 
20180616200 6 1 7 2 10 3 5 9 8 4 
20180616201 5 10 9 6 2 3 8 4 1 7 
20180616202 6 4 9 5 3 7 1 2 8 10 
20180616203 4 3 5 7 10 9 6 1 8 2 
20180616204 5 2 6 7 4 3 1 9 10 8 
20180616205 5 10 3 7 4 8 6 2 9 1 
20180616206 8 2 1 5 7 10 9 3 6 4 
20180616207 5 2 4 1 9 7 6 10 8 3 
20180616208 8 2 3 5 9 4 10 1 6 7 
20180616209 2 9 4 7 1 3 6 8 5 10 
20180616210 10 6 9 1 7 2 8 3 4 5 
20180616211 4 1 8 7 3 6 2 9 5 10 
20180616212 6 7 9 4 5 2 1 3 8 10 
20180616213 6 8 5 1 3 2 4 10 9 7 
20180616214 5 7 3 9 8 6 1 10 4 2 
20180616215 8 9 6 10 1 4 2 3 7 5 
20180616216 1 9 4 3 5 10 7 2 8 6 
20180616217 8 1 3 9 7 4 10 5 6 2 
20180616218 4 10 6 9 5 1 3 2 8 7 
20180616219 1 3 5 9 4 7 6 10 8 2 
20180616220 3 2 6 5 9 1 7 10 4 8 
20180616221 6 1 5 9 4 3 2 7 10 8 
20180616222 2 6 5 7 9 4 8 1 10 3 
20180616223 5 1 9 6 3 10 2 4 7 8 
20180616224 2 6 4 7 8 9 3 5 10 1 
20180616225 5 6 9 3 10 4 7 2 1 8 
20180616226 9 3 7 4 6 2 5 10 1 8 
20180616227 1 4 6 9 5 10 3 8 2 7 
20180616228 8 10 7 6 3 5 2 1 4 9 
20180616229 2 4 7 9 6 1 3 8 10 5 
20180616230 7 5 4 9 6 10 1 3 8 2 
20180616231 10 4 7 2 1 6 3 8 9 5 
20180616232 9 4 10 6 8 2 5 1 7 3 
20180616233 2 7 4 10 8 5 1 3 9 6 
20180616234 7 2 6 1 5 3 4 8 10 9 
20180616235 10 5 4 3 7 8 2 1 6 9 
20180616236 6 1 2 10 5 8 3 7 9 4 
20180616237 1 2 9 10 5 6 7 3 8 4 
20180616238 9 4 8 2 5 7 3 10 6 1 
20180616239 10 4 7 5 2 9 1 3 8 6 
20180616240 7 3 6 2 8 1 4 5 9 10 
20180616241 2 7 9 10 5 3 6 8 4 1 
20180616242 1 9 2 5 7 6 10 8 3 4 
20180616243 6 8 5 7 1 9 4 3 2 10 
20180616244 5 7 10 4 2 8 6 3 1 9 
20180616245 3 10 5 8 7 2 9 4 1 6 
20180616246 2 4 6 10 7 5 3 8 1 9 
20180616247 6 10 1 4 3 9 2 5 8 7 
20180616248 8 3 2 10 5 6 7 4 1 9 
20180616249 4 3 10 8 9 6 5 7 1 2 
20180616250 3 1 7 10 8 6 5 4 9 2 
20180616251 2 8 9 3 10 6 4 1 7 5 
20180616252 8 7 2 4 10 9 6 1 3 5 
20180616253 6 2 8 4 10 3 1 5 9 7 
20180616254 3 4 7 8 6 1 10 9 5 2 
20180616255 7 2 8 3 4 9 5 1 10 6 
20180616256 9 7 1 5 6 10 2 8 3 4 
20180616257 6 10 2 9 4 8 5 3 7 1 
20180616258 6 5 2 4 10 1 8 7 3 9 
20180616259 5 2 8 4 6 3 9 1 7 10 
20180616260 7 5 10 9 1 2 6 3 4 8 
20180616261 3 5 4 10 1 2 7 8 9 6 
20180616262 2 6 9 3 4 10 7 5 8 1 
20180616263 6 8 4 2 9 1 5 10 7 3 
20180616264 2 3 4 10 5 8 9 7 1 6 
20180616265 1 5 8 6 4 10 7 2 3 9 
20180616266 1 10 5 9 4 6 7 3 8 2 
20180616267 7 5 1 8 4 3 6 9 2 10 
20180616268 8 3 5 1 9 6 10 2 4 7 
20180616269 1 6 7 8 3 4 9 5 10 2 
20180616270 3 7 4 9 8 10 5 6 1 2 
20180616271 3 5 6 2 4 10 7 9 8 1 
20180616272 6 1 7 4 2 9 10 8 3 5 
20180616273 6 3 9 7 2 4 8 5 10 1 
20180616274 10 6 2 3 7 9 8 5 4 1 
20180616275 5 2 3 10 6 7 1 9 4 8 
20180616276 1 5 2 3 9 4 10 7 8 6 
20180616277 8 9 2 3 4 1 10 6 5 7 
20180616278 6 10 7 4 2 3 1 9 5 8 
20180616279 3 2 9 6 7 1 10 5 4 8 
20180616280 1 7 10 3 4 8 9 2 6 5 
20180616281 1 3 9 10 4 5 6 7 2 8 
20180616282 3 6 10 2 1 5 9 7 4 8 
20180616283 8 3 7 2 1 5 4 9 6 10 
20180616284 4 2 1 9 8 3 5 7 10 6 
20180616285 4 10 1 3 5 7 9 8 6 2 
20180616286 1 9 6 5 3 4 7 2 8 10 
20180616287 1 5 4 9 6 3 7 10 8 2 
20180616288 1 9 5 8 7 6 2 3 10 4 
20180616289 5 9 7 4 8 3 6 2 1 10 
20180616290 6 3 8 4 5 10 7 2 9 1 
20180616291 2 3 8 10 4 6 1 9 5 7 
20180616292 6 1 3 8 2 10 5 7 9 4 
20180616293 5 6 3 4 9 10 1 8 2 7 
20180616294 4 7 2 3 5 8 9 10 1 6 
20180616295 4 5 2 3 6 10 1 9 8 7 
20180616296 7 4 6 1 9 8 10 5 3 2 
20180616297 1 9 10 3 4 8 2 6 7 5 
20180616298 10 6 2 9 3 5 1 7 4 8 
20180616299 7 8 3 6 4 9 10 1 2 5 
20180616300 4 9 5 8 10 1 6 3 2 7 
20180616301 7 4 10 2 1 9 6 3 5 8 
20180616302 8 9 6 2 10 1 3 4 5 7 
20180616303 9 7 3 1 8 2 5 10 4 6 
20180616304 7 4 6 2 5 1 9 10 3 8 
20180616305 7 3 1 6 4 2 9 10 8 5 
20180616306 7 10 4 1 5 3 6 8 2 9 
20180616307 5 8 6 3 2 7 10 4 9 1 
20180616308 10 6 2 7 1 4 3 9 8 5 
20180616309 2 6 9 8 4 10 5 7 1 3 
20180616310 4 5 10 8 6 1 9 7 2 3 
20180616311 6 7 1 4 9 10 8 2 5 3 
20180616312 6 1 5 9 10 8 2 7 4 3 
20180616313 8 3 9 2 10 1 7 6 4 5 
20180616314 8 10 2 1 7 3 9 4 5 6 
20180616315 9 7 6 10 4 2 3 8 1 5 
20180616316 9 3 6 1 2 10 5 7 4 8 
20180616317 3 8 9 4 2 6 5 10 7 1 
20180616318 5 4 6 9 3 10 2 7 8 1 
20180616319 2 1 8 9 5 7 3 6 4 10 
20180616320 10 3 6 2 1 4 8 5 7 9 
20180616321 1 4 3 5 6 10 7 9 2 8 
20180616322 10 9 5 2 3 4 6 7 1 8 
20180616323 4 8 3 2 10 7 6 1 9 5 
20180616324 7 6 10 2 1 8 3 9 4 5 
20180616325 7 8 4 6 2 9 10 5 1 3 
20180616326 9 1 7 5 4 6 3 10 8 2 
20180616327 9 4 3 10 2 6 5 7 1 8 
20180616328 5 6 8 4 1 9 2 7 10 3 
20180616329 9 8 7 4 2 10 3 6 5 1 
20180616330 6 3 8 1 7 4 5 10 9 2 
20180616331 2 7 5 3 10 4 9 8 1 6 
20180616332 8 1 4 10 9 2 5 6 3 7 
20180616333 10 7 2 9 4 1 3 6 5 8 
20180616334 7 3 8 2 1 4 6 9 5 10 
20180616335 1 6 9 10 7 5 2 3 8 4 
20180616336 9 4 7 5 10 1 2 6 8 3 
20180616337 8 5 1 7 4 3 6 10 9 2 
20180616338 10 4 7 3 1 9 2 5 6 8 
20180616339 10 1 6 2 4 9 7 8 3 5 
20180616340 9 3 8 5 7 6 10 1 2 4 
20180616341 8 10 3 4 7 6 5 9 2 1 
20180616342 6 9 2 5 10 8 1 4 3 7 
20180616343 6 5 1 9 3 4 8 2 7 10 
20180616344 10 9 3 1 2 7 5 8 6 4 
20180616345 5 4 7 10 3 8 1 6 2 9 
20180616346 3 5 10 8 2 6 9 4 1 7 
20180616347 4 8 3 10 5 2 6 9 7 1 
20180616348 6 5 10 4 2 7 9 1 8 3 
20180616349 4 3 1 7 8 10 6 9 5 2 
20180616350 2 6 8 7 4 10 3 1 9 5 
20180616351 2 9 5 1 3 8 10 6 7 4 
20180616352 3 8 4 6 10 7 1 5 9 2 
20180616353 8 2 3 9 6 4 1 5 7 10 
20180616354 4 2 10 6 7 5 8 9 3 1 
20180616355 4 5 9 1 3 2 7 6 8 10 
20180616356 8 2 10 6 3 7 5 4 9 1 
20180616357 2 8 1 5 10 3 4 9 7 6 
20180616358 6 5 9 7 3 2 10 8 1 4 
20180616359 8 1 9 5 2 10 4 6 3 7 
20180616360 2 9 5 6 10 7 1 4 3 8 
20180616361 8 6 4 1 10 7 5 2 3 9 
20180616362 8 3 9 4 1 2 10 5 6 7 
20180616363 3 6 9 10 5 7 8 1 2 4 
20180616364 1 8 7 2 4 5 10 3 6 9 
20180616365 8 6 10 3 4 7 2 9 1 5 
20180616366 8 5 1 9 3 7 2 4 10 6 
20180616367 8 6 1 7 9 4 10 5 3 2 
20180616368 6 9 4 3 1 8 10 7 2 5 
20180616369 10 7 8 2 5 3 4 6 9 1 
20180616370 4 5 2 9 8 1 3 10 6 7 
20180616371 1 3 2 10 6 7 5 8 4 9 
20180616372 7 2 4 5 10 1 9 8 6 3 
20180616373 7 1 4 8 5 10 6 2 3 9 
20180616374 5 4 8 6 3 1 2 9 7 10 
20180616375 8 3 6 2 1 10 5 7 9 4 
20180616376 2 5 6 7 3 4 1 10 9 8 
20180616377 1 3 8 2 6 9 4 5 7 10 
20180616378 10 5 9 7 2 8 6 1 3 4 
20180616379 5 7 9 3 1 6 2 4 8 10 
20180616380 3 8 10 1 7 2 5 9 4 6 
20180616381 5 4 8 2 9 10 6 3 1 7 
20180616382 9 7 2 8 1 6 10 4 5 3 
20180616383 10 7 2 1 5 6 8 9 3 4 
20180616384 8 10 5 6 9 2 4 1 7 3 
20180616385 4 10 2 5 7 6 8 1 3 9 
20180616386 9 4 10 3 2 7 1 8 5 6 
20180616387 9 10 5 7 2 8 4 6 1 3 
20180616388 5 3 8 10 2 4 1 9 6 7 
20180616389 7 9 5 4 2 8 6 3 1 10 
20180616390 1 4 3 5 10 6 9 8 7 2 
20180616391 4 8 2 7 1 6 9 10 5 3 
20180616392 9 10 4 1 6 7 3 8 5 2 
20180616393 9 1 8 3 4 10 6 5 2 7 
20180616394 2 8 10 1 5 9 6 3 7 4 
20180616395 8 6 2 7 10 4 3 1 9 5 
20180616396 3 4 1 9 10 7 5 8 6 2 
20180616397 9 2 1 10 6 5 3 4 7 8 
20180616398 2 5 3 10 8 9 4 1 7 6 
20180616399 9 3 8 4 6 5 7 10 1 2 
20180616400 10 5 2 7 8 1 6 9 4 3 
20180616401 3 10 7 1 8 2 5 9 4 6 
20180616402 4 3 1 5 10 8 9 6 2 7 
20180616403 7 3 8 4 5 2 1 9 10 6 
20180616404 10 8 1 7 4 2 6 9 3 5 
20180616405 7 10 1 6 8 4 9 3 5 2 
20180616406 3 7 1 8 5 6 9 10 4 2 
20180616407 3 4 9 1 6 7 2 5 10 8 
20180616408 7 4 3 6 2 10 5 8 1 9 
20180616409 3 9 8 5 10 6 2 7 4 1 
20180616410 7 8 10 9 1 4 2 3 6 5 
20180616411 4 2 7 6 5 8 3 10 9 1 
20180616412 2 5 3 4 1 7 8 10 6 9 
20180616413 8 1 6 9 3 7 5 2 4 10 
20180616414 8 4 7 5 1 2 6 10 3 9 
20180616415 9 2 4 3 5 10 6 1 7 8 
20180616416 8 7 5 3 4 10 1 2 6 9 
20180616417 9 1 2 6 8 10 3 4 5 7 
20180616418 8 1 5 9 7 2 3 4 6 10 
20180616419 10 8 9 1 7 5 2 6 3 4 
20180616420 6 4 10 5 1 2 9 7 8 3 
20180616421 5 7 2 4 10 6 1 9 3 8 
20180616422 7 10 5 1 2 9 8 6 3 4 
20180616423 4 9 5 2 1 3 10 6 7 8 
20180616424 3 8 4 2 10 9 1 7 6 5 
20180616425 6 8 7 1 3 10 2 5 4 9 
20180616426 10 1 8 2 6 3 9 4 5 7 
20180616427 4 10 1 3 8 7 9 2 5 6 
20180616428 6 10 3 8 1 9 4 5 7 2 
20180616429 2 8 9 7 5 3 10 4 6 1 
20180616430 10 8 6 7 4 5 1 3 9 2 
20180616431 9 6 3 8 7 1 2 5 10 4 
20180616432 6 2 8 10 5 7 1 4 9 3 
20180616433 1 3 8 2 5 9 4 6 7 10 
20180616434 9 1 7 4 8 3 5 10 2 6 
20180616435 1 9 5 3 8 6 4 2 7 10 
20180616436 9 10 7 1 3 6 2 8 4 5 
20180616437 2 10 3 9 1 5 6 8 7 4 
20180616438 8 10 1 2 7 4 3 9 6 5 
20180616439 3 2 9 7 8 6 4 1 5 10 
20180616440 4 1 6 2 8 5 7 3 10 9 
20180616441 2 8 5 7 1 10 3 4 9 6 
20180616442 5 6 10 4 9 3 2 7 8 1 
20180616443 9 4 2 10 3 6 5 7 8 1 
20180616444 3 9 10 1 2 5 4 8 7 6 
20180616445 1 3 9 8 5 7 6 2 4 10 
20180616446 1 4 6 8 3 10 2 7 9 5 
20180616447 7 1 5 10 6 8 9 2 3 4 
20180616448 7 1 8 2 3 9 10 5 4 6 
20180616449 3 10 6 1 5 4 7 9 2 8 
20180616450 4 10 9 2 7 1 8 6 3 5 
20180616451 5 9 2 8 1 3 4 7 10 6 
20180616452 6 3 5 7 9 2 8 1 4 10 
20180616453 9 8 1 4 7 10 3 6 5 2 
20180616454 5 10 8 7 3 1 6 4 2 9 
20180616455 9 5 3 1 10 2 4 7 6 8 
20180616456 8 10 5 3 9 2 6 1 7 4 
20180616457 5 2 4 7 8 1 10 6 3 9 
20180616458 3 1 10 8 2 5 9 7 6 4 
20180616459 4 7 9 1 8 6 5 10 3 2 
20180616460 1 2 6 3 7 5 10 9 4 8 
20180616461 1 2 7 9 10 3 6 5 4 8 
20180616462 8 7 1 6 10 2 5 3 9 4 
20180616463 9 2 10 4 8 3 1 5 7 6 
20180616464 2 1 8 5 4 9 7 3 6 10 
20180616465 5 10 3 8 1 6 2 9 7 4 
20180616466 1 7 2 10 9 8 3 4 6 5 
20180616467 8 7 3 5 4 2 10 6 1 9 
20180616468 2 7 8 4 1 5 9 3 6 10 
20180616469 4 2 8 9 6 5 7 10 1 3 
20180616470 6 7 4 5 2 1 3 9 8 10 
20180616471 1 9 6 8 7 10 3 4 2 5 
20180616472 9 3 4 6 1 8 10 7 5 2 
20180616473 9 10 6 5 2 8 1 3 4 7 
20180616474 9 2 7 1 6 4 5 3 10 8 
20180616475 7 10 5 6 8 2 4 9 3 1 
20180616476 2 3 4 6 7 5 1 8 10 9 
20180616477 7 4 5 1 8 9 6 10 3 2 
20180616478 9 1 6 2 7 10 4 3 8 5 
20180616479 5 2 4 10 3 8 9 7 6 1 
20180616480 3 2 5 4 1 7 10 9 6 8 
20180616481 7 10 5 9 6 4 1 8 3 2 
20180616482 9 4 2 7 8 10 3 6 1 5 
20180616483 9 10 4 6 5 3 2 1 7 8 
20180616484 7 2 3 5 4 10 6 8 1 9 
20180616485 1 6 7 5 4 3 9 10 8 2 
20180616486 4 3 9 8 6 1 5 2 10 7 
20180616487 6 8 4 7 5 3 1 9 2 10 
20180616488 3 8 5 4 1 10 6 9 7 2 
20180616489 1 2 4 9 6 3 7 8 10 5 
20180616490 6 8 9 1 10 5 3 7 2 4 
20180616491 10 2 6 1 7 9 4 8 3 5 
20180616492 1 6 10 9 4 5 2 8 3 7 
20180616493 7 10 1 9 8 3 5 2 4 6 
20180616494 8 7 1 9 4 2 6 10 5 3 
20180616495 1 4 8 2 9 5 3 7 6 10 
20180616496 5 3 9 1 7 2 10 4 8 6 
20180616497 6 7 2 10 4 9 8 3 5 1 
20180616498 9 5 2 3 8 1 7 4 10 6 
20180616499 1 7 4 3 2 5 9 10 8 6 
20180616500 9 8 2 3 6 4 7 10 1 5 
20180616501 6 9 8 4 3 5 10 1 2 7 
20180616502 2 8 10 4 3 1 9 6 5 7 
20180616503 6 7 9 2 5 3 8 4 10 1 
20180616504 8 1 10 2 4 3 6 7 9 5 
20180616505 6 10 7 9 2 8 3 5 4 1 
20180616506 8 9 6 5 1 10 4 3 2 7 
20180616507 3 5 1 2 8 6 10 9 7 4 
20180616508 9 4 7 1 3 2 8 10 5 6 
20180616509 1 4 8 9 5 6 3 7 2 10 
20180616510 8 6 9 5 10 4 7 2 1 3 
20180616511 1 5 4 6 10 9 2 8 7 3 
20180616512 4 5 2 9 1 3 8 7 10 6 
20180616513 7 1 6 5 9 2 3 4 10 8 
20180616514 2 8 3 7 5 4 1 10 9 6 
20180616515 8 1 10 5 6 7 2 9 4 3 
20180616516 8 9 7 5 1 6 3 4 2 10 
20180616517 5 6 8 10 1 7 4 2 9 3 
20180616518 7 8 6 10 5 3 2 9 1 4 
20180616519 6 2 10 1 9 5 7 3 4 8 
20180616520 9 2 3 7 10 5 1 6 8 4 
20180616521 10 4 1 2 5 9 3 7 6 8 
20180616522 10 7 4 9 6 5 1 3 8 2 
20180616523 5 2 6 10 4 8 7 3 1 9 
20180616524 8 9 4 7 1 3 5 6 2 10 
20180616525 3 4 1 7 6 9 5 10 8 2 
20180616526 4 3 9 10 7 8 6 1 5 2 
20180616527 4 6 7 5 1 10 9 8 2 3 
20180616528 9 4 2 6 3 5 8 1 7 10 
20180616529 7 4 10 6 8 5 2 9 1 3 
20180616530 2 1 5 7 3 10 4 9 6 8 
20180616531 9 8 3 7 5 1 4 10 2 6 
20180616532 8 7 2 4 9 5 3 10 6 1 
20180616533 9 4 10 8 3 1 5 2 6 7 
20180616534 5 3 6 7 4 10 2 8 1 9 
20180616535 2 3 1 8 4 6 9 7 10 5 
20180616536 9 5 3 8 4 1 6 2 7 10 
20180616537 5 2 9 3 7 10 1 6 8 4 
20180616538 9 10 4 3 7 8 5 2 1 6 
20180616539 7 3 10 6 9 5 8 4 1 2 
20180616540 2 8 7 5 1 4 3 9 6 10 
20180616541 10 8 9 4 3 2 6 7 1 5 
20180616542 6 8 10 9 7 4 3 2 1 5 
20180616543 10 8 1 5 7 9 3 6 2 4 
20180616544 2 10 8 4 9 6 7 1 3 5 
20180616545 3 4 8 2 1 6 9 5 10 7 
20180616546 4 5 10 6 9 7 3 8 2 1 
20180616547 2 1 3 8 4 10 6 9 5 7 
20180616548 6 2 1 4 5 10 9 8 3 7 
20180616549 6 1 7 8 9 4 2 5 3 10 
20180616550 4 5 6 3 8 1 2 9 7 10 
20180616551 10 6 1 3 2 4 8 9 5 7 
20180616552 1 9 10 6 7 2 3 8 4 5 
20180616553 10 6 4 1 8 5 2 7 9 3 
20180616554 7 4 8 1 3 5 9 6 10 2 
20180616555 5 4 2 7 9 6 3 8 10 1 
20180616556 6 10 8 5 7 3 1 4 2 9 
20180616557 4 10 9 1 6 3 8 5 2 7 
20180616558 2 4 8 3 5 1 10 6 9 7 
20180616559 10 7 6 2 8 3 1 5 4 9 
20180616560 2 4 1 5 3 9 10 6 7 8 
20180616561 8 4 1 2 9 7 5 6 10 3 
20180616562 7 8 2 6 9 10 5 4 3 1 
20180616563 8 1 9 10 5 3 2 4 6 7 
20180616564 3 1 7 5 6 2 10 4 8 9 
20180616565 1 2 4 10 7 5 9 6 8 3 
20180616566 10 8 7 3 4 2 5 1 6 9 
20180616567 4 2 5 8 9 7 6 3 10 1 
20180616568 1 8 3 6 4 10 5 2 9 7 
20180616569 5 4 1 7 3 10 8 6 9 2 
20180616570 8 9 10 4 6 3 5 7 1 2 
20180616571 5 1 9 10 3 6 2 7 4 8 
20180616572 8 1 2 10 6 5 4 7 9 3 
20180616573 2 4 9 6 7 8 3 10 1 5 
20180616574 4 2 9 5 10 3 7 1 8 6 
20180616575 1 5 10 4 9 8 7 6 3 2 
20180616576 6 4 3 8 5 1 7 10 2 9 
20180616577 2 8 4 5 6 7 1 10 3 9 
20180616578 3 2 10 9 5 7 1 6 4 8 
20180616579 1 2 8 6 7 10 5 4 3 9 
20180616580 2 6 1 4 9 7 8 3 10 5 
20180616581 1 4 10 9 7 2 6 5 8 3 
20180616582 6 3 9 8 4 2 1 7 10 5 
20180616583 1 4 5 7 9 3 6 10 2 8 
20180616584 9 1 8 3 4 7 6 10 2 5 
20180616585 2 6 3 7 1 8 5 4 10 9 
20180616586 2 4 10 1 3 7 6 8 5 9 
20180616587 2 1 3 10 4 6 7 9 8 5 
20180616588 7 9 3 6 10 4 1 8 5 2 
20180616589 9 5 8 2 3 7 6 1 10 4 
20180616590 5 9 8 10 4 6 2 3 1 7 
20180616591 10 2 9 6 7 3 4 1 5 8 
20180616592 4 10 3 7 6 2 5 1 8 9 
20180616593 10 7 6 3 1 4 5 9 2 8 
20180616594 7 6 1 2 4 5 8 10 9 3 
20180616595 9 3 1 10 5 6 4 7 8 2 
20180616596 5 8 7 1 3 9 4 2 10 6 
20180616597 8 1 3 6 9 7 2 5 4 10 
20180616598 6 5 1 10 8 9 3 7 2 4 
20180616599 1 8 3 5 4 7 6 2 9 10 
20180616600 8 5 10 1 4 7 3 6 9 2 
20180616601 10 6 4 1 7 2 9 8 3 5 
20180616602 7 10 1 2 9 6 5 3 8 4 
20180616603 3 10 6 1 5 8 4 7 9 2 
20180616604 3 4 2 8 7 6 5 9 10 1 
20180616605 8 4 5 9 1 2 7 6 10 3 
20180616606 1 7 3 6 2 8 4 10 5 9 
20180616607 5 1 10 6 2 7 8 3 4 9 
20180616608 7 8 6 3 4 9 2 10 1 5 
20180616609 5 2 1 6 7 9 4 3 8 10 
20180616610 7 9 3 1 4 5 6 10 2 8 
20180616611 6 8 4 10 9 1 5 3 7 2 
20180616612 10 9 5 1 2 3 7 6 4 8 
20180616613 5 2 6 8 3 7 1 9 10 4 
20180616614 3 4 7 1 10 2 9 8 5 6 
20180616615 9 4 1 10 6 8 5 3 2 7 
20180616616 5 7 2 8 6 1 9 4 3 10 
20180616617 2 9 1 4 7 5 10 3 6 8 
20180616618 1 3 4 9 5 7 6 10 2 8 
20180616619 3 10 5 6 7 2 4 1 9 8 
20180616620 2 7 9 8 4 10 5 1 6 3 
20180616621 1 4 8 2 3 9 7 5 10 6 
20180616622 1 9 7 2 4 6 8 10 3 5 
20180616623 1 8 6 2 10 3 4 9 5 7 
20180616624 8 2 3 4 6 1 5 7 10 9 
20180616625 5 8 4 10 2 6 7 1 3 9 
20180616626 1 4 3 5 9 8 2 7 6 10 
20180616627 9 7 6 3 8 4 5 10 2 1 
20180616628 9 10 2 6 5 4 7 1 8 3 
20180616629 9 4 3 10 2 6 5 7 1 8 
20180616630 5 6 10 8 4 1 9 7 2 3 
20180616631 1 8 4 3 2 9 10 5 7 6 
20180616632 3 7 4 1 5 9 8 2 6 10 
20180616633 8 5 9 4 7 6 2 10 1 3 
20180616634 1 9 5 6 10 7 4 2 3 8 
20180616635 10 6 8 9 3 2 4 7 5 1 
20180616636 4 9 7 3 5 6 8 10 2 1 
20180616637 6 5 1 4 8 9 2 3 7 10 
20180616638 10 6 5 4 9 3 7 8 1 2 
20180616639 3 1 8 7 6 4 9 2 10 5 
20180616640 4 5 7 9 2 3 1 10 8 6 
20180616641 7 10 4 6 8 2 1 5 9 3 
20180616642 10 3 5 8 2 4 1 7 9 6 
20180616643 9 2 7 8 5 6 4 10 1 3 
20180616644 5 7 1 8 10 9 6 2 4 3 
20180616645 8 7 5 10 4 9 1 6 3 2 
20180616646 4 8 2 6 10 7 1 9 5 3 
20180616647 8 3 4 9 2 6 5 10 7 1 
20180616648 8 5 2 4 7 6 1 3 10 9 
20180616649 9 10 4 5 8 3 6 2 1 7 
20180616650 6 2 5 10 1 3 4 8 7 9 
20180616651 5 1 10 8 2 9 6 3 7 4 
20180616652 2 4 3 7 6 5 9 10 1 8 
20180616653 9 7 8 2 10 5 6 1 3 4 
20180616654 9 5 8 4 7 10 6 1 2 3 
20180616655 10 2 6 5 3 8 9 1 7 4 
20180616656 3 6 9 5 1 8 4 7 10 2 
20180616657 7 9 3 10 4 1 8 5 6 2 
20180616658 1 5 3 4 7 10 9 6 2 8 
20180616659 1 7 2 6 8 9 4 5 10 3 
20180616660 1 3 7 2 4 9 10 5 6 8 
20180616661 3 1 9 2 10 5 8 6 7 4 
20180616662 5 2 9 8 10 7 4 3 6 1 
20180616663 7 2 8 9 3 1 5 6 10 4 
20180616664 1 9 3 2 8 10 5 6 4 7 
20180616665 3 5 9 4 2 10 8 1 7 6 
20180616666 2 1 7 8 9 4 10 5 3 6 
20180616667 3 10 6 9 5 2 4 1 8 7 
20180616668 4 9 3 10 6 1 7 5 2 8 
20180616669 4 9 2 10 1 6 5 7 8 3 
20180616670 3 6 4 5 10 1 8 2 7 9 
20180616671 7 1 10 9 5 2 4 6 3 8 
20180616672 6 10 1 9 3 8 2 5 7 4 
20180616673 7 2 1 9 8 5 10 6 4 3 
20180616674 3 1 7 6 9 5 8 2 10 4 
20180616675 4 10 3 8 5 9 6 7 2 1 
20180616676 10 5 7 8 2 3 1 6 4 9 
20180616677 9 1 10 8 5 2 7 4 3 6 
20180616678 3 2 10 8 7 4 6 5 9 1 
20180616679 6 2 8 7 9 4 1 5 3 10 
20180616680 10 4 6 2 5 1 7 9 3 8 
20180616681 3 2 10 7 8 6 4 9 5 1 
20180616682 9 3 6 4 10 7 5 2 8 1 
20180616683 5 7 3 2 4 9 10 1 6 8 
20180616684 7 10 8 3 1 6 9 2 4 5 
20180616685 7 2 4 5 6 3 10 1 8 9 
20180616686 6 5 3 1 4 7 10 2 9 8 
20180616687 7 10 2 8 3 5 4 1 9 6 
20180616688 10 9 5 6 1 8 3 2 7 4 
20180616689 9 1 8 7 5 6 3 10 4 2 
20180616690 6 4 9 7 8 10 1 5 3 2 
20180616691 2 4 10 9 7 3 6 1 8 5 
20180616692 1 3 4 5 6 2 10 7 8 9 
20180616693 6 8 5 10 4 3 1 2 9 7 
20180616694 2 7 6 9 4 8 5 10 1 3 
20180616695 3 10 6 7 8 1 9 2 5 4 
20180616696 7 2 10 4 6 3 5 8 1 9 
20180616697 10 4 3 1 2 7 5 6 8 9 
20180616698 9 4 8 5 7 3 6 2 10 1 
20180616699 9 8 3 4 5 2 6 1 10 7 
20180616700 1 8 3 5 4 10 7 9 6 2 
20180616701 6 3 5 9 7 10 1 8 2 4 
20180616702 3 7 2 8 10 6 5 1 9 4 
20180616703 10 9 8 1 7 2 4 5 6 3 
20180616704 6 10 1 2 3 9 4 7 5 8 
20180616705 6 8 1 9 2 4 10 5 7 3 
20180616706 6 4 8 1 9 5 2 7 3 10 
20180616707 10 7 1 6 2 3 5 9 4 8 
20180616708 8 9 2 5 10 6 7 4 3 1 
20180616709 4 9 7 10 6 3 2 1 8 5 
20180616710 2 10 8 1 4 5 3 7 9 6 
20180616711 6 10 3 5 7 2 9 1 4 8 
20180616712 10 7 4 1 5 3 8 6 9 2 
20180616713 8 5 3 10 2 9 1 6 4 7 
20180616714 5 7 4 8 6 1 10 9 3 2 
20180616715 3 5 7 2 4 10 1 6 9 8 
20180616716 9 7 1 8 4 6 10 3 5 2 
20180616717 4 10 3 7 8 6 1 5 9 2 
20180616718 9 6 7 4 1 2 10 3 8 5 
20180616719 8 2 7 6 4 5 10 9 1 3 
20180616720 9 4 3 7 8 1 6 10 2 5 
20180616721 2 1 5 6 8 4 3 7 9 10 
20180616722 2 10 3 9 6 5 4 7 1 8 
20180616723 8 9 10 6 2 3 1 5 7 4 
20180616724 8 3 9 5 2 4 6 10 1 7 
20180616725 9 6 8 10 4 3 5 1 2 7 
20180616726 7 1 5 10 6 9 4 2 3 8 
20180616727 7 3 4 5 9 2 10 1 6 8 
20180616728 5 6 9 10 3 4 7 1 2 8 
20180616729 10 3 8 9 2 7 6 5 1 4 
20180616730 1 4 5 10 8 3 9 7 6 2 
20180616731 3 7 4 2 5 10 9 8 1 6 
20180616732 6 3 7 9 1 4 5 8 2 10 
20180616733 4 1 2 9 6 10 8 7 5 3 
20180616734 10 3 7 4 6 5 8 9 1 2 
20180616735 6 1 9 4 3 7 10 8 5 2 
20180616736 5 1 8 2 10 4 3 6 9 7 
20180616737 9 10 8 7 1 5 3 6 2 4 
20180616738 9 4 1 5 6 10 7 2 3 8 
20180616739 8 1 4 6 9 7 3 2 5 10 
20180616740 7 2 5 6 4 1 8 3 9 10 
20180616741 6 4 9 3 7 2 10 8 5 1 
20180616742 2 9 10 7 8 3 1 4 5 6 
20180616743 1 5 8 6 10 9 4 7 3 2 
20180616744 10 8 6 4 2 1 9 3 5 7 
20180616745 2 5 7 8 4 1 9 3 6 10 
20180616746 10 3 2 6 4 8 1 9 5 7 
20180616747 1 3 5 9 10 2 6 8 4 7 
20180616748 7 2 1 3 10 5 4 9 6 8 
20180616749 9 6 5 4 3 1 8 10 2 7 
20180616750 6 5 10 9 1 7 4 3 2 8 
20180616751 5 10 9 8 3 7 4 1 2 6 
20180616752 5 6 7 2 1 4 8 10 3 9 
20180616753 3 1 7 4 8 5 9 6 2 10 
20180616754 8 3 7 10 2 9 4 1 6 5 
20180616755 6 1 2 7 8 3 4 10 5 9 
20180616756 8 4 7 5 10 2 9 6 1 3 
20180616757 4 9 5 8 10 7 2 1 6 3 
20180616758 1 4 7 5 10 6 2 9 8 3 
20180616759 3 8 4 7 2 10 1 6 9 5 
20180616760 9 8 7 6 3 10 2 4 1 5 
20180616761 9 10 7 2 8 4 3 1 5 6 
20180616762 3 5 9 8 2 4 10 1 6 7 
20180616763 10 1 8 5 2 7 9 4 6 3 
20180616764 10 4 1 6 9 7 5 8 3 2 
20180616765 7 9 1 6 10 4 3 2 8 5 
20180616766 3 4 2 6 1 7 5 9 8 10 
20180616767 9 2 7 3 8 10 1 4 5 6 
20180616768 6 5 2 4 8 9 3 10 1 7 
20180616769 6 4 7 3 10 9 2 5 8 1 
20180616770 5 9 7 1 6 10 3 8 4 2 
20180616771 7 9 3 10 1 5 8 6 4 2 
20180616772 1 4 3 2 5 10 6 9 8 7 
20180616773 6 1 2 5 3 4 8 10 9 7 
20180616774 6 1 5 3 2 7 4 8 9 10 
20180616775 5 3 9 6 8 1 7 2 4 10 
20180616776 9 4 8 3 10 6 1 7 5 2 
20180616777 9 10 7 6 5 3 1 2 4 8 
20180616778 9 4 6 10 3 2 7 8 5 1 
20180616779 6 5 4 1 9 3 2 10 8 7 
20180616780 9 6 1 5 7 8 2 3 4 10 
20180616781 2 3 8 10 7 4 6 1 5 9 
20180616782 7 8 3 4 5 6 1 9 2 10 
20180616783 8 1 9 7 5 4 3 2 10 6 
20180616784 1 2 10 6 7 3 9 8 4 5 
20180616785 10 5 7 9 2 6 1 4 3 8 
20180616786 10 7 4 1 9 6 3 5 2 8 
20180616787 10 7 2 9 6 8 4 3 5 1 
20180616788 2 6 4 5 10 9 8 3 7 1 
20180616789 3 10 2 5 4 8 1 6 9 7 
20180616790 1 3 5 10 8 6 2 9 7 4 
20180616791 1 3 2 4 10 8 7 9 5 6 
20180616792 6 4 9 2 7 5 3 1 10 8 
20180616793 5 1 7 8 3 10 9 4 2 6 
20180616794 5 8 2 9 1 6 4 7 3 10 
20180616795 5 2 9 8 3 1 6 4 10 7 
20180616796 8 3 7 9 10 4 5 6 2 1 
20180616797 9 2 10 1 6 5 4 8 3 7 
20180616798 4 1 5 7 10 8 2 3 9 6 
20180616799 2 5 9 10 7 6 4 1 3 8 
20180616800 6 9 2 3 8 4 10 1 7 5 
20180616801 2 4 6 7 1 3 10 8 5 9 
20180616802 10 9 8 5 2 3 6 1 4 7 
20180616803 3 8 5 7 9 1 4 2 6 10 
20180616804 6 7 8 2 5 1 3 10 4 9 
20180616805 7 1 6 5 4 8 10 2 9 3 
20180616806 8 3 10 1 5 2 7 4 9 6 
20180616807 6 4 9 1 10 7 8 5 3 2 
20180616808 4 2 6 5 9 3 7 8 1 10 
20180616809 2 9 7 1 6 8 4 3 5 10 
20180616810 9 3 5 8 1 6 7 4 2 10 
20180616811 8 3 9 1 4 6 10 5 7 2 
20180616812 6 10 2 9 4 1 5 3 8 7 
20180616813 2 10 9 8 3 7 1 5 6 4 
20180616814 6 1 2 8 3 7 4 10 9 5 
20180616815 2 4 1 8 5 6 7 10 3 9 
20180616816 2 9 1 10 3 6 4 8 7 5 
20180616817 2 4 1 6 7 10 3 9 8 5 
20180616818 6 9 4 3 1 2 10 8 7 5 
20180616819 5 4 6 7 1 9 2 3 10 8 
20180616820 4 7 2 1 5 8 10 3 9 6 
20180616821 2 9 1 3 7 10 6 8 5 4 
20180616822 10 7 8 6 2 4 9 3 5 1 
20180616823 7 3 10 6 2 8 4 9 5 1 
20180616824 5 4 10 7 6 1 3 9 2 8 
20180616825 8 6 2 5 9 3 7 1 10 4 
20180616826 8 4 1 6 2 3 7 5 9 10 
20180616827 6 5 3 7 1 4 9 8 10 2 
20180616828 4 10 5 7 6 8 3 2 1 9 
20180616829 7 5 9 10 2 8 4 3 1 6 
20180616830 8 9 10 7 4 3 6 5 1 2 
20180616831 9 4 6 5 10 8 7 2 3 1 
20180616832 5 7 2 6 10 1 3 9 8 4 
20180616833 10 6 9 5 4 1 7 2 8 3 
20180616834 2 5 4 8 7 10 3 6 1 9 
20180616835 4 8 7 9 10 5 3 1 6 2 
20180616836 3 1 5 9 4 10 6 2 7 8 
20180616837 1 2 4 5 9 10 6 7 3 8 
20180616838 6 9 10 4 1 7 5 2 8 3 
20180616839 7 2 8 1 3 4 5 6 9 10 
20180616840 5 3 10 2 1 6 7 9 8 4 
20180616841 1 9 4 10 5 7 8 2 6 3 
20180616842 2 5 6 4 10 9 7 8 3 1 
20180616843 6 9 8 5 4 2 3 7 1 10 
20180616844 10 9 4 8 7 3 6 5 1 2 
20180616845 7 3 1 6 4 8 9 5 10 2 
20180616846 1 6 7 3 10 8 9 4 2 5 
20180616847 9 8 3 6 5 1 2 4 10 7 
20180616848 9 6 3 8 1 2 10 5 7 4 
20180616849 5 6 2 10 7 8 1 9 4 3 
20180616850 3 1 4 7 6 9 2 8 10 5 
20180616851 5 10 3 8 6 2 1 4 7 9 
20180616852 9 6 7 4 5 2 10 8 1 3 
20180616853 1 8 6 3 9 2 10 5 4 7 
20180616854 5 1 10 3 8 7 2 4 9 6 
20180616855 7 6 9 4 2 3 8 1 10 5 
20180616856 7 4 3 1 6 9 10 5 2 8 
20180616857 4 7 10 6 3 1 9 2 8 5 
20180616858 10 1 5 6 3 2 7 4 8 9 
20180616859 3 4 6 5 8 7 9 2 1 10 
20180616860 1 10 6 7 3 8 5 2 9 4 
20180616861 3 1 9 8 7 2 6 5 10 4 
20180616862 7 5 2 8 1 3 9 4 10 6 
20180616863 2 3 7 5 1 10 4 9 8 6 
20180616864 8 10 9 5 7 2 1 3 6 4 
20180616865 10 9 4 2 8 5 3 1 6 7 
20180616866 9 4 3 10 8 5 7 2 6 1 
20180616867 7 10 1 2 6 5 3 9 4 8 
20180616868 3 8 9 7 6 1 4 10 5 2 
20180616869 2 1 7 8 4 5 6 9 3 10 
20180616870 1 9 2 3 5 7 8 6 10 4 
20180616871 3 8 5 9 7 2 6 1 4 10 
20180616872 1 6 9 5 10 2 7 3 8 4 
20180616873 8 10 3 2 4 7 6 5 1 9 
20180616874 3 9 10 5 4 7 2 8 1 6 
20180616875 6 3 8 1 2 9 4 10 7 5 
20180616876 6 1 2 5 9 3 8 10 7 4 
20180616877 5 8 3 9 2 7 1 4 6 10 
20180616878 9 7 6 2 10 1 4 5 3 8 
20180616879 8 10 7 5 4 9 2 3 6 1 
20180616880 2 9 6 4 3 1 8 7 10 5 
20180616881 6 3 4 8 5 10 1 9 2 7 
20180616882 10 1 4 3 9 5 6 8 2 7 
20180616883 2 8 9 6 1 3 4 5 10 7 
20180616884 7 4 8 9 3 6 2 1 10 5 
20180616885 7 9 2 3 6 5 1 10 8 4 
20180616886 6 9 3 5 4 10 8 2 7 1 
20180616887 4 3 10 1 8 5 7 6 2 9 
20180616888 10 1 5 7 8 6 4 9 3 2 
20180616889 1 10 6 9 7 4 3 2 5 8 
20180616890 10 2 8 5 7 4 1 3 9 6 
20180616891 3 4 8 5 1 6 7 9 10 2 
20180616892 3 8 2 1 4 5 6 10 7 9 
20180616893 3 9 5 4 6 2 7 8 10 1 
20180616894 10 9 3 8 2 5 4 6 7 1 
20180616895 4 7 8 10 9 5 2 3 6 1 
20180616896 8 6 3 4 2 5 7 1 9 10 
20180616897 4 2 10 8 5 1 7 6 3 9 
20180616898 8 3 9 7 4 10 1 6 5 2 
20180616899 10 5 4 9 7 1 2 8 3 6 
20180616900 8 4 7 3 10 5 9 1 2 6 
20180616901 3 7 1 2 10 8 4 5 6 9 
20180616902 2 7 9 8 10 6 3 4 5 1 
20180616903 7 4 3 9 5 1 8 10 2 6 
20180616904 3 9 2 8 1 7 4 10 6 5 
20180616905 7 8 9 4 1 10 2 5 6 3 
20180616906 5 10 2 3 1 8 7 9 6 4 
20180616907 3 5 1 9 4 10 2 6 8 7 
20180616908 9 8 1 7 3 5 2 10 4 6 
20180616909 7 3 4 2 1 8 10 5 9 6 
20180616910 7 5 10 3 1 8 9 2 4 6 
20180616911 4 2 1 3 6 7 8 5 10 9 
20180616912 4 1 8 9 3 5 10 6 2 7 
20180616913 3 1 5 10 2 8 9 7 6 4 
20180616914 1 8 10 5 7 2 3 6 9 4 
20180616915 8 1 9 6 5 7 3 2 10 4 
20180616916 1 4 9 6 5 2 10 8 3 7 
20180616917 10 2 3 7 5 9 8 6 4 1 
20180616918 7 5 1 2 8 9 3 6 4 10 
20180616919 3 6 8 4 10 9 2 7 1 5 
20180616920 4 3 10 1 6 8 2 5 7 9 
20180616921 5 8 4 3 9 2 7 6 10 1 
20180616922 7 10 5 6 8 1 9 3 2 4 
20180616923 3 1 9 10 2 7 6 5 8 4 
20180616924 10 9 5 6 7 4 2 3 8 1 
20180616925 5 3 6 2 1 10 7 9 8 4 
20180616926 6 5 2 4 3 7 1 9 10 8 
20180616927 5 10 9 2 3 7 4 8 6 1 
20180616928 8 5 9 6 10 4 3 7 1 2 
20180616929 7 3 5 10 2 8 6 9 1 4 
20180616930 6 7 9 5 8 10 2 4 1 3 
20180616931 6 8 2 1 10 3 4 5 7 9 
20180616932 4 10 8 2 6 9 5 3 7 1 
20180616933 7 9 5 8 3 1 6 2 10 4 
20180616934 6 9 4 5 7 3 8 1 10 2 
20180616935 2 4 1 7 6 3 8 10 9 5 
20180616936 1 8 7 3 9 4 2 5 10 6 
20180616937 3 8 6 5 10 1 2 4 7 9 
20180616938 6 5 1 7 9 4 3 2 8 10 
20180616939 8 4 6 9 2 5 1 7 10 3 
20180616940 4 10 6 3 8 7 1 2 5 9 
20180616941 10 2 6 5 8 7 4 9 3 1 
20180616942 1 10 6 4 9 8 3 2 5 7 
20180616943 1 2 9 3 5 7 10 6 8 4 
20180616944 8 3 1 9 6 5 10 2 7 4 
20180616945 7 5 3 1 4 10 6 8 9 2 
20180616946 9 7 3 10 6 8 2 4 5 1 
20180616947 4 3 8 10 2 6 1 7 9 5 
20180616948 7 4 6 10 2 9 1 5 3 8 
20180616949 7 5 8 9 10 6 4 2 3 1 
20180616950 10 6 7 2 9 4 5 8 3 1 
20180616951 2 3 7 9 10 8 6 1 5 4 
20180616952 9 8 7 2 10 6 4 3 5 1 
20180616953 7 10 5 3 9 8 2 6 1 4 
20180616954 7 9 8 10 3 5 2 1 4 6 
20180616955 8 6 2 7 3 1 9 5 4 10 
20180616956 4 1 2 10 3 8 7 6 5 9 
20180616957 2 10 3 8 9 6 5 7 1 4 
20180616958 4 8 9 10 7 6 1 3 5 2 
20180616959 7 6 9 2 5 8 3 4 1 10 
20180616960 2 3 9 5 7 6 4 8 1 10 
20180616961 8 6 1 10 4 7 3 2 9 5 
20180616962 7 4 10 3 1 9 2 6 8 5 
20180616963 4 5 1 3 2 7 6 8 10 9 
20180616964 9 2 7 10 1 6 8 3 5 4 
20180616965 8 1 10 7 4 9 6 3 5 2 
20180616966 4 6 10 7 3 1 8 2 9 5 
20180616967 1 3 10 6 4 2 7 9 5 8 
20180616968 4 1 9 5 2 3 10 7 6 8 
20180616969 4 7 3 6 2 1 8 9 5 10 
20180616970 7 9 10 2 3 4 1 8 5 6 
20180616971 6 2 8 5 9 3 4 7 10 1 
20180616972 3 9 4 10 2 7 5 1 6 8 
20180616973 10 4 5 6 7 1 9 8 3 2 
20180616974 4 1 6 5 7 2 8 10 3 9 
20180616975 8 7 5 3 6 2 4 9 10 1 
20180616976 5 9 1 4 2 6 10 8 7 3 
20180616977 3 10 9 6 1 4 5 8 7 2 
20180616978 9 1 6 2 5 3 8 10 4 7 
20180616979 5 6 8 9 1 3 7 2 10 4 
20180616980 5 1 3 4 10 7 2 9 8 6 
20180616981 10 2 4 7 5 6 3 8 1 9 
20180616982 1 7 8 4 6 3 5 9 10 2 
20180616983 4 6 3 7 2 9 8 5 1 10 
20180616984 3 4 5 2 9 7 10 6 1 8 
20180616985 9 1 4 7 6 5 2 10 3 8 
