20180602001 10 5 2 3 1 9 4 8 6 7 
20180602002 3 10 6 7 4 9 1 5 2 8 
20180602003 3 5 10 9 1 7 6 2 8 4 
20180602004 10 7 5 2 6 3 8 4 1 9 
20180602005 2 6 1 9 10 3 7 5 8 4 
20180602006 1 3 4 9 8 7 6 10 5 2 
20180602007 2 7 9 5 3 4 1 8 10 6 
20180602008 5 9 2 8 1 7 4 10 6 3 
20180602009 3 5 8 6 9 7 10 4 1 2 
20180602010 2 4 8 3 6 10 7 5 1 9 
20180602011 5 2 6 1 9 4 10 7 3 8 
20180602012 3 4 7 10 1 6 9 5 2 8 
20180602013 7 9 3 1 8 2 6 4 5 10 
20180602014 3 5 2 6 7 10 9 1 8 4 
20180602015 7 2 3 6 10 8 5 1 4 9 
20180602016 10 5 6 7 4 1 8 2 9 3 
20180602017 6 2 7 1 3 4 10 5 9 8 
20180602018 6 3 4 2 9 8 10 1 7 5 
20180602019 2 7 8 10 3 6 9 1 5 4 
20180602020 5 4 7 8 2 9 10 6 1 3 
20180602021 6 5 7 3 4 8 2 10 9 1 
20180602022 1 9 2 8 5 7 6 4 10 3 
20180602023 6 2 3 7 8 9 1 10 4 5 
20180602024 9 7 4 2 8 3 5 1 6 10 
20180602025 6 1 8 4 3 9 2 5 10 7 
20180602026 3 10 4 8 7 5 2 1 9 6 
20180602027 4 10 5 6 7 8 2 9 1 3 
20180602028 9 4 2 5 3 8 10 7 6 1 
20180602029 6 7 5 1 10 3 9 4 8 2 
20180602030 4 5 8 9 1 3 7 10 6 2 
20180602031 10 3 1 8 2 4 5 7 6 9 
20180602032 10 4 7 1 9 2 5 3 6 8 
20180602033 5 2 1 9 3 6 7 4 10 8 
20180602034 8 4 1 9 5 10 7 6 3 2 
20180602035 10 1 3 9 8 2 4 7 6 5 
20180602036 3 1 5 6 8 4 9 7 10 2 
20180602037 9 2 6 3 5 4 1 8 10 7 
20180602038 3 7 5 10 6 8 9 2 1 4 
20180602039 1 5 9 10 7 8 3 2 4 6 
20180602040 3 7 6 2 1 4 10 5 8 9 
20180602041 1 3 6 2 5 7 10 8 4 9 
20180602042 10 6 9 8 5 4 1 2 3 7 
20180602043 2 1 10 6 4 3 7 8 9 5 
20180602044 4 9 3 6 2 7 5 1 10 8 
20180602045 10 9 8 4 1 2 3 6 5 7 
20180602046 2 4 7 1 8 10 3 9 5 6 
20180602047 6 5 10 1 2 3 4 9 7 8 
20180602048 9 6 10 2 4 8 1 7 3 5 
20180602049 10 4 2 1 8 9 7 6 3 5 
20180602050 7 9 10 2 8 5 6 3 4 1 
20180602051 10 7 4 1 9 6 5 8 3 2 
20180602052 3 2 1 8 5 4 10 9 6 7 
20180602053 8 10 5 7 3 6 4 9 1 2 
20180602054 7 1 10 3 8 9 5 6 2 4 
20180602055 10 3 8 1 4 5 7 9 6 2 
20180602056 10 5 4 6 7 3 2 9 8 1 
20180602057 8 6 2 7 4 3 1 5 9 10 
20180602058 7 1 2 3 10 4 5 6 9 8 
20180602059 3 9 8 5 10 4 7 2 6 1 
20180602060 4 10 9 8 5 2 1 7 6 3 
20180602061 5 4 1 10 8 3 2 7 9 6 
20180602062 6 4 5 8 10 9 1 7 2 3 
20180602063 7 9 3 5 6 8 2 10 1 4 
20180602064 7 9 6 8 4 5 1 10 3 2 
20180602065 2 4 9 5 7 8 1 3 6 10 
20180602066 7 6 2 3 1 4 9 8 10 5 
20180602067 5 4 2 3 10 8 9 1 7 6 
20180602068 7 2 8 10 4 3 5 9 6 1 
20180602069 9 2 3 1 10 7 8 4 5 6 
20180602070 8 9 2 3 7 10 4 1 6 5 
20180602071 5 6 8 1 4 9 7 2 10 3 
20180602072 6 1 5 4 7 9 2 10 3 8 
20180602073 2 6 10 5 8 3 1 7 4 9 
20180602074 4 10 7 2 5 8 6 1 3 9 
20180602075 9 4 1 10 7 2 5 3 8 6 
20180602076 2 6 10 5 4 8 3 9 7 1 
20180602077 8 4 5 9 2 6 7 10 3 1 
20180602078 7 1 5 2 10 8 4 3 6 9 
20180602079 8 3 10 9 7 5 2 1 6 4 
20180602080 3 7 2 1 8 10 9 5 4 6 
20180602081 6 3 9 7 2 4 10 1 5 8 
20180602082 8 1 7 3 4 2 6 9 10 5 
20180602083 5 4 7 10 6 9 2 1 3 8 
20180602084 2 9 7 5 6 3 8 1 10 4 
20180602085 10 8 4 5 3 7 2 6 9 1 
20180602086 4 7 10 6 1 9 5 2 3 8 
20180602087 5 4 10 6 1 3 9 2 8 7 
20180602088 6 4 2 8 9 7 3 5 1 10 
20180602089 3 9 6 1 5 8 2 7 4 10 
20180602090 7 6 9 2 8 4 5 3 1 10 
20180602091 1 10 6 9 7 8 5 4 3 2 
20180602092 8 7 2 10 6 3 1 9 4 5 
20180602093 7 2 1 5 6 10 8 9 3 4 
20180602094 7 2 9 10 5 4 6 8 1 3 
20180602095 3 8 10 4 2 6 5 1 7 9 
20180602096 3 4 1 5 8 7 6 2 9 10 
20180602097 7 2 1 8 6 9 4 5 3 10 
20180602098 8 5 7 10 3 4 2 1 9 6 
20180602099 4 10 3 7 8 5 9 2 6 1 
20180602100 1 8 5 4 6 7 3 9 10 2 
20180602101 2 5 1 6 9 8 7 4 3 10 
20180602102 1 2 5 8 6 10 3 7 4 9 
20180602103 7 5 6 3 9 1 2 10 4 8 
20180602104 1 5 9 8 6 3 2 7 4 10 
20180602105 7 3 2 8 5 10 4 6 1 9 
20180602106 10 3 6 7 8 9 2 1 4 5 
20180602107 3 9 8 1 2 6 10 4 5 7 
20180602108 5 4 2 3 10 1 9 6 8 7 
20180602109 6 8 5 10 2 7 4 1 9 3 
20180602110 1 6 2 7 9 5 4 10 3 8 
20180602111 7 8 5 9 10 3 1 6 4 2 
20180602112 7 6 9 5 10 3 4 2 1 8 
20180602113 9 3 10 2 7 6 5 8 4 1 
20180602114 9 7 6 1 5 10 3 2 4 8 
20180602115 5 2 6 3 4 8 7 1 9 10 
20180602116 7 10 3 8 6 5 9 1 2 4 
20180602117 8 1 2 3 4 6 7 10 9 5 
20180602118 3 9 1 8 2 4 10 7 5 6 
20180602119 4 1 10 8 7 9 2 3 5 6 
20180602120 9 3 1 10 8 7 2 6 4 5 
20180602121 3 4 2 7 1 6 5 9 10 8 
20180602122 9 8 5 4 3 10 2 1 7 6 
20180602123 5 4 8 9 1 7 6 3 10 2 
20180602124 8 2 10 4 9 6 1 5 3 7 
20180602125 5 7 3 1 4 6 8 9 2 10 
20180602126 8 5 7 2 4 3 1 9 6 10 
20180602127 9 1 6 10 4 7 8 2 5 3 
20180602128 4 3 8 5 1 9 2 6 7 10 
20180602129 10 2 9 1 4 7 8 5 3 6 
20180602130 6 9 8 5 7 4 3 2 1 10 
20180602131 4 6 7 8 5 1 10 9 3 2 
20180602132 2 3 10 4 7 6 8 9 5 1 
20180602133 6 10 8 2 5 4 7 3 1 9 
20180602134 10 6 1 9 4 3 2 5 7 8 
20180602135 3 6 1 5 4 8 7 10 9 2 
20180602136 10 9 7 6 2 8 3 1 5 4 
20180602137 2 9 8 5 6 7 3 4 1 10 
20180602138 9 5 1 8 4 2 10 7 3 6 
20180602139 6 1 2 9 4 5 3 10 8 7 
20180602140 5 7 9 1 4 10 8 3 6 2 
20180602141 2 7 1 8 4 3 10 5 6 9 
20180602142 5 9 4 10 8 7 1 2 6 3 
20180602143 6 2 8 7 1 9 4 10 5 3 
20180602144 4 2 9 10 1 5 7 8 3 6 
20180602145 7 4 2 1 10 8 9 6 5 3 
20180602146 10 9 4 5 8 7 2 6 3 1 
20180602147 10 5 8 3 9 7 2 6 4 1 
20180602148 7 1 5 8 10 4 2 9 6 3 
20180602149 3 10 9 4 1 8 5 7 6 2 
20180602150 4 7 2 10 5 8 6 1 3 9 
20180602151 3 7 9 2 10 6 1 5 4 8 
20180602152 7 4 1 5 6 2 9 3 10 8 
20180602153 2 3 7 8 6 10 4 9 5 1 
20180602154 2 4 1 7 9 10 8 3 6 5 
20180602155 6 3 8 10 9 1 7 2 4 5 
20180602156 2 9 4 8 1 6 3 5 10 7 
20180602157 9 3 7 1 8 4 6 5 2 10 
20180602158 9 2 8 3 5 4 10 6 7 1 
20180602159 10 5 8 9 1 4 2 6 3 7 
20180602160 4 6 2 10 8 9 3 1 5 7 
20180602161 2 6 7 8 9 10 3 1 5 4 
20180602162 9 3 1 4 8 6 10 5 2 7 
20180602163 7 6 10 9 5 2 4 1 8 3 
20180602164 2 7 9 3 1 5 10 8 4 6 
20180602165 9 7 4 8 2 1 6 5 10 3 
20180602166 3 4 1 6 7 10 8 5 2 9 
20180602167 3 10 9 7 8 1 5 2 4 6 
20180602168 2 6 5 3 4 7 1 9 10 8 
20180602169 3 7 6 5 2 4 8 1 9 10 
20180602170 2 3 1 9 7 5 10 4 8 6 
20180602171 2 1 7 3 5 6 10 8 9 4 
20180602172 2 4 6 9 3 10 5 1 8 7 
20180602173 7 8 6 2 9 1 10 5 4 3 
20180602174 4 7 2 6 3 10 9 8 1 5 
20180602175 6 9 2 3 8 1 7 4 5 10 
20180602176 2 7 8 3 10 6 1 5 9 4 
20180602177 4 1 3 2 10 5 7 8 6 9 
20180602178 8 10 5 4 6 7 1 3 2 9 
20180602179 4 3 9 1 6 5 10 8 7 2 
20180602180 8 1 4 3 2 10 7 5 6 9 
20180602181 5 10 9 4 3 1 7 8 6 2 
20180602182 7 10 4 6 2 8 9 5 1 3 
20180602183 4 9 5 6 3 10 8 7 1 2 
20180602184 6 3 5 2 8 4 9 1 7 10 
20180602185 5 9 3 2 1 8 6 7 10 4 
20180602186 1 6 4 8 3 5 9 2 7 10 
20180602187 8 6 7 1 9 2 3 4 10 5 
20180602188 1 5 6 2 8 3 4 9 10 7 
20180602189 7 5 1 2 6 3 4 9 8 10 
20180602190 3 9 2 7 8 5 6 4 10 1 
20180602191 4 10 7 6 1 8 9 3 2 5 
20180602192 5 6 4 10 7 2 3 1 8 9 
20180602193 10 3 1 8 9 7 6 4 2 5 
20180602194 10 3 8 1 4 9 6 7 5 2 
20180602195 3 7 9 6 5 4 2 1 8 10 
20180602196 1 8 7 10 4 5 6 9 2 3 
20180602197 7 5 10 9 3 6 2 1 8 4 
20180602198 4 8 1 10 2 6 5 9 7 3 
20180602199 1 5 6 3 4 10 9 2 8 7 
20180602200 2 8 1 6 5 7 9 4 10 3 
20180602201 4 3 8 10 2 6 9 7 1 5 
20180602202 4 1 10 2 6 5 8 3 9 7 
20180602203 3 2 7 4 5 1 6 10 8 9 
20180602204 1 10 2 9 4 6 7 8 3 5 
20180602205 2 6 10 4 8 5 7 3 1 9 
20180602206 3 1 10 9 2 5 4 6 8 7 
20180602207 9 6 2 1 5 8 10 3 7 4 
20180602208 5 8 6 9 4 3 10 7 2 1 
20180602209 8 10 1 6 2 4 9 5 3 7 
20180602210 1 6 5 9 3 8 4 7 10 2 
20180602211 8 7 10 9 6 3 2 1 4 5 
20180602212 7 6 1 10 2 3 4 5 8 9 
20180602213 1 9 5 4 3 10 7 8 6 2 
20180602214 8 3 6 5 1 2 4 10 9 7 
20180602215 9 7 3 5 1 4 6 10 8 2 
20180602216 7 4 5 10 6 8 1 9 2 3 
20180602217 10 3 6 1 8 9 2 7 5 4 
20180602218 3 4 5 7 6 10 1 9 8 2 
20180602219 5 1 9 2 8 6 3 7 4 10 
20180602220 3 9 4 8 10 1 5 6 2 7 
20180602221 1 3 2 5 6 8 9 4 7 10 
20180602222 9 10 2 6 7 5 4 8 1 3 
20180602223 1 6 10 7 5 3 2 9 4 8 
20180602224 1 3 8 2 9 6 10 5 7 4 
20180602225 1 4 2 5 6 7 10 9 3 8 
20180602226 9 6 1 5 10 2 7 8 3 4 
20180602227 9 2 6 5 7 4 10 3 1 8 
20180602228 1 3 4 5 9 8 10 7 6 2 
20180602229 4 2 8 3 9 5 7 10 6 1 
20180602230 5 9 10 1 2 4 8 7 3 6 
20180602231 9 10 1 6 3 5 4 2 8 7 
20180602232 3 4 5 8 6 2 7 10 9 1 
20180602233 7 6 9 10 2 3 1 8 5 4 
20180602234 10 3 2 5 6 9 1 4 7 8 
20180602235 6 1 7 2 9 10 3 5 8 4 
20180602236 8 5 1 3 9 10 4 6 2 7 
20180602237 7 8 6 1 9 10 5 2 4 3 
20180602238 7 5 6 8 9 10 1 3 4 2 
20180602239 10 9 4 6 2 7 8 1 3 5 
20180602240 2 4 3 1 10 7 6 5 8 9 
20180602241 8 4 2 3 6 1 10 9 7 5 
20180602242 9 3 5 7 1 8 2 10 4 6 
20180602243 5 3 2 6 9 4 10 1 7 8 
20180602244 3 10 9 6 2 7 4 8 1 5 
20180602245 1 2 7 10 3 8 5 4 6 9 
20180602246 4 5 7 8 9 3 2 6 10 1 
20180602247 3 7 9 6 10 4 2 5 8 1 
20180602248 9 10 7 1 3 4 5 6 2 8 
20180602249 5 1 4 6 2 10 7 8 3 9 
20180602250 1 5 7 3 4 8 2 10 9 6 
20180602251 1 3 2 7 6 9 8 4 10 5 
20180602252 3 9 6 2 8 10 4 7 1 5 
20180602253 8 3 1 2 6 9 4 5 7 10 
20180602254 2 7 10 1 9 8 4 3 5 6 
20180602255 3 7 6 2 9 4 8 1 5 10 
20180602256 3 7 1 5 9 10 4 6 8 2 
20180602257 5 2 3 10 8 7 4 9 1 6 
20180602258 1 3 10 5 9 7 2 8 6 4 
20180602259 7 4 9 2 5 3 8 10 6 1 
20180602260 5 10 7 1 6 8 9 3 4 2 
20180602261 9 2 5 6 8 4 7 10 3 1 
20180602262 7 10 8 6 2 1 5 3 9 4 
20180602263 5 6 3 7 1 2 4 10 9 8 
20180602264 1 9 3 6 10 4 2 8 5 7 
20180602265 1 10 4 8 7 6 5 9 2 3 
20180602266 5 2 7 3 6 9 8 10 1 4 
20180602267 1 6 5 3 8 7 2 9 4 10 
20180602268 1 8 5 6 7 2 10 9 3 4 
20180602269 2 7 5 9 10 6 1 8 4 3 
20180602270 3 2 5 9 7 6 8 4 1 10 
20180602271 4 5 1 6 8 10 7 9 2 3 
20180602272 2 4 6 5 3 8 9 10 1 7 
20180602273 4 10 5 1 6 9 7 8 3 2 
20180602274 4 9 8 7 5 1 10 2 3 6 
20180602275 7 6 5 4 8 1 2 3 10 9 
20180602276 5 6 3 9 1 4 7 8 10 2 
20180602277 8 2 4 10 1 3 7 9 6 5 
20180602278 3 9 8 7 2 4 10 5 6 1 
20180602279 5 6 1 8 9 3 2 10 7 4 
20180602280 8 4 3 7 1 5 9 10 2 6 
20180602281 5 8 1 10 4 2 7 6 9 3 
20180602282 1 6 4 10 5 3 2 9 7 8 
20180602283 1 10 6 5 2 3 7 9 8 4 
20180602284 9 5 10 1 8 7 2 3 6 4 
20180602285 8 2 5 1 4 9 3 6 10 7 
20180602286 10 4 3 6 5 1 8 2 7 9 
20180602287 1 8 7 2 4 10 5 6 3 9 
20180602288 7 3 5 1 2 4 10 6 8 9 
20180602289 1 2 3 7 6 9 8 4 5 10 
20180602290 5 10 1 2 4 6 3 8 7 9 
20180602291 7 9 2 4 3 5 10 1 8 6 
20180602292 2 1 7 4 9 8 6 10 5 3 
20180602293 1 8 7 5 3 9 6 2 10 4 
20180602294 4 8 1 6 9 3 5 10 7 2 
20180602295 4 7 8 2 5 1 6 9 10 3 
20180602296 5 3 4 2 9 1 6 8 7 10 
20180602297 1 6 5 10 9 2 4 3 7 8 
20180602298 8 2 7 9 6 1 5 10 3 4 
20180602299 7 9 1 4 8 5 10 3 6 2 
20180602300 6 10 9 3 4 7 2 1 5 8 
20180602301 5 3 9 2 6 10 1 7 4 8 
20180602302 6 5 10 9 8 7 3 1 4 2 
20180602303 2 6 4 10 7 8 1 3 9 5 
20180602304 1 4 2 8 6 10 3 5 9 7 
20180602305 8 10 1 2 4 7 3 9 5 6 
20180602306 1 4 3 2 7 10 5 6 8 9 
20180602307 1 6 9 4 10 7 3 5 2 8 
20180602308 1 3 7 10 6 2 5 8 9 4 
20180602309 4 9 6 2 7 5 1 10 3 8 
20180602310 2 8 10 4 6 1 9 5 7 3 
20180602311 4 2 9 10 8 7 3 6 5 1 
20180602312 1 6 10 9 4 8 5 2 7 3 
20180602313 5 8 9 2 3 1 10 6 7 4 
20180602314 9 1 6 5 8 7 4 10 3 2 
20180602315 2 1 5 4 7 6 10 3 8 9 
20180602316 7 3 2 10 6 8 9 1 5 4 
20180602317 5 2 7 1 10 9 3 8 4 6 
20180602318 4 1 8 7 3 2 10 6 5 9 
20180602319 3 2 8 6 10 7 1 5 9 4 
20180602320 5 4 8 1 9 7 3 2 6 10 
20180602321 8 3 10 5 7 2 9 1 4 6 
20180602322 3 1 4 9 10 5 6 8 2 7 
20180602323 6 5 1 8 9 2 7 3 4 10 
20180602324 8 4 2 9 5 3 7 10 6 1 
20180602325 9 10 6 4 5 1 8 7 3 2 
20180602326 4 8 2 1 9 10 6 7 3 5 
20180602327 3 1 9 5 2 8 7 10 4 6 
20180602328 3 4 5 8 9 6 10 2 1 7 
20180602329 10 6 9 2 5 7 1 8 3 4 
20180602330 4 10 8 5 7 6 9 3 2 1 
20180602331 3 7 6 2 9 8 1 4 10 5 
20180602332 9 4 10 7 3 2 8 6 5 1 
20180602333 9 2 4 10 5 7 3 8 6 1 
20180602334 6 7 9 10 3 8 1 4 2 5 
20180602335 8 4 6 9 3 2 7 1 10 5 
20180602336 3 4 5 7 2 8 9 1 6 10 
20180602337 3 6 5 8 7 9 10 2 4 1 
20180602338 1 3 6 8 2 5 4 10 7 9 
20180602339 10 4 6 3 9 1 8 5 2 7 
20180602340 10 2 5 9 4 7 3 8 1 6 
20180602341 3 8 2 5 4 9 6 1 10 7 
20180602342 9 3 5 7 8 1 4 2 10 6 
20180602343 4 6 2 3 10 7 8 9 1 5 
20180602344 5 10 7 3 2 6 8 9 4 1 
20180602345 4 1 5 3 6 2 8 7 10 9 
20180602346 6 9 8 2 10 1 7 4 3 5 
20180602347 7 5 9 4 3 2 10 6 1 8 
20180602348 9 1 2 6 3 10 4 7 8 5 
20180602349 3 4 2 5 1 7 10 9 6 8 
20180602350 5 10 8 3 4 7 6 9 2 1 
20180602351 4 6 3 9 1 10 2 5 7 8 
20180602352 4 10 6 2 3 7 8 5 9 1 
20180602353 10 4 8 2 6 1 3 5 7 9 
20180602354 3 4 10 7 2 9 1 6 5 8 
20180602355 1 9 7 2 6 4 5 3 10 8 
20180602356 2 10 9 4 3 7 5 1 8 6 
20180602357 4 2 5 7 3 10 9 6 1 8 
20180602358 9 3 10 1 7 8 4 6 5 2 
20180602359 4 10 6 9 8 1 2 3 7 5 
20180602360 4 2 1 5 7 10 3 8 9 6 
20180602361 3 5 4 8 10 6 1 9 2 7 
20180602362 6 10 2 8 5 9 3 7 4 1 
20180602363 5 7 1 10 6 3 4 2 8 9 
20180602364 7 4 5 9 3 2 8 1 10 6 
20180602365 7 6 9 2 8 1 5 10 3 4 
20180602366 6 9 1 10 2 4 5 3 8 7 
20180602367 9 6 10 8 1 7 3 2 5 4 
20180602368 4 5 8 6 3 7 9 2 1 10 
20180602369 7 3 6 1 9 8 4 10 5 2 
20180602370 1 4 8 7 6 3 5 9 2 10 
20180602371 3 10 9 5 6 1 2 4 8 7 
20180602372 9 3 7 2 1 10 8 4 5 6 
20180602373 3 5 6 8 4 7 1 2 10 9 
20180602374 3 9 10 7 5 6 4 8 1 2 
20180602375 8 6 10 9 5 1 2 4 3 7 
20180602376 4 1 3 9 2 7 6 10 8 5 
20180602377 5 10 1 3 4 8 2 7 6 9 
20180602378 1 8 3 6 7 9 10 4 2 5 
20180602379 8 3 6 9 2 4 7 1 10 5 
20180602380 9 5 10 1 2 7 8 4 6 3 
20180602381 6 5 3 8 1 7 4 2 10 9 
20180602382 3 7 6 8 1 9 10 5 4 2 
20180602383 5 8 10 9 7 1 3 4 6 2 
20180602384 10 5 3 4 9 6 1 7 2 8 
20180602385 8 4 2 3 9 10 5 7 6 1 
20180602386 7 1 6 4 9 2 3 10 5 8 
20180602387 9 8 4 6 3 7 1 5 2 10 
20180602388 9 5 3 8 4 6 1 10 7 2 
20180602389 8 4 9 5 1 3 6 10 7 2 
20180602390 5 8 7 10 1 9 6 2 3 4 
20180602391 10 6 1 8 5 7 4 9 3 2 
20180602392 4 6 1 7 3 8 10 9 2 5 
20180602393 8 5 2 3 7 4 6 9 10 1 
20180602394 3 6 8 9 4 2 10 5 1 7 
20180602395 1 4 6 5 3 2 8 9 10 7 
20180602396 8 4 5 10 2 9 7 3 6 1 
20180602397 4 8 1 6 10 7 9 5 2 3 
20180602398 7 3 10 4 1 2 9 8 6 5 
20180602399 2 9 10 1 3 7 8 5 6 4 
20180602400 9 7 3 6 1 5 2 10 8 4 
20180602401 5 10 8 2 1 4 6 7 3 9 
20180602402 2 4 7 8 1 10 9 5 6 3 
20180602403 2 8 9 4 5 10 7 3 6 1 
20180602404 3 6 4 10 5 8 1 9 2 7 
20180602405 4 10 8 2 6 1 5 7 3 9 
20180602406 5 8 2 6 4 7 3 1 10 9 
20180602407 6 2 5 9 7 10 8 3 1 4 
20180602408 3 10 5 4 9 8 2 7 1 6 
20180602409 7 2 3 4 10 1 8 6 5 9 
20180602410 10 8 1 7 4 6 9 3 5 2 
20180602411 1 6 2 3 7 8 5 10 4 9 
20180602412 8 6 2 4 7 3 5 1 10 9 
20180602413 4 1 2 10 6 3 7 9 8 5 
20180602414 3 8 4 1 6 10 9 2 7 5 
20180602415 3 8 2 6 10 7 9 5 1 4 
20180602416 2 8 10 3 7 6 9 4 5 1 
20180602417 2 9 10 3 1 6 8 5 4 7 
20180602418 5 8 1 7 2 6 10 4 9 3 
20180602419 10 2 4 6 7 5 3 9 8 1 
20180602420 10 1 7 2 6 3 8 5 4 9 
20180602421 6 4 10 9 7 2 3 8 5 1 
20180602422 2 7 8 3 4 6 10 5 1 9 
20180602423 4 3 10 7 2 9 6 5 1 8 
20180602424 8 3 5 6 10 2 4 7 9 1 
20180602425 3 10 6 7 2 4 9 1 5 8 
20180602426 3 2 4 10 7 8 6 9 1 5 
20180602427 2 4 10 7 6 1 9 5 8 3 
20180602428 4 10 8 2 6 5 1 3 9 7 
20180602429 2 4 3 10 5 9 6 8 7 1 
20180602430 4 5 10 3 6 2 7 9 1 8 
20180602431 1 3 5 7 8 6 9 10 4 2 
20180602432 3 2 7 5 10 1 8 4 6 9 
20180602433 8 1 7 6 4 10 3 5 2 9 
20180602434 4 8 2 6 1 5 9 3 10 7 
20180602435 10 3 9 5 6 2 8 1 4 7 
20180602436 2 10 4 3 6 9 7 1 5 8 
20180602437 9 8 7 6 2 4 3 10 1 5 
20180602438 6 8 9 4 7 5 3 2 1 10 
20180602439 1 7 5 8 10 4 9 3 2 6 
20180602440 6 4 7 2 9 5 8 3 10 1 
20180602441 4 3 7 6 9 8 1 2 5 10 
20180602442 10 7 8 9 1 6 3 5 2 4 
20180602443 10 2 7 3 6 8 5 4 1 9 
20180602444 1 9 3 4 2 10 6 5 7 8 
20180602445 4 5 3 2 6 1 10 7 9 8 
20180602446 9 6 1 8 4 3 5 10 2 7 
20180602447 6 5 1 9 2 3 4 7 8 10 
20180602448 1 9 6 2 4 8 10 7 5 3 
20180602449 1 2 7 3 9 4 10 8 5 6 
20180602450 9 3 6 4 2 5 7 10 8 1 
20180602451 3 8 1 9 4 7 6 2 10 5 
20180602452 8 1 4 10 9 2 5 6 7 3 
20180602453 4 9 5 7 8 1 6 3 2 10 
20180602454 5 6 8 3 4 1 2 7 9 10 
20180602455 8 7 10 1 2 5 6 9 3 4 
20180602456 3 4 1 7 6 2 5 9 8 10 
20180602457 6 4 10 1 9 2 5 7 8 3 
20180602458 7 10 5 1 2 4 8 3 6 9 
20180602459 6 7 9 10 3 1 4 8 2 5 
20180602460 3 4 7 10 5 8 2 9 1 6 
20180602461 10 5 9 6 4 2 3 1 7 8 
20180602462 8 1 4 2 9 3 10 7 6 5 
20180602463 7 3 4 8 1 6 2 9 5 10 
20180602464 2 8 9 6 3 10 1 4 7 5 
20180602465 6 3 10 7 4 2 1 5 9 8 
20180602466 7 9 2 3 6 5 4 1 10 8 
20180602467 4 3 7 8 1 10 6 5 9 2 
20180602468 2 4 10 5 7 8 3 9 6 1 
20180602469 4 1 3 10 5 7 2 6 9 8 
20180602470 6 8 3 7 4 2 9 5 1 10 
20180602471 10 1 5 3 6 9 2 4 7 8 
20180602472 5 9 3 10 6 1 7 8 2 4 
20180602473 4 5 6 9 3 7 10 2 1 8 
20180602474 8 2 4 10 5 9 7 1 6 3 
20180602475 3 9 4 2 5 7 10 6 1 8 
20180602476 2 8 3 1 4 9 6 7 10 5 
20180602477 2 8 1 7 5 10 9 6 3 4 
20180602478 7 10 6 2 9 5 1 3 8 4 
20180602479 3 10 7 1 5 9 4 6 8 2 
20180602480 9 2 6 3 8 10 4 7 1 5 
20180602481 5 10 6 8 2 4 7 3 9 1 
20180602482 2 7 1 5 8 10 3 4 6 9 
20180602483 2 4 8 9 3 10 7 6 5 1 
20180602484 9 6 5 1 7 10 2 4 3 8 
20180602485 9 8 6 10 4 5 3 7 1 2 
20180602486 3 1 6 7 2 9 8 10 5 4 
20180602487 6 2 5 10 3 4 7 1 9 8 
20180602488 1 9 6 5 8 7 2 10 4 3 
20180602489 7 5 3 9 10 6 8 2 1 4 
20180602490 3 7 8 6 4 10 2 5 9 1 
20180602491 10 6 2 4 7 5 1 9 3 8 
20180602492 7 9 10 8 5 4 6 3 1 2 
20180602493 4 1 8 6 2 9 5 10 7 3 
20180602494 6 2 8 9 7 10 5 3 1 4 
20180602495 10 4 9 8 2 1 7 6 5 3 
20180602496 7 6 9 5 3 4 8 1 2 10 
20180602497 2 6 9 7 8 10 1 5 3 4 
20180602498 10 3 2 5 4 7 8 1 9 6 
20180602499 6 7 10 1 8 3 2 5 4 9 
20180602500 2 1 7 5 3 6 9 8 10 4 
20180602501 9 4 5 2 1 3 8 10 7 6 
20180602502 8 9 10 6 5 4 1 3 2 7 
20180602503 3 2 8 10 9 1 7 4 6 5 
20180602504 8 9 1 10 4 2 3 6 7 5 
20180602505 7 3 6 5 9 10 8 4 1 2 
20180602506 6 4 8 5 1 2 3 7 10 9 
20180602507 3 6 2 1 7 5 9 8 4 10 
20180602508 7 10 9 6 4 3 5 2 8 1 
20180602509 4 3 6 7 10 9 8 1 5 2 
20180602510 5 1 10 6 3 8 7 2 9 4 
20180602511 2 4 1 8 7 3 6 5 10 9 
20180602512 7 10 8 9 1 2 5 3 4 6 
20180602513 1 10 8 5 3 4 7 6 2 9 
20180602514 3 9 5 4 10 6 8 1 7 2 
20180602515 7 10 4 9 2 8 6 3 1 5 
20180602516 2 5 9 1 10 4 7 3 6 8 
20180602517 8 6 9 10 4 5 2 1 3 7 
20180602518 4 3 7 2 10 5 9 8 1 6 
20180602519 9 1 5 10 4 7 6 3 8 2 
20180602520 8 5 1 9 6 3 2 4 10 7 
20180602521 5 8 4 7 9 6 3 2 10 1 
20180602522 8 2 7 9 3 5 4 1 6 10 
20180602523 3 7 8 9 5 4 2 6 10 1 
20180602524 4 8 2 9 3 6 1 10 7 5 
20180602525 2 4 3 10 8 9 1 6 7 5 
20180602526 2 6 10 3 7 5 4 8 9 1 
20180602527 2 9 3 6 7 5 8 1 10 4 
20180602528 7 9 4 10 6 8 3 2 5 1 
20180602529 7 3 6 10 4 8 9 1 2 5 
20180602530 2 10 4 3 1 7 9 5 8 6 
20180602531 3 7 9 1 2 8 6 5 10 4 
20180602532 8 9 7 5 2 3 1 4 10 6 
20180602533 3 10 8 1 7 5 6 4 2 9 
20180602534 10 1 7 6 3 2 4 8 5 9 
20180602535 6 8 5 4 1 3 9 10 7 2 
20180602536 2 10 7 8 6 5 3 1 9 4 
20180602537 7 10 9 4 2 3 6 5 1 8 
20180602538 8 6 7 3 2 1 5 9 10 4 
20180602539 7 3 6 9 4 10 2 8 1 5 
20180602540 3 1 5 10 9 6 8 4 7 2 
20180602541 3 1 2 4 9 7 10 6 8 5 
20180602542 2 5 3 7 8 10 1 4 6 9 
20180602543 5 2 4 3 9 6 8 1 7 10 
20180602544 2 5 1 10 9 8 4 6 3 7 
20180602545 8 6 2 7 10 9 3 4 5 1 
20180602546 1 10 9 3 5 2 7 6 8 4 
20180602547 1 5 8 9 10 2 4 7 6 3 
20180602548 5 9 7 6 3 4 8 1 10 2 
20180602549 6 10 8 7 2 3 4 5 1 9 
20180602550 10 5 7 4 3 6 8 9 2 1 
20180602551 1 2 7 9 4 3 6 8 10 5 
20180602552 9 2 7 4 3 8 10 1 5 6 
20180602553 8 9 7 2 6 3 5 4 10 1 
20180602554 7 8 1 5 6 9 2 10 4 3 
20180602555 6 8 3 7 1 10 2 9 5 4 
20180602556 9 4 10 2 3 5 6 7 8 1 
20180602557 4 10 5 1 9 2 7 3 6 8 
20180602558 7 6 8 5 1 3 4 10 2 9 
20180602559 6 9 5 4 10 3 7 1 2 8 
20180602560 3 6 4 1 2 5 7 9 8 10 
20180602561 3 1 10 9 2 6 5 7 8 4 
20180602562 10 2 6 1 9 4 7 8 5 3 
20180602563 2 6 10 8 4 7 9 5 3 1 
20180602564 10 1 7 8 3 6 2 4 9 5 
20180602565 3 5 10 7 6 4 2 1 8 9 
20180602566 2 5 7 4 9 8 10 6 1 3 
20180602567 7 8 5 2 6 4 9 3 1 10 
20180602568 1 5 8 6 4 10 7 2 9 3 
20180602569 3 4 1 8 5 7 2 6 9 10 
20180602570 7 3 2 9 5 1 10 8 6 4 
20180602571 2 8 1 4 9 6 5 3 10 7 
20180602572 1 6 5 7 10 3 4 9 2 8 
20180602573 10 3 7 2 9 1 8 6 5 4 
20180602574 5 6 10 4 1 9 2 3 7 8 
20180602575 9 8 1 7 3 4 10 5 6 2 
20180602576 1 8 4 6 3 9 5 10 7 2 
20180602577 8 3 6 1 2 5 4 9 7 10 
20180602578 3 9 1 10 6 7 4 2 5 8 
20180602579 3 4 9 2 8 7 5 6 10 1 
20180602580 4 7 2 8 6 10 5 3 9 1 
20180602581 5 10 1 6 7 3 8 9 2 4 
20180602582 3 5 4 10 6 9 1 7 8 2 
20180602583 1 10 5 7 2 8 6 3 9 4 
20180602584 9 3 5 10 8 7 4 6 2 1 
20180602585 8 2 9 10 1 5 3 6 7 4 
20180602586 2 9 7 10 8 1 6 3 5 4 
20180602587 2 10 7 4 5 1 8 6 9 3 
20180602588 8 9 3 7 10 6 1 2 4 5 
20180602589 6 10 3 9 1 2 7 4 5 8 
20180602590 8 6 3 9 7 10 2 5 4 1 
20180602591 8 10 9 6 7 4 5 1 3 2 
20180602592 10 1 8 9 6 3 5 7 2 4 
20180602593 8 5 10 1 6 7 4 9 3 2 
20180602594 6 7 4 1 9 2 8 10 5 3 
20180602595 7 6 8 3 10 2 4 5 1 9 
20180602596 5 8 3 1 9 6 10 7 2 4 
20180602597 3 5 8 9 2 4 6 1 10 7 
20180602598 10 4 1 3 5 8 7 6 2 9 
20180602599 2 8 1 3 6 10 5 4 9 7 
20180602600 8 6 4 10 2 5 7 9 3 1 
20180602601 2 4 6 7 9 5 10 3 8 1 
20180602602 9 2 4 6 5 10 8 1 7 3 
20180602603 5 3 1 4 2 10 8 9 7 6 
20180602604 1 6 10 7 9 8 2 5 3 4 
20180602605 4 8 9 6 3 5 10 7 1 2 
20180602606 10 6 3 1 5 8 4 9 2 7 
20180602607 3 4 10 8 2 1 9 6 5 7 
20180602608 9 3 4 7 1 10 6 5 2 8 
20180602609 3 8 2 1 6 5 4 7 10 9 
20180602610 4 7 2 9 5 10 8 6 1 3 
20180602611 6 4 5 9 8 10 3 7 1 2 
20180602612 2 3 4 7 5 8 1 9 10 6 
20180602613 1 7 8 4 9 6 5 3 10 2 
20180602614 5 10 1 8 3 4 9 7 2 6 
20180602615 3 9 2 7 8 4 6 5 1 10 
20180602616 7 4 6 5 3 2 10 1 8 9 
20180602617 6 2 8 10 5 3 1 9 4 7 
20180602618 1 2 4 6 8 7 5 10 3 9 
20180602619 9 3 4 8 2 10 1 6 7 5 
20180602620 10 3 7 4 2 9 8 1 6 5 
20180602621 9 6 3 7 4 5 8 10 1 2 
20180602622 6 2 4 5 10 3 7 9 1 8 
20180602623 1 2 4 9 5 6 3 10 7 8 
20180602624 6 10 4 5 7 8 9 3 1 2 
20180602625 1 6 9 7 2 3 10 8 5 4 
20180602626 10 2 1 4 5 6 9 7 8 3 
20180602627 9 4 7 6 2 5 10 1 8 3 
20180602628 2 9 3 6 4 10 8 5 1 7 
20180602629 1 2 7 5 10 3 6 8 4 9 
20180602630 4 8 3 2 10 5 9 6 7 1 
20180602631 3 7 6 8 5 9 1 10 4 2 
20180602632 2 1 4 9 6 5 10 3 8 7 
20180602633 1 2 6 3 9 7 10 5 4 8 
20180602634 6 10 5 1 3 4 7 9 2 8 
20180602635 6 8 3 7 2 4 1 9 10 5 
20180602636 5 1 4 7 8 2 9 6 3 10 
20180602637 10 1 5 4 8 9 7 2 3 6 
20180602638 8 4 1 10 3 5 2 6 9 7 
20180602639 1 4 6 3 5 10 9 7 2 8 
20180602640 6 5 9 2 7 1 3 10 4 8 
20180602641 8 2 10 1 5 9 4 3 7 6 
20180602642 9 6 8 2 7 5 3 4 10 1 
20180602643 7 2 3 8 5 10 9 4 1 6 
20180602644 7 1 9 10 6 8 4 2 5 3 
20180602645 6 8 10 2 1 5 4 7 3 9 
20180602646 1 10 8 6 2 7 3 5 9 4 
20180602647 6 3 4 7 10 9 8 5 1 2 
20180602648 5 8 7 1 4 10 2 9 3 6 
20180602649 4 5 6 9 2 10 3 8 7 1 
20180602650 3 5 9 4 2 1 8 6 10 7 
20180602651 4 10 1 6 7 5 8 3 2 9 
20180602652 9 4 6 5 3 2 1 8 7 10 
20180602653 6 8 1 5 10 2 7 4 9 3 
20180602654 3 2 6 8 7 5 10 9 4 1 
20180602655 5 3 4 10 6 7 8 1 9 2 
20180602656 3 2 10 4 6 9 5 7 8 1 
20180602657 8 10 7 4 3 6 2 1 9 5 
20180602658 5 2 6 4 8 10 3 7 1 9 
20180602659 3 7 8 6 1 5 10 2 9 4 
20180602660 10 3 4 6 8 5 7 2 9 1 
20180602661 8 7 3 10 6 1 4 2 9 5 
20180602662 7 9 10 2 5 8 6 4 1 3 
20180602663 1 5 6 8 7 9 10 2 4 3 
20180602664 6 4 8 7 2 3 5 1 10 9 
20180602665 9 8 1 2 4 3 7 6 10 5 
20180602666 6 3 10 9 2 7 1 8 4 5 
20180602667 7 2 1 10 5 9 6 4 8 3 
20180602668 10 3 2 5 1 8 6 4 7 9 
20180602669 7 10 6 2 5 1 9 4 8 3 
20180602670 1 3 9 10 6 8 5 7 4 2 
20180602671 4 2 8 6 10 3 1 7 9 5 
20180602672 6 10 8 5 2 4 9 1 7 3 
20180602673 5 7 1 9 8 10 3 2 6 4 
20180602674 7 9 5 4 1 10 6 2 8 3 
20180602675 9 5 8 2 7 10 1 3 6 4 
20180602676 6 10 7 9 8 3 4 1 5 2 
20180602677 10 5 3 2 4 7 8 1 9 6 
20180602678 7 3 9 4 6 10 5 8 1 2 
20180602679 4 3 8 1 6 7 2 5 10 9 
20180602680 1 4 6 10 7 2 5 9 3 8 
20180602681 4 10 9 5 1 7 3 2 6 8 
20180602682 1 6 9 4 7 10 3 8 5 2 
20180602683 5 2 7 3 9 1 4 6 10 8 
20180602684 5 6 2 1 10 9 7 4 3 8 
20180602685 7 3 2 1 8 4 10 6 9 5 
20180602686 6 8 1 10 5 3 9 7 2 4 
20180602687 1 9 4 10 8 2 7 6 5 3 
20180602688 1 9 3 10 6 2 5 7 8 4 
20180602689 7 2 9 10 6 3 4 1 5 8 
20180602690 2 9 4 10 3 8 7 1 6 5 
20180602691 4 6 10 5 1 8 3 7 9 2 
20180602692 1 7 10 2 6 4 9 8 3 5 
20180602693 3 9 5 1 7 10 2 8 6 4 
20180602694 1 7 8 2 5 9 6 4 10 3 
20180602695 1 9 7 10 5 4 6 2 8 3 
20180602696 5 8 2 1 4 9 7 10 6 3 
20180602697 1 7 8 9 2 6 10 5 3 4 
20180602698 5 2 9 3 4 10 6 8 7 1 
20180602699 9 2 8 6 4 5 7 3 10 1 
20180602700 9 7 10 1 3 5 2 8 6 4 
20180602701 7 2 10 6 3 9 8 4 1 5 
20180602702 1 8 4 10 3 9 5 6 7 2 
20180602703 3 5 8 2 1 9 4 6 10 7 
20180602704 1 5 9 8 6 7 4 3 10 2 
20180602705 6 8 10 7 4 5 1 2 3 9 
20180602706 1 8 7 6 10 9 3 4 5 2 
20180602707 5 4 3 1 7 2 9 10 8 6 
20180602708 5 2 6 4 9 8 7 1 10 3 
20180602709 6 3 10 4 9 5 8 2 1 7 
20180602710 1 6 8 9 2 7 3 10 5 4 
20180602711 7 4 5 10 8 2 3 1 9 6 
20180602712 7 8 3 10 2 9 4 1 6 5 
20180602713 8 4 10 3 7 5 6 9 1 2 
20180602714 3 6 2 10 9 5 7 1 8 4 
20180602715 6 2 3 9 7 8 4 5 10 1 
20180602716 5 7 8 10 6 3 1 2 4 9 
20180602717 9 3 1 2 6 4 8 7 10 5 
20180602718 7 4 8 2 6 3 9 10 5 1 
20180602719 1 10 8 3 6 9 4 5 2 7 
20180602720 9 6 8 4 5 1 10 3 2 7 
20180602721 10 5 3 7 1 4 6 9 8 2 
20180602722 1 8 3 2 10 7 5 6 9 4 
20180602723 5 7 1 3 2 8 4 9 6 10 
20180602724 6 2 4 3 7 1 9 5 8 10 
20180602725 3 2 8 6 1 5 9 4 10 7 
20180602726 3 9 5 7 1 4 2 6 10 8 
20180602727 7 10 3 4 8 5 1 9 6 2 
20180602728 9 6 4 1 8 7 5 10 3 2 
20180602729 4 9 10 8 3 5 1 2 7 6 
20180602730 1 8 2 6 10 3 4 9 7 5 
20180602731 10 9 3 8 7 2 1 5 4 6 
20180602732 3 6 10 8 4 7 1 5 2 9 
20180602733 10 9 8 4 7 6 5 3 2 1 
20180602734 5 8 9 3 4 7 10 2 1 6 
20180602735 1 4 9 10 3 5 6 8 7 2 
20180602736 5 2 9 7 3 8 6 10 1 4 
20180602737 1 4 3 2 8 5 10 9 6 7 
20180602738 1 7 5 3 6 10 4 8 9 2 
20180602739 4 9 3 8 1 10 6 5 7 2 
20180602740 9 1 8 2 7 10 4 5 6 3 
20180602741 7 10 4 8 5 9 3 2 6 1 
20180602742 7 1 5 6 4 2 10 8 9 3 
20180602743 9 3 8 5 7 1 6 2 4 10 
20180602744 2 5 4 7 10 1 8 3 9 6 
20180602745 2 1 9 6 7 3 5 8 4 10 
20180602746 5 2 9 8 7 4 3 6 10 1 
20180602747 3 8 5 2 10 6 1 7 4 9 
20180602748 1 3 2 6 4 5 7 8 10 9 
20180602749 6 4 2 1 10 8 3 7 5 9 
20180602750 8 5 6 7 10 1 3 2 4 9 
20180602751 5 9 3 10 2 6 7 8 1 4 
20180602752 1 7 10 5 8 4 2 6 9 3 
20180602753 6 9 2 4 3 1 10 5 8 7 
20180602754 7 3 2 10 9 8 4 6 5 1 
20180602755 4 1 2 8 7 10 3 6 5 9 
20180602756 7 4 2 1 10 3 8 6 5 9 
20180602757 6 3 5 9 1 2 7 10 4 8 
20180602758 6 7 2 10 1 5 4 9 8 3 
20180602759 6 10 4 8 1 5 3 2 9 7 
20180602760 9 3 5 2 1 7 10 4 6 8 
20180602761 10 5 9 6 3 7 2 8 4 1 
20180602762 2 6 9 1 10 7 4 5 8 3 
20180602763 2 10 7 6 8 9 3 5 4 1 
20180602764 3 6 1 10 7 4 5 2 9 8 
20180602765 3 6 7 9 1 8 2 10 4 5 
20180602766 3 4 10 6 2 5 8 9 7 1 
20180602767 6 3 2 5 7 10 4 9 1 8 
20180602768 6 5 7 8 2 1 10 9 4 3 
20180602769 4 2 7 1 6 5 9 3 10 8 
20180602770 5 9 4 2 3 1 7 10 8 6 
20180602771 3 10 1 6 2 8 9 5 4 7 
20180602772 9 6 4 2 10 7 1 3 8 5 
20180602773 7 10 5 9 2 1 3 4 8 6 
20180602774 9 3 7 4 5 10 6 8 2 1 
20180602775 5 3 10 8 7 1 6 4 2 9 
20180602776 6 5 7 10 4 9 8 3 1 2 
20180602777 2 4 10 7 6 9 5 1 3 8 
20180602778 8 6 5 4 10 1 2 3 7 9 
20180602779 4 7 5 10 2 8 3 9 1 6 
20180602780 1 6 9 8 2 4 7 3 10 5 
20180602781 8 5 10 4 3 6 2 1 9 7 
20180602782 5 8 3 10 2 1 6 4 7 9 
20180602783 7 10 6 8 1 3 4 2 5 9 
20180602784 6 5 1 8 4 9 3 10 7 2 
20180602785 8 7 9 4 2 6 10 3 1 5 
20180602786 4 10 5 1 8 9 3 2 6 7 
20180602787 4 8 10 1 6 5 2 7 9 3 
20180602788 5 2 3 4 10 6 1 7 9 8 
20180602789 7 9 10 8 6 3 5 1 2 4 
20180602790 1 4 7 8 3 9 6 2 5 10 
20180602791 3 4 6 10 5 1 9 8 2 7 
20180602792 8 5 7 10 6 2 3 9 4 1 
20180602793 1 4 3 5 9 10 6 2 7 8 
20180602794 9 3 2 7 10 8 1 6 4 5 
20180602795 9 8 7 10 1 6 5 3 4 2 
20180602796 1 5 8 10 9 6 2 4 3 7 
20180602797 6 8 9 1 10 3 4 2 5 7 
20180602798 2 4 5 10 3 1 8 7 9 6 
20180602799 2 9 1 4 10 5 6 3 8 7 
20180602800 9 5 7 6 1 2 10 3 8 4 
20180602801 9 7 8 4 6 5 3 10 2 1 
20180602802 9 3 6 8 10 4 7 1 5 2 
20180602803 1 7 2 8 9 4 10 6 3 5 
20180602804 5 8 2 9 1 7 10 3 6 4 
20180602805 7 4 3 1 10 6 5 2 8 9 
20180602806 5 10 1 6 2 8 3 9 4 7 
20180602807 7 8 10 6 2 1 9 4 3 5 
20180602808 2 7 6 10 3 5 4 8 9 1 
20180602809 6 7 8 2 4 9 10 5 3 1 
20180602810 1 8 6 3 5 10 7 2 9 4 
20180602811 2 1 9 6 5 3 10 8 7 4 
20180602812 1 8 3 7 9 6 2 5 4 10 
20180602813 8 6 10 4 7 9 2 5 3 1 
20180602814 3 5 4 1 8 10 9 7 2 6 
20180602815 9 4 6 5 2 8 10 1 3 7 
20180602816 9 4 5 10 2 6 7 1 3 8 
20180602817 7 9 3 2 6 10 1 4 5 8 
20180602818 1 5 8 6 9 10 7 3 2 4 
20180602819 4 7 5 3 9 1 8 10 6 2 
20180602820 7 9 4 5 1 8 2 10 6 3 
20180602821 1 8 7 10 2 5 3 6 9 4 
20180602822 3 9 10 4 6 8 2 5 1 7 
20180602823 9 1 5 3 8 6 2 10 7 4 
20180602824 4 8 1 3 6 9 2 7 5 10 
20180602825 5 1 6 10 7 3 8 9 4 2 
20180602826 4 5 2 1 6 8 7 3 9 10 
20180602827 10 7 1 5 8 4 9 6 3 2 
20180602828 4 5 3 9 10 8 6 2 1 7 
20180602829 5 4 1 3 9 7 8 6 10 2 
20180602830 7 4 2 1 8 9 5 3 10 6 
20180602831 5 1 2 3 10 6 4 7 9 8 
20180602832 10 5 6 9 7 1 2 8 3 4 
20180602833 3 7 9 5 1 6 2 8 4 10 
20180602834 9 3 8 10 4 1 7 5 6 2 
20180602835 4 7 9 2 8 3 10 6 5 1 
20180602836 3 10 4 9 5 7 6 2 8 1 
20180602837 9 8 1 7 5 3 6 10 2 4 
20180602838 6 4 5 7 2 10 1 9 8 3 
20180602839 9 6 10 1 3 7 8 5 2 4 
20180602840 7 1 3 8 6 9 4 10 2 5 
20180602841 7 4 8 1 10 2 3 5 9 6 
20180602842 6 1 9 4 5 2 8 3 7 10 
20180602843 9 1 3 4 5 7 2 10 8 6 
20180602844 5 7 2 9 1 6 4 8 3 10 
20180602845 3 8 1 2 7 5 6 9 10 4 
20180602846 7 5 4 10 1 6 9 8 2 3 
20180602847 8 3 1 10 7 2 9 6 4 5 
20180602848 1 10 8 9 4 7 5 2 3 6 
20180602849 3 8 5 9 6 10 2 4 7 1 
20180602850 9 6 2 10 1 8 7 4 3 5 
20180602851 8 7 1 6 2 10 9 4 3 5 
20180602852 9 8 3 10 7 4 2 1 5 6 
20180602853 9 2 4 8 7 1 6 5 10 3 
20180602854 10 5 7 3 2 6 8 9 4 1 
20180602855 5 10 1 8 9 2 7 4 6 3 
20180602856 6 9 8 5 2 3 10 4 1 7 
20180602857 5 4 2 9 10 7 1 6 8 3 
20180602858 6 9 5 4 2 3 1 10 7 8 
20180602859 8 7 3 5 2 9 6 1 10 4 
20180602860 9 2 4 8 5 6 7 1 10 3 
20180602861 5 8 10 1 3 2 4 9 7 6 
20180602862 1 6 7 9 10 3 2 4 5 8 
20180602863 5 10 1 3 7 4 9 2 6 8 
20180602864 1 10 5 2 9 3 4 7 8 6 
20180602865 4 10 2 5 1 3 9 7 6 8 
20180602866 2 4 1 7 10 3 5 8 9 6 
20180602867 2 5 1 3 8 10 7 9 4 6 
20180602868 1 2 5 3 9 10 8 6 4 7 
20180602869 2 8 4 10 3 9 7 5 6 1 
20180602870 8 3 7 10 5 9 4 2 6 1 
20180602871 5 8 10 1 3 2 4 6 7 9 
20180602872 8 3 2 6 1 10 5 4 9 7 
20180602873 1 2 3 4 8 9 10 7 6 5 
20180602874 8 6 1 2 3 4 5 9 7 10 
20180602875 2 6 1 8 5 9 10 7 3 4 
20180602876 1 8 2 3 5 6 4 9 7 10 
20180602877 6 5 8 10 3 9 4 2 7 1 
20180602878 4 2 5 7 1 8 10 3 6 9 
20180602879 1 4 10 8 9 5 2 3 6 7 
20180602880 1 2 7 6 8 10 3 4 9 5 
20180602881 5 8 6 7 9 10 4 3 2 1 
20180602882 6 9 7 5 2 10 4 1 3 8 
20180602883 2 4 1 5 8 10 7 3 6 9 
20180602884 9 5 2 3 10 6 8 1 4 7 
20180602885 8 9 4 6 3 2 7 10 5 1 
20180602886 4 7 2 9 8 5 3 1 10 6 
20180602887 10 4 9 2 3 8 1 5 7 6 
20180602888 2 7 4 5 6 9 8 1 10 3 
20180602889 4 2 1 6 9 5 3 8 10 7 
20180602890 1 2 5 9 4 6 10 7 3 8 
20180602891 9 10 7 2 5 1 4 3 8 6 
20180602892 5 9 4 2 7 10 1 6 8 3 
20180602893 6 4 2 9 8 5 3 10 7 1 
20180602894 7 2 8 6 5 10 3 1 4 9 
20180602895 10 8 6 7 3 4 2 1 9 5 
20180602896 4 3 10 1 2 8 7 5 9 6 
20180602897 1 7 9 2 10 6 5 3 8 4 
20180602898 1 9 10 5 2 4 7 6 3 8 
20180602899 10 8 3 6 2 7 9 5 1 4 
20180602900 2 4 1 7 3 9 10 6 8 5 
20180602901 2 9 1 10 5 8 7 3 4 6 
20180602902 2 8 9 6 10 4 3 5 7 1 
20180602903 10 9 4 1 6 8 3 7 2 5 
20180602904 10 6 7 9 5 2 8 1 3 4 
20180602905 3 6 5 9 10 1 2 8 7 4 
20180602906 7 2 6 5 9 4 1 3 10 8 
20180602907 5 6 1 10 4 8 2 3 7 9 
20180602908 4 9 6 3 8 2 1 10 7 5 
20180602909 7 6 8 9 3 4 2 1 10 5 
20180602910 4 3 6 7 10 2 5 9 1 8 
20180602911 4 9 3 10 6 8 5 1 2 7 
20180602912 10 3 4 6 9 2 8 1 7 5 
20180602913 3 7 10 9 1 6 5 4 2 8 
20180602914 4 3 6 10 1 5 9 2 8 7 
20180602915 7 3 9 2 5 6 10 1 4 8 
20180602916 8 6 5 3 1 2 10 9 7 4 
20180602917 2 10 9 6 1 3 7 5 4 8 
20180602918 2 3 6 7 4 9 5 8 1 10 
20180602919 8 1 5 2 9 3 7 10 4 6 
20180602920 1 2 8 6 7 3 4 10 9 5 
20180602921 4 6 9 7 8 3 2 10 5 1 
20180602922 6 2 4 10 9 1 8 3 5 7 
20180602923 2 5 1 8 10 3 6 7 4 9 
20180602924 2 7 5 6 9 1 10 8 3 4 
20180602925 1 5 2 10 7 8 6 4 3 9 
20180602926 10 8 4 7 1 5 2 6 3 9 
20180602927 9 4 3 5 6 10 2 7 1 8 
20180602928 5 8 1 9 2 4 10 3 6 7 
20180602929 1 6 9 2 4 7 5 10 8 3 
20180602930 5 1 4 10 8 7 3 2 9 6 
20180602931 1 7 9 2 6 8 3 5 4 10 
20180602932 9 4 2 8 1 6 10 3 5 7 
20180602933 7 5 6 4 9 8 2 3 1 10 
20180602934 8 2 9 3 4 5 7 10 1 6 
20180602935 5 3 10 2 7 1 4 8 6 9 
20180602936 9 7 4 10 2 5 1 8 3 6 
20180602937 8 9 3 6 10 4 5 2 1 7 
20180602938 2 1 8 4 10 5 3 7 9 6 
20180602939 8 1 7 2 6 3 10 4 9 5 
20180602940 9 2 4 1 3 7 10 5 8 6 
20180602941 6 2 9 7 4 8 5 10 1 3 
20180602942 8 7 6 9 1 10 4 2 3 5 
20180602943 5 3 2 4 6 1 10 8 7 9 
20180602944 3 10 1 5 6 4 7 8 2 9 
20180602945 8 5 3 2 4 1 10 9 7 6 
20180602946 2 4 9 3 6 10 1 5 7 8 
20180602947 8 3 10 4 1 6 9 7 2 5 
20180602948 6 8 10 7 5 1 3 9 4 2 
20180602949 6 4 9 8 1 3 2 10 7 5 
20180602950 1 9 5 8 10 2 3 4 6 7 
20180602951 5 10 1 3 7 6 9 4 2 8 
20180602952 9 10 4 2 8 5 6 7 3 1 
20180602953 3 2 5 1 7 6 9 10 4 8 
20180602954 9 1 5 2 7 3 8 4 6 10 
20180602955 7 8 6 1 10 5 9 3 4 2 
20180602956 3 10 1 4 6 8 2 7 5 9 
20180602957 8 5 3 2 9 10 7 1 4 6 
20180602958 3 8 2 9 5 6 1 7 4 10 
20180602959 6 3 1 8 7 5 2 4 10 9 
20180602960 1 7 9 2 6 8 3 5 10 4 
20180602961 4 10 7 1 6 3 8 5 2 9 
20180602962 8 10 3 2 4 9 7 6 1 5 
20180602963 2 4 6 8 3 7 1 9 10 5 
20180602964 6 10 9 4 8 3 7 2 1 5 
20180602965 3 9 4 5 8 1 7 2 10 6 
20180602966 9 5 1 8 6 7 3 10 2 4 
20180602967 4 7 8 3 5 1 6 9 10 2 
20180602968 7 3 4 5 1 9 8 10 6 2 
20180602969 3 4 6 5 2 7 1 10 8 9 
20180602970 9 8 2 7 1 3 10 5 6 4 
20180602971 8 2 6 7 9 1 4 3 10 5 
20180602972 2 6 5 1 4 3 10 9 7 8 
20180602973 9 10 4 1 8 7 5 3 2 6 
20180602974 5 3 10 1 9 2 7 4 6 8 
20180602975 3 6 1 5 9 7 2 10 8 4 
20180602976 8 6 10 1 5 2 3 9 7 4 
20180602977 6 7 10 2 4 3 8 9 1 5 
20180602978 6 1 9 3 4 10 2 5 8 7 
20180602979 4 10 6 5 9 2 3 1 7 8 
20180602980 9 3 10 4 8 7 6 5 2 1 
20180602981 10 6 9 1 3 2 8 5 4 7 
20180602982 8 5 4 6 2 1 10 3 9 7 
20180602983 4 10 8 7 3 2 5 9 6 1 
20180602984 6 10 1 7 5 4 8 2 3 9 
20180602985 10 3 8 5 4 2 6 9 7 1 
