20180812001 8 3 9 7 2 6 1 10 4 5 
20180812002 9 3 1 2 8 7 10 5 4 6 
20180812003 2 5 1 7 8 4 6 10 9 3 
20180812004 10 5 9 1 4 6 3 7 8 2 
20180812005 7 9 8 5 2 6 10 3 4 1 
20180812006 3 5 10 9 2 7 8 6 4 1 
20180812007 9 8 5 6 1 2 10 4 7 3 
20180812008 5 9 4 10 2 3 8 7 6 1 
20180812009 6 4 9 8 1 7 2 5 3 10 
20180812010 7 10 6 3 1 9 2 8 5 4 
20180812011 5 2 3 10 7 1 9 8 4 6 
20180812012 5 10 4 1 9 7 6 3 2 8 
20180812013 8 3 2 7 10 4 6 9 5 1 
20180812014 9 6 4 10 5 8 1 7 2 3 
20180812015 9 1 5 3 8 10 7 6 4 2 
20180812016 3 6 7 8 10 2 1 9 4 5 
20180812017 1 8 4 2 9 7 5 10 3 6 
20180812018 5 1 6 8 3 10 2 4 9 7 
20180812019 2 9 7 1 5 10 6 8 4 3 
20180812020 6 2 9 10 5 1 8 4 3 7 
20180812021 8 6 7 5 10 9 2 3 1 4 
20180812022 4 9 3 7 1 10 2 5 6 8 
20180812023 5 7 6 2 9 3 10 8 4 1 
20180812024 8 2 1 9 5 3 4 6 7 10 
20180812025 2 6 1 8 9 4 7 5 3 10 
20180812026 7 9 1 8 5 4 3 10 6 2 
20180812027 3 1 4 2 5 10 7 6 9 8 
20180812028 2 9 4 10 5 6 1 7 8 3 
20180812029 3 8 9 7 6 4 2 1 5 10 
20180812030 8 4 9 2 7 1 3 5 10 6 
20180812031 3 7 9 8 4 6 5 2 1 10 
20180812032 9 10 3 1 7 2 4 6 5 8 
20180812033 1 3 7 6 2 8 9 4 5 10 
20180812034 10 8 5 9 7 6 4 2 1 3 
20180812035 1 9 6 10 8 4 5 3 7 2 
20180812036 2 7 10 3 6 1 5 4 8 9 
20180812037 8 1 6 4 7 9 3 2 10 5 
20180812038 4 7 6 9 1 3 5 2 8 10 
20180812039 1 10 8 2 5 7 6 4 3 9 
20180812040 9 6 7 8 1 3 10 2 5 4 
20180812041 6 10 1 4 2 8 7 5 3 9 
20180812042 7 1 3 8 6 10 9 2 4 5 
20180812043 10 8 4 6 7 9 2 3 1 5 
20180812044 10 5 3 8 1 2 6 4 7 9 
20180812045 7 3 5 4 6 2 8 10 1 9 
20180812046 6 2 10 9 5 7 8 3 1 4 
20180812047 8 1 9 5 7 3 2 4 6 10 
20180812048 4 1 7 9 6 8 2 5 10 3 
20180812049 7 1 3 9 2 8 6 4 10 5 
20180812050 9 6 5 3 4 10 8 2 1 7 
20180812051 8 9 1 5 7 6 10 2 4 3 
20180812052 9 5 7 10 2 3 8 4 1 6 
20180812053 4 10 8 5 6 2 9 3 1 7 
20180812054 8 9 7 4 5 10 1 2 6 3 
20180812055 1 3 9 2 7 6 10 5 4 8 
20180812056 2 8 3 6 1 7 4 10 5 9 
20180812057 6 9 7 10 1 5 3 2 8 4 
20180812058 2 6 5 8 1 7 9 3 10 4 
20180812059 9 6 10 7 3 1 2 5 8 4 
20180812060 7 4 10 9 8 3 5 1 2 6 
20180812061 5 4 2 9 10 1 8 7 3 6 
20180812062 10 1 2 8 4 6 7 3 5 9 
20180812063 3 8 7 9 4 2 10 6 5 1 
20180812064 4 9 8 7 10 1 2 3 5 6 
20180812065 1 4 5 9 8 2 10 7 3 6 
20180812066 6 9 3 8 10 1 2 4 5 7 
20180812067 2 7 10 1 6 9 3 4 5 8 
20180812068 3 10 5 1 6 2 4 9 7 8 
20180812069 7 10 4 1 8 6 3 2 9 5 
20180812070 2 10 6 3 7 1 8 4 9 5 
20180812071 1 2 10 7 5 4 3 9 6 8 
20180812072 2 3 9 7 6 8 10 1 4 5 
20180812073 6 3 10 2 4 5 1 8 7 9 
20180812074 4 3 9 8 6 1 7 10 2 5 
20180812075 6 5 9 2 1 4 3 10 8 7 
20180812076 1 5 3 9 10 4 8 6 2 7 
20180812077 5 6 3 10 9 8 4 1 2 7 
20180812078 3 1 5 2 10 6 7 4 9 8 
20180812079 10 2 9 6 1 5 3 7 8 4 
20180812080 4 10 8 1 5 3 7 2 9 6 
20180812081 7 10 1 3 4 2 8 6 9 5 
20180812082 6 8 10 9 7 2 3 1 5 4 
20180812083 1 10 8 2 4 5 9 3 6 7 
20180812084 10 4 8 1 3 7 5 9 6 2 
20180812085 6 8 1 5 2 9 7 3 10 4 
20180812086 9 2 1 4 3 7 10 6 5 8 
20180812087 7 3 1 4 10 8 2 5 6 9 
20180812088 10 1 9 7 8 6 4 2 5 3 
20180812089 3 1 2 5 9 6 7 8 10 4 
20180812090 7 9 1 4 8 10 5 3 2 6 
20180812091 8 10 9 5 6 1 4 7 3 2 
20180812092 7 9 2 3 4 5 8 10 1 6 
20180812093 2 4 5 10 9 6 8 7 1 3 
20180812094 8 9 2 10 5 1 7 6 4 3 
20180812095 7 9 2 4 8 1 6 10 3 5 
20180812096 8 2 1 9 5 10 7 4 3 6 
20180812097 8 6 2 3 4 9 5 1 10 7 
20180812098 3 9 7 10 2 4 1 6 8 5 
20180812099 3 5 2 1 10 8 9 7 4 6 
20180812100 7 2 10 3 8 5 6 4 9 1 
20180812101 8 3 9 10 6 4 7 5 1 2 
20180812102 7 8 3 5 2 4 6 10 9 1 
20180812103 10 1 3 6 4 5 8 9 2 7 
20180812104 10 1 6 5 9 3 8 7 2 4 
20180812105 9 8 7 2 4 6 5 3 10 1 
20180812106 6 2 5 8 3 7 10 4 9 1 
20180812107 1 4 10 8 2 3 7 5 9 6 
20180812108 1 4 2 7 8 6 5 9 3 10 
20180812109 7 2 4 8 1 5 3 6 10 9 
20180812110 9 6 4 10 2 5 1 8 7 3 
20180812111 6 3 8 7 5 1 9 10 2 4 
20180812112 5 7 8 6 3 4 1 10 9 2 
20180812113 2 5 1 9 10 7 4 8 6 3 
20180812114 2 1 8 3 4 9 5 10 7 6 
20180812115 2 4 3 7 6 9 8 10 5 1 
20180812116 6 10 3 8 7 5 4 2 1 9 
20180812117 3 7 6 5 1 2 4 9 10 8 
20180812118 9 1 5 6 10 8 7 2 3 4 
20180812119 6 1 7 9 8 5 2 4 3 10 
20180812120 10 3 7 5 8 9 2 1 4 6 
20180812121 9 4 1 6 8 7 3 5 10 2 
20180812122 5 1 3 2 7 8 10 6 4 9 
20180812123 9 1 5 6 4 10 2 8 7 3 
20180812124 1 5 7 4 6 9 3 2 8 10 
20180812125 9 6 5 2 7 8 3 1 4 10 
20180812126 3 4 10 7 8 9 6 5 1 2 
20180812127 9 2 7 3 4 10 5 8 1 6 
20180812128 6 10 7 4 2 8 9 1 3 5 
20180812129 5 2 1 4 6 8 9 3 10 7 
20180812130 6 1 2 9 4 7 3 10 8 5 
20180812131 1 4 7 3 5 8 2 9 10 6 
20180812132 5 4 2 6 1 10 7 8 3 9 
20180812133 3 10 6 2 1 8 9 7 4 5 
20180812134 7 6 8 5 4 10 9 1 3 2 
20180812135 3 5 6 7 4 8 2 1 10 9 
20180812136 9 6 3 2 8 1 5 7 4 10 
20180812137 10 9 2 8 5 7 4 6 1 3 
20180812138 3 8 9 10 7 4 6 1 5 2 
20180812139 9 8 2 4 7 5 10 1 6 3 
20180812140 4 8 2 3 6 7 1 10 9 5 
20180812141 2 9 1 6 4 5 10 7 8 3 
20180812142 1 7 10 4 5 6 8 2 3 9 
20180812143 4 8 7 6 5 3 9 1 2 10 
20180812144 1 8 10 5 2 6 7 3 4 9 
20180812145 5 2 1 8 4 6 7 3 10 9 
20180812146 9 10 4 3 7 1 5 2 8 6 
20180812147 1 7 2 8 10 6 9 5 4 3 
20180812148 7 2 6 4 8 10 9 3 5 1 
20180812149 6 1 10 4 3 2 9 5 7 8 
20180812150 4 6 2 1 5 3 9 7 10 8 
20180812151 2 7 8 9 3 1 4 5 6 10 
20180812152 5 4 7 2 10 9 6 3 1 8 
20180812153 6 10 7 8 4 9 1 3 5 2 
20180812154 9 10 2 6 1 3 5 7 8 4 
20180812155 2 4 10 9 8 5 7 3 6 1 
20180812156 2 7 6 9 4 1 5 8 10 3 
20180812157 6 10 1 9 8 4 2 3 5 7 
20180812158 1 8 2 6 10 5 9 3 4 7 
20180812159 10 8 4 6 1 7 3 2 9 5 
20180812160 6 8 10 3 9 7 2 5 4 1 
20180812161 8 2 10 1 3 7 6 5 4 9 
20180812162 7 4 8 6 5 9 2 1 10 3 
20180812163 8 1 4 6 5 9 10 3 2 7 
20180812164 4 8 7 3 9 2 1 10 6 5 
20180812165 1 3 4 9 2 10 8 6 5 7 
20180812166 10 3 6 5 8 9 4 2 1 7 
20180812167 3 10 7 8 1 6 2 4 9 5 
20180812168 4 2 10 9 5 7 6 1 8 3 
20180812169 2 5 6 1 4 7 10 9 8 3 
20180812170 10 3 2 9 5 1 8 6 7 4 
20180812171 2 8 9 7 1 3 10 6 5 4 
20180812172 7 4 8 3 5 6 9 10 2 1 
20180812173 9 5 3 10 8 7 4 1 2 6 
20180812174 4 6 7 1 8 3 2 5 10 9 
20180812175 7 10 8 6 5 9 1 4 3 2 
20180812176 6 10 5 2 9 7 8 1 3 4 
20180812177 3 10 8 6 4 5 7 9 2 1 
20180812178 1 9 7 3 10 6 2 4 5 8 
20180812179 8 1 5 10 3 7 4 9 6 2 
20180812180 6 7 5 9 8 1 4 10 3 2 
20180812181 5 7 2 10 9 8 1 6 3 4 
20180812182 9 1 7 8 3 5 10 4 6 2 
20180812183 2 9 5 7 3 10 4 1 8 6 
20180812184 2 5 4 8 9 10 6 7 1 3 
20180812185 4 9 2 3 10 6 8 7 1 5 
20180812186 2 7 10 4 9 1 3 6 5 8 
20180812187 7 4 5 2 10 9 8 6 3 1 
20180812188 7 8 6 10 9 1 3 4 2 5 
20180812189 10 1 8 5 3 2 4 7 9 6 
20180812190 3 8 4 2 9 7 1 10 6 5 
20180812191 3 1 7 5 4 2 10 9 6 8 
20180812192 1 10 3 4 5 8 2 7 6 9 
20180812193 3 4 5 7 9 8 6 10 1 2 
20180812194 9 1 4 6 8 5 2 10 3 7 
20180812195 6 5 10 1 7 4 8 3 2 9 
20180812196 2 8 4 9 10 3 7 6 1 5 
20180812197 4 2 1 8 5 6 7 3 10 9 
20180812198 9 3 6 10 7 2 5 8 4 1 
20180812199 7 10 1 3 2 8 5 6 4 9 
20180812200 9 6 4 10 8 1 5 2 3 7 
20180812201 1 8 9 3 7 4 10 6 2 5 
20180812202 3 10 4 5 9 7 1 8 2 6 
20180812203 9 5 1 7 3 8 2 4 6 10 
20180812204 2 10 1 7 5 3 8 6 4 9 
20180812205 3 1 6 9 5 7 8 2 4 10 
20180812206 3 8 10 6 9 5 1 7 4 2 
20180812207 10 6 7 1 3 4 8 9 5 2 
20180812208 6 7 10 1 5 8 9 3 2 4 
20180812209 2 10 6 7 4 9 3 1 5 8 
20180812210 1 7 9 6 3 4 8 10 2 5 
20180812211 10 5 6 8 9 1 7 3 2 4 
20180812212 3 9 6 5 2 7 10 4 1 8 
20180812213 3 4 2 8 6 9 7 10 1 5 
20180812214 8 6 3 7 4 9 1 2 10 5 
20180812215 9 10 2 4 3 7 5 8 1 6 
20180812216 2 3 10 7 1 5 8 6 4 9 
20180812217 10 8 9 4 6 7 5 3 2 1 
20180812218 7 1 2 4 5 10 9 8 3 6 
20180812219 7 2 5 10 4 3 6 8 1 9 
20180812220 4 10 6 8 9 2 7 1 3 5 
20180812221 7 2 9 8 3 6 4 5 10 1 
20180812222 3 4 2 7 6 1 10 5 8 9 
20180812223 9 4 10 3 6 8 5 7 1 2 
20180812224 5 8 3 7 9 2 10 6 4 1 
20180812225 4 9 8 6 7 10 2 3 1 5 
20180812226 2 1 3 8 9 4 5 7 10 6 
20180812227 4 9 8 7 6 2 10 1 5 3 
20180812228 5 6 1 2 10 8 4 9 3 7 
20180812229 6 1 8 9 2 3 5 7 4 10 
20180812230 5 8 3 4 10 1 7 6 9 2 
20180812231 7 2 3 6 8 1 9 5 10 4 
20180812232 2 3 7 6 10 1 8 4 5 9 
20180812233 3 10 5 4 8 6 1 7 9 2 
20180812234 6 7 4 8 3 2 10 5 1 9 
20180812235 2 1 8 4 9 3 10 5 7 6 
20180812236 4 10 6 3 9 8 1 2 7 5 
20180812237 2 4 7 10 6 1 9 3 5 8 
20180812238 1 6 7 5 10 4 8 9 2 3 
20180812239 9 5 7 8 4 1 3 10 2 6 
20180812240 4 1 8 2 9 7 3 6 10 5 
20180812241 5 3 10 2 8 9 7 6 4 1 
20180812242 7 8 4 1 5 3 2 9 6 10 
20180812243 10 8 4 3 2 5 9 6 7 1 
20180812244 8 5 4 1 10 3 2 6 7 9 
20180812245 4 9 10 1 3 6 2 5 8 7 
20180812246 2 10 4 5 1 8 9 7 6 3 
20180812247 6 10 8 2 3 4 5 7 9 1 
20180812248 1 8 5 3 6 10 2 7 9 4 
20180812249 9 7 1 8 6 5 2 3 4 10 
20180812250 6 2 7 4 8 9 10 5 3 1 
20180812251 9 10 2 6 5 1 8 7 3 4 
20180812252 9 7 4 10 6 3 1 2 5 8 
20180812253 4 3 7 5 2 9 1 8 10 6 
20180812254 1 7 5 9 6 3 10 4 2 8 
20180812255 9 10 8 5 4 3 7 1 2 6 
20180812256 9 10 3 1 4 6 2 7 8 5 
20180812257 4 9 6 1 2 3 7 10 8 5 
20180812258 10 5 1 7 9 2 8 3 6 4 
20180812259 4 1 9 6 3 2 8 10 7 5 
20180812260 5 8 7 10 4 2 9 3 1 6 
20180812261 2 9 5 3 4 6 10 1 8 7 
20180812262 4 7 9 2 10 5 8 6 1 3 
20180812263 7 1 3 9 2 10 4 8 6 5 
20180812264 8 3 7 1 2 6 9 5 4 10 
20180812265 10 1 9 4 8 3 7 2 6 5 
20180812266 6 3 2 4 1 8 5 9 10 7 
20180812267 4 5 9 3 1 2 7 8 6 10 
20180812268 3 9 5 7 4 1 8 10 2 6 
20180812269 10 5 2 9 3 4 1 6 8 7 
20180812270 7 5 3 4 9 8 1 10 6 2 
20180812271 6 9 3 10 4 1 8 2 5 7 
20180812272 4 8 6 1 3 10 5 7 9 2 
20180812273 10 6 9 1 4 5 2 8 7 3 
20180812274 2 5 8 4 3 6 10 7 9 1 
20180812275 9 2 7 1 5 4 10 8 6 3 
20180812276 5 8 2 1 4 7 3 10 9 6 
20180812277 8 6 2 5 3 1 9 10 7 4 
20180812278 3 6 8 5 10 1 4 9 7 2 
20180812279 2 9 10 7 3 4 8 5 1 6 
20180812280 5 10 6 9 3 1 8 7 2 4 
20180812281 8 2 6 9 1 5 10 7 4 3 
20180812282 2 6 9 8 4 5 10 7 1 3 
20180812283 2 7 8 4 9 1 10 6 5 3 
20180812284 6 10 8 3 1 2 9 5 4 7 
20180812285 1 7 3 2 9 5 10 4 8 6 
20180812286 3 7 5 6 2 1 8 9 10 4 
20180812287 10 7 8 4 6 3 1 9 2 5 
20180812288 3 5 7 2 4 9 6 1 10 8 
20180812289 2 9 5 6 4 3 1 10 7 8 
20180812290 9 10 7 3 5 4 2 6 8 1 
20180812291 9 10 7 8 2 3 4 1 6 5 
20180812292 10 6 5 2 7 4 3 9 1 8 
20180812293 10 4 5 2 9 8 1 3 7 6 
20180812294 8 6 7 10 5 3 4 2 9 1 
20180812295 4 9 6 1 3 10 8 2 7 5 
20180812296 5 7 1 3 4 8 10 6 9 2 
20180812297 3 9 7 4 10 2 8 1 6 5 
20180812298 3 6 10 5 2 9 8 7 4 1 
20180812299 8 9 10 4 6 1 3 2 7 5 
20180812300 6 5 3 7 9 8 2 10 1 4 
20180812301 9 2 3 6 8 4 7 5 1 10 
20180812302 7 8 3 5 6 9 4 10 2 1 
20180812303 8 7 10 3 1 2 9 4 5 6 
20180812304 7 2 5 4 3 1 10 9 6 8 
20180812305 8 1 6 7 4 5 10 9 2 3 
20180812306 3 10 2 7 9 8 4 6 1 5 
20180812307 5 8 9 4 3 7 6 10 2 1 
20180812308 1 2 7 8 4 9 3 5 6 10 
20180812309 8 4 5 10 1 3 7 2 6 9 
20180812310 2 8 9 7 4 10 6 3 5 1 
20180812311 5 2 9 4 10 1 7 3 6 8 
20180812312 4 7 1 5 9 8 2 3 10 6 
20180812313 10 4 5 1 2 8 6 9 7 3 
20180812314 2 5 6 4 10 7 3 9 1 8 
20180812315 10 7 3 8 6 2 4 9 5 1 
20180812316 9 8 10 4 7 6 2 5 3 1 
20180812317 7 10 3 9 1 5 6 4 2 8 
20180812318 1 2 7 8 6 5 3 9 4 10 
20180812319 4 5 3 7 1 6 8 10 2 9 
20180812320 1 6 8 10 5 7 9 3 2 4 
20180812321 3 1 7 4 10 6 9 2 5 8 
20180812322 8 9 3 10 6 2 5 7 4 1 
20180812323 9 6 10 5 3 1 7 2 8 4 
20180812324 4 7 1 2 8 10 3 5 6 9 
20180812325 8 9 1 10 7 6 2 4 3 5 
20180812326 9 4 7 8 5 10 2 1 6 3 
20180812327 3 4 8 10 9 5 7 1 6 2 
20180812328 1 9 2 8 10 7 4 6 3 5 
20180812329 7 2 8 10 5 6 9 4 1 3 
20180812330 1 6 7 5 8 4 3 10 9 2 
20180812331 1 5 4 6 2 10 9 3 7 8 
20180812332 4 7 9 10 5 1 8 3 2 6 
20180812333 3 5 2 8 9 10 6 7 4 1 
20180812334 8 9 6 1 7 4 2 5 10 3 
20180812335 7 4 3 9 10 6 5 2 1 8 
20180812336 8 9 5 1 7 4 3 6 2 10 
20180812337 4 7 2 8 9 3 5 6 10 1 
20180812338 7 2 1 9 6 10 4 3 8 5 
20180812339 7 2 9 5 10 4 8 6 1 3 
20180812340 5 6 9 8 7 10 4 3 1 2 
20180812341 3 4 2 5 10 1 6 9 8 7 
20180812342 7 3 10 9 5 6 1 4 8 2 
20180812343 8 2 9 4 5 7 6 10 3 1 
20180812344 2 8 6 4 3 5 1 9 7 10 
20180812345 6 4 9 3 2 8 1 10 7 5 
20180812346 4 9 1 2 7 8 5 6 10 3 
20180812347 3 10 6 4 8 7 2 1 9 5 
20180812348 7 2 5 1 9 3 10 4 8 6 
20180812349 9 4 3 6 8 2 1 7 10 5 
20180812350 2 6 1 4 10 8 3 5 9 7 
20180812351 1 2 7 4 5 10 3 9 6 8 
20180812352 3 8 4 9 2 5 7 1 6 10 
20180812353 10 8 9 7 3 6 4 5 2 1 
20180812354 10 6 9 1 5 2 8 3 7 4 
20180812355 6 5 3 2 1 10 4 9 7 8 
20180812356 6 9 5 7 8 4 2 10 3 1 
20180812357 9 8 10 5 7 4 2 3 1 6 
20180812358 7 2 5 3 6 1 4 8 9 10 
20180812359 1 9 7 6 8 10 3 4 5 2 
20180812360 3 6 1 4 8 2 9 5 10 7 
20180812361 1 10 4 6 8 5 7 9 3 2 
20180812362 8 6 4 2 1 5 9 10 3 7 
20180812363 2 7 3 8 1 6 9 10 5 4 
20180812364 9 10 7 6 1 3 4 2 5 8 
20180812365 3 5 4 1 6 10 7 2 8 9 
20180812366 1 4 6 8 10 9 5 2 3 7 
20180812367 10 7 3 1 2 9 4 8 5 6 
20180812368 8 2 9 1 6 7 10 3 5 4 
20180812369 8 2 4 9 5 3 1 6 10 7 
20180812370 9 8 10 1 7 2 4 5 3 6 
20180812371 9 5 7 2 1 6 4 3 10 8 
20180812372 2 5 6 4 10 1 8 3 7 9 
20180812373 6 5 10 2 1 7 3 9 4 8 
20180812374 6 9 2 7 5 10 1 8 4 3 
20180812375 8 7 4 5 2 9 10 1 6 3 
20180812376 3 9 5 8 1 6 4 7 10 2 
20180812377 8 1 4 7 2 6 10 3 9 5 
20180812378 9 1 6 4 5 2 3 10 7 8 
20180812379 7 4 6 8 5 3 9 2 10 1 
20180812380 3 7 8 5 2 6 1 10 4 9 
20180812381 9 3 8 5 4 10 2 6 7 1 
20180812382 4 6 5 3 7 8 9 2 10 1 
20180812383 2 6 9 8 7 5 10 1 3 4 
20180812384 8 4 7 1 2 5 3 10 6 9 
20180812385 1 5 2 8 10 6 7 9 4 3 
20180812386 7 10 4 3 9 6 8 1 2 5 
20180812387 8 4 7 6 5 2 10 9 3 1 
20180812388 8 6 9 10 4 3 2 7 1 5 
20180812389 1 8 5 6 2 4 10 7 9 3 
20180812390 1 5 6 10 4 3 9 2 8 7 
20180812391 10 2 7 1 6 9 5 3 8 4 
20180812392 8 4 2 3 5 1 9 7 6 10 
20180812393 2 5 9 8 3 6 10 7 4 1 
20180812394 9 2 3 10 8 4 5 6 7 1 
20180812395 2 4 8 10 9 3 5 7 1 6 
20180812396 8 6 10 9 5 1 2 4 3 7 
20180812397 3 5 9 6 8 1 10 4 2 7 
20180812398 2 4 3 9 6 7 10 5 8 1 
20180812399 8 2 4 6 10 7 9 5 3 1 
20180812400 2 8 10 1 7 9 6 3 4 5 
20180812401 9 3 4 6 7 5 8 10 1 2 
20180812402 9 4 6 1 10 8 5 3 7 2 
20180812403 1 10 7 9 6 8 3 5 4 2 
20180812404 1 6 4 2 10 5 7 3 9 8 
20180812405 7 1 5 2 8 10 3 6 9 4 
20180812406 4 2 9 6 3 10 5 1 7 8 
20180812407 3 6 7 1 5 9 8 4 2 10 
20180812408 9 1 4 5 10 3 8 2 6 7 
20180812409 3 6 7 1 2 8 9 10 5 4 
20180812410 6 4 9 7 3 8 1 10 2 5 
20180812411 4 7 2 3 10 8 9 6 1 5 
20180812412 4 3 5 10 8 2 7 1 9 6 
20180812413 9 6 4 5 2 7 3 10 8 1 
20180812414 6 2 5 3 8 7 1 10 9 4 
20180812415 8 7 3 4 6 10 2 9 5 1 
20180812416 10 8 6 5 4 1 7 2 9 3 
20180812417 2 3 4 8 7 10 9 6 1 5 
20180812418 6 1 9 8 3 10 7 5 2 4 
20180812419 9 8 7 2 5 4 6 10 3 1 
20180812420 8 7 1 6 10 3 5 2 9 4 
20180812421 3 4 1 5 7 6 10 8 9 2 
20180812422 2 4 1 7 10 6 9 8 3 5 
20180812423 6 4 5 9 8 3 1 2 7 10 
20180812424 4 2 7 6 1 5 8 10 3 9 
20180812425 5 1 2 8 10 6 9 3 7 4 
20180812426 10 7 8 1 3 5 6 4 2 9 
20180812427 1 5 3 2 9 7 10 6 4 8 
20180812428 9 6 10 2 8 5 7 3 4 1 
20180812429 6 7 9 8 10 1 4 5 3 2 
20180812430 5 4 8 2 10 9 6 7 3 1 
20180812431 2 8 9 3 5 4 10 7 1 6 
20180812432 9 8 10 2 7 3 4 6 5 1 
20180812433 9 2 10 6 8 3 5 7 1 4 
20180812434 4 3 8 5 10 1 6 7 9 2 
20180812435 2 4 7 9 6 8 1 10 3 5 
20180812436 9 2 5 7 1 3 10 4 8 6 
20180812437 8 3 7 2 9 4 6 10 1 5 
20180812438 6 4 9 7 3 8 5 10 2 1 
20180812439 5 2 4 10 3 9 1 8 7 6 
20180812440 2 6 10 9 3 7 1 5 4 8 
20180812441 7 5 8 2 9 1 3 6 4 10 
20180812442 3 9 6 4 8 5 1 10 7 2 
20180812443 2 8 3 7 5 10 9 4 1 6 
20180812444 1 4 2 5 9 3 8 7 6 10 
20180812445 7 8 6 1 3 4 2 10 9 5 
20180812446 9 2 4 10 7 5 6 1 3 8 
20180812447 9 3 4 10 5 1 8 2 6 7 
20180812448 1 8 3 5 10 6 9 7 4 2 
20180812449 7 5 9 2 3 8 4 6 10 1 
20180812450 4 9 10 1 7 3 5 2 8 6 
20180812451 6 10 8 7 1 3 5 2 4 9 
20180812452 8 6 10 9 7 3 1 5 4 2 
20180812453 7 4 1 9 8 2 3 6 10 5 
20180812454 6 9 1 2 7 5 4 8 3 10 
20180812455 7 10 9 6 1 2 5 3 8 4 
20180812456 8 2 3 10 4 5 9 6 7 1 
20180812457 2 6 1 3 9 5 8 10 7 4 
20180812458 8 4 9 5 1 7 10 6 3 2 
20180812459 7 6 3 1 2 9 10 4 8 5 
20180812460 10 7 9 5 6 3 8 2 4 1 
20180812461 4 7 2 6 3 5 8 10 1 9 
20180812462 7 8 1 9 5 4 3 6 2 10 
20180812463 1 4 7 9 8 3 6 5 2 10 
20180812464 6 9 8 2 5 4 1 10 3 7 
20180812465 7 6 1 9 2 5 4 10 3 8 
20180812466 5 4 1 2 10 9 3 8 7 6 
20180812467 6 2 7 4 10 1 9 3 5 8 
20180812468 7 8 3 5 10 1 4 2 6 9 
20180812469 10 4 9 8 7 1 5 3 2 6 
20180812470 5 7 8 10 9 4 1 2 6 3 
20180812471 8 3 4 6 2 10 1 9 7 5 
20180812472 3 9 8 2 10 7 6 5 1 4 
20180812473 1 4 2 9 10 8 3 7 5 6 
20180812474 9 1 3 10 4 2 6 8 5 7 
20180812475 4 7 5 3 6 1 8 9 10 2 
20180812476 10 5 2 6 1 4 9 8 7 3 
20180812477 7 4 10 8 1 5 3 6 2 9 
20180812478 9 6 5 4 7 1 10 3 8 2 
20180812479 5 7 1 3 8 9 2 10 6 4 
20180812480 2 10 6 3 5 7 1 4 8 9 
20180812481 10 4 2 6 5 7 9 3 1 8 
20180812482 2 3 9 6 10 7 8 1 4 5 
20180812483 9 8 4 10 7 3 6 2 5 1 
20180812484 5 7 6 8 3 4 9 1 10 2 
20180812485 2 4 8 7 1 3 5 9 10 6 
20180812486 10 2 3 4 6 5 7 9 1 8 
20180812487 9 4 6 1 10 2 8 7 3 5 
20180812488 7 1 5 2 3 8 9 4 6 10 
20180812489 10 9 1 7 8 4 3 5 2 6 
20180812490 6 9 8 3 4 2 1 7 10 5 
20180812491 4 6 2 9 5 1 8 3 7 10 
20180812492 3 9 4 8 5 6 10 7 2 1 
20180812493 3 10 2 7 1 6 9 4 8 5 
20180812494 10 8 4 6 2 7 9 3 5 1 
20180812495 5 9 2 4 7 6 1 10 8 3 
20180812496 7 5 4 2 3 8 1 9 10 6 
20180812497 7 2 8 3 5 4 1 9 6 10 
20180812498 6 10 8 1 3 2 7 5 4 9 
20180812499 9 8 10 5 7 2 6 1 4 3 
20180812500 6 2 7 5 8 4 9 1 10 3 
20180812501 4 9 2 3 7 10 5 1 8 6 
20180812502 6 10 9 4 5 8 2 3 7 1 
20180812503 5 4 8 1 3 6 2 10 7 9 
20180812504 4 8 6 1 10 9 7 2 3 5 
20180812505 2 3 9 1 6 8 7 5 10 4 
20180812506 9 8 3 1 5 7 10 2 6 4 
20180812507 6 10 4 2 9 5 8 7 3 1 
20180812508 3 2 10 4 1 6 7 5 9 8 
20180812509 1 8 9 10 2 6 4 5 7 3 
20180812510 9 6 8 2 1 4 5 7 10 3 
20180812511 9 3 7 4 2 10 5 8 1 6 
20180812512 4 10 3 5 2 8 7 1 6 9 
20180812513 6 2 3 10 5 8 7 1 4 9 
20180812514 8 3 1 7 4 2 5 9 6 10 
20180812515 6 1 10 7 4 8 3 2 9 5 
20180812516 10 1 9 2 6 7 4 8 3 5 
20180812517 10 2 3 7 8 6 4 1 5 9 
20180812518 6 9 8 10 2 7 4 5 3 1 
20180812519 9 4 10 2 6 1 3 5 7 8 
20180812520 8 5 3 1 2 4 10 9 6 7 
20180812521 2 6 1 8 3 10 9 5 4 7 
20180812522 2 8 1 4 6 5 9 7 3 10 
20180812523 5 2 6 1 9 3 7 10 8 4 
20180812524 10 8 4 9 5 2 7 3 1 6 
20180812525 2 3 8 10 1 6 5 4 9 7 
20180812526 2 4 5 9 7 8 1 6 3 10 
20180812527 10 6 1 8 9 2 3 4 5 7 
20180812528 10 1 2 9 5 7 6 3 4 8 
20180812529 2 7 9 8 4 6 10 3 5 1 
20180812530 2 8 5 9 3 7 4 10 1 6 
20180812531 3 2 1 4 5 8 10 7 9 6 
20180812532 10 7 5 1 8 3 6 4 9 2 
20180812533 3 4 9 10 8 2 6 1 7 5 
20180812534 7 9 8 4 6 2 10 3 1 5 
20180812535 8 7 1 2 4 9 6 5 10 3 
20180812536 7 1 5 9 10 4 6 2 3 8 
20180812537 3 9 4 10 7 8 5 2 1 6 
20180812538 10 1 4 6 5 8 3 7 2 9 
20180812539 10 4 7 6 9 2 5 1 8 3 
20180812540 7 8 9 6 5 3 10 2 4 1 
20180812541 2 3 6 10 8 4 5 9 7 1 
20180812542 5 9 4 2 3 7 8 6 1 10 
20180812543 4 7 3 9 2 6 8 1 5 10 
20180812544 1 5 8 10 9 6 4 2 3 7 
20180812545 5 4 1 2 9 3 6 8 7 10 
20180812546 10 4 8 5 6 7 3 9 2 1 
20180812547 3 7 8 5 6 9 4 2 1 10 
20180812548 3 8 2 9 5 7 1 6 4 10 
20180812549 2 7 3 9 1 10 8 4 5 6 
20180812550 10 6 3 1 4 8 5 7 2 9 
20180812551 5 8 3 10 7 9 2 1 4 6 
20180812552 10 4 9 7 1 3 5 2 6 8 
20180812553 4 6 3 5 10 9 8 1 7 2 
20180812554 1 5 6 10 3 9 7 4 2 8 
20180812555 1 9 7 4 3 5 2 6 8 10 
20180812556 9 8 10 6 1 2 5 3 7 4 
20180812557 6 10 3 5 7 4 9 2 1 8 
20180812558 10 9 4 8 7 5 3 1 6 2 
20180812559 10 5 4 6 2 3 9 8 7 1 
20180812560 8 7 5 4 9 1 6 10 3 2 
20180812561 4 3 6 8 10 1 2 5 9 7 
20180812562 6 7 4 5 10 1 8 3 9 2 
20180812563 5 9 1 6 10 4 7 8 3 2 
20180812564 6 2 4 7 1 3 5 9 10 8 
20180812565 7 2 1 3 10 4 6 8 5 9 
20180812566 3 8 10 1 6 4 7 5 2 9 
20180812567 5 1 6 9 4 10 7 3 8 2 
20180812568 9 7 3 4 1 10 6 2 5 8 
20180812569 2 4 1 6 9 8 7 3 5 10 
20180812570 7 1 4 5 9 10 2 6 8 3 
20180812571 1 10 3 7 6 8 5 4 2 9 
20180812572 5 8 4 3 2 9 1 7 10 6 
20180812573 6 5 4 8 1 10 9 7 2 3 
20180812574 4 9 7 6 1 5 2 8 3 10 
20180812575 5 4 7 8 9 6 3 10 1 2 
20180812576 5 6 10 7 9 3 8 4 1 2 
20180812577 9 2 4 10 8 5 3 1 6 7 
20180812578 10 5 2 1 7 9 4 3 8 6 
20180812579 2 1 10 3 5 4 7 8 9 6 
20180812580 5 8 3 2 1 10 4 6 7 9 
20180812581 4 6 3 1 10 8 2 7 9 5 
20180812582 8 3 9 1 6 5 2 7 10 4 
20180812583 8 1 7 2 9 6 3 5 4 10 
20180812584 5 1 4 2 9 10 3 8 7 6 
20180812585 1 2 4 8 5 9 6 3 10 7 
20180812586 6 2 5 7 1 3 10 4 9 8 
20180812587 9 10 7 4 2 6 8 3 5 1 
20180812588 4 1 9 8 7 5 3 6 2 10 
20180812589 10 1 6 3 9 7 8 2 5 4 
20180812590 7 9 10 2 6 4 5 1 8 3 
20180812591 10 1 8 9 6 5 3 2 7 4 
20180812592 3 9 5 2 6 1 10 8 7 4 
20180812593 7 2 10 6 9 5 4 1 8 3 
20180812594 5 7 6 3 10 8 1 4 2 9 
20180812595 1 9 3 7 5 2 6 4 8 10 
20180812596 8 4 10 5 6 1 2 9 3 7 
20180812597 6 8 2 4 1 3 5 10 9 7 
20180812598 10 7 9 4 8 3 6 5 2 1 
20180812599 2 7 5 9 6 8 3 10 1 4 
20180812600 3 1 10 4 6 2 8 7 9 5 
20180812601 10 9 1 5 7 8 2 3 6 4 
20180812602 10 4 9 2 1 5 8 6 3 7 
20180812603 1 4 10 7 6 8 2 5 9 3 
20180812604 1 6 9 3 2 7 10 5 4 8 
20180812605 4 1 5 9 2 6 3 10 8 7 
20180812606 6 10 2 4 7 9 5 8 3 1 
20180812607 7 10 4 2 5 6 3 8 1 9 
20180812608 8 2 7 4 3 5 6 9 10 1 
20180812609 3 5 7 9 4 2 8 10 1 6 
20180812610 10 8 3 2 9 4 6 7 5 1 
20180812611 1 8 7 10 5 4 9 6 2 3 
20180812612 2 8 5 3 7 10 4 1 9 6 
20180812613 7 1 5 3 4 8 6 2 10 9 
20180812614 4 3 9 10 1 5 7 2 8 6 
20180812615 2 4 7 1 5 6 9 8 10 3 
20180812616 8 1 5 7 4 9 2 10 3 6 
20180812617 7 9 6 5 8 1 10 3 2 4 
20180812618 3 9 6 8 10 5 7 2 1 4 
20180812619 2 7 3 4 1 5 9 6 10 8 
20180812620 4 1 3 6 8 10 2 7 5 9 
20180812621 1 10 6 3 9 5 8 4 2 7 
20180812622 9 3 5 1 6 4 7 10 2 8 
20180812623 2 10 7 9 1 8 6 5 4 3 
20180812624 3 2 6 9 7 1 8 4 10 5 
20180812625 6 10 8 3 1 7 9 4 2 5 
20180812626 7 6 2 8 10 1 4 3 5 9 
20180812627 10 6 8 3 1 5 7 4 9 2 
20180812628 1 7 3 10 6 8 4 2 5 9 
20180812629 1 5 6 9 4 10 8 3 2 7 
20180812630 8 5 1 10 3 9 6 2 4 7 
20180812631 4 10 9 2 1 6 3 8 7 5 
20180812632 7 6 9 8 1 2 3 4 10 5 
20180812633 10 2 3 9 7 1 4 8 5 6 
20180812634 8 7 1 3 4 10 2 5 9 6 
20180812635 2 8 10 6 9 5 4 3 7 1 
20180812636 6 3 5 1 9 4 8 10 2 7 
20180812637 4 10 7 5 1 2 9 6 8 3 
20180812638 2 3 7 4 6 5 10 1 8 9 
20180812639 9 2 6 1 10 5 8 3 7 4 
20180812640 5 8 7 3 4 9 1 6 2 10 
20180812641 1 5 7 2 9 4 6 8 10 3 
20180812642 6 5 7 2 1 8 4 3 9 10 
20180812643 8 6 10 7 4 5 3 2 9 1 
20180812644 2 1 9 3 7 5 8 4 10 6 
20180812645 9 5 10 3 4 8 7 6 2 1 
20180812646 1 10 5 7 9 4 8 3 2 6 
20180812647 7 10 2 1 3 5 6 8 9 4 
20180812648 1 10 8 5 4 3 9 6 2 7 
20180812649 6 10 1 7 4 5 9 2 3 8 
20180812650 3 8 6 7 1 2 9 10 4 5 
20180812651 6 10 8 4 3 9 1 7 5 2 
20180812652 9 8 3 6 1 5 4 2 7 10 
20180812653 3 7 9 10 2 5 4 1 6 8 
20180812654 7 9 5 1 10 2 8 3 6 4 
20180812655 3 5 2 10 6 7 4 1 8 9 
20180812656 2 1 10 3 5 6 9 4 7 8 
20180812657 2 10 5 7 1 9 6 8 3 4 
20180812658 10 9 2 5 7 3 1 4 6 8 
20180812659 3 9 10 6 1 8 5 7 2 4 
20180812660 1 4 8 3 9 2 10 6 7 5 
20180812661 4 8 7 5 3 10 1 6 9 2 
20180812662 9 5 10 3 7 4 2 6 1 8 
20180812663 2 4 7 5 10 1 6 3 8 9 
20180812664 8 7 9 2 5 6 1 3 4 10 
20180812665 7 2 8 1 4 3 10 6 9 5 
20180812666 8 6 9 4 1 7 2 3 5 10 
20180812667 2 4 1 7 8 5 10 3 9 6 
20180812668 10 4 2 6 9 5 7 3 8 1 
20180812669 6 9 2 10 7 3 1 8 5 4 
20180812670 4 2 10 1 9 5 7 3 8 6 
20180812671 10 2 1 9 6 8 3 7 4 5 
20180812672 2 5 9 3 4 1 7 8 6 10 
20180812673 1 7 3 5 9 2 10 6 4 8 
20180812674 6 10 5 2 1 3 4 9 7 8 
20180812675 10 1 4 2 3 9 8 5 6 7 
20180812676 2 8 1 5 6 10 9 7 3 4 
20180812677 9 7 5 2 3 4 1 10 6 8 
20180812678 3 8 5 6 2 9 7 4 1 10 
20180812679 7 3 5 2 9 8 4 6 1 10 
20180812680 10 4 6 2 5 8 3 9 1 7 
20180812681 9 8 5 6 7 2 10 4 1 3 
20180812682 8 7 1 10 3 9 2 4 5 6 
20180812683 3 2 6 9 1 7 10 8 4 5 
20180812684 7 6 4 2 8 9 1 10 5 3 
20180812685 6 9 10 3 4 5 7 2 8 1 
20180812686 10 6 8 9 7 1 4 5 3 2 
20180812687 4 6 5 10 1 3 7 8 2 9 
20180812688 6 1 2 7 3 4 8 5 10 9 
20180812689 1 3 5 6 10 4 7 2 9 8 
20180812690 6 3 1 8 4 2 9 10 5 7 
20180812691 9 7 10 4 5 1 2 8 3 6 
20180812692 1 6 8 9 7 2 5 4 10 3 
20180812693 8 4 10 7 9 6 5 3 2 1 
20180812694 4 1 6 7 8 10 9 3 2 5 
20180812695 1 7 4 5 10 3 2 9 6 8 
20180812696 7 5 4 10 8 9 1 3 6 2 
20180812697 8 4 9 3 6 5 10 1 2 7 
20180812698 2 3 6 7 5 8 10 4 1 9 
20180812699 7 1 5 9 10 3 6 4 8 2 
20180812700 6 7 4 10 5 2 8 9 3 1 
20180812701 4 7 8 1 9 5 3 6 2 10 
20180812702 7 6 3 1 2 10 8 4 5 9 
20180812703 9 8 5 7 4 3 1 6 2 10 
20180812704 10 2 8 4 7 3 1 5 6 9 
20180812705 7 3 6 9 10 8 2 1 5 4 
20180812706 4 9 1 8 7 10 6 3 2 5 
20180812707 1 9 8 7 3 10 2 4 5 6 
20180812708 10 6 8 5 2 4 7 1 9 3 
20180812709 6 10 9 3 4 7 5 2 8 1 
20180812710 10 6 3 7 5 9 8 4 1 2 
20180812711 1 2 8 4 10 3 9 5 7 6 
20180812712 2 1 9 8 7 5 3 4 10 6 
20180812713 8 9 6 4 5 1 3 10 7 2 
20180812714 4 8 3 7 1 10 5 6 9 2 
20180812715 5 7 8 1 6 9 3 10 2 4 
20180812716 9 3 10 4 2 8 7 1 6 5 
20180812717 7 6 5 9 10 4 8 3 2 1 
20180812718 8 9 2 6 7 1 4 10 3 5 
20180812719 6 4 1 3 5 8 2 10 9 7 
20180812720 9 1 3 5 7 10 2 6 8 4 
20180812721 8 4 7 6 2 10 5 3 1 9 
20180812722 9 1 4 8 2 10 7 6 5 3 
20180812723 6 7 10 9 5 2 1 8 3 4 
20180812724 10 4 1 3 6 8 9 7 5 2 
20180812725 8 10 5 3 2 7 4 6 1 9 
20180812726 7 10 9 6 1 4 8 3 5 2 
20180812727 9 5 8 7 2 3 1 10 4 6 
20180812728 6 5 10 4 1 3 2 7 8 9 
20180812729 1 10 6 3 5 7 8 4 9 2 
20180812730 8 4 2 10 3 6 9 5 1 7 
20180812731 6 9 5 4 8 10 3 7 1 2 
20180812732 8 7 6 5 9 2 1 4 3 10 
20180812733 3 5 6 1 10 8 7 9 4 2 
20180812734 5 9 7 10 3 8 2 1 4 6 
20180812735 1 8 7 3 10 4 5 6 2 9 
20180812736 2 9 6 10 4 7 5 3 8 1 
20180812737 1 7 6 9 2 10 4 3 5 8 
20180812738 9 1 4 3 10 2 8 6 5 7 
20180812739 8 2 9 10 4 1 5 3 6 7 
20180812740 6 4 10 1 5 8 7 9 2 3 
20180812741 7 1 9 8 4 6 3 5 10 2 
20180812742 5 8 1 6 2 10 4 9 3 7 
20180812743 1 8 6 3 2 9 5 4 10 7 
20180812744 3 9 10 6 8 5 2 4 7 1 
20180812745 7 1 2 5 8 9 3 4 6 10 
20180812746 9 10 1 6 7 2 4 3 5 8 
20180812747 2 4 3 7 10 8 1 6 9 5 
20180812748 4 2 6 3 5 10 7 1 9 8 
20180812749 9 8 3 7 2 10 4 1 6 5 
20180812750 4 9 7 10 5 8 6 3 2 1 
20180812751 2 1 9 10 8 6 7 5 4 3 
20180812752 6 7 5 10 8 1 4 9 3 2 
20180812753 5 1 6 10 2 7 3 9 8 4 
20180812754 2 3 6 10 4 5 7 8 1 9 
20180812755 6 2 3 10 4 8 5 1 7 9 
20180812756 7 6 10 8 2 5 3 1 4 9 
20180812757 7 5 9 2 4 3 8 6 10 1 
20180812758 3 6 4 1 8 10 7 9 5 2 
20180812759 2 5 9 6 10 7 8 1 4 3 
20180812760 4 6 9 8 1 2 5 10 7 3 
20180812761 4 5 3 1 10 8 6 7 9 2 
20180812762 9 7 1 4 8 10 3 6 2 5 
20180812763 4 3 5 2 8 1 10 6 7 9 
20180812764 7 9 2 5 10 4 8 6 1 3 
20180812765 3 9 8 5 1 2 7 4 6 10 
20180812766 1 7 5 8 9 3 2 6 4 10 
20180812767 1 9 5 8 4 3 2 7 6 10 
20180812768 7 4 9 2 1 10 5 3 8 6 
20180812769 4 2 8 1 6 7 3 10 9 5 
20180812770 2 8 3 1 5 9 10 4 7 6 
20180812771 3 10 9 7 5 8 6 1 4 2 
20180812772 4 3 6 2 7 8 10 1 9 5 
20180812773 5 7 1 3 2 10 6 9 8 4 
20180812774 7 3 6 9 2 5 4 8 10 1 
20180812775 8 5 7 6 1 4 9 3 10 2 
20180812776 6 10 4 3 5 8 2 1 7 9 
20180812777 7 3 2 1 8 5 4 6 9 10 
20180812778 6 4 10 5 3 8 7 1 2 9 
20180812779 3 5 1 4 2 7 6 8 10 9 
20180812780 3 8 10 4 9 7 6 5 2 1 
20180812781 5 7 3 6 8 9 4 2 10 1 
20180812782 3 9 5 6 7 8 4 10 1 2 
20180812783 8 7 1 3 5 10 4 2 6 9 
20180812784 1 5 8 2 7 10 4 3 9 6 
20180812785 9 8 10 5 6 1 7 3 4 2 
20180812786 9 8 7 6 2 4 3 10 5 1 
20180812787 5 2 3 6 1 4 10 9 7 8 
20180812788 7 2 6 1 3 4 9 5 8 10 
20180812789 1 7 9 5 6 4 3 8 2 10 
20180812790 10 5 6 1 8 7 3 2 9 4 
20180812791 8 2 6 7 3 1 10 5 4 9 
20180812792 5 9 3 6 8 2 10 7 1 4 
20180812793 7 2 10 8 4 9 1 3 5 6 
20180812794 6 2 8 9 5 10 1 7 3 4 
20180812795 9 7 1 2 10 8 4 6 3 5 
20180812796 4 6 8 1 3 2 5 9 7 10 
20180812797 4 5 7 6 8 10 1 2 9 3 
20180812798 3 10 6 9 7 5 4 2 1 8 
20180812799 6 1 9 7 2 5 10 8 3 4 
20180812800 1 3 9 10 8 4 7 2 5 6 
20180812801 6 2 4 8 9 1 10 5 7 3 
20180812802 7 6 8 10 2 3 9 1 5 4 
20180812803 2 3 8 6 4 7 1 10 9 5 
20180812804 4 1 6 5 2 10 3 9 7 8 
20180812805 2 5 10 9 3 1 6 4 7 8 
20180812806 10 1 2 6 9 4 5 7 8 3 
20180812807 6 5 10 3 1 7 2 9 4 8 
20180812808 7 4 3 6 10 9 2 5 1 8 
20180812809 7 6 8 9 4 1 3 10 2 5 
20180812810 9 6 3 8 1 5 7 2 10 4 
20180812811 10 3 7 2 4 9 1 8 5 6 
20180812812 6 7 9 8 1 5 10 3 2 4 
20180812813 10 3 6 7 1 9 2 5 8 4 
20180812814 6 3 2 5 7 4 1 8 9 10 
20180812815 10 1 4 7 2 3 6 8 9 5 
20180812816 1 9 4 10 3 5 2 6 8 7 
20180812817 6 4 3 10 7 2 5 1 8 9 
20180812818 10 1 7 5 4 3 9 8 2 6 
20180812819 1 3 7 6 10 5 9 4 8 2 
20180812820 3 9 10 5 4 8 6 7 1 2 
20180812821 3 9 1 8 5 2 10 4 6 7 
20180812822 7 5 3 1 8 2 9 4 6 10 
20180812823 3 6 8 7 9 4 2 10 5 1 
20180812824 5 4 10 8 3 6 7 9 2 1 
20180812825 2 3 4 5 7 9 8 10 1 6 
20180812826 2 10 3 8 7 9 1 4 6 5 
20180812827 5 1 6 2 8 7 3 9 4 10 
20180812828 2 1 9 6 3 5 10 4 7 8 
20180812829 9 5 3 10 8 1 4 6 2 7 
20180812830 3 9 4 1 6 5 10 2 8 7 
20180812831 4 6 10 8 7 1 9 5 3 2 
20180812832 2 10 4 1 3 9 6 5 7 8 
20180812833 5 7 8 9 10 3 4 1 2 6 
20180812834 8 2 1 10 6 5 9 7 3 4 
20180812835 2 8 9 4 7 10 3 6 1 5 
20180812836 5 7 3 6 10 4 9 8 1 2 
20180812837 2 3 4 10 7 9 8 5 1 6 
20180812838 1 5 4 9 6 8 10 7 3 2 
20180812839 6 9 10 7 3 8 5 1 2 4 
20180812840 5 3 9 8 6 10 2 7 4 1 
20180812841 3 1 4 6 7 10 5 9 8 2 
20180812842 9 3 1 2 10 6 4 5 7 8 
20180812843 10 6 3 7 9 2 4 8 5 1 
20180812844 1 7 2 4 8 6 9 10 5 3 
20180812845 3 9 1 8 7 4 2 10 5 6 
20180812846 7 5 2 1 9 4 6 3 10 8 
20180812847 3 4 2 1 9 5 7 8 6 10 
20180812848 3 9 6 8 7 10 2 4 5 1 
20180812849 1 3 6 2 5 7 10 9 8 4 
20180812850 2 7 10 8 6 1 3 9 4 5 
20180812851 4 9 2 8 3 1 6 5 10 7 
20180812852 8 6 10 1 7 2 3 4 9 5 
20180812853 8 7 5 2 6 4 3 1 9 10 
20180812854 4 3 7 8 9 5 2 10 1 6 
20180812855 9 4 7 2 10 1 8 6 3 5 
20180812856 10 9 1 5 7 4 8 2 6 3 
20180812857 9 4 6 1 5 7 3 2 8 10 
20180812858 4 7 10 8 5 2 9 6 1 3 
20180812859 2 4 9 7 3 1 5 8 10 6 
20180812860 3 10 1 6 8 7 2 9 5 4 
20180812861 7 5 10 2 9 8 3 4 1 6 
20180812862 10 4 8 9 2 7 5 1 6 3 
20180812863 3 10 8 7 9 4 6 1 5 2 
20180812864 7 10 2 5 1 6 9 4 3 8 
20180812865 3 7 5 9 1 10 2 4 8 6 
20180812866 8 1 9 4 2 6 3 10 7 5 
20180812867 1 4 6 8 7 3 2 9 5 10 
20180812868 1 5 6 2 7 8 10 3 4 9 
20180812869 6 8 9 2 7 4 10 1 3 5 
20180812870 2 7 8 10 4 6 3 9 5 1 
20180812871 9 4 3 7 6 8 2 10 1 5 
20180812872 1 7 4 8 2 6 3 10 5 9 
20180812873 8 10 1 2 3 7 4 6 5 9 
20180812874 5 9 3 1 7 4 10 2 6 8 
20180812875 9 5 10 2 1 4 7 3 8 6 
20180812876 1 5 2 3 8 7 10 9 6 4 
20180812877 9 2 3 7 10 1 5 6 8 4 
20180812878 7 6 9 8 1 2 3 5 10 4 
20180812879 3 10 7 4 9 8 6 2 5 1 
20180812880 4 10 1 9 3 6 2 7 5 8 
20180812881 4 2 1 3 8 6 10 7 5 9 
20180812882 10 4 5 7 1 9 8 6 2 3 
20180812883 1 7 9 4 8 10 6 5 2 3 
20180812884 1 5 10 4 6 8 9 2 3 7 
20180812885 9 8 3 6 5 2 7 4 10 1 
20180812886 6 3 4 1 7 9 2 5 10 8 
20180812887 4 2 6 5 1 7 8 3 9 10 
20180812888 9 7 10 4 6 8 1 5 3 2 
20180812889 9 7 2 1 5 6 10 4 8 3 
20180812890 6 10 3 4 9 5 7 2 8 1 
20180812891 7 5 3 9 8 1 2 6 4 10 
20180812892 8 2 5 9 3 4 10 7 6 1 
20180812893 6 9 4 10 8 5 3 7 1 2 
20180812894 1 6 9 4 10 5 8 7 2 3 
20180812895 2 1 4 10 6 8 3 5 7 9 
20180812896 2 10 9 4 8 1 3 5 7 6 
20180812897 9 1 2 4 8 6 10 5 3 7 
20180812898 10 4 8 7 1 3 6 2 5 9 
20180812899 6 3 4 8 10 9 5 7 1 2 
20180812900 2 3 10 5 6 9 4 7 8 1 
20180812901 5 6 7 1 4 8 10 9 2 3 
20180812902 7 3 4 6 5 9 10 2 1 8 
20180812903 4 10 3 5 9 2 8 1 7 6 
20180812904 8 1 9 2 10 7 5 4 3 6 
20180812905 6 2 7 10 5 8 3 4 9 1 
20180812906 9 3 8 4 10 6 1 7 5 2 
20180812907 6 4 9 7 5 3 10 8 2 1 
20180812908 9 3 5 10 1 7 6 8 4 2 
20180812909 8 4 5 7 2 9 6 10 1 3 
20180812910 7 10 4 6 1 5 8 2 3 9 
20180812911 9 10 3 4 1 5 2 8 6 7 
20180812912 7 4 5 10 3 2 1 8 6 9 
20180812913 6 1 3 8 9 10 4 2 5 7 
20180812914 6 8 3 4 1 7 9 10 5 2 
20180812915 8 5 2 10 1 7 6 4 9 3 
20180812916 7 3 8 2 4 10 6 5 1 9 
20180812917 8 3 9 4 1 6 10 2 7 5 
20180812918 10 2 3 7 4 6 5 1 9 8 
20180812919 3 6 4 2 9 5 7 8 1 10 
20180812920 5 8 6 3 7 2 10 4 9 1 
20180812921 7 2 10 9 1 6 4 3 8 5 
20180812922 5 9 1 6 7 4 2 10 3 8 
20180812923 7 8 4 9 10 2 1 5 6 3 
20180812924 9 5 10 3 2 6 7 1 8 4 
20180812925 8 7 10 5 4 1 9 6 2 3 
20180812926 1 10 4 9 7 3 8 6 2 5 
20180812927 2 7 9 6 10 5 3 1 4 8 
20180812928 4 6 3 8 5 10 7 2 1 9 
20180812929 7 4 2 1 9 8 6 5 10 3 
20180812930 9 3 8 4 5 2 10 6 1 7 
20180812931 9 8 7 1 10 4 2 6 5 3 
20180812932 1 8 2 5 6 4 9 7 3 10 
20180812933 9 1 5 10 3 7 8 6 2 4 
20180812934 6 3 5 1 8 4 2 9 7 10 
20180812935 5 4 9 10 2 6 8 1 7 3 
20180812936 3 8 4 10 7 9 5 6 2 1 
20180812937 7 9 2 8 6 1 10 3 5 4 
20180812938 5 7 6 8 3 2 10 1 4 9 
20180812939 1 6 8 3 10 2 4 7 5 9 
20180812940 1 8 6 4 9 10 2 5 7 3 
20180812941 7 1 9 2 4 3 5 6 8 10 
20180812942 7 4 2 3 8 10 6 1 5 9 
20180812943 9 10 6 8 4 5 2 3 7 1 
20180812944 3 5 9 6 4 2 8 7 10 1 
20180812945 7 1 5 10 2 4 8 6 9 3 
20180812946 5 10 8 4 6 7 2 1 9 3 
20180812947 5 8 7 4 6 2 10 3 1 9 
20180812948 3 9 10 2 4 1 7 5 8 6 
20180812949 5 8 3 2 10 6 9 7 4 1 
20180812950 4 10 2 9 7 6 1 8 5 3 
20180812951 8 7 2 4 5 3 6 9 10 1 
20180812952 3 10 4 6 1 5 9 2 7 8 
20180812953 9 2 10 3 1 4 6 8 5 7 
20180812954 1 2 5 9 4 6 7 3 10 8 
20180812955 7 3 4 6 5 10 8 2 1 9 
20180812956 3 6 2 10 4 7 1 5 9 8 
20180812957 3 8 10 4 1 9 7 5 6 2 
20180812958 4 8 3 1 7 2 10 5 9 6 
20180812959 1 6 4 8 10 9 3 5 7 2 
20180812960 8 2 1 6 4 5 9 3 10 7 
20180812961 3 8 10 7 5 4 6 2 1 9 
20180812962 9 6 4 10 1 8 5 2 3 7 
20180812963 2 10 5 1 4 8 9 7 6 3 
20180812964 9 2 3 1 7 10 4 6 8 5 
20180812965 10 7 8 3 9 2 5 4 1 6 
20180812966 8 4 6 9 10 3 1 5 2 7 
20180812967 5 8 6 3 4 9 10 1 2 7 
20180812968 4 9 3 8 10 5 2 1 7 6 
20180812969 7 3 8 4 2 6 9 10 5 1 
20180812970 10 7 1 3 9 8 6 5 4 2 
20180812971 2 3 9 5 8 6 1 4 7 10 
20180812972 10 5 4 9 1 3 7 8 6 2 
20180812973 3 9 10 8 7 5 1 2 6 4 
20180812974 7 3 9 2 8 10 5 6 4 1 
20180812975 5 1 10 4 7 8 9 3 2 6 
20180812976 8 3 1 6 5 4 9 2 10 7 
20180812977 7 8 1 6 10 9 4 5 3 2 
20180812978 7 4 2 10 8 1 5 6 3 9 
20180812979 3 2 9 10 4 8 6 7 1 5 
20180812980 9 8 10 3 6 2 1 7 4 5 
20180812981 5 7 6 8 1 9 3 4 10 2 
20180812982 9 4 3 2 6 10 8 7 1 5 
20180812983 2 6 4 3 8 10 7 5 9 1 
20180812984 3 7 6 4 5 9 1 8 10 2 
20180812985 10 3 8 7 4 5 1 9 2 6 
