20180801001 6 8 3 7 10 9 2 5 4 1 
20180801002 2 8 10 3 9 6 1 4 7 5 
20180801003 6 7 5 4 1 10 8 3 9 2 
20180801004 6 4 3 7 9 5 2 10 8 1 
20180801005 2 4 3 8 1 10 7 6 9 5 
20180801006 5 7 2 4 6 1 3 10 8 9 
20180801007 8 4 7 3 9 5 2 1 10 6 
20180801008 2 9 1 8 3 4 7 10 5 6 
20180801009 6 9 5 1 4 8 3 7 2 10 
20180801010 8 2 9 4 7 5 10 6 3 1 
20180801011 4 1 3 10 7 9 6 2 8 5 
20180801012 4 8 6 5 9 2 7 3 10 1 
20180801013 4 3 8 9 1 6 7 5 10 2 
20180801014 1 9 6 8 5 2 4 10 7 3 
20180801015 10 5 6 3 7 8 1 2 9 4 
20180801016 4 3 1 6 2 7 5 8 10 9 
20180801017 2 4 5 1 10 6 9 3 8 7 
20180801018 2 6 4 10 8 1 9 5 7 3 
20180801019 7 8 3 5 4 6 10 2 1 9 
20180801020 7 4 1 5 9 10 2 6 3 8 
20180801021 7 5 4 10 2 3 1 8 9 6 
20180801022 2 6 4 1 5 8 3 9 7 10 
20180801023 3 7 10 9 6 2 5 4 1 8 
20180801024 3 4 7 10 9 1 8 2 5 6 
20180801025 4 7 1 5 6 2 10 9 3 8 
20180801026 7 10 9 4 5 3 2 1 8 6 
20180801027 8 2 7 3 1 10 5 9 4 6 
20180801028 2 7 8 10 6 5 3 4 1 9 
20180801029 7 4 2 5 10 6 9 8 1 3 
20180801030 6 8 5 9 1 7 4 3 10 2 
20180801031 2 1 10 6 8 9 4 7 5 3 
20180801032 7 3 9 6 5 1 8 4 2 10 
20180801033 9 5 1 6 8 3 4 2 7 10 
20180801034 4 3 8 6 1 9 2 5 7 10 
20180801035 3 7 8 10 4 2 9 5 6 1 
20180801036 8 4 6 10 3 5 2 7 9 1 
20180801037 4 8 10 5 7 2 9 3 1 6 
20180801038 10 3 9 2 5 6 7 8 4 1 
20180801039 10 4 8 6 2 1 3 7 5 9 
20180801040 10 7 9 4 1 5 3 6 2 8 
20180801041 1 5 7 10 6 3 8 9 2 4 
20180801042 3 9 4 7 6 1 10 8 5 2 
20180801043 8 2 6 5 9 3 10 1 4 7 
20180801044 8 10 7 9 3 5 4 2 6 1 
20180801045 5 2 1 9 7 4 10 6 8 3 
20180801046 6 9 2 5 10 8 3 1 4 7 
20180801047 5 2 4 1 10 7 9 8 6 3 
20180801048 3 2 8 4 9 7 10 1 5 6 
20180801049 4 5 3 8 7 6 10 1 9 2 
20180801050 8 3 4 5 7 10 6 9 1 2 
20180801051 8 4 1 2 10 6 7 9 3 5 
20180801052 7 9 3 4 8 1 2 5 6 10 
20180801053 4 3 1 6 10 2 8 7 9 5 
20180801054 10 2 5 1 8 4 6 7 9 3 
20180801055 4 6 5 8 9 3 2 10 1 7 
20180801056 4 3 1 9 2 10 5 6 8 7 
20180801057 9 1 6 3 7 5 10 8 4 2 
20180801058 10 9 5 4 1 2 7 6 8 3 
20180801059 1 5 3 9 7 2 10 4 6 8 
20180801060 3 2 4 1 6 8 10 7 5 9 
20180801061 10 1 6 4 9 7 5 3 8 2 
20180801062 7 5 4 3 1 6 10 8 2 9 
20180801063 8 4 9 1 10 6 3 2 7 5 
20180801064 2 4 6 1 3 5 7 9 8 10 
20180801065 10 5 6 2 7 4 8 3 1 9 
20180801066 3 4 8 10 2 1 7 5 9 6 
20180801067 4 9 6 7 2 3 10 1 5 8 
20180801068 6 1 10 4 9 3 7 8 2 5 
20180801069 6 1 2 9 4 10 8 3 5 7 
20180801070 4 9 8 3 7 2 6 1 10 5 
20180801071 5 9 7 8 1 6 4 10 3 2 
20180801072 3 2 5 6 4 1 8 9 10 7 
20180801073 6 1 10 7 8 4 2 9 3 5 
20180801074 1 10 7 4 3 8 9 6 5 2 
20180801075 2 6 1 4 5 9 10 8 3 7 
20180801076 5 10 7 3 4 8 9 1 6 2 
20180801077 1 5 8 7 9 2 6 4 3 10 
20180801078 10 2 7 3 1 5 8 9 6 4 
20180801079 6 2 7 4 8 1 9 3 5 10 
20180801080 3 5 10 8 7 9 1 4 2 6 
20180801081 10 8 6 7 4 3 9 5 1 2 
20180801082 7 6 3 1 5 10 8 4 9 2 
20180801083 2 7 9 8 6 4 3 10 5 1 
20180801084 3 8 2 4 10 1 6 5 7 9 
20180801085 1 10 9 8 4 3 6 2 7 5 
20180801086 4 10 9 2 6 8 3 5 7 1 
20180801087 5 4 2 10 8 3 6 7 1 9 
20180801088 5 4 3 6 7 1 8 9 10 2 
20180801089 8 9 3 1 10 7 5 4 2 6 
20180801090 8 4 7 6 9 2 1 5 3 10 
20180801091 1 2 5 7 4 3 8 10 6 9 
20180801092 2 5 4 6 10 1 8 7 3 9 
20180801093 4 9 8 6 1 7 2 3 10 5 
20180801094 7 10 4 8 9 1 2 6 3 5 
20180801095 3 1 8 7 6 9 10 5 4 2 
20180801096 5 2 1 6 4 3 10 9 8 7 
20180801097 10 5 7 1 9 4 6 3 2 8 
20180801098 4 2 5 8 3 6 9 10 1 7 
20180801099 1 6 3 9 2 10 4 8 5 7 
20180801100 1 5 4 10 9 7 2 3 8 6 
20180801101 3 8 4 9 5 10 6 7 1 2 
20180801102 8 9 7 5 1 6 10 2 3 4 
20180801103 1 4 3 7 10 8 2 5 6 9 
20180801104 7 6 5 3 1 4 8 9 2 10 
20180801105 9 1 7 2 5 4 6 10 3 8 
20180801106 9 3 10 7 5 2 6 8 1 4 
20180801107 5 2 3 9 8 4 10 6 1 7 
20180801108 5 4 7 6 9 3 1 10 8 2 
20180801109 9 1 7 3 8 6 2 4 10 5 
20180801110 9 3 5 1 4 7 2 10 6 8 
20180801111 6 10 2 8 7 5 4 9 3 1 
20180801112 3 2 5 6 7 1 10 9 8 4 
20180801113 6 9 2 3 7 4 1 10 5 8 
20180801114 6 7 9 5 10 1 4 2 3 8 
20180801115 7 6 4 1 10 5 9 3 2 8 
20180801116 4 5 2 8 1 3 10 6 7 9 
20180801117 2 6 10 1 9 7 8 5 4 3 
20180801118 2 5 9 8 3 7 10 4 1 6 
20180801119 3 1 7 5 10 6 4 9 8 2 
20180801120 7 8 3 2 6 5 10 9 1 4 
20180801121 5 4 7 1 2 8 10 9 6 3 
20180801122 8 7 6 5 4 1 3 10 2 9 
20180801123 3 10 9 5 1 2 6 8 4 7 
20180801124 6 8 5 7 3 10 4 1 2 9 
20180801125 6 1 3 9 4 8 7 10 5 2 
20180801126 5 3 10 7 9 1 6 8 4 2 
20180801127 9 3 8 7 6 2 1 10 5 4 
20180801128 5 3 8 7 4 9 6 1 10 2 
20180801129 5 10 9 1 4 8 6 2 3 7 
20180801130 1 7 3 2 9 6 5 8 10 4 
20180801131 6 1 2 3 5 4 8 7 9 10 
20180801132 10 4 9 2 1 5 7 8 6 3 
20180801133 10 9 7 2 8 1 4 6 3 5 
20180801134 9 2 8 1 3 10 5 4 7 6 
20180801135 5 8 7 3 4 2 6 9 1 10 
20180801136 3 9 6 8 2 10 4 7 1 5 
20180801137 2 9 7 5 1 3 6 4 8 10 
20180801138 9 1 5 10 2 8 7 4 3 6 
20180801139 10 7 9 8 6 3 2 4 1 5 
20180801140 7 10 2 6 3 5 4 8 1 9 
20180801141 7 9 4 8 10 1 3 6 2 5 
20180801142 8 1 2 6 10 3 4 9 5 7 
20180801143 8 7 9 2 3 10 5 1 6 4 
20180801144 5 2 9 1 10 7 3 8 4 6 
20180801145 4 3 10 5 1 8 9 6 2 7 
20180801146 8 4 10 9 7 1 6 5 2 3 
20180801147 8 3 2 9 6 7 5 10 4 1 
20180801148 6 1 3 4 10 9 8 2 7 5 
20180801149 2 6 7 9 10 3 8 4 5 1 
20180801150 7 4 5 1 8 10 3 2 9 6 
20180801151 6 7 3 4 10 2 9 8 1 5 
20180801152 7 9 4 1 6 2 3 10 5 8 
20180801153 9 3 1 7 5 10 4 6 8 2 
20180801154 4 1 5 7 2 8 10 3 6 9 
20180801155 5 6 2 9 7 4 8 1 10 3 
20180801156 6 8 3 9 7 5 2 1 4 10 
20180801157 8 3 4 10 2 1 6 7 9 5 
20180801158 1 5 9 7 2 10 4 6 8 3 
20180801159 9 8 7 3 2 10 4 1 5 6 
20180801160 3 6 9 10 8 2 4 1 5 7 
20180801161 2 9 7 6 8 4 1 5 10 3 
20180801162 1 6 10 7 2 8 9 4 3 5 
20180801163 5 6 8 2 7 10 3 9 4 1 
20180801164 3 7 2 5 10 9 1 8 4 6 
20180801165 7 10 4 5 8 2 3 9 1 6 
20180801166 1 2 7 3 8 9 5 10 6 4 
20180801167 3 1 8 4 10 6 7 2 9 5 
20180801168 9 7 3 6 10 4 1 5 8 2 
20180801169 6 2 3 7 1 9 8 4 5 10 
20180801170 9 10 2 8 7 5 6 3 4 1 
20180801171 2 3 5 1 8 7 9 4 6 10 
20180801172 7 6 8 4 9 5 2 1 3 10 
20180801173 10 3 8 7 9 2 4 5 6 1 
20180801174 10 5 2 9 7 4 6 1 8 3 
20180801175 7 6 5 4 3 1 9 2 8 10 
20180801176 10 6 8 3 1 4 9 5 2 7 
20180801177 7 10 1 9 4 5 8 6 3 2 
20180801178 3 5 6 8 4 9 10 1 7 2 
20180801179 7 4 5 1 3 9 6 10 8 2 
20180801180 8 4 7 1 3 9 5 6 2 10 
20180801181 6 7 5 10 8 4 1 2 9 3 
20180801182 1 5 10 6 3 9 4 8 2 7 
20180801183 2 1 4 8 7 5 10 3 9 6 
20180801184 4 2 1 10 9 3 6 5 8 7 
20180801185 1 5 6 10 3 9 4 8 2 7 
20180801186 3 1 2 10 7 8 4 5 9 6 
20180801187 6 9 7 4 2 1 5 10 8 3 
20180801188 5 1 10 2 8 9 6 4 3 7 
20180801189 2 8 6 1 10 9 5 3 7 4 
20180801190 6 9 4 3 1 5 7 10 8 2 
20180801191 3 6 4 10 7 8 9 2 5 1 
20180801192 1 5 6 8 2 3 7 4 10 9 
20180801193 9 4 1 8 7 2 5 3 6 10 
20180801194 3 4 2 10 7 5 1 6 9 8 
20180801195 2 1 3 7 4 5 10 9 8 6 
20180801196 8 5 10 2 3 1 4 7 9 6 
20180801197 10 3 4 8 9 6 5 1 7 2 
20180801198 9 5 4 6 2 7 8 1 10 3 
20180801199 1 9 8 7 3 5 4 2 6 10 
20180801200 2 10 8 4 6 5 1 7 3 9 
20180801201 7 9 1 10 5 3 2 4 8 6 
20180801202 4 1 10 7 9 5 8 6 3 2 
20180801203 5 6 7 9 4 2 1 8 3 10 
20180801204 1 10 2 7 8 3 4 9 6 5 
20180801205 6 2 1 7 9 3 10 4 5 8 
20180801206 10 9 4 5 7 6 8 3 1 2 
20180801207 4 8 1 3 5 2 10 6 9 7 
20180801208 1 4 7 9 10 8 3 6 2 5 
20180801209 1 6 3 9 10 2 4 5 8 7 
20180801210 4 6 9 1 3 2 8 7 5 10 
20180801211 10 4 9 5 8 3 7 6 2 1 
20180801212 4 2 5 6 10 7 8 3 1 9 
20180801213 4 3 5 8 6 2 10 9 7 1 
20180801214 2 6 8 4 10 7 3 9 5 1 
20180801215 3 10 1 5 8 6 7 9 4 2 
20180801216 4 7 5 1 6 9 3 8 10 2 
20180801217 10 1 8 2 6 3 5 9 7 4 
20180801218 3 10 8 4 1 6 9 5 2 7 
20180801219 1 6 3 4 9 5 2 7 8 10 
20180801220 5 2 6 10 7 9 4 1 3 8 
20180801221 9 6 1 4 5 3 7 10 8 2 
20180801222 6 10 5 7 2 8 1 4 9 3 
20180801223 7 8 5 1 4 2 3 10 6 9 
20180801224 5 6 9 10 3 4 2 8 7 1 
20180801225 5 1 8 2 7 3 4 9 6 10 
20180801226 1 5 7 10 8 4 2 9 6 3 
20180801227 3 6 9 4 5 10 1 8 2 7 
20180801228 4 6 8 1 10 5 7 3 9 2 
20180801229 5 2 7 8 9 4 10 1 3 6 
20180801230 4 7 10 3 6 1 8 2 5 9 
20180801231 2 8 3 5 9 7 1 10 4 6 
20180801232 2 6 8 5 10 1 9 7 3 4 
20180801233 8 1 3 7 5 10 4 6 2 9 
20180801234 3 8 9 7 6 2 4 5 10 1 
20180801235 10 4 5 9 6 1 2 8 7 3 
20180801236 4 5 7 6 1 8 10 3 9 2 
20180801237 6 10 2 9 3 7 1 5 4 8 
20180801238 3 2 6 7 4 5 9 8 1 10 
20180801239 5 4 9 3 1 10 7 2 8 6 
20180801240 6 10 1 9 2 5 3 8 7 4 
20180801241 6 8 7 5 10 9 3 2 4 1 
20180801242 5 8 9 3 6 4 7 10 1 2 
20180801243 6 5 2 10 9 7 4 8 3 1 
20180801244 3 6 1 2 8 5 4 9 7 10 
20180801245 10 4 2 9 7 3 1 6 5 8 
20180801246 1 4 9 8 7 6 3 5 2 10 
20180801247 7 6 5 8 9 2 4 10 3 1 
20180801248 2 8 5 3 9 6 7 4 1 10 
20180801249 7 5 2 3 8 4 10 1 6 9 
20180801250 2 1 10 3 7 4 9 6 8 5 
20180801251 9 7 8 1 5 3 2 6 10 4 
20180801252 2 5 7 6 9 3 10 4 1 8 
20180801253 9 7 5 3 8 10 4 1 6 2 
20180801254 6 3 5 1 10 9 7 8 4 2 
20180801255 3 2 6 5 8 9 7 4 10 1 
20180801256 7 5 8 6 9 10 1 3 2 4 
20180801257 9 6 2 1 3 7 8 10 4 5 
20180801258 7 3 9 1 5 8 2 10 4 6 
20180801259 5 7 6 8 9 4 1 10 2 3 
20180801260 9 2 3 10 1 8 5 7 6 4 
20180801261 9 2 10 3 4 6 1 8 7 5 
20180801262 2 5 7 6 1 8 10 9 4 3 
20180801263 8 7 2 1 6 5 9 4 3 10 
20180801264 8 4 5 10 2 6 3 7 9 1 
20180801265 5 1 2 3 10 6 7 4 9 8 
20180801266 3 6 9 2 8 5 7 10 1 4 
20180801267 7 3 5 9 6 1 4 10 2 8 
20180801268 6 4 9 1 3 2 7 8 10 5 
20180801269 2 3 4 10 1 9 8 5 7 6 
20180801270 3 5 7 6 10 8 9 1 2 4 
20180801271 1 4 8 9 3 7 6 2 5 10 
20180801272 1 4 10 9 3 2 5 8 6 7 
20180801273 2 4 10 9 6 3 5 1 8 7 
20180801274 1 2 5 6 3 7 8 9 4 10 
20180801275 10 3 9 5 1 4 6 7 8 2 
20180801276 2 9 5 6 3 8 10 1 7 4 
20180801277 9 8 1 3 6 4 7 10 2 5 
20180801278 8 4 2 1 6 7 10 9 5 3 
20180801279 2 8 6 3 9 1 7 5 4 10 
20180801280 6 5 1 10 9 8 4 2 7 3 
20180801281 5 9 7 1 6 10 8 3 2 4 
20180801282 5 1 6 7 4 9 3 8 2 10 
20180801283 9 3 1 10 2 4 7 6 8 5 
20180801284 8 4 1 7 6 5 9 10 3 2 
20180801285 1 4 5 8 2 3 7 10 6 9 
20180801286 9 1 2 5 7 4 10 3 8 6 
20180801287 3 1 9 4 8 10 2 6 5 7 
20180801288 10 1 7 5 4 3 2 9 6 8 
20180801289 7 10 9 2 3 1 6 8 5 4 
20180801290 10 5 8 2 6 7 1 4 9 3 
20180801291 3 6 7 9 2 8 10 1 4 5 
20180801292 4 5 9 2 10 8 6 7 3 1 
20180801293 8 3 6 2 5 1 7 10 4 9 
20180801294 8 1 2 9 3 5 7 10 4 6 
20180801295 7 3 1 10 6 2 4 9 8 5 
20180801296 3 5 1 8 10 2 9 6 7 4 
20180801297 2 3 4 5 6 1 7 10 8 9 
20180801298 1 3 7 9 4 2 10 8 5 6 
20180801299 3 2 8 10 6 5 7 9 1 4 
20180801300 7 3 10 1 8 2 4 9 5 6 
20180801301 5 3 6 10 9 2 1 7 4 8 
20180801302 9 6 7 4 10 1 8 5 3 2 
20180801303 10 6 5 9 1 8 7 4 3 2 
20180801304 4 3 6 9 1 2 8 7 10 5 
20180801305 2 6 1 10 9 5 8 4 7 3 
20180801306 7 5 4 10 2 6 1 9 3 8 
20180801307 10 9 2 6 8 7 3 1 5 4 
20180801308 5 9 4 6 7 8 1 3 2 10 
20180801309 1 6 5 7 10 9 2 4 3 8 
20180801310 5 2 6 4 7 10 3 1 9 8 
20180801311 9 4 6 5 1 10 2 3 7 8 
20180801312 7 4 9 1 6 2 5 8 3 10 
20180801313 2 1 7 6 4 10 8 3 9 5 
20180801314 9 2 8 6 10 7 1 5 3 4 
20180801315 6 1 5 10 8 7 4 3 9 2 
20180801316 8 2 1 4 5 3 7 9 6 10 
20180801317 8 7 4 5 9 3 1 6 2 10 
20180801318 5 6 9 4 1 8 2 3 10 7 
20180801319 9 4 8 3 10 5 6 7 1 2 
20180801320 4 10 6 8 5 3 9 1 2 7 
20180801321 5 9 3 1 10 4 2 7 8 6 
20180801322 2 1 7 10 6 9 4 8 5 3 
20180801323 3 7 10 6 5 8 9 1 4 2 
20180801324 4 6 1 5 8 9 7 2 3 10 
20180801325 4 7 6 5 8 9 1 10 2 3 
20180801326 4 10 8 7 3 2 9 6 1 5 
20180801327 2 3 9 1 5 4 7 6 8 10 
20180801328 10 1 6 7 2 5 9 4 3 8 
20180801329 7 5 3 9 6 1 8 4 2 10 
20180801330 6 3 4 7 8 9 2 1 10 5 
20180801331 1 2 9 6 8 3 5 10 4 7 
20180801332 8 9 4 2 10 3 1 6 7 5 
20180801333 5 8 7 2 3 10 4 6 1 9 
20180801334 5 10 4 2 6 8 1 3 7 9 
20180801335 2 3 5 8 1 6 10 7 4 9 
20180801336 9 3 8 6 10 2 4 1 7 5 
20180801337 10 2 1 6 9 8 4 5 7 3 
20180801338 4 9 1 8 7 10 3 2 5 6 
20180801339 3 4 10 9 7 2 8 5 6 1 
20180801340 3 10 1 7 8 5 9 2 4 6 
20180801341 3 8 10 2 6 9 4 7 5 1 
20180801342 4 5 8 7 3 2 10 1 6 9 
20180801343 4 1 9 5 8 6 7 2 10 3 
20180801344 8 4 2 5 9 3 1 6 7 10 
20180801345 6 7 5 8 9 10 3 4 1 2 
20180801346 4 3 5 2 6 8 1 7 9 10 
20180801347 9 4 10 3 6 5 8 2 1 7 
20180801348 8 6 1 9 5 3 4 10 7 2 
20180801349 6 10 7 8 1 9 2 3 4 5 
20180801350 10 8 7 1 6 4 9 3 5 2 
20180801351 1 10 6 3 7 8 2 9 5 4 
20180801352 8 5 2 1 4 9 6 7 3 10 
20180801353 3 1 8 2 6 7 4 10 9 5 
20180801354 2 9 4 1 3 6 7 5 10 8 
20180801355 6 8 7 3 10 9 5 4 1 2 
20180801356 6 4 9 7 3 2 1 10 5 8 
20180801357 10 2 7 1 5 8 9 6 4 3 
20180801358 2 8 3 10 6 9 1 5 7 4 
20180801359 8 5 4 1 10 6 2 7 9 3 
20180801360 5 4 3 7 9 2 1 6 8 10 
20180801361 2 7 10 4 9 3 8 6 1 5 
20180801362 8 5 1 9 7 10 2 6 4 3 
20180801363 9 2 8 10 4 1 3 7 5 6 
20180801364 10 2 4 3 9 5 6 8 7 1 
20180801365 2 4 7 5 9 10 1 6 3 8 
20180801366 6 9 10 3 5 8 1 4 7 2 
20180801367 6 1 7 4 10 2 3 9 5 8 
20180801368 2 8 9 6 4 1 7 5 3 10 
20180801369 5 7 9 2 4 1 6 10 3 8 
20180801370 4 1 6 3 9 8 7 2 5 10 
20180801371 7 6 8 3 4 2 10 1 9 5 
20180801372 5 6 3 4 8 9 10 7 1 2 
20180801373 6 7 10 8 4 9 2 1 5 3 
20180801374 9 1 10 3 4 6 8 5 7 2 
20180801375 3 5 4 7 2 6 8 10 1 9 
20180801376 9 6 8 1 7 10 2 3 4 5 
20180801377 4 6 3 5 8 7 9 2 10 1 
20180801378 4 10 5 2 3 6 7 1 9 8 
20180801379 6 1 9 10 2 4 3 8 7 5 
20180801380 7 10 9 8 1 5 4 3 2 6 
20180801381 10 9 7 6 8 4 1 2 3 5 
20180801382 3 4 6 8 9 5 10 1 2 7 
20180801383 1 3 4 2 8 7 10 5 9 6 
20180801384 8 5 7 1 10 4 2 9 6 3 
20180801385 3 8 9 2 1 10 6 7 4 5 
20180801386 1 2 6 3 9 4 7 10 5 8 
20180801387 8 5 4 9 7 3 2 6 1 10 
20180801388 3 7 1 2 10 6 9 5 8 4 
20180801389 4 5 2 1 8 3 10 6 7 9 
20180801390 8 6 7 3 4 5 10 2 1 9 
20180801391 10 3 5 9 7 6 4 2 8 1 
20180801392 2 9 5 6 4 8 7 1 10 3 
20180801393 4 6 5 9 10 1 7 3 2 8 
20180801394 4 3 10 8 6 7 9 1 5 2 
20180801395 5 4 7 8 10 9 3 6 2 1 
20180801396 5 2 7 8 9 10 1 4 3 6 
20180801397 8 9 3 2 1 4 6 5 10 7 
20180801398 1 10 4 8 7 9 2 5 6 3 
20180801399 3 7 4 6 10 8 2 9 5 1 
20180801400 6 3 7 2 9 5 4 10 1 8 
20180801401 3 5 2 4 6 8 9 1 10 7 
20180801402 1 10 8 3 2 9 7 4 5 6 
20180801403 10 2 1 4 7 3 8 9 6 5 
20180801404 5 4 9 2 3 7 10 6 8 1 
20180801405 5 6 2 3 8 7 9 1 10 4 
20180801406 7 9 10 3 5 8 2 6 4 1 
20180801407 1 9 5 6 10 3 8 4 2 7 
20180801408 1 2 3 10 7 9 8 5 6 4 
20180801409 10 6 5 2 9 3 7 8 1 4 
20180801410 5 2 10 9 8 1 4 6 3 7 
20180801411 8 4 5 7 10 9 1 3 6 2 
20180801412 10 8 5 9 4 2 3 6 1 7 
20180801413 10 6 3 4 1 2 5 9 8 7 
20180801414 7 9 3 6 5 1 10 2 4 8 
20180801415 8 9 2 1 5 4 3 7 6 10 
20180801416 3 8 6 4 9 5 1 10 2 7 
20180801417 9 10 8 1 5 7 3 6 2 4 
20180801418 3 8 9 1 4 2 10 7 5 6 
20180801419 2 5 3 10 8 6 9 1 7 4 
20180801420 7 3 9 2 8 10 6 5 1 4 
20180801421 8 6 4 3 9 5 7 10 2 1 
20180801422 9 1 7 2 4 10 6 3 8 5 
20180801423 10 5 9 4 7 1 2 3 8 6 
20180801424 5 6 7 1 2 8 3 9 4 10 
20180801425 9 1 3 6 5 8 4 10 2 7 
20180801426 10 2 9 3 1 8 4 6 7 5 
20180801427 2 7 1 8 5 9 3 6 10 4 
20180801428 7 5 4 10 8 6 1 9 3 2 
20180801429 7 1 3 2 9 6 8 5 4 10 
20180801430 8 2 4 5 1 6 7 10 3 9 
20180801431 10 7 1 8 4 5 6 2 3 9 
20180801432 4 2 9 7 10 3 6 5 8 1 
20180801433 8 3 1 6 2 5 9 4 7 10 
20180801434 2 5 3 6 9 7 10 8 4 1 
20180801435 10 8 2 5 7 3 9 6 1 4 
20180801436 8 4 2 5 10 6 3 7 9 1 
20180801437 8 7 4 10 1 9 5 6 2 3 
20180801438 10 5 6 1 9 8 3 2 4 7 
20180801439 9 3 5 8 6 7 1 4 10 2 
20180801440 1 2 5 7 4 9 8 3 6 10 
20180801441 1 5 3 7 9 6 2 4 8 10 
20180801442 2 3 10 8 6 9 5 1 4 7 
20180801443 2 3 10 4 9 6 8 1 5 7 
20180801444 7 6 5 10 4 8 3 2 1 9 
20180801445 6 7 10 2 5 4 8 1 3 9 
20180801446 3 2 7 1 4 9 8 6 10 5 
20180801447 10 4 2 5 1 7 8 6 3 9 
20180801448 7 1 2 8 5 3 4 9 10 6 
20180801449 5 4 7 8 9 10 3 2 6 1 
20180801450 5 8 6 10 9 1 3 7 2 4 
20180801451 1 10 9 6 3 2 8 7 5 4 
20180801452 5 3 6 2 9 10 4 8 1 7 
20180801453 8 4 5 3 10 2 1 7 9 6 
20180801454 4 1 2 10 3 9 7 5 6 8 
20180801455 5 4 3 8 6 7 1 9 2 10 
20180801456 5 10 2 4 6 1 3 8 9 7 
20180801457 10 7 3 5 8 9 2 1 6 4 
20180801458 8 5 9 10 7 1 4 3 2 6 
20180801459 5 6 4 9 8 1 7 10 2 3 
20180801460 8 3 2 10 4 9 6 7 1 5 
20180801461 8 5 2 7 9 10 1 4 3 6 
20180801462 5 4 10 2 1 9 8 7 6 3 
20180801463 6 1 7 3 5 10 4 8 2 9 
20180801464 4 5 9 8 1 2 7 10 3 6 
20180801465 6 4 1 2 8 5 10 3 7 9 
20180801466 1 8 6 7 2 10 3 9 5 4 
20180801467 10 2 6 8 7 5 3 1 4 9 
20180801468 4 8 7 1 3 9 2 5 10 6 
20180801469 8 2 10 9 4 5 3 6 7 1 
20180801470 9 5 7 1 3 10 4 2 6 8 
20180801471 2 10 4 9 1 5 8 3 6 7 
20180801472 9 8 7 1 2 5 10 3 4 6 
20180801473 3 9 8 4 5 7 2 1 6 10 
20180801474 9 4 7 1 5 10 8 3 2 6 
20180801475 1 6 4 3 8 7 5 10 9 2 
20180801476 1 5 10 6 9 3 7 2 4 8 
20180801477 3 9 1 10 6 4 7 5 2 8 
20180801478 1 4 3 5 6 10 2 8 7 9 
20180801479 9 6 4 5 3 10 1 7 8 2 
20180801480 1 10 8 4 7 9 2 5 3 6 
20180801481 1 4 3 8 7 9 10 6 2 5 
20180801482 5 2 10 7 8 6 9 3 1 4 
20180801483 8 3 5 9 1 6 10 7 4 2 
20180801484 6 2 1 8 7 5 10 9 3 4 
20180801485 7 10 6 9 5 4 3 2 8 1 
20180801486 6 3 7 5 8 1 9 4 2 10 
20180801487 8 7 1 10 3 2 4 9 6 5 
20180801488 4 2 3 10 7 6 8 1 9 5 
20180801489 10 4 3 1 2 8 7 6 9 5 
20180801490 6 5 4 1 2 7 8 9 3 10 
20180801491 4 6 3 2 10 1 9 8 7 5 
20180801492 6 10 8 9 7 1 5 4 2 3 
20180801493 4 10 8 1 6 2 5 3 9 7 
20180801494 7 8 5 10 3 4 6 1 9 2 
20180801495 1 2 6 9 5 7 3 4 10 8 
20180801496 9 6 1 4 5 8 10 2 3 7 
20180801497 3 7 1 10 9 6 8 4 2 5 
20180801498 4 7 9 8 5 3 1 6 10 2 
20180801499 8 5 6 4 3 7 1 10 9 2 
20180801500 2 5 9 4 10 7 3 1 6 8 
20180801501 2 5 1 10 4 7 9 3 6 8 
20180801502 6 3 4 5 7 1 9 2 8 10 
20180801503 5 3 10 1 2 8 9 4 6 7 
20180801504 3 2 7 9 8 4 10 5 6 1 
20180801505 4 9 1 7 3 8 10 5 2 6 
20180801506 7 1 3 10 5 9 4 8 6 2 
20180801507 10 4 7 3 5 9 6 1 2 8 
20180801508 2 5 3 9 4 8 7 10 1 6 
20180801509 5 7 10 2 9 1 8 6 3 4 
20180801510 4 7 2 9 5 1 10 6 8 3 
20180801511 9 7 5 3 8 10 6 1 4 2 
20180801512 10 9 4 5 7 8 1 3 6 2 
20180801513 1 2 5 9 7 3 6 4 10 8 
20180801514 2 9 10 3 8 1 6 4 7 5 
20180801515 1 6 7 4 2 3 8 5 10 9 
20180801516 5 1 7 8 6 4 9 10 3 2 
20180801517 2 1 10 6 4 3 5 8 9 7 
20180801518 4 9 10 2 7 6 8 5 1 3 
20180801519 1 4 9 7 6 8 5 10 2 3 
20180801520 7 8 6 4 9 5 1 3 2 10 
20180801521 2 1 3 6 4 10 8 9 7 5 
20180801522 10 9 1 4 8 6 5 7 2 3 
20180801523 6 4 8 2 3 9 5 1 7 10 
20180801524 4 6 9 2 7 3 10 5 1 8 
20180801525 6 4 7 10 3 1 8 5 9 2 
20180801526 8 4 2 1 3 9 5 10 6 7 
20180801527 3 6 1 10 7 5 2 8 9 4 
20180801528 10 9 3 7 5 2 1 6 4 8 
20180801529 1 6 9 2 7 5 4 10 3 8 
20180801530 2 6 7 1 4 10 3 5 8 9 
20180801531 10 8 3 5 6 1 2 9 7 4 
20180801532 4 10 8 7 1 2 9 5 6 3 
20180801533 3 8 6 1 2 5 10 9 4 7 
20180801534 10 4 5 9 6 7 2 3 1 8 
20180801535 3 7 4 9 10 8 6 5 2 1 
20180801536 5 9 10 6 2 4 1 7 8 3 
20180801537 1 10 9 4 8 3 7 5 6 2 
20180801538 6 8 1 5 3 4 9 7 2 10 
20180801539 7 3 2 5 10 1 6 8 4 9 
20180801540 4 10 9 2 8 6 7 3 1 5 
20180801541 7 1 9 3 10 5 6 8 2 4 
20180801542 5 8 6 1 2 9 4 10 7 3 
20180801543 7 4 2 5 9 8 6 3 1 10 
20180801544 8 3 4 9 6 5 2 7 10 1 
20180801545 9 10 1 6 2 7 8 4 5 3 
20180801546 5 1 3 2 7 9 10 6 8 4 
20180801547 3 1 6 2 8 7 9 4 10 5 
20180801548 7 10 2 8 5 6 3 9 4 1 
20180801549 5 3 7 10 8 6 1 4 2 9 
20180801550 10 6 4 9 2 5 1 3 7 8 
20180801551 7 9 3 6 8 2 5 4 1 10 
20180801552 5 4 9 6 10 2 7 8 3 1 
20180801553 8 3 7 10 9 6 2 5 4 1 
20180801554 5 8 2 7 9 1 3 10 6 4 
20180801555 2 7 4 8 9 1 10 6 5 3 
20180801556 4 8 7 3 2 10 6 5 9 1 
20180801557 4 8 6 5 1 10 9 3 7 2 
20180801558 7 6 8 9 5 3 2 4 1 10 
20180801559 8 3 9 10 4 7 2 6 5 1 
20180801560 2 7 6 10 9 8 4 3 1 5 
20180801561 1 9 7 2 5 6 4 10 3 8 
20180801562 8 5 2 1 9 10 7 3 6 4 
20180801563 7 8 4 2 9 5 10 6 1 3 
20180801564 4 3 5 6 10 8 2 7 9 1 
20180801565 7 10 8 4 5 2 9 3 6 1 
20180801566 2 6 4 1 5 9 3 10 8 7 
20180801567 6 2 8 9 7 10 5 3 4 1 
20180801568 5 2 9 7 10 4 1 6 8 3 
20180801569 3 10 6 5 9 2 1 4 7 8 
20180801570 5 7 10 2 1 4 3 9 8 6 
20180801571 3 2 8 9 5 4 10 6 7 1 
20180801572 2 9 10 3 7 8 6 4 1 5 
20180801573 10 9 2 4 1 7 8 6 3 5 
20180801574 9 10 5 6 3 2 1 8 7 4 
20180801575 3 5 1 7 4 9 10 6 2 8 
20180801576 1 2 9 6 8 4 3 10 7 5 
20180801577 3 8 2 7 6 9 1 4 5 10 
20180801578 6 2 8 4 1 5 10 9 7 3 
20180801579 9 6 2 1 3 10 8 4 5 7 
20180801580 5 2 7 6 3 10 1 8 9 4 
20180801581 5 10 1 3 7 9 4 6 8 2 
20180801582 10 7 3 6 1 5 9 2 8 4 
20180801583 7 3 1 2 9 10 5 6 8 4 
20180801584 8 4 7 3 9 10 1 6 2 5 
20180801585 2 7 6 1 10 8 9 5 4 3 
20180801586 2 10 1 9 4 5 7 6 8 3 
20180801587 2 6 8 10 1 7 9 5 3 4 
20180801588 4 8 5 6 3 9 7 2 10 1 
20180801589 8 5 7 10 1 6 2 9 4 3 
20180801590 9 1 6 4 3 7 2 5 10 8 
20180801591 3 2 8 6 9 7 4 5 1 10 
20180801592 6 1 10 2 9 7 3 5 4 8 
20180801593 7 8 10 4 9 2 5 3 6 1 
20180801594 3 6 4 2 10 7 1 5 8 9 
20180801595 6 9 2 3 10 5 8 4 7 1 
20180801596 9 2 7 5 8 3 10 4 6 1 
20180801597 6 2 9 3 5 4 8 1 10 7 
20180801598 5 10 6 7 2 9 1 4 8 3 
20180801599 6 8 9 4 2 3 10 5 7 1 
20180801600 7 2 9 1 8 10 6 4 3 5 
20180801601 2 1 6 3 9 5 4 8 10 7 
20180801602 2 5 4 7 3 9 6 8 10 1 
20180801603 5 6 2 1 4 9 3 10 7 8 
20180801604 2 4 6 1 7 3 5 10 8 9 
20180801605 3 10 1 7 5 4 9 8 6 2 
20180801606 6 9 3 1 8 4 2 7 10 5 
20180801607 5 6 8 4 9 7 3 10 1 2 
20180801608 6 7 9 1 3 4 5 10 8 2 
20180801609 2 10 1 3 8 5 4 9 7 6 
20180801610 5 10 1 7 3 4 9 2 8 6 
20180801611 7 9 2 6 8 4 3 10 1 5 
20180801612 3 8 4 6 2 5 10 9 1 7 
20180801613 10 9 7 6 2 4 5 1 3 8 
20180801614 3 9 1 6 2 8 5 7 4 10 
20180801615 6 8 9 3 5 1 7 10 2 4 
20180801616 10 6 1 2 9 8 4 3 7 5 
20180801617 1 5 7 10 8 2 6 4 9 3 
20180801618 8 9 3 1 5 7 4 10 2 6 
20180801619 9 2 3 8 6 4 1 5 10 7 
20180801620 8 2 9 6 5 10 3 4 7 1 
20180801621 6 4 1 3 5 7 10 2 8 9 
20180801622 7 2 6 5 4 8 1 3 9 10 
20180801623 8 9 2 7 3 10 4 5 6 1 
20180801624 2 8 6 5 9 4 3 10 1 7 
20180801625 8 4 9 3 5 1 10 2 7 6 
20180801626 9 7 8 1 3 6 2 10 4 5 
20180801627 7 3 2 4 5 1 6 10 9 8 
20180801628 7 2 4 10 9 3 8 6 5 1 
20180801629 6 8 7 4 9 10 3 1 2 5 
20180801630 9 2 7 4 8 3 10 5 1 6 
20180801631 8 10 3 2 5 1 6 4 9 7 
20180801632 6 7 2 1 3 5 4 10 9 8 
20180801633 8 5 3 6 2 1 9 7 4 10 
20180801634 6 3 8 10 5 4 9 7 2 1 
20180801635 1 7 5 9 10 8 6 4 2 3 
20180801636 9 3 10 4 1 2 8 6 5 7 
20180801637 3 8 10 7 5 6 9 1 2 4 
20180801638 10 8 4 9 2 7 6 1 5 3 
20180801639 2 1 10 3 8 6 5 7 4 9 
20180801640 10 2 3 6 9 1 7 4 5 8 
20180801641 6 1 10 5 2 3 4 7 8 9 
20180801642 8 4 6 2 10 9 7 1 3 5 
20180801643 9 1 4 5 7 8 10 3 2 6 
20180801644 6 10 8 9 3 4 7 5 2 1 
20180801645 3 7 1 6 5 8 10 9 2 4 
20180801646 6 10 9 8 2 1 5 7 3 4 
20180801647 9 7 8 5 4 2 6 3 1 10 
20180801648 10 6 2 9 8 4 7 1 5 3 
20180801649 5 3 10 7 9 2 8 1 6 4 
20180801650 5 8 10 1 6 9 4 3 7 2 
20180801651 4 1 7 3 5 8 10 2 9 6 
20180801652 10 7 8 2 5 1 6 4 3 9 
20180801653 9 7 8 1 10 5 4 2 3 6 
20180801654 8 4 2 9 10 5 3 7 1 6 
20180801655 2 1 6 5 4 10 9 3 7 8 
20180801656 10 5 3 8 9 4 2 6 7 1 
20180801657 6 7 3 2 9 8 1 5 4 10 
20180801658 2 3 6 9 7 4 10 8 5 1 
20180801659 6 9 4 7 8 2 1 3 10 5 
20180801660 2 1 4 9 3 8 6 5 10 7 
20180801661 1 4 3 6 5 9 7 2 8 10 
20180801662 7 4 6 5 2 3 10 8 1 9 
20180801663 3 10 9 1 6 2 4 7 8 5 
20180801664 3 4 9 8 5 7 10 2 6 1 
20180801665 5 6 7 3 1 9 2 10 8 4 
20180801666 3 5 9 1 10 7 8 6 4 2 
20180801667 8 6 7 2 1 4 5 10 3 9 
20180801668 4 8 7 6 9 10 3 5 1 2 
20180801669 9 8 4 3 6 7 5 2 1 10 
20180801670 3 9 1 4 2 5 10 8 6 7 
20180801671 2 5 9 10 8 4 1 7 3 6 
20180801672 1 10 4 3 2 5 7 9 8 6 
20180801673 10 4 8 6 3 9 2 1 7 5 
20180801674 10 1 2 8 9 7 5 4 3 6 
20180801675 1 5 4 2 6 8 7 10 3 9 
20180801676 7 9 5 10 6 3 8 1 4 2 
20180801677 9 7 3 2 8 10 5 6 1 4 
20180801678 1 5 2 8 4 3 6 9 10 7 
20180801679 5 1 3 9 2 7 10 6 8 4 
20180801680 5 9 8 7 10 1 6 4 2 3 
20180801681 9 4 1 2 3 7 8 5 6 10 
20180801682 7 10 4 6 8 3 9 1 2 5 
20180801683 3 1 8 5 10 7 2 6 9 4 
20180801684 6 4 10 3 8 5 1 2 9 7 
20180801685 2 7 9 5 6 8 3 4 1 10 
20180801686 10 3 1 8 5 9 4 2 7 6 
20180801687 6 8 10 9 5 7 2 4 1 3 
20180801688 4 9 6 10 3 8 5 7 2 1 
20180801689 4 2 3 7 6 8 9 1 10 5 
20180801690 4 1 2 5 6 10 9 8 7 3 
20180801691 8 1 4 3 5 2 10 7 6 9 
20180801692 5 1 7 6 2 9 3 4 8 10 
20180801693 4 7 9 1 10 6 8 3 5 2 
20180801694 10 6 8 2 4 3 1 7 9 5 
20180801695 6 9 4 8 5 1 2 10 7 3 
20180801696 10 6 1 3 5 7 2 8 9 4 
20180801697 7 4 5 6 1 8 2 9 3 10 
20180801698 1 8 2 6 9 3 5 7 10 4 
20180801699 10 6 9 5 4 2 3 1 7 8 
20180801700 2 7 3 10 9 6 1 4 5 8 
20180801701 2 3 8 7 5 6 1 4 10 9 
20180801702 4 10 2 7 6 3 8 9 5 1 
20180801703 8 5 10 1 9 6 7 3 2 4 
20180801704 6 2 7 9 5 1 4 10 3 8 
20180801705 9 10 5 3 7 1 8 6 4 2 
20180801706 2 4 5 9 7 6 10 3 1 8 
20180801707 5 6 9 7 3 8 10 2 4 1 
20180801708 9 3 2 6 7 1 8 5 10 4 
20180801709 4 10 9 5 2 6 7 1 8 3 
20180801710 1 8 3 7 6 5 2 4 10 9 
20180801711 1 8 7 10 4 2 9 6 3 5 
20180801712 5 9 2 10 4 8 1 7 6 3 
20180801713 3 10 4 1 2 9 7 6 8 5 
20180801714 5 10 4 7 1 9 3 6 2 8 
20180801715 8 9 7 2 4 5 10 1 6 3 
20180801716 3 7 6 4 10 5 1 2 9 8 
20180801717 2 1 10 4 3 5 7 9 6 8 
20180801718 6 4 1 3 5 9 8 7 10 2 
20180801719 2 6 9 10 7 3 4 8 1 5 
20180801720 9 1 5 6 10 3 7 2 8 4 
20180801721 7 9 2 6 8 4 1 10 3 5 
20180801722 10 5 8 3 2 9 7 6 4 1 
20180801723 8 5 1 7 9 10 6 3 2 4 
20180801724 10 6 7 3 1 8 4 9 2 5 
20180801725 2 4 1 10 8 7 5 9 6 3 
20180801726 8 3 1 2 9 5 7 6 10 4 
20180801727 2 9 1 3 5 4 8 7 6 10 
20180801728 7 3 8 5 1 2 9 6 4 10 
20180801729 4 7 6 2 10 9 5 1 3 8 
20180801730 5 4 7 6 10 1 9 8 3 2 
20180801731 5 6 2 7 8 10 3 9 1 4 
20180801732 4 8 5 1 10 3 9 7 2 6 
20180801733 5 9 4 8 10 7 3 2 1 6 
20180801734 6 4 7 1 5 8 2 10 9 3 
20180801735 2 7 6 10 4 9 5 1 3 8 
20180801736 9 1 10 4 5 3 2 6 7 8 
20180801737 2 8 5 9 3 4 7 1 6 10 
20180801738 3 9 7 2 4 6 1 10 5 8 
20180801739 2 5 6 3 10 9 4 1 7 8 
20180801740 1 8 7 2 9 6 3 10 4 5 
20180801741 7 6 10 8 9 3 4 1 2 5 
20180801742 2 1 9 4 6 5 8 3 7 10 
20180801743 8 7 2 9 1 4 6 3 5 10 
20180801744 1 9 8 4 3 5 2 10 7 6 
20180801745 8 1 5 9 7 3 2 10 4 6 
20180801746 10 7 4 1 2 8 6 5 9 3 
20180801747 6 5 4 1 2 9 8 10 7 3 
20180801748 10 5 7 8 1 2 3 4 6 9 
20180801749 4 2 8 6 9 7 1 3 10 5 
20180801750 2 1 6 3 5 4 8 9 10 7 
20180801751 5 10 4 7 3 6 8 2 9 1 
20180801752 2 9 7 3 5 6 1 10 4 8 
20180801753 2 8 1 9 3 10 6 5 4 7 
20180801754 10 5 6 3 7 2 8 4 9 1 
20180801755 8 9 4 3 7 10 6 5 1 2 
20180801756 5 8 9 3 10 6 2 4 7 1 
20180801757 10 9 2 5 7 1 4 3 8 6 
20180801758 6 8 10 5 2 1 9 7 3 4 
20180801759 1 2 9 7 10 3 4 8 6 5 
20180801760 10 5 2 9 7 8 3 4 6 1 
20180801761 10 5 8 1 3 7 9 4 2 6 
20180801762 5 3 7 6 1 9 10 8 2 4 
20180801763 1 9 7 8 5 6 3 2 10 4 
20180801764 9 5 7 6 2 8 4 1 10 3 
20180801765 9 5 10 2 7 8 1 4 3 6 
20180801766 9 1 2 3 5 8 4 6 7 10 
20180801767 3 9 7 4 8 6 2 10 1 5 
20180801768 7 10 4 2 9 8 3 1 5 6 
20180801769 10 5 7 8 6 4 2 9 3 1 
20180801770 1 9 5 4 10 3 7 2 8 6 
20180801771 10 7 2 6 3 5 1 8 4 9 
20180801772 8 4 9 10 7 6 1 5 2 3 
20180801773 7 8 3 1 6 4 10 9 5 2 
20180801774 4 7 8 6 9 3 5 1 10 2 
20180801775 6 7 2 9 5 10 1 3 4 8 
20180801776 2 5 6 8 4 9 1 7 3 10 
20180801777 9 1 3 10 7 6 4 2 8 5 
20180801778 8 6 10 9 5 4 3 1 2 7 
20180801779 8 6 1 10 7 3 5 9 4 2 
20180801780 9 2 1 6 4 8 5 10 7 3 
20180801781 8 1 7 9 3 2 6 4 5 10 
20180801782 2 1 8 10 7 9 4 5 6 3 
20180801783 5 10 9 2 1 6 4 7 3 8 
20180801784 3 7 9 5 8 4 2 10 6 1 
20180801785 10 7 2 4 9 1 8 3 5 6 
20180801786 3 1 9 2 6 10 7 4 5 8 
20180801787 8 6 3 10 2 1 4 7 9 5 
20180801788 10 4 2 6 8 7 9 1 3 5 
20180801789 7 5 2 10 9 3 8 4 6 1 
20180801790 10 9 7 6 5 3 8 4 2 1 
20180801791 5 7 9 4 6 3 8 10 2 1 
20180801792 7 6 4 5 9 10 1 2 3 8 
20180801793 6 1 9 4 3 5 2 10 7 8 
20180801794 7 1 4 9 8 6 10 3 5 2 
20180801795 7 5 10 1 6 9 2 8 4 3 
20180801796 2 5 6 8 9 3 4 10 7 1 
20180801797 10 3 9 1 5 6 4 8 7 2 
20180801798 1 2 10 9 6 5 4 7 3 8 
20180801799 7 4 5 1 6 9 8 2 3 10 
20180801800 2 9 5 10 6 7 8 4 3 1 
20180801801 6 7 8 9 3 5 2 4 10 1 
20180801802 1 9 7 6 8 4 5 10 3 2 
20180801803 1 9 2 6 7 8 3 10 4 5 
20180801804 3 7 9 4 10 1 2 5 8 6 
20180801805 6 1 7 4 2 10 8 3 9 5 
20180801806 1 8 9 3 7 5 4 6 2 10 
20180801807 8 1 9 4 5 3 6 2 10 7 
20180801808 3 4 1 9 10 7 6 5 8 2 
20180801809 4 3 2 9 7 8 5 1 10 6 
20180801810 9 10 5 8 7 2 4 3 6 1 
20180801811 7 1 6 9 4 5 8 3 2 10 
20180801812 6 2 5 3 9 8 7 1 10 4 
20180801813 8 1 2 10 7 5 3 4 9 6 
20180801814 3 2 10 7 8 1 5 4 9 6 
20180801815 9 5 10 1 7 4 2 6 3 8 
20180801816 7 8 3 5 6 1 2 10 4 9 
20180801817 2 10 6 9 7 8 4 5 1 3 
20180801818 9 4 5 7 8 1 6 3 10 2 
20180801819 5 9 1 8 4 7 6 10 2 3 
20180801820 6 4 5 2 7 1 8 9 3 10 
20180801821 1 9 6 8 2 3 5 7 4 10 
20180801822 10 3 4 2 9 7 6 5 8 1 
20180801823 4 2 10 3 6 5 7 8 1 9 
20180801824 3 10 7 5 4 6 1 8 9 2 
20180801825 2 7 5 4 1 3 10 8 9 6 
20180801826 1 3 8 2 6 7 10 5 9 4 
20180801827 4 5 7 1 3 2 6 9 10 8 
20180801828 1 8 10 2 3 6 7 9 4 5 
20180801829 1 10 8 6 2 5 7 3 4 9 
20180801830 1 6 9 2 4 5 8 10 3 7 
20180801831 9 10 5 2 8 1 7 3 4 6 
20180801832 6 2 1 4 9 10 7 5 8 3 
20180801833 10 4 9 8 1 6 7 2 3 5 
20180801834 2 8 1 4 10 7 5 3 6 9 
20180801835 5 6 1 9 10 8 3 2 7 4 
20180801836 4 3 10 8 9 1 2 5 7 6 
20180801837 3 6 5 10 1 9 2 8 7 4 
20180801838 2 8 7 3 1 5 10 6 4 9 
20180801839 7 1 8 4 9 5 6 10 3 2 
20180801840 5 6 3 10 7 4 1 2 8 9 
20180801841 2 9 8 6 3 10 5 4 7 1 
20180801842 8 5 10 3 7 2 9 6 1 4 
20180801843 10 6 2 4 1 8 3 5 7 9 
20180801844 1 3 8 4 2 9 6 7 5 10 
20180801845 5 8 10 6 2 1 3 7 9 4 
20180801846 1 8 6 3 9 10 5 4 7 2 
20180801847 1 5 4 9 3 6 10 8 2 7 
20180801848 7 10 6 3 9 1 5 8 2 4 
20180801849 7 6 3 1 2 5 8 10 4 9 
20180801850 6 2 7 9 3 5 8 10 1 4 
20180801851 2 6 4 7 10 3 9 1 5 8 
20180801852 6 1 7 3 9 5 8 10 2 4 
20180801853 6 10 9 7 8 3 1 2 5 4 
20180801854 2 8 9 7 6 1 5 10 4 3 
20180801855 7 8 9 2 6 5 3 4 1 10 
20180801856 4 5 3 1 9 8 6 10 2 7 
20180801857 6 10 7 1 5 9 3 2 8 4 
20180801858 7 1 9 3 8 10 5 2 6 4 
20180801859 4 7 5 2 1 3 9 6 8 10 
20180801860 3 10 1 5 7 2 6 8 9 4 
20180801861 5 10 6 4 1 3 9 7 2 8 
20180801862 3 9 2 10 1 7 4 8 5 6 
20180801863 3 2 9 5 8 6 1 7 10 4 
20180801864 8 10 2 1 6 7 3 9 5 4 
20180801865 1 6 9 5 2 8 3 10 7 4 
20180801866 10 7 4 9 8 5 3 1 6 2 
20180801867 10 8 5 1 2 3 7 4 6 9 
20180801868 4 7 5 3 9 6 1 8 10 2 
20180801869 3 5 7 2 9 1 6 4 8 10 
20180801870 3 9 8 5 6 1 7 4 2 10 
20180801871 6 3 1 8 10 2 7 4 9 5 
20180801872 9 1 5 7 3 2 6 10 8 4 
20180801873 10 5 6 4 1 8 7 9 2 3 
20180801874 2 4 7 5 1 9 3 6 8 10 
20180801875 7 9 2 8 1 4 5 6 3 10 
20180801876 6 10 9 7 2 4 3 8 1 5 
20180801877 3 7 2 6 4 10 5 1 9 8 
20180801878 10 3 7 2 9 5 6 8 1 4 
20180801879 1 3 8 4 9 10 7 5 2 6 
20180801880 6 7 5 4 8 1 3 2 9 10 
20180801881 5 3 9 10 2 1 7 8 4 6 
20180801882 4 10 6 2 9 8 7 5 3 1 
20180801883 10 9 4 7 3 5 1 8 2 6 
20180801884 8 2 10 9 7 4 5 1 6 3 
20180801885 6 8 4 10 1 3 9 7 2 5 
20180801886 9 6 3 8 4 7 1 10 2 5 
20180801887 6 5 8 9 1 2 7 4 3 10 
20180801888 4 6 10 8 7 9 3 2 5 1 
20180801889 3 2 8 1 4 9 10 5 7 6 
20180801890 5 6 3 4 8 10 9 7 2 1 
20180801891 9 7 4 10 8 5 3 1 6 2 
20180801892 6 1 8 3 5 2 9 4 10 7 
20180801893 3 4 7 9 1 6 8 5 10 2 
20180801894 7 2 9 4 5 3 1 10 6 8 
20180801895 1 6 2 8 7 9 4 10 3 5 
20180801896 10 5 2 4 1 6 7 3 9 8 
20180801897 1 3 4 5 6 9 10 8 2 7 
20180801898 9 4 2 8 5 6 10 3 1 7 
20180801899 3 6 4 2 9 5 10 8 1 7 
20180801900 7 4 1 6 10 9 5 8 3 2 
20180801901 2 4 9 3 6 5 1 10 8 7 
20180801902 5 6 9 10 8 1 7 2 3 4 
20180801903 7 6 3 5 4 1 2 8 10 9 
20180801904 5 6 8 3 9 7 10 1 2 4 
20180801905 10 6 2 4 7 8 5 3 9 1 
20180801906 3 8 6 1 10 2 4 7 5 9 
20180801907 1 3 5 10 2 9 4 6 7 8 
20180801908 10 9 8 4 1 7 2 3 5 6 
20180801909 9 5 7 6 2 4 8 1 10 3 
20180801910 1 6 7 2 5 9 3 4 8 10 
20180801911 7 6 1 4 5 10 3 2 8 9 
20180801912 2 8 1 7 5 6 10 4 3 9 
20180801913 5 4 2 1 9 10 8 7 3 6 
20180801914 3 1 5 2 10 8 4 9 6 7 
20180801915 7 1 10 8 2 4 6 3 5 9 
20180801916 8 4 6 1 10 5 3 7 9 2 
20180801917 3 2 5 8 7 4 6 10 9 1 
20180801918 5 10 7 6 9 2 1 4 8 3 
20180801919 5 1 3 7 8 4 2 10 6 9 
20180801920 7 1 6 8 2 5 10 4 3 9 
20180801921 10 2 5 6 4 3 1 7 8 9 
20180801922 10 1 8 6 3 4 5 9 2 7 
20180801923 9 1 6 8 10 3 4 5 2 7 
20180801924 7 4 6 8 5 3 10 2 1 9 
20180801925 8 9 5 4 6 3 7 10 1 2 
20180801926 7 8 4 3 5 2 6 1 9 10 
20180801927 5 3 8 6 9 2 7 1 4 10 
20180801928 10 4 8 6 5 2 7 3 1 9 
20180801929 5 6 4 8 1 9 2 7 10 3 
20180801930 5 6 7 8 2 4 10 9 1 3 
20180801931 8 9 1 2 10 3 4 6 7 5 
20180801932 6 5 4 9 3 10 7 2 1 8 
20180801933 6 2 10 4 8 7 1 5 9 3 
20180801934 6 10 4 9 3 8 5 1 7 2 
20180801935 10 2 8 6 5 9 4 7 3 1 
20180801936 1 4 9 3 7 2 5 8 6 10 
20180801937 5 3 4 8 6 2 10 1 7 9 
20180801938 2 6 1 10 9 5 4 7 3 8 
20180801939 5 7 10 3 8 4 9 2 1 6 
20180801940 10 1 6 5 9 3 2 4 7 8 
20180801941 8 3 1 4 10 9 7 5 2 6 
20180801942 7 2 9 10 8 6 3 4 5 1 
20180801943 1 7 4 3 8 5 2 9 10 6 
20180801944 8 6 10 7 4 9 3 2 5 1 
20180801945 7 3 4 2 6 5 9 8 10 1 
20180801946 2 5 9 3 8 10 7 1 6 4 
20180801947 4 6 8 5 1 2 7 9 10 3 
20180801948 2 9 1 5 10 6 8 7 3 4 
20180801949 2 9 7 8 10 4 6 5 3 1 
20180801950 1 2 9 7 10 3 6 4 5 8 
20180801951 10 1 4 6 7 5 3 9 2 8 
20180801952 8 2 4 7 10 1 5 9 6 3 
20180801953 1 9 6 4 3 10 8 5 2 7 
20180801954 7 9 5 2 10 1 4 8 3 6 
20180801955 8 6 2 4 7 9 10 3 5 1 
20180801956 10 5 3 2 4 6 8 9 1 7 
20180801957 9 5 1 6 10 2 8 3 7 4 
20180801958 4 6 3 9 1 5 8 7 2 10 
20180801959 7 3 4 10 9 2 6 8 1 5 
20180801960 10 5 2 4 3 9 1 7 8 6 
20180801961 5 1 3 7 2 10 8 4 9 6 
20180801962 2 3 10 5 8 7 4 6 1 9 
20180801963 2 10 1 5 8 6 4 3 9 7 
20180801964 10 6 1 5 7 4 8 3 2 9 
20180801965 4 9 6 3 1 10 5 7 2 8 
20180801966 6 3 5 1 9 8 4 2 7 10 
20180801967 10 3 6 5 8 9 1 4 2 7 
20180801968 8 4 9 2 3 5 10 7 6 1 
20180801969 6 1 8 5 10 2 4 9 3 7 
20180801970 10 8 7 6 3 2 4 9 5 1 
20180801971 4 1 2 9 7 3 6 5 8 10 
20180801972 9 8 5 10 4 6 2 1 7 3 
20180801973 10 8 9 6 7 1 3 4 5 2 
20180801974 8 5 6 2 1 3 4 9 7 10 
20180801975 5 6 3 2 7 1 4 8 10 9 
20180801976 8 9 1 6 3 2 4 5 7 10 
20180801977 8 7 3 2 9 6 1 4 5 10 
20180801978 10 4 8 2 1 9 5 7 3 6 
20180801979 5 1 4 2 9 10 8 3 6 7 
20180801980 9 4 10 6 3 5 8 1 2 7 
20180801981 10 9 7 5 3 1 8 2 4 6 
20180801982 6 8 1 3 7 10 5 4 9 2 
20180801983 6 9 5 7 10 2 3 8 1 4 
20180801984 6 3 9 5 4 10 1 8 2 7 
20180801985 1 3 9 8 5 2 10 4 7 6 
