20180805001 4 8 10 7 6 9 5 1 2 3 
20180805002 1 7 3 8 9 2 5 6 10 4 
20180805003 10 5 8 7 3 6 4 1 2 9 
20180805004 3 5 1 6 4 10 2 8 9 7 
20180805005 2 6 1 4 7 5 3 10 8 9 
20180805006 6 9 8 5 1 10 7 4 3 2 
20180805007 4 3 9 8 7 10 2 5 6 1 
20180805008 10 4 8 7 1 5 9 6 2 3 
20180805009 4 8 3 9 10 7 2 1 6 5 
20180805010 10 7 4 1 2 8 5 6 3 9 
20180805011 3 9 4 6 1 5 2 8 10 7 
20180805012 7 10 2 1 4 9 3 6 5 8 
20180805013 5 3 9 2 7 4 1 6 8 10 
20180805014 5 2 4 1 7 6 8 3 10 9 
20180805015 5 2 6 9 7 8 4 3 10 1 
20180805016 1 4 5 2 7 8 10 9 6 3 
20180805017 1 9 4 6 10 8 7 3 5 2 
20180805018 2 5 1 4 6 7 10 9 3 8 
20180805019 10 4 8 5 9 1 7 6 3 2 
20180805020 5 9 8 2 7 4 6 3 10 1 
20180805021 9 4 10 5 2 6 3 8 1 7 
20180805022 3 6 8 5 10 4 1 2 9 7 
20180805023 3 5 10 6 1 7 9 4 2 8 
20180805024 6 4 9 10 3 7 5 2 8 1 
20180805025 7 8 9 6 2 4 1 10 5 3 
20180805026 6 9 7 4 5 10 3 8 2 1 
20180805027 8 9 1 5 7 4 10 6 3 2 
20180805028 1 6 3 8 9 4 5 7 2 10 
20180805029 4 5 3 9 8 2 6 10 1 7 
20180805030 5 8 6 4 3 9 7 2 1 10 
20180805031 7 6 9 4 5 10 2 1 3 8 
20180805032 4 7 3 6 2 10 9 5 1 8 
20180805033 6 1 5 4 10 7 9 2 3 8 
20180805034 3 5 8 4 7 1 10 2 6 9 
20180805035 9 4 10 3 6 8 1 7 2 5 
20180805036 9 8 6 3 2 4 10 1 7 5 
20180805037 7 3 4 5 1 2 9 6 8 10 
20180805038 6 1 9 10 2 8 7 4 3 5 
20180805039 4 6 10 9 3 1 2 7 8 5 
20180805040 4 5 2 3 10 6 1 7 9 8 
20180805041 4 9 7 1 10 6 3 5 2 8 
20180805042 9 6 10 4 3 5 2 1 8 7 
20180805043 4 9 8 3 6 7 1 5 2 10 
20180805044 1 3 10 5 9 6 2 4 8 7 
20180805045 7 8 9 3 10 4 1 2 5 6 
20180805046 3 7 10 1 4 8 2 6 5 9 
20180805047 5 9 8 7 4 2 6 3 1 10 
20180805048 9 5 6 2 10 3 8 1 4 7 
20180805049 1 10 4 6 8 5 7 2 3 9 
20180805050 7 2 4 9 5 3 6 10 8 1 
20180805051 1 5 4 2 6 10 8 7 9 3 
20180805052 4 9 1 8 5 7 2 10 3 6 
20180805053 7 8 5 10 2 3 1 6 4 9 
20180805054 8 1 6 10 3 7 2 9 4 5 
20180805055 3 7 2 6 5 8 10 9 4 1 
20180805056 6 5 10 3 2 7 4 1 8 9 
20180805057 8 2 4 10 7 9 3 1 5 6 
20180805058 9 2 7 3 8 1 10 4 5 6 
20180805059 6 2 3 10 4 7 5 8 9 1 
20180805060 2 9 3 4 8 1 7 5 6 10 
20180805061 7 6 4 8 3 9 5 1 2 10 
20180805062 3 10 2 5 7 6 4 8 1 9 
20180805063 6 7 1 8 3 9 2 10 5 4 
20180805064 6 4 2 8 9 7 10 1 3 5 
20180805065 4 9 8 10 1 2 6 3 5 7 
20180805066 8 7 3 10 9 1 5 4 6 2 
20180805067 6 5 9 1 4 7 2 10 8 3 
20180805068 2 10 3 7 4 5 9 8 6 1 
20180805069 6 8 10 5 7 4 2 3 1 9 
20180805070 7 4 3 10 6 1 5 2 9 8 
20180805071 9 6 1 8 3 5 4 2 10 7 
20180805072 5 10 3 9 2 7 6 1 4 8 
20180805073 6 8 4 9 1 7 3 5 10 2 
20180805074 9 8 6 7 10 3 2 4 5 1 
20180805075 2 4 9 8 5 7 3 10 1 6 
20180805076 3 8 4 6 7 1 5 10 9 2 
20180805077 10 4 7 1 9 2 3 8 6 5 
20180805078 1 3 4 10 6 7 8 9 2 5 
20180805079 4 10 2 8 5 9 6 3 7 1 
20180805080 8 1 5 9 2 7 4 10 6 3 
20180805081 3 2 6 10 4 7 8 5 9 1 
20180805082 4 7 3 5 10 8 6 1 2 9 
20180805083 5 7 8 9 1 10 4 6 2 3 
20180805084 2 1 9 4 3 5 6 10 7 8 
20180805085 8 4 7 2 9 6 1 10 3 5 
20180805086 9 2 4 5 1 3 8 10 7 6 
20180805087 8 10 9 5 6 3 2 1 7 4 
20180805088 3 1 10 9 6 5 7 4 8 2 
20180805089 6 3 9 1 10 4 2 7 5 8 
20180805090 5 1 3 6 8 9 2 7 10 4 
20180805091 9 6 1 3 2 7 8 5 4 10 
20180805092 8 6 10 3 7 4 1 2 9 5 
20180805093 10 7 2 3 6 8 5 1 4 9 
20180805094 5 1 9 10 4 7 8 6 2 3 
20180805095 2 6 1 4 7 9 5 8 3 10 
20180805096 10 7 4 2 3 5 6 1 8 9 
20180805097 10 4 1 8 2 9 5 6 7 3 
20180805098 4 3 10 1 5 9 6 2 7 8 
20180805099 4 2 1 6 7 3 9 5 8 10 
20180805100 10 8 5 7 6 9 3 4 2 1 
20180805101 7 6 3 9 4 2 5 1 8 10 
20180805102 8 3 9 2 7 5 10 4 1 6 
20180805103 10 2 6 8 1 4 5 9 3 7 
20180805104 1 6 3 8 4 5 7 2 9 10 
20180805105 9 5 3 1 4 7 10 8 6 2 
20180805106 1 7 6 5 3 8 4 10 2 9 
20180805107 3 2 5 7 8 6 10 1 9 4 
20180805108 8 5 6 4 3 10 1 9 7 2 
20180805109 4 3 1 10 7 8 9 2 6 5 
20180805110 7 2 6 5 9 4 3 8 10 1 
20180805111 6 5 9 7 10 3 4 8 1 2 
20180805112 8 4 7 3 1 5 6 2 9 10 
20180805113 1 2 6 8 7 4 3 5 10 9 
20180805114 10 1 8 2 7 9 4 3 6 5 
20180805115 2 10 6 8 1 7 5 3 9 4 
20180805116 1 5 8 6 7 2 10 3 9 4 
20180805117 9 4 6 7 10 5 2 1 3 8 
20180805118 3 4 2 7 9 10 1 8 6 5 
20180805119 5 3 7 1 10 6 8 4 9 2 
20180805120 5 3 9 10 2 1 8 6 4 7 
20180805121 6 8 3 2 4 5 10 1 7 9 
20180805122 4 3 8 7 2 6 10 1 9 5 
20180805123 7 8 1 6 5 10 9 2 3 4 
20180805124 10 9 7 1 8 2 5 3 6 4 
20180805125 10 4 6 1 5 8 2 3 7 9 
20180805126 10 9 3 8 5 6 2 4 1 7 
20180805127 7 1 9 5 8 6 3 4 10 2 
20180805128 1 4 6 3 10 7 9 5 8 2 
20180805129 5 8 2 1 6 4 9 3 7 10 
20180805130 9 2 4 8 5 7 6 1 3 10 
20180805131 1 4 10 3 6 8 2 7 5 9 
20180805132 4 3 10 8 7 2 6 1 5 9 
20180805133 1 7 9 6 10 8 3 2 4 5 
20180805134 5 4 1 2 9 6 3 10 8 7 
20180805135 10 4 7 5 3 6 1 9 8 2 
20180805136 6 5 1 10 4 8 9 3 7 2 
20180805137 7 6 8 4 10 2 5 9 1 3 
20180805138 5 2 7 3 4 9 1 10 6 8 
20180805139 4 1 7 8 9 10 5 2 3 6 
20180805140 8 3 6 5 4 10 1 9 7 2 
20180805141 9 8 6 3 5 10 7 2 4 1 
20180805142 10 6 4 3 7 5 9 2 1 8 
20180805143 6 10 9 1 3 8 5 4 7 2 
20180805144 2 6 8 5 4 9 1 10 7 3 
20180805145 9 5 6 2 10 7 8 4 1 3 
20180805146 2 3 6 4 5 9 1 7 10 8 
20180805147 5 4 8 7 10 1 2 9 6 3 
20180805148 9 3 6 1 2 4 5 10 7 8 
20180805149 2 3 1 6 9 10 7 5 8 4 
20180805150 7 5 10 1 8 3 6 2 4 9 
20180805151 5 10 8 2 3 9 6 7 1 4 
20180805152 3 1 2 8 6 10 5 4 9 7 
20180805153 10 6 5 3 9 1 4 7 2 8 
20180805154 5 4 8 10 1 7 6 3 9 2 
20180805155 5 9 6 4 2 8 10 1 3 7 
20180805156 7 8 1 2 10 9 3 6 5 4 
20180805157 4 8 9 1 7 5 2 10 6 3 
20180805158 5 8 1 3 2 10 4 7 9 6 
20180805159 7 6 8 2 5 3 10 1 9 4 
20180805160 9 7 6 5 2 10 1 8 4 3 
20180805161 2 10 7 1 4 8 9 6 5 3 
20180805162 9 6 5 8 1 3 4 7 2 10 
20180805163 10 8 6 4 3 2 7 5 1 9 
20180805164 9 7 3 1 8 2 4 10 6 5 
20180805165 3 1 9 4 5 2 7 10 8 6 
20180805166 6 8 9 5 4 10 1 3 7 2 
20180805167 10 4 7 8 6 2 3 5 1 9 
20180805168 9 8 3 7 6 2 1 10 4 5 
20180805169 1 3 8 7 4 6 2 10 9 5 
20180805170 10 8 5 1 6 7 9 4 3 2 
20180805171 3 7 9 8 10 2 4 6 5 1 
20180805172 9 5 2 6 8 4 1 3 10 7 
20180805173 7 6 2 4 10 1 9 8 3 5 
20180805174 9 7 6 5 4 8 3 2 10 1 
20180805175 8 4 9 6 1 5 3 7 2 10 
20180805176 3 7 10 4 2 1 9 8 5 6 
20180805177 8 6 2 3 4 5 7 10 1 9 
20180805178 8 9 5 6 7 4 1 10 2 3 
20180805179 5 4 1 10 7 9 2 8 3 6 
20180805180 1 7 10 3 5 6 2 9 4 8 
20180805181 10 1 7 3 2 9 5 8 4 6 
20180805182 2 9 6 1 8 3 10 5 7 4 
20180805183 6 10 7 9 5 3 4 2 1 8 
20180805184 1 9 2 6 4 7 3 10 5 8 
20180805185 4 3 5 2 8 6 10 9 1 7 
20180805186 10 2 7 3 4 8 6 9 1 5 
20180805187 7 10 4 9 3 2 8 6 5 1 
20180805188 10 3 5 4 2 9 1 6 8 7 
20180805189 2 7 4 1 8 6 10 9 3 5 
20180805190 5 10 4 8 1 2 9 7 6 3 
20180805191 6 7 8 10 9 5 2 3 4 1 
20180805192 2 8 9 4 5 10 3 6 7 1 
20180805193 8 9 2 10 1 7 4 5 3 6 
20180805194 7 3 6 8 5 10 2 9 1 4 
20180805195 3 2 9 7 4 8 5 6 1 10 
20180805196 1 6 8 7 10 3 5 9 4 2 
20180805197 1 6 8 10 9 2 7 3 5 4 
20180805198 8 4 3 7 10 2 9 6 5 1 
20180805199 6 5 7 8 2 1 10 4 3 9 
20180805200 7 6 5 8 10 2 3 9 4 1 
20180805201 3 10 7 8 6 2 4 9 5 1 
20180805202 5 2 10 4 3 7 8 6 1 9 
20180805203 2 3 8 6 9 1 5 7 10 4 
20180805204 9 2 1 7 3 8 4 10 5 6 
20180805205 6 9 1 8 5 3 10 4 2 7 
20180805206 1 2 5 9 10 4 7 8 6 3 
20180805207 9 2 10 1 6 8 3 7 4 5 
20180805208 1 3 2 4 6 8 10 7 5 9 
20180805209 2 8 7 9 10 1 5 4 3 6 
20180805210 1 5 10 9 8 4 3 6 7 2 
20180805211 8 4 5 3 7 2 1 9 6 10 
20180805212 3 5 2 10 8 4 6 9 1 7 
20180805213 8 10 3 5 6 2 7 1 9 4 
20180805214 10 1 3 7 2 9 8 6 5 4 
20180805215 1 8 5 7 10 6 4 2 3 9 
20180805216 3 6 8 7 10 5 9 1 4 2 
20180805217 3 9 7 5 4 2 10 1 6 8 
20180805218 5 2 7 10 3 6 8 4 9 1 
20180805219 10 8 2 7 3 1 4 9 5 6 
20180805220 5 10 8 4 3 6 1 7 2 9 
20180805221 5 2 9 10 3 6 1 4 7 8 
20180805222 3 7 6 9 10 4 5 1 2 8 
20180805223 3 10 2 7 8 6 5 9 4 1 
20180805224 2 8 4 7 3 5 9 6 1 10 
20180805225 10 4 9 3 2 6 5 8 1 7 
20180805226 2 3 1 9 10 7 8 4 6 5 
20180805227 8 2 9 5 3 6 1 10 7 4 
20180805228 3 6 2 7 8 5 1 9 4 10 
20180805229 7 6 4 8 2 5 10 1 3 9 
20180805230 10 6 3 9 2 8 7 5 1 4 
20180805231 1 3 10 8 2 4 9 5 7 6 
20180805232 1 2 5 9 3 7 8 6 10 4 
20180805233 2 9 4 7 10 8 3 1 5 6 
20180805234 9 7 4 10 8 1 3 5 6 2 
20180805235 8 6 3 1 7 2 4 10 5 9 
20180805236 5 8 6 10 3 1 2 4 7 9 
20180805237 7 4 2 10 6 1 5 9 8 3 
20180805238 1 8 5 6 10 9 7 2 3 4 
20180805239 7 2 8 4 3 1 6 9 5 10 
20180805240 1 4 5 7 6 3 8 10 2 9 
20180805241 3 2 9 6 5 10 4 1 8 7 
20180805242 8 9 7 5 6 1 3 10 2 4 
20180805243 8 7 6 3 5 9 1 4 2 10 
20180805244 4 2 9 5 10 7 8 6 1 3 
20180805245 1 10 6 4 7 9 8 2 5 3 
20180805246 5 6 7 1 3 9 8 4 10 2 
20180805247 8 10 1 9 5 3 2 6 7 4 
20180805248 9 7 2 10 3 5 4 6 8 1 
20180805249 1 9 6 3 7 10 4 8 2 5 
20180805250 1 9 8 7 10 6 5 3 4 2 
20180805251 7 2 6 8 10 4 1 9 3 5 
20180805252 10 4 7 5 6 2 3 9 1 8 
20180805253 6 1 3 9 2 7 8 5 10 4 
20180805254 8 5 7 10 6 1 2 9 3 4 
20180805255 10 7 1 3 9 4 2 5 8 6 
20180805256 5 10 8 4 2 1 7 3 9 6 
20180805257 3 9 6 1 5 8 4 7 2 10 
20180805258 5 6 10 9 7 1 2 3 4 8 
20180805259 9 6 4 2 5 3 8 10 7 1 
20180805260 2 8 5 1 4 9 10 3 7 6 
20180805261 3 5 7 1 9 2 4 8 10 6 
20180805262 1 4 3 6 5 10 7 8 2 9 
20180805263 9 7 4 10 3 2 8 1 5 6 
20180805264 6 1 3 10 5 2 9 4 8 7 
20180805265 5 9 7 1 4 3 2 8 10 6 
20180805266 6 2 1 8 10 3 4 9 5 7 
20180805267 5 7 1 10 3 2 9 8 6 4 
20180805268 6 2 10 7 3 9 4 5 8 1 
20180805269 4 3 5 8 7 9 2 6 1 10 
20180805270 3 2 9 10 5 6 4 8 1 7 
20180805271 2 8 7 4 9 5 1 3 6 10 
20180805272 2 7 1 5 9 10 3 8 6 4 
20180805273 3 1 9 10 5 6 2 7 4 8 
20180805274 2 7 6 4 3 10 8 1 5 9 
20180805275 8 6 2 10 5 3 1 4 7 9 
20180805276 3 7 2 10 1 6 4 9 5 8 
20180805277 4 2 8 3 1 9 6 7 5 10 
20180805278 9 8 5 4 6 7 10 2 3 1 
20180805279 2 8 1 7 10 4 6 3 9 5 
20180805280 1 9 7 4 6 10 3 8 2 5 
20180805281 9 8 2 6 5 7 10 1 4 3 
20180805282 1 9 3 5 2 7 8 10 4 6 
20180805283 2 6 1 10 9 4 7 8 3 5 
20180805284 4 3 7 9 8 6 1 10 5 2 
20180805285 2 7 1 9 3 4 10 6 5 8 
20180805286 8 3 10 5 1 4 6 2 9 7 
20180805287 8 3 6 2 7 9 4 10 1 5 
20180805288 5 9 3 8 10 7 2 6 1 4 
20180805289 1 3 4 6 9 8 10 2 7 5 
20180805290 7 1 5 8 3 2 9 6 10 4 
20180805291 9 3 6 8 10 1 2 7 4 5 
20180805292 2 9 7 10 4 5 8 3 6 1 
20180805293 3 8 5 2 4 1 9 10 6 7 
20180805294 6 7 4 2 3 1 5 8 9 10 
20180805295 2 1 10 3 4 6 8 5 7 9 
20180805296 8 5 6 10 3 9 7 4 2 1 
20180805297 6 9 8 3 4 7 1 2 10 5 
20180805298 1 7 9 2 3 5 10 4 6 8 
20180805299 9 8 5 2 1 6 4 7 3 10 
20180805300 5 1 6 7 8 10 9 2 3 4 
20180805301 4 10 8 3 7 9 1 5 6 2 
20180805302 8 10 4 9 6 5 3 7 2 1 
20180805303 6 9 5 1 10 4 8 2 3 7 
20180805304 2 3 10 5 8 1 7 6 4 9 
20180805305 10 4 7 2 9 3 6 8 5 1 
20180805306 3 2 6 10 1 7 5 9 4 8 
20180805307 7 3 5 6 8 1 2 10 9 4 
20180805308 6 5 8 9 1 10 4 7 3 2 
20180805309 3 5 4 2 10 6 7 9 8 1 
20180805310 8 10 7 2 1 5 6 4 3 9 
20180805311 7 10 9 3 8 6 1 5 2 4 
20180805312 1 2 4 8 10 7 3 9 6 5 
20180805313 7 9 2 5 10 3 8 4 6 1 
20180805314 7 2 5 3 10 8 4 6 1 9 
20180805315 10 9 8 1 2 7 3 5 4 6 
20180805316 8 2 5 7 1 3 9 6 10 4 
20180805317 6 2 4 9 1 5 3 10 8 7 
20180805318 6 3 4 1 8 9 7 5 2 10 
20180805319 4 6 8 9 7 1 2 3 5 10 
20180805320 5 3 8 10 2 7 6 9 4 1 
20180805321 5 4 3 10 8 1 7 2 6 9 
20180805322 6 4 10 3 5 9 8 2 7 1 
20180805323 9 6 3 2 5 4 1 7 8 10 
20180805324 9 5 7 2 6 8 1 10 3 4 
20180805325 9 6 8 3 2 4 1 7 5 10 
20180805326 9 7 2 4 1 5 8 6 10 3 
20180805327 2 7 10 4 5 8 9 3 1 6 
20180805328 5 3 1 4 8 9 10 2 7 6 
20180805329 2 8 10 7 4 5 9 3 6 1 
20180805330 10 1 7 4 9 2 6 5 3 8 
20180805331 3 2 9 7 1 4 10 8 5 6 
20180805332 7 10 5 4 8 1 3 6 9 2 
20180805333 2 1 9 6 10 3 4 7 5 8 
20180805334 7 1 9 10 5 6 2 8 3 4 
20180805335 6 9 7 3 1 2 8 4 5 10 
20180805336 3 5 8 9 10 2 6 1 4 7 
20180805337 6 2 3 9 7 5 4 8 1 10 
20180805338 5 7 4 6 2 9 1 3 10 8 
20180805339 1 2 5 6 9 10 4 7 8 3 
20180805340 9 3 6 5 2 4 7 1 8 10 
20180805341 6 10 7 5 9 1 4 2 3 8 
20180805342 9 2 6 8 3 10 7 1 5 4 
20180805343 3 5 6 1 9 7 8 4 2 10 
20180805344 1 6 4 5 10 9 3 8 7 2 
20180805345 5 6 9 2 1 10 7 8 3 4 
20180805346 9 3 1 10 7 6 4 2 8 5 
20180805347 7 3 8 5 10 6 2 9 4 1 
20180805348 7 3 1 5 2 8 6 10 9 4 
20180805349 5 8 10 6 4 9 1 7 2 3 
20180805350 7 2 6 9 10 8 1 4 5 3 
20180805351 8 1 10 2 5 7 3 4 6 9 
20180805352 4 5 3 2 9 7 6 10 1 8 
20180805353 6 10 9 5 3 4 1 8 7 2 
20180805354 2 8 9 10 6 5 4 3 7 1 
20180805355 2 3 1 10 8 9 5 7 6 4 
20180805356 10 7 6 5 4 2 1 3 8 9 
20180805357 3 9 1 7 10 8 5 2 6 4 
20180805358 8 1 7 4 10 2 3 9 6 5 
20180805359 5 7 4 8 3 6 2 9 1 10 
20180805360 6 5 1 2 7 9 4 10 3 8 
20180805361 1 9 3 7 5 6 10 4 8 2 
20180805362 3 10 7 2 5 8 1 4 9 6 
20180805363 3 2 1 4 6 5 10 9 7 8 
20180805364 2 4 6 8 9 10 3 1 7 5 
20180805365 1 8 9 7 3 6 5 10 4 2 
20180805366 7 2 8 3 4 10 5 1 9 6 
20180805367 9 10 1 5 2 4 6 8 3 7 
20180805368 1 8 9 4 6 2 3 7 10 5 
20180805369 2 4 3 9 6 1 7 8 10 5 
20180805370 4 5 3 1 10 8 7 6 9 2 
20180805371 9 1 6 4 8 5 7 10 3 2 
20180805372 5 9 2 6 3 8 4 7 10 1 
20180805373 9 5 6 3 7 1 8 4 2 10 
20180805374 9 8 6 4 5 3 10 7 1 2 
20180805375 9 7 5 6 2 1 8 10 3 4 
20180805376 4 1 9 3 6 10 7 2 5 8 
20180805377 8 4 6 5 7 1 10 9 3 2 
20180805378 8 6 3 1 4 10 2 9 5 7 
20180805379 4 8 5 3 1 6 7 2 9 10 
20180805380 8 1 6 4 5 10 9 7 2 3 
20180805381 6 4 5 9 8 10 1 2 7 3 
20180805382 10 4 8 2 3 9 1 7 5 6 
20180805383 3 8 7 10 9 2 5 4 6 1 
20180805384 8 7 9 3 2 10 4 1 6 5 
20180805385 7 2 8 5 3 10 4 1 6 9 
20180805386 7 10 5 9 3 6 4 2 8 1 
20180805387 9 2 7 4 8 5 6 3 1 10 
20180805388 4 7 2 8 10 3 5 9 1 6 
20180805389 3 4 8 7 6 9 2 1 5 10 
20180805390 2 4 9 7 10 3 5 1 6 8 
20180805391 3 9 7 10 8 4 1 2 5 6 
20180805392 6 7 3 9 2 10 5 1 8 4 
20180805393 6 1 9 8 3 7 2 5 10 4 
20180805394 10 3 6 1 8 5 7 4 2 9 
20180805395 1 9 6 7 10 8 4 3 5 2 
20180805396 5 2 3 6 9 4 8 1 7 10 
20180805397 9 1 6 3 2 4 10 5 7 8 
20180805398 2 4 5 3 6 10 7 1 9 8 
20180805399 8 5 7 6 4 3 9 10 1 2 
20180805400 3 6 10 8 7 2 5 9 1 4 
20180805401 9 3 10 1 6 5 4 7 2 8 
20180805402 5 1 8 9 4 6 7 2 3 10 
20180805403 4 3 8 5 7 9 6 2 1 10 
20180805404 5 4 2 1 3 10 8 7 6 9 
20180805405 6 10 7 1 2 5 8 3 9 4 
20180805406 5 10 9 6 8 1 2 3 7 4 
20180805407 6 7 1 2 4 3 10 5 9 8 
20180805408 2 9 6 4 8 7 5 1 10 3 
20180805409 2 9 5 3 8 10 6 7 1 4 
20180805410 1 9 5 10 8 3 4 2 6 7 
20180805411 4 5 8 10 6 2 7 9 1 3 
20180805412 6 5 10 7 1 9 4 8 3 2 
20180805413 8 9 1 5 10 7 4 2 6 3 
20180805414 2 9 5 10 1 4 7 3 6 8 
20180805415 10 1 3 5 2 6 7 8 4 9 
20180805416 1 8 5 3 2 6 7 9 10 4 
20180805417 6 8 4 3 5 7 9 10 2 1 
20180805418 8 1 4 9 7 5 6 10 2 3 
20180805419 8 7 5 6 9 4 3 10 1 2 
20180805420 7 4 5 8 9 2 3 1 6 10 
20180805421 10 5 4 9 3 2 6 1 7 8 
20180805422 10 1 6 9 8 5 7 3 2 4 
20180805423 5 3 6 2 7 10 9 1 8 4 
20180805424 6 4 9 3 2 7 5 1 8 10 
20180805425 1 2 6 9 3 8 7 4 10 5 
20180805426 8 7 1 2 3 9 10 6 4 5 
20180805427 7 10 9 1 8 4 6 2 3 5 
20180805428 10 9 1 7 3 2 8 5 6 4 
20180805429 1 5 3 10 8 2 7 4 6 9 
20180805430 9 4 10 5 6 8 2 3 7 1 
20180805431 4 6 3 7 5 10 8 2 1 9 
20180805432 2 6 4 8 5 7 3 10 1 9 
20180805433 3 6 10 4 8 2 5 9 1 7 
20180805434 2 9 3 4 7 6 1 10 5 8 
20180805435 2 8 3 5 7 9 4 6 10 1 
20180805436 5 3 6 7 9 2 8 4 1 10 
20180805437 9 10 3 6 2 5 4 7 8 1 
20180805438 6 5 8 9 2 7 3 4 10 1 
20180805439 3 2 9 5 10 7 1 8 6 4 
20180805440 8 1 5 9 4 7 3 2 10 6 
20180805441 4 2 1 3 8 6 10 9 5 7 
20180805442 9 2 4 1 6 3 7 8 5 10 
20180805443 1 2 3 7 5 6 8 10 4 9 
20180805444 8 6 3 7 1 2 9 5 10 4 
20180805445 6 3 5 2 10 7 9 8 1 4 
20180805446 2 3 9 4 6 10 1 5 7 8 
20180805447 9 3 6 4 8 5 7 1 2 10 
20180805448 6 2 1 10 8 5 7 3 9 4 
20180805449 6 5 7 2 10 1 4 3 8 9 
20180805450 3 2 5 10 1 4 9 8 7 6 
20180805451 7 6 9 4 10 3 1 2 8 5 
20180805452 4 3 2 8 6 10 9 1 5 7 
20180805453 7 4 2 1 6 3 10 8 9 5 
20180805454 4 7 1 9 10 2 5 6 3 8 
20180805455 1 3 8 6 10 7 4 9 2 5 
20180805456 8 3 7 6 5 1 9 4 2 10 
20180805457 4 10 8 2 1 5 6 7 3 9 
20180805458 4 2 5 9 6 10 3 7 8 1 
20180805459 4 8 9 10 2 3 7 6 1 5 
20180805460 4 1 6 9 5 10 8 7 3 2 
20180805461 5 6 10 1 2 8 3 7 9 4 
20180805462 10 5 8 6 3 9 2 1 4 7 
20180805463 6 8 9 1 2 4 10 5 3 7 
20180805464 2 1 3 9 8 6 4 5 10 7 
20180805465 9 6 3 4 2 1 5 10 7 8 
20180805466 3 6 9 10 1 2 4 7 5 8 
20180805467 1 4 7 3 9 6 8 5 2 10 
20180805468 5 3 8 7 1 2 6 10 4 9 
20180805469 5 2 3 10 9 4 6 7 1 8 
20180805470 9 5 8 4 3 10 1 2 7 6 
20180805471 1 8 6 2 10 5 4 7 3 9 
20180805472 1 9 5 2 7 3 6 8 4 10 
20180805473 10 2 8 6 7 5 3 4 1 9 
20180805474 3 8 4 7 6 9 1 10 5 2 
20180805475 7 1 3 6 9 5 4 2 8 10 
20180805476 9 3 5 1 8 6 10 4 7 2 
20180805477 10 6 5 1 3 4 9 7 2 8 
20180805478 7 9 5 2 4 8 10 6 3 1 
20180805479 5 6 10 2 9 3 8 1 7 4 
20180805480 4 1 7 6 3 8 10 2 9 5 
20180805481 1 2 8 7 6 4 10 3 5 9 
20180805482 9 4 6 2 1 10 7 5 3 8 
20180805483 2 8 5 6 10 3 1 7 4 9 
20180805484 1 8 2 7 9 4 6 10 5 3 
20180805485 3 4 8 7 10 5 6 1 2 9 
20180805486 3 4 2 1 5 8 9 10 6 7 
20180805487 6 9 1 10 2 3 4 8 5 7 
20180805488 9 1 4 5 7 3 2 8 6 10 
20180805489 9 3 8 4 5 1 7 10 2 6 
20180805490 8 6 1 2 4 3 9 5 10 7 
20180805491 6 8 10 7 5 1 2 4 3 9 
20180805492 2 3 5 10 1 9 8 6 4 7 
20180805493 4 7 5 6 1 10 9 3 2 8 
20180805494 8 3 7 2 10 4 6 5 1 9 
20180805495 6 3 2 4 9 8 7 5 10 1 
20180805496 10 5 6 9 8 3 7 4 2 1 
20180805497 9 3 2 7 5 1 4 10 8 6 
20180805498 3 4 8 1 2 5 7 9 10 6 
20180805499 10 6 5 4 1 7 2 3 8 9 
20180805500 2 7 5 6 10 8 4 1 3 9 
20180805501 10 2 6 3 1 7 5 4 9 8 
20180805502 6 9 8 7 2 4 1 10 3 5 
20180805503 6 3 4 9 8 2 5 10 1 7 
20180805504 1 10 5 3 7 4 9 6 8 2 
20180805505 3 8 1 10 2 9 6 4 5 7 
20180805506 9 4 5 3 8 7 10 2 1 6 
20180805507 7 1 6 8 4 3 10 5 9 2 
20180805508 6 1 5 2 7 8 10 3 9 4 
20180805509 2 5 10 9 8 6 7 3 4 1 
20180805510 2 6 4 3 8 1 9 10 7 5 
20180805511 6 4 9 1 7 2 10 3 8 5 
20180805512 3 10 6 1 5 4 8 2 9 7 
20180805513 2 9 5 8 7 10 6 4 3 1 
20180805514 5 2 9 10 1 6 7 3 8 4 
20180805515 5 6 2 1 9 10 4 8 7 3 
20180805516 6 2 5 7 9 1 10 8 3 4 
20180805517 8 1 5 9 4 7 10 3 2 6 
20180805518 2 7 8 9 3 1 4 6 5 10 
20180805519 2 8 10 7 4 5 1 6 3 9 
20180805520 3 9 4 8 6 5 10 2 7 1 
20180805521 1 10 5 2 6 3 9 4 8 7 
20180805522 5 4 7 3 2 8 1 10 6 9 
20180805523 10 4 9 1 6 2 7 3 8 5 
20180805524 1 5 9 4 7 2 6 3 8 10 
20180805525 3 10 6 1 7 5 8 9 4 2 
20180805526 4 7 2 9 1 5 6 10 3 8 
20180805527 2 7 6 10 1 4 8 5 9 3 
20180805528 7 5 10 6 4 8 3 2 9 1 
20180805529 2 1 9 10 4 8 7 5 3 6 
20180805530 2 3 5 9 1 6 10 8 4 7 
20180805531 3 8 2 7 10 1 4 6 5 9 
20180805532 4 6 7 10 1 8 3 5 9 2 
20180805533 5 10 4 8 3 9 6 7 2 1 
20180805534 10 9 5 1 7 3 6 8 2 4 
20180805535 9 4 10 5 7 8 6 3 2 1 
20180805536 5 3 6 8 1 10 9 4 2 7 
20180805537 2 9 5 1 10 4 8 7 3 6 
20180805538 3 9 4 6 5 8 2 10 1 7 
20180805539 7 4 1 10 3 9 5 2 8 6 
20180805540 2 9 6 1 4 5 10 3 8 7 
20180805541 7 10 4 1 6 2 3 9 5 8 
20180805542 2 10 4 6 3 9 7 8 1 5 
20180805543 5 7 10 3 9 8 4 6 2 1 
20180805544 1 6 5 2 3 7 9 8 10 4 
20180805545 2 1 7 8 9 6 3 4 5 10 
20180805546 7 10 8 1 9 5 2 4 6 3 
20180805547 8 3 2 10 7 4 5 1 9 6 
20180805548 8 6 1 3 7 10 9 2 4 5 
20180805549 9 3 1 8 6 5 7 10 2 4 
20180805550 6 4 8 7 2 9 3 10 1 5 
20180805551 2 10 1 4 5 9 3 6 8 7 
20180805552 3 10 8 5 9 7 6 2 4 1 
20180805553 7 9 2 4 1 8 10 6 5 3 
20180805554 10 7 2 4 5 9 6 1 8 3 
20180805555 4 10 3 7 2 5 9 6 8 1 
20180805556 3 2 1 5 6 9 8 4 7 10 
20180805557 7 4 3 6 9 5 10 1 2 8 
20180805558 10 8 5 1 4 2 9 7 6 3 
20180805559 10 6 1 2 5 8 4 9 3 7 
20180805560 6 8 1 3 5 4 2 10 7 9 
20180805561 3 9 6 5 7 10 8 2 4 1 
20180805562 4 7 10 5 1 2 3 8 9 6 
20180805563 9 4 10 3 5 1 8 2 6 7 
20180805564 5 9 7 10 2 3 1 4 6 8 
20180805565 9 1 10 8 2 7 4 3 5 6 
20180805566 9 1 3 5 2 10 4 6 7 8 
20180805567 5 1 7 4 9 8 3 10 6 2 
20180805568 6 8 1 9 3 4 2 5 10 7 
20180805569 7 2 10 9 6 8 3 1 5 4 
20180805570 2 10 3 4 6 7 1 9 5 8 
20180805571 9 8 7 2 1 5 6 4 10 3 
20180805572 9 10 3 7 2 8 4 1 6 5 
20180805573 8 9 3 4 2 6 1 5 10 7 
20180805574 3 5 2 6 7 8 9 4 10 1 
20180805575 4 9 2 6 7 8 1 10 5 3 
20180805576 10 4 2 8 6 5 3 1 9 7 
20180805577 10 1 4 7 3 6 2 8 9 5 
20180805578 6 9 3 2 8 10 7 1 4 5 
20180805579 9 3 10 6 1 7 2 8 4 5 
20180805580 2 9 1 6 3 8 5 7 4 10 
20180805581 1 6 5 10 9 3 8 7 2 4 
20180805582 4 8 1 3 2 7 5 6 9 10 
20180805583 9 8 6 10 7 3 5 4 2 1 
20180805584 9 7 4 3 10 8 6 1 5 2 
20180805585 10 8 5 2 3 9 1 6 7 4 
20180805586 5 10 8 1 2 4 6 3 7 9 
20180805587 1 4 9 2 8 6 3 10 7 5 
20180805588 6 5 4 7 2 1 8 9 3 10 
20180805589 7 2 10 8 9 1 4 6 3 5 
20180805590 1 10 7 9 3 4 2 5 6 8 
20180805591 2 6 8 4 5 1 3 9 10 7 
20180805592 9 3 10 7 5 2 6 1 8 4 
20180805593 4 9 3 7 10 1 2 5 6 8 
20180805594 8 5 9 6 3 2 10 4 1 7 
20180805595 9 10 3 2 6 1 8 5 7 4 
20180805596 6 8 10 9 3 4 1 5 2 7 
20180805597 7 3 9 10 1 5 4 8 2 6 
20180805598 3 7 4 8 2 6 1 10 9 5 
20180805599 1 6 3 4 2 5 8 7 10 9 
20180805600 7 8 1 2 3 10 5 6 9 4 
20180805601 7 6 5 9 3 10 2 8 4 1 
20180805602 2 8 10 4 9 3 5 1 6 7 
20180805603 10 7 3 6 5 2 8 4 1 9 
20180805604 9 10 4 1 8 7 3 2 6 5 
20180805605 7 2 5 8 4 10 6 9 1 3 
20180805606 1 8 5 4 7 3 2 10 9 6 
20180805607 10 8 5 2 4 3 7 6 9 1 
20180805608 5 10 6 9 7 3 1 4 2 8 
20180805609 5 2 10 4 6 8 1 3 7 9 
20180805610 9 10 3 1 6 2 4 8 7 5 
20180805611 7 1 9 4 5 10 3 2 8 6 
20180805612 10 4 3 7 2 6 5 1 8 9 
20180805613 5 10 4 1 7 2 8 9 3 6 
20180805614 7 8 1 4 2 5 3 6 9 10 
20180805615 8 3 9 1 5 7 6 2 10 4 
20180805616 6 8 4 1 7 10 2 9 3 5 
20180805617 4 9 6 3 7 2 8 5 1 10 
20180805618 3 1 6 7 9 2 5 8 10 4 
20180805619 10 9 2 7 8 1 6 5 4 3 
20180805620 7 3 6 1 5 4 10 8 2 9 
20180805621 5 3 9 10 7 8 2 1 6 4 
20180805622 3 5 6 2 1 9 4 10 7 8 
20180805623 2 6 1 9 7 5 10 4 3 8 
20180805624 8 2 6 9 4 7 3 10 1 5 
20180805625 3 9 7 2 4 5 10 1 8 6 
20180805626 1 8 2 6 9 10 5 7 4 3 
20180805627 9 5 2 3 1 8 7 6 10 4 
20180805628 3 10 7 4 9 8 1 5 2 6 
20180805629 1 9 7 10 3 6 8 4 5 2 
20180805630 8 6 4 3 5 2 9 7 1 10 
20180805631 10 2 5 4 7 3 8 6 1 9 
20180805632 3 7 1 4 9 10 8 2 6 5 
20180805633 7 1 5 3 9 6 10 4 2 8 
20180805634 9 6 5 8 1 4 2 7 10 3 
20180805635 1 4 3 5 6 2 8 7 10 9 
20180805636 6 8 5 9 4 3 2 7 1 10 
20180805637 8 9 3 1 5 6 2 10 4 7 
20180805638 5 3 8 10 1 9 6 7 2 4 
20180805639 10 8 9 2 6 3 4 1 5 7 
20180805640 8 10 4 5 6 9 2 3 7 1 
20180805641 4 6 10 5 8 7 1 2 9 3 
20180805642 7 10 3 1 2 6 5 8 9 4 
20180805643 4 3 2 1 9 6 7 10 8 5 
20180805644 3 2 10 5 4 7 1 8 9 6 
20180805645 3 10 6 4 8 2 7 5 1 9 
20180805646 5 9 4 8 2 1 3 6 10 7 
20180805647 10 5 1 6 2 8 7 4 9 3 
20180805648 1 7 5 4 9 2 10 6 8 3 
20180805649 3 7 4 8 1 9 10 6 2 5 
20180805650 2 10 4 7 1 8 6 5 9 3 
20180805651 4 7 10 5 3 9 2 8 1 6 
20180805652 6 4 1 8 5 10 2 9 3 7 
20180805653 7 3 5 9 2 1 4 10 8 6 
20180805654 8 10 3 2 5 7 4 1 9 6 
20180805655 2 1 3 10 7 4 6 8 5 9 
20180805656 4 5 2 3 7 8 1 6 10 9 
20180805657 1 4 2 6 8 7 3 9 10 5 
20180805658 8 4 9 5 1 2 3 7 6 10 
20180805659 9 1 5 2 6 10 8 4 7 3 
20180805660 7 3 9 1 10 2 8 6 4 5 
20180805661 2 3 1 6 7 10 5 4 9 8 
20180805662 5 10 9 6 7 8 4 2 3 1 
20180805663 7 9 8 1 2 3 4 5 6 10 
20180805664 7 2 10 1 6 3 9 4 5 8 
20180805665 1 9 5 8 6 7 10 2 3 4 
20180805666 9 5 2 7 1 10 3 4 6 8 
20180805667 5 2 3 7 10 1 6 9 4 8 
20180805668 7 10 4 9 1 8 2 3 6 5 
20180805669 8 1 6 4 5 7 2 3 10 9 
20180805670 7 10 8 4 1 3 6 9 2 5 
20180805671 2 4 9 1 5 7 8 6 3 10 
20180805672 7 10 1 9 5 4 6 8 2 3 
20180805673 10 1 8 3 4 2 7 5 9 6 
20180805674 6 7 5 10 2 8 9 1 3 4 
20180805675 7 9 2 8 3 5 4 6 1 10 
20180805676 9 3 6 2 7 4 1 10 8 5 
20180805677 5 9 8 4 10 6 7 2 3 1 
20180805678 6 1 8 10 3 4 9 5 7 2 
20180805679 8 4 6 3 10 2 5 9 1 7 
20180805680 4 8 10 1 7 3 9 2 6 5 
20180805681 7 1 8 3 6 10 4 5 9 2 
20180805682 10 3 2 7 9 4 5 8 6 1 
20180805683 4 8 1 5 6 7 3 9 2 10 
20180805684 6 9 5 7 4 1 3 2 8 10 
20180805685 1 9 8 10 3 2 5 4 7 6 
20180805686 4 10 6 5 8 7 1 2 3 9 
20180805687 3 9 8 6 7 10 2 4 1 5 
20180805688 4 9 1 3 5 7 8 10 6 2 
20180805689 9 1 8 2 6 5 3 7 4 10 
20180805690 4 5 2 7 3 10 9 1 8 6 
20180805691 2 1 4 9 6 10 5 8 7 3 
20180805692 1 4 6 10 8 7 3 5 2 9 
20180805693 10 5 3 4 2 1 7 9 6 8 
20180805694 7 6 2 4 1 10 3 9 8 5 
20180805695 2 8 10 7 5 1 4 9 3 6 
20180805696 7 4 8 10 9 1 6 3 5 2 
20180805697 2 9 1 5 8 10 6 4 7 3 
20180805698 7 10 5 8 6 4 2 1 3 9 
20180805699 3 7 10 9 8 2 1 6 5 4 
20180805700 4 9 2 10 1 5 7 3 8 6 
20180805701 4 1 3 7 6 2 10 8 5 9 
20180805702 3 9 6 5 10 4 1 2 7 8 
20180805703 1 8 5 6 10 7 9 2 4 3 
20180805704 8 7 6 4 2 5 10 1 9 3 
20180805705 4 2 7 10 8 1 9 6 3 5 
20180805706 9 5 4 3 10 2 7 8 6 1 
20180805707 3 4 6 1 5 8 2 9 10 7 
20180805708 8 4 2 1 5 3 10 7 9 6 
20180805709 2 4 10 3 7 5 9 1 8 6 
20180805710 2 4 1 6 8 10 7 5 3 9 
20180805711 5 2 8 4 9 3 1 10 6 7 
20180805712 1 8 4 9 10 7 2 3 5 6 
20180805713 1 10 8 5 3 6 7 9 4 2 
20180805714 1 6 2 10 4 7 9 3 5 8 
20180805715 1 3 9 4 6 8 10 2 5 7 
20180805716 3 2 4 8 7 9 1 10 6 5 
20180805717 4 2 6 8 9 5 3 1 10 7 
20180805718 8 10 6 4 1 3 9 2 5 7 
20180805719 7 5 10 2 1 9 6 4 8 3 
20180805720 9 3 10 7 2 5 4 6 1 8 
20180805721 5 6 8 4 1 7 9 3 10 2 
20180805722 3 8 10 5 4 1 7 9 6 2 
20180805723 3 8 4 10 5 2 6 1 9 7 
20180805724 9 4 2 1 7 8 10 3 5 6 
20180805725 8 4 1 2 7 9 6 5 10 3 
20180805726 5 6 7 8 2 9 10 3 4 1 
20180805727 9 6 8 3 7 10 1 4 2 5 
20180805728 3 5 7 2 8 4 1 6 9 10 
20180805729 1 5 9 3 4 8 10 2 7 6 
20180805730 1 5 4 9 7 2 6 8 3 10 
20180805731 7 1 2 5 3 4 8 9 6 10 
20180805732 3 1 8 5 2 6 10 7 9 4 
20180805733 5 3 2 4 10 1 8 7 9 6 
20180805734 4 3 1 10 5 6 9 7 2 8 
20180805735 1 8 4 5 7 3 2 10 6 9 
20180805736 3 1 4 2 9 8 6 5 10 7 
20180805737 2 5 3 7 9 1 6 8 10 4 
20180805738 10 2 8 9 4 3 7 6 5 1 
20180805739 3 8 6 5 10 4 2 7 1 9 
20180805740 5 8 7 3 4 2 6 10 1 9 
20180805741 4 2 3 8 9 6 1 10 5 7 
20180805742 5 8 2 6 1 7 4 3 9 10 
20180805743 2 1 8 10 9 4 7 5 3 6 
20180805744 5 4 2 1 9 8 6 3 7 10 
20180805745 5 3 8 10 1 6 7 2 4 9 
20180805746 2 1 6 7 5 8 10 9 4 3 
20180805747 7 6 10 2 3 4 8 9 5 1 
20180805748 7 4 8 3 9 10 1 5 2 6 
20180805749 1 8 10 3 9 5 4 2 7 6 
20180805750 8 10 6 7 2 4 1 3 5 9 
20180805751 7 3 5 9 1 8 6 4 2 10 
20180805752 3 10 8 2 1 5 7 4 6 9 
20180805753 6 2 4 1 5 8 3 9 10 7 
20180805754 3 4 1 8 10 2 7 9 6 5 
20180805755 3 8 10 9 1 2 5 4 7 6 
20180805756 5 2 10 9 8 4 3 7 1 6 
20180805757 8 9 6 10 5 3 4 7 2 1 
20180805758 5 6 1 2 8 3 7 9 4 10 
20180805759 2 5 7 4 8 9 1 6 3 10 
20180805760 3 1 5 2 8 6 9 10 7 4 
20180805761 10 4 7 5 8 1 6 9 3 2 
20180805762 6 9 1 8 10 5 2 7 4 3 
20180805763 6 2 9 3 5 1 8 4 10 7 
20180805764 5 10 6 3 1 8 7 4 9 2 
20180805765 7 2 6 5 8 10 4 3 1 9 
20180805766 7 2 1 6 10 4 5 3 9 8 
20180805767 10 8 2 3 7 5 4 6 9 1 
20180805768 8 9 7 2 5 10 4 6 3 1 
20180805769 2 7 1 5 3 9 10 4 6 8 
20180805770 9 1 7 3 4 5 6 10 2 8 
20180805771 1 4 9 3 7 8 2 5 6 10 
20180805772 5 3 1 2 4 6 9 8 10 7 
20180805773 3 1 2 6 4 10 7 5 8 9 
20180805774 8 4 2 6 7 3 1 10 5 9 
20180805775 9 2 10 8 7 6 4 5 1 3 
20180805776 4 6 5 10 9 1 8 3 2 7 
20180805777 5 8 3 1 4 6 2 10 7 9 
20180805778 2 5 3 4 8 10 1 7 9 6 
20180805779 8 10 5 1 3 9 6 7 2 4 
20180805780 5 4 8 3 7 9 6 2 1 10 
20180805781 3 10 9 8 1 6 7 2 4 5 
20180805782 8 4 1 7 9 10 6 5 3 2 
20180805783 2 7 3 5 4 10 8 1 6 9 
20180805784 1 7 8 10 5 9 4 2 3 6 
20180805785 10 5 8 7 3 2 1 6 4 9 
20180805786 9 1 3 6 10 2 7 8 5 4 
20180805787 6 1 3 5 9 4 2 7 10 8 
20180805788 4 5 7 8 3 6 2 9 10 1 
20180805789 6 9 4 2 8 1 3 7 10 5 
20180805790 1 6 7 3 2 4 10 5 8 9 
20180805791 8 9 7 5 4 6 10 3 1 2 
20180805792 2 8 9 5 3 7 10 1 6 4 
20180805793 8 5 3 6 1 4 7 9 10 2 
20180805794 10 7 4 3 5 6 8 9 1 2 
20180805795 3 9 8 10 5 4 6 1 7 2 
20180805796 3 2 7 9 8 5 4 1 10 6 
20180805797 9 3 8 6 2 1 4 10 7 5 
20180805798 2 8 10 7 1 9 5 4 6 3 
20180805799 9 10 5 1 3 4 7 8 6 2 
20180805800 2 10 5 8 3 6 1 4 7 9 
20180805801 5 1 6 10 7 2 4 3 9 8 
20180805802 8 2 9 7 4 3 1 5 10 6 
20180805803 7 3 8 1 4 9 5 6 2 10 
20180805804 8 5 2 6 3 10 1 4 9 7 
20180805805 7 10 4 9 5 3 8 1 6 2 
20180805806 3 10 7 6 8 1 9 2 5 4 
20180805807 1 7 10 8 2 3 5 9 4 6 
20180805808 2 1 3 8 6 9 5 10 7 4 
20180805809 10 1 5 2 9 3 8 7 4 6 
20180805810 9 6 8 4 5 3 2 1 10 7 
20180805811 9 8 6 1 2 4 10 7 5 3 
20180805812 4 5 10 6 9 3 1 8 7 2 
20180805813 2 4 3 10 5 9 6 1 8 7 
20180805814 8 1 9 10 2 5 6 3 7 4 
20180805815 9 3 6 8 2 7 5 10 1 4 
20180805816 1 5 8 3 9 2 7 4 10 6 
20180805817 4 7 1 5 10 8 2 6 9 3 
20180805818 9 4 3 7 8 10 6 1 2 5 
20180805819 4 3 5 8 7 6 2 1 9 10 
20180805820 4 10 6 5 7 1 9 3 8 2 
20180805821 1 6 4 5 7 3 10 2 8 9 
20180805822 4 7 10 2 6 8 1 9 5 3 
20180805823 5 8 3 1 10 7 4 2 9 6 
20180805824 7 3 4 9 2 8 1 10 6 5 
20180805825 4 7 9 5 8 2 3 6 1 10 
20180805826 4 3 5 7 1 10 9 8 6 2 
20180805827 2 6 7 9 8 5 3 1 4 10 
20180805828 5 2 7 6 4 10 8 9 1 3 
20180805829 4 5 6 7 3 1 8 9 2 10 
20180805830 10 4 1 9 7 3 2 6 5 8 
20180805831 2 1 8 3 9 4 10 7 6 5 
20180805832 1 4 6 8 2 10 3 5 9 7 
20180805833 10 7 8 2 6 5 3 1 9 4 
20180805834 6 1 10 8 2 7 4 3 9 5 
20180805835 10 6 4 9 8 3 2 7 5 1 
20180805836 9 2 1 10 3 7 8 6 4 5 
20180805837 2 6 8 4 9 7 5 10 3 1 
20180805838 7 2 9 4 3 5 8 6 10 1 
20180805839 2 4 6 7 5 10 3 1 8 9 
20180805840 2 8 6 10 7 3 9 5 4 1 
20180805841 10 8 4 3 2 1 7 5 6 9 
20180805842 1 2 6 4 7 10 3 8 5 9 
20180805843 5 9 3 6 2 10 7 4 8 1 
20180805844 5 10 9 6 1 2 3 4 8 7 
20180805845 10 7 9 1 5 6 4 8 2 3 
20180805846 7 9 5 4 8 10 2 6 3 1 
20180805847 7 5 10 4 6 9 3 2 1 8 
20180805848 9 2 8 3 10 6 5 7 1 4 
20180805849 2 7 8 4 10 6 5 9 3 1 
20180805850 2 5 10 7 9 4 8 1 6 3 
20180805851 6 4 7 5 3 1 2 10 8 9 
20180805852 2 3 9 10 4 6 1 7 8 5 
20180805853 10 5 7 6 4 3 1 8 9 2 
20180805854 10 6 7 9 8 5 1 3 2 4 
20180805855 6 8 4 2 9 3 1 5 7 10 
20180805856 6 3 4 8 10 9 7 1 2 5 
20180805857 9 8 7 2 4 1 5 6 10 3 
20180805858 9 4 7 1 8 3 6 5 10 2 
20180805859 9 7 6 2 4 8 5 1 3 10 
20180805860 4 10 9 3 8 2 5 1 7 6 
20180805861 4 2 10 5 9 8 6 3 7 1 
20180805862 4 10 1 6 9 3 2 7 5 8 
20180805863 2 1 4 8 5 6 3 9 7 10 
20180805864 5 2 3 4 10 1 9 6 7 8 
20180805865 2 5 7 8 9 4 3 1 6 10 
20180805866 2 7 4 8 10 1 9 3 6 5 
20180805867 9 1 4 2 5 6 10 7 3 8 
20180805868 6 3 9 8 1 10 2 4 5 7 
20180805869 10 7 4 1 3 5 6 9 2 8 
20180805870 1 7 3 6 4 2 9 5 10 8 
20180805871 9 8 6 1 10 4 5 3 2 7 
20180805872 2 6 3 1 8 10 4 5 7 9 
20180805873 6 4 10 3 7 2 8 1 9 5 
20180805874 10 2 8 6 3 7 4 5 1 9 
20180805875 10 9 5 2 7 3 6 8 1 4 
20180805876 5 7 9 8 10 6 3 2 1 4 
20180805877 2 7 9 3 4 8 10 1 5 6 
20180805878 8 4 2 10 5 7 1 3 6 9 
20180805879 6 8 2 7 9 4 10 3 5 1 
20180805880 7 8 4 2 5 9 6 1 10 3 
20180805881 8 10 3 5 1 7 9 4 6 2 
20180805882 9 8 5 2 1 3 7 4 6 10 
20180805883 1 2 7 6 3 5 9 8 4 10 
20180805884 9 5 7 2 3 8 4 1 6 10 
20180805885 2 6 5 1 9 7 10 4 3 8 
20180805886 4 5 9 8 6 3 7 10 2 1 
20180805887 3 5 8 7 2 1 4 9 10 6 
20180805888 2 9 5 6 1 7 3 4 8 10 
20180805889 4 1 2 10 9 5 6 8 7 3 
20180805890 4 2 1 10 5 6 9 7 3 8 
20180805891 5 2 6 4 3 8 9 10 1 7 
20180805892 8 7 10 5 1 9 3 2 4 6 
20180805893 5 3 8 1 2 7 6 10 4 9 
20180805894 7 2 1 4 10 6 3 8 5 9 
20180805895 10 6 8 7 3 1 9 2 4 5 
20180805896 3 5 8 1 6 9 7 10 2 4 
20180805897 5 7 10 9 8 1 2 6 3 4 
20180805898 9 4 10 5 6 2 1 3 7 8 
20180805899 6 9 7 1 2 10 5 3 4 8 
20180805900 7 10 4 1 5 9 3 6 2 8 
20180805901 7 2 3 1 4 9 6 10 8 5 
20180805902 2 3 1 9 7 5 8 4 6 10 
20180805903 9 8 7 1 6 3 10 4 5 2 
20180805904 9 7 3 4 8 2 6 5 1 10 
20180805905 5 1 9 7 10 8 6 2 4 3 
20180805906 7 8 5 3 1 6 9 10 2 4 
20180805907 9 10 7 2 8 5 1 6 3 4 
20180805908 1 6 7 4 3 2 5 8 9 10 
20180805909 8 7 5 4 2 3 9 10 6 1 
20180805910 7 3 5 6 2 1 8 4 9 10 
20180805911 2 7 10 6 1 5 4 3 9 8 
20180805912 9 2 6 10 5 4 8 7 3 1 
20180805913 1 10 8 7 4 6 9 2 3 5 
20180805914 6 7 10 2 8 4 9 3 5 1 
20180805915 7 1 10 4 2 3 8 6 5 9 
20180805916 8 1 10 9 5 7 4 6 3 2 
20180805917 9 4 8 2 10 7 5 6 3 1 
20180805918 5 7 2 6 3 1 10 8 4 9 
20180805919 4 1 7 6 8 2 9 10 3 5 
20180805920 9 6 8 5 1 4 3 7 10 2 
20180805921 1 5 3 8 4 9 10 7 2 6 
20180805922 3 4 2 7 8 10 5 9 1 6 
20180805923 9 10 1 7 5 4 2 3 6 8 
20180805924 4 10 1 3 6 8 7 2 9 5 
20180805925 5 2 6 1 10 7 9 4 8 3 
20180805926 4 10 3 5 2 7 1 8 9 6 
20180805927 8 2 9 6 10 5 3 4 1 7 
20180805928 10 3 2 1 5 9 6 4 7 8 
20180805929 2 5 7 1 3 8 4 9 6 10 
20180805930 10 3 2 5 6 1 9 4 8 7 
20180805931 8 10 7 1 5 3 2 6 9 4 
20180805932 9 5 6 1 4 8 7 2 10 3 
20180805933 4 3 5 10 7 1 6 8 9 2 
20180805934 3 5 6 10 8 4 7 9 1 2 
20180805935 7 8 2 4 9 5 10 6 3 1 
20180805936 8 6 7 3 4 2 9 1 5 10 
20180805937 3 1 7 6 8 9 2 5 4 10 
20180805938 2 8 6 4 5 10 7 1 3 9 
20180805939 2 7 5 9 4 1 8 10 3 6 
20180805940 3 10 6 7 5 9 4 1 2 8 
20180805941 4 2 1 3 6 5 9 10 8 7 
20180805942 4 6 10 3 7 5 9 1 2 8 
20180805943 3 4 6 10 8 7 9 2 5 1 
20180805944 1 7 4 10 3 2 8 5 6 9 
20180805945 8 1 4 3 5 9 6 2 10 7 
20180805946 1 2 4 6 10 9 3 8 7 5 
20180805947 5 6 10 3 4 7 2 9 8 1 
20180805948 7 10 6 2 3 4 8 1 5 9 
20180805949 3 8 9 10 6 1 7 2 4 5 
20180805950 6 3 7 10 5 2 9 1 8 4 
20180805951 4 8 3 5 6 10 2 9 1 7 
20180805952 2 4 5 1 6 8 7 9 10 3 
20180805953 10 4 9 3 8 2 7 6 5 1 
20180805954 4 8 7 9 5 10 6 1 2 3 
20180805955 2 3 8 4 10 6 7 1 5 9 
20180805956 3 1 6 10 9 2 4 8 5 7 
20180805957 1 4 7 2 9 5 6 3 8 10 
20180805958 4 1 10 6 7 9 3 8 2 5 
20180805959 4 5 7 10 3 1 9 2 8 6 
20180805960 6 2 10 7 1 8 3 4 5 9 
20180805961 3 4 6 2 8 10 5 7 1 9 
20180805962 6 1 2 7 4 5 9 3 8 10 
20180805963 7 6 5 10 4 3 2 8 1 9 
20180805964 4 9 2 6 7 1 8 5 10 3 
20180805965 10 5 1 9 2 8 7 6 4 3 
20180805966 9 5 4 1 2 10 8 3 7 6 
20180805967 4 1 7 2 10 3 9 8 5 6 
20180805968 3 2 5 6 9 4 10 1 7 8 
20180805969 6 9 1 5 3 10 2 8 4 7 
20180805970 1 6 8 4 10 7 5 3 2 9 
20180805971 2 5 3 9 8 10 6 4 1 7 
20180805972 8 10 1 2 6 5 4 3 7 9 
20180805973 7 10 3 4 1 5 8 9 6 2 
20180805974 7 3 4 1 10 9 5 6 8 2 
20180805975 6 3 7 10 5 4 8 9 1 2 
20180805976 6 8 10 1 5 3 9 4 2 7 
20180805977 5 6 1 2 7 10 9 4 8 3 
20180805978 7 4 9 8 6 10 3 1 2 5 
20180805979 3 10 9 4 2 7 1 6 8 5 
20180805980 8 7 5 1 4 9 2 3 10 6 
20180805981 7 9 1 8 3 2 4 6 5 10 
20180805982 10 3 6 2 5 8 9 7 4 1 
20180805983 7 5 3 2 10 8 9 1 4 6 
20180805984 7 9 2 8 5 4 10 3 6 1 
20180805985 6 1 10 4 9 2 7 5 8 3 
