20180802001 7 8 4 5 9 3 6 1 2 10 
20180802002 8 3 1 5 9 7 2 4 6 10 
20180802003 5 2 3 8 7 9 6 10 4 1 
20180802004 6 9 10 2 8 3 5 7 1 4 
20180802005 5 3 6 10 4 8 2 7 9 1 
20180802006 6 5 9 7 1 4 10 8 3 2 
20180802007 9 2 6 5 8 4 7 1 3 10 
20180802008 9 7 4 8 2 3 6 5 1 10 
20180802009 9 3 2 4 5 1 8 6 7 10 
20180802010 7 2 4 1 8 6 10 5 3 9 
20180802011 5 7 3 1 10 8 9 2 4 6 
20180802012 9 7 6 2 1 4 3 5 10 8 
20180802013 5 2 4 7 8 9 3 10 1 6 
20180802014 10 6 9 1 5 3 7 2 8 4 
20180802015 5 10 3 9 2 6 7 8 1 4 
20180802016 1 3 7 2 10 5 4 9 8 6 
20180802017 9 7 6 10 3 8 2 5 4 1 
20180802018 5 1 9 6 3 4 7 2 8 10 
20180802019 7 8 5 4 3 6 2 1 10 9 
20180802020 8 2 1 7 4 5 6 10 9 3 
20180802021 5 9 4 8 7 6 1 3 2 10 
20180802022 2 10 7 3 4 8 5 6 1 9 
20180802023 9 8 7 1 6 2 5 3 4 10 
20180802024 2 9 7 3 4 5 10 8 1 6 
20180802025 10 4 9 2 8 6 3 5 7 1 
20180802026 4 1 9 5 3 7 10 8 6 2 
20180802027 3 8 5 2 6 7 4 1 10 9 
20180802028 9 6 4 2 5 8 10 1 3 7 
20180802029 6 3 9 2 10 4 5 1 7 8 
20180802030 2 5 3 4 8 9 1 6 10 7 
20180802031 7 2 3 4 6 10 5 1 8 9 
20180802032 3 7 6 2 10 9 5 1 8 4 
20180802033 8 9 5 4 2 1 3 7 6 10 
20180802034 5 7 9 3 6 1 4 8 10 2 
20180802035 5 4 7 10 6 1 9 3 8 2 
20180802036 5 1 10 6 7 4 9 8 2 3 
20180802037 8 5 9 3 6 1 2 10 4 7 
20180802038 2 8 3 10 1 4 7 6 5 9 
20180802039 3 1 6 5 2 4 8 9 10 7 
20180802040 6 8 10 9 1 5 4 7 3 2 
20180802041 10 9 2 5 3 1 7 8 4 6 
20180802042 9 3 8 1 6 7 2 10 5 4 
20180802043 5 10 4 8 3 2 7 9 6 1 
20180802044 5 6 4 3 9 10 7 8 1 2 
20180802045 7 9 6 4 1 10 8 5 3 2 
20180802046 8 1 3 2 7 10 4 5 9 6 
20180802047 6 10 9 5 3 2 8 4 7 1 
20180802048 7 3 1 4 6 9 5 8 2 10 
20180802049 10 5 7 1 8 4 6 3 9 2 
20180802050 4 7 2 5 3 8 9 10 1 6 
20180802051 2 8 5 1 4 10 6 3 7 9 
20180802052 2 3 10 5 8 1 4 9 6 7 
20180802053 8 10 3 2 4 5 1 6 9 7 
20180802054 1 2 10 6 9 5 4 3 8 7 
20180802055 3 1 7 9 8 2 6 5 4 10 
20180802056 8 2 7 5 1 9 6 3 4 10 
20180802057 7 10 4 2 9 1 3 6 5 8 
20180802058 2 3 1 7 6 4 9 5 8 10 
20180802059 10 8 3 1 4 9 6 2 5 7 
20180802060 10 4 2 5 6 7 8 3 9 1 
20180802061 10 7 6 9 3 4 5 8 1 2 
20180802062 6 5 2 7 3 9 1 8 4 10 
20180802063 2 10 7 4 6 3 5 1 9 8 
20180802064 10 3 4 5 8 1 2 9 6 7 
20180802065 4 9 6 8 7 3 1 5 2 10 
20180802066 8 3 6 2 10 1 9 7 5 4 
20180802067 6 9 8 2 1 7 5 3 4 10 
20180802068 4 7 9 8 2 5 10 6 3 1 
20180802069 3 5 9 2 4 1 10 7 8 6 
20180802070 9 8 6 4 7 1 2 5 3 10 
20180802071 1 5 10 2 4 6 9 7 8 3 
20180802072 6 9 7 10 3 5 4 8 2 1 
20180802073 2 5 10 9 4 7 8 3 1 6 
20180802074 5 10 4 1 8 2 6 7 3 9 
20180802075 8 4 10 2 9 1 6 5 7 3 
20180802076 1 6 4 8 3 7 5 2 10 9 
20180802077 5 6 3 4 8 10 7 2 9 1 
20180802078 7 6 9 8 5 2 10 4 1 3 
20180802079 3 5 7 9 4 1 8 10 2 6 
20180802080 3 8 10 2 9 1 5 6 7 4 
20180802081 6 7 9 4 5 8 10 1 3 2 
20180802082 2 7 4 5 8 3 10 9 6 1 
20180802083 3 5 1 9 6 4 7 10 8 2 
20180802084 8 3 7 4 9 1 10 6 5 2 
20180802085 8 9 6 10 5 2 4 3 7 1 
20180802086 2 10 7 9 3 5 6 8 1 4 
20180802087 6 9 10 8 5 1 7 2 4 3 
20180802088 5 9 2 4 7 1 10 3 6 8 
20180802089 6 5 7 10 2 1 8 4 3 9 
20180802090 3 6 7 5 4 8 9 2 1 10 
20180802091 4 5 6 8 10 2 1 3 7 9 
20180802092 3 8 5 4 7 9 2 6 1 10 
20180802093 6 2 5 10 7 8 3 1 9 4 
20180802094 5 2 8 3 4 6 9 1 7 10 
20180802095 8 5 1 7 3 10 6 2 9 4 
20180802096 2 7 4 6 5 9 1 8 10 3 
20180802097 4 10 9 5 8 3 2 1 6 7 
20180802098 1 4 7 3 10 5 9 6 8 2 
20180802099 10 7 5 1 9 4 2 8 6 3 
20180802100 10 4 3 2 8 9 5 6 1 7 
20180802101 7 2 1 10 9 3 4 5 6 8 
20180802102 3 10 6 2 9 5 4 7 8 1 
20180802103 3 4 1 10 5 7 6 8 2 9 
20180802104 2 5 7 3 6 1 9 8 4 10 
20180802105 6 2 7 8 3 4 5 9 1 10 
20180802106 9 6 10 1 7 5 4 2 3 8 
20180802107 8 3 2 7 6 5 4 1 9 10 
20180802108 3 10 1 8 2 4 7 6 5 9 
20180802109 2 9 7 4 1 6 5 10 3 8 
20180802110 6 7 1 9 8 5 2 10 4 3 
20180802111 3 4 7 5 1 6 9 2 10 8 
20180802112 10 9 5 4 6 8 1 7 2 3 
20180802113 8 7 1 3 5 6 10 2 9 4 
20180802114 10 8 5 2 4 6 1 9 3 7 
20180802115 6 7 2 9 4 5 10 8 1 3 
20180802116 6 8 1 2 10 3 4 5 7 9 
20180802117 1 8 2 6 7 5 9 3 4 10 
20180802118 8 3 7 9 1 4 10 5 6 2 
20180802119 3 8 10 6 1 4 2 7 5 9 
20180802120 8 10 5 7 6 9 1 4 2 3 
20180802121 8 10 6 7 4 2 5 9 1 3 
20180802122 1 10 7 5 8 3 9 4 2 6 
20180802123 3 4 1 2 6 9 10 7 5 8 
20180802124 3 4 6 7 9 2 10 8 1 5 
20180802125 5 2 3 9 1 6 8 10 4 7 
20180802126 7 8 3 5 4 6 9 10 1 2 
20180802127 2 10 8 1 6 4 7 5 9 3 
20180802128 3 4 9 7 10 2 1 6 5 8 
20180802129 7 3 9 1 2 8 5 6 4 10 
20180802130 1 3 2 5 8 9 10 7 4 6 
20180802131 2 5 3 7 6 10 9 4 1 8 
20180802132 4 8 6 2 1 5 9 10 7 3 
20180802133 4 3 1 10 5 6 7 8 2 9 
20180802134 10 7 5 6 3 9 8 2 4 1 
20180802135 5 3 9 10 1 7 8 4 6 2 
20180802136 9 2 1 3 4 5 8 6 7 10 
20180802137 3 5 10 4 2 9 8 6 1 7 
20180802138 4 3 8 10 9 1 5 7 6 2 
20180802139 8 7 3 10 1 4 5 9 2 6 
20180802140 1 5 8 10 6 2 7 3 4 9 
20180802141 6 10 5 9 1 8 7 3 2 4 
20180802142 1 6 5 9 7 10 4 3 2 8 
20180802143 7 5 10 3 9 8 2 1 6 4 
20180802144 2 7 10 4 9 5 3 1 8 6 
20180802145 3 2 9 6 8 1 10 5 7 4 
20180802146 8 10 3 7 9 6 1 2 4 5 
20180802147 5 2 3 4 8 10 9 1 7 6 
20180802148 5 4 9 8 1 3 7 6 10 2 
20180802149 2 7 8 4 9 5 1 6 10 3 
20180802150 5 1 8 10 6 4 3 7 9 2 
20180802151 6 8 10 1 4 3 5 7 9 2 
20180802152 4 7 1 9 6 10 2 8 5 3 
20180802153 1 6 5 2 8 7 10 9 3 4 
20180802154 9 8 3 2 10 4 5 1 6 7 
20180802155 3 4 8 1 6 7 9 10 5 2 
20180802156 9 4 6 3 8 10 7 5 1 2 
20180802157 2 1 3 10 9 8 4 5 6 7 
20180802158 1 5 8 4 2 9 10 3 7 6 
20180802159 2 10 6 4 7 8 1 3 5 9 
20180802160 4 7 9 6 3 2 8 1 10 5 
20180802161 3 1 10 8 5 2 6 4 9 7 
20180802162 4 3 10 7 6 8 1 5 2 9 
20180802163 2 9 10 4 7 6 1 3 5 8 
20180802164 1 7 3 8 5 4 9 6 10 2 
20180802165 2 8 4 1 7 5 10 3 6 9 
20180802166 3 8 2 6 1 4 7 9 10 5 
20180802167 1 8 3 6 9 10 7 4 2 5 
20180802168 9 1 2 6 10 8 5 3 7 4 
20180802169 3 8 6 5 7 10 1 2 4 9 
20180802170 1 3 4 9 10 8 2 7 6 5 
20180802171 3 8 4 10 5 9 6 2 7 1 
20180802172 5 1 10 4 6 3 7 9 8 2 
20180802173 10 3 8 6 9 1 5 2 7 4 
20180802174 6 10 9 8 2 7 4 3 1 5 
20180802175 5 2 7 3 6 1 8 4 9 10 
20180802176 4 9 8 2 3 6 1 5 7 10 
20180802177 7 6 2 10 3 1 8 4 9 5 
20180802178 3 4 2 9 6 7 8 10 5 1 
20180802179 5 9 6 10 3 7 1 2 8 4 
20180802180 9 2 4 6 3 7 8 5 1 10 
20180802181 1 6 10 2 5 7 3 4 8 9 
20180802182 6 3 7 9 10 8 2 5 1 4 
20180802183 10 2 9 7 6 1 5 3 8 4 
20180802184 9 1 7 8 4 6 10 2 5 3 
20180802185 2 4 3 5 10 6 7 1 9 8 
20180802186 6 4 8 3 7 9 5 10 2 1 
20180802187 7 9 8 6 2 4 10 3 5 1 
20180802188 9 2 7 6 1 8 10 4 5 3 
20180802189 10 7 9 5 2 4 6 3 1 8 
20180802190 7 5 9 8 3 10 2 4 1 6 
20180802191 5 2 7 10 6 4 8 1 9 3 
20180802192 5 7 8 3 1 9 2 6 4 10 
20180802193 7 5 9 3 1 2 6 4 8 10 
20180802194 10 3 6 8 5 7 9 2 4 1 
20180802195 4 1 3 7 6 10 5 8 2 9 
20180802196 10 4 2 7 1 9 6 3 5 8 
20180802197 3 9 4 7 2 1 6 5 10 8 
20180802198 2 1 6 9 5 8 3 7 4 10 
20180802199 5 3 9 4 7 6 10 1 8 2 
20180802200 8 2 6 9 1 7 4 3 5 10 
20180802201 5 10 9 7 2 4 1 3 8 6 
20180802202 8 5 10 2 6 4 7 1 9 3 
20180802203 5 7 8 10 6 3 2 4 1 9 
20180802204 9 10 3 5 6 2 4 7 1 8 
20180802205 10 6 1 9 2 8 5 4 3 7 
20180802206 9 8 6 4 1 7 5 10 2 3 
20180802207 8 5 6 4 1 3 7 2 9 10 
20180802208 7 4 2 1 5 6 8 9 10 3 
20180802209 8 4 7 1 10 6 3 9 5 2 
20180802210 4 10 6 3 5 8 7 1 2 9 
20180802211 2 5 3 6 1 4 8 10 9 7 
20180802212 4 9 8 3 1 7 5 6 2 10 
20180802213 8 9 1 10 7 4 6 2 5 3 
20180802214 6 7 5 10 8 2 9 3 1 4 
20180802215 9 6 5 7 10 2 4 8 3 1 
20180802216 7 5 10 2 4 1 8 6 9 3 
20180802217 7 1 6 4 3 10 2 8 5 9 
20180802218 6 1 8 9 5 4 10 7 3 2 
20180802219 8 3 4 9 5 6 10 2 7 1 
20180802220 4 6 8 10 9 5 2 3 7 1 
20180802221 5 1 9 4 7 8 6 3 10 2 
20180802222 4 5 8 1 10 2 9 3 6 7 
20180802223 4 6 1 3 7 10 9 2 5 8 
20180802224 3 8 6 1 10 7 9 2 5 4 
20180802225 9 8 2 1 3 6 5 7 10 4 
20180802226 3 5 2 10 9 7 8 4 6 1 
20180802227 10 1 8 5 6 7 2 3 4 9 
20180802228 5 6 7 4 3 8 9 1 2 10 
20180802229 1 5 4 3 10 6 7 2 9 8 
20180802230 4 3 2 8 7 6 9 10 5 1 
20180802231 7 3 8 6 2 5 1 4 10 9 
20180802232 9 2 4 3 8 10 5 7 6 1 
20180802233 3 9 4 1 5 7 8 6 10 2 
20180802234 4 8 7 9 1 6 2 5 3 10 
20180802235 6 5 3 4 8 9 2 1 7 10 
20180802236 7 8 2 9 5 4 1 10 3 6 
20180802237 6 3 1 2 5 8 7 4 9 10 
20180802238 5 1 6 10 9 7 2 3 4 8 
20180802239 6 4 10 8 7 5 3 9 1 2 
20180802240 3 5 7 8 9 10 6 2 4 1 
20180802241 1 4 7 5 6 10 2 3 9 8 
20180802242 8 10 7 2 6 4 9 5 3 1 
20180802243 8 4 10 2 7 6 9 5 1 3 
20180802244 10 1 5 9 8 7 2 4 3 6 
20180802245 10 4 2 8 7 5 1 3 6 9 
20180802246 4 6 9 2 5 1 3 8 10 7 
20180802247 10 8 3 1 4 9 2 6 5 7 
20180802248 8 2 5 1 3 9 4 10 7 6 
20180802249 10 9 1 5 2 7 3 8 6 4 
20180802250 1 7 3 9 10 5 2 6 4 8 
20180802251 9 8 5 4 2 7 10 3 1 6 
20180802252 7 1 2 9 5 8 6 4 10 3 
20180802253 10 8 7 9 6 5 3 4 2 1 
20180802254 2 9 3 7 6 4 10 5 1 8 
20180802255 5 7 4 6 9 1 2 8 3 10 
20180802256 3 8 4 9 2 7 6 5 1 10 
20180802257 4 3 7 8 10 1 2 9 6 5 
20180802258 7 8 10 9 2 3 5 1 6 4 
20180802259 3 1 2 4 8 9 10 5 7 6 
20180802260 8 9 10 7 4 5 3 1 6 2 
20180802261 9 4 5 8 3 6 1 7 10 2 
20180802262 6 1 8 9 3 5 7 2 4 10 
20180802263 8 5 3 9 2 6 7 4 1 10 
20180802264 10 3 5 9 7 6 1 8 2 4 
20180802265 2 10 4 9 6 1 5 7 3 8 
20180802266 1 9 5 2 3 4 10 6 7 8 
20180802267 5 7 10 9 4 8 3 1 6 2 
20180802268 7 10 4 1 9 8 3 5 2 6 
20180802269 6 7 2 1 9 3 8 5 4 10 
20180802270 9 7 1 3 6 2 10 4 8 5 
20180802271 1 5 10 6 4 7 2 3 9 8 
20180802272 7 2 1 10 6 3 8 4 9 5 
20180802273 6 1 5 3 9 7 2 8 10 4 
20180802274 10 4 6 7 8 9 3 5 1 2 
20180802275 3 6 1 5 7 8 2 9 10 4 
20180802276 3 4 6 10 8 7 1 9 2 5 
20180802277 6 4 3 8 2 7 9 10 1 5 
20180802278 10 2 9 3 8 6 4 1 7 5 
20180802279 1 4 8 5 2 6 3 10 7 9 
20180802280 7 10 9 2 5 6 4 1 8 3 
20180802281 4 8 1 3 6 7 2 5 10 9 
20180802282 1 2 5 10 6 3 4 8 7 9 
20180802283 9 8 2 4 1 10 6 5 3 7 
20180802284 8 10 6 3 1 4 9 7 2 5 
20180802285 5 2 7 1 10 6 8 9 3 4 
20180802286 10 2 5 9 6 1 3 7 4 8 
20180802287 5 7 9 8 1 10 6 3 2 4 
20180802288 4 9 10 5 6 2 7 1 8 3 
20180802289 8 10 2 7 3 5 6 9 1 4 
20180802290 8 5 9 10 3 4 1 7 2 6 
20180802291 3 9 8 7 6 10 4 1 2 5 
20180802292 5 10 2 8 6 7 1 4 3 9 
20180802293 8 2 4 6 7 3 9 5 10 1 
20180802294 9 8 5 10 4 6 3 2 7 1 
20180802295 3 1 9 5 7 8 4 2 10 6 
20180802296 10 1 4 2 5 8 9 6 7 3 
20180802297 2 5 3 9 8 7 4 1 6 10 
20180802298 3 7 2 5 10 4 1 9 8 6 
20180802299 2 4 8 3 10 9 5 1 7 6 
20180802300 6 1 3 2 4 8 7 5 10 9 
20180802301 10 4 2 8 5 9 6 7 3 1 
20180802302 10 1 9 3 6 5 7 4 8 2 
20180802303 10 3 8 9 5 2 6 4 7 1 
20180802304 6 9 1 7 8 2 5 3 10 4 
20180802305 4 8 10 5 7 3 9 2 6 1 
20180802306 1 10 4 7 6 3 9 2 8 5 
20180802307 4 3 5 10 9 1 8 7 2 6 
20180802308 1 10 9 3 6 5 7 8 4 2 
20180802309 10 5 1 4 8 9 7 3 6 2 
20180802310 9 7 3 4 5 1 10 8 2 6 
20180802311 4 1 9 6 8 5 3 7 10 2 
20180802312 7 3 4 5 8 2 6 1 10 9 
20180802313 8 10 6 2 4 7 1 9 3 5 
20180802314 7 8 6 2 9 4 3 1 10 5 
20180802315 5 7 8 2 4 3 6 9 1 10 
20180802316 8 10 1 9 3 4 7 5 6 2 
20180802317 3 10 7 1 5 8 4 9 6 2 
20180802318 10 4 3 6 5 7 2 9 1 8 
20180802319 6 9 8 5 2 10 3 7 4 1 
20180802320 7 8 10 1 3 5 2 9 6 4 
20180802321 4 7 10 9 6 1 3 5 2 8 
20180802322 9 3 10 7 5 8 6 1 2 4 
20180802323 10 3 1 6 2 8 4 5 7 9 
20180802324 3 10 1 7 4 5 6 2 8 9 
20180802325 5 9 4 2 7 6 8 1 10 3 
20180802326 6 7 8 3 2 9 1 10 4 5 
20180802327 3 8 4 6 7 2 10 1 9 5 
20180802328 7 9 10 1 4 2 6 8 5 3 
20180802329 5 3 10 1 2 8 9 6 4 7 
20180802330 10 7 8 4 5 6 2 1 3 9 
20180802331 7 4 1 5 6 9 8 10 3 2 
20180802332 3 10 6 8 5 4 1 7 2 9 
20180802333 6 10 2 7 1 8 4 9 3 5 
20180802334 5 4 9 6 10 1 3 8 7 2 
20180802335 3 4 8 9 7 10 2 5 1 6 
20180802336 10 3 6 7 1 4 2 8 5 9 
20180802337 4 5 10 2 3 7 8 1 9 6 
20180802338 8 7 10 2 4 9 3 1 6 5 
20180802339 9 6 2 3 5 10 8 7 1 4 
20180802340 10 5 3 6 7 2 8 1 4 9 
20180802341 2 8 9 1 5 3 4 6 7 10 
20180802342 7 6 2 5 4 1 8 10 9 3 
20180802343 4 1 8 9 6 2 5 7 3 10 
20180802344 8 9 7 4 5 6 3 10 1 2 
20180802345 10 8 2 9 6 5 3 7 1 4 
20180802346 9 4 6 7 5 1 2 8 10 3 
20180802347 8 9 4 10 1 6 7 5 3 2 
20180802348 3 9 7 8 10 6 5 1 4 2 
20180802349 5 10 7 2 6 8 9 1 3 4 
20180802350 2 6 5 4 9 1 7 3 8 10 
20180802351 9 7 4 1 3 6 2 10 5 8 
20180802352 7 5 2 9 1 8 4 3 10 6 
20180802353 9 3 8 4 6 2 5 10 1 7 
20180802354 7 10 6 2 4 3 5 8 1 9 
20180802355 2 9 1 7 3 8 6 10 5 4 
20180802356 1 3 8 2 10 4 7 6 5 9 
20180802357 9 1 10 6 2 4 8 7 3 5 
20180802358 8 7 9 5 3 2 10 4 6 1 
20180802359 6 10 8 1 4 2 9 3 5 7 
20180802360 7 9 4 8 1 10 6 3 5 2 
20180802361 3 2 9 4 5 10 7 6 1 8 
20180802362 7 3 4 10 2 1 5 8 6 9 
20180802363 3 5 2 9 7 6 10 1 8 4 
20180802364 2 6 10 7 4 9 5 3 1 8 
20180802365 4 6 2 9 8 5 7 3 1 10 
20180802366 6 5 9 2 7 3 10 8 1 4 
20180802367 2 1 3 10 9 6 5 8 7 4 
20180802368 9 5 3 1 6 4 8 7 10 2 
20180802369 10 3 6 4 1 5 7 8 9 2 
20180802370 6 7 10 5 4 9 8 2 3 1 
20180802371 10 6 3 4 5 2 9 1 8 7 
20180802372 8 9 3 10 7 2 5 6 1 4 
20180802373 7 3 8 1 4 9 10 5 6 2 
20180802374 5 4 3 7 6 8 9 2 1 10 
20180802375 2 1 7 10 5 6 3 8 4 9 
20180802376 8 1 5 4 10 9 3 7 2 6 
20180802377 2 1 10 5 4 3 8 9 6 7 
20180802378 7 9 2 10 3 8 4 5 6 1 
20180802379 10 6 1 2 7 5 3 4 9 8 
20180802380 4 2 9 10 6 1 8 7 3 5 
20180802381 4 1 8 5 3 7 10 6 9 2 
20180802382 2 8 10 6 5 4 3 7 9 1 
20180802383 10 3 9 6 8 4 7 1 2 5 
20180802384 3 4 10 9 1 6 2 7 8 5 
20180802385 7 10 5 8 6 9 3 4 2 1 
20180802386 5 10 8 7 4 2 9 6 3 1 
20180802387 5 6 9 10 1 4 2 3 8 7 
20180802388 2 9 4 3 7 1 8 5 6 10 
20180802389 4 8 10 2 3 5 1 6 9 7 
20180802390 3 7 8 2 9 5 1 6 10 4 
20180802391 4 10 2 3 7 6 8 1 9 5 
20180802392 2 10 1 5 9 6 3 8 4 7 
20180802393 7 3 4 9 10 8 5 6 1 2 
20180802394 2 4 10 3 7 5 8 6 9 1 
20180802395 2 4 1 6 8 10 3 7 5 9 
20180802396 7 2 10 5 9 3 4 8 1 6 
20180802397 5 9 1 10 3 6 4 8 2 7 
20180802398 4 5 2 3 9 10 1 7 6 8 
20180802399 4 8 1 9 3 7 6 10 2 5 
20180802400 4 6 2 7 10 8 9 5 1 3 
20180802401 2 9 5 7 1 6 8 10 3 4 
20180802402 8 7 1 5 9 10 2 3 4 6 
20180802403 8 9 3 4 10 1 7 6 5 2 
20180802404 8 5 1 6 7 9 3 10 2 4 
20180802405 10 1 8 5 4 7 9 2 3 6 
20180802406 6 8 10 3 1 4 2 9 5 7 
20180802407 2 4 6 9 8 10 3 1 7 5 
20180802408 5 1 7 3 8 6 4 10 2 9 
20180802409 1 9 8 10 6 4 3 5 7 2 
20180802410 5 1 3 7 9 10 4 6 8 2 
20180802411 3 4 2 5 10 6 1 9 8 7 
20180802412 10 3 7 8 4 9 6 5 2 1 
20180802413 1 8 9 5 7 3 4 6 10 2 
20180802414 3 10 5 9 6 4 1 7 2 8 
20180802415 3 10 9 7 8 4 6 1 2 5 
20180802416 1 4 2 10 9 8 7 6 3 5 
20180802417 7 1 5 6 9 2 3 8 10 4 
20180802418 5 8 7 9 6 10 3 4 1 2 
20180802419 2 4 9 3 5 10 6 7 1 8 
20180802420 10 3 5 1 4 6 7 9 2 8 
20180802421 10 5 3 2 9 6 1 4 7 8 
20180802422 10 7 1 6 9 8 3 5 4 2 
20180802423 8 4 7 3 1 9 5 10 6 2 
20180802424 6 8 10 4 2 3 7 5 9 1 
20180802425 2 6 9 1 10 5 8 4 3 7 
20180802426 1 2 5 8 3 7 6 4 10 9 
20180802427 5 1 10 3 4 8 7 2 6 9 
20180802428 7 9 6 4 8 5 3 1 2 10 
20180802429 4 5 1 2 3 6 9 10 7 8 
20180802430 8 5 6 9 1 7 3 2 4 10 
20180802431 4 3 6 2 1 9 10 5 7 8 
20180802432 7 10 2 1 4 5 3 6 9 8 
20180802433 2 1 9 7 10 8 4 6 3 5 
20180802434 1 9 8 4 5 10 3 2 7 6 
20180802435 10 9 6 8 2 1 5 7 3 4 
20180802436 6 4 2 9 3 5 7 8 1 10 
20180802437 4 9 2 3 10 7 5 8 1 6 
20180802438 6 2 8 5 3 7 1 10 4 9 
20180802439 10 7 8 6 2 1 5 3 4 9 
20180802440 2 3 6 7 9 10 1 5 8 4 
20180802441 10 8 1 4 2 9 3 7 6 5 
20180802442 4 1 2 10 7 6 5 3 8 9 
20180802443 5 8 7 6 3 9 2 10 1 4 
20180802444 5 8 3 7 4 9 1 6 10 2 
20180802445 1 2 9 8 3 7 6 10 4 5 
20180802446 3 8 5 9 6 7 10 2 4 1 
20180802447 2 9 5 3 7 8 6 1 10 4 
20180802448 6 1 10 7 3 4 9 2 5 8 
20180802449 4 1 8 7 10 3 6 5 2 9 
20180802450 6 7 9 3 4 8 5 2 10 1 
20180802451 9 10 7 6 2 3 5 4 1 8 
20180802452 10 2 8 4 7 3 1 6 9 5 
20180802453 7 1 5 8 2 6 4 9 3 10 
20180802454 5 4 1 9 8 3 2 7 10 6 
20180802455 7 1 6 5 8 4 2 3 9 10 
20180802456 9 6 2 3 7 5 4 1 8 10 
20180802457 3 9 1 6 10 5 4 8 7 2 
20180802458 9 3 5 8 6 4 2 10 7 1 
20180802459 6 2 10 9 8 4 1 7 5 3 
20180802460 9 2 8 3 10 1 7 6 5 4 
20180802461 7 2 10 3 5 8 6 4 1 9 
20180802462 6 9 10 8 5 1 2 4 3 7 
20180802463 5 4 1 9 2 3 6 10 8 7 
20180802464 7 8 9 3 10 4 2 1 6 5 
20180802465 9 2 3 5 10 7 1 4 8 6 
20180802466 4 3 8 7 9 5 6 10 2 1 
20180802467 9 4 10 8 6 1 5 7 3 2 
20180802468 5 3 6 10 8 7 4 9 1 2 
20180802469 3 7 8 4 1 2 5 6 10 9 
20180802470 10 2 6 8 7 9 3 1 4 5 
20180802471 9 3 10 7 1 5 6 2 8 4 
20180802472 10 8 1 2 7 6 4 3 5 9 
20180802473 8 5 2 9 10 3 1 6 4 7 
20180802474 10 1 5 7 4 9 2 6 8 3 
20180802475 6 9 7 10 8 4 2 1 3 5 
20180802476 4 3 5 1 8 10 9 2 6 7 
20180802477 7 3 8 10 4 5 1 9 6 2 
20180802478 7 6 10 9 2 5 1 8 4 3 
20180802479 6 2 8 3 1 7 10 4 5 9 
20180802480 7 1 2 9 8 5 10 3 4 6 
20180802481 10 9 2 4 1 5 8 6 3 7 
20180802482 9 4 2 7 6 8 1 3 5 10 
20180802483 2 5 10 4 6 8 3 7 9 1 
20180802484 3 9 10 8 1 4 7 2 6 5 
20180802485 3 1 6 10 8 2 4 9 7 5 
20180802486 9 8 7 5 4 10 2 6 1 3 
20180802487 10 5 8 7 6 3 2 9 1 4 
20180802488 6 3 7 2 1 5 8 10 4 9 
20180802489 6 5 4 2 8 10 1 9 7 3 
20180802490 2 7 8 6 10 4 9 1 3 5 
20180802491 6 2 5 9 3 8 7 1 4 10 
20180802492 7 10 2 6 4 1 3 9 5 8 
20180802493 7 6 1 2 10 9 3 5 8 4 
20180802494 5 4 1 7 10 2 8 6 3 9 
20180802495 4 9 10 5 7 8 1 3 6 2 
20180802496 5 3 6 8 10 1 9 4 7 2 
20180802497 10 5 8 9 2 4 3 7 1 6 
20180802498 2 1 4 10 9 5 6 7 8 3 
20180802499 8 6 3 9 5 1 10 4 7 2 
20180802500 9 7 6 5 3 4 2 8 10 1 
20180802501 1 10 4 8 3 6 2 7 5 9 
20180802502 2 3 10 4 5 6 9 1 8 7 
20180802503 7 6 3 5 4 10 9 1 8 2 
20180802504 6 2 10 7 8 4 1 5 9 3 
20180802505 5 7 1 4 6 2 9 3 10 8 
20180802506 6 7 4 10 3 1 2 5 8 9 
20180802507 10 5 3 6 2 4 7 1 8 9 
20180802508 3 10 6 9 2 4 7 1 5 8 
20180802509 4 7 6 2 3 8 9 5 1 10 
20180802510 8 4 10 3 7 6 2 5 9 1 
20180802511 9 3 7 6 4 2 10 5 8 1 
20180802512 4 2 9 7 5 6 10 3 8 1 
20180802513 7 10 2 9 3 4 6 5 1 8 
20180802514 2 6 7 4 5 3 10 9 8 1 
20180802515 5 3 1 6 2 9 10 8 4 7 
20180802516 10 1 2 3 5 8 7 9 6 4 
20180802517 5 2 4 6 1 7 9 8 10 3 
20180802518 6 5 8 3 1 2 4 9 10 7 
20180802519 9 4 3 8 5 2 1 6 10 7 
20180802520 5 1 7 3 4 10 9 2 6 8 
20180802521 7 3 10 1 9 6 2 4 8 5 
20180802522 1 9 10 3 5 8 4 7 6 2 
20180802523 7 5 8 9 4 10 3 1 2 6 
20180802524 3 2 1 6 10 7 8 5 4 9 
20180802525 4 5 6 7 10 3 2 8 9 1 
20180802526 9 10 4 7 8 3 1 2 6 5 
20180802527 7 6 4 8 9 5 2 3 1 10 
20180802528 8 1 4 7 2 10 3 6 5 9 
20180802529 4 1 6 9 5 10 7 8 2 3 
20180802530 5 7 8 2 4 1 10 3 6 9 
20180802531 2 3 4 7 10 8 9 6 5 1 
20180802532 9 4 10 2 7 6 3 8 1 5 
20180802533 6 4 8 5 2 7 9 1 10 3 
20180802534 5 8 1 2 10 6 9 3 4 7 
20180802535 5 7 1 4 2 9 10 6 8 3 
20180802536 5 7 6 8 10 1 9 3 4 2 
20180802537 6 4 2 5 8 9 1 3 7 10 
20180802538 10 9 5 2 6 4 7 3 1 8 
20180802539 10 4 5 2 6 9 8 7 3 1 
20180802540 7 2 10 8 3 1 5 4 9 6 
20180802541 3 10 1 2 9 7 4 8 6 5 
20180802542 9 6 2 5 8 3 4 1 10 7 
20180802543 2 3 7 9 10 4 1 6 8 5 
20180802544 9 7 3 4 2 6 1 10 8 5 
20180802545 1 8 4 6 2 7 10 5 9 3 
20180802546 3 10 8 6 5 9 7 1 4 2 
20180802547 6 7 1 10 5 4 9 2 8 3 
20180802548 9 6 3 10 5 2 1 8 7 4 
20180802549 7 5 8 2 9 1 4 6 10 3 
20180802550 1 9 5 6 4 8 7 10 3 2 
20180802551 1 6 2 9 8 4 7 3 10 5 
20180802552 6 5 1 2 7 3 10 8 9 4 
20180802553 4 1 2 3 8 5 6 10 7 9 
20180802554 2 6 10 1 5 4 3 8 9 7 
20180802555 9 7 10 3 1 8 2 5 6 4 
20180802556 3 4 9 6 1 8 7 10 2 5 
20180802557 4 3 8 10 1 2 9 7 5 6 
20180802558 2 10 9 1 6 7 5 4 8 3 
20180802559 9 3 6 2 7 1 8 10 5 4 
20180802560 9 4 6 5 10 3 2 1 7 8 
20180802561 7 6 9 4 2 1 3 10 8 5 
20180802562 1 3 4 7 2 6 8 9 5 10 
20180802563 3 6 5 8 1 7 9 4 10 2 
20180802564 4 9 3 5 1 8 10 6 2 7 
20180802565 5 6 9 3 8 4 7 1 10 2 
20180802566 6 2 5 8 1 4 3 7 9 10 
20180802567 1 5 6 2 8 7 3 4 10 9 
20180802568 10 7 2 5 1 3 6 4 8 9 
20180802569 9 4 8 6 5 10 7 3 1 2 
20180802570 8 7 4 3 9 5 2 6 10 1 
20180802571 1 8 2 10 4 7 3 9 6 5 
20180802572 5 10 4 2 6 9 7 8 1 3 
20180802573 8 10 1 2 3 7 6 4 5 9 
20180802574 8 9 7 3 5 6 10 1 2 4 
20180802575 4 1 2 10 9 5 6 8 3 7 
20180802576 7 3 9 10 5 2 1 6 8 4 
20180802577 9 6 8 5 2 3 7 4 1 10 
20180802578 10 6 8 7 1 3 2 5 4 9 
20180802579 5 6 10 9 7 4 1 3 2 8 
20180802580 5 3 9 8 6 1 2 4 7 10 
20180802581 9 5 8 3 6 10 1 4 7 2 
20180802582 2 4 3 10 1 8 7 6 5 9 
20180802583 8 10 5 1 9 2 7 4 6 3 
20180802584 9 8 4 3 6 1 10 2 7 5 
20180802585 5 3 9 6 8 10 4 2 7 1 
20180802586 8 7 6 9 4 1 10 3 2 5 
20180802587 2 7 10 5 1 9 6 3 4 8 
20180802588 5 4 6 7 10 3 8 2 1 9 
20180802589 1 6 4 7 5 3 9 2 10 8 
20180802590 6 10 2 4 1 8 7 5 9 3 
20180802591 8 5 1 3 7 4 6 9 2 10 
20180802592 1 3 8 10 7 9 2 4 5 6 
20180802593 10 2 1 3 8 7 5 6 4 9 
20180802594 7 10 4 3 2 8 6 5 1 9 
20180802595 10 8 9 4 2 6 7 1 5 3 
20180802596 3 9 5 6 7 4 8 10 1 2 
20180802597 6 10 7 2 5 9 8 1 4 3 
20180802598 4 3 7 8 9 5 6 2 1 10 
20180802599 10 4 9 2 6 8 1 7 3 5 
20180802600 5 8 4 9 3 2 7 1 10 6 
20180802601 4 2 1 6 3 8 9 10 5 7 
20180802602 5 9 7 10 6 3 1 4 2 8 
20180802603 5 2 3 7 6 4 1 10 9 8 
20180802604 10 4 1 7 3 9 5 8 2 6 
20180802605 2 6 4 10 9 5 3 7 8 1 
20180802606 8 7 4 10 5 1 6 3 2 9 
20180802607 2 9 1 4 7 8 6 10 3 5 
20180802608 2 10 1 9 3 7 8 5 6 4 
20180802609 2 7 9 4 6 3 1 10 5 8 
20180802610 6 3 2 1 7 10 5 8 4 9 
20180802611 9 2 5 1 10 4 8 7 3 6 
20180802612 8 3 4 10 9 7 6 5 1 2 
20180802613 8 3 2 7 1 6 4 9 5 10 
20180802614 5 9 10 6 8 3 7 4 2 1 
20180802615 4 5 9 2 1 3 8 10 7 6 
20180802616 7 10 4 1 5 9 8 3 2 6 
20180802617 4 8 10 7 5 3 1 9 6 2 
20180802618 7 3 9 6 2 10 8 4 1 5 
20180802619 8 4 3 9 6 1 7 5 2 10 
20180802620 3 8 7 1 10 4 9 6 2 5 
20180802621 3 9 7 8 2 6 1 5 4 10 
20180802622 9 3 7 6 8 4 10 2 5 1 
20180802623 9 8 1 7 4 6 5 3 2 10 
20180802624 10 1 9 7 3 5 2 6 8 4 
20180802625 3 2 4 7 6 1 9 8 5 10 
20180802626 4 3 10 5 1 9 2 8 6 7 
20180802627 2 5 7 4 9 8 1 3 10 6 
20180802628 5 7 2 10 1 6 9 3 8 4 
20180802629 9 8 2 4 3 1 7 10 5 6 
20180802630 3 8 4 1 7 5 2 10 6 9 
20180802631 4 8 5 7 3 9 10 2 1 6 
20180802632 5 1 8 9 6 4 2 7 10 3 
20180802633 4 9 5 2 7 6 10 3 8 1 
20180802634 3 4 10 2 1 9 6 7 5 8 
20180802635 6 4 7 1 9 5 2 3 8 10 
20180802636 1 3 8 6 9 5 2 7 4 10 
20180802637 9 6 1 7 5 2 10 8 3 4 
20180802638 7 8 9 5 10 2 3 1 6 4 
20180802639 9 8 10 2 7 3 6 1 5 4 
20180802640 4 8 5 2 3 9 1 10 6 7 
20180802641 3 6 2 10 8 5 9 1 7 4 
20180802642 10 4 3 2 9 6 8 5 1 7 
20180802643 8 1 2 3 6 9 4 7 10 5 
20180802644 3 2 4 7 10 6 8 1 9 5 
20180802645 7 10 5 6 9 8 4 3 1 2 
20180802646 6 1 3 5 2 9 4 8 10 7 
20180802647 3 4 8 10 6 2 1 9 5 7 
20180802648 2 9 10 7 6 1 8 5 4 3 
20180802649 2 6 8 10 5 1 9 4 7 3 
20180802650 3 10 5 7 1 2 9 8 6 4 
20180802651 1 2 4 5 10 6 8 3 7 9 
20180802652 4 3 1 8 9 10 6 7 5 2 
20180802653 9 5 10 4 2 1 8 7 6 3 
20180802654 6 10 4 8 2 1 9 5 3 7 
20180802655 6 5 10 1 8 3 2 7 9 4 
20180802656 9 5 6 7 10 1 4 2 8 3 
20180802657 1 5 7 6 2 10 8 3 9 4 
20180802658 6 9 8 2 7 4 1 3 5 10 
20180802659 4 2 8 10 3 6 7 5 1 9 
20180802660 1 3 8 5 4 6 7 2 10 9 
20180802661 5 3 10 9 4 1 8 7 2 6 
20180802662 2 4 8 9 7 3 6 10 1 5 
20180802663 2 3 5 7 4 9 1 10 6 8 
20180802664 3 5 9 1 8 2 6 7 10 4 
20180802665 6 5 3 8 10 7 9 2 4 1 
20180802666 2 5 1 3 8 6 7 4 9 10 
20180802667 1 8 10 7 4 2 6 5 9 3 
20180802668 6 4 5 2 7 8 3 9 10 1 
20180802669 4 5 8 10 1 7 6 3 2 9 
20180802670 3 5 6 8 4 1 9 7 10 2 
20180802671 4 1 7 10 5 3 8 6 2 9 
20180802672 7 9 4 10 6 2 3 5 8 1 
20180802673 6 7 1 4 10 8 2 5 3 9 
20180802674 6 8 5 9 4 1 10 2 3 7 
20180802675 8 7 10 9 1 4 5 6 3 2 
20180802676 8 4 10 2 7 1 9 6 3 5 
20180802677 6 7 8 3 10 5 1 4 2 9 
20180802678 7 1 6 4 2 3 5 8 10 9 
20180802679 8 1 3 7 10 5 6 2 4 9 
20180802680 8 1 5 6 2 7 9 3 4 10 
20180802681 8 7 2 4 3 6 1 10 5 9 
20180802682 8 7 9 3 2 4 6 10 5 1 
20180802683 9 7 3 4 8 1 5 6 2 10 
20180802684 9 2 6 8 3 5 4 7 1 10 
20180802685 7 3 6 8 1 4 9 5 10 2 
20180802686 2 4 7 8 9 3 5 10 6 1 
20180802687 2 6 7 10 5 8 9 4 3 1 
20180802688 2 4 5 7 1 9 8 3 6 10 
20180802689 4 2 5 10 6 3 7 9 1 8 
20180802690 8 1 3 2 7 5 6 9 4 10 
20180802691 10 5 2 9 7 4 3 6 8 1 
20180802692 2 8 5 6 10 9 1 4 3 7 
20180802693 6 9 2 1 5 3 8 4 10 7 
20180802694 9 4 5 6 10 2 7 8 1 3 
20180802695 6 3 5 4 8 7 2 9 10 1 
20180802696 2 6 1 10 7 4 5 9 3 8 
20180802697 10 6 7 3 4 8 1 2 9 5 
20180802698 7 2 1 4 9 5 3 10 8 6 
20180802699 2 1 5 9 7 3 8 6 4 10 
20180802700 1 2 5 8 4 7 9 3 6 10 
20180802701 9 8 2 6 5 7 1 3 4 10 
20180802702 8 7 2 3 6 9 5 1 4 10 
20180802703 1 4 3 8 6 9 2 7 5 10 
20180802704 5 7 2 9 6 10 3 4 8 1 
20180802705 10 9 4 2 7 5 1 3 8 6 
20180802706 9 1 2 3 8 4 6 10 7 5 
20180802707 7 6 3 8 10 4 2 5 9 1 
20180802708 4 1 3 6 9 2 5 7 10 8 
20180802709 4 9 5 2 3 7 6 8 1 10 
20180802710 8 7 2 4 9 1 5 3 6 10 
20180802711 3 8 5 1 4 7 6 9 10 2 
20180802712 4 6 10 2 7 8 9 5 1 3 
20180802713 2 5 7 8 9 10 6 1 3 4 
20180802714 6 10 4 3 9 2 5 1 8 7 
20180802715 2 7 1 4 8 3 5 9 10 6 
20180802716 7 8 4 5 1 3 10 9 2 6 
20180802717 6 7 8 9 5 2 3 4 1 10 
20180802718 9 7 10 3 2 5 6 4 1 8 
20180802719 5 6 2 10 9 3 8 7 1 4 
20180802720 8 6 2 7 3 9 4 5 1 10 
20180802721 1 2 8 7 10 5 9 3 4 6 
20180802722 10 9 5 4 1 2 7 6 3 8 
20180802723 6 5 7 10 3 4 2 1 9 8 
20180802724 10 4 6 3 1 8 2 9 7 5 
20180802725 5 3 6 9 8 10 1 4 7 2 
20180802726 10 9 3 1 7 4 8 2 6 5 
20180802727 8 9 2 4 3 10 6 7 5 1 
20180802728 9 6 5 1 2 4 7 8 10 3 
20180802729 9 8 3 7 4 1 10 5 6 2 
20180802730 9 2 4 5 7 8 10 6 1 3 
20180802731 5 9 6 7 8 4 3 2 1 10 
20180802732 7 5 1 4 9 8 3 10 2 6 
20180802733 5 3 6 4 1 2 10 8 9 7 
20180802734 4 7 1 8 2 6 10 9 3 5 
20180802735 9 4 5 6 10 3 8 1 2 7 
20180802736 4 7 10 5 9 1 6 3 2 8 
20180802737 7 1 2 6 9 4 5 10 3 8 
20180802738 4 2 10 1 3 5 7 9 8 6 
20180802739 8 6 3 7 4 10 5 2 9 1 
20180802740 8 7 5 9 3 2 6 1 4 10 
20180802741 1 6 8 4 5 2 7 9 3 10 
20180802742 1 2 10 7 9 4 5 6 3 8 
20180802743 6 8 1 10 7 9 4 5 2 3 
20180802744 8 1 6 7 9 2 5 10 3 4 
20180802745 3 7 5 1 10 6 4 9 2 8 
20180802746 8 3 4 5 7 2 9 1 6 10 
20180802747 6 7 2 9 1 3 10 4 8 5 
20180802748 2 5 3 7 4 9 8 6 10 1 
20180802749 10 2 9 7 5 4 3 1 6 8 
20180802750 6 5 1 9 7 10 3 2 8 4 
20180802751 5 10 2 4 7 8 1 9 3 6 
20180802752 2 5 8 6 1 3 4 10 9 7 
20180802753 7 4 9 1 6 3 2 5 8 10 
20180802754 1 10 6 2 9 3 5 4 7 8 
20180802755 9 2 6 5 3 8 4 10 7 1 
20180802756 4 10 5 9 2 7 1 6 8 3 
20180802757 1 7 4 9 6 2 10 8 5 3 
20180802758 5 8 3 2 10 7 4 6 9 1 
20180802759 8 5 3 1 6 2 7 9 4 10 
20180802760 6 1 9 4 10 3 8 2 7 5 
20180802761 5 7 6 8 9 1 2 4 3 10 
20180802762 3 5 2 10 8 6 9 7 4 1 
20180802763 8 3 1 6 4 9 7 2 5 10 
20180802764 9 10 8 6 3 1 4 5 7 2 
20180802765 5 10 7 9 2 6 3 8 4 1 
20180802766 2 4 8 6 10 3 1 7 9 5 
20180802767 6 7 5 8 3 1 2 10 4 9 
20180802768 7 1 6 4 5 2 3 8 10 9 
20180802769 3 8 7 9 4 6 2 10 5 1 
20180802770 6 10 1 2 7 4 8 5 9 3 
20180802771 3 2 6 7 8 10 9 4 1 5 
20180802772 9 6 5 8 1 7 2 3 10 4 
20180802773 9 2 3 10 1 5 7 6 4 8 
20180802774 9 2 7 5 10 6 3 1 4 8 
20180802775 6 4 2 8 10 1 7 9 3 5 
20180802776 4 8 2 9 5 1 3 7 6 10 
20180802777 9 10 2 3 6 4 5 7 8 1 
20180802778 10 5 4 2 7 6 9 3 8 1 
20180802779 2 4 6 7 10 9 8 1 5 3 
20180802780 10 4 1 2 5 6 8 9 3 7 
20180802781 10 9 4 2 6 7 1 5 8 3 
20180802782 1 7 3 10 5 4 6 2 9 8 
20180802783 7 8 2 3 1 5 4 9 6 10 
20180802784 3 8 10 5 1 9 7 4 2 6 
20180802785 9 7 4 5 2 1 10 6 8 3 
20180802786 5 9 8 7 6 4 2 3 1 10 
20180802787 9 1 5 8 4 2 6 10 7 3 
20180802788 8 2 4 1 5 7 9 10 3 6 
20180802789 9 2 5 8 10 4 7 6 1 3 
20180802790 8 4 9 10 7 3 6 2 1 5 
20180802791 6 1 2 10 3 8 5 4 7 9 
20180802792 5 1 10 8 2 7 9 4 3 6 
20180802793 8 7 5 10 6 4 2 1 3 9 
20180802794 8 2 5 3 6 1 10 4 9 7 
20180802795 1 5 10 9 3 6 7 4 2 8 
20180802796 4 9 2 3 10 1 6 8 5 7 
20180802797 8 6 5 7 10 4 3 9 2 1 
20180802798 9 10 6 2 1 5 4 8 3 7 
20180802799 7 10 6 4 2 8 9 5 1 3 
20180802800 3 4 5 2 9 7 8 6 10 1 
20180802801 10 4 3 5 7 6 8 1 9 2 
20180802802 4 1 6 9 10 7 8 5 2 3 
20180802803 2 5 9 6 10 3 7 1 8 4 
20180802804 5 3 6 8 2 9 1 10 7 4 
20180802805 2 5 1 4 6 8 7 9 3 10 
20180802806 8 6 1 10 7 5 2 3 9 4 
20180802807 1 8 3 7 6 5 10 2 9 4 
20180802808 3 4 5 1 7 2 9 6 8 10 
20180802809 8 7 9 2 5 10 4 6 1 3 
20180802810 9 6 10 5 1 7 2 8 3 4 
20180802811 1 9 6 2 4 10 8 3 5 7 
20180802812 4 10 3 1 2 9 6 7 8 5 
20180802813 9 8 4 3 10 6 5 7 2 1 
20180802814 8 9 4 2 6 7 5 3 10 1 
20180802815 9 6 2 4 1 5 7 8 3 10 
20180802816 3 1 4 8 9 6 7 2 10 5 
20180802817 7 4 5 10 2 6 1 8 9 3 
20180802818 6 5 9 10 8 2 3 7 1 4 
20180802819 1 9 8 4 3 7 5 10 6 2 
20180802820 10 7 5 4 8 3 9 2 1 6 
20180802821 2 3 4 6 1 9 5 7 10 8 
20180802822 8 10 9 6 3 1 4 5 2 7 
20180802823 1 3 5 10 7 6 4 2 8 9 
20180802824 4 10 3 5 2 8 7 9 1 6 
20180802825 10 3 8 4 6 1 2 5 9 7 
20180802826 2 9 10 3 1 8 4 7 5 6 
20180802827 1 10 4 6 7 9 5 2 8 3 
20180802828 8 3 1 2 9 6 5 10 4 7 
20180802829 10 8 9 5 4 6 7 1 2 3 
20180802830 10 5 7 4 3 8 6 9 2 1 
20180802831 7 9 6 2 3 1 5 8 10 4 
20180802832 7 5 10 1 9 3 2 6 8 4 
20180802833 1 6 10 2 4 7 3 8 9 5 
20180802834 10 3 2 4 8 1 9 7 5 6 
20180802835 8 10 6 5 1 2 9 7 3 4 
20180802836 10 2 9 6 1 5 8 4 7 3 
20180802837 2 9 7 10 3 1 6 8 4 5 
20180802838 3 5 7 9 6 1 2 8 4 10 
20180802839 2 6 7 1 5 4 3 9 10 8 
20180802840 3 4 8 10 5 7 9 6 2 1 
20180802841 7 9 4 10 2 6 1 8 5 3 
20180802842 10 1 5 9 8 6 3 2 4 7 
20180802843 10 4 7 3 1 9 6 5 2 8 
20180802844 10 5 1 6 9 7 4 3 2 8 
20180802845 4 6 10 7 2 9 5 3 8 1 
20180802846 4 7 1 6 5 10 9 2 8 3 
20180802847 6 9 4 3 5 2 8 1 7 10 
20180802848 6 10 1 8 4 7 2 9 3 5 
20180802849 4 6 5 2 8 1 10 7 3 9 
20180802850 9 8 3 5 4 7 2 6 10 1 
20180802851 5 6 1 2 10 4 9 8 7 3 
20180802852 6 4 9 8 5 3 1 2 10 7 
20180802853 10 7 1 5 3 8 9 4 2 6 
20180802854 4 8 9 1 5 2 3 10 6 7 
20180802855 6 5 9 4 7 10 8 2 1 3 
20180802856 3 5 4 7 10 9 2 8 1 6 
20180802857 8 10 3 6 2 1 4 9 5 7 
20180802858 9 6 4 5 8 3 7 2 10 1 
20180802859 3 6 9 8 2 5 4 10 7 1 
20180802860 2 8 3 6 7 9 5 4 10 1 
20180802861 7 4 1 6 2 9 5 3 8 10 
20180802862 5 9 2 4 6 8 3 7 1 10 
20180802863 1 4 6 2 9 5 7 3 10 8 
20180802864 4 1 2 10 5 3 9 6 8 7 
20180802865 10 5 1 9 4 7 2 6 8 3 
20180802866 6 10 1 8 7 9 2 3 5 4 
20180802867 8 1 5 9 6 4 3 7 2 10 
20180802868 1 2 10 8 6 9 3 4 5 7 
20180802869 3 7 2 10 6 9 1 8 5 4 
20180802870 9 4 2 5 3 10 8 1 6 7 
20180802871 9 8 7 3 1 10 4 2 6 5 
20180802872 1 10 2 3 9 4 8 5 7 6 
20180802873 3 2 4 8 1 6 5 7 9 10 
20180802874 8 6 5 10 1 9 4 7 2 3 
20180802875 4 9 8 1 3 7 2 6 10 5 
20180802876 10 1 3 9 4 7 2 8 5 6 
20180802877 5 9 3 8 4 2 7 10 6 1 
20180802878 2 6 9 5 8 7 10 4 3 1 
20180802879 8 4 6 2 5 9 10 7 1 3 
20180802880 1 9 3 10 4 7 5 2 6 8 
20180802881 10 2 8 6 5 7 1 9 4 3 
20180802882 10 8 9 3 5 2 1 4 6 7 
20180802883 6 5 10 4 7 8 2 3 9 1 
20180802884 6 9 8 7 10 5 4 2 1 3 
20180802885 9 6 4 5 8 3 7 10 1 2 
20180802886 10 1 3 7 2 9 8 5 6 4 
20180802887 5 9 2 6 10 4 8 1 7 3 
20180802888 4 7 10 8 1 2 6 5 3 9 
20180802889 9 8 6 4 2 3 7 5 1 10 
20180802890 9 5 7 6 4 3 10 1 8 2 
20180802891 6 1 10 4 8 2 3 9 7 5 
20180802892 8 6 7 9 4 3 1 2 5 10 
20180802893 7 8 4 1 10 3 2 6 5 9 
20180802894 1 7 8 4 10 9 6 3 5 2 
20180802895 2 10 6 5 1 8 9 3 7 4 
20180802896 2 5 1 3 8 7 10 4 9 6 
20180802897 6 8 2 9 10 3 4 1 5 7 
20180802898 3 9 4 5 1 2 7 6 8 10 
20180802899 3 6 8 10 4 9 1 2 7 5 
20180802900 9 4 5 7 1 8 10 6 3 2 
20180802901 9 10 1 6 3 2 4 8 5 7 
20180802902 2 3 1 8 10 9 4 7 6 5 
20180802903 7 5 4 3 6 10 2 8 9 1 
20180802904 1 7 8 3 10 9 4 2 5 6 
20180802905 9 3 8 10 7 4 1 2 6 5 
20180802906 7 10 6 3 8 5 2 4 1 9 
20180802907 1 4 6 7 8 5 9 10 2 3 
20180802908 3 10 5 7 4 8 6 1 9 2 
20180802909 10 8 2 5 6 1 7 4 9 3 
20180802910 6 10 3 8 9 2 4 1 7 5 
20180802911 9 10 8 6 3 1 5 7 2 4 
20180802912 6 10 8 5 2 7 9 4 1 3 
20180802913 7 6 3 5 10 2 1 9 8 4 
20180802914 4 6 5 3 9 7 8 10 2 1 
20180802915 6 7 4 9 10 8 1 5 3 2 
20180802916 10 5 7 6 3 4 2 1 9 8 
20180802917 3 10 2 6 4 9 8 7 5 1 
20180802918 6 8 2 9 1 5 10 3 7 4 
20180802919 9 6 8 5 10 3 2 1 4 7 
20180802920 9 8 10 2 4 3 6 5 7 1 
20180802921 8 9 2 6 10 3 7 5 1 4 
20180802922 10 2 7 5 8 3 4 9 6 1 
20180802923 1 9 5 3 8 10 6 7 4 2 
20180802924 2 4 5 10 3 8 9 7 1 6 
20180802925 8 1 4 5 3 2 9 7 6 10 
20180802926 6 2 3 1 9 5 10 8 7 4 
20180802927 8 2 5 7 10 3 9 6 1 4 
20180802928 6 3 10 8 7 9 5 1 2 4 
20180802929 10 2 9 3 7 6 1 8 4 5 
20180802930 5 8 2 4 9 1 3 7 6 10 
20180802931 6 7 8 1 4 10 5 3 2 9 
20180802932 10 6 7 3 1 2 4 9 5 8 
20180802933 10 9 7 5 2 1 3 6 4 8 
20180802934 10 1 3 6 9 2 8 5 4 7 
20180802935 1 10 8 4 5 2 3 7 9 6 
20180802936 3 7 9 2 1 6 5 10 4 8 
20180802937 8 9 5 7 1 3 6 4 2 10 
20180802938 8 9 3 4 5 2 6 1 7 10 
20180802939 1 8 10 2 4 7 3 5 9 6 
20180802940 6 3 1 2 5 7 10 9 4 8 
20180802941 8 5 7 6 3 10 4 2 9 1 
20180802942 4 10 7 1 8 9 5 2 3 6 
20180802943 9 4 3 6 10 2 5 8 7 1 
20180802944 2 1 9 7 6 4 10 8 5 3 
20180802945 6 4 10 8 9 2 7 1 5 3 
20180802946 10 6 3 4 9 2 1 5 7 8 
20180802947 3 7 10 6 4 5 2 8 1 9 
20180802948 1 4 5 3 2 8 6 9 10 7 
20180802949 6 1 2 3 7 4 10 8 9 5 
20180802950 6 7 3 2 5 10 4 1 8 9 
20180802951 1 8 5 7 3 6 9 10 4 2 
20180802952 8 1 10 6 2 9 5 7 3 4 
20180802953 7 2 1 3 9 5 10 6 8 4 
20180802954 1 3 4 5 8 10 2 6 7 9 
20180802955 8 10 2 6 4 7 1 9 3 5 
20180802956 9 5 6 7 1 10 2 3 4 8 
20180802957 10 8 6 4 9 5 7 3 2 1 
20180802958 4 6 3 8 10 9 7 2 5 1 
20180802959 9 2 8 10 3 4 5 7 6 1 
20180802960 9 3 5 10 2 1 4 6 7 8 
20180802961 8 2 9 4 6 7 3 1 10 5 
20180802962 3 10 5 2 7 4 9 8 6 1 
20180802963 7 3 6 1 8 5 9 10 2 4 
20180802964 1 6 3 5 2 4 10 7 9 8 
20180802965 4 3 7 6 2 8 10 5 1 9 
20180802966 6 3 7 9 1 5 4 10 8 2 
20180802967 7 9 5 8 6 3 4 10 2 1 
20180802968 5 8 10 4 3 1 7 6 2 9 
20180802969 7 1 8 4 3 5 6 9 10 2 
20180802970 5 2 6 8 9 7 4 10 3 1 
20180802971 10 1 2 7 9 4 8 5 3 6 
20180802972 1 6 7 2 8 4 3 9 10 5 
20180802973 7 4 10 5 8 3 2 6 1 9 
20180802974 4 5 3 1 2 9 8 10 6 7 
20180802975 7 10 3 5 6 9 1 2 8 4 
20180802976 5 2 4 9 8 10 7 6 3 1 
20180802977 1 6 3 10 7 9 2 4 5 8 
20180802978 10 2 1 7 9 8 3 6 5 4 
20180802979 3 8 9 10 1 4 7 5 2 6 
20180802980 2 1 8 3 5 6 10 4 7 9 
20180802981 6 10 1 4 3 7 5 8 9 2 
20180802982 5 3 2 4 6 10 9 8 1 7 
20180802983 1 6 4 9 5 3 10 7 2 8 
20180802984 4 9 10 1 6 2 3 8 7 5 
20180802985 9 8 5 2 3 10 1 4 6 7 
