20180811001 8 7 2 4 6 3 9 5 10 1 
20180811002 2 8 1 6 7 10 4 3 9 5 
20180811003 10 6 8 2 9 4 5 1 3 7 
20180811004 7 1 8 4 3 9 5 10 2 6 
20180811005 7 5 2 6 3 4 8 10 9 1 
20180811006 1 7 8 2 3 5 9 6 10 4 
20180811007 2 1 8 7 6 4 3 5 9 10 
20180811008 9 4 5 7 1 10 6 2 8 3 
20180811009 2 5 7 8 3 6 9 10 1 4 
20180811010 5 1 9 4 7 8 6 3 10 2 
20180811011 8 7 2 5 1 3 10 6 4 9 
20180811012 8 5 3 6 4 7 2 1 9 10 
20180811013 10 4 6 2 9 8 5 3 1 7 
20180811014 4 6 2 1 7 8 10 5 3 9 
20180811015 6 9 7 8 1 10 3 2 4 5 
20180811016 9 3 8 5 2 1 6 7 10 4 
20180811017 6 7 9 8 1 5 10 3 2 4 
20180811018 2 5 9 8 7 6 1 10 4 3 
20180811019 6 4 10 2 8 3 5 1 7 9 
20180811020 7 9 4 1 10 8 6 5 3 2 
20180811021 6 10 4 7 5 1 2 9 8 3 
20180811022 10 5 9 2 6 8 7 3 1 4 
20180811023 9 5 3 4 1 2 10 7 8 6 
20180811024 3 9 8 6 1 7 10 4 5 2 
20180811025 4 3 5 2 9 8 1 6 7 10 
20180811026 2 7 9 10 8 5 4 6 3 1 
20180811027 8 4 6 10 3 1 5 2 7 9 
20180811028 7 1 9 3 4 10 5 6 2 8 
20180811029 1 10 7 3 9 8 4 6 5 2 
20180811030 5 4 1 6 2 8 3 7 10 9 
20180811031 3 1 4 5 7 9 10 2 8 6 
20180811032 5 2 4 1 7 10 6 3 8 9 
20180811033 9 7 4 3 2 5 8 10 1 6 
20180811034 7 8 4 2 10 1 3 5 6 9 
20180811035 6 5 10 4 1 9 7 8 3 2 
20180811036 6 10 8 5 3 7 9 1 4 2 
20180811037 5 3 1 7 10 2 4 6 9 8 
20180811038 1 5 2 8 9 3 6 7 10 4 
20180811039 6 10 7 5 4 9 2 1 8 3 
20180811040 4 8 10 5 3 6 9 7 1 2 
20180811041 4 8 9 3 10 1 5 7 6 2 
20180811042 5 2 7 6 10 9 4 8 3 1 
20180811043 5 4 8 3 9 6 1 7 10 2 
20180811044 3 8 7 10 2 5 4 9 6 1 
20180811045 3 6 5 2 4 1 9 8 10 7 
20180811046 8 7 6 2 5 9 3 10 4 1 
20180811047 1 7 2 6 10 5 9 8 4 3 
20180811048 7 5 2 10 4 6 8 9 3 1 
20180811049 8 5 2 9 1 6 3 7 4 10 
20180811050 6 4 7 1 3 2 5 9 8 10 
20180811051 9 4 5 10 2 1 8 3 6 7 
20180811052 5 2 8 10 1 6 4 7 9 3 
20180811053 10 8 3 9 4 1 7 5 2 6 
20180811054 4 1 7 6 3 10 8 5 9 2 
20180811055 7 10 5 1 6 3 8 9 4 2 
20180811056 3 5 7 10 4 2 8 6 1 9 
20180811057 1 5 10 6 9 2 8 4 3 7 
20180811058 5 1 9 2 10 8 7 6 4 3 
20180811059 3 1 7 10 4 5 6 8 2 9 
20180811060 1 5 3 10 7 8 9 4 6 2 
20180811061 3 6 9 7 8 10 4 2 5 1 
20180811062 3 6 9 5 2 8 10 1 4 7 
20180811063 2 8 7 6 1 9 3 5 4 10 
20180811064 3 1 4 9 8 6 10 7 5 2 
20180811065 4 7 9 2 6 10 3 5 8 1 
20180811066 3 9 4 2 8 6 10 5 1 7 
20180811067 2 5 10 4 7 9 3 1 8 6 
20180811068 9 1 8 5 2 4 7 6 3 10 
20180811069 7 8 3 4 1 9 10 5 6 2 
20180811070 5 3 10 1 2 9 7 4 8 6 
20180811071 5 2 1 10 9 6 4 3 7 8 
20180811072 3 2 5 1 9 8 6 7 4 10 
20180811073 3 1 6 7 2 8 9 5 10 4 
20180811074 4 2 1 6 10 7 3 8 9 5 
20180811075 7 4 2 10 1 3 5 9 6 8 
20180811076 5 2 10 3 8 6 1 4 7 9 
20180811077 7 1 2 8 9 6 3 10 5 4 
20180811078 7 1 9 2 10 6 4 3 5 8 
20180811079 5 1 9 2 6 4 3 7 10 8 
20180811080 1 7 4 8 10 3 2 9 6 5 
20180811081 1 7 9 6 8 5 10 4 2 3 
20180811082 6 8 2 4 1 7 5 10 9 3 
20180811083 9 1 4 3 6 5 10 8 7 2 
20180811084 8 10 5 1 3 4 2 6 9 7 
20180811085 7 1 3 9 10 4 8 5 6 2 
20180811086 4 3 2 7 10 8 9 5 1 6 
20180811087 6 7 10 5 3 9 8 2 1 4 
20180811088 7 10 2 3 9 5 1 4 8 6 
20180811089 2 9 5 10 1 8 3 6 4 7 
20180811090 9 1 3 7 2 6 5 8 10 4 
20180811091 7 8 1 10 3 6 9 4 2 5 
20180811092 2 5 7 4 9 8 3 6 10 1 
20180811093 3 8 2 7 6 10 5 9 4 1 
20180811094 5 6 10 4 3 9 1 8 2 7 
20180811095 1 9 8 2 5 3 6 4 7 10 
20180811096 1 6 7 8 4 3 5 9 10 2 
20180811097 3 6 2 5 9 1 8 10 7 4 
20180811098 7 9 1 8 2 6 5 4 10 3 
20180811099 2 5 8 10 4 9 3 7 1 6 
20180811100 9 5 10 3 2 4 1 6 7 8 
20180811101 6 2 5 10 8 4 7 3 1 9 
20180811102 8 2 10 7 4 1 6 9 3 5 
20180811103 9 7 1 8 5 10 2 4 3 6 
20180811104 7 10 1 2 8 3 5 9 4 6 
20180811105 5 1 8 10 9 3 7 4 6 2 
20180811106 10 1 8 5 6 7 9 2 4 3 
20180811107 8 9 1 4 7 5 6 2 3 10 
20180811108 6 9 5 3 1 2 8 4 7 10 
20180811109 3 1 10 6 9 2 8 5 4 7 
20180811110 1 4 8 5 2 10 6 7 3 9 
20180811111 9 1 10 5 3 4 7 2 6 8 
20180811112 4 7 8 6 1 5 10 9 2 3 
20180811113 8 3 2 5 7 6 10 4 1 9 
20180811114 2 8 6 5 3 10 4 1 9 7 
20180811115 7 4 6 5 1 8 2 10 9 3 
20180811116 10 8 3 6 4 1 5 2 7 9 
20180811117 4 1 7 2 9 3 6 8 5 10 
20180811118 9 6 7 1 10 3 8 5 4 2 
20180811119 6 2 7 5 9 1 10 4 8 3 
20180811120 6 7 2 8 9 10 5 3 4 1 
20180811121 8 4 2 7 6 1 3 10 5 9 
20180811122 8 4 2 6 7 9 1 3 5 10 
20180811123 6 4 10 7 5 3 8 2 9 1 
20180811124 10 8 1 4 9 5 7 6 2 3 
20180811125 1 6 8 3 4 5 9 10 7 2 
20180811126 2 6 9 8 4 7 3 5 1 10 
20180811127 2 9 3 4 7 10 5 8 6 1 
20180811128 9 8 6 10 2 3 4 1 5 7 
20180811129 4 7 3 1 6 5 10 8 9 2 
20180811130 7 10 8 9 3 4 6 5 1 2 
20180811131 1 6 4 8 10 7 3 9 2 5 
20180811132 4 6 9 7 1 2 8 10 3 5 
20180811133 4 8 9 10 3 5 1 7 6 2 
20180811134 3 8 4 7 2 10 6 9 1 5 
20180811135 8 4 9 10 6 1 5 7 2 3 
20180811136 3 8 5 2 1 7 9 10 6 4 
20180811137 7 5 3 1 9 4 6 2 10 8 
20180811138 7 2 6 5 9 4 1 8 10 3 
20180811139 6 9 3 1 5 4 8 7 2 10 
20180811140 9 1 4 10 3 5 7 8 2 6 
20180811141 4 9 5 1 2 7 8 3 10 6 
20180811142 7 6 3 1 4 9 5 8 10 2 
20180811143 5 10 6 9 3 4 7 1 2 8 
20180811144 4 3 8 5 2 1 6 7 10 9 
20180811145 6 4 9 7 3 8 5 1 10 2 
20180811146 4 5 7 9 6 2 1 3 10 8 
20180811147 10 8 7 3 5 1 2 6 4 9 
20180811148 9 7 4 8 5 1 10 2 3 6 
20180811149 9 5 10 7 4 1 6 3 2 8 
20180811150 2 4 1 8 7 10 5 9 6 3 
20180811151 8 1 2 9 7 5 3 4 6 10 
20180811152 2 6 1 10 3 8 5 9 4 7 
20180811153 2 8 10 1 5 7 3 9 6 4 
20180811154 1 2 4 8 9 3 5 7 6 10 
20180811155 4 5 8 10 7 6 3 1 2 9 
20180811156 7 2 5 6 8 3 10 4 1 9 
20180811157 3 7 5 9 8 4 10 2 1 6 
20180811158 3 8 7 2 1 5 9 4 10 6 
20180811159 1 3 2 5 9 6 4 10 7 8 
20180811160 7 6 5 3 10 2 8 4 1 9 
20180811161 8 9 10 6 7 5 4 2 3 1 
20180811162 4 7 5 9 2 1 3 6 8 10 
20180811163 2 4 9 6 1 8 3 10 7 5 
20180811164 9 7 8 10 1 4 6 3 5 2 
20180811165 4 6 10 1 7 9 8 3 2 5 
20180811166 3 8 5 9 10 2 7 1 6 4 
20180811167 10 7 1 6 2 9 3 4 5 8 
20180811168 10 8 3 2 4 1 7 6 9 5 
20180811169 5 10 7 1 9 4 6 8 2 3 
20180811170 5 10 4 9 3 6 2 1 7 8 
20180811171 3 5 1 4 2 8 9 6 7 10 
20180811172 5 1 4 2 9 7 3 6 8 10 
20180811173 9 10 4 2 1 3 8 5 6 7 
20180811174 5 1 4 7 10 8 3 9 6 2 
20180811175 10 9 7 8 4 2 1 3 6 5 
20180811176 4 9 10 3 2 6 5 7 8 1 
20180811177 10 3 9 2 1 5 6 8 4 7 
20180811178 2 5 9 10 1 8 3 7 4 6 
20180811179 9 2 3 10 8 4 1 7 6 5 
20180811180 5 7 10 1 6 8 4 9 3 2 
20180811181 4 5 1 7 10 2 9 6 3 8 
20180811182 4 8 10 7 6 1 5 2 9 3 
20180811183 4 8 6 9 1 10 7 3 5 2 
20180811184 1 8 7 6 3 2 4 10 5 9 
20180811185 9 1 7 5 10 3 6 8 4 2 
20180811186 4 7 10 9 8 5 6 1 2 3 
20180811187 5 6 3 8 2 4 7 1 9 10 
20180811188 2 7 5 1 10 8 6 9 4 3 
20180811189 7 8 10 1 9 3 5 2 4 6 
20180811190 8 6 4 9 3 1 2 5 7 10 
20180811191 3 6 7 5 9 1 8 10 4 2 
20180811192 6 8 2 10 9 5 3 1 4 7 
20180811193 7 1 2 3 6 10 9 5 4 8 
20180811194 9 3 5 6 2 4 8 7 10 1 
20180811195 10 1 7 3 9 5 2 8 6 4 
20180811196 9 3 5 4 7 2 10 8 6 1 
20180811197 1 10 5 2 7 3 9 8 6 4 
20180811198 3 5 8 10 7 6 9 2 4 1 
20180811199 9 7 8 4 10 5 1 3 2 6 
20180811200 8 4 10 3 6 9 2 1 5 7 
20180811201 1 2 10 3 8 7 6 9 4 5 
20180811202 4 7 8 6 10 9 1 5 2 3 
20180811203 7 6 10 4 8 9 5 1 3 2 
20180811204 9 10 7 8 6 4 2 5 1 3 
20180811205 8 2 4 3 5 9 6 7 1 10 
20180811206 2 10 3 7 8 9 5 1 4 6 
20180811207 3 1 7 5 9 2 8 4 10 6 
20180811208 3 1 2 6 10 9 8 7 4 5 
20180811209 3 4 9 10 5 2 7 8 6 1 
20180811210 1 7 3 8 9 10 2 4 5 6 
20180811211 1 9 4 10 6 2 5 7 3 8 
20180811212 9 8 4 6 10 7 2 3 5 1 
20180811213 1 6 3 7 9 8 5 10 2 4 
20180811214 2 4 7 6 10 1 8 9 5 3 
20180811215 8 6 4 3 10 1 9 2 7 5 
20180811216 6 5 9 3 2 1 8 7 10 4 
20180811217 9 2 6 7 5 4 3 8 10 1 
20180811218 3 1 7 2 8 9 10 5 4 6 
20180811219 2 5 9 4 3 1 6 10 8 7 
20180811220 9 10 1 6 4 2 8 7 5 3 
20180811221 10 2 9 7 3 1 8 5 4 6 
20180811222 9 7 5 1 4 2 6 8 10 3 
20180811223 2 6 8 5 1 3 7 4 10 9 
20180811224 5 2 6 1 7 10 9 4 3 8 
20180811225 7 8 9 5 6 1 3 10 2 4 
20180811226 10 5 6 9 2 7 1 4 8 3 
20180811227 8 1 3 10 9 7 2 4 5 6 
20180811228 10 4 5 8 9 7 1 2 6 3 
20180811229 3 8 4 1 5 7 10 9 2 6 
20180811230 5 10 3 1 7 6 9 4 8 2 
20180811231 1 2 10 4 3 5 6 9 8 7 
20180811232 4 9 1 6 5 7 2 10 3 8 
20180811233 9 10 5 2 4 1 3 7 8 6 
20180811234 2 9 5 7 8 6 1 10 4 3 
20180811235 9 5 8 6 10 7 3 1 2 4 
20180811236 10 4 7 3 5 2 6 8 9 1 
20180811237 10 4 8 9 7 1 3 5 6 2 
20180811238 10 7 2 8 1 5 6 3 9 4 
20180811239 10 9 7 3 5 4 6 2 8 1 
20180811240 2 5 7 3 6 10 9 4 1 8 
20180811241 1 8 5 7 4 6 9 2 3 10 
20180811242 10 7 2 3 4 9 1 6 5 8 
20180811243 4 3 10 9 7 6 2 1 8 5 
20180811244 4 10 9 2 5 3 6 8 1 7 
20180811245 1 9 3 8 10 2 4 5 7 6 
20180811246 2 5 6 7 10 3 4 1 9 8 
20180811247 1 2 10 6 7 3 9 5 8 4 
20180811248 10 5 4 2 1 3 8 7 6 9 
20180811249 10 2 5 3 6 1 4 8 7 9 
20180811250 1 8 7 2 9 5 10 4 3 6 
20180811251 3 4 6 10 5 1 8 7 2 9 
20180811252 10 6 9 1 7 2 8 4 3 5 
20180811253 9 6 4 1 8 2 10 7 3 5 
20180811254 2 5 7 9 10 4 3 6 8 1 
20180811255 1 8 7 5 3 2 6 10 9 4 
20180811256 2 1 3 9 7 6 10 4 5 8 
20180811257 4 5 3 6 9 8 1 10 2 7 
20180811258 8 2 6 9 7 4 3 5 10 1 
20180811259 6 8 3 1 4 10 5 9 7 2 
20180811260 3 5 4 7 1 9 6 2 8 10 
20180811261 10 6 7 8 9 1 5 2 3 4 
20180811262 6 5 1 9 3 8 4 10 2 7 
20180811263 6 2 1 3 9 5 8 4 10 7 
20180811264 8 5 6 9 7 1 10 4 2 3 
20180811265 8 7 5 4 10 6 2 3 9 1 
20180811266 1 5 8 2 3 10 7 9 6 4 
20180811267 3 4 1 10 8 6 7 9 5 2 
20180811268 4 10 1 8 5 7 9 3 2 6 
20180811269 4 6 2 10 7 9 1 3 8 5 
20180811270 3 5 8 7 2 6 10 9 4 1 
20180811271 5 8 2 9 6 3 10 7 1 4 
20180811272 6 10 3 2 7 1 9 5 8 4 
20180811273 7 1 6 2 10 9 4 8 5 3 
20180811274 4 2 8 7 3 6 10 1 9 5 
20180811275 7 3 5 10 2 4 1 8 6 9 
20180811276 3 1 10 6 4 5 8 2 9 7 
20180811277 5 1 3 8 6 9 10 4 7 2 
20180811278 4 3 6 2 8 9 5 10 7 1 
20180811279 8 10 1 4 2 9 7 3 5 6 
20180811280 4 7 6 1 5 9 10 8 3 2 
20180811281 8 7 9 1 10 3 2 5 4 6 
20180811282 5 10 2 8 9 6 3 4 7 1 
20180811283 7 4 9 6 8 2 3 10 5 1 
20180811284 10 5 9 2 3 4 1 7 8 6 
20180811285 6 8 9 1 10 7 4 5 2 3 
20180811286 9 3 5 10 6 2 8 7 1 4 
20180811287 10 8 4 6 9 2 3 7 5 1 
20180811288 2 6 7 4 10 1 3 8 5 9 
20180811289 2 6 4 10 9 5 8 1 7 3 
20180811290 1 10 6 8 2 7 9 3 4 5 
20180811291 1 2 8 9 7 4 5 3 6 10 
20180811292 4 5 9 10 2 6 1 8 7 3 
20180811293 10 2 4 7 3 8 9 1 5 6 
20180811294 2 9 4 3 7 1 5 10 6 8 
20180811295 7 3 8 6 4 2 1 9 10 5 
20180811296 3 8 10 2 4 9 7 1 6 5 
20180811297 8 6 9 10 2 7 1 5 3 4 
20180811298 8 2 1 5 10 3 4 6 9 7 
20180811299 1 8 3 4 6 10 5 2 9 7 
20180811300 5 6 8 10 1 7 4 3 2 9 
20180811301 5 3 2 8 6 4 10 7 9 1 
20180811302 8 4 1 9 7 5 10 2 3 6 
20180811303 8 3 7 2 5 6 10 9 4 1 
20180811304 8 9 10 4 6 7 5 3 2 1 
20180811305 3 8 4 1 2 7 6 10 9 5 
20180811306 8 4 6 3 2 1 7 9 5 10 
20180811307 8 7 4 5 6 9 2 10 3 1 
20180811308 5 1 6 7 4 10 3 2 9 8 
20180811309 1 7 2 3 10 5 8 6 9 4 
20180811310 4 7 5 1 10 9 2 8 3 6 
20180811311 9 4 2 1 3 10 7 6 5 8 
20180811312 8 2 4 5 6 10 3 7 9 1 
20180811313 5 10 9 2 3 1 6 7 4 8 
20180811314 8 4 2 10 6 7 9 5 1 3 
20180811315 2 10 1 5 7 8 3 4 9 6 
20180811316 4 1 5 6 3 10 7 9 8 2 
20180811317 5 10 7 9 3 2 1 8 4 6 
20180811318 7 1 6 5 4 10 8 9 3 2 
20180811319 2 5 7 10 8 6 1 3 4 9 
20180811320 6 3 8 9 4 5 7 2 10 1 
20180811321 2 9 3 8 5 10 6 4 1 7 
20180811322 7 6 2 9 1 8 5 3 10 4 
20180811323 4 6 10 3 2 5 1 9 7 8 
20180811324 3 5 9 6 4 2 8 7 10 1 
20180811325 8 2 4 1 5 10 9 3 7 6 
20180811326 2 3 5 8 9 10 4 1 6 7 
20180811327 7 4 10 1 2 3 9 6 8 5 
20180811328 2 10 6 3 8 5 9 1 4 7 
20180811329 10 6 5 7 8 3 4 9 2 1 
20180811330 2 5 6 3 1 4 10 7 9 8 
20180811331 4 5 7 3 1 2 10 8 6 9 
20180811332 4 10 1 6 2 5 8 7 9 3 
20180811333 9 1 3 10 2 5 8 4 7 6 
20180811334 4 2 10 8 9 5 3 1 7 6 
20180811335 9 10 1 6 7 5 3 8 4 2 
20180811336 4 6 9 3 7 8 10 1 5 2 
20180811337 3 7 6 4 1 5 9 2 8 10 
20180811338 10 6 4 5 2 7 1 9 3 8 
20180811339 6 10 4 5 9 7 8 2 1 3 
20180811340 5 10 6 4 2 8 3 9 7 1 
20180811341 8 1 6 4 5 9 3 7 10 2 
20180811342 6 2 5 9 7 4 8 10 1 3 
20180811343 4 3 5 10 2 1 7 8 9 6 
20180811344 2 3 8 6 4 5 9 10 7 1 
20180811345 1 10 7 5 6 8 2 9 4 3 
20180811346 6 4 1 9 3 8 7 10 2 5 
20180811347 2 3 8 7 9 5 10 6 4 1 
20180811348 1 8 10 7 9 5 6 4 2 3 
20180811349 8 3 7 10 4 6 1 9 2 5 
20180811350 4 1 7 10 9 8 5 6 3 2 
20180811351 10 1 4 8 7 3 5 2 9 6 
20180811352 5 1 9 2 7 10 3 6 8 4 
20180811353 1 8 7 6 5 9 3 10 2 4 
20180811354 4 5 8 10 6 2 9 7 1 3 
20180811355 1 5 10 7 8 3 6 4 2 9 
20180811356 5 8 3 9 10 7 2 1 4 6 
20180811357 1 10 7 9 6 5 3 8 2 4 
20180811358 3 4 2 5 7 9 8 1 10 6 
20180811359 2 6 5 4 9 7 8 1 10 3 
20180811360 6 5 9 8 10 2 3 7 1 4 
20180811361 4 10 1 5 6 3 9 2 8 7 
20180811362 8 4 1 9 3 10 7 5 2 6 
20180811363 6 9 3 1 7 2 8 5 10 4 
20180811364 8 1 5 10 7 9 6 4 2 3 
20180811365 1 10 6 7 8 4 5 2 3 9 
20180811366 2 3 8 5 6 7 10 9 4 1 
20180811367 2 8 1 7 5 3 10 6 9 4 
20180811368 5 9 3 7 10 8 6 2 4 1 
20180811369 6 3 4 2 7 9 5 10 1 8 
20180811370 8 7 9 1 6 2 5 4 10 3 
20180811371 1 3 10 8 5 6 7 2 4 9 
20180811372 3 10 8 2 5 1 6 7 4 9 
20180811373 5 3 2 6 8 9 1 4 10 7 
20180811374 4 6 2 3 8 7 5 10 1 9 
20180811375 2 1 10 5 6 3 9 4 7 8 
20180811376 3 5 4 7 6 2 8 9 1 10 
20180811377 6 5 10 7 9 1 4 3 2 8 
20180811378 6 9 8 7 3 10 2 4 5 1 
20180811379 10 4 6 7 1 9 8 2 3 5 
20180811380 8 9 6 10 5 1 7 2 4 3 
20180811381 5 4 7 9 10 8 2 3 1 6 
20180811382 4 5 1 3 2 8 9 10 6 7 
20180811383 5 4 3 1 10 8 2 9 6 7 
20180811384 8 10 5 1 4 6 2 3 9 7 
20180811385 1 8 9 6 10 3 5 7 4 2 
20180811386 10 3 4 8 7 5 2 6 1 9 
20180811387 1 7 10 5 4 9 8 6 3 2 
20180811388 6 5 7 2 9 10 4 3 8 1 
20180811389 2 3 6 7 9 8 5 1 4 10 
20180811390 1 10 8 4 9 5 3 7 2 6 
20180811391 4 2 5 10 1 9 3 6 7 8 
20180811392 6 10 4 2 9 7 8 1 3 5 
20180811393 3 5 8 10 2 7 9 4 1 6 
20180811394 7 6 5 4 9 3 2 8 1 10 
20180811395 5 3 8 6 9 10 2 4 7 1 
20180811396 2 5 1 10 7 4 9 6 3 8 
20180811397 9 4 2 5 10 6 1 7 8 3 
20180811398 2 9 7 4 8 3 10 5 6 1 
20180811399 2 4 9 7 8 6 3 5 10 1 
20180811400 6 2 3 5 8 10 1 9 7 4 
20180811401 5 6 2 8 4 3 10 1 7 9 
20180811402 6 8 2 10 1 7 5 9 3 4 
20180811403 4 3 6 1 9 5 10 8 7 2 
20180811404 4 9 1 5 6 3 2 8 10 7 
20180811405 3 7 8 6 1 2 9 4 5 10 
20180811406 2 3 1 5 7 6 10 8 4 9 
20180811407 6 10 5 4 9 7 2 1 3 8 
20180811408 3 10 5 4 1 9 6 8 7 2 
20180811409 10 1 9 3 8 6 2 7 4 5 
20180811410 5 4 6 7 9 8 2 10 1 3 
20180811411 9 8 7 6 3 10 2 1 4 5 
20180811412 8 3 7 10 4 9 2 6 5 1 
20180811413 8 2 7 9 5 6 4 3 1 10 
20180811414 2 9 7 6 5 3 4 8 10 1 
20180811415 8 10 5 4 9 1 3 2 6 7 
20180811416 3 2 10 4 8 6 7 9 5 1 
20180811417 4 3 6 9 1 5 8 10 7 2 
20180811418 8 5 3 2 9 7 4 6 1 10 
20180811419 7 3 5 4 9 2 1 6 8 10 
20180811420 2 8 4 6 1 3 7 5 9 10 
20180811421 4 7 1 10 8 3 5 2 6 9 
20180811422 8 10 3 7 4 6 5 2 9 1 
20180811423 5 8 3 9 6 7 2 10 4 1 
20180811424 1 8 4 9 5 3 2 10 6 7 
20180811425 1 3 9 8 4 7 5 2 6 10 
20180811426 7 6 3 1 5 8 2 4 10 9 
20180811427 7 9 8 4 5 6 10 3 2 1 
20180811428 9 5 3 2 7 4 6 1 8 10 
20180811429 10 1 7 4 2 3 8 9 6 5 
20180811430 8 10 9 4 2 1 7 5 6 3 
20180811431 6 2 9 10 7 1 4 5 8 3 
20180811432 2 3 8 9 5 4 1 6 10 7 
20180811433 2 3 7 5 9 4 1 6 10 8 
20180811434 8 10 9 6 2 1 5 3 7 4 
20180811435 10 2 8 4 6 9 7 1 3 5 
20180811436 7 3 8 4 5 1 2 9 6 10 
20180811437 7 5 10 9 4 6 2 3 1 8 
20180811438 3 5 2 1 10 9 7 4 8 6 
20180811439 3 4 5 1 10 9 7 6 8 2 
20180811440 7 10 3 2 5 4 6 8 9 1 
20180811441 8 1 5 9 2 4 6 10 7 3 
20180811442 8 2 5 9 6 4 1 7 10 3 
20180811443 8 5 1 7 9 2 3 6 10 4 
20180811444 1 7 6 8 4 5 3 9 10 2 
20180811445 3 7 9 5 6 1 2 8 4 10 
20180811446 8 3 10 6 4 9 5 1 2 7 
20180811447 8 5 10 4 2 7 9 3 6 1 
20180811448 6 10 3 7 2 4 1 9 5 8 
20180811449 1 10 2 6 5 9 3 7 4 8 
20180811450 6 2 7 8 5 3 4 9 1 10 
20180811451 2 8 10 4 7 3 6 9 1 5 
20180811452 8 10 4 5 6 7 3 1 2 9 
20180811453 8 5 10 4 3 9 2 6 1 7 
20180811454 8 6 5 3 1 10 2 9 4 7 
20180811455 8 7 6 1 3 2 4 5 9 10 
20180811456 4 9 6 7 2 1 8 3 10 5 
20180811457 4 10 5 7 9 8 6 3 2 1 
20180811458 6 8 9 4 7 10 5 2 1 3 
20180811459 6 2 10 4 9 3 1 8 5 7 
20180811460 8 5 7 4 9 6 2 10 3 1 
20180811461 10 5 7 9 4 1 6 3 2 8 
20180811462 6 10 8 2 4 9 7 5 3 1 
20180811463 5 9 10 8 4 3 7 6 1 2 
20180811464 1 3 8 9 4 7 10 2 5 6 
20180811465 5 9 2 7 1 4 6 10 3 8 
20180811466 9 3 4 10 5 6 2 8 7 1 
20180811467 10 8 6 2 7 4 1 9 5 3 
20180811468 3 8 2 9 7 10 6 5 4 1 
20180811469 3 5 10 2 9 7 6 8 4 1 
20180811470 1 6 10 3 2 4 5 7 9 8 
20180811471 10 6 2 7 3 9 1 8 5 4 
20180811472 3 10 2 6 7 4 1 9 5 8 
20180811473 6 9 5 4 10 3 7 8 2 1 
20180811474 9 3 7 1 10 8 2 6 5 4 
20180811475 1 2 9 7 8 4 6 3 10 5 
20180811476 6 8 7 4 5 10 9 1 2 3 
20180811477 2 7 5 9 1 3 4 10 8 6 
20180811478 7 9 6 2 8 1 5 10 4 3 
20180811479 4 5 1 2 7 3 6 9 8 10 
20180811480 5 1 4 9 10 8 3 7 2 6 
20180811481 10 5 2 8 3 6 1 4 7 9 
20180811482 4 3 2 6 8 10 1 9 7 5 
20180811483 2 8 1 6 10 5 9 4 7 3 
20180811484 10 5 3 6 2 1 4 8 7 9 
20180811485 5 7 10 3 2 9 6 8 4 1 
20180811486 2 6 10 1 9 7 4 3 5 8 
20180811487 5 4 9 10 1 7 3 6 2 8 
20180811488 10 8 4 2 5 6 7 3 1 9 
20180811489 5 6 4 1 3 7 10 8 9 2 
20180811490 7 10 3 5 1 8 9 6 4 2 
20180811491 5 9 7 6 8 2 4 1 3 10 
20180811492 7 9 2 3 6 1 8 4 5 10 
20180811493 2 8 5 4 9 7 3 1 6 10 
20180811494 2 6 7 4 8 3 10 1 5 9 
20180811495 8 3 4 2 10 9 1 5 7 6 
20180811496 2 8 6 7 1 4 10 3 5 9 
20180811497 10 7 9 2 1 3 6 5 8 4 
20180811498 1 9 5 2 4 7 3 6 10 8 
20180811499 8 9 5 4 10 1 7 2 6 3 
20180811500 10 2 4 6 3 5 1 7 9 8 
20180811501 7 5 6 10 3 9 2 4 8 1 
20180811502 7 4 10 9 5 2 1 8 6 3 
20180811503 3 2 1 6 4 5 7 10 9 8 
20180811504 2 1 4 7 10 5 3 9 6 8 
20180811505 6 9 7 8 3 2 4 5 10 1 
20180811506 3 8 4 6 10 9 5 2 7 1 
20180811507 5 2 9 3 6 1 10 8 4 7 
20180811508 3 4 8 5 10 1 7 6 2 9 
20180811509 7 1 10 8 2 5 3 4 6 9 
20180811510 5 7 1 10 9 6 8 2 4 3 
20180811511 3 5 2 9 6 1 8 4 7 10 
20180811512 1 7 10 4 8 3 2 6 9 5 
20180811513 3 9 7 4 1 2 5 6 8 10 
20180811514 8 4 2 5 3 9 10 1 6 7 
20180811515 9 10 5 8 7 6 4 1 2 3 
20180811516 8 10 9 3 2 7 5 1 4 6 
20180811517 7 3 5 4 10 9 6 8 1 2 
20180811518 4 10 7 6 8 1 9 5 3 2 
20180811519 1 4 7 6 5 2 9 3 8 10 
20180811520 3 5 8 4 7 2 10 9 6 1 
20180811521 5 1 9 8 6 3 10 4 2 7 
20180811522 2 3 9 1 6 5 8 4 10 7 
20180811523 2 8 1 5 4 6 7 3 10 9 
20180811524 3 4 7 6 1 2 9 8 10 5 
20180811525 8 3 10 4 5 2 1 9 7 6 
20180811526 6 9 5 1 4 8 10 3 7 2 
20180811527 3 10 4 9 7 2 1 5 8 6 
20180811528 8 5 6 4 1 3 7 10 9 2 
20180811529 7 10 4 8 1 2 3 9 6 5 
20180811530 2 9 4 1 5 10 8 6 7 3 
20180811531 10 7 6 4 9 2 5 3 8 1 
20180811532 9 3 6 10 4 7 5 1 8 2 
20180811533 8 4 2 7 3 10 1 5 6 9 
20180811534 3 1 10 9 7 6 4 2 5 8 
20180811535 10 2 1 3 4 5 9 8 6 7 
20180811536 3 4 6 5 9 7 1 10 2 8 
20180811537 10 7 8 2 9 4 5 6 3 1 
20180811538 8 9 5 1 2 6 10 3 7 4 
20180811539 6 5 1 2 9 3 7 10 4 8 
20180811540 2 5 8 10 4 9 1 6 3 7 
20180811541 10 7 8 4 1 9 3 5 2 6 
20180811542 7 1 8 4 3 2 5 6 10 9 
20180811543 9 1 6 8 7 2 3 5 4 10 
20180811544 7 8 2 6 1 5 10 4 9 3 
20180811545 1 10 5 7 6 2 8 4 9 3 
20180811546 1 7 10 3 4 5 6 2 8 9 
20180811547 7 6 10 9 1 5 2 3 4 8 
20180811548 7 4 2 1 3 9 10 5 6 8 
20180811549 1 4 7 8 2 3 10 6 5 9 
20180811550 5 7 10 6 9 3 1 2 8 4 
20180811551 1 3 7 9 10 8 4 6 2 5 
20180811552 10 6 4 3 1 7 2 9 5 8 
20180811553 10 5 7 6 1 4 3 8 2 9 
20180811554 4 3 6 9 1 7 5 8 10 2 
20180811555 6 10 7 1 8 2 9 3 4 5 
20180811556 9 10 6 1 3 7 5 4 8 2 
20180811557 9 8 5 7 1 2 4 6 3 10 
20180811558 7 3 9 4 5 6 1 2 10 8 
20180811559 8 7 9 3 6 10 1 5 4 2 
20180811560 9 10 4 5 1 8 2 3 6 7 
20180811561 1 9 4 7 5 6 10 8 2 3 
20180811562 2 7 6 10 8 5 3 9 1 4 
20180811563 9 4 10 2 6 1 5 8 7 3 
20180811564 1 9 3 7 6 4 8 5 2 10 
20180811565 2 4 5 8 1 9 3 10 6 7 
20180811566 5 9 6 7 10 8 3 4 2 1 
20180811567 2 7 3 8 1 9 5 6 4 10 
20180811568 9 2 7 3 8 10 1 4 5 6 
20180811569 4 2 7 5 9 10 3 8 6 1 
20180811570 10 7 9 2 8 6 3 4 1 5 
20180811571 5 2 3 6 1 10 9 4 7 8 
20180811572 9 7 1 4 5 6 10 8 3 2 
20180811573 4 6 7 10 5 1 2 3 8 9 
20180811574 3 7 9 10 6 1 8 2 4 5 
20180811575 5 10 3 2 1 4 8 6 7 9 
20180811576 4 9 10 5 2 8 6 1 3 7 
20180811577 5 10 7 6 8 9 4 3 2 1 
20180811578 7 10 3 9 6 4 8 2 1 5 
20180811579 5 2 10 9 6 8 3 4 1 7 
20180811580 9 2 1 3 5 10 8 6 4 7 
20180811581 5 4 3 7 2 10 8 6 9 1 
20180811582 2 6 9 1 8 7 10 3 4 5 
20180811583 6 8 5 3 9 10 4 2 1 7 
20180811584 3 4 6 10 8 1 7 5 2 9 
20180811585 5 9 4 2 7 3 10 1 8 6 
20180811586 5 2 8 1 3 9 7 4 6 10 
20180811587 8 2 9 7 1 10 5 4 6 3 
20180811588 8 10 7 4 1 2 5 3 6 9 
20180811589 6 8 2 1 3 9 4 7 5 10 
20180811590 6 5 8 7 4 3 10 1 2 9 
20180811591 10 6 7 3 2 8 9 1 4 5 
20180811592 7 6 9 5 1 10 2 4 3 8 
20180811593 9 2 7 6 5 1 10 8 3 4 
20180811594 10 7 8 3 5 4 1 2 6 9 
20180811595 10 8 9 5 4 7 3 6 2 1 
20180811596 4 1 3 6 5 9 7 2 8 10 
20180811597 4 2 9 3 8 10 1 5 7 6 
20180811598 10 4 8 5 3 1 2 6 9 7 
20180811599 2 7 3 1 9 6 5 4 8 10 
20180811600 9 10 2 6 7 1 3 8 5 4 
20180811601 2 6 5 4 3 7 10 1 9 8 
20180811602 6 2 4 3 10 8 1 7 5 9 
20180811603 7 10 2 9 5 8 3 1 4 6 
20180811604 2 4 9 7 10 3 1 6 5 8 
20180811605 3 4 7 6 5 9 2 10 1 8 
20180811606 2 9 7 10 8 1 4 6 5 3 
20180811607 6 2 8 10 3 4 5 7 9 1 
20180811608 4 8 7 2 9 3 10 1 6 5 
20180811609 6 9 8 3 4 2 7 5 10 1 
20180811610 1 10 4 3 5 7 9 6 8 2 
20180811611 6 7 5 2 3 4 1 10 8 9 
20180811612 5 2 1 7 3 8 6 10 4 9 
20180811613 6 2 9 1 3 7 4 8 10 5 
20180811614 3 8 7 1 4 5 2 6 10 9 
20180811615 1 2 10 6 8 3 9 4 7 5 
20180811616 2 4 10 3 7 6 1 9 5 8 
20180811617 1 2 7 9 5 8 4 3 6 10 
20180811618 8 6 2 9 5 7 10 1 3 4 
20180811619 6 10 7 9 2 4 3 5 8 1 
20180811620 7 2 9 6 10 4 8 5 1 3 
20180811621 7 3 9 6 10 8 2 5 1 4 
20180811622 6 3 7 9 10 1 8 2 4 5 
20180811623 7 1 2 9 8 5 10 6 4 3 
20180811624 1 3 8 6 2 10 7 4 5 9 
20180811625 3 6 4 8 2 5 7 1 9 10 
20180811626 9 5 8 7 3 10 2 6 4 1 
20180811627 4 9 2 10 7 8 1 6 5 3 
20180811628 5 10 7 2 4 3 8 1 6 9 
20180811629 4 6 1 10 2 7 5 8 9 3 
20180811630 10 8 6 7 5 3 1 9 2 4 
20180811631 9 4 7 8 1 10 6 5 2 3 
20180811632 5 6 7 2 1 3 8 10 4 9 
20180811633 4 5 9 10 6 3 1 8 2 7 
20180811634 10 2 1 7 8 6 4 5 9 3 
20180811635 10 8 6 2 3 4 1 7 9 5 
20180811636 8 3 6 1 2 5 9 4 10 7 
20180811637 8 4 2 9 7 6 10 5 1 3 
20180811638 4 8 9 1 5 6 7 10 2 3 
20180811639 9 3 7 1 2 8 5 6 4 10 
20180811640 4 7 2 5 3 9 8 10 6 1 
20180811641 7 4 2 5 3 8 10 9 6 1 
20180811642 2 3 6 8 4 1 9 7 10 5 
20180811643 4 1 8 2 5 6 3 10 7 9 
20180811644 5 8 4 3 9 10 2 7 1 6 
20180811645 7 2 9 5 10 4 3 6 8 1 
20180811646 7 1 5 8 10 3 2 4 6 9 
20180811647 5 2 6 4 1 3 7 8 10 9 
20180811648 2 10 3 1 9 7 5 8 4 6 
20180811649 5 8 9 2 1 3 10 7 4 6 
20180811650 1 6 2 4 8 3 5 7 10 9 
20180811651 6 1 7 3 2 8 10 4 9 5 
20180811652 8 9 4 10 1 2 6 5 7 3 
20180811653 7 6 9 4 8 1 10 3 5 2 
20180811654 1 6 10 5 8 9 4 7 2 3 
20180811655 3 10 2 7 6 5 1 8 9 4 
20180811656 5 7 3 4 6 9 8 10 2 1 
20180811657 5 7 3 2 4 1 9 6 10 8 
20180811658 2 4 1 5 9 8 3 7 6 10 
20180811659 9 5 3 7 6 8 1 10 4 2 
20180811660 9 5 2 6 7 1 3 4 8 10 
20180811661 6 1 4 10 7 3 2 5 9 8 
20180811662 9 8 5 10 1 7 3 4 2 6 
20180811663 4 3 7 9 10 2 6 1 5 8 
20180811664 3 2 6 5 8 10 7 1 9 4 
20180811665 8 5 2 1 7 3 6 9 10 4 
20180811666 10 9 7 8 4 3 5 6 1 2 
20180811667 1 8 6 7 5 2 9 10 4 3 
20180811668 1 6 4 10 2 7 8 5 3 9 
20180811669 1 5 6 10 4 2 8 9 3 7 
20180811670 4 6 8 3 1 10 5 9 7 2 
20180811671 5 1 6 8 7 9 3 4 2 10 
20180811672 7 4 10 9 8 1 2 3 5 6 
20180811673 6 3 8 10 5 9 7 4 1 2 
20180811674 1 5 3 6 10 7 9 8 2 4 
20180811675 7 3 9 8 1 4 2 10 6 5 
20180811676 6 3 8 1 9 7 5 2 4 10 
20180811677 9 10 4 7 3 2 6 5 1 8 
20180811678 9 8 4 6 10 7 2 3 1 5 
20180811679 4 5 8 10 1 6 3 2 7 9 
20180811680 4 2 7 8 6 5 10 3 1 9 
20180811681 5 10 7 4 8 6 9 1 2 3 
20180811682 7 8 1 3 5 6 9 2 10 4 
20180811683 4 8 7 5 6 9 3 10 1 2 
20180811684 10 4 6 2 7 8 5 3 9 1 
20180811685 4 5 6 8 3 9 10 7 1 2 
20180811686 2 8 6 5 10 7 1 4 9 3 
20180811687 9 8 1 5 4 2 6 7 10 3 
20180811688 2 6 8 9 3 5 1 4 10 7 
20180811689 9 6 10 5 8 4 2 7 3 1 
20180811690 6 2 4 1 10 5 7 3 8 9 
20180811691 6 8 3 5 7 4 10 9 2 1 
20180811692 8 7 1 6 4 3 2 9 10 5 
20180811693 1 4 9 5 8 3 6 10 2 7 
20180811694 6 8 7 9 3 4 2 1 10 5 
20180811695 6 9 5 3 10 7 4 2 8 1 
20180811696 5 4 1 9 2 10 8 6 3 7 
20180811697 2 1 7 5 3 6 9 8 4 10 
20180811698 8 1 7 4 9 6 2 5 3 10 
20180811699 4 10 5 9 3 8 2 7 1 6 
20180811700 7 5 6 3 10 1 9 2 4 8 
20180811701 7 3 8 10 9 6 4 2 5 1 
20180811702 1 8 6 10 2 3 4 5 9 7 
20180811703 1 3 4 9 8 6 10 5 7 2 
20180811704 9 8 5 2 1 3 6 7 4 10 
20180811705 1 10 3 2 6 4 9 7 8 5 
20180811706 1 5 6 9 10 2 4 8 3 7 
20180811707 8 6 9 7 4 1 10 5 3 2 
20180811708 4 8 1 9 3 2 7 10 5 6 
20180811709 4 1 10 6 3 9 5 2 7 8 
20180811710 3 7 10 1 8 6 5 2 9 4 
20180811711 10 5 7 6 2 1 8 9 4 3 
20180811712 10 6 7 2 4 1 9 3 5 8 
20180811713 7 5 10 3 8 4 9 1 6 2 
20180811714 7 1 9 5 4 3 6 2 10 8 
20180811715 5 7 3 6 10 8 2 9 1 4 
20180811716 8 6 4 10 1 9 5 7 2 3 
20180811717 3 6 4 5 8 7 2 1 9 10 
20180811718 1 6 5 7 3 8 2 10 4 9 
20180811719 3 9 4 2 6 10 8 5 7 1 
20180811720 10 3 7 2 4 9 1 6 5 8 
20180811721 4 6 8 2 10 9 7 5 1 3 
20180811722 2 10 9 4 3 1 8 7 6 5 
20180811723 8 2 9 5 3 7 4 10 6 1 
20180811724 4 5 6 8 10 2 9 7 1 3 
20180811725 3 8 5 7 1 10 4 2 6 9 
20180811726 1 10 8 2 4 3 9 6 7 5 
20180811727 1 4 7 2 9 8 3 10 6 5 
20180811728 10 7 8 9 5 3 4 2 6 1 
20180811729 3 8 2 10 5 7 6 1 4 9 
20180811730 10 5 1 9 8 3 4 2 6 7 
20180811731 10 9 6 2 3 5 1 8 4 7 
20180811732 4 9 2 6 3 7 8 5 1 10 
20180811733 9 2 6 1 8 7 4 3 10 5 
20180811734 6 7 8 5 10 3 1 4 9 2 
20180811735 7 5 2 1 6 9 3 4 10 8 
20180811736 2 10 4 7 9 3 8 6 5 1 
20180811737 5 3 7 10 4 6 2 8 9 1 
20180811738 7 10 1 2 3 4 6 5 9 8 
20180811739 7 9 3 2 8 6 5 10 4 1 
20180811740 7 1 9 10 5 4 3 6 2 8 
20180811741 1 7 6 8 5 3 9 2 10 4 
20180811742 8 4 9 7 3 10 6 1 2 5 
20180811743 2 4 3 10 5 6 8 1 9 7 
20180811744 9 1 5 7 8 2 3 10 6 4 
20180811745 7 9 3 1 5 2 10 4 6 8 
20180811746 3 9 1 6 7 5 10 4 8 2 
20180811747 10 9 3 1 5 8 6 2 4 7 
20180811748 6 2 3 5 8 7 4 1 9 10 
20180811749 7 1 5 10 8 9 6 3 4 2 
20180811750 8 9 3 7 10 5 1 4 2 6 
20180811751 7 4 2 10 8 9 5 3 1 6 
20180811752 10 8 7 1 9 2 5 4 3 6 
20180811753 10 9 1 7 6 4 3 2 8 5 
20180811754 2 7 6 3 9 8 5 1 4 10 
20180811755 1 9 8 4 7 3 10 6 2 5 
20180811756 2 9 1 4 5 8 6 3 10 7 
20180811757 3 6 2 8 10 4 5 9 1 7 
20180811758 5 7 8 10 9 6 2 4 3 1 
20180811759 1 3 9 6 7 2 8 4 5 10 
20180811760 1 2 5 6 10 9 7 3 4 8 
20180811761 8 1 2 6 10 3 4 5 7 9 
20180811762 4 10 1 3 2 9 5 6 8 7 
20180811763 5 7 2 6 1 8 9 4 3 10 
20180811764 2 1 9 10 6 7 4 3 8 5 
20180811765 8 5 1 7 4 2 9 10 6 3 
20180811766 7 6 8 10 5 1 9 2 3 4 
20180811767 2 10 1 5 8 4 6 7 9 3 
20180811768 2 9 6 8 3 4 5 10 1 7 
20180811769 4 6 1 10 7 2 5 8 9 3 
20180811770 1 2 3 10 9 7 4 6 8 5 
20180811771 2 10 5 4 3 6 7 8 1 9 
20180811772 7 5 6 3 10 1 4 8 9 2 
20180811773 5 1 3 6 7 9 2 10 8 4 
20180811774 9 5 3 2 1 6 4 10 8 7 
20180811775 7 6 5 3 2 4 1 9 10 8 
20180811776 6 2 1 5 10 8 7 9 4 3 
20180811782 3 7 8 1 9 5 4 6 2 10 
20180811783 1 5 7 9 3 6 10 4 2 8 
20180811784 2 5 7 9 1 10 3 8 4 6 
20180811785 6 1 3 2 4 7 5 9 10 8 
20180811786 6 7 3 5 9 1 10 2 8 4 
20180811787 2 8 4 7 10 3 6 1 9 5 
20180811788 7 9 2 4 3 8 1 6 10 5 
20180811789 10 3 2 5 9 7 4 6 1 8 
20180811790 10 6 3 5 4 2 8 1 7 9 
20180811791 7 3 9 6 10 1 4 5 2 8 
20180811792 10 9 4 3 1 8 2 7 5 6 
20180811793 7 1 6 9 5 3 2 8 10 4 
20180811794 3 2 8 9 10 6 4 5 7 1 
20180811795 6 1 10 3 4 8 9 2 7 5 
20180811796 10 5 6 4 7 8 2 9 3 1 
20180811797 7 4 10 8 1 2 9 5 3 6 
20180811798 10 4 1 8 6 5 2 9 3 7 
20180811799 4 10 1 2 5 3 8 9 7 6 
20180811800 6 10 9 4 5 1 3 7 8 2 
20180811801 10 9 8 1 4 3 5 2 7 6 
20180811802 9 3 8 10 5 6 7 1 2 4 
20180811803 3 6 7 1 2 4 9 8 10 5 
20180811804 3 10 2 9 5 8 1 4 7 6 
20180811805 8 1 3 2 6 4 7 10 5 9 
20180811806 10 4 5 7 2 9 6 1 3 8 
20180811807 7 4 9 5 6 10 3 2 1 8 
20180811808 10 9 5 2 4 7 3 8 6 1 
20180811809 1 8 5 4 6 7 3 9 2 10 
20180811810 2 4 8 1 10 7 9 3 5 6 
20180811811 9 6 8 10 3 7 4 1 2 5 
20180811812 2 3 1 6 4 8 9 5 7 10 
20180811813 6 7 5 3 8 1 2 10 9 4 
20180811814 2 5 7 4 3 6 9 8 10 1 
20180811815 3 5 4 7 6 2 8 9 10 1 
20180811816 8 6 9 2 7 10 1 5 4 3 
20180811817 10 3 6 9 2 4 8 5 7 1 
20180811818 8 5 1 4 7 2 9 3 10 6 
20180811819 2 9 7 6 5 1 4 10 8 3 
20180811820 2 4 9 6 8 3 1 10 5 7 
20180811821 9 10 3 8 4 1 7 2 6 5 
20180811822 4 9 7 2 1 8 5 6 3 10 
20180811823 4 10 2 8 7 3 5 6 9 1 
20180811824 4 3 2 1 10 6 5 9 7 8 
20180811825 7 2 1 3 9 8 5 10 6 4 
20180811826 9 1 2 6 3 7 5 10 8 4 
20180811827 2 7 6 5 9 1 8 10 4 3 
20180811828 2 1 4 5 3 6 7 10 9 8 
20180811829 5 3 8 6 10 7 2 4 1 9 
20180811830 1 4 10 5 2 7 8 6 9 3 
20180811831 1 10 8 4 6 3 2 7 9 5 
20180811832 1 6 4 8 3 7 9 10 5 2 
20180811833 7 10 1 8 4 3 5 6 2 9 
20180811834 8 10 6 4 5 1 3 7 9 2 
20180811835 5 10 2 3 7 8 9 6 4 1 
20180811836 10 7 6 2 3 8 4 9 1 5 
20180811837 7 2 3 1 9 4 5 8 10 6 
20180811838 1 4 8 2 9 5 7 3 10 6 
20180811839 1 2 6 4 8 3 9 5 10 7 
20180811840 2 7 8 1 4 3 10 5 9 6 
20180811841 6 5 8 1 3 2 4 7 10 9 
20180811842 3 10 4 1 2 9 8 7 6 5 
20180811843 6 5 3 9 8 10 7 2 1 4 
20180811844 5 3 4 8 1 6 7 9 2 10 
20180811845 10 2 3 6 9 7 1 8 5 4 
20180811846 9 8 4 5 3 10 6 7 1 2 
20180811847 9 3 10 6 1 7 8 2 4 5 
20180811848 2 7 5 4 1 8 6 10 9 3 
20180811849 8 7 9 10 2 3 1 6 4 5 
20180811850 5 2 3 1 7 8 4 6 9 10 
20180811851 5 2 9 8 6 10 4 1 7 3 
20180811852 10 1 8 7 5 9 2 3 4 6 
20180811853 6 1 5 3 4 8 7 9 2 10 
20180811854 2 5 7 4 9 8 6 1 10 3 
20180811855 1 4 7 6 2 10 9 3 8 5 
20180811856 5 4 7 3 9 2 8 6 1 10 
20180811857 10 2 8 4 6 3 7 1 9 5 
20180811858 6 4 8 1 5 10 9 7 3 2 
20180811859 2 3 1 4 8 5 10 6 9 7 
20180811860 1 10 7 4 5 6 2 9 3 8 
20180811861 6 9 10 7 4 1 3 8 2 5 
20180811862 8 7 9 6 5 1 3 10 2 4 
20180811863 5 10 2 9 7 8 1 4 6 3 
20180811864 5 6 4 8 10 3 2 9 1 7 
20180811865 9 5 7 10 1 4 2 3 8 6 
20180811866 1 4 9 6 3 7 5 8 2 10 
20180811867 9 8 7 1 2 3 6 5 10 4 
20180811868 9 7 4 8 10 3 2 1 6 5 
20180811869 5 2 10 9 3 6 7 1 4 8 
20180811870 7 4 2 3 6 1 9 8 5 10 
20180811871 8 3 6 2 10 5 7 9 1 4 
20180811872 3 8 7 9 10 4 2 1 6 5 
20180811873 8 5 10 3 9 2 6 7 4 1 
20180811874 3 5 6 2 7 4 10 1 9 8 
20180811875 7 8 3 2 9 10 5 6 1 4 
20180811876 8 5 9 3 2 1 7 6 10 4 
20180811877 10 2 1 4 7 8 3 5 6 9 
20180811878 3 8 10 2 6 1 5 4 9 7 
20180811879 2 7 5 3 4 9 1 10 6 8 
20180811880 2 5 3 1 8 7 6 10 9 4 
20180811881 6 9 2 8 7 3 4 1 5 10 
20180811882 10 8 6 2 9 7 3 1 4 5 
20180811883 6 10 2 5 4 8 9 3 1 7 
20180811884 2 7 6 3 5 4 9 10 8 1 
20180811885 2 5 8 6 4 9 3 7 10 1 
20180811886 3 10 7 5 6 8 1 4 9 2 
20180811887 6 1 10 9 3 4 5 8 7 2 
20180811888 1 7 2 8 3 6 5 10 4 9 
20180811889 7 6 10 8 9 2 5 1 4 3 
20180811890 7 8 1 2 3 10 5 6 9 4 
20180811891 8 2 5 4 7 6 1 9 10 3 
20180811892 2 5 6 9 1 3 7 8 4 10 
20180811893 6 10 4 1 9 5 2 3 7 8 
20180811894 7 4 10 3 8 9 5 6 2 1 
20180811895 2 7 10 1 4 6 9 3 5 8 
20180811896 3 8 6 5 1 4 9 10 7 2 
20180811897 8 7 4 10 9 1 2 6 5 3 
20180811898 7 1 4 2 8 10 5 3 6 9 
20180811899 6 8 10 4 5 3 7 1 2 9 
20180811900 2 7 4 8 5 9 10 1 3 6 
20180811901 7 8 6 9 10 2 5 4 1 3 
20180811902 6 5 7 4 10 9 1 2 3 8 
20180811903 4 7 10 5 1 8 2 9 3 6 
20180811904 4 5 1 7 6 9 2 10 3 8 
20180811905 3 7 6 5 10 2 4 1 9 8 
20180811906 6 2 7 1 9 10 3 8 5 4 
20180811907 8 5 4 6 10 1 2 9 7 3 
20180811908 6 3 10 4 9 5 2 7 1 8 
20180811909 5 2 10 7 4 8 6 9 1 3 
20180811910 9 2 6 10 5 4 7 8 1 3 
20180811911 3 9 6 7 1 4 5 8 2 10 
20180811912 7 6 5 2 4 3 10 9 1 8 
20180811913 4 5 7 8 6 1 2 9 3 10 
20180811914 8 10 3 2 9 4 6 7 1 5 
20180811915 5 10 7 6 9 1 2 3 8 4 
20180811916 7 2 3 1 9 10 6 8 4 5 
20180811917 9 6 1 2 10 3 8 7 4 5 
20180811918 2 7 6 10 5 1 9 4 3 8 
20180811919 5 4 3 6 7 10 1 8 9 2 
20180811920 4 7 8 1 2 9 5 10 3 6 
20180811921 6 4 7 1 3 5 2 10 8 9 
20180811922 7 4 8 9 3 10 5 6 2 1 
20180811923 2 4 7 3 9 5 8 6 10 1 
20180811924 7 8 2 6 4 5 1 9 10 3 
20180811925 7 5 6 10 1 4 8 3 9 2 
20180811926 1 5 2 8 4 3 7 9 6 10 
20180811927 9 5 3 6 10 4 1 7 2 8 
20180811928 7 1 9 8 6 2 5 10 4 3 
20180811929 8 2 6 3 5 1 4 9 7 10 
20180811930 9 2 7 1 5 8 3 6 4 10 
20180811931 2 5 7 9 10 6 4 3 1 8 
20180811932 8 7 9 3 1 4 10 5 6 2 
20180811933 5 7 8 2 1 6 4 10 3 9 
20180811934 9 10 4 8 6 5 1 7 2 3 
20180811935 10 6 1 5 9 8 4 2 7 3 
20180811936 2 3 5 10 8 9 6 7 4 1 
20180811937 9 1 6 5 8 7 3 2 4 10 
20180811938 4 6 3 8 5 2 7 9 1 10 
20180811939 5 6 8 10 1 7 2 9 4 3 
20180811940 1 2 10 9 3 5 6 4 8 7 
20180811941 9 10 5 8 2 7 4 6 1 3 
20180811942 7 3 1 2 10 4 5 9 8 6 
20180811943 4 3 5 7 2 10 6 9 8 1 
20180811944 7 10 1 5 9 2 8 6 3 4 
20180811945 4 9 8 5 7 10 1 2 6 3 
20180811946 6 7 1 10 9 5 3 8 2 4 
20180811947 1 6 10 2 5 7 8 4 3 9 
20180811948 2 4 7 10 8 1 9 6 3 5 
20180811949 3 2 9 8 10 7 4 1 5 6 
20180811950 4 3 9 2 8 5 6 1 7 10 
20180811951 2 10 8 7 9 6 3 4 1 5 
20180811952 5 3 8 7 9 4 10 2 1 6 
20180811953 9 6 5 7 10 2 4 3 8 1 
20180811954 2 1 7 10 9 6 4 8 5 3 
20180811955 7 9 2 5 10 8 3 6 1 4 
20180811956 10 1 8 3 2 9 6 5 7 4 
20180811957 1 4 9 5 7 2 8 6 3 10 
20180811958 8 7 5 2 3 1 4 6 9 10 
20180811959 3 4 5 1 10 9 2 8 6 7 
20180811960 5 1 4 6 3 9 7 10 8 2 
20180811961 5 2 3 8 6 1 9 4 10 7 
20180811962 7 4 9 10 8 2 1 3 5 6 
20180811963 5 10 1 6 3 2 7 8 4 9 
20180811964 1 10 6 2 8 3 9 5 7 4 
20180811965 8 6 7 3 2 9 1 10 5 4 
20180811966 4 10 2 3 9 5 7 6 8 1 
20180811967 7 3 2 1 10 5 6 4 8 9 
20180811968 6 7 10 1 5 8 3 9 4 2 
20180811969 2 4 6 7 3 8 5 10 1 9 
20180811970 4 8 5 10 6 3 9 1 7 2 
20180811971 2 6 4 7 5 9 3 10 1 8 
20180811972 1 8 10 6 4 7 3 9 2 5 
20180811973 8 6 10 9 1 5 7 4 2 3 
20180811974 3 1 5 6 2 8 10 9 7 4 
20180811975 3 4 10 7 1 8 5 2 9 6 
20180811976 5 8 6 7 2 10 1 3 9 4 
20180811977 2 5 4 10 9 1 7 3 8 6 
20180811978 6 1 3 8 2 5 7 10 9 4 
20180811979 2 5 6 10 7 9 8 1 3 4 
20180811980 10 3 9 1 2 8 6 5 4 7 
20180811981 7 6 3 1 2 8 5 9 4 10 
20180811982 10 8 1 6 7 4 5 9 3 2 
20180811983 6 5 2 7 9 3 8 10 1 4 
20180811984 3 8 6 9 7 5 1 2 4 10 
20180811985 9 6 8 2 5 3 10 4 7 1 
