20180813001 7 5 9 6 1 8 3 2 10 4 
20180813002 9 1 4 7 10 6 2 8 3 5 
20180813003 9 6 4 2 7 3 10 1 5 8 
20180813004 8 2 4 7 5 3 10 1 9 6 
20180813005 2 1 3 9 6 8 4 10 5 7 
20180813006 6 3 8 4 10 9 5 1 7 2 
20180813007 3 4 5 7 1 9 8 10 2 6 
20180813008 8 2 7 5 1 9 4 3 6 10 
20180813009 10 7 8 4 3 5 9 6 2 1 
20180813010 7 1 2 9 3 10 6 5 4 8 
20180813011 4 8 6 1 7 9 10 5 3 2 
20180813012 8 3 7 9 10 2 6 4 5 1 
20180813013 1 2 4 6 5 7 8 9 3 10 
20180813014 10 5 7 4 2 1 8 3 9 6 
20180813015 3 5 8 6 10 7 4 2 9 1 
20180813016 8 7 9 10 3 1 6 5 4 2 
20180813017 7 9 8 3 1 5 6 2 10 4 
20180813018 6 7 1 5 8 3 2 4 10 9 
20180813019 2 4 7 1 9 3 10 5 6 8 
20180813020 4 1 10 9 6 7 2 3 5 8 
20180813021 7 3 2 1 8 5 6 4 9 10 
20180813022 7 10 9 6 5 1 3 4 8 2 
20180813023 3 10 1 2 5 6 4 8 7 9 
20180813024 2 8 9 3 7 1 5 6 4 10 
20180813025 9 10 8 1 7 2 6 5 4 3 
20180813026 9 8 10 4 2 7 6 1 5 3 
20180813027 7 2 10 3 9 1 5 4 8 6 
20180813028 8 7 2 4 1 5 10 9 6 3 
20180813029 9 2 10 4 5 6 8 1 7 3 
20180813030 10 9 2 7 3 8 5 1 4 6 
20180813031 5 2 6 7 10 1 3 8 4 9 
20180813032 7 1 5 10 6 2 3 9 8 4 
20180813033 4 5 10 2 3 9 1 7 6 8 
20180813034 4 3 6 7 9 2 1 10 8 5 
20180813035 1 10 2 5 7 6 3 9 4 8 
20180813036 1 7 5 2 6 3 9 4 10 8 
20180813037 5 7 10 3 9 4 1 8 6 2 
20180813038 2 5 1 4 8 9 7 10 3 6 
20180813039 4 6 8 10 2 5 9 3 1 7 
20180813040 6 8 2 4 5 10 7 9 1 3 
20180813041 4 7 8 9 5 1 6 3 2 10 
20180813042 2 7 8 9 5 4 10 6 1 3 
20180813043 4 1 6 2 3 7 9 5 8 10 
20180813044 9 4 10 7 6 1 5 8 2 3 
20180813045 6 1 7 10 3 5 8 4 2 9 
20180813046 10 2 8 3 7 9 6 4 1 5 
20180813047 6 4 7 5 2 9 8 10 1 3 
20180813048 7 5 1 3 6 4 8 9 10 2 
20180813049 10 2 4 3 1 8 9 6 5 7 
20180813050 9 3 4 10 2 5 8 6 7 1 
20180813051 2 3 8 9 7 5 10 1 4 6 
20180813052 10 4 2 6 5 3 8 7 1 9 
20180813053 9 10 8 4 3 7 1 2 6 5 
20180813054 4 7 5 10 9 3 8 1 2 6 
20180813055 3 10 1 9 2 5 8 6 7 4 
20180813056 3 5 2 8 9 4 6 7 10 1 
20180813057 10 1 7 2 3 5 8 6 4 9 
20180813058 8 1 4 10 2 7 6 9 3 5 
20180813059 7 8 5 9 2 10 3 1 4 6 
20180813060 8 1 3 4 2 7 5 10 9 6 
20180813061 10 7 6 8 3 9 5 4 2 1 
20180813062 6 7 5 1 10 2 9 4 8 3 
20180813063 3 5 8 2 6 4 7 9 10 1 
20180813064 9 5 1 6 2 10 7 3 8 4 
20180813065 4 5 6 1 2 9 10 3 8 7 
20180813066 10 3 6 8 1 9 2 4 5 7 
20180813067 1 10 8 9 7 2 6 5 4 3 
20180813068 1 8 4 2 7 6 9 10 3 5 
20180813069 5 4 3 2 8 7 1 6 9 10 
20180813070 9 5 3 7 8 10 1 6 2 4 
20180813071 5 8 1 6 10 2 7 9 4 3 
20180813072 9 8 1 10 3 5 6 7 2 4 
20180813073 6 10 5 8 1 3 9 7 2 4 
20180813074 9 7 1 8 6 4 3 10 5 2 
20180813075 9 5 6 10 1 3 7 8 4 2 
20180813076 2 3 10 1 9 8 6 4 5 7 
20180813077 3 4 7 8 6 1 2 5 10 9 
20180813078 6 3 5 2 1 4 10 9 8 7 
20180813079 10 3 6 1 4 8 7 2 5 9 
20180813080 9 7 3 4 2 1 6 5 8 10 
20180813081 9 8 7 1 3 4 6 5 2 10 
20180813082 8 10 4 2 3 6 1 5 9 7 
20180813083 10 5 4 1 2 3 7 6 9 8 
20180813084 3 2 9 5 4 10 1 6 8 7 
20180813085 5 6 2 1 8 7 4 9 3 10 
20180813086 10 2 7 3 1 8 9 5 4 6 
20180813087 9 2 4 3 8 1 7 5 6 10 
20180813088 3 1 5 8 9 10 2 4 7 6 
20180813089 5 6 8 3 2 7 10 4 1 9 
20180813090 6 10 4 3 2 5 1 7 9 8 
20180813091 9 4 1 10 7 2 5 8 3 6 
20180813092 6 5 7 1 9 4 3 2 8 10 
20180813093 9 5 2 10 1 3 4 8 7 6 
20180813094 7 10 8 1 4 9 2 6 3 5 
20180813095 10 2 4 7 1 3 5 6 9 8 
20180813096 7 8 5 10 4 9 1 2 3 6 
20180813097 3 9 5 4 7 6 8 1 2 10 
20180813098 8 7 5 9 6 1 4 3 10 2 
20180813099 1 9 8 5 7 4 6 2 10 3 
20180813100 6 10 3 1 4 9 7 2 5 8 
20180813101 7 8 4 6 1 9 5 3 2 10 
20180813102 8 10 6 4 7 3 1 5 9 2 
20180813103 4 8 6 7 3 1 9 5 10 2 
20180813104 7 8 6 10 4 3 5 2 9 1 
20180813105 3 4 6 8 9 5 7 10 1 2 
20180813106 6 7 5 3 4 8 2 1 10 9 
20180813107 7 5 6 9 4 3 8 10 1 2 
20180813108 9 3 2 4 7 8 1 5 10 6 
20180813109 1 3 4 6 2 7 8 9 5 10 
20180813110 6 2 9 4 5 10 8 3 7 1 
20180813111 2 10 8 3 7 5 9 6 4 1 
20180813112 7 2 6 1 5 9 3 10 8 4 
20180813113 10 8 5 1 2 7 9 4 3 6 
20180813114 2 3 7 5 6 1 9 10 4 8 
20180813115 4 10 9 5 2 6 8 3 1 7 
20180813116 10 5 9 4 3 8 7 1 2 6 
20180813117 9 5 1 3 2 10 7 6 4 8 
20180813118 10 1 2 4 8 3 7 5 6 9 
20180813119 2 8 7 9 5 1 4 6 10 3 
20180813120 9 10 8 7 2 6 1 5 4 3 
20180813121 8 2 10 4 6 9 3 5 1 7 
20180813122 7 9 6 10 4 2 1 3 8 5 
20180813123 5 1 9 7 6 2 3 4 8 10 
20180813124 3 9 4 2 6 1 7 10 8 5 
20180813125 8 7 5 10 6 3 2 1 4 9 
20180813126 3 6 4 7 5 10 1 8 2 9 
20180813127 5 6 1 4 7 2 10 3 8 9 
20180813128 6 9 3 1 5 7 10 8 2 4 
20180813129 8 7 10 3 5 4 6 2 1 9 
20180813130 6 9 8 2 1 4 3 5 10 7 
20180813131 7 1 5 6 2 9 8 4 10 3 
20180813132 3 2 5 6 9 1 8 7 4 10 
20180813133 2 3 10 1 4 8 7 6 9 5 
20180813134 8 4 2 7 1 3 9 6 10 5 
20180813135 8 5 9 10 3 1 7 6 2 4 
20180813136 10 1 4 7 9 6 5 3 2 8 
20180813137 4 3 6 7 1 8 9 5 2 10 
20180813138 3 10 4 5 7 6 9 8 1 2 
20180813139 3 1 4 9 5 7 8 6 10 2 
20180813140 1 8 4 10 2 6 5 7 9 3 
20180813141 7 8 5 9 3 2 1 4 6 10 
20180813142 10 3 6 2 5 4 7 9 8 1 
20180813143 5 10 9 4 7 6 2 3 1 8 
20180813144 10 9 4 8 6 7 3 5 1 2 
20180813145 2 7 5 6 1 9 4 8 10 3 
20180813146 1 2 8 6 3 7 9 4 5 10 
20180813147 1 3 9 6 4 7 5 8 2 10 
20180813148 10 8 6 3 4 2 7 9 5 1 
20180813149 2 10 7 6 9 8 3 1 4 5 
20180813150 2 3 4 10 5 1 6 7 8 9 
20180813151 9 3 2 6 5 1 7 4 10 8 
20180813152 7 3 5 4 2 1 8 10 6 9 
20180813153 9 10 5 2 1 8 7 3 6 4 
20180813154 9 2 6 1 3 5 10 4 7 8 
20180813155 7 6 8 2 4 9 5 1 3 10 
20180813156 10 4 7 6 5 9 8 2 3 1 
20180813157 8 4 6 3 2 1 10 9 5 7 
20180813158 2 7 8 6 1 10 9 3 4 5 
20180813159 9 10 5 7 4 6 1 2 3 8 
20180813160 9 10 1 8 6 7 4 2 5 3 
20180813161 2 6 8 7 1 9 10 3 5 4 
20180813162 7 3 8 2 9 4 6 5 1 10 
20180813163 9 7 10 2 5 1 3 6 4 8 
20180813164 4 2 1 5 9 3 8 7 10 6 
20180813165 6 3 4 2 7 5 10 8 1 9 
20180813166 10 5 4 3 2 7 9 1 6 8 
20180813167 1 3 10 9 6 8 5 2 7 4 
20180813168 2 4 8 9 3 10 6 1 5 7 
20180813169 9 1 4 8 5 7 10 6 3 2 
20180813170 2 8 5 10 7 9 4 3 1 6 
20180813171 1 3 5 8 7 4 6 9 2 10 
20180813172 1 9 7 2 5 8 6 3 10 4 
20180813173 2 4 9 1 6 7 5 3 10 8 
20180813174 4 1 10 6 9 8 7 3 2 5 
20180813175 10 1 9 7 4 8 5 2 3 6 
20180813176 2 9 4 7 10 6 8 1 5 3 
20180813177 9 2 5 8 6 4 3 10 7 1 
20180813178 8 3 1 7 9 10 4 5 6 2 
20180813179 5 2 6 4 10 9 3 1 8 7 
20180813180 1 6 5 7 8 4 3 9 10 2 
20180813181 10 3 5 2 4 8 7 9 6 1 
20180813182 6 4 7 8 9 5 3 10 2 1 
20180813183 9 7 2 10 4 5 8 1 3 6 
20180813184 3 10 4 1 6 7 9 8 5 2 
20180813185 10 9 4 1 2 3 7 8 6 5 
20180813186 10 4 7 3 2 5 1 8 6 9 
20180813187 10 9 7 5 4 1 2 6 3 8 
20180813188 7 2 9 6 4 3 5 8 1 10 
20180813189 10 4 1 3 7 5 6 2 8 9 
20180813190 3 5 9 8 7 1 2 4 6 10 
20180813191 8 4 6 10 2 1 3 7 9 5 
20180813192 1 5 2 9 8 7 3 6 10 4 
20180813193 9 7 3 5 10 2 1 6 8 4 
20180813194 9 5 2 4 3 10 1 8 6 7 
20180813195 1 10 4 2 7 9 5 8 3 6 
20180813196 4 2 6 7 5 3 10 9 1 8 
20180813197 8 7 5 9 3 6 10 1 2 4 
20180813198 10 8 2 3 9 4 6 7 5 1 
20180813199 5 2 3 6 9 8 7 4 10 1 
20180813200 3 7 6 9 5 10 4 2 1 8 
20180813201 10 4 8 3 2 5 9 6 7 1 
20180813202 7 3 9 1 8 4 2 5 6 10 
20180813203 3 10 4 2 7 1 9 8 5 6 
20180813204 2 3 5 9 10 8 7 6 1 4 
20180813205 5 1 6 9 7 10 2 3 8 4 
20180813206 7 6 5 8 10 4 3 2 9 1 
20180813207 8 2 5 6 4 7 10 3 9 1 
20180813208 9 5 7 3 4 10 1 6 8 2 
20180813209 3 1 2 8 4 9 7 10 6 5 
20180813210 9 2 10 8 3 1 6 5 7 4 
20180813211 2 8 4 5 6 10 9 1 3 7 
20180813212 2 10 9 3 6 8 7 5 4 1 
20180813213 2 10 7 4 9 8 3 5 6 1 
20180813214 4 9 7 8 10 1 6 5 3 2 
20180813215 3 9 2 4 6 5 10 8 7 1 
20180813216 1 9 7 2 3 6 8 5 4 10 
20180813217 5 9 10 4 8 6 3 7 1 2 
20180813218 5 1 3 9 7 4 6 2 8 10 
20180813219 8 2 5 3 6 9 4 7 1 10 
20180813220 2 10 3 5 9 7 6 8 1 4 
20180813221 5 7 1 4 6 2 8 3 10 9 
20180813222 1 8 4 5 9 3 2 10 7 6 
20180813223 4 1 3 2 9 5 6 8 7 10 
20180813224 1 7 3 5 8 4 10 2 9 6 
20180813225 7 8 2 3 5 1 10 6 9 4 
20180813226 8 4 6 5 1 2 10 7 9 3 
20180813227 9 6 4 3 8 5 7 2 1 10 
20180813228 7 6 1 4 9 2 10 3 8 5 
20180813229 1 4 7 6 3 9 8 2 10 5 
20180813230 1 7 8 3 2 5 10 4 9 6 
20180813231 5 8 3 6 1 2 7 10 4 9 
20180813232 8 5 4 2 6 9 10 3 1 7 
20180813233 5 2 8 7 6 10 1 4 3 9 
20180813234 5 7 3 1 8 10 9 2 6 4 
20180813235 8 9 6 4 5 3 10 1 7 2 
20180813236 2 7 9 6 10 5 4 8 1 3 
20180813237 7 5 9 3 8 1 6 4 2 10 
20180813238 7 9 1 10 5 3 4 8 6 2 
20180813239 8 3 5 6 7 2 4 10 1 9 
20180813240 1 4 10 2 8 9 6 3 7 5 
20180813241 6 5 4 8 7 2 10 3 9 1 
20180813242 6 10 7 1 2 5 8 9 4 3 
20180813243 3 10 6 4 1 9 8 5 2 7 
20180813244 3 4 7 9 1 2 6 5 8 10 
20180813245 4 2 3 6 1 5 7 10 9 8 
20180813246 3 2 8 1 7 4 10 5 9 6 
20180813247 7 2 9 5 1 10 8 4 3 6 
20180813248 2 7 3 10 5 1 9 4 8 6 
20180813249 10 1 5 9 3 8 6 4 7 2 
20180813250 5 7 8 2 6 1 4 3 9 10 
20180813251 5 10 4 8 6 3 7 1 9 2 
20180813252 5 7 3 10 9 4 1 6 8 2 
20180813253 1 10 4 2 9 3 8 7 5 6 
20180813254 3 10 6 1 8 5 9 4 2 7 
20180813255 9 6 3 2 8 5 4 7 10 1 
20180813256 7 10 9 6 1 8 3 4 2 5 
20180813257 7 6 3 8 2 1 10 5 4 9 
20180813258 4 6 2 1 8 3 7 5 9 10 
20180813259 3 6 7 5 10 4 1 8 9 2 
20180813260 10 1 7 4 5 8 2 3 6 9 
20180813261 3 2 4 6 7 9 5 1 8 10 
20180813262 10 7 2 9 3 8 1 6 5 4 
20180813263 6 2 10 1 9 4 7 8 5 3 
20180813264 9 7 10 5 2 4 1 8 6 3 
20180813265 2 10 8 3 5 1 4 9 6 7 
20180813266 4 6 9 1 5 8 2 3 7 10 
20180813267 9 5 8 3 7 4 10 6 1 2 
20180813268 8 1 7 2 9 6 4 3 5 10 
20180813269 10 8 9 7 1 6 2 4 5 3 
20180813270 5 8 9 3 1 10 6 4 2 7 
20180813271 4 8 9 6 2 5 1 3 7 10 
20180813272 5 10 8 2 7 4 9 6 1 3 
20180813273 5 3 2 1 10 9 7 4 8 6 
20180813274 9 3 7 2 10 6 5 1 8 4 
20180813275 4 3 2 8 7 10 1 5 6 9 
20180813276 8 3 6 9 10 4 5 7 1 2 
20180813277 4 3 8 9 7 10 6 1 5 2 
20180813278 7 2 4 1 6 5 9 3 10 8 
20180813279 3 7 2 8 1 10 5 6 4 9 
20180813280 8 6 2 3 10 4 5 1 7 9 
20180813281 8 5 1 2 10 9 7 4 6 3 
20180813282 7 2 3 6 9 5 10 4 8 1 
20180813283 8 1 2 5 3 10 6 4 9 7 
20180813284 7 2 8 1 4 3 6 10 5 9 
20180813285 8 3 2 7 9 6 4 1 10 5 
20180813286 9 10 4 5 1 6 7 3 2 8 
20180813287 4 8 6 2 5 1 3 9 10 7 
20180813288 4 1 6 5 9 2 3 10 8 7 
20180813289 10 7 8 9 4 6 3 1 2 5 
20180813290 9 5 10 7 2 4 6 3 8 1 
20180813291 2 10 1 4 5 3 7 6 9 8 
20180813292 10 5 3 7 6 9 8 1 4 2 
20180813293 1 3 5 7 4 9 8 2 10 6 
20180813294 2 10 3 8 6 1 7 5 4 9 
20180813295 2 1 10 8 7 5 4 3 9 6 
20180813296 2 6 1 7 8 5 4 3 10 9 
20180813297 2 8 5 3 7 6 10 9 1 4 
20180813298 10 7 3 4 6 8 2 5 9 1 
20180813299 9 1 2 8 6 3 10 7 4 5 
20180813300 6 9 4 2 10 1 3 8 5 7 
20180813301 10 4 2 6 5 3 9 8 7 1 
20180813302 1 4 9 7 2 5 3 8 10 6 
20180813303 5 7 10 3 1 8 9 4 2 6 
20180813304 5 10 2 9 4 8 6 1 3 7 
20180813305 3 6 8 9 7 1 2 5 10 4 
20180813306 9 7 1 5 3 4 6 10 8 2 
20180813307 7 6 3 8 9 2 5 4 1 10 
20180813308 9 2 5 1 4 7 10 3 6 8 
20180813309 10 1 4 6 7 3 5 2 8 9 
20180813310 3 2 9 4 6 7 1 5 8 10 
20180813311 1 5 3 6 2 10 8 7 9 4 
20180813312 6 10 5 8 9 3 1 2 4 7 
20180813313 5 9 4 7 6 2 10 1 8 3 
20180813314 10 3 8 5 7 4 1 9 2 6 
20180813315 9 6 10 7 8 4 3 2 1 5 
20180813316 6 1 7 3 5 10 8 9 4 2 
20180813317 1 7 9 3 4 2 8 6 10 5 
20180813318 7 4 6 3 8 5 10 1 9 2 
20180813319 2 7 1 4 8 3 10 9 6 5 
20180813320 9 7 5 6 1 2 10 4 8 3 
20180813321 6 8 2 3 9 4 5 7 1 10 
20180813322 8 7 2 6 4 5 3 10 9 1 
20180813323 6 3 1 10 7 8 2 4 5 9 
20180813324 1 5 9 6 4 3 7 8 10 2 
20180813325 7 6 5 8 1 9 10 3 4 2 
20180813326 6 9 4 10 1 7 3 2 5 8 
20180813327 5 8 7 10 1 2 9 4 6 3 
20180813328 6 9 7 3 10 1 2 4 8 5 
20180813329 4 6 2 9 1 3 7 10 5 8 
20180813330 8 10 4 2 3 9 5 1 7 6 
20180813331 7 2 6 3 8 5 9 10 4 1 
20180813332 7 10 2 4 5 8 9 1 3 6 
20180813333 6 10 2 3 7 8 4 5 1 9 
20180813334 9 4 5 8 7 6 10 3 2 1 
20180813335 10 1 9 2 6 4 7 8 5 3 
20180813336 8 1 4 5 2 3 9 10 6 7 
20180813337 3 10 5 2 9 6 4 1 7 8 
20180813338 3 6 8 2 1 7 9 4 10 5 
20180813339 2 10 5 6 1 4 3 9 8 7 
20180813340 3 6 1 4 5 10 7 2 9 8 
20180813341 2 1 5 10 6 7 4 8 3 9 
20180813342 10 1 3 2 9 7 8 6 5 4 
20180813343 3 7 5 2 9 8 4 6 1 10 
20180813344 8 3 9 5 4 2 10 7 6 1 
20180813345 5 8 4 6 1 9 10 3 7 2 
20180813346 3 4 9 6 10 1 5 8 7 2 
20180813347 9 2 1 5 7 6 8 3 4 10 
20180813348 1 7 6 3 10 5 8 9 2 4 
20180813349 5 3 10 8 7 1 2 4 6 9 
20180813350 6 2 5 1 8 10 7 3 9 4 
20180813351 1 3 2 6 10 7 9 4 8 5 
20180813352 9 6 2 3 8 1 7 5 10 4 
20180813353 1 10 4 8 2 5 6 7 3 9 
20180813354 7 5 8 1 3 6 2 4 10 9 
20180813355 3 5 7 8 2 6 9 1 4 10 
20180813356 9 3 6 7 1 2 10 8 5 4 
20180813357 6 1 7 10 8 3 4 5 2 9 
20180813358 7 3 1 8 4 10 2 9 6 5 
20180813359 6 10 5 8 9 4 1 3 2 7 
20180813360 10 6 1 7 8 3 9 2 5 4 
20180813361 1 10 5 3 7 6 4 8 9 2 
20180813362 3 2 9 6 4 7 5 8 1 10 
20180813363 3 1 4 7 8 9 2 10 5 6 
20180813364 7 9 8 6 5 10 2 3 4 1 
20180813365 3 1 4 9 5 7 8 2 10 6 
20180813366 3 10 2 1 4 5 8 9 7 6 
20180813367 6 5 7 10 3 2 8 1 9 4 
20180813368 4 7 8 5 10 9 1 6 2 3 
20180813369 8 3 5 7 6 1 4 2 10 9 
20180813370 3 9 6 1 8 10 4 5 2 7 
20180813371 1 9 4 10 6 3 2 7 8 5 
20180813372 8 6 10 4 2 3 9 7 5 1 
20180813373 1 7 3 8 10 5 9 4 2 6 
20180813374 2 3 4 6 9 8 10 1 5 7 
20180813375 3 4 1 6 5 9 10 7 8 2 
20180813376 9 3 1 5 6 8 2 10 7 4 
20180813377 9 2 8 10 7 5 6 3 4 1 
20180813378 4 2 7 10 1 8 5 3 6 9 
20180813379 1 9 10 7 2 6 8 4 5 3 
20180813380 3 5 8 4 7 9 6 2 1 10 
20180813381 8 1 2 5 7 9 4 3 10 6 
20180813382 6 10 5 7 8 4 1 3 2 9 
20180813383 10 9 5 7 3 1 6 4 2 8 
20180813384 7 3 2 5 6 8 4 10 9 1 
20180813385 5 7 2 8 3 1 10 6 9 4 
20180813386 10 9 4 5 8 2 7 6 3 1 
20180813387 2 10 3 7 8 1 5 6 4 9 
20180813388 2 7 10 6 9 5 8 1 4 3 
20180813389 10 7 3 9 4 5 2 1 6 8 
20180813390 4 3 5 8 1 2 7 6 10 9 
20180813391 4 5 9 2 8 1 10 6 7 3 
20180813392 4 1 5 9 10 8 6 7 2 3 
20180813393 7 2 8 10 9 6 3 1 4 5 
20180813394 6 8 5 10 1 2 9 7 4 3 
20180813395 7 5 4 2 9 10 6 3 8 1 
20180813396 10 3 8 5 1 4 2 7 9 6 
20180813397 10 7 9 8 3 1 6 5 4 2 
20180813398 8 10 5 3 4 9 6 2 7 1 
20180813399 8 1 4 5 3 10 2 7 6 9 
20180813400 5 8 7 2 6 1 9 4 10 3 
20180813401 8 1 7 5 10 9 2 3 6 4 
20180813402 2 4 7 1 9 3 8 6 5 10 
20180813403 8 2 7 6 1 9 5 3 4 10 
20180813404 6 5 3 2 1 8 9 10 4 7 
20180813405 7 5 8 6 1 9 10 2 4 3 
20180813406 9 7 4 6 1 5 3 8 10 2 
20180813407 4 8 5 3 10 9 1 7 2 6 
20180813408 10 2 7 8 9 6 1 5 3 4 
20180813409 8 4 7 2 1 3 10 9 5 6 
20180813410 1 3 9 10 7 2 6 8 4 5 
20180813411 10 7 3 1 8 2 4 5 9 6 
20180813412 7 3 1 4 5 9 8 10 2 6 
20180813413 2 7 8 4 1 6 10 5 3 9 
20180813414 3 8 4 1 6 2 10 5 7 9 
20180813415 10 2 6 4 9 3 8 5 7 1 
20180813416 5 9 7 6 4 2 3 10 8 1 
20180813417 7 6 8 1 9 4 5 10 2 3 
20180813418 8 10 9 6 5 7 1 4 2 3 
20180813419 3 8 4 9 1 2 5 6 7 10 
20180813420 4 2 1 8 6 7 5 9 3 10 
20180813421 5 10 4 3 8 7 2 9 1 6 
20180813422 9 5 3 8 1 7 4 6 10 2 
20180813423 9 10 7 2 6 8 4 3 5 1 
20180813424 6 9 3 4 1 7 5 10 2 8 
20180813425 6 3 4 1 2 10 7 9 5 8 
20180813426 8 1 3 10 9 5 2 7 4 6 
20180813427 3 6 4 8 1 2 7 10 5 9 
20180813428 9 1 10 2 7 5 8 6 4 3 
20180813429 8 7 3 5 1 10 2 4 6 9 
20180813430 9 7 6 2 8 10 4 1 3 5 
20180813431 6 7 1 10 8 9 5 3 2 4 
20180813432 8 6 5 2 10 4 7 9 1 3 
20180813433 7 10 8 9 1 4 3 2 5 6 
20180813434 1 3 7 6 10 8 4 2 9 5 
20180813435 9 6 8 4 7 1 10 5 2 3 
20180813436 9 10 4 6 8 1 3 7 2 5 
20180813437 2 5 9 6 10 1 8 7 3 4 
20180813438 5 2 8 10 7 4 3 1 6 9 
20180813439 6 1 2 7 3 5 9 4 8 10 
20180813440 1 4 9 7 2 3 6 5 8 10 
20180813441 10 9 5 8 3 6 4 2 1 7 
20180813442 10 2 9 6 1 5 8 7 4 3 
20180813443 9 1 2 7 4 5 6 8 10 3 
20180813444 6 8 1 2 5 3 10 9 4 7 
20180813445 6 4 10 5 7 8 1 9 3 2 
20180813446 5 9 7 4 6 10 8 2 1 3 
20180813447 6 7 1 10 8 9 2 5 3 4 
20180813448 3 10 8 2 6 7 1 4 5 9 
20180813449 1 10 2 9 3 7 8 6 4 5 
20180813450 4 1 9 5 10 7 3 8 2 6 
20180813451 8 1 9 6 10 3 2 5 4 7 
20180813452 10 3 6 4 5 9 2 1 8 7 
20180813453 4 5 6 8 10 1 2 3 7 9 
20180813454 1 10 6 4 9 2 5 8 7 3 
20180813455 3 7 6 4 10 5 9 1 8 2 
20180813456 8 2 9 6 3 1 4 5 7 10 
20180813457 10 1 9 5 2 7 8 6 4 3 
20180813458 8 1 5 6 10 2 9 3 4 7 
20180813459 9 7 3 4 6 10 8 1 5 2 
20180813460 7 9 5 3 8 1 2 4 6 10 
20180813461 3 4 8 1 10 6 2 9 7 5 
20180813462 4 7 9 8 6 3 10 1 2 5 
20180813463 7 3 10 1 6 4 2 8 9 5 
20180813464 8 1 3 9 7 5 10 4 6 2 
20180813465 5 8 9 4 10 1 7 3 2 6 
20180813466 5 1 6 8 3 9 2 10 4 7 
20180813467 6 8 3 7 1 2 9 10 5 4 
20180813468 5 6 8 4 7 10 1 2 3 9 
20180813469 1 9 7 8 10 6 5 4 2 3 
20180813470 4 6 3 7 2 1 10 8 5 9 
20180813471 2 8 5 4 7 9 3 6 1 10 
20180813472 5 7 10 3 2 8 4 6 9 1 
20180813473 7 10 4 1 5 2 8 6 3 9 
20180813474 7 10 1 8 2 3 9 5 4 6 
20180813475 9 8 5 7 1 3 2 4 6 10 
20180813476 10 5 3 2 4 8 9 1 6 7 
20180813477 6 2 9 3 8 10 1 5 4 7 
20180813478 3 10 4 6 8 5 9 7 2 1 
20180813479 5 8 10 6 9 2 7 1 3 4 
20180813480 6 8 10 3 9 7 5 2 4 1 
20180813481 9 5 7 4 3 1 8 2 6 10 
20180813482 2 9 3 8 1 10 6 5 4 7 
20180813483 2 3 8 6 9 10 4 5 7 1 
20180813484 7 3 10 6 4 2 8 9 1 5 
20180813485 7 5 8 10 4 6 1 3 2 9 
20180813486 7 4 1 10 8 3 9 6 2 5 
20180813487 2 8 4 1 10 3 6 9 5 7 
20180813488 1 7 9 10 4 3 2 5 8 6 
20180813489 4 1 7 6 9 10 8 3 5 2 
20180813490 1 8 2 3 7 6 9 10 5 4 
20180813491 6 5 2 4 7 1 3 8 9 10 
20180813492 9 1 8 5 10 4 7 3 6 2 
20180813493 2 7 5 3 10 9 4 6 8 1 
20180813494 9 3 1 8 4 5 10 7 6 2 
20180813495 2 3 10 5 9 1 8 7 6 4 
20180813496 10 9 7 4 8 3 1 2 6 5 
20180813497 8 5 9 3 2 6 10 7 1 4 
20180813498 4 1 3 8 5 7 9 6 2 10 
20180813499 2 1 6 7 5 10 8 3 9 4 
20180813500 7 1 6 8 4 9 2 3 10 5 
20180813501 6 7 4 8 5 10 2 9 3 1 
20180813502 9 1 10 4 3 8 5 7 6 2 
20180813503 7 9 1 8 3 5 10 6 4 2 
20180813504 5 7 3 9 2 4 8 1 6 10 
20180813505 6 2 5 8 10 9 1 3 4 7 
20180813506 2 1 6 4 9 7 8 5 3 10 
20180813507 8 9 10 2 5 1 4 3 6 7 
20180813508 9 10 8 6 2 5 1 3 4 7 
20180813509 7 3 8 4 2 6 1 9 5 10 
20180813510 9 5 4 8 1 7 10 3 6 2 
20180813511 2 3 9 1 7 6 4 10 8 5 
20180813512 1 3 4 2 6 5 9 8 7 10 
20180813513 6 9 1 10 4 5 8 2 7 3 
20180813514 9 1 4 6 5 7 3 2 10 8 
20180813515 5 8 7 1 3 6 4 9 2 10 
20180813516 4 2 10 6 7 3 1 5 9 8 
20180813517 3 9 8 5 1 10 6 2 4 7 
20180813518 7 6 2 10 5 3 1 9 8 4 
20180813519 3 2 9 8 5 1 4 6 7 10 
20180813520 1 10 2 9 4 7 6 8 5 3 
20180813521 4 9 3 7 5 8 6 2 1 10 
20180813522 4 8 3 5 2 10 9 7 6 1 
20180813523 7 1 2 3 6 9 5 4 10 8 
20180813524 4 10 6 7 3 5 2 9 8 1 
20180813525 6 5 7 3 4 9 2 1 10 8 
20180813526 1 4 5 6 3 10 9 8 7 2 
20180813527 8 10 2 6 4 3 7 1 5 9 
20180813528 2 5 7 8 3 1 9 4 6 10 
20180813529 4 6 7 8 2 5 1 10 9 3 
20180813530 1 7 10 9 4 8 2 5 6 3 
20180813531 2 9 4 7 6 3 5 10 8 1 
20180813532 3 7 5 4 10 6 1 8 9 2 
20180813533 8 4 5 7 3 1 2 9 10 6 
20180813534 10 3 1 7 4 2 6 5 8 9 
20180813535 3 10 1 7 2 6 8 4 5 9 
20180813536 10 9 6 7 5 8 1 2 3 4 
20180813537 8 9 3 10 1 4 7 2 5 6 
20180813538 9 10 5 1 2 6 4 7 3 8 
20180813539 4 8 2 9 3 1 7 6 10 5 
20180813540 8 3 6 1 4 10 9 5 2 7 
20180813541 3 9 2 5 7 4 8 6 1 10 
20180813542 7 9 3 5 8 6 10 1 2 4 
20180813543 3 7 8 1 2 6 9 4 10 5 
20180813544 1 2 10 4 7 5 9 3 6 8 
20180813545 4 10 3 2 6 5 1 8 7 9 
20180813546 2 4 8 7 6 3 9 1 5 10 
20180813547 1 2 6 10 9 3 5 4 7 8 
20180813548 2 8 6 10 1 4 7 9 3 5 
20180813549 9 1 4 3 6 7 10 5 2 8 
20180813550 1 2 9 8 7 4 6 5 3 10 
20180813551 6 2 3 10 5 4 7 9 1 8 
20180813552 8 10 1 7 2 3 9 5 4 6 
20180813553 10 8 4 6 2 5 9 3 1 7 
20180813554 2 6 1 4 7 3 8 5 10 9 
20180813555 3 6 5 8 4 10 7 2 9 1 
20180813556 10 5 2 1 6 8 4 9 3 7 
20180813557 3 8 1 7 5 10 2 4 9 6 
20180813558 4 10 9 5 1 6 7 2 3 8 
20180813559 3 8 7 9 1 6 5 10 4 2 
20180813560 4 3 7 10 9 5 8 2 1 6 
20180813561 4 6 3 5 9 1 2 8 7 10 
20180813562 9 4 3 1 10 5 6 8 7 2 
20180813563 1 9 5 6 2 10 7 8 3 4 
20180813564 4 9 5 10 7 3 8 2 1 6 
20180813565 6 9 4 8 10 1 3 5 2 7 
20180813566 1 7 6 2 5 9 8 3 4 10 
20180813567 7 10 9 1 6 8 3 4 2 5 
20180813568 6 3 7 10 8 1 9 4 5 2 
20180813569 1 3 5 10 4 6 9 8 7 2 
20180813570 5 7 8 1 6 9 3 2 4 10 
20180813571 10 7 1 8 3 9 2 6 4 5 
20180813572 6 5 9 2 8 4 7 10 1 3 
20180813573 6 2 10 5 8 1 7 9 4 3 
20180813574 2 7 10 9 6 3 5 4 1 8 
20180813575 6 2 3 5 8 9 4 1 7 10 
20180813576 5 6 10 2 9 4 7 3 1 8 
20180813577 4 10 5 6 8 3 9 1 7 2 
20180813578 6 8 2 5 4 7 10 9 1 3 
20180813579 6 9 1 7 4 3 2 10 8 5 
20180813580 4 6 9 8 10 2 3 7 1 5 
20180813581 6 1 2 7 10 3 5 8 9 4 
20180813582 10 3 2 5 9 7 8 6 4 1 
20180813583 10 1 5 7 2 3 9 4 8 6 
20180813584 3 10 5 8 7 1 9 6 4 2 
20180813585 10 5 7 9 1 3 6 8 2 4 
20180813586 2 3 1 5 4 9 6 10 8 7 
20180813587 3 9 6 7 8 10 5 2 4 1 
20180813588 10 3 9 8 1 2 5 4 7 6 
20180813589 10 4 2 9 6 5 8 3 1 7 
20180813590 8 7 2 4 1 9 10 3 5 6 
20180813591 8 9 10 1 3 5 7 6 2 4 
20180813592 1 10 2 9 6 8 4 5 7 3 
20180813593 2 1 10 7 8 6 9 4 3 5 
20180813594 10 4 7 6 3 2 8 1 9 5 
20180813595 9 2 3 7 5 4 10 6 1 8 
20180813596 6 10 2 4 5 7 8 3 9 1 
20180813597 10 1 6 4 2 9 8 5 3 7 
20180813598 9 2 5 4 6 3 7 1 10 8 
20180813599 6 1 2 9 4 3 5 7 10 8 
20180813600 3 6 4 7 9 2 10 5 1 8 
20180813601 6 8 5 2 9 4 7 10 3 1 
20180813602 1 2 6 8 7 9 4 3 5 10 
20180813603 10 9 6 4 5 3 7 1 8 2 
20180813604 1 3 9 10 5 2 4 8 7 6 
20180813605 4 1 6 9 8 5 3 2 7 10 
20180813606 9 1 10 5 8 6 3 7 4 2 
20180813607 2 8 1 5 10 3 4 6 9 7 
20180813608 5 4 7 6 2 8 3 10 1 9 
20180813609 3 1 10 4 8 2 5 7 6 9 
20180813610 5 3 1 7 4 8 10 2 6 9 
20180813611 10 2 3 5 7 4 1 6 9 8 
20180813612 3 5 2 9 7 6 1 8 10 4 
20180813613 5 8 1 6 9 3 7 2 4 10 
20180813614 5 3 7 10 9 2 4 6 1 8 
20180813615 4 3 9 7 5 1 10 8 2 6 
20180813616 2 3 10 1 9 6 4 5 7 8 
20180813617 8 6 4 7 3 2 5 9 1 10 
20180813618 8 2 4 3 6 1 10 5 9 7 
20180813619 8 7 1 6 10 4 2 3 5 9 
20180813620 4 1 10 9 8 6 7 3 2 5 
20180813621 10 1 7 9 2 4 8 6 3 5 
20180813622 4 5 9 8 3 7 6 10 2 1 
20180813623 1 6 8 2 10 5 9 7 3 4 
20180813624 7 3 8 1 2 5 4 10 6 9 
20180813625 4 2 8 5 3 10 1 9 7 6 
20180813626 1 7 8 6 10 9 2 5 3 4 
20180813627 7 4 6 2 9 3 1 10 5 8 
20180813628 3 10 1 7 4 8 2 5 6 9 
20180813629 8 10 6 2 3 4 7 1 5 9 
20180813630 4 2 8 9 6 3 10 7 1 5 
20180813631 7 8 6 4 10 2 1 9 5 3 
20180813632 6 9 10 8 4 3 7 5 2 1 
20180813633 2 10 7 3 5 8 1 6 4 9 
20180813634 8 5 4 6 3 10 2 1 9 7 
20180813635 6 4 8 9 2 1 10 7 3 5 
20180813636 6 3 8 9 10 2 7 1 4 5 
20180813637 1 4 9 6 5 3 8 10 7 2 
20180813638 3 1 2 9 7 8 5 4 6 10 
20180813639 6 9 4 3 1 8 5 7 10 2 
20180813640 1 3 5 4 8 9 2 7 6 10 
20180813641 8 6 9 4 3 2 1 10 7 5 
20180813642 3 1 7 5 10 4 2 6 9 8 
20180813643 3 8 4 2 9 6 1 5 10 7 
20180813644 3 4 7 5 8 6 2 10 1 9 
20180813645 4 2 1 3 9 8 5 10 7 6 
20180813646 4 5 9 2 10 3 8 1 7 6 
20180813647 9 2 6 5 10 4 8 7 1 3 
20180813648 6 3 7 5 2 10 8 9 4 1 
20180813649 1 2 3 10 8 6 7 4 5 9 
20180813650 1 9 5 6 2 8 7 4 3 10 
20180813651 6 7 8 4 10 3 2 1 9 5 
20180813652 2 3 7 9 10 4 8 6 5 1 
20180813653 2 6 8 9 3 4 10 1 7 5 
20180813654 8 5 4 2 10 7 9 1 3 6 
20180813655 2 7 8 6 3 5 1 9 4 10 
20180813656 6 7 5 1 10 8 4 3 2 9 
20180813657 7 8 2 5 1 10 3 6 9 4 
20180813658 2 4 1 7 9 3 8 10 6 5 
20180813659 9 2 4 8 1 7 3 6 10 5 
20180813660 2 9 4 8 1 7 6 10 5 3 
20180813661 8 2 6 7 5 10 9 4 3 1 
20180813662 10 4 3 6 2 8 9 1 7 5 
20180813663 5 8 10 3 1 7 4 6 2 9 
20180813664 5 10 2 9 3 1 6 4 7 8 
20180813665 3 8 1 7 6 2 4 5 10 9 
20180813666 4 2 1 8 7 5 9 10 6 3 
20180813667 3 10 1 2 8 6 5 9 4 7 
20180813668 7 8 10 2 3 5 1 4 9 6 
20180813669 10 5 6 4 1 2 3 9 7 8 
20180813670 1 2 10 4 6 7 5 9 8 3 
20180813671 3 4 6 1 10 9 8 5 7 2 
20180813672 1 8 3 7 5 2 10 6 4 9 
20180813673 2 3 6 10 5 4 7 8 9 1 
20180813674 5 7 8 1 2 9 4 10 6 3 
20180813675 6 8 3 5 9 2 1 10 7 4 
20180813676 4 5 7 6 9 3 1 10 2 8 
20180813677 6 7 1 8 9 3 5 10 4 2 
20180813678 1 4 2 8 9 3 5 6 7 10 
20180813679 6 4 10 5 1 8 7 3 2 9 
20180813680 9 2 1 8 6 10 4 7 3 5 
20180813681 3 5 6 1 7 9 10 8 2 4 
20180813682 8 3 4 9 5 6 7 1 10 2 
20180813683 10 4 5 1 2 8 7 3 6 9 
20180813684 6 2 10 8 4 5 7 9 3 1 
20180813685 8 9 10 7 5 4 6 2 3 1 
20180813686 1 3 6 5 8 10 4 2 9 7 
20180813687 9 5 6 7 1 3 4 8 10 2 
20180813688 10 2 1 7 3 6 8 9 4 5 
20180813689 8 9 2 7 3 5 4 1 6 10 
20180813690 4 9 6 10 3 7 5 8 1 2 
20180813691 7 6 10 5 8 2 9 4 3 1 
20180813692 6 10 4 9 5 8 2 7 1 3 
20180813693 10 8 2 6 4 3 9 5 1 7 
20180813694 7 8 10 5 6 9 2 1 3 4 
20180813695 4 2 9 1 10 6 3 8 5 7 
20180813696 8 6 9 4 7 5 2 3 10 1 
20180813697 6 4 8 5 1 3 9 10 2 7 
20180813698 8 4 9 6 5 2 1 3 10 7 
20180813699 5 2 6 7 3 1 10 8 4 9 
20180813700 9 3 1 5 2 6 8 10 7 4 
20180813701 9 7 8 1 10 6 2 4 5 3 
20180813702 1 5 6 3 10 7 4 2 8 9 
20180813703 8 5 6 3 7 1 9 2 4 10 
20180813704 9 2 10 6 5 4 1 3 7 8 
20180813705 2 7 6 9 8 4 3 1 10 5 
20180813706 4 6 8 9 10 5 7 1 3 2 
20180813707 6 9 3 7 2 8 4 10 1 5 
20180813708 2 8 7 5 6 4 1 3 10 9 
20180813709 2 9 8 4 6 1 7 3 10 5 
20180813710 5 3 1 4 6 7 2 8 9 10 
20180813711 5 6 10 2 9 8 4 7 1 3 
20180813712 8 5 1 3 7 6 2 10 9 4 
20180813713 3 8 7 6 10 4 5 1 9 2 
20180813714 6 2 5 1 8 7 10 4 9 3 
20180813715 9 4 3 8 7 6 10 1 2 5 
20180813716 4 7 3 8 10 2 1 6 9 5 
20180813717 8 5 2 3 1 7 10 4 9 6 
20180813718 10 3 6 9 8 2 4 7 1 5 
20180813719 10 5 7 3 1 2 8 4 6 9 
20180813720 5 8 1 7 4 9 2 10 6 3 
20180813721 3 7 9 8 1 5 10 6 4 2 
20180813722 8 5 4 10 3 1 7 6 9 2 
20180813723 8 4 9 3 7 2 1 6 10 5 
20180813724 6 3 7 1 9 5 8 4 2 10 
20180813725 5 3 2 9 1 6 7 8 4 10 
20180813726 1 9 10 5 7 6 3 2 4 8 
20180813727 8 10 7 4 2 9 5 6 3 1 
20180813728 8 9 4 7 10 6 1 3 2 5 
20180813729 9 4 6 3 7 2 10 8 1 5 
20180813730 1 7 10 3 4 5 9 6 2 8 
20180813731 2 7 9 8 10 1 3 6 4 5 
20180813732 3 8 2 6 7 1 4 9 5 10 
20180813733 1 7 10 3 6 9 8 2 5 4 
20180813734 1 5 10 9 6 4 8 3 7 2 
20180813735 2 8 4 6 9 3 5 7 10 1 
20180813736 9 1 5 4 6 8 7 2 10 3 
20180813737 7 1 4 9 10 6 5 2 8 3 
20180813738 6 5 4 8 7 3 1 2 9 10 
20180813739 8 7 1 9 4 3 10 6 5 2 
20180813740 4 7 1 6 5 8 10 2 9 3 
20180813741 10 1 3 8 7 9 5 6 2 4 
20180813742 10 9 3 6 8 5 4 7 1 2 
20180813743 4 9 2 1 6 3 7 10 8 5 
20180813744 9 2 10 4 7 6 5 3 8 1 
20180813745 8 2 3 10 7 4 5 9 1 6 
20180813746 5 7 9 4 2 3 10 8 1 6 
20180813747 8 2 6 7 9 3 4 5 1 10 
20180813748 9 7 3 8 10 5 6 4 2 1 
20180813749 4 10 8 1 9 2 3 5 7 6 
20180813750 4 10 9 7 3 6 5 1 8 2 
20180813751 9 3 5 8 4 2 7 1 10 6 
20180813752 5 3 6 4 8 1 2 7 10 9 
20180813753 6 5 8 10 7 4 1 9 3 2 
20180813754 6 2 7 10 9 8 5 3 4 1 
20180813755 10 4 8 2 7 1 3 6 5 9 
20180813756 3 8 7 4 5 1 2 6 10 9 
20180813757 8 10 4 3 2 6 9 1 7 5 
20180813758 8 3 9 6 1 7 10 5 4 2 
20180813759 5 2 9 4 7 3 8 6 1 10 
20180813760 5 1 7 4 3 10 6 9 8 2 
20180813761 2 7 3 10 4 6 5 8 9 1 
20180813762 7 6 3 5 10 8 4 9 2 1 
20180813763 3 4 2 8 9 1 7 5 10 6 
20180813764 10 9 7 8 3 6 2 4 1 5 
20180813765 6 1 2 4 7 8 3 5 10 9 
20180813766 8 2 5 10 9 1 4 3 7 6 
20180813767 6 4 9 3 1 10 8 2 7 5 
20180813768 6 2 5 9 7 1 4 3 8 10 
20180813769 8 3 6 4 7 2 10 5 9 1 
20180813770 9 5 10 3 1 6 4 7 8 2 
20180813771 10 3 8 6 7 2 5 9 1 4 
20180813772 6 2 1 3 10 5 8 9 7 4 
20180813773 4 3 10 1 8 9 6 2 7 5 
20180813774 3 4 6 1 5 2 9 8 10 7 
20180813775 1 4 10 5 3 8 7 6 2 9 
20180813776 10 6 3 2 4 9 7 5 1 8 
20180813777 4 5 7 6 10 1 3 2 9 8 
20180813778 3 4 10 8 7 2 1 9 5 6 
20180813779 3 7 5 8 6 10 1 2 4 9 
20180813780 9 5 10 8 7 4 2 1 3 6 
20180813781 5 10 9 7 2 4 1 3 6 8 
20180813782 10 6 4 5 7 3 9 2 1 8 
20180813783 9 4 8 1 2 10 6 5 7 3 
20180813784 9 8 3 1 7 6 5 2 10 4 
20180813785 9 4 7 8 6 10 3 1 2 5 
20180813786 4 10 6 2 7 9 5 8 1 3 
20180813787 10 8 7 4 6 9 3 1 5 2 
20180813788 8 7 1 2 6 3 10 5 9 4 
20180813789 8 9 3 10 5 1 7 4 2 6 
20180813790 9 6 7 4 10 1 8 2 3 5 
20180813791 2 8 6 4 9 1 5 7 3 10 
20180813792 10 1 6 5 7 9 3 2 8 4 
20180813793 1 8 3 7 2 4 6 10 9 5 
20180813794 1 5 6 8 2 3 4 9 10 7 
20180813795 6 5 3 4 7 10 2 1 8 9 
20180813796 9 4 5 6 3 10 2 7 8 1 
20180813797 10 2 8 7 9 4 1 3 6 5 
20180813798 10 4 7 8 2 5 1 3 9 6 
20180813799 9 4 6 2 7 1 5 3 10 8 
20180813800 8 9 4 2 1 3 10 6 5 7 
20180813801 2 10 9 8 5 1 4 6 7 3 
20180813802 4 5 6 10 7 9 8 1 2 3 
20180813803 2 6 7 1 8 10 4 5 3 9 
20180813804 2 5 9 4 3 10 1 7 6 8 
20180813805 2 1 9 8 4 3 6 10 5 7 
20180813806 10 6 7 3 9 4 5 2 8 1 
20180813807 8 10 6 3 2 7 5 9 4 1 
20180813808 5 10 3 6 7 4 8 2 1 9 
20180813809 10 7 6 5 8 1 3 9 2 4 
20180813810 2 1 8 5 7 3 4 9 6 10 
20180813811 8 5 2 4 7 10 3 1 9 6 
20180813812 2 10 8 3 5 9 4 6 1 7 
20180813813 6 4 9 1 8 3 10 7 5 2 
20180813814 3 2 6 8 5 1 10 9 4 7 
20180813815 10 1 4 7 8 9 3 6 5 2 
20180813816 7 4 10 2 3 6 5 8 9 1 
20180813817 4 5 2 8 10 7 9 1 3 6 
20180813818 6 10 2 9 5 7 8 1 3 4 
20180813819 2 10 7 5 4 8 9 1 3 6 
20180813820 1 3 2 6 10 7 8 4 5 9 
20180813821 7 5 4 10 9 6 3 1 8 2 
20180813822 9 7 2 4 10 8 5 1 3 6 
20180813823 2 4 7 6 9 8 1 3 5 10 
20180813824 10 9 8 6 5 3 7 1 4 2 
20180813825 8 9 3 5 6 2 10 7 1 4 
20180813826 10 4 7 1 2 5 3 9 6 8 
20180813827 2 3 5 7 8 1 10 9 6 4 
20180813828 4 8 7 1 5 9 3 6 10 2 
20180813829 3 10 9 6 2 4 1 8 7 5 
20180813830 9 4 8 5 2 6 7 3 10 1 
20180813831 9 2 4 10 7 1 6 8 5 3 
20180813832 4 9 2 3 10 7 1 5 6 8 
20180813833 9 7 8 6 3 10 1 4 5 2 
20180813834 6 9 2 1 5 4 7 8 3 10 
20180813835 1 7 5 8 2 3 4 10 6 9 
20180813836 10 5 4 9 6 8 7 1 2 3 
20180813837 1 5 3 4 8 10 7 6 9 2 
20180813838 7 4 3 5 9 2 6 10 8 1 
20180813839 9 4 2 10 3 1 5 7 8 6 
20180813840 3 4 2 10 8 9 1 5 7 6 
20180813841 5 4 10 9 3 1 7 6 8 2 
20180813842 3 9 5 10 8 1 6 2 7 4 
20180813843 6 4 10 9 1 3 5 7 8 2 
20180813844 1 2 5 9 3 4 10 7 6 8 
20180813845 4 2 7 5 10 3 9 8 1 6 
20180813846 10 7 8 1 5 9 6 2 3 4 
20180813847 1 10 2 9 8 4 5 7 6 3 
20180813848 4 7 10 6 9 1 8 3 5 2 
20180813849 2 1 9 5 8 3 6 7 10 4 
20180813850 2 10 7 5 8 9 6 1 4 3 
20180813851 6 7 5 2 10 4 8 3 9 1 
20180813852 8 1 9 10 3 7 6 5 4 2 
20180813853 9 6 1 8 5 2 3 10 7 4 
20180813854 4 10 5 1 8 6 2 7 3 9 
20180813855 1 10 3 4 5 6 8 7 2 9 
20180813856 10 3 8 1 5 6 7 2 9 4 
20180813857 1 8 6 3 4 5 7 9 10 2 
20180813858 7 9 3 5 2 10 6 8 4 1 
20180813859 9 2 5 8 3 6 10 7 1 4 
20180813860 10 1 4 9 8 3 2 7 6 5 
20180813861 10 3 9 7 8 5 6 1 4 2 
20180813862 6 8 7 2 3 1 10 9 5 4 
20180813863 8 5 9 4 6 10 2 1 7 3 
20180813864 9 4 6 10 5 1 8 3 2 7 
20180813865 10 8 6 1 4 7 3 5 2 9 
20180813866 9 7 4 6 2 1 10 5 3 8 
20180813867 2 8 7 10 5 3 6 9 1 4 
20180813868 8 6 1 3 10 4 5 2 9 7 
20180813869 7 10 4 3 1 2 5 6 9 8 
20180813870 10 2 4 6 3 8 1 9 5 7 
20180813871 9 7 5 6 2 4 1 10 3 8 
20180813872 1 6 10 7 2 3 9 5 8 4 
20180813873 3 2 10 5 6 8 1 7 4 9 
20180813874 3 8 2 1 5 10 4 9 7 6 
20180813875 9 7 3 8 1 10 5 6 2 4 
20180813876 6 7 5 2 8 3 1 9 4 10 
20180813877 1 3 6 7 8 4 10 5 9 2 
20180813878 10 5 1 7 4 3 8 9 6 2 
20180813879 2 4 10 9 1 5 6 7 3 8 
20180813880 8 7 3 9 1 10 4 5 6 2 
20180813881 6 5 9 2 4 8 7 10 3 1 
20180813882 9 7 4 1 6 3 10 2 5 8 
20180813883 4 6 8 10 1 5 7 3 9 2 
20180813884 4 7 1 8 5 2 6 9 10 3 
20180813885 2 6 7 8 5 3 4 10 9 1 
20180813886 2 1 6 7 9 3 10 5 4 8 
20180813887 7 2 6 9 5 10 8 4 1 3 
20180813888 9 10 4 6 2 3 1 8 7 5 
20180813889 10 8 5 7 9 3 1 6 2 4 
20180813890 4 5 8 6 1 7 10 3 2 9 
20180813891 4 2 7 8 1 6 10 3 5 9 
20180813892 1 5 6 3 8 2 4 7 9 10 
20180813893 6 7 1 4 9 2 5 10 8 3 
20180813894 9 3 6 1 2 8 7 5 4 10 
20180813895 3 8 1 2 9 7 5 6 4 10 
20180813896 2 5 10 8 4 7 1 6 9 3 
20180813897 4 10 1 7 9 3 5 6 8 2 
20180813898 8 7 9 4 1 6 10 3 5 2 
20180813899 1 6 8 9 7 4 5 10 2 3 
20180813900 3 2 7 8 9 10 1 4 5 6 
20180813901 6 1 9 2 3 5 10 8 4 7 
20180813902 10 7 3 1 5 4 6 2 9 8 
20180813903 4 7 5 10 3 8 1 6 2 9 
20180813904 2 3 8 4 7 10 5 9 1 6 
20180813905 9 1 10 8 6 2 5 7 3 4 
20180813906 1 2 3 6 8 7 5 9 4 10 
20180813907 3 4 10 6 1 7 2 8 9 5 
20180813908 2 6 4 7 3 9 8 5 10 1 
20180813909 6 3 5 1 9 10 4 8 7 2 
20180813910 3 10 2 7 5 4 1 6 8 9 
20180813911 9 6 7 2 1 5 8 3 10 4 
20180813912 4 7 8 9 3 10 1 5 6 2 
20180813913 6 3 7 8 5 9 10 4 1 2 
20180813914 6 4 10 8 9 7 2 3 1 5 
20180813915 5 4 9 1 6 10 7 3 2 8 
20180813916 3 1 2 8 9 7 4 6 5 10 
20180813917 3 5 7 9 2 6 10 8 1 4 
20180813918 10 7 1 9 6 3 5 8 4 2 
20180813919 3 7 6 2 8 4 10 1 5 9 
20180813920 2 5 6 3 9 10 8 4 1 7 
20180813921 4 10 7 1 9 8 3 6 2 5 
20180813922 7 5 4 1 8 3 9 10 2 6 
20180813923 1 9 3 8 10 4 6 5 7 2 
20180813924 6 9 2 10 3 5 8 1 7 4 
20180813925 4 8 9 3 10 5 7 2 6 1 
20180813926 1 8 5 10 4 6 9 2 7 3 
20180813927 7 4 8 10 5 9 1 2 6 3 
20180813928 1 4 7 5 8 10 2 9 3 6 
20180813929 1 5 9 6 7 8 3 2 10 4 
20180813930 1 6 2 3 5 7 10 8 4 9 
20180813931 6 3 5 10 8 7 2 4 9 1 
20180813932 5 3 8 7 9 1 10 6 2 4 
20180813933 9 4 5 2 8 10 7 3 1 6 
20180813934 4 6 1 3 7 10 8 2 9 5 
20180813935 3 10 9 5 2 1 6 7 4 8 
20180813936 3 5 9 6 10 2 8 1 4 7 
20180813937 2 5 9 3 1 10 8 4 6 7 
20180813938 9 8 1 4 2 3 5 6 7 10 
20180813939 1 7 8 6 3 9 2 10 4 5 
20180813940 1 3 9 10 5 8 6 7 4 2 
20180813941 7 10 6 3 4 9 2 5 8 1 
20180813942 10 4 2 9 1 7 3 5 6 8 
20180813943 7 8 5 4 2 3 1 9 10 6 
20180813944 7 9 5 8 1 4 10 6 3 2 
20180813945 6 5 9 4 2 10 7 1 3 8 
20180813946 1 10 4 9 6 5 8 7 3 2 
20180813947 9 7 5 6 1 3 8 4 10 2 
20180813948 8 6 10 1 5 7 3 4 9 2 
20180813949 7 2 8 3 4 1 9 5 6 10 
20180813950 5 9 7 3 2 8 6 4 1 10 
20180813951 3 4 6 1 7 10 2 9 5 8 
20180813952 6 4 1 7 2 10 3 5 8 9 
20180813953 10 5 8 6 1 9 3 7 4 2 
20180813954 4 8 3 2 6 10 7 9 1 5 
20180813955 6 5 3 2 10 4 9 1 7 8 
20180813956 6 1 3 9 5 10 2 4 8 7 
20180813957 8 5 10 4 3 2 7 6 9 1 
20180813958 1 7 3 4 10 8 9 2 5 6 
20180813959 3 9 8 2 4 7 6 5 10 1 
20180813960 3 7 2 6 9 4 8 5 10 1 
20180813961 9 8 1 2 6 4 10 5 7 3 
20180813962 1 9 10 7 5 6 4 3 2 8 
20180813963 2 9 8 3 4 1 10 6 7 5 
20180813964 2 4 6 9 10 1 7 3 5 8 
20180813965 4 2 6 9 1 8 10 5 7 3 
20180813966 8 2 6 10 5 3 1 9 4 7 
20180813967 5 9 7 6 3 2 4 10 8 1 
20180813968 3 4 1 7 10 9 5 2 6 8 
20180813969 4 9 5 8 10 1 2 6 7 3 
20180813970 6 5 2 9 1 10 8 3 7 4 
20180813971 3 6 1 4 2 5 9 10 7 8 
20180813972 5 10 3 7 6 9 4 2 8 1 
20180813973 7 3 9 2 4 5 1 8 10 6 
20180813974 2 3 6 7 8 10 1 9 4 5 
20180813975 3 9 10 7 2 4 8 5 6 1 
20180813976 5 1 7 6 2 3 4 8 9 10 
20180813977 2 1 3 8 4 5 9 6 7 10 
20180813978 9 4 8 7 6 2 3 1 5 10 
20180813979 8 7 6 4 9 1 3 2 5 10 
20180813980 5 4 10 9 1 8 2 7 3 6 
20180813981 2 3 8 10 1 5 4 7 6 9 
20180813982 6 10 7 9 8 2 4 3 1 5 
20180813983 5 1 3 2 4 7 6 9 8 10 
20180813984 2 6 7 8 4 10 3 9 1 5 
20180813985 6 9 10 8 5 7 3 4 2 1 
