20180804001 9 8 7 3 6 4 1 2 5 10 
20180804002 3 7 9 4 2 10 5 8 1 6 
20180804003 5 7 6 9 8 2 10 3 1 4 
20180804004 7 2 8 1 4 3 9 5 10 6 
20180804005 6 2 9 7 4 8 3 1 5 10 
20180804006 3 9 8 4 2 5 1 6 10 7 
20180804007 8 6 1 3 4 2 10 5 7 9 
20180804008 4 9 5 8 6 3 7 10 1 2 
20180804009 3 4 7 2 6 10 5 8 1 9 
20180804010 3 4 6 10 5 9 1 2 7 8 
20180804011 2 9 3 6 5 4 10 8 7 1 
20180804012 2 5 10 4 7 8 9 1 6 3 
20180804013 10 3 7 1 6 4 2 8 9 5 
20180804014 3 2 5 9 10 8 6 4 1 7 
20180804015 9 4 6 1 8 2 3 7 10 5 
20180804016 2 1 4 9 7 10 6 3 5 8 
20180804017 7 4 9 1 3 2 6 5 8 10 
20180804018 1 10 8 7 9 4 6 5 2 3 
20180804019 3 6 10 2 8 9 7 5 1 4 
20180804020 3 6 8 7 5 2 9 4 10 1 
20180804021 5 6 1 3 9 4 7 2 8 10 
20180804022 5 6 8 7 4 2 1 10 9 3 
20180804023 3 1 9 5 6 10 8 2 4 7 
20180804024 5 9 3 6 8 1 2 7 4 10 
20180804025 5 1 10 7 4 6 9 8 2 3 
20180804026 3 1 2 10 5 7 6 9 4 8 
20180804027 3 7 10 5 9 1 2 8 6 4 
20180804028 8 9 4 2 6 5 3 1 7 10 
20180804029 10 9 3 1 8 6 2 5 4 7 
20180804030 5 2 1 7 10 4 8 3 9 6 
20180804031 6 10 3 2 4 5 9 1 8 7 
20180804032 8 6 2 7 9 1 3 10 4 5 
20180804033 6 7 9 1 4 8 5 10 2 3 
20180804034 4 7 8 1 3 9 5 10 6 2 
20180804035 9 2 1 3 5 4 6 7 8 10 
20180804036 1 8 4 2 3 6 10 9 5 7 
20180804037 7 3 1 2 9 10 6 5 4 8 
20180804038 5 1 2 9 4 8 6 3 7 10 
20180804039 4 1 9 7 6 3 5 8 10 2 
20180804040 9 6 10 4 8 2 7 1 5 3 
20180804041 2 10 9 4 3 8 1 5 7 6 
20180804042 3 9 1 6 4 10 2 5 7 8 
20180804043 1 10 7 6 2 8 4 5 3 9 
20180804044 9 3 8 2 1 5 4 10 7 6 
20180804045 10 3 9 2 7 1 5 4 6 8 
20180804046 1 7 8 9 5 3 2 6 4 10 
20180804047 2 9 8 3 6 10 1 5 4 7 
20180804048 1 3 10 5 9 6 4 2 8 7 
20180804049 2 8 1 3 6 5 9 4 7 10 
20180804050 3 7 4 2 8 9 5 1 10 6 
20180804051 1 7 10 2 6 3 5 4 8 9 
20180804052 2 1 7 9 4 3 5 6 8 10 
20180804053 9 10 1 6 7 5 3 2 8 4 
20180804054 5 6 1 7 8 4 10 2 9 3 
20180804055 7 9 3 5 4 10 8 2 1 6 
20180804056 8 3 10 5 9 6 2 4 1 7 
20180804057 4 6 5 9 3 10 7 8 1 2 
20180804058 6 9 3 2 7 8 4 1 10 5 
20180804059 8 3 2 7 6 1 10 5 9 4 
20180804060 3 4 5 1 10 2 6 9 8 7 
20180804061 3 8 1 10 9 6 7 4 2 5 
20180804062 1 7 6 5 2 8 3 4 9 10 
20180804063 6 4 7 10 2 3 5 8 1 9 
20180804064 9 5 10 6 7 3 1 8 2 4 
20180804065 7 5 2 10 1 3 4 9 6 8 
20180804066 3 8 5 2 1 4 10 6 9 7 
20180804067 4 1 8 6 7 9 10 3 5 2 
20180804068 2 1 5 3 6 8 7 4 10 9 
20180804069 7 2 3 10 4 1 5 8 6 9 
20180804070 6 5 9 7 4 1 2 8 10 3 
20180804071 9 4 10 5 2 6 8 1 7 3 
20180804072 5 2 10 8 6 4 9 1 3 7 
20180804073 2 4 3 5 1 8 6 7 10 9 
20180804074 3 9 10 8 4 7 6 1 2 5 
20180804075 8 1 6 5 4 2 10 9 3 7 
20180804076 7 6 10 5 1 3 9 2 4 8 
20180804077 1 10 4 6 7 5 3 8 2 9 
20180804078 3 9 1 5 2 10 4 8 6 7 
20180804079 8 6 10 7 9 5 4 3 1 2 
20180804080 1 4 6 5 8 10 2 7 9 3 
20180804081 6 5 10 8 2 7 4 9 1 3 
20180804082 8 3 2 9 7 6 4 1 10 5 
20180804083 9 7 1 10 4 5 8 2 3 6 
20180804084 8 4 5 6 2 3 1 9 10 7 
20180804085 10 3 4 6 9 8 1 5 7 2 
20180804086 7 9 10 8 1 5 4 6 3 2 
20180804087 6 1 5 7 4 2 10 9 3 8 
20180804088 8 6 5 10 7 3 9 4 1 2 
20180804089 9 3 6 4 10 5 2 8 1 7 
20180804090 5 2 7 6 8 9 1 3 10 4 
20180804091 10 9 1 6 3 5 2 4 7 8 
20180804092 2 3 1 5 10 4 9 7 6 8 
20180804093 6 1 4 8 7 2 3 5 10 9 
20180804094 1 3 9 4 8 2 5 7 6 10 
20180804095 10 3 8 1 5 7 4 2 6 9 
20180804096 8 3 1 5 6 4 7 2 10 9 
20180804097 9 8 1 3 2 6 7 10 4 5 
20180804098 10 7 5 2 3 1 8 6 4 9 
20180804099 3 8 6 2 1 4 9 7 5 10 
20180804100 8 9 5 10 6 4 7 2 3 1 
20180804101 6 4 3 1 10 9 7 8 2 5 
20180804102 7 8 3 4 1 10 2 5 6 9 
20180804103 7 2 1 9 4 8 3 5 6 10 
20180804104 4 2 10 8 1 9 7 6 3 5 
20180804105 4 1 9 2 5 10 7 8 6 3 
20180804106 7 4 6 3 1 8 9 10 5 2 
20180804107 1 10 7 9 8 2 5 4 3 6 
20180804108 6 2 4 3 9 7 10 8 5 1 
20180804109 6 2 1 10 8 9 5 7 3 4 
20180804110 6 10 4 9 2 3 1 7 5 8 
20180804111 2 7 6 10 1 9 8 5 3 4 
20180804112 10 6 1 8 4 7 2 5 3 9 
20180804113 5 9 8 6 7 4 2 3 1 10 
20180804114 10 4 8 5 3 9 6 1 7 2 
20180804115 10 5 6 8 2 9 1 7 3 4 
20180804116 4 8 9 2 5 3 1 6 7 10 
20180804117 9 6 3 1 4 8 10 2 5 7 
20180804118 2 9 8 1 5 4 10 6 7 3 
20180804119 2 4 6 9 10 7 8 5 1 3 
20180804120 5 8 1 6 9 4 10 2 3 7 
20180804121 3 10 1 7 9 4 2 5 8 6 
20180804122 10 3 9 5 7 6 8 1 4 2 
20180804123 8 6 9 3 4 2 5 7 1 10 
20180804124 10 9 3 8 4 2 6 7 1 5 
20180804125 1 4 6 3 7 10 2 5 9 8 
20180804126 7 1 5 8 2 10 6 9 3 4 
20180804127 10 4 6 8 5 3 1 2 7 9 
20180804128 9 10 1 6 2 8 5 3 7 4 
20180804129 1 4 7 3 10 9 2 6 5 8 
20180804130 3 9 7 5 10 6 1 8 2 4 
20180804131 7 5 10 3 4 8 9 2 1 6 
20180804132 2 4 8 1 7 10 6 5 9 3 
20180804133 4 8 6 7 5 1 3 9 10 2 
20180804134 6 3 9 2 8 7 4 5 1 10 
20180804135 9 1 5 7 10 2 4 3 6 8 
20180804136 3 7 4 10 1 5 8 2 6 9 
20180804137 4 7 10 8 3 6 1 2 9 5 
20180804138 6 1 9 4 5 10 7 8 3 2 
20180804139 1 6 4 3 7 2 9 10 8 5 
20180804140 2 3 4 8 9 7 5 1 6 10 
20180804141 5 4 10 3 9 1 6 2 7 8 
20180804142 9 1 2 7 6 8 5 3 10 4 
20180804143 7 1 3 10 9 2 8 5 4 6 
20180804144 4 7 5 10 6 3 1 9 8 2 
20180804145 10 2 6 5 1 3 4 7 8 9 
20180804146 2 7 5 9 4 1 8 10 3 6 
20180804147 4 7 5 10 3 8 9 6 1 2 
20180804148 8 5 4 6 3 2 1 10 9 7 
20180804149 5 7 4 9 3 6 1 2 10 8 
20180804150 4 10 5 2 6 3 9 1 7 8 
20180804151 9 3 6 4 5 1 8 7 2 10 
20180804152 8 3 7 1 6 10 2 4 5 9 
20180804153 3 10 2 1 7 8 9 4 6 5 
20180804154 8 3 6 1 7 4 9 5 2 10 
20180804155 6 1 5 3 7 2 8 4 10 9 
20180804156 7 8 6 1 2 4 3 5 9 10 
20180804157 5 10 4 9 2 1 8 3 7 6 
20180804158 9 3 8 4 5 2 6 1 10 7 
20180804159 10 9 2 7 1 8 5 4 6 3 
20180804160 2 8 9 10 3 1 5 7 6 4 
20180804161 4 8 10 7 2 9 5 1 6 3 
20180804162 1 4 8 9 10 3 2 6 5 7 
20180804163 8 1 3 7 9 4 2 5 10 6 
20180804164 7 1 4 9 2 10 6 3 5 8 
20180804165 8 3 1 9 4 7 6 10 2 5 
20180804166 8 7 10 4 3 2 1 9 6 5 
20180804167 1 7 2 10 4 5 8 9 3 6 
20180804168 7 4 2 1 3 9 6 10 8 5 
20180804169 4 10 1 2 6 5 8 9 7 3 
20180804170 2 4 7 10 8 6 3 9 5 1 
20180804171 7 10 9 8 3 1 5 4 2 6 
20180804172 2 1 10 4 6 7 5 3 8 9 
20180804173 6 4 1 3 5 7 9 10 8 2 
20180804174 9 1 6 2 8 10 3 4 5 7 
20180804175 9 4 8 10 7 6 1 5 2 3 
20180804176 10 8 4 9 7 1 5 3 6 2 
20180804177 3 8 9 10 6 4 2 1 7 5 
20180804178 10 6 4 7 5 9 2 3 1 8 
20180804179 4 2 9 8 7 3 1 6 5 10 
20180804180 9 5 7 2 10 3 6 8 1 4 
20180804181 4 7 1 8 5 9 3 6 2 10 
20180804182 10 5 8 4 3 1 9 7 2 6 
20180804183 7 2 6 1 10 9 3 8 5 4 
20180804184 9 5 8 4 7 6 10 2 3 1 
20180804185 8 2 9 10 1 4 6 3 7 5 
20180804186 6 1 4 2 5 10 3 7 8 9 
20180804187 5 7 2 3 9 4 10 8 1 6 
20180804188 3 5 9 8 7 6 1 10 2 4 
20180804189 7 9 6 8 10 5 3 2 4 1 
20180804190 10 7 8 9 6 2 4 1 3 5 
20180804191 1 10 5 4 7 3 8 9 6 2 
20180804192 6 10 1 8 9 7 2 4 3 5 
20180804193 2 5 3 1 8 9 10 7 4 6 
20180804194 1 4 7 2 8 5 6 10 9 3 
20180804195 3 10 1 9 8 2 7 4 6 5 
20180804196 8 10 2 4 6 5 9 1 3 7 
20180804197 7 9 8 10 4 1 6 5 3 2 
20180804198 5 10 6 7 8 1 9 4 2 3 
20180804199 7 5 9 8 1 2 6 3 4 10 
20180804200 6 8 5 4 1 9 3 10 2 7 
20180804201 8 10 9 5 7 6 4 2 1 3 
20180804202 10 1 2 8 4 6 3 7 9 5 
20180804203 3 6 10 9 5 7 2 4 1 8 
20180804204 8 4 7 10 9 1 2 3 5 6 
20180804205 7 10 5 2 9 3 4 8 6 1 
20180804206 3 2 1 9 5 7 8 4 6 10 
20180804207 3 4 7 1 2 10 9 8 6 5 
20180804208 9 2 5 3 10 7 6 4 1 8 
20180804209 10 5 7 9 4 6 2 3 1 8 
20180804210 5 2 10 4 3 1 9 6 7 8 
20180804211 1 10 4 8 6 7 2 3 5 9 
20180804212 9 4 8 1 3 2 6 10 7 5 
20180804213 9 8 3 1 4 7 5 6 10 2 
20180804214 3 4 2 7 6 5 8 1 10 9 
20180804215 10 9 7 4 3 1 5 8 6 2 
20180804216 7 2 6 3 10 5 8 4 9 1 
20180804217 3 8 7 4 10 9 2 5 6 1 
20180804218 5 2 6 4 1 7 10 3 9 8 
20180804219 7 4 2 5 8 9 6 10 1 3 
20180804220 6 4 10 2 5 7 1 3 9 8 
20180804221 1 10 4 7 6 5 8 3 9 2 
20180804222 1 8 2 7 10 4 9 6 3 5 
20180804223 9 6 7 2 10 1 5 8 4 3 
20180804224 1 5 9 8 6 10 2 3 7 4 
20180804225 7 10 2 9 3 4 8 1 5 6 
20180804226 3 1 10 8 2 5 6 7 9 4 
20180804227 9 5 6 10 7 1 8 3 2 4 
20180804228 8 9 6 4 2 1 7 10 3 5 
20180804229 5 9 8 7 3 6 2 10 4 1 
20180804230 1 3 7 8 6 2 5 10 4 9 
20180804231 4 3 1 8 6 2 7 10 9 5 
20180804232 8 10 1 7 2 4 6 3 9 5 
20180804233 5 4 6 7 3 9 8 10 1 2 
20180804234 7 3 6 10 2 4 9 8 5 1 
20180804235 8 7 6 10 5 3 2 1 9 4 
20180804236 5 7 9 4 10 3 8 6 1 2 
20180804237 9 1 5 10 6 7 4 3 8 2 
20180804238 2 3 1 9 4 10 5 7 6 8 
20180804239 1 2 6 4 5 3 9 10 7 8 
20180804240 3 10 5 6 7 2 1 4 9 8 
20180804241 7 5 3 4 8 10 6 9 2 1 
20180804242 5 7 4 9 3 1 8 2 10 6 
20180804243 1 10 5 8 7 4 6 3 2 9 
20180804244 9 7 8 1 3 5 10 6 2 4 
20180804245 9 1 8 2 6 7 3 5 4 10 
20180804246 8 7 5 10 9 6 4 3 2 1 
20180804247 2 9 1 6 5 4 3 10 8 7 
20180804248 8 2 1 4 6 10 7 9 3 5 
20180804249 2 9 8 3 5 6 10 7 4 1 
20180804250 6 9 8 5 1 10 3 2 7 4 
20180804251 6 9 1 5 4 10 8 7 3 2 
20180804252 2 7 3 5 6 10 8 9 4 1 
20180804253 9 2 3 5 4 6 1 7 10 8 
20180804254 3 9 6 10 7 8 5 2 1 4 
20180804255 9 8 2 4 7 5 1 10 3 6 
20180804256 7 3 1 6 2 8 5 9 10 4 
20180804257 8 9 1 4 5 3 2 6 7 10 
20180804258 4 10 8 1 5 2 7 9 6 3 
20180804259 8 1 2 5 6 4 9 7 3 10 
20180804260 10 6 1 8 4 9 5 2 3 7 
20180804261 1 6 3 4 9 8 10 2 7 5 
20180804262 3 9 5 2 10 4 6 8 1 7 
20180804263 9 4 1 7 3 5 2 6 10 8 
20180804264 3 10 5 2 6 9 8 7 4 1 
20180804265 2 10 1 6 7 9 4 3 5 8 
20180804266 6 8 9 5 4 7 2 1 3 10 
20180804267 10 1 3 9 2 5 8 6 7 4 
20180804268 3 9 5 1 8 6 7 10 4 2 
20180804269 9 3 4 6 8 7 2 1 5 10 
20180804270 5 10 9 4 6 8 1 7 2 3 
20180804271 5 9 10 8 7 2 1 4 6 3 
20180804272 5 9 6 8 2 3 1 7 10 4 
20180804273 2 10 5 9 6 4 7 8 1 3 
20180804274 2 9 6 7 1 4 8 10 5 3 
20180804275 2 1 8 4 3 9 10 6 7 5 
20180804276 4 1 8 10 5 7 9 6 3 2 
20180804277 10 8 1 3 9 4 5 2 6 7 
20180804278 4 6 5 8 9 10 1 7 2 3 
20180804279 3 5 8 4 9 7 10 1 2 6 
20180804280 5 9 4 7 10 2 1 3 8 6 
20180804281 6 8 1 5 9 3 4 10 7 2 
20180804282 7 6 9 1 10 4 8 3 2 5 
20180804283 8 3 6 7 10 4 9 5 1 2 
20180804284 2 5 7 6 10 9 4 1 3 8 
20180804285 4 7 10 8 3 1 6 9 5 2 
20180804286 5 2 6 1 9 8 4 3 7 10 
20180804287 7 4 5 2 10 1 6 8 9 3 
20180804288 3 2 1 4 6 10 8 9 5 7 
20180804289 9 8 5 10 2 6 3 1 7 4 
20180804290 3 1 2 9 10 8 7 5 6 4 
20180804291 8 6 10 2 4 1 7 3 5 9 
20180804292 3 2 5 7 8 1 4 10 9 6 
20180804293 7 9 8 4 1 3 2 6 10 5 
20180804294 1 7 10 3 9 6 4 2 8 5 
20180804295 10 9 5 4 2 1 3 6 8 7 
20180804296 8 6 3 5 9 4 7 1 2 10 
20180804297 1 10 7 5 8 3 9 6 2 4 
20180804298 4 5 1 6 9 10 2 3 7 8 
20180804299 4 7 6 1 9 2 8 3 5 10 
20180804300 10 4 9 6 5 8 7 1 3 2 
20180804301 4 7 2 6 10 8 3 1 5 9 
20180804302 6 10 3 7 2 9 8 4 1 5 
20180804303 2 7 3 4 10 1 5 6 9 8 
20180804304 7 1 8 6 4 9 2 3 5 10 
20180804305 6 2 3 7 4 5 1 8 9 10 
20180804306 6 2 3 1 4 5 7 10 9 8 
20180804307 10 5 1 9 8 4 3 6 7 2 
20180804308 6 10 9 1 3 2 7 5 4 8 
20180804309 3 9 6 10 2 1 8 7 4 5 
20180804310 2 10 6 4 9 1 5 3 8 7 
20180804311 2 10 3 4 1 8 6 7 5 9 
20180804312 6 4 3 10 1 2 7 9 5 8 
20180804313 8 10 4 2 7 6 1 3 9 5 
20180804314 3 4 7 2 1 6 5 9 10 8 
20180804315 8 3 1 9 7 2 10 6 4 5 
20180804316 1 6 4 7 8 5 3 2 10 9 
20180804317 7 3 6 10 1 4 9 2 8 5 
20180804318 2 8 1 9 6 5 7 3 4 10 
20180804319 5 3 10 2 1 7 8 6 4 9 
20180804320 10 1 7 8 2 4 5 9 3 6 
20180804321 1 5 7 3 8 6 4 9 2 10 
20180804322 9 10 2 4 7 1 6 8 5 3 
20180804323 6 8 5 9 3 10 7 2 1 4 
20180804324 7 10 4 5 8 9 6 2 1 3 
20180804325 9 1 8 5 2 6 7 4 10 3 
20180804326 2 10 1 9 4 8 6 3 5 7 
20180804327 6 5 9 1 4 7 3 8 10 2 
20180804328 1 6 3 7 9 8 10 2 4 5 
20180804329 4 10 6 9 8 2 5 1 7 3 
20180804330 5 6 10 3 8 4 7 9 1 2 
20180804331 6 1 10 5 3 7 2 8 4 9 
20180804332 10 3 7 5 6 4 9 1 2 8 
20180804333 9 4 2 7 5 10 1 3 6 8 
20180804334 7 5 9 8 1 2 6 4 3 10 
20180804335 6 1 9 2 7 4 3 8 5 10 
20180804336 5 8 7 6 9 2 10 3 4 1 
20180804337 2 9 10 7 8 3 6 1 5 4 
20180804338 7 6 1 4 9 3 8 10 5 2 
20180804339 8 1 10 6 2 5 7 9 4 3 
20180804340 6 4 8 10 7 5 9 2 1 3 
20180804341 1 8 9 3 5 7 4 6 10 2 
20180804342 10 2 5 3 9 1 7 8 4 6 
20180804343 8 6 4 10 9 3 5 2 7 1 
20180804344 4 10 1 2 5 8 7 3 6 9 
20180804345 4 6 1 2 8 5 10 3 9 7 
20180804346 3 6 10 1 2 4 8 9 5 7 
20180804347 7 5 8 6 3 2 4 10 1 9 
20180804348 1 10 5 7 2 4 6 9 3 8 
20180804349 4 1 10 9 5 8 6 7 3 2 
20180804350 7 9 4 3 6 5 8 2 10 1 
20180804351 9 7 5 10 3 2 4 1 8 6 
20180804352 2 10 6 3 1 8 5 9 4 7 
20180804353 2 4 5 3 9 10 6 1 7 8 
20180804354 2 10 8 7 4 5 3 9 1 6 
20180804355 9 3 8 2 10 5 6 7 4 1 
20180804356 4 2 5 9 6 10 7 3 1 8 
20180804357 10 1 3 9 8 6 7 5 4 2 
20180804358 1 9 8 10 3 6 7 5 4 2 
20180804359 5 8 4 9 3 10 2 7 6 1 
20180804360 5 7 1 8 9 3 10 4 2 6 
20180804361 10 6 5 1 3 2 8 4 9 7 
20180804362 4 7 6 1 9 10 8 3 5 2 
20180804363 6 3 2 1 10 5 9 4 7 8 
20180804364 1 4 7 9 10 2 5 3 8 6 
20180804365 3 1 10 5 6 7 8 4 2 9 
20180804366 6 5 2 10 7 4 3 8 1 9 
20180804367 4 10 9 6 2 5 8 7 3 1 
20180804368 7 4 6 1 8 2 3 9 10 5 
20180804369 5 3 10 2 8 7 6 9 1 4 
20180804370 10 9 4 1 3 8 5 2 7 6 
20180804371 6 2 9 1 3 8 5 10 7 4 
20180804372 5 6 9 1 2 4 10 7 3 8 
20180804373 7 2 9 8 3 4 10 6 5 1 
20180804374 2 7 1 3 10 6 9 8 4 5 
20180804375 4 2 5 7 1 8 9 3 10 6 
20180804376 8 3 9 6 4 2 5 7 1 10 
20180804378 9 10 3 8 4 2 5 6 1 7 
20180804379 7 6 9 1 2 4 10 5 8 3 
20180804380 1 7 9 8 6 4 2 5 3 10 
20180804381 2 5 6 7 3 4 10 9 8 1 
20180804382 2 3 9 6 8 5 1 10 7 4 
20180804383 1 3 7 5 6 9 8 10 2 4 
20180804384 5 3 1 8 4 6 10 2 9 7 
20180804385 1 2 6 4 10 3 7 8 5 9 
20180804386 7 10 9 4 3 2 8 5 6 1 
20180804387 2 3 1 5 6 4 9 10 8 7 
20180804388 10 9 7 5 4 8 3 1 6 2 
20180804389 8 1 6 4 2 10 7 9 5 3 
20180804390 4 5 6 3 2 1 9 7 10 8 
20180804391 10 6 4 7 8 2 3 1 5 9 
20180804392 1 8 5 4 10 6 9 2 7 3 
20180804393 8 3 2 10 4 1 5 7 9 6 
20180804394 4 8 5 7 2 9 10 1 3 6 
20180804395 5 3 6 7 9 1 4 8 2 10 
20180804396 5 1 8 7 4 9 6 10 3 2 
20180804397 5 3 4 8 6 7 1 9 10 2 
20180804398 4 9 10 2 3 6 7 8 1 5 
20180804399 7 10 9 1 4 5 6 8 3 2 
20180804400 6 4 8 5 9 2 1 3 7 10 
20180804401 1 6 3 5 4 8 7 10 2 9 
20180804402 5 4 2 7 1 8 3 10 6 9 
20180804403 9 3 4 6 1 2 7 10 5 8 
20180804404 6 1 4 7 9 3 5 2 8 10 
20180804405 5 9 7 10 6 3 1 4 2 8 
20180804406 5 4 1 8 9 2 3 7 10 6 
20180804407 5 9 7 3 2 4 1 10 8 6 
20180804408 4 7 5 8 9 10 3 6 2 1 
20180804409 4 2 3 6 10 5 7 9 8 1 
20180804410 10 4 5 7 8 6 2 9 3 1 
20180804411 2 4 5 10 7 1 8 6 9 3 
20180804412 5 3 8 9 7 2 10 4 1 6 
20180804413 5 3 9 2 7 10 6 8 4 1 
20180804414 9 3 5 4 2 10 8 1 6 7 
20180804415 7 4 5 10 1 3 6 8 2 9 
20180804416 10 4 9 2 7 6 8 5 1 3 
20180804417 8 3 4 5 2 1 6 10 7 9 
20180804418 8 10 2 3 4 1 5 7 9 6 
20180804419 2 3 4 7 9 10 6 5 1 8 
20180804420 4 9 8 7 3 6 2 5 10 1 
20180804421 3 1 9 7 2 6 10 5 4 8 
20180804422 10 5 4 7 9 2 6 8 1 3 
20180804423 8 3 4 6 2 5 7 10 1 9 
20180804424 2 8 7 10 9 1 6 4 5 3 
20180804425 5 10 4 6 3 8 1 7 2 9 
20180804426 5 9 8 3 4 2 10 1 7 6 
20180804427 1 9 3 5 10 6 7 2 8 4 
20180804428 7 10 6 5 1 3 8 9 4 2 
20180804429 7 4 10 6 1 2 5 8 3 9 
20180804430 10 5 7 4 3 9 6 8 2 1 
20180804431 7 10 4 8 6 2 9 1 3 5 
20180804432 10 3 4 5 8 9 7 6 1 2 
20180804433 8 4 5 3 7 10 1 9 2 6 
20180804434 9 7 5 1 10 2 8 3 4 6 
20180804435 7 6 1 8 2 9 3 4 10 5 
20180804436 9 3 10 7 6 8 1 5 2 4 
20180804437 1 5 2 9 3 10 6 8 7 4 
20180804438 7 5 2 4 10 1 8 3 6 9 
20180804439 7 9 1 8 5 10 6 2 4 3 
20180804440 10 3 2 1 9 8 6 7 4 5 
20180804441 3 2 8 5 4 6 7 1 9 10 
20180804442 4 5 7 8 10 3 9 2 6 1 
20180804443 1 7 6 9 8 10 3 4 2 5 
20180804444 6 5 1 8 3 7 4 2 9 10 
20180804445 2 3 1 4 5 8 6 10 7 9 
20180804446 4 2 6 8 7 9 3 5 1 10 
20180804447 4 10 1 3 5 9 2 6 7 8 
20180804448 10 1 6 8 7 3 9 5 2 4 
20180804449 3 7 9 5 1 4 10 6 8 2 
20180804450 9 10 3 4 8 5 7 1 2 6 
20180804451 9 6 7 5 8 3 2 10 4 1 
20180804452 5 6 2 9 4 10 1 7 3 8 
20180804453 1 6 5 10 2 9 7 4 8 3 
20180804454 4 9 1 7 10 6 5 2 8 3 
20180804455 1 4 7 9 5 8 3 6 2 10 
20180804456 5 6 4 9 3 7 8 2 10 1 
20180804457 5 2 7 6 10 8 4 1 3 9 
20180804458 3 2 1 4 10 9 7 8 5 6 
20180804459 1 4 9 3 5 10 6 8 7 2 
20180804460 3 4 6 10 9 2 7 8 5 1 
20180804461 4 9 10 3 8 7 1 2 6 5 
20180804462 4 8 10 3 5 1 2 7 6 9 
20180804463 2 3 9 7 5 1 6 10 8 4 
20180804464 7 8 2 1 10 4 3 9 5 6 
20180804465 2 9 4 7 5 3 6 8 1 10 
20180804466 10 3 4 7 1 8 5 6 9 2 
20180804467 7 1 5 3 2 8 10 4 6 9 
20180804468 9 3 2 6 10 4 7 8 1 5 
20180804469 4 7 3 8 9 2 6 1 5 10 
20180804470 2 9 6 10 3 1 8 7 5 4 
20180804471 7 6 10 3 5 8 4 2 1 9 
20180804472 4 3 1 5 10 2 9 8 7 6 
20180804473 6 4 9 1 8 2 3 10 7 5 
20180804474 7 1 10 3 8 4 6 2 5 9 
20180804475 9 5 10 3 1 4 8 2 7 6 
20180804476 10 2 7 4 8 6 9 1 3 5 
20180804477 1 8 10 6 4 3 9 7 5 2 
20180804478 1 10 9 2 6 7 4 8 5 3 
20180804479 2 5 4 10 1 8 7 9 6 3 
20180804480 7 6 2 5 9 4 3 8 1 10 
20180804481 3 6 5 10 4 9 1 7 2 8 
20180804482 5 10 7 4 1 9 3 2 8 6 
20180804483 1 6 3 8 10 2 5 9 4 7 
20180804484 9 10 3 1 7 6 8 2 4 5 
20180804485 10 5 2 1 4 3 6 9 8 7 
20180804486 8 1 6 3 7 10 9 5 4 2 
20180804487 8 6 3 2 7 1 4 10 5 9 
20180804488 6 8 9 2 3 1 5 7 10 4 
20180804489 3 8 10 4 9 2 7 6 1 5 
20180804490 7 2 8 10 3 9 4 1 6 5 
20180804491 3 4 7 6 9 5 1 8 2 10 
20180804492 7 6 8 2 9 10 4 3 1 5 
20180804493 1 2 7 3 10 8 9 4 6 5 
20180804494 4 2 8 1 9 5 3 10 6 7 
20180804495 3 5 1 8 4 6 7 2 10 9 
20180804496 7 10 2 9 4 8 6 1 5 3 
20180804497 10 5 9 6 8 7 4 1 3 2 
20180804498 10 4 2 1 6 3 9 8 7 5 
20180804499 6 4 2 3 10 9 1 5 7 8 
20180804500 4 3 5 1 9 2 6 10 7 8 
20180804501 3 7 1 10 2 4 6 9 5 8 
20180804502 1 2 4 7 9 5 6 3 8 10 
20180804503 1 10 8 4 9 3 7 2 5 6 
20180804504 7 9 1 2 4 8 5 6 3 10 
20180804505 8 10 6 4 5 7 9 1 3 2 
20180804506 8 2 3 9 10 6 4 1 7 5 
20180804507 3 2 4 6 7 5 9 1 8 10 
20180804508 9 10 6 4 2 8 1 5 7 3 
20180804509 2 10 6 5 9 8 4 7 1 3 
20180804510 2 7 5 8 6 1 10 9 4 3 
20180804511 3 2 5 8 7 4 9 6 10 1 
20180804512 2 7 8 6 9 1 4 5 10 3 
20180804513 4 7 3 9 5 1 10 2 6 8 
20180804514 5 8 4 2 1 3 9 10 6 7 
20180804515 7 1 6 2 3 4 8 10 5 9 
20180804516 10 5 2 3 6 1 8 4 9 7 
20180804517 5 10 2 4 8 6 7 3 9 1 
20180804518 5 2 8 3 7 4 9 6 10 1 
20180804519 9 6 10 4 1 5 3 2 7 8 
20180804520 9 5 1 7 4 3 8 2 10 6 
20180804521 9 4 6 2 8 3 10 1 7 5 
20180804522 9 2 10 1 6 5 3 8 4 7 
20180804523 8 10 4 9 2 5 1 7 6 3 
20180804524 4 8 9 2 6 10 1 7 3 5 
20180804525 4 6 1 9 8 10 3 7 2 5 
20180804526 2 7 3 8 6 10 4 9 5 1 
20180804527 3 1 8 6 4 2 9 7 5 10 
20180804528 2 3 9 5 7 6 10 1 8 4 
20180804529 9 3 4 8 10 2 7 6 1 5 
20180804530 1 10 6 5 2 9 4 3 7 8 
20180804531 5 9 10 2 8 1 4 7 3 6 
20180804532 1 9 10 6 4 5 8 2 3 7 
20180804533 8 10 2 1 5 3 9 6 7 4 
20180804534 2 1 9 3 10 6 5 4 7 8 
20180804535 6 10 3 4 5 2 8 1 7 9 
20180804536 3 2 10 7 4 6 9 1 8 5 
20180804537 5 1 8 9 3 4 10 2 6 7 
20180804538 10 2 4 8 1 6 5 9 3 7 
20180804539 2 6 10 9 8 4 5 3 7 1 
20180804540 6 4 9 10 5 3 8 1 2 7 
20180804541 4 9 8 1 2 6 7 10 5 3 
20180804542 10 1 2 6 9 5 3 4 7 8 
20180804543 7 9 8 5 1 6 2 10 4 3 
20180804544 10 5 7 6 1 4 8 9 2 3 
20180804545 4 2 7 6 1 5 3 9 10 8 
20180804546 2 3 10 7 6 8 9 1 5 4 
20180804547 4 7 3 10 9 1 6 8 5 2 
20180804548 2 5 4 10 7 1 8 3 6 9 
20180804549 5 4 10 7 9 6 3 1 8 2 
20180804550 7 1 8 5 4 10 9 3 2 6 
20180804551 4 2 8 9 10 1 5 3 6 7 
20180804552 10 1 4 6 5 3 7 2 9 8 
20180804553 4 5 1 3 7 2 8 6 9 10 
20180804554 4 2 10 7 1 5 8 3 9 6 
20180804555 5 2 10 3 1 6 7 8 9 4 
20180804556 8 6 10 3 7 4 5 1 2 9 
20180804557 3 1 2 7 8 10 5 6 9 4 
20180804558 1 8 3 6 7 2 5 4 9 10 
20180804559 2 10 9 6 8 7 4 3 1 5 
20180804560 3 7 10 6 4 9 5 8 2 1 
20180804561 5 10 6 2 1 3 4 9 8 7 
20180804562 7 10 8 2 5 9 4 1 3 6 
20180804563 3 10 2 6 7 9 1 4 8 5 
20180804564 2 7 3 8 1 4 9 5 10 6 
20180804565 4 5 7 2 8 9 3 6 10 1 
20180804566 6 7 10 5 4 9 3 2 8 1 
20180804567 1 10 5 7 8 6 3 9 2 4 
20180804568 2 4 9 8 7 1 3 6 5 10 
20180804569 6 1 8 7 5 9 3 10 2 4 
20180804570 7 4 3 6 8 1 10 2 5 9 
20180804571 4 3 2 6 1 5 9 10 7 8 
20180804572 8 4 10 2 6 9 1 7 3 5 
20180804573 8 7 2 9 4 1 3 6 5 10 
20180804574 7 2 1 6 10 4 5 3 9 8 
20180804575 5 4 3 1 10 2 7 6 9 8 
20180804576 6 9 1 10 7 4 8 3 5 2 
20180804577 3 8 1 2 4 7 9 6 10 5 
20180804578 7 4 1 5 6 2 10 8 9 3 
20180804579 8 4 3 7 2 9 6 5 1 10 
20180804580 2 1 7 3 10 6 8 9 4 5 
20180804581 9 1 5 2 6 4 7 3 8 10 
20180804582 7 9 10 6 2 3 8 5 4 1 
20180804583 1 5 7 6 9 8 2 3 4 10 
20180804584 7 8 2 4 6 3 5 1 10 9 
20180804585 10 4 5 3 1 8 2 6 9 7 
20180804586 3 5 1 10 9 2 8 6 7 4 
20180804587 1 6 9 4 10 7 5 8 3 2 
20180804588 3 9 2 10 8 5 7 1 4 6 
20180804589 9 7 5 4 3 1 6 10 2 8 
20180804590 6 1 5 7 3 2 4 8 10 9 
20180804591 9 2 4 7 5 8 10 6 1 3 
20180804592 10 5 6 7 1 2 9 8 3 4 
20180804593 9 3 4 7 10 1 8 6 5 2 
20180804594 3 8 6 1 2 10 7 4 5 9 
20180804595 6 9 5 2 3 4 1 7 10 8 
20180804596 5 2 4 6 3 8 7 1 9 10 
20180804597 9 2 5 8 1 4 10 3 7 6 
20180804598 5 8 9 10 3 7 1 4 2 6 
20180804599 10 6 5 1 2 4 9 8 7 3 
20180804600 4 7 2 6 3 10 8 5 1 9 
20180804601 7 1 10 8 5 4 2 9 3 6 
20180804602 5 4 1 6 10 3 7 8 2 9 
20180804603 10 4 3 9 8 5 1 2 7 6 
20180804604 8 5 1 2 4 10 7 9 3 6 
20180804605 4 6 1 8 9 2 10 3 7 5 
20180804606 4 2 1 9 5 6 7 10 8 3 
20180804607 7 8 9 5 2 6 4 3 1 10 
20180804608 1 5 6 9 8 3 7 2 4 10 
20180804609 3 1 10 9 5 2 7 6 8 4 
20180804610 8 7 2 9 3 6 10 1 4 5 
20180804611 9 1 2 5 8 6 4 10 7 3 
20180804612 6 5 7 9 1 2 3 8 10 4 
20180804613 10 6 2 3 9 5 7 1 8 4 
20180804614 5 2 1 10 6 3 4 8 7 9 
20180804615 7 1 6 4 3 10 5 2 9 8 
20180804616 6 3 7 9 4 1 5 8 2 10 
20180804617 7 8 9 1 10 3 6 2 4 5 
20180804618 5 2 9 7 6 3 8 1 10 4 
20180804619 4 7 2 9 10 6 3 1 8 5 
20180804620 5 3 9 1 7 10 4 2 8 6 
20180804621 3 7 10 2 9 4 6 1 8 5 
20180804622 4 10 6 8 5 9 7 1 3 2 
20180804623 9 3 7 4 2 8 6 10 5 1 
20180804624 7 5 3 4 2 1 9 8 10 6 
20180804625 8 3 10 1 4 6 2 5 9 7 
20180804626 3 8 9 7 5 1 6 10 4 2 
20180804627 6 7 9 2 4 5 10 1 8 3 
20180804628 5 4 2 8 10 6 9 7 3 1 
20180804629 5 7 9 10 3 6 4 8 2 1 
20180804630 9 1 10 6 3 7 4 5 8 2 
20180804631 3 6 7 1 2 9 10 5 8 4 
20180804632 2 6 9 4 1 10 7 5 8 3 
20180804633 7 1 4 2 10 3 9 6 5 8 
20180804634 6 4 5 2 9 7 1 3 10 8 
20180804635 5 4 7 3 2 10 1 8 6 9 
20180804636 4 9 5 8 2 1 6 3 7 10 
20180804637 1 7 9 4 3 2 8 5 6 10 
20180804638 4 9 6 8 7 1 10 3 2 5 
20180804639 4 1 5 6 8 2 3 10 9 7 
20180804640 8 6 9 1 7 5 10 4 2 3 
20180804641 2 7 3 1 5 8 4 6 9 10 
20180804642 3 4 6 7 9 2 8 10 1 5 
20180804643 7 3 6 5 2 9 10 4 1 8 
20180804644 8 5 7 4 9 1 6 10 2 3 
20180804645 4 1 6 7 8 3 2 10 5 9 
20180804646 1 5 8 3 6 7 4 2 10 9 
20180804647 6 2 3 7 5 8 4 1 9 10 
20180804648 1 9 6 2 10 5 8 3 4 7 
20180804649 8 2 10 9 7 4 5 1 3 6 
20180804650 3 8 10 2 9 7 6 4 1 5 
20180804651 9 1 4 2 10 6 8 3 5 7 
20180804652 6 3 2 5 9 8 4 1 7 10 
20180804653 6 10 2 1 8 7 3 5 4 9 
20180804654 7 1 8 9 5 10 2 4 6 3 
20180804655 3 5 9 10 2 8 1 7 4 6 
20180804656 1 2 7 10 6 3 4 8 5 9 
20180804657 6 3 5 9 2 10 8 4 7 1 
20180804658 2 9 6 10 7 4 1 5 3 8 
20180804659 9 6 3 8 4 1 10 5 7 2 
20180804660 8 7 1 5 4 2 6 9 10 3 
20180804661 10 9 5 1 4 8 3 7 6 2 
20180804662 6 5 3 2 9 8 10 7 1 4 
20180804663 2 3 8 10 9 4 7 5 6 1 
20180804664 5 9 3 7 4 10 6 2 1 8 
20180804665 8 1 10 9 4 7 6 5 2 3 
20180804666 9 5 3 8 2 6 7 10 4 1 
20180804667 8 3 2 4 7 1 9 10 6 5 
20180804668 7 5 1 3 4 10 6 2 9 8 
20180804669 8 4 7 3 10 5 2 6 9 1 
20180804670 10 7 3 1 8 4 5 2 6 9 
20180804671 8 7 1 6 10 3 2 4 9 5 
20180804672 3 5 8 6 7 10 4 9 2 1 
20180804673 6 3 10 4 7 5 9 8 1 2 
20180804674 8 9 2 6 4 3 5 10 7 1 
20180804675 8 6 4 10 5 9 1 2 3 7 
20180804676 7 8 4 3 10 6 2 5 9 1 
20180804677 5 2 1 7 10 6 9 3 4 8 
20180804678 1 8 5 10 2 3 4 7 9 6 
20180804679 5 9 8 7 10 3 2 4 6 1 
20180804680 8 5 9 4 7 2 6 3 10 1 
20180804681 8 2 4 1 5 3 9 10 6 7 
20180804682 9 10 7 8 1 2 5 3 6 4 
20180804683 8 4 10 6 9 5 1 7 2 3 
20180804684 5 10 1 6 9 2 7 4 8 3 
20180804685 2 9 10 6 5 7 1 8 4 3 
20180804686 4 5 3 1 6 10 2 9 7 8 
20180804687 6 9 3 8 7 1 4 5 2 10 
20180804688 3 2 8 6 5 10 1 4 7 9 
20180804689 9 2 5 8 7 3 4 1 6 10 
20180804690 9 6 2 4 10 7 5 8 3 1 
20180804691 5 10 8 1 9 7 3 2 4 6 
20180804692 8 2 3 9 5 4 7 6 1 10 
20180804693 1 8 4 10 5 9 2 7 6 3 
20180804694 1 10 5 2 6 3 9 8 4 7 
20180804695 3 5 7 1 9 2 4 8 6 10 
20180804696 4 3 2 1 9 10 8 6 5 7 
20180804697 4 10 6 2 3 9 7 5 1 8 
20180804698 2 9 1 4 3 10 7 8 5 6 
20180804699 9 4 2 6 1 5 3 10 8 7 
20180804700 7 9 2 5 10 3 4 6 8 1 
20180804701 6 7 10 8 5 1 3 9 4 2 
20180804702 4 5 9 2 3 8 1 7 10 6 
20180804703 5 3 4 6 2 10 1 8 7 9 
20180804704 8 4 1 7 2 10 3 9 6 5 
20180804705 2 3 4 10 8 9 1 6 5 7 
20180804706 6 9 4 8 3 5 2 10 7 1 
20180804707 5 1 8 6 7 4 10 2 9 3 
20180804708 1 4 6 5 7 3 9 10 2 8 
20180804709 5 8 9 6 4 10 3 2 1 7 
20180804710 1 9 2 4 3 7 5 8 6 10 
20180804711 1 3 9 6 7 5 2 4 8 10 
20180804712 10 6 9 4 1 3 2 8 5 7 
20180804713 10 5 6 9 1 7 8 2 3 4 
20180804714 4 1 8 9 3 10 2 5 7 6 
20180804715 10 1 5 8 4 6 3 9 7 2 
20180804716 5 10 7 2 1 9 4 6 8 3 
20180804717 6 4 5 9 3 7 8 2 1 10 
20180804718 4 9 6 7 2 5 1 10 8 3 
20180804719 1 4 2 5 6 10 9 7 8 3 
20180804720 4 5 6 3 9 10 8 2 1 7 
20180804721 7 2 9 4 6 8 3 1 5 10 
20180804722 1 10 7 6 8 5 2 4 3 9 
20180804723 3 5 6 8 1 9 4 2 7 10 
20180804724 7 9 3 8 6 2 4 1 5 10 
20180804725 8 1 6 5 3 10 4 7 9 2 
20180804726 1 8 2 9 4 6 5 7 10 3 
20180804727 4 7 9 2 3 1 5 10 6 8 
20180804728 6 8 7 3 4 5 9 10 2 1 
20180804729 7 6 3 5 8 4 10 9 2 1 
20180804730 10 2 1 6 9 3 4 8 5 7 
20180804731 9 4 1 10 3 8 2 6 5 7 
20180804732 7 6 2 8 4 3 9 5 10 1 
20180804733 4 5 1 8 2 3 7 10 9 6 
20180804734 5 3 2 1 9 10 4 8 6 7 
20180804735 3 4 10 7 5 6 9 2 1 8 
20180804736 10 5 9 3 7 6 2 8 1 4 
20180804737 6 4 2 5 9 3 8 10 1 7 
20180804738 8 10 5 3 7 6 9 4 1 2 
20180804739 10 3 5 8 4 7 6 1 2 9 
20180804740 4 8 2 3 1 6 5 7 10 9 
20180804741 7 8 9 2 3 10 4 5 6 1 
20180804742 7 6 5 10 3 4 9 8 2 1 
20180804743 7 1 5 3 4 9 6 8 10 2 
20180804744 2 4 10 8 5 3 7 1 6 9 
20180804745 1 6 10 2 8 3 9 5 7 4 
20180804746 4 1 6 10 7 5 8 2 9 3 
20180804747 3 8 4 1 6 5 10 2 7 9 
20180804748 4 2 9 5 8 1 3 6 10 7 
20180804749 6 5 8 4 3 10 9 1 7 2 
20180804750 7 9 8 3 10 1 4 2 6 5 
20180804751 9 7 1 3 4 8 6 2 5 10 
20180804752 6 10 1 2 3 9 7 8 4 5 
20180804753 9 1 10 3 6 7 2 8 5 4 
20180804754 7 9 10 8 1 2 6 5 4 3 
20180804755 2 4 8 5 7 10 6 3 9 1 
20180804756 2 6 3 10 7 1 9 8 5 4 
20180804757 6 3 2 10 4 5 9 8 1 7 
20180804758 1 8 6 4 10 7 2 5 3 9 
20180804759 7 8 6 5 10 1 3 9 2 4 
20180804760 7 8 3 5 2 4 1 9 10 6 
20180804761 7 2 8 9 1 4 3 6 5 10 
20180804762 6 8 4 5 9 10 3 7 2 1 
20180804763 4 1 10 2 7 5 3 8 9 6 
20180804764 8 6 5 2 10 3 4 9 7 1 
20180804765 2 9 5 1 3 6 10 8 7 4 
20180804766 2 9 3 6 4 5 10 7 8 1 
20180804767 2 1 8 4 5 7 6 3 10 9 
20180804768 7 3 4 6 1 8 9 5 2 10 
20180804769 2 10 1 6 8 4 9 7 5 3 
20180804770 10 3 4 7 5 6 1 2 9 8 
20180804771 3 1 7 5 10 6 9 2 8 4 
20180804772 2 8 5 9 4 7 6 3 10 1 
20180804773 7 1 10 2 8 6 5 9 3 4 
20180804774 4 6 8 10 1 2 5 9 7 3 
20180804775 2 6 5 8 7 3 4 10 9 1 
20180804776 4 10 7 2 8 6 5 3 1 9 
20180804777 2 3 4 10 9 7 6 5 8 1 
20180804778 7 5 3 6 2 10 4 1 8 9 
20180804779 10 6 3 7 8 4 9 1 2 5 
20180804780 8 2 3 7 9 10 4 5 6 1 
20180804781 9 2 3 7 10 5 8 1 4 6 
20180804782 4 3 1 5 6 10 2 9 7 8 
20180804783 7 4 6 9 2 5 3 10 8 1 
20180804784 9 6 5 4 7 8 2 10 3 1 
20180804785 4 9 2 10 5 7 1 8 3 6 
20180804786 6 5 7 2 8 9 10 4 3 1 
20180804787 6 5 7 10 2 8 3 1 4 9 
20180804788 8 2 3 4 1 10 6 9 7 5 
20180804789 8 5 3 7 6 10 9 4 1 2 
20180804790 1 6 7 3 10 5 8 9 2 4 
20180804791 3 8 4 1 2 5 10 7 9 6 
20180804792 3 8 6 5 7 9 10 4 2 1 
20180804793 8 7 4 5 10 6 9 1 2 3 
20180804794 3 9 2 7 1 8 4 10 5 6 
20180804795 5 10 4 1 2 8 9 6 7 3 
20180804796 10 8 2 1 4 6 7 9 3 5 
20180804797 10 3 5 6 8 7 2 4 1 9 
20180804798 9 2 7 8 1 5 3 10 6 4 
20180804799 4 5 2 3 7 10 6 1 8 9 
20180804800 7 5 3 2 10 4 9 1 6 8 
20180804801 9 6 10 5 1 8 2 7 3 4 
20180804802 8 9 3 7 4 2 1 10 5 6 
20180804803 9 4 2 8 5 6 3 10 1 7 
20180804804 9 4 10 1 7 8 3 2 6 5 
20180804805 2 1 5 3 8 10 7 4 6 9 
20180804806 6 5 7 8 2 10 3 9 1 4 
20180804807 2 5 6 4 3 8 7 10 1 9 
20180804808 8 5 4 3 2 7 9 10 6 1 
20180804809 1 2 5 9 7 10 8 3 4 6 
20180804810 7 2 9 3 8 1 10 6 4 5 
20180804811 4 10 9 2 3 1 8 5 6 7 
20180804812 1 4 2 3 10 9 7 6 5 8 
20180804813 7 10 2 5 8 3 1 6 9 4 
20180804814 5 10 1 8 4 7 3 6 2 9 
20180804815 6 7 5 10 3 9 2 4 1 8 
20180804816 10 2 1 9 3 6 8 4 7 5 
20180804817 8 2 4 7 9 1 3 6 10 5 
20180804818 1 3 9 8 5 7 6 2 4 10 
20180804819 6 8 5 10 3 7 9 4 1 2 
20180804820 6 8 10 7 4 1 2 3 5 9 
20180804821 10 7 6 2 8 5 9 1 4 3 
20180804822 1 7 4 5 10 3 6 2 8 9 
20180804823 7 8 1 5 2 6 3 9 4 10 
20180804824 10 7 2 6 5 3 8 9 4 1 
20180804825 9 7 8 3 5 10 2 1 4 6 
20180804826 7 4 10 9 6 3 1 8 2 5 
20180804827 3 6 2 4 7 9 5 10 1 8 
20180804828 9 3 8 1 2 7 4 5 10 6 
20180804829 5 7 10 3 2 1 6 8 9 4 
20180804830 4 7 8 3 6 9 10 2 5 1 
20180804831 4 8 1 2 6 3 10 5 9 7 
20180804832 9 2 1 8 6 10 3 5 4 7 
20180804833 1 4 10 8 5 2 9 6 3 7 
20180804834 6 9 10 5 8 4 2 7 3 1 
20180804835 10 3 5 8 7 4 9 1 6 2 
20180804836 2 3 10 1 4 9 7 5 6 8 
20180804837 4 3 2 1 5 9 10 6 8 7 
20180804838 4 1 2 6 9 8 3 7 10 5 
20180804839 8 6 7 10 1 9 3 4 2 5 
20180804840 6 5 9 2 1 4 3 10 8 7 
20180804841 10 5 4 1 9 3 6 8 2 7 
20180804842 3 8 5 4 6 1 9 2 10 7 
20180804843 9 6 3 8 10 2 4 1 7 5 
20180804844 1 7 4 5 9 8 10 3 2 6 
20180804845 1 9 10 4 7 5 6 8 3 2 
20180804846 8 7 9 3 6 1 4 5 10 2 
20180804847 4 10 6 7 3 2 9 8 1 5 
20180804848 2 4 1 5 10 3 9 6 8 7 
20180804849 3 1 4 9 10 5 6 7 8 2 
20180804850 7 6 10 1 3 9 8 4 2 5 
20180804851 6 2 1 7 8 4 3 5 10 9 
20180804852 9 7 6 8 2 10 4 3 5 1 
20180804853 4 2 9 6 10 7 1 3 8 5 
20180804854 5 9 3 8 2 7 1 6 10 4 
20180804855 7 9 1 4 8 10 5 6 3 2 
20180804856 4 2 1 8 9 5 3 7 6 10 
20180804857 6 8 5 7 3 1 4 10 2 9 
20180804858 2 6 5 8 4 1 9 10 7 3 
20180804859 9 8 6 1 10 4 7 5 2 3 
20180804860 5 7 6 4 10 2 8 3 9 1 
20180804861 4 3 5 7 10 8 2 6 9 1 
20180804862 8 9 2 6 1 10 5 4 3 7 
20180804863 6 7 4 10 2 3 5 8 1 9 
20180804864 10 4 6 8 5 2 9 1 3 7 
20180804865 3 10 2 1 6 7 5 8 9 4 
20180804866 6 10 5 9 1 3 2 8 4 7 
20180804867 3 8 2 10 7 4 1 6 5 9 
20180804868 8 10 3 6 7 4 1 2 9 5 
20180804869 4 7 8 1 9 10 2 6 5 3 
20180804870 9 8 2 4 1 7 3 10 5 6 
20180804871 5 4 7 10 9 6 1 2 3 8 
20180804872 9 6 3 1 2 7 10 4 5 8 
20180804873 2 9 4 10 5 3 6 8 1 7 
20180804874 8 2 6 5 7 1 9 10 3 4 
20180804875 7 3 9 4 5 6 10 2 8 1 
20180804876 1 3 2 10 6 7 4 8 9 5 
20180804877 1 3 5 7 4 10 6 9 2 8 
20180804878 3 7 8 2 5 10 1 6 9 4 
20180804879 9 7 8 10 1 4 6 2 3 5 
20180804880 8 4 10 1 6 7 2 9 3 5 
20180804881 9 6 2 4 7 10 8 3 5 1 
20180804882 6 5 8 10 7 2 3 9 1 4 
20180804883 8 6 3 7 5 2 1 10 9 4 
20180804884 10 8 4 2 6 1 3 5 9 7 
20180804885 3 10 4 9 8 7 2 1 6 5 
20180804886 1 2 7 10 9 6 8 3 5 4 
20180804887 1 5 4 7 6 8 9 10 3 2 
20180804888 7 9 8 3 1 2 4 5 6 10 
20180804889 4 1 8 5 10 9 3 7 2 6 
20180804890 5 9 1 4 6 7 2 10 3 8 
20180804891 2 1 10 4 6 7 9 3 8 5 
20180804892 9 8 1 10 6 2 5 7 4 3 
20180804893 6 7 9 5 4 1 2 3 8 10 
20180804894 4 10 6 1 2 8 3 5 9 7 
20180804895 10 2 7 8 6 4 9 3 1 5 
20180804896 2 4 10 1 6 3 5 9 8 7 
20180804897 2 6 3 8 9 7 10 5 4 1 
20180804898 4 10 3 8 6 9 5 7 1 2 
20180804899 5 1 10 7 3 6 4 8 2 9 
20180804900 9 6 5 4 10 3 1 2 7 8 
20180804901 7 9 8 6 5 3 1 2 4 10 
20180804902 5 2 1 7 4 8 10 3 9 6 
20180804903 2 3 8 1 6 5 7 10 4 9 
20180804904 9 5 3 7 4 6 10 2 1 8 
20180804905 6 5 2 1 4 3 8 7 10 9 
20180804906 2 1 3 6 5 8 10 4 9 7 
20180804907 1 9 8 4 10 5 6 7 3 2 
20180804908 3 2 5 10 9 1 6 8 7 4 
20180804909 7 1 3 10 2 6 4 8 9 5 
20180804910 5 2 1 3 7 6 9 10 8 4 
20180804911 6 4 3 2 10 9 7 8 5 1 
20180804912 5 2 8 3 6 4 10 7 9 1 
20180804913 8 6 1 5 3 9 4 7 2 10 
20180804914 7 6 4 3 10 1 9 5 8 2 
20180804915 1 6 5 7 10 3 8 9 2 4 
20180804916 9 1 4 2 7 6 3 5 8 10 
20180804917 3 9 1 5 4 6 2 7 10 8 
20180804918 6 10 5 2 4 7 1 9 3 8 
20180804919 6 1 2 7 3 10 9 4 8 5 
20180804920 6 10 1 3 8 2 4 5 9 7 
20180804921 10 2 7 1 3 5 4 8 6 9 
20180804922 5 8 3 1 6 2 9 4 7 10 
20180804923 3 8 10 2 1 7 9 4 6 5 
20180804924 4 7 2 9 8 10 6 5 3 1 
20180804925 5 10 8 4 6 7 2 1 9 3 
20180804926 8 2 10 7 4 6 9 3 5 1 
20180804927 7 2 5 4 9 3 6 10 1 8 
20180804928 1 5 6 3 7 10 4 8 9 2 
20180804929 10 6 5 1 8 2 9 4 7 3 
20180804930 10 9 5 8 2 4 1 3 6 7 
20180804931 5 8 2 9 1 10 7 4 3 6 
20180804932 10 1 5 9 3 7 8 6 4 2 
20180804933 6 1 8 3 7 9 4 5 10 2 
20180804934 4 1 9 7 3 6 2 5 10 8 
20180804935 8 4 5 9 2 10 1 3 6 7 
20180804936 3 5 2 4 8 9 7 1 10 6 
20180804937 4 8 6 10 3 2 7 1 9 5 
20180804938 9 2 5 8 6 3 10 4 7 1 
20180804939 9 4 10 5 7 1 6 3 8 2 
20180804940 2 6 5 10 4 1 8 7 9 3 
20180804941 6 10 1 2 7 4 3 9 5 8 
20180804942 6 8 4 9 1 10 2 7 3 5 
20180804943 10 9 6 8 1 5 2 7 3 4 
20180804944 7 3 2 6 10 9 8 4 1 5 
20180804945 2 4 9 5 1 8 3 6 10 7 
20180804946 3 8 1 2 5 9 4 7 6 10 
20180804947 3 7 8 2 9 5 4 6 10 1 
20180804948 2 8 5 9 1 7 3 4 6 10 
20180804949 7 3 10 2 8 5 4 9 6 1 
20180804950 1 6 3 10 2 5 4 7 8 9 
20180804951 3 2 7 4 9 10 8 6 5 1 
20180804952 5 4 6 8 10 2 1 3 9 7 
20180804953 2 9 3 6 7 8 10 4 1 5 
20180804954 7 6 4 10 3 9 2 1 8 5 
20180804955 10 7 8 5 9 2 4 1 3 6 
20180804956 5 1 6 2 4 8 10 3 9 7 
20180804957 1 5 6 3 10 2 4 8 9 7 
20180804958 8 1 4 9 7 10 5 3 6 2 
20180804959 7 3 2 1 6 10 8 9 4 5 
20180804960 7 1 6 2 4 10 5 9 3 8 
20180804961 1 9 3 2 7 5 6 4 10 8 
20180804962 6 5 4 10 3 9 2 8 7 1 
20180804963 6 5 2 4 1 10 7 8 3 9 
20180804964 10 4 2 3 9 5 6 1 8 7 
20180804965 5 6 4 2 10 8 9 7 3 1 
20180804966 2 7 3 1 6 4 5 8 9 10 
20180804967 4 8 2 9 7 1 6 3 5 10 
20180804968 2 9 10 5 1 3 7 4 6 8 
20180804969 5 10 8 3 2 9 1 7 6 4 
20180804970 9 7 4 3 2 5 1 8 10 6 
20180804971 9 7 5 3 1 4 2 8 6 10 
20180804972 7 10 3 9 5 4 1 6 8 2 
20180804973 10 6 5 2 3 9 1 4 8 7 
20180804974 5 10 6 9 2 7 8 1 3 4 
20180804975 8 6 9 4 1 2 3 7 5 10 
20180804976 7 4 2 5 3 10 9 8 1 6 
20180804977 10 5 4 6 7 3 2 1 9 8 
20180804978 8 7 4 9 5 1 2 6 10 3 
20180804979 8 3 7 10 4 2 9 6 5 1 
20180804980 8 1 7 4 10 2 9 3 6 5 
20180804981 7 5 3 4 10 1 6 9 2 8 
20180804982 6 2 10 9 8 5 1 3 4 7 
20180804983 4 3 9 8 6 2 1 10 7 5 
20180804984 7 8 10 6 9 1 5 4 3 2 
20180804985 1 10 7 8 2 5 4 6 3 9 
