20180809980 1 6 10 8 5 9 2 7 4 3 
20180809979 9 1 3 10 2 4 8 6 7 5 
20180809982 6 4 9 3 1 7 5 8 10 2 
20180809984 10 4 1 9 2 5 3 8 7 6 
20180809985 1 9 5 10 7 3 8 4 6 2 
20180810004 4 7 5 8 3 9 10 1 2 6 
20180810007 10 6 4 8 1 5 3 2 7 9 
20180810011 6 1 5 10 3 7 8 4 9 2 
20180810014 6 1 10 5 2 8 3 9 4 7 
20180810018 6 10 1 4 5 7 2 8 9 3 
20180810021 5 3 2 4 8 6 9 10 1 7 
20180810024 7 4 10 9 3 1 5 8 2 6 
20180810026 1 9 4 8 7 5 6 3 10 2 
20180810028 10 2 6 4 7 3 5 8 1 9 
20180810029 6 7 1 4 8 3 9 2 10 5 
20180810032 7 8 5 3 1 6 4 2 10 9 
20180810033 2 9 4 7 10 5 8 3 1 6 
20180810035 9 7 10 6 5 2 3 1 4 8 
20180810037 4 5 10 9 3 2 8 6 1 7 
20180810039 6 10 5 3 7 2 1 8 9 4 
20180810041 7 2 4 9 3 6 5 10 1 8 
20180810043 8 2 4 7 3 10 6 9 5 1 
20180810044 5 8 1 2 6 4 7 9 3 10 
20180810046 9 4 2 5 1 8 6 10 7 3 
20180810048 3 2 9 10 5 1 4 7 8 6 
20180810050 2 8 5 1 7 9 6 4 3 10 
20180810052 2 3 8 5 7 1 9 6 4 10 
20180810053 3 5 7 1 4 8 9 2 6 10 
20180810056 1 8 3 7 4 6 10 5 9 2 
20180810057 7 10 2 3 4 5 8 1 9 6 
20180810058 7 5 2 4 3 6 9 1 10 8 
20180810059 7 2 9 6 1 8 5 4 10 3 
20180810060 3 5 9 7 10 2 1 8 4 6 
20180810061 5 1 2 8 3 6 7 4 10 9 
20180810062 7 6 5 10 3 9 1 4 8 2 
20180810063 10 2 3 4 8 5 1 7 9 6 
20180810064 4 1 5 10 9 2 8 7 3 6 
20180810065 5 3 6 9 10 4 7 2 8 1 
20180810066 9 1 6 2 4 5 3 10 8 7 
20180810067 2 8 7 4 6 9 1 3 5 10 
20180810068 5 2 7 3 10 8 1 9 6 4 
20180810069 5 1 3 9 4 6 2 8 10 7 
20180810070 7 10 6 1 8 2 3 4 5 9 
20180810071 2 6 4 9 1 7 5 10 3 8 
20180810072 5 8 1 7 9 2 10 4 6 3 
20180810073 3 6 7 10 2 5 8 1 4 9 
20180810074 3 4 9 6 7 10 2 8 5 1 
20180810075 5 2 9 10 7 3 1 8 6 4 
20180810076 5 4 1 3 9 10 6 8 7 2 
20180810077 6 4 9 2 5 7 10 8 3 1 
20180810078 1 2 7 10 9 8 5 4 3 6 
20180810079 7 3 9 5 4 8 6 10 2 1 
20180810080 6 9 8 3 7 2 10 1 4 5 
20180810081 9 7 4 1 5 6 8 3 2 10 
20180810082 6 4 10 3 2 1 8 9 5 7 
20180810083 3 6 4 9 1 7 10 8 5 2 
20180810084 10 8 6 1 5 9 7 3 2 4 
20180810085 8 3 1 7 4 10 9 6 2 5 
20180810086 9 6 5 1 2 3 10 7 8 4 
20180810087 9 6 5 7 1 2 8 10 3 4 
20180810088 1 3 4 5 2 10 8 9 7 6 
20180810089 9 8 2 5 10 4 7 3 1 6 
20180810090 2 7 5 9 6 3 10 1 8 4 
20180810091 7 4 1 9 2 5 8 3 10 6 
20180810092 2 3 9 10 8 5 4 1 7 6 
20180810093 4 2 9 3 8 5 1 10 6 7 
20180810094 4 3 8 5 10 1 9 2 6 7 
20180810095 4 5 10 6 9 3 1 2 7 8 
20180810096 7 6 1 9 2 8 10 4 3 5 
20180810097 2 3 10 5 6 1 7 9 8 4 
20180810098 6 5 8 7 9 4 10 3 1 2 
20180810099 1 3 6 8 5 2 10 9 4 7 
20180810100 7 6 5 3 10 9 8 1 4 2 
20180810101 4 7 8 1 3 5 6 9 2 10 
20180810102 4 1 6 3 7 9 5 8 2 10 
20180810103 7 2 9 4 6 10 8 1 3 5 
20180810104 2 8 6 7 4 3 9 10 1 5 
20180810105 3 4 1 10 7 9 5 8 6 2 
20180810106 2 3 1 8 6 9 7 4 10 5 
20180810107 10 6 2 8 7 5 3 1 9 4 
20180810108 5 2 9 10 7 6 8 4 3 1 
20180810109 2 8 7 9 6 10 5 3 1 4 
20180810110 5 7 2 10 9 8 3 4 6 1 
20180810111 3 5 10 7 2 9 1 4 8 6 
20180810112 6 2 10 8 7 4 1 5 9 3 
20180810113 7 8 1 5 9 4 3 2 10 6 
20180810114 6 7 4 9 5 10 1 8 2 3 
20180810115 9 4 10 1 6 7 2 8 3 5 
20180810116 9 2 5 7 1 8 10 6 4 3 
20180810117 6 4 3 7 9 5 1 8 2 10 
20180810118 4 8 9 2 7 1 10 6 5 3 
20180810119 6 7 9 2 5 1 8 10 3 4 
20180810120 7 10 6 4 5 9 2 1 3 8 
20180810121 8 6 9 10 4 7 5 1 3 2 
20180810122 3 4 5 1 6 7 9 8 10 2 
20180810123 10 3 7 1 2 5 4 8 9 6 
20180810124 4 7 10 6 1 5 2 3 8 9 
20180810125 10 3 1 5 4 7 2 6 9 8 
20180810126 2 7 10 3 6 5 1 4 9 8 
20180810127 10 6 5 9 2 3 1 4 7 8 
20180810128 1 6 3 9 10 8 2 4 7 5 
20180810129 7 1 8 9 5 2 6 10 4 3 
20180810130 10 1 6 8 4 7 9 3 5 2 
20180810131 8 9 4 3 2 1 5 7 6 10 
20180810132 2 3 1 5 9 10 8 6 4 7 
20180810133 9 8 5 10 7 3 1 6 2 4 
20180810134 10 3 7 4 8 1 5 2 9 6 
20180810135 10 6 8 7 1 3 5 4 9 2 
20180810136 3 10 6 7 5 8 4 1 2 9 
20180810137 8 5 3 9 10 7 6 2 4 1 
20180810138 1 8 6 9 2 7 5 3 10 4 
20180810139 9 5 2 8 7 10 3 4 6 1 
20180810140 2 9 4 5 7 10 3 6 8 1 
20180810141 3 4 5 2 8 1 10 9 6 7 
20180810142 8 7 1 9 6 3 10 5 2 4 
20180810143 1 10 4 6 8 2 3 9 5 7 
20180810144 7 6 10 9 5 1 3 8 2 4 
20180810145 3 7 5 1 6 8 2 10 9 4 
20180810146 9 2 1 10 5 3 8 4 6 7 
20180810147 4 8 1 10 5 6 7 9 2 3 
20180810148 2 7 6 10 4 8 3 1 9 5 
20180810149 2 3 5 7 10 9 6 1 4 8 
20180810150 1 6 9 2 10 5 7 8 3 4 
20180810151 2 4 8 10 9 5 6 7 3 1 
20180810152 9 1 3 8 10 5 4 2 7 6 
20180810153 4 9 6 7 8 5 2 3 1 10 
20180810154 10 2 1 4 8 6 9 7 3 5 
20180810155 6 8 7 1 2 3 10 9 4 5 
20180810156 7 8 6 3 1 5 9 4 10 2 
20180810159 6 5 2 7 4 9 1 3 10 8 
20180810158 9 7 2 1 10 4 8 3 5 6 
20180810160 5 2 8 3 10 6 4 1 9 7 
20180810161 1 4 5 6 8 10 9 2 3 7 
20180810162 8 4 7 9 2 5 10 1 3 6 
20180810164 3 9 8 6 7 2 4 10 5 1 
20180810165 10 4 7 5 1 2 8 6 3 9 
20180810166 3 4 6 5 7 10 9 1 8 2 
20180810167 2 3 9 1 5 4 8 6 7 10 
20180810168 3 2 9 1 8 10 7 4 6 5 
20180810169 4 2 8 5 10 6 9 3 7 1 
20180810170 3 4 7 9 5 6 10 1 8 2 
20180810171 7 3 8 1 10 9 4 2 6 5 
20180810172 1 5 10 8 4 7 6 2 3 9 
20180810173 8 4 7 3 1 6 2 9 5 10 
20180810174 8 9 6 4 10 7 3 5 2 1 
20180810175 6 9 1 2 4 7 10 3 5 8 
20180810176 9 7 1 6 2 3 8 10 4 5 
20180810177 1 5 9 3 2 10 8 4 7 6 
20180810178 6 2 4 5 1 10 7 3 9 8 
20180810179 8 9 4 5 1 2 6 7 10 3 
20180810180 4 1 10 6 5 3 8 9 2 7 
20180810181 7 6 4 3 8 5 1 2 10 9 
20180810182 1 6 10 3 9 7 2 5 4 8 
20180810183 10 8 1 3 2 5 9 7 6 4 
20180810184 8 6 1 9 3 10 5 4 2 7 
20180810185 4 6 2 10 5 8 7 9 3 1 
20180810186 4 9 5 7 8 6 10 1 2 3 
20180810187 9 3 1 6 2 8 4 10 5 7 
20180810188 3 6 7 1 10 9 8 2 4 5 
20180810189 3 2 4 10 5 1 6 7 9 8 
20180810190 10 7 3 2 9 6 4 8 5 1 
20180810191 1 4 6 10 8 2 9 7 5 3 
20180810192 5 2 8 10 7 4 6 1 3 9 
20180810193 9 10 7 5 2 1 4 8 3 6 
20180810194 5 9 4 10 1 8 7 2 3 6 
20180810195 1 7 10 9 4 3 6 2 5 8 
20180810196 10 9 4 5 6 3 2 1 7 8 
20180810197 8 1 3 6 5 10 9 2 4 7 
20180810198 1 3 6 10 5 9 2 4 8 7 
20180810199 5 8 1 3 2 9 4 7 10 6 
20180810200 9 5 7 6 3 10 2 1 8 4 
20180810201 7 10 4 3 5 1 8 6 9 2 
20180810202 9 1 3 2 5 6 8 10 4 7 
20180810203 3 4 7 1 6 2 9 5 8 10 
20180810204 5 1 3 7 6 9 2 10 4 8 
20180810205 2 5 9 1 7 3 8 4 6 10 
20180810206 5 6 8 10 4 1 9 3 2 7 
20180810207 3 1 6 5 2 9 7 8 4 10 
20180810208 9 10 8 5 4 1 2 7 3 6 
20180810209 2 8 1 6 9 10 5 3 7 4 
20180810210 3 4 5 8 6 9 10 7 2 1 
20180810211 10 7 8 9 6 5 4 1 2 3 
20180810212 9 4 10 6 8 3 7 1 5 2 
20180810213 9 6 5 4 2 7 10 8 1 3 
20180810214 2 3 10 6 8 9 5 1 7 4 
20180810215 5 6 3 9 10 2 4 7 1 8 
20180810216 4 8 6 5 7 10 2 1 9 3 
20180810217 3 6 4 2 9 5 1 7 8 10 
20180810218 4 6 10 1 8 2 3 9 7 5 
20180810219 8 5 9 7 2 6 1 10 3 4 
20180810220 4 10 3 6 9 8 1 7 5 2 
20180810221 9 4 8 1 6 5 3 10 7 2 
20180810222 9 4 1 3 6 7 8 10 2 5 
20180810223 2 9 4 5 6 1 7 8 3 10 
20180810224 7 1 4 10 6 8 2 3 9 5 
20180810225 6 10 3 1 7 4 5 8 9 2 
20180810226 9 6 5 1 10 3 7 2 8 4 
20180810227 4 7 9 10 5 6 8 3 1 2 
20180810228 7 5 6 10 1 9 2 8 3 4 
20180810229 4 10 3 7 6 5 9 2 8 1 
20180810230 6 4 2 5 9 7 10 1 8 3 
20180810231 2 7 9 8 10 3 6 5 4 1 
20180810232 3 2 7 5 1 6 9 4 10 8 
20180810233 1 10 6 5 4 3 9 2 8 7 
20180810234 3 6 9 2 7 4 1 10 5 8 
20180810235 1 9 4 2 6 5 3 10 8 7 
20180810236 5 6 4 9 7 2 10 3 8 1 
20180810237 7 5 8 2 4 6 10 1 3 9 
20180810238 6 5 7 9 10 8 1 4 3 2 
20180810239 4 5 3 9 10 7 8 1 2 6 
20180810240 6 9 1 8 10 7 2 4 5 3 
20180810241 8 2 10 9 6 1 3 5 4 7 
20180810242 3 1 2 10 5 6 9 7 8 4 
20180810243 3 10 1 4 6 7 9 8 2 5 
20180810244 6 9 3 4 10 1 2 7 8 5 
20180810245 1 5 6 7 10 8 2 3 4 9 
20180810246 2 10 8 6 1 5 3 9 7 4 
20180810247 6 2 4 8 5 10 1 3 7 9 
20180810248 2 4 10 9 6 5 3 7 1 8 
20180810249 1 8 4 7 3 2 9 5 6 10 
20180810250 5 10 1 7 2 3 6 4 8 9 
20180810251 4 8 6 1 3 7 5 10 2 9 
20180810252 4 10 5 1 2 9 8 3 7 6 
20180810253 7 5 10 1 3 2 4 6 9 8 
20180810254 1 4 8 3 6 5 9 10 2 7 
20180810255 9 3 6 8 4 10 1 5 2 7 
20180810256 6 4 5 9 2 7 10 1 3 8 
20180810257 7 5 9 6 10 2 8 1 4 3 
20180810258 8 5 6 4 10 7 1 2 3 9 
20180810259 4 5 3 10 9 1 6 7 8 2 
20180810260 2 8 6 4 9 3 5 10 7 1 
20180810261 2 10 7 9 6 5 4 3 8 1 
20180810262 2 9 4 6 10 5 7 1 3 8 
20180810263 8 9 3 5 1 7 10 2 4 6 
20180810264 4 1 2 5 10 7 3 9 8 6 
20180810265 8 4 1 5 10 7 3 2 9 6 
20180810266 10 3 9 5 8 2 6 4 7 1 
20180810267 8 9 10 4 7 6 3 2 5 1 
20180810268 8 1 3 6 2 9 4 10 5 7 
20180810269 8 9 6 5 4 10 2 1 3 7 
20180810270 6 7 8 3 2 1 10 4 5 9 
20180810271 5 7 2 10 6 1 3 4 8 9 
20180810272 3 9 10 6 4 8 2 5 7 1 
20180810273 9 1 2 3 8 7 10 5 6 4 
20180810274 5 7 4 2 10 6 8 9 3 1 
20180810275 6 5 4 3 10 2 9 8 1 7 
20180810276 9 2 10 4 7 6 1 3 5 8 
20180810277 1 3 6 5 7 8 2 10 9 4 
20180810278 10 7 8 4 5 3 9 6 2 1 
20180810279 1 5 6 7 2 9 4 10 8 3 
20180810280 8 9 3 4 1 6 2 10 5 7 
20180810281 3 9 7 10 2 8 6 5 4 1 
20180810282 3 6 5 2 1 10 8 9 4 7 
20180810283 4 7 5 6 2 1 10 9 3 8 
20180810284 5 8 2 7 6 3 1 4 10 9 
20180810285 5 8 1 2 6 4 3 9 10 7 
20180810286 1 5 3 8 10 4 7 6 9 2 
20180810287 9 7 3 10 1 8 6 4 2 5 
20180810288 6 9 2 3 7 10 4 5 8 1 
20180810289 9 4 5 3 10 8 1 6 2 7 
20180810290 4 10 7 3 9 1 2 8 5 6 
20180810291 9 7 1 2 5 4 6 10 8 3 
20180810292 3 5 6 10 1 8 9 4 2 7 
20180810293 8 1 6 7 10 9 4 3 2 5 
20180810294 10 2 6 1 5 9 3 4 8 7 
20180810295 10 7 2 4 9 1 8 5 6 3 
20180810296 2 7 4 8 3 1 9 5 6 10 
20180810297 6 10 2 7 5 4 1 9 3 8 
20180810298 2 1 7 5 10 9 8 6 4 3 
20180810299 3 8 9 5 7 1 2 10 4 6 
20180810300 9 8 10 4 3 1 6 5 2 7 
20180810301 8 7 6 5 1 3 9 2 10 4 
20180810302 4 7 6 3 10 1 2 8 5 9 
20180810303 7 8 4 9 10 5 3 1 6 2 
20180810304 5 10 1 3 8 4 9 2 6 7 
20180810305 7 3 9 6 1 4 8 5 2 10 
20180810306 4 7 5 1 10 3 8 9 2 6 
20180810307 7 8 10 9 6 5 1 4 2 3 
20180810308 10 1 4 2 5 3 6 8 9 7 
20180810309 10 9 8 1 2 5 7 4 3 6 
20180810310 8 2 9 4 1 6 5 3 10 7 
20180810311 2 7 3 6 8 10 5 9 1 4 
20180810312 1 3 8 9 6 2 4 5 7 10 
20180810313 9 4 5 8 7 3 1 6 10 2 
20180810314 1 5 10 6 4 3 8 2 9 7 
20180810315 8 6 9 2 10 5 4 3 1 7 
20180810316 4 9 10 6 5 3 2 8 7 1 
20180810317 6 4 8 10 3 1 2 7 9 5 
20180810318 8 1 10 6 5 4 3 9 2 7 
20180810319 9 2 5 1 4 10 3 6 7 8 
20180810320 1 8 7 10 4 3 5 9 6 2 
20180810321 10 2 4 3 5 7 6 9 1 8 
20180810322 7 3 4 8 2 6 1 5 10 9 
20180810323 6 9 4 8 2 1 10 3 7 5 
20180810324 8 7 1 9 5 2 10 3 6 4 
20180810325 5 6 3 2 9 10 4 8 7 1 
20180810326 2 3 6 10 8 4 9 1 5 7 
20180810327 8 6 9 2 7 3 4 1 5 10 
20180810328 3 1 7 6 5 8 2 4 9 10 
20180810329 1 4 9 3 2 7 6 8 10 5 
20180810330 9 4 8 10 1 5 6 7 3 2 
20180810331 9 6 1 2 7 5 3 4 8 10 
20180810332 6 7 9 4 5 8 3 1 2 10 
20180810333 3 4 10 7 5 1 6 9 8 2 
20180810334 2 9 10 8 1 6 3 7 4 5 
20180810335 6 4 5 8 3 7 10 2 9 1 
20180810336 8 9 6 1 4 2 10 7 3 5 
20180810337 9 7 3 1 2 5 10 6 4 8 
20180810338 4 5 6 7 2 1 3 9 8 10 
20180810339 1 10 9 6 2 5 3 7 4 8 
20180810340 2 1 7 9 5 10 3 4 8 6 
20180810341 7 9 8 2 6 1 3 10 4 5 
20180810342 10 6 3 8 1 2 5 4 7 9 
20180810343 1 6 8 7 3 5 2 9 10 4 
20180810344 2 4 8 3 7 10 6 9 1 5 
20180810345 2 1 7 8 5 4 6 3 9 10 
20180810346 9 8 10 7 4 2 6 1 3 5 
20180810347 10 1 5 9 8 3 2 4 7 6 
20180810348 4 9 5 7 10 1 8 3 6 2 
20180810349 10 6 3 7 2 5 8 1 9 4 
20180810350 2 1 10 9 4 8 6 3 7 5 
20180810351 9 10 6 1 2 4 3 5 8 7 
20180810352 4 7 8 5 9 3 6 10 2 1 
20180810353 8 6 2 5 1 3 9 7 4 10 
20180810354 4 8 5 7 3 9 6 10 2 1 
20180810355 5 8 2 3 10 6 4 9 7 1 
20180810356 9 2 5 7 6 1 3 10 4 8 
20180810357 7 3 2 8 4 1 5 9 6 10 
20180810358 10 6 8 4 9 3 5 2 1 7 
20180810359 5 8 6 4 1 7 9 2 10 3 
20180810360 5 8 7 9 10 2 1 6 4 3 
20180810361 8 2 9 1 6 3 7 4 5 10 
20180810362 3 7 9 8 1 10 6 4 5 2 
20180810363 8 7 3 2 9 6 1 5 10 4 
20180810364 10 2 5 4 8 6 7 1 9 3 
20180810365 6 2 1 7 10 5 3 8 4 9 
20180810366 6 5 4 9 7 3 10 2 8 1 
20180810367 2 9 8 10 3 1 6 5 4 7 
20180810368 2 8 10 1 4 3 5 6 9 7 
20180810369 8 10 3 4 9 1 2 6 7 5 
20180810370 7 8 3 5 4 2 10 9 1 6 
20180810371 4 1 3 9 6 10 5 7 8 2 
20180810372 1 7 9 5 3 10 4 2 6 8 
20180810373 2 5 4 10 9 3 1 6 8 7 
20180810374 4 1 5 8 3 9 10 6 2 7 
20180810375 2 1 7 3 10 5 4 8 6 9 
20180810376 5 4 6 2 10 7 8 9 1 3 
20180810377 10 6 8 2 9 5 4 1 7 3 
20180810378 1 5 8 4 9 7 3 10 6 2 
20180810379 9 5 3 8 4 2 10 1 6 7 
20180810380 2 4 6 1 7 8 5 9 3 10 
20180810381 10 2 8 1 4 9 5 3 7 6 
20180810382 9 7 1 4 10 5 8 6 2 3 
20180810383 6 5 9 3 1 10 2 7 4 8 
20180810384 7 1 4 9 6 10 8 5 3 2 
20180810385 10 5 6 9 4 8 2 1 3 7 
20180810386 8 7 5 10 1 6 9 2 4 3 
20180810387 4 1 7 10 5 2 9 6 3 8 
20180810388 4 7 5 3 1 6 9 8 10 2 
20180810389 1 6 2 5 4 8 7 3 10 9 
20180810390 10 8 5 3 1 2 9 6 4 7 
20180810391 3 9 4 1 10 7 8 2 5 6 
20180810392 6 9 3 2 10 7 1 4 8 5 
20180810393 10 1 2 5 6 8 3 9 7 4 
20180810394 6 10 9 5 3 1 8 2 7 4 
20180810395 9 7 10 3 5 8 2 1 4 6 
20180810396 4 7 2 8 10 9 6 5 3 1 
20180810397 10 6 8 4 3 1 7 9 5 2 
20180810398 7 4 9 1 6 3 10 8 5 2 
20180810399 7 3 4 1 2 10 6 5 9 8 
20180810400 10 6 8 7 4 2 9 5 3 1 
20180810401 10 3 1 4 7 5 9 6 8 2 
20180810402 3 10 8 9 4 2 5 1 7 6 
20180810403 2 5 8 3 4 6 9 1 10 7 
20180810404 3 2 4 6 7 9 5 10 1 8 
20180810405 3 1 7 4 8 10 5 2 6 9 
20180810406 3 1 7 10 5 6 8 4 9 2 
20180810407 1 10 6 3 8 9 7 4 2 5 
20180810408 4 8 9 2 5 10 7 1 6 3 
20180810409 5 6 7 2 8 4 9 3 10 1 
20180810410 10 4 3 9 1 7 6 5 8 2 
20180810411 3 6 8 7 2 4 5 1 9 10 
20180810412 2 10 7 3 1 9 4 5 8 6 
20180810413 10 3 1 5 9 4 7 2 8 6 
20180810414 7 9 2 1 4 10 3 8 6 5 
20180810415 10 1 5 2 8 7 4 6 3 9 
20180810416 3 8 1 5 10 4 6 7 9 2 
20180810417 10 1 8 2 7 9 4 5 3 6 
20180810418 5 3 9 4 8 1 10 7 2 6 
20180810419 10 8 1 4 7 9 2 6 5 3 
20180810420 9 10 1 4 2 5 7 3 6 8 
20180810421 9 5 7 10 8 3 6 2 4 1 
20180810422 7 8 9 5 3 1 6 2 10 4 
20180810423 1 3 9 4 2 6 7 10 8 5 
20180810424 9 8 2 1 7 10 4 5 6 3 
20180810425 5 4 7 8 10 9 3 2 6 1 
20180810426 7 10 6 4 2 1 8 5 9 3 
20180810427 7 4 5 10 2 9 1 6 3 8 
20180810428 3 7 9 2 6 4 5 1 10 8 
20180810429 3 2 10 7 4 9 8 1 6 5 
20180810430 4 5 10 6 3 9 1 7 2 8 
20180810431 1 5 10 8 3 9 7 2 4 6 
20180810432 7 4 9 10 1 8 2 6 5 3 
20180810433 3 1 10 8 2 6 9 4 7 5 
20180810434 2 10 7 6 1 3 8 5 9 4 
20180810435 1 4 3 6 8 10 5 2 9 7 
20180810436 3 6 1 5 8 2 7 10 4 9 
20180810437 6 3 7 8 4 2 10 1 9 5 
20180810438 7 10 4 5 9 6 8 3 1 2 
20180810439 1 2 7 3 8 5 10 9 6 4 
20180810440 3 4 7 2 6 10 1 9 8 5 
20180810441 6 9 4 10 8 7 2 5 1 3 
20180810442 3 6 9 4 8 5 10 7 2 1 
20180810443 9 3 10 8 7 4 1 2 5 6 
20180810444 7 5 6 2 1 9 3 10 4 8 
20180810445 1 3 4 9 8 10 6 2 7 5 
20180810446 4 2 10 9 7 5 6 3 1 8 
20180810447 3 10 1 4 9 2 5 6 7 8 
20180810448 6 10 9 3 1 4 2 8 5 7 
20180810449 4 8 7 9 3 2 5 1 6 10 
20180810450 6 2 8 5 10 9 3 4 7 1 
20180810451 6 2 3 5 8 4 7 1 10 9 
20180810452 6 2 1 10 5 3 9 7 8 4 
20180810453 7 8 10 6 1 3 4 9 5 2 
20180810454 8 1 6 10 9 5 3 4 7 2 
20180810455 8 3 1 10 9 6 2 7 5 4 
20180810456 4 5 10 1 7 9 8 3 2 6 
20180810457 3 5 7 1 8 2 6 10 9 4 
20180810458 3 10 6 9 4 1 7 2 8 5 
20180810459 7 10 1 6 9 5 2 4 8 3 
20180810460 4 1 3 10 5 6 7 9 2 8 
20180810461 9 1 3 2 4 6 8 7 10 5 
20180810462 3 8 4 10 9 1 5 7 2 6 
20180810463 10 3 8 7 2 4 6 1 9 5 
20180810464 10 2 1 3 9 5 4 7 6 8 
20180810465 2 6 5 4 8 7 1 3 10 9 
20180810466 10 4 8 2 5 9 1 3 7 6 
20180810467 2 5 8 10 3 6 4 9 7 1 
20180810468 1 3 4 8 10 9 2 7 6 5 
20180810469 7 8 3 6 10 1 2 9 5 4 
20180810470 6 4 9 10 3 5 8 7 2 1 
20180810471 5 8 6 3 1 7 2 9 10 4 
20180810472 2 1 5 10 3 9 4 7 8 6 
20180810473 2 4 5 1 10 6 7 9 3 8 
20180810474 8 10 2 4 9 1 5 7 3 6 
20180810475 4 9 5 8 7 3 6 2 10 1 
20180810476 9 3 4 2 7 5 1 6 8 10 
20180810477 1 8 4 2 9 10 5 6 7 3 
20180810478 2 10 9 1 6 3 4 7 5 8 
20180810479 1 10 4 2 5 6 9 8 7 3 
20180810480 10 1 2 4 3 9 8 6 7 5 
20180810481 1 10 2 7 6 8 4 3 9 5 
20180810482 10 8 4 1 7 5 6 2 9 3 
20180810483 6 1 9 3 4 2 8 5 7 10 
20180810484 9 4 8 5 3 7 1 10 2 6 
20180810485 2 1 9 8 5 7 10 6 3 4 
20180810486 3 5 9 10 7 2 1 4 6 8 
20180810487 7 2 9 5 10 8 4 6 3 1 
20180810488 1 7 8 2 4 3 10 6 9 5 
20180810489 1 9 5 10 2 6 3 8 4 7 
20180810490 3 2 8 1 4 9 5 6 7 10 
20180810491 9 3 4 6 1 2 5 7 8 10 
20180810492 1 8 2 5 10 6 4 7 9 3 
20180810493 9 2 5 1 6 8 3 10 4 7 
20180810494 10 6 9 5 4 8 7 2 1 3 
20180810495 2 10 6 7 5 4 3 9 1 8 
20180810496 6 9 5 4 1 10 8 7 2 3 
20180810497 10 9 8 4 2 5 6 1 7 3 
20180810498 5 6 2 9 3 8 4 1 10 7 
20180810499 3 6 9 8 7 10 1 4 2 5 
20180810500 9 5 1 2 3 8 10 7 6 4 
20180810501 5 8 10 3 6 4 7 9 1 2 
20180810502 10 7 1 6 4 2 3 8 9 5 
20180810503 1 6 3 2 5 9 7 10 8 4 
20180810504 10 7 4 3 6 8 2 5 1 9 
20180810505 2 7 10 9 1 8 6 4 3 5 
20180810506 1 4 8 2 3 7 9 10 6 5 
20180810507 10 8 4 2 7 5 6 9 1 3 
20180810508 10 8 6 9 4 3 7 2 5 1 
20180810509 2 6 9 1 4 3 5 10 8 7 
20180810510 1 3 9 2 5 4 8 10 7 6 
20180810511 6 10 5 3 7 4 9 8 1 2 
20180810512 3 6 4 9 1 2 8 7 10 5 
20180810513 2 6 3 8 5 10 4 1 7 9 
20180810514 4 7 8 9 6 1 2 5 3 10 
20180810515 3 6 5 7 4 8 10 1 9 2 
20180810516 8 7 2 6 10 5 3 4 1 9 
20180810517 8 7 10 5 4 1 9 2 3 6 
20180810518 5 1 8 2 7 3 6 10 9 4 
20180810519 3 7 8 2 6 9 4 10 1 5 
20180810520 6 7 5 2 10 4 9 8 1 3 
20180810521 6 5 8 7 9 10 4 3 2 1 
20180810522 5 2 9 10 3 8 7 1 6 4 
20180810523 5 2 7 3 10 6 1 9 4 8 
20180810524 7 6 5 3 4 9 2 1 8 10 
20180810525 1 5 2 10 9 7 8 6 4 3 
20180810526 5 9 3 1 6 4 7 8 2 10 
20180810527 1 3 5 9 8 2 10 7 4 6 
20180810528 7 8 10 3 9 5 1 4 6 2 
20180810529 8 5 7 9 3 2 1 6 4 10 
20180810530 7 3 5 8 6 10 9 1 4 2 
20180810531 5 9 2 7 4 10 6 3 8 1 
20180810532 7 3 5 10 4 2 1 8 9 6 
20180810533 5 7 3 1 8 9 2 4 10 6 
20180810534 8 5 6 7 3 1 9 2 4 10 
20180810535 1 10 3 2 7 4 5 9 6 8 
20180810536 3 7 6 4 9 10 1 8 5 2 
20180810537 4 9 5 8 2 10 1 6 3 7 
20180810538 10 6 4 7 2 5 9 8 3 1 
20180810539 8 6 2 4 5 7 3 10 1 9 
20180810540 1 3 5 6 2 9 7 10 8 4 
20180810541 10 6 1 9 8 4 5 2 3 7 
20180810542 6 4 8 1 3 9 2 10 5 7 
20180810543 8 3 6 4 5 7 9 10 1 2 
20180810544 7 2 9 3 6 8 1 5 4 10 
20180810545 4 3 6 10 8 7 9 5 1 2 
20180810546 2 8 6 10 9 7 3 4 1 5 
20180810547 9 8 6 1 10 4 7 5 2 3 
20180810548 4 3 8 10 1 6 7 5 2 9 
20180810549 5 7 6 1 10 2 4 8 3 9 
20180810550 10 8 9 4 1 5 7 3 2 6 
20180810551 4 8 7 10 3 6 9 2 1 5 
20180810552 7 9 10 1 4 8 2 6 3 5 
20180810553 8 2 3 1 9 7 6 5 4 10 
20180810554 1 9 6 10 7 3 4 8 2 5 
20180810555 8 2 10 7 1 3 6 4 5 9 
20180810556 9 10 2 4 3 8 6 1 7 5 
20180810557 1 6 2 4 7 8 3 9 10 5 
20180810558 1 4 10 9 2 3 6 7 8 5 
20180810559 4 8 3 7 5 1 9 2 10 6 
20180810560 4 1 8 7 6 3 5 9 10 2 
20180810561 9 8 1 7 5 4 2 6 3 10 
20180810562 2 5 9 7 8 1 3 4 6 10 
20180810563 6 3 5 1 10 7 4 8 2 9 
20180810564 10 7 6 8 3 2 1 4 9 5 
20180810565 2 10 3 7 1 5 8 4 9 6 
20180810566 1 9 3 10 4 6 7 2 8 5 
20180810567 5 6 8 10 9 4 3 1 7 2 
20180810568 7 9 3 2 4 8 1 5 10 6 
20180810569 5 8 10 6 7 4 9 1 2 3 
20180810570 5 6 9 4 2 8 7 3 10 1 
20180810571 9 7 10 2 6 1 4 8 5 3 
20180810572 9 7 4 10 3 6 2 5 8 1 
20180810573 8 7 6 3 1 9 4 5 10 2 
20180810574 10 7 5 8 2 6 1 4 3 9 
20180810575 9 2 4 8 7 5 6 10 3 1 
20180810576 8 4 3 6 2 7 10 9 1 5 
20180810577 9 4 6 7 5 10 3 8 2 1 
20180810578 7 9 4 6 8 1 10 3 2 5 
20180810579 9 4 10 3 1 5 6 2 8 7 
20180810580 5 3 6 10 1 4 7 2 8 9 
20180810581 4 5 8 7 6 3 10 2 1 9 
20180810582 7 2 6 5 9 8 3 1 10 4 
20180810583 9 5 3 8 4 7 2 1 6 10 
20180810584 8 4 2 10 9 5 7 6 1 3 
20180810585 9 1 6 4 5 2 7 10 8 3 
20180810586 8 4 5 3 10 9 6 7 1 2 
20180810587 9 5 4 1 8 10 6 3 2 7 
20180810588 3 10 1 9 6 8 7 4 2 5 
20180810589 4 10 5 7 8 6 2 9 3 1 
20180810590 1 3 8 4 6 7 2 10 9 5 
20180810591 5 9 1 3 2 10 8 6 7 4 
20180810592 1 6 7 3 2 5 8 4 10 9 
20180810593 9 6 10 4 5 1 8 3 2 7 
20180810594 3 4 9 10 6 2 5 7 1 8 
20180810595 5 2 6 4 3 10 1 7 9 8 
20180810596 4 9 8 2 1 5 7 6 10 3 
20180810597 3 2 4 10 1 5 6 7 9 8 
20180810598 4 5 8 2 9 1 10 7 3 6 
20180810599 6 8 3 7 5 4 2 10 9 1 
20180810600 10 8 6 7 5 1 3 9 2 4 
20180810601 6 4 9 3 5 7 10 8 1 2 
20180810602 1 10 9 5 7 2 4 8 3 6 
20180810603 2 8 6 4 5 3 7 10 9 1 
20180810604 9 3 5 10 8 4 7 6 2 1 
20180810605 6 3 5 9 10 4 8 2 7 1 
20180810606 7 9 1 6 5 3 8 10 2 4 
20180810607 8 3 2 7 1 5 10 6 4 9 
20180810608 5 1 9 4 3 2 6 10 7 8 
20180810609 9 6 8 7 10 4 3 2 1 5 
20180810610 3 1 2 10 5 8 7 9 6 4 
20180810611 3 5 8 2 7 9 10 6 1 4 
20180810612 9 5 4 10 6 2 8 1 7 3 
20180810613 8 7 4 10 5 2 3 1 6 9 
20180810614 9 10 5 6 4 2 3 7 8 1 
20180810615 6 7 10 9 8 2 1 5 3 4 
20180810616 1 9 4 2 8 7 6 3 10 5 
20180810617 3 7 6 4 5 1 10 9 8 2 
20180810618 4 2 7 8 10 9 1 3 6 5 
20180810619 1 8 2 3 4 7 10 6 5 9 
20180810620 10 2 3 7 9 5 4 1 6 8 
20180810621 5 1 8 2 3 10 4 9 6 7 
20180810622 8 5 3 1 4 2 7 10 6 9 
20180810623 2 10 6 1 4 8 9 5 7 3 
20180810624 7 5 2 6 1 3 9 8 10 4 
20180810625 5 9 7 8 10 2 3 1 4 6 
20180810626 8 6 9 3 4 10 7 2 5 1 
20180810627 4 7 9 5 6 10 3 8 2 1 
20180810628 1 5 7 2 6 4 8 3 10 9 
20180810629 10 4 9 3 5 7 2 1 6 8 
20180810630 2 5 9 4 3 7 8 10 6 1 
20180810631 3 1 8 4 9 2 6 10 5 7 
20180810632 3 4 8 5 9 2 10 6 1 7 
20180810633 2 5 8 10 4 7 6 9 3 1 
20180810634 2 8 3 9 5 1 7 10 4 6 
20180810635 2 1 8 10 5 6 7 4 3 9 
20180810636 4 3 8 2 5 6 9 10 1 7 
20180810637 9 8 5 4 7 1 10 3 2 6 
20180810638 6 9 3 10 2 1 4 5 8 7 
20180810639 4 2 8 9 6 7 3 10 5 1 
20180810640 7 5 6 3 10 2 1 8 9 4 
20180810641 8 10 5 6 2 1 3 9 4 7 
20180810642 3 4 2 6 5 10 7 8 1 9 
20180810643 10 4 8 2 1 9 5 7 6 3 
20180810644 6 1 3 8 10 5 2 9 7 4 
20180810645 3 5 10 2 6 1 9 4 8 7 
20180810646 1 5 9 4 6 7 8 3 2 10 
20180810647 1 7 2 4 3 9 6 8 5 10 
20180810648 3 4 5 9 2 1 10 6 7 8 
20180810649 8 1 6 7 3 5 10 2 4 9 
20180810650 5 6 10 7 2 3 8 9 4 1 
20180810651 3 9 6 5 8 7 1 2 4 10 
20180810652 1 10 9 3 4 2 6 5 8 7 
20180810653 6 2 7 8 5 4 1 10 9 3 
20180810654 3 4 5 9 6 2 7 10 1 8 
20180810655 6 7 8 4 3 9 1 2 5 10 
20180810656 7 10 9 8 6 3 5 2 4 1 
20180810657 10 3 2 8 9 4 5 6 1 7 
20180810658 9 8 3 7 5 6 10 2 1 4 
20180810659 8 10 6 3 7 2 1 9 4 5 
20180810660 2 10 7 9 6 5 8 4 3 1 
20180810661 1 9 10 4 8 3 5 6 7 2 
20180810662 5 7 3 1 2 8 4 10 9 6 
20180810663 3 5 8 1 9 2 7 10 4 6 
20180810664 1 3 7 2 8 5 10 4 9 6 
20180810665 2 8 1 4 5 9 6 10 3 7 
20180810666 2 6 5 4 3 1 8 7 9 10 
20180810667 8 10 7 9 2 3 4 5 6 1 
20180810668 5 8 4 6 2 9 10 1 7 3 
20180810669 7 10 4 9 1 3 8 2 6 5 
20180810670 8 1 6 4 7 3 10 5 9 2 
20180810671 1 9 6 7 3 5 8 2 10 4 
20180810672 5 7 4 6 1 3 10 2 8 9 
20180810673 8 7 3 4 2 10 1 9 6 5 
20180810674 9 7 1 5 6 2 4 10 8 3 
20180810675 9 3 8 7 10 2 6 5 1 4 
20180810676 2 9 1 7 3 6 8 5 4 10 
20180810677 3 5 6 4 8 9 1 7 2 10 
20180810678 8 7 3 4 9 5 6 1 2 10 
20180810679 3 5 6 2 9 7 10 4 1 8 
20180810680 4 3 9 6 1 10 8 7 5 2 
20180810681 1 6 4 8 7 2 10 9 5 3 
20180810682 9 6 5 2 10 7 4 8 3 1 
20180810683 2 6 9 8 7 5 10 4 1 3 
20180810684 7 10 9 2 1 6 8 5 3 4 
20180810685 10 1 3 7 6 5 8 4 9 2 
20180810686 8 3 5 4 10 7 2 6 9 1 
20180810687 9 4 1 6 2 10 7 8 3 5 
20180810688 7 9 3 2 6 5 8 10 4 1 
20180810689 3 7 8 1 4 6 10 9 5 2 
20180810690 7 3 4 1 2 6 10 5 9 8 
20180810691 4 2 3 6 10 7 9 5 8 1 
20180810692 3 4 9 5 8 1 2 6 10 7 
20180810693 9 2 3 8 4 7 10 6 1 5 
20180810694 4 5 9 7 2 3 6 10 8 1 
20180810695 9 2 7 10 3 6 8 4 5 1 
20180810696 8 7 1 3 2 10 4 9 6 5 
20180810697 2 9 8 3 5 6 1 4 7 10 
20180810698 9 4 6 1 10 3 2 5 7 8 
20180810699 9 1 3 4 10 2 6 7 5 8 
20180810700 8 6 9 5 10 3 2 4 1 7 
20180810701 2 5 1 9 8 10 4 6 3 7 
20180810702 8 10 3 6 2 4 5 7 9 1 
20180810703 8 3 5 6 9 1 2 10 7 4 
20180810704 10 8 6 9 4 2 3 7 1 5 
20180810705 1 10 6 8 3 2 9 7 4 5 
20180810706 10 3 5 1 7 4 6 8 2 9 
20180810707 1 6 7 8 9 5 3 4 2 10 
20180810708 7 1 2 8 10 6 3 5 9 4 
20180810709 4 9 5 8 1 10 2 6 7 3 
20180810710 1 8 6 7 3 9 5 2 10 4 
20180810711 9 7 1 2 10 5 4 3 6 8 
20180810712 7 8 3 9 2 6 10 1 5 4 
20180810713 10 5 8 2 7 3 4 1 9 6 
20180810714 2 3 1 4 6 7 8 10 9 5 
20180810715 1 5 6 10 7 3 2 9 8 4 
20180810716 4 3 8 6 2 10 1 5 9 7 
20180810717 1 3 8 2 9 5 6 4 10 7 
20180810718 8 1 2 10 9 7 4 6 5 3 
20180810719 7 10 1 9 3 6 8 4 2 5 
20180810720 10 7 2 6 4 9 3 1 5 8 
20180810721 8 2 6 10 9 5 7 4 3 1 
20180810722 4 8 3 1 10 7 9 5 2 6 
20180810723 1 9 10 3 2 5 8 7 6 4 
20180810724 1 9 4 8 5 10 2 3 7 6 
20180810725 1 3 5 4 6 2 10 9 7 8 
20180810726 1 5 6 8 7 2 9 10 4 3 
20180810727 2 10 5 3 7 6 1 4 9 8 
20180810728 7 3 6 8 1 2 10 9 4 5 
20180810729 10 8 2 4 6 5 9 1 7 3 
20180810730 2 6 5 1 9 4 8 3 10 7 
20180810731 6 9 1 10 7 5 2 4 8 3 
20180810732 4 1 6 3 9 7 2 8 10 5 
20180810733 10 7 1 9 8 3 2 6 5 4 
20180810734 7 8 4 1 10 6 5 9 3 2 
20180810735 6 9 2 3 7 1 4 10 8 5 
20180810736 7 2 6 8 9 5 4 1 3 10 
20180810737 5 7 8 1 6 9 10 2 4 3 
20180810738 9 3 7 6 5 1 8 10 4 2 
20180810739 7 4 6 10 9 1 2 8 3 5 
20180810740 7 10 6 5 9 2 8 4 1 3 
20180810741 2 10 9 5 3 1 8 4 7 6 
20180810742 10 2 4 7 8 5 9 3 1 6 
20180810743 10 7 2 9 4 5 6 1 3 8 
20180810744 10 7 1 3 2 6 4 9 5 8 
20180810745 8 10 4 2 6 1 7 5 3 9 
20180810746 5 8 10 4 3 1 6 2 7 9 
20180810747 6 7 8 10 5 3 9 1 2 4 
20180810748 2 5 10 4 9 7 6 8 1 3 
20180810749 2 5 1 4 10 7 8 6 3 9 
20180810750 9 2 10 6 3 8 1 4 7 5 
20180810751 5 9 4 10 2 1 6 8 3 7 
20180810752 8 5 9 10 4 7 3 2 1 6 
20180810753 1 2 5 7 10 8 9 4 3 6 
20180810754 6 4 10 2 1 7 5 9 8 3 
20180810755 4 3 9 8 2 10 1 6 5 7 
20180810756 1 6 9 4 2 5 7 10 3 8 
20180810757 1 5 9 10 4 2 7 3 6 8 
20180810758 2 6 5 8 3 1 7 10 9 4 
20180810759 3 9 7 8 5 1 10 6 2 4 
20180810760 4 3 1 9 2 8 10 7 6 5 
20180810761 1 5 2 3 6 8 7 10 9 4 
20180810762 8 1 5 4 10 7 3 9 6 2 
20180810763 7 3 1 9 4 10 8 6 2 5 
20180810764 7 3 5 8 10 2 6 4 9 1 
20180810765 9 1 7 8 10 4 3 5 2 6 
20180810766 1 4 6 7 5 3 9 10 2 8 
20180810767 2 3 7 10 1 9 8 4 6 5 
20180810768 7 5 6 4 2 1 3 8 9 10 
20180810769 3 5 9 7 4 8 6 10 2 1 
20180810770 3 5 10 8 7 1 2 6 4 9 
20180810771 9 4 8 2 1 7 3 6 10 5 
20180810772 3 4 6 7 1 8 5 10 2 9 
20180810773 2 3 9 1 4 8 7 5 6 10 
20180810774 1 4 6 2 3 5 9 7 10 8 
20180810775 3 6 9 7 5 10 8 4 2 1 
20180810776 7 9 3 1 5 8 10 6 4 2 
20180810777 8 1 9 5 10 4 7 3 2 6 
20180810778 4 3 8 9 6 1 10 7 5 2 
20180810779 2 4 3 10 5 1 8 9 7 6 
20180810780 6 3 1 8 7 9 4 5 10 2 
20180810781 4 3 5 9 2 7 1 10 6 8 
20180810782 8 9 7 1 4 6 2 5 10 3 
20180810783 8 7 5 10 4 9 6 1 2 3 
20180810784 2 8 3 7 5 9 1 6 4 10 
20180810785 4 3 10 9 6 2 5 8 1 7 
20180810786 7 5 2 3 8 10 4 6 1 9 
20180810787 8 4 6 2 5 3 9 1 7 10 
20180810788 6 5 8 9 7 2 3 10 1 4 
20180810789 3 1 10 5 4 7 9 6 2 8 
20180810790 6 1 5 2 3 4 10 8 9 7 
20180810791 3 5 4 2 7 1 8 6 10 9 
20180810792 6 10 3 9 7 1 4 2 8 5 
20180810793 7 5 8 3 2 4 6 10 1 9 
20180810794 6 10 5 4 1 7 3 2 9 8 
20180810795 5 6 10 4 2 9 7 3 8 1 
20180810796 10 7 3 8 1 9 6 2 4 5 
20180810797 10 9 3 6 7 5 4 1 2 8 
20180810798 5 1 7 10 2 9 4 6 8 3 
20180810799 2 9 8 6 7 3 4 1 5 10 
20180810800 10 7 1 8 3 9 2 4 5 6 
20180810801 2 1 7 4 3 6 5 9 8 10 
20180810802 10 2 8 7 6 9 1 4 5 3 
20180810803 3 2 10 9 1 8 7 6 4 5 
20180810804 8 3 2 4 6 9 10 1 5 7 
20180810805 10 1 9 5 8 2 7 3 4 6 
20180810806 7 2 10 6 4 8 5 3 1 9 
20180810807 2 4 6 9 7 10 8 1 5 3 
20180810808 9 8 2 4 1 10 7 3 6 5 
20180810809 7 1 10 2 6 5 8 4 3 9 
20180810810 3 4 6 5 10 9 2 7 8 1 
20180810811 7 1 5 9 4 2 10 3 8 6 
20180810812 9 1 7 3 6 10 2 4 5 8 
20180810813 9 7 6 1 8 2 5 3 10 4 
20180810814 7 3 10 6 8 9 1 4 5 2 
20180810815 5 10 4 8 1 9 6 3 7 2 
20180810816 4 3 1 10 2 7 6 8 5 9 
20180810817 3 10 9 6 2 7 5 8 4 1 
20180810818 4 7 1 9 2 5 3 6 10 8 
20180810819 5 3 4 1 2 7 9 8 6 10 
20180810820 8 3 2 4 9 6 10 7 1 5 
20180810821 7 1 9 8 3 6 10 2 5 4 
20180810822 10 2 6 8 1 7 3 4 9 5 
20180810823 9 7 2 5 3 10 1 6 4 8 
20180810824 7 1 3 10 2 8 4 9 6 5 
20180810825 4 5 7 9 6 8 2 3 10 1 
20180810826 1 4 9 6 10 5 8 2 7 3 
20180810827 6 10 8 7 1 5 3 4 9 2 
20180810828 8 2 7 6 3 5 10 1 9 4 
20180810829 6 3 4 7 5 10 2 9 1 8 
20180810830 6 10 8 4 7 1 9 2 5 3 
20180810831 5 7 4 6 1 8 2 9 10 3 
20180810832 3 8 9 2 5 7 4 10 1 6 
20180810833 4 10 1 2 8 7 3 9 5 6 
20180810834 4 3 10 9 7 6 1 8 5 2 
20180810835 7 5 3 1 8 10 6 2 4 9 
20180810836 10 6 2 8 1 7 9 5 4 3 
20180810837 1 10 9 7 5 6 8 4 2 3 
20180810838 7 10 9 1 8 5 6 2 3 4 
20180810839 3 2 9 5 1 8 7 10 4 6 
20180810840 2 7 3 8 6 10 9 1 4 5 
20180810841 4 3 8 6 10 9 1 5 2 7 
20180810842 1 3 2 6 10 5 4 7 9 8 
20180810843 10 7 9 8 4 3 1 5 6 2 
20180810844 5 7 2 4 1 8 3 10 9 6 
20180810845 9 6 2 1 3 5 8 7 10 4 
20180810846 8 9 6 1 5 10 3 4 7 2 
20180810847 9 3 5 1 7 4 8 10 6 2 
20180810848 3 6 5 9 10 1 2 4 8 7 
20180810849 6 10 8 2 7 3 4 9 1 5 
20180810850 7 2 10 1 3 5 4 9 6 8 
20180810851 9 4 2 1 10 8 5 7 6 3 
20180810852 4 8 9 6 1 2 3 7 5 10 
20180810853 3 7 10 1 8 9 6 2 5 4 
20180810854 10 2 4 7 9 3 1 6 5 8 
20180810855 6 10 8 9 3 4 5 2 7 1 
20180810856 5 4 8 10 6 1 3 2 7 9 
20180810857 5 10 8 3 2 6 4 9 7 1 
20180810858 2 6 5 9 8 4 1 10 7 3 
20180810859 8 3 9 2 1 4 7 10 6 5 
20180810860 3 6 10 7 5 9 4 1 2 8 
20180810861 3 1 5 9 7 10 4 6 8 2 
20180810862 2 8 4 6 10 1 9 3 7 5 
20180810863 2 5 9 3 8 1 4 7 10 6 
20180810864 6 5 1 9 8 10 3 7 4 2 
20180810865 1 2 10 6 9 4 8 7 5 3 
20180810866 2 8 7 4 6 3 5 9 1 10 
20180810867 2 8 7 9 10 5 4 1 3 6 
20180810868 10 4 7 1 9 6 3 2 8 5 
20180810869 7 4 3 1 9 8 2 10 5 6 
20180810870 6 9 7 8 1 10 5 4 2 3 
20180810871 3 2 5 6 1 10 4 8 9 7 
20180810872 6 5 3 9 1 4 2 8 7 10 
20180810873 8 10 9 1 3 5 2 6 7 4 
20180810874 6 9 2 4 8 10 7 5 3 1 
20180810875 2 10 1 7 4 9 8 3 6 5 
20180810876 9 10 2 6 3 7 5 4 1 8 
20180810877 2 9 3 10 6 1 5 8 7 4 
20180810878 6 7 3 4 10 1 9 8 5 2 
20180810879 7 2 5 6 4 1 3 8 10 9 
20180810880 5 3 4 9 1 2 6 8 10 7 
20180810881 6 7 10 9 2 3 1 5 4 8 
20180810882 5 2 1 9 4 10 6 3 7 8 
20180810883 4 3 10 5 6 2 8 7 1 9 
20180810884 7 8 3 6 4 9 10 5 2 1 
20180810885 6 8 1 10 2 3 9 4 5 7 
20180810886 7 9 8 10 6 3 5 2 1 4 
20180810887 9 10 6 8 1 5 7 3 2 4 
20180810888 7 2 3 6 4 9 8 1 10 5 
20180810889 10 1 6 7 4 8 3 5 9 2 
20180810890 9 4 8 6 2 10 3 7 5 1 
20180810891 6 7 10 5 2 8 3 1 4 9 
20180810892 6 8 3 7 1 9 2 10 4 5 
20180810893 8 1 9 3 5 10 4 2 6 7 
20180810894 1 3 5 8 4 10 7 9 6 2 
20180810895 9 4 10 5 8 6 3 7 2 1 
20180810896 10 2 4 6 9 8 7 5 3 1 
20180810897 4 10 8 5 7 6 3 9 1 2 
20180810898 10 2 5 6 7 4 1 3 8 9 
20180810899 3 7 9 5 1 6 4 10 8 2 
20180810900 1 10 7 5 8 2 6 9 3 4 
20180810901 10 4 3 2 8 5 6 1 7 9 
20180810902 4 2 10 7 8 6 3 9 1 5 
20180810903 1 3 4 5 8 2 9 6 10 7 
20180810904 3 2 5 1 10 7 8 6 4 9 
20180810905 1 2 8 9 10 7 6 3 5 4 
20180810906 5 3 9 10 8 6 2 4 1 7 
20180810907 1 4 10 8 3 7 9 5 2 6 
20180810908 1 6 9 4 5 7 2 3 10 8 
20180810909 5 7 8 4 3 6 9 2 1 10 
20180810910 1 6 10 5 9 8 7 4 2 3 
20180810911 7 1 3 2 4 8 5 10 9 6 
20180810912 9 10 4 5 6 1 2 7 8 3 
20180810913 6 9 2 1 5 4 7 8 3 10 
20180810914 10 9 5 6 4 1 7 2 3 8 
20180810915 4 7 9 3 10 6 5 8 2 1 
20180810916 6 8 2 9 3 5 10 4 1 7 
20180810917 1 2 6 3 10 7 9 4 5 8 
20180810918 7 3 6 2 5 10 1 4 8 9 
20180810919 8 7 4 10 3 2 5 1 6 9 
20180810920 4 9 3 2 10 1 8 6 7 5 
20180810921 8 2 7 10 4 5 1 6 3 9 
20180810922 4 3 10 1 8 6 7 5 9 2 
20180810923 4 8 10 5 9 6 7 1 2 3 
20180810924 7 4 2 5 1 6 10 9 8 3 
20180810925 3 4 10 6 2 7 9 1 5 8 
20180810926 4 3 9 1 7 5 10 6 8 2 
20180810927 4 1 6 10 7 8 2 3 9 5 
20180810928 9 10 8 2 7 1 5 4 6 3 
20180810929 7 6 2 1 8 10 9 3 5 4 
20180810930 5 8 7 6 9 3 4 1 2 10 
20180810931 8 10 1 9 7 4 5 2 3 6 
20180810932 8 9 10 4 3 7 6 2 5 1 
20180810933 6 8 7 4 10 2 3 5 1 9 
20180810934 4 7 8 9 10 3 5 2 6 1 
20180810935 8 4 5 7 10 1 9 2 6 3 
20180810936 6 8 10 1 4 9 5 2 7 3 
20180810937 2 10 7 6 4 9 1 8 3 5 
20180810938 4 7 5 8 6 3 1 9 10 2 
20180810939 6 8 5 10 3 1 4 9 7 2 
20180810940 6 7 3 1 2 10 8 4 5 9 
20180810941 2 6 9 3 1 10 5 7 8 4 
20180810942 6 9 7 3 8 10 1 5 4 2 
20180810943 10 2 1 3 7 4 5 8 9 6 
20180810944 1 2 6 7 3 5 8 4 9 10 
20180810945 4 7 6 3 10 9 2 8 1 5 
20180810946 8 10 3 2 1 4 7 6 5 9 
20180810947 8 4 1 3 5 10 7 6 9 2 
20180810948 10 9 7 5 2 6 8 1 3 4 
20180810949 7 8 9 2 1 3 4 6 5 10 
20180810950 5 10 3 4 2 1 9 6 8 7 
20180810951 1 3 6 7 2 8 5 4 9 10 
20180810952 10 9 2 3 7 5 1 6 4 8 
20180810953 4 2 3 10 1 6 7 8 5 9 
20180810954 5 1 2 7 6 4 8 3 9 10 
20180810955 1 6 9 2 5 3 10 8 7 4 
20180810956 7 1 8 10 9 6 3 5 4 2 
20180810957 9 10 6 3 1 4 7 5 8 2 
20180810958 1 8 2 5 9 6 4 7 10 3 
20180810959 3 7 5 10 8 2 1 6 4 9 
20180810960 5 1 6 4 3 7 8 9 10 2 
20180810961 3 8 7 10 6 9 1 4 2 5 
20180810962 9 7 2 4 10 8 1 3 5 6 
20180810963 7 10 2 8 1 9 6 5 3 4 
20180810964 8 6 1 7 9 3 4 10 2 5 
20180810965 9 8 10 4 7 3 5 6 1 2 
20180810966 10 5 4 6 1 9 7 8 2 3 
20180810967 5 6 2 8 3 4 10 7 9 1 
20180810968 1 8 5 9 4 3 6 2 7 10 
20180810969 3 10 9 8 2 7 5 6 1 4 
20180810970 10 8 1 7 5 3 9 4 2 6 
20180810971 9 7 8 2 1 10 5 4 6 3 
20180810972 9 1 2 5 6 7 3 8 10 4 
20180810973 8 6 2 10 1 3 4 5 7 9 
20180810974 2 9 4 5 3 8 1 10 7 6 
20180810975 7 2 1 6 5 3 9 10 4 8 
20180810976 1 8 9 4 3 10 2 7 6 5 
20180810977 6 5 8 1 3 9 7 4 10 2 
20180810978 8 6 4 3 10 2 1 5 9 7 
20180810979 6 2 1 7 9 10 3 5 4 8 
20180810980 10 5 2 3 7 4 9 6 8 1 
20180810981 3 8 1 10 7 2 6 5 4 9 
20180810982 4 8 7 9 3 1 10 6 2 5 
20180810983 1 8 5 9 2 6 3 7 4 10 
20180810984 3 9 8 1 6 10 2 4 7 5 
20180810985 10 1 7 4 3 2 5 8 9 6 
