20180826001 9 3 7 4 1 5 10 6 8 2 
20180826002 3 2 7 9 4 8 5 1 10 6 
20180826003 10 9 5 4 8 1 3 7 2 6 
20180826004 2 1 9 8 3 4 6 10 5 7 
20180826005 4 8 9 10 1 5 7 2 3 6 
20180826006 1 7 4 2 5 9 10 3 6 8 
20180826007 3 10 2 5 1 4 9 7 6 8 
20180826008 7 1 5 3 9 8 10 6 2 4 
20180826009 2 1 10 3 5 7 4 8 6 9 
20180826010 2 9 6 10 1 7 3 4 5 8 
20180826011 1 6 9 4 7 8 2 5 3 10 
20180826012 3 9 6 4 5 1 10 8 2 7 
20180826013 1 3 5 7 4 6 2 9 8 10 
20180826014 3 1 2 10 5 8 7 6 9 4 
20180826015 3 7 6 10 5 4 1 9 8 2 
20180826016 5 7 4 9 3 10 8 6 2 1 
20180826017 10 9 8 3 2 1 6 7 4 5 
20180826018 4 3 8 10 1 5 6 9 7 2 
20180826019 6 5 7 3 8 10 1 2 4 9 
20180826020 10 4 6 7 5 2 8 1 3 9 
20180826021 2 6 5 8 1 3 7 4 10 9 
20180826022 8 1 7 10 2 5 9 6 3 4 
20180826023 7 4 9 8 2 3 1 5 6 10 
20180826024 8 5 1 7 3 4 6 9 10 2 
20180826025 7 8 4 2 1 9 10 5 6 3 
20180826026 8 10 9 1 2 3 7 4 6 5 
20180826027 5 4 6 2 8 9 3 7 10 1 
20180826028 3 2 6 4 7 9 5 8 10 1 
20180826029 4 5 8 1 10 9 7 2 3 6 
20180826030 5 3 1 9 8 2 7 10 4 6 
20180826031 9 5 4 2 3 10 6 1 8 7 
20180826032 6 7 3 1 8 10 2 4 9 5 
20180826033 8 7 3 5 6 1 2 4 10 9 
20180826034 10 2 3 9 7 4 8 6 1 5 
20180826035 8 5 9 4 6 7 3 10 1 2 
20180826036 8 5 7 4 2 10 6 9 3 1 
20180826037 6 3 4 7 2 8 5 9 10 1 
20180826038 10 3 8 2 5 1 9 4 6 7 
20180826039 6 8 5 10 4 9 3 7 2 1 
20180826040 3 1 7 2 6 5 4 9 10 8 
20180826041 10 6 1 4 7 3 5 2 9 8 
20180826042 9 1 2 8 5 3 6 4 7 10 
20180826043 7 4 9 6 3 8 5 10 1 2 
20180826044 7 8 6 9 10 1 5 4 3 2 
20180826045 3 2 4 5 10 7 6 8 1 9 
20180826046 2 1 8 7 3 4 6 9 10 5 
20180826047 10 5 2 9 4 1 6 3 7 8 
20180826048 6 9 1 3 10 5 4 7 8 2 
20180826049 5 1 8 4 2 9 6 7 10 3 
20180826050 5 4 10 6 1 9 8 3 2 7 
20180826051 2 4 1 9 10 6 5 3 7 8 
20180826052 6 3 8 1 9 7 4 2 10 5 
20180826053 3 4 1 9 5 2 6 7 8 10 
20180826054 3 5 7 9 1 8 2 10 6 4 
20180826055 1 5 6 7 4 2 10 8 3 9 
20180826056 4 7 1 2 10 3 6 9 5 8 
20180826057 4 7 5 10 3 2 8 9 1 6 
20180826058 4 1 9 2 3 8 10 5 6 7 
20180826059 6 7 8 2 3 5 10 1 4 9 
20180826060 4 8 10 6 9 1 7 3 5 2 
20180826061 4 6 3 10 1 7 2 5 8 9 
20180826062 2 10 3 1 4 8 9 7 6 5 
20180826063 10 8 3 2 7 6 9 1 5 4 
20180826064 2 9 3 4 1 8 5 10 7 6 
20180826065 1 10 3 6 4 8 9 5 2 7 
20180826066 2 10 9 3 5 1 7 4 8 6 
20180826067 9 6 10 2 5 8 7 4 3 1 
20180826068 1 4 2 5 6 7 3 9 8 10 
20180826069 8 7 4 5 9 6 3 10 2 1 
20180826070 4 3 5 8 7 10 9 2 1 6 
20180826071 4 2 1 6 9 5 7 10 8 3 
20180826072 10 5 2 3 9 7 1 6 8 4 
20180826073 9 10 8 6 4 7 2 5 1 3 
20180826074 1 2 4 8 3 10 5 6 9 7 
20180826075 2 10 1 7 9 4 3 6 5 8 
20180826076 8 2 6 1 4 3 9 5 7 10 
20180826077 4 1 10 5 3 2 8 7 9 6 
20180826078 7 9 8 1 5 4 2 6 3 10 
20180826079 1 3 2 5 7 8 6 4 10 9 
20180826080 2 8 9 7 1 4 3 6 5 10 
20180826081 3 10 4 2 6 7 5 8 9 1 
20180826082 1 7 6 2 3 4 10 8 5 9 
20180826083 3 10 8 7 6 9 1 5 2 4 
20180826084 3 7 6 1 10 5 9 4 2 8 
20180826085 8 10 7 4 9 1 6 3 5 2 
20180826086 5 1 4 9 2 6 3 10 7 8 
20180826087 2 8 5 9 7 6 10 3 1 4 
20180826088 4 7 6 3 10 5 2 9 8 1 
20180826089 9 5 10 2 3 1 6 7 4 8 
20180826090 9 7 3 4 1 2 6 10 5 8 
20180826091 2 5 6 1 9 4 10 7 3 8 
20180826092 8 2 6 10 1 7 4 9 5 3 
20180826093 1 5 3 8 9 2 6 10 7 4 
20180826094 9 8 6 4 10 7 5 3 2 1 
20180826095 3 10 6 4 8 1 5 7 9 2 
20180826096 1 4 5 3 7 10 2 6 8 9 
20180826097 4 9 5 2 1 6 8 7 10 3 
20180826098 5 3 2 8 4 10 1 9 7 6 
20180826099 9 5 7 2 10 6 3 4 1 8 
20180826100 1 2 3 10 6 7 8 9 4 5 
20180826101 8 4 9 6 5 2 10 3 1 7 
20180826102 4 1 6 5 7 10 9 3 8 2 
20180826103 7 3 10 6 4 2 5 8 1 9 
20180826104 8 10 7 3 5 4 1 9 2 6 
20180826105 7 8 5 9 2 4 6 10 3 1 
20180826106 4 8 9 10 1 2 3 6 7 5 
20180826107 8 6 5 10 2 4 7 9 3 1 
20180826108 1 6 7 10 9 8 3 2 5 4 
20180826109 10 5 3 1 7 9 6 2 8 4 
20180826110 3 7 8 1 6 4 5 10 2 9 
20180826111 1 3 2 7 8 5 10 6 9 4 
20180826112 3 7 5 2 4 6 8 9 1 10 
20180826113 4 3 10 6 9 5 2 1 7 8 
20180826114 7 1 10 4 3 2 9 5 8 6 
20180826115 2 4 1 10 3 8 5 9 7 6 
20180826116 6 1 4 7 5 8 10 2 9 3 
20180826117 9 2 6 4 1 7 10 5 3 8 
20180826118 4 8 9 2 1 10 5 6 3 7 
20180826119 1 10 8 4 5 6 3 7 9 2 
20180826120 3 5 2 6 1 10 7 4 9 8 
20180826121 1 2 8 4 3 5 7 10 6 9 
20180826122 6 5 2 7 4 10 3 8 1 9 
20180826123 6 2 3 9 5 8 4 1 10 7 
20180826124 4 6 8 9 3 7 10 5 2 1 
20180826125 9 1 3 2 4 10 5 6 7 8 
20180826126 7 5 8 2 3 4 9 1 6 10 
20180826127 9 3 8 1 6 10 2 4 5 7 
20180826128 10 4 9 7 6 8 5 3 1 2 
20180826129 9 3 4 2 1 5 10 7 6 8 
20180826130 4 7 3 1 9 2 5 10 8 6 
20180826131 1 7 8 4 9 5 3 10 2 6 
20180826132 1 3 2 5 8 6 7 4 10 9 
20180826133 5 2 1 3 10 7 8 9 6 4 
20180826134 4 10 5 3 9 6 8 2 7 1 
20180826135 4 6 2 7 5 8 10 9 3 1 
20180826136 3 8 1 5 7 6 9 10 2 4 
20180826137 2 5 8 7 6 10 4 1 9 3 
20180826138 4 6 2 7 3 5 9 8 1 10 
20180826139 9 4 6 8 5 10 2 1 7 3 
20180826140 10 3 2 6 8 1 7 5 9 4 
20180826141 5 6 7 4 9 8 3 2 1 10 
20180826142 10 1 5 6 4 3 9 2 8 7 
20180826143 9 8 1 2 5 6 3 4 10 7 
20180826144 3 6 9 8 1 4 2 10 5 7 
20180826145 9 5 10 8 6 4 3 7 1 2 
20180826146 8 5 4 1 10 7 9 3 6 2 
20180826147 1 8 4 3 9 7 2 5 6 10 
20180826148 8 10 6 3 4 7 1 9 5 2 
20180826149 10 1 6 9 8 7 5 3 4 2 
20180826150 5 3 10 9 8 4 1 2 6 7 
20180826151 1 7 2 3 9 5 4 10 8 6 
20180826152 7 4 1 10 2 3 8 6 9 5 
20180826153 4 8 9 6 1 5 2 10 7 3 
20180826154 1 8 2 4 10 7 9 5 6 3 
20180826155 8 9 4 7 6 3 2 1 10 5 
20180826156 3 2 1 10 8 5 9 7 4 6 
20180826157 4 5 9 2 6 8 7 3 10 1 
20180826158 3 4 5 9 6 2 1 8 7 10 
20180826159 9 8 7 10 5 2 1 4 3 6 
20180826160 1 7 8 10 3 6 5 2 9 4 
20180826161 5 2 4 9 8 10 7 1 3 6 
20180826162 10 4 1 9 3 7 6 2 8 5 
20180826163 3 10 1 5 2 4 8 7 9 6 
20180826164 8 6 7 9 3 10 4 2 5 1 
20180826165 5 3 8 4 9 10 2 7 1 6 
20180826166 10 5 9 7 6 2 4 1 3 8 
20180826167 2 3 8 1 6 4 7 9 10 5 
20180826168 7 8 4 2 9 6 5 1 10 3 
20180826169 5 8 1 3 6 9 4 7 10 2 
20180826170 1 3 4 5 9 7 6 8 10 2 
20180826171 10 1 4 3 7 9 5 8 6 2 
20180826172 5 8 6 7 10 4 3 9 2 1 
20180826173 10 1 6 2 9 5 4 3 8 7 
20180826174 2 4 7 1 8 10 6 5 9 3 
20180826175 3 9 2 6 1 7 4 8 5 10 
20180826176 1 5 7 6 10 3 9 4 2 8 
20180826177 10 6 2 7 5 8 3 4 9 1 
20180826178 3 10 5 7 1 4 6 9 8 2 
20180826179 2 6 4 7 9 10 3 1 5 8 
20180826180 6 8 9 1 10 5 4 3 2 7 
20180826181 9 3 7 5 6 2 10 8 4 1 
20180826182 9 5 8 2 10 3 6 7 1 4 
20180826183 10 9 7 3 5 1 4 8 2 6 
20180826184 2 4 9 8 10 7 6 3 5 1 
20180826185 10 8 6 3 7 9 2 5 1 4 
20180826186 1 10 3 5 8 2 6 9 4 7 
20180826187 2 1 3 5 9 4 7 10 8 6 
20180826188 8 3 2 10 4 9 6 7 5 1 
20180826189 7 3 10 8 2 6 5 4 9 1 
20180826190 8 9 5 10 7 2 1 4 3 6 
20180826191 4 7 3 5 8 9 1 6 10 2 
20180826192 1 4 7 2 3 9 8 6 10 5 
20180826193 4 7 8 3 1 10 2 9 5 6 
20180826194 2 5 7 9 8 3 1 6 4 10 
20180826195 5 3 7 2 10 1 4 9 8 6 
20180826196 4 7 6 1 8 5 9 10 3 2 
20180826197 1 3 7 5 4 8 9 6 2 10 
20180826198 3 2 9 7 5 4 1 6 8 10 
20180826199 3 4 5 8 7 1 2 10 9 6 
20180826200 2 4 1 3 10 5 8 7 6 9 
20180826201 5 9 8 2 6 7 3 4 10 1 
20180826202 7 5 3 8 9 6 10 4 1 2 
20180826203 2 1 10 3 7 9 8 5 4 6 
20180826204 8 10 4 3 7 9 6 1 2 5 
20180826205 10 7 8 3 9 2 1 6 5 4 
20180826206 5 1 3 7 8 2 9 10 4 6 
20180826207 9 4 3 6 8 2 5 7 1 10 
20180826208 1 3 7 4 10 2 8 9 6 5 
20180826209 1 4 6 7 3 9 8 10 2 5 
20180826210 1 5 2 6 10 4 7 8 3 9 
20180826211 2 3 4 5 10 8 7 9 6 1 
20180826212 9 1 7 3 5 10 2 4 8 6 
20180826213 7 8 10 4 1 6 9 5 3 2 
20180826214 8 7 6 9 3 5 1 2 10 4 
20180826215 5 4 2 1 3 7 6 9 8 10 
20180826216 3 9 6 2 4 5 7 8 1 10 
20180826217 1 2 3 9 10 4 5 8 7 6 
20180826218 5 9 6 7 8 3 10 2 4 1 
20180826219 1 5 8 2 3 9 10 6 4 7 
20180826220 6 8 3 10 4 1 7 9 2 5 
20180826221 4 3 8 6 5 9 7 2 10 1 
20180826222 5 2 4 8 7 1 9 10 6 3 
20180826223 4 1 5 7 8 6 2 9 10 3 
20180826224 10 2 1 8 9 4 3 6 5 7 
20180826225 1 6 9 5 4 10 3 2 8 7 
20180826226 4 7 6 3 2 5 8 1 10 9 
20180826227 10 2 7 8 3 4 5 6 1 9 
20180826228 3 9 7 6 8 1 2 10 4 5 
20180826229 3 9 2 5 6 7 8 10 4 1 
20180826230 9 5 2 3 10 7 6 4 8 1 
20180826231 3 10 8 6 2 9 1 5 7 4 
20180826232 3 5 8 6 2 7 10 4 1 9 
20180826233 3 8 9 1 2 6 4 7 10 5 
20180826234 4 9 2 6 7 8 5 10 3 1 
20180826235 8 3 7 5 6 10 1 2 9 4 
20180826236 2 5 6 3 1 10 7 4 9 8 
20180826237 7 6 8 10 9 2 4 1 5 3 
20180826238 5 3 8 4 10 1 7 9 2 6 
20180826239 8 4 1 10 9 7 3 6 5 2 
20180826240 6 10 9 4 3 2 7 1 5 8 
20180826241 4 7 9 6 5 10 8 3 1 2 
20180826242 8 4 3 6 1 7 5 9 10 2 
20180826243 9 7 8 6 3 1 4 10 5 2 
20180826244 2 6 8 1 3 10 9 5 4 7 
20180826245 5 9 2 4 8 6 3 7 1 10 
20180826246 8 4 3 5 9 10 7 6 2 1 
20180826247 6 3 1 10 4 7 2 8 9 5 
20180826248 2 7 9 1 3 8 6 10 4 5 
20180826249 9 8 4 3 10 7 2 5 1 6 
20180826250 7 5 10 8 4 1 6 9 3 2 
20180826251 3 6 2 1 10 5 7 8 4 9 
20180826252 8 6 7 9 2 4 1 10 3 5 
20180826253 6 3 4 10 8 7 1 9 5 2 
20180826254 9 1 5 7 2 4 3 10 8 6 
20180826255 2 9 4 6 10 3 8 7 5 1 
20180826256 5 2 3 8 9 7 10 4 6 1 
20180826257 9 3 10 4 6 2 1 8 5 7 
20180826258 9 5 3 7 6 1 2 10 8 4 
20180826259 9 7 6 2 5 8 3 1 4 10 
20180826260 3 7 10 9 8 1 5 2 6 4 
20180826261 3 2 6 9 7 8 1 5 10 4 
20180826262 6 3 5 1 10 8 4 9 2 7 
20180826263 4 10 5 7 3 1 2 6 8 9 
20180826264 8 7 9 10 6 5 2 3 4 1 
20180826265 9 3 6 7 5 10 8 4 2 1 
20180826266 1 7 10 8 6 9 5 2 3 4 
20180826267 2 8 5 10 4 7 3 9 1 6 
20180826268 8 1 10 4 2 6 7 3 5 9 
20180826269 2 10 9 3 8 7 5 1 4 6 
20180826270 4 9 6 2 5 7 8 3 1 10 
20180826271 6 1 3 7 9 2 4 5 8 10 
20180826272 6 2 8 1 7 9 5 3 10 4 
20180826273 6 7 3 10 8 9 1 2 4 5 
20180826274 2 5 4 1 10 6 9 8 7 3 
20180826275 3 2 5 10 7 4 1 8 9 6 
20180826276 6 7 1 8 10 4 5 9 3 2 
20180826277 4 5 10 3 6 1 9 2 7 8 
20180826278 9 6 10 7 4 1 8 2 3 5 
20180826279 4 10 6 5 7 3 9 1 8 2 
20180826280 7 5 3 4 8 1 9 10 6 2 
20180826281 1 7 10 4 3 6 2 9 8 5 
20180826282 7 3 5 1 4 10 8 9 6 2 
20180826283 10 9 2 7 4 1 6 5 8 3 
20180826284 10 1 8 7 4 6 3 2 9 5 
20180826285 6 5 3 4 10 9 7 2 1 8 
20180826286 7 9 2 10 8 4 5 6 3 1 
20180826287 7 1 5 3 8 10 4 6 9 2 
20180826288 2 5 8 10 9 7 1 3 6 4 
20180826289 10 5 6 2 4 8 7 3 9 1 
20180826290 10 6 7 1 5 3 4 9 2 8 
20180826291 1 2 5 10 8 9 7 6 3 4 
20180826292 7 4 8 10 5 9 3 6 1 2 
20180826293 2 3 9 1 8 6 4 7 5 10 
20180826294 1 7 4 9 2 8 6 10 5 3 
20180826295 1 7 2 4 3 10 9 5 6 8 
20180826296 3 2 10 1 7 9 6 8 4 5 
20180826297 6 5 8 10 4 7 9 3 1 2 
20180826298 5 10 2 1 4 3 8 9 7 6 
20180826299 5 1 9 2 7 4 6 8 10 3 
20180826300 6 9 2 10 4 7 3 5 8 1 
20180826301 9 7 10 3 6 4 2 5 1 8 
20180826302 2 5 8 9 1 6 3 4 7 10 
20180826303 5 9 7 3 8 6 4 1 10 2 
20180826304 8 5 3 1 4 10 9 6 7 2 
20180826305 3 7 5 4 9 8 10 1 6 2 
20180826306 1 4 3 10 5 2 6 7 8 9 
20180826307 8 1 10 9 5 4 3 7 2 6 
20180826308 8 6 5 4 7 3 2 1 10 9 
20180826309 4 6 8 3 9 1 10 5 7 2 
20180826310 6 9 7 1 10 8 4 2 3 5 
20180826311 7 8 6 9 2 1 10 3 5 4 
20180826312 6 9 10 8 7 4 2 1 3 5 
20180826313 10 5 2 9 4 1 3 7 6 8 
20180826314 7 10 2 6 4 5 9 1 3 8 
20180826315 9 7 2 8 3 4 5 10 6 1 
20180826316 9 6 4 7 1 10 2 8 5 3 
20180826317 2 5 6 10 7 9 1 3 8 4 
20180826318 6 4 1 5 10 3 2 9 8 7 
20180826319 2 7 5 4 9 10 3 8 1 6 
20180826320 1 9 8 7 2 4 3 5 10 6 
20180826321 9 7 5 8 1 2 4 10 3 6 
20180826322 3 2 9 4 8 1 10 6 5 7 
20180826323 5 10 6 3 9 1 2 8 4 7 
20180826324 3 6 10 7 4 8 1 9 2 5 
20180826325 10 5 9 1 4 3 2 7 6 8 
20180826326 6 8 3 4 9 2 10 7 5 1 
20180826327 2 7 9 5 6 4 3 10 8 1 
20180826328 1 6 5 9 10 4 7 8 3 2 
20180826329 5 9 7 8 3 2 10 6 1 4 
20180826330 10 3 9 4 7 8 5 6 2 1 
20180826331 5 1 10 7 4 3 9 8 2 6 
20180826332 2 9 1 3 7 6 4 5 8 10 
20180826333 1 6 7 3 8 4 2 5 10 9 
20180826334 7 5 2 1 3 8 4 10 9 6 
20180826335 1 8 5 2 4 6 9 10 3 7 
20180826336 8 6 5 9 10 7 1 2 3 4 
20180826337 5 6 7 2 3 4 10 1 8 9 
20180826338 10 6 8 4 7 5 1 2 3 9 
20180826339 9 4 3 7 6 1 8 2 5 10 
20180826340 4 10 2 7 9 5 6 1 8 3 
20180826341 7 3 9 1 4 10 8 6 5 2 
20180826342 6 1 5 9 3 8 7 4 2 10 
20180826343 1 8 9 10 6 7 5 2 3 4 
20180826344 2 1 8 7 4 5 9 10 3 6 
20180826345 5 10 2 8 7 3 6 9 1 4 
20180826346 7 5 8 9 10 3 2 4 6 1 
20180826347 9 10 8 1 5 4 6 3 7 2 
20180826348 1 2 4 9 3 7 6 10 8 5 
20180826349 1 5 6 8 3 10 9 7 2 4 
20180826350 9 5 2 7 3 1 6 4 8 10 
20180826351 4 3 7 1 9 5 10 6 8 2 
20180826352 9 7 8 5 2 4 3 1 6 10 
20180826353 4 9 7 3 10 8 2 6 5 1 
20180826354 10 4 8 9 5 3 7 1 2 6 
20180826355 7 1 4 8 9 10 3 6 5 2 
20180826356 4 1 9 3 6 10 2 8 7 5 
20180826357 3 6 8 2 10 7 5 4 9 1 
20180826358 7 2 10 3 8 6 4 1 5 9 
20180826359 5 10 6 2 8 9 3 4 1 7 
20180826360 7 3 5 6 9 1 2 10 8 4 
20180826361 1 3 6 4 8 5 7 10 9 2 
20180826362 6 5 2 1 4 9 7 8 10 3 
20180826363 3 8 9 4 10 6 1 7 2 5 
20180826364 1 2 8 6 7 9 5 4 10 3 
20180826365 5 6 10 1 7 2 3 8 4 9 
20180826366 10 1 6 2 9 4 7 8 5 3 
20180826367 4 8 1 2 3 5 7 6 9 10 
20180826368 10 5 8 6 4 9 1 2 7 3 
20180826369 10 6 5 2 4 7 1 3 8 9 
20180826370 6 3 5 9 2 7 4 10 8 1 
20180826371 8 1 2 4 7 6 5 9 10 3 
20180826372 8 7 3 4 5 1 10 6 2 9 
20180826373 8 3 9 4 7 1 2 5 10 6 
20180826374 6 2 5 8 1 4 9 10 3 7 
20180826375 3 7 9 5 6 8 2 1 10 4 
20180826376 10 6 7 9 3 4 1 8 5 2 
20180826377 5 8 9 4 3 6 10 2 1 7 
20180826378 4 8 5 7 2 9 10 6 1 3 
20180826379 8 6 7 10 5 1 9 3 2 4 
20180826380 1 9 3 5 8 2 6 10 7 4 
20180826381 8 5 6 9 2 10 7 4 3 1 
20180826382 5 1 7 2 3 6 4 10 8 9 
20180826383 4 1 10 9 3 5 2 8 6 7 
20180826384 8 10 7 2 3 9 1 4 5 6 
20180826385 1 2 8 6 5 10 7 3 4 9 
20180826386 7 4 5 3 9 2 10 6 1 8 
20180826387 10 1 2 9 7 8 5 6 4 3 
20180826388 9 6 8 10 7 1 3 4 2 5 
20180826389 8 1 3 7 2 10 5 9 4 6 
20180826390 2 4 7 3 6 8 9 10 5 1 
20180826391 7 8 6 1 5 9 4 2 10 3 
20180826392 2 1 3 7 4 10 6 9 8 5 
20180826393 9 2 4 6 3 7 8 10 1 5 
20180826394 9 10 1 4 7 2 6 8 3 5 
20180826395 6 7 3 1 5 4 10 9 2 8 
20180826396 2 9 7 4 5 8 6 3 1 10 
20180826397 2 4 7 5 1 8 10 9 6 3 
20180826398 7 8 6 5 10 9 4 1 3 2 
20180826399 1 9 3 10 5 2 7 6 4 8 
20180826400 10 7 2 4 8 9 6 5 1 3 
20180826401 1 5 9 3 8 10 2 4 7 6 
20180826402 4 8 3 2 7 1 6 5 9 10 
20180826403 6 2 8 7 5 3 4 9 10 1 
20180826404 10 2 8 5 1 7 4 3 9 6 
20180826405 8 5 1 10 3 2 6 9 7 4 
20180826406 10 4 9 6 1 2 7 3 8 5 
20180826407 7 5 1 3 2 10 4 6 9 8 
20180826408 10 5 7 3 9 6 4 1 2 8 
20180826409 9 8 2 4 3 10 1 5 7 6 
20180826410 9 1 6 7 5 2 10 8 3 4 
20180826411 8 3 10 2 1 7 5 6 9 4 
20180826412 7 1 4 9 5 3 8 10 2 6 
20180826413 1 5 10 3 2 7 8 9 6 4 
20180826414 6 4 5 2 9 3 1 7 10 8 
20180826415 5 8 6 7 2 4 1 10 3 9 
20180826416 10 8 7 1 9 3 5 4 2 6 
20180826417 3 2 5 4 6 9 10 1 7 8 
20180826418 5 7 4 3 10 2 1 9 6 8 
20180826419 3 5 1 9 10 7 2 4 6 8 
20180826420 1 10 6 9 4 7 5 8 3 2 
20180826421 4 7 5 2 10 1 3 6 8 9 
20180826422 8 10 9 5 3 1 2 4 6 7 
20180826423 1 7 4 3 5 2 6 9 10 8 
20180826424 10 5 4 1 6 8 9 3 7 2 
20180826425 4 3 10 1 8 5 9 2 6 7 
20180826426 4 9 2 5 8 3 7 10 1 6 
20180826427 4 10 6 2 8 7 3 5 1 9 
20180826428 4 3 9 5 8 6 7 10 1 2 
20180826429 9 1 4 2 7 6 8 10 5 3 
20180826430 10 7 4 8 5 6 3 9 1 2 
20180826431 8 5 3 6 9 1 7 4 10 2 
20180826432 1 10 7 9 5 6 8 2 4 3 
20180826433 2 6 7 8 9 5 4 1 10 3 
20180826434 2 1 9 10 3 6 7 8 5 4 
20180826435 6 1 7 2 4 8 10 5 9 3 
20180826436 6 2 5 9 10 1 3 8 4 7 
20180826437 4 5 9 3 2 6 7 8 1 10 
20180826438 8 4 10 2 3 6 7 9 1 5 
20180826439 3 2 6 10 5 9 1 8 4 7 
20180826440 1 7 4 9 10 6 8 2 5 3 
20180826441 8 10 1 4 7 5 3 2 6 9 
20180826442 1 5 7 9 2 8 10 3 6 4 
20180826443 9 3 2 4 6 7 5 8 1 10 
20180826444 2 8 4 9 7 1 3 5 10 6 
20180826445 7 10 8 9 2 4 5 3 1 6 
20180826446 5 8 7 10 9 2 4 1 3 6 
20180826447 4 8 7 9 10 6 1 5 2 3 
20180826448 9 3 8 10 5 6 1 2 7 4 
20180826449 3 8 2 1 7 4 9 5 6 10 
20180826450 7 3 1 4 2 10 5 8 9 6 
20180826451 10 3 2 4 8 1 6 7 9 5 
20180826452 4 2 9 1 10 7 3 8 6 5 
20180826453 4 1 2 6 9 8 7 3 10 5 
20180826454 9 4 5 2 1 7 3 6 8 10 
20180826455 6 9 10 5 8 3 2 1 7 4 
20180826456 4 10 2 8 6 1 7 3 5 9 
20180826457 10 4 8 3 7 2 9 5 1 6 
20180826458 7 1 9 5 4 6 10 2 3 8 
20180826459 4 8 3 10 2 7 6 9 1 5 
20180826460 2 9 4 5 6 3 7 10 1 8 
20180826461 9 5 4 2 7 3 10 6 1 8 
20180826462 3 5 8 4 2 1 10 9 6 7 
20180826463 9 3 7 10 8 4 1 2 5 6 
20180826464 1 2 5 8 10 4 7 6 3 9 
20180826465 2 1 7 3 10 8 6 5 9 4 
20180826466 10 9 1 8 6 7 4 5 3 2 
20180826467 2 1 8 3 5 4 10 9 7 6 
20180826468 9 1 8 5 3 2 10 4 7 6 
20180826469 4 7 9 6 10 8 1 2 5 3 
20180826470 1 6 10 5 7 2 9 3 4 8 
20180826471 2 3 8 9 7 5 1 6 4 10 
20180826472 10 4 6 9 3 5 1 8 2 7 
20180826473 9 5 7 2 8 10 1 3 4 6 
20180826474 6 7 10 3 8 9 1 4 5 2 
20180826475 5 3 2 7 10 4 6 1 8 9 
20180826476 7 5 4 6 1 9 3 8 2 10 
20180826477 2 9 3 8 4 10 6 7 5 1 
20180826478 10 1 6 3 9 8 4 5 7 2 
20180826479 3 8 7 2 9 6 1 4 10 5 
20180826480 9 3 2 8 6 4 1 7 10 5 
20180826481 7 8 2 3 6 4 9 10 5 1 
20180826482 2 10 8 5 6 3 4 1 7 9 
20180826483 2 4 7 5 1 9 8 3 10 6 
20180826484 3 8 10 1 7 6 4 5 9 2 
20180826485 6 10 1 4 5 3 2 9 7 8 
20180826486 6 1 3 4 2 8 10 5 7 9 
20180826487 9 5 6 8 2 1 7 10 3 4 
20180826488 6 5 2 10 4 3 1 9 8 7 
20180826489 8 4 3 2 6 1 10 9 5 7 
20180826490 4 10 8 9 6 2 5 1 7 3 
20180826491 10 6 7 8 5 4 2 1 3 9 
20180826492 8 1 4 6 3 5 2 9 7 10 
20180826493 6 9 8 1 2 3 4 7 10 5 
20180826494 2 7 5 3 8 10 4 6 9 1 
20180826495 7 10 2 4 3 8 5 1 6 9 
20180826496 6 9 4 10 8 1 2 5 7 3 
20180826497 9 10 6 2 5 3 8 7 4 1 
20180826498 2 7 8 6 3 1 9 10 5 4 
20180826499 4 10 7 1 8 3 6 5 2 9 
20180826500 9 2 1 5 4 10 7 3 6 8 
20180826501 4 10 3 9 2 1 6 8 5 7 
20180826502 9 5 8 10 3 6 2 4 1 7 
20180826503 3 9 1 8 6 4 2 10 7 5 
20180826504 2 3 9 7 4 6 1 8 10 5 
20180826505 6 10 8 4 5 9 7 1 3 2 
20180826506 7 1 6 3 5 8 4 2 10 9 
20180826507 8 10 5 4 6 9 1 3 7 2 
20180826508 10 4 3 8 6 2 9 5 1 7 
20180826509 4 1 3 5 8 10 6 2 9 7 
20180826510 8 10 2 4 5 6 7 9 3 1 
20180826511 6 5 2 4 10 1 9 7 8 3 
20180826512 10 6 4 3 1 5 7 9 2 8 
20180826513 6 3 1 7 9 8 5 10 4 2 
20180826514 5 10 2 3 6 1 7 8 9 4 
20180826515 2 4 9 5 7 10 3 8 6 1 
20180826516 7 8 2 10 1 3 4 6 5 9 
20180826517 8 6 4 10 3 2 5 9 1 7 
20180826518 2 8 4 7 10 1 6 9 5 3 
20180826519 8 5 10 9 2 4 3 7 1 6 
20180826520 1 5 9 4 6 10 7 8 2 3 
20180826521 4 3 6 10 2 8 9 1 7 5 
20180826522 9 7 6 8 5 3 10 4 1 2 
20180826523 1 4 3 8 7 5 2 6 10 9 
20180826524 2 8 1 3 5 6 10 9 7 4 
20180826525 7 10 2 1 3 8 6 9 4 5 
20180826526 1 9 10 6 5 4 3 8 7 2 
20180826527 7 4 1 3 6 10 5 2 9 8 
20180826528 9 8 5 2 7 6 1 4 3 10 
20180826529 7 1 6 5 8 2 3 4 9 10 
20180826530 7 4 3 8 5 2 10 6 9 1 
20180826531 3 10 1 7 4 8 9 5 2 6 
20180826532 8 5 1 9 10 2 4 7 3 6 
20180826533 7 2 1 6 4 8 9 10 5 3 
20180826534 3 6 7 4 9 5 2 10 1 8 
20180826535 8 2 3 10 4 9 5 7 1 6 
20180826536 5 1 4 8 3 6 2 9 7 10 
20180826537 5 6 9 4 10 3 2 1 8 7 
20180826538 6 5 9 7 3 1 10 8 2 4 
20180826539 8 3 5 2 6 9 10 4 7 1 
20180826540 1 9 4 8 5 10 6 3 7 2 
20180826541 10 9 3 2 6 1 5 8 7 4 
20180826542 5 1 2 6 7 3 9 10 4 8 
20180826543 3 9 4 7 10 5 6 2 8 1 
20180826544 10 3 7 2 9 8 4 5 6 1 
20180826545 6 8 1 9 4 2 3 10 5 7 
20180826546 4 3 7 10 1 6 8 2 9 5 
20180826547 4 2 7 9 8 10 1 5 6 3 
20180826548 3 7 6 9 1 5 2 8 10 4 
20180826549 8 5 2 10 4 6 1 3 9 7 
20180826550 7 3 1 2 6 5 4 8 10 9 
20180826551 9 4 6 3 2 7 1 10 8 5 
20180826552 10 1 5 9 4 3 7 6 2 8 
20180826553 9 3 8 10 1 6 2 4 7 5 
20180826554 4 2 3 8 9 10 7 1 6 5 
20180826555 6 2 9 1 8 7 3 4 5 10 
20180826556 5 4 6 10 2 3 9 7 1 8 
20180826557 2 9 1 6 5 10 8 3 4 7 
20180826558 5 1 2 4 3 6 10 7 9 8 
20180826559 2 7 9 10 1 8 6 3 5 4 
20180826560 3 2 7 6 5 4 1 10 8 9 
20180826561 7 1 8 4 3 9 5 10 2 6 
20180826562 2 10 5 6 8 3 4 7 1 9 
20180826563 9 2 8 7 3 6 5 1 10 4 
20180826564 3 2 5 10 4 6 9 8 1 7 
20180826565 8 4 3 1 9 6 7 10 5 2 
20180826566 3 9 5 4 10 1 2 7 6 8 
20180826567 4 6 3 1 7 9 8 5 2 10 
20180826568 6 9 2 5 7 3 8 10 4 1 
20180826569 2 8 4 10 9 7 6 3 1 5 
20180826570 5 4 8 1 10 9 2 7 6 3 
20180826571 6 9 10 4 1 7 2 3 5 8 
20180826572 6 3 2 1 5 9 7 4 10 8 
20180826573 3 10 4 6 8 2 5 7 9 1 
20180826574 4 5 6 3 7 8 10 9 1 2 
20180826575 8 9 6 7 4 5 10 1 2 3 
20180826576 3 8 7 10 4 1 9 5 2 6 
20180826577 3 9 6 8 2 7 5 10 4 1 
20180826578 3 10 5 7 8 1 9 2 4 6 
20180826579 10 6 5 9 7 2 8 3 4 1 
20180826580 10 7 8 5 6 3 4 2 1 9 
20180826581 4 9 10 7 1 5 8 3 6 2 
20180826582 7 6 9 4 3 5 2 8 1 10 
20180826583 5 1 4 7 10 8 6 9 2 3 
20180826584 3 4 7 10 6 2 8 5 1 9 
20180826585 6 9 10 1 3 4 2 5 8 7 
20180826586 10 6 3 9 1 5 8 4 2 7 
20180826587 4 2 1 3 7 5 9 8 10 6 
20180826588 8 5 1 4 10 6 7 9 3 2 
20180826589 3 5 8 2 9 4 10 6 1 7 
20180826590 9 4 7 3 10 5 8 2 1 6 
20180826591 3 10 9 1 8 7 2 5 6 4 
20180826592 7 5 6 8 1 3 9 2 4 10 
20180826593 3 10 1 5 9 6 2 8 4 7 
20180826594 6 1 5 3 10 4 2 9 7 8 
20180826595 9 5 8 2 10 4 7 1 6 3 
20180826596 4 2 10 7 6 1 3 5 9 8 
20180826597 4 7 5 8 10 6 3 1 9 2 
20180826598 1 7 6 2 5 9 10 4 3 8 
20180826599 4 9 1 6 7 10 2 5 3 8 
20180826600 4 6 8 5 2 1 9 3 7 10 
20180826601 6 3 5 2 1 4 10 7 9 8 
20180826602 4 7 3 10 1 8 6 2 5 9 
20180826603 1 2 9 3 4 10 5 6 7 8 
20180826604 9 7 8 4 2 10 5 6 3 1 
20180826605 6 8 4 3 1 10 9 7 5 2 
20180826606 9 2 8 7 5 6 1 4 10 3 
20180826607 7 5 10 9 4 3 1 2 6 8 
20180826608 4 2 3 7 8 10 5 6 1 9 
20180826609 10 6 1 2 4 5 3 8 7 9 
20180826610 7 3 6 10 1 4 9 5 2 8 
20180826611 5 2 7 8 1 9 10 6 3 4 
20180826612 8 7 9 3 6 1 4 5 10 2 
20180826613 9 7 4 8 2 10 3 6 5 1 
20180826614 9 8 10 4 2 3 7 1 5 6 
20180826615 10 6 9 3 2 5 4 1 8 7 
20180826616 4 2 9 5 8 1 3 7 6 10 
20180826617 7 8 6 5 4 2 9 1 10 3 
20180826618 4 9 2 6 8 7 1 10 5 3 
20180826619 9 10 1 5 2 3 7 6 8 4 
20180826620 10 3 8 1 7 5 4 9 2 6 
20180826621 5 2 7 10 1 4 8 9 3 6 
20180826622 2 8 9 3 4 7 1 5 6 10 
20180826623 1 7 9 5 4 2 3 8 10 6 
20180826624 1 7 2 4 5 9 6 8 10 3 
20180826625 10 7 8 6 3 9 1 5 2 4 
20180826626 5 4 2 6 7 8 3 10 9 1 
20180826627 8 3 2 7 9 10 6 5 4 1 
20180826628 8 6 4 1 7 2 3 5 9 10 
20180826629 10 2 3 8 9 4 6 7 5 1 
20180826630 6 1 5 8 7 9 10 3 4 2 
20180826631 4 6 5 2 7 3 8 1 9 10 
20180826632 10 1 8 9 3 6 5 2 4 7 
20180826633 10 5 2 8 3 9 6 1 4 7 
20180826634 9 2 4 5 7 3 1 6 10 8 
20180826635 10 4 3 2 6 9 7 8 1 5 
20180826636 2 4 10 5 1 9 3 7 6 8 
20180826637 10 1 9 7 3 8 6 4 5 2 
20180826638 5 8 6 4 7 9 2 10 3 1 
20180826639 1 4 2 8 5 7 10 6 3 9 
20180826640 1 10 6 9 3 4 8 2 7 5 
20180826641 2 9 10 4 6 5 7 3 1 8 
20180826642 10 1 8 2 3 6 7 5 4 9 
20180826643 1 5 10 7 3 6 4 9 8 2 
20180826644 9 8 5 3 10 2 4 7 6 1 
20180826645 3 9 10 4 7 8 1 2 6 5 
20180826646 6 10 3 1 5 7 8 2 9 4 
20180826647 6 2 9 10 4 7 3 1 8 5 
20180826648 1 4 7 9 5 8 10 2 3 6 
20180826649 3 1 2 6 4 8 5 7 10 9 
20180826650 8 2 1 5 6 7 4 3 9 10 
20180826651 5 7 4 9 10 3 8 2 6 1 
20180826652 2 6 7 3 5 10 9 8 4 1 
20180826653 8 3 5 9 7 4 2 10 6 1 
20180826654 9 10 2 4 7 1 6 5 8 3 
20180826655 3 2 10 9 6 7 8 1 4 5 
20180826656 3 1 10 2 8 6 9 4 7 5 
20180826657 4 5 10 3 9 2 7 6 1 8 
20180826658 2 7 6 5 4 3 9 1 10 8 
20180826659 1 6 3 4 7 8 2 9 10 5 
20180826660 2 5 9 7 10 4 1 3 6 8 
20180826661 5 3 8 7 4 1 6 10 2 9 
20180826662 9 6 4 10 2 3 8 5 7 1 
20180826663 2 3 5 1 6 7 8 9 4 10 
20180826664 6 8 3 2 7 9 1 10 5 4 
20180826665 6 4 10 8 5 1 9 2 3 7 
20180826666 8 4 7 3 2 6 9 5 10 1 
20180826667 2 6 7 4 5 1 8 3 10 9 
20180826668 9 4 2 1 6 10 5 3 7 8 
20180826669 8 9 5 4 3 6 1 10 7 2 
20180826670 9 8 4 2 7 6 5 10 3 1 
20180826671 10 7 3 4 6 1 9 5 2 8 
20180826672 3 7 9 8 2 1 10 5 6 4 
20180826673 5 9 7 4 8 3 6 2 1 10 
20180826674 7 10 3 6 8 1 9 5 2 4 
20180826675 5 6 8 3 4 9 1 7 2 10 
20180826676 9 1 8 2 7 10 6 4 3 5 
20180826677 1 7 9 5 10 4 3 2 8 6 
20180826678 6 10 8 3 5 9 2 1 7 4 
20180826679 10 6 9 3 7 2 4 5 8 1 
20180826680 7 6 2 4 3 10 1 5 8 9 
20180826681 6 2 9 4 5 10 3 7 8 1 
20180826682 6 3 4 1 9 8 10 7 5 2 
20180826683 1 8 6 4 10 7 2 9 5 3 
20180826684 10 1 9 5 2 6 7 3 8 4 
20180826685 10 5 2 9 7 6 4 8 3 1 
20180826686 8 9 7 1 3 6 5 4 10 2 
20180826687 1 6 2 9 7 8 5 10 4 3 
20180826688 4 5 6 1 3 2 10 7 9 8 
20180826689 4 5 1 7 8 9 6 10 3 2 
20180826690 7 9 5 6 4 3 10 1 8 2 
20180826691 9 1 6 4 7 5 8 3 10 2 
20180826692 2 4 5 1 10 3 9 7 6 8 
20180826693 10 5 2 4 1 7 6 9 3 8 
20180826694 7 1 5 6 4 2 3 9 8 10 
20180826695 4 2 8 10 6 1 9 5 3 7 
20180826696 4 1 6 7 8 10 9 2 3 5 
20180826697 5 10 8 7 6 3 2 1 9 4 
20180826698 2 6 7 1 3 4 10 5 9 8 
20180826699 5 9 3 1 2 6 7 4 8 10 
20180826700 2 9 7 1 5 8 4 6 3 10 
20180826701 3 2 8 6 7 5 9 1 4 10 
20180826702 6 9 4 8 5 1 3 2 7 10 
20180826703 2 10 9 6 7 3 4 1 8 5 
20180826704 1 8 10 9 4 3 6 7 2 5 
20180826705 1 7 3 6 4 5 10 9 8 2 
20180826706 9 6 8 2 7 1 10 3 4 5 
20180826707 9 2 8 7 10 4 5 6 3 1 
20180826708 8 5 2 1 3 7 9 6 10 4 
20180826709 8 5 6 9 2 3 10 7 4 1 
20180826710 9 10 8 1 3 2 4 7 6 5 
20180826711 5 9 6 1 7 2 4 10 8 3 
20180826712 3 9 5 10 7 8 6 1 4 2 
20180826713 7 3 1 4 8 9 2 5 6 10 
20180826714 8 7 1 10 4 3 9 6 5 2 
20180826715 5 8 4 6 2 1 10 7 3 9 
20180826716 9 8 7 2 10 3 1 4 6 5 
20180826717 9 4 3 1 8 2 7 5 6 10 
20180826718 3 10 8 4 6 1 5 7 2 9 
20180826719 4 9 2 5 1 3 7 10 6 8 
20180826720 7 9 10 5 1 3 6 2 4 8 
20180826721 1 9 3 7 10 6 8 2 5 4 
20180826722 3 2 10 9 1 6 7 4 8 5 
20180826723 7 10 4 8 9 1 2 5 3 6 
20180826724 7 1 10 8 9 3 5 4 6 2 
20180826725 3 6 7 10 8 4 1 2 9 5 
20180826726 3 4 9 7 2 1 8 10 5 6 
20180826727 1 7 9 10 2 4 6 8 5 3 
20180826728 9 2 8 4 7 3 1 5 6 10 
20180826729 6 9 4 3 10 1 8 2 5 7 
20180826730 10 3 5 9 8 6 4 1 7 2 
20180826731 1 5 2 8 10 4 3 7 6 9 
20180826732 4 10 6 8 9 1 5 7 3 2 
20180826733 9 1 8 5 10 6 2 4 7 3 
20180826734 10 1 8 3 2 9 7 5 6 4 
20180826735 1 6 2 8 7 4 3 10 5 9 
20180826736 8 5 2 4 7 3 10 1 6 9 
20180826737 10 5 1 6 9 7 3 4 8 2 
20180826738 3 7 5 10 9 1 4 6 8 2 
20180826739 3 8 7 1 4 2 9 10 5 6 
20180826740 4 3 1 2 9 10 8 5 6 7 
20180826741 3 8 9 1 10 7 5 6 2 4 
20180826742 3 6 7 9 8 5 4 1 10 2 
20180826743 1 7 6 4 9 5 8 3 2 10 
20180826744 1 4 2 7 5 9 10 8 6 3 
20180826745 4 2 8 7 9 6 10 3 1 5 
20180826746 3 7 5 9 1 8 4 6 10 2 
20180826747 4 6 7 5 2 1 8 3 9 10 
20180826748 3 10 2 5 8 4 6 7 1 9 
20180826749 8 9 7 5 4 10 2 3 6 1 
20180826750 6 10 8 9 4 3 2 7 5 1 
20180826751 5 6 4 9 10 1 3 7 2 8 
20180826752 3 2 7 8 10 4 6 5 9 1 
20180826753 10 2 5 6 3 7 8 4 9 1 
20180826754 1 5 2 10 9 3 8 7 6 4 
20180826755 10 9 2 8 7 5 3 4 1 6 
20180826756 7 4 6 3 2 1 10 8 5 9 
20180826757 9 3 5 7 1 2 10 8 6 4 
20180826758 8 9 10 2 6 4 1 3 5 7 
20180826759 5 1 9 6 10 3 7 2 8 4 
20180826760 8 7 5 10 1 9 6 2 3 4 
20180826761 3 2 4 5 6 10 7 1 9 8 
20180826762 5 6 4 10 9 2 8 1 3 7 
20180826763 2 3 7 9 4 5 8 6 1 10 
20180826764 8 3 10 5 4 9 7 2 1 6 
20180826765 4 9 10 6 3 1 7 2 8 5 
20180826766 9 8 4 1 2 5 7 3 6 10 
20180826767 8 3 7 4 2 6 1 5 9 10 
20180826768 7 6 1 10 3 9 8 2 4 5 
20180826769 7 2 4 8 3 6 9 10 5 1 
20180826770 7 3 1 8 6 2 5 9 10 4 
20180826771 8 4 7 2 10 5 1 9 6 3 
20180826772 8 4 3 9 6 2 7 5 1 10 
20180826773 1 2 4 6 3 7 5 9 8 10 
20180826774 9 2 7 5 4 3 1 6 8 10 
20180826775 6 5 2 7 1 10 3 4 9 8 
20180826776 6 9 5 7 1 2 10 8 4 3 
20180826777 1 2 3 4 7 9 6 5 8 10 
20180826778 4 7 1 9 10 3 5 2 8 6 
20180826779 5 2 1 3 7 8 10 4 6 9 
20180826780 7 2 4 8 9 10 3 5 6 1 
20180826781 3 6 10 2 4 5 9 1 7 8 
20180826782 3 9 1 7 6 4 5 10 2 8 
20180826783 4 3 6 8 7 5 10 1 9 2 
20180826784 5 4 9 7 6 1 10 8 2 3 
20180826785 5 6 10 7 3 8 4 1 2 9 
20180826786 6 4 7 10 9 2 1 3 8 5 
20180826787 1 10 5 4 2 3 8 7 6 9 
20180826788 5 4 8 1 6 10 3 9 7 2 
20180826789 5 7 3 8 10 4 1 9 2 6 
20180826790 5 6 7 2 3 4 9 1 10 8 
20180826791 7 1 8 10 5 6 2 9 3 4 
20180826792 5 10 8 6 1 9 3 2 7 4 
20180826793 4 9 5 1 3 2 6 8 7 10 
20180826794 9 6 1 7 4 5 3 2 8 10 
20180826795 10 4 6 9 7 3 1 8 5 2 
20180826796 9 5 3 6 1 2 10 4 7 8 
20180826797 9 8 6 4 1 5 10 7 2 3 
20180826798 6 8 1 5 10 2 3 9 4 7 
20180826799 5 2 6 9 4 7 8 10 1 3 
20180826800 8 10 1 9 6 5 3 2 7 4 
20180826801 9 1 7 4 5 6 2 8 10 3 
20180826802 2 6 10 3 1 7 5 9 4 8 
20180826803 2 7 9 1 5 6 4 10 3 8 
20180826804 1 8 3 10 5 9 6 4 2 7 
20180826805 2 9 7 8 5 4 3 10 6 1 
20180826806 6 1 5 4 7 10 2 9 8 3 
20180826807 6 10 7 5 4 3 8 2 9 1 
20180826808 2 10 3 4 1 9 6 7 8 5 
20180826809 10 4 8 3 6 1 2 9 5 7 
20180826810 9 7 2 6 1 10 4 5 8 3 
20180826811 2 8 10 3 9 4 6 7 5 1 
20180826812 10 2 4 8 1 7 9 6 3 5 
20180826813 1 8 7 5 10 9 3 2 4 6 
20180826814 6 9 8 2 4 10 5 1 7 3 
20180826815 5 10 3 4 7 9 6 2 1 8 
20180826816 9 6 3 1 8 5 7 2 10 4 
20180826817 6 3 1 7 5 4 8 10 9 2 
20180826818 9 1 3 4 10 5 8 7 2 6 
20180826819 8 1 9 10 5 4 2 7 3 6 
20180826820 10 1 6 3 7 5 8 2 9 4 
20180826821 5 1 9 6 10 3 4 2 7 8 
20180826822 8 6 10 7 1 4 9 3 5 2 
20180826823 6 2 4 3 7 8 9 10 5 1 
20180826824 8 1 6 2 4 3 9 7 5 10 
20180826825 6 10 4 8 7 2 3 5 1 9 
20180826826 7 5 3 8 1 9 4 6 10 2 
20180826827 2 3 1 9 5 8 7 10 4 6 
20180826828 3 8 10 7 6 1 2 4 5 9 
20180826829 4 10 5 2 6 9 8 7 1 3 
20180826830 9 1 6 2 4 10 7 3 8 5 
20180826831 6 7 10 1 4 9 8 5 2 3 
20180826832 2 6 5 8 3 9 7 10 4 1 
20180826833 5 7 4 8 2 9 3 10 1 6 
20180826834 4 6 1 7 2 3 9 5 8 10 
20180826835 4 7 1 8 2 9 5 3 10 6 
20180826836 1 6 7 2 4 5 3 9 10 8 
20180826837 3 5 9 2 1 4 10 6 7 8 
20180826838 8 9 2 10 3 6 1 7 5 4 
20180826839 8 4 7 10 2 5 9 6 1 3 
20180826840 5 7 1 2 6 8 9 4 3 10 
20180826841 9 4 7 8 5 2 10 3 6 1 
20180826842 1 2 9 4 6 5 10 7 3 8 
20180826843 5 6 1 8 3 9 2 7 4 10 
20180826844 4 5 2 6 8 9 10 3 1 7 
20180826845 7 6 2 3 5 10 1 4 9 8 
20180826846 4 2 9 7 3 6 10 5 8 1 
20180826847 4 9 10 3 1 7 8 5 6 2 
20180826848 8 9 7 5 2 3 10 1 4 6 
20180826849 2 9 8 1 3 6 10 4 7 5 
20180826850 5 1 7 4 9 6 8 3 2 10 
20180826851 10 4 7 3 5 9 2 1 6 8 
20180826852 6 8 2 5 4 1 7 9 10 3 
20180826853 9 5 4 10 6 8 7 1 3 2 
20180826854 4 2 6 7 5 1 10 9 8 3 
20180826855 8 4 10 9 6 1 3 5 7 2 
20180826856 4 6 10 5 3 1 2 9 7 8 
20180826857 10 8 9 3 5 1 7 6 4 2 
20180826858 8 1 9 6 10 3 2 5 4 7 
20180826859 6 9 2 5 10 3 7 4 1 8 
20180826860 8 5 6 10 2 3 4 9 7 1 
20180826861 10 9 4 1 6 3 7 2 5 8 
20180826862 7 5 6 9 1 10 8 4 2 3 
20180826863 7 4 3 8 5 6 2 1 9 10 
20180826864 2 5 8 10 4 7 9 1 6 3 
20180826865 3 8 2 10 7 1 9 5 6 4 
20180826866 5 9 1 10 8 3 7 2 4 6 
20180826867 3 8 6 9 5 4 10 1 2 7 
20180826868 6 7 5 9 2 8 4 10 1 3 
20180826869 4 10 6 5 1 2 3 7 9 8 
20180826870 4 8 3 10 2 1 7 5 6 9 
20180826871 5 10 8 1 2 6 4 3 7 9 
20180826872 4 7 5 3 2 1 9 8 10 6 
20180826873 6 8 9 3 2 10 5 4 7 1 
20180826874 2 3 8 4 10 1 9 7 6 5 
20180826875 2 7 8 9 5 4 3 1 10 6 
20180826876 6 10 9 3 7 4 2 5 1 8 
20180826877 3 2 10 8 7 9 1 4 6 5 
20180826878 1 10 4 9 5 6 2 3 7 8 
20180826879 10 7 9 2 4 3 1 6 8 5 
20180826880 3 10 2 9 7 6 8 1 5 4 
20180826881 3 6 4 8 10 2 9 7 1 5 
20180826882 6 9 3 5 7 4 8 10 1 2 
20180826883 2 3 1 5 4 9 10 6 7 8 
20180826884 3 4 7 10 6 9 8 1 5 2 
20180826885 8 5 6 7 4 1 10 3 9 2 
20180826886 3 6 5 2 7 9 4 10 8 1 
20180826887 1 8 5 10 6 7 2 9 4 3 
20180826888 8 3 6 7 4 5 2 10 9 1 
20180826889 4 10 7 2 5 3 6 8 1 9 
20180826890 7 4 1 8 3 2 6 10 5 9 
20180826891 5 3 1 6 8 2 4 7 10 9 
20180826892 5 8 3 10 7 1 4 9 6 2 
20180826893 10 2 3 9 1 8 7 5 4 6 
20180826894 2 10 3 9 7 1 6 5 4 8 
20180826895 7 2 5 4 8 9 6 10 1 3 
20180826896 6 1 7 8 4 2 5 9 10 3 
20180826897 2 3 5 6 7 9 1 8 4 10 
20180826898 5 3 4 8 2 1 10 7 6 9 
20180826899 5 7 10 4 2 9 3 8 6 1 
20180826900 3 9 1 8 5 2 6 7 10 4 
20180826901 2 6 9 8 5 4 1 10 7 3 
20180826902 1 6 2 3 4 5 9 7 10 8 
20180826903 9 1 7 3 6 5 8 10 2 4 
20180826904 3 5 6 2 8 4 1 7 9 10 
20180826905 4 10 3 8 1 5 9 7 6 2 
20180826906 10 5 2 6 8 9 3 4 1 7 
20180826907 5 7 1 3 10 6 8 4 2 9 
20180826908 8 2 10 6 4 3 7 5 9 1 
20180826909 2 8 5 7 1 9 6 10 3 4 
20180826910 3 1 5 9 8 2 10 7 6 4 
20180826911 2 6 7 10 9 3 1 5 4 8 
20180826912 7 8 9 5 4 2 3 6 10 1 
20180826913 2 5 6 8 4 1 10 3 9 7 
20180826914 5 2 10 1 4 8 3 9 6 7 
20180826915 5 2 9 6 1 8 4 3 7 10 
20180826916 10 4 7 9 6 5 2 1 3 8 
20180826917 6 10 7 4 3 9 1 5 2 8 
20180826918 8 2 10 7 3 4 6 9 1 5 
20180826919 7 4 1 6 10 8 2 3 5 9 
20180826920 8 2 5 3 4 10 6 7 1 9 
20180826921 5 1 8 9 7 3 6 2 4 10 
20180826922 1 2 6 4 8 3 9 10 7 5 
20180826923 7 5 9 3 8 10 4 6 1 2 
20180826924 2 5 8 6 1 7 4 3 10 9 
20180826925 6 2 3 4 7 9 10 5 8 1 
20180826926 2 8 7 6 9 10 3 4 5 1 
20180826927 5 7 10 9 4 3 6 2 8 1 
20180826928 2 10 1 9 6 7 8 5 4 3 
20180826929 8 3 10 7 4 1 2 6 5 9 
20180826930 9 5 1 10 6 3 2 4 7 8 
20180826931 1 2 7 3 6 8 4 5 10 9 
20180826932 7 8 10 2 9 3 4 5 1 6 
20180826933 9 8 7 10 5 3 4 2 6 1 
20180826934 6 1 3 5 2 10 7 9 4 8 
20180826935 3 1 10 2 8 6 5 4 7 9 
20180826936 9 8 7 2 4 1 3 10 5 6 
20180826937 10 5 2 3 9 1 4 6 7 8 
20180826938 9 1 4 3 2 7 10 6 5 8 
20180826939 7 3 6 5 1 10 9 4 2 8 
20180826940 2 9 10 6 5 1 8 3 4 7 
20180826941 10 2 5 8 6 4 3 1 7 9 
20180826942 9 8 2 4 7 1 6 5 3 10 
20180826943 4 1 6 2 8 7 3 9 10 5 
20180826944 1 2 10 6 9 5 7 8 3 4 
20180826945 6 9 7 1 5 3 8 10 4 2 
20180826946 3 10 5 8 1 9 6 2 7 4 
20180826947 2 7 8 1 3 9 10 6 5 4 
20180826948 4 9 7 8 1 10 2 5 3 6 
20180826949 5 4 2 1 6 3 8 7 9 10 
20180826950 10 3 9 1 5 4 7 8 6 2 
20180826951 6 4 2 1 10 3 8 7 9 5 
20180826952 4 3 1 8 5 7 6 9 2 10 
20180826953 10 4 9 2 1 7 8 6 5 3 
20180826954 2 4 9 8 10 1 5 7 3 6 
20180826955 1 10 2 7 8 5 9 3 6 4 
20180826956 3 8 5 7 4 2 6 9 1 10 
20180826957 1 3 6 5 2 8 4 7 9 10 
20180826958 10 6 2 9 3 4 5 8 1 7 
20180826959 9 7 2 4 3 6 8 10 5 1 
20180826960 7 6 3 5 8 1 9 4 10 2 
20180826961 6 3 1 10 9 5 7 2 8 4 
20180826962 10 7 9 1 8 3 2 6 4 5 
20180826963 3 2 7 1 8 4 5 9 6 10 
20180826964 4 6 9 2 8 3 10 5 7 1 
20180826965 10 3 1 8 4 2 7 9 5 6 
20180826966 7 1 4 5 2 3 6 9 10 8 
20180826967 5 4 3 10 2 9 8 7 1 6 
20180826968 2 10 4 5 3 7 6 8 9 1 
20180826969 1 5 9 4 7 3 2 6 8 10 
20180826970 9 2 3 8 4 1 6 5 7 10 
20180826971 3 1 2 8 9 4 10 6 5 7 
20180826972 3 9 2 4 1 8 10 5 7 6 
20180826973 8 2 5 9 4 3 7 10 6 1 
20180826974 1 10 6 2 8 5 7 3 9 4 
20180826975 4 9 5 3 10 1 6 7 8 2 
20180826976 2 8 6 5 1 4 7 10 3 9 
20180826977 1 3 8 4 7 5 9 2 6 10 
20180826978 1 2 7 8 4 10 9 6 3 5 
20180826979 2 5 8 9 6 10 3 7 1 4 
20180826980 10 4 1 9 6 8 3 7 2 5 
20180826981 4 10 3 8 2 9 1 5 6 7 
20180826982 6 3 5 2 1 4 7 9 8 10 
20180826983 8 2 1 7 3 4 9 10 6 5 
20180826984 1 3 10 9 6 2 5 7 4 8 
20180826985 4 3 1 8 7 10 9 5 2 6 
