20180827001 2 3 5 1 4 6 10 8 7 9 
20180827002 10 4 6 9 2 3 1 8 5 7 
20180827003 3 4 2 5 10 1 9 7 8 6 
20180827004 2 4 10 7 8 1 3 5 9 6 
20180827005 8 3 2 6 7 9 5 4 1 10 
20180827006 9 8 6 1 2 10 4 3 7 5 
20180827007 9 3 5 2 1 4 8 6 10 7 
20180827008 5 10 4 3 8 9 7 2 1 6 
20180827009 6 10 9 4 5 2 7 1 8 3 
20180827010 10 3 2 6 1 7 4 8 5 9 
20180827011 4 7 10 9 1 2 8 3 6 5 
20180827012 1 7 4 8 6 5 2 3 9 10 
20180827013 3 1 7 8 9 2 10 6 4 5 
20180827014 7 4 5 1 2 9 6 10 3 8 
20180827015 3 7 9 10 1 8 5 2 4 6 
20180827016 4 2 1 9 7 3 5 8 6 10 
20180827017 8 4 7 3 1 5 9 10 6 2 
20180827018 3 7 10 1 6 4 9 8 2 5 
20180827019 1 4 8 7 2 5 10 3 9 6 
20180827020 4 2 10 1 3 5 7 6 9 8 
20180827021 1 4 2 3 10 8 5 6 7 9 
20180827022 9 2 1 10 5 3 4 7 8 6 
20180827023 9 6 8 4 10 7 2 5 1 3 
20180827024 2 6 10 8 7 3 4 1 9 5 
20180827025 10 6 4 1 2 8 5 7 9 3 
20180827026 5 6 10 8 2 9 1 7 4 3 
20180827027 8 5 10 9 7 6 2 4 1 3 
20180827028 9 5 10 1 3 8 2 4 7 6 
20180827029 2 5 1 6 10 4 9 8 3 7 
20180827030 1 2 8 9 6 4 10 7 5 3 
20180827031 7 9 5 10 2 4 6 8 1 3 
20180827032 5 4 1 10 8 7 2 9 3 6 
20180827033 3 6 7 1 2 5 9 4 10 8 
20180827034 2 8 9 6 1 10 4 5 3 7 
20180827035 3 4 6 1 8 5 10 2 7 9 
20180827036 8 1 9 10 6 5 7 4 3 2 
20180827037 8 5 3 7 6 4 2 10 1 9 
20180827038 5 7 4 10 3 8 6 2 9 1 
20180827039 8 9 10 3 6 5 7 4 1 2 
20180827040 6 8 3 1 10 5 4 9 2 7 
20180827041 9 2 6 10 5 1 3 7 8 4 
20180827042 10 4 9 2 7 3 6 8 5 1 
20180827043 5 10 8 3 9 1 6 2 4 7 
20180827044 6 10 7 5 8 9 2 4 1 3 
20180827045 8 3 10 7 1 4 2 9 6 5 
20180827046 6 8 5 7 1 9 10 2 3 4 
20180827047 3 8 7 5 4 6 1 10 9 2 
20180827048 8 4 7 10 3 5 1 6 2 9 
20180827049 1 5 2 9 3 8 4 10 7 6 
20180827050 3 7 8 6 2 9 4 5 1 10 
20180827051 4 7 1 10 2 6 3 5 8 9 
20180827052 2 4 10 7 5 6 1 9 3 8 
20180827053 4 7 6 9 1 8 2 10 3 5 
20180827054 7 4 8 2 3 5 6 1 10 9 
20180827055 7 8 3 2 5 6 10 1 4 9 
20180827056 5 10 7 4 2 1 3 8 9 6 
20180827057 6 4 5 8 2 9 10 1 7 3 
20180827058 10 5 6 3 8 9 1 7 4 2 
20180827059 8 10 4 3 7 5 1 6 9 2 
20180827060 4 5 9 2 6 8 1 3 7 10 
20180827061 1 2 9 10 4 7 6 3 5 8 
20180827062 3 7 6 10 2 1 4 9 8 5 
20180827063 1 3 10 8 5 9 2 6 4 7 
20180827064 9 10 2 1 5 6 3 8 4 7 
20180827065 3 8 4 7 1 9 2 6 10 5 
20180827066 2 8 9 5 1 7 4 3 6 10 
20180827067 10 9 3 8 4 2 7 5 6 1 
20180827068 7 1 3 4 5 8 9 6 2 10 
20180827069 3 9 5 8 6 10 2 1 4 7 
20180827070 2 8 4 7 9 5 10 6 3 1 
20180827071 5 6 10 7 8 9 1 4 3 2 
20180827072 9 7 6 8 10 2 4 1 3 5 
20180827073 5 6 10 7 8 4 9 2 3 1 
20180827074 5 6 4 2 7 9 8 1 10 3 
20180827075 4 3 6 7 9 5 2 8 10 1 
20180827076 5 4 6 2 10 3 1 8 7 9 
20180827077 2 3 6 7 4 1 5 9 10 8 
20180827078 4 2 9 6 7 8 5 10 1 3 
20180827079 3 5 8 10 6 4 2 1 7 9 
20180827080 1 7 10 8 5 2 4 6 3 9 
20180827081 3 5 9 6 7 2 4 1 8 10 
20180827082 7 10 8 9 1 3 6 4 2 5 
20180827083 1 7 5 8 4 2 6 9 3 10 
20180827084 8 10 4 2 6 9 5 3 1 7 
20180827085 7 3 1 4 8 9 5 2 10 6 
20180827086 6 4 9 1 8 10 2 3 5 7 
20180827087 2 3 10 1 5 9 7 6 8 4 
20180827088 1 8 2 3 10 4 7 6 5 9 
20180827089 7 1 2 3 10 8 4 9 5 6 
20180827090 1 4 3 9 8 5 2 10 7 6 
20180827091 2 9 6 4 8 7 3 10 5 1 
20180827092 9 2 8 10 7 4 1 3 6 5 
20180827093 7 10 4 1 9 5 6 8 3 2 
20180827094 2 3 7 9 4 5 8 6 1 10 
20180827095 1 3 6 10 5 9 8 4 7 2 
20180827096 10 7 2 8 6 4 9 3 5 1 
20180827097 7 3 8 6 4 1 5 2 10 9 
20180827098 3 7 6 9 8 10 1 2 5 4 
20180827099 6 5 1 3 7 9 4 10 8 2 
20180827100 6 7 4 3 9 2 1 8 10 5 
20180827101 6 8 1 7 4 2 3 5 10 9 
20180827102 6 9 8 7 10 5 1 3 4 2 
20180827103 4 2 7 6 5 9 8 10 1 3 
20180827104 8 4 3 2 7 9 10 1 5 6 
20180827105 8 1 3 7 10 9 2 5 6 4 
20180827106 4 8 1 9 2 3 10 7 5 6 
20180827107 6 1 3 7 9 4 2 8 10 5 
20180827108 7 3 5 1 6 4 2 8 10 9 
20180827109 2 9 5 4 10 1 8 6 3 7 
20180827110 10 3 8 6 1 2 4 5 9 7 
20180827111 4 10 1 7 5 9 3 6 8 2 
20180827112 10 7 8 2 9 4 3 1 6 5 
20180827113 9 8 6 10 2 4 7 1 3 5 
20180827114 9 6 2 4 3 8 7 1 10 5 
20180827115 8 6 1 3 7 10 4 9 2 5 
20180827116 9 5 7 4 10 8 3 6 1 2 
20180827117 3 7 9 4 2 6 1 10 8 5 
20180827118 2 7 9 10 5 3 8 1 6 4 
20180827119 8 4 10 6 1 2 3 9 7 5 
20180827120 7 5 2 10 9 3 8 6 1 4 
20180827121 9 2 6 8 1 5 7 10 3 4 
20180827122 10 3 7 4 9 5 8 6 2 1 
20180827123 3 9 10 5 1 8 7 2 4 6 
20180827124 8 4 5 3 9 6 10 7 2 1 
20180827125 6 3 2 10 4 8 9 1 7 5 
20180827126 9 2 4 7 5 3 6 8 10 1 
20180827127 3 7 5 2 8 6 1 10 9 4 
20180827128 7 8 4 6 1 10 5 3 2 9 
20180827129 3 2 10 1 6 9 5 4 7 8 
20180827130 8 4 5 7 2 1 6 10 3 9 
20180827131 7 8 3 5 9 1 6 2 10 4 
20180827132 9 6 8 2 10 4 1 7 3 5 
20180827133 2 3 7 8 9 6 10 1 5 4 
20180827134 6 5 9 10 2 3 1 7 8 4 
20180827135 5 8 4 1 7 3 2 6 9 10 
20180827136 1 10 9 7 8 3 4 6 5 2 
20180827137 10 6 4 7 1 9 5 2 3 8 
20180827138 4 6 1 3 10 2 7 5 9 8 
20180827139 6 4 9 1 5 2 7 10 3 8 
20180827140 8 7 10 9 1 2 6 5 4 3 
20180827141 10 7 8 5 2 1 6 4 3 9 
20180827142 4 7 9 5 3 2 8 10 1 6 
20180827143 6 9 3 4 5 2 10 8 7 1 
20180827144 3 7 8 1 4 6 9 10 2 5 
20180827145 10 9 8 6 7 4 1 2 5 3 
20180827146 5 6 2 7 8 4 3 9 10 1 
20180827147 3 1 9 7 2 4 5 10 8 6 
20180827148 9 6 1 7 3 5 4 8 10 2 
20180827149 3 7 1 6 9 4 10 8 5 2 
20180827150 9 2 7 3 6 5 4 10 8 1 
20180827151 5 10 1 4 7 6 2 3 8 9 
20180827152 6 4 5 9 10 7 2 8 3 1 
20180827153 9 10 6 3 7 5 1 4 2 8 
20180827154 4 3 9 5 8 10 2 6 1 7 
20180827155 3 1 6 4 7 8 5 2 9 10 
20180827156 9 5 1 3 10 2 7 4 6 8 
20180827157 3 4 9 1 8 10 2 5 6 7 
20180827158 5 2 10 6 3 4 1 9 7 8 
20180827159 9 10 2 7 3 5 4 1 6 8 
20180827160 10 2 8 1 7 3 9 4 6 5 
20180827161 6 4 2 7 3 1 9 10 5 8 
20180827162 1 3 6 5 9 10 4 2 8 7 
20180827163 4 6 3 1 8 5 2 7 10 9 
20180827164 3 10 9 1 7 4 6 2 5 8 
20180827165 10 8 9 4 5 2 6 7 1 3 
20180827166 7 3 8 9 1 10 6 5 4 2 
20180827167 2 6 10 3 7 8 1 5 4 9 
20180827168 5 7 6 1 2 8 4 10 3 9 
20180827169 8 10 7 2 4 6 9 5 3 1 
20180827170 4 1 6 3 10 5 8 2 7 9 
20180827171 8 2 1 9 6 5 4 7 10 3 
20180827172 8 10 2 6 1 3 9 7 5 4 
20180827173 1 2 9 5 10 3 6 7 4 8 
20180827174 3 2 8 10 1 7 9 6 4 5 
20180827175 8 6 10 5 9 2 7 4 3 1 
20180827176 5 6 9 2 4 10 8 3 1 7 
20180827177 4 6 9 3 1 8 10 5 7 2 
20180827178 9 7 4 10 6 8 1 3 5 2 
20180827179 1 7 2 6 3 9 10 8 4 5 
20180827180 6 10 8 9 1 2 7 4 3 5 
20180827181 7 1 9 6 4 3 8 10 2 5 
20180827182 5 7 9 2 4 8 3 6 1 10 
20180827183 2 9 7 8 4 10 1 6 3 5 
20180827184 7 4 9 10 5 1 2 3 8 6 
20180827185 3 10 8 2 9 1 7 4 5 6 
20180827186 10 8 6 2 4 7 3 5 9 1 
20180827187 8 4 9 7 5 3 10 2 6 1 
20180827188 3 10 4 9 8 6 5 7 1 2 
20180827189 1 9 3 6 5 10 4 8 2 7 
20180827190 9 2 7 6 4 1 3 8 10 5 
20180827191 10 6 1 9 4 7 2 5 3 8 
20180827192 5 8 3 6 9 10 7 1 4 2 
20180827193 4 6 5 10 3 9 1 2 8 7 
20180827194 7 1 9 4 10 6 2 8 5 3 
20180827195 3 8 1 9 5 10 2 4 6 7 
20180827196 2 4 6 7 8 10 1 3 9 5 
20180827197 2 1 3 4 9 8 6 7 10 5 
20180827198 4 9 6 7 2 3 10 8 1 5 
20180827199 6 1 9 2 3 7 5 8 10 4 
20180827200 7 5 1 3 10 2 8 6 4 9 
20180827201 2 6 7 5 9 8 4 3 10 1 
20180827202 9 3 1 5 6 7 4 8 2 10 
20180827203 1 2 7 9 10 4 8 5 6 3 
20180827204 4 9 6 7 3 5 8 1 2 10 
20180827205 6 8 1 3 4 5 10 7 2 9 
20180827206 2 8 6 1 5 10 9 3 4 7 
20180827207 7 3 4 10 5 8 2 6 1 9 
20180827208 9 4 2 1 3 8 5 6 7 10 
20180827209 5 7 2 6 9 10 1 3 8 4 
20180827210 5 3 7 6 4 1 8 2 10 9 
20180827211 7 1 5 2 9 8 10 4 6 3 
20180827212 6 7 3 8 9 4 10 2 5 1 
20180827213 9 2 7 6 10 4 8 1 3 5 
20180827214 8 5 4 7 2 10 9 6 3 1 
20180827215 9 3 5 4 7 10 1 8 6 2 
20180827216 5 1 10 2 7 9 8 3 6 4 
20180827217 8 10 2 3 9 4 1 5 6 7 
20180827218 5 3 9 8 10 2 7 6 1 4 
20180827219 7 1 10 8 6 9 4 3 2 5 
20180827220 7 1 8 9 3 10 4 2 5 6 
20180827221 6 7 9 5 1 4 3 2 8 10 
20180827222 1 9 8 6 3 7 4 5 10 2 
20180827223 7 3 1 2 6 5 4 10 8 9 
20180827224 3 8 7 6 1 9 10 4 5 2 
20180827225 2 4 3 9 1 10 7 5 6 8 
20180827226 2 8 3 6 5 4 9 1 10 7 
20180827227 6 2 5 3 4 8 9 7 10 1 
20180827228 5 1 2 6 7 4 9 3 8 10 
20180827229 6 8 2 3 9 1 10 7 4 5 
20180827230 4 9 5 1 7 6 3 10 2 8 
20180827231 1 9 7 2 3 5 4 6 8 10 
20180827232 1 3 7 2 6 5 10 4 9 8 
20180827233 10 9 4 6 8 7 2 5 3 1 
20180827234 3 2 4 6 10 9 7 1 5 8 
20180827235 7 1 2 3 8 4 6 10 5 9 
20180827236 7 8 10 4 3 1 5 6 2 9 
20180827237 7 4 3 1 6 8 2 10 9 5 
20180827238 3 2 8 10 6 1 7 9 5 4 
20180827239 6 4 9 10 7 2 1 3 5 8 
20180827240 6 10 5 2 1 3 4 8 9 7 
20180827241 3 4 9 7 1 2 8 6 10 5 
20180827242 10 9 1 6 8 5 7 3 4 2 
20180827243 10 1 6 5 8 3 7 2 9 4 
20180827244 6 5 10 2 9 4 1 8 3 7 
20180827245 8 10 2 4 9 5 3 6 7 1 
20180827246 6 7 9 10 5 8 2 1 3 4 
20180827247 3 7 8 4 9 1 5 2 6 10 
20180827248 1 6 7 2 3 4 9 5 10 8 
20180827249 7 3 8 9 2 10 6 4 1 5 
20180827250 5 1 7 9 8 4 10 3 6 2 
20180827251 6 4 3 9 10 2 5 1 8 7 
20180827252 6 5 1 3 10 4 9 2 7 8 
20180827253 5 8 10 1 2 7 6 3 9 4 
20180827254 7 1 9 6 8 3 2 5 10 4 
20180827255 4 3 6 2 9 1 8 5 10 7 
20180827256 1 9 4 6 7 5 2 3 10 8 
20180827257 3 9 4 5 1 10 2 7 8 6 
20180827258 1 4 7 2 9 8 6 10 5 3 
20180827259 7 9 8 1 5 6 2 3 10 4 
20180827260 7 9 2 4 1 3 8 10 5 6 
20180827261 9 8 2 3 7 1 10 4 6 5 
20180827262 3 2 6 10 1 5 7 4 9 8 
20180827263 9 10 5 7 4 1 2 6 3 8 
20180827264 10 8 3 1 4 2 7 6 9 5 
20180827265 8 10 5 2 9 3 4 7 1 6 
20180827266 2 6 10 5 4 3 8 7 1 9 
20180827267 7 6 9 4 2 5 8 3 10 1 
20180827268 5 1 2 8 4 6 10 7 3 9 
20180827269 10 3 5 9 8 6 2 1 7 4 
20180827270 9 2 4 7 8 5 10 3 6 1 
20180827271 6 7 9 4 8 10 3 5 2 1 
20180827272 7 4 6 2 10 9 1 8 3 5 
20180827273 6 4 5 2 8 10 1 3 7 9 
20180827274 6 8 10 4 1 3 7 5 9 2 
20180827275 7 5 4 8 9 10 1 2 3 6 
20180827276 10 5 2 7 3 9 6 1 4 8 
20180827277 9 8 1 4 10 5 2 6 3 7 
20180827278 10 9 3 2 7 4 1 8 5 6 
20180827279 4 6 9 10 7 1 2 5 3 8 
20180827280 6 4 7 2 9 1 8 3 10 5 
20180827281 4 5 7 3 2 9 10 8 1 6 
20180827282 3 9 1 4 5 2 6 7 8 10 
20180827283 9 3 2 5 10 7 8 6 1 4 
20180827284 1 3 4 8 5 6 2 9 7 10 
20180827285 9 1 3 4 8 6 10 7 5 2 
20180827286 2 9 8 1 5 6 7 3 10 4 
20180827287 3 10 8 1 6 7 4 9 5 2 
20180827288 5 7 10 1 2 6 3 9 8 4 
20180827289 7 8 10 2 5 9 3 6 1 4 
20180827290 9 5 8 4 3 1 6 2 7 10 
20180827291 7 5 8 3 4 6 2 1 10 9 
20180827292 3 4 2 8 9 1 7 10 5 6 
20180827293 6 10 2 8 7 1 3 9 5 4 
20180827294 7 8 10 1 9 5 4 3 2 6 
20180827295 5 9 3 1 6 10 4 7 8 2 
20180827296 10 7 2 3 9 6 8 1 5 4 
20180827297 7 6 8 5 10 1 2 9 3 4 
20180827298 1 6 5 3 8 2 7 4 10 9 
20180827299 6 8 1 2 4 3 5 7 9 10 
20180827300 7 4 1 3 9 5 6 2 8 10 
20180827301 8 3 2 10 7 1 4 6 9 5 
20180827302 9 10 8 1 3 7 4 5 2 6 
20180827303 10 9 3 8 4 5 7 1 6 2 
20180827304 9 4 3 6 8 2 7 5 10 1 
20180827305 8 7 2 5 4 10 3 6 9 1 
20180827306 9 2 5 3 6 4 8 1 7 10 
20180827307 7 8 9 4 6 1 10 5 2 3 
20180827308 6 7 3 4 2 9 5 10 1 8 
20180827309 3 7 10 6 5 9 1 2 8 4 
20180827310 4 10 8 2 6 3 7 9 1 5 
20180827311 5 8 7 2 9 10 3 6 1 4 
20180827312 1 6 2 10 9 5 7 8 3 4 
20180827313 10 9 7 6 2 4 5 8 1 3 
20180827314 2 1 6 4 7 9 10 5 3 8 
20180827315 1 9 5 3 7 10 6 2 8 4 
20180827316 8 10 7 6 5 9 3 1 4 2 
20180827317 1 4 2 9 8 7 5 6 10 3 
20180827318 7 8 5 9 10 2 4 6 3 1 
20180827319 7 2 6 4 9 3 8 10 1 5 
20180827320 9 5 3 8 10 2 4 7 6 1 
20180827321 9 8 7 2 6 5 3 4 10 1 
20180827322 4 8 2 7 6 10 1 3 5 9 
20180827323 9 2 7 5 1 6 10 8 4 3 
20180827324 8 6 3 7 1 4 2 10 9 5 
20180827325 1 9 8 3 10 7 4 6 2 5 
20180827326 10 1 6 5 9 2 7 3 4 8 
20180827327 3 1 5 6 10 8 7 4 9 2 
20180827328 1 3 4 8 9 6 2 10 7 5 
20180827329 4 8 6 3 5 7 10 2 1 9 
20180827330 7 8 6 1 9 10 5 3 2 4 
20180827331 3 2 10 6 4 9 1 7 5 8 
20180827332 2 3 4 9 10 6 5 8 1 7 
20180827333 9 1 7 6 8 2 3 10 5 4 
20180827334 6 7 1 5 2 3 9 10 8 4 
20180827335 5 1 3 6 10 9 2 7 4 8 
20180827336 2 7 8 6 9 3 4 1 5 10 
20180827337 7 6 1 5 2 10 9 4 3 8 
20180827338 8 5 2 7 3 4 1 10 6 9 
20180827339 4 7 5 10 1 9 8 6 3 2 
20180827340 2 7 6 5 10 4 3 9 1 8 
20180827341 5 9 4 7 1 2 6 10 3 8 
20180827342 5 8 3 1 7 9 4 2 10 6 
20180827343 5 9 6 2 3 7 1 8 10 4 
20180827344 9 3 8 5 10 4 7 2 1 6 
20180827345 5 2 7 4 6 3 8 1 10 9 
20180827346 10 2 3 6 8 5 1 4 9 7 
20180827347 9 5 2 7 10 3 4 1 8 6 
20180827348 9 3 1 7 8 10 6 4 5 2 
20180827349 5 9 7 4 10 2 8 1 6 3 
20180827350 4 1 10 3 6 8 2 7 5 9 
20180827351 3 5 9 8 6 1 10 2 4 7 
20180827352 8 4 7 3 1 2 6 9 5 10 
20180827353 10 8 1 2 7 6 4 9 5 3 
20180827354 8 5 1 7 3 4 2 6 10 9 
20180827355 2 10 4 3 7 6 9 8 5 1 
20180827356 8 6 9 7 1 3 5 10 2 4 
20180827357 5 6 7 4 10 9 1 3 8 2 
20180827358 10 7 3 8 9 1 6 5 2 4 
20180827359 10 5 7 6 2 4 9 8 1 3 
20180827360 4 5 10 7 8 2 1 9 3 6 
20180827361 6 1 4 3 9 8 5 7 10 2 
20180827362 7 4 3 2 8 10 1 6 5 9 
20180827363 10 8 4 1 3 5 7 6 9 2 
20180827364 1 5 7 9 8 10 3 6 2 4 
20180827365 3 8 6 10 9 5 4 2 1 7 
20180827366 8 3 4 6 9 2 5 1 10 7 
20180827367 7 8 5 9 6 4 1 2 10 3 
20180827368 9 1 3 7 2 10 6 4 8 5 
20180827369 1 10 4 8 2 7 6 9 3 5 
20180827370 8 9 5 3 10 1 4 7 2 6 
20180827371 6 5 7 4 2 1 3 9 10 8 
20180827372 1 7 5 6 9 3 10 2 4 8 
20180827373 5 1 9 8 7 4 2 3 6 10 
20180827374 3 4 1 2 10 8 7 9 6 5 
20180827375 4 7 5 8 3 10 9 6 2 1 
20180827376 6 3 8 4 9 1 10 7 2 5 
20180827377 7 2 1 9 8 5 4 3 6 10 
20180827378 1 4 9 10 6 3 8 7 5 2 
20180827379 1 9 10 7 4 3 8 2 6 5 
20180827380 3 7 4 5 2 6 10 9 8 1 
20180827381 4 5 1 9 2 3 10 7 8 6 
20180827382 10 7 6 8 3 9 4 2 5 1 
20180827383 5 10 4 9 6 7 3 2 1 8 
20180827384 5 4 3 8 9 6 1 2 7 10 
20180827385 7 6 5 3 9 10 4 2 8 1 
20180827386 9 4 2 6 7 5 1 10 3 8 
20180827387 9 1 8 4 7 6 10 5 3 2 
20180827388 9 5 1 2 3 6 8 7 4 10 
20180827389 7 8 4 10 2 3 5 6 9 1 
20180827390 10 3 6 9 5 2 4 7 8 1 
20180827391 3 2 7 5 6 1 9 8 10 4 
20180827392 1 3 4 5 6 9 7 2 8 10 
20180827393 6 3 1 4 5 8 10 2 7 9 
20180827394 1 9 8 3 5 2 6 7 4 10 
20180827395 2 8 1 6 5 9 10 4 7 3 
20180827396 10 5 7 4 3 6 2 8 9 1 
20180827397 9 5 2 8 1 7 10 4 6 3 
20180827398 1 5 9 10 4 6 3 8 7 2 
20180827399 9 1 7 5 2 6 10 8 4 3 
20180827400 4 10 9 8 7 3 5 2 6 1 
20180827401 3 10 4 6 7 5 9 8 1 2 
20180827402 3 6 9 1 8 2 7 10 5 4 
20180827403 8 5 7 10 3 9 2 4 1 6 
20180827404 6 3 5 10 1 9 4 8 2 7 
20180827405 6 2 5 4 1 3 9 10 8 7 
20180827406 8 1 5 2 7 9 10 6 4 3 
20180827407 10 4 5 9 3 8 6 7 1 2 
20180827408 7 1 6 8 5 3 4 2 9 10 
20180827409 5 3 6 10 9 4 1 8 7 2 
20180827410 8 2 4 1 7 6 3 9 10 5 
20180827411 5 8 3 7 9 10 2 1 6 4 
20180827412 3 5 2 7 9 1 4 10 8 6 
20180827413 1 9 2 8 5 10 6 4 3 7 
20180827414 2 5 3 6 7 1 9 4 8 10 
20180827415 5 9 7 3 10 1 2 4 6 8 
20180827416 6 5 8 7 4 2 3 10 1 9 
20180827417 6 2 4 10 5 9 8 1 7 3 
20180827418 7 2 9 8 5 3 4 1 6 10 
20180827419 6 4 2 10 1 8 9 7 5 3 
20180827420 4 8 10 3 2 7 5 1 6 9 
20180827421 8 3 6 5 9 2 1 7 4 10 
20180827422 10 3 1 2 8 5 7 6 9 4 
20180827423 2 10 8 3 1 7 9 4 6 5 
20180827424 4 6 7 5 10 3 2 9 1 8 
20180827425 5 8 6 7 4 3 9 2 1 10 
20180827426 6 3 8 10 7 1 4 9 5 2 
20180827427 4 6 8 3 1 2 10 5 9 7 
20180827428 3 7 1 8 10 4 5 2 9 6 
20180827429 10 4 3 6 9 2 7 8 5 1 
20180827430 7 8 3 10 4 1 9 5 2 6 
20180827431 5 3 8 6 2 10 9 7 4 1 
20180827432 10 6 9 8 7 2 3 5 1 4 
20180827433 1 7 6 5 8 10 3 9 4 2 
20180827434 4 8 5 9 1 3 6 10 7 2 
20180827435 2 6 8 7 1 10 9 4 3 5 
20180827436 3 9 4 7 10 1 8 5 2 6 
20180827437 4 6 2 1 5 7 3 9 10 8 
20180827438 7 8 10 1 4 5 6 3 9 2 
20180827439 8 9 4 7 1 2 3 10 5 6 
20180827440 9 5 10 4 2 8 3 1 6 7 
20180827441 10 9 5 1 7 6 2 8 4 3 
20180827442 7 8 6 1 4 5 10 3 2 9 
20180827443 6 4 10 7 2 9 3 8 1 5 
20180827444 5 4 9 1 6 3 10 2 7 8 
20180827445 9 10 6 5 3 7 4 8 2 1 
20180827446 6 9 10 1 7 2 4 3 8 5 
20180827447 6 1 7 2 3 8 9 4 5 10 
20180827448 7 2 4 6 1 8 10 9 3 5 
20180827449 4 9 1 2 3 6 5 8 7 10 
20180827450 7 3 4 9 10 6 1 8 5 2 
20180827451 7 9 6 10 2 3 1 5 8 4 
20180827452 9 4 2 5 3 6 10 7 1 8 
20180827453 4 9 7 10 2 3 8 5 1 6 
20180827454 10 6 5 4 1 9 7 3 2 8 
20180827455 8 9 6 5 3 10 1 4 2 7 
20180827456 4 3 2 9 5 10 8 1 7 6 
20180827457 1 3 4 9 8 2 6 7 10 5 
20180827458 10 2 3 1 7 9 8 4 6 5 
20180827459 3 2 9 10 5 8 4 7 1 6 
20180827460 4 3 2 6 9 1 8 10 5 7 
20180827461 6 10 1 3 8 4 5 9 7 2 
20180827462 3 7 9 4 2 8 10 6 5 1 
20180827463 7 4 10 5 2 1 8 6 9 3 
20180827464 9 10 7 5 1 2 3 6 4 8 
20180827465 8 3 7 6 2 1 5 4 9 10 
20180827466 2 9 7 8 4 1 3 5 10 6 
20180827467 10 7 2 1 9 6 5 3 4 8 
20180827468 7 2 4 10 3 8 5 9 1 6 
20180827469 6 7 8 4 3 1 10 9 5 2 
20180827470 4 5 9 1 7 8 10 6 3 2 
20180827471 10 7 5 1 2 9 4 6 8 3 
20180827472 8 7 10 3 6 9 2 1 5 4 
20180827473 2 7 5 4 3 9 6 10 8 1 
20180827474 4 10 2 3 7 8 6 9 1 5 
20180827475 4 7 9 1 3 10 2 6 5 8 
20180827476 5 3 7 8 4 9 10 6 1 2 
20180827477 8 6 5 2 7 9 3 1 10 4 
20180827478 4 1 8 6 9 7 5 10 3 2 
20180827479 6 7 2 10 4 3 8 1 5 9 
20180827480 8 2 6 7 3 10 4 5 1 9 
20180827481 9 2 8 10 6 7 1 3 4 5 
20180827482 9 1 3 8 2 4 6 10 7 5 
20180827483 1 10 5 9 3 4 6 7 2 8 
20180827484 6 4 8 5 3 9 7 2 1 10 
20180827485 4 3 5 2 1 6 8 7 10 9 
20180827486 9 1 4 8 6 3 7 10 5 2 
20180827487 10 3 7 1 9 4 2 5 8 6 
20180827488 6 3 9 5 2 1 8 10 7 4 
20180827489 6 3 5 2 10 9 8 4 1 7 
20180827490 4 2 9 7 5 8 10 1 6 3 
20180827491 8 3 6 5 2 10 9 1 7 4 
20180827492 4 1 8 9 10 2 5 7 3 6 
20180827493 4 3 5 1 2 10 9 6 8 7 
20180827494 9 8 5 2 6 4 3 1 7 10 
20180827495 1 4 5 10 6 2 8 3 9 7 
20180827496 9 7 10 8 4 2 3 6 5 1 
20180827497 6 10 8 2 4 7 5 3 1 9 
20180827498 3 8 1 9 7 4 6 10 2 5 
20180827499 2 4 3 8 1 6 7 5 10 9 
20180827500 1 8 4 2 9 5 7 6 10 3 
20180827501 7 6 5 3 8 4 10 9 1 2 
20180827502 10 6 5 8 7 4 3 1 2 9 
20180827503 1 2 6 8 9 3 7 10 5 4 
20180827504 5 7 2 9 1 3 10 8 4 6 
20180827505 7 8 10 3 1 4 6 5 2 9 
20180827506 5 8 3 9 1 6 4 10 7 2 
20180827507 1 10 5 7 8 9 3 2 4 6 
20180827508 3 7 6 10 2 4 5 9 1 8 
20180827509 7 3 6 2 5 4 1 8 10 9 
20180827510 4 8 9 7 10 1 6 2 5 3 
20180827511 6 7 2 9 5 8 4 1 3 10 
20180827512 5 4 3 1 7 10 2 9 8 6 
20180827513 7 8 2 1 5 6 9 10 4 3 
20180827514 9 3 1 6 5 2 8 7 4 10 
20180827515 6 4 2 9 3 5 10 7 1 8 
20180827516 10 4 6 8 9 2 5 7 1 3 
20180827517 1 9 10 5 8 6 7 2 4 3 
20180827518 3 5 8 2 6 9 7 4 10 1 
20180827519 7 5 4 10 6 2 3 8 1 9 
20180827520 2 3 6 4 8 7 9 5 10 1 
20180827521 2 4 7 9 6 10 1 3 8 5 
20180827522 6 10 8 1 7 2 9 3 5 4 
20180827523 7 6 1 10 2 8 9 3 5 4 
20180827524 6 1 8 4 9 10 5 3 7 2 
20180827525 10 8 6 3 4 9 1 5 7 2 
20180827526 4 7 10 5 8 1 6 3 2 9 
20180827527 5 10 2 7 6 9 8 1 3 4 
20180827528 5 10 6 9 3 8 7 4 1 2 
20180827529 3 4 2 9 1 6 10 5 7 8 
20180827530 3 5 10 9 2 6 8 7 4 1 
20180827531 2 4 3 7 10 1 6 9 8 5 
20180827532 1 8 7 10 2 9 3 6 4 5 
20180827533 6 7 8 2 9 4 3 1 5 10 
20180827534 5 4 1 10 6 9 2 3 8 7 
20180827535 9 5 2 4 7 1 10 6 3 8 
20180827536 5 6 4 9 8 7 10 1 3 2 
20180827537 5 4 6 3 8 2 9 1 7 10 
20180827538 8 10 5 7 2 9 6 3 1 4 
20180827539 4 10 3 1 6 7 2 8 9 5 
20180827540 6 2 3 4 10 5 9 7 1 8 
20180827541 3 4 9 8 10 5 6 1 2 7 
20180827542 7 4 3 8 1 2 10 5 6 9 
20180827543 7 2 5 4 1 3 10 8 9 6 
20180827544 8 6 4 5 7 1 10 9 2 3 
20180827545 2 8 6 3 7 5 1 9 10 4 
20180827546 3 5 6 2 4 9 10 8 1 7 
20180827547 1 3 5 10 9 6 8 4 2 7 
20180827548 9 2 4 7 6 1 5 8 3 10 
20180827549 10 1 7 2 6 9 8 3 4 5 
20180827550 5 3 1 6 8 4 9 2 10 7 
20180827551 6 1 4 2 9 8 3 5 10 7 
20180827552 10 7 4 2 1 9 8 5 3 6 
20180827553 3 10 8 9 7 1 4 6 2 5 
20180827554 1 9 6 10 8 3 4 7 2 5 
20180827555 1 8 3 7 6 4 5 10 9 2 
20180827556 4 9 8 7 10 5 3 2 6 1 
20180827557 3 2 10 9 5 8 4 7 1 6 
20180827558 8 9 6 10 5 3 1 4 7 2 
20180827559 10 2 4 7 9 8 1 5 6 3 
20180827560 3 1 6 8 9 7 10 2 4 5 
20180827561 8 7 2 6 10 1 9 5 3 4 
20180827562 9 6 5 1 8 7 10 4 2 3 
20180827563 10 2 8 4 7 9 5 3 1 6 
20180827564 5 7 2 8 9 3 1 6 10 4 
20180827565 7 2 9 4 10 6 3 5 8 1 
20180827566 1 7 8 4 3 2 5 6 9 10 
20180827567 1 6 9 2 7 4 5 8 3 10 
20180827568 3 8 5 2 6 4 7 1 9 10 
20180827569 6 5 9 4 3 1 2 8 7 10 
20180827570 7 6 4 2 8 1 3 5 9 10 
20180827571 2 3 8 1 10 5 6 7 9 4 
20180827572 7 8 6 5 4 1 9 2 10 3 
20180827573 7 2 6 8 4 3 10 5 9 1 
20180827574 3 6 1 10 4 9 7 2 8 5 
20180827575 3 6 1 10 9 4 8 7 5 2 
20180827576 9 4 6 2 3 10 1 5 7 8 
20180827577 5 3 7 10 6 4 2 1 9 8 
20180827578 2 10 7 6 4 5 3 1 9 8 
20180827579 4 3 7 10 9 1 2 8 5 6 
20180827580 6 9 5 1 3 10 2 7 8 4 
20180827581 10 6 9 8 1 3 5 4 2 7 
20180827582 4 10 9 8 3 7 1 2 5 6 
20180827583 8 4 7 10 1 6 2 5 9 3 
20180827584 4 5 7 2 3 6 8 9 1 10 
20180827585 3 2 7 10 8 1 9 4 5 6 
20180827586 10 4 1 3 6 2 5 8 7 9 
20180827587 3 8 4 1 7 6 10 5 2 9 
20180827588 1 5 3 7 10 6 4 8 2 9 
20180827589 9 2 6 7 5 8 1 4 3 10 
20180827590 7 9 6 10 3 1 8 2 4 5 
20180827591 2 6 1 5 10 4 9 7 8 3 
20180827592 10 6 3 5 8 2 1 9 4 7 
20180827593 9 1 5 8 2 3 10 6 7 4 
20180827594 7 4 8 3 6 9 5 10 1 2 
20180827595 2 8 6 7 4 9 5 3 10 1 
20180827596 7 10 5 4 3 2 9 6 8 1 
20180827597 3 7 8 6 5 2 9 10 1 4 
20180827598 10 9 4 1 6 2 5 3 8 7 
20180827599 2 9 7 4 1 6 8 5 10 3 
20180827600 4 1 2 7 8 5 3 6 10 9 
20180827601 10 5 8 7 3 4 2 9 1 6 
20180827602 7 5 8 2 6 10 3 1 9 4 
20180827603 4 7 8 5 2 3 10 9 1 6 
20180827604 2 3 4 9 10 6 5 1 7 8 
20180827605 4 1 5 10 6 8 7 9 2 3 
20180827606 2 1 4 10 7 6 5 9 3 8 
20180827607 4 6 7 1 10 3 5 2 9 8 
20180827608 10 3 7 8 2 9 4 5 6 1 
20180827609 5 4 1 8 7 10 3 9 6 2 
20180827610 5 2 9 7 10 1 8 3 4 6 
20180827611 5 3 10 7 1 8 2 6 4 9 
20180827612 6 7 2 9 8 1 5 3 10 4 
20180827613 7 8 3 1 9 5 10 2 4 6 
20180827614 6 7 9 2 8 1 5 10 3 4 
20180827615 2 9 6 3 10 4 7 1 8 5 
20180827616 1 3 6 10 7 9 8 5 2 4 
20180827617 10 3 2 9 4 6 5 7 1 8 
20180827618 8 5 7 3 2 9 6 10 1 4 
20180827619 7 1 4 8 3 10 9 2 5 6 
20180827620 5 10 4 9 2 1 6 8 3 7 
20180827621 3 8 2 5 10 1 9 4 6 7 
20180827622 5 3 2 9 6 4 7 10 1 8 
20180827623 6 9 2 4 8 10 1 5 3 7 
20180827624 8 2 4 6 7 9 5 10 1 3 
20180827625 1 10 5 4 8 3 6 7 2 9 
20180827626 6 7 9 4 10 2 1 5 3 8 
20180827627 4 8 2 1 3 9 10 5 6 7 
20180827628 2 10 3 9 4 6 5 7 8 1 
20180827629 6 2 4 9 1 3 8 5 10 7 
20180827630 10 1 5 7 4 6 9 8 2 3 
20180827631 2 8 7 5 10 4 1 9 3 6 
20180827632 4 5 1 6 10 9 7 2 3 8 
20180827633 3 10 1 9 5 2 4 8 7 6 
20180827634 2 3 10 5 1 4 7 8 6 9 
20180827635 5 2 1 9 3 8 6 10 4 7 
20180827636 9 2 4 3 7 1 5 8 6 10 
20180827637 1 10 4 8 2 3 9 7 5 6 
20180827638 3 2 9 1 7 8 5 6 10 4 
20180827639 7 2 1 6 4 8 9 3 10 5 
20180827640 1 9 6 8 5 4 7 2 10 3 
20180827641 5 7 6 4 10 2 9 1 8 3 
20180827642 3 2 7 5 10 9 6 1 4 8 
20180827643 2 9 4 5 10 1 8 3 7 6 
20180827644 6 9 2 5 4 1 8 3 10 7 
20180827645 6 3 8 2 5 1 9 4 10 7 
20180827646 5 4 7 2 9 6 10 3 8 1 
20180827647 2 6 3 4 7 5 10 1 9 8 
20180827648 4 6 5 9 2 1 10 8 7 3 
20180827649 1 9 5 4 3 6 8 2 7 10 
20180827650 2 10 1 6 7 4 8 5 3 9 
20180827651 2 4 6 7 10 3 5 1 8 9 
20180827652 2 9 4 1 5 3 10 6 7 8 
20180827653 7 4 3 9 5 8 10 1 6 2 
20180827654 9 3 1 10 4 8 6 2 7 5 
20180827655 8 10 3 5 7 6 4 9 1 2 
20180827656 10 7 6 1 8 9 5 3 2 4 
20180827657 6 3 1 9 10 8 5 7 2 4 
20180827658 9 2 7 3 4 8 6 10 5 1 
20180827659 3 9 8 7 1 5 10 4 2 6 
20180827660 9 3 1 10 5 4 6 7 2 8 
20180827661 2 7 9 5 10 4 3 1 8 6 
20180827662 5 9 4 2 3 7 8 6 10 1 
20180827663 3 6 4 2 9 5 7 1 10 8 
20180827664 2 8 10 9 5 1 3 4 7 6 
20180827665 6 9 8 3 10 7 2 5 4 1 
20180827666 9 8 7 1 5 3 4 2 10 6 
20180827667 6 4 10 3 1 9 5 2 8 7 
20180827668 7 4 9 2 6 8 3 10 5 1 
20180827669 8 2 4 5 9 6 10 1 3 7 
20180827670 6 9 5 1 10 8 3 2 7 4 
20180827671 8 3 7 5 1 6 9 2 10 4 
20180827672 9 6 7 10 3 8 5 4 2 1 
20180827673 4 5 9 2 3 8 7 6 1 10 
20180827674 1 5 6 8 10 3 2 4 9 7 
20180827675 9 2 5 7 6 3 1 10 8 4 
20180827676 2 9 8 5 3 1 4 6 10 7 
20180827677 1 5 6 10 2 4 9 8 7 3 
20180827678 9 3 6 1 5 10 4 7 2 8 
20180827679 9 10 5 3 6 1 7 8 4 2 
20180827680 1 7 2 4 10 8 6 3 9 5 
20180827681 9 10 3 1 2 8 6 4 5 7 
20180827682 5 4 3 9 6 10 7 2 1 8 
20180827683 4 6 9 10 5 1 3 7 2 8 
20180827684 2 9 8 3 1 6 7 5 4 10 
20180827685 7 5 8 1 10 4 2 3 6 9 
20180827686 6 8 5 2 1 4 10 7 3 9 
20180827687 1 4 2 8 5 10 7 3 9 6 
20180827688 3 6 10 7 1 9 5 2 8 4 
20180827689 2 3 5 7 4 10 1 8 9 6 
20180827690 4 1 2 8 7 9 10 6 3 5 
20180827691 5 8 2 7 10 4 1 9 3 6 
20180827692 4 10 3 9 6 1 7 8 2 5 
20180827693 4 5 2 6 1 8 9 7 10 3 
20180827694 5 3 1 8 2 9 6 4 7 10 
20180827695 5 10 1 2 9 6 4 7 3 8 
20180827696 4 9 3 1 7 2 8 5 10 6 
20180827697 7 6 2 10 1 3 4 5 9 8 
20180827698 6 5 3 10 1 4 9 8 7 2 
20180827699 1 2 4 3 8 5 7 10 6 9 
20180827700 8 6 3 9 4 2 10 5 1 7 
20180827701 3 2 9 1 5 6 10 8 7 4 
20180827702 8 10 5 2 3 9 4 7 6 1 
20180827703 6 5 4 9 8 3 10 7 2 1 
20180827704 9 8 4 1 2 3 7 6 10 5 
20180827705 8 5 4 10 3 9 1 2 7 6 
20180827706 8 10 5 6 1 3 2 9 7 4 
20180827707 6 2 9 1 4 7 8 5 3 10 
20180827708 6 4 7 10 2 1 9 3 5 8 
20180827709 9 6 2 1 8 10 3 7 4 5 
20180827710 8 7 2 1 4 9 5 10 6 3 
20180827711 4 2 7 9 6 8 5 3 1 10 
20180827712 7 2 9 6 3 1 4 10 8 5 
20180827713 8 3 7 2 5 6 9 10 1 4 
20180827714 2 1 7 5 10 6 8 4 3 9 
20180827715 1 5 2 8 10 3 6 9 7 4 
20180827716 3 8 4 2 5 7 6 1 10 9 
20180827717 1 8 10 2 9 5 6 7 3 4 
20180827718 1 9 3 4 5 2 6 10 8 7 
20180827719 10 6 3 9 1 4 7 8 2 5 
20180827720 9 1 5 3 2 6 8 10 4 7 
20180827721 2 7 10 8 6 3 5 1 9 4 
20180827722 9 1 2 10 7 4 8 6 5 3 
20180827723 10 6 5 1 9 4 3 8 2 7 
20180827724 7 9 1 8 5 6 3 4 2 10 
20180827725 4 3 9 5 10 8 7 1 6 2 
20180827726 8 3 9 10 7 5 2 6 1 4 
20180827727 3 8 9 1 6 2 10 5 7 4 
20180827728 8 4 10 1 7 2 5 3 6 9 
20180827729 10 3 9 7 6 4 5 2 8 1 
20180827730 9 3 6 8 1 7 4 10 5 2 
20180827731 1 4 8 9 3 5 6 7 2 10 
20180827732 10 1 6 7 9 4 2 5 3 8 
20180827733 4 8 2 3 1 6 10 7 9 5 
20180827734 2 4 7 6 1 8 5 9 3 10 
20180827735 5 4 10 8 7 2 1 6 3 9 
20180827736 5 8 6 1 10 9 3 7 4 2 
20180827737 5 4 1 9 10 8 6 3 7 2 
20180827738 3 1 8 2 10 6 9 5 7 4 
20180827739 7 8 5 2 4 1 3 10 9 6 
20180827740 10 5 9 4 1 8 7 6 2 3 
20180827741 5 3 6 2 9 10 7 4 8 1 
20180827742 1 6 8 2 7 9 5 3 10 4 
20180827743 10 8 2 3 9 7 1 6 5 4 
20180827744 6 3 4 8 2 9 7 1 10 5 
20180827745 2 3 5 10 7 9 4 6 8 1 
20180827746 3 8 2 1 10 9 4 5 7 6 
20180827747 2 3 7 1 5 10 4 6 8 9 
20180827748 6 7 10 2 1 9 4 8 3 5 
20180827749 4 2 9 1 6 10 3 7 8 5 
20180827750 4 1 7 6 10 9 8 2 5 3 
20180827751 4 9 10 8 2 6 5 7 1 3 
20180827752 3 1 4 9 6 8 5 7 10 2 
20180827753 2 5 7 10 3 9 6 8 4 1 
20180827754 7 5 8 6 9 10 4 1 2 3 
20180827755 9 1 2 8 5 3 6 4 10 7 
20180827756 2 3 10 9 4 6 5 7 8 1 
20180827757 5 7 3 9 1 10 2 8 6 4 
20180827758 7 2 9 3 8 10 1 4 6 5 
20180827759 7 1 3 8 9 5 4 2 10 6 
20180827760 2 7 5 10 3 8 4 6 1 9 
20180827761 8 4 9 7 3 6 1 10 2 5 
20180827762 6 8 2 4 7 5 3 9 10 1 
20180827763 5 1 4 9 8 10 3 2 6 7 
20180827764 8 7 2 3 5 6 4 1 10 9 
20180827765 2 9 4 8 3 6 1 7 10 5 
20180827766 9 8 1 5 6 4 10 7 2 3 
20180827767 5 8 10 9 1 2 4 3 6 7 
20180827768 5 3 9 2 6 10 7 8 4 1 
20180827769 6 4 9 10 8 2 5 7 1 3 
20180827770 8 5 3 6 1 2 9 10 7 4 
20180827771 7 3 1 5 6 9 8 4 2 10 
20180827772 5 9 6 10 7 4 1 8 2 3 
20180827773 4 3 8 5 10 7 2 9 1 6 
20180827774 10 1 6 9 7 8 5 2 4 3 
20180827775 1 8 5 9 2 4 10 6 7 3 
20180827776 5 6 4 10 7 8 1 2 9 3 
20180827777 10 4 8 9 3 5 1 7 6 2 
20180827778 9 2 10 8 5 6 3 7 4 1 
20180827779 5 6 2 3 1 4 9 7 10 8 
20180827780 7 9 5 3 4 10 8 2 6 1 
20180827781 7 8 9 2 1 6 10 3 4 5 
20180827782 9 5 10 6 1 4 8 3 7 2 
20180827783 5 4 3 10 7 2 9 8 1 6 
20180827784 2 3 10 6 1 9 8 5 4 7 
20180827785 8 7 4 2 3 5 6 9 1 10 
20180827786 1 6 5 9 7 10 4 3 2 8 
20180827787 4 2 7 5 3 10 6 9 8 1 
20180827788 1 6 2 10 8 7 3 4 9 5 
20180827789 2 3 9 8 6 5 7 10 4 1 
20180827790 9 1 10 4 8 7 5 6 3 2 
20180827791 6 3 9 2 1 7 5 8 4 10 
20180827792 2 8 7 1 3 5 10 4 6 9 
20180827793 7 9 5 3 8 1 2 10 4 6 
20180827794 8 6 4 7 2 3 1 10 9 5 
20180827795 9 6 3 7 4 1 2 8 10 5 
20180827796 2 1 4 7 8 6 10 5 3 9 
20180827797 10 9 5 4 6 7 1 2 3 8 
20180827798 6 4 8 10 1 3 5 9 7 2 
20180827799 3 6 9 7 4 10 8 2 1 5 
20180827800 6 3 10 2 8 1 4 7 5 9 
20180827801 1 10 9 3 5 8 4 7 6 2 
20180827802 3 4 5 9 2 10 1 8 7 6 
20180827803 10 1 4 2 3 5 9 7 6 8 
20180827804 1 6 10 3 2 9 7 8 4 5 
20180827805 4 5 6 3 2 8 10 1 7 9 
20180827806 3 4 7 6 5 8 2 1 9 10 
20180827807 6 2 3 10 8 1 5 9 7 4 
20180827808 1 8 2 6 3 7 4 5 10 9 
20180827809 5 10 7 2 8 1 3 6 9 4 
20180827810 3 8 6 10 9 7 2 5 4 1 
20180827811 8 1 9 6 4 7 2 10 5 3 
20180827812 5 7 6 1 10 3 9 2 8 4 
20180827813 4 10 9 2 6 3 8 1 7 5 
20180827814 3 5 10 6 2 7 9 8 1 4 
20180827815 3 8 2 1 5 4 10 7 6 9 
20180827816 4 6 2 8 7 5 1 9 10 3 
20180827817 9 2 1 6 7 10 3 4 8 5 
20180827818 3 7 6 5 10 2 4 9 8 1 
20180827819 3 2 6 1 10 9 4 8 5 7 
20180827820 5 2 6 10 7 4 8 9 1 3 
20180827821 9 4 8 2 5 1 10 6 7 3 
20180827822 6 3 5 1 7 4 8 2 9 10 
20180827823 9 3 8 4 1 2 10 7 6 5 
20180827824 3 8 9 1 2 5 4 10 7 6 
20180827825 2 5 1 4 7 10 3 8 9 6 
20180827826 1 5 2 3 6 9 10 8 7 4 
20180827827 7 2 10 4 3 9 6 5 1 8 
20180827828 5 1 2 6 8 9 7 3 10 4 
20180827829 2 1 5 4 3 6 10 8 9 7 
20180827830 10 2 5 4 7 9 6 1 8 3 
20180827831 5 4 7 10 6 2 8 3 9 1 
20180827832 5 10 7 3 9 8 6 2 1 4 
20180827833 9 8 5 3 10 6 7 4 1 2 
20180827834 1 7 10 4 2 9 3 8 5 6 
20180827835 6 5 7 9 2 4 1 3 10 8 
20180827836 8 9 3 2 7 10 1 5 6 4 
20180827837 8 6 3 10 1 5 2 9 7 4 
20180827838 5 8 10 4 6 3 2 9 7 1 
20180827839 2 10 6 1 3 7 4 5 9 8 
20180827840 8 4 9 3 5 7 1 10 2 6 
20180827841 1 10 8 6 5 4 3 2 7 9 
20180827842 5 7 3 9 8 2 4 1 10 6 
20180827843 4 3 8 6 2 7 5 9 1 10 
20180827844 1 5 2 10 6 8 9 3 4 7 
20180827845 6 8 3 4 7 1 10 9 5 2 
20180827846 3 7 6 9 5 1 4 10 2 8 
20180827847 9 10 8 3 5 6 7 1 2 4 
20180827848 8 7 6 4 10 3 1 5 9 2 
20180827849 10 5 6 4 2 7 1 3 9 8 
20180827850 9 3 7 1 4 5 2 10 8 6 
20180827851 8 1 2 4 10 9 7 3 5 6 
20180827852 9 6 4 2 8 5 10 1 3 7 
20180827853 8 7 4 1 6 5 9 2 3 10 
20180827854 5 4 3 6 2 7 10 9 8 1 
20180827855 6 1 3 7 4 9 10 2 5 8 
20180827856 5 1 10 7 3 4 6 8 2 9 
20180827857 6 3 7 4 2 9 8 10 5 1 
20180827858 4 6 9 10 2 1 3 8 5 7 
20180827859 4 3 6 9 1 5 10 8 2 7 
20180827860 9 6 2 10 4 8 3 7 5 1 
20180827861 8 10 2 9 4 3 1 6 5 7 
20180827862 10 8 4 7 1 2 5 3 6 9 
20180827863 5 6 9 2 4 8 3 10 7 1 
20180827864 2 8 10 6 7 3 1 4 9 5 
20180827865 6 4 1 7 5 9 2 10 8 3 
20180827866 7 1 2 4 3 10 6 9 8 5 
20180827867 10 2 4 5 3 7 9 8 6 1 
20180827868 3 2 1 8 6 5 7 9 10 4 
20180827869 9 3 6 10 2 7 1 8 4 5 
20180827870 10 8 3 9 6 5 2 4 7 1 
20180827871 7 2 10 9 8 3 1 5 6 4 
20180827872 10 5 8 1 7 9 3 6 4 2 
20180827873 8 7 6 9 2 5 4 1 3 10 
20180827874 6 7 10 9 3 8 4 5 2 1 
20180827875 8 4 7 6 9 10 5 2 3 1 
20180827876 4 3 7 9 5 10 6 8 2 1 
20180827877 2 7 8 9 6 5 3 4 1 10 
20180827878 8 9 7 1 5 10 2 4 3 6 
20180827879 10 8 5 1 7 4 9 3 2 6 
20180827880 4 1 9 5 6 10 7 2 8 3 
20180827881 6 10 8 1 5 3 2 9 4 7 
20180827882 4 2 8 9 5 10 7 3 1 6 
20180827883 2 10 9 6 4 1 3 5 7 8 
20180827884 2 8 9 4 10 3 1 7 6 5 
20180827885 5 4 2 9 7 1 6 3 10 8 
20180827886 3 9 5 1 8 6 7 10 2 4 
20180827887 2 8 6 5 10 3 7 1 4 9 
20180827888 7 9 6 1 3 5 8 10 2 4 
20180827889 3 1 4 10 6 7 8 5 9 2 
20180827890 8 7 10 9 1 2 5 3 6 4 
20180827891 9 4 2 1 7 10 8 6 3 5 
20180827892 1 6 7 5 3 9 2 8 4 10 
20180827893 10 1 7 8 3 2 6 9 4 5 
20180827894 5 9 4 3 8 6 7 1 2 10 
20180827895 3 6 8 1 5 7 9 4 10 2 
20180827896 3 1 2 5 10 7 6 4 9 8 
20180827897 6 4 7 9 2 1 8 10 3 5 
20180827898 3 9 8 4 10 5 6 2 7 1 
20180827899 8 2 7 9 3 1 5 10 6 4 
20180827900 2 10 4 9 7 8 6 5 3 1 
20180827901 9 1 10 6 7 3 5 2 8 4 
20180827902 3 5 4 9 10 6 7 1 8 2 
20180827903 7 9 6 3 10 4 2 5 8 1 
20180827904 3 5 10 1 8 4 7 2 6 9 
20180827905 5 2 3 9 6 8 7 10 4 1 
20180827906 4 7 2 6 3 1 5 9 8 10 
20180827907 7 1 9 6 8 4 2 5 3 10 
20180827908 2 10 4 9 7 8 5 3 6 1 
20180827909 2 10 5 7 4 1 8 9 3 6 
20180827910 2 10 8 3 6 5 1 9 7 4 
20180827911 8 7 2 1 5 9 10 3 6 4 
20180827912 4 10 5 9 1 6 3 8 2 7 
20180827913 4 5 3 7 9 8 10 2 6 1 
20180827914 8 9 3 6 10 1 7 5 2 4 
20180827915 3 9 5 4 2 7 6 1 8 10 
20180827916 2 7 9 6 1 8 5 4 10 3 
20180827917 3 7 10 1 9 4 6 5 8 2 
20180827918 7 2 10 5 6 1 3 8 4 9 
20180827919 8 10 4 3 5 2 9 7 1 6 
20180827920 3 4 2 1 10 8 9 6 7 5 
20180827921 9 4 1 6 5 3 7 2 10 8 
20180827922 4 3 7 2 1 6 5 8 9 10 
20180827923 10 8 4 7 6 9 5 2 3 1 
20180827924 5 8 9 1 3 7 4 2 6 10 
20180827925 10 1 5 9 6 7 4 8 2 3 
20180827926 1 10 4 8 7 9 5 2 3 6 
20180827927 8 3 4 6 5 10 9 7 2 1 
20180827928 8 1 4 5 2 9 3 7 10 6 
20180827929 7 3 5 10 9 1 6 2 4 8 
20180827930 8 5 1 2 3 6 10 9 4 7 
20180827931 2 1 4 10 3 8 5 6 9 7 
20180827932 3 8 5 6 7 1 9 4 2 10 
20180827933 7 6 4 10 5 9 8 2 1 3 
20180827934 6 9 4 8 2 5 3 1 7 10 
20180827935 6 5 9 2 1 4 8 3 7 10 
20180827936 6 2 1 3 7 4 5 10 9 8 
20180827937 4 10 6 9 1 8 3 2 5 7 
20180827938 8 6 2 3 7 1 9 4 5 10 
20180827939 10 2 1 6 7 9 8 5 3 4 
20180827940 6 9 5 2 1 3 10 8 7 4 
20180827941 10 7 3 5 6 9 2 1 4 8 
20180827942 5 3 1 7 2 6 9 8 10 4 
20180827943 1 2 9 4 10 6 5 8 7 3 
20180827944 5 7 9 2 4 6 10 1 3 8 
20180827945 10 3 7 9 5 1 4 2 8 6 
20180827946 7 6 3 9 1 4 5 8 10 2 
20180827947 6 7 2 3 10 8 5 4 9 1 
20180827948 10 4 2 7 8 3 6 1 9 5 
20180827949 9 7 8 1 5 3 6 4 2 10 
20180827950 9 6 8 5 1 7 10 2 3 4 
20180827951 9 6 10 1 5 4 7 2 8 3 
20180827952 10 4 7 3 2 1 8 9 6 5 
20180827953 6 2 9 7 3 1 10 8 4 5 
20180827954 8 1 3 10 5 6 2 4 9 7 
20180827955 3 8 2 5 10 1 9 6 4 7 
20180827956 6 2 8 5 7 9 3 1 10 4 
20180827957 4 10 9 3 1 6 7 5 8 2 
20180827958 7 10 5 3 9 4 6 1 2 8 
20180827959 4 8 5 10 3 6 7 1 9 2 
20180827960 3 6 8 4 7 9 2 5 1 10 
20180827961 2 3 5 10 1 4 8 9 7 6 
20180827962 7 4 1 9 3 2 5 10 6 8 
20180827963 8 4 1 10 9 6 5 2 3 7 
20180827964 8 1 4 6 2 5 9 7 10 3 
20180827965 6 2 4 8 10 9 1 5 7 3 
20180827966 3 2 7 10 1 4 8 5 6 9 
20180827967 6 3 7 5 8 10 1 2 9 4 
20180827968 6 10 2 7 9 1 8 3 5 4 
20180827969 3 5 4 10 7 1 6 8 9 2 
20180827970 3 7 9 10 1 6 5 4 8 2 
20180827971 10 9 8 3 4 6 1 2 7 5 
20180827972 3 7 6 10 8 4 9 5 2 1 
20180827973 2 5 6 8 7 9 3 10 4 1 
20180827974 10 7 3 8 6 9 5 1 4 2 
20180827975 1 7 6 4 2 3 9 5 8 10 
20180827976 5 7 4 10 1 8 6 3 2 9 
20180827977 1 7 2 6 3 8 10 5 4 9 
20180827978 9 3 1 8 7 2 5 10 6 4 
20180827979 5 6 7 3 10 1 8 2 4 9 
20180827980 9 10 2 8 1 3 4 7 6 5 
20180827981 4 7 3 9 10 5 1 2 6 8 
20180827982 4 7 10 6 3 8 9 5 2 1 
20180827983 9 5 1 4 8 7 3 2 6 10 
20180827984 1 10 3 9 4 8 6 5 2 7 
20180827985 1 3 7 4 9 8 6 2 5 10 
