20180806001 6 5 2 1 9 4 10 3 7 8 
20180806002 5 6 4 8 10 7 1 3 9 2 
20180806003 5 2 8 9 10 1 3 6 4 7 
20180806004 2 1 6 7 9 4 3 8 5 10 
20180806005 4 2 6 10 5 9 1 7 8 3 
20180806006 1 3 4 5 8 2 10 7 6 9 
20180806007 6 2 3 4 1 9 5 8 10 7 
20180806008 2 5 9 1 3 10 6 4 7 8 
20180806009 7 6 5 1 9 8 4 10 3 2 
20180806010 9 2 3 10 8 1 4 5 6 7 
20180806011 7 2 3 1 8 6 5 9 4 10 
20180806012 5 8 2 10 3 4 6 7 9 1 
20180806013 1 3 10 5 4 6 7 2 8 9 
20180806014 2 7 4 6 1 8 5 9 3 10 
20180806015 10 3 9 8 1 4 2 5 6 7 
20180806016 7 10 5 6 3 9 4 2 1 8 
20180806017 5 9 10 8 1 6 4 7 3 2 
20180806018 8 3 2 7 10 4 9 6 1 5 
20180806019 4 3 5 2 1 8 7 9 10 6 
20180806020 3 9 6 5 7 2 1 8 4 10 
20180806021 10 7 6 9 4 2 8 1 5 3 
20180806022 5 7 9 10 2 3 1 4 6 8 
20180806023 9 5 6 8 4 7 3 1 10 2 
20180806024 9 7 1 6 8 4 5 10 3 2 
20180806025 5 9 7 4 10 8 6 1 3 2 
20180806026 9 3 8 10 1 2 5 6 7 4 
20180806027 10 1 9 3 5 4 2 7 8 6 
20180806028 9 8 4 7 10 3 6 1 2 5 
20180806029 4 3 10 5 6 2 7 8 1 9 
20180806030 8 10 4 3 5 6 7 9 1 2 
20180806031 4 3 5 7 1 10 8 9 6 2 
20180806032 4 10 8 2 9 3 5 6 1 7 
20180806033 6 2 3 1 8 4 9 7 10 5 
20180806034 3 10 2 5 4 7 9 8 1 6 
20180806035 8 4 1 5 6 2 3 7 10 9 
20180806036 3 8 5 1 10 2 9 7 6 4 
20180806037 1 3 2 5 8 7 9 10 4 6 
20180806038 2 1 4 5 10 9 3 7 8 6 
20180806039 2 5 6 1 3 7 8 4 9 10 
20180806040 4 3 6 9 2 10 1 5 8 7 
20180806041 9 10 7 6 4 1 8 3 5 2 
20180806042 4 2 7 10 9 3 8 6 5 1 
20180806043 10 7 5 8 6 4 2 3 9 1 
20180806044 1 6 2 10 7 9 4 8 3 5 
20180806045 7 6 9 5 4 10 2 1 8 3 
20180806046 3 8 1 2 6 9 7 10 5 4 
20180806047 10 6 3 1 2 9 8 7 4 5 
20180806048 5 8 10 2 6 3 1 9 7 4 
20180806049 5 8 3 6 10 7 1 2 9 4 
20180806050 10 6 9 4 5 3 2 1 7 8 
20180806051 8 6 7 2 5 4 10 9 1 3 
20180806052 9 8 1 6 10 2 5 7 3 4 
20180806053 2 9 1 8 10 6 5 7 4 3 
20180806054 9 3 2 10 5 8 4 7 6 1 
20180806055 10 7 8 2 4 5 9 6 3 1 
20180806056 5 1 7 9 8 2 10 3 4 6 
20180806057 5 3 4 1 10 6 2 9 7 8 
20180806058 3 4 9 7 6 1 10 5 8 2 
20180806059 5 4 10 1 8 9 6 7 2 3 
20180806060 9 8 6 7 4 10 5 3 1 2 
20180806061 7 9 1 10 3 5 6 8 2 4 
20180806062 3 4 2 10 5 9 8 6 1 7 
20180806063 2 4 6 1 5 10 7 9 3 8 
20180806064 5 1 2 4 10 3 9 8 6 7 
20180806065 9 4 7 6 10 1 2 3 8 5 
20180806066 4 7 5 3 2 6 10 8 9 1 
20180806067 6 1 9 4 7 3 8 10 2 5 
20180806068 5 3 2 8 1 6 9 4 10 7 
20180806069 5 9 10 7 1 4 8 3 2 6 
20180806070 2 9 1 6 5 3 4 7 10 8 
20180806071 6 1 2 7 8 5 10 9 3 4 
20180806072 9 2 8 3 5 4 7 1 10 6 
20180806073 7 8 2 5 3 4 1 6 9 10 
20180806074 5 8 7 1 3 2 10 4 9 6 
20180806075 9 10 4 8 3 2 1 7 5 6 
20180806076 4 10 3 2 1 7 5 8 6 9 
20180806077 7 4 5 6 9 1 3 8 2 10 
20180806078 3 7 1 2 4 10 6 9 8 5 
20180806079 9 6 8 5 3 1 4 7 2 10 
20180806080 6 3 5 1 4 8 9 10 2 7 
20180806081 6 9 3 7 10 2 8 5 4 1 
20180806082 6 5 10 3 1 4 9 8 2 7 
20180806083 1 5 8 10 9 2 4 3 6 7 
20180806084 10 4 3 8 7 9 5 1 2 6 
20180806085 4 2 9 7 6 3 8 5 1 10 
20180806086 2 7 5 6 1 4 10 9 3 8 
20180806087 9 1 4 5 2 6 7 8 3 10 
20180806088 2 9 3 10 5 8 6 1 7 4 
20180806089 2 4 9 3 10 5 7 8 1 6 
20180806090 10 9 2 4 8 3 7 1 5 6 
20180806091 3 10 1 4 7 2 6 5 8 9 
20180806092 8 5 4 1 6 2 10 7 9 3 
20180806093 4 10 8 6 3 1 2 9 5 7 
20180806094 7 9 10 2 3 4 6 1 8 5 
20180806095 8 6 3 10 9 5 7 2 1 4 
20180806096 9 3 4 7 5 1 8 6 10 2 
20180806097 5 3 2 8 10 7 9 6 1 4 
20180806098 8 1 2 10 9 6 7 5 4 3 
20180806099 5 8 6 4 10 1 7 2 9 3 
20180806100 6 8 3 5 7 1 4 2 9 10 
20180806101 10 8 5 4 3 7 6 1 9 2 
20180806102 10 8 6 9 2 7 5 1 3 4 
20180806103 7 6 1 10 3 8 2 5 9 4 
20180806104 5 1 8 9 6 2 3 7 10 4 
20180806105 4 6 2 7 1 10 5 8 9 3 
20180806106 6 2 5 3 1 8 10 9 4 7 
20180806107 6 9 10 4 7 3 8 5 1 2 
20180806108 3 5 4 10 1 7 8 2 9 6 
20180806109 7 5 1 2 10 3 8 9 4 6 
20180806110 1 5 8 2 10 3 6 7 4 9 
20180806111 2 8 3 7 4 6 9 1 5 10 
20180806112 10 2 8 3 9 4 7 6 5 1 
20180806113 1 4 8 9 5 10 6 2 7 3 
20180806114 3 7 4 1 5 9 2 6 10 8 
20180806115 3 1 5 9 4 6 7 10 8 2 
20180806116 10 9 6 1 2 4 7 5 3 8 
20180806117 2 1 6 8 10 4 5 3 7 9 
20180806118 4 10 8 7 9 3 2 6 5 1 
20180806119 3 6 1 2 7 8 4 10 9 5 
20180806120 7 6 10 8 4 9 3 5 1 2 
20180806121 7 9 2 8 1 4 5 10 6 3 
20180806122 6 8 1 2 9 7 4 5 3 10 
20180806123 7 3 8 2 6 10 4 5 9 1 
20180806124 9 1 7 4 6 10 2 8 5 3 
20180806125 9 3 2 6 7 1 4 8 10 5 
20180806126 3 7 8 9 6 2 4 1 5 10 
20180806127 3 4 8 10 2 9 6 1 5 7 
20180806128 9 7 1 4 10 8 5 3 6 2 
20180806129 7 9 6 2 8 1 5 4 10 3 
20180806130 9 3 1 10 5 7 4 2 8 6 
20180806131 2 5 9 3 4 1 8 7 10 6 
20180806132 2 1 9 8 6 7 3 4 10 5 
20180806133 7 6 8 1 5 4 10 2 3 9 
20180806134 7 4 9 5 6 3 8 2 10 1 
20180806135 4 9 5 2 1 8 3 6 7 10 
20180806136 7 3 4 1 8 5 6 10 9 2 
20180806137 2 4 5 3 7 10 9 1 8 6 
20180806138 7 5 1 2 6 8 3 4 10 9 
20180806139 7 2 4 10 5 3 8 9 6 1 
20180806140 10 8 1 6 5 3 2 7 4 9 
20180806141 4 10 7 3 6 8 1 5 2 9 
20180806142 4 6 7 3 9 5 2 1 8 10 
20180806143 7 1 10 4 3 8 5 9 2 6 
20180806144 4 7 6 10 5 1 3 2 8 9 
20180806145 7 2 1 4 10 6 3 5 8 9 
20180806146 8 6 5 4 2 3 7 1 10 9 
20180806147 9 10 8 5 4 1 6 3 2 7 
20180806148 8 10 5 9 3 7 4 1 6 2 
20180806149 3 8 1 7 2 9 5 10 4 6 
20180806150 5 9 2 1 3 10 6 8 7 4 
20180806151 9 6 2 10 4 7 3 8 5 1 
20180806152 9 3 7 6 2 4 5 1 8 10 
20180806153 1 3 10 5 7 9 8 6 2 4 
20180806154 1 8 2 9 3 4 6 5 7 10 
20180806155 8 3 2 4 10 1 6 5 7 9 
20180806156 4 2 9 8 10 3 5 1 6 7 
20180806157 7 3 2 1 5 9 6 10 8 4 
20180806158 4 9 1 10 5 6 3 2 7 8 
20180806159 2 6 1 9 10 3 8 5 7 4 
20180806160 3 8 4 10 9 7 5 1 2 6 
20180806161 1 8 6 7 5 4 3 2 10 9 
20180806162 4 7 6 1 8 2 3 5 10 9 
20180806163 9 3 7 1 5 4 2 10 8 6 
20180806164 9 1 2 5 3 10 8 4 6 7 
20180806165 10 1 6 3 8 7 5 4 2 9 
20180806166 9 2 6 5 1 8 4 10 3 7 
20180806167 6 9 3 8 2 10 1 5 7 4 
20180806168 2 8 6 10 7 1 9 4 3 5 
20180806169 4 9 8 3 5 6 10 2 1 7 
20180806170 2 4 9 7 8 5 6 1 10 3 
20180806171 10 6 2 5 1 7 8 9 4 3 
20180806172 4 3 2 10 6 7 5 1 8 9 
20180806173 8 1 6 7 10 3 2 4 5 9 
20180806174 9 7 4 2 8 1 6 10 3 5 
20180806175 10 2 7 6 5 3 4 9 8 1 
20180806176 5 6 2 1 10 3 4 7 8 9 
20180806177 10 3 9 4 2 1 7 8 5 6 
20180806178 10 4 8 1 5 9 2 3 7 6 
20180806179 1 6 8 4 7 2 10 5 3 9 
20180806180 10 4 9 6 1 5 2 7 3 8 
20180806181 2 10 3 5 8 7 1 4 6 9 
20180806182 8 9 10 6 4 2 1 7 3 5 
20180806183 1 9 4 10 2 6 8 5 7 3 
20180806184 3 8 9 10 7 1 6 2 4 5 
20180806185 7 5 1 8 9 4 2 3 6 10 
20180806186 5 7 4 9 1 3 6 8 2 10 
20180806187 6 7 9 1 3 5 10 8 2 4 
20180806188 1 8 2 7 9 4 5 10 3 6 
20180806189 9 5 4 8 1 7 3 10 2 6 
20180806190 7 9 2 6 1 8 4 3 10 5 
20180806191 6 7 2 10 5 8 9 4 3 1 
20180806192 1 9 6 4 2 7 8 10 5 3 
20180806193 7 3 10 9 4 5 2 8 6 1 
20180806194 8 6 2 5 9 1 3 10 4 7 
20180806195 9 2 4 1 6 5 3 8 7 10 
20180806196 7 1 3 2 4 8 5 9 10 6 
20180806197 8 6 3 7 9 5 1 4 2 10 
20180806198 5 4 9 8 3 10 7 2 6 1 
20180806199 10 5 7 9 2 8 3 1 4 6 
20180806200 10 1 6 9 5 2 8 7 3 4 
20180806201 6 2 5 3 9 7 10 1 4 8 
20180806202 9 10 2 8 7 4 6 5 1 3 
20180806203 6 8 4 9 3 7 2 1 10 5 
20180806204 3 1 6 7 5 9 10 4 2 8 
20180806205 3 2 7 5 4 8 6 9 1 10 
20180806206 4 5 9 10 8 7 2 3 6 1 
20180806207 2 6 1 3 10 9 8 5 4 7 
20180806208 1 6 10 9 2 8 4 3 5 7 
20180806209 5 4 7 1 8 2 10 3 9 6 
20180806210 1 4 3 10 9 2 8 6 7 5 
20180806211 1 4 7 2 6 9 5 3 10 8 
20180806212 8 3 5 6 10 9 1 7 4 2 
20180806213 9 3 2 5 8 4 7 6 10 1 
20180806214 9 6 1 4 3 2 5 7 10 8 
20180806215 3 1 8 9 4 6 10 2 7 5 
20180806216 8 7 3 10 2 6 9 5 1 4 
20180806217 2 4 5 10 9 8 1 6 3 7 
20180806218 3 6 9 5 4 8 7 1 10 2 
20180806219 10 4 1 3 7 5 8 9 2 6 
20180806220 10 3 2 4 7 1 8 6 5 9 
20180806221 6 2 4 1 3 8 5 9 10 7 
20180806222 2 5 9 10 6 1 3 7 8 4 
20180806223 9 3 1 10 6 5 4 8 2 7 
20180806224 8 9 6 1 2 3 7 4 5 10 
20180806225 9 8 10 5 1 3 7 2 6 4 
20180806226 6 9 4 5 10 8 3 7 2 1 
20180806227 6 8 4 10 1 5 3 9 2 7 
20180806228 8 2 3 6 4 10 1 5 7 9 
20180806229 8 9 1 2 5 4 10 3 6 7 
20180806230 8 4 2 9 3 5 6 7 1 10 
20180806231 7 4 1 5 8 6 9 3 10 2 
20180806232 4 7 8 1 6 3 5 10 9 2 
20180806233 10 5 9 7 8 2 3 4 1 6 
20180806234 9 8 6 1 3 5 7 4 2 10 
20180806235 4 6 10 3 9 7 1 5 8 2 
20180806236 3 5 7 2 4 6 1 9 10 8 
20180806237 8 5 4 3 1 10 6 2 7 9 
20180806238 10 5 1 7 4 3 9 6 8 2 
20180806239 4 5 10 3 6 9 2 1 7 8 
20180806240 10 9 5 2 7 1 4 8 3 6 
20180806241 4 6 7 2 3 10 5 9 8 1 
20180806242 1 2 9 4 6 3 10 7 5 8 
20180806243 2 1 7 10 6 3 4 5 9 8 
20180806244 1 10 3 9 6 8 5 4 7 2 
20180806245 10 2 6 7 5 9 3 1 4 8 
20180806246 7 1 6 8 9 10 5 4 3 2 
20180806247 4 9 5 3 8 6 1 2 7 10 
20180806248 2 6 4 7 10 9 3 5 1 8 
20180806249 5 1 8 4 9 6 7 10 2 3 
20180806250 10 6 8 9 7 3 1 2 5 4 
20180806251 8 3 5 10 9 2 4 1 6 7 
20180806252 9 8 1 2 7 4 10 5 3 6 
20180806253 9 6 8 4 7 1 10 5 2 3 
20180806254 2 6 8 1 10 7 5 9 4 3 
20180806255 6 1 2 4 5 7 9 8 3 10 
20180806256 4 8 1 5 9 7 6 3 10 2 
20180806257 1 3 10 6 9 5 8 2 4 7 
20180806258 7 4 3 10 5 8 1 6 9 2 
20180806259 6 5 3 1 9 7 10 4 8 2 
20180806260 2 5 4 8 1 7 3 10 6 9 
20180806261 10 7 2 5 1 3 9 6 8 4 
20180806262 3 9 6 10 1 4 8 7 2 5 
20180806263 4 2 1 9 10 3 8 7 5 6 
20180806264 8 7 4 10 5 9 3 2 6 1 
20180806265 10 4 1 5 3 9 6 2 8 7 
20180806266 7 3 4 6 5 8 1 2 9 10 
20180806267 2 7 4 10 3 6 8 5 9 1 
20180806268 5 10 9 7 3 2 4 6 1 8 
20180806269 5 8 1 2 4 6 3 7 9 10 
20180806270 5 4 2 6 9 3 10 7 8 1 
20180806271 3 9 10 4 5 6 2 7 1 8 
20180806272 8 1 9 6 5 10 3 7 2 4 
20180806273 6 2 3 4 1 8 7 9 5 10 
20180806274 2 7 1 4 10 5 3 8 6 9 
20180806275 7 1 8 10 3 5 2 9 6 4 
20180806276 2 10 9 7 5 1 4 8 6 3 
20180806277 6 9 3 1 2 7 10 4 5 8 
20180806278 2 3 4 7 5 9 6 10 8 1 
20180806279 6 1 5 4 8 10 3 7 9 2 
20180806280 1 6 9 7 8 2 4 10 5 3 
20180806281 3 4 2 10 8 6 9 5 7 1 
20180806282 9 10 1 3 4 8 5 6 2 7 
20180806283 2 7 10 5 1 9 8 3 6 4 
20180806284 9 7 1 8 5 4 6 3 2 10 
20180806285 2 6 9 5 10 7 4 8 1 3 
20180806286 1 3 6 4 7 2 9 5 8 10 
20180806287 9 2 4 8 1 10 6 3 5 7 
20180806288 7 5 8 9 4 3 1 2 6 10 
20180806289 1 9 5 6 8 3 2 7 4 10 
20180806290 2 9 3 8 10 6 7 1 4 5 
20180806291 7 2 4 9 10 1 8 3 5 6 
20180806292 4 6 1 3 5 8 2 9 10 7 
20180806293 6 10 2 5 8 3 7 1 4 9 
20180806294 1 3 2 8 5 10 4 9 7 6 
20180806295 2 4 6 8 5 1 9 7 3 10 
20180806296 3 4 8 10 6 1 2 9 7 5 
20180806297 8 6 3 1 5 7 10 9 2 4 
20180806298 8 5 7 3 9 1 6 2 4 10 
20180806299 9 2 8 4 5 6 3 1 7 10 
20180806300 2 1 3 7 5 9 8 6 4 10 
20180806301 5 2 9 4 6 7 1 8 10 3 
20180806302 2 3 1 9 7 10 4 8 6 5 
20180806303 9 10 7 6 2 1 4 3 8 5 
20180806304 8 6 5 4 10 9 3 2 7 1 
20180806305 3 10 7 4 6 2 8 5 1 9 
20180806306 9 2 8 6 7 5 3 10 1 4 
20180806307 8 7 10 1 6 3 9 2 4 5 
20180806308 8 3 6 5 2 9 4 7 10 1 
20180806309 2 5 9 7 10 3 8 4 6 1 
20180806310 4 9 2 6 3 7 10 1 5 8 
20180806311 3 6 1 2 7 8 9 10 4 5 
20180806312 10 4 9 2 8 1 6 3 5 7 
20180806313 6 8 9 10 7 1 3 5 4 2 
20180806314 6 10 3 8 1 9 5 4 7 2 
20180806315 4 8 6 10 9 1 5 2 7 3 
20180806316 9 2 8 6 4 10 1 5 7 3 
20180806317 1 6 9 5 4 2 8 3 10 7 
20180806318 9 4 2 1 5 8 6 10 7 3 
20180806319 8 9 7 10 3 2 4 5 6 1 
20180806320 9 3 5 8 6 4 1 10 7 2 
20180806321 9 8 2 4 10 3 5 6 1 7 
20180806322 2 1 8 10 9 6 7 3 4 5 
20180806323 7 1 6 3 2 4 8 5 9 10 
20180806324 8 5 9 3 1 4 6 10 7 2 
20180806325 2 8 10 3 9 1 4 5 7 6 
20180806326 7 5 4 8 9 10 3 2 1 6 
20180806327 9 8 3 5 1 6 2 7 4 10 
20180806328 2 7 9 5 8 1 4 6 10 3 
20180806329 6 7 8 9 4 10 5 2 1 3 
20180806330 5 10 9 1 8 6 7 4 3 2 
20180806331 8 10 9 4 5 3 6 2 7 1 
20180806332 1 5 2 3 9 7 10 8 6 4 
20180806333 1 7 6 4 5 2 3 8 9 10 
20180806334 3 8 2 1 7 9 5 6 4 10 
20180806335 4 6 8 10 5 9 2 3 7 1 
20180806336 9 6 2 10 5 8 7 1 3 4 
20180806337 5 9 4 2 8 7 3 1 6 10 
20180806338 5 7 8 4 1 3 6 2 9 10 
20180806339 8 10 9 4 2 5 6 1 7 3 
20180806340 3 5 7 4 2 8 9 1 10 6 
20180806341 5 10 9 6 1 7 4 2 3 8 
20180806342 8 9 4 2 10 7 3 1 5 6 
20180806343 6 2 5 9 3 10 1 4 8 7 
20180806344 10 6 1 7 8 2 3 4 5 9 
20180806345 4 7 3 5 8 6 9 2 1 10 
20180806346 9 2 3 6 4 8 7 1 5 10 
20180806347 2 8 7 3 4 1 6 9 5 10 
20180806348 5 9 10 4 6 1 8 7 2 3 
20180806349 5 10 1 9 6 7 8 4 2 3 
20180806350 10 9 6 8 2 7 5 3 4 1 
20180806351 1 3 10 9 5 4 7 2 6 8 
20180806352 2 6 7 1 9 8 10 4 3 5 
20180806353 2 4 9 8 3 5 7 10 1 6 
20180806354 8 9 10 5 1 4 6 3 2 7 
20180806355 7 3 2 8 6 1 9 10 5 4 
20180806356 2 7 5 9 10 3 8 1 6 4 
20180806357 7 1 5 10 9 6 3 8 2 4 
20180806358 7 2 10 6 4 1 5 8 3 9 
20180806359 1 2 9 4 3 6 5 10 7 8 
20180806360 4 2 1 6 7 9 5 8 3 10 
20180806361 8 7 9 2 10 4 5 6 1 3 
20180806362 5 1 8 6 3 7 4 2 10 9 
20180806363 9 6 2 4 1 8 5 7 10 3 
20180806364 2 7 6 5 8 9 1 3 4 10 
20180806365 8 2 3 10 9 4 7 1 5 6 
20180806366 6 7 3 10 4 1 2 9 8 5 
20180806367 4 5 10 8 7 6 2 3 1 9 
20180806368 10 1 8 9 7 6 4 2 5 3 
20180806369 1 8 10 4 2 5 7 9 3 6 
20180806370 3 7 8 10 4 9 1 2 5 6 
20180806371 1 2 3 7 9 6 5 8 4 10 
20180806372 1 7 6 3 5 10 2 8 4 9 
20180806373 10 4 9 7 1 8 2 5 6 3 
20180806374 3 1 7 4 9 2 6 8 5 10 
20180806375 8 3 6 7 10 1 9 5 2 4 
20180806376 9 2 5 4 1 6 7 8 10 3 
20180806377 4 10 6 9 5 8 7 1 3 2 
20180806378 9 7 6 5 1 8 3 2 4 10 
20180806379 7 2 10 5 8 4 1 9 3 6 
20180806380 7 6 4 1 2 3 8 10 9 5 
20180806381 4 1 5 10 9 8 7 2 3 6 
20180806382 1 9 10 2 4 6 5 8 7 3 
20180806383 7 9 4 5 6 10 3 2 8 1 
20180806384 9 4 1 5 10 8 3 7 2 6 
20180806385 5 10 2 7 4 6 9 1 3 8 
20180806386 2 7 8 9 3 10 4 1 5 6 
20180806387 1 2 6 5 8 9 3 4 10 7 
20180806388 9 4 7 8 5 10 6 3 1 2 
20180806389 9 8 6 10 3 7 2 1 4 5 
20180806390 6 10 2 7 1 4 3 5 9 8 
20180806391 4 3 7 8 2 5 10 9 6 1 
20180806392 7 5 8 1 3 10 2 4 6 9 
20180806393 8 7 3 6 4 9 10 5 1 2 
20180806394 7 8 4 10 3 5 1 9 2 6 
20180806395 7 1 8 6 3 10 9 4 5 2 
20180806396 8 9 6 10 7 1 3 2 4 5 
20180806397 8 6 10 2 9 1 4 5 7 3 
20180806398 7 9 2 10 5 8 6 3 1 4 
20180806399 8 7 3 6 1 10 4 9 2 5 
20180806400 4 7 6 1 8 9 3 2 10 5 
20180806401 9 1 10 4 3 8 6 2 7 5 
20180806402 9 4 3 5 10 7 8 2 1 6 
20180806403 7 10 5 2 3 8 4 6 1 9 
20180806404 5 10 1 9 7 4 8 6 2 3 
20180806405 1 7 6 8 9 5 2 4 10 3 
20180806406 7 1 6 8 4 5 3 2 9 10 
20180806407 2 1 4 3 9 6 8 7 5 10 
20180806408 10 9 2 6 3 5 1 4 7 8 
20180806409 3 2 8 4 6 1 10 7 5 9 
20180806410 1 4 10 3 8 2 5 9 6 7 
20180806411 2 4 7 10 1 8 3 6 5 9 
20180806412 1 10 9 8 7 3 4 5 6 2 
20180806413 3 10 1 2 4 6 9 5 8 7 
20180806414 8 10 2 4 7 1 5 6 3 9 
20180806415 5 6 9 10 7 4 1 2 8 3 
20180806416 4 8 2 9 5 6 7 3 10 1 
20180806417 5 4 9 2 6 7 3 8 10 1 
20180806418 4 6 7 10 2 5 1 8 9 3 
20180806419 9 6 1 7 5 2 10 3 8 4 
20180806420 10 3 4 5 6 2 7 9 8 1 
20180806421 6 2 7 10 9 4 5 3 8 1 
20180806422 5 7 1 4 3 8 2 9 6 10 
20180806423 1 9 4 3 6 10 5 7 2 8 
20180806424 6 9 8 5 7 3 2 4 10 1 
20180806425 7 1 3 10 4 8 6 9 2 5 
20180806426 5 1 8 6 4 7 9 10 3 2 
20180806427 1 4 7 3 5 6 2 10 9 8 
20180806428 6 8 5 2 1 7 4 10 3 9 
20180806429 8 5 4 6 1 2 9 3 10 7 
20180806430 8 9 6 1 3 7 2 4 10 5 
20180806431 8 5 9 3 6 7 4 2 1 10 
20180806432 6 1 5 2 9 8 10 4 7 3 
20180806433 1 4 9 7 3 2 8 10 6 5 
20180806434 3 6 10 5 9 2 4 1 8 7 
20180806435 9 1 6 7 2 5 8 4 10 3 
20180806436 6 7 2 8 9 1 10 4 3 5 
20180806437 5 1 4 6 10 3 9 8 7 2 
20180806438 4 5 10 3 1 2 6 9 7 8 
20180806439 1 5 8 9 3 10 4 2 7 6 
20180806440 5 1 7 6 2 10 9 3 8 4 
20180806441 10 8 1 9 7 6 5 2 4 3 
20180806442 8 2 3 6 9 7 4 5 10 1 
20180806443 2 8 9 3 10 5 4 6 1 7 
20180806444 9 5 8 4 6 1 3 7 10 2 
20180806445 8 9 7 4 10 2 1 5 3 6 
20180806446 9 10 7 5 3 1 4 2 8 6 
20180806447 6 10 2 4 3 7 1 9 8 5 
20180806448 8 2 5 10 4 1 6 7 9 3 
20180806449 4 7 3 6 5 2 9 10 1 8 
20180806450 5 9 6 8 2 4 7 10 3 1 
20180806451 2 5 9 8 4 1 7 6 10 3 
20180806452 2 9 8 3 6 1 5 7 10 4 
20180806453 10 4 5 7 1 9 3 8 2 6 
20180806454 5 2 10 7 6 9 8 3 4 1 
20180806455 2 8 5 10 1 9 4 6 3 7 
20180806456 1 8 3 9 10 4 6 5 7 2 
20180806457 2 3 9 6 10 5 4 7 1 8 
20180806458 4 2 8 1 6 7 10 5 9 3 
20180806459 6 4 9 8 2 1 5 3 10 7 
20180806460 10 4 8 7 1 5 9 6 3 2 
20180806461 1 3 2 8 4 7 10 5 9 6 
20180806462 8 1 5 7 3 4 6 2 9 10 
20180806463 10 6 1 9 2 8 4 7 5 3 
20180806464 2 7 5 9 3 10 4 6 1 8 
20180806465 8 9 6 7 3 1 10 5 2 4 
20180806466 4 1 6 3 7 10 8 9 5 2 
20180806467 4 8 6 5 7 1 10 3 2 9 
20180806468 8 4 2 10 7 1 9 6 3 5 
20180806469 7 2 3 10 5 4 8 1 6 9 
20180806470 4 5 8 10 3 1 7 9 2 6 
20180806471 7 8 2 3 1 5 4 10 6 9 
20180806472 6 7 9 4 8 10 2 5 1 3 
20180806473 7 2 6 3 10 5 1 8 9 4 
20180806474 4 1 10 9 2 8 7 3 5 6 
20180806475 3 5 1 2 9 7 10 4 8 6 
20180806476 10 2 5 6 1 8 3 4 7 9 
20180806477 1 4 2 5 7 10 9 8 6 3 
20180806478 1 8 6 5 2 3 7 10 4 9 
20180806479 9 8 7 1 10 5 2 4 3 6 
20180806480 6 8 7 9 10 2 4 1 5 3 
20180806481 9 2 5 6 7 3 8 1 10 4 
20180806482 10 5 9 7 6 2 1 3 8 4 
20180806483 7 9 2 1 10 5 4 3 8 6 
20180806484 5 2 7 8 6 10 4 1 3 9 
20180806485 9 7 8 10 3 4 6 5 2 1 
20180806486 6 9 10 5 4 7 2 1 3 8 
20180806487 3 8 9 4 10 5 7 1 2 6 
20180806488 9 1 3 10 8 7 4 5 6 2 
20180806489 10 4 1 7 9 3 8 5 6 2 
20180806490 8 1 9 10 5 6 3 4 7 2 
20180806491 7 2 10 5 9 4 3 6 8 1 
20180806492 9 4 1 3 6 5 7 10 8 2 
20180806493 1 4 5 9 2 10 3 8 6 7 
20180806494 8 6 5 10 3 1 4 2 9 7 
20180806495 6 4 5 3 9 1 8 2 7 10 
20180806496 1 7 3 2 9 6 5 4 8 10 
20180806497 1 6 7 10 9 3 2 5 4 8 
20180806498 10 4 3 8 1 6 2 5 7 9 
20180806499 6 7 8 4 2 10 1 5 9 3 
20180806500 10 6 7 3 1 2 5 9 8 4 
20180806501 9 5 10 8 6 7 1 2 3 4 
20180806502 5 6 8 3 7 4 2 9 10 1 
20180806503 6 4 7 5 3 9 10 1 2 8 
20180806504 7 3 2 5 1 10 4 8 9 6 
20180806505 4 3 1 2 7 9 6 10 5 8 
20180806506 7 6 9 10 3 1 5 2 4 8 
20180806507 9 1 6 10 7 3 4 2 8 5 
20180806508 7 8 6 9 4 1 10 5 3 2 
20180806509 3 10 5 4 8 2 1 9 7 6 
20180806510 8 10 5 2 7 3 1 6 9 4 
20180806511 7 10 4 5 1 9 6 8 3 2 
20180806512 6 7 8 9 10 5 2 4 1 3 
20180806513 10 5 9 4 1 6 8 7 2 3 
20180806514 7 2 9 10 8 5 4 6 1 3 
20180806515 5 6 3 8 7 9 10 1 2 4 
20180806516 6 7 9 10 1 5 3 2 8 4 
20180806517 8 4 2 9 1 7 5 10 3 6 
20180806518 9 2 8 4 7 1 6 5 10 3 
20180806519 9 4 10 3 8 1 5 6 2 7 
20180806520 1 4 2 9 5 7 8 6 10 3 
20180806521 4 5 1 6 10 9 3 2 7 8 
20180806522 10 5 7 4 3 8 6 9 1 2 
20180806523 7 8 1 3 10 6 5 2 9 4 
20180806524 8 6 4 9 7 3 5 1 2 10 
20180806525 10 7 6 1 5 2 8 9 3 4 
20180806526 2 10 3 9 7 5 4 6 1 8 
20180806527 7 9 8 1 4 6 3 2 10 5 
20180806528 7 2 1 4 8 9 3 6 5 10 
20180806529 10 9 8 3 5 1 2 6 4 7 
20180806530 9 1 3 2 7 4 10 8 6 5 
20180806531 1 2 7 10 8 5 9 6 4 3 
20180806532 9 7 3 10 2 8 5 1 6 4 
20180806533 10 9 4 5 7 6 8 2 1 3 
20180806534 6 2 9 8 10 1 3 5 7 4 
20180806535 1 2 7 4 5 6 3 10 9 8 
20180806536 9 1 3 8 7 5 6 10 4 2 
20180806537 1 3 5 4 10 9 2 8 6 7 
20180806538 9 10 5 8 3 6 2 4 1 7 
20180806539 1 6 2 5 4 10 9 7 8 3 
20180806540 1 4 7 6 5 8 3 2 10 9 
20180806541 1 7 6 5 10 8 2 4 9 3 
20180806542 5 6 9 1 10 7 4 2 8 3 
20180806543 3 1 2 9 5 8 4 7 10 6 
20180806544 5 10 7 6 9 1 8 3 4 2 
20180806545 7 6 9 8 1 2 5 10 3 4 
20180806546 9 10 8 7 4 2 6 1 5 3 
20180806547 9 5 8 10 2 4 1 6 3 7 
20180806548 6 8 7 3 1 4 5 2 10 9 
20180806549 6 5 10 4 3 9 8 7 2 1 
20180806550 6 1 4 5 10 2 3 7 9 8 
20180806551 6 10 5 3 7 8 4 1 9 2 
20180806552 1 3 10 7 8 5 2 6 9 4 
20180806553 2 7 6 10 5 9 4 1 3 8 
20180806554 7 4 10 8 9 3 1 6 2 5 
20180806555 6 10 1 3 4 7 2 8 5 9 
20180806556 7 2 3 1 9 5 8 10 4 6 
20180806557 10 5 1 3 9 6 2 8 7 4 
20180806558 4 2 8 7 10 5 3 1 6 9 
20180806559 6 4 5 7 2 10 1 9 3 8 
20180806560 6 5 3 8 7 9 4 2 10 1 
20180806561 5 9 7 6 8 4 1 2 3 10 
20180806562 8 6 1 2 9 7 3 5 4 10 
20180806563 7 9 3 2 4 10 6 1 5 8 
20180806564 3 7 2 10 8 6 4 5 1 9 
20180806565 5 7 6 10 2 8 3 9 4 1 
20180806566 10 3 8 6 5 7 4 1 9 2 
20180806567 1 5 7 2 3 9 4 8 6 10 
20180806568 10 1 3 2 9 7 8 6 4 5 
20180806569 3 7 8 4 9 5 6 10 1 2 
20180806570 6 2 1 5 7 3 10 4 8 9 
20180806571 4 1 10 2 7 3 5 6 9 8 
20180806572 1 7 4 10 9 3 5 6 2 8 
20180806573 7 4 6 1 2 9 10 3 8 5 
20180806574 3 6 4 1 8 7 5 9 10 2 
20180806575 6 9 10 3 4 5 1 2 7 8 
20180806576 10 9 2 6 5 4 1 8 3 7 
20180806577 1 9 5 2 8 3 10 4 7 6 
20180806578 1 3 4 9 5 2 8 10 7 6 
20180806579 8 5 1 2 3 4 9 7 10 6 
20180806580 4 5 1 8 6 9 10 7 2 3 
20180806581 1 2 7 9 5 6 3 8 10 4 
20180806582 9 10 4 5 1 3 6 8 7 2 
20180806583 8 9 10 7 1 4 6 2 3 5 
20180806584 6 4 10 7 9 8 3 1 2 5 
20180806585 10 1 7 9 5 3 2 6 4 8 
20180806586 2 9 6 7 8 5 4 10 1 3 
20180806587 2 3 4 7 5 6 9 1 8 10 
20180806588 2 6 4 7 8 9 3 10 5 1 
20180806589 9 8 10 5 2 6 1 4 7 3 
20180806590 4 1 6 7 2 9 5 10 8 3 
20180806591 2 4 1 5 6 7 9 8 10 3 
20180806592 1 3 4 8 9 5 2 10 7 6 
20180806593 6 4 3 10 5 9 8 1 2 7 
20180806594 8 9 10 4 7 5 3 1 6 2 
20180806595 1 5 10 3 8 2 9 4 7 6 
20180806596 5 9 3 1 6 10 8 7 4 2 
20180806597 3 1 4 9 7 10 2 8 6 5 
20180806598 1 10 8 6 2 9 7 4 3 5 
20180806599 6 2 8 10 3 9 5 7 4 1 
20180806600 7 6 3 1 4 10 2 8 5 9 
20180806601 2 6 8 4 5 3 9 10 7 1 
20180806602 6 3 7 1 10 8 4 5 9 2 
20180806603 8 5 6 2 9 3 10 7 4 1 
20180806604 7 10 3 1 2 4 6 5 9 8 
20180806605 4 8 10 3 7 2 1 9 6 5 
20180806606 7 6 8 4 10 1 5 2 9 3 
20180806607 3 10 8 7 4 6 9 2 5 1 
20180806608 3 7 5 6 4 8 10 1 9 2 
20180806609 5 4 10 9 1 6 3 2 7 8 
20180806610 9 8 2 6 3 4 7 1 10 5 
20180806611 2 5 4 10 7 1 3 9 6 8 
20180806612 4 10 7 2 3 1 6 9 5 8 
20180806613 10 1 5 3 8 7 2 6 4 9 
20180806614 6 5 3 9 4 2 10 1 7 8 
20180806615 6 8 5 10 2 9 7 1 3 4 
20180806616 9 8 10 5 2 7 4 3 1 6 
20180806617 1 8 7 10 6 3 4 9 5 2 
20180806618 3 5 4 10 2 6 8 9 1 7 
20180806619 3 7 10 8 5 1 6 2 4 9 
20180806620 9 3 4 2 7 1 10 5 8 6 
20180806621 7 1 3 5 9 6 2 10 4 8 
20180806622 8 10 2 9 5 1 4 7 3 6 
20180806623 8 5 1 3 7 9 4 6 10 2 
20180806624 2 7 4 1 5 9 10 3 8 6 
20180806625 3 8 7 5 10 2 9 1 4 6 
20180806626 7 3 1 10 4 6 5 2 9 8 
20180806627 6 8 4 1 7 10 5 9 3 2 
20180806628 1 5 6 9 3 7 2 10 4 8 
20180806629 4 9 8 5 1 6 10 7 3 2 
20180806630 7 3 6 4 2 8 1 9 5 10 
20180806631 3 7 6 10 4 1 8 9 2 5 
20180806632 5 6 2 10 9 7 8 1 3 4 
20180806633 9 4 10 2 3 8 6 1 7 5 
20180806634 6 10 9 3 4 5 8 7 2 1 
20180806635 6 3 5 9 8 1 7 10 4 2 
20180806636 5 6 9 8 10 4 7 2 3 1 
20180806637 4 1 3 8 9 10 7 6 2 5 
20180806638 2 1 6 3 4 10 5 8 7 9 
20180806639 6 8 4 1 9 7 10 5 2 3 
20180806640 6 1 7 2 9 5 4 10 8 3 
20180806641 10 3 7 9 5 1 8 2 6 4 
20180806642 2 8 7 6 4 3 5 9 1 10 
20180806643 6 10 2 3 5 4 8 9 7 1 
20180806644 8 3 2 1 6 4 9 10 7 5 
20180806645 7 10 6 3 8 1 2 4 9 5 
20180806646 7 9 5 1 8 6 10 3 4 2 
20180806647 9 5 3 1 8 7 6 4 10 2 
20180806648 7 2 10 4 3 8 1 6 5 9 
20180806649 8 1 10 6 7 3 4 9 5 2 
20180806650 2 9 10 6 4 7 8 3 5 1 
20180806651 2 3 8 9 6 4 7 5 1 10 
20180806652 8 3 6 9 10 5 2 1 7 4 
20180806653 6 5 9 1 4 10 8 3 2 7 
20180806654 3 10 1 7 6 5 8 4 2 9 
20180806655 10 3 4 7 1 2 8 6 5 9 
20180806656 2 10 7 9 3 8 4 5 6 1 
20180806657 2 4 5 1 7 9 8 6 3 10 
20180806658 4 8 2 1 5 3 10 9 7 6 
20180806659 3 2 1 5 8 6 10 7 9 4 
20180806660 2 4 1 9 7 3 5 8 10 6 
20180806661 2 5 4 9 7 8 3 6 1 10 
20180806662 6 4 1 7 5 3 10 2 9 8 
20180806663 1 3 5 6 7 10 8 4 2 9 
20180806664 7 3 2 9 6 1 8 5 4 10 
20180806665 1 2 3 6 10 9 5 8 4 7 
20180806666 1 9 6 3 5 2 4 7 10 8 
20180806667 6 2 5 9 4 7 10 8 3 1 
20180806668 7 2 6 4 10 8 5 1 9 3 
20180806669 7 4 2 3 5 10 8 6 9 1 
20180806670 2 9 7 5 6 10 3 8 1 4 
20180806671 8 6 4 7 3 9 5 1 10 2 
20180806672 2 5 7 8 3 1 6 10 4 9 
20180806673 5 3 8 2 6 7 4 1 9 10 
20180806674 6 2 5 9 10 7 8 4 1 3 
20180806675 7 6 10 9 1 2 8 3 4 5 
20180806676 7 4 9 1 5 3 2 10 6 8 
20180806677 2 10 7 6 1 9 4 8 5 3 
20180806678 1 5 10 4 6 2 9 3 7 8 
20180806679 9 8 3 5 7 2 4 6 10 1 
20180806680 6 3 9 2 7 5 8 10 4 1 
20180806681 6 10 7 9 1 3 4 8 2 5 
20180806682 9 6 3 1 7 2 4 10 5 8 
20180806683 2 8 1 5 3 10 6 7 4 9 
20180806684 10 1 7 5 6 3 9 4 2 8 
20180806685 4 1 5 2 8 3 6 9 7 10 
20180806686 9 2 1 3 8 7 5 4 10 6 
20180806687 4 3 5 6 10 9 1 2 8 7 
20180806688 5 1 2 6 10 7 4 3 9 8 
20180806689 7 5 4 6 2 1 3 9 10 8 
20180806690 8 7 9 5 3 1 10 6 2 4 
20180806691 2 7 4 9 1 3 6 10 5 8 
20180806692 4 2 9 8 3 7 6 1 5 10 
20180806693 2 7 5 8 4 10 3 9 1 6 
20180806694 1 6 4 2 7 3 5 10 9 8 
20180806695 10 8 2 3 6 1 5 9 4 7 
20180806696 9 4 3 2 6 7 5 8 1 10 
20180806697 9 5 4 3 8 6 1 7 2 10 
20180806698 7 1 2 6 3 5 4 10 9 8 
20180806699 2 10 4 3 5 7 6 1 9 8 
20180806700 6 9 1 10 5 3 7 8 4 2 
20180806701 1 9 3 4 7 6 2 10 8 5 
20180806702 9 1 7 4 10 5 6 2 3 8 
20180806703 9 8 4 6 2 10 7 5 1 3 
20180806704 10 5 1 4 3 2 9 6 7 8 
20180806705 3 7 5 10 8 9 4 6 1 2 
20180806706 8 1 3 9 6 4 10 7 5 2 
20180806707 7 3 4 1 2 6 9 10 5 8 
20180806708 9 2 5 4 7 10 6 8 3 1 
20180806709 4 3 6 5 2 7 8 10 9 1 
20180806710 9 1 8 10 7 5 2 6 3 4 
20180806711 10 2 1 9 4 5 8 3 6 7 
20180806712 1 3 7 2 10 9 5 6 8 4 
20180806713 8 7 3 1 9 6 10 4 2 5 
20180806714 4 3 1 10 5 2 8 9 6 7 
20180806715 1 3 6 5 7 9 8 2 4 10 
20180806716 1 3 4 7 8 10 6 2 5 9 
20180806717 2 8 5 1 7 4 3 6 9 10 
20180806718 2 10 5 7 4 6 3 1 9 8 
20180806719 1 3 5 6 2 9 4 8 7 10 
20180806720 3 2 5 8 9 4 10 6 1 7 
20180806721 4 5 9 2 10 7 3 1 6 8 
20180806722 3 7 8 9 1 5 10 4 2 6 
20180806723 2 8 6 3 7 9 4 1 10 5 
20180806724 9 2 1 8 6 5 7 10 3 4 
20180806725 8 7 2 9 5 10 3 4 6 1 
20180806726 2 4 5 9 6 7 1 8 10 3 
20180806727 3 6 7 4 9 5 2 8 1 10 
20180806728 2 4 9 8 10 3 5 6 7 1 
20180806729 9 4 10 5 1 7 8 2 3 6 
20180806730 8 1 2 9 6 3 7 4 10 5 
20180806731 4 9 8 5 7 6 2 10 3 1 
20180806732 8 4 7 10 6 1 9 2 5 3 
20180806733 5 7 10 9 1 3 4 6 2 8 
20180806734 3 6 4 2 8 9 5 1 10 7 
20180806735 5 8 10 9 7 3 2 6 1 4 
20180806736 8 10 6 5 1 2 4 9 7 3 
20180806737 8 7 3 9 10 5 6 1 2 4 
20180806738 2 1 7 6 8 9 5 10 4 3 
20180806739 5 10 3 9 6 7 4 8 2 1 
20180806740 3 4 9 6 1 2 10 8 5 7 
20180806741 2 7 4 5 6 8 10 1 3 9 
20180806742 1 8 9 10 6 3 7 4 5 2 
20180806743 7 5 8 9 6 2 1 10 3 4 
20180806744 9 5 3 10 1 7 4 6 2 8 
20180806745 4 6 7 10 9 2 1 5 3 8 
20180806746 6 1 7 4 10 3 8 5 2 9 
20180806747 10 5 2 7 1 4 3 8 6 9 
20180806748 3 9 7 5 4 8 6 2 10 1 
20180806749 1 5 10 9 8 6 3 4 7 2 
20180806750 4 6 2 7 10 8 5 1 3 9 
20180806751 10 1 8 7 6 3 4 5 9 2 
20180806752 8 9 7 3 6 2 5 1 4 10 
20180806753 7 6 3 5 4 2 10 1 9 8 
20180806754 10 6 3 7 8 1 4 9 2 5 
20180806755 9 5 10 4 8 6 3 7 1 2 
20180806756 5 4 6 2 8 9 1 3 7 10 
20180806757 6 7 2 8 1 5 3 10 4 9 
20180806758 4 7 6 10 8 1 9 5 3 2 
20180806759 7 4 2 6 5 9 3 10 1 8 
20180806760 3 8 2 4 5 7 6 9 10 1 
20180806761 1 2 3 5 8 6 10 7 4 9 
20180806762 8 6 9 4 2 5 7 1 3 10 
20180806763 10 6 8 2 4 3 5 7 9 1 
20180806764 2 8 5 6 1 3 10 7 9 4 
20180806765 1 8 2 9 4 10 3 5 6 7 
20180806766 5 4 10 8 7 2 6 9 1 3 
20180806767 1 3 9 10 7 8 2 5 6 4 
20180806768 9 6 2 7 3 1 4 10 5 8 
20180806769 1 3 6 9 7 2 10 4 8 5 
20180806770 8 2 7 4 6 9 10 5 1 3 
20180806771 10 9 4 3 1 8 5 7 2 6 
20180806772 2 4 9 6 8 5 7 10 3 1 
20180806773 9 2 7 8 4 6 5 3 10 1 
20180806774 7 4 10 2 3 5 9 1 8 6 
20180806775 7 3 10 2 5 6 4 8 9 1 
20180806776 2 6 7 8 9 5 4 3 10 1 
20180806777 8 1 9 10 5 6 4 3 2 7 
20180806778 6 3 10 7 4 1 5 8 9 2 
20180806779 2 9 4 3 7 1 8 5 10 6 
20180806780 9 5 8 1 4 7 10 3 6 2 
20180806781 10 6 3 9 1 2 5 7 8 4 
20180806782 6 10 3 8 9 4 7 2 5 1 
20180806783 8 10 9 7 2 1 4 3 5 6 
20180806784 9 4 6 3 10 5 8 7 1 2 
20180806785 7 6 3 8 4 9 2 1 10 5 
20180806786 5 10 9 4 8 3 7 1 6 2 
20180806787 2 5 4 10 8 7 6 3 1 9 
20180806788 2 9 4 3 1 10 8 5 6 7 
20180806789 10 5 4 6 2 1 8 9 7 3 
20180806790 8 5 10 9 7 1 6 2 3 4 
20180806791 7 5 6 3 2 8 9 10 1 4 
20180806792 2 6 3 5 10 1 4 8 7 9 
20180806793 10 3 6 8 7 5 4 2 1 9 
20180806794 7 6 4 3 2 8 1 10 5 9 
20180806795 3 4 7 8 6 10 2 9 1 5 
20180806796 5 2 1 4 6 8 3 7 10 9 
20180806797 3 1 2 4 5 9 10 7 6 8 
20180806798 10 1 2 6 4 3 8 7 9 5 
20180806799 3 9 2 7 8 6 10 5 1 4 
20180806800 2 9 8 7 3 5 10 4 1 6 
20180806801 8 7 4 1 5 3 2 10 9 6 
20180806802 1 3 8 4 2 10 5 6 9 7 
20180806803 7 1 8 2 9 6 4 3 10 5 
20180806804 1 9 8 7 2 4 5 3 10 6 
20180806805 6 7 8 10 9 2 4 3 1 5 
20180806806 2 9 3 8 6 7 5 4 10 1 
20180806807 7 6 4 9 1 5 10 8 2 3 
20180806808 5 3 2 4 10 9 7 1 8 6 
20180806809 5 9 10 7 8 2 3 6 4 1 
20180806810 4 6 10 3 2 8 5 7 1 9 
20180806811 1 5 8 9 6 7 2 3 4 10 
20180806812 4 1 8 3 5 7 10 2 9 6 
20180806813 9 6 1 3 7 8 10 4 5 2 
20180806814 6 5 8 1 9 7 10 2 3 4 
20180806815 5 9 6 4 8 7 2 3 1 10 
20180806816 8 1 4 2 10 9 7 3 6 5 
20180806817 8 2 5 9 4 1 6 3 10 7 
20180806818 10 9 5 1 6 8 2 4 7 3 
20180806819 10 6 4 9 1 7 3 5 2 8 
20180806820 4 7 9 6 8 1 5 3 10 2 
20180806821 5 4 8 6 2 1 7 9 10 3 
20180806822 7 10 1 6 5 9 4 2 8 3 
20180806823 7 2 5 1 8 6 9 10 4 3 
20180806824 3 8 9 10 4 6 2 1 5 7 
20180806825 7 8 5 3 4 10 9 2 6 1 
20180806826 4 10 2 1 8 9 5 7 6 3 
20180806827 7 1 4 2 6 9 5 10 3 8 
20180806828 2 6 8 5 10 9 1 7 3 4 
20180806829 10 1 2 4 3 6 7 5 9 8 
20180806830 5 10 2 3 1 6 9 8 7 4 
20180806831 4 7 2 8 6 5 1 10 9 3 
20180806832 5 6 8 2 10 7 9 1 3 4 
20180806833 2 10 1 6 3 7 9 8 4 5 
20180806834 9 6 8 10 5 7 2 1 4 3 
20180806835 6 3 10 7 4 1 2 5 8 9 
20180806836 1 3 10 4 9 6 8 7 5 2 
20180806837 1 7 4 8 5 10 6 3 2 9 
20180806838 10 4 7 1 8 6 3 2 9 5 
20180806839 8 4 7 6 2 10 3 1 5 9 
20180806840 8 9 3 6 1 5 2 4 10 7 
20180806841 9 5 6 7 4 8 1 2 10 3 
20180806842 7 4 6 3 8 2 5 10 1 9 
20180806843 1 5 10 9 2 3 8 6 7 4 
20180806844 7 5 1 9 8 3 6 4 2 10 
20180806845 9 5 4 1 7 6 8 3 2 10 
20180806846 1 3 2 10 5 4 8 7 6 9 
20180806847 1 7 3 4 9 6 2 5 8 10 
20180806848 4 6 7 2 1 9 5 10 8 3 
20180806849 4 9 3 1 10 2 8 6 5 7 
20180806850 4 9 7 10 1 6 2 5 8 3 
20180806851 8 3 6 10 9 2 7 4 5 1 
20180806852 1 10 6 7 4 2 8 9 3 5 
20180806853 2 3 4 9 10 5 1 7 6 8 
20180806854 5 6 3 7 10 1 8 2 9 4 
20180806855 5 2 8 6 1 7 4 9 10 3 
20180806856 7 9 1 8 4 5 6 2 10 3 
20180806857 5 8 10 2 6 3 7 9 4 1 
20180806858 4 1 3 8 9 10 2 6 7 5 
20180806859 10 4 3 7 2 1 6 5 9 8 
20180806860 2 1 10 9 3 5 4 6 7 8 
20180806861 5 2 6 8 1 3 10 7 4 9 
20180806862 1 3 7 2 5 9 4 8 10 6 
20180806863 3 5 8 9 4 10 2 1 7 6 
20180806864 8 2 10 9 4 3 5 1 6 7 
20180806865 5 2 6 1 7 4 3 10 9 8 
20180806866 3 1 8 2 4 7 5 9 10 6 
20180806867 5 6 3 1 7 8 4 9 10 2 
20180806868 10 6 8 3 4 9 2 5 1 7 
20180806869 6 5 3 9 4 10 2 1 7 8 
20180806870 3 1 8 4 6 10 7 5 9 2 
20180806871 1 5 2 10 6 4 7 8 3 9 
20180806872 6 7 2 8 3 1 9 10 4 5 
20180806873 7 4 9 1 3 6 10 2 5 8 
20180806874 10 9 1 2 6 4 8 3 5 7 
20180806875 8 10 5 2 1 4 3 9 6 7 
20180806876 6 4 1 8 5 10 3 2 9 7 
20180806877 9 5 8 1 3 6 2 4 7 10 
20180806878 8 3 2 7 10 5 4 1 9 6 
20180806879 4 7 5 6 9 3 2 10 1 8 
20180806880 4 2 8 9 3 1 5 6 10 7 
20180806881 9 1 5 3 6 4 2 7 10 8 
20180806882 9 8 5 3 10 4 6 2 1 7 
20180806883 9 5 3 2 6 1 8 7 10 4 
20180806884 1 3 8 6 7 2 9 4 10 5 
20180806885 2 1 6 5 8 3 9 4 7 10 
20180806886 4 10 1 3 6 2 8 7 9 5 
20180806887 6 2 1 8 3 10 9 7 5 4 
20180806888 1 5 4 10 9 2 7 3 8 6 
20180806889 5 4 3 1 9 6 8 7 2 10 
20180806890 9 10 5 3 4 8 7 6 2 1 
20180806891 2 9 8 4 1 7 3 5 6 10 
20180806892 8 6 5 7 2 4 9 1 10 3 
20180806893 3 5 9 6 8 1 2 10 7 4 
20180806894 7 3 8 5 4 10 9 6 1 2 
20180806895 4 8 9 3 6 10 7 1 5 2 
20180806896 6 3 5 7 1 2 4 9 8 10 
20180806897 4 1 9 7 2 8 6 3 10 5 
20180806898 8 3 7 5 6 1 10 9 2 4 
20180806899 7 3 4 9 5 1 2 10 6 8 
20180806900 3 9 1 4 2 5 6 10 8 7 
20180806901 8 1 2 6 4 9 3 7 10 5 
20180806902 6 7 2 5 4 9 1 8 10 3 
20180806903 10 7 3 4 2 6 1 8 5 9 
20180806904 5 7 2 9 3 6 4 8 1 10 
20180806905 3 10 1 5 7 2 9 6 8 4 
20180806906 9 5 3 6 1 4 2 8 10 7 
20180806907 5 6 9 8 3 1 7 4 10 2 
20180806908 8 9 2 10 4 6 1 5 7 3 
20180806909 2 6 5 3 9 10 1 4 8 7 
20180806910 2 9 10 1 6 4 7 3 8 5 
20180806911 6 4 8 1 7 9 10 3 5 2 
20180806912 2 9 1 7 4 8 5 10 3 6 
20180806913 2 1 6 8 3 5 9 4 7 10 
20180806914 1 10 5 4 2 3 9 8 6 7 
20180806915 1 8 2 7 5 10 4 6 3 9 
20180806916 4 3 5 1 6 9 10 7 2 8 
20180806917 2 8 5 3 6 1 4 10 7 9 
20180806918 9 1 2 3 5 7 10 6 4 8 
20180806919 9 8 7 10 1 2 5 4 6 3 
20180806920 1 6 2 8 5 4 9 10 3 7 
20180806921 6 2 8 4 7 10 5 3 1 9 
20180806922 7 10 2 6 5 1 9 3 4 8 
20180806923 9 3 10 4 2 1 7 8 6 5 
20180806924 8 1 4 3 6 2 5 7 10 9 
20180806925 10 3 4 9 2 8 1 7 6 5 
20180806926 7 5 3 4 8 1 10 9 2 6 
20180806927 3 7 6 1 10 8 9 5 2 4 
20180806928 2 3 4 5 8 6 9 10 7 1 
20180806929 7 3 2 9 6 5 10 4 8 1 
20180806930 3 6 4 9 8 10 5 2 1 7 
20180806931 2 3 9 4 5 1 7 10 8 6 
20180806932 4 3 1 5 7 8 2 6 10 9 
20180806933 10 8 2 1 4 6 7 5 9 3 
20180806934 10 4 1 8 7 6 9 2 5 3 
20180806935 8 7 2 9 1 5 10 4 3 6 
20180806936 3 5 7 1 4 9 10 8 2 6 
20180806937 8 6 1 5 7 10 9 2 4 3 
20180806938 4 10 5 1 9 3 6 8 7 2 
20180806939 5 7 2 10 1 4 6 9 8 3 
20180806940 4 5 8 7 3 9 1 6 2 10 
20180806941 2 3 6 5 7 8 9 1 10 4 
20180806942 9 6 1 10 5 4 7 3 8 2 
20180806943 7 1 5 3 10 6 2 9 4 8 
20180806944 1 5 7 10 4 8 2 6 3 9 
20180806945 2 4 1 9 5 8 10 3 6 7 
20180806946 9 4 10 7 1 8 2 3 5 6 
20180806947 9 6 8 5 7 4 2 3 10 1 
20180806948 4 2 7 5 6 3 1 10 9 8 
20180806949 9 8 4 2 7 10 3 1 5 6 
20180806950 2 6 3 5 8 10 9 7 4 1 
20180806951 2 8 9 7 5 6 1 3 4 10 
20180806952 6 7 10 4 2 9 3 1 8 5 
20180806953 1 7 6 5 10 4 2 8 3 9 
20180806954 7 6 4 9 1 8 2 3 10 5 
20180806955 4 2 10 6 8 5 7 9 3 1 
20180806956 9 4 8 7 1 3 5 2 6 10 
20180806957 7 4 5 2 1 9 10 6 3 8 
20180806958 6 5 4 7 9 3 1 2 10 8 
20180806959 4 3 7 1 6 8 2 5 9 10 
20180806960 3 8 6 1 9 5 2 7 10 4 
20180806961 8 7 5 6 4 3 9 1 2 10 
20180806962 10 2 9 8 6 7 1 3 5 4 
20180806963 6 2 10 1 4 5 8 9 3 7 
20180806964 2 7 4 6 1 5 8 3 9 10 
20180806965 7 5 2 8 1 10 3 4 6 9 
20180806966 2 6 3 4 8 9 7 1 5 10 
20180806967 8 7 6 3 1 2 10 4 5 9 
20180806968 2 10 3 8 5 6 9 1 4 7 
20180806969 5 3 8 2 10 9 6 4 1 7 
20180806970 5 1 10 8 6 9 4 7 2 3 
20180806971 6 5 2 7 3 1 10 4 9 8 
20180806972 8 7 1 5 2 6 4 9 10 3 
20180806973 5 10 4 9 8 3 7 6 1 2 
20180806974 2 8 7 5 9 1 10 6 3 4 
20180806975 5 10 8 9 3 7 6 2 1 4 
20180806976 10 4 5 9 8 7 1 6 3 2 
20180806977 7 10 4 5 9 6 2 8 3 1 
20180806978 9 10 2 4 3 5 7 6 1 8 
20180806979 8 2 6 4 1 9 5 3 7 10 
20180806980 9 5 3 1 2 10 6 4 8 7 
20180806981 8 7 9 1 6 2 10 4 3 5 
20180806982 1 3 7 9 5 6 10 8 2 4 
20180806983 5 4 6 7 1 9 10 8 3 2 
20180806984 1 3 10 7 9 4 8 5 2 6 
20180806985 8 10 6 5 1 4 7 9 3 2 
