20180823001 7 10 1 8 9 3 6 4 2 5 
20180823002 9 8 4 5 1 2 10 6 7 3 
20180823003 5 9 2 1 7 6 10 4 3 8 
20180823004 5 8 3 7 1 6 9 10 2 4 
20180823005 8 3 5 7 10 4 9 6 1 2 
20180823006 3 4 2 8 7 10 6 1 9 5 
20180823007 6 5 4 7 3 8 9 1 2 10 
20180823008 2 5 9 7 8 6 1 3 4 10 
20180823009 2 4 1 10 7 6 5 3 8 9 
20180823010 7 6 4 1 2 8 3 5 10 9 
20180823011 1 3 8 5 4 9 7 2 10 6 
20180823012 9 4 2 10 7 5 8 1 3 6 
20180823013 10 8 9 2 1 3 6 4 7 5 
20180823014 9 2 5 3 8 10 4 6 7 1 
20180823015 2 9 3 6 1 10 5 4 8 7 
20180823016 9 8 4 3 5 7 1 2 10 6 
20180823017 5 6 10 3 4 2 8 9 7 1 
20180823018 9 10 4 8 7 6 1 5 3 2 
20180823019 1 5 10 9 3 8 4 6 7 2 
20180823020 10 5 4 6 9 7 1 2 8 3 
20180823021 3 8 2 10 7 9 5 6 1 4 
20180823022 7 2 10 5 1 6 9 3 4 8 
20180823023 6 9 2 8 10 7 1 5 4 3 
20180823024 8 7 1 9 2 10 4 3 5 6 
20180823025 7 8 9 2 3 10 4 6 5 1 
20180823026 5 1 10 3 9 6 2 8 7 4 
20180823027 6 1 4 9 10 3 8 2 5 7 
20180823028 6 8 7 4 2 1 3 9 5 10 
20180823029 6 9 8 4 1 2 3 10 7 5 
20180823030 8 5 2 1 7 10 6 4 3 9 
20180823031 6 2 7 9 1 10 5 3 4 8 
20180823032 10 8 9 1 5 2 4 3 7 6 
20180823033 2 4 6 5 7 8 10 9 3 1 
20180823034 3 7 8 4 10 2 5 9 1 6 
20180823035 3 9 1 8 6 7 10 5 2 4 
20180823036 3 6 10 7 9 2 8 4 1 5 
20180823037 6 9 8 7 3 1 5 2 4 10 
20180823038 10 9 6 1 3 2 7 8 4 5 
20180823039 3 9 1 8 4 6 5 2 10 7 
20180823040 3 9 1 6 2 10 5 7 8 4 
20180823041 10 2 8 6 5 4 3 9 1 7 
20180823042 7 4 3 9 6 1 8 10 2 5 
20180823043 6 5 1 3 4 8 2 7 10 9 
20180823044 1 8 9 2 6 4 3 10 7 5 
20180823045 1 9 7 5 2 3 10 4 6 8 
20180823046 4 8 7 3 6 9 10 2 1 5 
20180823047 4 1 8 5 6 9 10 7 2 3 
20180823048 1 2 6 10 4 3 8 5 7 9 
20180823049 6 4 9 10 7 8 1 2 3 5 
20180823050 7 9 10 2 5 1 4 8 6 3 
20180823051 4 8 1 7 2 10 9 5 3 6 
20180823052 7 1 2 5 6 4 3 9 10 8 
20180823053 8 6 3 1 10 9 2 5 7 4 
20180823054 9 1 6 10 5 3 8 4 7 2 
20180823055 4 9 3 8 1 2 5 10 6 7 
20180823056 9 10 8 1 2 3 6 5 4 7 
20180823057 10 8 7 4 9 5 1 2 6 3 
20180823058 3 7 1 8 4 6 9 10 5 2 
20180823059 10 7 8 2 1 9 4 6 3 5 
20180823060 4 6 2 3 8 5 10 9 1 7 
20180823061 8 4 10 1 3 6 7 9 5 2 
20180823062 2 8 10 6 4 7 3 1 9 5 
20180823063 6 7 10 8 2 5 1 4 3 9 
20180823064 2 7 3 10 5 4 8 9 1 6 
20180823065 1 6 10 4 8 7 3 9 5 2 
20180823066 2 3 9 5 4 6 10 1 7 8 
20180823067 1 6 4 3 10 5 9 7 8 2 
20180823068 7 9 3 6 8 5 4 2 10 1 
20180823069 5 8 4 7 2 1 10 9 3 6 
20180823070 10 2 6 9 8 3 5 1 7 4 
20180823071 2 5 7 1 6 9 10 3 4 8 
20180823072 2 9 7 3 6 5 10 8 4 1 
20180823073 5 1 7 10 4 2 8 9 6 3 
20180823074 1 8 2 10 3 5 6 7 4 9 
20180823075 2 5 10 8 9 1 6 3 4 7 
20180823076 9 1 6 5 4 7 2 10 8 3 
20180823077 2 6 4 9 1 8 3 5 7 10 
20180823078 1 6 3 10 7 5 8 9 2 4 
20180823079 7 3 10 4 1 5 2 8 6 9 
20180823080 1 10 9 5 6 4 3 8 7 2 
20180823081 8 4 2 3 10 1 5 7 9 6 
20180823082 6 9 3 4 10 2 5 1 7 8 
20180823083 1 2 10 7 4 9 8 5 6 3 
20180823084 1 8 7 5 3 2 9 10 4 6 
20180823085 10 9 4 3 2 8 7 6 5 1 
20180823086 6 1 8 10 9 5 2 7 3 4 
20180823087 7 5 10 3 2 8 4 6 1 9 
20180823088 7 4 3 5 6 9 10 1 2 8 
20180823089 10 1 6 2 3 5 8 7 4 9 
20180823090 1 8 10 2 9 5 4 3 7 6 
20180823091 3 6 2 5 4 1 7 8 10 9 
20180823092 2 5 1 3 8 9 4 10 7 6 
20180823093 9 10 1 8 3 7 6 5 4 2 
20180823094 6 4 2 7 5 3 8 9 1 10 
20180823095 8 5 1 6 9 7 10 2 3 4 
20180823096 1 8 2 4 10 6 3 5 9 7 
20180823097 5 6 3 10 9 1 8 2 7 4 
20180823098 4 6 2 3 7 8 10 9 1 5 
20180823099 4 9 5 8 7 2 6 10 3 1 
20180823100 9 4 10 3 5 2 8 7 6 1 
20180823101 7 10 5 1 6 3 4 9 2 8 
20180823102 7 4 5 3 9 1 10 8 6 2 
20180823103 7 9 3 6 8 4 5 10 2 1 
20180823104 7 8 5 3 1 2 6 10 9 4 
20180823105 3 2 7 6 9 5 4 1 8 10 
20180823106 3 2 9 1 7 6 5 10 8 4 
20180823107 1 5 6 10 7 4 8 3 9 2 
20180823108 6 5 9 2 4 10 7 1 8 3 
20180823109 9 1 8 7 2 5 3 6 4 10 
20180823110 1 10 4 3 8 7 9 2 6 5 
20180823111 10 9 1 5 3 8 6 2 7 4 
20180823112 3 2 1 10 8 6 4 7 9 5 
20180823113 3 7 1 2 4 8 9 5 6 10 
20180823114 7 10 4 1 9 3 2 5 6 8 
20180823115 2 5 4 3 10 9 8 6 7 1 
20180823116 9 7 6 4 10 5 8 2 3 1 
20180823117 10 7 6 3 2 5 1 4 8 9 
20180823118 6 5 1 4 2 3 7 9 8 10 
20180823119 10 8 7 5 4 1 2 9 3 6 
20180823120 7 9 5 1 10 2 6 4 8 3 
20180823121 9 2 8 1 3 6 5 10 7 4 
20180823122 8 2 5 3 4 10 1 9 7 6 
20180823123 7 8 3 5 4 1 2 9 6 10 
20180823124 3 2 6 8 9 5 1 7 4 10 
20180823125 9 5 2 8 7 4 6 1 3 10 
20180823126 9 7 2 8 5 6 1 4 10 3 
20180823127 4 8 5 1 3 10 2 7 6 9 
20180823128 8 4 1 7 3 2 6 5 9 10 
20180823129 5 9 1 2 3 7 8 4 10 6 
20180823130 1 5 9 2 3 7 4 6 10 8 
20180823131 2 6 10 9 4 5 1 7 3 8 
20180823132 10 5 9 8 2 7 6 3 4 1 
20180823133 9 1 2 10 4 6 5 8 7 3 
20180823134 5 3 6 7 8 9 4 10 2 1 
20180823135 5 7 3 10 1 4 9 8 6 2 
20180823136 8 7 5 2 10 4 3 1 6 9 
20180823137 2 8 1 9 7 3 10 4 6 5 
20180823138 7 5 3 9 10 6 4 1 2 8 
20180823139 10 1 3 4 9 2 6 8 5 7 
20180823140 8 6 9 1 3 2 4 7 10 5 
20180823141 6 1 4 5 8 9 7 3 10 2 
20180823142 6 4 3 1 2 10 7 9 5 8 
20180823143 1 2 9 10 7 4 6 3 5 8 
20180823144 1 8 5 3 9 6 10 2 4 7 
20180823145 6 2 3 9 8 10 7 5 1 4 
20180823146 7 8 1 2 5 3 10 6 9 4 
20180823147 5 2 6 3 10 8 1 7 4 9 
20180823148 5 2 1 7 6 3 8 4 10 9 
20180823149 8 2 5 1 6 7 10 4 3 9 
20180823150 1 6 3 5 2 10 7 4 9 8 
20180823151 10 5 8 4 6 7 9 3 2 1 
20180823152 3 8 5 7 6 10 4 2 1 9 
20180823153 4 10 3 7 6 5 9 2 8 1 
20180823154 5 8 2 9 1 10 3 4 7 6 
20180823155 10 5 1 7 2 9 6 4 8 3 
20180823156 6 4 7 2 9 8 1 5 10 3 
20180823157 4 5 8 7 1 6 10 2 9 3 
20180823158 7 4 9 2 6 1 5 3 10 8 
20180823159 8 10 5 2 4 6 9 3 7 1 
20180823160 7 9 5 4 3 2 1 6 8 10 
20180823161 3 6 1 4 10 8 2 9 7 5 
20180823162 7 8 5 3 4 1 9 2 6 10 
20180823163 9 4 2 7 6 5 10 8 3 1 
20180823164 9 1 8 7 6 10 3 5 2 4 
20180823165 10 7 1 6 8 3 5 2 9 4 
20180823166 2 9 7 6 8 10 3 4 1 5 
20180823167 7 4 1 8 2 5 6 10 3 9 
20180823168 3 10 4 2 9 5 6 8 7 1 
20180823169 5 1 6 9 4 10 7 2 8 3 
20180823170 1 4 9 7 8 10 5 6 2 3 
20180823171 6 1 9 4 5 3 7 8 2 10 
20180823172 5 7 8 2 9 3 4 6 10 1 
20180823173 6 5 9 1 7 4 10 2 3 8 
20180823174 2 7 9 6 10 1 3 4 8 5 
20180823175 5 8 1 7 2 9 10 6 3 4 
20180823176 8 7 6 3 9 4 5 2 10 1 
20180823177 5 2 8 4 6 1 7 10 9 3 
20180823178 6 5 10 4 9 8 2 7 1 3 
20180823179 3 7 9 5 6 2 1 8 4 10 
20180823180 1 9 5 7 10 3 8 6 2 4 
20180823181 4 5 10 8 6 1 7 9 2 3 
20180823182 9 10 6 8 5 4 2 1 7 3 
20180823183 8 1 6 2 10 5 9 3 4 7 
20180823184 8 5 7 2 9 4 10 1 6 3 
20180823185 2 5 6 7 4 8 1 3 9 10 
20180823186 9 3 6 7 10 1 5 4 8 2 
20180823187 10 4 1 5 8 6 9 7 3 2 
20180823188 3 1 9 4 8 10 5 6 7 2 
20180823189 1 4 3 7 6 5 9 8 10 2 
20180823190 10 1 9 5 3 8 2 7 6 4 
20180823191 2 8 6 4 10 5 1 7 3 9 
20180823192 3 9 8 4 7 6 1 10 2 5 
20180823193 4 2 10 1 3 9 8 5 6 7 
20180823194 4 1 3 5 8 10 7 2 6 9 
20180823195 3 6 7 4 9 5 10 1 2 8 
20180823196 7 1 10 5 6 9 4 2 3 8 
20180823197 6 4 8 10 2 9 1 7 3 5 
20180823198 7 6 4 8 1 9 5 3 10 2 
20180823199 9 6 5 1 3 8 2 4 7 10 
20180823200 8 6 2 1 9 7 5 4 3 10 
20180823201 5 9 6 7 4 3 10 1 8 2 
20180823202 3 1 9 5 8 4 7 10 6 2 
20180823203 3 6 4 2 1 5 9 8 7 10 
20180823204 4 2 5 8 10 6 3 7 1 9 
20180823205 1 6 3 2 8 7 5 4 9 10 
20180823206 4 8 3 1 5 7 10 6 9 2 
20180823207 9 1 6 10 3 2 5 8 7 4 
20180823208 2 9 6 7 3 8 10 1 5 4 
20180823209 8 7 2 4 10 5 3 6 1 9 
20180823210 10 2 8 1 3 9 4 7 5 6 
20180823211 10 7 8 1 3 2 4 9 6 5 
20180823212 4 5 10 6 9 8 3 1 7 2 
20180823213 7 3 8 6 4 9 5 10 1 2 
20180823214 7 1 6 8 4 10 3 2 9 5 
20180823215 8 10 7 2 1 6 9 3 4 5 
20180823216 9 4 5 3 8 6 10 7 1 2 
20180823217 5 3 9 4 2 6 10 1 8 7 
20180823218 10 7 9 1 3 6 5 2 4 8 
20180823219 6 7 10 1 2 4 9 5 8 3 
20180823220 10 8 7 4 9 2 3 1 5 6 
20180823221 2 4 6 9 3 8 5 7 1 10 
20180823222 1 4 10 8 5 2 3 7 9 6 
20180823223 7 8 2 5 6 4 10 9 1 3 
20180823224 9 10 6 5 1 2 8 3 4 7 
20180823225 5 6 1 3 8 2 10 4 7 9 
20180823226 10 4 8 7 6 5 1 3 2 9 
20180823227 9 6 5 7 8 3 10 1 2 4 
20180823228 2 3 8 10 1 7 6 9 5 4 
20180823229 2 1 6 4 7 10 8 5 9 3 
20180823230 5 2 10 8 7 6 4 3 1 9 
20180823231 3 10 6 9 5 8 7 1 2 4 
20180823232 2 4 5 3 8 9 7 10 1 6 
20180823233 9 3 10 6 5 1 8 2 4 7 
20180823234 3 2 8 6 4 9 10 5 1 7 
20180823235 3 8 1 2 4 5 7 9 6 10 
20180823236 8 7 5 1 2 4 9 3 6 10 
20180823237 7 10 4 9 1 8 6 5 2 3 
20180823238 5 2 6 9 8 3 7 10 1 4 
20180823239 9 2 8 3 10 4 6 7 5 1 
20180823240 4 6 3 1 7 10 2 8 9 5 
20180823241 3 5 6 7 10 8 9 2 1 4 
20180823242 8 3 10 4 5 9 2 6 1 7 
20180823243 7 8 5 9 10 4 3 6 1 2 
20180823244 7 10 4 6 9 1 3 8 2 5 
20180823245 4 9 6 1 5 10 3 2 7 8 
20180823246 5 3 9 1 10 4 6 8 2 7 
20180823247 4 10 7 3 1 5 8 2 9 6 
20180823248 2 8 5 4 6 7 10 3 1 9 
20180823249 4 8 5 7 2 9 10 1 6 3 
20180823250 7 8 1 4 9 10 6 5 2 3 
20180823251 2 4 3 9 10 7 5 6 1 8 
20180823252 6 7 1 9 8 3 2 4 5 10 
20180823253 7 8 2 10 4 3 9 1 5 6 
20180823254 2 9 1 7 3 5 4 8 6 10 
20180823255 6 9 8 3 10 7 2 4 5 1 
20180823256 10 5 1 8 4 7 3 2 9 6 
20180823257 8 5 7 10 6 3 9 1 4 2 
20180823258 1 7 9 6 10 3 8 5 4 2 
20180823259 9 7 8 1 6 3 2 10 5 4 
20180823260 10 3 7 8 5 2 1 4 6 9 
20180823261 5 8 4 1 9 7 10 6 2 3 
20180823262 6 3 8 2 10 5 9 7 1 4 
20180823263 1 9 10 3 4 2 7 5 8 6 
20180823264 8 4 2 6 10 3 5 9 7 1 
20180823265 9 7 10 4 1 8 3 2 6 5 
20180823266 9 10 4 7 5 3 2 6 8 1 
20180823267 3 10 8 6 1 9 4 2 5 7 
20180823268 6 7 3 4 1 8 2 5 10 9 
20180823269 1 4 3 5 9 8 10 6 7 2 
20180823270 10 6 9 5 3 1 4 7 2 8 
20180823271 10 1 4 2 8 7 3 9 6 5 
20180823272 9 6 3 5 2 10 8 7 1 4 
20180823273 10 2 9 1 4 7 3 5 6 8 
20180823274 4 7 6 2 10 5 9 3 1 8 
20180823275 8 3 1 2 9 4 6 7 5 10 
20180823276 6 4 9 7 2 5 8 1 3 10 
20180823277 6 9 5 2 8 10 7 3 4 1 
20180823278 9 7 8 1 2 10 4 3 5 6 
20180823279 9 4 3 8 7 2 10 5 6 1 
20180823280 3 10 4 8 9 1 5 2 7 6 
20180823281 1 4 10 5 9 7 8 2 6 3 
20180823282 10 3 4 1 2 5 9 8 6 7 
20180823283 6 8 10 3 9 4 2 1 7 5 
20180823284 5 1 3 4 9 7 2 10 6 8 
20180823285 8 5 10 1 2 4 3 7 9 6 
20180823286 8 6 10 1 9 3 4 5 2 7 
20180823287 4 8 6 1 7 5 3 9 10 2 
20180823288 4 1 2 3 8 6 10 7 9 5 
20180823289 5 1 4 6 10 2 9 3 7 8 
20180823290 2 3 4 1 8 9 7 5 10 6 
20180823291 6 1 3 7 10 9 4 8 5 2 
20180823292 4 7 2 5 6 8 10 3 1 9 
20180823293 8 2 6 5 3 7 1 4 10 9 
20180823294 7 5 6 2 10 9 1 8 4 3 
20180823295 8 5 9 3 2 6 10 4 1 7 
20180823296 2 5 6 3 4 1 9 7 10 8 
20180823297 1 6 10 4 2 3 7 5 9 8 
20180823298 6 9 1 10 4 2 3 7 8 5 
20180823299 6 2 1 9 3 7 10 5 8 4 
20180823300 2 5 8 7 3 4 9 1 10 6 
20180823301 2 3 6 4 1 9 10 5 7 8 
20180823302 2 5 1 10 3 6 8 9 4 7 
20180823303 7 6 1 8 4 10 9 5 3 2 
20180823304 9 8 4 10 6 2 1 7 3 5 
20180823305 5 8 10 9 4 2 3 1 6 7 
20180823306 2 3 10 9 6 1 7 8 5 4 
20180823307 7 1 4 5 8 3 6 2 9 10 
20180823308 10 3 9 5 1 4 2 8 7 6 
20180823309 3 7 10 5 2 8 1 4 6 9 
20180823310 10 1 6 8 5 3 2 7 9 4 
20180823311 3 1 6 5 9 10 2 7 8 4 
20180823312 8 4 10 9 5 7 1 3 6 2 
20180823313 4 7 8 3 10 2 5 6 9 1 
20180823314 1 8 4 9 6 3 10 2 5 7 
20180823315 6 10 4 8 7 2 3 9 5 1 
20180823316 1 9 10 3 2 7 8 6 4 5 
20180823317 1 8 3 7 6 5 2 10 9 4 
20180823318 2 8 10 6 5 7 3 1 4 9 
20180823319 10 1 9 6 2 4 7 3 8 5 
20180823320 7 9 3 1 2 8 6 5 10 4 
20180823321 9 7 4 2 10 3 1 8 6 5 
20180823322 9 1 2 5 8 4 6 7 10 3 
20180823323 8 1 7 2 5 10 6 4 9 3 
20180823324 8 6 5 7 10 4 1 3 2 9 
20180823325 2 3 1 10 7 9 8 6 4 5 
20180823326 1 4 7 2 5 8 6 3 9 10 
20180823327 10 4 7 2 1 3 9 6 8 5 
20180823328 9 10 6 1 5 8 7 4 2 3 
20180823329 5 10 2 1 9 6 3 8 7 4 
20180823330 1 7 2 10 9 5 3 8 6 4 
20180823331 8 10 7 6 2 1 5 9 4 3 
20180823332 9 1 10 5 8 6 3 7 4 2 
20180823333 9 4 2 10 7 6 5 1 3 8 
20180823334 6 3 4 1 2 9 8 5 7 10 
20180823335 3 5 6 10 2 4 7 9 8 1 
20180823336 5 6 2 4 7 10 9 3 8 1 
20180823337 5 4 8 10 7 6 2 9 1 3 
20180823338 5 7 10 3 1 4 8 9 2 6 
20180823339 10 8 9 4 5 7 3 1 2 6 
20180823340 5 8 10 7 9 6 1 2 4 3 
20180823341 2 6 10 9 5 8 1 4 3 7 
20180823342 6 5 1 2 7 3 10 4 9 8 
20180823343 8 9 6 1 7 2 4 5 3 10 
20180823344 5 2 10 1 6 8 7 3 9 4 
20180823345 7 6 8 9 1 4 5 3 2 10 
20180823346 10 9 4 5 3 8 1 7 2 6 
20180823347 2 10 3 1 5 9 6 4 7 8 
20180823348 10 1 4 7 8 3 6 9 5 2 
20180823349 7 6 10 5 8 3 1 9 4 2 
20180823350 5 9 1 4 10 7 2 8 6 3 
20180823351 2 6 7 4 3 9 5 1 8 10 
20180823352 10 4 5 6 7 1 9 8 3 2 
20180823353 6 1 9 4 8 7 5 2 10 3 
20180823354 2 9 10 6 1 8 4 5 7 3 
20180823355 5 4 3 2 9 6 1 7 8 10 
20180823356 6 8 1 2 4 9 10 3 7 5 
20180823357 3 2 6 1 7 5 4 10 8 9 
20180823358 10 9 6 2 3 4 7 8 1 5 
20180823359 9 5 2 4 8 1 7 10 6 3 
20180823360 2 1 3 5 9 6 7 4 10 8 
20180823361 4 9 2 3 5 6 8 10 1 7 
20180823362 2 4 5 7 1 8 6 3 10 9 
20180823363 10 2 5 9 3 1 6 4 7 8 
20180823364 9 6 10 8 2 5 3 4 7 1 
20180823365 3 7 1 5 2 6 10 4 8 9 
20180823366 10 2 1 5 4 9 7 3 8 6 
20180823367 7 3 10 2 6 8 1 5 9 4 
20180823368 1 3 2 9 4 10 6 7 8 5 
20180823369 1 5 7 6 8 10 9 4 2 3 
20180823370 2 3 8 5 4 6 1 10 9 7 
20180823371 3 4 8 10 5 6 1 2 7 9 
20180823372 1 7 4 10 2 5 6 3 9 8 
20180823373 6 9 5 10 8 3 2 4 1 7 
20180823374 3 8 9 4 6 1 5 2 10 7 
20180823375 4 2 5 8 6 3 7 10 9 1 
20180823376 10 4 1 9 3 2 5 8 6 7 
20180823377 9 3 10 1 4 7 8 2 5 6 
20180823378 2 5 8 6 3 10 1 9 4 7 
20180823379 2 1 9 7 4 8 10 3 6 5 
20180823380 7 6 4 5 8 9 3 1 2 10 
20180823381 6 2 1 5 3 9 8 7 10 4 
20180823382 8 5 1 9 4 10 3 6 7 2 
20180823383 5 10 3 1 2 8 6 4 7 9 
20180823384 5 10 6 1 3 7 4 9 2 8 
20180823385 7 8 3 5 10 1 9 6 4 2 
20180823386 2 3 8 7 9 4 5 1 10 6 
20180823387 1 7 5 4 9 3 2 6 8 10 
20180823388 1 5 8 10 9 6 4 7 2 3 
20180823389 3 2 4 9 10 6 8 5 7 1 
20180823390 9 6 8 10 2 4 1 3 5 7 
20180823391 9 4 8 6 3 7 2 1 10 5 
20180823392 3 6 5 10 1 2 7 8 9 4 
20180823393 1 9 5 3 10 4 6 8 2 7 
20180823394 9 4 7 3 1 8 5 2 10 6 
20180823395 3 2 4 8 7 6 5 9 10 1 
20180823396 1 7 9 2 8 5 6 10 3 4 
20180823397 8 6 4 10 3 7 2 9 1 5 
20180823398 1 3 6 9 7 5 4 2 10 8 
20180823399 5 4 8 2 10 1 9 6 7 3 
20180823400 7 1 9 2 4 8 10 5 3 6 
20180823401 1 6 5 3 2 8 10 9 7 4 
20180823402 4 10 7 5 6 1 2 8 9 3 
20180823403 6 9 4 5 8 1 2 7 3 10 
20180823404 2 10 6 4 8 3 7 1 5 9 
20180823405 7 3 5 4 1 6 8 10 9 2 
20180823406 7 8 3 4 1 2 10 9 5 6 
20180823407 9 2 5 1 6 8 10 3 7 4 
20180823408 9 5 4 1 10 8 6 7 3 2 
20180823409 2 4 8 3 7 10 1 5 9 6 
20180823410 5 1 3 10 2 9 8 4 6 7 
20180823411 2 8 5 9 10 4 1 7 3 6 
20180823412 1 4 9 10 3 2 8 5 7 6 
20180823413 3 2 4 6 1 10 7 8 9 5 
20180823414 6 8 4 3 9 10 1 7 2 5 
20180823415 3 2 5 9 6 4 1 7 10 8 
20180823416 7 9 8 10 6 5 4 3 1 2 
20180823417 1 4 10 8 2 9 6 5 3 7 
20180823418 6 5 3 9 1 4 7 8 10 2 
20180823419 8 3 10 9 5 1 6 2 4 7 
20180823420 5 6 1 3 4 9 10 7 2 8 
20180823421 4 9 2 1 6 8 3 7 10 5 
20180823422 5 6 8 10 9 1 7 3 2 4 
20180823423 2 10 7 8 3 4 5 1 9 6 
20180823424 8 1 4 7 5 3 6 9 10 2 
20180823425 1 9 2 8 5 4 6 10 3 7 
20180823426 8 7 6 2 10 3 5 9 1 4 
20180823427 9 3 4 5 1 7 6 8 2 10 
20180823428 1 10 6 8 3 9 5 2 7 4 
20180823429 3 8 10 7 1 5 9 6 2 4 
20180823430 7 4 1 9 10 8 2 3 6 5 
20180823431 9 5 1 3 4 6 8 7 2 10 
20180823432 5 9 4 3 8 2 6 7 10 1 
20180823433 7 3 5 6 9 1 2 10 4 8 
20180823434 4 2 5 9 6 10 1 8 3 7 
20180823435 9 5 6 10 1 2 7 3 8 4 
20180823436 9 5 4 3 10 1 7 6 8 2 
20180823437 10 3 8 6 9 4 7 5 1 2 
20180823438 6 8 9 3 7 2 10 4 5 1 
20180823439 8 1 4 9 3 2 5 10 7 6 
20180823440 9 5 4 6 7 2 1 8 3 10 
20180823441 2 7 3 9 4 6 8 5 1 10 
20180823442 4 3 1 9 7 6 5 10 2 8 
20180823443 5 8 4 2 3 9 6 1 7 10 
20180823444 1 9 2 8 10 3 5 4 6 7 
20180823445 9 5 1 6 8 2 4 3 10 7 
20180823446 3 2 9 1 5 8 4 10 6 7 
20180823447 8 9 7 4 5 3 1 6 10 2 
20180823448 7 5 9 10 6 4 2 3 1 8 
20180823449 5 9 1 8 10 7 2 4 6 3 
20180823450 5 1 6 9 8 4 7 10 2 3 
20180823451 3 5 6 8 9 1 2 4 7 10 
20180823452 9 2 5 7 4 6 1 10 8 3 
20180823453 6 5 8 3 2 10 9 7 1 4 
20180823454 3 7 4 8 1 6 2 5 9 10 
20180823455 3 6 9 4 10 2 8 5 7 1 
20180823456 5 4 7 9 3 10 1 8 6 2 
20180823457 7 3 9 6 2 4 8 10 5 1 
20180823458 10 2 9 4 3 7 1 5 6 8 
20180823459 4 7 10 8 2 9 5 6 3 1 
20180823460 4 2 1 9 5 7 8 3 6 10 
20180823461 10 3 2 6 7 1 9 4 5 8 
20180823462 2 3 5 9 1 8 10 4 6 7 
20180823463 2 3 9 6 10 7 4 5 1 8 
20180823464 6 3 4 8 5 10 9 1 7 2 
20180823465 2 8 5 9 4 3 10 6 7 1 
20180823466 6 10 1 7 8 9 3 4 2 5 
20180823467 4 5 8 2 9 10 7 1 6 3 
20180823468 8 3 5 7 10 4 9 6 2 1 
20180823469 2 4 10 6 3 9 8 5 7 1 
20180823470 8 1 5 7 2 6 4 10 3 9 
20180823471 4 9 5 6 10 8 7 3 1 2 
20180823472 4 8 5 2 10 9 6 3 7 1 
20180823473 2 9 3 10 8 1 4 6 5 7 
20180823474 10 9 6 1 8 5 2 7 4 3 
20180823475 6 2 1 10 3 5 4 9 8 7 
20180823476 8 5 4 3 10 7 6 1 2 9 
20180823477 5 2 7 10 9 6 1 4 8 3 
20180823478 10 5 8 1 6 4 9 2 3 7 
20180823479 4 5 2 7 8 10 3 1 9 6 
20180823480 3 5 10 1 9 4 2 6 8 7 
20180823481 4 1 3 10 2 5 7 9 6 8 
20180823482 10 5 2 1 6 8 4 7 9 3 
20180823483 10 2 4 5 9 7 8 6 3 1 
20180823484 5 1 8 9 6 7 4 3 2 10 
20180823485 3 6 9 10 4 5 1 2 8 7 
20180823486 10 5 6 7 3 9 4 2 1 8 
20180823487 8 1 5 2 9 4 6 10 7 3 
20180823488 10 4 1 2 8 7 6 9 3 5 
20180823489 3 10 9 6 4 5 2 8 1 7 
20180823490 3 6 10 1 9 4 5 8 7 2 
20180823491 6 9 10 2 3 4 7 1 8 5 
20180823492 5 2 4 10 7 1 6 9 8 3 
20180823493 5 7 9 2 4 6 3 8 10 1 
20180823494 1 2 4 8 5 9 6 7 3 10 
20180823495 7 1 3 2 8 5 4 10 6 9 
20180823496 9 5 10 4 3 1 6 7 2 8 
20180823497 10 9 2 1 7 4 3 8 6 5 
20180823498 7 4 8 5 9 6 3 2 10 1 
20180823499 10 1 8 7 3 9 2 6 4 5 
20180823500 4 10 8 2 1 6 5 3 9 7 
20180823501 9 1 10 8 2 7 4 6 5 3 
20180823502 3 2 9 8 6 5 4 7 10 1 
20180823503 7 2 5 1 3 9 4 8 10 6 
20180823504 5 1 9 2 10 4 6 7 3 8 
20180823505 5 9 6 3 1 7 2 10 4 8 
20180823506 5 8 9 3 7 6 1 10 4 2 
20180823507 2 9 7 4 3 10 8 6 1 5 
20180823508 8 3 6 5 10 4 1 7 2 9 
20180823509 4 7 3 9 8 2 6 1 5 10 
20180823510 5 8 7 4 3 1 2 10 9 6 
20180823511 1 3 2 6 8 10 7 5 9 4 
20180823512 7 4 2 9 3 10 8 6 5 1 
20180823513 5 3 1 7 10 9 2 8 4 6 
20180823514 9 3 1 2 6 7 5 10 4 8 
20180823515 6 8 7 5 9 1 4 10 2 3 
20180823516 7 1 8 10 4 6 5 3 2 9 
20180823517 9 3 5 8 2 10 6 4 1 7 
20180823518 1 7 4 9 6 5 3 2 8 10 
20180823519 1 9 3 6 2 8 5 7 4 10 
20180823520 7 10 2 6 3 1 5 8 9 4 
20180823521 10 2 8 9 5 6 4 3 7 1 
20180823522 5 6 7 9 10 2 3 4 8 1 
20180823523 8 4 1 2 9 3 10 5 6 7 
20180823524 10 4 3 7 9 6 8 2 1 5 
20180823525 2 8 1 10 7 9 5 6 3 4 
20180823526 10 5 7 1 3 9 2 4 8 6 
20180823527 2 1 4 6 7 3 9 8 5 10 
20180823528 1 7 9 5 10 4 2 8 6 3 
20180823529 7 5 6 8 10 2 9 3 1 4 
20180823530 9 10 1 6 5 7 2 8 4 3 
20180823531 3 9 7 1 4 6 5 10 8 2 
20180823532 9 5 7 8 6 10 1 4 2 3 
20180823533 3 2 10 5 7 4 6 8 1 9 
20180823534 1 10 4 8 6 9 5 3 7 2 
20180823535 7 4 8 9 3 6 10 5 2 1 
20180823536 2 4 7 9 10 5 3 8 6 1 
20180823537 7 10 6 8 4 9 2 3 1 5 
20180823538 9 5 8 4 1 7 2 3 6 10 
20180823539 10 6 7 8 9 2 4 5 3 1 
20180823540 10 7 2 5 6 3 8 9 1 4 
20180823541 2 5 7 3 9 8 1 4 6 10 
20180823542 6 4 5 2 9 3 10 8 1 7 
20180823543 9 7 8 1 10 2 4 5 6 3 
20180823544 4 8 3 5 10 2 7 6 1 9 
20180823545 8 9 2 4 7 1 3 10 6 5 
20180823546 4 10 1 8 5 6 9 7 3 2 
20180823547 7 6 5 1 8 4 2 3 9 10 
20180823548 4 8 6 9 2 1 10 5 7 3 
20180823549 2 3 9 5 1 7 4 8 6 10 
20180823550 1 5 2 3 8 10 6 9 4 7 
20180823551 9 8 1 2 7 5 4 3 10 6 
20180823552 9 6 7 3 4 2 5 10 8 1 
20180823553 7 5 8 10 1 4 9 6 2 3 
20180823554 5 4 10 8 9 6 1 3 7 2 
20180823555 7 1 5 6 4 10 9 3 2 8 
20180823556 1 8 5 4 9 3 2 6 7 10 
20180823557 6 1 2 3 9 5 4 10 7 8 
20180823558 1 9 4 3 2 5 8 6 10 7 
20180823559 6 7 8 5 9 2 4 10 3 1 
20180823560 7 5 4 6 3 10 8 2 1 9 
20180823561 9 1 7 3 5 6 10 4 2 8 
20180823562 5 10 7 3 4 9 8 1 6 2 
20180823563 6 5 2 1 7 3 8 10 9 4 
20180823564 3 1 10 4 7 6 5 8 2 9 
20180823565 7 8 3 2 5 6 4 9 10 1 
20180823566 10 5 6 2 8 1 9 3 7 4 
20180823567 1 7 9 8 2 5 3 4 10 6 
20180823568 5 8 1 10 2 4 7 9 3 6 
20180823569 1 10 8 9 3 2 5 4 6 7 
20180823570 10 5 1 9 3 4 6 8 2 7 
20180823571 3 6 8 7 5 10 4 9 1 2 
20180823572 1 6 7 8 3 2 4 10 5 9 
20180823573 9 4 3 8 7 6 5 2 1 10 
20180823574 1 3 8 10 4 7 6 9 2 5 
20180823575 3 1 10 7 9 2 8 4 5 6 
20180823576 6 7 10 4 8 5 2 1 9 3 
20180823577 2 1 3 10 8 9 4 7 6 5 
20180823578 7 4 8 3 9 6 10 5 2 1 
20180823579 8 10 6 5 3 7 9 1 4 2 
20180823580 10 2 1 6 8 7 5 4 3 9 
20180823581 8 10 7 5 6 3 4 1 2 9 
20180823582 4 6 3 10 7 8 2 1 5 9 
20180823583 5 8 9 4 10 3 6 2 7 1 
20180823584 1 8 7 9 2 5 6 4 3 10 
20180823585 7 3 9 2 1 4 6 8 10 5 
20180823586 3 10 6 2 7 9 4 8 5 1 
20180823587 6 2 10 4 7 1 5 3 9 8 
20180823588 6 5 9 7 2 10 3 4 1 8 
20180823589 1 5 9 2 4 3 7 8 10 6 
20180823590 5 2 8 10 1 9 7 3 4 6 
20180823591 10 4 5 1 7 8 6 2 9 3 
20180823592 7 10 9 8 6 1 4 3 5 2 
20180823593 2 6 3 9 4 10 8 7 1 5 
20180823594 9 1 4 8 10 7 3 5 2 6 
20180823595 6 1 7 9 5 2 8 10 3 4 
20180823596 9 6 4 8 5 7 2 1 3 10 
20180823597 1 8 6 9 5 7 3 10 4 2 
20180823598 2 7 4 3 10 1 5 6 9 8 
20180823599 7 4 8 5 3 6 2 9 10 1 
20180823600 2 1 8 4 5 9 6 10 7 3 
20180823601 7 1 6 2 8 5 4 10 3 9 
20180823602 7 1 9 3 4 5 2 6 8 10 
20180823603 10 2 7 3 8 4 5 9 1 6 
20180823604 6 10 2 1 7 5 9 3 8 4 
20180823605 1 9 2 4 7 10 6 8 3 5 
20180823606 7 2 3 9 4 5 6 10 1 8 
20180823607 7 10 3 1 4 2 8 5 6 9 
20180823608 9 2 4 8 10 1 7 5 6 3 
20180823609 8 2 5 7 1 3 10 9 4 6 
20180823610 3 2 5 8 10 4 9 1 7 6 
20180823611 5 3 4 8 7 10 1 6 2 9 
20180823612 7 2 3 8 1 4 6 9 5 10 
20180823613 1 10 4 3 2 8 5 9 7 6 
20180823614 3 9 5 8 6 7 1 4 10 2 
20180823615 1 7 5 6 3 2 8 4 10 9 
20180823616 1 8 6 9 7 2 5 3 4 10 
20180823617 5 2 8 10 9 3 4 1 7 6 
20180823618 9 7 8 4 5 3 10 2 6 1 
20180823619 6 7 1 10 5 4 2 8 3 9 
20180823620 1 3 9 4 5 8 7 2 10 6 
20180823621 9 5 1 8 2 10 4 7 3 6 
20180823622 8 9 3 4 10 6 5 7 1 2 
20180823623 10 8 6 5 2 3 1 9 7 4 
20180823624 8 3 5 1 10 7 4 9 2 6 
20180823625 10 8 3 9 5 1 6 2 4 7 
20180823626 3 8 5 1 9 6 7 2 10 4 
20180823627 5 4 9 6 1 8 3 10 2 7 
20180823628 2 3 5 9 10 8 1 6 4 7 
20180823629 8 7 4 5 6 2 1 3 9 10 
20180823630 1 10 5 2 9 4 7 8 6 3 
20180823631 2 6 3 8 1 4 9 5 7 10 
20180823632 4 7 10 3 1 5 2 6 9 8 
20180823633 5 6 4 7 10 3 1 2 9 8 
20180823634 10 6 5 4 2 3 8 1 7 9 
20180823635 3 4 2 5 10 9 8 1 6 7 
20180823636 6 8 5 1 7 3 4 9 2 10 
20180823637 10 3 1 9 2 6 4 5 8 7 
20180823638 10 4 2 5 8 3 6 7 1 9 
20180823639 10 9 8 3 2 7 6 4 1 5 
20180823640 1 5 8 7 6 4 10 9 3 2 
20180823641 4 10 1 6 3 2 7 9 5 8 
20180823642 7 2 8 5 10 4 6 1 9 3 
20180823643 2 1 4 10 8 5 7 9 3 6 
20180823644 10 2 9 6 8 4 7 1 5 3 
20180823645 7 1 5 10 8 9 3 2 6 4 
20180823646 8 9 3 4 5 7 2 10 6 1 
20180823647 1 4 6 2 8 7 10 9 5 3 
20180823648 5 10 7 8 3 2 6 9 1 4 
20180823649 6 2 10 9 8 3 7 4 1 5 
20180823650 2 5 9 4 10 7 3 6 1 8 
20180823651 6 3 5 7 8 9 10 4 2 1 
20180823652 1 2 7 3 8 5 10 9 6 4 
20180823653 1 7 9 5 10 2 3 6 4 8 
20180823654 5 1 8 2 10 3 6 9 4 7 
20180823655 7 5 10 2 6 3 8 4 1 9 
20180823656 2 7 1 5 9 4 8 6 3 10 
20180823657 4 7 10 8 1 6 9 3 5 2 
20180823658 3 9 8 4 5 1 10 7 6 2 
20180823659 3 9 6 8 5 10 2 1 4 7 
20180823660 8 9 5 6 10 1 4 3 2 7 
20180823661 5 3 2 4 7 10 6 8 1 9 
20180823662 3 1 6 5 2 10 4 7 8 9 
20180823663 1 7 6 8 9 5 3 10 2 4 
20180823664 3 8 5 6 4 2 10 9 7 1 
20180823665 1 7 10 6 8 9 3 4 5 2 
20180823666 5 7 3 8 9 10 2 1 4 6 
20180823667 7 6 5 2 10 1 4 8 9 3 
20180823668 4 5 10 3 2 8 1 7 9 6 
20180823669 7 6 5 9 3 4 2 1 8 10 
20180823670 2 9 3 1 8 5 4 10 7 6 
20180823671 3 10 2 6 7 9 8 5 1 4 
20180823672 6 5 4 1 10 9 7 3 2 8 
20180823673 6 9 2 8 10 4 5 1 3 7 
20180823674 6 4 1 9 8 7 2 3 10 5 
20180823675 7 2 8 3 9 5 6 4 1 10 
20180823676 1 5 8 2 7 9 10 3 6 4 
20180823677 3 1 5 2 9 8 10 6 4 7 
20180823678 10 1 8 2 9 6 3 4 5 7 
20180823679 5 6 1 2 4 8 3 7 10 9 
20180823680 10 5 8 6 7 1 4 9 3 2 
20180823681 9 6 5 8 7 10 2 4 1 3 
20180823682 1 9 3 7 10 5 6 2 8 4 
20180823683 9 3 8 4 7 5 6 2 10 1 
20180823684 9 1 7 2 3 10 4 8 6 5 
20180823685 2 3 4 1 8 9 10 7 6 5 
20180823686 4 10 2 1 8 3 5 9 6 7 
20180823687 9 10 5 4 7 2 1 3 6 8 
20180823688 2 3 1 9 10 7 6 5 8 4 
20180823689 5 2 8 7 10 6 1 3 9 4 
20180823690 3 9 1 10 6 2 4 8 7 5 
20180823691 3 6 5 1 2 4 8 10 7 9 
20180823692 7 8 9 6 2 10 1 4 3 5 
20180823693 3 1 4 10 5 9 6 7 8 2 
20180823694 8 4 1 5 3 7 2 9 6 10 
20180823695 5 8 1 9 4 3 10 2 7 6 
20180823696 5 10 7 3 1 2 4 8 6 9 
20180823697 1 2 5 6 10 7 4 3 8 9 
20180823698 9 2 3 1 8 4 7 5 6 10 
20180823699 8 7 4 9 6 2 1 10 5 3 
20180823700 7 1 2 3 4 10 8 9 5 6 
20180823701 2 1 10 7 3 4 6 5 8 9 
20180823702 7 3 5 4 6 8 2 1 9 10 
20180823703 3 2 7 6 9 8 10 5 1 4 
20180823704 2 10 7 9 6 3 4 5 1 8 
20180823705 1 2 9 3 6 4 8 5 7 10 
20180823706 1 8 10 9 7 6 3 2 5 4 
20180823707 6 7 3 2 10 5 9 8 4 1 
20180823708 8 2 6 10 4 1 5 7 3 9 
20180823709 10 5 3 4 2 9 1 8 7 6 
20180823710 1 9 2 4 3 10 5 7 6 8 
20180823711 4 1 3 5 6 8 7 9 2 10 
20180823712 2 6 9 7 10 5 4 3 8 1 
20180823713 8 6 3 2 10 9 4 1 7 5 
20180823714 1 6 3 10 2 8 7 9 5 4 
20180823715 3 2 9 6 7 4 5 8 1 10 
20180823716 3 10 5 9 7 2 4 6 8 1 
20180823717 4 1 6 8 10 7 9 3 5 2 
20180823718 3 10 5 4 1 2 6 8 7 9 
20180823719 10 6 4 5 8 7 2 9 3 1 
20180823720 4 2 5 6 3 1 8 9 10 7 
20180823721 1 6 10 7 2 3 5 4 9 8 
20180823722 9 6 4 7 3 8 5 10 2 1 
20180823723 8 9 4 1 6 5 10 2 7 3 
20180823724 8 3 6 5 9 7 10 2 4 1 
20180823725 9 6 7 5 1 2 3 10 8 4 
20180823726 9 1 5 10 8 7 2 4 3 6 
20180823727 8 2 10 5 1 3 7 6 4 9 
20180823728 3 6 2 4 5 10 8 9 1 7 
20180823729 3 1 10 2 9 7 6 5 4 8 
20180823730 5 4 6 2 1 8 3 10 7 9 
20180823731 4 2 10 8 6 9 1 5 3 7 
20180823732 8 7 9 10 3 4 6 1 5 2 
20180823733 1 8 4 5 10 2 3 6 9 7 
20180823734 2 8 4 7 9 6 5 1 10 3 
20180823735 7 6 4 3 1 2 10 5 9 8 
20180823736 5 7 6 1 3 10 8 2 4 9 
20180823737 7 2 4 5 6 1 3 8 10 9 
20180823738 4 5 9 10 1 7 6 3 8 2 
20180823739 6 5 4 2 10 9 7 3 1 8 
20180823740 3 9 4 8 2 1 6 7 10 5 
20180823741 5 2 6 10 1 8 4 7 9 3 
20180823742 3 6 5 10 4 9 7 2 1 8 
20180823743 1 6 7 8 2 9 10 3 5 4 
20180823744 3 4 10 9 7 6 5 2 1 8 
20180823745 6 1 7 9 10 4 3 8 2 5 
20180823746 10 9 7 1 5 3 6 4 2 8 
20180823747 1 3 6 5 8 2 9 7 10 4 
20180823748 6 3 7 4 2 8 1 10 9 5 
20180823749 7 4 5 8 1 3 2 9 10 6 
20180823750 6 3 10 2 7 1 4 9 8 5 
20180823751 10 8 2 1 9 7 6 3 4 5 
20180823752 9 10 2 3 6 7 4 8 5 1 
20180823753 8 5 9 6 10 3 4 1 7 2 
20180823754 10 5 4 6 1 8 9 2 7 3 
20180823755 4 2 10 3 5 7 9 6 1 8 
20180823756 4 10 1 8 7 9 2 5 6 3 
20180823757 3 10 6 5 9 8 1 7 4 2 
20180823758 9 4 8 10 5 6 7 3 1 2 
20180823759 5 1 7 4 9 2 6 3 10 8 
20180823760 2 10 1 8 3 9 5 6 4 7 
20180823761 10 1 3 9 2 5 7 4 6 8 
20180823762 8 7 4 3 9 10 6 1 2 5 
20180823763 4 10 9 5 2 7 8 1 3 6 
20180823764 5 7 6 4 8 10 2 3 1 9 
20180823765 5 10 4 7 2 1 9 6 3 8 
20180823766 9 3 8 2 6 5 4 7 10 1 
20180823767 7 2 10 8 4 1 6 9 3 5 
20180823768 10 6 4 8 3 9 7 1 2 5 
20180823769 6 9 3 4 7 8 2 1 10 5 
20180823770 6 7 2 4 9 1 5 3 10 8 
20180823771 10 1 7 8 5 6 4 9 2 3 
20180823772 2 6 4 8 7 9 10 1 5 3 
20180823773 5 6 8 9 3 7 2 1 10 4 
20180823774 1 2 3 4 8 7 9 6 5 10 
20180823775 5 3 6 1 2 8 9 4 7 10 
20180823776 8 4 7 2 1 10 9 6 3 5 
20180823777 7 8 5 1 6 3 4 10 2 9 
20180823778 6 9 5 4 10 1 3 2 8 7 
20180823779 1 6 5 10 4 7 8 3 2 9 
20180823780 6 5 3 4 9 2 7 10 8 1 
20180823781 4 2 7 6 10 5 1 8 9 3 
20180823782 5 8 7 10 3 6 9 2 4 1 
20180823783 1 3 5 7 2 4 6 9 10 8 
20180823784 4 9 5 7 10 1 2 6 8 3 
20180823785 1 5 4 7 3 6 9 2 10 8 
20180823786 9 6 10 7 3 5 8 1 2 4 
20180823787 3 10 5 8 6 2 1 7 9 4 
20180823788 3 7 1 4 8 9 6 2 10 5 
20180823789 9 8 5 4 6 2 1 10 3 7 
20180823790 3 9 2 1 10 8 6 5 4 7 
20180823791 5 9 4 10 7 1 2 8 6 3 
20180823792 4 10 5 3 9 6 1 7 2 8 
20180823793 4 7 10 3 5 9 1 8 2 6 
20180823794 1 2 8 3 10 9 7 6 5 4 
20180823795 4 6 7 10 9 3 2 5 1 8 
20180823796 4 6 1 8 3 5 7 9 2 10 
20180823797 7 9 10 8 6 3 2 5 4 1 
20180823798 6 1 8 9 4 5 3 2 10 7 
20180823799 5 4 1 9 3 2 10 7 6 8 
20180823800 3 1 4 10 8 2 9 7 5 6 
20180823801 1 6 9 8 3 10 2 7 4 5 
20180823802 9 1 8 2 5 7 6 4 3 10 
20180823803 5 1 7 8 3 6 10 4 9 2 
20180823804 4 8 1 9 2 3 5 10 7 6 
20180823805 7 4 6 8 10 3 2 1 5 9 
20180823806 4 10 1 3 7 8 2 5 9 6 
20180823807 1 5 9 6 4 8 3 2 10 7 
20180823808 2 7 5 9 6 4 8 3 10 1 
20180823809 4 5 10 1 2 6 9 7 3 8 
20180823810 4 1 7 6 9 5 8 2 10 3 
20180823811 1 8 10 6 7 3 9 2 4 5 
20180823812 3 6 2 8 10 9 5 4 7 1 
20180823813 1 2 5 9 4 7 3 10 6 8 
20180823814 10 4 9 6 3 5 7 8 1 2 
20180823815 1 5 8 3 10 2 9 7 6 4 
20180823816 10 6 9 4 3 5 2 8 1 7 
20180823817 9 8 5 3 7 4 1 6 2 10 
20180823818 6 7 9 1 8 3 10 5 2 4 
20180823819 5 9 2 4 7 1 3 10 6 8 
20180823820 4 6 7 5 9 1 3 2 8 10 
20180823821 3 5 10 6 7 4 8 2 9 1 
20180823822 5 2 9 10 1 6 8 3 4 7 
20180823823 4 10 3 6 8 9 1 7 5 2 
20180823824 2 3 8 1 4 9 5 6 10 7 
20180823825 8 1 3 5 7 6 10 4 2 9 
20180823826 10 4 2 1 5 7 8 3 6 9 
20180823827 5 4 10 2 9 3 1 8 6 7 
20180823828 4 10 6 3 1 7 2 5 8 9 
20180823829 1 6 2 9 8 5 10 7 4 3 
20180823830 9 10 1 4 2 3 7 8 5 6 
20180823831 9 4 5 1 7 8 3 2 10 6 
20180823832 4 8 10 7 5 1 2 3 6 9 
20180823833 3 1 6 8 7 9 5 10 4 2 
20180823834 10 2 9 7 1 8 6 5 3 4 
20180823835 6 5 2 1 3 4 7 10 9 8 
20180823836 1 2 8 10 7 4 5 6 9 3 
20180823837 1 7 5 2 10 9 3 6 4 8 
20180823838 9 4 6 7 8 10 5 1 2 3 
20180823839 9 6 3 8 7 5 4 2 10 1 
20180823840 2 4 8 1 3 5 9 7 6 10 
20180823841 1 6 9 3 7 10 4 5 2 8 
20180823842 8 9 6 7 3 5 1 2 4 10 
20180823843 7 6 9 2 4 10 3 1 5 8 
20180823844 3 8 5 4 10 6 2 9 1 7 
20180823845 1 9 10 2 3 7 4 6 5 8 
20180823846 3 2 10 5 8 9 6 4 7 1 
20180823847 10 6 4 3 1 2 7 5 9 8 
20180823848 3 7 4 8 5 6 1 10 9 2 
20180823849 4 6 8 2 5 10 3 7 9 1 
20180823850 10 8 2 1 9 7 6 5 3 4 
20180823851 5 10 6 8 2 4 1 9 7 3 
20180823852 4 9 8 5 1 10 3 7 2 6 
20180823853 3 8 9 10 1 5 4 6 7 2 
20180823854 3 2 10 1 5 4 6 8 9 7 
20180823855 1 10 4 2 3 7 6 9 8 5 
20180823856 1 3 2 9 6 10 8 7 4 5 
20180823857 7 5 2 3 9 1 4 10 6 8 
20180823858 10 1 3 5 2 6 9 7 4 8 
20180823859 3 1 9 2 7 4 8 10 6 5 
20180823860 1 4 7 5 6 10 3 9 2 8 
20180823861 10 7 6 9 1 3 4 8 5 2 
20180823862 8 5 7 1 10 2 9 3 4 6 
20180823863 1 2 5 10 9 3 8 4 7 6 
20180823864 10 4 2 5 7 3 1 8 9 6 
20180823865 4 1 7 10 3 6 9 2 8 5 
20180823866 1 10 2 6 5 7 4 8 3 9 
20180823867 2 1 4 3 6 5 10 7 8 9 
20180823868 3 7 4 2 6 10 1 9 8 5 
20180823869 5 9 10 6 8 4 2 7 3 1 
20180823870 9 4 2 3 1 10 8 7 5 6 
20180823871 9 1 6 4 3 5 8 2 10 7 
20180823872 10 9 5 7 1 4 8 3 6 2 
20180823873 3 10 7 6 9 5 4 8 1 2 
20180823874 6 2 5 8 9 1 4 10 3 7 
20180823875 10 6 2 7 4 5 8 3 1 9 
20180823876 9 10 6 2 1 4 7 8 3 5 
20180823877 10 5 7 8 4 3 6 2 1 9 
20180823878 1 6 10 3 8 2 9 5 4 7 
20180823879 7 5 4 6 2 9 10 3 8 1 
20180823880 4 3 6 10 8 7 5 1 2 9 
20180823881 4 6 2 9 7 3 5 8 1 10 
20180823882 6 4 2 5 10 9 8 1 3 7 
20180823883 10 5 6 2 1 3 7 9 8 4 
20180823884 5 2 3 1 4 9 7 8 6 10 
20180823885 4 3 6 2 9 5 8 10 1 7 
20180823886 1 3 2 4 7 10 6 9 8 5 
20180823887 4 2 1 6 10 5 9 8 3 7 
20180823888 3 5 10 4 7 8 2 1 9 6 
20180823889 10 9 8 5 3 2 7 4 1 6 
20180823890 6 4 9 1 7 10 5 8 3 2 
20180823891 8 5 4 9 10 6 3 1 2 7 
20180823892 9 2 10 7 8 5 3 1 4 6 
20180823893 3 2 8 7 9 5 6 4 10 1 
20180823894 10 2 9 7 6 1 3 4 5 8 
20180823895 4 8 3 6 5 7 1 10 2 9 
20180823896 9 3 6 7 10 1 8 5 4 2 
20180823897 2 7 5 9 3 10 6 8 4 1 
20180823898 2 8 10 9 5 4 6 1 3 7 
20180823899 8 2 3 1 6 4 5 9 10 7 
20180823900 5 1 3 8 6 7 4 2 10 9 
20180823901 4 2 10 7 9 3 1 8 6 5 
20180823902 5 1 10 2 8 9 6 3 4 7 
20180823903 9 4 5 7 3 1 8 6 10 2 
20180823904 5 4 10 6 3 2 1 8 9 7 
20180823905 8 1 5 10 4 7 2 9 3 6 
20180823906 5 6 4 7 8 9 2 1 3 10 
20180823907 5 10 3 7 9 4 6 8 1 2 
20180823908 5 4 7 1 9 2 8 10 3 6 
20180823909 2 8 7 3 10 5 4 6 1 9 
20180823910 9 3 4 6 10 5 8 2 1 7 
20180823911 5 9 7 8 6 3 10 2 4 1 
20180823912 10 8 3 6 4 9 1 5 2 7 
20180823913 7 4 2 8 9 1 5 10 6 3 
20180823914 8 2 6 10 9 4 5 1 7 3 
20180823915 1 3 6 4 7 9 5 2 8 10 
20180823916 1 3 8 7 10 6 5 9 4 2 
20180823917 3 2 5 7 8 6 10 9 4 1 
20180823918 7 4 3 9 6 1 10 5 8 2 
20180823919 6 4 10 9 7 8 3 1 2 5 
20180823920 7 1 6 2 3 9 5 8 4 10 
20180823921 8 10 9 2 7 5 4 3 1 6 
20180823922 8 5 3 4 6 1 10 9 2 7 
20180823923 4 10 2 1 6 9 7 5 8 3 
20180823924 3 10 8 4 6 2 7 1 5 9 
20180823925 5 10 6 2 4 8 3 7 1 9 
20180823926 6 3 4 9 2 8 1 7 5 10 
20180823927 2 9 4 7 5 3 6 10 1 8 
20180823928 4 7 8 5 10 9 3 6 2 1 
20180823929 5 10 6 2 4 9 1 8 7 3 
20180823930 6 7 3 2 5 10 1 9 4 8 
20180823931 7 9 1 8 6 5 4 2 3 10 
20180823932 3 5 7 9 1 10 2 4 8 6 
20180823933 2 3 1 4 8 7 5 6 9 10 
20180823934 10 2 8 3 9 4 5 7 6 1 
20180823935 4 1 6 5 9 10 3 8 2 7 
20180823936 2 7 4 8 5 6 3 10 1 9 
20180823937 8 7 3 5 4 10 1 9 2 6 
20180823938 2 4 6 5 10 3 7 9 1 8 
20180823939 7 9 10 2 4 1 8 6 3 5 
20180823940 5 10 8 9 7 4 3 6 2 1 
20180823941 6 3 1 5 4 8 9 7 10 2 
20180823942 10 2 5 7 3 6 4 9 1 8 
20180823943 10 8 7 2 5 9 1 4 3 6 
20180823944 7 1 4 9 3 5 8 6 2 10 
20180823945 6 9 8 5 10 7 1 3 4 2 
20180823946 3 4 2 10 7 8 9 1 5 6 
20180823947 1 5 8 9 10 2 3 7 6 4 
20180823948 2 10 7 8 3 4 5 9 6 1 
20180823949 10 7 1 3 9 6 8 2 4 5 
20180823950 4 6 8 1 10 3 7 2 9 5 
20180823951 10 6 7 1 9 2 3 4 5 8 
20180823952 7 9 3 10 6 8 2 1 4 5 
20180823953 8 10 3 4 5 9 7 6 1 2 
20180823954 7 8 6 10 1 3 9 5 2 4 
20180823955 7 10 8 1 2 3 4 5 6 9 
20180823956 6 7 3 10 5 1 2 4 8 9 
20180823957 9 4 7 1 5 3 10 6 2 8 
20180823958 9 10 6 2 4 3 1 7 8 5 
20180823959 9 10 2 4 3 6 5 7 1 8 
20180823960 5 7 8 1 3 4 6 9 10 2 
20180823961 2 4 3 6 1 5 10 9 7 8 
20180823962 2 6 8 9 5 10 4 7 3 1 
20180823963 3 6 2 1 8 10 9 5 4 7 
20180823964 4 10 5 6 3 1 9 2 8 7 
20180823965 1 7 2 6 5 8 4 10 3 9 
20180823966 4 1 7 9 6 5 3 8 10 2 
20180823967 9 7 8 2 10 3 5 4 6 1 
20180823968 1 6 8 5 2 4 3 10 9 7 
20180823969 8 9 1 6 10 4 2 5 7 3 
20180823970 5 8 6 7 3 10 2 4 9 1 
20180823971 8 6 7 2 4 9 1 5 10 3 
20180823972 7 5 3 2 10 6 9 4 8 1 
20180823973 9 2 4 1 7 3 8 10 5 6 
20180823974 8 7 10 2 1 6 5 9 3 4 
20180823975 8 4 10 3 6 7 2 5 9 1 
20180823976 4 1 8 9 5 6 10 7 3 2 
20180823977 9 2 1 3 6 7 5 8 4 10 
20180823978 6 7 3 8 10 1 5 4 2 9 
20180823979 5 6 3 8 2 4 7 10 1 9 
20180823980 6 9 7 10 2 1 8 3 5 4 
20180823981 10 1 8 3 7 4 2 5 9 6 
20180823982 9 2 5 1 4 6 7 8 10 3 
20180823983 7 3 5 8 6 1 2 10 4 9 
20180823984 1 10 5 9 3 6 2 7 8 4 
20180823985 10 5 7 3 9 2 8 6 1 4 
