20180831002 6 10 7 2 9 5 8 1 4 3 
20180831003 3 6 7 5 9 2 4 1 8 10 
20180831004 8 4 9 10 7 3 1 5 6 2 
20180831005 10 5 8 4 3 2 9 1 7 6 
20180831006 7 4 5 3 6 10 2 9 8 1 
20180831007 5 8 3 7 10 6 1 2 4 9 
20180831008 3 7 1 9 5 8 10 6 2 4 
20180831009 1 6 8 4 10 5 7 3 2 9 
20180831010 9 6 1 7 2 10 5 8 3 4 
20180831011 10 6 7 5 3 8 4 1 9 2 
20180831012 10 6 1 7 9 5 2 3 8 4 
20180831013 9 5 8 4 3 6 7 2 1 10 
20180831014 5 3 4 2 9 1 8 6 7 10 
20180831015 4 10 1 7 3 6 9 2 8 5 
20180831016 9 5 7 1 3 6 4 8 2 10 
20180831017 10 3 9 1 5 7 8 4 2 6 
20180831018 10 6 4 1 7 2 9 8 3 5 
20180831019 1 8 5 7 9 10 2 6 3 4 
20180831020 4 2 5 8 7 9 10 6 1 3 
20180831021 4 8 3 2 5 10 7 9 1 6 
20180831022 1 2 10 7 4 8 9 6 3 5 
20180831023 10 2 4 3 1 6 5 7 9 8 
20180831024 7 3 2 9 4 8 1 6 10 5 
20180831025 2 6 4 9 7 3 5 8 1 10 
20180831026 6 9 7 4 2 8 1 3 5 10 
20180831027 3 1 9 8 10 6 7 2 4 5 
20180831028 9 10 6 2 4 1 8 7 5 3 
20180831029 3 6 9 8 4 10 1 7 2 5 
20180831030 2 5 6 7 1 9 8 4 10 3 
20180831031 8 5 6 2 10 7 3 9 1 4 
20180831032 7 9 6 2 8 5 10 4 3 1 
20180831033 9 1 3 10 7 5 8 2 4 6 
20180831034 7 9 2 3 8 1 6 4 5 10 
20180831035 4 1 8 6 7 10 2 5 3 9 
20180831036 3 8 7 4 5 1 6 2 10 9 
20180831037 3 1 6 7 4 5 2 9 10 8 
20180831038 9 6 10 2 1 8 7 4 3 5 
20180831039 10 2 4 8 5 7 6 9 1 3 
20180831040 1 8 7 3 5 4 6 2 10 9 
20180831041 5 2 9 4 1 6 7 10 3 8 
20180831042 10 1 2 5 7 3 4 8 6 9 
20180831043 10 1 3 9 6 4 8 5 2 7 
20180831044 3 7 1 6 8 4 2 10 5 9 
20180831045 1 3 9 4 6 8 10 7 2 5 
20180831046 4 2 3 10 7 6 5 1 9 8 
20180831047 7 9 2 3 1 6 4 5 10 8 
20180831048 3 1 8 9 2 5 6 7 10 4 
20180831049 6 4 10 3 1 2 7 5 8 9 
20180831050 9 2 4 10 7 3 5 8 1 6 
20180831051 5 3 2 10 4 1 6 8 9 7 
20180831052 3 9 7 10 4 8 5 2 6 1 
20180831053 5 3 4 6 9 7 2 1 8 10 
20180831054 9 6 5 7 8 3 10 4 1 2 
20180831055 10 5 4 7 8 2 9 1 6 3 
20180831056 6 2 9 10 3 7 1 5 4 8 
20180831057 9 8 6 10 3 5 2 4 1 7 
20180831058 8 1 3 5 6 7 9 10 4 2 
20180831059 5 2 4 8 7 1 9 6 10 3 
20180831060 1 8 5 3 6 2 7 4 10 9 
20180831061 6 5 9 4 3 8 2 7 10 1 
20180831062 10 9 6 2 8 1 3 4 5 7 
20180831063 5 10 2 6 4 9 3 1 7 8 
20180831064 1 8 3 5 7 10 4 9 6 2 
20180831065 4 1 9 5 2 10 8 3 7 6 
20180831066 4 10 1 2 6 7 3 9 8 5 
20180831067 6 5 3 1 9 2 7 10 4 8 
20180831068 1 6 3 7 4 9 10 8 5 2 
20180831069 5 3 4 9 6 8 10 2 7 1 
20180831070 5 2 10 7 9 4 3 6 8 1 
20180831071 7 2 1 4 10 8 3 5 6 9 
20180831072 7 8 3 5 2 9 6 4 1 10 
20180831073 4 8 5 2 1 9 6 10 7 3 
20180831074 1 2 9 7 4 6 8 5 3 10 
20180831075 3 8 1 6 2 9 4 10 7 5 
20180831076 2 8 3 5 4 1 10 9 7 6 
20180831077 6 3 7 9 1 8 10 2 5 4 
20180831078 4 9 8 7 10 6 5 2 1 3 
20180831079 1 8 9 2 7 6 10 4 5 3 
20180831080 4 3 9 5 2 10 8 7 6 1 
20180831081 8 5 2 7 3 4 6 1 9 10 
20180831082 3 8 9 6 5 4 1 2 7 10 
20180831083 6 4 7 5 1 8 3 10 2 9 
20180831084 9 6 2 7 3 4 10 5 1 8 
20180831085 10 6 7 8 9 4 3 2 5 1 
20180831086 6 3 7 8 10 4 5 1 9 2 
20180831087 5 3 10 4 6 7 9 8 2 1 
20180831088 1 4 3 7 9 5 8 2 6 10 
20180831089 2 10 9 7 4 6 5 8 3 1 
20180831090 2 6 10 4 8 5 1 9 7 3 
20180831091 4 2 3 6 7 10 9 8 5 1 
20180831092 4 1 10 5 8 3 7 6 2 9 
20180831093 4 8 9 3 6 1 7 5 2 10 
20180831094 3 1 4 10 7 5 8 6 9 2 
20180831095 1 6 4 8 3 9 10 7 2 5 
20180831096 9 7 2 4 8 6 5 3 1 10 
20180831097 9 7 4 10 5 3 1 8 6 2 
20180831098 4 3 9 7 6 5 2 8 10 1 
20180831099 1 4 7 8 9 3 2 6 5 10 
20180831100 4 5 3 9 8 7 2 10 6 1 
20180831101 10 5 3 9 1 2 7 4 8 6 
20180831102 5 6 7 10 1 2 4 3 9 8 
20180831103 6 7 8 10 4 3 9 5 1 2 
20180831104 4 9 7 3 8 10 2 6 1 5 
20180831105 9 10 1 8 2 7 4 5 6 3 
20180831106 10 3 7 1 4 2 9 5 6 8 
20180831107 3 5 8 1 7 6 4 9 10 2 
20180831108 1 8 10 7 6 4 3 2 5 9 
20180831109 9 5 4 6 8 10 2 7 1 3 
20180831110 2 5 3 7 10 9 4 1 8 6 
20180831111 9 6 8 3 7 2 1 4 10 5 
20180831112 4 9 7 6 3 2 8 1 10 5 
20180831113 10 3 8 2 6 4 5 7 9 1 
20180831114 9 1 4 3 5 10 7 8 6 2 
20180831115 4 6 5 3 9 7 10 8 2 1 
20180831116 5 6 1 8 7 2 10 4 3 9 
20180831117 5 8 6 1 2 7 4 9 10 3 
20180831118 2 8 10 4 3 5 9 1 7 6 
20180831119 8 2 3 7 4 9 10 1 5 6 
20180831120 6 2 7 9 3 8 5 10 1 4 
20180831121 7 8 9 6 2 5 4 3 1 10 
20180831122 2 6 3 8 10 1 5 4 9 7 
20180831123 7 5 4 2 3 6 1 9 10 8 
20180831124 7 2 5 4 1 10 3 8 9 6 
20180831125 3 8 6 4 2 5 10 7 1 9 
20180831126 7 3 9 1 5 8 2 6 4 10 
20180831127 2 7 8 5 10 9 1 6 4 3 
20180831128 10 3 1 8 5 6 9 4 7 2 
20180831129 5 4 7 10 6 9 2 1 8 3 
20180831130 7 8 4 2 5 10 6 3 9 1 
20180831131 9 1 2 5 6 8 4 3 10 7 
20180831132 5 10 7 4 1 3 6 9 8 2 
20180831133 6 1 7 4 2 3 5 9 10 8 
20180831134 3 6 7 8 1 2 9 10 4 5 
20180831135 7 10 9 6 1 8 4 2 3 5 
20180831136 7 2 3 5 1 8 4 6 10 9 
20180831137 4 6 1 10 2 7 8 9 5 3 
20180831138 5 8 1 4 6 2 3 9 10 7 
20180831139 7 9 3 6 2 5 10 4 8 1 
20180831140 10 4 5 1 9 6 3 7 8 2 
20180831141 9 2 5 7 8 4 6 3 10 1 
20180831142 6 3 5 10 9 1 8 2 7 4 
20180831143 1 5 4 10 3 7 8 9 2 6 
20180831144 7 4 2 6 3 5 10 9 1 8 
20180831145 3 9 4 5 1 7 8 10 2 6 
20180831146 2 6 4 5 7 3 10 9 1 8 
20180831147 2 1 9 3 10 4 7 8 5 6 
20180831148 3 4 6 10 7 5 8 2 1 9 
20180831149 3 5 6 10 4 8 1 2 9 7 
20180831150 6 5 1 9 7 2 10 3 8 4 
20180831151 5 8 7 10 3 2 4 6 9 1 
20180831152 3 10 6 7 9 8 4 5 2 1 
20180831153 3 4 8 5 6 1 7 9 10 2 
20180831154 3 6 2 7 4 10 1 5 9 8 
20180831155 6 9 1 10 2 5 8 4 3 7 
20180831156 3 1 5 7 9 2 4 6 8 10 
20180831157 7 6 4 3 2 8 9 10 5 1 
20180831158 8 7 3 4 9 5 10 2 1 6 
20180831159 7 9 1 6 3 4 2 5 8 10 
20180831160 1 7 3 10 4 2 6 5 8 9 
20180831161 9 8 10 7 4 2 1 6 5 3 
20180831162 3 7 8 4 1 2 10 9 5 6 
20180831163 7 9 3 8 1 2 6 4 10 5 
20180831164 7 8 1 9 6 2 4 5 10 3 
20180831165 7 5 1 2 4 8 6 9 3 10 
20180831166 9 4 2 8 6 5 7 1 10 3 
20180831167 1 3 2 4 6 10 7 8 9 5 
20180831168 7 2 6 4 5 8 1 3 9 10 
20180831169 1 2 6 8 4 5 7 10 3 9 
20180831170 3 4 5 8 2 9 6 1 7 10 
20180831171 5 7 3 6 8 4 1 9 2 10 
20180831172 2 10 1 5 8 7 4 6 3 9 
20180831173 8 1 7 9 5 10 4 6 3 2 
20180831174 1 6 3 7 2 8 9 4 5 10 
20180831175 6 5 9 2 8 1 4 7 10 3 
20180831176 5 7 8 1 2 10 3 4 6 9 
20180831177 1 10 3 7 2 9 8 4 5 6 
20180831178 6 1 2 3 7 5 9 10 4 8 
20180831179 10 3 5 4 6 2 7 8 1 9 
20180831180 1 7 8 2 6 5 10 9 3 4 
20180831181 4 8 7 6 3 9 10 5 1 2 
20180831182 1 6 3 7 2 5 8 4 10 9 
20180831183 10 7 9 1 5 4 2 8 3 6 
20180831184 6 9 4 1 5 8 10 7 3 2 
20180831185 3 2 9 8 7 6 4 5 1 10 
20180831186 9 7 8 10 5 6 3 2 1 4 
20180831187 5 1 8 9 7 4 3 6 2 10 
20180831188 1 6 9 5 10 2 3 4 8 7 
20180831189 2 4 6 5 1 9 8 7 10 3 
20180831190 10 5 6 1 2 9 8 4 3 7 
20180831191 3 9 7 8 5 4 1 10 6 2 
20180831192 4 10 6 5 3 8 9 7 2 1 
20180831193 7 4 3 10 2 5 9 1 6 8 
20180831194 10 7 1 5 4 2 8 6 9 3 
20180831195 1 3 5 6 2 9 7 8 4 10 
20180831196 8 3 6 4 5 2 7 10 1 9 
20180831197 10 2 8 1 6 4 3 7 9 5 
20180831198 9 2 4 7 6 5 1 10 8 3 
20180831199 1 7 3 8 6 2 9 4 5 10 
20180831200 2 8 6 9 5 10 1 7 4 3 
20180831201 1 5 2 7 3 6 8 4 10 9 
20180831202 2 8 6 5 3 7 9 1 10 4 
20180831203 7 9 4 5 1 2 6 10 8 3 
20180831204 10 4 1 6 3 7 5 2 8 9 
20180831205 7 9 5 1 10 3 2 8 4 6 
20180831206 3 10 6 4 7 1 2 8 5 9 
20180831207 6 1 10 5 3 8 9 7 2 4 
20180831208 7 1 10 6 5 3 9 8 2 4 
20180831209 9 5 7 1 4 2 6 10 8 3 
20180831210 5 1 7 4 6 9 3 2 10 8 
20180831211 8 10 7 3 9 6 4 5 1 2 
20180831212 6 10 2 3 9 8 7 5 1 4 
20180831213 1 7 4 6 2 3 10 5 8 9 
20180831214 9 5 8 2 6 7 3 10 1 4 
20180831215 5 4 2 6 3 1 7 10 8 9 
20180831216 10 2 1 3 4 8 5 7 6 9 
20180831217 5 1 7 6 10 8 4 3 2 9 
20180831218 4 10 1 5 7 9 8 3 6 2 
20180831219 5 1 10 7 3 2 8 9 4 6 
20180831220 10 3 7 8 5 6 2 9 1 4 
20180831221 8 5 2 4 1 6 7 9 3 10 
20180831222 5 8 10 6 1 7 4 9 3 2 
20180831223 10 3 8 9 5 4 1 6 2 7 
20180831224 4 10 1 8 5 6 7 9 2 3 
20180831225 7 2 10 4 9 5 1 8 3 6 
20180831226 7 5 9 2 6 1 3 8 10 4 
20180831227 10 9 4 2 3 5 7 8 6 1 
20180831228 9 5 10 1 3 7 4 2 6 8 
20180831229 7 1 5 3 6 4 10 9 8 2 
20180831230 5 9 1 7 2 8 6 3 10 4 
20180831231 9 4 3 2 1 10 8 7 6 5 
20180831232 10 9 1 8 6 7 5 4 2 3 
20180831233 1 9 7 5 8 3 6 10 2 4 
20180831234 10 6 7 5 8 3 4 2 1 9 
20180831235 3 5 10 6 9 4 7 8 2 1 
20180831236 7 10 5 9 2 8 3 1 6 4 
20180831237 5 1 7 2 3 10 9 8 6 4 
20180831238 2 4 7 9 1 10 6 5 8 3 
20180831239 5 8 4 9 1 10 7 2 3 6 
20180831240 4 8 6 10 3 1 5 7 2 9 
20180831241 9 3 1 8 5 7 10 4 6 2 
20180831242 5 8 3 9 10 7 4 2 6 1 
20180831243 3 7 8 2 1 10 9 4 6 5 
20180831244 4 9 8 1 3 6 7 10 2 5 
20180831245 5 4 7 8 2 1 10 6 3 9 
20180831246 7 10 8 9 5 6 1 3 2 4 
20180831247 9 3 6 8 2 7 4 1 5 10 
20180831248 6 10 9 1 4 5 2 8 3 7 
20180831249 8 10 6 9 3 4 1 2 7 5 
20180831250 4 2 5 1 6 10 3 9 8 7 
20180831251 9 3 10 1 8 5 2 6 4 7 
20180831252 7 5 8 1 6 4 2 9 3 10 
20180831253 10 5 4 8 3 7 9 1 6 2 
20180831254 8 6 4 9 10 1 7 5 3 2 
20180831255 1 6 9 5 3 10 4 2 7 8 
20180831256 1 9 2 8 10 6 7 4 3 5 
20180831257 7 6 10 8 2 5 3 1 4 9 
20180831258 4 8 1 7 10 2 9 5 3 6 
20180831259 10 9 6 3 5 7 8 1 2 4 
20180831260 3 8 6 7 2 9 1 10 5 4 
20180831261 1 6 4 10 8 2 3 5 7 9 
20180831262 10 1 3 2 9 4 6 5 8 7 
20180831263 5 8 2 7 9 6 3 4 1 10 
20180831264 10 5 6 1 8 2 4 9 7 3 
20180831265 6 7 5 8 2 3 1 10 9 4 
20180831266 5 8 7 9 2 1 3 4 6 10 
20180831267 3 2 1 4 7 9 10 8 6 5 
20180831268 2 1 9 10 4 8 7 5 6 3 
20180831269 6 8 10 2 5 9 7 3 1 4 
20180831270 8 5 7 4 6 9 2 1 3 10 
20180831271 1 2 4 9 6 5 7 3 10 8 
20180831272 6 8 2 5 3 1 4 10 9 7 
20180831273 9 6 3 8 7 2 1 10 5 4 
20180831274 7 10 9 3 6 5 4 2 8 1 
20180831275 9 3 10 4 6 8 2 1 5 7 
20180831276 1 10 9 6 7 3 4 2 8 5 
20180831277 8 2 3 10 1 6 9 7 5 4 
20180831278 1 3 7 4 6 8 9 2 10 5 
20180831279 7 3 1 10 9 4 8 5 6 2 
20180831280 1 4 8 9 2 7 6 3 5 10 
20180831281 9 10 6 2 4 7 8 3 1 5 
20180831282 3 6 1 2 8 4 10 5 7 9 
20180831283 7 5 8 3 6 1 10 9 2 4 
20180831284 4 10 5 9 1 7 3 6 8 2 
20180831285 9 3 6 10 8 2 5 4 1 7 
20180831286 3 1 9 2 7 8 10 6 4 5 
20180831287 5 9 7 6 4 8 3 10 1 2 
20180831288 3 6 9 10 8 1 7 5 4 2 
20180831289 6 3 10 2 7 5 4 1 8 9 
20180831290 6 1 7 9 2 3 10 4 5 8 
20180831291 9 3 8 1 4 7 6 5 10 2 
20180831292 7 5 9 8 6 4 1 10 3 2 
20180831293 1 8 4 3 2 9 10 5 7 6 
20180831294 3 9 4 7 10 8 2 1 5 6 
20180831295 6 1 4 7 3 8 5 10 2 9 
20180831296 10 7 9 4 2 5 8 1 3 6 
20180831297 8 10 6 9 3 1 7 2 4 5 
20180831298 9 2 6 1 8 5 4 7 10 3 
20180831299 3 4 6 2 5 9 7 1 8 10 
20180831300 9 3 2 7 10 6 8 1 4 5 
20180831301 1 5 2 8 4 9 7 10 6 3 
20180831302 8 9 6 3 10 1 4 2 5 7 
20180831303 4 10 8 3 1 9 6 7 2 5 
20180831304 5 8 9 2 7 10 1 3 6 4 
20180831305 8 3 1 10 5 4 2 7 6 9 
20180831306 3 4 10 1 2 8 7 9 5 6 
20180831307 6 10 7 8 9 4 5 2 3 1 
20180831308 6 4 5 3 9 8 7 10 2 1 
20180831309 10 4 8 2 9 6 5 1 7 3 
20180831310 7 10 8 1 9 6 2 3 4 5 
20180831311 2 10 8 9 1 4 6 5 7 3 
20180831312 10 3 4 9 1 5 8 6 2 7 
20180831313 7 4 2 5 1 6 10 9 8 3 
20180831314 10 9 2 3 5 1 4 8 6 7 
20180831315 4 8 6 1 3 7 10 9 2 5 
20180831316 4 7 5 1 8 6 9 10 3 2 
20180831317 7 3 4 6 9 10 8 1 5 2 
20180831318 3 4 7 5 9 6 10 2 8 1 
20180831319 1 6 10 3 8 5 4 2 7 9 
20180831320 6 8 10 4 7 9 2 1 3 5 
20180831321 2 3 10 1 8 5 9 7 4 6 
20180831322 1 5 8 4 3 7 9 10 2 6 
20180831323 7 1 8 4 10 5 6 9 2 3 
20180831324 9 2 6 4 5 10 7 1 8 3 
20180831325 3 9 8 5 1 6 10 7 2 4 
20180831326 6 3 1 2 4 5 8 7 9 10 
20180831327 9 7 2 10 1 4 5 3 8 6 
20180831328 9 4 7 8 6 1 10 5 2 3 
20180831329 9 3 10 1 2 8 7 6 4 5 
20180831330 3 7 1 5 10 9 4 2 8 6 
20180831331 8 1 2 6 5 7 3 10 4 9 
20180831332 4 10 2 1 3 9 6 8 7 5 
20180831333 2 3 4 9 5 6 7 10 1 8 
20180831334 5 3 8 7 6 1 9 2 4 10 
20180831335 1 3 2 10 8 5 9 6 4 7 
20180831336 7 5 8 9 2 6 1 3 4 10 
20180831337 7 5 2 4 9 1 10 6 8 3 
20180831338 5 3 9 10 7 4 8 2 6 1 
20180831339 9 8 6 5 7 1 10 4 2 3 
20180831340 9 6 8 4 1 10 2 3 7 5 
20180831341 10 2 1 9 4 3 5 8 6 7 
20180831342 8 2 7 10 5 1 9 3 4 6 
20180831343 10 7 9 1 6 4 8 5 2 3 
20180831344 7 1 5 9 3 6 10 4 8 2 
20180831345 8 7 9 2 1 6 10 3 5 4 
20180831346 9 3 4 10 7 1 8 5 2 6 
20180831347 4 6 7 3 9 5 10 1 2 8 
20180831348 9 3 8 7 10 5 4 1 2 6 
20180831349 8 6 7 3 10 1 2 5 9 4 
20180831350 7 3 5 4 9 1 6 2 10 8 
20180831351 3 6 5 4 1 8 9 7 10 2 
20180831352 4 1 5 7 9 6 2 8 10 3 
20180831353 7 2 6 9 4 10 8 5 3 1 
20180831354 1 9 2 4 7 3 10 6 5 8 
20180831355 9 3 10 2 6 4 7 5 1 8 
20180831356 2 4 8 3 5 6 1 10 7 9 
20180831357 8 4 6 10 7 5 1 9 3 2 
20180831358 10 2 9 4 6 1 7 8 5 3 
20180831359 8 6 9 10 5 4 3 2 1 7 
20180831360 10 2 8 9 1 7 4 5 6 3 
20180831361 8 5 2 4 9 3 7 1 6 10 
20180831362 6 7 4 3 10 9 5 1 2 8 
20180831363 4 8 6 5 2 3 10 9 7 1 
20180831364 9 8 5 7 6 3 1 10 4 2 
20180831365 2 1 7 10 9 5 8 3 6 4 
20180831366 4 1 9 8 2 10 6 5 3 7 
20180831367 10 2 7 4 9 8 1 3 5 6 
20180831368 1 5 6 4 2 7 8 10 3 9 
20180831369 7 3 8 10 4 5 9 2 1 6 
20180831370 8 3 2 1 7 6 10 5 4 9 
20180831371 1 9 6 3 2 5 7 4 10 8 
20180831372 2 5 10 4 9 6 7 8 1 3 
20180831373 5 8 1 3 4 6 7 2 10 9 
20180831374 3 4 5 2 10 7 8 6 1 9 
20180831375 5 7 4 6 10 8 1 2 9 3 
20180831376 2 10 8 1 7 9 4 5 3 6 
20180831377 3 4 2 10 7 9 1 8 6 5 
20180831378 10 6 3 2 9 1 4 7 5 8 
20180831379 1 10 6 3 8 2 9 4 5 7 
20180831380 5 4 2 7 8 1 10 6 3 9 
20180831381 2 4 1 10 3 9 5 8 7 6 
20180831382 5 6 3 2 8 9 1 4 7 10 
20180831383 4 1 7 2 3 9 8 5 10 6 
20180831384 10 8 4 6 3 2 7 5 9 1 
20180831385 7 3 4 8 6 10 5 1 9 2 
20180831386 5 6 4 2 1 3 8 9 7 10 
20180831387 5 2 8 3 10 7 4 9 1 6 
20180831388 5 7 2 6 3 8 9 4 1 10 
20180831389 1 4 5 10 2 6 8 7 3 9 
20180831390 3 7 2 1 9 5 8 10 4 6 
20180831391 2 7 5 3 9 10 4 1 6 8 
20180831392 3 7 8 6 9 2 1 10 5 4 
20180831393 2 3 8 5 6 1 9 4 7 10 
20180831394 6 7 5 1 2 10 4 8 9 3 
20180831395 6 4 8 3 7 1 2 10 9 5 
20180831396 7 9 8 2 6 1 5 4 3 10 
20180831397 10 4 7 1 5 2 9 8 3 6 
20180831398 9 8 1 7 2 5 3 6 10 4 
20180831399 7 9 5 4 1 10 3 8 6 2 
20180831400 5 8 1 6 3 7 2 4 9 10 
20180831401 6 4 8 1 9 5 7 10 3 2 
20180831402 10 5 9 8 7 2 3 4 1 6 
20180831403 7 6 8 2 1 9 5 4 10 3 
20180831404 6 7 5 1 2 4 3 8 10 9 
20180831405 4 3 6 9 10 8 5 1 7 2 
20180831406 6 10 5 7 8 2 9 3 1 4 
20180831407 9 5 8 7 2 10 6 1 4 3 
20180831408 4 7 1 6 10 8 9 2 5 3 
20180831409 1 10 6 7 2 9 8 5 4 3 
20180831410 1 3 2 9 4 10 6 8 7 5 
20180831411 3 8 7 9 5 10 4 6 2 1 
20180831412 4 7 3 9 6 2 8 1 10 5 
20180831413 5 4 3 6 10 7 2 1 8 9 
20180831414 9 8 1 5 6 4 3 2 10 7 
20180831415 9 1 7 5 8 2 3 10 4 6 
20180831416 7 5 2 8 3 6 10 1 9 4 
20180831417 9 7 6 1 8 2 10 5 3 4 
20180831418 6 4 10 1 3 8 7 5 9 2 
20180831419 2 9 4 7 1 6 5 10 8 3 
20180831420 4 10 8 3 9 6 5 2 1 7 
20180831421 4 1 7 6 8 2 5 9 10 3 
20180831422 4 3 10 5 9 7 2 1 8 6 
20180831423 5 10 9 4 6 7 3 2 1 8 
20180831424 8 6 10 2 1 7 4 9 3 5 
20180831425 6 10 4 8 9 5 3 7 2 1 
20180831426 9 5 6 7 1 3 4 8 2 10 
20180831427 5 8 4 3 9 2 7 6 1 10 
20180831428 9 1 3 6 2 4 8 7 10 5 
20180831429 9 10 4 5 2 7 6 1 3 8 
20180831430 5 4 6 7 3 10 8 9 1 2 
20180831431 10 6 9 4 3 5 2 8 1 7 
20180831432 10 6 8 7 3 2 9 4 5 1 
20180831433 8 6 5 7 10 2 1 4 3 9 
20180831434 3 9 7 10 6 4 2 8 1 5 
20180831435 8 4 3 7 6 10 2 1 5 9 
20180831436 3 2 8 1 4 6 10 9 7 5 
20180831437 10 1 8 9 7 6 2 4 5 3 
20180831438 6 10 2 8 3 4 5 1 9 7 
20180831439 6 10 8 4 2 5 3 7 1 9 
20180831440 9 4 1 8 3 5 2 7 10 6 
20180831441 3 4 6 1 2 7 5 10 8 9 
20180831442 1 6 10 9 2 4 5 8 3 7 
20180831443 3 6 5 1 10 7 4 9 8 2 
20180831444 7 4 3 5 2 6 1 8 9 10 
20180831445 7 4 9 10 5 3 1 8 2 6 
20180831446 7 2 5 3 1 6 8 9 10 4 
20180831447 10 5 6 7 9 1 8 3 2 4 
20180831448 5 3 8 7 2 1 4 10 6 9 
20180831449 1 3 9 4 8 10 7 5 2 6 
20180831450 6 10 1 8 3 2 4 7 5 9 
20180831451 5 6 4 1 3 9 10 2 7 8 
20180831452 4 9 3 7 10 6 5 8 1 2 
20180831453 8 10 9 3 1 4 2 5 6 7 
20180831454 4 3 10 1 2 5 7 9 6 8 
20180831455 6 4 8 1 5 7 9 2 10 3 
20180831456 2 5 9 6 7 8 3 10 1 4 
20180831457 8 4 6 1 7 10 9 3 2 5 
20180831458 10 4 8 5 1 2 7 6 9 3 
20180831459 10 9 8 2 4 1 7 6 5 3 
20180831460 5 9 4 7 1 2 10 6 3 8 
20180831461 1 8 2 3 5 7 6 9 10 4 
20180831462 3 1 7 10 5 8 9 2 6 4 
20180831463 10 1 5 2 9 6 7 3 4 8 
20180831464 4 6 9 1 7 3 8 2 10 5 
20180831465 1 4 3 8 5 7 6 2 10 9 
20180831466 1 3 7 10 5 9 4 2 8 6 
20180831467 10 5 3 1 8 7 6 2 4 9 
20180831468 5 3 4 7 8 6 10 9 2 1 
20180831469 2 8 6 4 10 5 7 9 1 3 
20180831470 1 2 5 6 4 9 7 10 3 8 
20180831471 6 4 1 8 9 5 3 10 2 7 
20180831472 2 9 8 5 3 7 10 4 6 1 
20180831473 6 2 1 9 10 5 4 8 3 7 
20180831474 8 7 10 9 6 4 1 2 5 3 
20180831475 7 9 1 5 2 6 10 8 4 3 
20180831476 6 5 9 2 1 8 4 3 7 10 
20180831477 3 10 8 9 6 2 1 5 7 4 
20180831478 2 10 5 6 7 1 4 8 9 3 
20180831479 7 9 6 3 8 5 10 2 1 4 
20180831480 9 3 8 4 10 1 6 5 2 7 
20180831481 7 3 10 8 4 1 6 9 5 2 
20180831482 3 9 10 5 6 7 4 1 2 8 
20180831483 8 6 7 5 1 3 4 9 2 10 
20180831484 6 7 5 10 2 9 1 8 4 3 
20180831485 10 6 8 4 7 9 1 3 5 2 
20180831486 5 1 9 3 7 2 8 4 6 10 
20180831487 5 10 2 7 6 4 9 3 1 8 
20180831488 3 7 9 5 2 6 8 1 10 4 
20180831489 7 9 5 6 4 10 2 8 1 3 
20180831490 5 10 3 8 6 4 9 1 2 7 
20180831491 3 1 5 9 10 8 7 6 4 2 
20180831492 3 4 2 6 5 8 7 1 9 10 
20180831493 9 4 5 10 7 6 8 2 1 3 
20180831494 7 1 5 9 2 3 10 8 4 6 
20180831495 10 9 6 3 1 5 2 4 7 8 
20180831496 2 3 6 4 10 8 5 7 9 1 
20180831497 4 7 8 1 2 6 3 10 5 9 
20180831517 5 7 4 9 10 6 3 8 1 2 
20180831518 9 3 2 5 8 6 7 10 4 1 
20180831519 8 2 3 7 9 1 6 4 5 10 
20180831520 1 8 4 3 5 7 10 2 9 6 
20180831521 7 2 8 10 1 9 3 6 5 4 
20180831522 2 9 4 8 1 6 7 5 10 3 
20180831523 8 4 9 5 10 7 6 3 1 2 
20180831524 4 2 7 8 6 5 1 10 3 9 
20180831525 9 2 4 8 6 7 1 10 5 3 
20180831526 2 8 3 10 7 4 6 1 5 9 
20180831527 6 7 1 5 4 3 10 8 2 9 
20180831528 9 5 4 7 2 1 10 3 8 6 
20180831529 2 10 7 3 4 8 5 9 6 1 
20180831530 9 4 5 3 1 10 8 6 7 2 
20180831531 5 8 4 2 1 3 9 10 7 6 
20180831532 3 2 6 1 4 8 9 10 5 7 
20180831533 10 5 4 2 9 8 7 1 3 6 
20180831534 1 7 8 10 3 9 4 6 2 5 
20180831535 5 7 4 2 3 1 10 9 6 8 
20180831536 10 1 6 2 3 7 5 8 9 4 
20180831537 1 10 4 9 7 5 6 8 3 2 
20180831538 9 7 1 4 2 8 6 10 5 3 
20180831539 9 3 7 10 2 5 8 1 6 4 
20180831540 7 3 6 9 4 2 5 1 10 8 
20180831541 5 3 10 7 6 9 1 4 8 2 
20180831542 8 3 9 1 6 4 7 2 5 10 
20180831543 8 9 7 4 3 5 10 6 1 2 
20180831544 7 10 5 4 3 9 8 2 1 6 
20180831545 1 5 9 2 10 3 7 4 8 6 
20180831546 8 5 7 3 4 1 10 6 9 2 
20180831547 3 10 9 2 4 6 7 1 5 8 
20180831548 3 1 6 8 9 10 4 7 5 2 
20180831549 5 4 1 2 8 9 10 7 6 3 
20180831550 8 5 4 7 9 10 3 6 2 1 
20180831551 1 7 10 5 9 8 4 2 6 3 
20180831552 4 7 1 2 9 6 3 5 10 8 
20180831553 6 4 3 10 7 8 9 5 2 1 
20180831554 9 7 2 3 1 5 10 8 6 4 
20180831555 8 2 1 5 6 7 3 4 9 10 
20180831556 1 4 8 3 6 5 9 2 10 7 
20180831557 7 1 5 2 8 6 4 10 9 3 
20180831558 5 7 9 8 6 1 3 2 10 4 
20180831559 8 9 4 6 1 2 5 10 7 3 
20180831560 1 9 4 10 8 2 6 7 3 5 
20180831561 4 2 3 5 10 1 7 9 6 8 
20180831562 8 9 10 1 2 6 4 3 5 7 
20180831563 10 2 4 3 1 9 6 7 8 5 
20180831564 4 3 2 8 6 10 5 1 9 7 
20180831565 9 7 5 4 1 6 2 8 10 3 
20180831566 2 3 7 5 1 10 9 6 8 4 
20180831567 8 5 6 3 9 10 1 4 7 2 
20180831568 8 3 4 10 1 7 6 5 9 2 
20180831569 1 5 10 4 3 2 6 8 9 7 
20180831570 3 4 1 10 7 6 2 8 5 9 
20180831571 10 1 4 6 3 5 7 2 9 8 
20180831572 8 5 2 4 6 9 7 10 3 1 
20180831573 9 6 2 7 3 8 5 1 10 4 
20180831574 3 2 8 6 7 10 4 5 9 1 
20180831575 8 5 4 1 6 9 7 3 2 10 
20180831576 5 8 3 7 2 6 1 10 4 9 
20180831577 7 10 1 5 2 3 9 6 4 8 
20180831578 3 8 2 9 7 1 5 10 4 6 
20180831579 6 3 1 5 7 2 4 8 9 10 
20180831580 9 3 5 8 2 6 10 4 1 7 
20180831581 8 6 7 10 5 2 1 3 9 4 
20180831582 10 7 5 8 6 4 3 2 1 9 
20180831583 4 7 10 6 9 1 5 2 3 8 
20180831584 3 8 10 2 5 6 1 9 4 7 
20180831585 3 8 4 2 7 1 6 10 5 9 
20180831586 8 10 3 1 7 5 6 2 4 9 
20180831587 3 9 6 10 4 7 8 1 5 2 
20180831588 4 3 1 5 10 8 9 6 7 2 
20180831589 1 5 9 6 7 8 3 10 4 2 
20180831590 7 4 10 8 5 6 9 2 1 3 
20180831591 3 8 7 10 9 6 1 5 4 2 
20180831592 9 4 10 3 5 2 8 6 1 7 
20180831593 2 3 1 10 7 9 5 8 4 6 
20180831594 9 7 6 3 10 1 8 2 4 5 
20180831595 3 5 2 1 6 9 10 4 8 7 
20180831596 3 10 6 9 8 2 1 4 5 7 
20180831597 8 1 6 2 3 7 9 5 4 10 
20180831598 5 9 8 2 10 4 3 7 1 6 
20180831599 2 4 9 7 5 1 8 6 10 3 
20180831600 5 6 8 1 9 2 7 4 10 3 
20180831601 3 6 1 7 2 4 5 9 10 8 
20180831602 4 3 9 5 8 2 10 7 1 6 
20180831603 3 2 1 7 9 8 10 5 6 4 
20180831604 7 9 1 10 3 6 4 5 2 8 
20180831605 3 7 4 5 6 10 1 9 8 2 
20180831606 7 10 9 4 8 6 5 3 2 1 
20180831607 3 6 1 7 9 2 4 8 10 5 
20180831608 10 4 8 6 2 9 1 5 3 7 
20180831609 9 1 8 6 3 2 5 7 10 4 
20180831610 6 2 5 8 10 4 1 3 9 7 
20180831611 8 2 1 3 4 9 10 5 7 6 
20180831612 6 2 1 7 8 3 9 10 5 4 
20180831613 7 8 4 1 9 3 5 6 2 10 
20180831614 9 2 1 8 5 6 7 4 10 3 
20180831615 1 6 3 2 5 8 9 4 7 10 
20180831616 2 4 7 9 3 1 8 10 5 6 
20180831617 9 10 6 4 1 5 2 8 7 3 
20180831618 1 5 10 6 3 7 8 9 4 2 
20180831619 4 3 1 9 2 7 8 6 5 10 
20180831620 9 8 6 3 4 10 5 1 2 7 
20180831621 2 9 3 4 6 7 1 5 10 8 
20180831622 2 7 1 4 9 5 10 8 3 6 
20180831623 4 6 9 1 3 2 8 10 5 7 
20180831624 4 6 2 9 10 8 7 3 1 5 
20180831625 4 9 10 8 2 1 6 7 5 3 
20180831626 6 2 5 10 4 3 7 1 8 9 
20180831627 9 1 8 3 4 6 7 10 5 2 
20180831628 6 3 4 9 5 8 2 10 1 7 
20180831629 3 10 9 2 6 4 8 7 1 5 
20180831630 6 9 2 5 3 1 4 10 7 8 
20180831631 1 3 4 9 6 7 2 5 10 8 
20180831632 6 1 5 7 10 2 8 4 3 9 
20180831633 2 3 1 4 10 8 5 9 7 6 
20180831634 9 5 2 8 1 6 7 4 3 10 
20180831635 7 2 4 6 5 8 9 3 1 10 
20180831636 9 6 3 2 5 8 4 1 10 7 
20180831637 7 4 1 3 6 9 2 8 5 10 
20180831638 1 4 5 10 2 8 9 7 3 6 
20180831639 9 1 4 2 7 10 6 8 3 5 
20180831640 6 1 4 5 8 9 10 3 2 7 
20180831641 6 2 7 1 3 5 4 9 10 8 
20180831642 10 1 2 9 6 5 8 4 3 7 
20180831643 4 9 6 3 1 2 8 7 10 5 
20180831644 3 6 7 2 1 5 8 10 4 9 
20180831645 3 2 1 9 6 4 8 10 5 7 
20180831646 9 5 8 7 10 2 1 4 3 6 
20180831647 6 3 7 9 5 2 4 10 1 8 
20180831648 9 8 5 7 4 1 2 6 10 3 
20180831649 2 3 7 6 8 4 9 10 1 5 
20180831650 8 5 2 10 3 4 1 9 6 7 
20180831651 8 10 1 3 4 2 7 6 5 9 
20180831652 3 5 6 2 8 1 9 10 4 7 
20180831653 10 7 5 3 4 9 6 2 1 8 
20180831654 8 2 3 4 5 6 9 10 7 1 
20180831655 8 2 4 1 5 6 7 3 10 9 
20180831656 4 8 1 5 2 6 9 10 7 3 
20180831657 6 7 10 5 1 9 8 3 4 2 
20180831658 10 6 7 4 9 5 2 1 3 8 
20180831659 1 5 3 10 6 8 7 4 9 2 
20180831660 6 9 3 5 2 4 10 7 8 1 
20180831661 6 2 7 9 8 4 1 10 5 3 
20180831662 1 5 10 9 7 2 4 8 6 3 
20180831663 2 10 8 9 4 6 7 3 1 5 
20180831664 10 8 6 5 2 7 4 1 9 3 
20180831665 5 1 2 8 9 6 10 3 4 7 
20180831666 1 2 4 5 6 7 10 3 9 8 
20180831667 7 1 9 6 2 3 8 4 5 10 
20180831668 9 8 2 4 3 10 7 6 5 1 
20180831669 8 7 9 6 1 10 5 4 2 3 
20180831670 3 2 8 7 6 10 5 9 1 4 
20180831671 7 5 2 6 4 10 9 3 1 8 
20180831672 6 7 5 1 10 8 9 2 4 3 
20180831673 4 2 3 6 10 9 8 7 1 5 
20180831674 6 4 9 1 3 2 10 7 5 8 
20180831675 1 5 4 2 8 6 10 7 3 9 
20180831676 7 4 8 5 10 3 6 1 9 2 
20180831677 1 6 2 9 3 8 7 4 5 10 
20180831678 1 5 9 2 10 4 6 7 8 3 
20180831679 4 6 10 8 5 1 9 2 7 3 
20180831680 3 10 9 4 2 8 6 7 1 5 
20180831681 5 7 1 9 10 3 4 2 8 6 
20180831682 5 2 10 3 1 6 4 8 9 7 
20180831683 1 7 10 8 6 4 2 9 5 3 
20180831684 1 2 8 7 5 4 9 3 10 6 
20180831685 2 5 8 1 4 3 10 7 6 9 
20180831686 4 9 7 6 10 3 2 1 8 5 
20180831687 3 8 5 10 9 1 4 6 7 2 
20180831688 5 9 4 6 2 1 8 3 10 7 
20180831689 4 10 7 2 8 9 6 1 5 3 
20180831690 8 10 5 4 2 6 7 9 1 3 
20180831691 8 1 2 10 7 9 4 3 5 6 
20180831692 3 10 6 9 8 5 4 7 2 1 
20180831693 2 6 4 10 1 3 9 5 8 7 
20180831694 1 4 7 8 9 6 3 10 5 2 
20180831695 10 9 5 1 3 8 7 4 2 6 
20180831696 4 6 8 9 10 5 2 1 3 7 
20180831697 7 10 8 4 5 1 2 6 3 9 
20180831698 1 4 6 9 8 3 5 7 10 2 
20180831699 3 5 2 9 4 8 6 7 1 10 
20180831700 5 1 4 9 2 10 3 8 7 6 
20180831701 1 3 10 2 6 4 8 7 5 9 
20180831702 7 1 4 8 2 5 3 9 6 10 
20180831703 3 2 1 5 10 7 9 8 6 4 
20180831704 8 3 7 9 2 5 1 4 10 6 
20180831705 10 5 2 7 6 3 8 4 9 1 
20180831706 5 7 3 1 2 4 6 9 8 10 
20180831707 10 2 9 4 5 8 6 1 3 7 
20180831708 4 9 10 6 3 2 1 8 7 5 
20180831709 4 9 7 2 1 6 5 8 10 3 
20180831710 2 5 8 3 7 9 10 1 4 6 
20180831711 2 5 3 7 9 1 8 4 6 10 
20180831712 2 3 1 6 4 9 5 7 10 8 
20180831713 6 5 1 7 4 3 9 10 8 2 
20180831714 8 2 5 6 10 3 9 7 1 4 
20180831715 2 9 3 6 10 8 1 7 5 4 
20180831716 8 3 7 6 1 9 4 2 10 5 
20180831717 4 1 8 9 5 2 3 10 6 7 
20180831718 6 1 4 2 10 3 7 9 8 5 
20180831719 10 7 8 4 9 2 5 3 6 1 
20180831720 10 1 5 7 9 3 4 6 2 8 
20180831721 8 3 4 1 2 6 9 10 7 5 
20180831722 10 2 8 5 3 7 9 4 1 6 
20180831723 6 5 9 10 1 4 3 8 2 7 
20180831724 9 2 7 3 4 10 6 5 1 8 
20180831725 6 5 4 9 8 3 7 1 2 10 
20180831726 9 4 1 2 3 10 6 7 5 8 
20180831727 8 7 4 2 10 5 3 1 6 9 
20180831728 1 5 9 10 7 3 8 6 4 2 
20180831729 9 7 2 3 5 6 1 4 8 10 
20180831730 9 7 10 8 2 3 4 6 1 5 
20180831731 8 9 1 4 5 3 6 2 7 10 
20180831732 2 10 3 4 8 9 7 6 1 5 
20180831733 10 5 6 2 4 1 9 7 8 3 
20180831734 3 5 10 6 2 7 1 4 8 9 
20180831735 5 1 6 9 8 3 7 2 4 10 
20180831736 10 2 9 4 5 3 1 8 6 7 
20180831737 8 9 4 5 3 1 2 7 6 10 
20180831738 7 9 5 3 4 6 1 8 2 10 
20180831739 1 9 10 8 7 2 3 6 5 4 
20180831740 10 9 8 4 6 7 3 1 2 5 
20180831741 9 6 1 2 3 7 8 10 4 5 
20180831742 3 6 2 4 7 8 10 9 1 5 
20180831743 7 3 9 8 4 6 1 10 5 2 
20180831744 1 8 6 3 9 7 2 10 4 5 
20180831745 10 9 6 7 8 4 3 5 2 1 
20180831746 1 4 5 3 6 10 9 8 2 7 
20180831747 2 1 10 9 4 6 7 8 3 5 
20180831748 2 8 1 6 5 9 4 7 3 10 
20180831749 1 8 9 5 7 4 6 10 2 3 
20180831750 10 5 9 2 6 4 7 8 1 3 
20180831751 5 1 2 10 8 6 3 4 7 9 
20180831752 1 8 4 7 5 6 10 2 9 3 
20180831753 2 6 3 9 4 8 10 7 5 1 
20180831754 10 7 2 4 6 5 9 3 1 8 
20180831755 8 6 7 2 1 3 9 10 4 5 
20180831756 9 8 5 2 3 4 1 6 10 7 
20180831757 2 10 8 6 9 7 4 3 1 5 
20180831758 3 2 1 9 10 4 7 6 5 8 
20180831759 8 5 3 10 7 2 6 9 4 1 
20180831760 4 6 2 8 7 3 9 10 1 5 
20180831761 10 5 8 4 2 6 1 3 7 9 
20180831762 1 2 10 8 6 5 3 7 4 9 
20180831763 9 3 10 8 4 5 6 1 7 2 
20180831764 10 2 6 4 3 5 1 8 7 9 
20180831765 2 10 1 9 5 6 7 4 8 3 
20180831766 7 8 1 9 3 5 2 6 10 4 
20180831767 5 6 2 3 1 4 7 9 8 10 
20180831768 6 1 10 5 3 2 8 4 9 7 
20180831769 3 4 10 2 1 9 5 7 8 6 
20180831770 10 1 8 2 9 3 5 7 6 4 
20180831771 10 5 2 7 6 1 3 9 8 4 
20180831772 10 3 8 1 5 2 4 9 6 7 
20180831773 8 5 6 1 2 10 4 9 3 7 
20180831774 1 2 8 10 3 7 5 6 4 9 
20180831775 10 8 5 1 4 9 2 6 3 7 
20180831776 5 10 8 9 7 3 2 1 4 6 
20180831777 8 4 9 2 6 10 3 1 7 5 
20180831778 8 10 3 2 9 6 4 1 7 5 
20180831779 7 5 3 6 10 4 1 2 9 8 
20180831780 2 6 10 9 7 5 4 8 3 1 
20180831781 1 6 8 10 4 9 2 7 5 3 
20180831782 7 10 5 8 1 9 3 2 4 6 
20180831783 9 2 4 1 8 6 7 10 3 5 
20180831784 9 5 10 1 4 2 6 8 7 3 
20180831785 8 7 3 6 1 5 9 10 2 4 
20180831786 9 6 4 2 7 3 5 10 8 1 
20180831787 7 8 10 3 2 9 4 5 6 1 
20180831788 2 5 7 1 9 10 3 4 8 6 
20180831789 3 6 10 1 5 2 9 7 4 8 
20180831790 5 2 8 9 4 6 10 3 7 1 
20180831791 2 5 4 6 3 7 9 8 10 1 
20180831792 4 3 5 8 2 6 1 9 10 7 
20180831793 10 7 2 8 5 9 1 6 3 4 
20180831794 4 9 2 7 10 6 3 1 5 8 
20180831795 5 2 7 8 6 10 1 3 4 9 
20180831796 8 1 7 5 3 2 10 4 9 6 
20180831797 9 10 2 3 1 8 4 5 6 7 
20180831798 9 10 1 5 4 3 7 6 8 2 
20180831799 7 4 2 8 5 6 10 9 1 3 
20180831800 8 3 4 6 5 1 2 7 9 10 
20180831801 10 4 3 6 7 5 2 8 9 1 
20180831802 6 7 9 5 4 2 8 3 10 1 
20180831803 9 3 10 4 8 1 7 5 6 2 
20180831804 2 7 4 8 6 10 5 1 3 9 
20180831805 2 4 8 7 10 6 3 1 5 9 
20180831806 6 8 7 10 2 9 1 3 4 5 
20180831807 5 2 8 10 3 7 1 9 4 6 
20180831808 1 5 3 7 6 2 8 9 10 4 
20180831809 10 9 7 5 1 4 8 2 6 3 
20180831810 6 5 3 10 2 1 9 4 7 8 
20180831811 4 7 9 6 1 2 5 10 8 3 
20180831812 7 2 4 8 5 6 9 3 1 10 
20180831813 2 1 9 7 8 3 6 4 5 10 
20180831814 4 1 6 2 5 10 9 3 7 8 
20180831815 6 5 7 10 9 4 1 2 3 8 
20180831816 9 1 3 5 6 7 4 8 2 10 
20180831817 2 8 7 5 6 4 1 9 3 10 
20180831818 1 6 10 2 3 9 7 8 5 4 
20180831819 9 2 10 3 5 4 1 8 7 6 
20180831820 10 7 5 4 9 2 3 8 1 6 
20180831821 2 4 7 3 1 6 5 8 9 10 
20180831822 5 8 4 3 6 2 7 1 9 10 
20180831823 5 2 4 6 7 9 8 10 3 1 
20180831824 3 6 5 8 1 7 9 4 10 2 
20180831825 6 7 10 3 5 8 2 9 1 4 
20180831826 8 4 7 10 5 2 9 3 6 1 
20180831827 1 9 4 8 3 10 2 6 7 5 
20180831828 4 8 7 1 6 9 10 5 3 2 
20180831829 5 7 6 2 1 3 10 9 4 8 
20180831830 1 2 8 7 10 5 3 6 9 4 
20180831831 4 3 10 2 9 8 7 5 1 6 
20180831832 5 3 2 4 1 8 10 9 7 6 
20180831833 7 2 9 1 6 8 5 10 3 4 
20180831834 8 4 9 6 1 10 7 2 5 3 
20180831835 4 2 5 1 3 10 9 8 6 7 
20180831836 2 9 10 7 1 8 6 4 3 5 
20180831837 8 7 6 5 4 10 2 9 3 1 
20180831838 9 1 6 5 4 7 3 10 8 2 
20180831839 8 10 3 5 7 9 6 2 4 1 
20180831840 5 9 7 8 3 4 2 10 1 6 
20180831841 3 8 4 1 6 5 2 7 10 9 
20180831842 1 2 9 4 5 8 7 3 6 10 
20180831843 1 4 7 10 3 8 9 2 5 6 
20180831844 2 8 3 1 10 9 6 7 4 5 
20180831845 2 3 5 4 10 9 7 8 6 1 
20180831846 3 10 9 7 2 8 6 4 1 5 
20180831847 3 7 10 8 9 2 4 1 6 5 
20180831848 1 2 10 5 4 7 6 9 8 3 
20180831849 4 7 10 9 5 1 2 3 8 6 
20180831850 1 4 3 6 2 5 8 9 7 10 
20180831851 6 4 8 10 1 9 2 3 5 7 
20180831852 6 2 3 1 5 7 8 10 4 9 
20180831853 5 8 1 3 6 10 2 9 4 7 
20180831854 4 1 7 3 5 9 8 10 6 2 
20180831855 4 9 2 6 8 5 7 1 10 3 
20180831856 9 4 10 5 6 2 1 8 7 3 
20180831857 5 8 4 2 9 10 1 3 6 7 
20180831858 1 4 6 8 2 9 10 3 5 7 
20180831859 8 9 10 4 5 6 2 3 1 7 
20180831860 7 8 10 6 9 3 1 5 2 4 
20180831861 2 6 4 3 1 7 5 8 9 10 
20180831862 1 2 7 8 10 9 6 4 5 3 
20180831863 8 7 6 5 2 4 1 9 3 10 
20180831864 4 10 9 1 6 7 5 2 8 3 
20180831865 4 2 9 7 5 6 3 10 8 1 
20180831866 4 8 2 6 9 3 5 7 10 1 
20180831867 1 8 10 6 3 7 9 5 2 4 
20180831868 2 9 8 5 4 10 6 1 7 3 
20180831869 10 9 5 6 3 4 2 7 1 8 
20180831870 6 8 10 3 2 5 4 7 9 1 
20180831871 4 9 10 3 1 2 8 5 7 6 
20180831872 1 2 10 4 3 6 9 7 8 5 
20180831873 4 2 1 6 7 9 10 8 5 3 
20180831874 4 2 7 8 5 9 6 10 3 1 
20180831875 8 4 10 9 7 3 1 6 5 2 
20180831876 3 6 5 2 1 10 7 4 8 9 
20180831877 7 9 10 3 2 8 5 4 6 1 
20180831878 1 9 5 10 6 3 7 2 8 4 
20180831879 8 5 3 1 9 7 2 6 4 10 
20180831880 10 4 7 5 3 2 1 6 8 9 
20180831881 8 1 2 6 10 3 4 9 5 7 
20180831882 8 10 6 4 2 7 5 9 3 1 
20180831883 1 2 10 9 5 4 3 8 6 7 
20180831884 8 4 7 2 5 1 9 10 6 3 
20180831885 9 5 3 1 8 7 4 2 10 6 
20180831886 4 5 2 6 10 8 1 3 7 9 
20180831887 3 6 2 7 8 9 5 10 4 1 
20180831888 3 10 6 1 7 4 2 5 8 9 
20180831889 6 1 9 5 2 3 10 4 7 8 
20180831890 5 3 9 4 10 6 2 7 1 8 
20180831891 4 2 10 6 8 3 9 5 7 1 
20180831892 6 5 10 7 9 8 3 1 2 4 
20180831893 10 4 5 9 6 3 8 1 2 7 
20180831894 2 7 5 1 4 9 10 3 6 8 
20180831895 7 6 8 1 5 3 2 10 9 4 
20180831896 9 10 5 2 1 8 6 7 4 3 
20180831897 4 6 8 9 5 3 7 1 2 10 
20180831898 10 8 4 3 5 1 7 2 6 9 
20180831899 10 2 7 8 4 9 6 3 5 1 
20180831900 10 2 7 3 6 1 5 8 9 4 
20180831901 5 6 1 9 3 7 8 10 2 4 
20180831902 7 3 1 2 8 6 9 5 4 10 
20180831903 4 9 6 1 5 8 10 3 7 2 
20180831904 10 3 2 4 9 7 5 1 6 8 
20180831905 6 1 2 9 8 10 5 4 7 3 
20180831906 4 9 3 7 10 5 1 8 2 6 
20180831907 6 5 4 1 8 3 7 10 2 9 
20180831908 8 2 5 3 9 10 4 6 1 7 
20180831909 8 10 4 5 3 2 6 7 1 9 
20180831910 7 1 3 9 4 2 5 8 10 6 
20180831911 10 1 5 8 2 9 7 3 4 6 
20180831912 3 8 9 5 4 1 6 10 7 2 
20180831913 10 3 4 7 6 1 5 9 2 8 
20180831914 9 7 6 10 5 3 1 8 4 2 
20180831915 9 10 6 4 5 1 2 8 7 3 
20180831916 7 9 2 5 1 4 3 6 10 8 
20180831917 10 1 5 6 2 7 8 9 4 3 
20180831918 3 1 8 6 2 10 9 4 7 5 
20180831919 9 10 3 1 8 7 6 4 5 2 
20180831920 2 6 4 1 9 7 10 3 5 8 
20180831921 5 1 7 10 2 8 6 4 9 3 
20180831922 4 7 2 5 9 1 8 10 6 3 
20180831923 10 3 8 9 6 4 2 5 7 1 
20180831924 5 10 6 7 3 9 1 4 8 2 
20180831925 8 3 9 6 5 7 2 4 10 1 
20180831926 3 7 10 6 8 5 9 4 1 2 
20180831927 8 5 9 3 2 1 10 6 4 7 
20180831928 1 2 4 9 6 8 5 3 10 7 
20180831929 4 9 6 5 3 2 10 7 1 8 
20180831930 4 8 9 6 3 7 5 2 1 10 
20180831931 3 1 5 8 10 2 6 4 9 7 
20180831932 5 10 4 2 9 7 6 3 8 1 
20180831933 9 4 3 2 7 10 6 8 5 1 
20180831934 7 3 10 6 5 2 1 4 9 8 
20180831935 5 6 4 8 2 9 3 7 10 1 
20180831936 7 9 10 5 2 1 3 8 6 4 
20180831937 1 4 9 5 7 2 8 6 3 10 
20180831938 4 7 5 3 2 1 10 9 6 8 
20180831939 8 3 2 9 5 1 10 4 7 6 
20180831940 3 9 1 7 10 5 4 6 2 8 
20180831941 2 6 8 5 10 4 1 3 7 9 
20180831942 7 9 10 8 5 6 2 1 4 3 
20180831943 1 7 3 4 10 5 2 8 6 9 
20180831944 7 2 9 3 8 1 5 10 4 6 
20180831945 6 2 9 1 4 3 10 8 5 7 
20180831946 3 9 4 8 1 5 10 6 7 2 
20180831947 3 6 4 10 5 1 9 2 8 7 
20180831948 5 8 9 10 1 7 4 6 2 3 
20180831949 8 2 7 10 6 4 9 1 3 5 
20180831950 6 1 9 7 3 4 5 10 2 8 
20180831951 2 9 1 10 7 4 5 3 6 8 
20180831952 8 7 5 4 3 6 9 2 10 1 
20180831953 1 4 5 9 2 8 3 6 7 10 
20180831954 7 1 2 5 4 6 10 9 3 8 
20180831955 4 8 9 3 6 1 7 10 2 5 
20180831956 5 10 3 9 4 2 8 1 7 6 
20180831957 9 5 10 4 3 8 1 2 6 7 
20180831958 2 6 8 4 3 7 10 1 5 9 
20180831959 8 5 1 4 7 3 10 6 2 9 
20180831960 6 3 10 1 8 4 5 2 7 9 
20180831961 3 8 1 9 4 6 2 10 5 7 
20180831962 7 6 10 3 2 1 4 8 5 9 
20180831963 6 7 3 9 1 10 4 5 2 8 
20180831964 10 4 2 6 3 5 1 8 7 9 
20180831965 6 2 5 3 7 4 1 10 8 9 
20180831966 8 7 4 5 10 6 3 2 9 1 
20180831967 3 10 7 8 2 4 5 9 1 6 
20180831968 2 3 7 8 1 10 9 5 6 4 
20180831969 2 10 5 1 7 4 3 8 6 9 
20180831970 10 4 8 6 7 5 9 1 2 3 
20180831971 10 1 7 5 8 6 2 3 9 4 
20180831972 1 5 9 6 4 7 2 3 10 8 
20180831973 7 6 3 4 1 10 5 9 2 8 
20180831974 7 1 10 5 3 9 4 6 8 2 
20180831975 7 10 5 8 9 2 3 1 6 4 
20180831976 4 3 2 6 5 8 1 7 9 10 
20180831977 7 4 1 3 2 10 6 5 8 9 
20180831978 4 6 3 7 5 10 2 8 9 1 
20180831979 6 10 3 4 5 1 7 9 8 2 
20180831980 6 3 4 2 9 5 8 7 10 1 
20180831981 6 10 2 1 5 9 7 4 8 3 
20180831982 6 9 2 3 7 10 4 1 8 5 
20180831983 9 8 7 2 5 1 4 3 10 6 
20180831984 3 9 5 6 1 4 10 8 7 2 
20180831985 7 3 6 9 2 1 5 8 10 4 
20180901001 8 7 10 9 4 2 3 1 6 5 
