20180807001 1 7 9 6 5 3 4 10 8 2 
20180807002 3 7 5 9 2 10 1 8 6 4 
20180807003 6 8 4 3 9 2 7 5 1 10 
20180807004 8 1 6 7 10 5 4 9 2 3 
20180807005 2 6 7 10 1 3 8 5 4 9 
20180807006 10 8 7 3 2 4 9 5 6 1 
20180807007 5 9 4 7 1 2 6 10 8 3 
20180807008 8 9 3 6 10 2 4 1 7 5 
20180807009 5 10 3 9 2 6 8 7 4 1 
20180807010 10 2 1 6 9 5 4 8 7 3 
20180807011 1 7 6 4 3 2 10 8 9 5 
20180807012 4 6 10 8 5 1 9 7 3 2 
20180807013 7 2 1 3 6 4 8 10 5 9 
20180807014 5 6 2 10 1 9 8 7 3 4 
20180807015 9 5 7 1 2 3 8 10 4 6 
20180807016 5 6 7 2 3 1 9 8 4 10 
20180807017 10 6 3 4 7 2 8 1 5 9 
20180807018 4 3 7 8 5 9 2 10 1 6 
20180807019 9 10 7 5 8 4 1 6 3 2 
20180807020 7 9 8 1 10 3 4 5 6 2 
20180807021 4 3 5 6 10 1 2 8 7 9 
20180807022 1 9 3 6 7 4 2 10 5 8 
20180807023 2 5 10 1 3 7 4 6 8 9 
20180807024 4 5 10 3 7 1 8 9 2 6 
20180807025 6 3 2 5 7 8 9 1 4 10 
20180807026 5 4 9 7 6 8 1 3 2 10 
20180807027 1 8 2 5 9 10 7 4 3 6 
20180807028 9 5 6 4 7 2 10 3 8 1 
20180807029 7 9 8 2 5 10 3 6 4 1 
20180807030 7 2 4 5 10 8 9 3 6 1 
20180807031 10 3 1 2 8 7 5 6 4 9 
20180807032 4 5 7 8 9 10 6 3 1 2 
20180807033 1 5 2 8 3 7 4 6 10 9 
20180807034 2 6 8 1 4 5 3 9 7 10 
20180807035 4 2 3 10 8 1 9 7 5 6 
20180807036 6 7 9 5 10 4 8 1 3 2 
20180807037 10 3 9 4 6 7 5 2 1 8 
20180807038 3 1 7 8 4 9 6 5 10 2 
20180807039 5 8 3 9 10 6 4 2 7 1 
20180807040 7 8 2 1 4 5 3 10 6 9 
20180807041 7 9 8 6 5 4 2 10 1 3 
20180807042 2 7 1 5 9 4 6 3 8 10 
20180807043 10 7 3 2 5 4 8 6 1 9 
20180807044 4 2 7 9 10 6 8 3 1 5 
20180807045 2 10 4 9 7 8 1 5 6 3 
20180807046 8 3 2 9 1 4 6 5 10 7 
20180807047 8 1 3 6 4 9 10 5 7 2 
20180807048 2 1 3 5 9 8 10 4 7 6 
20180807049 3 2 5 9 6 7 1 10 8 4 
20180807050 2 4 5 1 10 3 8 7 6 9 
20180807051 2 4 1 8 3 5 10 7 9 6 
20180807052 1 2 8 4 5 3 7 9 10 6 
20180807053 5 2 3 4 1 6 7 9 8 10 
20180807054 2 4 9 10 6 7 1 8 5 3 
20180807055 10 8 2 9 5 1 6 4 3 7 
20180807056 5 8 9 2 4 1 6 10 3 7 
20180807057 9 3 5 10 7 8 2 1 4 6 
20180807058 10 6 8 4 5 1 7 3 9 2 
20180807059 6 8 7 5 9 10 4 3 1 2 
20180807060 3 1 2 5 7 8 9 10 6 4 
20180807061 5 2 4 7 10 1 3 6 9 8 
20180807062 2 5 3 1 4 6 7 8 9 10 
20180807063 2 3 6 9 5 4 10 1 8 7 
20180807064 1 2 9 3 10 7 6 5 8 4 
20180807065 4 1 5 10 9 8 2 6 3 7 
20180807066 8 5 6 9 4 2 1 7 10 3 
20180807067 10 1 2 9 7 8 3 4 6 5 
20180807068 1 10 5 8 7 4 2 9 6 3 
20180807069 2 4 7 1 10 5 3 9 8 6 
20180807070 4 6 3 1 5 10 2 8 7 9 
20180807071 9 6 8 7 1 3 4 2 10 5 
20180807072 7 10 9 6 5 1 8 4 3 2 
20180807073 9 2 10 5 1 8 7 3 4 6 
20180807074 2 7 5 6 10 4 9 8 1 3 
20180807075 10 1 5 8 9 2 6 7 4 3 
20180807076 7 10 5 6 4 9 8 2 3 1 
20180807077 2 4 8 5 1 7 6 3 9 10 
20180807078 6 3 2 10 1 7 5 8 4 9 
20180807079 7 5 10 6 8 4 2 3 9 1 
20180807080 7 9 2 6 5 10 1 8 3 4 
20180807081 8 3 5 10 7 1 6 4 2 9 
20180807082 7 3 9 1 6 2 10 8 5 4 
20180807083 9 2 5 4 6 10 7 8 1 3 
20180807084 4 10 3 7 6 8 1 5 9 2 
20180807085 4 7 3 10 6 8 1 2 9 5 
20180807086 6 2 1 3 9 5 4 10 7 8 
20180807087 5 2 4 1 6 10 7 9 3 8 
20180807088 8 6 3 5 10 1 2 9 7 4 
20180807089 8 2 4 1 9 7 5 6 3 10 
20180807090 2 1 5 3 8 10 7 9 6 4 
20180807091 10 4 2 1 5 8 7 9 6 3 
20180807092 3 9 10 6 8 4 7 5 1 2 
20180807093 4 1 5 10 6 3 7 9 8 2 
20180807094 9 6 2 7 1 4 3 5 10 8 
20180807095 4 1 2 3 5 6 7 9 8 10 
20180807096 8 2 7 3 1 5 4 9 6 10 
20180807097 7 9 10 8 3 2 5 6 4 1 
20180807098 2 4 5 9 3 1 10 7 6 8 
20180807099 4 1 10 7 3 6 2 8 9 5 
20180807100 2 9 3 8 5 1 4 6 7 10 
20180807101 7 9 6 8 3 5 10 2 1 4 
20180807102 8 5 1 7 9 3 10 2 4 6 
20180807103 5 1 6 2 4 10 9 8 7 3 
20180807104 10 3 7 5 2 6 4 9 1 8 
20180807105 1 5 3 10 8 4 7 6 9 2 
20180807106 10 9 5 3 6 4 1 8 7 2 
20180807107 2 7 8 4 3 6 10 5 1 9 
20180807108 3 10 1 7 8 2 4 9 6 5 
20180807109 4 10 2 8 6 1 7 9 5 3 
20180807110 10 2 6 9 8 1 4 5 7 3 
20180807111 1 10 5 3 2 6 4 7 9 8 
20180807112 7 1 8 9 10 2 3 4 5 6 
20180807113 6 2 7 4 10 5 3 9 1 8 
20180807114 7 6 1 10 4 9 8 3 2 5 
20180807115 3 6 1 4 9 2 10 7 8 5 
20180807116 3 5 4 10 1 7 2 6 9 8 
20180807117 9 2 3 4 7 8 1 10 6 5 
20180807118 9 6 8 1 10 5 3 4 7 2 
20180807119 7 8 3 2 1 6 10 9 4 5 
20180807120 3 10 6 8 2 7 4 5 9 1 
20180807121 3 4 2 7 10 5 8 1 9 6 
20180807122 1 6 8 5 9 10 2 3 4 7 
20180807123 9 8 10 3 7 2 1 5 6 4 
20180807124 10 2 1 7 8 5 9 4 6 3 
20180807125 8 7 4 6 5 1 10 2 3 9 
20180807126 5 10 9 2 4 8 3 6 1 7 
20180807127 4 10 6 9 7 8 3 1 5 2 
20180807128 3 7 4 10 6 8 1 5 2 9 
20180807129 6 9 8 1 2 3 5 4 10 7 
20180807130 3 2 8 9 4 1 5 6 7 10 
20180807131 1 2 6 3 9 7 8 10 5 4 
20180807132 2 3 10 4 8 9 7 1 6 5 
20180807133 8 2 4 7 9 3 1 6 10 5 
20180807134 6 5 10 8 1 2 7 9 3 4 
20180807135 1 8 2 9 5 3 10 4 7 6 
20180807136 1 6 9 3 5 4 10 7 8 2 
20180807137 4 8 2 5 7 6 3 9 1 10 
20180807138 5 4 7 1 3 2 6 9 10 8 
20180807139 3 5 2 6 4 1 10 9 8 7 
20180807140 5 4 7 10 8 1 3 2 9 6 
20180807141 10 6 1 2 9 5 7 8 4 3 
20180807142 2 9 3 6 7 4 5 10 8 1 
20180807143 3 7 8 2 4 10 1 6 5 9 
20180807144 2 6 1 3 7 4 5 8 9 10 
20180807145 7 5 8 10 9 4 1 6 2 3 
20180807146 4 10 3 5 2 9 1 8 6 7 
20180807147 8 10 7 4 3 2 5 6 1 9 
20180807148 8 4 3 6 10 7 2 5 1 9 
20180807149 2 8 6 5 9 3 4 1 7 10 
20180807150 6 3 1 2 9 10 7 5 4 8 
20180807151 7 8 2 4 6 3 10 5 9 1 
20180807152 5 8 7 9 6 4 1 10 2 3 
20180807153 8 2 3 5 4 1 10 9 6 7 
20180807154 10 1 2 9 8 5 4 6 7 3 
20180807155 4 3 8 5 2 10 9 1 6 7 
20180807156 8 2 1 10 5 7 9 6 3 4 
20180807157 5 10 4 1 7 6 9 8 3 2 
20180807158 8 3 4 10 1 6 9 7 2 5 
20180807159 7 9 2 1 8 5 6 4 3 10 
20180807160 7 5 3 4 6 9 1 10 2 8 
20180807161 4 5 6 1 10 8 7 2 3 9 
20180807162 5 8 3 2 4 1 9 10 6 7 
20180807163 4 7 10 6 5 8 3 9 2 1 
20180807164 6 10 5 2 1 8 3 4 9 7 
20180807165 8 3 7 10 1 9 6 2 5 4 
20180807166 6 5 3 8 9 1 7 10 2 4 
20180807167 9 7 1 8 6 3 5 10 4 2 
20180807168 3 8 4 1 10 7 2 9 5 6 
20180807169 6 1 5 4 3 2 9 10 8 7 
20180807170 3 5 1 2 7 4 6 10 8 9 
20180807171 3 8 10 2 5 1 4 9 6 7 
20180807172 9 10 4 3 7 2 8 5 1 6 
20180807173 9 3 10 6 7 4 5 1 8 2 
20180807174 8 2 7 4 3 6 1 10 9 5 
20180807175 7 5 4 2 3 10 8 1 6 9 
20180807176 7 10 9 8 1 2 4 3 6 5 
20180807177 9 8 5 1 6 7 4 3 2 10 
20180807178 10 8 7 4 1 9 2 5 3 6 
20180807179 3 8 5 10 9 7 1 6 2 4 
20180807180 3 10 2 6 9 1 7 4 8 5 
20180807181 2 10 6 9 7 3 1 8 4 5 
20180807182 8 4 10 6 7 3 9 2 5 1 
20180807183 2 4 5 7 6 1 9 3 10 8 
20180807184 6 7 5 9 10 4 3 8 2 1 
20180807185 6 8 2 10 4 9 1 7 5 3 
20180807186 1 6 10 4 2 9 8 3 7 5 
20180807187 3 2 10 4 7 9 1 6 8 5 
20180807188 8 7 4 1 2 5 6 3 9 10 
20180807189 8 3 1 10 6 9 5 7 2 4 
20180807190 2 3 6 4 9 10 8 5 7 1 
20180807191 9 10 2 1 7 3 4 5 6 8 
20180807192 2 6 4 7 3 1 10 9 8 5 
20180807193 3 2 4 9 6 7 1 5 10 8 
20180807194 8 1 2 7 9 4 10 6 3 5 
20180807195 4 5 9 7 1 10 6 3 8 2 
20180807196 5 8 10 3 6 2 4 1 7 9 
20180807197 4 10 9 5 3 6 1 8 2 7 
20180807198 1 6 2 7 9 5 10 3 4 8 
20180807199 7 2 3 6 8 9 1 5 10 4 
20180807200 6 2 5 3 10 7 1 4 8 9 
20180807201 9 4 8 2 1 3 6 5 10 7 
20180807202 6 3 2 4 8 1 7 9 5 10 
20180807203 6 1 3 4 10 9 5 7 2 8 
20180807204 4 3 9 2 7 5 6 1 8 10 
20180807205 2 9 6 1 4 10 8 7 5 3 
20180807206 4 9 10 8 7 3 5 6 2 1 
20180807207 5 9 2 3 8 7 1 6 4 10 
20180807208 9 7 3 8 10 1 6 5 2 4 
20180807209 8 3 5 6 2 7 4 9 10 1 
20180807210 5 6 10 8 2 9 7 4 3 1 
20180807211 6 9 7 10 4 3 5 8 1 2 
20180807212 8 10 3 1 5 7 2 6 4 9 
20180807213 5 6 3 1 9 10 8 4 2 7 
20180807214 4 10 7 8 5 9 3 1 6 2 
20180807215 10 2 3 7 5 4 6 8 9 1 
20180807216 2 1 5 10 4 9 3 7 8 6 
20180807217 8 7 3 9 5 2 1 10 4 6 
20180807218 3 4 8 9 5 1 6 7 2 10 
20180807219 1 3 8 10 6 5 2 9 4 7 
20180807220 8 10 3 5 1 6 4 2 7 9 
20180807221 7 4 5 8 6 9 10 3 2 1 
20180807222 4 6 3 2 10 9 7 5 8 1 
20180807223 4 9 10 6 8 3 7 5 1 2 
20180807224 4 6 3 10 2 9 8 5 7 1 
20180807225 1 5 9 8 10 3 2 7 6 4 
20180807226 7 2 10 8 5 3 1 9 4 6 
20180807227 5 3 8 2 1 9 10 7 4 6 
20180807228 6 5 3 10 9 2 7 4 1 8 
20180807229 7 5 8 3 9 10 1 6 2 4 
20180807230 8 9 3 4 5 7 10 6 1 2 
20180807231 7 6 10 1 3 9 4 2 8 5 
20180807232 9 2 4 1 3 6 7 5 10 8 
20180807233 6 9 5 10 2 7 4 1 8 3 
20180807234 2 6 7 8 4 1 5 3 9 10 
20180807235 1 3 8 2 7 9 10 6 5 4 
20180807236 1 7 6 5 8 9 10 3 2 4 
20180807237 7 8 2 1 3 4 10 6 9 5 
20180807238 9 10 5 7 3 2 1 8 4 6 
20180807239 10 6 4 5 9 7 8 2 3 1 
20180807240 3 10 6 2 9 5 7 8 4 1 
20180807241 5 3 1 6 10 8 2 4 7 9 
20180807242 3 7 4 6 9 2 1 10 5 8 
20180807243 9 3 7 8 4 2 1 5 6 10 
20180807244 4 7 2 5 1 6 9 8 10 3 
20180807245 7 6 9 1 3 10 5 2 8 4 
20180807246 8 10 4 2 5 9 1 3 7 6 
20180807247 1 8 10 9 4 3 6 2 7 5 
20180807248 7 8 2 4 3 9 6 10 1 5 
20180807249 6 1 3 9 4 10 5 2 8 7 
20180807250 5 1 3 9 6 10 8 7 4 2 
20180807251 5 6 7 10 1 9 4 2 8 3 
20180807252 10 6 1 9 8 4 7 3 2 5 
20180807253 4 5 10 1 7 8 3 9 2 6 
20180807254 4 6 7 8 5 9 1 10 3 2 
20180807255 7 5 9 1 6 2 3 4 10 8 
20180807256 1 2 4 3 7 6 10 9 8 5 
20180807257 8 9 5 3 4 7 6 1 2 10 
20180807258 10 2 6 5 3 8 7 1 4 9 
20180807259 7 6 8 1 10 4 9 2 3 5 
20180807260 10 2 1 6 8 4 7 3 5 9 
20180807261 2 6 9 4 7 8 10 1 5 3 
20180807262 10 8 3 2 9 1 5 7 6 4 
20180807263 6 8 10 3 4 9 1 2 7 5 
20180807264 4 7 8 3 10 6 9 1 2 5 
20180807265 2 10 3 5 9 8 7 4 6 1 
20180807266 4 1 7 2 5 10 8 9 6 3 
20180807267 1 6 9 4 3 10 7 5 8 2 
20180807268 2 8 3 10 7 5 9 1 4 6 
20180807269 10 6 4 8 2 5 3 9 1 7 
20180807270 4 1 8 2 9 5 3 10 6 7 
20180807271 10 7 1 3 2 8 6 5 9 4 
20180807272 4 5 7 9 3 2 8 6 10 1 
20180807273 4 7 1 3 2 9 5 6 10 8 
20180807274 8 6 3 2 7 1 10 9 5 4 
20180807275 8 4 1 10 7 9 2 6 5 3 
20180807276 6 8 3 5 2 7 9 4 10 1 
20180807277 10 5 4 3 2 7 6 8 9 1 
20180807278 7 9 6 3 1 2 8 4 5 10 
20180807279 2 5 3 9 8 6 4 10 7 1 
20180807280 8 2 1 7 6 4 9 3 10 5 
20180807281 5 3 6 7 9 2 8 4 1 10 
20180807282 2 1 9 3 10 8 4 7 6 5 
20180807283 6 4 10 3 9 7 5 1 2 8 
20180807284 5 10 3 6 4 7 2 8 9 1 
20180807285 1 9 5 10 4 2 7 3 6 8 
20180807286 10 8 5 2 1 4 9 6 7 3 
20180807287 8 5 9 3 4 1 7 2 10 6 
20180807288 10 9 1 6 2 8 4 3 5 7 
20180807289 7 6 2 1 8 9 3 5 10 4 
20180807290 8 9 2 10 1 5 6 4 7 3 
20180807291 5 8 1 2 7 9 6 10 3 4 
20180807292 9 1 5 2 3 6 7 4 8 10 
20180807293 3 8 4 6 7 2 10 5 1 9 
20180807294 2 7 6 1 8 10 9 5 3 4 
20180807295 10 3 4 9 8 1 6 7 2 5 
20180807296 10 5 9 6 7 4 1 2 8 3 
20180807297 4 7 3 2 9 8 5 1 10 6 
20180807298 4 5 1 2 7 10 6 8 3 9 
20180807299 4 8 5 7 10 1 9 2 3 6 
20180807300 6 8 1 10 4 9 5 2 7 3 
20180807301 4 9 2 5 8 3 6 7 1 10 
20180807302 1 2 7 5 8 10 3 4 9 6 
20180807303 6 4 3 8 5 10 1 7 9 2 
20180807304 9 6 2 5 10 7 4 8 3 1 
20180807305 9 10 8 2 7 3 4 1 6 5 
20180807306 9 7 3 4 8 10 1 6 5 2 
20180807307 9 3 4 10 7 2 5 1 6 8 
20180807308 8 7 2 5 10 4 6 9 1 3 
20180807309 1 5 8 4 2 10 7 9 6 3 
20180807310 4 5 7 6 9 10 2 3 8 1 
20180807311 9 3 1 8 4 6 7 5 2 10 
20180807312 1 7 2 4 10 6 5 3 8 9 
20180807313 10 8 4 3 9 5 1 2 7 6 
20180807314 7 5 4 2 6 3 1 10 8 9 
20180807315 5 6 7 8 10 4 9 3 1 2 
20180807316 4 6 9 2 8 7 3 10 1 5 
20180807317 7 2 4 1 10 5 3 6 8 9 
20180807318 1 6 5 9 3 7 8 4 10 2 
20180807319 8 2 10 3 7 9 5 6 4 1 
20180807320 10 2 8 4 9 3 6 7 1 5 
20180807321 7 2 8 6 5 10 4 9 3 1 
20180807322 4 7 10 8 2 9 5 6 1 3 
20180807323 8 7 4 1 6 2 10 5 9 3 
20180807324 8 2 1 6 10 7 3 5 4 9 
20180807325 1 9 3 8 10 5 6 4 2 7 
20180807326 8 4 5 3 6 9 1 10 7 2 
20180807327 6 2 3 1 8 10 9 4 5 7 
20180807328 8 2 5 4 1 7 6 9 3 10 
20180807329 3 8 6 2 9 10 7 5 1 4 
20180807330 6 7 8 1 4 5 2 9 10 3 
20180807331 1 7 9 2 3 5 10 6 8 4 
20180807332 5 8 6 9 7 1 4 2 3 10 
20180807333 6 3 7 9 1 5 4 2 8 10 
20180807334 3 6 9 1 8 5 7 2 10 4 
20180807335 9 7 8 1 2 10 5 4 6 3 
20180807336 10 3 4 5 1 7 8 2 6 9 
20180807337 7 8 3 1 4 9 5 6 10 2 
20180807338 2 6 4 3 8 5 9 7 10 1 
20180807339 10 7 5 4 1 2 3 8 9 6 
20180807340 5 1 7 8 6 2 10 9 3 4 
20180807341 8 3 5 4 9 2 10 7 1 6 
20180807342 10 2 7 8 6 9 1 5 4 3 
20180807343 10 1 2 9 8 3 7 6 5 4 
20180807344 7 5 3 1 4 10 2 9 8 6 
20180807345 1 5 3 4 7 9 6 10 2 8 
20180807346 4 7 10 2 5 6 1 3 8 9 
20180807347 6 1 7 4 2 8 9 10 5 3 
20180807348 5 1 6 3 4 8 9 10 2 7 
20180807349 4 10 6 8 3 9 1 2 5 7 
20180807350 7 5 4 3 9 6 2 10 1 8 
20180807351 6 3 1 9 5 2 7 8 4 10 
20180807352 1 7 6 5 4 10 9 8 2 3 
20180807353 5 4 2 7 1 3 6 8 10 9 
20180807354 9 1 10 4 6 2 8 5 7 3 
20180807355 9 4 8 5 3 7 10 1 2 6 
20180807356 4 8 6 3 2 9 7 10 1 5 
20180807357 2 4 8 10 7 1 5 9 6 3 
20180807358 3 8 1 9 4 10 5 2 7 6 
20180807359 6 10 2 9 1 5 7 3 4 8 
20180807360 2 4 5 8 9 3 6 7 1 10 
20180807361 5 6 1 7 10 9 4 8 2 3 
20180807362 3 8 4 9 1 10 2 7 5 6 
20180807363 6 7 1 9 4 2 8 10 5 3 
20180807364 10 8 4 5 7 2 1 9 3 6 
20180807365 9 1 8 6 10 7 4 2 3 5 
20180807366 9 5 1 3 2 6 7 8 10 4 
20180807367 5 10 4 1 2 3 6 9 8 7 
20180807368 10 3 1 2 7 6 8 4 5 9 
20180807369 5 7 10 6 2 1 4 9 8 3 
20180807370 3 2 5 8 4 9 6 1 7 10 
20180807371 3 2 10 5 7 8 6 4 1 9 
20180807372 3 8 5 2 10 6 1 4 9 7 
20180807373 10 2 5 6 9 3 1 4 8 7 
20180807374 2 3 1 6 7 9 4 8 10 5 
20180807375 6 5 3 9 8 4 1 10 7 2 
20180807376 7 5 4 2 8 3 6 10 9 1 
20180807377 2 4 5 6 10 9 1 3 8 7 
20180807378 1 4 8 10 7 2 9 3 5 6 
20180807379 2 10 7 6 9 4 8 1 5 3 
20180807380 5 6 8 3 1 7 4 2 9 10 
20180807381 8 5 4 2 7 6 1 3 10 9 
20180807382 1 9 4 2 10 7 5 6 3 8 
20180807383 4 5 6 10 1 2 9 8 7 3 
20180807384 4 2 7 3 10 8 6 5 9 1 
20180807385 1 3 9 7 6 2 10 4 8 5 
20180807386 8 5 4 1 7 3 2 6 10 9 
20180807387 5 6 10 1 4 3 7 2 8 9 
20180807388 3 7 9 1 8 5 10 2 6 4 
20180807389 10 2 5 7 9 1 4 3 8 6 
20180807390 8 3 1 6 10 9 5 2 4 7 
20180807391 3 9 1 4 6 7 2 10 8 5 
20180807392 3 2 9 7 8 1 5 6 10 4 
20180807393 6 4 5 9 1 3 2 7 10 8 
20180807394 6 2 9 8 10 3 1 5 4 7 
20180807395 3 8 1 7 2 4 10 5 9 6 
20180807396 8 6 7 5 9 4 10 1 3 2 
20180807397 9 5 1 10 4 2 6 3 7 8 
20180807398 1 4 3 9 7 8 5 2 10 6 
20180807399 7 2 3 9 10 5 8 4 1 6 
20180807400 10 5 6 7 4 2 1 8 3 9 
20180807401 8 4 1 7 2 10 5 3 9 6 
20180807402 2 7 10 5 9 4 6 1 8 3 
20180807403 6 5 1 10 9 8 4 2 3 7 
20180807404 5 3 2 8 9 6 1 7 4 10 
20180807405 6 1 3 10 7 9 4 2 8 5 
20180807406 6 7 2 8 1 4 3 9 10 5 
20180807407 1 10 9 7 2 8 5 3 4 6 
20180807408 5 6 9 8 10 2 4 1 7 3 
20180807409 4 3 6 1 9 5 10 8 2 7 
20180807410 10 4 5 2 3 9 7 8 1 6 
20180807411 6 1 10 7 8 4 3 5 2 9 
20180807412 7 4 8 6 1 10 2 5 9 3 
20180807413 7 10 8 9 2 1 4 3 6 5 
20180807414 6 3 1 7 5 4 2 8 9 10 
20180807415 7 1 4 6 8 5 9 3 10 2 
20180807416 2 5 9 7 4 3 6 10 1 8 
20180807417 1 3 5 10 7 2 4 9 6 8 
20180807418 9 2 7 4 8 3 5 10 6 1 
20180807419 6 8 4 7 3 5 9 10 2 1 
20180807420 6 3 4 10 5 9 8 7 2 1 
20180807421 1 4 2 8 10 9 7 6 3 5 
20180807422 2 9 5 3 6 8 4 1 10 7 
20180807423 4 3 10 8 6 9 2 1 7 5 
20180807424 6 10 9 4 1 7 8 5 2 3 
20180807425 9 8 7 5 4 10 1 3 6 2 
20180807426 7 5 9 1 6 2 8 4 10 3 
20180807427 5 7 3 4 1 10 2 8 6 9 
20180807428 6 3 9 10 2 4 8 5 7 1 
20180807429 2 4 5 10 7 9 8 6 1 3 
20180807430 7 6 4 5 1 2 8 3 10 9 
20180807431 8 6 3 9 10 2 4 7 5 1 
20180807432 6 1 4 9 7 3 5 2 10 8 
20180807433 4 10 2 5 7 9 1 6 3 8 
20180807434 4 6 2 5 7 10 1 8 9 3 
20180807435 6 8 2 3 1 7 4 10 9 5 
20180807436 6 10 9 7 3 2 5 8 4 1 
20180807437 1 2 4 5 6 3 10 7 8 9 
20180807438 1 5 4 2 6 9 10 8 7 3 
20180807439 6 2 4 1 9 8 10 7 3 5 
20180807440 2 3 1 9 7 6 5 10 8 4 
20180807441 6 4 8 1 3 2 5 9 7 10 
20180807442 2 5 3 1 10 4 6 7 8 9 
20180807443 7 9 4 10 8 6 1 2 5 3 
20180807444 10 8 7 6 1 9 2 3 5 4 
20180807445 7 8 9 10 4 5 3 1 2 6 
20180807446 9 3 6 1 7 2 8 10 5 4 
20180807447 10 9 8 7 5 2 6 3 4 1 
20180807448 6 10 3 2 8 1 4 5 7 9 
20180807449 6 3 5 2 9 1 10 7 8 4 
20180807450 10 8 9 4 7 5 1 6 2 3 
20180807451 1 8 7 2 10 9 4 6 5 3 
20180807452 1 7 3 4 5 6 10 9 2 8 
20180807453 2 10 5 3 7 6 1 4 8 9 
20180807454 5 4 2 9 6 10 3 7 1 8 
20180807455 4 5 2 1 7 10 6 8 9 3 
20180807456 5 3 1 2 6 9 8 4 10 7 
20180807457 4 3 5 8 2 10 7 9 6 1 
20180807458 10 1 9 4 2 3 7 5 8 6 
20180807459 5 2 10 8 9 4 3 1 6 7 
20180807460 2 4 8 10 7 3 1 5 6 9 
20180807461 8 4 5 6 3 7 9 10 2 1 
20180807462 4 2 7 8 10 5 1 6 9 3 
20180807463 10 4 3 8 9 6 2 1 5 7 
20180807464 2 1 8 4 7 9 3 10 6 5 
20180807465 2 5 10 7 3 6 8 4 1 9 
20180807466 8 6 4 10 3 2 7 9 5 1 
20180807467 9 7 10 4 6 1 3 2 5 8 
20180807468 8 7 3 5 4 1 6 9 10 2 
20180807469 3 4 8 1 5 7 9 6 10 2 
20180807470 10 7 6 3 9 5 4 1 2 8 
20180807471 5 1 4 2 3 10 7 8 9 6 
20180807472 7 2 10 3 9 8 1 6 5 4 
20180807473 7 3 10 5 9 1 8 6 2 4 
20180807474 7 10 1 9 6 3 5 8 2 4 
20180807475 6 2 4 10 5 8 3 7 1 9 
20180807476 1 10 8 2 5 9 4 6 3 7 
20180807477 7 2 10 8 3 1 5 9 6 4 
20180807478 4 5 7 6 9 2 8 10 1 3 
20180807479 2 8 9 4 10 3 1 5 6 7 
20180807480 3 9 7 2 8 5 6 1 10 4 
20180807481 6 8 2 4 5 10 7 9 1 3 
20180807482 8 4 3 6 7 2 1 5 10 9 
20180807483 7 3 8 9 2 4 1 10 6 5 
20180807484 6 4 3 1 2 9 5 7 10 8 
20180807485 6 1 8 5 3 10 4 2 9 7 
20180807486 3 8 5 2 4 9 6 1 7 10 
20180807487 9 5 6 7 3 4 1 10 8 2 
20180807488 5 7 4 6 1 8 2 3 10 9 
20180807489 5 1 8 6 7 3 4 2 9 10 
20180807490 4 2 1 7 3 5 10 9 8 6 
20180807491 3 9 2 8 4 1 6 7 10 5 
20180807492 1 8 4 5 3 10 2 6 9 7 
20180807493 3 8 7 1 9 2 4 10 5 6 
20180807494 8 6 1 5 2 9 3 4 10 7 
20180807495 8 7 6 9 2 10 4 5 1 3 
20180807496 10 3 8 2 1 6 4 5 7 9 
20180807497 1 2 6 4 8 3 7 5 10 9 
20180807498 8 9 4 3 6 5 7 1 10 2 
20180807499 4 3 5 10 8 2 7 9 1 6 
20180807500 10 5 4 7 1 9 2 8 6 3 
20180807501 6 10 4 8 2 3 9 7 5 1 
20180807502 3 1 8 4 6 10 2 5 7 9 
20180807503 4 9 1 2 10 8 3 7 6 5 
20180807504 1 6 7 10 8 3 9 2 4 5 
20180807505 3 7 5 9 10 1 6 2 8 4 
20180807506 8 2 7 6 5 10 9 4 1 3 
20180807507 3 2 5 1 6 10 7 4 8 9 
20180807508 5 8 1 2 4 10 7 9 3 6 
20180807509 8 2 5 10 4 9 3 7 6 1 
20180807510 3 4 1 6 2 5 7 10 8 9 
20180807511 4 10 5 8 2 6 7 1 3 9 
20180807512 6 1 5 2 4 8 9 3 7 10 
20180807513 2 9 4 10 3 6 7 5 8 1 
20180807514 7 3 5 8 4 1 6 10 9 2 
20180807515 3 6 5 4 8 9 1 2 10 7 
20180807516 7 2 8 10 5 6 4 9 3 1 
20180807517 2 10 9 1 3 4 5 6 8 7 
20180807518 1 2 5 3 4 9 7 10 6 8 
20180807519 3 9 6 5 2 4 10 1 7 8 
20180807520 7 6 4 5 10 2 1 9 3 8 
20180807521 4 7 9 3 2 10 8 5 1 6 
20180807522 4 3 10 1 9 7 2 5 6 8 
20180807523 3 2 8 5 1 6 4 9 10 7 
20180807524 6 2 10 8 7 3 5 1 4 9 
20180807525 9 3 4 2 8 10 5 6 7 1 
20180807526 2 5 4 7 6 9 10 8 3 1 
20180807527 8 6 3 10 9 1 2 5 4 7 
20180807528 3 6 4 2 9 1 8 7 5 10 
20180807529 10 9 7 3 2 1 6 4 8 5 
20180807530 9 3 5 4 2 7 10 8 1 6 
20180807531 3 5 6 2 1 9 8 4 7 10 
20180807532 4 2 9 7 10 3 6 1 8 5 
20180807533 10 8 7 6 3 2 4 1 5 9 
20180807534 6 8 4 5 7 3 2 10 9 1 
20180807535 10 1 6 9 2 5 4 7 8 3 
20180807536 2 1 4 8 10 3 9 6 7 5 
20180807537 2 5 7 4 9 6 1 3 8 10 
20180807538 3 8 9 7 6 5 4 2 1 10 
20180807539 3 2 4 7 10 1 8 5 6 9 
20180807540 9 3 4 8 2 7 10 5 1 6 
20180807541 10 1 9 3 8 6 4 5 7 2 
20180807542 4 8 6 10 7 3 1 9 5 2 
20180807543 5 8 6 2 4 10 1 3 7 9 
20180807544 10 5 3 8 9 6 4 2 1 7 
20180807545 2 5 3 10 8 4 9 6 1 7 
20180807546 9 10 3 7 8 2 5 1 4 6 
20180807547 10 3 8 9 4 7 5 6 2 1 
20180807548 9 6 8 7 3 1 5 4 2 10 
20180807549 5 1 9 2 4 8 10 7 6 3 
20180807550 3 7 2 1 9 5 8 6 4 10 
20180807551 2 3 10 1 9 5 8 6 7 4 
20180807552 2 3 8 1 7 6 9 5 4 10 
20180807553 4 6 2 8 9 1 7 3 5 10 
20180807554 1 8 10 7 2 6 9 4 5 3 
20180807555 9 5 2 1 8 7 6 3 4 10 
20180807556 7 9 5 8 2 6 10 4 1 3 
20180807557 2 10 8 4 6 7 3 1 9 5 
20180807558 3 5 6 9 4 7 8 2 1 10 
20180807559 4 10 2 3 7 6 9 5 1 8 
20180807560 6 9 5 8 7 4 2 3 10 1 
20180807561 6 9 4 5 10 8 3 7 1 2 
20180807562 10 4 8 3 7 2 1 6 5 9 
20180807563 5 9 6 10 4 7 1 3 2 8 
20180807564 4 7 6 1 9 3 5 2 8 10 
20180807565 8 3 4 5 10 7 6 1 9 2 
20180807566 10 7 5 3 2 8 9 4 6 1 
20180807567 4 8 10 5 2 7 6 9 3 1 
20180807568 7 8 5 6 10 4 2 1 9 3 
20180807569 3 2 1 9 7 5 4 10 6 8 
20180807570 8 4 7 1 9 6 2 5 3 10 
20180807571 2 3 7 9 4 8 1 6 5 10 
20180807572 9 1 4 2 5 7 10 8 3 6 
20180807573 9 2 1 4 8 6 10 7 5 3 
20180807574 2 9 4 3 5 8 10 7 6 1 
20180807575 3 10 7 8 5 9 2 4 6 1 
20180807576 5 3 1 4 2 7 6 8 9 10 
20180807577 3 6 9 4 5 10 8 1 2 7 
20180807578 9 5 7 8 4 10 1 3 2 6 
20180807579 5 8 3 1 4 10 2 7 6 9 
20180807580 4 8 5 9 2 1 6 10 7 3 
20180807581 8 4 5 7 1 6 3 9 2 10 
20180807582 4 5 1 7 10 3 6 9 8 2 
20180807583 10 8 7 5 9 6 1 4 2 3 
20180807584 5 1 6 8 10 2 9 3 7 4 
20180807585 4 6 1 3 2 9 8 5 10 7 
20180807586 8 1 5 2 10 4 6 3 9 7 
20180807587 4 3 8 5 10 1 2 9 6 7 
20180807588 4 3 1 5 8 7 2 6 10 9 
20180807589 4 7 5 6 1 9 8 2 10 3 
20180807590 6 4 3 9 2 10 7 5 1 8 
20180807591 9 8 1 5 2 3 10 4 7 6 
20180807592 8 6 1 3 7 5 9 2 4 10 
20180807593 1 7 2 8 4 9 3 5 10 6 
20180807594 5 2 9 1 8 6 3 7 4 10 
20180807595 9 5 7 8 3 2 10 4 1 6 
20180807596 6 9 7 5 8 1 2 3 10 4 
20180807597 6 5 9 8 3 2 1 7 10 4 
20180807598 7 5 2 3 8 1 4 9 10 6 
20180807599 2 6 8 10 3 9 1 4 7 5 
20180807600 5 8 1 9 10 7 6 4 2 3 
20180807601 2 8 5 10 4 1 9 7 3 6 
20180807602 2 7 6 9 10 3 1 4 8 5 
20180807603 9 5 8 10 3 6 4 7 1 2 
20180807604 3 1 5 8 7 6 4 2 9 10 
20180807605 4 3 5 10 7 2 1 6 8 9 
20180807606 3 10 7 1 8 2 4 6 9 5 
20180807607 7 8 6 9 2 5 3 10 4 1 
20180807608 6 4 7 5 3 1 9 2 10 8 
20180807609 1 3 10 8 9 2 6 4 5 7 
20180807610 7 5 10 2 1 8 4 6 9 3 
20180807611 7 8 5 3 6 4 2 10 9 1 
20180807612 3 4 1 9 5 10 6 7 8 2 
20180807613 8 1 4 9 7 5 10 2 3 6 
20180807614 5 9 2 7 10 1 4 3 8 6 
20180807615 1 6 3 10 2 5 7 4 9 8 
20180807616 5 1 7 6 9 8 3 10 4 2 
20180807617 7 8 1 9 2 6 5 4 3 10 
20180807618 7 6 3 1 4 10 9 8 2 5 
20180807619 3 10 6 7 2 8 5 9 1 4 
20180807620 1 8 2 5 7 10 4 9 6 3 
20180807621 8 1 10 9 4 7 2 3 5 6 
20180807622 4 10 9 6 5 8 2 1 3 7 
20180807623 2 8 6 1 4 3 9 7 5 10 
20180807624 6 9 1 5 8 2 7 4 10 3 
20180807625 1 6 5 8 7 3 10 4 2 9 
20180807626 8 3 10 2 5 6 4 9 1 7 
20180807627 1 2 6 9 8 3 10 5 4 7 
20180807628 1 3 8 10 5 6 7 9 4 2 
20180807629 4 9 10 2 5 7 3 8 6 1 
20180807630 2 1 5 7 3 10 8 6 4 9 
20180807631 1 4 2 7 5 9 10 6 8 3 
20180807632 5 4 2 3 1 8 10 7 9 6 
20180807633 2 3 1 8 9 6 10 5 7 4 
20180807634 7 4 5 9 8 3 10 1 6 2 
20180807635 10 3 7 4 8 9 6 5 1 2 
20180807636 3 2 10 9 6 1 8 4 7 5 
20180807637 9 8 4 7 5 3 10 2 1 6 
20180807638 5 4 7 6 10 8 3 1 9 2 
20180807639 6 4 8 2 9 10 1 5 7 3 
20180807640 4 6 3 7 1 8 2 9 10 5 
20180807641 3 9 4 8 6 7 2 1 5 10 
20180807642 6 5 10 3 9 7 8 4 1 2 
20180807643 9 8 5 4 7 6 2 1 3 10 
20180807644 6 7 3 10 2 1 9 8 4 5 
20180807645 10 4 9 6 1 7 2 5 8 3 
20180807646 2 4 5 10 8 1 3 6 7 9 
20180807647 10 7 2 6 5 8 4 1 3 9 
20180807648 7 4 1 10 8 3 2 9 6 5 
20180807649 8 10 2 4 7 6 9 5 3 1 
20180807650 10 5 2 3 7 6 4 8 9 1 
20180807651 7 4 2 5 6 10 3 1 8 9 
20180807652 6 3 9 4 7 5 8 2 1 10 
20180807653 2 5 9 1 4 3 8 6 7 10 
20180807654 10 3 8 5 7 6 2 9 1 4 
20180807655 6 2 3 1 5 7 4 8 10 9 
20180807656 6 2 8 1 9 7 3 10 4 5 
20180807657 3 6 5 1 4 8 10 9 2 7 
20180807658 3 9 7 2 5 4 8 6 10 1 
20180807659 4 9 10 6 8 7 5 3 2 1 
20180807660 1 5 2 4 10 6 3 9 8 7 
20180807661 10 9 3 7 6 1 4 2 5 8 
20180807662 3 9 6 7 10 1 2 5 4 8 
20180807663 9 10 4 1 8 2 7 6 5 3 
20180807664 8 3 7 10 9 4 1 2 5 6 
20180807665 6 10 9 7 3 5 2 4 8 1 
20180807666 9 6 7 1 8 10 3 4 5 2 
20180807667 9 10 3 6 5 8 2 1 7 4 
20180807668 8 4 6 1 7 5 3 2 9 10 
20180807669 3 2 6 10 8 7 4 9 1 5 
20180807670 8 6 1 4 9 7 5 10 3 2 
20180807671 9 7 3 10 8 2 5 1 4 6 
20180807672 7 4 5 9 3 2 8 1 6 10 
20180807673 7 2 3 4 8 9 1 10 6 5 
20180807674 9 4 8 6 7 5 3 10 2 1 
20180807675 2 1 10 7 4 5 8 9 3 6 
20180807676 1 2 6 3 8 10 4 9 5 7 
20180807677 8 2 9 6 5 3 1 10 7 4 
20180807678 6 2 3 4 1 5 8 7 10 9 
20180807679 3 8 4 6 9 1 7 2 5 10 
20180807680 7 8 1 6 4 10 3 9 5 2 
20180807681 2 8 5 7 6 10 9 1 4 3 
20180807682 4 6 8 1 9 3 7 5 2 10 
20180807683 1 6 9 3 5 8 7 2 4 10 
20180807684 8 9 5 2 6 4 3 10 1 7 
20180807685 5 2 4 1 3 9 6 7 8 10 
20180807686 8 5 2 1 7 9 6 10 4 3 
20180807687 8 5 2 9 1 7 4 6 3 10 
20180807688 1 7 6 8 10 3 5 9 4 2 
20180807689 5 9 2 10 6 4 8 7 3 1 
20180807690 6 5 9 3 1 4 7 10 2 8 
20180807691 3 10 1 4 5 6 9 2 7 8 
20180807692 10 1 9 4 8 6 7 5 3 2 
20180807693 4 3 10 9 2 8 6 7 5 1 
20180807694 5 8 1 10 6 3 7 2 4 9 
20180807695 3 5 9 10 6 8 2 4 7 1 
20180807696 1 7 4 10 8 2 6 3 9 5 
20180807697 4 10 7 1 3 5 2 6 8 9 
20180807698 3 4 2 9 6 1 10 7 8 5 
20180807699 2 9 8 10 4 7 6 5 1 3 
20180807700 5 4 2 1 6 9 3 10 8 7 
20180807701 2 5 10 3 8 4 6 7 1 9 
20180807702 10 1 6 4 2 8 9 7 5 3 
20180807703 1 3 10 9 4 8 6 5 2 7 
20180807704 5 10 7 8 1 4 9 2 3 6 
20180807705 5 8 10 1 2 4 9 3 6 7 
20180807706 4 1 7 9 8 6 2 5 10 3 
20180807707 1 9 8 7 5 6 3 4 2 10 
20180807708 8 10 1 6 2 4 3 7 5 9 
20180807709 2 9 6 5 10 8 3 1 4 7 
20180807710 8 9 10 7 3 6 1 2 4 5 
20180807711 4 3 7 2 9 1 8 6 5 10 
20180807712 3 10 1 7 5 2 6 9 8 4 
20180807713 7 4 10 9 5 2 1 8 3 6 
20180807714 3 5 10 2 4 8 7 1 6 9 
20180807715 7 10 5 3 6 8 2 9 1 4 
20180807716 8 9 3 1 4 5 2 10 7 6 
20180807717 8 4 3 5 2 9 1 7 10 6 
20180807718 8 5 7 2 9 10 1 4 6 3 
20180807719 1 7 6 9 3 4 10 8 2 5 
20180807720 1 10 6 9 4 5 7 8 3 2 
20180807721 6 10 1 9 5 4 8 3 7 2 
20180807722 5 6 1 3 10 8 4 7 2 9 
20180807723 1 3 5 9 8 2 6 7 10 4 
20180807724 5 8 10 3 1 4 9 2 6 7 
20180807725 10 7 9 3 1 8 6 5 4 2 
20180807726 1 8 5 10 4 2 3 6 9 7 
20180807727 5 6 2 10 1 9 3 7 8 4 
20180807728 8 4 10 2 6 1 5 9 3 7 
20180807729 5 3 6 9 10 7 8 2 1 4 
20180807730 10 4 9 6 2 3 1 5 8 7 
20180807731 2 4 8 6 9 1 10 5 3 7 
20180807732 10 7 6 2 1 5 8 4 9 3 
20180807733 4 2 1 5 8 10 7 9 6 3 
20180807734 10 9 2 5 7 4 3 6 8 1 
20180807735 9 4 5 6 7 1 10 2 8 3 
20180807736 8 5 2 1 6 10 4 9 3 7 
20180807737 1 7 8 2 5 9 10 3 6 4 
20180807738 2 7 6 1 3 10 4 5 9 8 
20180807739 4 10 2 3 7 9 8 6 5 1 
20180807740 6 7 1 10 2 4 5 9 8 3 
20180807741 1 9 3 4 7 6 2 8 10 5 
20180807742 4 3 2 8 6 10 5 1 9 7 
20180807743 3 1 5 7 2 9 10 4 6 8 
20180807744 1 6 8 4 9 5 3 7 10 2 
20180807745 4 9 10 8 3 2 1 5 6 7 
20180807746 4 1 5 6 8 9 3 7 2 10 
20180807747 9 8 5 4 7 2 1 10 3 6 
20180807748 5 9 1 4 6 8 3 2 7 10 
20180807749 9 2 10 6 4 8 1 3 5 7 
20180807750 1 8 4 6 3 7 9 10 5 2 
20180807751 6 4 1 10 7 5 8 2 3 9 
20180807752 2 5 7 4 1 3 8 10 6 9 
20180807753 5 9 1 7 3 4 8 10 6 2 
20180807754 4 5 2 9 1 3 10 8 6 7 
20180807755 2 1 3 5 9 8 6 4 10 7 
20180807756 6 9 4 7 1 2 5 3 8 10 
20180807757 6 8 1 2 9 7 3 5 4 10 
20180807758 6 2 1 9 3 7 8 4 10 5 
20180807759 5 6 10 1 4 2 3 7 8 9 
20180807760 2 10 9 7 8 6 1 5 3 4 
20180807761 3 7 5 10 6 4 1 2 8 9 
20180807762 1 6 7 2 5 10 9 8 3 4 
20180807763 1 3 8 2 6 4 9 10 7 5 
20180807764 1 9 5 10 4 7 8 6 3 2 
20180807765 3 10 9 1 2 7 4 5 6 8 
20180807766 8 3 2 4 7 10 9 1 5 6 
20180807767 8 3 6 7 4 9 5 1 2 10 
20180807768 6 7 4 5 2 10 9 8 3 1 
20180807769 5 9 3 2 10 6 7 1 4 8 
20180807770 7 1 6 4 5 9 3 2 8 10 
20180807771 9 8 3 6 7 10 2 4 5 1 
20180807772 4 2 9 6 7 1 8 10 5 3 
20180807773 5 9 8 3 6 2 7 4 10 1 
20180807774 5 8 1 6 10 4 9 3 7 2 
20180807775 7 5 3 1 10 8 2 4 9 6 
20180807776 2 9 3 4 5 10 6 8 1 7 
20180807777 7 9 1 8 4 2 3 5 10 6 
20180807778 7 8 1 4 9 2 3 5 10 6 
20180807779 2 10 6 8 1 5 7 9 3 4 
20180807780 5 6 10 4 2 8 7 1 9 3 
20180807781 7 10 1 4 5 3 2 6 9 8 
20180807782 4 5 2 10 6 8 7 9 3 1 
20180807783 5 8 2 4 3 10 7 1 9 6 
20180807784 9 5 4 1 2 10 3 6 7 8 
20180807785 1 4 6 8 7 2 9 10 3 5 
20180807786 5 1 8 6 10 7 2 3 9 4 
20180807787 8 9 1 6 5 2 4 7 10 3 
20180807788 8 6 4 1 7 3 10 5 2 9 
20180807789 2 7 3 5 1 9 4 8 6 10 
20180807790 10 7 8 1 3 2 4 9 5 6 
20180807791 4 1 5 9 2 10 3 6 8 7 
20180807792 2 10 1 6 4 9 5 3 7 8 
20180807793 5 9 7 3 8 4 2 10 6 1 
20180807794 2 4 1 3 8 6 7 9 10 5 
20180807795 6 2 1 8 7 9 3 4 10 5 
20180807796 8 4 7 10 2 9 6 3 1 5 
20180807797 9 7 6 8 5 4 3 1 2 10 
20180807798 1 9 10 5 7 4 6 2 3 8 
20180807799 4 7 10 9 5 2 1 3 8 6 
20180807800 7 2 6 10 8 4 5 1 3 9 
20180807801 10 4 6 7 5 2 9 1 3 8 
20180807802 9 5 10 3 6 8 7 2 1 4 
20180807803 6 3 4 5 9 2 1 7 10 8 
20180807804 6 7 1 8 9 3 10 4 5 2 
20180807805 10 6 9 4 5 1 2 3 7 8 
20180807806 7 9 1 2 5 4 10 6 8 3 
20180807807 2 4 1 9 3 10 6 5 7 8 
20180807808 9 8 5 10 1 6 3 4 2 7 
20180807809 1 9 4 2 10 7 3 8 6 5 
20180807810 3 4 7 9 8 1 5 10 6 2 
20180807811 1 6 8 9 4 10 3 5 7 2 
20180807812 4 1 9 6 5 10 7 2 3 8 
20180807813 5 7 4 10 6 8 3 9 2 1 
20180807814 5 7 10 6 8 4 1 3 2 9 
20180807815 7 1 3 8 5 2 10 4 6 9 
20180807816 10 3 2 6 1 8 5 7 9 4 
20180807817 5 8 4 6 1 2 10 7 3 9 
20180807818 1 7 5 9 10 6 4 2 8 3 
20180807819 9 4 1 5 10 6 3 7 8 2 
20180807820 8 2 6 1 9 5 3 4 7 10 
20180807821 9 5 8 10 6 1 3 7 2 4 
20180807822 4 1 3 8 5 9 10 2 6 7 
20180807823 9 3 4 10 5 8 2 6 7 1 
20180807824 5 4 8 6 3 1 9 7 10 2 
20180807825 6 3 1 5 4 8 7 10 2 9 
20180807826 9 8 7 3 5 10 6 2 1 4 
20180807827 5 10 1 6 7 9 4 2 8 3 
20180807828 4 10 3 8 1 6 9 5 7 2 
20180807829 3 5 6 2 1 10 9 7 8 4 
20180807830 9 7 2 8 5 4 3 6 10 1 
20180807831 1 7 10 9 8 2 5 6 3 4 
20180807832 8 5 9 2 3 7 4 6 1 10 
20180807833 10 8 3 6 4 2 7 5 1 9 
20180807834 2 7 5 3 9 1 4 6 10 8 
20180807835 1 5 2 3 8 4 7 10 9 6 
20180807836 6 9 3 4 8 10 1 7 5 2 
20180807837 10 6 5 4 9 3 7 2 8 1 
20180807838 2 4 9 1 7 5 3 8 6 10 
20180807839 3 10 4 8 6 2 1 9 7 5 
20180807840 5 7 4 8 3 2 6 9 10 1 
20180807841 5 2 6 4 10 1 3 8 7 9 
20180807842 1 3 8 4 7 9 10 2 5 6 
20180807843 2 1 4 9 6 10 8 7 5 3 
20180807844 6 1 7 10 5 4 3 2 9 8 
20180807845 3 7 1 5 8 10 4 2 9 6 
20180807846 8 3 1 7 4 10 6 9 2 5 
20180807847 1 8 3 2 10 9 7 5 6 4 
20180807848 5 4 3 6 1 10 9 2 8 7 
20180807849 9 1 5 6 10 2 8 3 4 7 
20180807850 2 3 5 8 10 7 9 4 1 6 
20180807851 10 7 9 1 2 6 5 8 3 4 
20180807852 10 7 4 5 3 2 1 6 9 8 
20180807853 3 2 9 4 10 7 1 6 8 5 
20180807854 2 7 10 1 4 3 5 8 9 6 
20180807855 6 9 5 3 7 1 10 8 4 2 
20180807856 5 7 8 1 4 6 10 2 3 9 
20180807857 9 5 1 2 10 6 4 3 8 7 
20180807858 1 4 7 5 2 9 6 8 3 10 
20180807859 9 6 7 8 4 5 10 1 3 2 
20180807860 1 8 9 5 7 10 6 4 3 2 
20180807861 9 6 7 10 5 1 2 4 3 8 
20180807862 9 3 4 8 2 1 10 5 6 7 
20180807863 10 6 5 1 7 2 3 9 4 8 
20180807864 2 9 1 5 4 10 7 6 3 8 
20180807865 10 7 2 4 8 1 9 5 3 6 
20180807866 6 10 4 8 1 5 7 2 3 9 
20180807867 1 9 7 6 5 8 3 10 4 2 
20180807868 6 8 2 7 10 1 5 3 9 4 
20180807869 5 2 7 10 9 8 1 4 6 3 
20180807870 1 3 6 8 5 9 10 4 2 7 
20180807871 1 7 10 5 6 8 2 3 4 9 
20180807872 2 3 10 4 5 6 8 9 1 7 
20180807873 7 6 3 1 8 5 4 2 10 9 
20180807874 5 8 10 3 2 4 7 6 1 9 
20180807875 6 5 4 10 3 9 2 7 1 8 
20180807876 10 4 1 8 7 9 2 6 3 5 
20180807877 7 1 3 6 8 2 5 10 9 4 
20180807878 10 2 9 1 6 3 4 8 7 5 
20180807879 5 3 2 6 9 10 7 1 8 4 
20180807880 1 6 10 4 2 8 5 9 3 7 
20180807881 8 1 5 4 6 3 7 10 2 9 
20180807882 4 1 3 5 9 2 6 8 10 7 
20180807883 1 7 10 8 6 3 2 9 5 4 
20180807884 7 3 4 6 8 9 1 5 2 10 
20180807885 8 2 6 10 1 3 4 5 7 9 
20180807886 9 3 5 8 1 2 10 7 4 6 
20180807887 7 8 4 3 2 10 9 5 1 6 
20180807888 7 9 3 10 1 2 6 4 8 5 
20180807889 2 6 1 3 8 9 4 10 7 5 
20180807890 10 1 7 9 5 4 3 8 2 6 
20180807891 5 8 1 9 6 3 10 4 7 2 
20180807892 10 8 3 9 5 2 1 7 6 4 
20180807893 5 1 4 2 7 10 8 9 3 6 
20180807894 6 8 4 7 10 2 9 1 5 3 
20180807895 4 9 5 3 10 2 8 6 7 1 
20180807896 3 10 1 7 8 4 5 2 6 9 
20180807897 1 5 8 4 9 6 2 3 10 7 
20180807898 8 10 2 7 6 9 1 3 5 4 
20180807899 5 2 9 7 3 4 1 8 10 6 
20180807900 7 1 8 4 3 5 9 6 2 10 
20180807901 3 9 10 7 6 5 2 1 4 8 
20180807902 2 5 6 1 9 4 10 7 8 3 
20180807903 9 4 8 2 7 3 1 10 6 5 
20180807904 8 4 2 10 3 7 5 9 6 1 
20180807905 10 1 8 6 9 3 4 2 7 5 
20180807906 7 6 3 4 5 9 10 2 8 1 
20180807907 5 8 6 1 3 2 9 4 7 10 
20180807908 1 3 8 9 5 2 6 4 10 7 
20180807909 5 4 10 2 1 7 6 3 8 9 
20180807910 5 7 8 4 2 3 1 9 10 6 
20180807911 6 9 4 1 8 7 3 5 10 2 
20180807912 3 1 2 10 5 6 9 7 8 4 
20180807913 3 6 4 2 10 7 8 9 5 1 
20180807914 5 4 8 2 6 3 9 7 1 10 
20180807915 10 3 9 8 1 7 4 2 5 6 
20180807916 1 5 6 9 10 2 8 7 4 3 
20180807917 1 2 10 8 7 9 6 3 4 5 
20180807918 3 7 4 1 2 9 10 8 6 5 
20180807919 2 7 10 5 1 9 6 4 3 8 
20180807920 6 8 4 9 2 5 3 7 1 10 
20180807921 8 3 2 10 9 6 7 1 4 5 
20180807922 5 8 4 6 10 7 3 1 2 9 
20180807923 5 1 6 7 10 2 3 9 8 4 
20180807924 5 7 6 8 3 2 1 4 9 10 
20180807925 4 1 5 9 10 2 8 7 3 6 
20180807926 9 2 7 6 4 5 8 3 1 10 
20180807927 9 6 7 3 2 8 10 5 1 4 
20180807928 9 1 7 5 10 6 3 8 2 4 
20180807929 8 7 5 3 6 1 2 10 9 4 
20180807930 4 1 5 7 9 3 10 2 6 8 
20180807931 7 8 9 3 6 4 2 5 1 10 
20180807932 7 8 2 4 5 9 10 1 3 6 
20180807933 9 5 7 1 8 3 10 2 4 6 
20180807934 1 7 9 6 10 4 2 8 3 5 
20180807935 2 9 3 6 10 8 7 4 1 5 
20180807936 8 7 1 3 4 9 6 5 10 2 
20180807937 8 7 10 6 4 5 9 2 3 1 
20180807938 7 4 9 10 8 2 3 5 1 6 
20180807939 10 9 4 7 2 3 6 1 5 8 
20180807940 4 6 3 10 8 1 2 7 9 5 
20180807941 5 6 2 10 1 3 4 7 9 8 
20180807942 2 8 1 5 10 3 9 6 4 7 
20180807943 1 6 5 7 4 9 2 3 10 8 
20180807944 1 8 7 3 9 6 10 4 2 5 
20180807945 1 10 5 3 8 4 2 9 7 6 
20180807946 9 6 8 5 3 1 4 10 7 2 
20180807947 7 9 8 2 4 3 6 5 10 1 
20180807948 9 1 4 5 10 8 2 3 7 6 
20180807949 10 3 6 4 9 5 2 1 7 8 
20180807950 5 10 1 9 2 7 3 8 6 4 
20180807951 1 9 4 7 3 10 8 5 2 6 
20180807952 8 7 2 9 1 10 5 3 6 4 
20180807953 8 5 3 10 2 6 1 4 7 9 
20180807954 9 6 2 3 5 4 10 7 8 1 
20180807955 4 2 10 3 5 1 9 8 6 7 
20180807956 3 6 7 10 2 4 9 8 5 1 
20180807957 10 2 5 8 4 6 7 3 1 9 
20180807958 6 9 10 7 8 4 2 1 5 3 
20180807959 5 7 10 1 8 3 4 2 9 6 
20180807960 5 10 8 7 1 6 9 3 2 4 
20180807961 1 7 2 9 8 4 6 3 10 5 
20180807962 5 9 7 8 6 3 4 10 1 2 
20180807963 3 6 2 5 7 8 4 10 1 9 
20180807964 3 10 6 9 7 2 5 4 1 8 
20180807965 3 9 10 2 6 1 8 5 4 7 
20180807966 3 7 10 1 4 6 9 8 5 2 
20180807967 4 10 7 5 1 2 8 6 3 9 
20180807968 1 10 6 2 9 4 7 5 3 8 
20180807969 6 3 10 9 7 8 5 4 2 1 
20180807970 4 5 9 3 7 8 6 2 10 1 
20180807971 6 9 1 2 7 4 3 10 8 5 
20180807972 9 2 8 5 1 4 3 10 7 6 
20180807973 10 9 7 6 8 1 5 2 3 4 
20180807974 7 2 5 3 10 6 1 8 4 9 
20180807975 10 1 9 6 7 8 2 4 5 3 
20180807976 9 1 5 6 7 10 8 3 2 4 
20180807977 3 2 6 1 4 8 10 5 7 9 
20180807978 9 5 2 10 3 7 4 8 6 1 
20180807979 9 10 5 4 6 1 2 3 8 7 
20180807980 5 7 2 9 6 3 4 1 10 8 
20180807981 4 6 1 5 10 9 7 3 8 2 
20180807982 5 2 4 6 3 8 1 10 7 9 
20180807983 8 2 10 3 5 1 7 6 9 4 
20180807984 3 5 4 1 7 9 8 6 2 10 
20180807985 4 5 3 2 8 6 9 1 10 7 
