20180817001 1 9 5 4 10 8 3 2 7 6 
20180817002 8 10 2 6 1 9 4 7 5 3 
20180817003 10 1 3 5 2 8 9 4 6 7 
20180817004 6 1 2 8 7 4 10 5 9 3 
20180817005 4 2 5 10 8 9 6 7 3 1 
20180817006 8 3 6 1 9 4 2 5 10 7 
20180817007 8 6 5 2 1 3 9 10 7 4 
20180817008 7 4 1 8 10 5 2 9 3 6 
20180817009 1 3 8 7 6 2 10 5 4 9 
20180817010 8 2 9 4 5 6 3 7 10 1 
20180817011 6 7 9 8 2 5 10 1 3 4 
20180817012 3 4 10 5 8 6 9 2 1 7 
20180817013 2 3 10 8 5 6 4 7 1 9 
20180817014 8 9 5 4 6 10 7 2 3 1 
20180817015 8 2 9 6 1 10 4 5 7 3 
20180817016 7 8 10 9 3 2 5 4 1 6 
20180817017 7 5 10 4 9 2 1 8 3 6 
20180817018 1 4 8 6 7 10 5 3 9 2 
20180817019 6 9 8 7 3 5 4 10 1 2 
20180817020 8 6 4 7 5 2 1 9 10 3 
20180817021 5 9 1 7 10 3 8 2 4 6 
20180817022 4 6 7 3 8 10 9 2 5 1 
20180817023 7 10 9 4 6 3 1 8 5 2 
20180817024 7 1 10 4 3 5 2 9 8 6 
20180817025 8 3 1 7 9 5 10 2 6 4 
20180817026 5 10 8 9 3 7 4 2 6 1 
20180817027 7 2 3 5 9 6 8 10 4 1 
20180817028 4 6 9 3 10 2 7 5 8 1 
20180817029 1 8 9 4 5 3 2 10 7 6 
20180817030 1 7 10 4 6 3 8 9 2 5 
20180817031 1 3 10 7 9 5 8 4 2 6 
20180817032 9 7 3 6 1 5 8 2 4 10 
20180817033 6 5 4 7 1 8 9 10 2 3 
20180817034 1 7 6 4 3 9 5 10 8 2 
20180817035 9 10 7 2 1 3 6 4 5 8 
20180817036 6 5 4 9 8 10 3 2 1 7 
20180817037 7 9 5 1 2 6 10 8 4 3 
20180817038 4 7 9 8 10 3 1 5 2 6 
20180817039 6 4 3 5 9 10 7 2 8 1 
20180817040 10 3 7 8 5 9 2 6 4 1 
20180817041 3 2 10 4 6 9 8 1 7 5 
20180817042 10 8 1 5 2 3 9 7 4 6 
20180817043 6 4 9 1 2 5 8 3 10 7 
20180817044 5 7 6 10 1 4 9 8 3 2 
20180817045 3 4 9 8 6 10 5 7 2 1 
20180817046 1 4 6 10 7 5 3 9 2 8 
20180817047 1 2 5 10 9 7 8 3 6 4 
20180817048 9 5 8 3 1 2 6 4 7 10 
20180817049 3 8 1 5 10 4 2 9 7 6 
20180817050 2 1 8 10 4 6 9 7 3 5 
20180817051 5 2 4 1 3 6 8 10 9 7 
20180817052 5 3 4 9 6 8 10 2 7 1 
20180817053 5 6 1 9 2 8 4 10 3 7 
20180817054 5 6 1 8 9 3 10 2 7 4 
20180817055 7 3 5 8 2 1 9 10 6 4 
20180817056 3 7 10 8 1 6 9 5 2 4 
20180817057 2 3 6 5 4 1 7 9 10 8 
20180817058 1 8 10 6 3 9 2 4 5 7 
20180817059 7 6 3 2 8 10 9 1 4 5 
20180817060 10 4 7 9 2 5 3 6 1 8 
20180817061 4 10 3 9 6 5 2 1 7 8 
20180817062 9 3 1 4 2 10 5 6 8 7 
20180817063 1 7 10 9 5 6 3 8 4 2 
20180817064 8 1 6 9 7 5 3 2 4 10 
20180817065 2 3 7 4 1 5 9 6 8 10 
20180817066 2 3 9 10 8 5 7 1 6 4 
20180817067 6 10 4 5 1 7 9 3 8 2 
20180817068 9 3 10 5 7 1 6 8 2 4 
20180817069 8 4 7 3 6 5 10 1 2 9 
20180817070 7 5 6 3 2 1 4 8 9 10 
20180817071 9 3 2 8 1 10 6 7 5 4 
20180817072 1 4 2 5 3 6 9 7 8 10 
20180817073 8 2 10 6 5 7 9 1 3 4 
20180817074 8 6 9 2 3 1 10 5 7 4 
20180817075 3 4 9 1 10 8 2 6 5 7 
20180817076 6 10 1 2 5 4 3 9 7 8 
20180817077 3 5 1 7 6 9 2 10 8 4 
20180817078 6 5 7 10 1 3 4 9 8 2 
20180817079 1 10 6 7 3 8 9 4 2 5 
20180817080 6 5 10 2 4 1 9 7 3 8 
20180817081 1 6 5 2 10 7 8 3 9 4 
20180817082 1 4 7 9 10 6 2 5 3 8 
20180817083 1 5 4 10 3 7 2 9 8 6 
20180817084 9 5 7 6 4 3 8 1 10 2 
20180817085 3 5 10 6 8 7 2 4 9 1 
20180817086 8 3 7 6 10 2 5 4 9 1 
20180817087 4 6 10 3 8 5 7 1 2 9 
20180817088 10 4 2 6 9 3 7 8 5 1 
20180817089 1 9 5 2 6 4 10 3 8 7 
20180817090 6 10 9 3 4 7 1 2 8 5 
20180817091 1 9 4 5 10 7 6 3 8 2 
20180817092 9 6 3 4 1 7 10 2 5 8 
20180817093 1 6 5 8 10 7 4 2 9 3 
20180817094 2 7 4 3 10 6 5 1 9 8 
20180817095 6 7 2 10 1 9 5 4 8 3 
20180817096 2 3 8 4 7 6 1 10 9 5 
20180817097 9 3 4 6 1 7 10 2 5 8 
20180817098 9 3 10 7 4 1 5 6 8 2 
20180817099 1 3 2 5 4 8 7 10 9 6 
20180817100 6 2 10 7 4 9 8 1 3 5 
20180817101 8 9 10 5 3 4 6 7 2 1 
20180817102 10 2 9 8 6 4 7 1 5 3 
20180817103 6 9 4 8 10 5 7 1 2 3 
20180817104 2 1 9 8 4 5 3 7 6 10 
20180817105 2 1 5 8 6 7 4 9 10 3 
20180817106 5 10 6 3 9 4 8 7 2 1 
20180817107 7 3 9 4 6 5 10 8 1 2 
20180817108 4 5 7 8 2 1 3 6 9 10 
20180817109 5 10 2 6 1 3 9 8 7 4 
20180817110 2 1 6 5 7 9 10 4 3 8 
20180817111 1 10 7 4 6 9 3 2 5 8 
20180817112 2 5 3 1 8 7 9 4 6 10 
20180817113 8 4 9 3 7 5 6 10 2 1 
20180817114 4 9 7 3 1 10 6 2 5 8 
20180817115 10 2 3 6 4 7 5 1 8 9 
20180817116 6 9 10 1 7 4 3 8 5 2 
20180817117 7 4 9 10 8 1 5 6 2 3 
20180817118 8 3 5 1 2 6 7 4 10 9 
20180817119 3 5 7 8 10 1 9 4 2 6 
20180817120 2 10 4 8 1 3 6 7 5 9 
20180817121 1 10 6 2 5 3 4 7 9 8 
20180817122 10 7 8 4 9 5 3 1 6 2 
20180817123 7 10 2 1 3 5 4 6 9 8 
20180817124 2 1 9 8 3 4 10 5 6 7 
20180817125 6 1 10 7 2 3 9 4 5 8 
20180817126 7 10 5 4 9 6 8 3 1 2 
20180817127 2 9 7 3 10 8 6 5 1 4 
20180817128 9 6 4 8 10 1 3 7 5 2 
20180817129 4 9 3 8 7 10 6 2 5 1 
20180817130 6 4 9 8 3 10 7 2 5 1 
20180817131 6 9 7 2 10 3 8 1 5 4 
20180817132 4 1 2 5 3 8 6 9 10 7 
20180817133 10 7 2 5 9 1 4 3 8 6 
20180817134 6 5 10 7 4 2 3 9 1 8 
20180817135 8 2 7 10 6 1 5 9 3 4 
20180817136 7 2 5 6 8 9 3 10 4 1 
20180817137 3 8 1 7 5 2 9 4 6 10 
20180817138 7 9 2 3 8 4 10 5 1 6 
20180817139 3 2 9 5 4 7 8 10 1 6 
20180817140 2 1 9 10 5 3 8 4 6 7 
20180817141 3 1 6 10 2 4 7 5 8 9 
20180817142 2 8 4 6 1 3 7 5 9 10 
20180817143 6 3 2 5 7 4 9 8 10 1 
20180817144 7 9 4 6 3 2 10 5 8 1 
20180817145 7 6 3 9 1 4 10 8 5 2 
20180817146 9 1 10 6 2 4 7 8 3 5 
20180817147 5 9 1 3 6 2 7 8 4 10 
20180817148 10 6 2 4 1 3 5 9 8 7 
20180817149 5 8 3 9 6 10 2 4 1 7 
20180817150 2 3 1 8 4 10 9 6 5 7 
20180817151 5 6 7 9 3 8 10 1 2 4 
20180817152 6 1 3 10 4 5 9 8 7 2 
20180817153 10 7 3 6 2 9 1 4 8 5 
20180817154 10 1 5 3 6 7 9 2 8 4 
20180817155 10 2 8 5 4 3 6 9 1 7 
20180817156 3 4 2 6 1 10 7 5 8 9 
20180817157 4 5 1 9 6 8 3 10 7 2 
20180817158 3 10 5 6 8 1 2 9 7 4 
20180817159 1 3 7 10 8 2 9 4 6 5 
20180817160 9 2 10 8 5 3 6 7 4 1 
20180817161 6 3 4 5 8 1 7 9 2 10 
20180817162 2 4 5 10 7 9 3 8 1 6 
20180817163 6 1 2 3 5 10 9 4 8 7 
20180817164 3 6 7 4 5 2 10 1 9 8 
20180817165 3 6 9 1 10 4 7 2 8 5 
20180817166 7 5 8 3 6 10 1 9 2 4 
20180817167 3 2 1 8 10 7 6 4 5 9 
20180817168 8 3 10 9 4 6 1 2 5 7 
20180817169 10 5 2 8 6 4 3 1 7 9 
20180817170 6 8 7 10 9 5 2 3 4 1 
20180817171 8 1 3 9 7 6 4 10 2 5 
20180817172 5 10 8 4 1 3 6 2 9 7 
20180817173 4 3 10 6 7 2 5 9 8 1 
20180817174 3 5 7 8 6 2 4 10 1 9 
20180817175 2 3 8 10 6 5 1 7 4 9 
20180817176 3 8 6 10 1 7 5 9 4 2 
20180817177 3 5 10 6 7 2 4 1 9 8 
20180817178 9 2 4 6 3 8 7 5 10 1 
20180817179 3 7 4 5 8 9 1 10 2 6 
20180817180 10 9 5 6 7 4 2 3 1 8 
20180817181 10 9 2 8 5 7 1 3 6 4 
20180817182 2 1 3 10 9 8 4 7 5 6 
20180817183 7 4 3 5 6 2 1 10 8 9 
20180817184 5 3 9 1 4 7 2 10 8 6 
20180817185 8 9 6 4 2 5 3 10 1 7 
20180817186 9 7 1 2 5 8 3 10 4 6 
20180817187 8 7 6 3 10 2 1 4 5 9 
20180817188 2 9 5 6 7 4 3 8 10 1 
20180817189 8 5 7 3 2 4 10 6 9 1 
20180817190 8 10 3 6 1 9 7 5 2 4 
20180817191 3 8 1 6 4 2 10 5 7 9 
20180817192 7 1 10 5 9 2 8 4 3 6 
20180817193 7 9 8 2 10 3 4 1 5 6 
20180817194 1 6 8 10 3 2 5 4 9 7 
20180817195 2 1 4 7 6 3 8 10 9 5 
20180817196 1 6 2 4 10 7 5 3 8 9 
20180817197 8 3 4 10 7 9 5 1 2 6 
20180817198 2 7 10 3 4 6 9 5 8 1 
20180817199 4 8 2 9 5 6 7 1 3 10 
20180817200 10 1 9 5 7 4 3 8 2 6 
20180817201 7 9 6 2 8 10 5 1 4 3 
20180817202 4 7 8 1 2 6 3 10 9 5 
20180817203 6 8 7 5 9 3 10 1 2 4 
20180817204 6 9 8 2 7 5 1 4 3 10 
20180817205 10 6 7 9 4 3 5 2 8 1 
20180817206 9 10 4 6 5 1 8 2 7 3 
20180817207 7 9 3 2 1 4 5 6 8 10 
20180817208 7 6 4 1 2 3 9 8 5 10 
20180817209 7 6 8 10 2 4 3 1 5 9 
20180817210 7 1 6 5 3 8 2 9 10 4 
20180817211 6 9 1 3 2 8 5 10 4 7 
20180817212 7 1 2 6 10 8 4 9 5 3 
20180817213 10 6 2 4 5 1 9 3 8 7 
20180817214 8 5 9 10 4 2 7 1 6 3 
20180817215 8 4 9 2 3 5 10 6 1 7 
20180817216 10 6 3 4 2 9 5 8 7 1 
20180817217 8 7 5 6 4 10 9 1 2 3 
20180817218 9 8 5 1 10 7 2 3 6 4 
20180817219 7 4 9 3 5 8 6 2 1 10 
20180817220 8 2 4 1 3 10 5 6 9 7 
20180817221 7 1 2 4 10 9 5 6 8 3 
20180817222 8 2 6 9 1 3 4 7 5 10 
20180817223 1 4 5 9 3 7 8 10 6 2 
20180817224 6 1 8 7 10 5 9 4 3 2 
20180817225 9 6 10 2 1 8 7 4 5 3 
20180817226 9 3 7 2 1 8 10 4 5 6 
20180817227 3 8 6 2 5 7 4 1 9 10 
20180817228 5 1 3 4 2 9 8 7 6 10 
20180817229 6 4 8 1 9 5 2 10 3 7 
20180817230 7 6 5 8 2 3 4 1 10 9 
20180817231 9 8 7 3 2 4 6 10 1 5 
20180817232 3 6 1 10 2 5 9 8 4 7 
20180817233 3 5 6 1 8 4 2 7 9 10 
20180817234 5 4 2 8 3 1 7 10 9 6 
20180817235 8 3 10 7 9 4 1 6 2 5 
20180817236 6 1 3 2 5 9 10 4 8 7 
20180817237 9 4 7 6 10 3 1 8 5 2 
20180817238 6 8 2 3 5 7 10 1 9 4 
20180817239 8 5 1 6 10 9 4 3 7 2 
20180817240 4 10 1 6 5 7 9 2 3 8 
20180817241 10 9 7 5 8 6 4 2 1 3 
20180817242 8 1 7 4 3 9 5 10 6 2 
20180817243 4 1 7 2 6 9 3 10 5 8 
20180817244 7 3 2 10 9 1 8 4 6 5 
20180817245 4 9 6 1 7 3 8 10 5 2 
20180817246 4 7 8 2 5 3 9 1 10 6 
20180817247 4 6 8 9 10 2 5 7 1 3 
20180817248 7 2 6 8 10 3 9 1 4 5 
20180817249 10 5 2 9 8 6 3 7 4 1 
20180817250 8 4 1 7 10 5 9 6 2 3 
20180817251 2 1 3 7 6 10 4 8 9 5 
20180817252 9 7 2 3 5 10 6 8 1 4 
20180817253 6 3 1 8 2 9 10 4 7 5 
20180817254 10 7 1 4 2 6 3 5 8 9 
20180817255 9 1 7 3 8 6 10 4 2 5 
20180817256 7 5 3 10 1 9 2 6 4 8 
20180817257 8 10 5 1 3 7 6 4 9 2 
20180817258 8 7 1 9 6 10 5 2 4 3 
20180817259 10 5 8 3 6 9 1 2 7 4 
20180817260 2 10 6 9 5 1 3 8 4 7 
20180817261 3 10 4 2 9 5 6 7 8 1 
20180817262 7 5 6 3 2 9 1 10 4 8 
20180817263 2 10 9 4 6 8 1 3 7 5 
20180817264 7 10 8 6 3 2 5 1 4 9 
20180817265 8 7 3 5 4 9 6 2 1 10 
20180817266 4 2 9 3 10 7 5 8 6 1 
20180817267 7 1 4 5 9 3 2 10 6 8 
20180817268 8 4 10 2 5 9 7 6 1 3 
20180817269 3 9 10 4 5 6 2 1 8 7 
20180817270 2 8 7 1 9 6 5 3 10 4 
20180817271 7 6 9 8 10 1 3 4 5 2 
20180817272 5 2 10 3 4 9 1 8 6 7 
20180817273 7 2 10 5 6 9 3 4 1 8 
20180817274 10 6 4 2 1 7 5 8 9 3 
20180817275 5 7 3 1 4 8 9 6 10 2 
20180817276 6 3 2 8 7 5 9 10 1 4 
20180817277 7 6 8 5 4 1 3 9 10 2 
20180817278 6 3 7 4 1 8 10 2 9 5 
20180817279 1 5 9 8 6 10 4 2 3 7 
20180817280 10 5 9 1 8 2 6 3 7 4 
20180817281 9 7 3 2 5 1 10 4 8 6 
20180817282 9 5 2 10 8 6 3 4 7 1 
20180817283 8 1 6 10 5 9 7 3 2 4 
20180817284 7 3 9 1 5 6 10 2 4 8 
20180817285 8 9 5 1 10 6 7 2 4 3 
20180817286 10 3 2 6 8 5 9 4 1 7 
20180817287 7 5 9 1 4 8 3 6 2 10 
20180817288 1 7 9 3 5 2 4 10 6 8 
20180817289 2 10 9 1 4 6 7 5 8 3 
20180817290 2 7 1 6 9 10 8 3 4 5 
20180817291 5 6 1 8 10 9 7 3 4 2 
20180817292 10 1 2 7 3 4 6 8 5 9 
20180817293 3 4 2 9 1 6 5 10 8 7 
20180817294 3 9 5 4 8 2 6 1 7 10 
20180817295 5 10 2 3 6 7 1 9 8 4 
20180817296 8 6 1 4 9 10 5 7 3 2 
20180817297 10 3 4 5 6 9 7 2 8 1 
20180817298 7 2 5 6 3 4 10 9 1 8 
20180817299 9 5 4 10 3 6 8 2 1 7 
20180817300 9 6 4 1 8 2 10 7 3 5 
20180817301 3 2 9 5 7 6 4 1 8 10 
20180817302 4 9 8 2 3 1 7 6 5 10 
20180817303 10 3 6 5 9 8 7 2 1 4 
20180817304 9 3 6 10 7 5 8 4 1 2 
20180817305 6 10 8 9 2 5 3 1 4 7 
20180817306 7 4 2 6 3 8 1 5 9 10 
20180817307 2 5 10 4 7 3 1 9 8 6 
20180817308 5 3 6 9 7 2 1 8 4 10 
20180817309 3 5 1 4 7 9 6 10 2 8 
20180817310 3 2 6 4 10 5 7 9 1 8 
20180817311 8 4 6 2 10 7 1 5 3 9 
20180817312 9 3 10 6 8 1 7 5 4 2 
20180817313 6 10 2 3 5 9 1 4 7 8 
20180817314 2 7 10 9 8 4 5 1 3 6 
20180817315 2 4 3 7 10 5 8 9 1 6 
20180817316 1 7 9 5 2 6 3 4 8 10 
20180817317 4 5 10 9 2 7 6 8 3 1 
20180817318 2 8 7 10 5 4 9 6 1 3 
20180817319 10 5 8 6 2 1 7 9 4 3 
20180817320 6 5 1 8 4 10 7 2 3 9 
20180817321 1 5 2 7 8 3 10 4 9 6 
20180817322 6 1 5 2 4 3 7 9 10 8 
20180817323 3 9 8 4 7 1 2 5 6 10 
20180817324 2 4 1 5 6 9 3 8 10 7 
20180817325 5 9 8 3 7 1 2 10 4 6 
20180817326 4 7 8 6 5 2 10 9 3 1 
20180817327 3 7 1 6 4 5 2 9 10 8 
20180817328 10 4 5 8 2 7 6 9 1 3 
20180817329 1 5 4 6 9 10 2 3 8 7 
20180817330 10 4 3 5 7 8 1 2 6 9 
20180817331 4 2 6 9 1 8 5 3 10 7 
20180817332 2 10 3 9 8 4 1 5 6 7 
20180817333 3 6 5 2 10 4 1 9 8 7 
20180817334 1 3 8 10 7 5 2 4 9 6 
20180817335 8 4 10 9 1 6 5 2 7 3 
20180817336 7 3 6 5 2 8 4 10 9 1 
20180817337 6 4 7 3 1 10 2 8 9 5 
20180817338 2 9 5 7 1 3 8 10 4 6 
20180817339 9 5 10 6 3 4 2 1 8 7 
20180817340 2 3 4 6 7 8 9 5 10 1 
20180817341 10 6 5 1 7 3 2 9 4 8 
20180817342 5 2 7 9 8 4 1 3 10 6 
20180817343 2 10 7 4 9 8 1 6 3 5 
20180817344 3 10 4 6 5 2 9 7 1 8 
20180817345 8 7 9 3 1 10 5 4 6 2 
20180817346 5 8 1 9 4 6 10 2 7 3 
20180817347 5 9 3 10 7 6 2 1 4 8 
20180817348 6 10 1 3 2 8 9 4 5 7 
20180817349 1 2 10 9 6 3 8 7 5 4 
20180817350 6 4 8 7 10 1 3 5 2 9 
20180817351 2 5 4 3 8 9 6 1 10 7 
20180817352 1 8 4 3 5 9 2 7 6 10 
20180817353 6 5 2 7 4 9 1 10 3 8 
20180817354 7 9 10 5 1 4 8 3 2 6 
20180817355 9 1 4 7 10 2 3 5 8 6 
20180817356 3 4 1 9 6 7 5 2 10 8 
20180817357 9 7 2 6 5 1 10 8 4 3 
20180817358 3 8 5 2 4 9 7 6 10 1 
20180817359 6 7 8 4 10 9 3 5 1 2 
20180817360 3 4 8 9 1 10 7 2 5 6 
20180817361 5 3 4 6 9 10 7 8 2 1 
20180817362 3 6 4 2 8 5 9 7 1 10 
20180817363 6 4 10 2 1 9 8 3 5 7 
20180817364 10 4 9 7 2 8 3 6 1 5 
20180817365 7 10 4 5 2 1 8 9 3 6 
20180817366 6 2 4 5 7 3 10 9 8 1 
20180817367 9 5 8 7 4 3 2 1 6 10 
20180817368 2 3 5 1 10 4 9 6 8 7 
20180817369 7 1 10 8 2 6 9 4 3 5 
20180817370 7 5 9 1 8 6 10 2 4 3 
20180817371 10 6 3 4 1 2 9 7 8 5 
20180817372 9 4 3 5 7 1 8 10 2 6 
20180817373 3 1 9 6 5 7 4 2 10 8 
20180817374 3 4 10 7 5 9 8 1 2 6 
20180817375 4 8 5 1 2 9 3 10 6 7 
20180817376 6 1 3 10 8 9 2 4 7 5 
20180817377 10 2 3 7 5 6 9 1 4 8 
20180817378 2 3 4 7 8 1 10 9 6 5 
20180817379 8 10 3 7 6 5 2 9 4 1 
20180817380 8 4 7 1 6 3 2 9 10 5 
20180817381 1 4 2 6 5 3 9 8 10 7 
20180817382 9 1 8 7 3 10 5 4 2 6 
20180817383 2 6 1 9 3 7 10 5 4 8 
20180817384 1 6 8 10 7 2 3 9 5 4 
20180817385 2 4 8 3 6 9 10 1 5 7 
20180817386 3 7 4 5 6 9 10 8 2 1 
20180817387 4 8 2 9 3 6 5 10 1 7 
20180817388 10 3 1 5 4 9 8 7 6 2 
20180817389 10 6 4 1 5 3 7 2 8 9 
20180817390 2 4 5 7 8 10 6 3 1 9 
20180817391 3 8 2 4 7 9 5 10 1 6 
20180817392 1 3 5 9 8 2 7 10 6 4 
20180817393 10 6 5 8 4 7 2 3 1 9 
20180817394 5 3 4 9 1 6 8 2 10 7 
20180817395 4 2 10 9 5 8 6 3 1 7 
20180817396 4 3 10 1 7 5 8 6 9 2 
20180817397 6 2 4 9 7 8 10 1 5 3 
20180817398 8 6 4 10 3 7 9 1 5 2 
20180817399 6 4 10 2 3 8 9 1 5 7 
20180817400 5 8 1 9 4 7 3 10 6 2 
20180817401 2 3 8 4 5 7 10 6 9 1 
20180817402 8 2 5 10 3 9 6 1 4 7 
20180817403 6 8 4 1 9 2 10 3 7 5 
20180817404 1 10 3 2 7 6 8 9 5 4 
20180817405 5 4 2 1 10 6 8 7 9 3 
20180817406 4 5 1 8 2 10 9 6 7 3 
20180817407 4 3 10 6 9 8 2 7 1 5 
20180817408 8 3 7 10 5 6 4 2 1 9 
20180817409 5 4 8 10 3 1 9 7 6 2 
20180817410 7 2 8 6 4 10 9 3 5 1 
20180817411 5 1 4 6 2 8 10 7 9 3 
20180817412 10 8 3 4 2 6 5 1 7 9 
20180817413 6 3 8 1 4 9 7 2 10 5 
20180817414 3 8 5 2 10 1 6 9 4 7 
20180817415 4 8 3 2 1 10 5 6 9 7 
20180817416 9 6 4 5 7 2 8 1 3 10 
20180817417 1 10 5 7 6 9 4 8 3 2 
20180817418 3 7 5 10 9 8 2 6 4 1 
20180817419 5 10 7 1 9 8 6 2 3 4 
20180817420 1 10 3 7 4 9 5 8 2 6 
20180817421 10 7 8 6 2 1 5 4 3 9 
20180817422 2 9 8 4 1 7 6 10 5 3 
20180817423 1 2 3 6 9 4 7 10 8 5 
20180817424 1 4 10 3 7 9 5 6 2 8 
20180817425 5 1 10 8 7 9 6 4 2 3 
20180817426 8 3 1 10 6 5 4 9 7 2 
20180817427 4 3 2 5 6 1 9 10 7 8 
20180817428 1 5 6 3 9 4 7 8 10 2 
20180817429 5 7 6 1 8 9 4 3 10 2 
20180817430 6 9 8 4 1 3 5 2 10 7 
20180817431 6 8 1 7 10 4 5 2 3 9 
20180817432 7 6 2 9 8 5 10 3 1 4 
20180817433 6 5 1 4 9 8 10 3 7 2 
20180817434 6 10 1 4 7 5 9 3 8 2 
20180817435 3 10 9 7 6 8 5 4 1 2 
20180817436 9 10 2 3 1 4 6 7 8 5 
20180817437 4 6 5 8 10 2 9 1 3 7 
20180817438 4 8 1 6 7 5 9 10 3 2 
20180817439 9 4 1 5 8 2 10 3 7 6 
20180817440 1 3 4 6 8 9 2 5 10 7 
20180817441 7 9 5 6 2 10 4 1 3 8 
20180817442 7 2 1 9 6 5 10 3 4 8 
20180817443 10 3 5 9 6 2 4 8 1 7 
20180817444 9 5 10 2 6 4 7 8 3 1 
20180817445 5 6 9 8 7 4 1 3 2 10 
20180817446 10 7 4 2 6 9 8 3 1 5 
20180817447 3 1 7 2 10 8 5 4 6 9 
20180817448 5 2 8 9 7 10 1 3 4 6 
20180817449 7 3 1 5 6 8 2 4 9 10 
20180817450 3 9 2 1 10 8 6 4 5 7 
20180817451 1 5 8 9 4 10 3 2 7 6 
20180817452 3 6 8 5 10 4 2 7 9 1 
20180817453 8 10 4 9 2 3 5 1 7 6 
20180817454 5 3 10 9 7 6 1 2 4 8 
20180817455 1 8 2 6 10 7 4 9 3 5 
20180817456 1 7 9 3 6 10 8 5 4 2 
20180817457 6 7 10 3 2 1 9 5 8 4 
20180817458 6 7 2 5 9 1 4 8 3 10 
20180817459 6 4 8 9 2 10 3 1 7 5 
20180817460 5 6 4 7 10 9 2 3 1 8 
20180817461 1 6 5 7 2 10 4 9 3 8 
20180817462 5 4 10 7 8 9 2 6 1 3 
20180817463 2 7 9 3 8 1 10 4 5 6 
20180817464 1 2 3 8 4 10 5 9 7 6 
20180817465 2 5 8 10 1 7 6 3 9 4 
20180817466 8 1 6 3 5 7 4 2 10 9 
20180817467 5 4 9 6 1 7 8 10 2 3 
20180817468 2 7 5 3 6 10 1 9 4 8 
20180817469 1 9 2 3 6 4 10 8 7 5 
20180817470 7 8 6 1 10 4 5 3 9 2 
20180817471 10 4 5 6 9 3 8 7 2 1 
20180817472 5 4 7 8 9 6 10 1 3 2 
20180817473 5 3 8 1 2 6 10 9 7 4 
20180817474 4 8 7 5 1 6 10 9 2 3 
20180817475 10 5 8 6 9 7 1 4 2 3 
20180817476 4 6 8 3 1 9 5 10 7 2 
20180817477 4 6 1 10 2 7 9 5 8 3 
20180817478 6 5 8 2 4 10 9 3 7 1 
20180817479 8 1 4 2 6 7 10 9 5 3 
20180817480 3 7 10 4 2 9 5 6 8 1 
20180817481 1 9 6 8 3 7 10 5 4 2 
20180817482 10 4 8 1 9 5 2 7 6 3 
20180817483 8 4 6 9 10 1 2 7 5 3 
20180817484 10 6 4 2 7 1 8 9 5 3 
20180817485 2 10 3 4 8 9 5 7 6 1 
20180817486 10 9 5 7 2 8 1 4 3 6 
20180817487 10 1 9 3 7 6 8 2 5 4 
20180817488 6 5 3 10 7 2 9 1 4 8 
20180817489 10 3 9 5 1 6 7 2 4 8 
20180817490 6 9 5 8 3 2 4 1 7 10 
20180817491 4 10 3 1 8 2 6 5 9 7 
20180817492 1 8 3 10 7 6 4 9 2 5 
20180817493 9 8 1 2 6 7 4 10 3 5 
20180817494 2 3 8 5 6 1 4 7 9 10 
20180817495 8 6 7 2 5 10 9 4 1 3 
20180817496 1 7 3 6 5 10 9 4 8 2 
20180817497 9 1 3 6 7 4 8 2 5 10 
20180817498 4 9 2 7 6 1 5 3 10 8 
20180817499 1 6 7 9 3 8 4 2 5 10 
20180817500 7 10 6 2 4 5 9 3 8 1 
20180817501 8 7 3 1 10 6 4 5 2 9 
20180817502 7 10 8 9 4 6 3 5 1 2 
20180817503 4 10 3 2 7 9 1 6 8 5 
20180817504 6 4 3 10 9 1 5 8 2 7 
20180817505 8 2 5 10 9 7 1 3 4 6 
20180817506 1 5 2 3 6 7 8 9 4 10 
20180817507 6 2 4 9 7 3 10 5 8 1 
20180817508 7 3 4 5 10 6 1 9 8 2 
20180817509 10 5 4 6 8 3 1 2 9 7 
20180817510 1 4 7 10 9 6 8 5 2 3 
20180817511 3 8 9 10 2 5 7 4 1 6 
20180817512 4 5 9 1 7 8 6 10 3 2 
20180817513 7 4 2 8 5 9 1 3 10 6 
20180817514 9 7 8 6 10 4 3 5 2 1 
20180817515 6 4 2 3 10 5 7 1 8 9 
20180817516 10 8 9 5 1 3 4 7 6 2 
20180817517 10 8 9 4 2 5 7 3 6 1 
20180817518 6 9 7 10 1 5 8 2 3 4 
20180817519 1 3 8 4 5 6 2 7 9 10 
20180817520 10 3 1 7 8 4 6 2 9 5 
20180817521 1 5 10 7 9 2 6 3 8 4 
20180817522 4 1 3 10 9 5 7 8 2 6 
20180817523 3 5 6 9 4 7 10 1 2 8 
20180817524 2 7 10 8 9 6 3 1 5 4 
20180817525 6 9 8 2 7 5 3 4 10 1 
20180817526 5 7 3 4 8 6 1 10 9 2 
20180817527 4 7 9 5 3 10 6 1 2 8 
20180817528 7 8 9 1 2 6 10 5 4 3 
20180817529 2 8 1 3 9 7 5 6 4 10 
20180817530 4 9 5 2 10 3 8 6 1 7 
20180817531 9 7 8 2 5 6 10 3 4 1 
20180817532 9 10 3 1 6 4 7 5 2 8 
20180817533 4 3 5 9 1 6 10 2 8 7 
20180817534 8 6 2 10 4 9 7 3 1 5 
20180817535 2 3 9 6 5 7 10 4 1 8 
20180817536 4 9 10 7 2 6 3 1 8 5 
20180817537 8 1 5 9 6 4 7 3 2 10 
20180817538 4 3 10 6 1 9 8 7 2 5 
20180817539 5 4 3 2 6 10 9 8 1 7 
20180817540 3 10 6 9 5 1 2 4 8 7 
20180817541 9 4 3 7 2 1 6 10 5 8 
20180817542 1 5 3 2 7 4 6 9 10 8 
20180817543 9 2 5 7 6 1 3 10 4 8 
20180817544 5 6 1 2 3 8 9 10 4 7 
20180817545 10 7 8 2 9 4 1 5 3 6 
20180817546 6 4 2 8 5 9 3 10 1 7 
20180817547 5 3 10 8 1 2 6 7 4 9 
20180817548 9 6 2 3 10 8 5 1 4 7 
20180817549 2 1 4 3 7 10 6 8 9 5 
20180817550 8 6 9 2 1 5 4 3 7 10 
20180817551 4 2 8 5 10 7 9 3 6 1 
20180817552 3 7 10 4 1 5 8 9 6 2 
20180817553 2 10 1 4 6 3 7 9 5 8 
20180817554 7 10 3 2 9 6 4 5 1 8 
20180817555 4 8 2 3 9 6 5 1 7 10 
20180817556 4 5 3 6 10 7 9 2 1 8 
20180817557 7 2 10 6 5 4 3 8 9 1 
20180817558 4 7 8 9 5 10 6 1 2 3 
20180817559 8 9 3 10 4 1 5 2 6 7 
20180817560 9 6 10 4 1 8 7 2 3 5 
20180817561 10 1 3 8 7 6 4 9 2 5 
20180817562 7 10 1 3 8 2 9 5 6 4 
20180817563 5 6 10 1 9 8 7 4 2 3 
20180817564 3 10 6 2 1 7 9 4 8 5 
20180817565 1 10 8 7 5 2 4 6 9 3 
20180817566 1 4 3 9 8 7 5 2 6 10 
20180817567 4 8 5 6 2 10 3 1 9 7 
20180817568 2 7 1 4 10 5 3 6 9 8 
20180817569 3 6 5 8 7 4 9 1 10 2 
20180817570 2 6 1 8 5 4 9 10 3 7 
20180817571 3 9 5 6 4 2 8 10 1 7 
20180817572 1 2 7 10 4 8 3 6 5 9 
20180817573 2 10 3 4 8 9 1 7 5 6 
20180817574 5 6 7 1 10 4 9 2 8 3 
20180817575 1 3 5 9 4 7 8 2 6 10 
20180817576 9 2 1 4 5 6 7 10 3 8 
20180817577 5 3 8 7 1 2 9 10 6 4 
20180817578 10 4 9 1 2 5 8 3 6 7 
20180817579 4 6 2 10 8 9 7 1 3 5 
20180817580 2 9 5 1 4 10 6 7 3 8 
20180817581 5 7 2 1 10 3 8 6 9 4 
20180817582 6 10 2 1 8 5 3 7 9 4 
20180817583 2 10 5 8 9 1 3 6 7 4 
20180817584 4 7 3 9 6 10 5 8 2 1 
20180817585 2 7 3 4 5 1 8 10 6 9 
20180817586 4 3 9 7 8 5 10 6 1 2 
20180817587 6 8 5 2 9 4 3 1 7 10 
20180817588 4 3 9 6 1 5 8 7 10 2 
20180817589 9 7 2 1 4 5 6 10 3 8 
20180817590 4 7 8 6 10 5 2 3 9 1 
20180817591 1 3 5 2 9 6 8 7 10 4 
20180817592 3 9 10 4 8 2 5 6 1 7 
20180817593 7 10 4 2 9 8 3 1 6 5 
20180817594 5 3 1 9 7 10 2 4 8 6 
20180817595 2 8 3 5 9 4 1 7 10 6 
20180817596 5 9 4 6 8 3 7 1 2 10 
20180817597 3 6 7 8 9 5 4 2 10 1 
20180817598 7 8 6 5 4 1 3 10 2 9 
20180817599 1 4 7 3 8 5 10 9 6 2 
20180817600 5 8 4 9 7 10 6 2 1 3 
20180817601 1 10 9 6 8 2 3 4 5 7 
20180817602 5 2 6 3 4 1 9 8 10 7 
20180817603 1 5 9 2 6 8 10 7 3 4 
20180817604 2 6 3 4 5 1 8 7 9 10 
20180817605 6 2 4 7 9 10 3 5 8 1 
20180817606 3 2 1 6 10 9 5 8 7 4 
20180817607 8 2 5 7 4 3 1 6 10 9 
20180817608 5 4 9 7 10 6 1 2 3 8 
20180817609 5 6 8 1 7 2 4 10 9 3 
20180817610 6 3 7 9 10 8 1 4 2 5 
20180817611 10 7 6 1 8 4 5 2 9 3 
20180817612 9 5 3 6 2 7 8 4 1 10 
20180817613 3 6 10 9 4 1 2 7 5 8 
20180817614 6 9 7 4 2 8 1 5 3 10 
20180817615 7 9 6 4 8 2 10 5 3 1 
20180817616 3 2 8 7 1 4 10 5 9 6 
20180817617 7 3 6 8 9 10 4 2 1 5 
20180817618 9 8 3 6 1 4 2 5 10 7 
20180817619 10 3 5 2 1 4 6 8 7 9 
20180817620 6 9 7 10 1 4 3 5 2 8 
20180817621 4 2 6 10 7 8 5 3 1 9 
20180817622 8 7 5 6 4 2 3 1 10 9 
20180817623 6 5 4 7 2 10 1 9 3 8 
20180817624 9 8 7 2 6 4 1 10 3 5 
20180817625 9 2 4 10 3 1 7 6 5 8 
20180817626 3 5 4 6 1 2 10 8 9 7 
20180817627 8 9 7 10 2 6 1 4 3 5 
20180817628 7 10 4 9 3 1 5 6 8 2 
20180817629 3 8 1 2 7 6 5 9 10 4 
20180817630 4 3 6 5 2 9 10 8 7 1 
20180817631 6 9 2 1 10 3 5 4 7 8 
20180817632 6 4 1 8 3 5 7 10 9 2 
20180817633 6 2 10 9 3 7 8 1 5 4 
20180817634 2 5 1 6 3 8 7 10 4 9 
20180817635 8 10 2 7 3 4 9 1 5 6 
20180817636 3 8 7 1 2 5 6 9 4 10 
20180817637 10 9 7 4 8 5 6 3 1 2 
20180817638 6 10 1 9 5 7 2 4 3 8 
20180817639 3 9 1 7 10 4 6 5 2 8 
20180817640 7 6 8 2 9 5 10 4 3 1 
20180817641 2 1 9 7 3 5 4 10 6 8 
20180817642 4 5 9 7 3 2 1 10 8 6 
20180817643 5 7 9 1 3 6 4 10 2 8 
20180817644 5 7 8 9 2 3 6 1 4 10 
20180817645 4 5 3 1 9 6 2 7 8 10 
20180817646 7 2 8 9 6 1 5 10 3 4 
20180817647 9 7 2 5 4 8 10 1 6 3 
20180817648 9 4 3 10 5 8 1 6 7 2 
20180817649 2 8 10 4 7 1 9 3 6 5 
20180817650 3 5 9 10 1 7 8 2 6 4 
20180817651 1 9 7 8 10 3 5 4 6 2 
20180817652 1 2 8 6 4 9 10 7 3 5 
20180817653 4 7 8 6 9 2 3 1 5 10 
20180817654 1 7 2 9 8 6 3 5 4 10 
20180817655 9 2 3 4 1 7 8 10 5 6 
20180817656 9 6 7 1 10 5 3 8 2 4 
20180817657 9 3 1 7 2 5 10 6 8 4 
20180817658 8 1 3 5 4 2 10 9 6 7 
20180817659 5 2 3 4 9 10 8 1 6 7 
20180817660 8 6 4 7 3 1 2 9 5 10 
20180817661 3 7 2 8 9 6 4 10 5 1 
20180817662 5 1 3 8 9 4 6 2 7 10 
20180817663 4 6 1 3 9 5 2 10 8 7 
20180817664 2 10 9 7 6 5 1 4 3 8 
20180817665 9 7 2 3 10 4 8 5 1 6 
20180817666 5 2 10 9 3 6 7 8 1 4 
20180817667 1 8 9 6 5 2 4 3 10 7 
20180817668 9 7 2 5 6 3 1 10 8 4 
20180817669 3 5 4 7 1 9 8 2 10 6 
20180817670 5 2 4 9 3 7 6 8 10 1 
20180817671 7 3 9 8 10 2 4 5 6 1 
20180817672 9 8 1 7 3 5 6 2 4 10 
20180817673 7 1 6 8 4 9 2 10 3 5 
20180817674 6 5 2 4 7 3 8 10 9 1 
20180817675 5 1 9 4 10 3 2 6 8 7 
20180817676 2 1 8 4 3 6 7 10 5 9 
20180817677 3 6 8 9 1 7 4 5 10 2 
20180817678 10 5 4 6 7 2 1 9 8 3 
20180817679 1 8 5 2 6 4 3 7 10 9 
20180817680 8 5 1 2 6 9 7 4 3 10 
20180817681 4 10 8 5 1 2 9 3 7 6 
20180817682 4 6 7 2 10 1 3 5 9 8 
20180817683 7 4 9 10 3 2 8 1 5 6 
20180817684 10 9 4 6 7 8 2 5 1 3 
20180817685 4 8 9 3 2 10 1 5 7 6 
20180817686 9 7 1 8 6 10 4 2 5 3 
20180817687 1 3 2 8 7 4 5 6 9 10 
20180817688 8 5 6 7 3 10 2 4 9 1 
20180817689 2 4 5 8 7 6 9 3 10 1 
20180817690 3 8 5 4 7 10 1 2 9 6 
20180817691 6 10 8 9 4 2 1 5 7 3 
20180817692 4 5 1 9 6 2 7 8 3 10 
20180817693 10 5 4 8 3 6 2 1 9 7 
20180817694 7 8 3 2 4 1 9 5 10 6 
20180817695 10 7 5 4 1 9 8 2 3 6 
20180817696 9 2 4 6 10 8 7 3 1 5 
20180817697 2 4 7 8 1 10 5 6 3 9 
20180817698 5 9 2 6 10 8 4 1 3 7 
20180817699 7 5 2 8 10 4 3 6 9 1 
20180817700 3 6 2 1 9 10 8 5 7 4 
20180817701 1 8 3 10 9 6 2 4 7 5 
20180817702 6 3 1 7 8 2 4 9 10 5 
20180817703 5 8 4 3 9 2 1 6 7 10 
20180817704 7 9 3 4 10 6 8 5 1 2 
20180817705 7 4 6 3 1 2 8 9 10 5 
20180817706 1 5 9 3 2 7 4 6 10 8 
20180817707 2 9 1 7 4 6 10 8 5 3 
20180817708 5 4 6 3 9 2 1 7 10 8 
20180817709 5 3 4 1 10 7 2 9 6 8 
20180817710 3 8 10 4 6 9 7 1 5 2 
20180817711 4 10 2 5 3 8 7 1 9 6 
20180817712 4 10 1 5 8 3 7 2 6 9 
20180817713 7 3 10 4 6 8 5 9 1 2 
20180817714 7 8 3 4 6 10 2 5 1 9 
20180817715 10 8 1 2 7 9 5 4 3 6 
20180817716 5 7 4 10 9 8 6 1 3 2 
20180817717 4 9 3 2 6 5 1 7 8 10 
20180817718 4 2 3 7 6 9 8 10 5 1 
20180817719 1 4 3 5 10 7 6 9 2 8 
20180817720 2 10 5 1 8 9 4 3 7 6 
20180817721 5 7 4 1 8 2 6 9 10 3 
20180817722 6 5 4 2 1 8 3 7 9 10 
20180817723 8 7 4 10 3 6 1 2 9 5 
20180817724 9 3 5 6 2 7 8 4 1 10 
20180817725 8 7 5 3 4 1 2 10 9 6 
20180817726 9 3 6 10 2 5 1 8 4 7 
20180817727 5 2 1 10 6 7 3 4 8 9 
20180817728 6 8 10 9 7 5 3 2 4 1 
20180817729 2 3 9 6 10 1 7 8 4 5 
20180817730 4 3 6 8 10 9 1 5 2 7 
20180817731 5 10 3 1 9 2 4 8 7 6 
20180817732 3 9 1 5 4 2 10 8 7 6 
20180817733 2 3 10 6 1 9 8 5 4 7 
20180817734 2 8 4 7 10 9 3 6 1 5 
20180817735 2 7 9 8 4 3 10 6 1 5 
20180817736 2 6 5 7 4 1 9 10 8 3 
20180817737 2 5 3 7 10 9 1 6 8 4 
20180817738 2 6 3 1 5 4 9 7 8 10 
20180817739 6 5 4 3 1 10 7 2 9 8 
20180817740 3 6 8 10 7 4 1 9 2 5 
20180817741 7 5 2 10 6 1 4 9 3 8 
20180817742 10 3 1 7 8 9 6 2 5 4 
20180817743 3 9 5 4 1 2 8 7 10 6 
20180817744 1 7 3 9 2 10 6 8 4 5 
20180817745 9 6 3 10 2 8 4 1 7 5 
20180817746 1 3 5 8 7 10 9 2 6 4 
20180817747 8 6 2 1 4 5 9 3 7 10 
20180817748 5 2 9 10 6 8 4 7 3 1 
20180817749 8 6 3 5 1 4 9 10 2 7 
20180817750 5 4 8 7 6 1 2 10 9 3 
20180817751 1 5 2 8 6 9 4 10 3 7 
20180817752 6 10 8 5 4 1 2 3 7 9 
20180817753 7 2 4 3 1 9 8 5 6 10 
20180817754 5 3 9 7 6 4 10 2 8 1 
20180817755 1 7 2 4 3 5 8 10 6 9 
20180817756 7 10 3 2 8 9 4 6 5 1 
20180817757 2 7 1 8 6 9 5 10 4 3 
20180817758 5 3 1 6 4 8 10 9 7 2 
20180817759 8 2 10 7 3 1 5 4 9 6 
20180817760 8 9 7 2 4 3 5 6 1 10 
20180817761 7 9 5 3 10 1 2 8 4 6 
20180817762 6 8 1 9 10 7 3 2 4 5 
20180817763 4 9 3 2 1 6 5 7 8 10 
20180817764 6 2 1 4 9 3 7 5 8 10 
20180817765 10 9 8 1 2 6 5 7 4 3 
20180817766 8 2 6 7 1 5 9 3 10 4 
20180817767 1 9 3 5 10 8 6 2 4 7 
20180817768 10 9 1 5 4 3 2 8 7 6 
20180817769 9 8 10 3 5 2 4 1 6 7 
20180817770 1 4 5 8 10 6 7 3 2 9 
20180817771 5 10 2 8 3 1 7 6 4 9 
20180817772 1 3 5 8 2 6 7 10 4 9 
20180817773 2 7 8 9 4 10 6 5 1 3 
20180817774 6 8 9 7 4 1 10 5 3 2 
20180817775 9 5 6 10 3 1 2 8 4 7 
20180817776 10 9 8 5 4 6 2 7 1 3 
20180817777 10 1 3 5 2 6 7 8 9 4 
20180817778 10 8 1 9 4 2 7 3 5 6 
20180817779 1 7 6 10 5 4 9 8 2 3 
20180817780 8 7 3 1 5 2 10 9 6 4 
20180817781 8 7 4 9 2 1 6 5 10 3 
20180817782 10 5 6 8 1 7 3 9 2 4 
20180817783 5 8 10 2 3 9 4 6 7 1 
20180817784 10 8 2 5 1 9 4 3 7 6 
20180817785 1 9 3 10 5 8 6 2 4 7 
20180817786 4 10 6 1 2 7 8 3 5 9 
20180817787 8 6 5 7 3 10 4 2 1 9 
20180817788 4 1 5 2 6 9 7 8 10 3 
20180817789 3 6 4 5 9 7 10 8 2 1 
20180817790 6 4 3 9 1 7 2 10 5 8 
20180817791 4 9 8 3 7 5 1 6 10 2 
20180817792 3 5 8 10 6 4 7 1 9 2 
20180817793 6 3 5 9 1 2 10 4 7 8 
20180817794 3 9 7 8 10 4 6 1 5 2 
20180817795 10 1 3 6 7 4 8 2 5 9 
20180817796 5 10 1 3 8 6 9 7 4 2 
20180817797 9 2 5 1 8 10 4 3 7 6 
20180817798 10 8 9 3 2 7 5 1 6 4 
20180817799 8 7 10 2 9 4 5 6 3 1 
20180817800 10 7 6 5 1 3 8 4 2 9 
20180817801 1 4 3 5 7 6 10 8 2 9 
20180817802 9 4 10 3 5 6 1 2 8 7 
20180817803 9 6 10 2 8 5 4 1 3 7 
20180817804 6 3 8 4 9 5 10 2 7 1 
20180817805 7 5 1 10 6 2 4 3 9 8 
20180817806 5 1 3 9 7 10 8 4 2 6 
20180817807 2 5 3 7 1 4 10 6 8 9 
20180817808 4 9 2 7 5 3 10 1 6 8 
20180817809 1 5 7 9 6 2 8 3 10 4 
20180817810 1 4 10 7 8 5 3 6 9 2 
20180817811 8 2 10 7 6 3 9 5 4 1 
20180817812 2 1 3 7 10 6 4 9 8 5 
20180817813 8 2 10 6 7 4 1 5 3 9 
20180817814 9 6 7 3 8 10 4 5 2 1 
20180817815 9 3 2 7 6 1 8 4 10 5 
20180817816 6 8 5 3 10 9 4 1 2 7 
20180817817 4 6 3 8 9 10 7 2 1 5 
20180817818 3 1 6 8 7 4 5 9 2 10 
20180817819 6 4 8 5 3 9 10 7 1 2 
20180817820 8 3 6 4 2 10 7 9 5 1 
20180817821 10 5 8 6 3 1 2 7 9 4 
20180817822 6 3 10 4 1 5 7 9 2 8 
20180817823 10 2 1 4 7 5 3 8 9 6 
20180817824 3 8 4 1 9 5 2 6 10 7 
20180817825 10 5 2 9 1 4 8 7 3 6 
20180817826 7 2 5 10 9 3 6 8 4 1 
20180817827 1 9 4 10 7 6 2 8 3 5 
20180817828 6 2 8 1 9 5 3 4 7 10 
20180817829 5 4 1 9 6 3 7 10 2 8 
20180817830 2 7 10 4 1 5 6 8 3 9 
20180817831 3 10 9 4 8 7 2 6 1 5 
20180817832 1 8 2 5 10 6 7 4 3 9 
20180817833 5 4 8 10 1 6 2 7 3 9 
20180817834 8 3 1 6 10 7 2 4 9 5 
20180817835 5 9 3 6 2 1 4 8 10 7 
20180817836 4 2 7 1 10 8 6 3 5 9 
20180817837 7 8 9 4 10 1 3 2 6 5 
20180817838 9 2 7 1 5 8 6 4 10 3 
20180817839 6 3 10 9 1 5 4 7 8 2 
20180817840 10 2 6 1 4 9 5 3 7 8 
20180817841 8 6 9 2 4 7 1 5 3 10 
20180817842 10 6 5 7 9 3 4 1 2 8 
20180817843 10 3 6 5 9 2 4 7 8 1 
20180817844 4 5 2 3 8 10 6 7 9 1 
20180817845 5 7 1 10 2 8 3 9 6 4 
20180817846 3 4 5 8 2 9 7 10 1 6 
20180817847 2 3 4 5 9 1 10 8 7 6 
20180817848 10 6 3 8 1 2 7 9 4 5 
20180817849 10 3 7 9 4 8 2 6 1 5 
20180817850 9 3 1 6 7 4 10 2 8 5 
20180817851 3 9 8 1 5 7 4 10 2 6 
20180817852 2 10 6 5 1 9 8 4 7 3 
20180817853 1 5 6 9 4 7 8 10 3 2 
20180817854 10 8 9 6 2 4 7 5 1 3 
20180817855 2 7 8 4 9 1 6 5 10 3 
20180817856 6 7 4 9 10 8 2 5 1 3 
20180817857 6 3 5 4 10 8 9 1 2 7 
20180817858 4 2 8 6 5 3 10 1 9 7 
20180817859 9 2 3 5 1 8 6 7 10 4 
20180817860 9 2 8 3 6 5 1 7 4 10 
20180817861 2 5 8 6 7 9 1 3 10 4 
20180817862 9 3 2 7 6 5 10 8 4 1 
20180817863 1 2 5 9 3 8 10 7 4 6 
20180817864 8 9 1 10 7 5 2 6 4 3 
20180817865 10 2 7 8 9 6 5 3 1 4 
20180817866 6 3 10 4 7 5 1 8 2 9 
20180817867 8 2 3 5 4 7 10 1 9 6 
20180817868 7 9 2 10 8 5 1 4 3 6 
20180817869 4 5 2 3 10 6 7 8 1 9 
20180817870 10 2 3 5 8 9 6 1 4 7 
20180817871 9 6 1 2 8 4 3 5 7 10 
20180817872 1 6 10 2 8 9 3 4 7 5 
20180817873 7 9 10 1 3 6 8 5 4 2 
20180817874 6 9 7 5 2 1 8 4 10 3 
20180817875 1 3 8 5 4 7 9 10 2 6 
20180817876 5 3 1 4 10 8 2 6 7 9 
20180817877 6 9 2 8 7 3 10 5 1 4 
20180817878 1 8 4 9 3 6 10 2 7 5 
20180817879 8 4 6 10 3 7 5 2 1 9 
20180817880 8 7 4 1 5 2 9 3 6 10 
20180817881 5 4 10 8 6 7 1 9 3 2 
20180817882 7 4 6 8 3 10 5 1 9 2 
20180817883 2 5 6 4 9 8 3 10 7 1 
20180817884 2 1 5 10 3 6 9 7 8 4 
20180817885 7 9 10 2 5 1 4 6 8 3 
20180817886 9 6 7 2 4 8 10 3 1 5 
20180817887 4 1 2 5 6 7 10 9 3 8 
20180817888 9 3 8 1 10 7 4 5 2 6 
20180817889 7 1 3 5 4 10 6 2 9 8 
20180817890 6 4 7 8 2 5 10 3 9 1 
20180817891 2 9 6 8 3 7 5 4 10 1 
20180817892 3 1 4 7 8 9 6 10 5 2 
20180817893 9 5 4 8 6 1 10 2 3 7 
20180817894 1 5 8 3 6 10 9 7 4 2 
20180817895 5 9 3 8 7 4 6 2 1 10 
20180817896 6 7 2 5 3 1 9 4 8 10 
20180817897 5 8 9 4 7 6 2 10 1 3 
20180817898 7 10 5 6 8 3 9 4 1 2 
20180817899 4 6 1 9 5 7 2 3 8 10 
20180817900 9 4 7 2 1 6 10 8 5 3 
20180817901 7 5 10 4 9 2 3 8 6 1 
20180817902 3 1 2 8 5 9 7 10 4 6 
20180817903 7 1 2 3 8 9 6 4 10 5 
20180817904 3 5 9 4 8 2 6 10 7 1 
20180817905 10 2 6 4 9 5 1 8 3 7 
20180817906 1 9 6 3 4 2 7 8 5 10 
20180817907 7 5 9 3 10 6 1 2 8 4 
20180817908 10 7 1 6 2 3 9 8 5 4 
20180817909 2 6 9 8 5 3 4 1 10 7 
20180817910 9 3 7 1 2 8 6 5 4 10 
20180817911 10 9 2 8 4 1 7 6 3 5 
20180817912 9 5 1 8 6 10 3 4 2 7 
20180817913 3 7 6 8 1 9 5 2 10 4 
20180817914 3 1 8 4 6 10 2 5 9 7 
20180817915 2 3 8 7 10 5 9 6 1 4 
20180817916 7 2 8 6 1 5 4 3 9 10 
20180817917 7 5 4 9 8 3 10 1 6 2 
20180817918 10 1 2 9 6 8 4 7 3 5 
20180817919 1 6 4 9 7 3 5 8 10 2 
20180817920 8 10 2 1 5 3 9 6 4 7 
20180817921 1 5 10 6 4 7 9 8 3 2 
20180817922 1 3 10 4 9 8 2 7 5 6 
20180817923 1 10 2 5 3 6 7 9 4 8 
20180817924 5 3 9 6 10 2 4 8 7 1 
20180817925 9 3 2 7 6 5 4 8 10 1 
20180817926 5 3 9 10 2 1 8 6 7 4 
20180817927 8 5 7 4 10 3 9 2 1 6 
20180817928 10 6 5 1 2 4 9 3 8 7 
20180817929 6 2 8 3 9 7 4 5 10 1 
20180817930 5 4 7 9 1 3 2 6 10 8 
20180817931 3 6 9 8 5 4 7 10 2 1 
20180817932 4 9 10 7 2 5 3 6 1 8 
20180817933 2 1 4 6 5 10 9 3 7 8 
20180817934 1 2 10 3 5 8 4 6 7 9 
20180817935 3 7 2 9 8 6 10 4 5 1 
20180817936 1 6 9 2 10 8 4 5 7 3 
20180817937 7 3 6 4 2 1 10 8 5 9 
20180817938 8 3 10 1 5 6 7 4 2 9 
20180817939 8 4 1 2 10 6 3 9 5 7 
20180817940 4 6 9 10 3 1 7 8 2 5 
20180817941 7 3 5 10 9 4 8 6 2 1 
20180817942 4 10 3 1 6 8 2 7 5 9 
20180817943 3 10 7 8 2 6 4 5 1 9 
20180817944 5 8 3 4 1 9 2 7 10 6 
20180817945 4 1 5 7 8 9 2 10 6 3 
20180817946 8 9 6 5 3 1 7 10 4 2 
20180817947 2 7 4 9 1 10 8 6 5 3 
20180817948 4 3 6 2 5 7 8 1 9 10 
20180817949 9 10 1 6 4 8 2 7 3 5 
20180817950 10 3 2 7 6 4 9 5 8 1 
20180817951 6 2 4 1 10 7 3 8 9 5 
20180817952 1 2 10 9 3 8 4 7 5 6 
20180817953 1 6 2 5 4 7 10 8 3 9 
20180817954 3 9 2 4 10 5 8 6 7 1 
20180817955 8 1 5 7 10 4 3 2 6 9 
20180817956 4 9 6 7 10 2 1 3 5 8 
20180817957 8 4 5 2 7 6 3 9 1 10 
20180817958 9 2 3 1 4 7 8 10 6 5 
20180817959 5 9 4 8 3 2 1 10 7 6 
20180817960 3 5 1 6 2 8 10 9 4 7 
20180817961 8 4 10 5 3 1 6 7 2 9 
20180817962 9 8 6 3 1 2 4 10 5 7 
20180817963 10 8 3 1 9 4 2 5 6 7 
20180817964 3 6 5 10 7 4 2 8 1 9 
20180817965 7 1 4 2 9 8 10 5 6 3 
20180817966 1 8 6 4 10 5 3 9 7 2 
20180817967 9 10 2 5 3 6 8 4 7 1 
20180817968 6 10 9 1 2 8 7 3 5 4 
20180817969 7 1 5 2 6 3 9 10 8 4 
20180817970 3 9 8 7 6 2 4 5 1 10 
20180817971 6 7 1 8 2 5 9 10 3 4 
20180817972 6 7 9 2 5 4 10 3 8 1 
20180817973 6 7 10 4 8 2 1 5 9 3 
20180817974 1 9 6 3 2 4 8 7 5 10 
20180817975 5 10 3 6 2 4 1 7 9 8 
20180817976 6 4 3 7 1 5 2 10 8 9 
20180817977 3 1 10 6 8 4 7 2 9 5 
20180817978 1 5 4 7 9 10 3 6 2 8 
20180817979 3 7 2 4 10 9 5 8 6 1 
20180817980 8 2 10 5 7 9 4 3 1 6 
20180817981 9 3 8 4 6 5 1 7 2 10 
20180817982 10 7 6 5 3 4 9 1 2 8 
20180817983 5 6 8 9 3 2 10 7 1 4 
20180817984 8 2 6 7 10 9 3 4 1 5 
20180817985 6 9 5 7 3 4 2 10 1 8 
