20180828181 9 6 4 2 10 3 7 5 8 1 
20180828182 10 2 6 4 9 1 8 5 7 3 
20180828183 3 9 10 6 1 2 5 8 7 4 
20180828184 1 8 3 7 4 9 2 5 6 10 
20180828185 3 2 4 1 6 5 8 7 9 10 
20180828186 10 5 8 9 6 2 1 4 3 7 
20180828187 3 1 4 7 6 9 2 10 5 8 
20180828188 7 10 6 1 3 8 5 9 4 2 
20180828189 9 1 7 10 5 8 6 3 2 4 
20180828190 4 2 10 5 9 3 8 6 7 1 
20180828191 10 8 9 1 4 2 7 6 5 3 
20180828192 7 2 3 4 9 5 8 1 10 6 
20180828193 4 10 7 3 1 6 5 9 8 2 
20180828194 4 10 5 6 8 2 7 9 3 1 
20180828195 8 1 6 2 5 7 3 10 4 9 
20180828196 10 1 5 6 4 8 7 2 9 3 
20180828197 6 10 7 5 2 3 4 9 8 1 
20180828198 9 5 2 6 4 10 3 8 7 1 
20180828199 10 7 2 6 1 9 8 3 4 5 
20180828200 8 3 9 6 4 5 7 2 10 1 
20180828201 1 10 7 6 3 2 5 8 9 4 
20180828202 3 4 1 9 5 10 2 8 6 7 
20180828203 10 4 2 8 9 6 3 7 5 1 
20180828204 3 8 9 5 10 7 2 1 4 6 
20180828205 1 7 3 5 2 6 10 4 8 9 
20180828206 7 8 1 2 4 6 3 5 10 9 
20180828207 7 6 4 8 10 3 9 2 1 5 
20180828208 9 7 4 1 8 3 2 10 5 6 
20180828209 4 1 10 5 8 6 3 7 2 9 
20180828210 5 9 6 2 3 8 7 10 4 1 
20180828211 6 9 8 2 10 1 7 5 4 3 
20180828212 6 4 2 9 5 1 8 10 3 7 
20180828213 9 7 6 5 3 2 4 10 1 8 
20180828214 1 6 10 9 4 7 3 8 2 5 
20180828215 2 5 1 10 8 3 9 7 6 4 
20180828216 8 1 4 7 5 3 6 2 10 9 
20180828217 9 4 6 8 3 10 2 5 1 7 
20180828218 10 4 8 3 5 7 9 6 1 2 
20180828219 6 9 2 4 1 7 10 8 3 5 
20180828220 3 1 7 2 5 10 9 8 4 6 
20180828221 9 3 2 1 6 7 10 8 4 5 
20180828222 2 9 4 1 10 5 6 7 3 8 
20180828223 9 1 5 10 7 2 8 4 3 6 
20180828224 9 8 4 1 5 10 6 7 2 3 
20180828225 10 7 2 6 4 8 9 3 5 1 
20180828226 10 4 6 5 7 3 9 8 1 2 
20180828227 5 6 2 3 1 10 9 8 4 7 
20180828228 10 2 9 1 7 4 3 8 5 6 
20180828229 2 4 6 7 5 8 9 10 1 3 
20180828230 1 10 4 6 5 7 9 2 8 3 
20180828231 10 2 6 3 8 5 9 7 1 4 
20180828232 3 8 2 5 6 10 9 1 4 7 
20180828233 5 6 10 7 4 3 2 9 1 8 
20180828234 5 10 3 4 1 6 2 9 8 7 
20180828235 6 8 1 2 9 7 4 10 3 5 
20180828236 2 4 6 1 9 5 8 10 7 3 
20180828237 10 7 8 9 4 6 5 1 3 2 
20180828238 4 8 6 9 2 7 5 3 1 10 
20180828239 7 2 8 5 1 10 9 3 6 4 
20180828240 3 5 1 8 2 9 6 7 4 10 
20180828241 3 7 1 2 9 4 8 10 6 5 
20180828242 4 10 8 9 1 3 5 6 7 2 
20180828243 3 1 2 7 9 6 5 4 10 8 
20180828244 5 8 2 10 1 4 3 7 6 9 
20180828245 5 6 9 1 4 7 8 10 2 3 
20180828246 10 6 8 2 5 9 3 1 4 7 
20180828247 6 9 3 5 7 8 10 2 4 1 
20180828248 7 1 10 4 8 9 3 5 2 6 
20180828249 6 9 8 10 7 2 1 4 3 5 
20180828250 2 1 4 8 10 6 3 5 9 7 
20180828251 3 10 6 4 9 2 5 8 7 1 
20180828252 6 10 3 4 1 5 8 7 2 9 
20180828253 8 3 7 2 10 9 1 5 6 4 
20180828254 5 3 9 10 7 1 8 4 2 6 
20180828255 5 7 2 8 4 1 3 6 10 9 
20180828256 2 9 7 6 3 1 4 5 8 10 
20180828257 8 5 7 3 6 4 9 2 1 10 
20180828258 6 3 2 8 7 9 4 1 5 10 
20180828259 1 6 2 7 9 3 8 10 4 5 
20180828260 6 1 2 5 4 10 7 3 8 9 
20180828261 10 4 2 8 5 3 7 1 6 9 
20180828262 5 1 2 9 4 10 8 7 3 6 
20180828263 9 4 8 10 5 1 2 3 6 7 
20180828264 8 3 6 10 9 4 7 2 5 1 
20180828265 8 9 7 6 5 10 3 4 2 1 
20180828266 5 9 1 7 6 8 2 10 3 4 
20180828267 7 3 4 1 5 10 6 9 8 2 
20180828268 1 3 8 10 9 7 6 4 2 5 
20180828269 1 10 4 7 6 3 2 5 9 8 
20180828270 10 4 1 6 5 9 7 3 8 2 
20180828271 10 5 1 2 9 8 7 3 4 6 
20180828272 4 10 8 1 9 3 6 5 7 2 
20180828273 4 9 8 6 7 10 2 1 5 3 
20180828274 4 2 8 1 9 5 7 6 3 10 
20180828275 3 2 6 7 10 5 8 4 9 1 
20180828276 8 1 4 6 9 2 3 7 5 10 
20180828277 3 4 7 6 1 9 2 10 5 8 
20180828278 4 1 10 8 5 2 9 6 7 3 
20180828279 5 10 7 2 9 8 4 1 3 6 
20180828280 5 6 10 4 8 1 2 7 9 3 
20180828281 1 3 8 2 9 10 4 7 5 6 
20180828282 5 10 3 2 6 9 8 1 4 7 
20180828283 5 4 3 2 6 7 8 10 1 9 
20180828284 1 5 2 3 6 10 8 9 4 7 
20180828285 6 10 2 7 4 8 9 5 3 1 
20180828286 6 7 8 9 1 2 4 10 5 3 
20180828287 3 4 1 6 8 10 5 7 9 2 
20180828288 2 6 9 10 3 5 1 7 8 4 
20180828289 8 7 9 6 2 5 1 4 10 3 
20180828290 9 1 6 5 4 3 7 10 2 8 
20180828291 3 7 1 6 10 4 2 9 5 8 
20180828292 9 10 6 3 7 1 5 8 4 2 
20180828293 1 7 10 8 9 2 3 4 5 6 
20180828294 9 2 8 5 3 4 10 7 1 6 
20180828295 8 9 10 7 1 4 2 3 6 5 
20180828296 9 3 1 6 10 5 4 8 7 2 
20180828297 7 3 2 6 4 8 1 10 5 9 
20180828298 1 3 9 7 6 10 5 2 4 8 
20180828299 4 9 6 10 7 5 8 1 3 2 
20180828300 9 5 2 4 3 10 1 7 8 6 
20180828301 6 2 7 10 1 9 4 8 5 3 
20180828302 4 9 6 7 1 10 8 2 5 3 
20180828303 4 7 1 5 9 8 6 10 2 3 
20180828304 6 9 7 8 1 2 4 5 3 10 
20180828305 10 6 9 5 2 7 1 8 3 4 
20180828306 10 8 5 9 4 6 7 1 2 3 
20180828307 2 7 4 8 6 5 9 3 10 1 
20180828308 1 2 9 8 5 7 6 10 4 3 
20180828309 2 5 10 8 6 7 1 3 9 4 
20180828310 4 9 2 8 10 7 6 3 5 1 
20180828311 9 8 2 10 7 4 3 5 6 1 
20180828312 3 10 4 5 7 2 9 8 6 1 
20180828313 7 9 2 1 5 3 4 8 10 6 
20180828314 3 6 10 9 7 2 4 8 1 5 
20180828315 2 10 9 5 7 8 3 6 1 4 
20180828316 1 8 10 7 9 4 3 2 6 5 
20180828317 9 5 7 1 8 4 3 2 10 6 
20180828318 3 1 8 10 6 7 4 5 9 2 
20180828319 8 9 7 6 2 3 4 1 10 5 
20180828320 10 1 8 2 9 4 7 3 6 5 
20180828321 9 7 2 6 4 1 5 8 10 3 
20180828322 4 8 3 10 5 2 7 9 6 1 
20180828323 3 4 10 7 9 1 2 6 5 8 
20180828324 8 1 6 10 5 2 9 7 3 4 
20180828325 2 8 4 3 5 7 9 6 10 1 
20180828326 1 4 3 5 7 8 10 2 9 6 
20180828327 3 6 1 8 9 4 5 2 10 7 
20180828328 2 3 9 10 1 4 8 6 5 7 
20180828329 3 8 7 1 6 5 2 4 10 9 
20180828330 4 5 6 7 9 8 10 2 3 1 
20180828331 2 10 9 4 6 7 5 3 8 1 
20180828332 7 10 9 2 8 5 6 3 4 1 
20180828333 3 2 5 8 9 10 4 1 6 7 
20180828334 3 1 5 8 10 4 9 6 7 2 
20180828335 8 9 7 2 4 3 1 6 10 5 
20180828336 1 10 3 7 4 5 2 6 9 8 
20180828337 7 6 9 10 3 1 4 2 8 5 
20180828338 9 8 3 5 1 2 10 7 4 6 
20180828339 7 9 8 6 4 2 3 1 5 10 
20180828340 9 3 5 6 7 8 10 2 1 4 
20180828341 3 6 7 10 8 5 9 4 1 2 
20180828342 5 6 9 3 10 1 2 4 7 8 
20180828343 1 4 10 7 9 5 2 8 3 6 
20180828344 2 9 5 10 4 6 7 1 8 3 
20180828345 7 6 9 5 4 3 2 10 8 1 
20180828346 8 1 6 4 10 3 9 7 5 2 
20180828347 10 8 6 2 5 9 4 7 1 3 
20180828348 7 6 4 10 3 1 9 8 2 5 
20180828349 7 2 9 4 6 8 1 10 5 3 
20180828350 8 6 4 9 7 2 1 5 10 3 
20180828351 2 1 7 3 8 4 10 6 5 9 
20180828352 1 2 9 4 3 5 10 6 7 8 
20180828353 4 9 10 5 7 6 3 2 1 8 
20180828354 1 7 2 6 3 10 9 8 4 5 
20180828355 6 7 1 5 2 8 4 9 3 10 
20180828356 7 2 5 4 10 1 9 8 3 6 
20180828357 6 3 9 5 10 1 2 8 7 4 
20180828358 6 8 2 4 10 9 1 7 5 3 
20180828359 1 8 5 7 10 4 2 9 3 6 
20180828360 3 8 9 10 6 4 5 7 2 1 
20180828361 7 3 4 10 5 2 6 9 1 8 
20180828362 2 5 6 8 4 9 1 7 10 3 
20180828363 9 7 4 10 1 5 6 2 8 3 
20180828364 7 5 6 3 9 2 8 10 1 4 
20180828365 2 6 4 8 1 7 9 5 3 10 
20180828366 8 4 7 1 6 5 3 2 9 10 
20180828367 5 2 7 9 3 6 10 4 8 1 
20180828368 1 5 4 2 7 8 9 3 6 10 
20180828369 2 7 1 5 8 4 9 10 3 6 
20180828370 6 3 7 1 2 8 10 5 4 9 
20180828371 9 3 5 6 10 1 4 8 2 7 
20180828372 9 4 6 8 3 5 1 2 10 7 
20180828373 2 9 7 1 10 6 4 5 8 3 
20180828374 3 4 8 1 5 9 6 10 7 2 
20180828375 2 3 7 6 8 1 4 10 5 9 
20180828376 9 2 3 1 6 8 7 5 4 10 
20180828377 1 10 3 5 4 9 2 8 6 7 
20180828378 8 9 3 5 6 7 2 4 10 1 
20180828379 1 8 3 9 6 10 4 5 2 7 
20180828380 1 2 5 10 8 7 9 4 3 6 
20180828381 8 2 4 5 7 6 3 1 9 10 
20180828382 1 4 3 5 9 2 7 8 6 10 
20180828383 10 1 7 9 5 4 8 6 2 3 
20180828384 7 4 8 3 9 10 1 6 2 5 
20180828385 1 3 10 7 9 4 5 6 2 8 
20180828386 3 4 9 2 5 6 10 7 8 1 
20180828387 8 9 5 7 10 1 4 2 3 6 
20180828388 5 9 4 6 10 2 3 8 1 7 
20180828389 1 2 3 7 8 4 10 5 6 9 
20180828390 10 7 9 5 8 3 1 2 6 4 
20180828391 2 8 4 6 9 7 10 5 3 1 
20180828392 4 7 9 1 6 10 8 2 5 3 
20180828393 6 8 1 5 3 7 9 4 10 2 
20180828394 8 7 5 10 3 6 9 4 1 2 
20180828395 5 6 8 2 4 1 9 3 7 10 
20180828396 5 3 9 1 6 4 7 8 2 10 
20180828397 5 8 10 9 6 2 4 1 3 7 
20180828398 8 4 5 10 7 3 6 2 9 1 
20180828399 1 10 9 3 5 6 7 4 2 8 
20180828400 4 1 3 6 10 9 8 2 5 7 
20180828401 6 5 9 8 1 10 2 4 3 7 
20180828402 7 3 6 10 2 5 8 4 1 9 
20180828403 8 4 5 6 9 1 2 10 3 7 
20180828404 9 7 2 6 10 1 3 8 4 5 
20180828405 9 8 3 6 10 1 5 2 4 7 
20180828406 4 9 7 1 6 3 10 5 2 8 
20180828407 9 4 5 10 6 7 8 3 1 2 
20180828408 8 1 3 4 6 10 7 9 5 2 
20180828409 4 5 3 8 9 10 1 6 7 2 
20180828410 7 6 2 3 5 8 1 4 9 10 
20180828411 7 1 4 8 2 5 3 10 9 6 
20180828412 3 1 8 10 2 7 9 6 5 4 
20180828413 6 3 7 8 2 5 9 4 10 1 
20180828414 4 10 9 7 1 5 8 2 3 6 
20180828415 6 5 4 8 1 9 10 7 3 2 
20180828416 6 9 8 10 3 4 5 7 1 2 
20180828417 3 4 6 9 8 10 2 7 1 5 
20180828418 7 2 10 4 1 3 5 8 9 6 
20180828419 8 7 10 5 2 1 4 3 9 6 
20180828420 3 4 1 5 2 6 9 8 10 7 
20180828421 3 10 2 4 7 6 9 5 1 8 
20180828422 10 9 7 8 6 3 1 4 5 2 
20180828423 3 5 1 6 7 4 2 8 10 9 
20180828424 5 3 8 2 7 6 9 1 4 10 
20180828425 5 6 10 1 2 9 4 3 7 8 
20180828426 5 9 7 6 1 10 4 8 3 2 
20180828427 9 2 10 4 6 7 8 1 5 3 
20180828428 3 4 7 10 9 5 2 8 6 1 
20180828429 5 4 1 8 7 2 3 10 9 6 
20180828430 4 9 6 10 1 5 7 2 8 3 
20180828431 1 9 5 3 6 2 10 8 4 7 
20180828432 1 10 7 8 9 5 6 2 4 3 
20180828433 9 3 2 7 5 6 10 4 1 8 
20180828434 10 3 7 8 5 6 2 9 1 4 
20180828435 10 5 1 4 7 3 6 2 8 9 
20180828436 8 7 10 3 9 2 1 5 4 6 
20180828437 5 9 10 1 6 4 8 7 3 2 
20180828438 10 6 5 9 1 7 4 8 2 3 
20180828439 8 3 10 7 1 4 6 9 2 5 
20180828440 2 5 10 9 6 7 1 8 4 3 
20180828441 6 3 5 4 7 8 1 10 9 2 
20180828442 4 9 8 7 3 2 6 1 10 5 
20180828443 6 3 8 5 2 9 4 1 10 7 
20180828444 4 3 5 10 2 1 6 9 8 7 
20180828445 3 5 10 1 9 2 6 7 8 4 
20180828446 1 5 8 3 10 9 6 7 2 4 
20180828447 3 10 5 9 1 6 8 2 7 4 
20180828448 7 8 10 9 3 4 5 2 1 6 
20180828449 10 6 8 4 7 2 5 9 1 3 
20180828450 6 9 10 5 2 4 3 7 1 8 
20180828451 6 9 1 2 8 5 10 7 4 3 
20180828452 5 7 10 4 6 8 9 1 3 2 
20180828453 4 5 10 6 7 1 9 2 8 3 
20180828454 5 4 1 6 3 8 2 7 10 9 
20180828455 4 8 5 7 6 10 1 9 3 2 
20180828456 3 10 7 2 1 9 4 8 5 6 
20180828457 1 8 6 5 10 2 3 7 4 9 
20180828458 7 6 3 9 5 8 10 4 2 1 
20180828459 6 7 8 10 2 5 3 1 9 4 
20180828460 8 7 5 6 2 4 10 9 3 1 
20180828461 4 6 9 1 8 10 2 7 5 3 
20180828462 8 1 4 10 5 9 6 2 7 3 
20180828463 9 10 7 4 3 1 8 6 2 5 
20180828464 5 6 7 2 3 8 9 10 4 1 
20180828465 2 9 8 10 3 4 7 5 1 6 
20180828466 4 5 3 9 2 8 10 6 1 7 
20180828467 6 9 8 4 1 5 3 10 2 7 
20180828468 4 5 10 7 9 3 2 6 1 8 
20180828469 9 7 8 5 2 1 4 6 10 3 
20180828470 2 1 5 6 8 9 4 10 7 3 
20180828471 10 8 6 3 7 9 2 5 4 1 
20180828472 1 2 5 4 6 9 8 10 7 3 
20180828473 6 4 10 2 7 1 3 5 9 8 
20180828474 7 3 1 5 2 6 8 9 10 4 
20180828475 1 7 2 8 4 5 9 3 6 10 
20180828476 2 1 3 8 7 6 4 5 10 9 
20180828477 10 5 1 7 2 3 8 9 6 4 
20180828478 2 1 4 6 9 10 7 5 8 3 
20180828479 6 10 9 5 1 3 2 7 4 8 
20180828480 1 5 4 6 3 9 8 2 10 7 
20180828481 5 6 8 4 1 10 9 7 2 3 
20180828482 8 7 5 4 9 2 6 3 10 1 
20180828483 7 2 5 8 4 1 6 10 9 3 
20180828484 4 9 8 10 2 3 1 5 7 6 
20180828485 9 5 8 3 4 6 10 2 7 1 
20180828486 7 10 1 8 4 6 9 3 2 5 
20180828487 5 3 2 10 9 6 1 8 7 4 
20180828488 5 7 4 9 1 2 8 10 6 3 
20180828489 1 5 7 8 4 2 10 9 3 6 
20180828490 5 3 2 9 8 10 1 6 7 4 
20180828491 7 3 9 4 8 5 2 6 1 10 
20180828492 1 5 10 7 6 3 2 9 4 8 
20180828493 2 7 4 8 5 1 9 6 10 3 
20180828494 5 10 9 8 3 1 4 2 7 6 
20180828495 9 3 6 4 5 1 8 7 2 10 
20180828496 8 6 4 3 9 5 1 10 2 7 
20180828497 6 4 1 3 2 5 10 9 7 8 
20180828498 9 2 7 6 3 10 4 1 5 8 
20180828499 2 8 10 9 6 3 7 4 1 5 
20180828500 9 2 1 10 8 7 6 4 3 5 
20180828501 2 1 4 9 3 6 7 8 10 5 
20180828502 1 2 6 4 8 10 9 7 3 5 
20180828503 6 4 10 7 2 5 1 8 9 3 
20180828504 3 7 10 6 2 8 1 9 4 5 
20180828505 10 1 3 9 7 5 8 2 4 6 
20180828506 1 9 4 8 5 6 2 7 10 3 
20180828507 9 1 7 2 6 10 5 4 8 3 
20180828508 10 9 7 1 8 3 6 2 4 5 
20180828509 8 1 4 3 6 10 7 5 9 2 
20180828510 10 6 7 1 3 5 2 9 8 4 
20180828511 4 6 7 8 9 1 2 3 5 10 
20180828512 5 9 2 6 8 3 7 1 4 10 
20180828513 7 1 4 2 5 10 3 8 9 6 
20180828514 2 5 9 4 7 1 6 8 10 3 
20180828515 1 5 10 2 7 4 6 3 8 9 
20180828516 9 7 1 4 5 2 6 10 8 3 
20180828517 9 4 1 5 2 10 6 8 3 7 
20180828518 8 7 6 2 5 1 9 4 10 3 
20180828519 1 8 2 9 6 4 10 5 3 7 
20180828520 5 2 1 4 6 10 7 8 9 3 
20180828521 8 6 10 9 3 2 1 4 7 5 
20180828522 10 1 3 5 7 2 4 9 6 8 
20180828523 4 10 8 9 2 1 7 6 5 3 
20180828524 5 10 1 2 9 3 4 8 6 7 
20180828525 10 5 1 9 3 6 8 2 4 7 
20180828526 2 9 6 1 5 3 7 8 10 4 
20180828527 4 6 7 3 8 2 9 1 10 5 
20180828528 5 9 4 6 1 10 3 2 8 7 
20180828529 1 7 3 8 2 5 6 9 4 10 
20180828530 3 10 1 8 6 5 4 2 7 9 
20180828531 2 1 7 8 3 6 4 9 10 5 
20180828532 3 2 1 8 9 5 6 10 4 7 
20180828533 2 1 4 10 3 8 5 6 7 9 
20180828534 6 9 10 3 1 7 2 5 8 4 
20180828535 5 10 2 3 1 7 6 4 9 8 
20180828536 9 1 5 7 4 10 3 8 6 2 
20180828537 7 1 8 2 3 4 6 9 10 5 
20180828538 4 6 3 2 1 5 9 8 7 10 
20180828539 7 1 9 10 4 3 6 5 2 8 
20180828540 9 3 10 6 8 7 2 4 1 5 
20180828541 5 7 6 2 4 8 9 3 1 10 
20180828542 9 2 1 5 8 10 4 7 3 6 
20180828543 3 2 9 1 7 6 10 4 8 5 
20180828544 9 3 7 5 1 4 2 8 6 10 
20180828545 7 2 8 5 10 4 9 6 3 1 
20180828546 8 10 7 3 2 5 6 1 4 9 
20180828547 10 6 3 4 2 7 9 1 8 5 
20180828548 3 7 6 10 5 1 9 8 4 2 
20180828549 2 3 7 9 5 6 4 10 1 8 
20180828550 5 3 6 2 8 4 1 7 9 10 
20180828551 7 2 5 4 1 9 10 3 8 6 
20180828552 1 9 7 4 6 3 10 2 5 8 
20180828553 9 6 2 1 5 8 3 10 7 4 
20180828554 2 10 1 6 4 8 9 5 3 7 
20180828555 6 4 5 10 7 8 2 3 1 9 
20180828556 6 8 1 4 9 10 7 5 3 2 
20180828557 1 9 10 5 8 4 6 2 7 3 
20180828558 10 9 4 1 8 6 5 3 2 7 
20180828559 5 10 8 7 1 9 6 3 2 4 
20180828560 4 5 10 8 6 2 7 9 3 1 
20180828561 4 6 1 8 9 3 2 5 7 10 
20180828562 3 5 9 1 8 4 2 10 7 6 
20180828563 8 7 4 5 3 9 2 10 1 6 
20180828564 7 5 3 9 4 8 10 2 6 1 
20180828565 7 5 3 4 1 2 8 6 9 10 
20180828566 4 7 8 10 3 5 9 6 2 1 
20180828567 6 3 10 7 4 5 2 9 8 1 
20180828568 6 7 2 1 5 10 9 4 3 8 
20180828569 2 7 10 6 3 5 9 1 4 8 
20180828570 9 5 4 1 8 3 7 10 6 2 
20180828571 7 1 4 10 9 2 6 5 8 3 
20180828572 2 4 1 3 8 5 6 9 7 10 
20180828573 8 5 2 3 1 9 7 6 4 10 
20180828574 7 6 1 5 9 3 8 10 2 4 
20180828575 8 10 5 2 4 3 6 7 9 1 
20180828576 9 10 2 8 3 7 5 4 1 6 
20180828577 7 4 3 5 8 6 9 1 2 10 
20180828578 3 5 7 2 6 1 9 10 8 4 
20180828579 7 3 5 1 9 6 2 8 4 10 
20180828580 3 2 7 9 6 10 5 8 4 1 
20180828581 1 7 8 4 5 9 3 10 6 2 
20180828582 3 4 8 9 5 7 1 10 2 6 
20180828583 9 2 3 10 4 8 1 5 6 7 
20180828584 3 4 2 7 8 9 10 1 6 5 
20180828585 10 5 1 9 6 3 8 7 2 4 
20180828586 4 1 3 8 5 2 6 9 7 10 
20180828587 3 7 5 1 10 2 8 6 4 9 
20180828588 2 7 4 3 6 5 1 9 8 10 
20180828589 10 6 1 7 2 3 8 9 5 4 
20180828590 5 8 6 2 1 3 4 7 9 10 
20180828591 8 9 1 10 3 5 6 4 7 2 
20180828592 6 1 4 5 8 7 3 10 2 9 
20180828593 4 2 5 10 1 8 9 6 3 7 
20180828594 2 6 3 9 7 8 10 1 4 5 
20180828595 6 1 3 9 4 7 10 2 8 5 
20180828597 8 10 4 3 1 6 2 5 7 9 
20180828598 10 4 7 2 1 3 5 6 9 8 
20180828599 5 8 3 7 6 2 9 4 1 10 
20180828600 9 4 5 8 7 6 10 3 1 2 
20180828601 4 10 5 8 1 2 9 7 6 3 
20180828602 2 3 4 1 7 10 5 9 6 8 
20180828603 2 10 5 4 7 9 3 1 8 6 
20180828604 9 7 1 4 3 6 2 5 10 8 
20180828605 4 6 5 3 8 1 10 7 2 9 
20180828606 4 8 2 5 7 10 1 3 6 9 
20180828607 2 3 7 10 9 5 4 1 6 8 
20180828608 4 3 10 8 9 6 7 2 5 1 
20180828609 9 2 5 1 6 8 10 3 4 7 
20180828610 10 2 9 8 6 7 3 5 1 4 
20180828611 4 1 3 8 9 7 5 6 10 2 
20180828612 10 5 4 2 8 1 9 7 3 6 
20180828613 3 4 7 9 1 2 8 10 5 6 
20180828614 1 8 5 9 7 6 2 4 3 10 
20180828615 2 9 7 1 10 3 5 4 8 6 
20180828616 1 5 7 9 8 3 2 10 4 6 
20180828617 5 1 3 4 8 6 10 7 2 9 
20180828618 4 3 7 2 1 6 9 5 10 8 
20180828619 2 1 3 4 5 10 9 7 6 8 
20180828620 4 6 1 3 7 5 2 9 8 10 
20180828621 4 1 7 5 9 8 6 3 2 10 
20180828622 7 8 5 10 6 1 2 9 4 3 
20180828623 5 6 4 9 10 3 1 8 7 2 
20180828624 9 7 3 1 4 2 6 10 5 8 
20180828625 9 10 8 4 5 7 3 1 6 2 
20180828626 8 10 7 1 2 9 4 3 6 5 
20180828627 3 1 9 6 2 8 5 7 10 4 
20180828628 5 10 9 6 7 4 8 1 2 3 
20180828629 1 6 10 7 4 3 5 2 8 9 
20180828630 8 1 9 10 5 7 4 6 2 3 
20180828631 10 1 3 9 4 5 6 8 2 7 
20180828632 7 1 2 3 6 5 9 8 10 4 
20180828633 3 9 6 10 7 5 4 1 8 2 
20180828634 5 4 8 10 2 9 7 1 3 6 
20180828635 2 5 8 3 7 1 10 9 4 6 
20180828636 2 9 3 10 8 7 6 5 4 1 
20180828637 10 3 2 5 8 9 7 4 1 6 
20180828638 9 10 5 7 3 1 8 2 4 6 
20180828639 5 8 9 6 7 4 3 1 10 2 
20180828640 2 5 9 10 3 8 7 6 4 1 
20180828641 4 2 8 1 5 7 10 9 3 6 
20180828642 10 4 7 8 9 1 2 5 6 3 
20180828643 9 1 6 2 5 10 8 4 7 3 
20180828644 10 9 1 7 2 8 5 6 3 4 
20180828645 5 2 6 1 7 10 3 4 8 9 
20180828646 9 8 6 5 7 4 2 10 1 3 
20180828647 1 10 8 4 2 6 9 5 7 3 
20180828648 7 1 3 10 6 8 2 9 4 5 
20180828649 4 2 7 8 10 9 6 3 5 1 
20180828650 3 2 6 1 4 9 7 10 5 8 
20180828651 1 10 5 2 8 3 7 6 4 9 
20180828652 10 9 2 5 6 8 4 3 7 1 
20180828653 8 4 7 6 3 9 10 1 5 2 
20180828654 5 3 10 7 1 8 2 6 9 4 
20180828655 10 3 9 7 5 4 8 1 6 2 
20180828656 9 6 8 4 2 10 3 5 1 7 
20180828657 9 5 10 4 6 2 8 7 1 3 
20180828658 3 5 2 7 8 10 4 1 6 9 
20180828659 10 2 1 3 6 7 4 9 8 5 
20180828660 2 9 3 5 10 1 6 7 8 4 
20180828661 2 7 1 5 10 3 8 4 6 9 
20180828662 10 3 9 2 6 1 4 8 7 5 
20180828663 4 1 5 10 7 2 6 8 3 9 
20180828664 8 3 1 7 4 6 2 5 9 10 
20180828665 10 6 8 4 9 2 1 3 7 5 
20180828666 3 10 2 4 9 5 1 8 7 6 
20180828667 3 4 9 10 6 5 8 1 7 2 
20180828668 3 1 5 6 2 4 10 7 9 8 
20180828669 6 3 10 8 5 7 9 1 4 2 
20180828670 3 5 7 6 9 4 1 2 10 8 
20180828671 4 2 7 5 9 1 10 6 8 3 
20180828672 5 2 9 6 8 7 1 10 4 3 
20180828673 2 4 8 5 6 9 1 3 7 10 
20180828674 1 8 4 10 6 7 5 9 2 3 
20180828675 10 8 6 2 1 3 4 7 9 5 
20180828676 2 4 6 10 7 8 3 9 1 5 
20180828677 6 7 8 3 1 9 4 2 10 5 
20180828678 10 8 1 5 3 6 2 7 4 9 
20180828679 5 9 10 4 6 2 1 3 8 7 
20180828680 2 5 1 10 3 6 4 8 9 7 
20180828681 8 6 5 2 4 3 7 1 10 9 
20180828682 7 9 3 6 8 4 1 2 10 5 
20180828683 3 4 9 5 6 10 2 8 7 1 
20180828684 4 2 8 1 5 9 3 10 6 7 
20180828685 8 9 1 4 5 3 7 2 10 6 
20180828686 3 6 5 9 4 7 8 1 2 10 
20180828687 5 8 9 2 7 4 1 3 10 6 
20180828688 5 6 9 8 1 2 3 10 7 4 
20180828689 4 10 1 7 8 6 3 5 9 2 
20180828690 8 1 10 5 9 4 6 2 3 7 
20180828691 2 6 9 1 10 8 3 5 4 7 
20180828692 7 10 2 8 5 9 6 3 4 1 
20180828693 5 1 2 10 4 8 9 3 7 6 
20180828694 3 5 8 1 7 6 4 9 2 10 
20180828695 8 9 3 2 7 6 10 4 1 5 
20180828696 10 3 4 6 2 9 7 5 8 1 
20180828697 4 1 6 3 8 10 5 7 2 9 
20180828698 8 4 3 10 2 6 5 9 1 7 
20180828699 4 9 5 10 6 7 3 2 8 1 
20180828700 5 3 8 1 4 7 6 9 10 2 
20180828701 4 7 3 10 8 6 5 9 2 1 
20180828702 10 3 9 7 4 5 2 6 8 1 
20180828703 5 1 7 2 4 10 9 3 6 8 
20180828704 5 7 3 6 8 2 4 1 9 10 
20180828705 8 6 9 4 7 2 3 10 1 5 
20180828706 6 2 3 10 4 8 9 5 7 1 
20180828707 2 6 1 5 3 8 9 7 4 10 
20180828708 1 5 10 4 8 9 2 6 3 7 
20180828709 1 7 3 2 9 8 10 4 5 6 
20180828710 6 1 10 4 5 3 2 9 7 8 
20180828711 5 3 7 1 8 2 4 9 10 6 
20180828712 4 9 10 7 2 1 5 3 6 8 
20180828713 8 1 6 2 4 5 9 3 10 7 
20180828714 5 8 3 6 7 2 9 1 4 10 
20180828715 4 5 9 8 10 6 3 2 1 7 
20180828716 5 2 7 3 6 10 8 1 9 4 
20180828717 9 4 2 6 5 3 1 10 7 8 
20180828718 3 4 10 8 6 9 2 7 1 5 
20180828719 5 1 4 8 6 9 7 2 10 3 
20180828720 9 5 3 10 2 4 1 8 7 6 
20180828721 4 9 5 6 8 3 10 1 7 2 
20180828722 8 6 9 3 10 1 7 5 2 4 
20180828723 10 4 7 9 3 1 5 6 2 8 
20180828724 9 1 7 5 2 4 10 3 8 6 
20180828725 7 1 10 3 6 2 4 8 5 9 
20180828726 5 8 10 2 3 7 6 9 1 4 
20180828727 6 2 10 1 4 9 3 5 8 7 
20180828728 3 5 9 1 8 2 7 6 4 10 
20180828729 10 2 4 9 8 3 5 6 7 1 
20180828730 8 3 7 1 4 5 6 10 9 2 
20180828731 1 7 2 10 6 3 5 8 4 9 
20180828732 4 5 7 10 6 9 8 1 3 2 
20180828733 10 8 6 5 1 3 9 7 4 2 
20180828734 5 10 9 7 1 8 2 3 4 6 
20180828735 2 6 1 4 5 8 9 7 10 3 
20180828736 4 6 5 9 7 1 10 3 2 8 
20180828737 8 3 6 4 1 10 2 5 9 7 
20180828738 9 2 10 3 8 5 7 1 6 4 
20180828739 1 5 6 4 7 2 3 10 8 9 
20180828740 2 3 9 1 7 5 6 10 8 4 
20180828741 9 4 6 10 8 2 7 1 5 3 
20180828742 3 2 9 6 5 4 7 1 10 8 
20180828743 6 9 7 1 3 2 5 8 10 4 
20180828744 8 10 7 5 6 9 3 4 1 2 
20180828745 3 4 9 8 1 5 2 10 7 6 
20180828746 7 10 4 6 1 2 3 5 8 9 
20180828747 2 7 3 5 9 10 6 1 8 4 
20180828748 7 8 1 9 2 5 10 6 4 3 
20180828749 10 4 6 5 3 9 1 2 7 8 
20180828750 2 10 7 5 1 3 4 8 9 6 
20180828751 8 2 1 6 3 9 7 4 5 10 
20180828752 8 1 9 7 4 5 10 2 6 3 
20180828753 3 10 4 8 6 7 2 9 5 1 
20180828754 10 5 1 4 7 3 9 6 8 2 
20180828755 8 10 5 7 3 1 9 2 4 6 
20180828756 10 7 1 2 4 8 6 3 9 5 
20180828757 4 6 2 5 3 10 8 7 9 1 
20180828758 7 2 4 3 1 9 10 8 5 6 
20180828759 2 3 9 4 6 10 1 8 7 5 
20180828760 3 6 10 7 4 8 1 9 2 5 
20180828761 1 6 7 9 2 4 5 3 10 8 
20180828762 9 3 6 4 10 7 5 2 8 1 
20180828763 10 4 5 7 6 2 3 8 9 1 
20180828764 8 10 7 3 2 5 6 1 4 9 
20180828765 6 8 5 2 1 9 7 10 3 4 
20180828766 10 7 4 2 8 6 9 5 3 1 
20180828767 3 10 8 6 5 4 9 2 7 1 
20180828768 10 7 4 1 6 5 3 2 8 9 
20180828769 2 10 9 8 4 5 6 7 1 3 
20180828770 3 7 8 9 10 5 6 2 1 4 
20180828771 3 5 10 4 9 7 1 6 8 2 
20180828772 8 9 10 7 3 1 5 4 2 6 
20180828773 7 10 5 9 2 8 1 3 4 6 
20180828774 8 3 9 10 1 5 4 2 7 6 
20180828775 6 9 7 1 3 5 4 2 10 8 
20180828776 10 8 6 3 1 5 7 2 4 9 
20180828777 5 3 1 9 6 8 4 2 10 7 
20180828778 2 4 1 10 9 7 8 6 3 5 
20180828779 1 4 10 8 2 6 9 5 7 3 
20180828780 7 3 1 5 8 10 9 2 6 4 
20180828781 4 10 1 7 3 6 2 8 9 5 
20180828782 4 9 7 6 2 5 3 10 1 8 
20180828783 3 7 1 2 8 4 9 10 6 5 
20180828784 6 5 9 1 2 4 8 10 3 7 
20180828785 3 8 6 9 10 2 5 4 1 7 
20180828786 5 6 8 3 2 4 1 10 9 7 
20180828787 3 4 8 9 5 10 1 2 7 6 
20180828788 10 5 3 4 8 6 7 2 1 9 
20180828789 3 7 6 1 5 9 8 4 10 2 
20180828790 2 5 6 7 9 4 10 3 8 1 
20180828791 5 2 1 10 7 3 6 8 4 9 
20180828792 3 5 9 10 7 4 8 2 1 6 
20180828793 6 1 10 8 3 9 2 4 5 7 
20180828794 10 7 1 6 5 3 8 9 2 4 
20180828795 5 2 10 1 7 9 8 6 4 3 
20180828796 5 9 4 2 10 6 3 7 1 8 
20180828797 9 7 4 10 8 5 2 6 1 3 
20180828798 2 8 10 7 3 1 9 4 6 5 
20180828799 9 5 7 10 6 8 2 1 3 4 
20180828800 3 6 1 7 2 4 9 5 8 10 
20180828801 5 3 4 10 6 2 7 8 1 9 
20180828802 6 7 8 10 2 4 3 5 9 1 
20180828803 4 2 10 5 1 7 9 8 6 3 
20180828804 6 3 5 10 1 2 7 8 9 4 
20180828805 2 4 8 3 9 1 7 6 5 10 
20180828806 2 9 6 4 1 7 5 10 8 3 
20180828807 7 5 6 3 10 9 4 2 1 8 
20180828808 3 7 9 6 8 5 2 10 4 1 
20180828809 8 7 6 2 10 3 1 9 5 4 
20180828810 10 7 4 9 6 2 5 1 3 8 
20180828811 9 2 7 4 1 10 5 8 3 6 
20180828812 3 8 9 7 2 6 1 10 4 5 
20180828813 10 5 9 3 1 7 4 2 8 6 
20180828814 8 1 10 7 9 3 5 2 6 4 
20180828815 7 4 5 10 2 1 8 9 3 6 
20180828816 8 4 6 2 1 3 5 9 10 7 
20180828817 10 8 3 6 4 2 1 9 5 7 
20180828818 9 10 2 4 5 7 6 1 3 8 
20180828819 10 1 9 4 8 3 5 2 6 7 
20180828820 2 4 3 7 5 9 6 10 8 1 
20180828821 4 6 1 2 8 7 9 5 10 3 
20180828822 9 3 6 7 1 2 5 8 10 4 
20180828823 7 5 3 10 6 2 8 1 9 4 
20180828824 2 5 10 1 9 8 4 7 3 6 
20180828825 7 4 1 8 2 3 5 10 9 6 
20180828826 2 9 1 6 4 10 3 8 5 7 
20180828827 10 8 4 7 1 3 2 9 5 6 
20180828828 8 9 10 2 6 7 1 4 5 3 
20180828829 6 3 7 1 4 2 10 9 5 8 
20180828830 6 1 8 7 2 10 3 4 9 5 
20180828831 10 5 7 6 4 8 2 9 1 3 
20180828832 4 1 3 9 8 7 2 10 5 6 
20180828833 9 2 4 6 7 10 3 5 1 8 
20180828834 3 8 10 4 7 5 9 1 6 2 
20180828835 9 1 4 6 7 2 5 8 3 10 
20180828836 2 8 10 1 9 4 7 5 3 6 
20180828837 2 8 1 9 3 4 7 6 5 10 
20180828838 3 9 2 5 1 10 7 6 4 8 
20180828839 10 3 2 4 9 5 8 7 1 6 
20180828840 5 7 8 2 6 4 9 10 3 1 
20180828841 9 7 6 4 1 5 2 3 8 10 
20180828842 6 1 5 4 3 10 8 9 2 7 
20180828843 5 9 6 1 4 10 8 3 7 2 
20180828844 10 9 3 4 8 6 1 5 2 7 
20180828845 8 2 4 10 9 1 3 5 6 7 
20180828846 7 2 8 6 3 1 4 5 10 9 
20180828847 9 6 3 2 1 10 4 8 7 5 
20180828848 10 7 4 9 2 3 5 8 6 1 
20180828849 1 5 7 4 8 2 3 6 9 10 
20180828850 4 9 3 5 10 7 2 8 6 1 
20180828851 2 5 9 6 4 1 7 3 8 10 
20180828852 8 3 6 1 4 9 5 2 10 7 
20180828853 10 3 2 9 4 1 5 7 6 8 
20180828854 5 3 8 2 6 7 9 4 1 10 
20180828855 4 1 10 8 3 7 9 2 5 6 
20180828856 8 7 6 1 9 4 10 5 2 3 
20180828857 2 7 4 1 8 10 3 5 6 9 
20180828858 10 6 1 3 5 7 8 9 2 4 
20180828859 4 10 2 7 9 8 3 6 1 5 
20180828860 3 5 9 6 7 8 4 1 2 10 
20180828861 4 3 6 8 5 7 10 2 9 1 
20180828862 1 8 9 3 2 7 10 4 5 6 
20180828863 4 3 8 10 9 2 7 6 1 5 
20180828864 3 10 2 8 9 1 7 6 5 4 
20180828865 10 8 9 5 4 1 7 6 2 3 
20180828866 6 8 1 3 5 7 2 9 4 10 
20180828867 3 8 2 1 6 7 10 4 5 9 
20180828868 3 2 6 10 5 1 9 8 7 4 
20180828869 2 10 9 4 8 3 6 5 7 1 
20180828870 7 8 10 2 9 1 3 5 4 6 
20180828871 6 1 9 4 8 3 2 10 7 5 
20180828872 8 7 5 10 1 4 2 3 9 6 
20180828873 6 9 2 7 5 4 3 8 1 10 
20180828874 3 8 4 10 9 5 2 6 1 7 
20180828875 10 8 4 7 3 1 2 5 6 9 
20180828876 3 2 1 7 9 5 4 10 8 6 
20180828877 5 9 3 7 2 4 8 10 6 1 
20180828878 6 3 10 2 4 5 1 8 7 9 
20180828879 5 10 3 2 4 9 1 7 8 6 
20180828880 6 7 8 10 3 4 2 1 9 5 
20180828881 5 8 4 9 3 7 10 2 6 1 
20180828882 5 8 9 10 1 3 6 7 4 2 
20180828883 3 7 8 1 5 2 4 10 9 6 
20180828884 6 9 10 5 3 2 4 1 8 7 
20180828885 7 6 4 5 1 2 9 3 10 8 
20180828886 7 4 1 10 5 8 3 2 6 9 
20180828887 5 9 1 8 2 6 3 7 10 4 
20180828888 7 10 5 6 3 4 8 9 1 2 
20180828889 5 1 9 3 8 7 6 4 2 10 
20180828890 8 9 1 5 10 7 4 6 3 2 
20180828891 1 6 2 4 7 10 3 8 5 9 
20180828892 4 10 9 7 2 3 5 6 8 1 
20180828893 8 4 10 3 7 2 9 1 6 5 
20180828894 4 3 9 6 8 2 7 1 10 5 
20180828895 3 1 7 6 10 8 2 9 5 4 
20180828896 10 3 1 9 5 4 7 8 2 6 
20180828897 3 5 4 2 7 6 1 10 9 8 
20180828898 10 9 7 1 5 4 2 8 3 6 
20180828899 4 3 8 6 9 2 1 7 5 10 
20180828900 4 8 6 10 1 5 7 3 9 2 
20180828901 4 6 10 8 1 3 9 5 2 7 
20180828902 4 5 7 3 1 9 8 10 2 6 
20180828903 4 5 10 3 7 6 1 8 2 9 
20180828904 9 3 1 7 6 2 10 8 4 5 
20180828905 5 4 6 8 3 2 9 7 10 1 
20180828906 10 9 6 5 2 8 3 4 7 1 
20180828907 6 7 8 10 4 5 3 2 1 9 
20180828908 9 7 4 2 3 1 8 6 10 5 
20180828909 10 3 4 9 8 2 1 6 5 7 
20180828910 8 9 1 5 7 2 10 4 3 6 
20180828911 2 3 1 4 5 6 7 8 9 10 
20180828912 5 3 10 6 4 8 1 2 9 7 
20180828913 6 5 3 7 9 8 1 10 2 4 
20180828914 9 5 3 7 1 10 6 8 4 2 
20180828915 9 8 1 4 7 2 5 3 6 10 
20180828916 2 1 8 4 3 7 6 5 9 10 
20180828917 5 9 6 7 8 1 2 10 3 4 
20180828918 6 10 7 4 9 3 5 2 8 1 
20180828919 3 1 5 4 8 2 7 9 6 10 
20180828920 3 1 10 2 7 8 4 6 5 9 
20180828921 5 3 4 10 2 7 1 8 6 9 
20180828922 4 3 5 2 1 6 9 7 10 8 
20180828923 7 6 10 2 1 9 5 3 4 8 
20180828924 5 4 9 2 1 10 8 7 3 6 
20180828925 9 6 7 4 10 8 2 1 5 3 
20180828926 2 5 7 8 9 1 6 10 4 3 
20180828927 6 4 10 8 7 2 1 5 3 9 
20180828928 3 10 9 4 6 2 1 5 8 7 
20180828929 9 4 10 8 6 2 1 3 5 7 
20180828930 8 1 3 5 7 4 9 10 6 2 
20180828931 7 9 6 10 4 8 2 1 3 5 
20180828932 2 4 7 1 6 3 9 8 10 5 
20180828933 6 2 9 7 8 1 4 10 3 5 
20180828934 1 9 2 3 6 10 5 7 4 8 
20180828935 9 7 4 2 5 3 10 6 8 1 
20180828936 8 9 2 6 4 7 10 1 3 5 
20180828937 5 6 8 9 1 4 3 2 10 7 
20180828938 2 5 1 8 9 10 3 6 7 4 
20180828939 7 4 10 2 1 8 9 3 5 6 
20180828940 6 7 2 3 5 9 8 4 10 1 
20180828941 1 3 8 5 6 7 9 4 10 2 
20180828942 9 7 5 1 6 10 3 8 4 2 
20180828943 5 10 7 4 3 9 2 6 8 1 
20180828944 9 8 4 6 2 5 1 3 10 7 
20180828945 10 2 1 6 9 4 5 7 8 3 
20180828946 10 5 3 4 8 2 6 9 7 1 
20180828947 2 6 1 10 4 7 5 9 3 8 
20180828948 6 10 8 4 7 1 2 3 9 5 
20180828949 8 4 6 5 7 9 10 3 1 2 
20180828950 9 1 6 10 7 2 5 8 4 3 
20180828951 6 4 9 1 10 2 8 7 3 5 
20180828952 2 8 10 5 4 1 6 9 3 7 
20180828953 10 2 5 6 8 9 3 7 4 1 
20180828954 3 5 2 1 9 10 4 6 8 7 
20180828955 9 2 4 5 6 8 3 10 7 1 
20180828956 2 5 3 6 9 4 10 7 1 8 
20180828957 3 7 5 2 4 8 6 10 9 1 
20180828958 2 10 6 8 1 5 7 3 9 4 
20180828959 2 5 6 4 7 3 9 8 10 1 
20180828960 8 2 1 10 3 7 9 6 4 5 
20180828961 10 3 1 7 6 5 4 2 9 8 
20180828962 5 7 4 1 3 9 6 2 8 10 
20180828963 9 10 1 2 4 7 5 6 8 3 
20180828964 8 9 1 2 3 10 6 5 7 4 
20180828965 4 1 5 2 9 8 3 7 6 10 
20180828966 5 6 9 2 4 1 8 7 10 3 
20180828967 3 2 6 1 5 8 7 10 4 9 
20180828968 9 2 8 4 1 3 5 10 6 7 
20180828969 7 8 6 2 4 10 5 3 1 9 
20180828970 5 4 2 1 7 10 8 9 3 6 
20180828971 2 6 3 4 9 1 8 5 10 7 
20180828972 8 2 6 3 4 9 5 7 1 10 
20180828973 7 1 5 10 8 3 6 2 4 9 
20180828974 7 3 8 5 1 10 9 2 4 6 
20180828975 7 3 1 4 9 6 2 5 8 10 
20180828976 6 3 8 5 9 2 1 10 4 7 
20180828977 4 5 9 1 8 7 10 3 6 2 
20180828978 7 2 6 8 10 3 5 9 1 4 
20180828979 4 8 7 9 3 1 10 6 2 5 
20180828980 3 9 4 6 5 2 1 7 10 8 
20180828981 7 1 4 5 6 8 3 9 10 2 
20180828982 5 4 6 1 3 10 8 2 9 7 
20180828983 4 2 1 8 5 10 6 3 9 7 
20180828984 9 6 4 2 3 5 10 1 7 8 
20180828985 1 6 10 5 2 4 8 9 3 7 
20180829001 7 1 5 9 6 4 3 10 2 8 
