20180815001 3 10 7 4 2 8 6 1 5 9 
20180815002 6 2 9 4 3 7 10 1 5 8 
20180815003 5 9 3 1 7 10 8 6 4 2 
20180815004 2 6 1 10 8 7 5 4 3 9 
20180815005 6 9 4 5 7 3 8 2 1 10 
20180815006 4 2 7 9 1 10 3 8 5 6 
20180815007 8 4 10 2 7 3 1 9 5 6 
20180815008 7 6 2 8 5 1 9 4 10 3 
20180815009 6 5 2 7 1 8 4 9 10 3 
20180815010 8 3 5 10 4 7 1 9 2 6 
20180815011 5 7 4 9 2 6 8 1 3 10 
20180815012 8 7 3 2 6 4 9 1 5 10 
20180815013 2 9 10 6 8 7 4 3 5 1 
20180815014 9 5 2 6 3 4 1 10 7 8 
20180815015 1 3 6 9 2 10 5 8 7 4 
20180815016 10 6 9 3 7 5 1 8 2 4 
20180815017 1 3 6 4 5 10 2 9 7 8 
20180815018 2 7 5 4 8 9 1 10 6 3 
20180815019 6 3 7 9 2 5 8 10 1 4 
20180815020 3 4 9 6 5 8 1 7 2 10 
20180815021 4 10 1 5 9 3 2 8 6 7 
20180815022 1 10 6 2 9 8 3 4 5 7 
20180815023 1 10 8 3 7 4 2 9 6 5 
20180815024 4 6 8 7 5 9 2 3 10 1 
20180815025 10 2 5 7 6 4 1 3 8 9 
20180815026 4 10 7 8 3 6 1 9 2 5 
20180815027 10 5 9 6 2 3 4 7 1 8 
20180815028 10 5 1 3 2 8 7 9 6 4 
20180815029 8 4 10 1 5 7 9 2 3 6 
20180815030 4 5 9 2 3 8 1 7 10 6 
20180815031 1 5 10 2 7 4 9 3 8 6 
20180815032 7 2 10 4 3 6 1 9 5 8 
20180815033 2 8 6 4 3 1 7 10 5 9 
20180815034 6 3 10 9 1 4 7 2 8 5 
20180815035 4 8 7 10 3 9 6 1 5 2 
20180815036 2 4 8 7 1 9 10 5 3 6 
20180815037 3 8 7 2 9 10 5 6 4 1 
20180815038 10 7 8 5 6 3 4 1 2 9 
20180815039 8 5 4 3 1 10 9 7 2 6 
20180815040 1 2 6 4 9 8 5 7 3 10 
20180815041 3 2 4 6 8 5 7 1 9 10 
20180815042 1 9 6 4 3 5 10 8 7 2 
20180815043 10 2 6 8 1 7 3 4 9 5 
20180815044 2 8 4 1 6 9 5 3 7 10 
20180815045 9 8 1 7 6 4 2 3 5 10 
20180815046 5 10 2 9 8 1 4 3 6 7 
20180815047 6 10 8 9 1 2 4 7 3 5 
20180815048 4 2 7 3 10 6 1 9 8 5 
20180815049 4 7 10 3 1 8 2 9 6 5 
20180815050 2 9 4 6 7 10 8 3 1 5 
20180815051 5 4 7 8 3 10 2 9 1 6 
20180815052 5 4 6 9 10 3 8 2 7 1 
20180815053 6 8 9 4 5 10 2 7 3 1 
20180815054 5 4 3 7 6 2 8 1 9 10 
20180815055 10 6 3 9 5 8 4 2 1 7 
20180815056 8 6 7 9 1 3 2 10 5 4 
20180815057 9 4 7 8 3 10 2 1 6 5 
20180815058 1 3 6 5 8 10 4 9 2 7 
20180815059 6 5 3 4 2 8 1 7 9 10 
20180815060 1 9 5 8 10 2 6 4 3 7 
20180815061 4 10 6 5 7 2 8 3 1 9 
20180815062 2 6 10 3 7 8 9 5 4 1 
20180815063 1 4 10 7 8 2 6 5 3 9 
20180815064 3 6 8 9 7 5 4 2 1 10 
20180815065 10 7 8 2 5 9 6 1 3 4 
20180815066 2 9 8 4 6 1 10 5 7 3 
20180815067 1 8 9 2 6 5 3 7 10 4 
20180815068 3 10 2 8 5 6 7 1 9 4 
20180815069 5 7 4 9 3 6 2 8 1 10 
20180815070 3 5 1 4 9 6 7 2 10 8 
20180815071 5 10 2 7 6 1 4 8 9 3 
20180815072 4 5 1 10 2 7 8 6 3 9 
20180815073 8 9 1 2 10 5 7 3 4 6 
20180815074 9 6 7 3 5 10 2 1 4 8 
20180815075 9 5 7 8 3 4 1 2 10 6 
20180815076 3 8 6 10 7 5 9 1 4 2 
20180815077 3 5 7 1 4 2 9 8 10 6 
20180815078 9 10 1 8 5 6 2 7 3 4 
20180815079 6 7 9 8 10 5 2 4 3 1 
20180815080 9 4 1 3 7 6 2 5 8 10 
20180815081 8 1 9 3 10 7 4 2 5 6 
20180815082 6 9 8 1 4 7 10 3 2 5 
20180815083 5 6 10 3 7 1 2 9 8 4 
20180815084 3 4 5 10 1 7 2 6 8 9 
20180815085 6 10 4 3 9 5 2 8 1 7 
20180815086 8 4 9 6 5 10 7 3 2 1 
20180815087 4 10 9 7 3 8 2 5 6 1 
20180815088 6 8 4 2 5 10 1 3 7 9 
20180815089 7 3 6 1 5 10 4 2 8 9 
20180815090 9 2 8 7 6 10 1 3 4 5 
20180815091 4 9 5 6 8 10 3 1 2 7 
20180815092 5 9 6 2 10 4 1 8 3 7 
20180815093 9 3 1 4 5 2 10 6 7 8 
20180815094 3 8 9 6 7 4 2 10 1 5 
20180815095 10 4 5 3 2 6 8 7 9 1 
20180815096 6 2 7 3 5 4 9 10 8 1 
20180815097 3 8 5 1 10 2 4 9 6 7 
20180815098 3 5 9 6 2 1 10 4 7 8 
20180815099 7 8 5 9 2 4 1 10 6 3 
20180815100 3 4 5 8 9 2 6 7 10 1 
20180815101 1 4 8 7 9 6 5 10 3 2 
20180815102 6 3 1 10 8 7 2 4 5 9 
20180815103 5 8 1 10 6 2 4 9 3 7 
20180815104 8 1 2 10 5 3 7 6 9 4 
20180815105 2 4 10 5 6 1 3 7 8 9 
20180815106 7 6 4 1 9 8 2 10 3 5 
20180815107 7 6 9 8 2 3 1 10 4 5 
20180815108 6 4 2 9 8 7 5 3 10 1 
20180815109 1 4 10 9 3 7 5 8 2 6 
20180815110 4 1 10 2 9 8 5 7 3 6 
20180815111 10 5 7 4 3 6 8 9 1 2 
20180815112 5 7 9 6 1 2 3 10 4 8 
20180815113 7 6 5 8 2 9 3 4 10 1 
20180815114 9 7 4 6 1 5 2 10 3 8 
20180815115 9 2 5 1 10 3 4 8 6 7 
20180815116 6 5 10 8 1 7 9 2 4 3 
20180815117 8 7 4 3 5 9 10 6 2 1 
20180815118 3 5 2 1 6 4 9 7 10 8 
20180815119 1 6 2 3 5 4 9 7 10 8 
20180815120 6 2 9 7 4 3 1 10 8 5 
20180815121 10 6 4 1 5 3 8 9 2 7 
20180815122 1 8 3 5 6 9 7 10 2 4 
20180815123 7 8 4 5 10 9 1 2 6 3 
20180815124 9 10 8 1 5 7 3 4 2 6 
20180815125 8 9 5 7 4 2 10 1 3 6 
20180815126 5 1 2 8 9 10 3 6 4 7 
20180815127 2 1 5 9 8 3 6 4 7 10 
20180815128 6 4 5 10 9 1 3 8 2 7 
20180815129 8 9 4 5 7 6 1 2 3 10 
20180815130 9 1 2 4 10 3 8 7 6 5 
20180815131 4 2 9 3 1 10 7 5 6 8 
20180815132 8 4 7 3 9 10 6 2 5 1 
20180815133 2 7 3 5 10 1 8 4 9 6 
20180815134 2 9 10 3 5 6 8 4 7 1 
20180815135 1 5 4 9 7 10 3 8 6 2 
20180815136 6 4 10 9 3 7 1 8 2 5 
20180815137 1 10 5 8 7 3 6 2 9 4 
20180815138 1 9 5 7 6 4 2 8 3 10 
20180815139 10 1 7 8 2 5 4 9 6 3 
20180815140 2 1 8 3 5 4 9 6 7 10 
20180815141 6 8 10 2 9 7 4 3 5 1 
20180815142 5 7 2 1 4 10 6 3 9 8 
20180815143 5 1 3 6 9 10 8 4 7 2 
20180815144 2 9 1 10 7 5 3 8 4 6 
20180815145 9 7 2 6 3 1 10 8 4 5 
20180815146 6 1 3 4 7 2 5 9 10 8 
20180815147 4 7 3 2 10 9 8 1 6 5 
20180815148 1 9 6 2 4 5 7 8 10 3 
20180815149 7 8 10 3 2 5 9 6 4 1 
20180815150 3 10 5 4 1 7 8 2 9 6 
20180815151 5 3 6 4 8 7 2 10 9 1 
20180815152 3 2 1 10 8 6 7 4 5 9 
20180815153 5 6 3 2 4 9 8 10 7 1 
20180815154 2 7 10 6 5 8 3 4 1 9 
20180815155 10 5 7 9 2 1 3 6 8 4 
20180815156 6 5 10 2 7 8 9 4 3 1 
20180815157 2 4 6 7 8 3 9 1 10 5 
20180815158 7 3 8 4 5 1 9 6 10 2 
20180815159 6 4 10 9 3 8 5 2 7 1 
20180815160 2 6 5 10 8 9 3 4 1 7 
20180815161 9 5 1 7 4 10 2 3 6 8 
20180815162 6 4 3 5 10 9 2 1 7 8 
20180815163 2 1 9 10 5 3 6 7 8 4 
20180815164 5 3 10 8 2 6 1 7 9 4 
20180815165 6 10 3 4 8 2 9 5 1 7 
20180815166 1 2 6 10 8 9 3 7 5 4 
20180815167 2 4 6 7 8 5 10 1 9 3 
20180815168 3 2 8 1 5 4 10 6 7 9 
20180815169 1 4 10 9 5 8 6 2 3 7 
20180815170 8 3 4 9 7 6 2 5 1 10 
20180815171 6 4 1 3 9 2 10 7 5 8 
20180815172 6 10 9 7 2 1 3 4 5 8 
20180815173 6 9 5 2 4 1 7 8 10 3 
20180815174 10 3 8 1 5 2 4 9 6 7 
20180815175 1 9 3 6 5 7 8 2 10 4 
20180815176 10 6 4 7 9 8 3 1 5 2 
20180815177 2 6 4 8 3 5 9 7 10 1 
20180815178 9 6 4 3 1 5 2 8 10 7 
20180815179 2 6 9 3 10 4 8 5 1 7 
20180815180 7 5 10 1 4 3 2 8 6 9 
20180815181 9 8 3 7 5 4 6 2 10 1 
20180815182 3 7 6 5 10 1 8 2 9 4 
20180815183 3 6 10 8 9 5 2 4 7 1 
20180815184 5 3 7 2 10 1 4 9 6 8 
20180815185 5 10 1 9 6 3 7 4 8 2 
20180815186 6 5 7 10 3 9 2 4 8 1 
20180815187 8 3 9 1 4 2 5 7 10 6 
20180815188 6 10 3 9 2 4 7 8 5 1 
20180815189 10 5 1 3 2 4 8 7 6 9 
20180815190 3 2 7 4 8 6 9 1 5 10 
20180815191 2 8 9 6 3 5 1 4 7 10 
20180815192 5 4 2 3 10 1 6 8 9 7 
20180815193 9 8 5 4 2 7 1 3 6 10 
20180815194 7 1 2 10 3 8 4 6 9 5 
20180815195 3 4 9 5 1 8 2 10 7 6 
20180815196 7 8 9 4 6 5 2 10 3 1 
20180815197 1 6 10 9 7 5 4 8 3 2 
20180815198 6 3 2 7 4 1 8 5 9 10 
20180815199 2 1 7 6 3 8 5 9 10 4 
20180815200 9 7 3 8 5 4 6 10 2 1 
20180815201 10 7 9 2 5 3 6 4 8 1 
20180815202 10 8 6 4 9 7 2 5 3 1 
20180815203 5 1 10 2 7 6 8 4 3 9 
20180815204 3 7 5 4 2 9 8 6 10 1 
20180815205 4 10 9 2 7 6 8 1 5 3 
20180815206 6 5 3 8 4 2 1 10 9 7 
20180815207 10 8 3 7 2 5 6 1 9 4 
20180815208 2 4 1 9 8 6 10 3 5 7 
20180815209 7 10 9 8 4 6 2 1 5 3 
20180815210 5 7 6 9 10 2 3 1 8 4 
20180815211 2 3 8 1 6 5 9 4 7 10 
20180815212 1 7 9 3 5 2 6 4 8 10 
20180815213 7 3 10 6 9 8 4 5 1 2 
20180815214 2 4 6 1 8 10 5 7 9 3 
20180815215 5 4 7 8 1 6 2 9 10 3 
20180815216 5 4 6 7 3 2 10 1 9 8 
20180815217 6 5 8 9 1 2 7 3 4 10 
20180815218 2 9 10 5 1 8 3 7 4 6 
20180815219 7 4 1 8 6 3 9 2 10 5 
20180815220 6 7 2 1 10 5 3 9 4 8 
20180815221 2 9 1 5 6 7 3 10 4 8 
20180815222 7 3 2 4 5 1 8 6 9 10 
20180815223 3 2 10 4 9 7 5 1 6 8 
20180815224 8 7 10 3 2 5 1 6 4 9 
20180815225 9 5 3 10 2 7 1 8 4 6 
20180815226 6 3 4 7 5 2 9 1 10 8 
20180815227 4 10 8 7 2 9 6 3 5 1 
20180815228 6 2 1 9 10 5 7 4 8 3 
20180815229 9 10 8 1 3 7 2 4 5 6 
20180815230 1 9 6 8 5 2 10 7 3 4 
20180815231 3 4 6 2 5 7 1 8 10 9 
20180815232 8 5 7 6 3 4 9 2 1 10 
20180815233 4 6 3 9 7 1 10 5 2 8 
20180815234 9 8 3 10 5 2 1 4 7 6 
20180815235 3 9 7 4 5 10 6 8 2 1 
20180815236 10 8 4 3 7 2 5 6 1 9 
20180815237 1 9 6 5 4 2 3 7 10 8 
20180815238 10 2 5 8 7 6 4 9 3 1 
20180815239 4 7 3 1 2 9 5 6 8 10 
20180815240 7 10 3 4 6 2 8 1 9 5 
20180815241 5 10 7 2 1 9 4 3 8 6 
20180815242 8 5 9 1 7 10 4 2 6 3 
20180815243 10 9 8 3 5 2 7 4 6 1 
20180815244 8 5 3 1 7 2 9 6 10 4 
20180815245 9 6 4 2 8 3 10 7 5 1 
20180815246 3 1 5 7 2 4 8 10 9 6 
20180815247 4 6 2 1 9 10 3 8 7 5 
20180815248 6 5 10 9 3 8 7 4 1 2 
20180815249 8 10 5 9 6 7 3 1 2 4 
20180815250 1 8 9 4 10 2 3 5 6 7 
20180815251 4 7 3 1 8 5 2 10 9 6 
20180815252 5 1 9 7 8 2 4 3 6 10 
20180815253 8 10 4 6 5 1 3 2 7 9 
20180815254 7 10 5 8 9 3 6 4 2 1 
20180815255 10 4 5 9 1 3 8 2 6 7 
20180815256 9 1 10 3 5 2 6 7 4 8 
20180815257 6 1 9 2 5 7 8 10 4 3 
20180815258 1 9 8 10 2 5 6 4 7 3 
20180815259 2 6 5 3 4 9 8 7 10 1 
20180815260 4 10 7 2 9 8 5 1 6 3 
20180815261 1 4 6 7 9 10 5 3 8 2 
20180815262 2 8 7 10 5 6 4 1 9 3 
20180815263 1 4 10 6 8 7 5 2 9 3 
20180815264 3 6 9 7 5 4 8 10 2 1 
20180815265 1 7 2 10 9 3 6 4 8 5 
20180815266 9 1 6 7 10 4 8 2 5 3 
20180815267 4 10 3 9 7 8 5 2 1 6 
20180815268 9 1 5 4 8 3 10 2 7 6 
20180815269 8 1 5 10 7 9 2 3 6 4 
20180815270 8 2 7 4 5 10 3 6 9 1 
20180815271 5 6 2 10 3 1 9 4 7 8 
20180815272 1 6 7 9 10 2 5 8 3 4 
20180815273 3 2 8 9 1 10 4 6 5 7 
20180815274 9 10 3 8 7 1 6 2 4 5 
20180815275 4 8 9 1 6 3 5 2 7 10 
20180815276 5 3 4 6 9 1 7 2 10 8 
20180815277 6 4 5 10 9 8 1 2 7 3 
20180815278 10 9 6 1 2 8 4 7 5 3 
20180815279 9 6 3 8 2 4 5 1 10 7 
20180815280 9 1 3 4 2 7 8 10 5 6 
20180815281 2 3 6 9 1 10 5 8 4 7 
20180815282 3 2 10 7 4 8 6 1 9 5 
20180815283 7 10 8 6 5 9 2 3 4 1 
20180815284 5 2 6 7 1 4 9 3 8 10 
20180815285 8 9 1 10 2 7 5 3 6 4 
20180815286 4 10 9 3 1 7 6 2 8 5 
20180815287 1 4 8 2 9 10 3 5 6 7 
20180815288 4 8 7 1 6 10 5 2 3 9 
20180815289 8 2 6 9 7 3 10 1 5 4 
20180815290 2 10 4 5 3 6 9 8 1 7 
20180815291 3 6 5 10 2 7 1 4 8 9 
20180815292 2 5 10 6 4 3 9 7 1 8 
20180815293 5 2 6 3 8 7 1 4 10 9 
20180815294 6 1 9 2 4 5 10 3 7 8 
20180815295 5 2 6 1 7 3 4 10 8 9 
20180815296 8 1 5 4 2 7 6 10 3 9 
20180815297 5 3 7 6 9 4 10 2 8 1 
20180815298 7 10 2 8 9 3 6 5 4 1 
20180815299 2 1 6 8 4 3 5 10 9 7 
20180815300 2 7 10 5 8 4 9 1 3 6 
20180815301 5 2 4 8 3 9 1 7 6 10 
20180815302 3 2 4 5 10 9 7 6 1 8 
20180815303 3 8 7 2 4 6 5 9 1 10 
20180815304 7 4 1 9 10 2 8 6 3 5 
20180815305 5 9 10 4 8 6 7 2 1 3 
20180815306 5 7 10 9 3 2 1 6 4 8 
20180815307 10 7 9 3 5 8 1 2 4 6 
20180815308 1 8 2 10 5 7 6 3 4 9 
20180815309 5 8 9 1 4 7 10 2 3 6 
20180815310 9 1 8 4 3 2 6 7 10 5 
20180815311 3 9 7 5 10 8 2 4 6 1 
20180815312 10 6 4 2 5 9 3 7 1 8 
20180815313 4 9 5 2 7 10 6 3 8 1 
20180815314 7 2 1 5 8 10 4 6 9 3 
20180815315 9 10 2 7 3 8 5 1 4 6 
20180815316 1 9 4 6 8 5 3 2 7 10 
20180815317 9 3 7 2 5 8 4 6 1 10 
20180815318 7 2 6 5 8 9 1 3 4 10 
20180815319 4 1 7 9 3 8 5 10 2 6 
20180815320 9 10 8 1 2 6 5 4 3 7 
20180815321 8 2 3 9 10 6 5 4 7 1 
20180815322 9 8 1 6 10 5 2 4 7 3 
20180815323 10 9 1 5 3 6 8 4 7 2 
20180815324 8 2 7 6 3 5 1 4 10 9 
20180815325 4 10 1 7 2 9 3 6 5 8 
20180815326 8 5 4 2 9 1 10 6 7 3 
20180815327 1 6 8 9 2 7 3 5 4 10 
20180815328 6 7 10 4 3 9 5 2 1 8 
20180815329 1 2 5 7 10 8 3 4 9 6 
20180815330 10 1 9 6 7 3 4 8 5 2 
20180815331 5 2 9 1 6 7 10 3 8 4 
20180815332 10 1 8 9 6 2 7 5 4 3 
20180815333 4 2 1 8 10 6 5 9 3 7 
20180815334 6 3 5 9 8 7 1 4 10 2 
20180815335 2 8 4 7 6 9 5 3 10 1 
20180815336 3 6 1 8 5 10 9 7 2 4 
20180815337 6 9 2 10 4 1 7 8 3 5 
20180815338 9 10 4 2 3 1 7 8 5 6 
20180815339 9 10 7 8 2 6 3 5 1 4 
20180815340 2 5 8 9 4 1 10 3 6 7 
20180815341 5 2 10 7 4 1 6 8 9 3 
20180815342 6 10 3 4 7 8 2 1 5 9 
20180815343 2 3 5 7 4 10 1 6 8 9 
20180815344 3 7 5 9 6 10 2 1 8 4 
20180815345 6 4 8 2 3 9 1 5 7 10 
20180815346 7 9 5 3 6 1 2 10 4 8 
20180815347 2 5 4 6 7 8 3 1 10 9 
20180815348 10 2 6 3 4 7 1 8 5 9 
20180815349 5 6 3 1 2 9 10 8 4 7 
20180815350 1 5 8 10 4 7 9 6 2 3 
20180815351 3 4 2 6 8 1 5 7 10 9 
20180815352 1 2 7 6 4 5 8 10 9 3 
20180815353 2 9 3 7 1 10 4 5 8 6 
20180815354 7 2 1 6 10 3 4 8 5 9 
20180815355 1 3 4 7 9 10 2 5 6 8 
20180815356 4 9 8 10 6 5 7 3 2 1 
20180815357 8 2 5 1 7 9 6 10 4 3 
20180815358 5 7 9 1 6 3 10 8 2 4 
20180815359 3 4 7 6 8 2 5 1 9 10 
20180815360 6 8 7 10 9 4 1 5 3 2 
20180815361 8 5 10 1 7 6 9 2 4 3 
20180815362 9 4 5 8 10 3 6 7 1 2 
20180815363 8 5 10 4 1 9 7 3 6 2 
20180815364 2 9 1 7 6 8 4 10 5 3 
20180815365 10 9 1 4 7 8 2 5 3 6 
20180815366 7 1 6 9 5 4 10 2 8 3 
20180815367 4 2 8 7 3 1 9 10 5 6 
20180815368 9 5 8 3 10 2 4 1 6 7 
20180815369 6 7 9 4 2 5 10 8 3 1 
20180815370 10 1 8 5 2 6 7 9 4 3 
20180815371 7 2 5 9 6 10 4 8 3 1 
20180815372 6 1 4 7 2 3 9 10 5 8 
20180815373 10 4 3 2 7 1 5 6 9 8 
20180815374 7 9 8 4 10 1 6 3 5 2 
20180815375 4 7 3 9 10 1 8 6 2 5 
20180815376 6 1 5 2 7 9 3 10 8 4 
20180815377 6 1 2 8 4 5 7 9 3 10 
20180815378 2 5 1 8 7 3 9 10 4 6 
20180815379 7 4 5 2 1 10 3 8 6 9 
20180815380 10 9 6 3 1 7 8 2 5 4 
20180815381 6 3 1 5 9 7 2 4 8 10 
20180815382 10 7 5 2 4 8 6 3 9 1 
20180815383 9 2 8 10 1 5 4 3 7 6 
20180815384 6 4 9 10 2 5 7 3 8 1 
20180815385 6 8 7 3 2 10 1 5 4 9 
20180815386 6 5 4 9 8 3 2 1 10 7 
20180815387 9 4 8 5 6 10 3 1 2 7 
20180815388 7 3 5 9 6 2 4 1 8 10 
20180815389 1 4 2 10 9 7 3 6 5 8 
20180815390 7 8 2 5 4 3 6 10 9 1 
20180815391 3 8 2 4 1 5 6 9 10 7 
20180815392 8 2 9 4 10 3 5 6 1 7 
20180815393 1 10 2 9 5 4 3 8 7 6 
20180815394 8 7 5 1 9 2 3 4 10 6 
20180815395 2 3 9 6 1 8 4 5 7 10 
20180815396 3 4 1 7 9 5 8 2 10 6 
20180815397 6 2 8 5 3 1 10 7 4 9 
20180815398 5 1 8 10 9 7 6 3 2 4 
20180815399 4 7 9 2 3 1 10 8 6 5 
20180815400 9 7 1 3 6 10 2 4 5 8 
20180815401 5 9 3 7 6 2 1 4 8 10 
20180815402 6 9 2 8 3 7 4 10 1 5 
20180815403 1 10 7 5 2 9 8 6 3 4 
20180815404 10 8 6 3 1 4 2 7 9 5 
20180815405 7 1 4 6 2 3 9 8 10 5 
20180815406 7 4 8 6 3 10 1 5 2 9 
20180815407 7 10 1 5 2 4 9 8 3 6 
20180815408 6 10 7 8 4 5 9 1 3 2 
20180815409 6 7 10 9 3 8 4 5 1 2 
20180815410 8 4 2 10 1 9 3 7 6 5 
20180815411 9 2 7 8 1 4 10 5 3 6 
20180815412 1 7 4 8 9 3 5 2 10 6 
20180815413 5 10 1 4 9 3 8 2 6 7 
20180815414 10 5 8 1 2 4 3 7 6 9 
20180815415 4 8 1 2 9 3 7 6 5 10 
20180815416 2 4 1 8 6 10 5 9 7 3 
20180815417 5 10 9 2 6 7 1 8 3 4 
20180815418 8 3 7 2 5 10 6 4 1 9 
20180815419 4 3 10 5 1 6 8 7 2 9 
20180815420 9 2 4 6 10 3 1 5 8 7 
20180815421 7 3 4 6 2 9 1 10 5 8 
20180815422 8 4 1 3 10 9 6 5 2 7 
20180815423 9 10 3 4 8 5 7 1 2 6 
20180815424 6 7 8 9 2 4 3 10 1 5 
20180815425 6 1 2 5 9 8 10 3 4 7 
20180815426 8 5 10 6 4 2 7 9 3 1 
20180815427 8 3 6 9 1 4 10 2 7 5 
20180815428 8 3 6 4 9 7 5 1 10 2 
20180815429 5 1 3 8 7 4 10 6 2 9 
20180815430 1 4 10 9 7 3 2 5 6 8 
20180815431 6 1 7 10 2 3 4 8 9 5 
20180815432 4 8 5 6 2 9 10 7 1 3 
20180815433 7 6 2 8 1 4 9 5 10 3 
20180815434 4 9 6 2 3 1 8 7 10 5 
20180815435 6 9 10 5 3 2 1 4 8 7 
20180815436 1 10 6 2 4 5 9 7 3 8 
20180815437 5 2 9 4 6 7 3 1 10 8 
20180815438 5 7 3 9 2 10 1 4 6 8 
20180815439 3 6 7 9 2 1 10 5 4 8 
20180815440 3 2 7 4 10 1 5 9 6 8 
20180815441 7 10 3 8 2 4 5 6 9 1 
20180815442 7 4 8 1 9 2 10 5 6 3 
20180815443 2 1 6 4 8 3 9 10 5 7 
20180815444 9 8 5 10 6 4 3 1 2 7 
20180815445 6 8 4 1 10 9 5 3 2 7 
20180815446 6 8 2 10 1 5 9 4 7 3 
20180815447 7 5 10 8 2 3 1 6 9 4 
20180815448 5 8 1 4 9 6 7 3 10 2 
20180815449 4 1 5 2 8 7 9 3 10 6 
20180815450 3 10 4 7 9 5 2 8 6 1 
20180815451 5 9 10 3 1 4 6 7 2 8 
20180815452 9 3 7 2 10 8 4 5 6 1 
20180815453 8 1 10 2 9 7 6 3 4 5 
20180815454 4 5 7 10 6 8 2 9 1 3 
20180815455 9 1 3 10 4 5 7 6 8 2 
20180815456 9 2 5 10 1 4 6 8 7 3 
20180815457 5 6 10 2 8 1 7 3 9 4 
20180815458 6 10 7 1 5 2 9 4 8 3 
20180815459 6 7 5 10 2 3 4 1 9 8 
20180815460 4 6 7 2 5 8 10 3 9 1 
20180815461 2 9 10 7 3 8 6 5 4 1 
20180815462 5 7 10 3 1 9 4 8 2 6 
20180815463 5 6 8 2 3 7 10 4 1 9 
20180815464 7 5 2 3 1 6 10 4 9 8 
20180815465 1 7 2 5 8 3 9 6 10 4 
20180815466 9 2 5 6 8 1 3 4 10 7 
20180815467 5 10 1 7 8 2 3 6 4 9 
20180815468 2 7 4 6 8 9 1 5 10 3 
20180815469 5 1 10 8 3 9 6 4 2 7 
20180815470 3 4 6 5 10 7 2 1 8 9 
20180815471 1 7 2 4 9 5 8 10 3 6 
20180815472 1 9 2 3 10 8 4 7 5 6 
20180815473 3 1 2 4 6 7 9 5 8 10 
20180815474 4 10 8 7 5 9 6 2 1 3 
20180815475 8 1 2 9 3 4 6 7 5 10 
20180815476 1 9 10 7 6 5 4 2 8 3 
20180815477 8 4 5 1 7 6 9 3 2 10 
20180815478 8 4 10 9 5 3 6 7 2 1 
20180815479 3 5 1 10 7 2 9 8 6 4 
20180815480 4 5 10 3 2 1 8 6 7 9 
20180815481 3 4 8 1 2 6 7 9 5 10 
20180815482 10 6 8 9 2 4 5 7 1 3 
20180815483 8 5 10 4 1 6 2 3 9 7 
20180815484 5 9 2 7 4 3 1 8 10 6 
20180815485 9 4 2 6 7 10 5 3 1 8 
20180815486 4 2 1 5 9 6 10 7 8 3 
20180815487 1 7 5 10 4 2 9 8 3 6 
20180815488 9 10 5 3 2 1 7 8 4 6 
20180815489 3 7 1 8 10 2 9 4 5 6 
20180815490 7 1 9 3 8 2 6 10 5 4 
20180815491 6 10 5 3 8 9 4 7 2 1 
20180815492 6 8 10 7 1 2 9 4 3 5 
20180815493 7 2 6 9 10 3 5 1 8 4 
20180815494 3 4 10 9 8 2 1 5 6 7 
20180815495 7 9 4 8 6 2 3 10 1 5 
20180815496 8 10 3 9 2 4 5 6 1 7 
20180815497 5 2 9 4 10 6 8 7 3 1 
20180815498 1 4 2 7 5 6 10 8 3 9 
20180815499 9 10 4 5 1 7 2 3 6 8 
20180815500 9 2 8 4 6 7 3 1 10 5 
20180815501 1 8 6 4 3 5 2 7 9 10 
20180815502 10 4 3 1 2 8 7 9 6 5 
20180815503 8 9 2 6 5 4 1 3 7 10 
20180815504 2 4 10 7 1 3 8 5 9 6 
20180815505 3 7 8 6 9 4 2 1 5 10 
20180815506 8 6 7 4 2 9 10 3 5 1 
20180815507 8 6 2 1 3 10 9 4 7 5 
20180815508 7 8 10 1 2 5 9 4 6 3 
20180815509 1 3 9 10 6 7 8 5 2 4 
20180815510 1 3 9 8 7 10 5 6 4 2 
20180815511 2 5 7 8 9 6 1 10 4 3 
20180815512 8 7 6 3 5 10 9 4 2 1 
20180815513 8 2 7 10 5 6 4 1 9 3 
20180815514 8 9 5 10 2 7 4 1 3 6 
20180815515 10 8 9 2 1 3 6 7 4 5 
20180815516 2 4 10 1 6 7 9 8 5 3 
20180815517 4 8 6 9 1 2 3 7 10 5 
20180815518 7 3 8 4 2 10 5 1 9 6 
20180815519 2 10 8 1 9 3 5 4 6 7 
20180815520 8 1 10 6 3 4 7 9 5 2 
20180815521 9 2 3 8 7 6 5 10 1 4 
20180815522 2 10 8 3 9 5 6 7 1 4 
20180815523 5 9 10 8 4 2 1 7 6 3 
20180815524 8 10 2 9 6 4 5 1 7 3 
20180815525 8 7 10 4 2 3 1 5 6 9 
20180815526 9 8 3 6 7 10 5 4 2 1 
20180815527 10 9 7 4 5 1 8 6 2 3 
20180815528 3 9 5 6 4 8 1 7 2 10 
20180815529 1 7 8 2 9 10 5 4 3 6 
20180815530 4 2 9 5 1 3 8 6 10 7 
20180815531 4 10 2 1 9 7 8 3 5 6 
20180815532 2 5 1 3 6 10 9 7 8 4 
20180815533 8 7 6 2 5 10 4 1 9 3 
20180815534 1 8 10 3 7 6 4 9 5 2 
20180815535 9 2 1 6 10 8 7 4 5 3 
20180815536 8 10 3 2 5 1 7 6 4 9 
20180815537 10 4 1 8 3 5 6 7 9 2 
20180815538 6 9 2 3 10 7 8 4 5 1 
20180815539 3 5 7 9 8 6 4 1 2 10 
20180815540 5 8 7 2 9 10 6 4 1 3 
20180815541 1 9 3 5 4 8 10 7 6 2 
20180815542 8 5 10 6 9 1 7 2 3 4 
20180815543 10 9 6 2 1 7 5 3 8 4 
20180815544 5 3 6 10 8 7 2 9 1 4 
20180815545 10 2 1 6 7 8 9 4 5 3 
20180815546 10 7 9 2 3 8 4 5 1 6 
20180815547 5 7 6 10 1 9 2 3 4 8 
20180815548 10 3 7 2 9 4 8 5 6 1 
20180815549 2 5 3 6 8 9 10 1 4 7 
20180815550 5 8 3 1 10 7 4 2 6 9 
20180815551 3 4 5 10 6 7 1 9 8 2 
20180815552 10 7 6 5 8 9 2 3 4 1 
20180815553 2 3 10 7 4 8 9 5 6 1 
20180815554 4 8 5 10 7 6 2 3 9 1 
20180815555 7 4 1 2 9 8 10 6 5 3 
20180815556 3 7 4 8 1 9 5 2 10 6 
20180815557 7 4 1 10 3 6 9 5 8 2 
20180815558 4 10 8 7 2 3 6 9 1 5 
20180815559 9 8 6 4 2 10 7 1 5 3 
20180815560 4 2 7 3 9 8 5 1 10 6 
20180815561 7 10 9 6 2 5 8 4 3 1 
20180815562 2 6 1 8 4 9 7 5 10 3 
20180815563 2 3 10 7 6 9 8 1 4 5 
20180815564 4 2 6 9 3 8 1 7 10 5 
20180815565 8 1 2 3 10 9 6 5 4 7 
20180815566 7 2 8 4 3 6 5 1 10 9 
20180815567 4 8 3 7 1 5 9 2 6 10 
20180815568 9 3 8 2 7 1 10 5 6 4 
20180815569 1 7 8 6 2 4 5 3 10 9 
20180815570 3 5 6 1 7 4 9 8 2 10 
20180815571 6 10 5 8 7 9 3 2 4 1 
20180815572 7 3 1 2 8 4 6 9 10 5 
20180815573 3 5 10 9 2 8 7 1 4 6 
20180815574 2 1 4 7 9 10 8 6 5 3 
20180815575 6 3 7 8 4 10 2 1 9 5 
20180815576 8 1 7 6 3 9 5 4 10 2 
20180815577 7 3 8 10 2 4 5 1 9 6 
20180815578 5 9 1 6 7 4 8 2 10 3 
20180815579 5 7 10 2 3 1 8 9 4 6 
20180815580 3 2 1 4 10 9 7 8 6 5 
20180815581 1 5 6 10 2 4 3 7 8 9 
20180815582 4 7 9 3 2 10 1 5 8 6 
20180815583 3 9 6 5 8 4 1 7 10 2 
20180815584 1 9 5 8 10 4 2 7 6 3 
20180815585 3 10 9 1 4 7 5 2 8 6 
20180815586 6 10 2 8 4 1 3 5 7 9 
20180815587 6 4 2 9 3 7 10 8 5 1 
20180815588 10 5 6 9 4 8 2 7 3 1 
20180815589 4 7 10 1 2 8 5 9 3 6 
20180815590 5 9 7 8 10 6 4 1 3 2 
20180815591 10 9 3 7 6 2 8 1 4 5 
20180815592 3 5 8 6 4 9 7 2 10 1 
20180815593 2 6 1 7 5 10 8 3 4 9 
20180815594 5 6 8 3 9 4 1 2 7 10 
20180815595 1 9 4 6 7 10 3 2 5 8 
20180815596 7 1 8 10 5 4 3 6 2 9 
20180815597 9 8 4 6 5 7 3 2 10 1 
20180815598 4 8 2 9 10 3 6 7 1 5 
20180815599 4 5 3 6 10 1 8 2 7 9 
20180815600 10 8 3 4 2 9 7 6 1 5 
20180815601 1 9 5 3 6 4 2 8 7 10 
20180815602 7 10 9 5 1 6 4 8 2 3 
20180815603 8 5 3 4 6 7 1 9 2 10 
20180815604 4 9 2 5 6 8 7 3 10 1 
20180815605 7 8 6 4 9 3 1 2 10 5 
20180815606 4 3 8 1 9 2 6 10 7 5 
20180815607 9 3 4 8 10 7 6 1 5 2 
20180815608 5 4 10 3 6 7 1 8 2 9 
20180815609 3 5 4 8 7 10 2 9 1 6 
20180815610 4 2 9 7 6 8 1 3 10 5 
20180815611 3 8 2 5 10 6 9 7 1 4 
20180815612 10 1 6 9 3 4 8 2 7 5 
20180815613 7 8 6 1 9 10 2 3 5 4 
20180815614 8 1 3 10 6 2 5 7 4 9 
20180815615 3 2 10 7 1 5 8 6 4 9 
20180815616 7 8 2 4 1 5 3 9 6 10 
20180815617 6 1 4 10 3 7 5 2 9 8 
20180815618 3 7 4 10 6 8 9 1 2 5 
20180815619 7 10 1 4 8 6 2 3 9 5 
20180815620 8 5 4 6 7 1 2 9 10 3 
20180815621 1 8 4 3 10 5 2 9 7 6 
20180815622 10 2 1 6 9 3 4 8 5 7 
20180815623 6 3 9 1 5 7 10 8 4 2 
20180815624 6 3 2 5 7 1 10 4 9 8 
20180815625 10 2 6 3 7 8 1 9 5 4 
20180815626 2 9 5 8 4 1 10 3 7 6 
20180815627 7 5 6 10 2 9 8 4 3 1 
20180815628 1 6 2 8 9 5 4 3 10 7 
20180815629 5 1 3 4 7 2 10 8 6 9 
20180815630 10 9 6 5 8 2 3 1 7 4 
20180815631 8 2 9 3 6 10 7 4 5 1 
20180815632 8 5 2 7 3 4 10 1 9 6 
20180815633 1 9 2 6 5 10 4 8 7 3 
20180815634 5 4 10 3 9 7 6 2 1 8 
20180815635 4 7 3 1 2 6 8 10 5 9 
20180815636 5 3 2 1 10 8 7 9 4 6 
20180815637 1 3 8 4 9 10 2 6 7 5 
20180815638 3 7 10 6 5 4 8 1 2 9 
20180815639 1 3 7 9 2 4 6 8 10 5 
20180815640 3 8 1 5 2 4 10 6 9 7 
20180815641 2 4 6 5 8 3 7 10 1 9 
20180815642 2 1 4 6 5 9 10 3 7 8 
20180815643 6 7 9 10 4 1 8 3 2 5 
20180815644 2 3 10 1 9 5 4 6 7 8 
20180815645 2 8 9 5 6 1 4 3 7 10 
20180815646 8 9 1 10 6 2 7 5 4 3 
20180815647 10 2 9 3 8 6 7 4 1 5 
20180815648 2 7 10 4 5 9 6 8 3 1 
20180815649 2 5 1 9 8 4 3 6 10 7 
20180815650 2 7 5 10 6 3 9 1 4 8 
20180815651 4 5 2 8 3 9 1 6 7 10 
20180815652 5 7 3 6 8 2 9 1 10 4 
20180815653 3 10 6 5 2 9 1 7 8 4 
20180815654 1 5 9 4 10 3 8 2 7 6 
20180815655 8 6 1 7 4 10 2 3 9 5 
20180815656 5 9 8 10 6 4 7 2 3 1 
20180815657 9 7 1 10 8 5 6 3 2 4 
20180815658 9 2 3 1 8 6 10 4 7 5 
20180815659 5 3 1 4 10 8 2 6 9 7 
20180815660 6 10 9 7 4 1 5 3 2 8 
20180815661 8 9 1 6 4 5 10 7 3 2 
20180815662 5 10 9 2 7 3 1 6 4 8 
20180815663 1 5 10 3 6 2 4 7 9 8 
20180815664 6 2 7 8 1 5 10 4 3 9 
20180815665 2 4 6 9 7 3 10 8 5 1 
20180815666 4 9 1 10 6 8 2 5 3 7 
20180815667 6 1 8 5 2 3 10 9 7 4 
20180815668 6 9 8 7 10 3 1 5 2 4 
20180815669 9 7 6 2 8 4 3 1 10 5 
20180815670 6 8 9 4 10 5 1 7 3 2 
20180815671 4 9 1 5 7 6 2 10 8 3 
20180815672 7 1 10 9 4 5 3 8 2 6 
20180815673 7 5 3 2 8 10 6 9 4 1 
20180815674 2 9 8 5 4 10 7 1 6 3 
20180815675 10 5 7 6 4 3 9 2 1 8 
20180815676 5 1 8 3 10 4 2 6 7 9 
20180815677 7 2 1 9 6 3 10 4 8 5 
20180815678 4 9 7 8 5 6 1 2 10 3 
20180815679 7 1 5 4 8 2 10 3 9 6 
20180815680 4 6 1 5 9 2 10 3 7 8 
20180815681 3 4 10 5 1 2 8 7 9 6 
20180815682 3 1 8 9 7 2 10 6 5 4 
20180815683 2 6 9 4 5 1 10 8 3 7 
20180815684 8 5 7 6 9 3 4 2 1 10 
20180815685 7 4 10 6 5 3 8 9 1 2 
20180815686 10 7 2 3 4 1 8 6 5 9 
20180815687 5 7 6 1 8 2 10 9 4 3 
20180815688 6 1 8 10 3 2 7 9 4 5 
20180815689 2 4 1 7 3 9 6 10 8 5 
20180815690 8 6 9 5 4 3 10 2 7 1 
20180815691 1 5 9 6 2 10 4 3 8 7 
20180815692 7 1 4 5 6 8 9 2 3 10 
20180815693 6 4 1 7 2 3 10 9 5 8 
20180815694 9 8 4 1 2 5 10 3 6 7 
20180815695 2 3 9 4 10 8 6 5 7 1 
20180815696 1 7 9 3 8 10 5 4 6 2 
20180815697 10 8 6 1 9 7 2 5 3 4 
20180815698 9 4 3 8 6 1 2 10 7 5 
20180815699 4 8 3 9 5 10 6 7 1 2 
20180815700 10 7 8 4 9 6 3 5 1 2 
20180815701 8 2 6 9 7 10 4 5 1 3 
20180815702 9 10 1 8 3 6 2 5 7 4 
20180815703 4 8 3 6 9 10 7 2 5 1 
20180815704 3 10 2 8 5 1 7 4 6 9 
20180815705 5 8 4 9 2 1 7 3 6 10 
20180815706 4 9 2 1 8 6 3 5 7 10 
20180815707 4 9 6 10 3 7 5 2 8 1 
20180815708 7 4 8 3 10 2 1 6 9 5 
20180815709 9 2 6 4 7 8 3 10 5 1 
20180815710 4 8 2 10 9 3 1 7 5 6 
20180815711 9 3 2 10 6 7 8 4 5 1 
20180815712 4 8 9 2 5 7 6 10 3 1 
20180815713 7 9 10 5 1 3 6 2 8 4 
20180815714 10 1 8 2 3 6 5 9 7 4 
20180815715 4 9 5 2 8 3 7 1 6 10 
20180815716 2 10 1 8 7 3 9 4 6 5 
20180815717 5 7 6 1 4 9 2 10 3 8 
20180815718 4 5 3 7 8 6 9 1 10 2 
20180815719 1 5 8 7 2 10 3 9 4 6 
20180815720 8 10 6 1 2 5 7 4 9 3 
20180815721 10 4 3 9 1 5 6 2 8 7 
20180815722 1 2 4 7 5 3 6 10 8 9 
20180815723 6 9 7 5 4 3 8 1 10 2 
20180815724 1 6 2 7 10 8 9 5 3 4 
20180815725 10 6 8 4 7 2 5 9 1 3 
20180815726 3 10 9 2 6 5 4 8 7 1 
20180815727 1 4 8 3 7 5 6 9 2 10 
20180815728 9 10 8 6 3 7 2 1 5 4 
20180815729 8 9 2 10 6 3 4 5 1 7 
20180815730 1 5 6 7 2 9 10 4 8 3 
20180815731 4 8 10 1 2 3 9 6 7 5 
20180815732 3 9 8 4 7 1 2 10 6 5 
20180815733 6 3 10 4 8 1 5 2 9 7 
20180815734 9 8 6 7 2 1 3 4 5 10 
20180815735 6 5 4 2 7 10 3 1 8 9 
20180815736 2 4 10 1 6 8 5 7 9 3 
20180815737 1 3 5 9 6 8 10 7 2 4 
20180815738 2 1 4 10 7 8 6 9 3 5 
20180815739 6 7 5 9 3 8 4 2 10 1 
20180815740 9 2 10 1 8 3 5 4 6 7 
20180815741 2 7 1 4 3 10 6 9 5 8 
20180815742 4 10 3 7 1 9 6 2 5 8 
20180815743 5 3 7 10 8 6 4 2 9 1 
20180815744 9 8 1 2 5 6 7 3 10 4 
20180815745 1 3 7 4 8 9 2 10 5 6 
20180815746 3 9 10 5 7 8 1 6 4 2 
20180815747 2 4 3 7 8 5 9 10 6 1 
20180815748 1 9 3 8 4 2 10 7 5 6 
20180815749 10 2 8 5 3 9 1 7 4 6 
20180815750 1 8 5 9 4 10 3 7 2 6 
20180815751 1 2 5 3 6 7 8 10 4 9 
20180815752 8 7 3 5 1 2 9 4 10 6 
20180815753 6 2 9 5 7 3 4 10 1 8 
20180815754 4 10 5 7 8 6 3 9 2 1 
20180815755 10 1 2 8 6 9 4 7 5 3 
20180815756 2 1 8 10 9 4 3 5 6 7 
20180815757 6 2 9 1 10 8 4 3 5 7 
20180815758 1 5 7 4 9 2 10 3 6 8 
20180815759 1 5 3 4 8 7 2 10 6 9 
20180815760 5 3 8 1 2 10 9 4 7 6 
20180815761 2 7 4 3 8 5 1 9 10 6 
20180815762 5 3 4 8 10 7 1 9 6 2 
20180815763 2 6 5 3 7 8 1 9 4 10 
20180815764 5 1 6 9 3 2 7 10 8 4 
20180815765 7 9 3 4 8 5 10 6 1 2 
20180815766 5 7 9 8 1 2 3 4 6 10 
20180815767 8 4 9 2 5 3 6 1 10 7 
20180815768 9 6 10 2 3 8 1 7 4 5 
20180815769 4 7 10 9 3 2 6 5 8 1 
20180815770 2 1 6 5 3 8 9 10 7 4 
20180815771 9 4 3 7 8 6 10 5 2 1 
20180815772 8 3 1 5 4 7 2 9 10 6 
20180815773 4 10 8 6 1 5 3 2 7 9 
20180815774 2 9 3 7 4 1 8 10 6 5 
20180815775 4 2 8 9 3 1 7 5 6 10 
20180815776 3 4 5 8 2 7 6 10 9 1 
20180815777 2 10 3 4 8 5 9 7 1 6 
20180815778 6 9 2 7 4 5 10 1 8 3 
20180815779 7 4 10 9 2 8 3 6 5 1 
20180815780 7 1 10 6 2 5 8 9 3 4 
20180815781 7 8 2 5 4 6 1 9 10 3 
20180815782 9 3 8 1 7 2 4 6 10 5 
20180815783 5 6 9 7 10 3 4 8 2 1 
20180815784 4 6 1 7 9 10 5 8 2 3 
20180815785 4 10 6 2 1 7 8 3 5 9 
20180815786 9 4 7 6 3 8 5 1 2 10 
20180815787 1 7 5 8 2 9 4 3 10 6 
20180815788 7 6 10 2 3 9 8 1 4 5 
20180815789 9 6 1 4 2 3 5 8 7 10 
20180815790 9 2 6 1 4 7 8 5 3 10 
20180815791 9 5 2 10 6 3 7 8 4 1 
20180815792 7 3 9 1 4 8 2 10 5 6 
20180815793 8 6 2 7 1 10 4 9 3 5 
20180815794 9 3 2 1 4 10 6 5 7 8 
20180815795 9 3 10 8 2 7 6 5 1 4 
20180815796 1 9 8 3 6 7 10 5 4 2 
20180815797 2 5 7 8 1 4 6 9 10 3 
20180815798 10 3 7 1 4 8 9 6 5 2 
20180815799 7 10 3 8 5 2 1 6 9 4 
20180815800 7 1 3 5 6 10 8 2 4 9 
20180815801 7 10 6 8 1 4 3 5 2 9 
20180815802 10 9 7 6 1 2 5 8 3 4 
20180815803 6 7 10 2 1 8 4 5 9 3 
20180815804 8 3 5 1 9 4 10 6 7 2 
20180815805 5 8 7 2 6 10 4 9 1 3 
20180815806 5 7 2 4 10 1 9 6 8 3 
20180815807 6 3 9 2 4 5 8 7 1 10 
20180815808 1 4 5 8 3 2 9 6 10 7 
20180815809 1 2 5 10 4 6 8 9 7 3 
20180815810 1 9 3 7 2 10 5 8 6 4 
20180815811 7 3 6 8 2 5 9 4 1 10 
20180815812 7 4 10 8 6 9 5 1 2 3 
20180815813 5 2 1 6 7 8 3 10 9 4 
20180815814 10 8 3 6 9 2 5 7 1 4 
20180815815 6 9 2 8 5 10 3 1 4 7 
20180815816 5 1 2 7 4 10 9 3 8 6 
20180815817 5 10 4 9 3 6 7 8 1 2 
20180815818 2 6 4 10 1 3 7 5 9 8 
20180815819 10 8 4 1 9 3 5 6 7 2 
20180815820 2 5 8 1 7 3 10 6 4 9 
20180815821 10 5 2 7 3 6 8 4 1 9 
20180815822 2 1 10 7 8 6 9 5 4 3 
20180815823 3 10 2 9 8 4 7 5 6 1 
20180815824 8 6 1 10 4 7 2 3 5 9 
20180815825 5 4 9 1 2 7 6 10 3 8 
20180815826 4 9 10 1 6 3 5 7 8 2 
20180815827 2 1 3 8 4 10 9 7 5 6 
20180815828 9 2 7 1 5 6 3 8 4 10 
20180815829 4 8 2 5 7 3 6 10 1 9 
20180815830 10 7 9 6 5 4 3 8 2 1 
20180815831 7 5 3 8 6 9 4 10 1 2 
20180815832 6 10 9 5 3 7 1 2 4 8 
20180815833 3 8 4 2 9 6 5 1 7 10 
20180815834 8 6 2 1 7 4 5 3 10 9 
20180815835 3 7 2 6 1 5 4 9 10 8 
20180815836 8 6 3 10 2 5 1 9 7 4 
20180815837 4 3 10 6 9 5 7 2 8 1 
20180815838 7 5 6 9 2 4 3 8 10 1 
20180815839 5 1 2 6 3 8 9 4 7 10 
20180815840 8 3 10 5 2 6 7 4 9 1 
20180815841 9 1 7 3 2 5 8 10 6 4 
20180815842 1 2 6 4 8 3 9 5 10 7 
20180815843 9 8 5 3 10 4 7 1 2 6 
20180815844 10 7 9 8 2 4 5 1 3 6 
20180815845 9 10 3 8 5 1 7 2 6 4 
20180815846 5 8 2 1 7 10 4 3 9 6 
20180815847 1 10 4 6 7 2 5 8 9 3 
20180815848 3 8 10 9 4 6 7 2 1 5 
20180815849 3 10 4 2 9 8 7 5 6 1 
20180815850 5 6 8 3 1 9 2 7 10 4 
20180815851 4 2 8 10 7 6 3 1 5 9 
20180815852 5 3 4 9 6 2 1 7 10 8 
20180815853 8 7 5 4 6 3 2 10 9 1 
20180815854 3 4 6 9 10 8 5 7 2 1 
20180815855 6 4 9 10 2 3 8 5 1 7 
20180815856 6 9 4 5 8 3 7 10 2 1 
20180815857 5 10 6 4 3 9 7 2 8 1 
20180815858 1 10 8 6 4 9 5 7 3 2 
20180815859 8 9 3 6 1 2 7 4 10 5 
20180815860 4 9 3 1 7 8 2 10 5 6 
20180815861 7 4 3 5 9 10 6 1 2 8 
20180815862 2 7 1 6 5 8 4 3 10 9 
20180815863 10 6 8 4 9 5 2 1 3 7 
20180815864 8 10 7 3 4 1 5 6 9 2 
20180815865 1 9 2 3 8 4 7 5 10 6 
20180815866 8 3 6 1 5 7 4 9 10 2 
20180815867 2 10 3 8 5 9 4 7 1 6 
20180815868 8 4 1 2 6 10 7 3 5 9 
20180815869 9 1 3 5 6 8 10 7 4 2 
20180815870 6 4 1 5 10 7 2 8 9 3 
20180815871 4 10 7 3 6 9 1 5 8 2 
20180815872 1 3 2 6 5 7 8 4 9 10 
20180815873 10 3 8 4 5 2 7 6 1 9 
20180815874 6 2 8 5 10 7 4 1 3 9 
20180815875 6 7 4 3 2 9 8 1 5 10 
20180815876 7 6 4 5 8 10 1 2 3 9 
20180815877 7 5 9 10 4 6 2 1 8 3 
20180815878 8 3 6 7 5 9 2 1 10 4 
20180815879 8 9 1 2 10 7 6 3 5 4 
20180815880 6 9 10 4 1 3 5 7 2 8 
20180815881 6 8 7 4 1 2 3 10 9 5 
20180815882 8 4 3 6 10 7 9 2 1 5 
20180815883 9 6 7 4 1 8 10 2 3 5 
20180815884 4 6 5 9 8 1 2 3 7 10 
20180815885 7 4 2 10 8 6 1 9 5 3 
20180815886 8 2 10 5 4 6 3 7 1 9 
20180815887 1 4 10 7 3 6 5 8 2 9 
20180815888 2 9 6 10 1 5 4 3 8 7 
20180815889 7 10 2 1 8 6 4 5 9 3 
20180815890 1 3 10 6 8 7 5 2 9 4 
20180815891 7 4 6 3 10 5 9 8 1 2 
20180815892 9 3 5 4 7 6 8 1 10 2 
20180815893 1 8 4 9 3 2 10 7 5 6 
20180815894 9 2 5 7 3 1 4 6 8 10 
20180815895 7 9 1 3 4 10 5 8 6 2 
20180815896 9 1 8 7 3 10 5 4 2 6 
20180815897 10 8 4 6 9 3 2 5 1 7 
20180815898 3 4 10 6 1 7 5 9 2 8 
20180815899 7 9 4 6 5 10 1 3 8 2 
20180815900 7 3 9 2 1 6 10 8 4 5 
20180815901 8 2 6 1 3 10 9 4 5 7 
20180815902 9 6 2 4 1 3 10 5 7 8 
20180815903 10 1 5 4 6 2 9 7 8 3 
20180815904 2 4 10 6 7 9 5 1 8 3 
20180815905 9 3 6 10 1 4 2 7 5 8 
20180815906 4 7 3 6 1 5 10 2 9 8 
20180815907 3 9 5 8 2 10 1 7 6 4 
20180815908 10 9 5 8 4 1 3 7 6 2 
20180815909 2 10 4 1 5 9 8 7 3 6 
20180815910 4 8 10 1 6 5 2 7 9 3 
20180815911 9 1 5 6 10 3 2 8 7 4 
20180815912 2 3 9 4 10 1 6 8 7 5 
20180815913 7 9 1 8 5 2 6 4 10 3 
20180815914 6 9 8 7 4 5 2 3 10 1 
20180815915 4 7 8 6 1 2 5 3 10 9 
20180815916 6 1 4 8 2 5 7 3 9 10 
20180815917 8 9 3 4 7 6 5 1 10 2 
20180815918 3 7 6 4 10 1 2 5 8 9 
20180815919 1 10 3 4 6 8 9 2 7 5 
20180815920 3 1 10 5 4 9 2 7 8 6 
20180815921 6 10 5 3 1 4 9 2 7 8 
20180815922 5 2 6 3 8 10 1 4 7 9 
20180815923 7 9 6 1 10 4 2 5 8 3 
20180815924 2 8 1 4 6 10 3 9 5 7 
20180815925 6 3 8 4 10 5 7 2 9 1 
20180815926 7 2 5 8 6 9 1 3 4 10 
20180815927 2 4 6 9 1 7 8 5 3 10 
20180815928 5 6 3 9 10 4 7 8 2 1 
20180815929 9 1 5 10 2 4 3 8 6 7 
20180815930 6 1 9 5 10 3 8 2 7 4 
20180815931 5 1 10 4 3 9 8 6 2 7 
20180815932 3 8 10 2 1 5 7 6 9 4 
20180815933 6 10 4 9 5 8 7 3 1 2 
20180815934 9 5 8 4 3 2 1 6 7 10 
20180815935 6 9 3 8 5 10 7 4 1 2 
20180815936 6 3 8 1 5 9 10 7 2 4 
20180815937 5 7 10 4 3 9 2 8 6 1 
20180815938 4 6 5 7 8 10 1 2 3 9 
20180815939 3 9 1 8 6 4 10 7 2 5 
20180815940 8 7 2 1 6 5 3 10 9 4 
20180815941 7 1 10 8 9 2 4 3 5 6 
20180815942 8 10 3 7 2 5 4 1 6 9 
20180815943 2 1 3 6 7 8 4 9 5 10 
20180815944 2 7 8 9 10 5 1 3 6 4 
20180815945 9 7 6 2 8 10 3 4 1 5 
20180815946 8 1 5 3 10 4 2 6 9 7 
20180815947 1 6 10 5 9 3 8 4 7 2 
20180815948 1 2 9 10 4 7 5 3 8 6 
20180815949 8 2 9 4 3 7 5 1 10 6 
20180815950 1 5 8 3 7 10 9 4 2 6 
20180815951 3 4 9 1 6 8 5 7 2 10 
20180815952 6 10 7 9 1 4 2 8 3 5 
20180815953 9 7 3 1 4 2 8 10 6 5 
20180815954 3 5 10 8 6 1 4 9 2 7 
20180815955 3 4 2 6 5 1 9 10 8 7 
20180815956 5 1 6 3 8 7 10 4 9 2 
20180815957 1 5 7 4 6 2 9 10 8 3 
20180815958 8 6 9 3 7 4 10 1 2 5 
20180815959 1 8 7 10 9 5 2 4 3 6 
20180815960 6 3 10 4 8 7 2 9 1 5 
20180815961 5 9 1 4 3 6 8 10 2 7 
20180815962 7 2 6 8 5 4 3 9 10 1 
20180815963 7 2 6 8 4 5 1 3 9 10 
20180815964 5 4 1 3 7 10 8 9 6 2 
20180815965 7 8 1 3 6 10 4 2 9 5 
20180815966 7 4 3 8 9 10 1 5 2 6 
20180815967 5 8 6 3 2 4 7 10 1 9 
20180815968 1 3 5 6 2 8 10 7 4 9 
20180815969 6 1 9 7 5 8 3 10 2 4 
20180815970 5 4 8 9 7 3 6 1 10 2 
20180815971 6 1 3 7 5 2 9 10 4 8 
20180815972 6 4 3 2 7 1 10 8 9 5 
20180815973 7 9 5 8 4 10 1 2 6 3 
20180815974 5 7 1 3 9 10 8 6 2 4 
20180815975 5 6 3 8 9 1 2 10 7 4 
20180815976 2 9 7 8 4 5 6 1 3 10 
20180815977 1 5 4 3 10 9 7 8 2 6 
20180815978 8 6 4 10 9 2 7 3 5 1 
20180815979 10 4 2 9 5 7 3 6 1 8 
20180815980 8 5 2 3 7 1 4 6 9 10 
20180815981 5 7 3 9 4 1 8 10 6 2 
20180815982 6 7 10 1 3 4 8 5 2 9 
20180815983 6 9 1 4 10 7 3 2 8 5 
20180815984 6 9 7 2 4 10 5 1 3 8 
20180815985 9 4 3 10 5 1 2 6 8 7 
