20180822001 10 5 4 2 9 6 8 3 1 7 
20180822002 4 6 8 5 3 7 1 2 10 9 
20180822003 4 9 10 1 8 5 2 3 7 6 
20180822004 5 7 3 6 4 2 10 8 1 9 
20180822005 8 5 6 7 2 4 10 9 3 1 
20180822006 3 1 10 6 4 8 9 7 5 2 
20180822007 1 7 3 9 8 10 6 2 4 5 
20180822008 2 1 9 3 7 8 4 5 6 10 
20180822009 2 6 9 10 3 1 4 8 5 7 
20180822010 8 9 7 4 2 10 3 1 6 5 
20180822011 5 7 8 9 3 10 1 6 4 2 
20180822012 7 6 5 2 9 1 10 8 4 3 
20180822013 7 4 6 1 5 10 8 9 3 2 
20180822014 5 8 6 1 9 10 3 2 7 4 
20180822015 1 7 4 5 6 2 3 10 9 8 
20180822016 1 4 9 6 7 8 3 5 2 10 
20180822017 3 6 7 2 1 10 4 9 8 5 
20180822018 10 6 2 1 7 4 3 9 8 5 
20180822019 2 10 7 6 8 3 5 4 1 9 
20180822020 8 6 4 1 2 7 10 9 5 3 
20180822021 1 9 2 4 3 5 10 8 6 7 
20180822022 8 5 1 2 10 6 4 3 7 9 
20180822023 8 10 4 7 2 9 6 3 5 1 
20180822024 5 6 1 10 3 7 8 9 2 4 
20180822025 8 9 4 1 2 6 3 10 5 7 
20180822026 4 9 1 8 10 7 5 6 2 3 
20180822027 9 4 10 2 8 6 1 5 7 3 
20180822028 3 2 6 8 5 9 10 4 1 7 
20180822029 1 5 10 4 3 7 2 9 8 6 
20180822030 4 10 1 6 3 7 5 8 2 9 
20180822031 6 3 9 1 5 7 10 4 2 8 
20180822032 5 6 9 8 3 4 10 7 1 2 
20180822033 6 8 2 10 4 1 5 3 9 7 
20180822034 7 6 2 5 8 1 9 10 4 3 
20180822035 1 9 6 5 7 2 4 3 8 10 
20180822036 6 3 7 5 9 2 8 1 4 10 
20180822037 8 5 9 1 3 6 10 4 2 7 
20180822038 4 5 1 10 3 8 2 6 9 7 
20180822039 9 10 7 5 8 3 2 6 4 1 
20180822040 5 10 6 9 7 3 1 8 4 2 
20180822041 5 1 10 6 2 3 9 8 4 7 
20180822042 5 7 1 9 2 4 8 3 6 10 
20180822043 4 8 2 9 6 7 3 1 10 5 
20180822044 10 5 3 4 1 8 6 2 9 7 
20180822045 1 10 8 5 7 3 9 6 4 2 
20180822046 5 8 9 1 4 6 10 7 2 3 
20180822047 2 4 8 1 7 6 5 3 9 10 
20180822048 6 1 5 3 10 2 7 8 4 9 
20180822049 8 4 3 10 7 1 6 2 9 5 
20180822050 8 1 3 10 5 4 2 6 7 9 
20180822051 2 10 9 7 8 1 5 6 4 3 
20180822052 1 5 6 8 9 2 7 3 4 10 
20180822053 6 5 10 7 1 9 8 3 2 4 
20180822054 8 2 10 3 9 7 5 6 4 1 
20180822055 6 7 5 3 10 2 9 4 8 1 
20180822056 4 10 5 3 6 2 7 9 1 8 
20180822057 7 8 1 10 2 3 9 5 4 6 
20180822058 4 9 7 3 2 6 1 10 8 5 
20180822059 5 3 10 8 1 4 9 6 7 2 
20180822060 3 1 5 9 8 7 6 2 10 4 
20180822061 5 8 4 1 6 9 2 10 3 7 
20180822062 9 8 4 5 6 1 3 2 7 10 
20180822063 4 10 5 7 8 3 9 6 2 1 
20180822064 4 3 9 8 5 1 7 10 6 2 
20180822065 2 10 4 6 3 7 8 9 1 5 
20180822066 2 8 3 7 10 5 9 1 6 4 
20180822067 8 4 1 9 2 3 5 7 6 10 
20180822068 7 5 10 6 9 8 1 2 3 4 
20180822069 10 8 6 1 4 7 2 5 3 9 
20180822070 9 1 6 4 7 2 10 8 3 5 
20180822071 9 3 7 6 1 4 10 2 8 5 
20180822072 7 8 1 3 5 10 6 9 2 4 
20180822073 1 5 3 10 8 4 2 9 7 6 
20180822074 9 6 10 8 7 1 2 4 5 3 
20180822075 4 6 9 8 3 5 7 1 10 2 
20180822076 3 9 10 2 7 6 1 8 4 5 
20180822077 2 10 5 8 4 9 7 3 1 6 
20180822078 7 3 9 10 1 2 4 6 8 5 
20180822079 6 7 5 10 1 3 2 9 8 4 
20180822080 6 7 1 9 4 8 10 5 3 2 
20180822081 1 7 10 8 3 6 2 9 4 5 
20180822082 5 10 2 6 8 3 1 9 7 4 
20180822083 9 2 7 5 1 10 8 3 6 4 
20180822084 3 8 9 6 2 7 5 4 1 10 
20180822085 3 8 10 1 6 7 2 5 4 9 
20180822086 3 9 5 6 8 7 2 10 4 1 
20180822087 9 10 4 6 3 1 2 5 8 7 
20180822088 9 3 2 6 5 8 10 1 7 4 
20180822089 1 6 3 4 5 7 8 2 9 10 
20180822090 7 3 1 10 5 8 4 9 6 2 
20180822091 10 7 3 9 6 5 1 8 2 4 
20180822092 1 7 8 10 5 6 3 2 4 9 
20180822093 3 8 6 1 2 5 4 7 9 10 
20180822094 9 2 1 10 6 5 8 7 3 4 
20180822095 8 2 4 5 9 3 6 1 7 10 
20180822096 7 2 3 4 8 1 10 9 6 5 
20180822097 7 8 4 9 2 1 5 3 10 6 
20180822098 2 10 5 3 7 6 1 8 9 4 
20180822099 5 1 3 7 10 8 4 2 6 9 
20180822100 10 3 1 6 2 9 7 5 8 4 
20180822101 2 3 8 10 9 4 7 5 1 6 
20180822102 8 4 7 6 9 3 1 10 2 5 
20180822103 4 5 10 6 7 1 2 9 3 8 
20180822104 3 9 4 2 6 8 5 10 7 1 
20180822105 2 6 8 4 5 3 1 9 10 7 
20180822106 4 6 5 9 8 7 10 3 2 1 
20180822107 8 10 3 6 1 2 7 9 4 5 
20180822108 2 3 5 1 10 4 8 7 6 9 
20180822109 2 3 5 1 8 6 10 9 4 7 
20180822110 10 6 4 8 1 5 9 3 2 7 
20180822111 6 3 10 2 7 1 9 5 4 8 
20180822112 2 1 8 10 5 6 9 3 4 7 
20180822113 9 1 6 10 5 3 2 8 4 7 
20180822114 4 7 2 10 1 6 8 5 9 3 
20180822115 6 3 10 5 7 2 8 1 4 9 
20180822116 7 4 2 9 8 1 6 3 5 10 
20180822117 1 8 3 10 7 4 2 5 9 6 
20180822118 5 4 6 7 3 9 1 2 10 8 
20180822119 6 9 10 4 5 2 7 1 3 8 
20180822120 7 3 9 2 4 1 8 10 5 6 
20180822121 2 3 6 1 4 5 8 7 9 10 
20180822122 4 10 2 9 5 1 6 3 8 7 
20180822123 7 10 4 5 3 6 9 2 8 1 
20180822124 6 3 7 9 5 1 4 2 10 8 
20180822125 6 3 5 10 2 8 7 9 1 4 
20180822126 5 8 9 10 3 1 7 6 2 4 
20180822127 7 2 1 10 8 3 6 5 4 9 
20180822128 5 6 8 4 3 2 1 7 10 9 
20180822129 2 1 7 8 4 9 10 6 5 3 
20180822130 3 9 10 1 6 5 4 7 8 2 
20180822131 2 3 6 9 4 1 10 5 8 7 
20180822132 2 4 8 7 9 5 3 10 1 6 
20180822133 9 3 7 4 10 5 8 6 1 2 
20180822134 8 7 5 1 6 9 2 4 3 10 
20180822135 8 9 6 10 7 5 2 3 1 4 
20180822136 7 10 8 6 5 3 2 9 1 4 
20180822137 8 1 6 10 7 2 3 9 5 4 
20180822138 6 2 3 1 7 10 4 5 9 8 
20180822139 2 3 1 4 5 7 6 9 10 8 
20180822140 4 5 9 6 1 10 7 8 3 2 
20180822141 6 10 1 9 2 5 4 3 8 7 
20180822142 7 3 8 6 9 4 10 2 1 5 
20180822143 4 9 1 5 3 6 7 10 2 8 
20180822144 9 6 2 10 5 3 4 8 1 7 
20180822145 2 8 10 4 9 3 6 7 1 5 
20180822146 1 4 5 9 7 6 8 3 10 2 
20180822147 2 10 5 7 4 1 6 8 9 3 
20180822148 1 3 2 7 8 4 9 6 10 5 
20180822149 6 3 4 5 2 8 9 10 7 1 
20180822150 10 3 9 8 7 2 6 1 4 5 
20180822151 1 5 7 9 2 3 4 8 6 10 
20180822152 5 2 6 3 7 10 1 9 8 4 
20180822153 8 1 7 6 4 3 5 10 9 2 
20180822154 10 6 1 5 2 4 3 9 7 8 
20180822155 10 5 8 9 1 3 2 7 4 6 
20180822156 3 10 4 6 2 5 9 8 1 7 
20180822157 7 6 8 4 9 1 10 2 3 5 
20180822158 6 2 5 7 1 4 10 9 3 8 
20180822159 1 10 8 6 5 7 2 9 3 4 
20180822160 5 4 3 10 2 9 1 6 7 8 
20180822161 2 4 9 10 5 1 3 7 6 8 
20180822162 7 10 3 5 1 4 8 9 2 6 
20180822163 5 3 8 6 10 7 1 4 9 2 
20180822164 3 6 2 9 1 5 4 7 8 10 
20180822165 5 3 8 4 2 1 6 10 7 9 
20180822166 4 5 9 1 10 7 3 2 8 6 
20180822167 7 8 6 9 1 10 5 4 2 3 
20180822168 1 8 10 6 5 7 3 9 4 2 
20180822169 2 7 3 9 10 4 6 8 5 1 
20180822170 2 10 7 1 5 4 8 3 9 6 
20180822171 4 3 1 5 7 9 2 8 6 10 
20180822172 1 4 9 8 2 5 6 10 3 7 
20180822173 9 8 4 6 7 5 1 2 10 3 
20180822174 2 10 4 1 9 7 3 5 8 6 
20180822175 2 1 9 7 6 5 4 10 8 3 
20180822176 7 5 2 6 1 4 10 8 9 3 
20180822177 6 4 5 7 3 1 2 10 8 9 
20180822178 10 3 2 5 4 6 8 1 9 7 
20180822179 1 8 3 6 2 10 4 7 9 5 
20180822180 7 10 9 1 2 6 4 3 5 8 
20180822181 10 4 2 1 5 7 3 9 6 8 
20180822182 6 10 3 8 5 7 1 4 2 9 
20180822183 3 8 4 5 7 10 9 2 6 1 
20180822184 3 7 1 10 5 6 2 8 4 9 
20180822185 1 8 4 10 9 6 3 5 2 7 
20180822186 1 9 8 5 2 3 4 6 7 10 
20180822187 4 7 9 10 3 1 2 6 5 8 
20180822188 3 4 9 10 2 6 1 8 5 7 
20180822189 7 1 5 6 3 4 8 9 2 10 
20180822190 3 4 10 5 9 2 7 8 1 6 
20180822191 4 10 7 3 2 9 8 1 6 5 
20180822192 3 7 8 6 9 10 5 2 4 1 
20180822193 7 6 3 4 2 1 10 9 5 8 
20180822194 8 1 3 9 5 4 10 6 7 2 
20180822195 1 6 7 9 8 10 5 2 3 4 
20180822196 9 10 6 1 2 8 4 3 5 7 
20180822197 5 2 4 1 6 8 7 9 3 10 
20180822198 1 6 10 2 4 9 3 8 7 5 
20180822199 4 2 6 8 7 5 1 10 9 3 
20180822200 9 2 5 1 4 3 6 10 7 8 
20180822201 7 4 6 5 9 2 10 1 8 3 
20180822202 6 9 10 8 5 7 4 2 1 3 
20180822203 4 8 9 6 2 1 5 10 3 7 
20180822204 10 4 3 9 1 8 7 2 5 6 
20180822205 3 4 9 7 1 10 5 6 8 2 
20180822206 9 1 3 8 4 10 6 7 5 2 
20180822207 4 2 3 5 8 9 10 1 7 6 
20180822208 7 8 1 3 4 6 5 10 2 9 
20180822209 9 1 4 5 10 6 2 7 3 8 
20180822210 8 10 5 6 7 9 3 2 4 1 
20180822211 9 10 5 6 3 7 1 8 2 4 
20180822212 1 8 4 6 9 3 10 2 7 5 
20180822213 6 10 1 5 2 7 4 3 8 9 
20180822214 10 1 9 4 5 3 8 2 7 6 
20180822215 3 7 2 1 9 5 4 10 6 8 
20180822216 4 8 5 10 2 3 1 9 7 6 
20180822217 4 7 10 2 3 8 5 1 9 6 
20180822218 5 3 4 1 10 8 9 7 2 6 
20180822219 5 1 3 9 10 2 8 4 7 6 
20180822220 6 5 4 2 8 7 1 9 3 10 
20180822221 8 9 2 6 3 7 10 4 5 1 
20180822222 3 4 8 1 5 6 7 10 2 9 
20180822223 6 9 7 10 3 4 2 8 1 5 
20180822224 10 2 1 9 7 4 8 3 5 6 
20180822225 1 9 6 5 10 3 7 2 8 4 
20180822226 10 1 5 6 4 8 9 2 7 3 
20180822227 7 3 5 8 1 9 4 10 6 2 
20180822228 5 6 8 10 4 7 9 2 1 3 
20180822229 3 5 1 6 9 8 2 7 10 4 
20180822230 3 5 10 6 4 8 9 1 7 2 
20180822231 2 9 1 6 10 4 3 8 5 7 
20180822232 5 3 8 7 9 6 2 4 10 1 
20180822233 4 5 1 2 9 6 8 3 10 7 
20180822234 7 3 1 9 5 4 6 2 10 8 
20180822235 8 7 9 1 4 2 5 10 6 3 
20180822236 8 10 2 4 1 7 9 3 6 5 
20180822237 5 4 7 2 3 1 10 6 9 8 
20180822238 1 4 6 5 2 9 7 10 3 8 
20180822239 9 3 8 2 10 7 5 4 1 6 
20180822240 4 2 1 9 3 10 7 8 6 5 
20180822241 6 9 2 3 8 5 10 1 4 7 
20180822242 2 1 9 6 4 8 7 3 5 10 
20180822243 6 3 5 10 4 7 9 1 2 8 
20180822244 8 7 1 10 2 9 6 4 5 3 
20180822245 10 8 1 4 2 7 5 9 3 6 
20180822246 1 8 7 9 4 3 10 2 6 5 
20180822247 4 3 5 1 9 8 10 2 6 7 
20180822248 3 10 8 4 9 5 2 1 7 6 
20180822249 3 7 6 1 2 4 9 8 5 10 
20180822250 3 7 9 4 1 8 5 10 6 2 
20180822251 5 8 2 10 3 9 4 7 6 1 
20180822252 3 7 9 1 6 4 8 5 2 10 
20180822253 8 10 1 4 3 9 7 6 5 2 
20180822254 8 9 3 2 7 10 6 5 1 4 
20180822255 8 1 6 10 2 9 5 3 4 7 
20180822256 7 1 2 4 10 6 3 5 9 8 
20180822257 10 1 4 3 5 2 9 8 6 7 
20180822258 6 1 5 3 2 10 4 9 7 8 
20180822259 2 7 1 8 3 9 10 6 4 5 
20180822260 4 2 9 7 10 6 1 5 3 8 
20180822261 3 2 6 4 8 9 1 5 7 10 
20180822262 4 3 10 9 7 2 5 6 8 1 
20180822263 10 1 4 3 2 5 8 9 6 7 
20180822264 5 2 8 3 1 10 4 9 6 7 
20180822265 10 7 8 4 3 5 9 1 6 2 
20180822266 8 10 3 7 2 9 1 4 6 5 
20180822267 6 9 10 5 1 4 2 3 8 7 
20180822268 3 9 7 8 10 6 4 2 5 1 
20180822269 4 3 7 9 1 2 5 8 10 6 
20180822270 8 10 5 2 7 4 6 3 1 9 
20180822271 3 7 1 4 6 8 5 10 9 2 
20180822272 1 6 4 2 9 5 7 3 10 8 
20180822273 1 7 8 6 3 9 10 2 4 5 
20180822274 10 7 2 5 8 4 1 3 9 6 
20180822275 7 6 2 5 4 8 9 1 10 3 
20180822276 7 5 8 10 1 3 2 4 9 6 
20180822277 10 4 7 5 8 1 6 9 3 2 
20180822278 4 2 7 10 1 6 8 9 3 5 
20180822279 10 8 6 4 9 3 7 2 5 1 
20180822280 9 4 10 1 7 6 3 5 2 8 
20180822281 7 1 8 10 3 6 9 5 2 4 
20180822282 2 3 7 1 4 9 8 6 10 5 
20180822283 2 6 5 8 3 1 10 4 7 9 
20180822284 3 5 1 10 7 6 4 8 9 2 
20180822285 4 2 8 5 1 3 7 9 10 6 
20180822286 1 6 3 8 5 9 7 10 2 4 
20180822287 2 6 7 1 3 8 9 4 10 5 
20180822288 8 7 4 9 3 1 10 5 6 2 
20180822289 8 2 10 1 7 5 4 9 6 3 
20180822290 2 9 1 8 5 4 3 6 7 10 
20180822291 7 4 5 3 2 9 8 1 6 10 
20180822292 6 10 5 1 8 9 4 7 3 2 
20180822293 9 3 6 8 10 5 1 4 2 7 
20180822294 9 1 6 3 7 2 5 8 10 4 
20180822295 6 1 10 7 3 9 2 5 4 8 
20180822296 3 6 8 9 7 2 10 1 5 4 
20180822297 2 6 3 9 1 4 10 5 8 7 
20180822298 4 2 3 1 9 7 8 6 10 5 
20180822299 6 1 3 2 9 4 7 5 10 8 
20180822300 3 6 9 8 5 4 2 7 1 10 
20180822301 5 7 6 9 10 2 4 8 1 3 
20180822302 7 8 2 5 10 6 3 4 1 9 
20180822303 6 10 3 4 5 7 2 8 9 1 
20180822304 5 8 1 3 6 9 10 2 4 7 
20180822305 4 1 7 3 9 5 2 10 6 8 
20180822306 1 3 5 9 10 4 6 2 7 8 
20180822307 2 7 1 6 10 5 9 8 4 3 
20180822308 5 6 10 1 2 3 8 7 4 9 
20180822309 6 1 7 9 10 2 5 3 4 8 
20180822310 7 5 6 1 4 2 10 3 9 8 
20180822311 3 9 1 2 7 4 6 10 5 8 
20180822312 1 4 5 10 8 2 6 7 3 9 
20180822313 2 9 4 5 7 10 8 6 3 1 
20180822314 4 10 7 9 2 8 1 5 6 3 
20180822315 9 7 10 8 3 6 2 5 4 1 
20180822316 9 1 2 7 6 4 10 3 5 8 
20180822317 3 7 9 1 6 4 2 10 8 5 
20180822318 10 2 7 9 5 8 4 6 3 1 
20180822319 4 6 8 2 7 3 1 9 5 10 
20180822320 5 4 9 8 7 3 10 2 1 6 
20180822321 4 1 7 2 5 10 9 3 8 6 
20180822322 7 2 1 8 5 4 9 10 3 6 
20180822323 10 3 8 7 2 1 5 6 4 9 
20180822324 5 6 1 7 2 10 8 9 3 4 
20180822325 5 6 4 3 9 1 10 8 7 2 
20180822326 5 10 1 8 7 3 9 2 4 6 
20180822327 2 4 7 9 10 1 6 8 5 3 
20180822328 6 7 3 1 5 10 8 9 2 4 
20180822329 2 5 4 9 7 10 3 6 1 8 
20180822330 3 1 4 10 9 7 2 6 8 5 
20180822331 4 10 2 6 5 7 1 9 3 8 
20180822332 6 2 9 1 3 4 10 7 5 8 
20180822333 2 7 4 6 5 10 3 1 9 8 
20180822334 6 9 5 3 7 4 2 8 1 10 
20180822335 4 9 7 10 6 1 8 3 5 2 
20180822336 3 6 5 7 2 4 9 1 8 10 
20180822337 9 5 4 10 8 3 6 1 2 7 
20180822338 10 7 9 5 8 6 1 4 3 2 
20180822339 7 3 2 5 9 1 10 6 8 4 
20180822340 7 9 5 2 6 3 4 10 8 1 
20180822341 1 6 2 5 9 3 8 4 10 7 
20180822342 6 1 3 7 4 10 9 2 5 8 
20180822343 1 4 7 8 10 5 9 6 3 2 
20180822344 5 10 3 8 6 9 2 4 1 7 
20180822345 3 7 9 8 10 6 1 2 4 5 
20180822346 6 7 5 4 1 10 9 8 3 2 
20180822347 10 6 1 2 7 9 8 4 5 3 
20180822348 6 5 2 1 10 4 7 9 3 8 
20180822349 8 10 6 1 9 2 4 5 7 3 
20180822350 2 9 1 3 10 8 6 7 5 4 
20180822351 8 10 6 3 9 7 2 5 1 4 
20180822352 8 9 10 2 3 1 7 6 4 5 
20180822353 9 6 2 5 10 1 4 3 8 7 
20180822354 9 4 1 5 10 2 7 3 6 8 
20180822355 10 8 1 4 2 3 9 5 7 6 
20180822356 2 7 5 9 1 4 3 6 8 10 
20180822357 7 8 5 9 1 4 10 2 3 6 
20180822358 5 6 1 3 8 2 7 9 10 4 
20180822359 2 3 1 8 10 6 7 4 5 9 
20180822360 6 1 2 8 7 5 9 4 10 3 
20180822361 3 5 2 10 8 7 9 4 6 1 
20180822362 4 3 5 7 1 10 9 6 2 8 
20180822363 8 4 9 2 7 1 10 6 5 3 
20180822364 7 3 5 10 4 2 1 9 8 6 
20180822365 10 2 5 7 1 8 4 6 3 9 
20180822366 9 6 4 5 3 10 2 8 1 7 
20180822367 8 10 4 6 9 5 3 1 7 2 
20180822368 4 6 7 5 10 8 3 9 2 1 
20180822369 9 6 8 7 4 2 5 3 1 10 
20180822370 10 5 8 6 9 7 4 1 2 3 
20180822371 10 1 9 5 7 2 3 6 4 8 
20180822372 7 6 10 2 9 1 3 8 4 5 
20180822373 7 9 5 4 10 6 1 2 3 8 
20180822374 8 7 5 1 10 4 9 3 6 2 
20180822375 7 8 10 1 2 5 6 9 4 3 
20180822376 10 5 9 6 4 8 3 1 7 2 
20180822377 10 2 1 5 8 7 3 6 9 4 
20180822378 6 9 7 5 10 4 1 3 8 2 
20180822379 2 6 10 8 1 3 4 7 5 9 
20180822380 6 1 2 7 10 5 4 3 9 8 
20180822381 10 7 2 8 3 5 6 1 9 4 
20180822382 6 9 8 3 5 2 1 4 7 10 
20180822383 2 5 3 7 9 1 4 8 10 6 
20180822384 8 4 6 3 10 7 9 1 2 5 
20180822385 9 10 5 7 6 2 8 4 1 3 
20180822386 2 8 10 4 3 6 9 7 5 1 
20180822387 7 8 2 3 4 10 5 9 6 1 
20180822388 9 5 10 6 8 4 7 2 1 3 
20180822389 7 4 6 3 10 8 5 9 2 1 
20180822390 2 3 4 8 6 1 7 5 10 9 
20180822391 9 1 5 7 6 8 10 3 4 2 
20180822392 8 5 4 7 3 6 9 1 2 10 
20180822393 4 6 3 1 9 2 5 7 8 10 
20180822394 2 1 10 8 5 6 7 9 3 4 
20180822395 5 8 4 7 6 2 1 3 9 10 
20180822396 6 3 7 1 9 8 2 10 4 5 
20180822397 7 4 8 10 1 5 2 6 3 9 
20180822398 9 3 10 4 8 2 1 5 7 6 
20180822399 6 8 7 5 4 10 1 9 3 2 
20180822400 7 5 2 8 6 4 9 3 10 1 
20180822401 8 10 3 5 7 4 9 2 6 1 
20180822402 8 2 3 5 9 10 6 7 1 4 
20180822403 7 4 3 8 5 9 6 2 10 1 
20180822404 3 9 10 6 7 1 8 5 4 2 
20180822405 1 5 6 3 8 10 2 4 7 9 
20180822406 4 9 1 8 3 6 10 7 2 5 
20180822407 8 5 1 9 3 6 7 4 10 2 
20180822408 4 8 5 10 3 1 2 6 9 7 
20180822409 7 6 9 3 10 4 2 1 8 5 
20180822410 3 1 6 5 9 2 10 4 8 7 
20180822411 4 9 1 5 3 2 7 8 6 10 
20180822412 1 5 10 6 2 9 4 7 3 8 
20180822413 2 1 3 5 7 6 8 4 10 9 
20180822414 6 1 2 5 8 9 4 7 10 3 
20180822415 10 8 1 4 2 6 9 3 7 5 
20180822416 7 5 10 9 1 8 6 2 4 3 
20180822417 2 6 3 7 9 8 5 4 1 10 
20180822418 7 3 2 6 5 9 4 8 1 10 
20180822419 6 7 8 9 10 5 2 3 4 1 
20180822420 8 5 6 7 2 1 10 4 9 3 
20180822421 3 7 9 1 10 4 6 2 8 5 
20180822422 4 9 3 6 1 8 2 7 5 10 
20180822423 2 10 6 3 1 7 4 8 9 5 
20180822424 4 8 2 10 5 7 9 6 1 3 
20180822425 8 3 6 10 9 1 4 5 2 7 
20180822426 7 9 4 6 3 8 10 5 2 1 
20180822427 9 8 7 10 1 4 5 3 2 6 
20180822428 3 4 8 1 5 7 10 6 2 9 
20180822429 2 9 4 5 1 3 10 8 7 6 
20180822430 6 3 7 10 1 5 4 9 2 8 
20180822431 6 10 5 7 3 2 1 9 4 8 
20180822432 10 4 3 2 7 9 6 5 1 8 
20180822433 1 7 2 5 10 8 9 3 6 4 
20180822434 1 5 9 6 8 3 4 10 2 7 
20180822435 7 9 5 8 4 2 6 3 10 1 
20180822436 5 10 1 4 7 6 8 2 3 9 
20180822437 2 8 3 5 9 1 10 7 6 4 
20180822438 8 2 5 10 6 9 1 4 3 7 
20180822439 3 7 10 2 8 4 6 5 9 1 
20180822440 10 2 8 4 7 3 5 1 9 6 
20180822441 5 1 6 4 7 8 9 2 10 3 
20180822442 5 8 1 7 2 10 3 4 9 6 
20180822443 8 6 9 7 10 2 5 1 3 4 
20180822444 10 2 8 7 9 1 3 5 4 6 
20180822445 4 10 1 8 9 6 7 3 2 5 
20180822446 8 1 4 3 2 9 6 5 10 7 
20180822447 4 3 2 7 1 6 10 8 9 5 
20180822448 1 3 5 6 9 2 7 8 4 10 
20180822449 1 8 4 5 2 9 3 10 7 6 
20180822450 7 4 2 1 10 6 3 8 5 9 
20180822451 6 8 1 4 2 10 7 5 3 9 
20180822452 2 1 4 10 5 7 8 9 6 3 
20180822453 10 1 9 3 4 2 5 8 7 6 
20180822454 7 10 3 2 9 8 5 4 6 1 
20180822455 1 7 8 2 3 4 10 5 6 9 
20180822456 4 10 1 6 3 5 8 9 7 2 
20180822457 7 10 3 9 5 4 2 1 6 8 
20180822458 3 4 2 8 9 7 10 1 6 5 
20180822459 10 9 3 4 2 7 6 1 8 5 
20180822460 2 5 10 3 7 4 6 9 8 1 
20180822461 8 10 7 9 3 4 6 1 5 2 
20180822462 5 1 3 6 7 10 8 9 4 2 
20180822463 6 7 3 5 4 2 8 1 9 10 
20180822464 5 1 7 10 3 8 6 9 2 4 
20180822465 9 7 8 6 4 3 2 1 10 5 
20180822466 1 10 9 6 2 4 8 3 7 5 
20180822467 10 8 5 4 2 7 3 1 6 9 
20180822468 3 2 1 8 10 7 6 9 5 4 
20180822469 8 4 10 2 1 5 9 7 3 6 
20180822470 7 4 3 10 8 1 5 6 2 9 
20180822471 7 1 6 4 9 3 5 2 10 8 
20180822472 10 5 2 1 7 6 3 8 4 9 
20180822473 8 5 10 9 3 1 2 7 4 6 
20180822474 9 5 4 6 3 8 10 2 1 7 
20180822475 6 1 8 3 4 9 7 2 5 10 
20180822476 7 6 1 5 4 10 2 9 8 3 
20180822477 8 2 10 6 7 5 3 9 1 4 
20180822478 8 3 2 9 6 5 1 7 4 10 
20180822479 2 10 6 9 4 8 1 3 5 7 
20180822480 9 3 6 7 8 2 1 10 5 4 
20180822481 6 1 2 10 9 7 8 3 5 4 
20180822482 7 4 6 1 8 3 5 9 2 10 
20180822483 7 8 5 2 9 10 1 3 4 6 
20180822484 8 1 3 10 9 2 5 4 6 7 
20180822485 7 10 8 2 9 4 3 1 5 6 
20180822486 5 9 4 7 3 1 6 8 10 2 
20180822487 4 6 1 9 8 2 5 3 7 10 
20180822488 3 4 5 6 2 10 7 9 8 1 
20180822489 1 10 5 7 8 4 2 3 9 6 
20180822490 2 7 8 9 3 6 4 5 10 1 
20180822491 6 9 4 10 7 1 8 3 5 2 
20180822492 4 5 10 6 9 8 7 3 2 1 
20180822493 2 7 3 1 9 4 6 10 8 5 
20180822494 6 7 9 2 3 10 5 8 4 1 
20180822495 1 9 8 5 7 3 2 4 10 6 
20180822496 8 1 4 7 3 6 9 2 10 5 
20180822497 4 7 6 8 9 3 2 10 1 5 
20180822498 2 10 1 4 9 7 3 8 5 6 
20180822499 4 10 5 8 1 2 3 6 7 9 
20180822500 7 6 9 8 1 3 5 4 2 10 
20180822501 7 3 4 8 6 5 10 9 1 2 
20180822502 2 8 3 10 7 9 1 6 4 5 
20180822503 2 6 5 4 8 10 1 9 3 7 
20180822504 4 1 8 3 9 6 7 5 10 2 
20180822505 7 10 4 6 3 9 1 8 2 5 
20180822506 4 7 1 2 5 9 8 3 10 6 
20180822507 2 4 10 3 7 6 5 1 9 8 
20180822508 4 1 10 8 5 6 9 2 7 3 
20180822509 5 1 4 6 7 3 8 10 2 9 
20180822510 9 8 7 2 1 10 3 4 5 6 
20180822511 9 5 1 6 8 3 4 2 7 10 
20180822512 10 6 1 2 5 8 9 4 7 3 
20180822513 3 8 4 2 5 10 7 9 1 6 
20180822514 9 6 2 1 10 5 8 3 4 7 
20180822515 10 2 8 3 9 4 1 6 5 7 
20180822516 4 5 10 9 1 7 3 2 8 6 
20180822517 2 3 4 6 7 9 1 5 8 10 
20180822518 5 8 2 3 4 6 9 10 7 1 
20180822519 7 10 3 4 9 6 5 1 2 8 
20180822520 5 1 10 2 4 8 7 3 6 9 
20180822521 4 3 1 5 7 9 10 2 6 8 
20180822522 2 6 10 7 4 9 8 1 5 3 
20180822523 4 3 5 1 7 8 2 9 10 6 
20180822524 2 8 9 6 4 1 5 3 7 10 
20180822525 9 5 7 8 6 1 10 3 2 4 
20180822526 6 8 4 3 2 9 1 7 10 5 
20180822527 5 8 2 6 10 9 4 3 7 1 
20180822528 6 10 2 5 8 9 1 3 7 4 
20180822529 7 9 6 10 1 4 2 3 5 8 
20180822530 4 1 3 9 10 8 7 2 5 6 
20180822531 5 9 3 1 4 10 7 8 2 6 
20180822532 10 6 9 1 5 4 3 8 7 2 
20180822533 10 7 1 8 4 9 6 2 3 5 
20180822534 3 6 4 8 9 7 2 10 5 1 
20180822535 2 10 8 5 4 7 9 3 1 6 
20180822536 6 8 4 5 1 3 9 10 2 7 
20180822537 2 8 9 3 4 1 6 7 10 5 
20180822538 6 3 4 2 5 7 1 9 8 10 
20180822539 3 10 1 7 4 6 5 2 9 8 
20180822540 3 10 1 9 6 4 5 7 2 8 
20180822541 2 5 4 3 10 1 8 9 7 6 
20180822542 8 2 5 9 10 3 7 4 1 6 
20180822543 2 5 4 9 3 6 10 8 1 7 
20180822544 3 2 8 9 4 7 1 6 10 5 
20180822545 9 1 3 10 8 7 6 5 2 4 
20180822546 3 4 10 1 9 2 8 7 5 6 
20180822547 10 6 1 2 3 7 8 5 4 9 
20180822548 10 1 7 5 3 8 2 9 6 4 
20180822549 4 5 6 10 7 8 3 1 2 9 
20180822550 6 4 7 10 1 8 2 9 5 3 
20180822551 4 9 6 10 1 2 7 8 5 3 
20180822552 9 4 5 8 1 6 10 3 2 7 
20180822553 5 8 1 2 9 10 4 3 6 7 
20180822554 10 7 5 6 9 3 8 1 2 4 
20180822555 9 5 3 2 1 7 6 4 10 8 
20180822556 10 3 6 8 7 1 5 2 9 4 
20180822557 2 6 1 8 5 4 3 7 10 9 
20180822558 8 3 2 4 1 9 5 6 7 10 
20180822559 10 3 6 1 8 2 9 7 5 4 
20180822560 9 6 8 2 10 4 5 7 3 1 
20180822561 8 7 6 3 5 4 2 1 10 9 
20180822562 9 2 5 10 6 4 8 7 1 3 
20180822563 5 6 8 9 4 3 1 7 10 2 
20180822564 10 8 3 9 7 1 2 5 6 4 
20180822565 4 10 7 9 1 3 8 5 6 2 
20180822566 4 9 6 8 2 10 5 3 1 7 
20180822567 9 10 8 2 3 4 6 7 5 1 
20180822568 4 10 8 5 2 1 6 7 9 3 
20180822569 9 6 7 2 1 5 4 8 3 10 
20180822570 6 10 8 2 7 1 5 4 3 9 
20180822571 4 7 6 10 5 9 1 2 3 8 
20180822572 3 4 1 10 7 5 9 6 8 2 
20180822573 1 5 10 2 7 4 8 6 3 9 
20180822574 10 2 7 4 9 3 5 8 1 6 
20180822575 5 6 10 9 2 8 3 1 7 4 
20180822576 3 7 5 6 8 2 9 10 1 4 
20180822577 5 10 8 7 2 1 9 6 3 4 
20180822578 1 8 2 9 4 10 7 3 5 6 
20180822579 8 5 9 2 10 1 7 6 3 4 
20180822580 5 4 3 10 1 7 6 2 8 9 
20180822581 5 10 3 4 9 2 1 8 7 6 
20180822582 10 3 9 2 1 6 7 4 8 5 
20180822583 8 9 5 4 10 6 7 1 2 3 
20180822584 7 5 3 1 4 10 2 8 6 9 
20180822585 9 6 7 1 5 10 2 8 3 4 
20180822586 6 8 1 3 9 5 4 2 10 7 
20180822587 6 5 10 9 4 2 8 1 3 7 
20180822588 8 1 4 9 2 6 7 5 3 10 
20180822589 1 3 10 4 2 6 8 7 9 5 
20180822590 7 6 2 4 3 10 5 8 9 1 
20180822591 9 4 5 3 8 10 1 2 6 7 
20180822592 5 6 3 2 4 9 7 1 10 8 
20180822593 1 2 5 8 6 3 4 10 9 7 
20180822594 5 2 9 7 6 10 4 3 1 8 
20180822595 5 8 6 4 9 1 7 10 3 2 
20180822596 6 8 1 7 10 9 5 2 4 3 
20180822597 4 6 10 3 5 9 2 1 8 7 
20180822598 3 1 7 5 6 2 10 8 9 4 
20180822599 10 2 3 7 4 5 9 8 1 6 
20180822600 5 9 3 10 6 7 2 4 1 8 
20180822601 1 8 6 3 4 5 7 10 2 9 
20180822602 1 5 9 10 7 4 6 2 3 8 
20180822603 9 7 6 3 1 5 4 2 10 8 
20180822604 10 1 4 6 2 5 8 9 7 3 
20180822605 7 3 2 6 1 9 4 10 5 8 
20180822606 6 8 5 1 4 10 7 2 9 3 
20180822607 1 3 8 9 2 10 6 7 4 5 
20180822608 2 7 6 10 3 1 9 8 4 5 
20180822609 2 8 3 9 10 4 5 6 1 7 
20180822610 4 7 3 9 8 6 5 10 2 1 
20180822611 6 5 2 1 10 7 3 8 9 4 
20180822612 10 4 5 8 2 3 7 9 6 1 
20180822613 9 2 8 10 6 1 5 4 7 3 
20180822614 8 5 6 9 2 4 7 3 1 10 
20180822615 4 1 10 6 7 5 2 8 3 9 
20180822616 7 4 1 8 2 10 9 5 3 6 
20180822617 9 7 1 4 3 8 10 2 6 5 
20180822618 10 6 9 3 7 8 2 5 4 1 
20180822619 1 10 3 6 4 9 5 2 8 7 
20180822620 9 3 4 5 7 6 8 2 10 1 
20180822621 7 3 5 10 4 9 8 6 1 2 
20180822622 5 4 10 6 8 3 9 7 2 1 
20180822623 9 5 7 10 6 2 8 3 1 4 
20180822624 5 10 2 8 1 6 3 4 9 7 
20180822625 6 7 3 4 1 9 2 8 10 5 
20180822626 7 10 5 4 9 8 1 3 6 2 
20180822627 6 3 4 1 7 5 2 8 9 10 
20180822628 2 5 10 7 3 6 9 4 8 1 
20180822629 6 3 7 4 5 9 10 2 1 8 
20180822630 2 10 6 5 4 7 8 9 1 3 
20180822631 9 3 7 5 8 1 2 4 6 10 
20180822632 10 8 4 1 2 6 5 9 3 7 
20180822633 9 2 1 8 5 7 10 6 3 4 
20180822634 3 4 6 8 2 1 7 9 10 5 
20180822635 6 1 5 8 7 10 3 4 9 2 
20180822636 4 7 10 8 5 6 3 9 1 2 
20180822637 1 7 8 10 6 4 2 9 3 5 
20180822638 9 2 8 6 4 10 3 7 5 1 
20180822639 10 5 8 4 2 3 7 6 1 9 
20180822640 2 9 7 8 4 3 6 10 5 1 
20180822641 2 10 7 6 8 3 5 1 9 4 
20180822642 10 7 6 2 1 8 9 4 3 5 
20180822643 2 3 5 8 4 7 10 9 6 1 
20180822644 6 4 9 10 3 1 8 5 7 2 
20180822645 8 5 9 1 3 2 4 7 6 10 
20180822646 3 2 10 8 6 7 1 5 9 4 
20180822647 5 10 6 7 3 2 9 1 4 8 
20180822648 10 2 5 3 6 7 9 1 4 8 
20180822649 5 6 4 10 3 9 2 1 8 7 
20180822650 10 7 2 9 8 3 4 6 5 1 
20180822651 6 7 2 1 8 10 9 3 4 5 
20180822652 5 8 1 4 6 2 10 3 7 9 
20180822653 8 10 3 1 9 6 2 4 5 7 
20180822654 5 2 6 4 8 1 10 7 9 3 
20180822655 5 8 4 7 9 6 3 2 10 1 
20180822656 5 3 7 6 9 1 2 8 10 4 
20180822657 1 3 8 7 6 9 10 4 2 5 
20180822658 5 9 10 8 1 4 7 3 2 6 
20180822659 5 8 7 3 4 6 2 9 10 1 
20180822660 8 9 7 3 5 10 1 2 6 4 
20180822661 4 6 5 1 2 10 3 9 7 8 
20180822662 6 2 10 1 9 5 4 3 8 7 
20180822663 5 6 9 3 4 8 10 2 7 1 
20180822664 5 3 2 10 8 7 4 1 6 9 
20180822665 2 8 3 4 7 5 1 10 9 6 
20180822666 8 2 6 5 4 3 9 7 10 1 
20180822667 1 7 9 2 8 3 5 10 4 6 
20180822668 1 10 2 8 9 6 4 5 3 7 
20180822669 7 6 9 5 3 1 4 8 2 10 
20180822670 8 3 10 9 4 5 6 7 1 2 
20180822671 7 4 3 1 10 5 9 6 8 2 
20180822672 6 5 10 3 8 9 2 1 7 4 
20180822673 2 8 3 4 7 10 6 5 9 1 
20180822674 4 8 7 6 9 2 10 3 5 1 
20180822675 6 5 9 2 8 1 10 4 7 3 
20180822676 10 9 4 1 6 2 5 7 8 3 
20180822677 2 4 7 8 3 9 1 5 10 6 
20180822678 9 10 2 3 5 8 1 4 7 6 
20180822679 6 5 3 10 9 1 4 8 7 2 
20180822680 2 3 10 4 9 6 1 5 8 7 
20180822681 5 4 10 3 9 1 2 8 7 6 
20180822682 10 9 4 5 2 8 1 7 3 6 
20180822683 4 3 7 5 8 1 9 6 2 10 
20180822684 4 6 8 3 10 5 2 1 7 9 
20180822685 9 3 1 4 8 5 6 7 2 10 
20180822686 5 7 6 3 8 9 10 2 1 4 
20180822687 4 8 3 5 10 1 2 6 9 7 
20180822688 3 5 2 6 9 8 7 1 4 10 
20180822689 10 2 4 1 7 6 3 8 9 5 
20180822690 8 5 2 9 6 7 1 3 4 10 
20180822691 5 10 3 6 2 4 7 8 1 9 
20180822692 7 6 8 3 2 10 1 4 5 9 
20180822693 10 8 3 1 5 4 6 7 9 2 
20180822694 2 6 9 8 4 3 10 1 5 7 
20180822695 3 10 2 8 9 5 1 7 6 4 
20180822696 6 4 2 5 9 8 3 1 7 10 
20180822697 7 9 8 2 4 6 3 1 5 10 
20180822698 5 7 6 10 2 1 9 4 3 8 
20180822699 9 10 8 4 3 5 1 2 7 6 
20180822700 9 5 4 7 3 10 8 6 1 2 
20180822701 7 8 5 9 2 6 4 1 10 3 
20180822702 8 5 6 10 7 9 4 3 2 1 
20180822703 7 2 3 6 8 4 10 5 1 9 
20180822704 6 4 5 7 1 3 8 2 9 10 
20180822705 6 2 5 1 7 10 9 3 8 4 
20180822706 8 2 1 7 9 10 4 6 5 3 
20180822707 1 3 6 4 7 10 8 9 2 5 
20180822708 9 7 5 6 10 4 3 1 2 8 
20180822709 10 3 8 2 4 5 9 1 6 7 
20180822710 9 3 5 2 7 10 1 6 4 8 
20180822711 2 8 3 1 10 6 5 9 7 4 
20180822712 10 6 9 2 8 1 4 5 7 3 
20180822713 3 10 6 5 1 9 2 7 4 8 
20180822714 8 5 3 2 1 4 9 6 10 7 
20180822715 3 2 10 6 5 9 8 1 7 4 
20180822716 2 9 1 4 7 10 6 3 5 8 
20180822717 3 6 9 2 5 7 8 1 4 10 
20180822718 6 9 7 5 2 3 4 1 10 8 
20180822719 10 9 7 5 2 3 8 4 6 1 
20180822720 3 8 5 2 10 4 7 6 1 9 
20180822721 9 1 10 3 5 2 7 6 4 8 
20180822722 7 9 8 4 10 1 6 3 2 5 
20180822723 2 6 3 10 9 1 5 8 7 4 
20180822724 8 4 2 3 1 6 7 5 10 9 
20180822725 1 6 2 4 7 3 5 10 8 9 
20180822726 2 1 7 8 6 10 3 5 4 9 
20180822727 7 8 5 6 3 10 1 4 9 2 
20180822728 8 5 2 7 6 10 4 3 1 9 
20180822729 9 5 7 6 8 4 10 2 3 1 
20180822730 1 2 5 4 3 9 7 10 6 8 
20180822731 8 10 6 5 4 9 1 2 3 7 
20180822732 7 9 1 8 3 5 6 2 4 10 
20180822733 6 2 10 5 3 9 8 7 1 4 
20180822734 1 9 7 8 5 6 4 10 3 2 
20180822735 5 2 10 9 6 7 3 1 4 8 
20180822736 3 5 7 10 6 9 4 8 2 1 
20180822737 7 10 2 5 6 4 3 9 1 8 
20180822738 7 1 10 8 4 9 6 5 2 3 
20180822739 3 6 10 2 4 7 9 1 5 8 
20180822740 9 1 6 8 4 2 7 5 10 3 
20180822741 4 2 6 7 9 10 3 8 5 1 
20180822742 6 9 10 3 1 8 5 2 7 4 
20180822743 10 4 5 1 6 2 9 8 3 7 
20180822744 4 8 2 1 10 3 9 5 7 6 
20180822745 2 10 6 4 3 1 9 8 5 7 
20180822746 10 9 8 3 6 1 2 7 4 5 
20180822747 1 3 4 6 2 9 7 8 5 10 
20180822748 10 4 5 3 2 7 8 1 6 9 
20180822749 4 9 5 10 6 7 8 1 3 2 
20180822750 2 3 6 9 7 1 5 8 4 10 
20180822751 8 1 7 3 6 5 2 4 9 10 
20180822752 6 9 10 7 5 3 8 2 1 4 
20180822753 9 10 8 7 2 5 3 4 6 1 
20180822754 1 6 10 8 3 4 2 9 7 5 
20180822755 5 3 10 2 9 8 1 7 4 6 
20180822756 1 6 7 5 10 2 4 8 9 3 
20180822757 7 4 9 6 5 3 1 2 8 10 
20180822758 9 1 10 7 2 8 4 6 3 5 
20180822759 7 2 9 5 1 6 10 8 3 4 
20180822760 6 8 7 4 2 1 10 9 5 3 
20180822761 8 6 4 3 10 5 7 9 1 2 
20180822762 3 5 6 8 7 4 10 1 2 9 
20180822763 5 8 10 4 6 2 9 3 1 7 
20180822764 2 4 3 6 7 5 1 9 10 8 
20180822765 4 9 8 5 2 10 6 3 1 7 
20180822766 3 6 9 7 8 5 1 2 10 4 
20180822767 10 5 9 1 7 6 2 3 8 4 
20180822768 6 7 1 2 5 3 8 10 9 4 
20180822769 7 4 9 6 5 8 10 2 3 1 
20180822770 10 6 5 9 3 8 1 2 7 4 
20180822771 8 9 3 10 4 5 6 2 1 7 
20180822772 10 9 8 4 1 2 7 6 3 5 
20180822773 3 2 4 7 10 5 6 1 9 8 
20180822774 6 1 10 9 3 7 8 2 4 5 
20180822775 1 4 8 7 5 3 10 2 6 9 
20180822776 9 3 5 7 10 1 6 4 8 2 
20180822777 2 1 4 8 10 6 5 7 3 9 
20180822778 9 7 6 8 2 1 4 10 3 5 
20180822779 1 9 7 4 3 5 10 2 8 6 
20180822780 6 3 5 4 7 10 2 9 1 8 
20180822781 6 10 8 1 5 2 9 7 4 3 
20180822782 1 8 6 10 4 2 5 3 7 9 
20180822783 9 4 1 6 7 10 5 2 3 8 
20180822784 6 7 2 5 10 3 4 9 1 8 
20180822785 7 9 4 5 2 8 3 1 10 6 
20180822786 5 1 3 7 4 6 9 2 8 10 
20180822787 3 1 4 8 5 9 6 10 2 7 
20180822788 6 10 1 8 5 7 4 3 2 9 
20180822789 6 4 5 2 10 7 8 1 9 3 
20180822790 3 8 6 5 1 2 10 4 9 7 
20180822791 9 8 7 2 10 3 6 4 5 1 
20180822792 4 5 3 8 2 1 10 9 6 7 
20180822793 4 5 8 6 9 3 7 2 10 1 
20180822794 8 3 7 10 4 6 5 2 1 9 
20180822795 5 7 9 3 10 4 8 1 6 2 
20180822796 9 5 1 4 6 7 8 3 2 10 
20180822797 3 7 5 1 2 10 4 8 6 9 
20180822798 8 9 10 6 5 4 2 3 7 1 
20180822799 4 5 7 3 8 1 2 6 10 9 
20180822800 6 5 3 8 10 9 4 1 2 7 
20180822801 4 9 6 10 2 3 1 8 5 7 
20180822802 6 9 4 2 5 10 3 1 7 8 
20180822803 6 9 10 3 8 5 1 7 4 2 
20180822804 3 5 8 10 9 4 6 1 7 2 
20180822805 8 7 2 6 4 10 1 5 3 9 
20180822806 4 8 10 3 9 1 7 2 5 6 
20180822807 7 3 2 6 9 10 8 4 5 1 
20180822808 7 9 10 1 4 3 8 2 5 6 
20180822809 9 4 1 3 10 6 7 5 8 2 
20180822810 3 7 8 5 10 6 4 9 1 2 
20180822811 2 7 3 5 1 10 4 9 8 6 
20180822812 10 4 7 8 2 5 1 9 3 6 
20180822813 1 6 9 3 4 8 7 10 5 2 
20180822814 9 3 2 8 10 6 7 5 4 1 
20180822815 6 1 9 10 7 4 2 8 5 3 
20180822816 2 3 1 6 5 4 8 7 10 9 
20180822817 10 4 3 8 7 9 6 5 2 1 
20180822818 1 3 5 10 4 9 8 6 2 7 
20180822819 9 5 8 4 3 6 1 10 2 7 
20180822820 4 9 2 10 3 6 8 1 7 5 
20180822821 6 2 8 3 9 10 7 4 1 5 
20180822822 7 10 5 1 4 6 3 2 9 8 
20180822823 3 2 9 8 5 6 7 10 4 1 
20180822824 8 10 5 6 7 3 9 4 2 1 
20180822825 7 8 9 2 3 10 4 1 6 5 
20180822826 2 6 8 7 4 3 10 9 5 1 
20180822827 1 10 9 8 5 3 7 4 6 2 
20180822828 4 5 10 2 6 8 7 9 3 1 
20180822829 1 3 10 8 4 7 5 6 2 9 
20180822830 8 6 7 3 2 1 9 10 5 4 
20180822831 8 10 3 6 1 9 5 2 7 4 
20180822832 5 7 9 10 8 1 3 2 6 4 
20180822833 7 9 5 6 8 10 3 4 1 2 
20180822834 5 10 9 7 4 3 1 6 8 2 
20180822835 2 7 6 8 10 4 1 5 9 3 
20180822836 4 5 8 7 6 3 2 9 1 10 
20180822837 5 4 10 2 9 1 6 8 3 7 
20180822838 10 4 5 6 3 8 7 2 9 1 
20180822839 9 7 4 8 3 5 2 1 6 10 
20180822840 8 7 5 4 9 2 3 6 1 10 
20180822841 9 1 8 6 7 10 4 2 3 5 
20180822842 8 4 5 9 2 6 1 7 3 10 
20180822843 9 8 2 5 3 4 7 1 10 6 
20180822844 8 1 4 10 6 3 7 2 5 9 
20180822845 4 1 5 7 6 9 8 10 3 2 
20180822846 1 7 10 5 4 3 8 9 6 2 
20180822847 6 2 4 9 10 7 3 1 8 5 
20180822848 10 5 9 7 4 6 1 2 3 8 
20180822849 1 8 7 3 6 2 5 9 10 4 
20180822850 3 1 6 5 10 8 2 9 7 4 
20180822851 5 4 3 6 1 8 10 9 7 2 
20180822852 5 4 1 8 2 6 7 9 10 3 
20180822853 1 3 2 10 5 7 6 9 4 8 
20180822854 3 9 2 7 10 8 4 6 1 5 
20180822855 10 7 8 5 4 1 3 9 6 2 
20180822856 10 8 2 3 1 4 7 5 9 6 
20180822857 9 1 10 2 3 6 5 4 7 8 
20180822858 1 5 9 3 7 6 8 4 2 10 
20180822859 6 7 4 5 1 2 10 9 8 3 
20180822860 1 10 8 9 4 6 5 7 3 2 
20180822861 1 7 5 4 3 9 2 10 6 8 
20180822862 6 2 10 1 8 3 5 9 4 7 
20180822863 3 6 10 4 9 1 7 5 8 2 
20180822864 5 10 8 3 6 7 4 9 1 2 
20180822865 7 10 1 8 6 5 2 9 4 3 
20180822866 2 8 5 9 10 7 1 3 4 6 
20180822867 4 10 3 1 5 8 2 7 6 9 
20180822868 4 7 3 1 8 9 10 2 6 5 
20180822869 2 9 6 5 10 3 7 8 1 4 
20180822870 2 1 5 3 9 10 8 6 4 7 
20180822871 3 8 6 4 2 1 7 5 10 9 
20180822872 6 8 2 7 3 9 4 10 5 1 
20180822873 1 2 7 4 10 8 6 9 5 3 
20180822874 3 8 9 6 7 1 2 5 4 10 
20180822875 3 6 2 9 10 5 1 7 4 8 
20180822876 2 10 7 8 4 5 1 6 3 9 
20180822877 10 4 9 3 2 1 5 6 7 8 
20180822878 4 9 3 6 2 8 5 10 1 7 
20180822879 6 1 8 9 7 2 4 5 10 3 
20180822880 7 4 8 10 1 2 6 9 3 5 
20180822881 7 9 6 2 1 4 10 8 5 3 
20180822882 7 9 1 2 10 6 8 5 3 4 
20180822883 10 2 1 5 8 7 4 3 6 9 
20180822884 2 7 8 1 5 4 10 3 6 9 
20180822885 10 4 3 6 9 2 1 8 5 7 
20180822886 7 6 2 10 5 8 3 1 9 4 
20180822887 2 4 8 7 5 3 6 9 1 10 
20180822888 7 6 8 1 10 4 3 2 9 5 
20180822889 2 5 4 3 9 8 10 6 7 1 
20180822890 3 4 9 8 6 5 2 1 10 7 
20180822891 8 9 5 10 6 1 3 2 4 7 
20180822892 10 9 1 2 4 5 6 3 7 8 
20180822893 5 9 8 3 1 7 4 10 6 2 
20180822894 7 9 1 10 3 4 6 2 8 5 
20180822895 5 9 3 4 8 2 10 1 7 6 
20180822896 6 9 2 7 4 3 5 1 8 10 
20180822897 4 5 6 2 10 9 8 7 1 3 
20180822898 2 7 9 3 4 8 5 10 6 1 
20180822899 8 7 1 4 3 9 6 2 10 5 
20180822900 2 3 7 9 6 8 1 5 4 10 
20180822901 6 10 8 9 7 1 3 4 2 5 
20180822902 1 3 10 8 2 5 7 6 9 4 
20180822903 10 7 8 9 5 6 1 2 3 4 
20180822904 7 6 5 9 3 8 4 1 10 2 
20180822905 6 8 7 4 10 5 1 2 9 3 
20180822906 7 10 6 4 9 5 2 3 1 8 
20180822907 10 8 7 2 9 6 5 1 3 4 
20180822908 7 1 2 4 5 6 3 9 8 10 
20180822909 6 8 5 9 7 10 4 1 2 3 
20180822910 3 2 7 9 1 4 5 8 10 6 
20180822911 7 1 5 8 9 10 6 3 2 4 
20180822912 10 3 9 2 8 4 1 5 6 7 
20180822913 1 4 9 6 2 8 10 3 5 7 
20180822914 6 10 5 7 1 4 3 8 9 2 
20180822915 6 1 7 8 9 4 5 10 2 3 
20180822916 2 3 6 1 7 5 8 9 10 4 
20180822917 7 9 3 1 2 6 10 8 5 4 
20180822918 2 8 10 7 9 1 3 4 6 5 
20180822919 9 10 7 2 5 3 8 4 6 1 
20180822920 7 4 6 1 8 5 10 3 2 9 
20180822921 4 3 9 6 2 1 5 8 7 10 
20180822922 1 7 10 2 9 6 3 4 5 8 
20180822923 6 9 7 1 2 10 8 4 3 5 
20180822924 10 5 6 9 2 1 4 3 7 8 
20180822925 7 1 10 4 6 8 2 9 3 5 
20180822926 2 8 10 3 1 9 7 4 5 6 
20180822927 2 4 8 5 6 10 1 3 7 9 
20180822928 1 9 2 7 8 4 3 6 5 10 
20180822929 3 8 4 7 6 9 2 10 5 1 
20180822930 10 4 8 3 6 1 9 2 5 7 
20180822931 7 1 4 10 3 8 2 9 6 5 
20180822932 10 5 7 9 3 8 2 4 1 6 
20180822933 8 5 10 3 1 6 2 7 4 9 
20180822934 2 8 10 7 5 6 4 9 1 3 
20180822935 1 9 3 10 8 2 4 5 7 6 
20180822936 5 7 2 10 4 8 1 6 9 3 
20180822937 10 8 1 6 5 3 7 4 2 9 
20180822938 10 1 4 5 3 7 8 9 2 6 
20180822939 4 8 9 10 3 6 5 7 2 1 
20180822940 2 7 4 5 10 1 6 9 3 8 
20180822941 10 3 4 8 2 6 5 7 1 9 
20180822942 5 2 3 8 9 6 4 7 10 1 
20180822943 3 2 5 6 4 10 7 1 8 9 
20180822944 9 1 3 8 7 4 10 6 2 5 
20180822945 10 6 8 1 7 4 9 3 2 5 
20180822946 9 3 10 6 7 5 2 1 4 8 
20180822947 2 10 5 9 1 6 7 8 4 3 
20180822948 3 5 1 7 6 10 8 4 9 2 
20180822949 10 2 3 9 5 8 4 6 7 1 
20180822950 6 10 9 2 1 5 7 8 4 3 
20180822951 8 9 10 3 6 1 4 7 5 2 
20180822952 9 8 7 1 4 10 2 3 6 5 
20180822953 7 8 5 9 2 4 6 10 1 3 
20180822954 7 3 6 4 5 10 1 9 8 2 
20180822955 9 2 10 3 5 4 6 7 1 8 
20180822956 7 4 8 6 1 3 2 9 5 10 
20180822957 7 5 8 3 9 2 10 4 6 1 
20180822958 7 9 10 8 5 4 2 1 3 6 
20180822959 3 6 2 5 8 9 1 10 7 4 
20180822960 2 9 3 7 8 6 5 4 10 1 
20180822961 3 7 8 2 10 5 1 4 9 6 
20180822962 6 4 9 5 2 3 7 1 8 10 
20180822963 2 8 7 5 9 10 4 6 1 3 
20180822964 3 9 6 10 4 1 5 8 2 7 
20180822965 2 7 8 1 5 6 9 10 4 3 
20180822966 8 2 3 4 1 10 9 5 7 6 
20180822967 5 10 2 8 1 9 3 4 7 6 
20180822968 10 6 2 9 3 1 7 5 4 8 
20180822969 9 10 8 1 5 6 3 4 7 2 
20180822970 2 9 7 10 8 6 5 1 4 3 
20180822971 1 7 3 6 8 5 9 10 2 4 
20180822972 7 2 3 6 10 5 8 1 4 9 
20180822973 9 4 6 8 3 1 5 2 7 10 
20180822974 7 3 2 5 8 4 9 1 10 6 
20180822975 2 4 6 9 3 7 1 8 5 10 
20180822976 5 10 6 1 4 8 3 2 7 9 
20180822977 10 2 7 1 9 4 8 6 5 3 
20180822978 10 2 9 4 5 8 1 6 7 3 
20180822979 6 8 5 7 3 9 1 4 2 10 
20180822980 9 1 6 4 7 2 8 3 10 5 
20180822981 4 3 8 5 6 1 9 7 2 10 
20180822982 4 5 2 8 9 6 1 10 3 7 
20180822983 4 2 9 10 1 6 7 5 8 3 
20180822984 8 7 1 2 10 6 3 5 9 4 
20180822985 10 7 4 1 9 3 8 5 6 2 
