20180809001 5 3 7 8 10 9 6 2 1 4 
20180809002 8 6 2 4 5 1 7 9 10 3 
20180809003 3 10 4 1 6 2 8 9 5 7 
20180809004 7 10 9 6 1 8 2 4 3 5 
20180809005 7 8 9 2 5 10 6 3 4 1 
20180809006 9 7 6 8 1 3 5 4 10 2 
20180809007 2 5 7 9 1 6 10 4 8 3 
20180809008 1 8 3 7 10 2 4 6 9 5 
20180809009 9 6 10 3 5 8 4 1 2 7 
20180809010 2 6 4 5 1 10 7 8 9 3 
20180809011 6 7 8 2 3 5 1 9 10 4 
20180809012 8 4 7 5 6 1 3 9 2 10 
20180809013 6 7 5 2 9 1 10 3 4 8 
20180809014 2 1 6 10 8 3 5 7 4 9 
20180809015 8 10 4 7 1 6 2 9 5 3 
20180809016 8 1 4 6 5 2 7 9 10 3 
20180809017 3 8 2 10 9 7 4 5 6 1 
20180809018 6 7 1 5 3 2 9 4 10 8 
20180809019 6 7 1 5 8 3 9 2 4 10 
20180809020 4 8 3 1 2 5 6 10 9 7 
20180809021 3 6 8 1 5 7 10 4 2 9 
20180809022 3 10 4 7 6 2 9 1 8 5 
20180809023 8 6 10 4 9 7 5 2 1 3 
20180809024 8 10 1 4 6 3 5 9 2 7 
20180809025 10 4 8 9 6 5 1 3 7 2 
20180809026 6 5 2 8 4 3 9 7 10 1 
20180809027 5 6 9 4 8 2 7 10 3 1 
20180809028 3 5 9 2 4 6 8 1 10 7 
20180809029 8 9 3 2 5 4 10 1 6 7 
20180809030 10 2 1 4 6 7 3 8 9 5 
20180809031 7 1 10 9 6 3 8 4 2 5 
20180809032 4 10 5 8 3 9 6 2 7 1 
20180809033 4 6 2 10 9 8 3 1 5 7 
20180809034 9 5 7 2 6 8 1 4 3 10 
20180809035 1 5 8 9 4 6 10 7 3 2 
20180809036 1 5 6 9 2 7 3 4 8 10 
20180809037 8 2 5 9 10 4 7 6 3 1 
20180809038 5 3 4 8 2 10 1 9 6 7 
20180809039 1 3 10 4 6 7 5 2 9 8 
20180809040 9 6 10 3 8 5 7 4 2 1 
20180809041 2 3 7 5 8 10 4 9 1 6 
20180809042 5 6 7 1 4 3 10 9 8 2 
20180809043 3 8 1 2 6 9 4 7 10 5 
20180809044 9 6 3 4 5 8 10 7 2 1 
20180809045 7 4 10 6 2 8 9 3 5 1 
20180809046 6 3 2 7 5 4 9 8 1 10 
20180809047 7 9 1 4 3 6 10 5 2 8 
20180809048 4 8 10 2 9 5 1 3 6 7 
20180809049 8 7 3 10 1 6 4 9 2 5 
20180809050 6 5 7 4 2 9 3 1 8 10 
20180809051 6 3 2 8 10 9 1 5 7 4 
20180809052 6 9 8 10 1 5 3 4 7 2 
20180809053 3 8 2 6 1 9 4 7 5 10 
20180809054 3 10 8 9 7 4 5 1 6 2 
20180809055 1 2 9 5 4 3 8 6 7 10 
20180809056 5 1 9 4 3 10 6 7 8 2 
20180809057 10 4 1 5 3 2 6 8 7 9 
20180809058 1 2 5 10 4 7 6 3 9 8 
20180809059 6 3 7 9 5 10 2 1 8 4 
20180809060 3 5 7 10 9 6 2 4 8 1 
20180809061 4 6 8 7 1 3 10 9 2 5 
20180809062 4 5 9 6 3 7 2 10 8 1 
20180809063 1 9 8 4 5 6 7 2 3 10 
20180809064 1 9 3 5 10 8 4 2 7 6 
20180809065 4 6 5 8 2 1 7 3 9 10 
20180809066 5 4 1 3 2 9 7 10 8 6 
20180809067 4 2 6 5 8 3 1 9 7 10 
20180809068 2 7 4 5 1 10 3 9 8 6 
20180809069 5 9 8 6 1 10 7 3 2 4 
20180809070 5 10 7 6 9 8 4 2 3 1 
20180809071 1 8 6 2 10 4 9 5 7 3 
20180809072 4 1 2 7 5 9 8 6 10 3 
20180809073 4 3 5 6 9 2 8 7 1 10 
20180809074 8 6 1 7 3 5 10 4 2 9 
20180809075 6 1 10 8 4 2 3 7 5 9 
20180809076 5 9 7 6 1 3 2 10 8 4 
20180809077 2 4 6 1 8 9 7 3 10 5 
20180809078 9 8 5 6 2 4 7 3 10 1 
20180809079 7 5 9 6 8 1 2 10 3 4 
20180809080 8 3 10 4 9 7 6 2 1 5 
20180809081 9 2 6 7 8 4 10 1 3 5 
20180809082 2 4 3 10 6 9 7 5 1 8 
20180809083 8 10 7 1 2 5 6 3 4 9 
20180809084 5 2 1 8 6 7 4 10 9 3 
20180809085 5 2 4 8 9 3 7 6 10 1 
20180809086 6 2 1 4 3 9 5 7 10 8 
20180809087 9 4 3 1 5 7 6 8 2 10 
20180809088 10 9 8 4 7 1 2 3 6 5 
20180809089 1 6 7 8 10 5 2 3 9 4 
20180809090 7 10 6 2 3 5 9 1 4 8 
20180809091 7 2 10 8 5 4 3 1 9 6 
20180809092 10 8 5 3 6 2 7 4 9 1 
20180809093 10 3 4 1 5 8 9 7 6 2 
20180809094 8 9 1 6 4 7 2 10 5 3 
20180809095 7 8 5 10 9 6 3 1 2 4 
20180809096 10 5 7 6 8 9 4 2 1 3 
20180809097 7 6 9 8 5 3 2 1 10 4 
20180809098 8 2 7 1 9 5 6 10 3 4 
20180809099 10 4 6 1 9 3 8 2 5 7 
20180809100 1 5 9 6 3 10 4 2 8 7 
20180809101 7 10 4 9 1 2 3 8 6 5 
20180809102 5 4 10 8 6 7 1 9 2 3 
20180809103 6 8 3 1 2 4 7 9 5 10 
20180809104 7 3 5 9 8 4 1 6 10 2 
20180809105 2 4 3 1 9 10 7 8 6 5 
20180809106 5 2 6 8 4 9 3 10 1 7 
20180809107 10 7 3 6 8 2 5 1 9 4 
20180809108 8 10 2 5 7 1 6 3 4 9 
20180809109 10 3 2 5 4 9 8 6 1 7 
20180809110 6 8 2 7 4 3 1 10 5 9 
20180809111 2 4 10 9 5 8 7 3 1 6 
20180809112 6 4 7 2 5 8 10 1 9 3 
20180809113 5 7 1 10 2 4 8 6 3 9 
20180809114 7 6 9 1 5 3 2 8 10 4 
20180809115 8 1 3 5 4 10 2 7 9 6 
20180809116 8 2 9 1 10 5 4 3 7 6 
20180809117 9 10 5 6 3 2 1 4 7 8 
20180809118 4 9 8 6 2 3 1 10 7 5 
20180809119 9 5 7 8 1 3 4 10 2 6 
20180809120 2 3 10 6 9 4 1 5 7 8 
20180809121 10 1 6 4 8 7 9 3 2 5 
20180809122 2 10 1 9 7 6 8 4 5 3 
20180809123 2 1 5 4 3 8 6 7 10 9 
20180809124 7 9 3 1 5 6 10 2 4 8 
20180809125 9 3 2 7 8 10 5 1 6 4 
20180809126 9 7 5 10 4 6 3 2 8 1 
20180809127 5 4 3 8 10 2 7 6 9 1 
20180809128 8 6 7 3 5 4 9 2 1 10 
20180809129 3 2 5 6 7 9 8 4 10 1 
20180809130 9 4 10 8 1 3 7 6 5 2 
20180809131 6 9 7 3 1 2 4 5 10 8 
20180809132 9 2 3 10 7 8 5 1 4 6 
20180809133 7 9 8 2 1 3 5 6 4 10 
20180809134 10 4 8 3 9 5 1 2 6 7 
20180809135 3 7 2 4 9 5 10 1 6 8 
20180809136 10 4 3 5 1 2 9 6 7 8 
20180809137 4 5 7 8 1 9 2 6 10 3 
20180809138 6 4 9 10 5 2 7 3 8 1 
20180809139 3 5 1 4 10 2 7 6 8 9 
20180809140 1 3 7 9 8 5 10 4 2 6 
20180809141 9 5 6 10 2 1 8 4 7 3 
20180809142 2 3 6 4 7 10 8 9 5 1 
20180809143 1 2 5 10 7 4 9 8 6 3 
20180809144 3 9 7 8 5 1 2 10 6 4 
20180809145 4 3 1 2 10 7 8 9 5 6 
20180809146 2 4 10 8 3 7 6 1 9 5 
20180809147 1 5 4 10 8 7 9 3 2 6 
20180809148 8 3 1 2 4 5 6 7 10 9 
20180809149 10 6 5 1 8 7 9 2 4 3 
20180809150 9 8 2 7 6 1 4 5 10 3 
20180809151 5 3 7 1 10 9 8 2 4 6 
20180809152 1 7 6 5 8 10 9 3 2 4 
20180809153 9 5 3 4 8 7 2 6 1 10 
20180809154 4 3 9 6 5 2 8 7 1 10 
20180809155 1 8 3 9 2 4 7 5 10 6 
20180809156 3 2 10 6 5 4 8 1 7 9 
20180809157 2 5 10 1 8 4 6 7 3 9 
20180809158 9 2 10 4 5 3 7 1 8 6 
20180809159 7 10 8 5 1 6 2 3 4 9 
20180809160 1 9 8 3 4 10 6 7 2 5 
20180809161 3 1 5 6 9 7 8 10 2 4 
20180809162 2 1 8 3 5 4 9 10 7 6 
20180809163 6 8 4 9 1 7 10 2 5 3 
20180809164 8 2 6 9 5 10 3 7 4 1 
20180809165 2 3 6 9 5 10 1 8 7 4 
20180809166 7 10 6 8 2 9 3 5 4 1 
20180809167 2 8 7 10 4 1 6 3 5 9 
20180809168 6 3 8 2 10 5 7 4 9 1 
20180809169 6 7 4 9 1 8 3 10 5 2 
20180809170 3 8 9 4 7 10 1 2 5 6 
20180809171 10 6 9 1 3 4 5 8 7 2 
20180809172 9 2 7 3 1 6 5 4 8 10 
20180809173 2 3 4 7 6 10 1 9 8 5 
20180809174 8 7 10 4 2 3 6 5 9 1 
20180809175 4 7 6 2 3 5 10 8 1 9 
20180809176 5 1 3 2 10 7 8 9 4 6 
20180809177 2 9 6 8 7 1 3 5 10 4 
20180809178 4 2 8 1 10 3 9 7 6 5 
20180809179 8 1 4 3 6 2 10 9 5 7 
20180809180 6 9 3 10 8 2 1 5 7 4 
20180809181 10 1 5 4 3 2 7 8 6 9 
20180809182 7 5 8 4 10 6 9 3 2 1 
20180809183 8 7 10 2 3 1 6 5 9 4 
20180809184 7 6 5 8 10 3 4 9 2 1 
20180809185 1 6 5 4 8 7 3 10 9 2 
20180809186 2 5 1 6 3 9 8 7 4 10 
20180809187 6 9 2 8 7 10 5 3 4 1 
20180809188 1 2 5 6 9 4 7 3 10 8 
20180809189 2 5 8 9 1 4 6 3 10 7 
20180809190 10 7 6 5 1 8 3 2 9 4 
20180809191 10 2 5 3 8 1 7 6 9 4 
20180809192 8 4 5 6 10 2 9 3 7 1 
20180809193 5 6 2 10 7 9 1 3 8 4 
20180809194 2 7 4 9 1 10 8 6 5 3 
20180809195 4 10 6 5 3 7 1 2 9 8 
20180809196 3 2 9 1 5 4 8 6 7 10 
20180809197 10 5 7 4 9 3 8 1 6 2 
20180809198 1 4 10 9 7 2 6 8 5 3 
20180809199 1 2 3 10 7 4 8 6 9 5 
20180809200 10 7 2 9 3 6 1 8 5 4 
20180809201 4 7 10 5 3 8 1 6 2 9 
20180809202 1 3 6 9 5 7 4 2 8 10 
20180809203 2 1 10 4 3 8 7 9 5 6 
20180809204 5 2 6 3 9 4 1 7 8 10 
20180809205 2 6 4 8 10 3 7 1 9 5 
20180809206 9 7 6 5 1 3 10 4 2 8 
20180809207 6 5 10 9 4 2 7 3 8 1 
20180809208 10 8 6 9 1 3 2 5 4 7 
20180809209 1 4 7 8 9 3 6 5 10 2 
20180809210 1 7 2 8 6 10 5 3 9 4 
20180809211 2 8 5 9 1 10 4 7 3 6 
20180809212 5 9 8 6 10 4 2 1 3 7 
20180809213 2 6 8 10 3 7 1 9 5 4 
20180809214 7 6 5 1 3 4 2 9 10 8 
20180809215 3 9 10 1 7 5 4 8 2 6 
20180809216 1 10 9 2 6 5 7 8 3 4 
20180809217 1 9 4 7 2 8 5 3 10 6 
20180809218 3 7 2 1 8 6 5 10 9 4 
20180809219 3 1 5 2 6 9 7 8 10 4 
20180809220 5 2 8 7 6 3 4 10 1 9 
20180809221 5 10 3 9 7 4 6 1 2 8 
20180809222 7 8 2 9 4 3 5 10 6 1 
20180809223 2 3 6 9 5 8 4 7 1 10 
20180809224 1 6 5 3 9 10 2 4 8 7 
20180809225 7 9 4 6 8 5 1 3 10 2 
20180809226 1 2 9 6 4 8 7 3 5 10 
20180809227 3 7 2 4 8 6 9 10 5 1 
20180809228 1 6 9 2 4 7 10 5 3 8 
20180809229 1 2 5 9 10 6 8 7 4 3 
20180809230 1 4 2 3 9 10 8 5 7 6 
20180809231 7 5 10 9 8 1 4 2 3 6 
20180809232 4 5 3 1 9 6 2 7 10 8 
20180809233 1 10 9 6 5 2 7 8 4 3 
20180809234 1 6 3 2 7 10 4 8 9 5 
20180809235 1 8 2 7 6 9 3 4 5 10 
20180809236 8 2 4 6 5 10 9 1 7 3 
20180809237 2 9 10 1 4 6 3 7 5 8 
20180809238 9 8 6 10 4 7 3 1 2 5 
20180809239 7 2 3 6 1 9 8 5 10 4 
20180809240 10 6 8 5 1 9 4 2 3 7 
20180809241 9 7 3 4 8 1 10 5 6 2 
20180809242 2 4 7 8 9 10 1 5 3 6 
20180809243 8 6 3 5 1 9 4 2 7 10 
20180809244 4 10 2 6 8 9 5 7 1 3 
20180809245 8 4 6 9 10 3 5 2 1 7 
20180809246 3 4 1 2 10 9 6 5 7 8 
20180809247 10 2 5 4 3 9 7 6 1 8 
20180809248 1 9 6 8 4 5 7 3 10 2 
20180809249 6 4 1 10 8 5 9 2 3 7 
20180809250 1 6 8 3 5 4 10 2 7 9 
20180809251 6 5 2 1 9 8 10 7 4 3 
20180809252 10 3 4 5 9 6 7 2 1 8 
20180809253 1 2 3 7 6 4 9 10 8 5 
20180809254 6 10 4 8 7 3 1 9 2 5 
20180809255 4 5 10 8 7 9 2 1 3 6 
20180809256 7 2 9 8 5 4 6 3 1 10 
20180809257 6 4 2 8 3 7 5 10 9 1 
20180809258 2 8 5 10 6 7 3 1 9 4 
20180809259 1 7 4 3 5 10 8 9 6 2 
20180809260 3 7 4 10 8 5 6 2 9 1 
20180809261 2 9 4 5 10 8 7 3 1 6 
20180809262 8 9 3 5 7 2 4 10 6 1 
20180809263 3 10 9 7 5 2 1 8 4 6 
20180809264 4 6 1 10 5 9 8 2 3 7 
20180809265 9 6 2 5 8 3 1 10 7 4 
20180809266 9 6 8 5 4 7 1 10 2 3 
20180809267 6 9 5 7 2 10 3 4 8 1 
20180809268 10 6 9 1 2 3 4 8 5 7 
20180809269 7 6 9 1 5 8 3 4 2 10 
20180809270 6 10 1 9 5 4 8 7 3 2 
20180809271 1 8 10 2 5 7 4 3 9 6 
20180809272 6 2 8 3 4 7 5 10 9 1 
20180809273 9 2 5 7 1 10 3 4 8 6 
20180809274 7 6 2 8 9 4 3 5 1 10 
20180809275 9 1 4 10 6 8 3 7 5 2 
20180809276 9 2 10 1 5 7 4 6 8 3 
20180809277 9 6 7 4 1 2 3 5 10 8 
20180809278 6 2 1 3 8 7 5 9 4 10 
20180809279 3 2 1 7 5 6 4 9 10 8 
20180809280 2 3 5 10 6 1 9 8 7 4 
20180809281 1 4 7 5 9 2 8 3 6 10 
20180809282 6 7 10 8 3 1 5 4 9 2 
20180809283 7 3 10 4 6 5 9 8 1 2 
20180809284 4 9 7 8 2 10 3 1 6 5 
20180809285 6 7 5 2 10 3 1 4 9 8 
20180809286 7 9 8 6 10 1 4 5 3 2 
20180809287 1 3 7 2 8 10 9 6 5 4 
20180809288 7 2 1 3 10 8 4 5 6 9 
20180809289 9 10 1 8 3 6 2 4 5 7 
20180809290 1 4 2 5 8 7 10 6 9 3 
20180809291 4 1 9 6 8 10 3 2 7 5 
20180809292 4 9 2 5 8 3 6 10 7 1 
20180809293 1 2 10 8 7 5 4 6 3 9 
20180809294 7 8 4 2 9 10 3 5 1 6 
20180809295 6 9 1 3 4 7 8 5 10 2 
20180809296 6 1 9 5 10 3 2 8 4 7 
20180809297 8 3 10 1 2 5 7 9 4 6 
20180809298 9 5 7 10 2 4 8 3 6 1 
20180809299 2 5 3 8 4 1 9 10 7 6 
20180809300 1 4 7 8 2 10 9 6 3 5 
20180809301 9 4 2 6 8 7 3 1 10 5 
20180809302 2 3 5 6 9 4 10 7 1 8 
20180809303 1 7 5 10 3 6 9 8 2 4 
20180809304 5 9 4 3 1 8 2 7 10 6 
20180809305 6 1 2 10 9 8 5 3 4 7 
20180809306 8 6 5 3 4 2 7 1 9 10 
20180809307 4 3 2 10 8 5 1 9 6 7 
20180809308 4 7 2 9 6 3 5 1 10 8 
20180809309 6 10 3 2 5 1 9 4 8 7 
20180809310 1 9 6 8 2 10 5 3 7 4 
20180809311 5 8 7 3 4 6 10 2 9 1 
20180809312 4 10 3 1 9 6 7 5 2 8 
20180809313 8 4 2 5 3 9 7 6 10 1 
20180809314 6 2 8 4 5 1 3 10 9 7 
20180809315 7 3 2 9 5 4 8 1 10 6 
20180809316 8 2 4 10 9 6 7 3 5 1 
20180809317 10 5 7 4 8 3 1 6 2 9 
20180809318 7 9 6 1 2 8 3 4 5 10 
20180809319 3 2 9 6 5 8 4 7 10 1 
20180809320 8 4 2 1 9 5 7 3 6 10 
20180809321 3 7 1 4 8 2 6 10 9 5 
20180809322 2 5 3 8 7 6 9 10 1 4 
20180809323 10 8 2 4 7 3 1 9 5 6 
20180809324 4 10 3 6 2 9 1 7 8 5 
20180809325 5 3 8 10 1 6 2 9 4 7 
20180809326 9 5 3 7 8 10 1 2 4 6 
20180809327 10 4 3 6 2 8 5 7 9 1 
20180809328 7 2 3 9 10 4 8 6 5 1 
20180809329 2 1 9 3 10 8 7 4 5 6 
20180809330 7 1 4 10 3 2 5 9 8 6 
20180809331 3 2 8 9 10 7 5 6 4 1 
20180809332 10 3 7 5 2 8 1 6 9 4 
20180809333 10 3 5 6 2 9 4 1 7 8 
20180809334 9 1 3 2 10 8 7 6 5 4 
20180809335 3 7 8 1 4 6 9 10 5 2 
20180809336 4 10 6 7 3 5 9 1 8 2 
20180809337 6 5 9 7 3 2 1 4 10 8 
20180809338 6 5 3 2 7 8 10 9 1 4 
20180809339 3 6 8 9 1 7 2 5 4 10 
20180809340 9 10 3 2 8 6 5 1 4 7 
20180809341 10 8 7 2 3 4 5 9 1 6 
20180809342 4 6 10 9 8 2 7 3 1 5 
20180809343 5 3 1 10 6 8 7 2 4 9 
20180809344 6 2 7 1 9 8 4 5 3 10 
20180809345 9 4 1 7 10 6 5 2 8 3 
20180809346 3 9 8 7 2 5 10 4 1 6 
20180809347 8 6 9 5 2 7 4 3 10 1 
20180809348 2 1 10 8 9 6 5 4 3 7 
20180809349 6 4 9 1 2 8 7 10 3 5 
20180809350 3 6 5 1 9 2 8 7 4 10 
20180809351 5 10 9 3 2 8 7 4 6 1 
20180809352 8 4 9 1 10 2 7 6 3 5 
20180809353 8 1 7 6 10 3 4 9 5 2 
20180809354 2 6 4 9 8 5 10 3 7 1 
20180809355 7 1 3 5 10 2 4 8 6 9 
20180809356 10 2 7 3 4 6 5 8 1 9 
20180809357 2 4 1 9 10 3 6 7 8 5 
20180809358 10 7 9 6 5 8 2 3 4 1 
20180809359 6 7 10 9 2 5 8 3 4 1 
20180809360 7 4 1 8 3 9 6 10 2 5 
20180809361 8 4 7 10 9 3 1 2 5 6 
20180809362 4 9 10 7 2 5 3 8 1 6 
20180809363 7 1 3 4 6 10 9 8 2 5 
20180809364 2 7 10 8 4 6 3 9 5 1 
20180809365 7 6 2 4 10 1 9 5 3 8 
20180809366 2 4 8 5 1 6 10 7 3 9 
20180809367 2 10 9 4 5 6 8 7 1 3 
20180809368 5 8 10 2 9 3 7 6 1 4 
20180809369 10 3 7 6 8 2 4 5 9 1 
20180809370 5 6 2 8 3 10 1 9 4 7 
20180809371 5 9 2 10 7 6 4 3 8 1 
20180809372 6 10 7 1 8 4 2 5 9 3 
20180809373 2 9 8 4 1 10 7 5 6 3 
20180809374 9 1 7 8 5 4 10 3 2 6 
20180809375 10 3 8 2 5 6 7 1 4 9 
20180809376 9 7 5 3 6 8 1 2 10 4 
20180809377 10 4 6 5 2 1 8 3 7 9 
20180809378 7 5 6 9 8 4 3 1 2 10 
20180809379 9 4 5 8 7 6 3 1 10 2 
20180809380 6 10 8 7 9 2 3 1 5 4 
20180809381 1 4 10 3 2 5 8 9 6 7 
20180809382 4 6 5 7 8 2 1 10 3 9 
20180809383 6 5 4 3 1 10 2 7 9 8 
20180809384 4 2 9 7 10 6 5 1 3 8 
20180809385 10 2 1 6 7 5 9 4 8 3 
20180809386 1 10 6 8 4 9 7 5 3 2 
20180809387 1 8 4 5 2 3 9 7 10 6 
20180809388 3 6 10 5 1 4 8 7 9 2 
20180809389 9 3 1 8 2 6 7 5 10 4 
20180809390 7 8 5 3 2 10 1 9 6 4 
20180809391 3 5 7 9 10 6 4 1 8 2 
20180809392 9 3 1 4 8 10 2 7 6 5 
20180809393 9 7 1 2 6 8 5 10 3 4 
20180809394 6 8 7 3 10 1 5 4 9 2 
20180809395 10 5 4 8 2 6 1 3 9 7 
20180809396 3 7 8 1 4 9 2 6 10 5 
20180809397 4 8 1 5 9 3 10 7 6 2 
20180809398 8 6 4 9 1 2 10 5 7 3 
20180809399 10 7 6 5 8 9 4 2 1 3 
20180809400 6 7 5 1 3 10 9 4 8 2 
20180809401 4 1 10 2 7 3 5 8 6 9 
20180809402 10 2 4 8 5 7 3 9 1 6 
20180809403 1 6 9 2 4 5 7 10 3 8 
20180809404 1 5 9 2 7 4 6 10 8 3 
20180809405 6 9 2 4 8 10 5 7 3 1 
20180809406 1 9 7 8 6 10 3 5 4 2 
20180809407 9 2 8 1 3 10 5 6 7 4 
20180809408 4 3 2 8 5 1 7 6 10 9 
20180809409 8 7 9 6 1 10 4 5 2 3 
20180809410 3 2 10 7 9 4 5 1 6 8 
20180809411 8 1 6 4 9 5 3 2 7 10 
20180809412 7 10 8 2 1 3 5 4 6 9 
20180809413 9 4 3 8 5 10 6 7 2 1 
20180809414 3 8 1 2 10 7 5 4 6 9 
20180809415 5 9 3 2 8 1 7 10 4 6 
20180809416 4 9 3 10 8 6 5 1 7 2 
20180809417 1 4 7 2 9 6 10 3 5 8 
20180809418 7 10 5 4 1 2 9 3 6 8 
20180809419 6 10 3 7 9 2 4 1 8 5 
20180809420 6 5 4 8 7 1 9 3 2 10 
20180809421 4 5 10 2 7 9 3 6 1 8 
20180809422 1 6 9 4 3 8 7 5 10 2 
20180809423 1 8 3 6 2 4 7 5 10 9 
20180809424 1 7 4 2 6 9 5 10 3 8 
20180809425 5 6 1 7 9 10 3 2 4 8 
20180809426 4 1 5 9 6 10 2 8 3 7 
20180809427 10 7 5 6 4 8 9 1 3 2 
20180809428 4 3 9 8 6 5 10 7 1 2 
20180809429 2 7 9 8 3 1 6 5 10 4 
20180809430 4 3 1 5 6 10 9 2 7 8 
20180809431 5 3 4 2 8 6 1 7 10 9 
20180809432 3 6 5 10 2 4 9 8 1 7 
20180809433 6 2 10 1 8 7 3 5 4 9 
20180809434 4 9 3 8 10 5 2 7 6 1 
20180809435 1 5 3 9 6 4 7 2 8 10 
20180809436 10 6 7 4 1 3 2 5 9 8 
20180809437 1 4 7 8 9 10 5 3 6 2 
20180809438 1 7 8 3 2 4 5 10 6 9 
20180809439 2 7 4 9 5 10 6 3 1 8 
20180809440 8 7 10 6 3 9 5 2 4 1 
20180809441 9 10 4 7 8 5 6 2 3 1 
20180809442 5 1 3 4 8 6 10 9 7 2 
20180809443 8 7 6 9 10 2 1 4 3 5 
20180809444 4 8 5 9 10 6 2 1 7 3 
20180809445 7 6 9 2 1 8 10 5 4 3 
20180809446 5 9 3 7 8 10 4 1 6 2 
20180809447 8 6 5 9 7 2 10 4 1 3 
20180809448 8 2 9 7 6 1 5 10 3 4 
20180809449 4 9 7 1 6 3 10 8 2 5 
20180809450 3 10 7 8 6 5 2 4 1 9 
20180809451 5 9 1 3 6 2 4 8 10 7 
20180809452 3 10 2 4 6 9 7 1 5 8 
20180809453 5 1 6 9 8 2 7 3 4 10 
20180809454 9 6 5 4 7 2 8 3 1 10 
20180809455 7 10 6 9 3 8 5 1 2 4 
20180809456 1 6 9 7 5 4 2 10 8 3 
20180809457 8 3 6 4 7 2 9 5 1 10 
20180809458 7 3 2 8 4 9 1 5 6 10 
20180809459 3 7 5 8 9 4 2 10 1 6 
20180809460 6 10 9 8 4 1 7 3 2 5 
20180809461 4 2 3 1 10 8 9 5 7 6 
20180809462 8 6 2 10 5 7 1 9 3 4 
20180809463 10 7 8 9 5 1 6 2 4 3 
20180809464 10 2 4 5 9 3 1 8 7 6 
20180809465 6 1 7 9 4 5 2 3 10 8 
20180809466 5 2 7 4 6 9 10 8 3 1 
20180809467 8 7 6 5 1 9 2 10 4 3 
20180809468 10 4 9 5 1 6 8 3 7 2 
20180809469 7 10 1 2 5 4 9 6 3 8 
20180809470 6 5 8 3 1 7 4 9 2 10 
20180809471 2 5 6 7 4 1 8 10 9 3 
20180809472 3 8 9 1 7 2 4 6 5 10 
20180809473 3 2 10 1 6 7 5 4 9 8 
20180809474 8 2 6 7 3 9 1 4 10 5 
20180809475 2 8 9 10 5 6 1 7 3 4 
20180809476 5 3 9 2 4 7 6 8 10 1 
20180809477 1 9 5 7 3 4 10 6 2 8 
20180809478 2 4 10 9 3 1 6 8 7 5 
20180809479 1 8 9 7 10 5 4 3 2 6 
20180809480 7 2 1 4 8 3 9 5 6 10 
20180809481 9 6 2 1 10 8 3 5 7 4 
20180809482 7 1 6 9 4 10 2 3 5 8 
20180809483 3 4 8 1 7 2 10 9 5 6 
20180809484 1 10 4 2 6 5 8 7 9 3 
20180809485 9 2 10 6 7 8 1 4 5 3 
20180809486 8 9 10 6 5 1 4 3 2 7 
20180809487 7 1 10 3 2 5 4 6 8 9 
20180809488 7 3 8 5 1 4 2 6 9 10 
20180809489 2 9 1 8 7 4 3 10 5 6 
20180809490 8 6 5 10 4 3 9 1 2 7 
20180809491 9 6 2 10 7 1 5 8 3 4 
20180809492 7 3 10 2 9 4 5 6 1 8 
20180809493 4 5 6 7 2 3 1 9 8 10 
20180809494 8 5 3 10 1 7 2 6 9 4 
20180809495 5 9 7 10 2 1 8 3 6 4 
20180809496 3 8 7 5 10 6 4 1 2 9 
20180809497 5 8 4 1 7 2 3 10 6 9 
20180809498 10 4 1 3 2 7 8 9 5 6 
20180809499 7 2 8 3 9 5 1 10 6 4 
20180809500 2 5 4 7 6 3 10 8 9 1 
20180809501 5 1 6 10 3 4 2 8 7 9 
20180809502 3 1 10 4 8 9 6 7 5 2 
20180809503 6 10 3 9 8 5 4 1 7 2 
20180809504 9 1 4 10 7 2 6 8 3 5 
20180809505 3 4 9 1 6 10 8 7 2 5 
20180809506 6 3 9 10 4 1 5 7 2 8 
20180809507 8 6 10 3 4 7 1 2 9 5 
20180809508 1 10 9 7 6 2 8 5 3 4 
20180809509 8 2 5 4 9 10 1 6 7 3 
20180809510 3 1 6 2 10 4 5 8 7 9 
20180809511 5 1 3 4 7 10 8 2 9 6 
20180809512 2 1 4 10 3 9 5 8 7 6 
20180809513 5 8 7 9 6 2 10 1 4 3 
20180809514 6 1 9 8 2 7 5 10 3 4 
20180809515 8 5 3 2 10 7 4 1 6 9 
20180809516 8 5 9 10 4 1 3 7 6 2 
20180809517 1 2 10 8 5 7 9 4 6 3 
20180809518 9 1 10 2 5 4 8 3 6 7 
20180809519 9 10 5 4 8 1 2 6 3 7 
20180809520 2 6 3 1 9 5 4 10 7 8 
20180809521 10 5 7 1 8 3 9 2 4 6 
20180809522 8 7 1 2 6 5 9 10 3 4 
20180809523 10 6 2 7 5 4 1 3 9 8 
20180809524 9 1 5 8 7 4 3 2 10 6 
20180809525 2 1 9 7 3 8 6 4 10 5 
20180809526 1 9 3 10 5 4 2 7 6 8 
20180809527 9 2 5 10 8 1 4 7 6 3 
20180809528 7 10 2 8 4 9 6 3 1 5 
20180809529 6 10 4 8 1 7 3 9 2 5 
20180809530 4 10 7 6 9 5 2 3 8 1 
20180809531 4 3 7 9 5 10 6 8 2 1 
20180809532 6 2 1 5 8 4 9 7 10 3 
20180809533 10 6 9 1 8 2 5 7 4 3 
20180809534 3 1 9 5 6 10 4 8 2 7 
20180809535 10 1 6 8 9 3 7 5 2 4 
20180809536 1 5 8 9 2 10 4 7 3 6 
20180809537 6 4 9 10 2 5 3 1 7 8 
20180809538 10 8 9 7 5 2 4 1 3 6 
20180809539 8 2 3 4 6 7 5 10 9 1 
20180809540 2 6 5 8 1 3 4 10 9 7 
20180809541 7 9 10 6 1 3 4 5 2 8 
20180809542 2 3 10 4 8 1 9 5 7 6 
20180809543 2 5 8 7 3 4 10 9 6 1 
20180809544 2 8 5 7 6 3 10 9 1 4 
20180809545 1 6 4 9 10 2 8 3 7 5 
20180809546 3 7 2 1 4 10 9 8 5 6 
20180809547 4 8 6 7 1 2 3 9 5 10 
20180809548 8 2 10 5 1 7 4 9 3 6 
20180809549 4 5 7 3 6 1 2 9 8 10 
20180809550 4 9 6 10 1 7 8 3 2 5 
20180809551 10 4 5 9 3 2 8 6 7 1 
20180809552 4 6 3 8 1 5 7 2 9 10 
20180809553 3 10 1 4 7 8 2 5 9 6 
20180809554 5 10 4 3 8 6 9 1 7 2 
20180809555 8 10 2 7 6 1 3 5 4 9 
20180809556 10 6 9 3 7 8 4 1 2 5 
20180809557 3 7 4 8 9 6 5 1 2 10 
20180809558 8 6 10 5 2 1 4 3 9 7 
20180809559 3 5 8 6 2 4 9 1 10 7 
20180809560 6 2 10 1 4 7 8 9 5 3 
20180809561 1 6 10 5 4 8 7 2 9 3 
20180809562 6 9 3 4 1 8 2 7 5 10 
20180809563 9 5 7 1 8 2 4 10 6 3 
20180809564 3 7 9 5 4 1 2 8 10 6 
20180809565 1 8 2 4 10 6 7 3 9 5 
20180809566 6 10 1 4 5 2 9 7 8 3 
20180809567 10 4 7 2 5 1 9 6 8 3 
20180809568 4 8 9 1 7 6 10 5 2 3 
20180809569 2 9 3 8 5 6 7 10 1 4 
20180809570 5 8 1 3 6 9 4 10 7 2 
20180809571 8 1 3 5 4 10 7 2 9 6 
20180809572 2 7 6 9 5 3 10 4 8 1 
20180809573 3 6 4 9 1 8 10 7 2 5 
20180809574 4 3 9 2 6 5 10 7 1 8 
20180809575 3 5 6 10 7 4 9 1 8 2 
20180809576 4 3 1 6 7 8 5 10 9 2 
20180809577 2 9 5 6 4 1 7 3 10 8 
20180809578 6 5 2 9 1 8 10 3 4 7 
20180809579 8 7 9 10 1 3 4 5 6 2 
20180809580 7 6 2 3 8 9 10 5 1 4 
20180809581 6 9 1 2 8 7 4 3 10 5 
20180809582 6 2 7 10 1 4 8 3 9 5 
20180809583 5 6 9 4 8 10 1 2 3 7 
20180809584 5 10 4 2 8 3 6 7 1 9 
20180809585 8 1 6 2 4 9 3 7 10 5 
20180809586 2 8 6 3 1 7 4 5 9 10 
20180809587 3 4 10 7 8 9 6 2 5 1 
20180809588 5 10 3 4 2 6 1 7 9 8 
20180809589 7 9 6 2 5 3 4 10 8 1 
20180809590 3 5 9 7 8 1 6 2 10 4 
20180809591 10 5 7 8 4 6 1 9 2 3 
20180809592 10 7 2 9 5 1 3 6 8 4 
20180809593 6 8 4 1 3 10 5 7 2 9 
20180809594 3 4 2 7 1 10 8 5 9 6 
20180809595 5 9 10 3 8 2 1 4 6 7 
20180809596 1 3 8 7 9 2 5 10 4 6 
20180809597 6 5 7 10 4 1 8 9 3 2 
20180809598 3 9 5 4 2 7 8 6 10 1 
20180809599 9 1 6 10 2 5 7 8 4 3 
20180809600 4 10 5 3 7 6 1 9 8 2 
20180809601 3 7 1 5 2 6 10 4 8 9 
20180809602 7 3 9 2 5 4 8 10 1 6 
20180809603 2 4 8 1 9 3 10 6 5 7 
20180809604 8 4 1 7 3 10 2 6 9 5 
20180809605 5 10 6 4 7 9 3 1 8 2 
20180809606 6 5 2 9 1 8 10 3 4 7 
20180809607 2 4 3 5 9 6 8 10 1 7 
20180809608 5 9 8 6 2 7 4 1 3 10 
20180809609 3 4 6 1 7 2 9 8 10 5 
20180809610 7 10 1 9 6 8 4 5 2 3 
20180809611 1 2 9 4 6 8 7 5 3 10 
20180809612 8 10 4 2 7 9 1 3 5 6 
20180809613 7 5 2 8 4 3 10 9 6 1 
20180809614 8 4 1 5 6 9 7 2 10 3 
20180809615 4 8 10 3 6 9 5 7 1 2 
20180809616 2 7 3 6 10 9 8 4 5 1 
20180809617 9 2 5 7 4 8 1 10 6 3 
20180809618 1 7 3 2 6 10 9 8 4 5 
20180809619 1 8 6 4 9 10 3 5 2 7 
20180809620 1 4 10 5 8 3 7 9 6 2 
20180809621 3 9 4 6 7 2 8 10 5 1 
20180809622 10 1 4 7 3 9 8 5 2 6 
20180809623 1 8 10 2 3 9 7 4 5 6 
20180809624 2 1 4 5 10 8 6 9 3 7 
20180809625 6 8 7 9 3 4 1 10 2 5 
20180809626 7 3 4 9 5 8 1 10 2 6 
20180809627 2 5 6 9 8 4 7 3 10 1 
20180809628 1 9 5 4 10 2 6 8 3 7 
20180809629 7 4 5 10 1 8 9 6 2 3 
20180809630 8 7 10 3 1 6 4 5 2 9 
20180809631 1 10 9 6 5 4 8 7 2 3 
20180809632 5 8 1 4 9 2 10 3 6 7 
20180809633 9 1 4 2 10 6 5 3 8 7 
20180809634 10 3 5 9 7 8 2 1 4 6 
20180809635 1 8 10 7 5 4 3 9 6 2 
20180809636 10 8 6 4 9 1 3 5 7 2 
20180809637 1 7 9 2 3 4 8 5 10 6 
20180809638 1 7 3 4 9 10 8 2 6 5 
20180809639 3 4 9 5 1 8 7 10 6 2 
20180809640 1 5 6 8 10 4 7 3 9 2 
20180809641 9 5 10 3 8 1 7 2 4 6 
20180809642 10 9 4 2 7 5 1 6 3 8 
20180809643 9 7 6 1 5 3 2 8 4 10 
20180809644 6 4 8 7 2 9 3 5 10 1 
20180809645 4 6 7 10 8 1 2 9 5 3 
20180809646 8 3 1 4 5 9 10 7 2 6 
20180809647 9 10 7 3 6 5 4 8 2 1 
20180809648 10 2 9 6 1 7 4 3 5 8 
20180809649 8 6 3 10 9 2 4 1 7 5 
20180809650 4 9 6 5 10 2 1 3 8 7 
20180809651 7 1 10 8 4 5 9 2 6 3 
20180809652 1 6 8 3 5 2 10 9 4 7 
20180809653 5 1 8 2 10 3 7 9 4 6 
20180809654 10 2 1 7 5 3 9 8 4 6 
20180809655 5 6 2 3 9 10 1 7 8 4 
20180809656 7 4 3 9 5 1 8 10 6 2 
20180809657 3 5 10 6 1 8 4 2 9 7 
20180809658 1 5 7 2 6 4 8 3 10 9 
20180809659 5 9 4 3 2 10 7 1 6 8 
20180809660 8 10 9 3 7 1 5 4 6 2 
20180809661 8 2 10 6 7 5 9 4 3 1 
20180809662 9 4 2 8 3 7 6 1 5 10 
20180809663 7 9 6 4 2 5 1 8 10 3 
20180809664 10 8 4 5 7 6 3 9 2 1 
20180809665 8 7 10 6 9 3 2 5 4 1 
20180809666 2 8 4 6 5 1 7 10 3 9 
20180809667 7 2 1 5 3 8 6 4 10 9 
20180809668 10 3 4 8 9 5 6 2 1 7 
20180809669 10 8 9 4 5 6 3 7 2 1 
20180809670 8 9 3 4 7 6 10 2 5 1 
20180809671 1 3 6 9 2 8 5 4 10 7 
20180809672 5 2 4 1 10 9 8 3 6 7 
20180809673 8 4 7 6 3 2 10 5 9 1 
20180809674 3 7 6 9 8 10 4 5 2 1 
20180809675 9 3 10 7 1 2 8 4 5 6 
20180809676 7 8 3 4 2 10 1 5 9 6 
20180809677 8 3 2 9 6 10 4 7 1 5 
20180809678 1 6 10 4 5 7 8 2 3 9 
20180809679 8 4 1 10 2 9 6 7 5 3 
20180809680 1 5 7 2 8 4 9 10 6 3 
20180809681 10 4 9 5 1 8 7 6 3 2 
20180809682 1 4 2 3 6 5 9 8 10 7 
20180809683 6 9 10 2 1 7 8 4 3 5 
20180809684 2 7 1 10 5 3 8 9 4 6 
20180809685 1 3 6 4 10 2 9 5 7 8 
20180809686 10 2 9 7 8 6 4 1 5 3 
20180809687 8 10 1 3 6 5 9 4 7 2 
20180809688 1 3 10 5 4 8 7 9 6 2 
20180809689 5 1 4 10 9 3 7 6 8 2 
20180809690 8 9 1 5 4 3 10 7 2 6 
20180809691 5 2 6 4 1 10 3 7 9 8 
20180809692 10 7 8 9 2 6 5 1 4 3 
20180809693 1 4 2 5 9 3 8 10 6 7 
20180809694 3 4 1 2 8 10 9 5 6 7 
20180809695 5 1 9 3 2 7 4 8 6 10 
20180809696 5 2 10 4 7 6 8 9 3 1 
20180809697 1 2 5 6 4 9 8 3 10 7 
20180809698 6 9 8 4 7 10 5 2 3 1 
20180809699 7 10 4 3 5 9 8 6 2 1 
20180809700 1 2 8 9 10 7 5 4 6 3 
20180809701 4 6 10 5 3 1 9 7 2 8 
20180809702 4 3 7 5 10 1 8 9 2 6 
20180809703 6 4 2 1 9 7 10 3 5 8 
20180809704 5 1 4 9 2 3 6 10 7 8 
20180809705 9 10 5 3 2 4 7 1 8 6 
20180809706 5 6 9 7 8 4 1 10 3 2 
20180809707 5 7 4 1 2 3 10 8 6 9 
20180809708 6 3 4 7 9 10 1 8 5 2 
20180809709 5 1 10 7 4 9 6 3 2 8 
20180809710 4 3 10 7 2 5 6 1 9 8 
20180809711 2 6 7 4 10 8 9 1 3 5 
20180809712 5 10 9 1 8 2 6 3 7 4 
20180809713 2 8 10 6 9 5 7 3 4 1 
20180809714 7 2 8 3 4 5 9 1 6 10 
20180809715 1 2 3 7 6 5 4 9 8 10 
20180809716 5 9 4 7 2 1 6 10 8 3 
20180809717 2 10 4 5 8 1 6 7 9 3 
20180809718 8 10 7 6 4 5 1 3 2 9 
20180809719 4 5 10 3 6 1 9 8 2 7 
20180809720 1 2 5 9 8 10 7 4 6 3 
20180809721 9 1 10 7 4 5 6 3 8 2 
20180809722 6 4 1 3 5 8 9 10 7 2 
20180809723 6 5 9 10 8 7 1 3 4 2 
20180809724 3 6 4 2 8 7 1 10 9 5 
20180809725 1 5 4 9 10 7 6 2 8 3 
20180809726 2 9 3 10 7 1 4 6 8 5 
20180809727 2 6 4 9 1 8 10 3 7 5 
20180809728 4 2 1 10 6 5 7 3 9 8 
20180809729 10 7 8 4 3 6 2 5 9 1 
20180809730 5 4 7 8 6 10 3 1 2 9 
20180809731 10 8 4 6 5 1 3 2 9 7 
20180809732 6 8 7 10 2 9 3 1 5 4 
20180809733 7 3 5 10 2 9 6 8 1 4 
20180809734 7 1 10 3 6 2 9 5 4 8 
20180809735 10 9 2 4 8 5 7 1 6 3 
20180809736 7 3 4 10 5 6 1 9 2 8 
20180809737 4 7 5 1 9 10 8 3 2 6 
20180809738 5 8 2 6 3 10 4 9 1 7 
20180809739 4 5 9 6 2 1 7 3 10 8 
20180809740 9 2 7 5 4 8 3 10 1 6 
20180809741 3 6 8 10 4 7 5 1 9 2 
20180809742 9 6 8 4 7 5 1 10 3 2 
20180809743 10 8 7 2 9 1 4 5 6 3 
20180809744 10 2 5 7 3 4 9 1 6 8 
20180809745 3 8 5 10 1 7 2 9 4 6 
20180809746 7 8 3 2 5 4 9 1 6 10 
20180809747 3 1 4 9 6 2 8 7 5 10 
20180809748 6 2 3 5 7 9 8 10 4 1 
20180809749 2 3 6 7 10 9 8 4 1 5 
20180809750 10 7 5 2 9 4 6 1 3 8 
20180809751 4 5 6 1 3 8 9 2 7 10 
20180809752 4 2 3 6 5 9 1 8 10 7 
20180809753 8 1 4 6 7 9 10 2 3 5 
20180809754 2 7 1 10 4 8 3 5 6 9 
20180809755 1 2 6 7 9 4 3 5 10 8 
20180809756 3 6 5 2 10 8 9 1 7 4 
20180809757 1 10 7 9 2 8 6 3 5 4 
20180809758 2 10 4 5 1 7 9 6 8 3 
20180809759 5 2 3 10 6 8 9 1 4 7 
20180809760 1 6 9 10 8 5 3 4 7 2 
20180809761 3 8 5 2 1 6 10 9 7 4 
20180809762 9 7 10 6 8 2 3 1 4 5 
20180809763 10 5 3 9 1 7 4 2 6 8 
20180809764 6 3 8 9 7 10 4 1 2 5 
20180809765 9 8 10 7 3 5 2 6 1 4 
20180809766 8 10 3 6 5 1 4 2 9 7 
20180809767 6 10 1 7 9 8 5 4 3 2 
20180809768 4 10 8 2 3 7 9 1 6 5 
20180809769 2 7 10 8 4 3 6 5 9 1 
20180809770 7 4 6 5 10 9 8 1 2 3 
20180809771 5 2 10 6 9 4 1 8 7 3 
20180809772 7 3 4 8 1 9 10 2 6 5 
20180809773 6 9 7 1 10 2 5 3 8 4 
20180809774 9 7 8 2 5 4 1 10 3 6 
20180809775 1 9 8 2 3 5 10 6 4 7 
20180809776 8 1 2 4 5 6 7 3 9 10 
20180809777 6 9 2 7 8 1 5 4 10 3 
20180809778 3 5 9 8 2 1 10 6 4 7 
20180809779 3 6 7 4 10 9 5 1 8 2 
20180809780 6 8 2 1 5 7 3 4 9 10 
20180809781 3 6 10 8 4 5 2 9 7 1 
20180809782 3 10 7 8 4 9 2 1 6 5 
20180809783 6 4 5 9 7 3 10 1 2 8 
20180809784 7 10 3 1 6 9 2 4 8 5 
20180809785 9 6 7 1 3 2 10 8 4 5 
20180809786 9 8 1 2 3 10 6 7 5 4 
20180809787 4 8 10 3 7 5 1 2 9 6 
20180809788 5 2 7 6 3 1 10 4 8 9 
20180809789 5 4 3 7 9 2 6 1 10 8 
20180809790 7 1 4 3 9 2 6 5 8 10 
20180809791 1 3 5 9 7 2 6 8 10 4 
20180809792 5 9 6 7 10 2 8 1 3 4 
20180809793 6 1 10 8 3 5 2 7 9 4 
20180809794 5 7 2 3 9 4 1 8 6 10 
20180809795 5 8 9 7 1 10 6 2 4 3 
20180809796 1 2 5 10 3 8 6 7 9 4 
20180809797 3 7 1 8 4 5 6 9 2 10 
20180809798 2 10 8 6 9 5 4 3 7 1 
20180809799 4 5 10 2 1 9 3 6 7 8 
20180809800 4 1 7 2 8 10 3 5 9 6 
20180809801 10 9 4 6 5 2 8 7 3 1 
20180809802 6 5 9 10 4 3 8 1 7 2 
20180809803 6 10 8 7 2 1 5 3 4 9 
20180809804 8 5 7 6 4 1 9 2 3 10 
20180809805 1 6 5 2 7 9 8 4 10 3 
20180809806 7 2 5 6 4 8 1 9 10 3 
20180809807 4 7 3 8 10 9 2 5 1 6 
20180809808 6 9 7 10 8 4 3 1 2 5 
20180809809 10 7 4 8 6 5 2 3 1 9 
20180809810 5 6 9 7 1 3 4 10 2 8 
20180809811 2 1 6 4 8 3 9 5 7 10 
20180809812 5 2 9 10 1 6 4 3 7 8 
20180809813 10 6 8 5 3 1 7 9 2 4 
20180809814 3 9 4 1 7 10 5 2 8 6 
20180809815 5 8 9 6 10 2 7 4 3 1 
20180809816 2 1 9 4 8 6 7 5 10 3 
20180809817 8 9 2 3 6 7 10 5 1 4 
20180809818 6 8 5 9 7 1 10 2 4 3 
20180809819 8 5 9 4 2 7 10 6 1 3 
20180809820 5 2 6 4 1 3 9 10 7 8 
20180809821 3 8 4 5 10 7 6 9 2 1 
20180809822 10 6 2 1 7 5 3 4 8 9 
20180809823 1 10 5 4 8 2 6 9 3 7 
20180809824 7 8 4 2 9 3 1 6 10 5 
20180809825 9 4 2 7 5 8 10 1 6 3 
20180809826 8 7 6 10 4 1 2 3 5 9 
20180809827 6 8 5 7 4 3 2 1 10 9 
20180809828 5 3 8 10 1 2 7 6 4 9 
20180809829 5 9 3 4 7 10 2 6 1 8 
20180809830 1 4 9 8 5 2 10 3 7 6 
20180809831 1 8 2 9 7 10 5 4 3 6 
20180809832 2 3 4 10 6 7 9 5 1 8 
20180809833 2 3 7 9 10 5 8 6 1 4 
20180809834 4 8 7 1 5 3 2 6 9 10 
20180809835 3 4 1 9 2 7 8 10 5 6 
20180809836 9 3 7 6 2 8 4 1 5 10 
20180809837 3 8 4 5 2 9 1 6 7 10 
20180809838 10 2 7 4 1 5 3 8 6 9 
20180809839 4 6 9 8 7 2 10 3 5 1 
20180809840 9 6 4 2 10 7 1 8 3 5 
20180809841 3 4 6 8 10 9 7 2 1 5 
20180809842 10 8 4 3 7 2 5 1 6 9 
20180809843 4 2 9 5 6 1 10 7 8 3 
20180809844 9 1 5 8 7 6 4 3 2 10 
20180809845 3 5 10 7 6 8 9 4 2 1 
20180809846 8 3 7 10 6 9 5 1 2 4 
20180809847 1 10 4 9 5 6 8 7 3 2 
20180809848 5 7 9 3 8 2 10 1 6 4 
20180809849 3 1 5 6 2 10 9 7 4 8 
20180809850 1 6 4 9 10 8 2 3 5 7 
20180809851 9 6 5 4 8 3 7 1 2 10 
20180809852 7 3 1 10 2 9 4 6 8 5 
20180809853 5 9 10 6 8 4 3 2 1 7 
20180809854 8 9 7 1 2 3 10 6 4 5 
20180809855 7 6 3 5 8 2 1 4 10 9 
20180809856 1 6 7 2 3 5 9 4 8 10 
20180809857 2 8 1 4 3 5 9 10 7 6 
20180809858 10 9 7 5 1 4 6 2 3 8 
20180809859 3 4 8 9 10 7 2 1 5 6 
20180809860 4 10 9 8 7 1 5 3 2 6 
20180809861 1 7 5 10 6 4 8 9 2 3 
20180809862 9 8 5 6 10 1 3 2 4 7 
20180809863 7 3 10 4 6 9 2 5 8 1 
20180809864 8 10 9 6 7 2 5 3 1 4 
20180809865 2 1 3 6 9 5 10 8 4 7 
20180809866 1 6 3 9 2 4 8 10 5 7 
20180809867 3 6 9 4 10 7 1 8 2 5 
20180809868 6 1 7 10 8 3 5 2 4 9 
20180809869 8 10 1 2 5 9 7 4 3 6 
20180809870 5 9 2 7 3 6 8 1 10 4 
20180809871 8 2 3 1 4 10 7 9 6 5 
20180809872 4 6 1 9 10 5 8 2 3 7 
20180809873 2 8 6 5 7 3 9 10 4 1 
20180809874 10 8 5 2 9 7 1 4 3 6 
20180809875 2 3 10 4 7 5 6 8 9 1 
20180809876 9 4 2 8 7 10 6 3 1 5 
20180809877 2 9 7 10 5 1 4 8 6 3 
20180809878 9 2 1 8 5 7 4 10 6 3 
20180809879 9 6 8 7 5 10 1 3 2 4 
20180809880 7 5 1 9 10 3 6 4 2 8 
20180809881 8 3 10 7 9 5 1 6 2 4 
20180809882 2 3 6 1 4 9 10 7 5 8 
20180809883 6 8 1 3 4 10 9 7 2 5 
20180809884 10 2 8 9 6 4 1 7 5 3 
20180809885 3 2 5 9 6 10 7 1 8 4 
20180809886 1 7 5 9 4 10 6 2 8 3 
20180809887 3 2 8 10 9 6 1 5 7 4 
20180809888 6 8 10 5 4 9 7 2 3 1 
20180809889 10 5 9 3 1 4 7 6 8 2 
20180809890 8 5 6 9 3 7 1 2 4 10 
20180809891 9 6 3 1 7 8 5 4 10 2 
20180809892 5 1 4 7 8 9 2 3 6 10 
20180809893 8 4 10 9 1 2 6 3 7 5 
20180809894 1 8 9 6 4 2 3 10 5 7 
20180809895 3 7 5 10 6 4 2 9 1 8 
20180809896 9 2 8 4 6 5 7 3 1 10 
20180809897 7 6 1 5 10 3 2 8 9 4 
20180809898 9 2 10 5 3 1 7 8 6 4 
20180809899 2 7 1 10 5 4 8 6 3 9 
20180809900 4 7 2 5 1 10 9 6 3 8 
20180809901 8 3 9 10 6 7 2 1 5 4 
20180809902 8 10 3 4 1 6 9 7 2 5 
20180809903 7 1 6 10 3 2 5 4 8 9 
20180809904 6 3 7 10 2 4 8 5 9 1 
20180809905 2 1 10 3 6 8 4 9 7 5 
20180809906 6 4 1 7 2 9 3 10 8 5 
20180809907 2 5 8 4 3 7 10 9 1 6 
20180809908 7 5 1 3 10 4 2 9 8 6 
20180809909 1 5 6 9 3 2 4 7 10 8 
20180809910 10 7 8 9 1 6 3 5 4 2 
20180809911 1 3 8 9 7 5 6 10 4 2 
20180809912 7 6 8 5 9 1 10 3 4 2 
20180809913 1 9 7 2 4 6 10 3 8 5 
20180809914 8 3 10 2 9 7 5 4 1 6 
20180809915 5 1 8 10 9 3 7 6 4 2 
20180809916 4 3 2 9 1 6 10 8 5 7 
20180809917 7 2 4 9 6 10 1 8 3 5 
20180809918 2 3 7 4 8 1 5 9 6 10 
20180809919 2 3 4 1 6 8 10 7 5 9 
20180809920 10 2 4 1 8 7 3 9 5 6 
20180809921 9 8 6 3 1 4 2 10 5 7 
20180809922 7 8 2 5 6 4 9 1 3 10 
20180809923 6 1 3 9 4 10 8 5 2 7 
20180809924 1 10 4 8 7 6 5 2 3 9 
20180809925 4 8 3 7 1 5 10 6 2 9 
20180809926 4 8 5 3 6 2 10 7 9 1 
20180809927 1 9 5 3 10 8 2 4 6 7 
20180809928 10 7 1 9 2 3 8 6 5 4 
20180809929 1 10 9 3 2 7 8 4 5 6 
20180809930 6 7 2 8 9 3 10 4 1 5 
20180809931 5 1 7 3 2 4 9 6 8 10 
20180809932 1 8 4 6 9 2 7 3 5 10 
20180809933 4 3 1 5 10 8 9 2 7 6 
20180809934 9 7 1 2 10 4 3 8 6 5 
20180809935 7 6 3 1 8 9 10 4 2 5 
20180809936 5 4 6 8 10 3 1 7 2 9 
20180809937 10 8 4 6 7 9 3 2 5 1 
20180809938 7 3 10 4 5 8 2 1 9 6 
20180809939 6 3 5 2 10 4 9 1 8 7 
20180809940 7 10 9 1 4 2 8 3 6 5 
20180809941 7 10 6 3 1 4 9 8 2 5 
20180809942 4 9 3 8 7 2 1 5 6 10 
20180809943 9 7 2 10 6 1 3 8 4 5 
20180809944 7 3 1 10 8 6 4 2 9 5 
20180809945 3 4 6 9 2 7 8 1 5 10 
20180809946 4 2 5 9 6 3 7 10 8 1 
20180809947 9 8 6 1 3 7 5 2 10 4 
20180809948 6 7 5 2 10 8 9 3 4 1 
20180809949 6 3 7 10 2 9 8 5 4 1 
20180809950 4 10 7 8 9 3 5 1 6 2 
20180809951 4 10 3 6 8 2 5 9 1 7 
20180809952 1 3 7 10 4 9 2 5 6 8 
20180809953 3 4 9 5 6 2 8 1 10 7 
20180809954 6 8 4 3 2 7 9 1 10 5 
20180809955 2 7 1 6 8 3 10 4 9 5 
20180809956 1 8 3 9 5 7 2 10 4 6 
20180809957 6 2 10 9 8 4 7 5 1 3 
20180809958 9 8 5 2 7 10 3 6 1 4 
20180809959 5 2 6 1 3 4 10 7 9 8 
20180809960 9 8 7 2 6 10 3 5 4 1 
20180809961 6 3 4 9 1 7 8 5 10 2 
20180809962 9 5 7 6 8 1 3 10 2 4 
20180809963 4 2 6 5 1 8 10 9 3 7 
20180809964 5 4 8 2 7 10 1 9 6 3 
20180809965 3 8 5 7 4 6 9 2 10 1 
20180809966 5 4 10 3 6 2 1 8 9 7 
20180809967 8 5 3 6 7 10 2 4 9 1 
20180809968 7 4 3 1 9 6 5 10 8 2 
20180809969 9 3 4 7 6 10 5 2 8 1 
20180809970 7 6 9 3 4 8 10 1 5 2 
20180809974 5 8 9 3 1 2 4 7 6 10 
20180809975 10 9 2 8 6 3 7 4 1 5 
20180809976 4 1 6 5 7 2 3 10 9 8 
20180809977 9 10 7 6 4 1 3 8 2 5 
