20180814001 3 5 9 6 10 2 7 8 4 1 
20180814002 4 3 5 9 10 6 8 1 7 2 
20180814003 3 4 6 8 7 5 2 9 10 1 
20180814004 2 3 10 5 1 4 7 8 6 9 
20180814005 4 2 9 5 7 10 3 6 1 8 
20180814006 10 7 8 6 2 3 5 1 4 9 
20180814007 10 2 9 4 5 7 6 8 1 3 
20180814008 10 8 7 6 3 5 4 1 9 2 
20180814009 1 7 3 2 5 6 4 10 9 8 
20180814010 9 7 2 1 3 4 5 10 6 8 
20180814011 3 9 2 6 5 10 1 8 4 7 
20180814012 3 7 1 2 9 8 6 10 5 4 
20180814013 5 8 3 2 1 9 6 4 7 10 
20180814014 4 9 3 6 10 7 1 5 2 8 
20180814015 10 4 3 5 6 2 1 8 9 7 
20180814016 2 4 7 9 3 5 1 10 8 6 
20180814017 5 4 8 1 7 10 3 2 9 6 
20180814018 7 8 6 1 4 3 5 9 2 10 
20180814019 4 6 7 10 1 5 2 8 9 3 
20180814020 6 1 7 2 4 8 9 3 5 10 
20180814021 5 10 4 7 3 8 1 6 2 9 
20180814022 2 7 6 8 3 10 1 4 5 9 
20180814023 2 3 1 6 9 8 5 4 7 10 
20180814024 7 8 2 9 4 5 1 10 3 6 
20180814025 3 6 10 5 9 4 2 1 8 7 
20180814026 5 7 2 4 10 9 8 6 3 1 
20180814027 3 9 5 4 6 7 1 2 10 8 
20180814028 7 9 5 4 8 6 10 3 1 2 
20180814029 2 1 7 9 10 3 8 5 4 6 
20180814030 8 9 2 1 3 7 10 5 4 6 
20180814031 8 1 3 10 2 9 4 6 7 5 
20180814032 6 7 8 4 5 3 1 10 9 2 
20180814033 4 5 1 8 9 3 10 7 6 2 
20180814034 5 7 6 9 3 1 2 8 4 10 
20180814035 10 6 3 1 5 2 8 7 9 4 
20180814036 1 5 9 6 10 2 3 8 7 4 
20180814037 8 3 7 9 1 2 5 6 10 4 
20180814038 2 8 10 9 5 6 4 7 1 3 
20180814039 4 3 6 7 5 2 10 9 1 8 
20180814040 2 5 8 3 6 4 10 7 9 1 
20180814041 6 3 9 2 8 10 1 4 7 5 
20180814042 8 3 7 1 4 6 10 9 5 2 
20180814043 3 8 5 6 4 7 1 2 10 9 
20180814044 8 2 4 9 1 5 10 6 7 3 
20180814045 6 9 3 2 1 7 8 10 4 5 
20180814046 7 2 4 5 3 6 9 10 8 1 
20180814047 8 1 3 5 10 4 6 7 2 9 
20180814048 6 4 1 9 3 7 8 5 10 2 
20180814049 4 10 3 9 6 1 7 8 5 2 
20180814050 6 1 5 7 8 4 2 3 9 10 
20180814051 3 6 2 10 1 9 7 4 8 5 
20180814052 2 10 8 9 3 6 1 4 7 5 
20180814053 8 9 7 5 1 10 4 3 2 6 
20180814054 7 4 9 2 6 3 8 10 1 5 
20180814055 9 1 5 6 8 2 3 7 10 4 
20180814056 8 4 5 9 1 10 2 3 7 6 
20180814057 10 1 5 9 4 7 6 8 2 3 
20180814058 9 1 7 10 8 6 3 4 2 5 
20180814059 9 4 6 7 5 1 2 8 10 3 
20180814060 3 2 5 6 4 7 1 8 9 10 
20180814061 7 1 6 10 3 9 2 4 5 8 
20180814062 4 7 8 3 9 5 2 1 6 10 
20180814063 5 6 4 1 2 7 3 8 9 10 
20180814064 7 4 1 2 10 8 9 6 3 5 
20180814065 2 3 6 8 9 4 1 7 5 10 
20180814066 1 5 8 3 10 7 2 9 6 4 
20180814067 1 6 10 7 3 9 8 2 5 4 
20180814068 5 9 8 4 1 3 6 7 10 2 
20180814069 8 9 3 10 7 1 4 5 6 2 
20180814070 4 1 3 7 10 5 9 6 8 2 
20180814071 4 1 8 5 9 7 2 10 6 3 
20180814072 2 10 6 1 7 4 8 9 5 3 
20180814073 8 4 7 2 5 6 10 1 3 9 
20180814074 1 10 5 4 7 9 6 8 3 2 
20180814075 6 5 2 10 3 1 9 4 8 7 
20180814076 9 5 6 10 1 7 2 8 4 3 
20180814077 9 8 1 6 4 2 7 10 5 3 
20180814078 5 8 10 7 4 2 1 9 3 6 
20180814079 7 3 5 10 9 1 4 8 2 6 
20180814080 7 5 3 6 9 1 2 10 8 4 
20180814081 10 7 8 9 1 5 2 6 3 4 
20180814082 2 1 5 6 4 8 9 3 7 10 
20180814083 3 1 9 10 7 6 2 4 8 5 
20180814084 8 7 4 9 6 5 3 2 1 10 
20180814085 9 5 2 4 3 10 8 6 1 7 
20180814086 9 7 4 1 5 3 10 2 6 8 
20180814087 10 2 5 8 9 4 1 6 3 7 
20180814088 1 10 6 8 2 3 7 9 4 5 
20180814089 5 4 8 2 3 7 1 6 10 9 
20180814090 5 7 6 3 4 9 8 2 1 10 
20180814091 7 2 5 1 10 8 9 6 3 4 
20180814092 6 3 7 2 8 10 9 5 4 1 
20180814093 10 4 5 9 8 2 6 3 1 7 
20180814094 5 7 10 6 8 4 9 2 1 3 
20180814095 9 1 8 3 10 7 2 5 4 6 
20180814096 6 4 2 5 9 1 10 8 3 7 
20180814097 9 6 5 8 10 2 7 4 1 3 
20180814098 7 4 3 9 1 5 8 6 2 10 
20180814099 6 4 10 3 9 5 8 1 2 7 
20180814100 5 10 7 6 1 4 3 2 8 9 
20180814101 4 9 5 10 1 6 3 8 2 7 
20180814102 9 7 5 3 6 10 2 1 4 8 
20180814103 5 6 10 1 7 9 8 2 4 3 
20180814104 10 1 8 3 2 4 9 5 6 7 
20180814105 3 9 8 10 2 7 6 1 4 5 
20180814106 1 8 6 4 10 2 3 7 9 5 
20180814107 4 6 2 10 9 5 7 3 8 1 
20180814108 4 6 10 2 3 1 5 8 9 7 
20180814109 4 10 2 1 8 9 6 3 5 7 
20180814110 6 5 1 4 10 2 9 3 7 8 
20180814111 8 5 3 9 1 2 4 7 10 6 
20180814112 8 2 9 3 7 5 6 4 10 1 
20180814113 1 7 3 9 2 4 6 5 8 10 
20180814114 3 7 2 10 8 1 6 4 5 9 
20180814115 10 7 2 1 4 8 9 5 6 3 
20180814116 2 3 5 6 7 9 4 8 1 10 
20180814117 5 4 2 1 7 3 10 8 9 6 
20180814118 5 2 4 3 8 6 7 9 10 1 
20180814119 1 7 8 6 4 10 5 9 2 3 
20180814120 2 9 8 7 3 6 5 10 1 4 
20180814121 5 6 7 4 9 10 8 2 1 3 
20180814122 5 2 10 6 3 8 7 4 9 1 
20180814123 5 9 4 6 1 7 3 10 8 2 
20180814124 3 8 10 9 6 2 4 7 1 5 
20180814125 4 5 10 3 6 1 8 7 2 9 
20180814126 3 8 1 5 2 9 10 4 7 6 
20180814127 5 1 9 4 8 6 3 10 7 2 
20180814128 8 4 10 2 7 5 6 3 1 9 
20180814129 8 7 1 5 2 6 4 10 9 3 
20180814130 4 2 3 8 9 10 6 7 1 5 
20180814131 5 1 4 6 7 3 10 8 2 9 
20180814132 10 4 1 2 9 5 7 8 6 3 
20180814133 7 5 6 9 4 1 8 2 10 3 
20180814134 8 6 3 1 10 9 4 5 2 7 
20180814135 6 7 3 8 4 10 9 2 1 5 
20180814136 6 4 5 10 7 8 2 1 9 3 
20180814137 6 4 5 10 8 2 3 1 9 7 
20180814138 6 7 4 8 2 10 1 9 5 3 
20180814139 4 1 6 9 2 10 7 5 8 3 
20180814140 1 6 7 3 4 8 2 10 9 5 
20180814141 4 10 1 8 2 5 6 9 7 3 
20180814142 4 6 8 7 5 3 10 2 1 9 
20180814143 8 10 3 9 7 2 5 1 4 6 
20180814144 9 2 10 6 5 4 1 8 7 3 
20180814145 7 8 3 10 2 4 1 5 6 9 
20180814146 5 7 1 2 9 10 6 3 8 4 
20180814147 7 8 5 6 2 10 4 9 1 3 
20180814148 9 5 10 3 1 2 6 8 4 7 
20180814149 1 9 10 3 8 7 2 6 5 4 
20180814150 7 5 4 8 3 6 1 2 10 9 
20180814151 5 4 1 3 10 9 2 7 8 6 
20180814152 5 1 2 7 9 6 4 3 8 10 
20180814153 9 7 1 3 8 4 5 2 10 6 
20180814154 8 6 9 10 3 4 2 5 7 1 
20180814155 4 10 8 7 5 2 6 9 3 1 
20180814156 1 9 4 6 5 10 2 7 3 8 
20180814157 8 1 9 10 7 5 3 2 6 4 
20180814158 9 4 6 1 8 10 2 3 7 5 
20180814159 3 2 10 7 5 4 8 9 6 1 
20180814160 8 6 1 7 9 10 3 2 4 5 
20180814161 3 4 7 10 6 1 8 9 2 5 
20180814162 9 7 8 5 1 3 2 6 4 10 
20180814163 8 1 4 3 10 6 9 2 5 7 
20180814164 8 5 4 1 9 6 3 7 2 10 
20180814165 8 10 2 1 7 9 5 3 4 6 
20180814166 2 7 4 6 8 3 9 1 10 5 
20180814167 6 7 9 4 8 5 1 2 3 10 
20180814168 3 8 5 10 9 7 2 4 1 6 
20180814169 2 1 7 4 3 9 10 6 5 8 
20180814170 4 8 7 3 2 1 6 9 5 10 
20180814171 9 2 3 5 10 8 4 1 7 6 
20180814172 4 3 6 10 9 5 7 8 2 1 
20180814173 5 1 2 9 4 7 6 10 3 8 
20180814174 7 9 6 1 2 8 3 5 4 10 
20180814175 7 5 10 6 3 2 9 4 8 1 
20180814176 7 9 3 4 1 5 2 10 6 8 
20180814177 7 8 5 4 3 2 9 10 6 1 
20180814178 1 10 3 7 8 6 2 9 5 4 
20180814179 8 2 10 9 1 7 6 5 3 4 
20180814180 8 1 6 7 10 5 9 3 4 2 
20180814181 1 9 7 6 5 4 3 2 10 8 
20180814182 3 2 1 10 9 7 4 5 8 6 
20180814183 4 10 9 6 7 8 2 1 5 3 
20180814184 2 8 4 1 5 6 10 3 7 9 
20180814185 2 3 7 8 5 1 9 6 10 4 
20180814186 10 3 9 7 4 8 5 6 2 1 
20180814187 8 9 10 2 5 1 7 6 3 4 
20180814188 8 9 4 6 1 7 5 3 10 2 
20180814189 5 3 7 1 2 10 4 6 8 9 
20180814190 8 10 4 1 9 5 7 3 6 2 
20180814191 4 7 5 3 9 8 6 2 1 10 
20180814192 2 10 9 7 5 3 4 1 8 6 
20180814193 2 1 8 10 7 3 9 6 4 5 
20180814194 7 10 9 5 4 8 6 3 2 1 
20180814195 3 8 9 2 7 4 10 6 5 1 
20180814196 7 8 5 9 2 6 4 10 1 3 
20180814197 3 4 2 10 1 8 7 9 5 6 
20180814198 4 8 1 10 9 7 2 5 3 6 
20180814199 7 8 4 6 9 2 3 10 5 1 
20180814200 7 4 9 2 1 8 10 6 5 3 
20180814201 6 4 3 9 7 5 2 10 1 8 
20180814202 5 2 7 4 6 8 3 9 1 10 
20180814203 9 1 2 7 4 3 8 10 5 6 
20180814204 8 2 10 9 3 6 1 5 7 4 
20180814205 10 2 7 4 1 9 6 3 5 8 
20180814206 2 7 8 4 5 1 3 6 10 9 
20180814207 1 10 3 8 5 6 4 9 2 7 
20180814208 9 8 5 4 10 7 2 1 6 3 
20180814209 5 3 9 10 2 7 4 6 8 1 
20180814210 1 4 7 5 9 2 6 10 3 8 
20180814211 2 4 10 8 7 6 5 9 3 1 
20180814212 8 10 7 4 6 5 3 9 1 2 
20180814213 5 6 10 8 1 3 7 2 4 9 
20180814214 7 6 5 9 10 1 8 3 2 4 
20180814215 3 9 5 10 7 4 2 1 6 8 
20180814216 5 1 10 8 3 6 7 2 9 4 
20180814217 3 4 7 8 10 5 9 6 2 1 
20180814218 7 5 3 9 4 2 1 6 10 8 
20180814219 2 3 10 9 1 7 4 6 8 5 
20180814220 2 6 5 1 3 7 10 9 4 8 
20180814221 8 4 2 9 3 10 1 6 5 7 
20180814222 7 2 9 8 10 1 6 4 5 3 
20180814223 6 2 8 5 1 10 7 3 9 4 
20180814224 5 2 6 4 7 8 1 3 9 10 
20180814225 4 5 2 8 1 9 3 7 10 6 
20180814226 9 2 1 4 3 8 6 10 7 5 
20180814227 10 2 9 7 8 3 6 1 4 5 
20180814228 1 9 7 8 4 10 3 6 2 5 
20180814229 1 2 10 3 9 5 7 8 4 6 
20180814230 3 10 5 6 1 7 8 2 9 4 
20180814231 8 9 5 6 10 3 7 2 4 1 
20180814232 3 7 9 1 8 5 2 6 10 4 
20180814233 5 10 3 9 1 4 2 6 8 7 
20180814234 9 1 10 6 4 2 3 7 5 8 
20180814235 3 10 5 8 4 2 6 9 7 1 
20180814236 5 8 7 3 6 2 10 4 1 9 
20180814237 5 6 9 10 1 7 8 2 4 3 
20180814238 6 1 2 3 9 7 10 4 8 5 
20180814239 9 3 7 5 10 2 1 6 4 8 
20180814240 7 10 9 6 8 5 1 3 2 4 
20180814241 5 8 10 7 1 3 2 6 9 4 
20180814242 3 6 5 4 1 10 8 7 9 2 
20180814243 9 3 1 8 2 6 10 7 4 5 
20180814244 5 6 3 8 10 2 1 4 7 9 
20180814245 1 6 4 10 5 8 2 9 3 7 
20180814246 2 9 5 3 1 6 10 7 4 8 
20180814247 2 8 3 6 1 5 7 10 4 9 
20180814248 4 3 10 8 7 2 5 6 9 1 
20180814249 6 10 1 4 5 3 2 7 8 9 
20180814250 1 8 7 2 3 10 6 4 5 9 
20180814251 8 6 7 1 5 2 3 4 10 9 
20180814252 5 4 8 7 9 3 6 10 1 2 
20180814253 8 7 5 1 9 10 3 2 6 4 
20180814254 8 4 3 7 10 1 2 5 9 6 
20180814255 9 7 4 3 8 1 10 2 5 6 
20180814256 1 7 2 4 3 5 9 8 10 6 
20180814257 10 3 5 9 8 4 7 1 2 6 
20180814258 3 6 5 7 4 10 8 9 1 2 
20180814259 7 9 10 8 2 5 3 1 6 4 
20180814260 6 5 9 7 2 10 4 8 1 3 
20180814261 1 8 4 6 9 3 5 7 10 2 
20180814262 4 6 3 5 9 1 7 2 10 8 
20180814263 9 2 10 3 7 1 8 6 4 5 
20180814264 10 5 1 9 3 2 8 6 4 7 
20180814265 2 7 1 8 4 6 9 5 10 3 
20180814266 2 7 3 10 8 4 1 9 5 6 
20180814267 6 1 7 10 4 5 9 3 8 2 
20180814268 10 7 1 6 2 5 4 8 3 9 
20180814269 7 6 8 2 9 1 5 10 3 4 
20180814270 3 1 5 10 7 4 9 8 6 2 
20180814271 9 3 8 10 5 4 6 1 7 2 
20180814272 4 6 5 8 9 2 1 7 3 10 
20180814273 1 4 5 6 2 10 3 8 9 7 
20180814274 8 10 7 3 5 4 6 1 2 9 
20180814275 4 6 2 8 7 1 9 3 5 10 
20180814276 10 3 6 8 9 1 7 2 4 5 
20180814277 6 5 4 2 9 10 8 3 1 7 
20180814278 10 5 8 3 4 1 2 7 9 6 
20180814279 5 8 7 1 2 9 4 10 3 6 
20180814280 3 9 2 10 4 5 8 1 7 6 
20180814281 9 4 1 7 2 6 3 8 10 5 
20180814282 7 6 4 5 1 8 10 3 2 9 
20180814283 5 9 4 2 1 7 6 8 3 10 
20180814284 7 5 6 9 1 4 10 2 8 3 
20180814285 6 10 4 7 3 1 5 9 8 2 
20180814286 3 5 7 4 1 8 10 6 2 9 
20180814287 1 4 5 9 10 8 3 7 2 6 
20180814288 3 9 7 6 8 5 10 1 2 4 
20180814289 1 4 2 9 10 8 7 6 3 5 
20180814290 6 10 9 8 1 4 5 2 7 3 
20180814291 4 5 9 10 8 3 7 1 6 2 
20180814292 3 1 5 10 4 9 8 6 7 2 
20180814293 3 6 7 4 9 2 5 10 8 1 
20180814294 8 2 6 5 3 4 10 9 1 7 
20180814295 5 7 6 3 2 10 1 8 4 9 
20180814296 5 10 7 9 3 8 1 6 4 2 
20180814297 5 8 3 1 9 10 6 4 2 7 
20180814298 3 6 2 5 4 9 1 7 10 8 
20180814299 4 3 1 7 2 6 5 8 9 10 
20180814300 1 4 2 5 10 9 7 6 8 3 
20180814301 4 9 10 6 1 8 2 5 3 7 
20180814302 10 1 3 6 2 9 4 7 8 5 
20180814303 7 10 2 5 6 1 9 4 8 3 
20180814304 9 8 2 5 10 1 4 7 6 3 
20180814305 9 6 4 3 7 2 10 1 8 5 
20180814306 2 10 8 3 9 4 5 1 7 6 
20180814307 5 4 8 3 10 6 1 7 9 2 
20180814308 3 8 7 9 2 4 5 10 1 6 
20180814309 2 8 4 7 1 6 3 9 10 5 
20180814310 9 4 2 6 7 3 8 10 1 5 
20180814311 6 9 7 4 2 5 1 3 10 8 
20180814312 9 6 1 2 10 3 4 8 7 5 
20180814313 4 6 7 5 8 3 2 1 10 9 
20180814314 5 8 6 2 1 9 3 4 10 7 
20180814315 5 4 9 1 6 2 8 7 3 10 
20180814316 3 6 2 10 8 9 7 5 4 1 
20180814317 7 1 4 9 2 10 5 3 6 8 
20180814318 2 5 4 9 10 6 8 7 3 1 
20180814319 10 7 6 2 8 9 1 5 3 4 
20180814320 4 3 9 1 7 2 8 5 6 10 
20180814321 9 8 5 6 7 1 2 3 4 10 
20180814322 4 9 2 5 7 1 10 3 8 6 
20180814323 2 9 1 10 3 6 7 5 4 8 
20180814324 3 8 1 10 6 5 2 7 4 9 
20180814325 4 8 5 7 2 10 6 1 3 9 
20180814326 9 4 3 5 10 7 2 8 1 6 
20180814327 6 7 8 9 2 1 5 4 10 3 
20180814328 9 7 10 6 8 3 5 2 1 4 
20180814329 10 7 1 6 5 4 3 8 9 2 
20180814330 6 1 8 2 5 10 3 9 7 4 
20180814331 7 4 5 3 2 9 10 1 6 8 
20180814332 10 4 1 9 3 5 2 6 8 7 
20180814333 1 5 3 10 7 6 2 9 8 4 
20180814334 8 6 5 7 2 3 4 9 1 10 
20180814335 7 3 8 4 5 10 9 1 2 6 
20180814336 2 9 8 3 5 6 1 7 10 4 
20180814337 7 9 3 1 10 4 2 8 5 6 
20180814338 2 7 9 1 5 10 3 4 8 6 
20180814339 5 9 8 4 10 6 2 7 3 1 
20180814340 5 9 8 7 4 2 1 10 6 3 
20180814341 10 7 6 3 9 5 2 4 8 1 
20180814342 5 10 9 3 2 6 7 1 8 4 
20180814343 5 7 2 8 6 9 10 3 4 1 
20180814344 4 3 7 6 10 2 8 9 1 5 
20180814345 7 8 6 3 2 5 9 10 1 4 
20180814346 9 5 8 4 6 3 7 10 2 1 
20180814347 4 9 1 8 6 3 5 2 7 10 
20180814348 4 9 10 3 8 2 5 6 7 1 
20180814349 8 10 7 1 4 5 2 3 9 6 
20180814350 3 4 6 1 8 5 9 2 10 7 
20180814351 5 4 9 6 7 10 1 8 2 3 
20180814352 4 3 2 9 7 1 5 8 6 10 
20180814353 6 8 1 4 7 3 9 2 10 5 
20180814354 4 5 10 7 8 9 6 2 3 1 
20180814355 7 9 3 6 10 8 1 5 4 2 
20180814356 9 6 3 5 4 1 2 7 8 10 
20180814357 5 6 3 7 4 1 10 9 2 8 
20180814358 6 8 5 1 3 9 10 7 4 2 
20180814359 1 4 8 7 2 3 9 10 5 6 
20180814360 3 2 7 6 1 10 8 4 5 9 
20180814361 8 6 1 10 9 4 2 5 3 7 
20180814362 5 9 4 1 10 3 2 6 8 7 
20180814363 10 5 8 6 1 4 7 3 9 2 
20180814364 4 2 6 7 8 5 3 1 9 10 
20180814365 2 5 4 7 1 9 6 3 8 10 
20180814366 9 3 4 5 10 1 2 7 6 8 
20180814367 5 2 6 4 10 9 3 7 1 8 
20180814368 1 6 3 5 9 2 8 4 10 7 
20180814369 1 8 3 5 2 9 7 4 10 6 
20180814370 8 1 10 2 4 6 3 7 5 9 
20180814371 9 6 1 5 7 4 3 8 2 10 
20180814372 6 9 1 7 5 10 2 3 8 4 
20180814373 2 7 10 6 4 3 1 9 8 5 
20180814374 9 8 2 6 10 1 5 7 4 3 
20180814375 8 5 4 9 7 3 6 2 10 1 
20180814376 10 4 6 2 9 7 3 1 8 5 
20180814377 10 2 5 3 8 1 9 7 4 6 
20180814378 9 3 1 4 6 8 5 7 10 2 
20180814379 2 7 6 10 1 4 9 5 8 3 
20180814380 5 4 1 7 9 2 3 10 8 6 
20180814381 6 5 8 3 10 1 7 4 9 2 
20180814382 8 2 5 6 4 9 10 7 3 1 
20180814383 6 8 9 10 3 2 4 5 7 1 
20180814384 4 9 1 7 2 3 8 6 5 10 
20180814385 10 7 1 5 9 6 2 4 3 8 
20180814386 8 1 4 7 6 9 10 5 3 2 
20180814387 1 10 6 2 5 4 9 7 3 8 
20180814388 5 9 3 2 4 6 1 10 8 7 
20180814389 5 3 7 1 6 2 10 4 8 9 
20180814390 9 4 10 3 7 2 6 1 8 5 
20180814391 9 1 6 3 2 10 4 8 7 5 
20180814392 7 3 1 5 8 10 2 4 6 9 
20180814393 7 10 4 5 1 9 3 8 6 2 
20180814394 1 9 8 3 10 5 7 4 6 2 
20180814395 9 7 5 6 1 8 10 3 2 4 
20180814396 7 1 4 2 9 3 8 5 10 6 
20180814397 4 1 3 2 7 8 5 10 9 6 
20180814398 5 4 7 10 9 8 1 2 6 3 
20180814399 9 2 5 7 6 3 8 10 1 4 
20180814400 2 6 8 4 7 3 1 10 9 5 
20180814401 4 1 2 10 3 9 6 5 7 8 
20180814402 3 10 2 5 8 1 9 4 6 7 
20180814403 9 4 7 2 10 3 1 5 6 8 
20180814404 6 2 3 7 5 9 4 10 1 8 
20180814405 7 1 6 9 3 5 2 8 4 10 
20180814406 7 9 2 8 3 6 1 10 4 5 
20180814407 6 1 10 5 3 9 7 4 8 2 
20180814408 1 6 5 2 3 10 9 7 4 8 
20180814409 1 7 3 9 6 4 8 2 5 10 
20180814410 5 2 4 6 10 1 7 3 9 8 
20180814411 5 6 7 4 3 1 8 10 2 9 
20180814412 6 3 1 7 4 9 2 8 10 5 
20180814413 9 2 10 3 5 8 4 1 6 7 
20180814414 2 6 8 9 7 10 4 1 5 3 
20180814415 2 5 6 8 9 3 7 10 1 4 
20180814416 5 9 2 10 1 3 6 8 4 7 
20180814417 7 10 6 4 9 5 3 8 2 1 
20180814418 7 3 10 4 1 9 2 6 5 8 
20180814419 4 5 3 1 9 6 7 10 8 2 
20180814420 7 4 10 5 9 1 3 6 2 8 
20180814421 6 7 8 1 9 2 10 5 4 3 
20180814422 9 4 7 8 2 6 1 10 3 5 
20180814423 2 5 9 6 7 10 4 8 1 3 
20180814424 9 1 10 4 6 8 3 2 5 7 
20180814425 6 8 2 4 9 7 10 3 1 5 
20180814426 10 3 6 9 2 8 5 7 1 4 
20180814427 8 4 5 2 10 3 9 7 6 1 
20180814428 1 2 9 8 6 5 7 10 3 4 
20180814429 7 2 5 8 4 3 1 10 6 9 
20180814430 2 10 1 7 6 4 5 9 3 8 
20180814431 5 10 8 3 9 2 1 6 4 7 
20180814432 6 10 8 9 1 5 7 3 4 2 
20180814433 3 4 6 9 2 7 10 1 5 8 
20180814434 7 2 8 4 10 9 6 3 1 5 
20180814435 5 2 10 8 1 4 9 7 6 3 
20180814436 9 1 8 10 2 6 3 7 4 5 
20180814437 6 5 8 2 3 9 10 4 7 1 
20180814438 1 5 7 8 6 3 4 2 10 9 
20180814439 6 4 7 9 3 5 8 1 10 2 
20180814440 4 7 1 5 2 9 8 6 3 10 
20180814441 5 10 4 2 7 9 6 8 3 1 
20180814442 4 2 1 7 5 9 10 8 6 3 
20180814443 3 5 1 2 6 8 7 9 10 4 
20180814444 2 5 7 6 1 8 3 9 4 10 
20180814445 8 2 6 3 1 10 4 9 7 5 
20180814446 7 3 1 4 5 10 6 8 9 2 
20180814447 9 5 8 2 4 1 7 10 3 6 
20180814448 1 4 7 5 6 8 10 3 2 9 
20180814449 4 10 2 6 7 8 9 3 5 1 
20180814450 1 10 3 6 8 7 5 4 9 2 
20180814451 7 1 4 10 5 8 3 9 2 6 
20180814452 2 6 9 1 7 10 3 8 5 4 
20180814453 10 9 3 2 5 4 8 6 1 7 
20180814454 5 8 6 4 2 1 9 3 7 10 
20180814455 1 5 6 8 3 7 10 2 9 4 
20180814456 4 3 6 10 9 7 8 2 5 1 
20180814457 2 9 5 8 6 7 4 10 3 1 
20180814458 2 4 7 1 9 5 6 10 8 3 
20180814459 10 7 3 2 4 5 9 6 8 1 
20180814460 8 4 2 9 6 1 3 10 7 5 
20180814461 10 1 5 7 3 4 2 6 9 8 
20180814462 3 7 6 9 8 2 5 1 4 10 
20180814463 2 8 4 3 10 9 6 5 1 7 
20180814464 8 10 2 5 1 7 3 9 6 4 
20180814465 8 10 3 5 9 1 4 7 6 2 
20180814466 5 2 7 8 4 9 6 10 3 1 
20180814467 3 2 5 1 7 9 8 4 10 6 
20180814468 8 2 10 1 3 4 7 9 5 6 
20180814469 2 8 10 9 4 7 5 6 1 3 
20180814470 9 1 7 6 5 2 10 8 4 3 
20180814471 4 8 2 10 6 7 5 9 1 3 
20180814472 8 7 9 3 10 1 2 6 4 5 
20180814473 1 9 8 10 6 4 5 7 3 2 
20180814474 1 2 3 9 7 6 5 8 10 4 
20180814475 1 6 8 2 5 3 4 9 10 7 
20180814476 1 10 6 8 5 7 4 2 3 9 
20180814477 9 6 7 5 4 3 2 8 1 10 
20180814478 6 10 9 1 5 8 7 4 3 2 
20180814479 8 2 6 7 9 4 10 5 3 1 
20180814480 6 4 5 2 3 7 9 1 8 10 
20180814481 8 6 1 5 7 3 9 4 2 10 
20180814482 1 3 8 7 10 9 6 5 4 2 
20180814483 3 7 9 2 8 4 10 5 1 6 
20180814484 4 2 8 1 10 5 9 3 7 6 
20180814485 5 1 10 7 9 2 3 8 6 4 
20180814486 8 3 4 9 2 7 6 5 10 1 
20180814487 4 10 1 9 7 3 6 2 5 8 
20180814488 6 5 2 8 10 4 9 1 7 3 
20180814489 2 3 6 7 9 1 5 4 8 10 
20180814490 2 7 4 8 5 9 1 6 10 3 
20180814491 9 6 7 10 4 5 2 1 8 3 
20180814492 3 2 6 8 10 5 9 7 1 4 
20180814493 2 4 5 10 9 1 3 8 7 6 
20180814494 4 5 1 2 10 9 7 8 3 6 
20180814495 1 8 2 10 9 7 5 6 4 3 
20180814496 4 3 9 1 8 10 2 5 7 6 
20180814497 4 9 3 7 1 5 10 8 6 2 
20180814498 10 5 4 9 2 1 6 7 3 8 
20180814499 9 8 4 6 7 3 5 2 10 1 
20180814500 9 1 10 5 2 6 7 4 3 8 
20180814501 4 1 9 10 5 7 3 8 2 6 
20180814502 9 3 4 5 10 8 1 2 7 6 
20180814503 3 7 2 1 10 9 8 6 4 5 
20180814504 9 5 8 1 6 7 10 4 3 2 
20180814505 2 4 7 1 9 5 10 6 8 3 
20180814506 10 3 6 2 9 7 1 4 5 8 
20180814507 10 6 7 5 4 3 9 2 8 1 
20180814508 8 6 7 3 10 4 5 1 2 9 
20180814509 6 4 5 9 8 7 10 1 3 2 
20180814510 2 5 8 6 3 10 1 9 7 4 
20180814511 5 3 9 7 10 1 6 2 4 8 
20180814512 6 7 1 3 5 8 10 9 4 2 
20180814513 6 7 5 4 1 10 8 9 2 3 
20180814514 10 7 2 4 1 5 3 6 9 8 
20180814515 7 6 8 2 10 3 1 4 9 5 
20180814516 8 5 9 1 2 3 6 7 4 10 
20180814517 8 2 10 4 3 6 7 5 1 9 
20180814518 2 4 5 1 7 9 10 3 6 8 
20180814519 7 6 1 4 8 10 2 9 5 3 
20180814520 2 7 8 6 4 9 10 3 1 5 
20180814521 4 5 6 7 10 3 1 9 2 8 
20180814522 2 10 1 7 6 3 9 5 8 4 
20180814523 7 10 1 3 6 9 2 8 5 4 
20180814524 7 4 2 3 8 1 6 5 10 9 
20180814525 2 9 7 5 10 4 6 3 8 1 
20180814526 6 3 1 7 8 5 2 9 4 10 
20180814527 9 6 8 10 1 7 2 4 3 5 
20180814528 6 7 8 9 2 1 10 3 4 5 
20180814529 5 3 8 1 4 10 9 2 7 6 
20180814530 2 1 9 4 3 7 6 5 8 10 
20180814531 2 4 5 1 10 9 6 3 7 8 
20180814532 3 4 5 7 1 8 2 6 9 10 
20180814533 9 1 4 2 6 5 7 10 3 8 
20180814534 4 7 1 6 9 5 10 2 8 3 
20180814535 4 9 5 2 3 1 7 6 8 10 
20180814536 5 8 3 4 1 10 2 6 7 9 
20180814537 7 9 10 4 5 8 6 3 1 2 
20180814538 5 9 8 7 4 6 2 10 3 1 
20180814539 4 2 9 6 7 5 10 1 3 8 
20180814540 6 4 5 2 9 8 3 7 1 10 
20180814541 6 10 4 2 3 8 9 7 1 5 
20180814542 2 5 9 8 10 3 6 4 7 1 
20180814543 7 8 2 5 4 9 10 3 6 1 
20180814544 3 5 4 10 8 1 2 6 7 9 
20180814545 3 10 5 7 2 1 8 9 6 4 
20180814546 2 9 8 7 10 4 1 3 5 6 
20180814547 2 5 3 4 6 8 1 10 7 9 
20180814548 1 4 6 9 10 3 2 5 8 7 
20180814549 4 10 8 9 2 5 6 3 7 1 
20180814550 3 5 4 10 9 8 7 2 6 1 
20180814551 2 7 9 5 4 10 8 1 3 6 
20180814552 8 10 5 3 1 6 7 9 4 2 
20180814553 3 1 8 2 10 5 4 7 6 9 
20180814554 3 2 6 8 5 1 9 4 7 10 
20180814555 6 9 3 10 4 8 2 7 1 5 
20180814556 8 2 3 5 10 4 1 6 9 7 
20180814557 8 7 10 1 5 6 4 3 9 2 
20180814558 6 9 3 2 1 4 8 10 7 5 
20180814559 10 7 3 1 6 2 8 9 4 5 
20180814560 2 1 5 7 9 4 8 3 10 6 
20180814561 5 9 6 4 7 3 1 8 2 10 
20180814562 7 5 6 10 8 1 9 2 4 3 
20180814563 1 2 4 10 8 6 9 3 5 7 
20180814564 2 3 4 10 9 7 8 6 1 5 
20180814565 2 3 4 1 9 5 7 10 6 8 
20180814566 7 2 8 6 5 10 3 9 1 4 
20180814567 3 1 9 7 5 6 4 10 2 8 
20180814568 4 5 7 6 9 8 1 3 2 10 
20180814569 6 1 4 7 10 3 8 5 9 2 
20180814570 5 2 8 3 9 10 1 6 7 4 
20180814571 4 8 1 5 2 6 3 10 7 9 
20180814572 8 3 4 5 1 6 10 7 2 9 
20180814573 7 2 4 6 5 9 3 8 1 10 
20180814574 2 6 8 5 7 4 1 10 9 3 
20180814575 2 10 8 1 7 9 5 4 6 3 
20180814576 9 8 6 1 2 7 3 4 5 10 
20180814577 8 3 10 5 2 4 7 9 1 6 
20180814578 4 10 7 8 1 9 6 2 5 3 
20180814579 3 7 2 9 1 8 5 4 10 6 
20180814580 8 10 7 1 6 4 2 5 9 3 
20180814581 8 9 2 5 1 7 6 4 3 10 
20180814582 9 1 3 7 5 4 2 6 8 10 
20180814583 8 2 4 10 5 7 9 6 3 1 
20180814584 7 10 3 9 6 2 1 8 4 5 
20180814585 1 3 2 9 7 4 10 5 8 6 
20180814586 1 3 4 7 8 2 6 5 9 10 
20180814587 10 3 2 4 8 9 5 7 1 6 
20180814588 4 7 5 2 6 3 10 8 1 9 
20180814589 9 1 5 2 7 3 6 8 4 10 
20180814590 9 5 10 4 3 6 8 7 2 1 
20180814591 3 10 8 5 1 9 7 4 6 2 
20180814592 3 6 1 2 5 7 8 10 4 9 
20180814593 10 7 8 2 1 4 9 6 5 3 
20180814594 10 8 6 3 7 5 2 9 4 1 
20180814595 1 10 6 4 2 9 8 5 7 3 
20180814596 7 9 4 8 5 6 3 2 10 1 
20180814597 9 6 2 1 8 4 7 5 3 10 
20180814598 3 8 9 6 5 4 1 10 2 7 
20180814599 6 2 3 8 5 4 10 9 7 1 
20180814600 6 5 10 3 1 8 9 4 2 7 
20180814601 9 1 8 7 2 3 4 6 5 10 
20180814602 8 4 1 2 5 6 7 10 3 9 
20180814603 6 7 9 4 3 2 8 1 10 5 
20180814604 8 9 4 10 5 1 6 2 7 3 
20180814605 4 10 3 7 5 9 2 1 8 6 
20180814606 7 3 10 4 1 2 6 8 9 5 
20180814607 8 2 3 1 4 10 7 9 5 6 
20180814608 4 7 3 9 6 1 2 5 10 8 
20180814609 2 1 6 8 10 9 7 4 5 3 
20180814610 8 1 6 10 5 2 4 7 3 9 
20180814611 3 5 2 8 6 7 1 9 10 4 
20180814612 1 2 3 10 8 5 7 6 4 9 
20180814613 3 2 5 9 4 10 7 1 8 6 
20180814614 8 7 2 4 9 5 1 10 3 6 
20180814615 10 9 7 8 6 1 5 4 3 2 
20180814616 1 4 10 2 6 3 8 9 5 7 
20180814617 3 2 10 6 4 5 7 1 9 8 
20180814618 4 3 5 6 1 9 10 7 2 8 
20180814619 8 3 9 2 1 10 7 6 5 4 
20180814620 1 3 5 10 6 8 9 7 2 4 
20180814621 7 3 6 5 4 1 9 8 2 10 
20180814622 1 7 3 6 5 10 2 9 4 8 
20180814623 6 10 9 5 7 3 1 4 2 8 
20180814624 9 8 1 2 10 3 5 6 7 4 
20180814625 2 3 1 4 5 6 7 8 9 10 
20180814626 2 8 5 1 6 7 10 3 9 4 
20180814627 10 5 4 2 1 8 9 6 7 3 
20180814628 5 8 9 1 2 3 7 6 10 4 
20180814629 1 5 3 4 8 6 7 10 2 9 
20180814630 8 2 9 6 3 5 10 4 1 7 
20180814631 8 7 1 3 5 2 6 10 9 4 
20180814632 4 9 6 3 1 5 7 10 8 2 
20180814633 6 5 1 2 9 8 7 3 10 4 
20180814634 9 10 3 4 7 1 5 8 6 2 
20180814635 10 5 6 1 7 8 3 4 2 9 
20180814636 2 1 6 7 8 9 4 5 3 10 
20180814637 1 8 7 5 9 3 10 4 6 2 
20180814638 5 4 7 1 6 9 8 2 10 3 
20180814639 3 10 2 8 1 7 6 9 4 5 
20180814640 8 9 1 6 5 4 7 3 2 10 
20180814641 8 2 4 7 9 3 6 10 5 1 
20180814642 2 4 3 9 10 8 7 1 6 5 
20180814643 6 8 5 7 4 9 2 3 10 1 
20180814644 9 6 8 5 10 2 7 3 1 4 
20180814645 1 5 7 10 2 9 8 4 6 3 
20180814646 5 6 7 9 4 8 1 10 3 2 
20180814647 6 7 4 3 5 9 1 8 10 2 
20180814648 6 8 9 3 7 4 1 5 2 10 
20180814649 8 6 2 3 9 5 1 7 4 10 
20180814650 2 7 4 8 6 1 5 9 10 3 
20180814651 8 9 5 2 3 4 10 1 6 7 
20180814652 5 3 4 1 8 10 2 7 9 6 
20180814653 9 4 8 7 5 3 10 2 6 1 
20180814654 2 5 7 6 3 8 9 10 1 4 
20180814655 4 2 6 3 7 10 1 8 5 9 
20180814656 10 6 3 1 2 8 4 5 9 7 
20180814657 10 1 2 7 9 5 8 3 6 4 
20180814658 7 5 9 10 6 3 1 2 8 4 
20180814659 3 2 8 9 4 1 5 10 6 7 
20180814660 5 4 6 9 3 8 2 1 10 7 
20180814661 7 4 9 5 2 8 3 10 6 1 
20180814662 5 10 1 4 7 2 8 9 3 6 
20180814663 5 3 9 10 1 2 8 7 4 6 
20180814664 6 9 3 7 10 1 4 8 2 5 
20180814665 5 4 9 10 6 7 1 2 3 8 
20180814666 4 5 8 1 3 9 2 10 7 6 
20180814667 5 1 3 7 6 4 9 8 10 2 
20180814668 3 2 9 5 8 4 7 6 10 1 
20180814669 9 6 10 3 1 5 4 7 2 8 
20180814670 9 8 5 2 4 10 3 1 7 6 
20180814671 4 1 10 6 8 2 3 7 9 5 
20180814672 8 10 5 7 6 3 9 4 1 2 
20180814673 4 7 9 2 6 5 10 1 8 3 
20180814674 9 10 8 1 4 2 5 3 7 6 
20180814675 3 6 4 8 9 5 7 2 10 1 
20180814676 6 4 10 1 5 3 2 7 9 8 
20180814677 9 3 6 5 8 2 10 7 1 4 
20180814678 4 9 10 2 8 1 6 7 3 5 
20180814679 4 1 7 2 6 5 3 8 9 10 
20180814680 1 10 3 4 8 6 7 9 5 2 
20180814681 10 7 9 5 6 3 2 1 8 4 
20180814682 10 8 2 7 3 9 1 6 5 4 
20180814683 5 8 6 1 4 10 3 7 9 2 
20180814684 5 2 3 9 6 4 7 10 8 1 
20180814685 1 4 10 6 9 7 3 5 8 2 
20180814686 8 10 2 7 3 9 5 6 4 1 
20180814687 10 9 5 8 7 1 6 3 4 2 
20180814688 5 2 6 9 1 3 8 10 4 7 
20180814689 9 3 5 8 10 7 2 6 4 1 
20180814690 1 2 5 8 9 6 3 7 10 4 
20180814691 10 9 1 7 8 5 6 2 4 3 
20180814692 2 10 5 7 3 4 6 8 9 1 
20180814693 1 3 5 2 10 6 9 8 7 4 
20180814694 3 4 10 7 8 9 2 6 5 1 
20180814695 5 9 10 6 2 4 8 7 1 3 
20180814696 8 5 7 4 9 6 2 10 1 3 
20180814697 6 1 9 3 2 5 4 8 7 10 
20180814698 5 7 1 8 6 9 4 2 10 3 
20180814699 5 2 4 6 9 3 7 10 1 8 
20180814700 4 3 10 7 9 6 8 2 5 1 
20180814701 6 2 4 3 7 10 8 9 1 5 
20180814702 4 10 9 6 1 7 3 8 5 2 
20180814703 2 5 4 6 10 3 8 9 1 7 
20180814704 4 7 1 5 9 10 2 8 3 6 
20180814705 4 6 3 9 5 8 10 2 1 7 
20180814706 10 4 5 7 6 2 1 8 9 3 
20180814707 4 5 7 9 8 3 10 1 2 6 
20180814708 1 10 3 5 4 2 6 8 7 9 
20180814709 4 5 10 1 2 7 8 9 6 3 
20180814710 6 5 1 7 2 8 10 4 9 3 
20180814711 9 10 7 8 4 5 2 3 6 1 
20180814712 8 3 9 10 6 2 4 1 7 5 
20180814713 9 3 7 1 8 2 4 5 6 10 
20180814714 6 9 2 10 1 3 8 4 5 7 
20180814715 6 5 3 8 2 10 4 7 1 9 
20180814716 8 9 4 2 5 3 10 1 7 6 
20180814717 4 10 2 8 5 1 3 6 9 7 
20180814718 7 9 3 1 8 6 10 2 5 4 
20180814719 7 2 10 5 6 3 9 1 8 4 
20180814720 8 5 1 2 4 3 7 9 6 10 
20180814721 9 5 10 3 8 7 6 1 4 2 
20180814722 5 1 3 8 4 7 10 2 6 9 
20180814723 5 7 1 8 10 9 3 6 2 4 
20180814724 7 10 5 1 3 2 9 6 4 8 
20180814725 2 4 5 9 1 8 3 7 10 6 
20180814726 5 9 2 1 10 3 6 8 4 7 
20180814727 8 3 7 9 6 2 5 4 1 10 
20180814728 2 6 10 9 5 1 3 4 7 8 
20180814729 5 1 9 2 4 8 10 3 6 7 
20180814730 7 6 4 5 2 8 3 1 10 9 
20180814731 4 6 8 9 2 5 3 7 10 1 
20180814732 8 1 4 6 7 2 3 10 9 5 
20180814733 4 5 3 10 9 1 8 6 2 7 
20180814734 8 5 10 6 4 2 7 3 1 9 
20180814735 7 2 4 8 3 6 1 10 9 5 
20180814736 2 6 3 1 5 7 10 8 9 4 
20180814737 7 2 8 10 4 5 6 1 9 3 
20180814738 5 2 9 1 3 4 10 8 6 7 
20180814739 1 10 4 7 2 9 6 3 8 5 
20180814740 2 1 4 6 5 7 3 9 10 8 
20180814741 7 2 6 9 3 10 8 1 5 4 
20180814742 7 10 8 3 9 4 5 6 2 1 
20180814743 10 1 3 4 7 2 6 9 5 8 
20180814744 3 4 1 9 8 7 2 5 6 10 
20180814745 5 4 1 3 8 9 6 7 10 2 
20180814746 1 4 2 10 6 8 3 7 5 9 
20180814747 4 8 3 5 1 2 7 10 9 6 
20180814748 10 5 8 9 3 6 7 4 2 1 
20180814749 9 7 10 8 5 1 6 3 2 4 
20180814750 10 4 9 6 7 3 5 2 1 8 
20180814751 3 5 1 10 9 6 7 2 8 4 
20180814752 8 5 10 6 4 1 2 9 7 3 
20180814753 10 6 7 8 2 5 4 9 1 3 
20180814754 10 6 8 5 7 2 4 3 1 9 
20180814755 2 4 5 8 10 6 3 9 1 7 
20180814756 10 9 8 4 6 1 2 5 7 3 
20180814757 3 9 4 8 2 7 5 6 10 1 
20180814758 1 10 5 2 4 9 3 6 7 8 
20180814759 7 2 4 6 5 3 10 8 1 9 
20180814760 5 8 10 7 9 3 2 1 6 4 
20180814761 3 10 5 9 4 7 8 1 2 6 
20180814762 8 4 9 6 7 1 10 2 3 5 
20180814763 3 5 7 6 4 10 9 8 2 1 
20180814764 10 6 7 5 2 1 4 3 9 8 
20180814765 1 10 9 5 4 6 2 8 7 3 
20180814766 3 2 4 6 10 9 8 5 7 1 
20180814767 7 2 5 6 3 8 10 1 9 4 
20180814768 3 1 4 6 8 2 10 9 7 5 
20180814769 2 6 7 5 3 9 10 4 1 8 
20180814770 2 6 1 10 3 8 4 7 5 9 
20180814771 8 4 7 3 6 9 5 2 10 1 
20180814772 6 7 10 2 3 8 5 9 1 4 
20180814773 10 7 3 2 9 5 4 1 8 6 
20180814774 4 5 8 10 3 7 1 2 6 9 
20180814775 2 6 9 8 5 7 10 1 4 3 
20180814776 5 4 7 3 2 1 9 6 10 8 
20180814777 9 4 5 7 10 3 1 8 2 6 
20180814778 10 2 9 7 6 4 5 1 8 3 
20180814779 2 10 4 3 1 7 8 6 9 5 
20180814780 9 5 4 2 3 8 6 10 7 1 
20180814781 7 2 6 1 3 9 5 4 10 8 
20180814782 10 4 5 3 8 1 7 2 6 9 
20180814783 6 5 1 8 10 3 9 4 7 2 
20180814784 7 10 9 2 3 8 4 6 5 1 
20180814785 2 5 9 6 10 3 1 4 8 7 
20180814786 2 1 4 7 9 10 6 5 3 8 
20180814787 10 1 6 3 7 9 5 8 4 2 
20180814788 1 2 9 10 3 7 4 5 6 8 
20180814789 4 5 2 3 6 8 7 10 1 9 
20180814790 1 7 4 9 10 3 8 5 2 6 
20180814791 1 10 6 8 2 3 7 9 4 5 
20180814792 4 7 8 10 9 6 5 1 2 3 
20180814793 5 7 6 4 9 2 8 1 3 10 
20180814794 2 10 1 6 4 8 9 3 5 7 
20180814795 8 1 10 5 2 6 7 3 9 4 
20180814796 5 6 2 10 7 4 8 9 1 3 
20180814797 2 8 4 10 1 7 9 6 5 3 
20180814798 6 5 7 8 9 10 3 4 1 2 
20180814799 5 1 6 9 10 7 8 2 4 3 
20180814800 3 10 7 5 4 1 2 6 9 8 
20180814801 1 10 2 4 9 7 5 3 6 8 
20180814802 2 1 10 9 7 5 3 6 8 4 
20180814803 4 10 3 2 6 1 8 7 9 5 
20180814804 7 4 8 1 5 3 10 2 6 9 
20180814805 4 5 8 3 2 9 1 7 10 6 
20180814806 2 9 7 10 3 4 1 6 8 5 
20180814807 3 6 7 5 2 4 10 1 9 8 
20180814808 10 6 3 8 7 1 9 2 5 4 
20180814809 7 8 10 4 1 2 6 5 9 3 
20180814810 2 7 4 3 1 9 5 6 8 10 
20180814811 7 5 8 1 9 10 4 3 6 2 
20180814812 3 10 5 7 2 1 9 4 8 6 
20180814813 8 4 7 2 10 9 5 1 6 3 
20180814814 10 6 4 5 1 3 9 7 8 2 
20180814815 2 6 8 5 9 7 1 4 3 10 
20180814816 4 2 6 9 10 3 7 1 8 5 
20180814817 7 1 6 8 5 10 2 9 4 3 
20180814818 9 4 5 6 10 7 8 3 1 2 
20180814819 1 2 10 5 4 3 6 8 7 9 
20180814820 1 3 10 5 2 9 6 7 8 4 
20180814821 1 6 9 10 8 7 4 2 3 5 
20180814822 1 5 10 8 7 6 4 2 9 3 
20180814823 4 8 5 1 10 7 2 9 6 3 
20180814824 5 8 2 6 7 1 4 3 9 10 
20180814825 6 1 9 5 2 8 4 3 10 7 
20180814826 9 5 4 1 10 2 8 7 6 3 
20180814827 7 1 10 9 3 4 5 6 2 8 
20180814828 6 7 10 3 9 8 5 1 2 4 
20180814829 2 7 6 3 4 9 1 10 8 5 
20180814830 2 1 7 6 10 8 4 9 5 3 
20180814831 1 3 7 6 5 8 9 2 4 10 
20180814832 10 5 7 6 8 3 9 2 1 4 
20180814833 2 7 5 6 8 4 10 3 9 1 
20180814834 4 8 9 10 5 7 1 6 3 2 
20180814835 6 9 4 7 1 2 5 3 10 8 
20180814836 5 10 6 7 2 3 8 1 4 9 
20180814837 10 6 3 5 2 4 7 9 1 8 
20180814838 5 9 8 1 10 3 4 6 7 2 
20180814839 6 9 8 3 10 2 5 1 4 7 
20180814840 9 1 6 2 4 3 5 7 10 8 
20180814841 5 8 9 10 4 2 7 3 1 6 
20180814842 2 5 7 1 4 9 6 8 10 3 
20180814843 6 8 3 5 9 4 2 10 1 7 
20180814844 5 9 2 8 1 4 10 7 3 6 
20180814845 10 3 5 6 8 2 1 4 9 7 
20180814846 9 4 2 10 5 7 8 3 1 6 
20180814847 4 1 3 6 5 7 9 2 10 8 
20180814848 8 2 3 9 5 4 6 10 7 1 
20180814849 3 8 7 6 2 5 4 9 1 10 
20180814850 7 2 9 8 5 3 6 1 4 10 
20180814851 4 2 8 10 9 3 6 5 7 1 
20180814852 1 7 4 3 2 5 9 6 8 10 
20180814853 9 6 1 3 7 10 2 8 5 4 
20180814854 2 6 8 7 3 1 4 9 10 5 
20180814855 9 10 2 4 8 3 5 7 6 1 
20180814856 1 4 8 2 6 5 7 10 3 9 
20180814857 1 8 3 9 6 2 4 10 5 7 
20180814858 9 7 5 8 2 3 10 4 1 6 
20180814859 8 6 3 9 1 4 2 5 10 7 
20180814860 8 7 9 2 6 5 3 1 10 4 
20180814861 6 9 3 10 7 1 8 2 4 5 
20180814862 8 3 10 5 9 2 7 1 4 6 
20180814863 4 9 8 7 6 5 1 10 3 2 
20180814864 7 2 5 9 4 6 10 3 8 1 
20180814865 3 7 9 6 2 5 10 1 8 4 
20180814866 5 9 10 1 3 7 4 6 2 8 
20180814867 4 1 6 10 9 7 5 2 8 3 
20180814868 5 1 8 2 6 7 3 9 4 10 
20180814869 5 9 1 4 8 10 7 6 3 2 
20180814870 8 9 4 3 2 7 5 6 1 10 
20180814871 1 6 10 5 7 2 9 8 3 4 
20180814872 6 7 3 4 9 10 2 5 8 1 
20180814873 3 2 6 10 9 8 1 4 5 7 
20180814874 9 1 2 3 8 4 7 5 6 10 
20180814875 6 7 3 8 5 2 10 4 9 1 
20180814876 3 2 1 6 4 8 9 7 5 10 
20180814877 10 7 6 5 4 3 1 2 8 9 
20180814878 4 3 5 9 10 6 8 7 2 1 
20180814879 3 4 6 7 5 10 8 2 9 1 
20180814880 9 3 4 1 5 7 2 6 10 8 
20180814881 9 10 5 8 4 2 6 7 1 3 
20180814882 5 1 10 3 2 6 7 9 4 8 
20180814883 7 8 6 2 1 5 3 4 9 10 
20180814884 5 9 10 8 1 6 4 2 3 7 
20180814885 5 3 1 7 10 2 4 6 9 8 
20180814886 4 1 9 10 2 6 3 5 7 8 
20180814887 9 5 4 10 2 6 8 7 3 1 
20180814888 10 5 7 3 4 8 1 6 2 9 
20180814889 9 10 1 5 2 4 7 6 8 3 
20180814890 1 2 6 5 7 8 4 3 9 10 
20180814891 8 1 10 9 5 7 2 3 4 6 
20180814892 9 1 4 3 8 2 7 6 10 5 
20180814893 4 3 6 5 9 1 10 8 2 7 
20180814894 1 6 2 9 4 3 10 5 7 8 
20180814895 3 5 7 9 10 2 1 8 6 4 
20180814896 1 5 2 6 4 8 9 3 10 7 
20180814897 9 5 10 7 8 6 2 3 4 1 
20180814898 3 8 9 7 1 4 5 6 10 2 
20180814899 5 3 7 8 9 6 2 10 1 4 
20180814900 2 7 8 1 4 10 3 6 5 9 
20180814901 4 10 8 3 1 6 7 5 9 2 
20180814902 10 7 3 1 8 9 4 2 6 5 
20180814903 10 5 7 8 4 6 3 9 2 1 
20180814904 5 2 1 10 4 9 8 7 3 6 
20180814905 6 5 8 2 9 1 10 7 4 3 
20180814906 2 6 10 5 8 9 4 3 7 1 
20180814907 1 5 4 8 2 6 7 3 10 9 
20180814908 1 8 10 6 5 9 2 4 7 3 
20180814909 10 3 4 8 7 1 2 9 6 5 
20180814910 7 2 5 10 3 9 4 6 8 1 
20180814911 4 2 10 5 7 6 3 8 9 1 
20180814912 2 1 8 6 4 10 9 3 7 5 
20180814913 2 7 5 4 6 8 10 9 3 1 
20180814914 6 10 9 7 3 4 5 1 2 8 
20180814915 5 1 10 7 3 9 4 6 8 2 
20180814916 1 9 6 3 2 7 8 4 5 10 
20180814917 3 10 7 2 4 6 9 8 1 5 
20180814918 7 9 2 8 3 10 1 5 6 4 
20180814919 10 5 6 1 3 2 8 4 9 7 
20180814920 3 4 9 5 8 10 2 1 6 7 
20180814921 2 10 4 7 6 8 5 3 9 1 
20180814922 1 10 7 3 4 2 9 6 8 5 
20180814923 10 9 2 4 1 5 6 7 8 3 
20180814924 8 5 3 6 4 1 10 7 2 9 
20180814925 6 5 3 10 7 4 9 8 1 2 
20180814926 6 9 2 7 4 8 3 1 5 10 
20180814927 10 8 7 5 4 6 1 2 3 9 
20180814928 10 3 4 1 6 8 7 2 9 5 
20180814929 1 6 7 10 5 3 2 4 8 9 
20180814930 5 3 2 1 9 8 6 4 10 7 
20180814931 10 2 5 7 4 6 9 3 1 8 
20180814932 4 7 5 3 10 6 9 1 8 2 
20180814933 8 1 4 10 5 9 6 3 7 2 
20180814934 5 8 9 2 6 3 10 7 4 1 
20180814935 5 10 7 3 2 1 9 6 4 8 
20180814936 7 2 9 4 6 5 1 10 8 3 
20180814937 6 5 9 10 2 3 1 8 7 4 
20180814938 9 8 4 1 10 3 6 7 2 5 
20180814939 2 4 5 3 8 6 1 9 10 7 
20180814940 8 5 10 7 6 1 9 4 3 2 
20180814941 6 3 2 7 1 8 4 9 5 10 
20180814942 6 5 9 2 8 7 3 10 4 1 
20180814943 4 2 8 9 10 7 6 1 5 3 
20180814944 3 4 10 9 7 6 2 8 1 5 
20180814945 1 5 6 10 8 7 4 3 9 2 
20180814946 9 4 6 7 10 2 5 1 3 8 
20180814947 9 6 7 1 5 3 8 4 10 2 
20180814948 1 10 5 8 6 9 3 2 4 7 
20180814949 7 8 6 10 3 5 9 1 4 2 
20180814950 8 1 5 3 10 7 6 4 2 9 
20180814951 5 4 9 10 7 1 3 2 8 6 
20180814952 3 1 7 6 5 10 4 2 9 8 
20180814953 3 4 2 9 6 5 1 8 7 10 
20180814954 2 6 1 9 7 5 8 3 4 10 
20180814955 6 9 7 3 2 10 5 4 8 1 
20180814956 10 9 1 3 2 8 7 5 6 4 
20180814957 3 9 5 4 2 10 1 8 6 7 
20180814958 5 6 7 4 10 9 1 8 3 2 
20180814959 6 8 7 10 4 3 1 5 2 9 
20180814960 1 7 10 4 2 8 3 5 6 9 
20180814961 5 6 8 7 1 4 9 10 3 2 
20180814962 3 1 9 2 5 6 8 4 10 7 
20180814963 4 1 5 2 6 10 3 8 7 9 
20180814964 2 10 1 6 8 9 7 4 5 3 
20180814965 6 3 5 4 7 1 10 9 8 2 
20180814966 8 4 6 7 10 1 3 5 2 9 
20180814967 3 5 8 2 10 9 7 4 6 1 
20180814968 8 2 3 1 5 4 6 9 10 7 
20180814969 5 9 1 6 8 10 2 3 7 4 
20180814970 6 8 2 4 5 3 7 9 1 10 
20180814971 10 6 3 8 5 2 9 7 1 4 
20180814972 1 5 2 3 9 4 7 8 10 6 
20180814973 2 9 7 6 4 5 1 3 10 8 
20180814974 5 10 4 8 1 9 7 3 2 6 
20180814975 6 1 8 3 10 4 9 5 2 7 
20180814976 7 1 6 5 4 2 10 3 9 8 
20180814977 3 6 10 5 4 9 1 7 8 2 
20180814978 6 7 5 9 4 1 2 10 3 8 
20180814979 10 5 8 2 7 1 9 3 4 6 
20180814980 10 3 8 1 7 9 6 2 5 4 
20180814981 4 8 2 5 10 1 3 6 9 7 
20180814982 9 7 5 1 8 3 6 2 10 4 
20180814983 2 9 3 8 1 5 10 4 6 7 
20180814984 6 10 9 1 8 3 7 5 4 2 
20180814985 8 2 1 10 9 7 6 4 5 3 
