20180816001 8 2 3 6 7 5 9 10 4 1 
20180816002 7 2 6 5 1 8 9 3 4 10 
20180816003 1 6 2 7 3 5 9 8 4 10 
20180816004 4 1 6 10 2 7 3 5 8 9 
20180816005 9 3 4 2 8 1 7 5 6 10 
20180816006 8 1 2 4 9 3 7 6 5 10 
20180816007 2 3 1 10 8 9 5 7 4 6 
20180816008 8 6 5 4 2 3 10 7 1 9 
20180816009 3 8 1 10 5 7 4 6 2 9 
20180816010 1 10 6 9 7 2 4 8 5 3 
20180816011 5 1 8 9 6 7 10 2 4 3 
20180816012 10 4 2 6 3 9 1 8 5 7 
20180816013 3 8 2 1 10 7 9 6 4 5 
20180816014 3 2 4 8 7 6 1 10 5 9 
20180816015 1 3 6 8 4 2 7 5 10 9 
20180816016 5 10 6 2 9 7 4 3 1 8 
20180816017 2 1 5 3 6 9 7 10 8 4 
20180816018 1 7 10 3 5 2 9 8 6 4 
20180816019 7 2 10 4 5 1 8 3 9 6 
20180816020 8 9 4 6 10 5 7 1 3 2 
20180816021 9 1 4 2 5 3 6 7 8 10 
20180816022 10 4 3 7 5 9 8 1 6 2 
20180816023 6 1 8 9 7 3 10 4 5 2 
20180816024 2 4 1 5 8 10 7 9 6 3 
20180816025 8 9 2 6 3 5 1 4 10 7 
20180816026 10 7 6 2 5 4 3 9 8 1 
20180816027 5 2 4 1 3 10 9 7 8 6 
20180816028 7 2 1 6 9 3 5 4 10 8 
20180816029 7 4 9 3 1 2 8 5 10 6 
20180816030 7 8 6 4 2 3 10 9 5 1 
20180816031 3 4 7 6 2 5 1 10 8 9 
20180816032 3 2 4 9 1 7 5 8 10 6 
20180816033 8 5 1 2 4 3 7 9 6 10 
20180816034 8 9 7 3 5 1 10 2 6 4 
20180816035 1 10 4 6 9 2 3 7 5 8 
20180816036 5 1 6 8 4 9 7 2 3 10 
20180816037 5 6 10 2 7 9 3 1 4 8 
20180816038 10 4 7 8 2 9 5 1 6 3 
20180816039 4 1 8 6 7 3 10 9 5 2 
20180816040 8 4 3 6 1 9 5 10 2 7 
20180816041 5 1 3 10 2 7 8 4 6 9 
20180816042 1 10 8 5 7 9 3 2 6 4 
20180816043 10 2 3 5 7 8 1 9 4 6 
20180816044 6 10 7 2 9 5 4 3 1 8 
20180816045 10 3 2 4 5 9 8 1 6 7 
20180816046 3 4 7 5 10 9 8 2 1 6 
20180816047 10 9 8 1 4 6 7 5 2 3 
20180816048 7 5 1 8 10 3 9 4 2 6 
20180816049 4 10 8 2 9 1 6 7 5 3 
20180816050 2 7 9 10 1 4 5 3 6 8 
20180816051 4 3 10 5 8 1 2 9 7 6 
20180816052 1 6 10 4 9 5 8 3 7 2 
20180816053 10 4 5 1 9 8 2 3 7 6 
20180816054 10 5 4 2 8 7 1 9 3 6 
20180816055 2 10 7 6 4 8 9 5 3 1 
20180816056 7 5 8 4 6 2 1 10 3 9 
20180816057 1 5 9 8 4 7 6 3 2 10 
20180816058 1 6 3 10 7 8 4 5 9 2 
20180816059 3 6 9 5 4 8 10 7 1 2 
20180816060 6 4 8 7 2 9 3 5 1 10 
20180816061 2 1 7 10 6 3 9 5 4 8 
20180816062 10 2 8 9 1 7 5 6 4 3 
20180816063 4 9 3 1 6 5 8 2 10 7 
20180816064 7 4 10 3 2 1 9 6 5 8 
20180816065 3 5 7 2 6 9 8 4 10 1 
20180816066 8 6 5 2 3 10 9 7 1 4 
20180816067 2 5 9 6 3 1 7 8 10 4 
20180816068 2 5 4 7 1 3 6 10 8 9 
20180816069 1 10 9 2 8 6 3 7 5 4 
20180816070 9 5 10 4 8 3 2 7 1 6 
20180816071 3 10 8 4 7 5 6 9 2 1 
20180816072 6 10 9 7 2 5 8 4 3 1 
20180816073 7 5 2 10 8 3 9 1 6 4 
20180816074 4 5 2 9 1 10 7 6 3 8 
20180816075 10 5 7 8 3 2 9 4 6 1 
20180816076 4 10 5 8 7 1 3 9 2 6 
20180816077 7 10 6 2 4 5 3 1 8 9 
20180816078 7 4 8 5 10 1 9 6 3 2 
20180816079 10 7 8 2 4 6 5 9 3 1 
20180816080 7 9 8 3 1 5 2 6 10 4 
20180816081 7 3 8 4 10 5 1 6 2 9 
20180816082 5 2 6 4 8 9 1 10 7 3 
20180816083 3 9 4 7 6 1 8 2 10 5 
20180816084 9 8 6 2 5 4 1 10 3 7 
20180816085 9 8 1 4 6 7 10 3 5 2 
20180816086 3 6 8 10 1 7 2 9 4 5 
20180816087 9 6 3 4 7 10 5 2 8 1 
20180816088 2 1 3 10 6 9 8 4 5 7 
20180816089 10 7 2 5 3 8 6 1 4 9 
20180816090 6 7 3 9 10 5 2 1 8 4 
20180816091 4 7 9 3 6 1 10 8 5 2 
20180816092 10 7 9 5 6 1 4 2 3 8 
20180816093 3 7 4 1 8 10 6 5 9 2 
20180816094 1 10 5 9 7 6 2 3 4 8 
20180816095 9 6 7 5 2 4 1 3 10 8 
20180816096 4 3 2 10 1 6 8 5 9 7 
20180816097 6 3 9 1 4 2 5 8 10 7 
20180816098 6 1 10 4 2 5 7 8 9 3 
20180816099 4 5 10 9 6 7 1 2 8 3 
20180816100 9 5 3 8 1 4 6 10 2 7 
20180816101 8 6 9 1 5 2 10 3 4 7 
20180816102 6 5 3 2 1 4 9 7 10 8 
20180816103 9 2 6 7 5 1 8 10 3 4 
20180816104 9 3 5 10 8 7 1 2 6 4 
20180816105 7 6 10 5 8 1 9 4 3 2 
20180816106 9 1 6 10 5 2 3 7 4 8 
20180816107 10 1 2 5 6 4 7 9 8 3 
20180816108 1 4 7 2 9 10 3 8 6 5 
20180816109 8 7 3 4 9 1 6 5 10 2 
20180816110 6 1 10 5 4 3 2 7 9 8 
20180816111 6 8 5 10 2 9 4 3 7 1 
20180816112 3 10 8 6 1 7 5 9 4 2 
20180816113 9 1 4 5 2 8 7 6 10 3 
20180816114 3 10 1 6 5 4 9 8 7 2 
20180816115 4 3 2 10 8 9 5 1 7 6 
20180816116 10 1 3 9 8 6 5 4 2 7 
20180816117 5 9 10 1 2 6 3 4 7 8 
20180816118 5 4 8 1 9 7 10 3 2 6 
20180816119 9 5 6 10 2 1 3 7 8 4 
20180816120 10 8 6 1 9 2 5 7 4 3 
20180816121 3 5 6 9 10 2 1 8 7 4 
20180816122 9 1 8 6 5 2 7 4 10 3 
20180816123 10 8 9 2 6 4 7 3 1 5 
20180816124 3 9 5 6 8 4 7 10 2 1 
20180816125 4 8 7 6 3 9 10 1 2 5 
20180816126 5 9 8 3 6 4 2 1 10 7 
20180816127 7 1 4 3 6 9 10 8 5 2 
20180816128 3 2 1 5 7 9 6 4 8 10 
20180816129 6 1 10 3 2 8 9 4 7 5 
20180816130 7 2 4 8 6 3 9 10 1 5 
20180816131 5 10 8 7 2 3 6 1 9 4 
20180816132 1 3 6 10 4 2 5 7 8 9 
20180816133 10 7 3 8 2 6 9 4 1 5 
20180816134 3 2 9 5 7 10 6 1 8 4 
20180816135 5 9 1 2 10 3 4 7 8 6 
20180816136 10 3 7 9 4 8 1 5 2 6 
20180816137 6 1 8 7 9 2 10 3 4 5 
20180816138 2 7 4 1 8 5 3 6 9 10 
20180816139 7 1 5 9 3 8 2 10 6 4 
20180816140 10 9 6 2 7 5 1 3 4 8 
20180816141 8 1 4 9 2 7 3 5 6 10 
20180816142 10 9 4 1 3 7 6 2 5 8 
20180816143 4 8 9 5 10 7 1 6 2 3 
20180816144 6 3 7 10 4 5 8 1 9 2 
20180816145 1 3 7 6 8 5 2 4 9 10 
20180816146 6 5 10 7 1 8 9 2 3 4 
20180816147 3 1 4 7 2 8 10 6 5 9 
20180816148 6 9 2 8 5 1 3 10 7 4 
20180816149 3 10 5 6 7 2 9 1 8 4 
20180816150 4 5 2 9 3 6 1 8 10 7 
20180816151 8 2 7 6 3 4 10 9 5 1 
20180816152 7 8 10 5 6 3 1 9 4 2 
20180816153 7 3 6 4 10 2 9 5 1 8 
20180816154 5 1 7 8 10 2 9 3 4 6 
20180816155 9 1 4 6 7 2 10 8 3 5 
20180816156 2 5 4 9 6 8 1 7 10 3 
20180816157 3 8 7 1 6 4 9 10 5 2 
20180816158 4 7 6 5 10 8 3 2 9 1 
20180816159 6 1 5 9 7 2 4 8 10 3 
20180816160 2 8 1 9 7 3 10 5 4 6 
20180816161 7 6 5 1 9 4 8 2 3 10 
20180816162 6 2 9 3 8 4 1 10 7 5 
20180816163 3 1 7 10 5 9 4 6 2 8 
20180816164 9 5 8 2 1 7 4 6 10 3 
20180816165 2 9 4 6 10 8 7 1 3 5 
20180816166 5 8 9 3 10 4 1 6 2 7 
20180816167 7 8 3 5 10 9 1 2 6 4 
20180816168 1 2 3 7 5 4 10 9 6 8 
20180816169 3 8 6 9 2 7 5 10 4 1 
20180816170 1 3 6 4 5 10 9 8 7 2 
20180816171 9 1 8 10 5 4 7 6 3 2 
20180816172 6 10 3 1 8 2 5 9 7 4 
20180816173 6 8 4 2 1 5 7 9 3 10 
20180816174 3 9 8 7 10 5 6 2 4 1 
20180816175 5 10 7 2 6 9 4 8 3 1 
20180816176 2 1 7 8 9 4 6 3 5 10 
20180816177 6 4 7 1 3 5 10 2 9 8 
20180816178 1 8 6 4 5 9 7 3 10 2 
20180816179 2 5 9 6 4 7 10 1 8 3 
20180816180 2 1 10 8 5 6 9 4 3 7 
20180816181 8 5 4 2 7 1 10 6 9 3 
20180816182 7 8 10 5 9 6 3 2 4 1 
20180816183 5 9 7 8 4 6 3 1 2 10 
20180816184 3 8 1 10 4 7 9 2 5 6 
20180816185 5 7 1 6 2 10 3 8 9 4 
20180816186 5 1 8 6 2 7 3 9 10 4 
20180816187 7 9 10 8 4 3 6 2 5 1 
20180816188 8 4 6 7 9 1 10 2 3 5 
20180816189 1 4 10 8 2 7 9 6 5 3 
20180816190 7 10 8 3 2 4 1 6 9 5 
20180816191 8 5 6 3 7 2 1 9 10 4 
20180816192 3 6 4 2 5 8 7 9 1 10 
20180816193 5 9 3 2 7 4 6 1 10 8 
20180816194 9 3 10 5 1 2 7 4 8 6 
20180816195 7 10 5 6 1 4 2 3 9 8 
20180816196 1 5 9 6 7 10 8 4 3 2 
20180816197 10 1 8 7 4 2 5 3 9 6 
20180816198 9 4 2 7 3 6 10 5 8 1 
20180816199 8 10 5 3 9 4 6 1 2 7 
20180816200 9 2 8 4 3 10 5 1 6 7 
20180816201 2 7 8 6 5 1 3 4 10 9 
20180816202 7 3 8 6 5 2 4 10 9 1 
20180816203 6 9 10 5 8 7 1 3 4 2 
20180816204 10 3 6 5 2 4 1 7 8 9 
20180816205 6 3 1 4 9 8 7 5 10 2 
20180816206 6 9 5 3 1 4 7 10 8 2 
20180816207 2 1 6 3 4 5 10 9 8 7 
20180816208 3 9 4 8 6 10 7 2 5 1 
20180816209 8 1 6 3 10 2 4 9 5 7 
20180816210 1 6 3 9 5 10 8 7 2 4 
20180816211 10 5 7 8 9 2 4 3 6 1 
20180816212 7 1 9 5 3 6 10 4 2 8 
20180816213 9 3 7 2 5 8 1 4 6 10 
20180816214 4 3 7 2 9 8 1 5 6 10 
20180816215 7 10 5 9 8 1 3 4 2 6 
20180816216 10 5 6 3 1 4 7 8 2 9 
20180816217 7 5 10 2 1 6 8 4 3 9 
20180816218 1 8 3 5 6 10 9 7 2 4 
20180816219 6 1 10 7 4 2 5 8 3 9 
20180816220 4 2 9 6 3 7 5 1 8 10 
20180816221 5 4 1 6 9 10 2 3 7 8 
20180816222 10 6 9 2 4 8 7 1 5 3 
20180816223 2 7 1 3 10 4 6 5 8 9 
20180816224 4 1 7 10 9 6 3 8 2 5 
20180816225 6 5 8 4 9 7 1 10 3 2 
20180816226 1 3 10 9 4 7 2 6 8 5 
20180816227 10 9 7 8 2 1 6 4 5 3 
20180816228 8 6 9 1 10 2 7 5 4 3 
20180816229 9 1 8 6 3 10 5 7 2 4 
20180816230 5 3 10 9 8 4 6 2 7 1 
20180816231 8 4 2 7 1 3 5 9 10 6 
20180816232 3 7 4 1 5 9 2 8 6 10 
20180816233 3 7 6 10 9 8 5 2 4 1 
20180816234 9 10 8 2 1 7 3 4 6 5 
20180816235 2 7 8 10 6 5 3 9 4 1 
20180816236 6 5 3 10 7 8 1 9 4 2 
20180816237 10 2 6 8 1 9 4 5 7 3 
20180816238 10 2 4 9 8 3 1 7 5 6 
20180816239 1 6 3 10 4 9 8 2 5 7 
20180816240 1 5 10 7 3 9 2 4 6 8 
20180816241 8 2 1 5 9 7 10 4 3 6 
20180816242 1 3 4 9 7 6 10 2 5 8 
20180816243 3 1 10 6 4 9 5 7 2 8 
20180816244 5 6 4 8 7 10 3 2 9 1 
20180816245 3 8 5 4 10 6 1 2 9 7 
20180816246 5 2 1 7 3 4 10 8 9 6 
20180816247 6 2 4 5 3 8 1 10 9 7 
20180816248 2 9 1 10 4 7 8 6 5 3 
20180816249 1 3 8 4 10 7 6 9 5 2 
20180816250 8 7 2 1 5 3 4 10 6 9 
20180816251 5 3 9 4 2 7 6 1 8 10 
20180816252 5 6 8 10 2 7 3 1 9 4 
20180816253 1 9 2 5 10 8 3 7 6 4 
20180816254 4 2 1 3 7 8 9 10 5 6 
20180816255 2 7 8 6 5 4 10 3 1 9 
20180816256 7 4 9 8 5 1 6 2 3 10 
20180816257 7 1 3 5 2 10 9 6 4 8 
20180816258 9 2 4 10 7 5 1 6 8 3 
20180816259 9 6 4 7 2 5 8 3 1 10 
20180816260 7 8 1 9 2 5 10 6 3 4 
20180816261 2 3 8 9 4 5 7 10 1 6 
20180816262 4 2 10 6 8 1 9 5 7 3 
20180816263 10 5 4 9 7 8 2 6 3 1 
20180816264 10 8 2 6 7 5 4 3 9 1 
20180816265 7 6 5 9 1 4 8 3 10 2 
20180816266 4 9 5 7 3 6 10 2 1 8 
20180816267 7 5 4 8 9 10 2 1 6 3 
20180816268 7 9 5 8 10 6 2 4 3 1 
20180816269 5 6 8 3 4 7 9 10 2 1 
20180816270 10 5 4 1 7 9 8 3 6 2 
20180816271 4 1 10 9 2 8 7 5 6 3 
20180816272 3 8 1 9 4 2 5 6 10 7 
20180816273 9 4 7 10 5 2 3 6 1 8 
20180816274 9 2 10 8 1 6 7 4 5 3 
20180816275 3 4 7 6 9 8 5 1 10 2 
20180816276 8 7 2 1 9 6 3 5 10 4 
20180816277 8 3 7 2 5 10 6 1 9 4 
20180816278 3 7 8 6 9 1 5 2 4 10 
20180816279 7 3 8 6 2 1 10 5 4 9 
20180816280 3 1 5 6 10 8 7 4 2 9 
20180816281 9 8 7 5 10 3 4 6 2 1 
20180816282 6 5 10 3 7 9 2 1 4 8 
20180816283 7 9 2 3 4 10 5 6 1 8 
20180816284 9 7 5 10 6 8 1 2 4 3 
20180816285 6 2 8 10 1 9 5 4 7 3 
20180816286 7 9 10 2 1 6 8 5 4 3 
20180816287 4 5 6 7 3 9 8 2 1 10 
20180816288 1 2 6 4 8 3 7 5 9 10 
20180816289 6 4 10 5 1 3 2 8 9 7 
20180816290 2 8 7 3 4 10 5 1 9 6 
20180816291 2 9 8 3 10 4 1 6 7 5 
20180816292 1 10 4 6 7 8 9 5 3 2 
20180816293 9 3 5 6 2 7 10 8 4 1 
20180816294 10 3 1 5 2 9 8 4 7 6 
20180816295 8 3 10 5 2 7 9 4 6 1 
20180816296 2 3 8 9 4 1 7 5 10 6 
20180816297 8 4 5 7 10 6 9 2 1 3 
20180816298 7 2 6 3 8 5 10 1 9 4 
20180816299 6 7 8 4 9 5 1 2 10 3 
20180816300 5 7 9 10 1 6 2 3 4 8 
20180816301 7 4 1 3 9 5 8 2 10 6 
20180816302 4 10 5 9 8 6 3 7 2 1 
20180816303 10 7 9 8 3 6 4 1 2 5 
20180816304 7 5 8 3 10 1 4 6 2 9 
20180816305 5 6 1 10 3 4 8 9 7 2 
20180816306 4 2 9 1 6 3 10 8 7 5 
20180816307 9 8 3 5 2 1 7 4 6 10 
20180816308 8 9 10 7 6 1 2 4 5 3 
20180816309 9 7 4 5 3 2 1 10 8 6 
20180816310 5 3 4 1 7 6 10 8 2 9 
20180816311 1 8 4 9 6 2 3 7 5 10 
20180816312 4 10 3 2 7 6 1 8 5 9 
20180816313 2 3 8 10 9 7 5 6 4 1 
20180816314 3 7 9 2 5 1 10 6 4 8 
20180816315 2 3 8 4 1 9 10 6 5 7 
20180816316 4 5 2 1 9 7 10 8 3 6 
20180816317 3 10 9 1 6 8 7 2 4 5 
20180816318 10 2 1 9 6 4 7 8 5 3 
20180816319 3 7 1 5 9 10 8 6 4 2 
20180816320 1 8 3 2 5 4 10 6 7 9 
20180816321 2 1 7 6 9 8 10 4 3 5 
20180816322 10 5 8 9 3 1 7 2 6 4 
20180816323 10 1 6 9 4 3 8 2 7 5 
20180816324 1 10 9 4 6 7 3 5 8 2 
20180816325 6 5 3 8 9 1 7 10 2 4 
20180816326 9 1 8 4 2 6 3 10 7 5 
20180816327 9 3 8 6 5 7 1 2 4 10 
20180816328 8 1 10 5 7 2 6 4 9 3 
20180816329 5 8 7 3 9 2 6 1 4 10 
20180816330 7 2 4 3 9 5 6 10 8 1 
20180816331 7 8 9 4 2 5 3 6 10 1 
20180816332 10 4 5 9 6 7 1 3 8 2 
20180816333 9 8 2 6 7 5 10 1 4 3 
20180816334 8 10 4 7 9 3 1 2 6 5 
20180816335 5 9 4 8 3 6 10 2 7 1 
20180816336 7 3 1 5 2 4 8 10 6 9 
20180816337 9 4 2 3 8 7 6 5 10 1 
20180816338 8 4 9 2 10 5 7 3 6 1 
20180816339 6 4 3 10 7 9 5 8 1 2 
20180816340 3 4 9 6 5 1 10 2 8 7 
20180816341 9 3 1 8 2 6 4 5 10 7 
20180816342 2 3 6 10 9 4 5 7 1 8 
20180816343 6 5 8 1 2 7 10 9 4 3 
20180816344 10 7 3 4 9 1 5 6 2 8 
20180816345 1 7 9 2 5 8 4 10 6 3 
20180816346 6 9 10 7 5 1 8 3 2 4 
20180816347 7 6 2 1 9 10 5 3 4 8 
20180816348 9 5 3 7 4 10 6 2 1 8 
20180816349 1 10 3 8 7 5 4 6 9 2 
20180816350 3 5 9 8 10 1 2 7 6 4 
20180816351 4 3 6 8 5 1 7 9 2 10 
20180816352 2 10 6 9 3 7 1 5 4 8 
20180816353 3 6 1 8 4 5 10 2 7 9 
20180816354 8 5 9 3 10 7 6 4 2 1 
20180816355 3 9 8 7 4 1 6 5 10 2 
20180816356 7 1 8 5 2 6 9 3 10 4 
20180816357 3 7 6 2 9 8 10 4 5 1 
20180816358 8 10 1 3 2 5 9 4 7 6 
20180816359 6 2 5 7 4 9 1 10 8 3 
20180816360 10 1 5 6 9 7 3 8 2 4 
20180816361 9 7 5 6 8 4 3 2 1 10 
20180816362 4 2 6 5 1 9 3 8 10 7 
20180816363 9 3 1 2 5 7 8 6 4 10 
20180816364 1 6 5 3 9 10 2 4 7 8 
20180816365 10 2 3 9 7 4 1 6 5 8 
20180816366 10 9 4 1 2 5 6 7 3 8 
20180816367 10 7 1 9 6 3 2 5 8 4 
20180816368 7 5 10 9 3 6 4 8 2 1 
20180816369 1 5 3 2 9 6 8 7 10 4 
20180816370 4 2 10 3 5 1 7 9 8 6 
20180816371 2 4 3 10 1 9 6 5 8 7 
20180816372 2 3 4 10 1 8 7 5 6 9 
20180816373 7 8 6 9 2 1 4 3 10 5 
20180816374 6 3 9 4 2 7 10 5 8 1 
20180816375 8 5 4 2 1 7 3 6 10 9 
20180816376 3 8 10 7 6 4 1 9 2 5 
20180816377 7 2 9 10 4 8 3 1 6 5 
20180816378 8 5 9 1 3 7 6 4 2 10 
20180816379 2 8 7 4 1 5 3 6 10 9 
20180816380 4 10 8 2 3 7 1 6 9 5 
20180816381 7 9 4 3 8 6 2 1 10 5 
20180816382 6 9 7 1 2 4 5 8 3 10 
20180816383 9 2 8 6 7 3 5 10 1 4 
20180816384 1 7 3 9 6 4 8 5 10 2 
20180816385 8 5 1 4 10 9 6 3 2 7 
20180816386 2 7 6 1 10 4 8 3 9 5 
20180816387 6 4 8 2 10 1 3 9 7 5 
20180816388 1 10 7 5 8 4 6 3 9 2 
20180816389 6 4 1 10 3 8 7 5 9 2 
20180816390 1 3 9 4 8 6 2 10 7 5 
20180816391 7 9 1 2 5 3 10 4 6 8 
20180816392 4 7 9 2 6 3 5 1 10 8 
20180816393 9 5 4 8 6 2 7 3 10 1 
20180816394 6 9 2 7 5 4 1 10 8 3 
20180816395 2 1 5 8 3 4 7 6 9 10 
20180816396 2 7 4 8 5 6 1 9 3 10 
20180816397 2 6 7 5 4 1 8 10 3 9 
20180816398 5 1 8 6 9 4 10 2 3 7 
20180816399 7 5 3 6 9 4 8 10 1 2 
20180816400 1 5 4 10 6 7 2 9 8 3 
20180816401 8 9 4 5 7 10 3 2 1 6 
20180816402 6 2 4 5 10 7 1 3 9 8 
20180816403 8 10 5 7 4 2 6 3 1 9 
20180816404 6 5 3 4 2 7 9 10 1 8 
20180816405 3 10 6 2 9 5 7 8 1 4 
20180816406 5 7 10 4 2 1 9 3 6 8 
20180816407 9 3 8 7 10 2 6 5 1 4 
20180816408 6 4 5 3 1 7 2 10 8 9 
20180816409 2 1 9 5 6 8 7 3 10 4 
20180816410 10 5 1 3 2 7 6 4 8 9 
20180816411 2 6 3 4 10 7 8 1 5 9 
20180816412 8 6 3 2 7 10 4 1 5 9 
20180816413 1 9 8 4 6 5 7 3 2 10 
20180816414 10 7 5 1 6 3 8 9 4 2 
20180816415 5 2 3 8 10 7 4 6 9 1 
20180816416 7 5 10 1 3 8 6 2 4 9 
20180816417 2 10 7 8 4 9 5 3 1 6 
20180816418 10 7 1 6 9 4 8 2 5 3 
20180816419 4 5 2 1 10 6 7 8 3 9 
20180816420 8 1 3 2 5 10 7 9 6 4 
20180816421 1 7 5 3 6 8 10 9 2 4 
20180816422 1 8 3 5 7 6 9 4 2 10 
20180816423 4 2 9 5 10 6 1 8 3 7 
20180816424 4 7 5 8 1 10 2 9 3 6 
20180816425 1 7 6 2 10 4 8 9 5 3 
20180816426 1 7 5 9 2 8 10 3 6 4 
20180816427 6 5 10 7 9 4 1 3 8 2 
20180816428 6 10 1 8 7 2 4 5 9 3 
20180816429 4 1 2 6 10 8 7 5 9 3 
20180816430 7 2 10 4 1 6 9 5 3 8 
20180816431 3 10 9 2 4 8 5 6 1 7 
20180816432 8 10 2 5 7 6 3 1 4 9 
20180816433 1 10 7 8 2 4 5 6 9 3 
20180816434 9 5 10 2 4 8 6 3 1 7 
20180816435 9 7 8 3 4 10 2 5 6 1 
20180816436 7 9 2 5 10 4 8 1 6 3 
20180816437 8 9 1 7 5 10 6 4 3 2 
20180816438 5 6 3 7 10 4 8 9 1 2 
20180816439 7 4 1 8 6 10 9 3 5 2 
20180816440 2 10 5 6 4 8 3 7 1 9 
20180816441 3 4 2 9 10 7 8 1 5 6 
20180816442 6 4 10 3 7 9 2 8 1 5 
20180816443 2 4 10 3 7 6 1 9 8 5 
20180816444 8 5 6 7 2 4 9 3 1 10 
20180816445 2 4 8 6 5 10 7 3 9 1 
20180816446 10 2 7 4 3 9 6 5 1 8 
20180816447 10 3 4 6 2 7 5 9 8 1 
20180816448 6 3 2 4 10 9 5 1 7 8 
20180816449 2 9 10 3 7 8 6 5 1 4 
20180816450 7 3 10 4 9 2 1 8 6 5 
20180816451 10 5 3 1 6 4 9 7 2 8 
20180816452 9 4 1 2 7 5 8 6 3 10 
20180816453 10 9 5 3 2 7 1 8 4 6 
20180816454 3 4 5 10 2 1 6 8 9 7 
20180816455 5 10 8 4 2 3 9 6 1 7 
20180816456 3 2 9 8 7 5 4 1 10 6 
20180816457 1 5 8 9 3 2 10 4 6 7 
20180816458 7 2 1 8 5 3 4 6 9 10 
20180816459 5 9 1 10 8 3 6 7 4 2 
20180816460 6 2 7 3 10 5 4 9 1 8 
20180816461 9 5 7 10 4 1 3 8 2 6 
20180816462 8 2 5 3 6 10 9 1 7 4 
20180816463 1 2 6 5 4 10 7 3 9 8 
20180816464 9 5 1 8 3 10 7 6 2 4 
20180816465 10 7 3 6 9 4 8 1 5 2 
20180816466 1 5 10 2 8 4 6 7 9 3 
20180816467 4 3 10 8 9 6 1 2 7 5 
20180816468 2 6 8 4 5 7 9 10 1 3 
20180816469 10 6 7 5 9 2 8 1 4 3 
20180816470 5 1 8 6 4 9 3 2 7 10 
20180816471 9 5 4 2 8 7 1 3 10 6 
20180816472 10 4 6 9 1 7 3 2 5 8 
20180816473 1 3 5 4 6 10 7 2 9 8 
20180816474 9 2 5 4 1 10 7 6 3 8 
20180816475 10 9 1 7 3 6 2 4 5 8 
20180816476 5 7 3 10 4 6 9 8 1 2 
20180816477 6 3 7 10 4 2 1 9 5 8 
20180816478 8 3 5 1 10 6 2 7 4 9 
20180816479 1 3 7 5 2 6 8 10 4 9 
20180816480 10 4 1 9 5 3 6 7 2 8 
20180816481 3 4 10 5 9 7 6 2 1 8 
20180816482 2 6 7 5 10 4 9 8 3 1 
20180816483 5 7 1 4 6 2 9 10 3 8 
20180816484 1 5 4 6 2 8 9 7 10 3 
20180816485 3 8 5 6 9 4 1 7 10 2 
20180816486 7 2 9 10 3 5 8 1 6 4 
20180816487 1 4 2 7 6 8 5 3 10 9 
20180816488 8 10 2 7 4 6 5 9 1 3 
20180816489 5 7 1 3 10 8 2 6 9 4 
20180816490 4 7 5 8 1 2 6 9 3 10 
20180816491 3 8 1 6 7 4 9 10 2 5 
20180816492 6 8 4 1 3 9 5 7 10 2 
20180816493 1 10 2 5 8 6 9 7 4 3 
20180816494 4 5 7 10 2 9 6 3 8 1 
20180816495 4 10 5 7 3 8 2 6 9 1 
20180816496 3 6 7 2 5 8 10 1 4 9 
20180816497 9 4 6 7 1 10 5 8 3 2 
20180816498 1 5 7 3 4 9 10 8 6 2 
20180816499 9 6 4 10 2 8 3 1 7 5 
20180816500 8 1 7 10 3 6 9 5 4 2 
20180816501 3 6 8 1 7 10 5 9 4 2 
20180816502 3 1 10 7 2 6 9 8 4 5 
20180816503 10 9 4 5 7 2 1 3 8 6 
20180816504 2 9 5 6 4 8 10 7 3 1 
20180816505 10 7 2 4 5 3 8 9 6 1 
20180816506 10 8 5 9 2 7 1 6 3 4 
20180816507 10 7 8 3 4 1 9 6 5 2 
20180816508 6 2 7 4 10 9 3 8 1 5 
20180816509 10 3 6 7 1 8 4 9 2 5 
20180816510 8 7 1 4 6 9 10 3 5 2 
20180816511 7 3 1 5 4 8 6 2 10 9 
20180816512 2 5 10 6 7 8 1 9 3 4 
20180816513 6 10 4 2 3 1 5 8 7 9 
20180816514 9 1 6 7 2 10 8 4 3 5 
20180816515 7 1 4 9 3 8 5 6 10 2 
20180816516 6 4 7 2 10 8 1 3 9 5 
20180816517 4 1 6 3 7 5 8 2 10 9 
20180816518 6 4 10 9 7 8 5 2 3 1 
20180816519 3 4 6 8 1 7 10 9 2 5 
20180816520 3 9 5 8 2 7 1 6 4 10 
20180816521 6 2 9 5 7 1 10 8 4 3 
20180816522 9 6 8 1 5 2 7 3 4 10 
20180816523 1 6 4 7 9 3 10 8 5 2 
20180816524 3 8 9 10 6 5 2 7 4 1 
20180816525 7 5 8 4 3 6 10 1 2 9 
20180816526 6 10 7 2 9 3 5 4 1 8 
20180816527 5 9 2 1 3 6 4 10 8 7 
20180816528 1 4 3 6 9 2 8 5 10 7 
20180816529 1 7 9 3 4 5 8 10 6 2 
20180816530 9 3 4 8 5 10 1 2 6 7 
20180816531 2 5 10 4 8 7 1 6 9 3 
20180816532 5 4 8 3 9 1 7 6 2 10 
20180816533 7 5 8 3 2 4 9 6 1 10 
20180816534 2 6 7 4 1 10 8 5 9 3 
20180816535 2 5 10 6 8 1 4 3 9 7 
20180816536 9 5 6 8 10 1 7 3 2 4 
20180816537 9 6 2 10 5 7 3 8 4 1 
20180816538 7 3 6 4 9 1 8 2 5 10 
20180816539 4 8 7 10 9 6 3 1 2 5 
20180816540 2 9 3 4 6 7 1 5 8 10 
20180816541 5 9 4 3 8 2 10 1 7 6 
20180816542 8 5 7 6 4 2 10 1 9 3 
20180816543 8 9 7 6 1 5 4 2 10 3 
20180816544 6 10 8 7 3 9 2 4 5 1 
20180816545 4 1 8 3 6 5 2 7 10 9 
20180816546 6 1 4 2 9 10 7 3 8 5 
20180816547 10 7 5 8 1 2 3 4 6 9 
20180816548 5 1 2 6 3 9 8 10 4 7 
20180816549 6 4 2 10 7 1 8 3 5 9 
20180816550 7 3 2 6 4 10 9 8 5 1 
20180816551 8 9 3 10 5 2 6 1 4 7 
20180816552 2 7 4 5 3 1 9 10 8 6 
20180816553 3 4 10 2 9 7 1 6 8 5 
20180816554 8 4 9 1 5 7 10 3 6 2 
20180816555 2 7 1 3 4 5 6 9 10 8 
20180816556 5 7 3 1 6 4 10 8 2 9 
20180816557 7 1 2 5 6 4 10 9 3 8 
20180816558 2 6 10 5 7 8 1 9 3 4 
20180816559 7 3 1 2 5 6 9 4 10 8 
20180816560 6 5 4 8 3 2 1 7 9 10 
20180816561 5 9 7 10 3 4 6 8 2 1 
20180816562 10 5 1 2 8 9 4 7 6 3 
20180816563 1 8 9 3 2 4 6 10 5 7 
20180816564 7 4 8 3 2 1 10 5 9 6 
20180816565 1 8 10 5 3 2 7 4 9 6 
20180816566 2 5 10 8 3 7 4 9 1 6 
20180816567 4 6 2 1 7 8 10 3 9 5 
20180816568 8 7 5 4 10 1 6 2 3 9 
20180816569 5 4 1 9 8 10 3 6 2 7 
20180816570 4 6 1 8 10 9 3 5 2 7 
20180816571 1 7 9 5 4 10 3 2 8 6 
20180816572 4 9 5 3 7 10 6 8 2 1 
20180816573 6 10 2 3 9 4 5 8 7 1 
20180816574 6 3 10 9 2 4 5 1 8 7 
20180816575 4 2 1 8 3 7 9 6 5 10 
20180816576 6 5 7 8 3 9 2 4 1 10 
20180816577 9 8 6 4 7 5 3 1 2 10 
20180816578 3 7 6 5 8 9 4 10 1 2 
20180816579 5 4 9 1 10 6 3 2 7 8 
20180816580 3 10 9 4 5 8 6 2 7 1 
20180816581 3 4 7 8 1 5 6 9 10 2 
20180816582 6 3 5 1 8 10 7 2 9 4 
20180816583 2 5 9 8 6 10 1 3 4 7 
20180816584 6 1 7 5 2 3 4 8 9 10 
20180816585 5 1 7 2 10 8 6 4 3 9 
20180816586 8 5 4 3 2 6 9 7 1 10 
20180816587 8 3 1 2 6 7 9 5 4 10 
20180816588 4 7 1 9 5 10 6 3 8 2 
20180816589 9 7 2 5 6 10 3 4 1 8 
20180816590 4 9 3 5 1 2 8 6 10 7 
20180816591 6 9 10 2 5 7 8 3 1 4 
20180816592 2 3 10 4 8 1 9 5 7 6 
20180816593 7 5 3 2 1 9 6 10 8 4 
20180816594 2 1 8 6 4 5 7 3 9 10 
20180816595 4 3 5 2 10 9 1 8 6 7 
20180816596 9 3 2 10 6 4 7 8 1 5 
20180816597 9 5 4 10 1 8 7 2 3 6 
20180816598 8 6 2 1 10 7 4 3 9 5 
20180816599 2 6 5 3 10 4 8 1 7 9 
20180816600 6 9 5 1 7 2 4 10 3 8 
20180816601 3 9 10 6 5 8 4 1 7 2 
20180816602 8 1 2 3 4 9 5 10 7 6 
20180816603 3 1 4 2 7 9 10 6 5 8 
20180816604 9 5 3 7 6 8 1 4 2 10 
20180816605 9 7 8 4 5 10 3 6 1 2 
20180816606 4 9 1 5 7 8 6 2 3 10 
20180816607 10 4 7 3 8 6 2 9 5 1 
20180816608 2 10 6 7 9 5 8 3 1 4 
20180816609 7 10 9 1 5 3 4 6 2 8 
20180816610 8 3 10 9 7 6 4 2 1 5 
20180816611 3 7 6 2 4 5 8 9 1 10 
20180816612 6 10 8 9 4 7 5 3 1 2 
20180816613 6 2 1 4 3 5 10 7 8 9 
20180816614 7 4 10 6 2 1 3 8 5 9 
20180816615 10 4 9 5 8 7 2 1 6 3 
20180816616 3 9 5 6 8 10 7 4 2 1 
20180816617 1 8 5 9 6 10 3 7 2 4 
20180816618 8 10 1 3 2 6 5 4 9 7 
20180816619 4 9 8 10 1 3 6 2 7 5 
20180816620 2 10 1 7 5 6 9 8 3 4 
20180816621 10 3 7 6 9 5 1 4 8 2 
20180816622 7 10 4 2 9 5 3 8 1 6 
20180816623 3 9 4 10 2 7 1 8 6 5 
20180816624 9 1 3 5 10 2 4 6 8 7 
20180816625 2 7 8 4 5 6 1 9 3 10 
20180816626 8 5 6 7 2 10 3 4 1 9 
20180816627 1 2 6 3 8 10 5 7 9 4 
20180816628 5 8 1 4 9 2 3 7 6 10 
20180816629 2 10 7 9 5 4 6 1 8 3 
20180816630 7 5 1 4 2 10 6 9 8 3 
20180816631 10 1 4 8 2 6 7 5 9 3 
20180816632 8 2 7 5 9 4 3 6 10 1 
20180816633 2 10 7 6 3 8 4 9 1 5 
20180816634 4 10 6 3 5 1 8 7 2 9 
20180816635 8 9 3 10 2 1 5 7 6 4 
20180816636 5 3 7 6 10 8 1 4 2 9 
20180816637 6 7 10 5 4 3 1 2 9 8 
20180816638 3 4 6 2 8 7 10 1 9 5 
20180816639 10 6 7 8 9 2 1 5 3 4 
20180816640 2 9 8 3 5 6 10 4 1 7 
20180816641 6 2 9 3 7 4 1 8 10 5 
20180816642 1 4 9 8 5 3 2 10 7 6 
20180816643 6 1 3 4 2 10 5 9 8 7 
20180816644 1 8 7 9 2 5 6 4 3 10 
20180816645 10 7 8 5 2 3 1 4 9 6 
20180816646 2 5 6 1 7 9 3 10 4 8 
20180816647 9 1 6 3 8 10 4 2 5 7 
20180816648 10 2 3 6 9 7 4 1 5 8 
20180816649 4 8 9 10 1 5 6 3 7 2 
20180816650 8 10 9 6 5 2 3 7 1 4 
20180816651 5 7 6 4 3 8 2 1 9 10 
20180816652 9 1 6 7 5 10 3 8 2 4 
20180816653 2 6 4 10 7 3 5 1 9 8 
20180816654 1 4 9 5 7 8 10 2 6 3 
20180816655 3 4 10 1 7 2 9 6 8 5 
20180816656 4 8 3 10 7 1 9 6 2 5 
20180816657 5 3 10 9 2 8 4 6 7 1 
20180816658 3 4 9 6 7 10 5 2 1 8 
20180816659 6 5 9 10 3 1 4 7 8 2 
20180816660 5 1 8 2 3 7 6 10 4 9 
20180816661 5 2 6 4 9 1 3 7 8 10 
20180816662 7 1 10 9 5 2 6 3 4 8 
20180816663 10 1 6 5 4 8 3 7 9 2 
20180816664 10 6 8 5 9 1 4 7 2 3 
20180816665 2 9 6 5 3 4 7 1 10 8 
20180816666 10 9 3 7 1 4 8 2 5 6 
20180816667 6 9 2 10 4 8 1 3 7 5 
20180816668 1 10 2 8 3 6 4 5 9 7 
20180816669 8 1 5 2 6 3 7 4 10 9 
20180816670 7 8 3 2 5 6 10 1 9 4 
20180816671 6 7 5 4 9 1 3 8 2 10 
20180816672 7 10 3 9 8 6 4 5 1 2 
20180816673 1 9 10 7 4 3 8 5 6 2 
20180816674 8 4 6 1 10 3 5 9 2 7 
20180816675 2 3 7 5 9 4 6 10 8 1 
20180816676 6 1 9 3 8 5 7 10 2 4 
20180816677 1 4 10 5 3 2 9 8 6 7 
20180816678 5 10 8 2 7 3 1 6 9 4 
20180816679 4 9 7 5 8 6 1 3 2 10 
20180816680 7 8 6 2 10 3 5 9 1 4 
20180816681 9 2 3 5 6 1 8 7 4 10 
20180816682 2 3 5 7 9 6 1 8 10 4 
20180816683 8 1 10 7 3 5 4 2 9 6 
20180816684 10 9 3 7 4 8 2 1 6 5 
20180816685 7 3 10 1 9 5 2 4 6 8 
20180816686 3 8 5 6 10 4 2 1 7 9 
20180816687 3 8 1 2 10 7 4 5 9 6 
20180816688 2 8 9 5 1 3 6 7 10 4 
20180816689 1 6 2 7 3 9 10 8 5 4 
20180816690 1 9 3 4 8 7 6 2 5 10 
20180816691 5 10 2 9 6 3 7 8 1 4 
20180816692 2 3 5 6 9 1 4 10 7 8 
20180816693 5 1 7 2 8 6 4 3 10 9 
20180816694 2 1 3 7 6 10 4 9 8 5 
20180816695 3 7 2 5 10 4 6 8 9 1 
20180816696 4 10 6 3 5 2 1 8 9 7 
20180816697 4 9 10 3 1 5 6 7 2 8 
20180816698 1 5 10 3 7 2 9 4 6 8 
20180816699 9 4 6 1 8 2 10 5 7 3 
20180816700 7 2 9 10 8 6 5 3 4 1 
20180816701 2 6 5 8 4 10 7 9 3 1 
20180816702 1 9 5 10 7 6 3 4 2 8 
20180816703 2 6 9 4 8 10 1 3 7 5 
20180816704 1 3 2 7 9 4 10 5 6 8 
20180816705 2 10 9 5 1 6 8 4 3 7 
20180816706 3 6 9 10 8 5 4 1 7 2 
20180816707 9 10 6 7 1 8 2 5 3 4 
20180816708 7 1 2 9 8 5 4 10 6 3 
20180816709 6 9 7 3 2 5 4 1 8 10 
20180816710 9 1 3 6 10 8 2 5 4 7 
20180816711 9 10 4 2 5 3 6 7 1 8 
20180816712 3 7 9 4 8 6 5 10 2 1 
20180816713 1 5 9 8 2 4 3 6 7 10 
20180816714 6 1 2 7 5 8 10 3 9 4 
20180816715 6 5 3 9 7 10 4 8 1 2 
20180816716 8 3 4 10 6 9 2 7 1 5 
20180816717 10 1 8 4 5 7 9 2 6 3 
20180816718 8 7 9 5 4 10 3 2 6 1 
20180816719 2 7 9 6 3 4 5 10 8 1 
20180816720 3 2 6 10 9 1 7 8 5 4 
20180816721 4 10 6 8 3 2 5 7 9 1 
20180816722 9 4 7 8 10 6 3 2 1 5 
20180816723 5 7 8 2 6 10 3 1 9 4 
20180816724 1 2 3 9 6 4 5 10 7 8 
20180816725 1 7 3 9 5 8 2 4 10 6 
20180816726 6 10 4 3 9 8 2 7 1 5 
20180816727 1 6 5 8 2 7 10 3 4 9 
20180816728 2 10 6 3 1 7 8 9 4 5 
20180816729 1 6 5 8 10 4 2 3 7 9 
20180816730 1 10 4 8 6 2 7 9 3 5 
20180816731 6 9 2 3 7 5 8 1 10 4 
20180816732 7 10 4 5 2 1 3 6 9 8 
20180816733 1 2 6 9 4 8 3 10 5 7 
20180816734 3 10 5 1 8 2 9 4 6 7 
20180816735 5 10 4 6 8 7 3 9 2 1 
20180816736 2 7 6 3 5 9 4 1 8 10 
20180816737 8 6 3 7 2 5 9 4 1 10 
20180816738 9 1 2 6 4 10 5 8 3 7 
20180816739 4 5 10 8 2 1 6 7 9 3 
20180816740 1 5 3 8 10 4 2 9 7 6 
20180816741 1 6 8 10 2 7 4 9 5 3 
20180816742 5 1 2 9 8 6 7 10 3 4 
20180816743 9 1 6 8 4 10 5 2 7 3 
20180816744 9 8 10 6 3 2 5 1 7 4 
20180816745 3 9 6 8 5 1 7 4 10 2 
20180816746 6 9 2 4 3 8 7 5 1 10 
20180816747 3 7 1 10 8 4 2 6 5 9 
20180816748 8 6 2 10 5 1 4 9 7 3 
20180816749 6 1 3 2 10 7 9 8 5 4 
20180816750 2 5 3 6 10 1 7 4 8 9 
20180816751 7 3 6 10 9 2 8 5 4 1 
20180816752 5 10 8 3 9 7 2 4 1 6 
20180816753 3 4 10 6 1 9 5 2 8 7 
20180816754 3 5 10 9 8 1 7 2 4 6 
20180816755 4 10 2 6 9 8 3 5 1 7 
20180816756 6 10 8 1 4 2 3 7 9 5 
20180816757 1 10 5 8 2 7 3 9 4 6 
20180816758 3 8 4 5 10 6 9 1 7 2 
20180816759 1 6 2 8 3 9 5 7 10 4 
20180816760 8 2 10 6 7 4 1 3 5 9 
20180816761 4 1 10 3 9 2 6 8 7 5 
20180816762 3 2 6 7 8 4 10 1 9 5 
20180816763 5 9 10 6 4 1 7 3 2 8 
20180816764 1 7 6 9 2 4 10 5 8 3 
20180816765 10 8 6 3 5 2 7 1 9 4 
20180816766 2 7 1 8 10 5 9 6 4 3 
20180816767 4 2 3 1 10 5 6 7 8 9 
20180816768 5 6 3 2 7 9 10 8 4 1 
20180816769 8 5 10 2 3 1 4 9 6 7 
20180816770 4 1 6 5 8 7 10 2 3 9 
20180816771 1 5 4 3 2 7 6 8 9 10 
20180816772 10 8 9 5 6 7 3 1 2 4 
20180816773 6 2 4 8 10 9 1 5 7 3 
20180816774 5 10 6 2 1 8 9 7 4 3 
20180816775 6 9 2 4 8 1 3 5 10 7 
20180816776 6 1 4 8 2 3 10 5 9 7 
20180816777 2 3 1 4 8 6 7 10 9 5 
20180816778 3 4 5 10 1 8 9 7 6 2 
20180816779 9 10 6 7 8 3 5 4 2 1 
20180816780 1 4 6 10 8 7 3 5 2 9 
20180816781 1 5 4 8 6 7 3 10 9 2 
20180816782 2 4 6 8 1 5 9 7 3 10 
20180816783 1 5 6 2 10 3 9 4 8 7 
20180816784 9 6 7 4 1 3 8 5 10 2 
20180816785 9 4 5 8 1 7 2 3 6 10 
20180816786 3 6 1 5 7 4 2 9 8 10 
20180816787 4 2 7 8 3 9 5 10 6 1 
20180816788 8 10 3 7 4 9 5 2 1 6 
20180816789 7 6 5 2 3 4 10 9 1 8 
20180816790 3 6 4 9 8 5 1 10 7 2 
20180816791 6 5 4 9 7 10 8 3 1 2 
20180816792 8 1 7 6 9 10 4 3 5 2 
20180816793 9 2 5 3 10 1 8 4 7 6 
20180816794 9 3 10 1 8 4 5 7 2 6 
20180816795 8 4 7 10 5 3 1 6 2 9 
20180816796 9 7 4 6 2 3 8 5 10 1 
20180816797 7 1 10 5 9 8 3 2 6 4 
20180816798 1 5 9 2 10 6 8 4 7 3 
20180816799 7 3 1 6 4 8 9 5 10 2 
20180816800 9 1 5 10 7 3 8 4 2 6 
20180816801 3 1 7 5 8 2 4 9 10 6 
20180816802 7 4 8 1 3 6 2 5 10 9 
20180816803 2 6 10 4 3 7 9 8 5 1 
20180816804 8 4 2 3 9 10 6 7 5 1 
20180816805 1 5 3 10 7 6 4 9 2 8 
20180816806 5 9 3 6 4 1 10 2 7 8 
20180816807 4 9 10 3 5 7 1 8 6 2 
20180816808 2 7 1 9 6 10 5 3 8 4 
20180816809 5 8 9 10 3 1 6 4 7 2 
20180816810 3 8 6 10 9 1 7 5 4 2 
20180816811 5 10 1 2 4 8 6 9 3 7 
20180816812 2 9 6 10 1 8 7 4 3 5 
20180816813 1 6 3 5 9 4 2 10 7 8 
20180816814 3 4 6 1 5 8 7 2 9 10 
20180816815 5 10 7 1 6 2 4 3 8 9 
20180816816 9 3 2 5 8 4 1 7 6 10 
20180816817 1 9 7 6 5 8 10 2 3 4 
20180816818 8 7 4 9 6 10 2 5 3 1 
20180816819 10 7 5 1 8 3 9 6 2 4 
20180816820 4 6 9 10 7 1 2 5 8 3 
20180816821 7 8 2 6 5 1 10 9 3 4 
20180816822 10 2 8 6 7 5 1 4 3 9 
20180816823 9 6 5 4 3 8 2 1 7 10 
20180816824 6 4 5 9 2 7 3 8 1 10 
20180816825 3 7 4 10 2 8 1 9 6 5 
20180816826 6 1 2 7 3 5 9 8 10 4 
20180816827 3 2 4 6 7 5 8 10 9 1 
20180816828 5 7 2 3 1 10 4 8 9 6 
20180816829 1 8 5 7 2 6 10 9 3 4 
20180816830 10 6 2 4 5 3 7 9 8 1 
20180816831 6 3 2 8 5 7 10 4 1 9 
20180816832 7 6 1 9 5 3 10 2 4 8 
20180816833 1 8 3 4 10 9 7 6 5 2 
20180816834 5 8 7 3 4 6 10 1 9 2 
20180816835 6 5 7 10 2 4 8 9 1 3 
20180816836 9 1 2 5 10 3 6 7 8 4 
20180816837 3 8 10 6 9 7 4 2 1 5 
20180816838 1 6 2 9 3 7 10 5 4 8 
20180816839 10 2 7 4 5 8 6 1 3 9 
20180816840 8 4 1 7 6 10 2 5 9 3 
20180816841 5 7 10 1 6 8 9 2 3 4 
20180816842 8 4 6 1 3 7 10 5 9 2 
20180816843 5 3 8 9 2 4 6 7 1 10 
20180816844 7 6 3 10 4 5 2 1 9 8 
20180816845 9 8 1 2 7 3 4 10 5 6 
20180816846 8 1 5 9 7 3 6 10 2 4 
20180816847 5 8 4 2 7 6 3 1 9 10 
20180816848 1 3 7 6 9 4 10 8 2 5 
20180816849 10 7 9 5 2 6 4 3 1 8 
20180816850 10 6 5 3 1 9 4 2 7 8 
20180816851 2 1 5 3 6 7 10 8 4 9 
20180816852 8 7 1 2 10 3 6 5 9 4 
20180816853 6 5 2 10 9 7 8 1 4 3 
20180816854 4 1 9 10 5 7 8 6 2 3 
20180816855 8 4 1 10 2 5 9 7 3 6 
20180816856 4 5 1 10 7 3 8 2 6 9 
20180816857 7 4 2 6 8 5 10 1 3 9 
20180816858 8 3 7 1 2 6 10 5 4 9 
20180816859 9 8 4 7 1 10 2 5 3 6 
20180816860 2 1 6 3 10 4 9 5 8 7 
20180816861 2 4 10 3 8 9 7 5 1 6 
20180816862 6 4 10 9 1 3 8 2 7 5 
20180816863 8 6 10 2 4 7 3 1 5 9 
20180816864 9 7 10 2 6 1 4 3 5 8 
20180816865 3 2 6 9 7 1 5 4 8 10 
20180816866 4 6 7 10 5 1 8 3 2 9 
20180816867 8 5 7 10 4 2 1 6 9 3 
20180816868 9 2 7 3 8 1 10 5 4 6 
20180816869 5 8 4 7 1 2 9 3 6 10 
20180816870 1 9 2 8 10 3 5 4 7 6 
20180816871 1 8 10 2 6 7 3 5 9 4 
20180816872 9 10 7 3 5 4 8 1 6 2 
20180816873 9 4 1 10 5 2 6 7 3 8 
20180816874 5 9 10 3 7 6 8 2 1 4 
20180816875 1 3 10 9 4 5 6 8 7 2 
20180816876 5 9 6 1 7 10 8 2 3 4 
20180816877 2 7 6 3 9 1 10 4 8 5 
20180816878 3 2 1 9 6 5 7 10 8 4 
20180816879 3 5 8 9 4 1 2 6 10 7 
20180816880 7 8 9 10 2 1 4 5 6 3 
20180816881 3 9 6 8 5 7 2 4 10 1 
20180816882 10 6 9 1 4 7 3 5 8 2 
20180816883 4 2 3 10 6 1 5 8 7 9 
20180816884 1 9 10 7 2 5 6 4 8 3 
20180816885 6 7 8 4 5 9 1 10 2 3 
20180816886 3 1 9 6 8 5 4 7 2 10 
20180816887 9 3 2 4 7 5 6 1 10 8 
20180816888 8 10 2 1 3 9 4 7 5 6 
20180816889 7 4 9 10 2 6 1 3 5 8 
20180816890 10 4 8 9 1 5 7 3 6 2 
20180816891 4 8 6 10 1 3 7 2 5 9 
20180816892 8 6 10 7 3 4 2 1 5 9 
20180816893 5 3 1 8 2 7 4 10 9 6 
20180816894 1 2 8 7 3 4 9 5 10 6 
20180816895 2 6 1 4 5 7 3 9 10 8 
20180816896 9 3 6 4 5 10 7 2 1 8 
20180816897 5 7 9 6 2 10 8 3 1 4 
20180816898 7 6 10 1 5 3 2 4 9 8 
20180816899 6 10 4 3 7 8 1 2 9 5 
20180816900 9 1 3 4 6 2 10 7 5 8 
20180816901 1 3 4 9 10 8 6 2 5 7 
20180816902 8 7 6 1 9 10 4 5 2 3 
20180816903 3 9 4 1 2 10 8 7 5 6 
20180816904 3 2 8 4 6 1 5 10 9 7 
20180816905 7 10 8 2 5 3 6 1 4 9 
20180816906 10 3 7 1 9 8 2 5 4 6 
20180816907 5 10 3 2 4 1 9 8 7 6 
20180816908 3 2 10 1 9 5 7 6 4 8 
20180816909 3 8 1 10 2 7 6 4 9 5 
20180816910 6 3 8 2 10 7 4 9 1 5 
20180816911 2 5 9 7 4 1 3 6 8 10 
20180816912 6 2 9 4 5 8 7 10 3 1 
20180816913 9 3 4 7 2 6 8 1 10 5 
20180816914 2 4 8 5 7 6 9 3 10 1 
20180816915 8 2 6 4 3 9 10 7 5 1 
20180816916 8 1 7 2 5 9 3 4 6 10 
20180816917 3 7 4 6 5 1 10 8 9 2 
20180816918 7 8 6 5 1 4 10 3 9 2 
20180816919 4 3 2 9 8 7 1 5 10 6 
20180816920 4 8 5 7 3 2 1 6 9 10 
20180816921 10 4 3 6 8 7 1 5 9 2 
20180816922 8 3 4 10 7 9 5 1 6 2 
20180816923 10 8 5 7 3 2 6 4 1 9 
20180816924 10 1 6 3 8 4 9 5 2 7 
20180816925 5 2 3 10 8 9 6 1 4 7 
20180816926 7 1 4 3 5 9 6 10 8 2 
20180816927 9 3 6 10 1 8 2 4 7 5 
20180816928 3 7 10 6 4 8 5 2 1 9 
20180816929 4 10 3 6 1 5 8 2 9 7 
20180816930 2 10 5 8 4 7 6 3 9 1 
20180816931 4 8 7 10 5 9 2 1 3 6 
20180816932 7 9 10 3 4 5 2 6 8 1 
20180816933 7 1 3 8 6 2 5 9 4 10 
20180816934 6 9 1 8 2 5 4 3 10 7 
20180816935 2 6 7 1 4 10 8 3 5 9 
20180816936 8 10 9 5 7 1 4 3 2 6 
20180816937 10 8 4 9 7 3 6 1 2 5 
20180816938 9 4 10 6 3 5 8 7 2 1 
20180816939 6 4 10 1 2 5 3 9 7 8 
20180816940 6 4 5 7 1 10 9 3 2 8 
20180816941 6 3 10 5 7 9 1 4 8 2 
20180816942 3 1 2 8 5 10 9 7 6 4 
20180816943 5 2 4 6 10 3 8 1 7 9 
20180816944 5 6 7 9 3 10 4 8 1 2 
20180816945 10 1 6 2 5 7 3 9 8 4 
20180816946 5 1 4 6 7 2 10 3 8 9 
20180816947 4 3 6 1 5 7 8 10 9 2 
20180816948 6 10 9 4 1 8 7 2 5 3 
20180816949 7 2 4 10 3 8 5 6 9 1 
20180816950 9 2 10 8 3 6 1 7 5 4 
20180816951 4 3 9 7 8 5 1 10 6 2 
20180816952 9 8 7 2 1 6 4 5 3 10 
20180816953 9 7 2 8 3 4 6 1 10 5 
20180816954 1 2 4 3 9 8 6 7 5 10 
20180816955 10 6 1 7 9 8 4 3 2 5 
20180816956 2 5 9 3 6 1 7 10 8 4 
20180816957 9 3 10 8 6 1 4 5 2 7 
20180816958 7 4 2 9 8 1 6 10 5 3 
20180816959 2 7 6 10 5 8 9 1 4 3 
20180816960 4 7 6 1 9 8 2 5 10 3 
20180816961 5 2 1 6 4 9 10 3 8 7 
20180816962 8 1 5 10 3 7 2 4 9 6 
20180816963 3 7 2 8 9 1 5 4 6 10 
20180816964 4 2 10 6 5 8 7 1 3 9 
20180816965 5 7 3 10 8 6 9 4 2 1 
20180816966 1 6 3 8 5 4 9 2 10 7 
20180816967 5 8 4 1 9 7 2 6 10 3 
20180816968 4 5 9 8 3 7 10 1 6 2 
20180816969 10 8 1 9 3 4 6 7 2 5 
20180816970 9 3 10 6 5 2 4 8 1 7 
20180816971 6 9 5 4 8 1 7 2 10 3 
20180816972 1 5 7 8 10 9 3 6 2 4 
20180816973 4 3 7 8 6 1 5 10 2 9 
20180816974 3 10 2 7 5 9 4 1 8 6 
20180816975 9 2 8 1 4 5 3 10 7 6 
20180816976 8 10 9 5 3 4 6 7 2 1 
20180816977 3 8 1 4 6 5 2 9 7 10 
20180816978 4 5 10 3 7 8 2 1 9 6 
20180816979 10 2 9 1 5 6 7 4 3 8 
20180816980 10 7 9 3 6 8 2 5 1 4 
20180816981 6 3 4 10 2 1 5 7 9 8 
20180816982 10 4 8 5 6 1 3 9 7 2 
20180816983 6 7 3 10 5 1 8 4 2 9 
20180816984 4 3 8 10 2 1 5 9 6 7 
20180816985 9 7 4 8 6 2 5 10 3 1 
