20180824001 1 7 5 6 3 9 8 4 2 10 
20180824002 8 3 10 2 9 7 4 6 5 1 
20180824003 6 2 3 5 8 1 9 10 7 4 
20180824004 1 6 7 2 4 8 9 3 10 5 
20180824005 3 6 7 9 4 1 8 5 2 10 
20180824006 4 1 9 7 2 6 5 3 8 10 
20180824007 10 3 5 2 4 1 9 8 6 7 
20180824008 10 8 1 9 4 5 6 7 2 3 
20180824009 3 10 4 5 8 2 7 9 6 1 
20180824010 3 7 6 10 5 4 1 2 9 8 
20180824011 1 10 3 9 8 7 6 4 5 2 
20180824012 5 7 2 1 4 6 8 10 9 3 
20180824013 6 2 1 5 3 10 8 7 9 4 
20180824014 6 7 2 1 4 8 5 3 9 10 
20180824015 8 7 4 1 2 3 9 5 10 6 
20180824016 2 3 4 6 7 8 5 1 10 9 
20180824017 9 5 3 6 2 10 8 7 4 1 
20180824018 10 4 6 9 2 8 3 5 7 1 
20180824019 8 4 7 3 10 6 2 5 1 9 
20180824020 10 4 9 2 3 6 8 5 1 7 
20180824021 7 9 10 8 1 2 6 4 3 5 
20180824022 3 2 8 6 7 10 1 4 5 9 
20180824023 7 4 8 3 10 5 9 2 6 1 
20180824024 7 9 10 2 3 1 5 8 6 4 
20180824025 9 3 7 6 10 2 4 1 8 5 
20180824026 4 6 3 1 9 2 8 10 5 7 
20180824027 2 9 7 10 8 3 6 5 1 4 
20180824028 2 7 9 4 8 5 10 1 3 6 
20180824029 3 8 6 1 4 10 2 9 5 7 
20180824030 5 2 6 9 4 10 7 8 1 3 
20180824031 6 3 1 9 10 5 8 7 4 2 
20180824032 4 1 8 10 5 9 6 7 3 2 
20180824033 9 4 6 8 10 7 3 1 5 2 
20180824034 10 1 4 7 6 2 3 5 9 8 
20180824035 7 3 1 10 9 6 4 5 8 2 
20180824036 7 9 8 5 10 3 6 1 2 4 
20180824037 3 4 6 1 7 9 2 8 10 5 
20180824038 5 6 10 8 2 1 7 3 9 4 
20180824039 7 1 8 4 9 3 2 5 10 6 
20180824040 9 3 10 2 1 7 8 4 6 5 
20180824041 5 9 3 4 7 8 1 10 6 2 
20180824042 3 2 1 10 9 7 8 6 4 5 
20180824043 5 7 6 1 8 2 9 3 10 4 
20180824044 3 2 8 1 4 6 7 9 5 10 
20180824045 7 2 8 5 6 1 10 9 4 3 
20180824046 9 8 2 6 5 1 4 10 7 3 
20180824047 7 3 10 1 2 9 5 8 6 4 
20180824048 9 10 5 6 1 4 2 8 7 3 
20180824049 4 8 7 9 10 2 1 3 5 6 
20180824050 4 5 7 9 1 3 8 2 10 6 
20180824051 9 7 1 4 2 3 10 6 5 8 
20180824052 9 1 6 10 2 5 7 4 3 8 
20180824053 1 2 7 10 9 6 5 3 8 4 
20180824054 5 2 3 4 7 8 1 9 10 6 
20180824055 7 9 3 1 6 8 2 4 10 5 
20180824056 2 3 9 6 5 1 4 7 10 8 
20180824057 8 9 6 4 2 3 7 5 10 1 
20180824058 2 8 4 10 1 7 6 3 9 5 
20180824059 2 6 1 3 8 7 5 10 9 4 
20180824060 6 10 8 2 5 4 9 3 1 7 
20180824061 4 7 10 2 6 3 9 5 8 1 
20180824062 5 3 6 7 8 10 2 9 1 4 
20180824063 8 2 1 3 7 4 10 5 6 9 
20180824064 9 2 4 6 1 10 7 8 3 5 
20180824065 2 10 4 5 3 9 1 8 7 6 
20180824066 4 1 10 7 5 2 9 3 6 8 
20180824067 9 2 10 3 4 5 7 1 8 6 
20180824068 1 7 5 8 6 3 9 10 2 4 
20180824069 5 7 6 8 2 3 4 1 9 10 
20180824070 6 7 5 2 3 9 10 8 4 1 
20180824071 5 6 7 2 8 1 10 4 3 9 
20180824072 1 7 10 4 6 3 8 2 9 5 
20180824073 3 9 2 8 6 5 7 4 10 1 
20180824074 7 1 8 10 6 5 2 9 4 3 
20180824075 3 10 6 9 4 7 2 8 5 1 
20180824076 8 10 9 3 6 7 1 5 4 2 
20180824077 1 9 3 8 6 5 7 4 10 2 
20180824078 9 2 1 4 7 10 6 5 8 3 
20180824079 9 4 5 3 2 10 6 1 8 7 
20180824080 9 4 8 10 7 6 3 2 5 1 
20180824081 8 3 7 10 9 1 6 2 5 4 
20180824082 7 9 5 3 8 1 2 6 10 4 
20180824083 6 8 7 10 9 5 2 4 3 1 
20180824084 1 3 8 9 10 4 6 5 2 7 
20180824085 4 1 2 7 8 5 10 3 9 6 
20180824086 9 8 6 3 10 2 4 5 1 7 
20180824087 10 4 3 5 8 9 6 7 2 1 
20180824088 6 8 7 3 1 5 10 2 4 9 
20180824089 1 3 2 9 5 10 7 4 8 6 
20180824090 3 1 10 6 7 5 2 4 8 9 
20180824091 7 3 6 2 10 9 4 1 5 8 
20180824092 3 9 4 7 1 8 5 6 10 2 
20180824093 10 7 5 8 6 9 3 2 4 1 
20180824094 10 8 5 4 2 9 7 1 6 3 
20180824095 6 4 7 5 2 10 3 8 9 1 
20180824096 1 7 3 10 8 9 4 2 6 5 
20180824097 8 3 10 5 6 9 1 7 4 2 
20180824098 8 5 7 4 6 1 10 3 2 9 
20180824099 1 2 9 7 3 6 4 10 5 8 
20180824100 8 7 1 10 9 5 4 3 6 2 
20180824101 6 2 1 3 9 10 4 8 5 7 
20180824102 7 3 10 9 8 6 5 4 2 1 
20180824103 7 4 3 5 8 9 6 2 10 1 
20180824104 7 9 6 1 10 8 5 4 2 3 
20180824105 9 6 8 1 4 2 5 7 10 3 
20180824106 3 1 4 10 5 7 6 9 8 2 
20180824107 6 3 8 1 5 9 10 4 2 7 
20180824108 6 1 8 10 7 3 4 5 2 9 
20180824109 3 5 9 2 10 6 7 1 4 8 
20180824110 6 1 7 9 8 4 2 10 5 3 
20180824111 1 7 10 8 5 2 4 9 3 6 
20180824112 4 5 2 10 6 3 8 9 7 1 
20180824113 5 7 1 9 4 8 3 6 2 10 
20180824114 8 2 9 6 5 1 4 3 7 10 
20180824115 2 7 10 5 8 4 3 1 6 9 
20180824116 7 4 9 6 2 10 1 8 3 5 
20180824117 7 10 3 9 6 5 4 1 8 2 
20180824118 1 5 2 3 9 10 7 6 4 8 
20180824119 9 10 8 6 4 1 3 7 5 2 
20180824120 4 1 8 3 5 10 7 6 2 9 
20180824121 10 1 2 7 4 6 9 3 8 5 
20180824122 10 7 3 6 9 8 4 2 1 5 
20180824123 4 1 5 9 10 2 6 3 7 8 
20180824124 1 2 8 9 7 3 4 10 5 6 
20180824125 1 6 7 3 5 4 2 10 9 8 
20180824126 8 3 6 7 10 5 4 1 2 9 
20180824127 6 5 9 4 7 10 8 2 1 3 
20180824128 2 1 10 8 5 9 3 4 6 7 
20180824129 3 8 2 1 7 4 9 5 10 6 
20180824130 4 3 6 5 1 9 7 2 8 10 
20180824131 8 3 6 4 9 1 5 10 7 2 
20180824132 8 6 5 9 3 2 7 1 4 10 
20180824133 3 9 8 10 7 6 2 5 1 4 
20180824134 2 5 9 1 3 4 8 7 10 6 
20180824135 5 3 10 8 2 1 7 4 9 6 
20180824136 6 9 7 8 2 3 1 10 4 5 
20180824137 7 10 6 2 1 8 3 9 5 4 
20180824138 3 8 4 6 9 7 2 10 5 1 
20180824139 7 9 8 4 6 3 2 5 1 10 
20180824140 5 10 2 3 8 6 1 4 7 9 
20180824141 2 5 3 1 6 7 8 4 9 10 
20180824142 7 9 4 1 3 5 10 8 2 6 
20180824143 6 1 8 3 2 9 4 10 5 7 
20180824144 5 3 4 9 8 1 10 7 6 2 
20180824145 7 1 6 10 8 2 9 3 5 4 
20180824146 1 6 8 5 2 4 10 9 3 7 
20180824147 7 6 3 5 1 8 4 9 10 2 
20180824148 10 5 1 6 7 4 9 2 3 8 
20180824149 5 8 4 9 2 7 1 3 6 10 
20180824150 7 1 10 6 9 5 2 3 8 4 
20180824151 10 2 4 1 6 5 3 9 7 8 
20180824152 4 6 2 7 10 8 5 1 9 3 
20180824153 7 6 4 1 9 10 3 2 5 8 
20180824154 10 4 5 7 9 1 3 6 8 2 
20180824155 2 6 10 9 7 3 1 4 8 5 
20180824156 5 1 4 9 6 10 8 3 2 7 
20180824157 5 7 4 6 3 9 8 1 2 10 
20180824158 10 2 3 7 5 9 4 1 8 6 
20180824159 2 9 7 8 1 3 4 6 10 5 
20180824160 9 6 8 4 2 1 5 3 10 7 
20180824161 5 2 9 4 6 3 8 1 10 7 
20180824162 9 3 5 6 1 10 2 4 7 8 
20180824163 3 10 8 7 5 4 2 6 1 9 
20180824164 9 4 8 6 3 5 2 1 7 10 
20180824165 2 10 3 6 1 9 5 4 7 8 
20180824166 7 2 4 6 3 5 8 1 10 9 
20180824167 3 9 6 1 4 2 5 7 10 8 
20180824168 2 10 7 5 6 1 8 3 9 4 
20180824169 8 9 10 1 4 5 3 7 6 2 
20180824170 9 4 6 10 8 1 5 7 2 3 
20180824171 10 6 5 7 2 9 8 3 4 1 
20180824172 1 10 5 3 2 8 6 4 7 9 
20180824173 3 6 10 2 7 1 5 4 8 9 
20180824174 7 6 9 3 5 1 10 8 2 4 
20180824175 4 3 9 2 5 8 7 10 1 6 
20180824176 1 8 4 6 7 5 2 9 3 10 
20180824177 7 4 6 1 2 9 3 10 8 5 
20180824178 8 9 6 7 4 5 1 2 3 10 
20180824179 4 5 10 9 6 2 7 1 8 3 
20180824180 9 2 8 4 10 5 7 3 6 1 
20180824181 6 2 8 9 7 3 10 1 4 5 
20180824182 10 8 7 4 5 3 2 6 1 9 
20180824183 5 3 8 7 9 1 2 4 10 6 
20180824184 7 2 10 6 8 9 1 3 4 5 
20180824185 7 5 3 9 8 6 1 10 2 4 
20180824186 4 7 1 9 3 10 2 8 5 6 
20180824187 4 6 7 1 5 9 8 2 3 10 
20180824188 4 9 7 8 5 3 1 2 6 10 
20180824189 3 9 2 6 7 8 10 4 5 1 
20180824190 1 2 8 4 7 9 5 10 3 6 
20180824191 4 10 9 7 2 6 1 5 3 8 
20180824192 3 8 7 5 10 1 2 6 4 9 
20180824193 6 8 9 2 10 5 7 3 1 4 
20180824194 1 9 6 7 2 4 3 5 10 8 
20180824195 9 2 3 1 6 8 4 7 10 5 
20180824196 3 4 2 5 10 9 6 8 7 1 
20180824197 8 9 5 4 2 1 6 10 7 3 
20180824198 2 8 5 7 9 6 4 1 3 10 
20180824199 7 5 6 10 9 4 1 8 2 3 
20180824200 9 1 8 10 3 7 5 4 6 2 
20180824201 5 9 7 3 4 10 6 8 1 2 
20180824202 8 9 3 10 6 2 7 5 1 4 
20180824203 9 8 4 2 7 10 1 5 6 3 
20180824204 5 7 10 4 6 8 3 1 2 9 
20180824205 1 6 2 10 8 4 3 5 9 7 
20180824206 1 10 8 9 2 4 7 6 3 5 
20180824207 9 5 7 4 3 1 8 2 10 6 
20180824208 8 5 7 10 3 2 4 1 6 9 
20180824209 9 4 2 8 3 5 10 6 7 1 
20180824210 3 8 2 1 5 10 4 6 9 7 
20180824211 9 3 1 10 6 5 2 8 7 4 
20180824212 4 10 2 6 7 9 1 3 5 8 
20180824213 8 9 7 6 1 10 3 2 5 4 
20180824214 9 4 5 8 2 1 6 3 10 7 
20180824215 8 10 3 7 6 4 9 5 2 1 
20180824216 6 7 2 5 10 3 8 1 4 9 
20180824217 5 10 8 7 4 9 2 6 1 3 
20180824218 7 4 5 3 2 1 9 10 6 8 
20180824219 5 1 10 9 6 2 4 8 3 7 
20180824220 3 5 4 1 6 10 2 8 9 7 
20180824221 4 8 5 6 7 3 1 10 9 2 
20180824222 9 6 8 1 5 2 4 3 10 7 
20180824223 6 8 3 4 10 2 7 9 1 5 
20180824224 10 5 6 1 9 3 2 8 7 4 
20180824225 8 3 4 2 6 9 5 10 7 1 
20180824226 5 9 7 4 3 10 6 8 2 1 
20180824227 8 9 5 2 10 4 7 3 1 6 
20180824228 5 10 3 1 9 7 4 8 6 2 
20180824229 7 4 10 8 2 3 9 1 6 5 
20180824230 1 5 4 3 8 6 10 7 9 2 
20180824231 10 9 2 3 5 4 6 7 1 8 
20180824232 9 4 2 5 8 7 6 1 10 3 
20180824233 7 4 1 9 8 6 10 3 2 5 
20180824234 8 9 3 2 1 7 5 10 6 4 
20180824235 6 4 2 7 9 10 5 1 8 3 
20180824236 10 9 2 4 5 7 3 8 1 6 
20180824237 3 7 2 4 8 1 5 10 9 6 
20180824238 1 10 9 2 3 6 7 5 4 8 
20180824239 6 9 2 10 7 1 5 3 4 8 
20180824240 6 9 2 5 8 7 10 3 4 1 
20180824241 8 9 2 6 3 5 10 7 1 4 
20180824242 5 9 6 1 8 7 4 10 2 3 
20180824243 9 7 3 2 4 1 6 5 10 8 
20180824244 3 10 7 5 1 2 8 6 9 4 
20180824245 2 6 10 5 7 1 8 4 3 9 
20180824246 9 8 5 10 1 4 2 3 7 6 
20180824247 6 7 5 4 9 2 3 1 10 8 
20180824248 9 7 2 6 1 4 8 3 10 5 
20180824249 7 9 6 4 10 1 5 3 2 8 
20180824250 6 7 1 10 4 2 9 5 3 8 
20180824251 2 7 10 3 8 4 5 9 1 6 
20180824252 6 7 1 3 5 4 10 8 9 2 
20180824253 9 3 10 6 7 1 4 8 2 5 
20180824254 5 2 3 10 7 9 6 8 4 1 
20180824255 2 6 7 1 9 8 5 3 4 10 
20180824256 10 1 5 3 6 8 9 4 7 2 
20180824257 9 6 5 3 8 1 10 7 2 4 
20180824258 3 1 10 7 8 4 5 2 9 6 
20180824259 8 10 3 6 2 7 4 1 9 5 
20180824260 7 2 8 9 1 3 10 4 6 5 
20180824261 1 6 10 4 7 2 9 5 3 8 
20180824262 5 4 10 3 7 9 6 2 1 8 
20180824263 6 4 7 3 9 2 8 1 5 10 
20180824264 8 2 6 10 3 1 7 9 4 5 
20180824265 8 6 7 9 2 5 10 4 3 1 
20180824266 1 5 10 4 2 3 9 6 7 8 
20180824267 4 8 9 10 2 5 3 7 6 1 
20180824268 1 4 2 8 9 5 7 6 3 10 
20180824269 8 7 6 10 5 2 9 3 1 4 
20180824270 9 1 7 5 10 3 4 6 2 8 
20180824271 7 9 10 6 8 4 3 1 2 5 
20180824272 6 3 10 8 5 4 2 1 9 7 
20180824273 2 3 8 6 5 4 7 1 9 10 
20180824274 8 4 2 9 7 6 10 5 1 3 
20180824275 4 9 3 7 2 5 8 6 10 1 
20180824276 7 10 8 5 9 6 4 1 2 3 
20180824277 2 9 3 1 10 7 8 5 4 6 
20180824278 9 7 5 3 4 1 10 6 2 8 
20180824279 5 10 6 9 4 8 1 2 3 7 
20180824280 5 9 2 3 1 7 4 10 6 8 
20180824281 5 9 8 10 2 7 4 6 1 3 
20180824282 3 2 7 1 10 9 5 8 4 6 
20180824283 10 9 3 6 7 8 2 4 5 1 
20180824284 3 7 1 10 9 6 4 2 5 8 
20180824285 8 6 1 4 5 10 3 2 9 7 
20180824286 1 5 10 4 2 9 7 3 6 8 
20180824287 1 3 9 5 6 2 7 8 10 4 
20180824288 9 6 10 7 3 4 1 5 8 2 
20180824289 7 2 1 6 8 10 5 3 9 4 
20180824290 4 9 5 10 1 2 6 7 3 8 
20180824291 1 7 8 4 5 2 9 10 3 6 
20180824292 1 2 6 9 7 10 5 8 4 3 
20180824293 4 6 3 5 1 10 8 7 9 2 
20180824294 2 10 3 8 5 7 9 4 6 1 
20180824295 10 7 5 2 9 4 8 6 3 1 
20180824296 5 8 9 10 1 2 4 7 6 3 
20180824297 5 4 1 8 7 6 3 9 10 2 
20180824298 2 5 1 9 6 10 7 4 3 8 
20180824299 2 10 7 9 3 8 5 4 6 1 
20180824300 10 8 4 7 5 3 6 2 9 1 
20180824301 10 9 7 8 1 4 2 5 3 6 
20180824302 6 9 8 7 3 5 2 4 10 1 
20180824303 7 2 5 4 9 3 6 8 1 10 
20180824304 8 6 10 2 7 9 4 1 3 5 
20180824305 10 8 3 9 5 2 6 1 7 4 
20180824306 4 3 9 7 6 2 1 8 5 10 
20180824307 10 7 2 8 3 1 9 5 6 4 
20180824308 5 9 1 8 3 4 2 7 10 6 
20180824309 8 2 9 7 1 6 5 4 10 3 
20180824310 3 8 9 7 5 2 1 10 4 6 
20180824311 8 5 1 2 10 3 7 4 9 6 
20180824312 4 10 6 8 3 2 7 5 9 1 
20180824313 1 3 8 2 5 9 7 10 4 6 
20180824314 1 3 10 6 9 2 8 7 5 4 
20180824315 5 3 6 9 10 7 1 4 2 8 
20180824316 9 1 10 6 7 2 4 8 5 3 
20180824317 5 2 4 6 3 1 7 10 9 8 
20180824318 5 2 8 4 10 6 1 3 7 9 
20180824319 5 4 3 1 9 8 10 2 6 7 
20180824320 5 6 2 9 8 7 10 1 3 4 
20180824321 5 8 3 4 9 7 10 2 1 6 
20180824322 2 10 1 7 9 6 5 3 8 4 
20180824323 2 8 6 5 1 3 4 7 9 10 
20180824324 1 7 10 8 4 5 2 3 6 9 
20180824325 4 10 9 3 5 7 8 6 2 1 
20180824326 9 5 4 1 3 2 10 8 6 7 
20180824327 6 8 2 7 5 9 3 1 4 10 
20180824328 2 9 6 1 7 5 10 4 8 3 
20180824329 2 5 9 3 1 4 8 7 10 6 
20180824330 7 1 9 10 4 8 2 5 6 3 
20180824331 7 2 5 3 1 4 10 6 9 8 
20180824332 8 4 10 2 1 6 3 9 5 7 
20180824333 8 7 4 6 9 5 1 3 10 2 
20180824334 9 2 4 1 3 6 10 7 5 8 
20180824335 2 1 5 8 4 9 3 6 10 7 
20180824336 3 5 9 7 6 1 2 4 10 8 
20180824337 10 4 1 3 5 7 9 6 8 2 
20180824338 6 3 1 10 8 4 9 5 7 2 
20180824339 7 4 8 3 9 1 6 2 5 10 
20180824340 10 2 8 4 7 1 9 5 6 3 
20180824341 7 10 6 8 4 2 3 9 1 5 
20180824342 6 1 9 3 10 5 8 2 4 7 
20180824343 5 4 2 7 9 8 10 6 3 1 
20180824344 9 4 7 1 5 2 3 8 6 10 
20180824345 6 5 8 1 10 7 4 9 3 2 
20180824346 10 1 4 6 5 9 7 8 2 3 
20180824347 4 9 6 3 10 2 8 5 7 1 
20180824348 4 10 5 7 2 3 1 8 9 6 
20180824349 3 6 9 10 1 4 8 5 2 7 
20180824350 8 10 5 1 2 3 9 4 7 6 
20180824351 3 6 8 4 1 2 9 10 7 5 
20180824352 6 3 7 5 8 2 9 4 10 1 
20180824353 8 7 4 10 6 1 9 2 5 3 
20180824354 7 10 8 1 9 5 2 3 6 4 
20180824355 4 7 2 3 8 10 6 1 9 5 
20180824356 8 5 2 7 3 1 6 4 10 9 
20180824357 1 6 3 8 4 9 10 2 7 5 
20180824358 10 8 9 5 1 3 4 7 2 6 
20180824359 2 3 5 1 6 4 7 9 10 8 
20180824360 7 4 2 5 3 1 6 10 8 9 
20180824361 7 8 9 3 2 4 10 6 5 1 
20180824362 6 8 4 1 2 7 10 5 9 3 
20180824363 6 8 5 2 4 7 1 10 3 9 
20180824364 4 6 9 7 1 3 8 10 5 2 
20180824365 2 8 6 4 7 9 3 10 1 5 
20180824366 9 7 3 1 10 2 4 5 6 8 
20180824367 10 1 3 2 6 4 7 8 9 5 
20180824368 9 10 2 5 4 7 6 8 1 3 
20180824369 3 5 1 8 9 2 10 4 7 6 
20180824370 3 1 10 2 6 8 7 4 9 5 
20180824371 5 1 7 3 4 8 2 9 6 10 
20180824372 5 7 9 1 2 6 4 8 10 3 
20180824373 10 4 3 8 6 7 5 1 9 2 
20180824374 1 10 3 4 8 7 5 9 6 2 
20180824375 6 3 1 2 10 8 7 9 5 4 
20180824376 3 7 8 9 10 2 6 5 1 4 
20180824377 3 2 5 9 1 8 7 4 6 10 
20180824378 5 1 6 4 10 2 7 9 3 8 
20180824379 2 7 3 10 6 4 9 8 5 1 
20180824380 9 2 7 3 4 10 6 5 8 1 
20180824381 3 2 7 8 10 6 5 1 4 9 
20180824382 4 9 3 6 2 7 5 8 10 1 
20180824383 3 1 8 4 2 7 9 10 5 6 
20180824384 3 6 8 1 9 5 4 7 10 2 
20180824385 5 1 4 3 6 9 2 8 7 10 
20180824386 2 9 8 10 3 4 7 6 1 5 
20180824387 2 3 5 10 1 6 8 4 9 7 
20180824388 8 4 9 10 6 1 3 5 2 7 
20180824389 5 3 6 2 9 1 7 10 8 4 
20180824390 6 4 8 7 9 3 1 2 5 10 
20180824391 4 1 7 9 5 2 8 3 6 10 
20180824392 3 4 9 8 6 5 10 7 2 1 
20180824393 3 2 10 5 8 6 1 9 4 7 
20180824394 6 8 10 7 3 9 2 5 1 4 
20180824395 5 1 8 6 4 3 7 10 9 2 
20180824396 8 1 5 4 3 6 7 2 10 9 
20180824397 8 5 6 7 4 3 2 9 10 1 
20180824398 7 4 6 10 1 8 9 5 2 3 
20180824399 7 6 4 3 2 9 1 5 10 8 
20180824400 5 1 7 9 6 2 10 4 8 3 
20180824401 8 1 6 7 9 3 4 5 10 2 
20180824402 10 2 6 8 1 4 9 5 7 3 
20180824403 4 6 9 8 5 10 7 3 2 1 
20180824404 10 6 3 4 8 7 2 5 9 1 
20180824405 6 1 5 7 3 2 8 9 10 4 
20180824406 8 9 5 7 3 1 2 10 6 4 
20180824407 9 3 2 8 7 4 6 5 10 1 
20180824408 4 9 1 10 6 3 8 2 7 5 
20180824409 5 8 2 3 6 9 10 1 7 4 
20180824410 3 1 8 5 7 4 2 6 10 9 
20180824411 2 6 4 7 1 3 9 8 10 5 
20180824412 2 3 9 6 4 8 7 10 1 5 
20180824413 8 5 9 1 6 4 2 7 3 10 
20180824414 9 10 4 2 7 6 3 1 8 5 
20180824415 7 8 9 6 1 3 4 10 2 5 
20180824416 1 6 3 10 8 7 5 2 9 4 
20180824417 9 1 5 4 6 2 7 8 3 10 
20180824418 8 5 6 3 2 10 4 7 9 1 
20180824419 8 5 9 6 3 7 4 2 10 1 
20180824420 9 5 6 3 7 10 1 8 4 2 
20180824421 6 10 7 9 4 3 1 5 8 2 
20180824422 4 3 8 5 10 2 6 9 7 1 
20180824423 4 5 7 9 10 8 2 1 3 6 
20180824424 8 4 10 5 3 2 7 1 9 6 
20180824425 6 5 10 1 3 2 9 7 4 8 
20180824426 4 3 2 6 8 9 10 5 1 7 
20180824427 9 2 7 5 10 3 8 4 1 6 
20180824428 2 5 6 7 10 3 9 4 8 1 
20180824429 8 2 10 6 3 4 7 9 1 5 
20180824430 1 6 9 5 4 2 8 7 3 10 
20180824431 1 10 2 4 5 6 8 7 3 9 
20180824432 5 9 6 10 1 8 3 7 2 4 
20180824433 6 2 1 5 10 3 9 7 4 8 
20180824434 8 6 9 3 2 4 7 10 1 5 
20180824435 8 10 6 1 3 5 9 4 7 2 
20180824441 4 5 10 7 1 9 2 3 6 8 
20180824442 5 10 2 1 3 7 8 9 4 6 
20180824443 5 7 9 3 1 8 4 10 2 6 
20180824444 10 1 5 9 7 3 8 6 2 4 
20180824445 7 5 9 4 10 1 8 3 2 6 
20180824446 7 2 10 9 1 3 6 4 8 5 
20180824447 1 6 8 4 7 10 2 3 5 9 
20180824448 10 1 3 6 4 5 7 8 9 2 
20180824449 1 9 10 3 5 6 8 4 7 2 
20180824450 2 7 8 6 9 3 4 5 10 1 
20180824451 10 7 3 6 2 5 4 9 8 1 
20180824452 10 3 6 9 2 8 1 5 7 4 
20180824460 6 5 8 1 9 3 2 10 4 7 
20180824461 9 7 5 1 3 4 10 2 6 8 
20180824466 1 8 6 7 10 5 9 4 3 2 
20180824470 3 9 2 5 10 4 6 7 8 1 
20180824471 9 4 6 7 1 3 8 10 2 5 
20180824476 9 8 2 3 5 7 6 1 10 4 
20180824477 1 7 6 4 10 8 5 2 9 3 
20180824478 5 2 6 7 9 4 1 10 3 8 
20180824479 2 4 1 3 9 8 7 10 6 5 
20180824480 7 8 3 1 4 5 2 10 9 6 
20180824481 6 4 5 10 8 1 2 7 3 9 
20180824482 10 4 6 9 5 7 8 3 2 1 
20180824483 3 1 8 4 7 2 9 10 6 5 
20180824484 3 7 6 8 1 5 9 10 4 2 
20180824485 10 5 1 4 7 3 2 8 6 9 
20180824486 10 1 5 3 4 8 6 9 2 7 
20180824487 4 10 9 2 3 7 6 5 8 1 
20180824488 1 2 5 3 4 7 8 9 10 6 
20180824489 1 5 10 3 6 7 4 2 9 8 
20180824490 2 8 4 7 6 3 10 5 9 1 
20180824491 9 8 5 3 2 10 1 4 6 7 
20180824492 3 7 1 2 8 5 6 9 10 4 
20180824493 2 4 9 6 3 1 7 8 5 10 
20180824494 2 6 7 9 1 10 5 4 3 8 
20180824495 1 8 9 6 7 4 3 10 5 2 
20180824496 6 2 9 1 5 4 7 10 3 8 
20180824497 4 6 1 7 3 9 10 5 2 8 
20180824498 10 7 4 3 8 5 9 6 2 1 
20180824499 7 9 3 1 6 10 2 5 8 4 
20180824500 5 4 6 7 1 2 8 9 3 10 
20180824501 4 1 3 6 7 10 9 5 2 8 
20180824502 7 4 3 2 9 6 10 1 8 5 
20180824503 7 1 6 5 4 10 8 2 9 3 
20180824504 9 6 4 2 5 3 1 7 10 8 
20180824505 7 9 8 6 3 2 10 1 5 4 
20180824506 7 9 8 2 10 4 3 6 1 5 
20180824507 1 6 4 7 8 5 2 10 3 9 
20180824508 1 8 7 5 9 10 3 2 6 4 
20180824509 5 8 3 7 2 6 9 4 10 1 
20180824510 7 4 10 5 9 6 8 3 2 1 
20180824511 8 1 10 2 4 9 5 7 6 3 
20180824512 8 3 9 5 1 6 7 2 4 10 
20180824513 10 1 7 5 3 2 8 9 6 4 
20180824514 4 1 9 7 8 6 2 10 5 3 
20180824515 2 4 6 1 10 7 5 8 9 3 
20180824516 10 7 8 9 4 6 3 1 2 5 
20180824517 9 6 7 1 4 10 5 3 8 2 
20180824518 6 9 7 5 1 2 3 8 4 10 
20180824519 10 7 8 1 5 2 4 3 9 6 
20180824520 6 5 10 2 9 7 4 3 8 1 
20180824521 9 5 8 10 3 2 4 1 7 6 
20180824522 6 9 2 8 4 7 3 5 1 10 
20180824523 5 3 4 7 10 6 1 8 2 9 
20180824524 8 2 1 6 4 3 10 9 5 7 
20180824525 4 2 5 8 9 3 10 1 7 6 
20180824526 2 10 5 7 6 1 9 3 4 8 
20180824527 9 10 6 1 8 4 7 2 5 3 
20180824528 1 8 10 9 5 7 6 2 4 3 
20180824529 7 8 9 4 5 1 2 10 6 3 
20180824530 9 5 3 4 7 8 2 1 6 10 
20180824531 10 8 4 7 3 6 5 9 1 2 
20180824532 10 9 6 1 4 8 2 7 5 3 
20180824533 9 7 3 1 8 5 4 6 10 2 
20180824534 5 8 6 2 1 10 9 4 7 3 
20180824535 8 2 5 10 3 7 9 6 4 1 
20180824536 9 8 4 2 10 3 1 5 7 6 
20180824537 8 6 3 9 7 5 2 10 1 4 
20180824538 9 7 1 3 5 6 4 2 10 8 
20180824539 6 1 10 5 3 4 2 8 9 7 
20180824540 3 1 2 5 7 10 4 6 8 9 
20180824541 1 7 4 3 5 10 6 9 2 8 
20180824542 7 5 4 3 9 8 6 1 2 10 
20180824543 9 4 2 7 3 8 5 1 6 10 
20180824544 1 5 8 4 7 10 9 3 6 2 
20180824545 3 10 4 9 5 2 7 8 1 6 
20180824546 7 1 2 5 3 9 6 8 10 4 
20180824547 2 7 5 4 6 1 3 8 10 9 
20180824548 3 2 4 1 8 6 7 9 5 10 
20180824549 5 3 6 10 8 7 2 4 9 1 
20180824550 10 3 5 7 8 1 9 4 6 2 
20180824551 8 1 9 3 2 4 5 7 10 6 
20180824552 7 1 4 3 8 2 10 9 5 6 
20180824553 4 7 1 8 5 6 10 9 2 3 
20180824554 4 7 1 9 10 3 2 6 8 5 
20180824555 3 6 4 7 2 10 8 5 9 1 
20180824556 8 9 4 7 10 1 2 5 6 3 
20180824557 8 5 1 7 2 10 4 3 6 9 
20180824558 10 7 5 3 6 9 2 1 8 4 
20180824559 4 9 5 8 2 3 10 7 1 6 
20180824560 5 9 8 2 6 3 10 1 4 7 
20180824561 3 2 8 4 6 7 9 5 1 10 
20180824562 8 7 2 10 3 6 1 5 9 4 
20180824563 1 10 7 9 4 8 2 5 3 6 
20180824564 3 5 1 10 2 7 4 9 6 8 
20180824565 1 10 2 4 9 6 8 3 7 5 
20180824566 7 2 6 3 4 9 10 8 5 1 
20180824567 10 3 9 2 1 4 5 8 6 7 
20180824568 9 7 10 5 6 2 3 4 1 8 
20180824569 1 2 4 10 5 9 6 7 8 3 
20180824570 3 1 8 9 6 4 7 10 2 5 
20180824571 3 2 6 1 8 4 10 9 5 7 
20180824572 10 1 3 7 4 6 9 8 5 2 
20180824573 8 1 7 10 3 9 4 2 6 5 
20180824574 9 3 4 7 5 6 2 1 10 8 
20180824575 2 4 5 1 9 8 10 3 6 7 
20180824576 3 6 1 10 8 2 7 4 9 5 
20180824577 9 6 3 1 10 8 5 7 4 2 
20180824578 2 5 8 3 9 10 4 7 1 6 
20180824579 6 2 10 9 4 5 7 3 8 1 
20180824580 9 10 2 7 5 8 3 4 6 1 
20180824581 9 3 6 5 8 7 2 4 1 10 
20180824582 7 6 3 5 2 8 1 4 9 10 
20180824583 9 5 4 7 8 10 6 1 3 2 
20180824584 6 4 3 7 9 10 2 1 8 5 
20180824585 8 4 9 10 3 5 6 7 1 2 
20180824586 2 3 6 9 7 10 8 5 4 1 
20180824587 8 2 10 5 9 7 3 4 6 1 
20180824588 8 5 9 4 7 10 2 3 1 6 
20180824589 6 4 3 2 10 8 5 1 9 7 
20180824590 7 9 2 4 6 8 5 3 10 1 
20180824591 6 8 9 5 1 3 10 4 2 7 
20180824592 1 6 9 10 4 5 3 7 8 2 
20180824593 7 6 5 1 8 10 9 2 4 3 
20180824594 8 3 2 10 7 9 6 5 1 4 
20180824595 10 6 3 2 7 1 8 9 5 4 
20180824596 5 1 4 10 3 2 9 8 6 7 
20180824597 1 8 4 3 6 7 9 5 2 10 
20180824598 3 7 2 8 5 1 10 4 9 6 
20180824599 5 4 8 10 1 7 3 6 9 2 
20180824600 6 4 7 1 3 5 8 9 2 10 
20180824601 4 2 6 3 9 8 1 10 5 7 
20180824602 10 9 5 6 3 7 4 8 1 2 
20180824603 1 7 3 6 9 8 10 5 4 2 
20180824604 8 6 10 7 9 5 2 1 3 4 
20180824605 8 4 5 9 3 10 6 7 1 2 
20180824606 1 3 8 4 7 6 9 10 5 2 
20180824607 9 3 5 1 8 7 10 4 2 6 
20180824608 2 9 1 7 3 8 4 10 5 6 
20180824609 6 8 4 3 5 10 7 9 2 1 
20180824610 10 9 8 1 5 4 6 7 2 3 
20180824611 4 1 10 6 5 7 9 2 3 8 
20180824612 7 3 4 1 10 5 8 9 2 6 
20180824613 9 2 10 6 8 4 5 7 1 3 
20180824614 5 3 10 2 4 9 8 6 1 7 
20180824615 4 7 10 2 6 3 9 1 8 5 
20180824616 6 10 4 5 1 2 3 8 9 7 
20180824617 7 10 4 5 8 2 6 3 9 1 
20180824618 7 10 1 6 3 4 5 9 8 2 
20180824619 4 1 5 9 6 8 10 2 7 3 
20180824620 7 6 3 2 1 9 10 5 4 8 
20180824621 10 5 7 3 6 9 1 8 2 4 
20180824622 7 9 5 10 1 3 8 6 2 4 
20180824623 8 1 10 5 2 7 4 6 9 3 
20180824624 10 4 9 1 3 7 5 8 6 2 
20180824625 5 10 8 2 6 7 3 9 4 1 
20180824626 4 6 8 7 5 2 1 10 3 9 
20180824627 4 7 6 10 3 1 2 9 8 5 
20180824628 2 8 7 3 6 4 1 9 5 10 
20180824629 4 9 10 8 2 1 5 3 7 6 
20180824630 2 1 6 4 5 3 7 9 8 10 
20180824631 9 7 8 6 5 2 3 1 10 4 
20180824632 5 2 3 6 1 8 4 9 7 10 
20180824633 1 5 4 10 9 8 6 2 3 7 
20180824634 7 6 3 9 10 4 5 1 2 8 
20180824635 5 7 2 1 3 10 8 6 9 4 
20180824636 5 9 7 3 4 8 6 10 2 1 
20180824637 8 7 10 9 6 2 5 4 1 3 
20180824638 9 2 4 5 3 1 10 7 6 8 
20180824639 10 4 8 6 7 9 3 2 1 5 
20180824640 2 10 3 1 7 6 4 8 9 5 
20180824641 6 10 2 1 7 5 8 4 3 9 
20180824642 6 5 10 8 7 9 1 2 3 4 
20180824643 10 3 4 8 7 9 2 1 5 6 
20180824644 2 5 4 1 6 9 10 7 3 8 
20180824645 5 2 1 6 4 10 7 8 9 3 
20180824646 1 10 3 5 6 8 2 4 7 9 
20180824647 9 3 5 4 6 8 7 10 1 2 
20180824648 8 6 4 7 10 3 9 1 2 5 
20180824649 8 6 9 10 7 1 3 2 4 5 
20180824650 5 7 6 9 10 1 4 3 2 8 
20180824651 6 1 10 3 4 5 8 2 9 7 
20180824652 3 4 10 7 9 5 6 1 2 8 
20180824653 6 8 5 9 10 4 2 1 7 3 
20180824654 4 10 6 9 8 1 7 3 2 5 
20180824655 8 3 9 6 7 5 4 1 2 10 
20180824656 9 2 8 4 6 10 7 1 3 5 
20180824657 3 10 4 5 7 9 8 1 6 2 
20180824658 7 10 3 9 5 2 6 4 1 8 
20180824659 2 8 3 1 7 5 10 9 4 6 
20180824660 6 2 5 9 3 1 10 4 8 7 
20180824661 4 1 6 2 3 10 7 5 9 8 
20180824662 8 5 10 1 6 4 7 2 9 3 
20180824663 10 1 7 5 9 8 3 4 2 6 
20180824664 6 10 4 2 5 9 3 7 1 8 
20180824665 5 2 7 9 3 4 10 8 1 6 
20180824666 2 1 10 8 9 6 4 7 5 3 
20180824667 5 8 4 1 2 9 3 10 7 6 
20180824668 5 1 6 7 2 3 9 4 8 10 
20180824669 3 1 6 7 4 5 8 10 9 2 
20180824670 3 6 7 2 8 10 4 9 1 5 
20180824671 5 4 1 9 7 8 10 6 2 3 
20180824672 10 6 4 9 2 8 5 1 7 3 
20180824673 9 7 3 2 5 6 10 4 8 1 
20180824674 4 6 10 8 7 3 1 2 5 9 
20180824675 3 7 10 6 1 2 5 9 8 4 
20180824676 1 3 7 8 4 5 10 9 6 2 
20180824677 4 6 5 3 2 7 1 8 9 10 
20180824678 9 1 3 7 10 8 5 2 6 4 
20180824679 10 7 1 8 4 9 5 2 6 3 
20180824680 10 3 2 5 8 6 4 7 1 9 
20180824681 4 8 9 2 7 6 3 1 10 5 
20180824682 6 9 3 8 7 10 2 4 1 5 
20180824683 6 1 8 4 3 2 5 10 7 9 
20180824684 10 8 1 5 9 2 3 6 4 7 
20180824685 3 4 2 6 10 8 1 5 7 9 
20180824686 4 6 7 8 1 2 5 3 10 9 
20180824687 10 6 1 5 4 8 2 7 9 3 
20180824688 8 1 3 2 4 10 9 7 6 5 
20180824689 5 9 4 8 2 10 3 6 7 1 
20180824690 6 5 3 1 7 9 8 10 2 4 
20180824691 2 10 8 9 6 3 7 1 4 5 
20180824692 8 4 7 3 10 5 1 9 6 2 
20180824693 3 4 1 6 2 7 5 9 8 10 
20180824694 10 3 9 6 1 7 5 2 4 8 
20180824695 4 5 6 3 9 8 2 7 1 10 
20180824696 7 2 4 5 3 6 9 1 10 8 
20180824697 10 3 6 1 9 7 8 2 5 4 
20180824698 2 7 4 1 10 3 6 9 8 5 
20180824699 6 4 1 7 8 5 10 2 9 3 
20180824700 6 9 7 1 10 8 5 4 3 2 
20180824701 4 7 5 1 10 9 6 3 2 8 
20180824702 4 9 6 8 3 5 2 7 10 1 
20180824703 8 2 7 9 1 4 5 3 6 10 
20180824704 1 3 2 6 7 9 8 10 5 4 
20180824705 8 6 3 9 4 1 2 7 5 10 
20180824706 3 6 5 4 10 7 9 1 2 8 
20180824707 8 7 3 4 9 10 2 5 6 1 
20180824708 1 8 3 4 5 9 6 7 10 2 
20180824709 8 4 6 2 7 5 3 9 10 1 
20180824710 8 6 1 10 4 9 2 5 7 3 
20180824711 2 1 6 10 5 8 7 9 3 4 
20180824712 9 5 7 4 3 1 2 6 8 10 
20180824713 4 1 10 2 8 7 6 5 3 9 
20180824714 8 10 5 3 4 2 1 9 7 6 
20180824715 6 9 8 10 7 5 4 3 2 1 
20180824716 1 8 9 5 7 2 6 4 10 3 
20180824717 7 8 6 5 10 9 4 1 2 3 
20180824718 8 6 7 9 2 3 4 5 1 10 
20180824719 9 8 7 10 5 2 6 4 3 1 
20180824720 4 7 10 9 3 1 8 6 2 5 
20180824721 8 3 1 6 7 5 4 10 2 9 
20180824722 6 3 9 2 10 8 1 5 4 7 
20180824723 6 8 10 3 4 2 1 5 9 7 
20180824724 3 5 4 9 7 1 6 10 2 8 
20180824725 4 5 8 3 10 6 7 1 2 9 
20180824726 6 9 5 2 1 10 3 4 8 7 
20180824727 4 7 1 9 2 8 6 3 10 5 
20180824728 7 3 2 9 5 4 6 1 8 10 
20180824729 9 5 8 4 7 2 10 1 3 6 
20180824730 4 2 10 7 5 1 8 9 3 6 
20180824731 2 4 7 8 9 3 1 10 5 6 
20180824732 10 9 1 6 7 5 3 4 8 2 
20180824733 2 4 3 1 8 9 10 6 5 7 
20180824734 9 6 7 10 2 8 1 4 5 3 
20180824735 8 3 2 9 6 4 5 7 10 1 
20180824736 6 4 7 9 5 8 2 10 1 3 
20180824737 5 2 8 7 9 10 1 4 6 3 
20180824738 8 1 7 3 2 5 9 4 6 10 
20180824739 7 3 4 5 8 2 10 6 1 9 
20180824740 8 3 7 10 6 9 4 2 5 1 
20180824741 5 1 4 7 10 9 3 2 6 8 
20180824742 3 6 10 1 8 4 7 5 2 9 
20180824743 1 10 4 7 9 5 6 3 2 8 
20180824744 4 8 9 7 1 2 6 5 10 3 
20180824745 7 6 10 1 5 3 8 9 2 4 
20180824746 8 10 7 1 3 4 9 5 2 6 
20180824747 2 9 6 7 5 10 8 4 1 3 
20180824748 8 10 5 3 1 9 6 7 4 2 
20180824749 6 4 1 2 10 8 9 3 7 5 
20180824750 2 10 8 4 5 7 3 9 6 1 
20180824751 7 8 10 9 2 1 3 4 6 5 
20180824752 1 5 8 3 2 9 10 4 7 6 
20180824753 8 2 6 4 5 3 1 9 7 10 
20180824754 4 3 7 1 10 5 6 2 8 9 
20180824755 4 3 6 1 2 5 9 10 7 8 
20180824756 5 6 9 1 2 7 10 4 8 3 
20180824757 5 2 10 1 4 3 6 7 8 9 
20180824758 8 7 4 2 9 6 1 3 10 5 
20180824759 10 4 2 1 9 7 8 6 3 5 
20180824760 8 7 4 10 1 5 2 6 3 9 
20180824761 7 6 4 5 3 9 8 10 2 1 
20180824762 4 10 2 8 6 9 5 1 3 7 
20180824763 6 7 5 10 9 3 8 2 1 4 
20180824764 5 10 7 1 3 8 9 2 6 4 
20180824765 6 8 1 3 2 10 4 9 5 7 
20180824766 9 1 3 10 5 2 4 6 7 8 
20180824767 2 10 6 1 5 8 4 3 9 7 
20180824768 5 6 9 2 1 7 10 8 4 3 
20180824769 1 5 4 2 6 7 3 10 9 8 
20180824770 8 7 6 3 5 4 2 9 10 1 
20180824771 1 4 6 3 8 10 9 7 5 2 
20180824772 9 4 3 6 7 8 10 5 2 1 
20180824773 2 10 6 8 3 4 7 1 5 9 
20180824774 3 8 5 4 10 7 1 6 9 2 
20180824775 8 5 10 4 7 3 2 9 6 1 
20180824776 6 3 4 10 1 8 5 9 2 7 
20180824777 3 7 5 10 6 8 1 4 2 9 
20180824778 4 2 8 10 9 5 7 1 3 6 
20180824779 2 1 4 5 9 10 8 6 7 3 
20180824780 1 10 9 6 7 2 3 8 5 4 
20180824781 4 3 1 9 2 8 7 5 6 10 
20180824782 5 3 7 2 4 1 10 6 8 9 
20180824783 4 1 5 9 3 2 6 8 7 10 
20180824784 5 6 3 1 10 4 7 8 2 9 
20180824785 4 6 8 1 2 5 10 9 3 7 
20180824786 10 9 2 3 5 6 1 7 8 4 
20180824787 7 1 3 5 4 6 8 10 2 9 
20180824788 10 7 4 2 8 3 1 5 6 9 
20180824789 3 8 2 6 5 4 7 10 1 9 
20180824790 8 1 7 9 3 10 5 6 2 4 
20180824791 9 8 3 1 4 6 7 5 10 2 
20180824792 7 10 1 5 4 9 8 6 3 2 
20180824793 5 8 2 7 1 4 3 10 9 6 
20180824794 9 10 3 1 2 5 8 7 4 6 
20180824795 5 3 6 1 4 2 7 8 9 10 
20180824796 3 5 8 9 6 7 4 2 10 1 
20180824797 10 6 2 4 9 7 3 5 1 8 
20180824798 7 10 9 3 8 2 4 5 1 6 
20180824799 4 5 1 3 10 9 2 6 7 8 
20180824800 9 2 3 8 7 4 1 10 5 6 
20180824801 4 10 5 2 7 9 3 8 1 6 
20180824802 8 4 3 7 9 10 6 2 1 5 
20180824803 7 9 6 5 1 2 8 4 3 10 
20180824804 5 9 8 1 6 10 3 4 7 2 
20180824805 4 9 5 8 6 3 10 2 1 7 
20180824806 3 2 10 4 9 5 6 1 7 8 
20180824807 10 1 6 7 4 2 8 3 9 5 
20180824808 4 8 5 6 7 10 9 1 2 3 
20180824809 3 4 9 7 5 6 10 8 1 2 
20180824810 9 2 8 3 10 5 6 1 4 7 
20180824811 10 2 1 7 9 4 3 5 6 8 
20180824812 9 7 10 6 5 2 3 4 1 8 
20180824813 3 4 8 7 1 2 9 5 6 10 
20180824814 6 9 8 10 4 5 7 3 1 2 
20180824815 10 3 8 5 7 2 9 1 4 6 
20180824816 5 10 2 3 8 4 7 9 1 6 
20180824817 7 5 8 4 3 2 1 9 10 6 
20180824818 7 2 4 9 3 6 1 8 10 5 
20180824819 9 7 1 3 5 2 10 8 6 4 
20180824820 8 10 2 6 4 7 9 1 3 5 
20180824821 8 2 9 7 10 3 5 1 4 6 
20180824822 7 10 4 9 6 1 3 8 2 5 
20180824823 3 5 2 1 7 10 9 6 8 4 
20180824824 2 4 5 1 3 7 10 9 6 8 
20180824825 2 7 5 9 4 8 3 1 10 6 
20180824826 7 6 2 1 4 5 3 10 9 8 
20180824827 5 7 2 4 1 6 9 3 10 8 
20180824828 7 5 2 9 4 6 1 3 8 10 
20180824829 9 1 8 7 3 4 6 5 10 2 
20180824830 4 6 3 1 10 5 9 8 2 7 
20180824831 8 7 4 9 3 1 10 5 6 2 
20180824832 4 8 2 1 10 9 3 5 7 6 
20180824833 9 4 3 2 5 1 6 10 8 7 
20180824834 1 8 3 5 10 9 2 6 4 7 
20180824835 10 4 5 6 3 2 9 8 1 7 
20180824836 8 9 3 5 4 2 7 10 1 6 
20180824837 5 7 9 4 6 3 10 1 2 8 
20180824838 2 5 9 6 1 8 7 3 10 4 
20180824839 7 2 9 10 1 6 3 4 8 5 
20180824840 4 9 6 3 5 1 10 8 7 2 
20180824841 8 2 9 5 10 7 3 1 6 4 
20180824842 2 9 1 3 5 7 6 8 4 10 
20180824843 5 7 6 8 3 4 1 2 9 10 
20180824844 9 7 8 6 4 1 5 2 10 3 
20180824845 6 3 9 10 7 2 5 8 1 4 
20180824846 7 1 4 6 3 5 10 8 2 9 
20180824847 2 3 6 4 10 7 8 5 1 9 
20180824848 8 1 10 2 9 5 7 6 4 3 
20180824849 3 2 9 7 1 5 4 6 10 8 
20180824850 6 9 7 10 2 4 8 1 5 3 
20180824851 7 3 1 2 8 4 9 6 5 10 
20180824852 7 2 1 5 10 8 6 9 4 3 
20180824853 8 4 1 10 9 2 3 7 6 5 
20180824854 10 4 7 9 6 3 2 1 8 5 
20180824855 4 6 3 2 7 9 10 1 5 8 
20180824856 6 9 10 1 2 7 3 8 5 4 
20180824857 3 10 8 4 9 5 1 6 2 7 
20180824858 9 1 8 4 3 2 10 7 6 5 
20180824859 1 9 2 10 8 6 7 5 4 3 
20180824860 4 6 3 7 10 5 9 8 2 1 
20180824861 4 1 10 8 6 9 7 5 3 2 
20180824862 8 6 9 4 1 7 10 2 5 3 
20180824863 2 8 5 1 9 7 3 4 10 6 
20180824864 5 7 3 1 10 9 2 8 6 4 
20180824865 7 10 3 5 1 9 6 8 2 4 
20180824866 2 6 10 7 5 3 1 9 8 4 
20180824867 5 1 2 10 7 8 4 6 3 9 
20180824868 5 4 7 9 1 8 3 10 2 6 
20180824869 9 1 2 7 3 10 4 5 6 8 
20180824870 10 5 3 4 1 2 8 6 7 9 
20180824871 3 6 5 8 2 4 9 10 1 7 
20180824872 7 4 1 3 8 5 10 2 6 9 
20180824873 7 10 2 6 3 5 1 8 9 4 
20180824874 6 5 7 10 9 2 8 4 3 1 
20180824875 6 4 2 1 8 3 10 7 9 5 
20180824876 2 8 5 10 7 6 3 9 4 1 
20180824877 5 4 1 7 3 8 2 10 9 6 
20180824878 3 10 8 9 1 7 5 4 6 2 
20180824879 10 6 9 5 8 7 2 1 4 3 
20180824880 7 9 8 5 3 6 1 10 4 2 
20180824881 9 1 6 8 4 10 3 7 5 2 
20180824882 3 6 5 10 9 1 7 2 8 4 
20180824883 5 3 2 1 6 10 7 8 4 9 
20180824884 4 1 6 3 2 5 9 8 7 10 
20180824885 10 2 3 7 9 4 1 8 5 6 
20180824886 5 1 8 10 7 2 4 9 3 6 
20180824887 2 1 5 3 4 8 9 6 7 10 
20180824888 3 4 10 2 5 7 1 8 9 6 
20180824889 9 7 6 1 8 5 2 4 10 3 
20180824890 9 5 1 2 4 7 8 10 3 6 
20180824891 5 1 2 8 9 10 7 3 4 6 
20180824892 4 5 7 6 8 2 3 10 1 9 
20180824893 6 9 7 4 5 1 10 8 2 3 
20180824894 2 10 9 6 5 1 4 7 8 3 
20180824895 5 4 7 8 10 2 1 6 3 9 
20180824896 8 9 1 10 4 3 5 7 2 6 
20180824897 5 3 2 7 8 9 1 10 6 4 
20180824898 5 10 8 1 4 3 7 6 9 2 
20180824899 2 6 1 4 7 3 8 9 5 10 
20180824900 8 2 7 1 6 5 9 10 3 4 
20180824901 8 2 6 3 4 5 10 7 1 9 
20180824902 3 4 5 2 1 10 8 9 6 7 
20180824903 9 10 3 1 8 7 6 5 4 2 
20180824904 2 7 4 1 10 8 3 9 5 6 
20180824905 1 9 7 6 2 3 10 4 5 8 
20180824906 2 10 6 1 8 9 3 5 7 4 
20180824907 4 7 3 2 8 9 1 6 5 10 
20180824908 4 2 10 3 5 1 8 6 9 7 
20180824909 5 10 1 6 2 4 7 9 3 8 
20180824910 10 1 3 5 7 9 2 4 8 6 
20180824911 6 4 3 9 10 1 2 5 8 7 
20180824912 7 4 6 5 3 9 2 10 8 1 
20180824913 8 7 6 4 1 5 9 3 2 10 
20180824914 8 10 9 6 4 1 2 3 7 5 
20180824915 8 5 6 2 3 7 4 1 9 10 
20180824916 8 5 3 7 10 9 6 4 2 1 
20180824917 2 7 5 3 4 1 9 8 10 6 
20180824918 7 2 8 1 10 3 4 5 9 6 
20180824919 1 8 2 9 6 5 3 10 4 7 
20180824920 3 1 9 10 4 5 8 7 6 2 
20180824921 3 9 2 6 7 4 5 8 10 1 
20180824922 6 10 4 1 8 7 9 5 3 2 
20180824923 9 4 10 5 1 6 3 2 8 7 
20180824924 5 10 2 9 6 8 4 7 3 1 
20180824925 3 7 5 6 10 2 4 9 1 8 
20180824926 7 10 3 6 4 2 1 8 9 5 
20180824927 8 3 2 1 9 10 4 6 5 7 
20180824928 8 2 7 3 1 5 4 10 6 9 
20180824929 2 9 7 3 1 10 4 6 5 8 
20180824930 6 7 8 9 1 5 3 4 2 10 
20180824931 8 9 2 5 10 3 4 1 7 6 
20180824932 3 10 6 4 1 9 2 7 5 8 
20180824933 6 3 9 10 8 5 2 7 1 4 
20180824934 9 4 1 6 3 10 2 7 8 5 
20180824935 1 6 5 7 9 4 3 10 2 8 
20180824936 8 9 7 3 6 1 4 2 10 5 
20180824937 8 10 6 1 5 2 3 7 4 9 
20180824938 10 1 4 2 5 7 8 3 9 6 
20180824939 6 8 7 5 9 10 1 4 3 2 
20180824940 3 1 4 5 8 2 6 7 10 9 
20180824941 9 5 10 4 7 2 1 8 3 6 
20180824942 7 9 6 10 3 1 2 5 8 4 
20180824943 9 8 7 4 2 5 1 10 3 6 
20180824944 1 9 6 3 10 2 8 5 7 4 
20180824945 3 9 10 5 2 4 7 8 6 1 
20180824946 2 5 7 3 9 8 4 10 6 1 
20180824947 6 8 2 3 9 4 10 5 1 7 
20180824948 9 4 7 6 2 5 3 1 8 10 
20180824949 4 1 2 3 9 6 5 10 8 7 
20180824950 10 8 4 5 3 2 6 1 7 9 
20180824951 1 9 6 3 7 4 2 5 10 8 
20180824952 8 6 2 4 5 10 9 7 3 1 
20180824953 8 3 2 6 9 5 4 10 1 7 
20180824954 10 7 4 1 6 9 8 2 3 5 
20180824955 8 4 6 7 9 1 2 5 3 10 
20180824956 9 1 5 3 2 6 4 8 10 7 
20180824957 2 3 7 10 4 5 1 8 6 9 
20180824958 9 10 6 7 8 4 2 3 1 5 
20180824959 1 3 6 7 8 4 10 9 2 5 
20180824960 2 1 10 4 5 7 8 9 3 6 
20180824961 4 2 5 1 6 10 8 3 7 9 
20180824962 1 3 6 4 9 7 8 10 2 5 
20180824963 7 1 9 2 3 5 6 8 4 10 
20180824964 8 7 5 10 4 2 1 9 3 6 
20180824965 9 3 5 6 10 1 8 7 2 4 
20180824966 2 8 5 7 3 1 6 10 9 4 
20180824967 5 3 8 10 9 4 7 1 6 2 
20180824968 4 9 8 5 7 2 6 1 10 3 
20180824969 1 6 2 10 5 4 7 9 3 8 
20180824970 6 5 2 8 4 7 10 9 1 3 
20180824971 3 10 9 1 5 2 8 7 4 6 
20180824972 6 4 1 9 3 5 7 8 10 2 
20180824973 10 2 1 4 5 7 3 9 6 8 
20180824974 9 2 5 8 6 10 3 1 4 7 
20180824975 8 6 10 9 2 1 7 3 4 5 
20180824976 8 6 3 9 5 1 2 4 7 10 
20180824977 9 5 8 1 6 3 2 7 4 10 
20180824978 10 6 2 4 8 9 1 3 5 7 
20180824979 1 10 3 4 5 7 6 2 9 8 
20180824980 6 5 3 4 7 2 8 1 10 9 
20180824981 8 1 7 5 4 2 10 6 9 3 
20180824982 9 7 8 4 10 2 6 3 1 5 
20180824983 6 4 2 5 7 1 10 8 9 3 
20180824984 6 7 5 8 9 1 4 10 2 3 
20180824985 2 6 4 8 7 9 5 1 10 3 
