20180819001 1 7 2 4 5 6 8 10 9 3 
20180819002 2 8 4 10 9 5 6 3 7 1 
20180819003 6 4 10 8 5 7 9 1 3 2 
20180819004 8 6 1 9 3 2 4 7 10 5 
20180819005 4 5 10 8 3 1 6 2 9 7 
20180819006 2 1 5 10 9 7 4 6 3 8 
20180819007 9 4 10 7 5 2 3 1 8 6 
20180819008 9 8 7 3 10 5 2 4 1 6 
20180819009 3 4 1 6 2 7 8 9 5 10 
20180819010 1 9 8 2 7 6 5 4 10 3 
20180819011 7 3 5 9 2 4 8 6 10 1 
20180819012 2 8 7 9 6 1 10 4 3 5 
20180819013 1 4 2 6 7 8 9 3 5 10 
20180819014 7 8 5 2 3 4 6 10 9 1 
20180819015 2 8 4 9 5 10 1 7 6 3 
20180819016 6 8 5 3 10 7 4 2 9 1 
20180819017 5 10 1 6 3 2 8 9 7 4 
20180819018 7 3 1 9 2 10 5 6 4 8 
20180819019 2 5 8 4 1 9 6 3 7 10 
20180819020 9 1 10 5 8 6 7 2 4 3 
20180819021 1 3 10 5 9 8 6 2 7 4 
20180819022 3 10 9 7 8 1 4 2 6 5 
20180819023 5 4 2 8 3 10 6 1 9 7 
20180819024 9 3 4 7 6 8 5 1 10 2 
20180819025 3 4 1 7 9 5 2 6 10 8 
20180819026 4 1 9 7 3 2 5 8 6 10 
20180819027 8 5 10 6 9 1 3 2 4 7 
20180819028 7 10 5 2 8 9 3 1 4 6 
20180819029 4 2 7 5 6 9 3 8 10 1 
20180819030 7 3 2 5 1 4 10 6 8 9 
20180819031 5 10 7 6 8 4 1 3 2 9 
20180819032 8 6 10 3 5 9 2 7 1 4 
20180819033 1 5 6 2 7 8 10 3 9 4 
20180819034 7 10 6 2 1 4 8 9 5 3 
20180819035 5 6 8 1 2 7 9 10 4 3 
20180819036 7 9 3 10 8 2 5 4 1 6 
20180819037 5 8 3 2 1 4 6 9 10 7 
20180819038 4 8 10 1 3 2 9 7 5 6 
20180819039 4 10 9 6 2 7 1 8 3 5 
20180819040 2 8 6 9 3 1 10 5 4 7 
20180819041 9 7 1 10 3 5 4 6 2 8 
20180819042 10 2 8 5 1 6 4 7 3 9 
20180819043 1 4 5 8 10 6 2 7 9 3 
20180819044 3 7 4 9 10 8 2 6 1 5 
20180819045 7 6 2 1 5 4 3 10 8 9 
20180819046 4 1 9 8 5 7 10 3 2 6 
20180819047 5 4 3 1 2 8 10 7 6 9 
20180819048 8 7 6 4 3 1 10 9 5 2 
20180819049 4 8 1 9 10 5 2 3 7 6 
20180819050 4 10 5 8 7 1 3 6 9 2 
20180819051 2 4 6 1 3 5 10 8 7 9 
20180819052 2 8 7 4 3 1 9 10 6 5 
20180819053 4 1 5 8 2 6 9 3 10 7 
20180819054 3 6 9 1 2 8 10 7 4 5 
20180819055 8 3 7 2 1 10 4 6 9 5 
20180819056 2 8 5 6 7 3 1 9 4 10 
20180819057 9 2 10 7 8 3 1 5 4 6 
20180819058 8 7 10 9 6 3 5 2 4 1 
20180819059 3 5 10 8 9 7 2 1 6 4 
20180819060 1 3 7 5 2 6 4 8 9 10 
20180819061 7 4 10 1 5 6 8 2 9 3 
20180819062 7 5 9 8 6 3 1 4 2 10 
20180819063 5 2 9 8 3 7 1 4 10 6 
20180819064 2 6 10 8 7 9 5 3 1 4 
20180819065 5 8 1 4 9 10 6 7 2 3 
20180819066 8 9 4 10 1 6 5 7 3 2 
20180819067 3 1 2 9 8 5 7 6 10 4 
20180819068 7 6 10 8 2 9 5 4 3 1 
20180819069 9 1 7 6 2 10 5 3 4 8 
20180819070 5 1 3 10 8 4 7 6 9 2 
20180819071 4 8 9 3 2 10 1 5 7 6 
20180819072 1 5 4 9 8 6 10 2 7 3 
20180819073 1 6 10 2 5 9 4 8 3 7 
20180819074 3 9 2 1 4 10 8 6 5 7 
20180819075 7 4 5 6 10 3 8 9 2 1 
20180819076 6 1 4 8 5 2 7 3 10 9 
20180819077 4 6 2 5 9 8 7 10 1 3 
20180819078 6 2 9 4 8 3 5 7 1 10 
20180819079 3 6 1 7 10 5 4 2 9 8 
20180819080 1 9 2 8 10 5 4 7 6 3 
20180819081 1 7 9 5 4 10 2 6 8 3 
20180819082 1 7 9 3 5 8 2 6 10 4 
20180819083 2 6 9 4 3 1 10 5 7 8 
20180819084 10 3 7 4 8 5 1 9 6 2 
20180819085 9 5 8 6 10 3 2 1 7 4 
20180819086 2 4 10 8 9 5 6 7 3 1 
20180819087 6 3 9 2 8 7 4 1 10 5 
20180819088 2 4 6 1 10 9 7 5 3 8 
20180819089 8 1 6 4 3 2 7 5 10 9 
20180819090 5 2 8 1 3 7 10 4 6 9 
20180819091 2 10 3 8 5 1 4 6 7 9 
20180819092 7 10 2 3 9 1 6 8 5 4 
20180819093 4 8 6 2 9 10 1 3 7 5 
20180819094 4 1 8 7 6 3 10 9 2 5 
20180819095 1 10 4 5 7 8 2 6 3 9 
20180819096 2 6 1 5 7 3 9 4 10 8 
20180819097 3 5 2 10 9 4 8 1 7 6 
20180819098 8 7 4 6 10 1 5 9 3 2 
20180819099 5 1 8 3 4 7 6 2 10 9 
20180819100 7 1 10 4 6 5 8 9 3 2 
20180819101 10 6 7 2 9 3 8 1 5 4 
20180819102 9 8 4 7 6 10 3 2 5 1 
20180819103 8 3 10 7 4 6 9 1 5 2 
20180819104 4 6 3 10 9 1 8 7 5 2 
20180819105 10 8 7 4 1 2 9 3 5 6 
20180819106 9 1 4 5 7 8 10 2 3 6 
20180819107 3 1 5 8 4 7 2 9 6 10 
20180819108 6 4 8 2 9 3 7 5 1 10 
20180819109 3 7 6 9 2 1 8 5 4 10 
20180819110 3 5 10 4 6 8 7 2 9 1 
20180819111 2 7 9 10 8 3 4 5 1 6 
20180819112 2 1 10 4 6 5 3 8 9 7 
20180819113 8 1 2 3 10 5 6 9 4 7 
20180819114 3 8 5 7 6 2 9 4 1 10 
20180819115 10 3 6 1 5 9 4 7 8 2 
20180819116 1 8 5 2 3 7 6 10 4 9 
20180819117 10 1 2 6 9 7 8 4 3 5 
20180819118 3 7 10 5 4 1 9 8 2 6 
20180819119 6 7 4 5 1 8 3 2 9 10 
20180819120 5 2 6 7 4 1 8 9 10 3 
20180819121 6 2 3 9 4 5 8 7 1 10 
20180819122 3 8 6 5 7 10 1 9 2 4 
20180819123 1 5 4 6 3 7 10 8 9 2 
20180819124 9 1 6 4 10 7 5 2 3 8 
20180819125 9 4 10 7 8 5 2 1 3 6 
20180819126 1 2 9 3 5 7 10 8 6 4 
20180819127 7 4 1 6 5 3 8 2 10 9 
20180819128 4 10 9 2 3 1 6 5 8 7 
20180819129 5 9 10 8 2 7 4 3 6 1 
20180819130 4 8 7 9 5 2 10 1 3 6 
20180819131 6 2 8 10 3 1 5 7 4 9 
20180819132 2 7 3 1 9 10 4 5 8 6 
20180819133 4 2 9 5 1 10 3 7 6 8 
20180819134 7 5 6 1 9 3 4 2 10 8 
20180819135 6 4 5 7 8 9 3 10 2 1 
20180819136 2 3 5 6 4 7 1 9 8 10 
20180819137 1 7 9 2 3 5 10 6 4 8 
20180819138 3 6 10 4 9 7 2 1 8 5 
20180819139 1 3 10 8 6 7 4 2 5 9 
20180819140 9 10 6 8 4 1 7 3 2 5 
20180819141 4 5 1 2 3 10 9 6 7 8 
20180819142 9 8 4 1 5 7 2 10 3 6 
20180819143 2 3 5 1 4 6 9 7 10 8 
20180819144 3 9 7 1 8 6 5 2 4 10 
20180819145 4 9 8 6 3 7 1 10 2 5 
20180819146 6 7 4 1 3 9 5 8 10 2 
20180819147 2 4 9 7 3 6 5 1 10 8 
20180819148 2 4 10 5 3 7 1 6 8 9 
20180819149 6 2 4 3 8 1 10 7 5 9 
20180819150 6 10 4 7 8 5 1 2 3 9 
20180819151 5 8 4 3 10 6 7 9 2 1 
20180819152 5 3 8 4 1 7 2 9 6 10 
20180819153 3 7 8 1 6 2 4 5 9 10 
20180819154 4 3 10 6 5 9 2 7 8 1 
20180819155 8 3 10 9 2 1 5 6 7 4 
20180819156 6 2 4 10 7 9 3 5 8 1 
20180819157 2 6 10 5 8 3 9 1 7 4 
20180819158 7 3 5 8 4 2 1 6 9 10 
20180819159 1 5 10 4 7 8 3 9 6 2 
20180819160 9 5 7 1 4 10 8 6 2 3 
20180819161 5 9 2 10 1 4 7 3 6 8 
20180819162 3 4 6 1 5 9 2 10 8 7 
20180819163 2 6 8 5 4 9 10 3 1 7 
20180819164 8 3 7 2 1 5 10 6 9 4 
20180819165 7 3 4 1 6 5 2 10 9 8 
20180819166 5 1 8 6 2 4 9 3 10 7 
20180819167 7 5 3 2 8 1 9 4 6 10 
20180819168 10 6 2 4 1 7 9 3 8 5 
20180819169 8 5 4 1 9 7 10 3 2 6 
20180819170 8 9 4 10 5 3 7 1 6 2 
20180819171 6 8 3 10 7 5 9 2 4 1 
20180819172 8 4 3 1 2 7 9 6 10 5 
20180819173 2 6 10 4 1 5 9 8 3 7 
20180819174 6 9 4 2 7 3 5 1 8 10 
20180819175 6 4 3 10 8 2 7 9 1 5 
20180819176 7 3 9 2 6 4 5 8 10 1 
20180819177 1 6 7 5 9 10 4 2 3 8 
20180819178 3 9 4 1 10 2 7 6 8 5 
20180819179 4 3 8 10 2 1 7 5 9 6 
20180819180 2 8 3 5 9 6 10 1 4 7 
20180819181 9 6 2 7 4 5 10 3 1 8 
20180819182 3 1 10 7 2 5 9 8 4 6 
20180819183 5 7 3 8 6 1 9 4 10 2 
20180819184 8 4 5 10 6 2 1 7 9 3 
20180819185 7 10 4 3 8 6 9 2 1 5 
20180819186 2 9 10 6 4 5 8 1 7 3 
20180819187 7 1 6 9 8 2 5 10 3 4 
20180819188 2 3 6 8 5 4 10 1 7 9 
20180819189 10 6 1 4 5 3 9 8 2 7 
20180819190 3 2 8 10 4 9 6 1 5 7 
20180819191 8 2 5 3 10 1 4 7 6 9 
20180819192 4 9 3 1 7 8 2 5 6 10 
20180819193 1 2 3 6 5 10 8 9 7 4 
20180819194 2 4 8 6 9 3 10 1 5 7 
20180819195 8 7 4 9 1 6 10 3 2 5 
20180819196 9 3 7 5 1 6 10 2 8 4 
20180819197 7 2 4 6 10 8 5 9 3 1 
20180819198 2 10 3 1 8 5 6 9 4 7 
20180819199 1 10 2 7 4 9 5 8 3 6 
20180819200 4 6 2 8 9 1 7 10 5 3 
20180819201 9 10 7 5 1 2 3 6 4 8 
20180819202 10 3 7 6 2 5 9 1 4 8 
20180819203 8 6 4 2 7 1 10 9 5 3 
20180819204 5 2 7 10 8 3 6 9 1 4 
20180819205 8 3 9 7 4 10 5 1 2 6 
20180819206 1 4 9 10 5 6 3 2 8 7 
20180819207 6 10 7 4 9 5 2 8 3 1 
20180819208 1 10 3 4 6 7 9 8 2 5 
20180819209 9 1 3 8 4 2 10 6 5 7 
20180819210 5 10 7 2 6 9 3 8 1 4 
20180819211 1 7 4 8 3 9 6 5 2 10 
20180819212 5 9 4 10 8 7 2 3 1 6 
20180819213 8 5 10 9 7 3 6 1 2 4 
20180819214 3 4 6 7 9 2 8 1 10 5 
20180819215 3 8 2 5 10 4 9 1 7 6 
20180819216 10 2 1 4 7 5 3 9 8 6 
20180819217 1 9 6 7 5 10 2 3 4 8 
20180819218 5 2 1 3 10 6 9 8 4 7 
20180819219 8 9 6 10 2 1 7 4 3 5 
20180819220 1 8 7 9 5 2 4 6 10 3 
20180819221 2 6 10 7 8 4 1 3 5 9 
20180819222 8 6 9 1 7 3 10 5 2 4 
20180819223 8 2 6 5 9 10 3 4 1 7 
20180819224 6 3 5 2 7 4 1 10 9 8 
20180819225 4 5 2 1 8 9 6 10 7 3 
20180819226 9 10 3 1 6 5 8 7 2 4 
20180819227 7 2 5 3 6 4 10 1 9 8 
20180819228 8 7 1 5 2 10 3 9 4 6 
20180819229 2 9 10 4 6 3 8 1 5 7 
20180819230 4 9 3 10 1 7 8 6 2 5 
20180819231 8 3 10 5 4 9 2 1 7 6 
20180819232 2 1 6 9 8 3 7 10 4 5 
20180819233 9 6 5 2 10 3 8 4 1 7 
20180819234 6 10 3 1 2 4 5 8 9 7 
20180819235 6 9 4 8 7 2 1 5 3 10 
20180819236 1 8 6 3 5 10 4 2 9 7 
20180819237 3 8 5 9 1 10 7 2 4 6 
20180819238 8 5 7 1 4 6 10 2 9 3 
20180819239 6 5 1 10 7 4 2 3 9 8 
20180819240 7 1 9 4 5 8 2 3 10 6 
20180819241 8 10 7 5 1 3 6 9 2 4 
20180819242 2 10 7 6 4 1 9 5 8 3 
20180819243 9 4 6 2 5 8 10 7 1 3 
20180819244 7 1 3 5 4 8 9 6 2 10 
20180819245 7 6 4 9 1 5 8 10 3 2 
20180819246 2 5 10 9 3 8 4 1 7 6 
20180819247 2 7 6 1 3 10 9 4 5 8 
20180819248 5 10 4 8 9 2 6 3 1 7 
20180819249 9 1 8 10 3 4 7 5 6 2 
20180819250 8 3 1 4 9 6 2 7 5 10 
20180819251 10 4 6 1 3 9 2 5 8 7 
20180819252 6 9 8 10 5 3 7 4 1 2 
20180819253 6 7 9 4 1 8 3 5 2 10 
20180819254 8 3 4 5 6 9 10 2 7 1 
20180819255 2 8 4 5 7 1 10 9 3 6 
20180819256 9 2 3 5 6 4 7 8 10 1 
20180819257 6 2 4 10 8 1 7 9 5 3 
20180819258 1 10 7 2 4 3 9 5 6 8 
20180819259 7 5 9 10 1 3 6 2 8 4 
20180819260 2 10 5 1 3 4 8 7 6 9 
20180819261 10 1 7 5 4 3 8 9 6 2 
20180819262 9 3 1 4 7 10 5 2 8 6 
20180819263 3 5 6 10 9 4 1 7 8 2 
20180819264 5 9 3 4 8 2 10 6 7 1 
20180819265 9 6 2 5 3 7 8 4 1 10 
20180819266 4 10 7 9 5 6 1 8 3 2 
20180819267 2 7 10 3 5 4 6 1 8 9 
20180819268 2 4 6 8 10 1 5 3 7 9 
20180819269 5 6 9 3 2 4 7 1 10 8 
20180819270 8 10 1 4 7 3 6 9 5 2 
20180819271 7 8 4 2 10 3 5 9 6 1 
20180819272 8 9 7 3 2 4 10 5 6 1 
20180819273 1 5 7 4 6 8 2 9 3 10 
20180819274 10 8 9 2 5 4 1 7 3 6 
20180819275 6 5 8 1 3 10 4 9 2 7 
20180819276 9 2 6 3 7 1 10 5 4 8 
20180819277 9 3 7 4 8 5 1 10 2 6 
20180819278 10 5 4 2 3 1 6 9 8 7 
20180819279 8 2 3 5 1 6 9 7 4 10 
20180819280 3 9 10 1 2 7 6 5 8 4 
20180819281 6 10 8 4 2 5 9 3 1 7 
20180819282 9 5 10 1 3 2 4 8 7 6 
20180819283 1 7 8 5 10 9 6 2 3 4 
20180819284 7 5 6 10 2 9 8 1 4 3 
20180819285 10 5 6 9 7 8 1 3 4 2 
20180819286 2 3 4 6 5 8 7 10 1 9 
20180819287 9 5 6 10 2 3 7 8 4 1 
20180819288 9 5 2 3 4 10 6 8 7 1 
20180819289 3 4 6 8 10 5 7 1 9 2 
20180819290 9 2 7 8 4 5 3 1 6 10 
20180819291 1 9 10 7 5 8 2 6 4 3 
20180819292 5 3 7 6 8 1 4 10 2 9 
20180819293 9 2 3 6 1 7 10 5 8 4 
20180819294 3 4 5 7 10 8 9 2 6 1 
20180819295 7 5 1 4 10 2 9 3 8 6 
20180819296 5 4 6 2 7 9 1 8 3 10 
20180819297 10 9 8 6 7 3 5 2 4 1 
20180819298 8 7 3 6 4 2 1 5 9 10 
20180819299 9 3 2 10 4 7 1 8 6 5 
20180819300 2 9 10 5 6 1 8 3 4 7 
20180819301 5 6 3 4 8 10 7 9 1 2 
20180819302 5 3 10 1 6 2 9 8 7 4 
20180819303 6 5 7 2 1 3 8 9 4 10 
20180819304 4 9 8 5 1 6 2 3 7 10 
20180819305 2 4 7 3 8 1 6 5 10 9 
20180819306 3 6 2 8 10 1 5 7 9 4 
20180819307 7 5 10 3 6 9 4 1 2 8 
20180819308 3 1 10 7 2 5 4 6 9 8 
20180819309 3 4 9 7 10 5 1 2 8 6 
20180819310 3 7 8 10 4 5 1 2 6 9 
20180819311 8 6 5 3 7 1 9 2 10 4 
20180819312 7 4 10 6 8 2 3 1 5 9 
20180819313 4 2 5 8 6 7 9 3 1 10 
20180819314 2 5 7 8 10 1 3 6 4 9 
20180819315 7 5 3 4 6 10 9 2 8 1 
20180819316 10 5 6 9 2 7 3 4 8 1 
20180819317 4 9 1 3 2 6 7 8 10 5 
20180819318 7 2 1 5 3 10 9 8 6 4 
20180819319 2 10 3 5 9 8 7 4 1 6 
20180819320 5 1 9 2 7 8 4 3 6 10 
20180819321 10 2 5 7 4 1 6 9 8 3 
20180819322 8 5 2 7 10 9 4 1 6 3 
20180819323 7 2 10 5 3 4 1 6 9 8 
20180819324 2 8 1 6 3 10 5 7 9 4 
20180819325 8 6 4 9 10 5 1 7 3 2 
20180819326 7 5 9 2 1 3 10 8 6 4 
20180819327 6 9 8 4 5 2 7 1 10 3 
20180819328 1 2 8 6 3 7 4 9 10 5 
20180819329 6 1 9 8 5 10 7 4 2 3 
20180819330 7 6 1 3 10 4 2 5 9 8 
20180819331 6 5 1 2 10 4 7 8 3 9 
20180819332 2 8 3 7 4 1 6 5 9 10 
20180819333 5 2 1 10 9 8 7 4 6 3 
20180819334 2 6 7 4 5 8 10 1 9 3 
20180819335 7 2 8 3 4 1 6 5 9 10 
20180819336 7 3 1 8 9 2 4 10 6 5 
20180819337 4 3 5 6 8 7 9 2 1 10 
20180819338 5 2 10 6 7 3 4 9 8 1 
20180819339 7 2 9 10 3 5 6 1 8 4 
20180819340 3 6 8 2 9 5 10 4 1 7 
20180819341 2 6 4 9 3 7 5 10 1 8 
20180819342 2 10 4 1 5 7 8 3 6 9 
20180819343 3 10 4 9 6 2 8 5 1 7 
20180819344 1 10 3 7 5 9 6 4 8 2 
20180819345 8 4 3 5 7 2 9 10 1 6 
20180819346 6 8 2 9 5 4 1 7 10 3 
20180819347 1 5 9 6 8 2 10 3 7 4 
20180819348 6 10 3 2 4 8 7 1 9 5 
20180819349 1 4 6 2 8 3 10 7 9 5 
20180819350 3 7 1 10 8 6 2 4 5 9 
20180819351 10 3 5 8 1 7 2 9 4 6 
20180819352 6 3 8 4 2 1 10 5 9 7 
20180819353 5 10 1 8 2 9 3 7 4 6 
20180819354 6 4 3 5 1 8 9 7 10 2 
20180819355 1 7 9 3 2 5 10 4 6 8 
20180819356 10 4 1 8 7 5 3 9 6 2 
20180819357 1 7 4 5 6 10 8 2 9 3 
20180819358 8 10 5 6 2 3 9 4 7 1 
20180819359 10 3 5 9 1 6 8 4 7 2 
20180819360 7 9 6 1 10 3 5 2 8 4 
20180819361 8 7 2 4 3 1 9 5 6 10 
20180819362 3 1 4 6 9 7 8 10 5 2 
20180819363 2 10 7 4 6 3 8 5 1 9 
20180819364 3 7 8 6 4 10 9 1 2 5 
20180819365 5 4 2 9 7 8 1 3 6 10 
20180819366 4 1 2 8 10 3 9 7 6 5 
20180819367 6 4 1 2 10 8 3 9 7 5 
20180819368 6 8 1 3 7 2 9 4 10 5 
20180819369 2 10 8 6 5 7 1 3 4 9 
20180819370 9 4 1 7 5 10 8 2 6 3 
20180819371 2 9 5 8 7 10 3 6 1 4 
20180819372 7 9 6 8 2 10 5 1 3 4 
20180819373 5 1 6 7 3 8 4 2 10 9 
20180819374 1 5 2 3 10 7 4 9 8 6 
20180819375 4 2 10 6 7 9 1 3 5 8 
20180819376 7 2 4 5 9 10 6 8 1 3 
20180819377 10 2 4 8 7 3 6 1 9 5 
20180819378 10 7 9 3 5 2 1 6 8 4 
20180819379 7 1 9 2 5 3 6 4 8 10 
20180819380 5 3 7 9 10 1 2 4 6 8 
20180819381 5 1 10 6 7 3 9 2 4 8 
20180819382 7 2 3 4 5 9 1 10 6 8 
20180819383 3 1 5 10 2 6 9 4 7 8 
20180819384 8 9 1 3 7 6 10 4 2 5 
20180819385 6 7 2 8 4 1 9 5 3 10 
20180819386 10 3 5 6 1 8 4 7 9 2 
20180819387 10 5 9 4 8 3 6 2 1 7 
20180819388 6 3 5 7 10 2 1 9 4 8 
20180819389 9 8 4 1 7 10 2 6 5 3 
20180819390 1 4 3 7 10 8 6 9 5 2 
20180819391 8 6 4 5 10 7 9 2 3 1 
20180819392 8 2 10 9 4 6 7 5 3 1 
20180819393 3 6 8 10 1 4 7 9 5 2 
20180819394 8 3 5 2 9 6 4 7 1 10 
20180819395 6 8 4 10 1 5 2 3 9 7 
20180819396 3 6 1 2 8 5 10 7 9 4 
20180819397 2 10 9 3 1 5 7 6 8 4 
20180819398 6 9 1 7 10 2 8 5 4 3 
20180819399 10 7 3 4 6 5 2 8 1 9 
20180819400 9 7 8 1 5 3 10 2 4 6 
20180819401 7 10 4 6 5 8 2 3 1 9 
20180819402 7 3 10 4 8 5 1 6 2 9 
20180819403 7 3 5 1 8 9 10 2 4 6 
20180819404 9 10 7 2 6 3 5 8 1 4 
20180819405 2 9 10 8 5 3 1 6 4 7 
20180819406 3 8 1 6 10 4 9 7 5 2 
20180819407 9 2 4 7 6 8 3 5 1 10 
20180819408 7 10 6 8 9 2 3 1 5 4 
20180819409 1 8 7 4 6 9 2 3 5 10 
20180819410 7 1 9 4 2 5 6 8 10 3 
20180819411 4 5 1 7 2 8 6 10 9 3 
20180819412 1 2 6 8 3 4 10 7 9 5 
20180819413 7 3 6 1 2 8 4 5 10 9 
20180819414 1 9 4 5 7 2 3 10 6 8 
20180819415 4 2 6 1 7 9 3 10 8 5 
20180819416 3 5 6 10 2 9 1 7 4 8 
20180819417 1 2 5 3 4 6 8 10 7 9 
20180819418 5 3 2 6 10 1 4 9 7 8 
20180819419 4 2 1 3 5 7 6 9 8 10 
20180819420 4 8 10 6 5 9 2 1 7 3 
20180819421 7 2 5 6 3 9 8 4 10 1 
20180819422 10 7 2 4 9 1 6 5 3 8 
20180819423 5 2 6 10 7 3 9 8 1 4 
20180819424 2 9 5 10 8 3 7 4 6 1 
20180819425 9 6 3 1 8 2 4 5 7 10 
20180819426 3 7 10 9 8 6 4 1 2 5 
20180819427 9 4 5 3 10 7 8 2 6 1 
20180819428 1 10 7 4 2 8 5 6 9 3 
20180819429 2 10 4 5 9 8 7 6 3 1 
20180819430 5 9 4 7 3 6 10 1 2 8 
20180819431 3 8 6 7 4 2 10 1 5 9 
20180819432 7 9 3 8 5 2 4 10 6 1 
20180819433 1 6 2 8 9 5 3 7 10 4 
20180819434 5 3 8 4 10 7 9 6 2 1 
20180819435 8 2 6 7 3 1 4 9 5 10 
20180819436 6 9 5 8 7 3 10 4 1 2 
20180819437 8 1 10 4 7 3 6 2 5 9 
20180819438 7 6 5 2 10 9 1 3 4 8 
20180819439 7 4 10 3 5 8 9 6 1 2 
20180819440 6 2 10 5 9 7 3 1 8 4 
20180819441 3 7 5 8 9 10 1 4 2 6 
20180819442 7 6 3 2 1 9 5 4 10 8 
20180819443 6 8 3 2 5 1 10 9 4 7 
20180819444 2 5 9 10 8 3 6 1 7 4 
20180819445 1 7 4 10 9 8 6 2 3 5 
20180819446 1 6 8 3 10 5 2 7 9 4 
20180819447 10 6 9 2 5 8 3 1 7 4 
20180819448 1 4 9 6 3 2 7 10 8 5 
20180819449 3 2 8 7 1 9 4 10 6 5 
20180819450 4 1 9 2 5 6 3 7 8 10 
20180819451 5 10 7 8 9 1 6 2 3 4 
20180819452 9 5 1 4 6 10 3 8 7 2 
20180819453 7 5 6 10 4 3 9 8 2 1 
20180819454 8 1 10 3 6 5 9 4 2 7 
20180819455 1 8 6 2 7 4 9 10 5 3 
20180819456 5 3 1 2 7 6 10 9 8 4 
20180819457 4 2 8 5 9 3 7 10 6 1 
20180819458 5 10 2 3 6 9 1 8 4 7 
20180819459 7 3 2 8 6 1 10 4 9 5 
20180819460 10 2 1 3 5 9 6 8 4 7 
20180819461 10 3 5 8 9 2 1 6 7 4 
20180819462 2 3 4 8 5 6 10 9 1 7 
20180819463 2 10 4 3 5 7 1 6 8 9 
20180819464 8 3 10 5 1 2 4 9 7 6 
20180819465 9 3 5 8 1 2 7 4 10 6 
20180819466 10 9 1 2 4 6 3 5 8 7 
20180819467 1 5 6 4 7 10 9 8 2 3 
20180819468 7 6 10 8 3 1 2 5 9 4 
20180819469 7 8 3 9 2 10 4 5 6 1 
20180819470 7 1 4 9 3 5 8 6 10 2 
20180819471 8 10 9 4 6 1 5 2 7 3 
20180819472 9 3 10 5 7 1 2 8 6 4 
20180819473 5 3 7 1 6 2 10 9 4 8 
20180819474 7 5 6 8 3 2 9 4 10 1 
20180819475 5 10 1 7 2 8 6 3 9 4 
20180819476 1 6 3 2 4 10 5 8 7 9 
20180819477 9 10 4 3 6 7 1 5 8 2 
20180819478 4 7 8 3 9 10 6 1 5 2 
20180819479 5 7 1 6 3 10 8 9 4 2 
20180819480 6 1 9 4 8 3 7 5 10 2 
20180819481 7 8 3 4 5 10 9 1 2 6 
20180819482 10 7 1 5 8 2 4 6 9 3 
20180819483 1 5 7 9 3 10 8 6 2 4 
20180819484 10 8 1 5 3 4 7 2 6 9 
20180819485 2 7 10 3 8 6 9 5 1 4 
20180819486 7 3 6 5 1 8 2 9 10 4 
20180819487 3 8 2 5 1 7 10 6 9 4 
20180819488 3 2 9 4 10 6 7 5 1 8 
20180819489 7 4 5 1 9 10 8 6 2 3 
20180819490 3 9 5 8 6 2 1 7 4 10 
20180819491 1 5 9 6 10 2 7 3 4 8 
20180819492 3 10 2 5 7 1 8 9 6 4 
20180819493 5 3 4 7 6 2 8 9 10 1 
20180819494 1 2 6 9 5 7 4 3 10 8 
20180819495 3 4 9 1 5 2 10 6 7 8 
20180819496 4 1 9 5 8 10 3 7 2 6 
20180819497 2 8 5 10 3 7 6 9 1 4 
20180819498 4 8 10 2 1 3 5 6 9 7 
20180819499 1 2 9 10 8 7 5 3 4 6 
20180819500 1 5 3 7 8 4 10 2 9 6 
20180819501 4 6 3 2 1 10 9 7 5 8 
20180819502 1 4 7 5 3 9 10 6 2 8 
20180819503 10 4 9 5 7 2 6 1 8 3 
20180819504 10 5 4 9 1 6 7 2 3 8 
20180819505 7 5 9 2 10 1 3 4 8 6 
20180819506 6 5 10 9 4 2 3 7 1 8 
20180819507 1 10 3 8 6 2 5 7 4 9 
20180819508 10 2 9 1 3 6 4 5 7 8 
20180819509 2 7 9 4 1 6 3 8 10 5 
20180819510 5 10 1 8 4 9 6 7 2 3 
20180819511 2 10 5 6 7 1 4 8 9 3 
20180819512 1 2 4 9 8 3 5 7 6 10 
20180819513 2 10 6 1 7 4 9 3 8 5 
20180819514 7 8 5 3 2 9 6 10 1 4 
20180819515 8 10 6 4 7 3 2 1 9 5 
20180819516 5 9 7 6 3 8 10 1 2 4 
20180819517 7 1 10 6 2 5 8 4 9 3 
20180819518 8 3 10 7 1 5 9 4 2 6 
20180819519 7 3 6 9 1 2 8 4 5 10 
20180819520 10 4 3 9 5 8 1 6 7 2 
20180819521 2 1 6 4 5 3 10 9 8 7 
20180819522 6 8 4 3 7 10 2 5 1 9 
20180819523 7 10 6 1 9 2 3 8 5 4 
20180819524 8 10 6 4 2 1 3 5 7 9 
20180819525 10 2 3 4 9 8 7 6 5 1 
20180819526 9 1 5 2 6 3 10 4 8 7 
20180819527 6 3 1 8 10 7 2 4 9 5 
20180819528 6 3 2 5 9 8 4 1 7 10 
20180819529 7 3 4 9 6 10 8 2 1 5 
20180819530 6 9 8 3 10 4 1 7 5 2 
20180819531 7 3 9 8 10 6 5 2 1 4 
20180819532 9 1 8 2 10 5 7 3 6 4 
20180819533 3 8 2 6 9 5 10 7 4 1 
20180819534 4 1 3 8 6 7 2 5 9 10 
20180819535 7 5 3 2 8 6 9 4 1 10 
20180819536 7 2 1 8 10 9 4 6 3 5 
20180819537 9 5 2 8 7 4 10 1 6 3 
20180819538 4 8 5 10 7 2 6 3 1 9 
20180819539 4 5 1 9 10 8 3 2 6 7 
20180819540 1 3 7 8 10 4 5 2 9 6 
20180819541 6 3 5 1 8 7 2 10 4 9 
20180819542 8 3 7 4 5 6 1 9 2 10 
20180819543 9 3 8 2 10 5 7 1 4 6 
20180819544 4 3 8 6 1 10 2 9 7 5 
20180819545 10 9 6 1 5 3 8 7 4 2 
20180819546 4 1 3 6 5 9 10 2 8 7 
20180819547 10 2 8 3 6 9 7 5 4 1 
20180819548 2 4 6 8 3 7 10 5 9 1 
20180819549 9 5 4 2 1 10 6 7 3 8 
20180819550 5 10 3 4 9 6 1 8 7 2 
20180819551 5 3 2 4 7 9 8 6 1 10 
20180819552 2 6 1 9 10 4 5 3 7 8 
20180819553 10 3 1 6 8 5 2 4 7 9 
20180819554 5 9 3 10 2 7 8 6 1 4 
20180819555 10 5 3 7 2 6 1 9 8 4 
20180819556 7 6 1 3 2 4 10 5 9 8 
20180819557 8 9 4 3 10 5 2 1 6 7 
20180819558 1 7 6 8 5 10 9 3 4 2 
20180819559 8 4 10 9 6 3 1 2 7 5 
20180819560 6 10 8 5 3 2 1 7 9 4 
20180819561 7 2 4 10 6 1 3 8 5 9 
20180819562 8 5 6 2 1 3 4 10 9 7 
20180819563 8 7 2 10 1 3 5 6 9 4 
20180819564 2 6 8 10 9 3 7 5 1 4 
20180819565 9 7 5 10 2 8 4 3 6 1 
20180819566 3 5 6 2 9 1 7 8 10 4 
20180819567 1 2 6 10 5 7 3 9 4 8 
20180819568 2 9 1 8 10 3 4 7 5 6 
20180819569 6 9 3 10 5 2 1 8 4 7 
20180819570 6 5 9 8 10 3 7 4 2 1 
20180819571 3 5 2 1 7 4 8 9 6 10 
20180819572 9 5 4 8 1 7 3 6 10 2 
20180819573 3 1 10 7 6 8 5 2 4 9 
20180819574 7 8 1 3 9 5 4 2 10 6 
20180819575 8 6 10 9 2 5 1 7 4 3 
20180819576 6 2 10 3 4 7 1 5 8 9 
20180819577 1 4 6 9 2 7 3 5 8 10 
20180819578 6 10 7 3 4 2 5 9 1 8 
20180819579 9 1 6 7 8 2 4 5 3 10 
20180819580 8 2 5 1 6 3 9 4 7 10 
20180819581 6 10 7 5 3 9 1 2 8 4 
20180819582 10 6 7 1 2 4 8 9 3 5 
20180819583 5 9 7 1 10 3 6 2 4 8 
20180819584 5 10 4 8 9 7 2 6 3 1 
20180819585 5 7 10 1 8 3 2 4 6 9 
20180819586 4 9 10 2 3 8 6 5 1 7 
20180819587 3 10 4 2 6 8 1 9 5 7 
20180819588 1 3 2 8 5 9 10 6 7 4 
20180819589 8 5 4 10 3 9 7 6 1 2 
20180819590 3 9 5 8 7 1 6 10 2 4 
20180819591 7 9 5 10 1 4 2 6 3 8 
20180819592 6 2 9 7 5 8 10 1 4 3 
20180819593 7 1 9 8 5 2 3 4 6 10 
20180819594 10 1 6 3 2 4 7 9 5 8 
20180819595 3 8 6 7 2 5 10 9 1 4 
20180819596 4 7 9 8 1 10 2 6 3 5 
20180819597 1 7 2 5 6 8 10 4 3 9 
20180819598 7 9 2 5 3 4 10 8 1 6 
20180819599 10 6 4 5 7 1 9 8 3 2 
20180819600 10 8 9 7 1 2 6 4 5 3 
20180819601 1 10 3 7 5 6 8 4 2 9 
20180819602 7 9 2 4 5 10 3 1 8 6 
20180819603 8 10 2 4 7 1 5 3 6 9 
20180819604 6 4 9 1 7 5 10 2 8 3 
20180819605 5 8 1 3 9 2 6 10 4 7 
20180819606 5 7 4 8 2 3 10 9 6 1 
20180819607 2 8 9 1 10 6 5 7 3 4 
20180819608 8 7 3 10 9 1 6 5 4 2 
20180819609 6 1 9 3 10 5 7 4 2 8 
20180819610 1 10 8 7 5 4 9 2 3 6 
20180819611 5 10 7 8 2 9 6 1 3 4 
20180819612 10 2 6 9 7 8 1 4 5 3 
20180819613 2 10 8 7 9 3 4 5 6 1 
20180819614 7 1 9 5 4 3 8 10 2 6 
20180819615 6 8 4 2 3 9 1 5 10 7 
20180819616 3 4 6 2 9 5 1 10 8 7 
20180819617 2 6 3 8 4 9 1 7 10 5 
20180819618 3 2 4 10 7 9 1 6 5 8 
20180819619 3 7 2 10 4 6 1 5 9 8 
20180819620 3 5 8 4 6 10 7 9 2 1 
20180819621 9 7 5 3 1 10 8 6 4 2 
20180819622 2 10 6 7 8 1 9 4 3 5 
20180819623 8 2 1 9 5 10 3 6 7 4 
20180819624 2 7 10 4 5 3 1 8 9 6 
20180819625 9 10 8 6 7 1 2 5 4 3 
20180819626 1 9 6 8 10 5 4 2 3 7 
20180819627 1 5 8 6 7 4 2 9 3 10 
20180819628 9 2 4 7 3 5 10 6 8 1 
20180819629 3 1 4 10 5 9 7 2 8 6 
20180819630 8 9 3 2 6 1 4 5 7 10 
20180819631 7 9 2 8 6 4 3 5 10 1 
20180819632 1 10 2 8 5 6 4 7 3 9 
20180819633 3 1 7 9 5 4 2 8 10 6 
20180819634 4 8 10 1 2 5 3 7 9 6 
20180819635 2 6 8 3 7 4 10 1 9 5 
20180819636 2 10 6 3 8 7 9 5 4 1 
20180819637 3 10 2 4 7 9 8 6 1 5 
20180819638 10 1 5 4 7 8 2 3 6 9 
20180819639 3 1 10 6 4 9 8 7 2 5 
20180819640 6 5 9 1 3 8 4 7 2 10 
20180819641 5 4 2 9 3 8 6 1 10 7 
20180819642 7 4 2 5 8 9 1 3 10 6 
20180819643 1 8 9 2 7 5 6 4 10 3 
20180819644 1 9 7 10 6 3 4 5 8 2 
20180819645 1 9 6 7 2 5 8 3 4 10 
20180819646 6 4 9 10 8 7 1 2 5 3 
20180819647 3 10 8 4 2 1 6 9 5 7 
20180819648 7 8 2 4 5 3 6 9 1 10 
20180819649 1 2 3 6 9 8 10 5 7 4 
20180819650 5 10 2 3 6 4 8 1 7 9 
20180819651 9 10 8 6 3 5 7 2 4 1 
20180819652 1 8 9 2 10 4 6 7 5 3 
20180819653 3 2 8 1 7 6 5 4 9 10 
20180819654 4 3 10 8 6 7 5 9 1 2 
20180819655 4 2 10 7 3 6 9 1 8 5 
20180819656 2 7 10 9 1 4 5 6 3 8 
20180819657 3 6 7 2 1 4 10 9 5 8 
20180819658 5 10 9 3 8 7 6 4 2 1 
20180819659 5 10 9 7 3 2 6 4 8 1 
20180819660 10 3 1 4 6 7 8 9 2 5 
20180819661 8 6 4 9 2 1 3 7 10 5 
20180819662 10 8 1 7 6 9 4 2 5 3 
20180819663 8 2 10 5 7 1 9 6 4 3 
20180819664 2 7 5 8 1 6 3 10 4 9 
20180819665 3 10 5 1 6 8 7 9 2 4 
20180819666 2 3 9 1 10 5 7 8 6 4 
20180819667 4 3 6 10 9 5 1 7 2 8 
20180819668 2 4 6 3 7 8 1 5 10 9 
20180819669 5 4 6 10 7 9 1 8 3 2 
20180819670 2 9 10 1 5 3 6 8 7 4 
20180819671 10 2 1 6 9 5 3 8 4 7 
20180819672 4 3 7 6 9 2 1 8 5 10 
20180819673 4 6 8 5 2 9 3 1 10 7 
20180819674 8 9 6 1 3 10 4 2 7 5 
20180819675 4 2 8 9 1 6 3 5 7 10 
20180819676 7 1 4 5 6 3 2 10 9 8 
20180819677 9 10 3 7 6 1 8 2 4 5 
20180819678 3 9 1 5 10 2 6 7 8 4 
20180819679 1 3 8 4 5 9 6 7 2 10 
20180819680 1 4 8 6 9 3 5 10 2 7 
20180819681 5 2 9 1 6 3 8 4 7 10 
20180819682 2 3 10 9 4 7 6 1 5 8 
20180819683 9 10 4 3 8 6 5 7 2 1 
20180819684 7 9 3 4 5 2 10 6 8 1 
20180819685 2 10 3 8 7 5 9 4 6 1 
20180819686 2 3 5 10 9 4 8 7 1 6 
20180819687 5 10 4 9 7 8 2 1 6 3 
20180819688 1 8 10 6 3 5 4 2 7 9 
20180819689 10 4 2 5 6 8 9 1 7 3 
20180819690 6 1 4 3 5 7 8 2 10 9 
20180819691 3 8 7 1 5 4 9 6 10 2 
20180819692 5 9 10 6 1 8 3 7 2 4 
20180819693 4 8 10 5 2 1 6 3 9 7 
20180819694 2 10 8 9 5 6 7 4 1 3 
20180819695 10 8 7 2 9 3 5 1 4 6 
20180819696 1 7 8 2 3 4 6 5 9 10 
20180819697 3 2 9 1 4 8 10 6 5 7 
20180819698 5 7 8 1 6 3 2 10 9 4 
20180819699 3 6 8 4 10 9 5 2 7 1 
20180819700 2 7 8 9 5 3 10 4 1 6 
20180819701 4 9 2 1 8 7 6 5 10 3 
20180819702 8 5 10 4 9 6 2 1 3 7 
20180819703 5 10 2 1 9 8 4 7 6 3 
20180819704 10 3 4 1 8 2 7 5 6 9 
20180819705 3 10 6 9 1 4 5 2 8 7 
20180819706 2 7 8 3 4 6 1 5 9 10 
20180819707 3 10 8 6 1 2 9 5 4 7 
20180819708 4 6 7 3 8 1 10 5 9 2 
20180819709 3 10 9 6 1 8 4 7 5 2 
20180819710 4 9 10 8 7 1 2 3 6 5 
20180819711 2 10 5 7 4 9 1 6 3 8 
20180819712 7 1 10 9 6 4 8 2 5 3 
20180819713 2 6 10 8 4 3 1 9 5 7 
20180819714 2 5 6 9 10 3 8 4 7 1 
20180819715 2 1 9 4 10 8 3 5 7 6 
20180819716 1 2 10 5 7 3 9 4 6 8 
20180819717 2 4 6 1 3 5 10 9 8 7 
20180819718 1 4 7 6 5 10 8 9 2 3 
20180819719 4 5 2 1 7 8 9 6 3 10 
20180819720 3 10 8 2 4 6 1 9 7 5 
20180819721 4 8 3 5 6 10 2 7 1 9 
20180819722 3 7 4 1 6 9 10 5 8 2 
20180819723 5 10 7 8 9 6 4 2 1 3 
20180819724 1 9 3 8 7 5 6 2 10 4 
20180819725 8 1 9 3 5 6 2 7 10 4 
20180819726 1 4 5 3 8 7 6 10 2 9 
20180819727 2 6 5 7 1 8 4 9 10 3 
20180819728 1 3 9 5 7 2 8 10 4 6 
20180819729 2 10 6 9 5 7 4 1 8 3 
20180819730 9 5 2 10 1 3 7 4 8 6 
20180819731 7 4 10 6 1 3 2 8 9 5 
20180819732 6 4 1 9 2 10 5 8 3 7 
20180819733 7 2 8 6 3 10 4 5 9 1 
20180819734 5 7 8 3 2 1 6 4 9 10 
20180819735 9 5 8 6 4 2 7 10 1 3 
20180819736 9 4 1 3 6 10 8 7 2 5 
20180819737 4 9 1 7 8 6 2 3 10 5 
20180819738 1 3 7 5 10 8 6 2 4 9 
20180819739 4 3 10 9 2 6 5 7 1 8 
20180819740 4 2 8 5 6 1 9 7 10 3 
20180819741 4 3 10 6 7 1 9 8 2 5 
20180819742 5 2 10 8 1 4 7 6 9 3 
20180819743 9 3 6 7 4 2 5 8 10 1 
20180819744 5 4 6 3 7 8 1 2 9 10 
20180819745 7 3 8 9 4 5 10 6 2 1 
20180819746 6 9 5 4 2 8 10 7 3 1 
20180819747 3 10 9 6 2 7 5 1 4 8 
20180819748 1 5 9 10 2 7 3 6 4 8 
20180819749 6 3 5 9 10 4 7 8 1 2 
20180819750 7 2 1 5 6 3 4 10 8 9 
20180819751 1 3 4 8 7 9 5 10 6 2 
20180819752 8 10 9 4 3 1 7 5 2 6 
20180819753 4 10 9 1 3 7 6 8 5 2 
20180819754 4 8 3 1 10 6 2 7 5 9 
20180819755 4 5 10 9 3 2 1 8 6 7 
20180819756 9 3 1 5 6 10 8 7 2 4 
20180819757 1 8 7 9 10 6 2 3 5 4 
20180819758 4 8 7 9 3 2 10 6 5 1 
20180819759 4 9 2 7 3 1 5 6 10 8 
20180819760 8 2 4 5 1 6 7 3 9 10 
20180819761 3 6 8 4 1 9 7 10 2 5 
20180819762 4 7 6 10 2 1 9 8 3 5 
20180819763 5 10 9 2 8 3 1 7 4 6 
20180819764 5 8 7 2 3 4 10 6 9 1 
20180819765 3 1 7 4 9 5 8 6 10 2 
20180819766 2 1 3 9 10 8 4 5 7 6 
20180819767 1 6 10 2 5 4 8 7 3 9 
20180819768 4 8 10 2 9 1 5 7 3 6 
20180819769 5 8 6 7 3 4 9 10 1 2 
20180819770 10 4 1 2 3 6 7 9 8 5 
20180819771 6 2 5 4 7 8 1 3 9 10 
20180819772 3 10 4 9 6 8 2 7 1 5 
20180819773 2 10 1 5 9 3 7 8 4 6 
20180819774 6 8 9 3 10 5 4 1 7 2 
20180819775 5 2 6 3 4 10 8 9 7 1 
20180819776 8 6 5 2 10 4 7 3 1 9 
20180819777 4 1 3 8 2 5 7 6 10 9 
20180819778 2 3 6 5 8 7 9 1 4 10 
20180819779 1 3 4 5 8 2 10 7 6 9 
20180819780 6 4 8 1 7 2 5 9 10 3 
20180819781 3 5 7 2 6 8 4 1 9 10 
20180819782 4 8 10 2 5 6 3 7 1 9 
20180819783 1 9 2 10 7 4 5 6 3 8 
20180819784 1 6 7 10 4 8 2 3 9 5 
20180819785 6 1 10 2 9 7 3 5 4 8 
20180819786 8 10 2 7 1 6 4 5 3 9 
20180819787 5 2 8 7 9 10 4 6 1 3 
20180819788 6 7 8 9 4 10 2 1 3 5 
20180819789 7 1 9 5 10 4 2 6 8 3 
20180819790 2 7 6 3 1 9 4 8 10 5 
20180819791 1 5 2 10 3 7 6 4 8 9 
20180819792 5 1 9 3 6 2 10 4 8 7 
20180819793 6 4 3 5 8 9 2 1 7 10 
20180819794 2 10 4 8 9 5 3 1 6 7 
20180819795 2 7 6 5 1 3 9 4 8 10 
20180819796 4 10 6 7 3 9 8 1 2 5 
20180819797 6 4 2 10 1 7 9 3 8 5 
20180819798 1 9 6 7 5 10 8 3 4 2 
20180819799 10 6 4 7 5 1 3 2 9 8 
20180819800 10 4 7 1 3 2 6 9 5 8 
20180819801 9 4 3 6 1 2 8 5 7 10 
20180819802 7 10 9 6 5 8 3 2 4 1 
20180819803 3 8 6 5 2 1 4 9 10 7 
20180819804 6 2 10 9 1 7 8 5 3 4 
20180819805 4 10 9 6 3 7 5 1 2 8 
20180819806 7 8 6 9 10 4 1 3 2 5 
20180819807 10 8 7 9 4 5 6 2 1 3 
20180819808 2 4 1 9 7 3 10 8 6 5 
20180819809 4 2 5 6 8 3 10 7 1 9 
20180819810 1 8 4 6 2 9 10 3 5 7 
20180819811 8 3 5 4 10 7 1 6 9 2 
20180819812 9 10 3 2 4 6 1 5 7 8 
20180819813 2 10 6 4 8 1 3 7 9 5 
20180819814 8 10 3 6 1 9 5 7 2 4 
20180819815 4 3 10 1 5 7 6 8 2 9 
20180819816 9 10 5 7 4 6 3 1 2 8 
20180819817 10 9 2 7 3 8 4 6 1 5 
20180819818 5 10 4 7 3 2 1 8 9 6 
20180819819 10 4 7 1 3 9 2 5 6 8 
20180819820 9 4 7 3 2 1 8 5 10 6 
20180819821 9 1 2 5 3 10 8 4 7 6 
20180819822 2 4 10 7 5 3 8 1 6 9 
20180819823 2 5 7 6 3 1 8 9 10 4 
20180819824 2 8 6 5 3 9 4 1 10 7 
20180819825 6 3 1 2 7 9 5 10 4 8 
20180819826 8 6 5 2 1 10 4 7 9 3 
20180819827 6 10 2 8 9 5 4 1 3 7 
20180819828 5 1 2 9 8 4 7 10 6 3 
20180819829 6 3 5 9 2 10 1 8 4 7 
20180819830 3 7 1 5 10 6 2 4 8 9 
20180819831 8 3 10 7 2 6 5 9 1 4 
20180819832 5 2 10 9 6 7 1 4 3 8 
20180819833 4 6 7 3 1 9 10 8 2 5 
20180819834 5 6 1 3 4 2 8 9 7 10 
20180819835 3 4 5 2 1 9 10 7 6 8 
20180819836 3 5 1 4 2 9 6 8 7 10 
20180819837 4 5 9 8 7 10 3 2 1 6 
20180819838 7 3 1 8 4 5 2 10 9 6 
20180819839 2 3 7 10 5 4 1 8 6 9 
20180819840 6 10 1 9 3 8 2 7 5 4 
20180819841 10 1 4 3 2 7 8 5 9 6 
20180819842 2 8 10 4 3 1 5 9 7 6 
20180819843 8 2 1 5 6 10 7 4 3 9 
20180819844 9 10 4 1 8 6 3 7 5 2 
20180819845 7 9 2 6 3 10 8 1 5 4 
20180819846 6 5 1 3 7 9 8 4 2 10 
20180819847 5 6 4 3 9 8 10 7 2 1 
20180819848 6 5 3 4 1 9 8 2 7 10 
20180819849 9 1 10 3 5 6 2 7 4 8 
20180819850 4 7 10 8 6 3 9 1 5 2 
20180819851 9 8 3 4 2 1 6 5 7 10 
20180819852 1 5 6 4 10 2 9 3 8 7 
20180819853 2 7 6 8 1 10 3 5 9 4 
20180819854 7 3 8 9 2 5 6 10 1 4 
20180819855 6 3 7 9 4 8 10 5 1 2 
20180819856 3 9 6 5 8 1 4 7 2 10 
20180819857 3 9 6 8 4 7 10 2 1 5 
20180819858 5 9 1 3 10 6 8 2 4 7 
20180819859 8 3 9 4 7 10 6 2 5 1 
20180819860 5 1 6 3 10 7 8 2 9 4 
20180819861 3 1 8 7 10 9 2 4 5 6 
20180819862 5 2 9 7 6 3 4 10 8 1 
20180819863 2 8 10 4 5 6 3 9 7 1 
20180819864 5 4 6 9 7 10 3 8 2 1 
20180819865 3 2 5 10 8 6 1 7 9 4 
20180819866 1 10 8 3 6 9 7 4 5 2 
20180819867 7 10 3 5 9 4 1 8 2 6 
20180819868 2 5 3 6 7 4 1 10 9 8 
20180819869 10 3 8 2 7 6 4 5 1 9 
20180819870 3 1 6 8 2 5 7 10 4 9 
20180819871 10 4 6 7 5 9 2 1 8 3 
20180819872 6 4 5 1 3 8 9 2 10 7 
20180819873 6 9 1 2 4 5 3 10 8 7 
20180819874 8 7 4 10 5 9 3 6 2 1 
20180819875 2 5 1 10 7 3 9 6 4 8 
20180819876 1 7 4 6 8 9 3 2 5 10 
20180819877 9 5 1 4 6 2 8 7 10 3 
20180819878 7 10 6 2 1 5 9 3 4 8 
20180819879 9 2 10 6 1 4 8 5 3 7 
20180819880 5 2 9 7 4 8 3 1 6 10 
20180819881 10 1 9 8 7 4 2 6 5 3 
20180819882 2 5 1 9 10 7 4 3 6 8 
20180819883 9 2 6 4 8 3 5 1 7 10 
20180819884 4 5 2 9 10 7 1 8 3 6 
20180819885 7 6 3 8 2 5 9 10 4 1 
20180819886 8 3 10 7 2 9 5 6 4 1 
20180819887 10 3 9 5 8 6 1 7 4 2 
20180819888 8 2 9 5 4 3 6 10 1 7 
20180819889 1 3 10 7 5 9 8 2 6 4 
20180819890 9 7 8 4 10 5 6 1 2 3 
20180819891 8 10 9 6 2 5 7 1 4 3 
20180819892 3 5 4 8 1 10 7 2 6 9 
20180819893 7 2 1 8 3 10 6 5 4 9 
20180819894 3 9 4 8 5 6 10 2 1 7 
20180819895 4 5 10 7 1 9 8 3 6 2 
20180819896 5 1 8 10 9 6 7 4 2 3 
20180819897 3 4 10 5 6 1 9 8 2 7 
20180819898 2 3 9 8 6 5 10 4 1 7 
20180819899 9 2 5 3 10 8 4 7 1 6 
20180819900 7 9 2 4 6 5 3 10 8 1 
20180819901 8 5 7 10 3 9 4 2 6 1 
20180819902 2 10 1 6 7 5 8 9 4 3 
20180819903 2 5 1 8 3 4 7 6 9 10 
20180819904 2 3 8 7 9 1 5 4 6 10 
20180819905 6 1 9 2 7 5 4 8 3 10 
20180819906 4 1 8 5 3 10 9 7 6 2 
20180819907 3 4 10 2 8 1 9 7 6 5 
20180819908 1 4 7 3 5 10 9 2 6 8 
20180819909 5 3 10 1 6 9 8 7 4 2 
20180819910 3 5 9 8 7 1 4 10 2 6 
20180819911 6 7 3 5 8 10 4 2 1 9 
20180819912 8 3 2 1 6 4 10 7 5 9 
20180819913 10 8 5 4 2 3 9 7 1 6 
20180819914 2 9 5 4 8 6 3 10 1 7 
20180819915 10 6 8 3 7 2 1 4 9 5 
20180819916 10 2 8 1 3 4 7 9 6 5 
20180819917 1 2 5 7 10 6 4 8 9 3 
20180819918 6 5 9 4 3 1 8 2 7 10 
20180819919 5 7 6 8 9 2 10 3 4 1 
20180819920 7 3 5 1 8 10 6 2 4 9 
20180819921 5 1 4 3 6 9 2 8 10 7 
20180819922 9 7 8 4 2 10 6 5 3 1 
20180819923 7 9 4 8 5 2 6 1 10 3 
20180819924 8 9 7 4 6 5 1 2 3 10 
20180819925 3 8 10 1 5 6 7 4 2 9 
20180819926 5 7 8 10 1 3 2 9 6 4 
20180819927 2 4 5 9 3 10 6 8 1 7 
20180819928 3 1 8 6 2 10 5 9 7 4 
20180819929 1 4 5 7 3 2 8 9 6 10 
20180819930 3 9 7 10 5 6 8 2 1 4 
20180819931 9 8 4 5 2 3 1 7 6 10 
20180819932 6 10 8 1 2 3 7 9 4 5 
20180819933 5 9 8 1 4 2 7 10 3 6 
20180819934 10 4 3 1 5 2 6 7 8 9 
20180819935 1 2 4 9 3 10 5 6 8 7 
20180819936 8 1 7 6 9 10 5 4 2 3 
20180819937 8 3 1 9 7 4 2 10 6 5 
20180819938 10 8 6 2 7 3 5 9 1 4 
20180819939 9 2 5 10 3 4 7 6 1 8 
20180819940 3 6 8 2 1 10 9 4 5 7 
20180819941 8 3 10 2 9 5 6 7 1 4 
20180819942 7 5 4 6 1 10 8 9 3 2 
20180819943 9 2 8 3 5 7 4 6 10 1 
20180819944 7 3 1 8 9 6 4 5 10 2 
20180819945 7 1 5 6 4 2 8 3 10 9 
20180819946 6 9 7 3 2 5 4 10 8 1 
20180819947 2 7 6 1 5 8 3 4 9 10 
20180819948 5 9 10 1 7 2 3 6 4 8 
20180819949 3 5 8 4 7 2 1 10 9 6 
20180819950 9 5 7 8 1 10 6 3 4 2 
20180819951 6 7 1 4 10 8 5 9 2 3 
20180819952 9 7 3 10 5 6 1 4 2 8 
20180819953 10 1 6 3 5 4 7 8 2 9 
20180819954 2 5 9 4 7 1 6 10 8 3 
20180819955 1 3 5 2 6 10 8 4 7 9 
20180819956 6 5 9 2 1 8 3 4 7 10 
20180819957 8 6 4 5 7 3 9 1 2 10 
20180819958 9 3 7 4 2 5 8 6 10 1 
20180819959 5 1 2 4 10 6 8 7 3 9 
20180819960 4 3 5 7 9 10 2 1 8 6 
20180819961 8 1 7 4 6 9 3 10 2 5 
20180819962 2 9 5 8 1 4 6 10 7 3 
20180819963 9 4 1 6 3 7 2 5 10 8 
20180819964 6 7 10 2 9 3 8 4 5 1 
20180819965 1 5 9 8 7 10 2 3 4 6 
20180819966 3 8 6 1 5 10 9 4 2 7 
20180819967 4 5 8 2 1 3 9 7 10 6 
20180819968 3 9 5 4 1 10 7 8 6 2 
20180819969 8 5 6 3 4 9 7 10 2 1 
20180819970 6 8 10 3 1 5 7 9 4 2 
20180819971 6 10 8 9 2 1 5 3 7 4 
20180819972 1 8 4 7 9 2 5 6 3 10 
20180819973 7 4 2 8 5 9 10 6 1 3 
20180819974 4 7 6 10 2 8 1 5 3 9 
20180819975 10 9 7 6 1 2 5 8 4 3 
20180819976 2 4 9 6 7 1 3 10 8 5 
20180819977 8 1 10 2 6 7 9 4 5 3 
20180819978 5 9 4 8 10 7 3 1 2 6 
20180819979 2 8 5 3 1 7 10 6 9 4 
20180819980 7 3 5 9 4 2 8 10 6 1 
20180819981 10 5 7 2 8 3 1 6 9 4 
20180819982 2 4 3 5 8 10 9 7 1 6 
20180819983 7 9 1 5 4 6 8 2 10 3 
20180819984 1 6 2 9 5 10 3 8 7 4 
20180819985 10 6 5 2 7 8 1 4 9 3 
