20180829002 6 2 1 3 8 9 5 10 4 7 
20180829003 5 3 10 4 8 7 6 2 1 9 
20180829004 2 1 6 9 3 7 5 10 8 4 
20180829005 3 7 5 2 4 10 8 1 9 6 
20180829006 5 6 10 8 4 2 3 9 7 1 
20180829007 7 5 3 4 6 9 2 8 1 10 
20180829008 10 6 4 9 3 5 1 2 7 8 
20180829009 8 2 9 5 3 1 6 10 4 7 
20180829010 10 5 8 2 7 1 6 3 9 4 
20180829011 7 4 10 1 5 8 6 9 2 3 
20180829012 4 8 6 9 5 10 3 2 1 7 
20180829013 9 2 6 10 4 8 5 7 1 3 
20180829014 8 3 5 9 10 2 1 6 4 7 
20180829015 1 4 7 9 8 10 3 5 6 2 
20180829016 9 2 10 1 5 4 7 6 3 8 
20180829017 5 10 8 7 9 2 4 6 3 1 
20180829018 9 4 5 1 3 6 7 8 10 2 
20180829019 10 5 8 3 2 7 4 9 1 6 
20180829020 8 1 6 4 2 9 10 3 7 5 
20180829021 5 3 9 10 1 8 7 6 2 4 
20180829022 7 5 1 9 2 3 10 8 6 4 
20180829023 8 6 2 4 1 9 5 7 10 3 
20180829024 7 8 3 1 5 4 9 10 6 2 
20180829025 6 5 9 2 7 8 4 3 1 10 
20180829026 10 7 1 3 8 4 9 5 2 6 
20180829027 1 3 5 4 8 6 10 7 9 2 
20180829028 6 1 10 2 8 5 4 3 7 9 
20180829029 5 10 9 4 7 1 8 6 2 3 
20180829030 3 7 5 8 4 1 2 9 6 10 
20180829031 9 8 4 3 6 2 5 10 7 1 
20180829032 3 6 7 9 4 8 1 10 5 2 
20180829033 6 4 8 9 10 5 7 3 2 1 
20180829034 8 7 6 5 10 3 4 2 1 9 
20180829035 7 4 10 3 8 2 5 6 9 1 
20180829036 8 5 7 3 10 9 1 2 6 4 
20180829037 6 10 2 9 3 4 8 7 5 1 
20180829038 8 2 5 3 1 9 4 6 10 7 
20180829039 8 6 5 2 10 9 1 3 4 7 
20180829040 1 6 7 8 5 4 10 9 3 2 
20180829041 8 10 9 6 7 2 4 1 3 5 
20180829042 9 2 5 7 4 10 8 1 6 3 
20180829043 2 8 1 3 9 4 6 10 5 7 
20180829044 8 9 5 1 4 6 3 7 2 10 
20180829045 2 5 10 9 7 3 8 6 4 1 
20180829046 1 10 2 4 5 6 9 3 8 7 
20180829047 7 9 10 1 2 8 6 3 5 4 
20180829048 1 4 2 9 7 3 5 8 10 6 
20180829049 4 9 10 1 5 7 3 6 8 2 
20180829050 5 9 1 8 6 4 2 3 7 10 
20180829051 7 1 8 9 6 2 5 4 10 3 
20180829052 2 7 3 10 4 5 1 6 9 8 
20180829053 5 9 6 7 3 10 1 2 8 4 
20180829054 5 7 8 2 10 6 1 4 3 9 
20180829055 8 9 3 2 10 4 1 5 6 7 
20180829056 2 10 1 4 5 9 7 8 6 3 
20180829057 3 2 5 1 9 10 7 8 4 6 
20180829058 5 1 10 6 2 4 8 9 3 7 
20180829059 8 7 3 10 9 5 4 6 1 2 
20180829060 9 2 3 10 4 7 8 1 5 6 
20180829061 5 6 7 3 1 10 4 2 8 9 
20180829062 5 4 7 3 9 8 2 6 10 1 
20180829063 2 5 9 7 1 10 4 3 8 6 
20180829064 9 1 5 3 7 8 6 10 2 4 
20180829065 10 6 1 3 8 2 4 5 9 7 
20180829066 8 10 7 1 9 2 6 4 3 5 
20180829067 4 2 7 3 8 10 9 5 6 1 
20180829068 6 3 10 8 2 7 1 5 4 9 
20180829069 8 6 2 9 10 1 5 4 3 7 
20180829070 4 2 6 3 9 7 1 5 8 10 
20180829071 6 10 9 7 4 5 3 8 2 1 
20180829072 6 5 3 7 9 1 4 10 8 2 
20180829073 3 10 6 5 9 8 4 2 7 1 
20180829074 2 3 8 10 4 9 5 7 1 6 
20180829075 10 9 5 6 4 1 7 3 8 2 
20180829076 6 1 2 5 7 3 10 9 4 8 
20180829077 3 9 1 10 4 5 2 8 7 6 
20180829078 2 4 1 5 3 9 6 8 10 7 
20180829079 2 1 4 7 9 5 8 10 3 6 
20180829080 1 8 6 5 2 4 9 7 3 10 
20180829081 3 5 4 6 8 7 1 10 9 2 
20180829082 7 9 3 10 2 8 6 4 5 1 
20180829083 4 1 6 5 9 2 3 10 8 7 
20180829084 9 10 1 7 2 6 3 5 8 4 
20180829085 5 7 4 10 8 3 1 2 6 9 
20180829086 7 8 1 2 5 3 6 9 4 10 
20180829087 3 10 4 7 1 8 5 6 9 2 
20180829088 2 10 4 5 3 1 6 8 9 7 
20180829089 4 1 8 7 5 2 9 6 10 3 
20180829090 2 8 6 10 1 9 4 3 5 7 
20180829091 5 3 1 10 8 7 9 6 4 2 
20180829092 4 7 1 6 9 10 8 3 2 5 
20180829093 7 4 9 1 2 8 3 6 5 10 
20180829094 10 9 5 6 4 1 2 8 3 7 
20180829095 5 4 9 3 10 6 2 1 8 7 
20180829096 6 5 8 2 9 3 7 4 10 1 
20180829097 3 9 2 1 4 5 8 7 6 10 
20180829098 6 8 3 4 9 10 5 7 2 1 
20180829099 1 5 8 9 3 6 2 4 10 7 
20180829100 3 1 6 8 9 7 10 2 5 4 
20180829101 2 9 4 6 1 10 8 7 5 3 
20180829102 6 1 8 3 4 9 7 10 5 2 
20180829103 9 5 6 7 3 1 10 4 2 8 
20180829104 1 2 4 7 9 10 5 6 3 8 
20180829105 10 2 9 8 7 4 5 3 6 1 
20180829106 2 1 5 10 9 7 6 4 3 8 
20180829107 2 3 4 7 8 10 5 1 9 6 
20180829108 9 3 2 1 4 8 10 7 5 6 
20180829109 8 5 10 9 7 3 4 2 6 1 
20180829110 9 1 10 8 6 5 3 2 7 4 
20180829111 2 3 5 9 7 1 4 8 6 10 
20180829112 10 3 5 1 9 4 6 7 2 8 
20180829113 7 2 8 6 5 10 1 9 3 4 
20180829114 1 5 9 6 8 10 3 7 4 2 
20180829115 1 5 2 10 6 4 8 9 3 7 
20180829116 7 1 6 4 10 2 3 8 9 5 
20180829117 7 6 1 10 3 8 9 2 5 4 
20180829118 1 3 8 10 5 2 9 4 7 6 
20180829119 8 4 3 2 9 6 7 5 1 10 
20180829120 8 1 7 3 5 2 4 10 9 6 
20180829121 7 3 10 2 1 9 4 5 6 8 
20180829122 10 5 7 4 2 8 3 6 1 9 
20180829123 9 8 2 7 10 4 6 1 3 5 
20180829124 6 3 1 7 4 9 2 10 8 5 
20180829125 1 6 10 4 3 5 2 9 7 8 
20180829126 3 1 8 7 4 2 10 6 9 5 
20180829127 8 6 2 10 7 4 5 1 9 3 
20180829128 9 4 5 3 8 6 7 2 1 10 
20180829129 4 1 2 8 10 5 3 9 6 7 
20180829130 9 3 10 5 1 7 8 2 6 4 
20180829131 8 7 6 1 10 5 2 3 9 4 
20180829132 9 8 1 6 10 5 3 7 4 2 
20180829133 8 9 6 5 1 2 7 10 3 4 
20180829134 3 8 5 4 9 6 10 1 7 2 
20180829135 4 5 6 7 1 10 8 2 9 3 
20180829136 1 6 2 10 3 7 8 4 9 5 
20180829137 3 4 8 5 7 2 1 6 10 9 
20180829138 1 6 8 3 9 2 10 4 7 5 
20180829139 2 9 6 8 3 4 5 7 10 1 
20180829140 7 8 3 1 6 2 5 10 9 4 
20180829141 5 2 9 6 10 4 1 7 3 8 
20180829142 7 4 8 9 3 6 5 1 10 2 
20180829143 4 5 2 1 10 7 3 8 9 6 
20180829144 8 2 7 4 1 9 5 10 3 6 
20180829145 10 1 5 8 6 2 9 3 4 7 
20180829146 5 4 1 3 2 9 7 6 8 10 
20180829147 7 5 2 1 8 10 3 9 4 6 
20180829148 10 8 7 5 2 6 9 4 3 1 
20180829149 9 2 4 10 7 3 5 8 1 6 
20180829150 1 10 3 2 6 4 8 7 9 5 
20180829151 4 10 3 9 2 1 6 8 7 5 
20180829152 6 9 2 7 1 5 3 4 10 8 
20180829153 5 6 2 1 8 10 7 9 3 4 
20180829154 1 9 8 6 4 10 2 7 5 3 
20180829155 10 3 1 6 8 5 4 2 9 7 
20180829156 6 2 10 3 8 1 7 9 4 5 
20180829157 8 1 4 10 5 7 2 3 6 9 
20180829158 6 8 4 3 10 9 5 2 7 1 
20180829159 1 8 7 6 9 3 2 5 10 4 
20180829160 3 4 8 2 7 5 1 10 9 6 
20180829161 2 6 9 3 1 7 10 8 4 5 
20180829162 8 6 3 1 2 5 4 7 10 9 
20180829163 8 3 5 10 2 9 4 7 1 6 
20180829164 2 6 3 5 10 9 1 4 8 7 
20180829165 4 6 2 8 5 1 3 10 7 9 
20180829166 3 5 10 1 4 6 7 2 8 9 
20180829167 3 5 9 7 4 6 2 10 1 8 
20180829168 3 8 10 9 4 7 5 6 2 1 
20180829169 2 7 6 5 4 8 9 1 3 10 
20180829170 7 8 1 9 2 4 3 5 10 6 
20180829171 1 3 9 8 7 10 2 4 6 5 
20180829172 4 9 5 2 7 1 8 3 6 10 
20180829173 3 4 10 2 5 6 7 1 8 9 
20180829174 1 3 4 7 2 5 8 9 10 6 
20180829175 7 4 5 1 6 2 8 9 10 3 
20180829176 7 6 10 2 8 9 1 4 5 3 
20180829177 3 2 9 7 6 4 10 1 8 5 
20180829178 2 10 4 7 3 8 5 9 1 6 
20180829179 8 2 5 4 7 10 1 9 6 3 
20180829180 8 7 2 3 6 1 5 9 4 10 
20180829181 4 5 8 1 2 3 6 10 9 7 
20180829182 7 10 5 6 3 9 2 4 1 8 
20180829183 1 8 10 9 4 5 7 3 2 6 
20180829184 6 1 10 9 5 3 7 2 8 4 
20180829185 6 2 9 4 7 8 5 3 1 10 
20180829186 4 10 8 1 7 2 5 9 3 6 
20180829187 2 4 8 9 10 3 1 5 7 6 
20180829188 8 5 2 3 1 7 10 6 4 9 
20180829189 7 5 6 9 1 3 4 2 8 10 
20180829190 10 3 9 8 2 1 5 4 6 7 
20180829191 3 2 1 10 5 6 7 9 4 8 
20180829192 1 3 10 7 5 8 6 9 4 2 
20180829193 2 9 1 5 4 7 10 3 8 6 
20180829194 9 4 7 10 6 2 5 3 8 1 
20180829195 6 9 4 1 5 10 2 8 3 7 
20180829196 5 6 1 4 8 2 3 7 10 9 
20180829197 4 1 10 2 7 9 3 5 6 8 
20180829198 1 9 5 8 3 4 6 10 7 2 
20180829199 7 3 6 8 10 4 1 5 9 2 
20180829200 5 10 1 7 8 4 3 6 2 9 
20180829201 6 2 5 8 3 7 1 10 4 9 
20180829202 6 1 7 5 10 3 9 2 8 4 
20180829203 1 2 5 6 3 8 10 4 7 9 
20180829204 1 3 7 6 9 8 4 5 2 10 
20180829205 3 5 4 1 8 2 9 7 10 6 
20180829206 3 8 1 7 9 6 10 4 2 5 
20180829207 5 4 2 6 7 3 9 8 1 10 
20180829208 6 1 2 3 7 9 5 10 8 4 
20180829209 8 3 2 5 9 7 1 6 10 4 
20180829210 1 2 3 4 10 5 9 7 8 6 
20180829211 4 1 5 10 7 8 6 3 9 2 
20180829212 6 10 5 9 4 1 3 8 7 2 
20180829213 2 6 8 9 4 7 1 10 5 3 
20180829214 8 2 10 9 1 6 5 3 7 4 
20180829215 6 9 5 8 1 2 10 3 7 4 
20180829216 8 7 2 3 5 9 1 6 10 4 
20180829217 8 3 9 5 6 7 4 1 2 10 
20180829218 2 5 6 10 7 3 1 8 4 9 
20180829219 2 6 9 8 5 1 7 4 10 3 
20180829220 6 2 7 8 4 10 5 1 3 9 
20180829221 5 6 7 10 3 4 8 1 2 9 
20180829222 1 10 6 7 3 4 5 8 2 9 
20180829223 3 1 5 8 10 9 2 4 6 7 
20180829224 5 10 9 7 1 8 4 2 6 3 
20180829225 8 10 3 1 7 9 6 4 2 5 
20180829226 3 6 2 5 10 8 9 4 7 1 
20180829227 9 10 2 3 6 1 4 5 8 7 
20180829228 7 9 1 2 5 3 6 10 4 8 
20180829229 9 4 2 7 10 3 6 8 5 1 
20180829230 3 5 1 6 8 4 9 7 10 2 
20180829231 5 4 1 9 6 8 10 2 7 3 
20180829232 7 5 6 4 10 1 3 9 8 2 
20180829233 7 4 6 5 2 10 1 3 8 9 
20180829234 4 1 2 10 9 7 8 3 6 5 
20180829235 3 4 2 1 6 8 9 5 7 10 
20180829236 2 8 7 3 5 9 4 6 1 10 
20180829237 4 10 5 7 2 8 9 3 1 6 
20180829238 6 2 5 4 3 9 1 10 8 7 
20180829239 10 2 9 5 8 7 3 4 6 1 
20180829240 3 9 2 8 6 10 5 7 1 4 
20180829241 6 3 2 9 4 5 10 8 1 7 
20180829242 1 2 7 5 8 10 9 4 6 3 
20180829243 10 4 7 5 8 9 3 6 1 2 
20180829244 3 2 9 7 6 10 1 8 5 4 
20180829245 5 10 2 6 8 3 7 1 9 4 
20180829246 4 10 3 6 8 7 5 1 9 2 
20180829247 3 8 6 7 5 9 4 2 10 1 
20180829248 1 10 9 4 6 8 5 7 3 2 
20180829249 3 1 8 9 7 2 10 5 4 6 
20180829250 6 1 8 10 4 5 9 7 3 2 
20180829251 1 9 8 2 10 3 5 6 7 4 
20180829252 8 5 7 9 3 10 6 1 4 2 
20180829253 4 9 1 10 3 2 7 5 6 8 
20180829254 1 7 3 8 2 5 4 6 10 9 
20180829255 10 7 3 2 5 1 8 9 4 6 
20180829256 3 2 5 10 1 4 7 6 9 8 
20180829257 3 5 10 9 2 8 6 7 1 4 
20180829258 6 8 10 3 2 1 9 7 5 4 
20180829259 2 9 5 4 7 8 6 10 3 1 
20180829260 2 3 10 4 9 5 6 7 8 1 
20180829261 9 2 5 3 7 10 8 6 4 1 
20180829262 2 1 9 5 7 3 8 4 10 6 
20180829263 2 4 5 8 10 3 7 6 1 9 
20180829264 10 9 3 6 1 2 8 5 4 7 
20180829265 3 9 2 5 1 10 7 6 8 4 
20180829266 10 5 2 4 6 3 8 7 1 9 
20180829267 7 10 8 5 2 4 3 6 9 1 
20180829268 1 3 6 7 5 9 4 10 2 8 
20180829269 6 5 8 2 1 9 7 3 10 4 
20180829270 8 7 4 5 1 2 3 9 6 10 
20180829271 3 8 7 5 4 1 9 6 10 2 
20180829272 3 7 8 9 5 4 1 6 10 2 
20180829273 3 2 10 9 7 6 1 8 5 4 
20180829274 8 1 6 3 2 7 10 9 4 5 
20180829275 7 9 4 3 6 2 8 1 5 10 
20180829276 2 5 10 6 9 1 7 4 8 3 
20180829277 2 1 5 9 6 4 7 10 3 8 
20180829278 10 9 3 8 4 6 5 7 1 2 
20180829279 2 7 4 6 9 8 3 10 5 1 
20180829280 2 8 9 5 4 7 10 3 6 1 
20180829281 2 5 6 10 1 3 4 8 7 9 
20180829282 6 8 7 1 10 3 2 5 9 4 
20180829283 1 3 4 7 6 9 5 8 2 10 
20180829284 10 8 1 2 6 4 3 7 9 5 
20180829285 3 8 4 1 7 10 9 6 2 5 
20180829286 3 2 10 1 4 9 7 6 8 5 
20180829287 10 1 7 6 9 8 5 2 3 4 
20180829288 1 6 10 7 3 2 4 9 8 5 
20180829289 7 1 6 3 2 9 5 4 10 8 
20180829290 2 7 9 6 1 5 3 4 8 10 
20180829291 10 2 8 4 5 1 9 7 3 6 
20180829292 2 5 4 1 9 6 3 7 10 8 
20180829293 9 6 10 7 8 4 5 2 1 3 
20180829294 6 1 2 7 4 8 10 9 5 3 
20180829295 10 9 3 8 7 1 2 5 6 4 
20180829296 10 6 4 5 2 1 9 3 8 7 
20180829297 8 3 7 6 5 1 10 4 2 9 
20180829298 8 5 4 7 1 9 2 6 10 3 
20180829299 6 7 3 9 4 5 10 1 8 2 
20180829300 6 5 1 2 9 8 7 4 10 3 
20180829301 10 9 8 7 4 3 6 1 2 5 
20180829302 1 10 2 5 9 6 3 8 4 7 
20180829303 9 4 1 6 7 10 2 3 8 5 
20180829304 4 3 7 5 6 2 8 10 1 9 
20180829305 7 5 4 8 10 6 9 1 2 3 
20180829306 5 9 1 4 8 2 10 6 7 3 
20180829307 7 3 10 4 5 8 6 9 1 2 
20180829308 8 1 10 5 3 9 6 4 2 7 
20180829309 8 5 1 2 3 7 4 6 9 10 
20180829310 1 3 6 7 5 2 4 9 8 10 
20180829311 8 7 1 10 4 2 9 6 5 3 
20180829312 9 2 4 3 6 1 7 10 5 8 
20180829313 5 3 6 9 8 2 4 1 7 10 
20180829314 7 8 1 10 5 4 3 2 6 9 
20180829315 7 10 4 9 3 8 6 5 1 2 
20180829316 10 5 6 3 2 8 7 4 1 9 
20180829317 2 4 9 1 5 6 3 7 10 8 
20180829318 3 4 1 9 6 10 8 7 2 5 
20180829319 7 10 6 2 8 1 9 5 4 3 
20180829320 3 6 5 9 10 4 1 2 8 7 
20180829321 1 9 8 7 10 2 3 6 5 4 
20180829322 7 5 4 2 9 1 8 3 6 10 
20180829323 6 10 2 4 8 5 7 3 1 9 
20180829324 7 4 3 9 5 8 6 1 2 10 
20180829325 4 2 5 1 3 9 10 6 7 8 
20180829326 8 3 10 6 5 1 4 7 2 9 
20180829327 6 3 5 8 2 9 4 7 1 10 
20180829328 7 3 10 8 9 4 5 6 1 2 
20180829329 4 9 2 6 5 8 3 1 7 10 
20180829330 7 6 8 4 5 1 2 10 3 9 
20180829331 9 7 8 2 10 4 5 1 6 3 
20180829332 3 4 8 2 5 7 1 9 6 10 
20180829333 1 5 8 3 6 4 9 7 10 2 
20180829334 9 5 10 4 7 8 1 3 6 2 
20180829335 1 2 8 10 7 9 6 5 4 3 
20180829336 10 3 8 9 1 5 2 7 6 4 
20180829337 10 1 3 8 7 6 5 2 9 4 
20180829338 8 9 1 2 10 7 6 3 4 5 
20180829339 4 5 6 7 1 3 8 9 10 2 
20180829340 4 5 3 8 7 1 2 9 10 6 
20180829341 6 3 10 7 4 5 1 2 9 8 
20180829342 2 5 3 6 7 10 9 1 8 4 
20180829343 9 4 6 10 8 2 1 7 5 3 
20180829344 10 7 4 5 8 3 1 6 2 9 
20180829345 7 9 4 8 3 6 2 10 1 5 
20180829346 10 7 5 8 9 2 4 1 3 6 
20180829347 4 6 1 3 2 9 10 8 7 5 
20180829348 10 6 3 7 2 4 8 1 5 9 
20180829349 3 10 6 4 5 9 1 7 2 8 
20180829350 6 1 9 10 8 2 3 7 4 5 
20180829351 7 1 2 4 9 8 5 6 10 3 
20180829352 6 7 3 4 9 2 5 8 10 1 
20180829353 10 9 6 8 3 7 4 5 2 1 
20180829354 7 9 2 8 10 3 4 1 5 6 
20180829355 8 4 5 3 10 2 1 7 9 6 
20180829356 8 6 2 5 1 3 4 9 10 7 
20180829357 7 6 8 1 4 3 9 2 5 10 
20180829358 6 2 5 3 1 9 7 4 8 10 
20180829359 2 5 3 6 9 8 1 7 10 4 
20180829360 5 7 4 8 10 9 2 1 6 3 
20180829361 10 9 3 4 5 7 2 1 6 8 
20180829362 5 9 4 1 7 10 3 2 8 6 
20180829363 2 9 6 8 5 1 10 3 7 4 
20180829364 7 2 10 3 6 9 4 8 5 1 
20180829365 8 3 10 5 6 7 1 4 2 9 
20180829366 2 6 4 9 3 1 7 5 10 8 
20180829367 3 5 7 9 4 2 6 8 10 1 
20180829368 2 6 1 4 5 10 9 8 3 7 
20180829369 10 3 2 8 1 4 5 9 7 6 
20180829370 1 7 2 10 6 4 5 3 9 8 
20180829371 6 9 10 4 7 8 5 1 3 2 
20180829372 2 6 3 7 10 5 9 1 8 4 
20180829373 3 9 7 1 8 5 10 4 6 2 
20180829374 7 5 3 6 1 8 2 4 9 10 
20180829375 10 7 6 5 8 9 1 3 4 2 
20180829376 4 9 3 5 8 2 10 6 1 7 
20180829377 4 2 3 7 5 8 1 6 9 10 
20180829378 4 2 3 7 8 1 5 9 10 6 
20180829379 3 5 9 6 8 4 7 2 1 10 
20180829380 9 4 2 7 3 6 10 5 8 1 
20180829381 3 9 4 5 2 8 10 1 7 6 
20180829382 3 10 8 7 2 6 1 4 5 9 
20180829383 7 6 3 10 1 4 5 2 9 8 
20180829384 10 8 1 5 7 6 9 4 3 2 
20180829385 7 9 1 10 2 4 3 5 6 8 
20180829386 9 6 3 8 5 10 7 1 4 2 
20180829387 7 8 5 10 2 4 1 9 3 6 
20180829388 7 5 6 10 1 9 3 4 8 2 
20180829389 9 7 2 3 10 8 1 4 5 6 
20180829390 2 9 6 10 4 3 1 7 8 5 
20180829391 9 3 6 4 2 5 8 7 10 1 
20180829392 6 2 4 10 7 5 9 1 8 3 
20180829393 8 7 5 2 4 6 10 1 3 9 
20180829394 7 4 10 9 8 6 2 1 5 3 
20180829395 5 9 6 8 7 4 10 3 2 1 
20180829396 8 2 7 9 1 4 5 3 6 10 
20180829397 1 4 7 6 9 3 5 8 2 10 
20180829398 7 3 2 1 9 5 8 10 6 4 
20180829399 7 2 4 5 8 1 3 9 10 6 
20180829400 6 2 9 4 1 5 7 8 3 10 
20180829401 8 5 6 7 1 3 10 9 4 2 
20180829402 1 6 3 2 5 10 7 4 8 9 
20180829403 2 4 6 9 7 3 8 1 10 5 
20180829404 4 8 6 9 1 5 7 3 10 2 
20180829405 4 1 9 6 10 5 8 2 3 7 
20180829406 7 5 1 8 3 6 10 4 2 9 
20180829407 8 1 7 10 4 2 6 3 9 5 
20180829408 10 7 5 8 9 6 3 4 1 2 
20180829409 1 3 2 4 6 9 5 7 10 8 
20180829410 1 8 2 5 3 7 10 6 4 9 
20180829411 10 5 4 6 7 1 8 9 3 2 
20180829412 9 6 10 4 2 3 1 7 8 5 
20180829413 8 9 3 6 1 2 5 10 4 7 
20180829414 4 9 3 7 5 6 8 2 1 10 
20180829415 6 9 4 7 8 2 5 1 3 10 
20180829416 4 6 1 9 7 5 3 10 8 2 
20180829417 6 4 10 5 8 7 1 3 2 9 
20180829418 4 5 2 10 6 1 8 7 3 9 
20180829419 8 2 4 6 1 7 5 9 10 3 
20180829420 2 4 9 5 7 1 10 8 6 3 
20180829421 5 3 2 10 4 7 9 8 1 6 
20180829422 6 10 5 7 9 2 3 4 1 8 
20180829423 7 9 4 2 8 1 6 3 10 5 
20180829424 5 10 2 1 3 7 6 8 9 4 
20180829425 6 3 9 10 7 8 5 4 1 2 
20180829426 7 2 9 1 8 5 10 6 3 4 
20180829427 2 5 9 7 6 4 10 3 1 8 
20180829428 2 7 5 9 3 1 6 10 4 8 
20180829429 8 5 1 9 10 3 7 2 4 6 
20180829430 2 3 9 8 6 7 1 10 5 4 
20180829431 7 9 6 5 3 10 4 1 2 8 
20180829432 9 5 1 3 8 10 7 6 4 2 
20180829433 4 6 10 1 8 3 7 2 5 9 
20180829434 10 7 3 8 5 2 4 1 6 9 
20180829435 10 9 2 1 7 5 8 4 3 6 
20180829436 5 9 4 10 3 1 8 7 6 2 
20180829437 6 5 7 3 9 4 1 10 2 8 
20180829438 4 10 5 8 2 7 1 3 9 6 
20180829439 5 3 1 7 9 8 2 4 10 6 
20180829440 1 4 6 3 7 10 8 5 2 9 
20180829441 4 5 1 10 2 3 9 7 6 8 
20180829442 2 7 3 4 5 10 6 9 1 8 
20180829443 4 8 6 5 2 3 10 9 7 1 
20180829444 8 6 10 9 5 2 4 3 7 1 
20180829445 9 5 8 10 7 4 1 2 3 6 
20180829446 4 6 10 8 7 1 9 3 5 2 
20180829447 5 8 1 4 2 7 6 10 9 3 
20180829448 7 10 8 3 4 1 6 5 2 9 
20180829449 7 5 4 10 8 1 3 9 6 2 
20180829450 1 9 10 6 7 3 2 8 5 4 
20180829451 9 1 7 5 10 3 6 2 4 8 
20180829452 2 9 1 4 3 5 10 6 7 8 
20180829453 2 6 1 10 7 8 9 4 3 5 
20180829454 6 9 5 2 8 1 4 7 3 10 
20180829455 2 8 9 4 7 1 3 6 5 10 
20180829456 7 3 2 10 9 4 1 6 5 8 
20180829457 6 4 2 9 8 1 10 7 3 5 
20180829458 9 5 7 6 10 2 8 3 1 4 
20180829459 4 6 3 8 7 1 2 10 5 9 
20180829460 9 5 7 3 2 1 6 4 8 10 
20180829461 10 4 9 3 7 8 2 5 1 6 
20180829462 7 2 5 10 9 1 6 3 8 4 
20180829463 6 4 8 1 5 3 2 7 10 9 
20180829464 9 3 7 8 6 5 4 10 2 1 
20180829465 9 1 4 5 2 8 10 7 6 3 
20180829466 7 6 5 2 8 10 3 9 4 1 
20180829467 8 2 6 1 3 4 7 9 5 10 
20180829468 9 1 3 5 8 10 2 7 6 4 
20180829469 9 3 10 7 2 4 1 5 6 8 
20180829470 9 8 5 2 3 7 4 6 1 10 
20180829471 3 6 5 1 8 7 10 2 9 4 
20180829472 2 7 8 1 3 6 10 5 4 9 
20180829473 3 4 1 10 9 2 6 5 7 8 
20180829474 2 7 9 3 8 10 5 4 1 6 
20180829475 8 6 7 4 3 5 9 10 2 1 
20180829476 2 8 4 10 3 5 7 9 1 6 
20180829477 2 9 10 8 6 4 1 5 7 3 
20180829478 8 9 7 6 2 10 1 4 5 3 
20180829479 10 7 4 1 2 6 8 5 9 3 
20180829480 6 1 8 5 3 2 10 4 9 7 
20180829481 8 5 9 1 6 2 4 3 7 10 
20180829482 3 6 4 7 10 9 1 5 2 8 
20180829483 9 8 5 3 6 1 10 4 7 2 
20180829484 9 3 1 10 5 6 7 8 4 2 
20180829485 3 4 6 9 10 7 8 5 2 1 
20180829486 3 10 2 1 5 8 7 4 6 9 
20180829487 7 6 2 8 1 5 10 3 9 4 
20180829488 1 4 2 10 7 5 9 6 3 8 
20180829489 3 1 8 4 9 2 5 7 6 10 
20180829490 7 6 2 9 1 10 4 5 3 8 
20180829491 8 1 2 4 3 5 9 7 10 6 
20180829492 5 2 4 10 1 6 7 9 3 8 
20180829493 8 3 9 4 10 6 2 1 7 5 
20180829494 6 1 7 4 9 8 10 2 3 5 
20180829495 8 9 5 2 10 7 6 4 1 3 
20180829496 6 9 7 10 2 5 8 3 4 1 
20180829497 6 1 5 9 3 7 10 4 8 2 
20180829498 2 5 7 1 4 8 10 3 6 9 
20180829499 2 4 1 8 9 3 5 7 6 10 
20180829500 9 1 6 5 4 2 3 10 7 8 
20180829501 3 5 9 4 1 6 2 8 10 7 
20180829502 8 10 5 7 9 2 4 3 1 6 
20180829503 1 6 4 7 5 3 9 2 8 10 
20180829504 5 6 1 4 10 7 9 8 2 3 
20180829505 5 3 6 9 4 2 10 8 1 7 
20180829506 1 8 3 2 9 7 6 4 10 5 
20180829507 5 6 4 1 7 10 8 3 2 9 
20180829508 1 10 4 9 2 3 7 8 5 6 
20180829509 3 10 8 9 2 1 7 6 5 4 
20180829510 7 4 10 1 3 6 2 5 8 9 
20180829511 4 3 10 2 6 1 8 5 7 9 
20180829512 4 7 2 10 3 1 9 6 5 8 
20180829513 4 7 5 9 6 8 1 10 2 3 
20180829514 4 8 7 10 3 2 5 9 1 6 
20180829515 1 9 3 8 4 6 10 5 7 2 
20180829516 5 10 7 4 2 1 3 8 6 9 
20180829517 7 2 8 6 5 1 4 9 3 10 
20180829518 6 7 3 5 9 1 2 4 8 10 
20180829519 2 7 4 9 6 10 3 5 8 1 
20180829520 1 4 2 7 8 5 9 6 10 3 
20180829521 5 7 10 1 2 4 3 6 8 9 
20180829522 3 4 10 6 9 2 1 7 5 8 
20180829523 8 4 3 10 2 7 1 6 5 9 
20180829524 6 2 4 3 7 10 1 5 8 9 
20180829525 1 5 8 6 2 10 3 4 7 9 
20180829526 10 4 2 5 6 1 7 9 8 3 
20180829527 1 8 4 7 3 5 6 10 2 9 
20180829528 10 4 8 9 2 6 1 7 3 5 
20180829529 4 2 5 6 3 8 10 1 9 7 
20180829530 7 9 1 2 4 8 6 10 3 5 
20180829531 5 2 6 9 10 3 1 8 7 4 
20180829532 10 9 8 6 3 1 2 5 4 7 
20180829533 2 1 6 8 7 10 3 4 5 9 
20180829534 2 3 5 8 6 9 10 4 1 7 
20180829535 2 9 1 6 3 5 10 4 7 8 
20180829536 10 6 7 1 9 5 2 3 8 4 
20180829537 10 6 1 7 9 3 2 4 8 5 
20180829538 5 8 2 9 1 6 4 3 10 7 
20180829539 8 1 10 4 3 5 6 2 7 9 
20180829540 9 10 5 3 7 4 1 6 2 8 
20180829541 5 6 3 7 8 2 9 10 1 4 
20180829542 9 8 10 2 3 4 7 5 1 6 
20180829543 5 1 3 10 4 6 8 9 7 2 
20180829544 3 2 4 5 9 8 6 10 7 1 
20180829545 3 5 7 10 4 8 1 2 6 9 
20180829546 2 1 8 9 3 6 5 10 7 4 
20180829547 1 9 5 8 4 6 7 10 2 3 
20180829548 10 8 7 5 4 3 6 9 1 2 
20180829549 6 10 1 9 2 5 8 3 4 7 
20180829550 8 6 10 5 3 1 7 9 2 4 
20180829551 5 4 1 10 6 9 7 3 2 8 
20180829552 6 5 9 7 1 10 8 2 4 3 
20180829553 6 2 9 7 10 5 1 8 3 4 
20180829554 5 1 9 3 4 2 10 8 7 6 
20180829555 8 3 9 5 7 2 10 6 4 1 
20180829556 7 1 6 3 4 5 9 10 2 8 
20180829557 7 9 2 4 10 3 1 8 5 6 
20180829558 3 4 5 7 2 10 9 1 6 8 
20180829559 4 7 8 1 3 9 5 2 6 10 
20180829560 1 4 3 7 6 10 2 5 9 8 
20180829561 1 7 5 2 3 10 8 9 6 4 
20180829562 5 8 4 7 10 3 1 2 6 9 
20180829563 3 7 6 5 4 2 9 8 10 1 
20180829564 7 2 8 6 1 9 3 10 4 5 
20180829565 4 10 3 9 7 8 5 1 6 2 
20180829566 4 5 3 6 2 9 8 1 10 7 
20180829567 4 2 1 8 5 10 6 3 9 7 
20180829568 9 8 7 5 4 3 10 2 6 1 
20180829569 10 5 6 9 1 2 4 3 7 8 
20180829570 2 9 6 4 7 5 1 8 10 3 
20180829571 6 3 9 8 7 2 5 10 4 1 
20180829572 1 3 5 7 2 10 8 6 4 9 
20180829573 7 2 9 4 8 5 6 1 3 10 
20180829574 6 8 2 3 5 10 7 4 1 9 
20180829575 8 4 1 7 6 5 10 9 2 3 
20180829576 3 8 6 1 2 4 7 9 10 5 
20180829577 3 5 9 2 7 6 10 8 4 1 
20180829578 9 10 5 3 7 1 4 8 6 2 
20180829579 3 6 10 9 8 2 5 7 1 4 
20180829580 4 5 6 1 7 8 2 9 10 3 
20180829581 1 9 3 7 4 8 5 10 6 2 
20180829582 3 8 10 6 2 9 5 1 4 7 
20180829583 5 10 9 1 4 2 6 7 3 8 
20180829584 3 9 4 8 1 7 5 2 10 6 
20180829585 8 3 1 2 9 5 4 7 6 10 
20180829586 8 10 1 7 6 5 4 2 3 9 
20180829587 10 2 9 3 1 6 8 7 4 5 
20180829588 8 7 3 2 5 1 10 4 6 9 
20180829589 2 4 8 1 3 10 9 5 6 7 
20180829590 1 8 2 3 9 10 6 4 5 7 
20180829591 9 4 1 3 6 7 2 8 5 10 
20180829592 8 1 6 9 4 2 5 3 10 7 
20180829593 7 10 2 9 1 8 4 3 5 6 
20180829594 7 3 8 6 9 2 10 5 1 4 
20180829595 4 6 3 1 10 8 2 7 5 9 
20180829596 6 8 9 3 5 7 2 4 1 10 
20180829597 1 6 5 10 2 3 7 9 8 4 
20180829598 2 1 7 10 9 3 8 5 4 6 
20180829599 8 5 4 7 2 3 9 10 1 6 
20180829600 4 7 3 9 2 8 6 5 10 1 
20180829601 9 10 3 4 6 7 1 2 8 5 
20180829602 7 9 4 10 5 1 8 6 2 3 
20180829603 4 10 2 6 1 3 9 5 7 8 
20180829604 1 6 2 8 7 4 5 10 9 3 
20180829605 1 6 7 9 10 2 5 8 3 4 
20180829606 9 6 5 4 2 7 3 1 8 10 
20180829607 8 1 5 9 7 4 10 6 2 3 
20180829608 9 3 6 8 5 2 4 1 10 7 
20180829609 6 2 4 8 10 5 7 3 1 9 
20180829610 4 7 9 5 10 6 2 8 3 1 
20180829611 9 7 10 8 3 5 2 1 4 6 
20180829612 10 2 4 3 8 9 6 1 7 5 
20180829613 5 9 3 6 8 4 1 7 10 2 
20180829614 5 3 8 2 6 7 9 4 10 1 
20180829615 7 4 3 10 1 9 2 6 8 5 
20180829616 6 4 1 7 3 9 5 2 8 10 
20180829617 3 8 5 10 9 6 7 2 4 1 
20180829618 6 9 8 2 10 4 5 3 1 7 
20180829619 9 4 6 8 3 1 2 10 7 5 
20180829620 4 2 7 3 8 9 5 10 1 6 
20180829621 7 8 2 10 1 9 5 4 6 3 
20180829622 3 9 1 4 8 6 7 2 10 5 
20180829623 10 5 3 9 8 2 6 4 7 1 
20180829624 9 6 2 10 7 5 1 4 8 3 
20180829625 3 2 5 8 1 6 7 10 9 4 
20180829626 8 5 3 4 1 6 7 9 2 10 
20180829627 8 3 1 4 2 9 7 10 5 6 
20180829628 3 1 4 2 9 6 8 7 5 10 
20180829629 8 10 2 9 6 4 3 5 1 7 
20180829630 1 2 3 9 8 7 5 4 10 6 
20180829631 7 4 1 5 3 6 2 9 8 10 
20180829632 10 7 4 2 1 8 3 9 5 6 
20180829633 6 2 5 3 8 10 4 7 9 1 
20180829634 7 1 3 8 10 2 9 4 5 6 
20180829635 7 1 9 2 6 4 3 8 10 5 
20180829636 7 9 1 10 2 8 5 3 4 6 
20180829637 8 1 10 2 7 5 3 4 9 6 
20180829638 3 2 9 6 7 10 1 4 8 5 
20180829639 4 5 7 8 1 2 6 10 9 3 
20180829640 9 3 7 6 1 2 8 5 4 10 
20180829641 1 9 8 4 3 5 6 2 10 7 
20180829642 7 4 1 2 9 8 6 3 10 5 
20180829643 1 7 3 10 6 4 5 9 8 2 
20180829644 8 10 1 9 4 5 2 3 6 7 
20180829645 7 4 5 10 3 9 1 2 6 8 
20180829646 1 2 5 10 9 3 4 6 7 8 
20180829647 3 1 6 2 5 4 7 9 10 8 
20180829648 3 2 6 5 4 8 1 9 7 10 
20180829649 6 7 4 10 2 1 5 8 3 9 
20180829650 6 2 3 8 7 9 1 10 5 4 
20180829651 8 9 4 6 7 2 1 10 3 5 
20180829652 3 8 4 10 1 9 7 5 6 2 
20180829653 7 5 1 6 8 10 4 9 2 3 
20180829654 3 6 7 5 1 8 2 9 4 10 
20180829655 6 10 5 4 1 7 3 9 2 8 
20180829656 6 1 9 5 2 8 4 7 10 3 
20180829657 4 10 5 1 2 9 6 8 7 3 
20180829658 4 9 3 7 10 5 1 8 6 2 
20180829659 8 1 4 2 10 9 6 3 5 7 
20180829660 7 6 4 3 9 2 1 5 8 10 
20180829661 1 9 6 2 3 4 8 5 7 10 
20180829662 4 3 8 6 10 1 9 2 5 7 
20180829663 6 8 10 9 1 2 3 5 7 4 
20180829664 8 9 6 5 3 2 7 4 1 10 
20180829665 3 4 9 5 10 1 2 7 8 6 
20180829666 4 5 10 7 3 9 8 1 2 6 
20180829667 10 1 6 4 5 3 8 7 2 9 
20180829668 4 8 9 7 2 6 3 1 10 5 
20180829669 10 7 2 8 1 6 4 5 9 3 
20180829670 5 9 7 1 6 3 4 2 8 10 
20180829671 5 7 8 2 3 9 1 4 10 6 
20180829672 3 8 4 2 7 1 10 6 9 5 
20180829673 4 9 7 5 3 10 1 6 8 2 
20180829674 9 3 7 10 5 8 4 1 2 6 
20180829675 7 3 10 9 4 2 1 8 6 5 
20180829676 2 4 8 6 9 3 5 1 7 10 
20180829677 10 4 9 1 7 6 3 2 8 5 
20180829678 10 4 1 2 6 5 7 8 3 9 
20180829679 6 2 1 8 10 7 3 5 4 9 
20180829680 7 5 4 1 10 8 9 6 3 2 
20180829681 1 10 3 7 4 6 8 9 2 5 
20180829682 10 6 1 3 4 5 7 2 9 8 
20180829683 3 4 6 2 1 7 8 5 10 9 
20180829684 3 7 4 6 5 9 8 1 2 10 
20180829685 8 7 3 6 1 5 2 4 10 9 
20180829686 4 6 7 2 1 3 5 9 8 10 
20180829687 7 6 3 4 8 10 9 5 1 2 
20180829688 5 1 6 7 9 4 10 3 8 2 
20180829689 8 6 7 10 5 1 3 9 2 4 
20180829690 2 5 1 10 4 3 7 8 9 6 
20180829691 7 2 9 5 8 10 1 6 4 3 
20180829692 7 8 10 9 4 1 3 6 2 5 
20180829693 9 7 5 4 1 2 6 3 8 10 
20180829694 4 5 10 9 8 2 1 6 3 7 
20180829695 1 6 8 5 7 2 3 4 9 10 
20180829696 9 8 5 6 7 10 1 3 2 4 
20180829697 6 1 2 4 8 3 10 9 5 7 
20180829698 9 4 8 7 6 2 1 3 10 5 
20180829699 1 9 6 5 2 4 7 8 10 3 
20180829700 6 4 2 10 1 3 8 5 7 9 
20180829701 6 5 4 7 9 3 1 2 10 8 
20180829702 7 5 1 9 2 8 6 3 10 4 
20180829703 1 9 6 10 8 5 2 4 3 7 
20180829704 7 4 3 1 6 5 9 10 8 2 
20180829705 1 9 4 5 3 8 7 10 6 2 
20180829706 5 8 4 10 3 7 6 2 1 9 
20180829707 10 1 2 3 5 4 8 6 9 7 
20180829708 1 7 10 5 2 8 6 9 4 3 
20180829709 1 6 7 10 4 2 3 5 8 9 
20180829710 10 3 6 7 8 1 5 2 9 4 
20180829711 5 2 6 1 9 3 8 7 10 4 
20180829712 2 10 7 4 8 1 9 5 6 3 
20180829713 9 5 3 6 2 4 7 8 10 1 
20180829714 7 10 5 6 2 4 3 1 8 9 
20180829715 1 10 7 4 3 8 6 9 5 2 
20180829716 9 8 1 3 2 5 6 7 10 4 
20180829717 4 3 1 10 7 6 2 8 9 5 
20180829718 6 4 8 7 2 1 10 5 9 3 
20180829719 6 5 8 10 9 7 4 3 1 2 
20180829720 3 10 1 9 4 6 5 7 2 8 
20180829721 10 9 8 5 1 2 3 7 6 4 
20180829722 5 2 3 9 6 8 1 4 10 7 
20180829723 8 2 4 7 1 3 6 9 10 5 
20180829724 9 3 8 10 4 5 6 1 7 2 
20180829725 4 5 8 10 9 7 6 2 1 3 
20180829726 7 1 8 4 2 5 3 6 10 9 
20180829727 3 9 5 1 6 7 4 10 2 8 
20180829728 4 1 5 6 10 8 7 2 9 3 
20180829729 10 5 7 2 4 6 1 3 9 8 
20180829730 4 2 10 8 3 5 1 6 7 9 
20180829731 10 5 8 4 9 3 1 7 6 2 
20180829732 8 3 1 7 10 6 2 9 4 5 
20180829733 2 4 10 7 9 8 6 5 3 1 
20180829734 3 10 5 7 9 8 2 4 1 6 
20180829735 3 1 7 9 5 8 2 4 10 6 
20180829736 3 7 6 4 5 2 9 8 1 10 
20180829737 8 9 3 4 2 1 5 10 7 6 
20180829738 5 8 2 9 1 3 6 7 10 4 
20180829739 4 1 6 8 9 2 7 3 5 10 
20180829740 2 4 3 8 1 9 7 10 6 5 
20180829741 5 9 3 10 4 1 6 2 8 7 
20180829742 5 9 2 3 6 1 8 10 7 4 
20180829743 6 9 8 1 7 10 5 4 2 3 
20180829744 3 4 1 2 10 9 8 6 5 7 
20180829745 2 9 10 1 3 8 5 6 4 7 
20180829746 4 2 9 6 3 7 8 5 10 1 
20180829747 4 1 2 3 9 8 7 6 5 10 
20180829748 8 4 2 6 5 7 10 3 1 9 
20180829749 7 3 1 8 4 10 5 9 2 6 
20180829750 2 10 3 9 6 4 8 5 7 1 
20180829751 6 3 5 8 10 9 2 1 7 4 
20180829752 4 6 9 10 1 3 2 7 8 5 
20180829753 7 9 5 1 4 2 8 6 10 3 
20180829754 8 1 6 3 7 9 10 2 4 5 
20180829755 1 8 10 9 4 2 7 3 5 6 
20180829756 6 1 7 9 4 8 2 10 3 5 
20180829757 6 8 5 2 9 7 3 4 10 1 
20180829758 4 5 8 7 2 3 10 6 9 1 
20180829759 10 1 5 7 2 8 4 3 9 6 
20180829760 9 1 7 2 3 10 6 8 4 5 
20180829761 5 1 4 6 8 2 10 9 7 3 
20180829762 3 9 5 4 7 10 1 8 2 6 
20180829763 3 4 1 10 5 6 9 2 7 8 
20180829764 1 2 8 4 5 9 6 3 10 7 
20180829765 9 2 5 6 10 1 4 7 8 3 
20180829766 7 10 3 1 8 4 6 9 5 2 
20180829767 4 7 2 8 5 9 10 3 1 6 
20180829768 2 10 5 3 7 6 1 9 8 4 
20180829769 9 5 2 7 10 3 1 8 6 4 
20180829770 2 7 5 9 4 1 10 8 3 6 
20180829771 7 3 5 10 2 8 9 1 6 4 
20180829772 5 3 6 8 9 2 4 1 7 10 
20180829773 5 1 4 7 10 9 8 6 2 3 
20180829774 10 6 2 7 9 3 1 5 8 4 
20180829775 7 1 3 5 8 6 10 9 4 2 
20180829776 1 8 9 5 7 10 6 2 3 4 
20180829777 3 1 5 10 8 7 4 6 2 9 
20180829778 1 2 4 9 8 10 3 5 7 6 
20180829779 10 1 6 3 5 4 7 8 9 2 
20180829780 10 5 6 4 3 1 2 7 9 8 
20180829781 7 8 6 5 9 2 1 10 4 3 
20180829782 4 3 8 10 1 2 5 7 6 9 
20180829783 3 8 4 5 2 10 9 6 1 7 
20180829784 7 6 10 3 9 5 8 1 4 2 
20180829785 10 5 4 3 7 8 9 2 6 1 
20180829786 7 8 9 10 2 1 4 6 3 5 
20180829787 4 8 3 5 9 6 1 2 7 10 
20180829788 1 8 4 9 5 10 7 2 6 3 
20180829789 6 7 8 5 3 10 9 2 1 4 
20180829790 5 10 6 7 8 3 9 4 1 2 
20180829791 3 6 2 5 10 9 8 4 7 1 
20180829792 6 1 4 7 3 5 8 2 9 10 
20180829793 10 6 5 3 1 2 8 7 9 4 
20180829794 7 1 2 6 8 3 10 4 9 5 
20180829795 2 3 7 10 4 9 1 6 5 8 
20180829796 5 1 6 7 2 8 3 10 9 4 
20180829797 10 1 4 5 3 6 8 7 2 9 
20180829798 2 8 3 6 4 10 9 5 1 7 
20180829799 2 5 3 6 4 8 1 7 9 10 
20180829800 4 7 10 1 8 3 2 9 6 5 
20180829801 5 2 4 3 6 9 1 10 7 8 
20180829802 2 8 9 10 6 5 1 4 7 3 
20180829803 9 7 8 3 4 2 1 6 5 10 
20180829804 9 2 8 3 4 7 10 6 1 5 
20180829805 1 9 3 10 2 6 8 7 5 4 
20180829806 4 6 7 3 8 10 1 9 5 2 
20180829807 6 8 10 2 4 9 7 1 3 5 
20180829808 4 9 7 10 6 2 5 3 8 1 
20180829809 5 2 6 4 7 8 1 3 10 9 
20180829810 5 1 2 9 8 6 10 3 7 4 
20180829811 1 6 3 8 2 4 10 5 7 9 
20180829812 6 2 7 1 10 3 5 8 9 4 
20180829813 9 3 1 10 8 4 2 7 6 5 
20180829814 9 5 7 3 8 4 10 6 2 1 
20180829815 1 5 7 6 3 2 8 9 10 4 
20180829816 8 3 4 6 2 9 5 10 1 7 
20180829817 9 2 1 4 7 10 3 8 5 6 
20180829818 7 1 5 2 8 6 9 4 10 3 
20180829819 10 5 2 3 8 7 4 9 1 6 
20180829820 4 8 10 5 9 6 2 1 7 3 
20180829821 1 10 8 6 2 9 5 4 3 7 
20180829822 8 3 9 5 6 10 7 2 1 4 
20180829823 3 6 7 5 4 2 10 9 8 1 
20180829824 3 5 8 2 10 7 6 1 9 4 
20180829825 10 3 4 2 7 8 1 5 9 6 
20180829826 8 4 10 9 3 5 6 7 2 1 
20180829827 1 7 6 4 3 10 9 8 2 5 
20180829828 7 10 1 9 2 5 6 8 3 4 
20180829829 9 2 7 3 1 10 6 4 8 5 
20180829830 4 10 2 3 5 7 1 9 8 6 
20180829831 4 9 7 6 3 1 2 5 8 10 
20180829832 6 4 2 9 10 3 1 8 5 7 
20180829833 1 5 10 6 8 7 2 9 4 3 
20180829834 6 8 7 3 10 9 1 4 5 2 
20180829835 8 2 5 4 6 7 10 3 9 1 
20180829836 5 7 6 4 3 8 2 10 1 9 
20180829837 8 5 6 3 10 2 7 4 1 9 
20180829838 5 2 1 9 7 6 10 4 3 8 
20180829839 2 4 6 7 9 8 5 1 3 10 
20180829840 6 1 4 2 7 3 8 9 5 10 
20180829841 10 1 8 6 9 5 7 4 2 3 
20180829842 6 5 1 8 10 3 4 7 2 9 
20180829843 5 9 10 7 6 3 2 1 4 8 
20180829844 5 1 10 9 4 8 7 6 3 2 
20180829845 3 2 6 9 10 4 5 1 8 7 
20180829846 10 8 1 5 7 2 4 9 3 6 
20180829847 2 3 7 6 4 9 8 10 5 1 
20180829848 3 6 8 10 7 2 1 9 4 5 
20180829849 3 8 6 4 10 5 9 7 1 2 
20180829850 6 1 4 2 9 8 7 5 10 3 
20180829851 2 10 7 6 5 1 4 8 3 9 
20180829852 7 4 3 8 1 9 5 10 2 6 
20180829853 3 2 1 9 6 4 5 10 8 7 
20180829854 2 5 7 8 6 10 1 9 3 4 
20180829855 8 4 1 10 5 2 9 7 3 6 
20180829856 10 3 2 4 5 9 7 1 6 8 
20180829857 7 9 8 2 5 4 3 6 1 10 
20180829858 8 3 10 7 5 6 4 9 2 1 
20180829859 1 8 2 10 5 6 3 7 9 4 
20180829860 8 1 9 6 2 4 7 5 10 3 
20180829861 9 6 10 7 1 5 8 2 4 3 
20180829862 4 8 1 6 5 7 10 3 9 2 
20180829863 9 6 3 4 2 10 1 7 5 8 
20180829864 4 5 3 2 1 8 6 10 7 9 
20180829865 6 1 9 4 2 5 3 7 10 8 
20180829866 5 7 1 3 10 6 4 8 2 9 
20180829867 3 6 1 10 7 9 5 4 2 8 
20180829868 3 5 1 6 7 9 8 2 10 4 
20180829869 9 1 8 7 5 10 3 2 6 4 
20180829870 7 5 9 10 6 1 3 8 4 2 
20180829871 2 1 6 8 10 3 9 4 7 5 
20180829872 1 3 7 9 6 10 5 8 4 2 
20180829873 7 9 4 8 5 6 2 3 1 10 
20180829874 7 6 2 9 1 4 5 8 10 3 
20180829875 8 10 1 4 2 5 3 9 7 6 
20180829876 4 3 8 5 7 6 10 2 1 9 
20180829877 9 1 2 6 8 4 7 3 10 5 
20180829878 10 8 1 7 2 5 9 6 3 4 
20180829879 5 8 4 6 3 10 2 1 7 9 
20180829880 7 10 1 8 2 3 5 4 6 9 
20180829881 6 5 9 7 3 1 8 4 2 10 
20180829882 3 8 7 4 1 10 5 2 9 6 
20180829883 8 4 3 9 1 2 6 5 10 7 
20180829884 2 7 6 8 1 4 3 5 10 9 
20180829885 1 3 6 7 8 5 2 9 4 10 
20180829886 8 6 1 3 7 10 5 9 4 2 
20180829887 8 2 1 9 7 5 10 6 4 3 
20180829888 1 2 10 8 9 6 5 3 4 7 
20180829889 7 10 3 6 8 4 2 5 1 9 
20180829890 10 3 7 1 5 4 8 9 2 6 
20180829891 7 1 9 4 8 3 10 6 5 2 
20180829892 1 5 2 7 8 4 9 3 10 6 
20180829893 4 10 6 7 1 5 3 9 2 8 
20180829894 6 3 8 9 7 1 4 2 10 5 
20180829895 8 7 1 5 10 6 4 3 2 9 
20180829896 10 7 5 3 6 4 1 2 9 8 
20180829897 1 6 5 2 10 4 9 8 3 7 
20180829898 5 1 8 9 6 7 4 2 3 10 
20180829899 9 6 3 2 5 1 7 4 8 10 
20180829900 2 7 10 1 4 8 3 6 9 5 
20180829901 6 5 4 10 2 7 3 1 8 9 
20180829902 8 5 7 6 10 1 9 3 4 2 
20180829903 6 7 1 4 3 2 8 5 9 10 
20180829904 10 4 3 8 9 1 6 2 5 7 
20180829905 9 5 3 10 4 1 7 2 8 6 
20180829906 5 4 6 9 3 10 8 7 1 2 
20180829907 9 8 1 3 7 4 2 6 5 10 
20180829908 6 9 3 4 8 7 10 1 2 5 
20180829909 1 5 10 2 4 8 9 7 3 6 
20180829910 3 2 6 9 5 10 4 1 7 8 
20180829911 7 4 1 10 5 6 9 3 8 2 
20180829912 5 3 8 7 6 2 4 10 1 9 
20180829913 1 6 4 7 8 10 2 5 9 3 
20180829914 1 4 7 5 8 6 2 10 3 9 
20180829915 2 9 4 6 7 5 3 1 10 8 
20180829916 1 7 9 6 5 4 3 8 2 10 
20180829917 3 8 5 4 2 9 10 6 1 7 
20180829918 4 8 1 3 5 7 9 6 10 2 
20180829919 10 8 4 3 7 5 1 6 2 9 
20180829920 4 10 2 9 8 1 6 7 5 3 
20180829921 7 5 2 6 8 1 10 4 9 3 
20180829922 4 3 9 10 2 5 1 8 6 7 
20180829923 8 10 3 7 1 4 6 2 5 9 
20180829924 5 8 4 6 1 9 3 10 7 2 
20180829925 4 3 5 7 10 1 9 2 8 6 
20180829926 5 7 2 8 9 4 10 1 3 6 
20180829927 7 8 3 2 10 4 9 6 5 1 
20180829928 4 1 3 5 6 8 9 2 10 7 
20180829929 2 6 9 10 7 5 3 8 1 4 
20180829930 7 5 3 6 9 4 2 10 8 1 
20180829931 5 6 9 10 8 3 4 7 2 1 
20180829932 3 5 4 6 10 2 8 9 7 1 
20180829933 10 8 3 6 7 5 1 4 9 2 
20180829934 5 8 1 6 7 2 4 9 10 3 
20180829935 9 5 4 3 7 1 2 6 8 10 
20180829936 6 4 1 9 10 3 8 5 2 7 
20180829937 5 8 2 3 7 1 10 9 4 6 
20180829938 1 2 6 3 4 10 9 5 7 8 
20180829939 9 8 5 3 6 10 7 2 4 1 
20180829940 1 4 8 3 6 7 5 10 2 9 
20180829941 7 1 3 6 4 10 2 9 5 8 
20180829942 2 10 9 6 5 4 7 1 3 8 
20180829943 9 7 8 4 2 5 10 1 6 3 
20180829944 1 5 6 3 10 8 4 7 2 9 
20180829945 8 6 9 5 4 7 3 1 2 10 
20180829946 1 3 7 10 6 8 2 4 9 5 
20180829947 2 3 6 5 10 9 8 4 7 1 
20180829948 1 3 2 6 7 8 4 5 9 10 
20180829949 4 1 10 7 9 5 6 8 2 3 
20180829950 2 6 7 10 3 1 5 9 8 4 
20180829951 7 1 3 8 9 2 4 10 6 5 
20180829952 1 8 4 6 5 7 2 10 3 9 
20180829953 7 9 1 6 10 4 5 8 2 3 
20180829954 9 8 6 3 10 7 4 5 2 1 
20180829955 10 7 4 1 2 5 6 9 3 8 
20180829956 2 6 3 4 7 8 1 10 9 5 
20180829957 6 8 5 2 9 7 3 10 4 1 
20180829958 1 4 9 5 10 8 2 6 7 3 
20180829959 1 2 3 4 10 5 6 7 9 8 
20180829960 1 8 9 4 3 6 2 10 5 7 
20180829961 7 2 3 1 6 4 9 8 10 5 
20180829962 10 7 9 1 6 2 4 3 8 5 
20180829963 2 10 9 7 4 8 1 6 3 5 
20180829964 10 4 7 3 1 2 6 5 8 9 
20180829965 9 8 4 5 3 10 7 6 1 2 
20180829966 9 4 5 3 2 10 6 7 8 1 
20180829967 7 4 8 5 6 10 9 2 1 3 
20180829968 7 8 9 10 2 3 1 4 5 6 
20180829969 7 1 5 8 10 6 4 3 2 9 
20180829970 2 6 4 1 3 8 10 7 9 5 
20180829971 9 3 1 7 2 4 5 10 8 6 
20180829972 3 7 2 6 5 8 1 9 4 10 
20180829973 3 10 4 8 9 1 2 5 6 7 
20180829974 9 7 3 8 1 2 10 5 6 4 
20180829975 6 8 1 7 9 4 3 5 10 2 
20180829976 7 6 5 8 10 9 4 3 2 1 
20180829977 5 3 8 6 9 7 4 10 1 2 
20180829978 10 7 8 1 4 9 6 5 2 3 
20180829979 5 1 8 4 7 6 2 9 10 3 
20180829980 1 8 9 7 4 5 10 6 2 3 
20180829981 4 3 8 5 2 10 1 9 7 6 
20180829982 1 4 10 8 5 6 2 7 9 3 
20180829983 9 4 5 7 6 8 2 3 1 10 
20180829984 10 2 9 5 8 4 3 1 7 6 
20180829985 4 8 6 9 3 2 10 1 5 7 
20180830001 9 1 7 3 10 2 6 5 4 8 
