20180803001 5 9 4 8 2 3 10 1 7 6 
20180803002 5 4 3 10 6 1 8 2 7 9 
20180803003 7 4 6 5 8 10 9 1 3 2 
20180803004 3 8 6 10 9 5 2 7 1 4 
20180803005 1 3 2 8 4 10 9 6 7 5 
20180803006 5 4 9 3 6 2 10 8 7 1 
20180803007 5 8 2 10 7 6 1 4 9 3 
20180803008 4 10 6 5 3 8 9 2 1 7 
20180803009 1 2 9 10 5 8 7 4 6 3 
20180803010 6 10 2 7 9 4 3 5 8 1 
20180803011 1 2 5 4 10 6 9 7 3 8 
20180803012 3 6 2 9 1 10 7 4 8 5 
20180803013 3 1 6 2 7 4 8 10 5 9 
20180803014 6 5 4 10 8 2 1 7 9 3 
20180803015 10 5 4 2 3 7 9 6 8 1 
20180803016 5 3 9 10 4 1 6 7 2 8 
20180803017 2 4 9 5 10 8 3 7 6 1 
20180803018 10 7 8 3 6 1 9 5 2 4 
20180803019 5 9 8 7 6 1 3 10 2 4 
20180803020 3 9 10 6 7 5 4 8 2 1 
20180803021 5 10 7 4 2 3 1 6 8 9 
20180803022 5 3 6 7 9 10 1 4 8 2 
20180803023 2 4 7 10 1 5 9 6 8 3 
20180803024 10 8 7 1 3 6 5 2 4 9 
20180803025 7 9 8 10 6 2 4 5 3 1 
20180803026 4 1 6 8 10 7 9 3 5 2 
20180803027 6 8 1 10 4 2 7 5 9 3 
20180803028 1 9 10 3 6 8 2 5 4 7 
20180803029 4 1 2 5 9 3 6 10 8 7 
20180803030 5 10 4 8 7 3 9 2 6 1 
20180803031 10 3 5 2 7 4 1 6 9 8 
20180803032 5 7 9 10 4 6 2 8 3 1 
20180803033 7 1 2 8 10 9 4 6 5 3 
20180803034 10 3 9 8 4 2 6 5 1 7 
20180803035 9 3 8 4 1 7 10 2 6 5 
20180803036 1 9 7 3 8 2 4 10 5 6 
20180803037 7 9 1 3 2 4 5 10 6 8 
20180803038 8 6 10 7 3 1 5 9 4 2 
20180803039 1 2 7 4 3 10 6 9 5 8 
20180803040 7 1 5 4 9 3 8 6 10 2 
20180803041 6 5 3 1 10 8 2 7 9 4 
20180803042 1 9 5 8 2 7 6 3 10 4 
20180803043 10 4 8 2 1 3 9 7 5 6 
20180803044 3 4 8 2 1 10 5 6 7 9 
20180803045 10 8 6 3 7 4 2 1 9 5 
20180803046 9 8 2 10 7 4 6 1 5 3 
20180803047 6 10 7 1 2 4 5 8 3 9 
20180803048 4 7 3 9 1 2 10 5 6 8 
20180803049 9 3 2 1 8 5 4 10 6 7 
20180803050 6 10 1 8 7 4 3 9 2 5 
20180803051 2 9 8 10 4 7 3 5 1 6 
20180803052 1 2 7 6 8 3 4 5 9 10 
20180803053 4 1 9 6 10 2 7 8 3 5 
20180803054 1 9 3 8 2 6 10 4 7 5 
20180803055 7 1 4 5 2 8 10 9 6 3 
20180803056 6 4 8 10 5 2 3 9 7 1 
20180803057 10 6 3 1 2 7 9 8 4 5 
20180803058 10 9 6 4 8 5 2 7 1 3 
20180803059 10 7 6 4 3 8 1 5 9 2 
20180803060 4 7 3 10 5 2 6 1 8 9 
20180803061 9 7 10 2 6 8 3 1 5 4 
20180803062 2 10 6 1 4 5 7 9 8 3 
20180803063 3 6 4 1 8 2 9 7 5 10 
20180803064 10 6 9 5 3 7 1 8 2 4 
20180803065 5 8 9 10 1 2 7 3 4 6 
20180803066 4 1 9 10 3 7 8 6 2 5 
20180803067 5 8 10 4 6 3 9 7 1 2 
20180803068 3 1 9 10 8 4 5 7 2 6 
20180803069 8 7 5 4 10 3 6 2 9 1 
20180803070 8 10 9 3 6 2 7 4 1 5 
20180803071 7 4 8 5 2 9 6 1 3 10 
20180803072 6 7 5 3 2 4 1 9 8 10 
20180803073 10 6 2 8 1 4 7 3 9 5 
20180803074 3 7 5 1 4 10 2 9 8 6 
20180803075 6 2 4 7 3 8 5 1 9 10 
20180803076 8 7 10 1 6 9 5 2 3 4 
20180803077 1 2 7 9 8 4 10 3 5 6 
20180803078 2 4 1 10 7 6 5 8 3 9 
20180803079 5 10 8 1 3 6 9 2 4 7 
20180803080 9 3 7 10 2 6 8 1 4 5 
20180803081 2 4 9 8 10 1 5 7 3 6 
20180803082 5 3 4 8 9 1 7 10 6 2 
20180803083 9 1 2 5 3 10 4 7 6 8 
20180803084 2 10 7 9 8 4 3 5 1 6 
20180803085 10 7 4 2 3 8 9 1 6 5 
20180803086 10 7 1 8 5 6 3 2 4 9 
20180803087 8 9 7 3 6 5 4 10 1 2 
20180803088 9 6 2 4 5 1 7 3 10 8 
20180803089 5 7 4 2 6 1 10 8 9 3 
20180803090 10 4 6 1 5 8 7 9 2 3 
20180803091 4 7 6 2 1 5 9 10 3 8 
20180803092 1 4 3 7 10 5 9 2 8 6 
20180803093 10 4 1 2 3 6 7 9 8 5 
20180803094 7 9 3 1 8 4 6 2 10 5 
20180803095 1 10 3 5 2 9 8 6 7 4 
20180803096 6 10 8 5 7 9 1 4 2 3 
20180803097 6 5 1 2 3 9 7 4 8 10 
20180803098 4 9 6 2 8 5 3 10 7 1 
20180803099 5 9 4 2 8 1 7 6 3 10 
20180803100 4 2 10 7 9 5 3 6 8 1 
20180803101 4 8 1 9 6 10 3 5 7 2 
20180803102 9 3 1 2 5 7 10 8 6 4 
20180803103 8 10 9 6 1 2 7 3 4 5 
20180803104 5 9 2 7 8 6 1 3 4 10 
20180803105 1 9 3 10 8 7 2 6 4 5 
20180803106 10 7 4 9 3 1 8 6 5 2 
20180803107 1 8 10 6 3 2 5 9 4 7 
20180803108 9 10 6 2 1 8 5 3 7 4 
20180803109 9 10 5 7 3 2 4 6 1 8 
20180803110 8 3 5 4 1 9 7 2 10 6 
20180803111 6 3 8 10 5 7 4 9 1 2 
20180803112 7 4 9 6 3 5 2 1 10 8 
20180803113 8 9 7 4 6 5 10 1 3 2 
20180803114 5 6 10 2 1 3 9 4 7 8 
20180803115 5 10 8 4 7 2 1 9 6 3 
20180803116 7 4 5 9 3 8 6 2 1 10 
20180803117 9 7 5 4 1 8 3 6 10 2 
20180803118 9 1 8 2 7 4 10 6 5 3 
20180803119 2 5 1 8 3 6 10 9 7 4 
20180803120 5 7 6 1 9 4 8 10 2 3 
20180803121 5 8 7 3 2 6 1 9 4 10 
20180803122 5 6 3 10 2 4 9 1 7 8 
20180803123 9 2 3 1 10 8 5 7 4 6 
20180803124 5 10 7 1 4 2 8 9 3 6 
20180803125 8 6 3 1 7 4 2 9 5 10 
20180803126 9 2 1 5 3 10 6 7 4 8 
20180803127 5 1 2 7 3 6 8 9 10 4 
20180803128 5 4 1 8 10 7 3 9 2 6 
20180803129 7 5 2 1 10 4 8 6 9 3 
20180803130 6 1 8 7 3 5 10 4 9 2 
20180803131 7 9 1 5 6 2 4 8 10 3 
20180803132 3 1 9 7 8 5 10 6 2 4 
20180803133 9 1 2 6 5 3 10 8 4 7 
20180803134 6 5 7 2 9 4 10 1 3 8 
20180803135 10 3 7 8 4 5 2 1 9 6 
20180803136 1 8 4 7 9 10 5 2 6 3 
20180803137 6 3 2 1 9 8 4 10 5 7 
20180803138 10 6 1 7 4 8 5 9 3 2 
20180803139 10 2 3 1 9 7 5 6 4 8 
20180803140 10 9 3 4 2 7 1 6 8 5 
20180803141 9 10 7 3 2 4 8 5 6 1 
20180803142 8 9 4 7 1 10 3 5 2 6 
20180803143 6 7 8 2 10 4 1 9 5 3 
20180803144 7 4 8 10 5 6 2 9 3 1 
20180803145 4 9 6 1 10 7 5 8 3 2 
20180803146 1 2 6 5 4 8 3 9 7 10 
20180803147 6 9 8 4 10 5 7 3 1 2 
20180803148 4 8 3 1 9 10 5 7 6 2 
20180803149 10 4 7 3 8 5 6 9 1 2 
20180803150 1 3 7 4 2 5 6 8 9 10 
20180803151 4 8 2 10 9 3 5 7 6 1 
20180803152 10 3 1 6 8 4 5 9 2 7 
20180803153 10 3 9 8 2 4 5 7 1 6 
20180803154 3 6 4 8 10 7 2 5 1 9 
20180803155 1 7 10 2 8 4 6 5 9 3 
20180803156 10 7 3 1 4 6 8 2 5 9 
20180803157 3 7 5 1 4 10 8 9 2 6 
20180803158 9 5 10 6 3 7 1 2 8 4 
20180803159 3 2 4 5 9 10 7 6 8 1 
20180803160 6 9 3 7 10 4 8 2 5 1 
20180803161 5 8 6 10 7 2 9 3 1 4 
20180803162 10 6 5 8 2 4 7 9 3 1 
20180803163 5 1 7 10 4 3 9 8 2 6 
20180803164 1 3 4 5 2 7 8 10 9 6 
20180803165 4 3 10 2 6 9 5 8 1 7 
20180803166 2 8 9 7 3 4 10 6 5 1 
20180803167 9 5 1 7 2 3 6 8 4 10 
20180803168 1 2 10 9 8 4 7 3 6 5 
20180803169 10 5 1 7 4 2 8 9 3 6 
20180803170 1 4 2 5 6 8 9 3 10 7 
20180803171 6 3 7 9 2 10 4 5 1 8 
20180803172 4 2 1 6 9 8 5 10 7 3 
20180803173 7 8 1 3 4 2 10 5 9 6 
20180803174 10 8 7 3 1 2 6 9 4 5 
20180803175 8 6 3 9 4 2 1 5 7 10 
20180803176 4 1 9 2 8 3 10 7 5 6 
20180803177 7 3 6 10 9 4 8 2 5 1 
20180803178 6 1 10 3 9 5 7 8 2 4 
20180803179 7 8 5 9 2 1 3 4 10 6 
20180803180 1 2 3 7 10 9 8 4 5 6 
20180803181 3 9 6 10 5 2 8 7 1 4 
20180803182 5 4 8 10 7 1 6 2 9 3 
20180803183 4 8 5 2 6 1 10 7 9 3 
20180803184 1 7 9 4 8 5 6 10 2 3 
20180803185 9 4 2 8 7 10 6 3 5 1 
20180803186 3 6 4 5 10 7 8 1 2 9 
20180803187 3 8 9 10 7 5 2 4 6 1 
20180803188 3 4 7 1 8 2 10 5 9 6 
20180803189 6 8 1 4 7 10 2 5 9 3 
20180803190 7 2 4 3 10 8 9 1 5 6 
20180803191 5 4 10 3 1 2 7 9 8 6 
20180803192 9 10 8 3 6 7 1 5 4 2 
20180803193 4 1 3 6 8 9 7 10 2 5 
20180803194 6 10 1 2 3 8 7 5 9 4 
20180803195 8 7 2 9 10 5 3 6 1 4 
20180803196 6 5 9 2 1 7 8 10 4 3 
20180803197 4 1 3 10 7 5 9 2 8 6 
20180803198 1 7 8 9 4 3 6 2 10 5 
20180803199 6 3 2 5 1 9 7 10 4 8 
20180803200 9 8 3 4 6 7 10 1 2 5 
20180803201 1 5 9 4 6 7 10 2 8 3 
20180803202 5 1 2 8 7 10 9 3 6 4 
20180803203 1 2 8 4 10 6 7 3 5 9 
20180803204 10 9 7 1 5 4 3 6 2 8 
20180803205 1 2 9 4 7 8 3 10 5 6 
20180803206 2 9 1 3 7 5 4 10 8 6 
20180803207 6 9 10 7 2 1 4 8 3 5 
20180803208 4 7 6 2 5 3 9 10 8 1 
20180803209 1 4 10 6 9 2 7 3 8 5 
20180803210 9 1 8 4 3 6 2 5 10 7 
20180803211 6 8 5 1 4 2 10 3 9 7 
20180803212 3 9 8 2 6 4 10 7 1 5 
20180803213 8 5 6 10 4 1 3 7 2 9 
20180803214 1 8 6 7 10 5 2 4 9 3 
20180803215 9 4 3 6 10 1 5 2 8 7 
20180803216 9 1 5 3 6 10 7 4 2 8 
20180803217 10 7 2 6 3 5 9 8 1 4 
20180803218 3 7 10 2 8 6 4 1 9 5 
20180803219 6 7 9 10 8 4 1 3 5 2 
20180803220 2 5 3 6 8 1 4 10 7 9 
20180803221 1 6 7 4 9 3 2 5 8 10 
20180803222 6 9 2 4 8 10 3 5 1 7 
20180803223 1 6 2 9 7 3 5 8 4 10 
20180803224 5 4 9 3 2 7 1 10 8 6 
20180803225 5 3 7 8 4 2 1 6 10 9 
20180803226 7 3 8 6 1 4 5 9 2 10 
20180803227 10 3 7 6 4 9 2 1 5 8 
20180803228 3 10 7 6 8 1 4 2 9 5 
20180803229 4 3 7 1 6 2 10 8 5 9 
20180803230 8 3 10 1 5 9 4 7 6 2 
20180803231 8 10 9 3 5 1 2 7 4 6 
20180803232 1 6 2 4 10 9 8 3 5 7 
20180803233 6 9 3 4 10 2 7 1 5 8 
20180803234 6 10 8 7 2 5 4 9 3 1 
20180803235 5 2 10 9 1 6 4 3 7 8 
20180803236 6 4 3 5 2 1 10 7 9 8 
20180803237 5 2 9 7 10 3 6 1 4 8 
20180803238 4 7 1 9 8 10 3 2 5 6 
20180803239 7 10 6 5 1 4 3 2 9 8 
20180803240 1 3 9 10 7 8 6 4 5 2 
20180803241 5 4 2 1 3 10 8 6 7 9 
20180803242 3 10 7 4 1 2 6 5 8 9 
20180803243 3 10 8 6 7 9 5 2 1 4 
20180803244 1 2 5 3 10 6 9 7 4 8 
20180803245 7 9 5 3 6 1 4 8 10 2 
20180803246 9 2 4 10 3 8 5 7 6 1 
20180803247 1 10 4 3 5 2 7 6 8 9 
20180803248 5 10 6 8 7 9 3 2 4 1 
20180803249 6 2 9 4 3 7 10 5 8 1 
20180803250 7 2 9 10 5 6 1 8 4 3 
20180803251 7 1 6 4 9 2 3 10 8 5 
20180803252 9 4 8 7 1 3 2 6 10 5 
20180803253 5 4 6 1 9 7 3 8 10 2 
20180803254 6 7 10 3 2 8 4 5 1 9 
20180803255 7 9 8 6 2 5 10 3 4 1 
20180803256 10 9 7 4 6 1 2 5 8 3 
20180803257 10 2 5 1 3 8 4 6 9 7 
20180803258 6 1 10 5 3 8 9 7 2 4 
20180803259 7 4 2 8 9 3 10 1 6 5 
20180803260 4 8 6 10 5 9 2 7 3 1 
20180803261 10 4 7 2 1 3 5 6 9 8 
20180803262 7 8 5 9 10 4 6 3 2 1 
20180803263 6 8 2 9 4 10 3 5 1 7 
20180803264 9 3 1 5 2 10 8 4 7 6 
20180803265 1 4 3 6 8 2 5 9 10 7 
20180803266 10 7 1 6 5 3 8 9 4 2 
20180803267 10 7 8 9 5 2 1 4 3 6 
20180803268 10 4 6 9 2 1 7 5 3 8 
20180803269 10 7 2 4 3 6 5 9 1 8 
20180803270 10 7 5 4 1 9 2 3 8 6 
20180803271 6 8 7 4 3 9 1 10 5 2 
20180803272 4 3 7 8 2 9 10 1 5 6 
20180803273 2 9 1 10 3 8 6 7 5 4 
20180803274 6 8 10 5 9 3 4 1 2 7 
20180803275 9 7 4 1 8 10 3 5 2 6 
20180803276 6 3 7 1 9 2 5 8 4 10 
20180803277 2 4 10 9 1 6 5 8 7 3 
20180803278 4 10 8 5 1 7 3 9 2 6 
20180803279 3 8 2 1 10 7 6 4 9 5 
20180803280 8 7 2 9 6 1 4 3 5 10 
20180803281 8 5 6 1 7 4 2 10 3 9 
20180803282 7 2 8 3 4 1 6 5 10 9 
20180803283 5 10 7 4 1 6 2 8 3 9 
20180803284 6 4 7 10 2 1 8 3 5 9 
20180803285 1 3 2 9 5 4 7 10 8 6 
20180803286 7 10 5 4 9 3 8 6 1 2 
20180803287 4 2 7 3 1 8 6 9 10 5 
20180803288 7 1 3 5 4 9 6 10 2 8 
20180803289 3 4 8 2 6 10 5 9 7 1 
20180803290 10 1 3 8 6 2 4 7 9 5 
20180803291 6 1 2 7 3 10 4 5 9 8 
20180803292 5 1 8 4 6 2 10 3 7 9 
20180803293 8 6 3 7 5 1 4 2 9 10 
20180803294 1 9 3 5 8 2 6 7 10 4 
20180803295 1 8 7 3 10 5 6 4 2 9 
20180803296 1 2 3 5 10 4 6 7 9 8 
20180803297 9 7 4 6 8 5 1 10 3 2 
20180803298 7 9 6 1 4 10 5 2 3 8 
20180803299 1 4 9 5 2 8 6 10 3 7 
20180803300 6 3 9 2 7 4 1 10 5 8 
20180803301 8 1 6 9 4 7 2 10 3 5 
20180803302 3 7 8 2 4 1 5 6 10 9 
20180803303 7 5 9 4 10 6 1 3 8 2 
20180803304 4 6 8 2 3 10 1 7 9 5 
20180803305 3 5 6 7 1 4 10 8 9 2 
20180803306 8 10 7 5 1 2 6 3 9 4 
20180803307 10 1 7 4 9 6 5 3 8 2 
20180803308 9 6 3 8 2 7 1 10 4 5 
20180803309 2 10 8 7 3 9 4 5 1 6 
20180803310 7 6 5 1 3 8 9 2 10 4 
20180803311 7 9 4 10 3 8 2 5 1 6 
20180803312 6 8 2 7 4 5 9 10 3 1 
20180803313 1 2 4 6 10 9 8 3 7 5 
20180803314 5 4 1 6 2 10 3 7 9 8 
20180803315 8 9 10 4 1 3 2 7 6 5 
20180803316 1 4 7 5 10 3 9 8 2 6 
20180803317 6 2 9 7 4 8 3 10 1 5 
20180803318 2 6 9 3 5 10 1 4 8 7 
20180803319 7 2 5 3 6 9 1 4 8 10 
20180803320 5 6 2 4 10 1 3 8 7 9 
20180803321 9 3 8 1 2 7 5 6 10 4 
20180803322 5 4 2 8 3 6 10 1 7 9 
20180803323 6 2 9 8 5 10 7 4 1 3 
20180803324 2 9 5 3 8 4 10 7 1 6 
20180803325 7 8 5 1 4 2 3 6 9 10 
20180803326 5 4 10 1 8 3 6 7 2 9 
20180803327 4 1 5 2 10 3 7 8 6 9 
20180803328 4 9 7 10 2 6 8 5 3 1 
20180803329 7 5 10 9 6 2 3 1 8 4 
20180803330 9 6 5 1 7 4 3 2 8 10 
20180803331 2 5 3 1 8 6 9 10 4 7 
20180803332 7 4 10 8 9 6 2 1 3 5 
20180803333 1 10 3 6 4 7 8 2 9 5 
20180803334 4 3 8 2 5 1 7 9 10 6 
20180803335 6 2 5 9 1 7 3 8 10 4 
20180803336 4 10 1 9 6 2 5 7 8 3 
20180803337 4 10 2 9 8 1 6 3 7 5 
20180803338 4 3 5 2 7 9 10 8 1 6 
20180803339 10 4 5 1 2 7 8 6 3 9 
20180803340 6 8 9 2 5 10 4 3 7 1 
20180803341 3 9 5 10 1 2 8 4 6 7 
20180803342 10 2 4 9 8 3 5 6 7 1 
20180803343 5 4 7 2 8 6 10 3 1 9 
20180803344 2 9 5 8 7 6 1 4 10 3 
20180803345 8 6 7 4 10 5 3 9 1 2 
20180803346 1 4 7 6 10 8 2 5 9 3 
20180803347 7 2 1 9 4 3 6 10 8 5 
20180803348 3 6 9 10 2 1 5 8 4 7 
20180803349 6 8 3 10 1 4 5 7 2 9 
20180803350 4 5 6 7 3 9 8 2 1 10 
20180803351 10 3 7 8 6 1 2 9 5 4 
20180803352 6 5 1 7 8 2 10 3 4 9 
20180803353 5 6 2 7 9 10 4 3 8 1 
20180803354 9 1 4 8 7 2 6 3 5 10 
20180803355 9 3 5 6 2 8 7 10 4 1 
20180803356 7 8 5 1 10 6 4 3 2 9 
20180803357 6 1 3 8 2 10 4 9 5 7 
20180803358 8 6 7 2 5 4 10 9 3 1 
20180803359 5 1 2 4 6 7 9 3 10 8 
20180803360 2 8 10 7 4 1 9 3 6 5 
20180803361 2 3 7 1 10 8 4 5 6 9 
20180803362 3 4 5 9 7 1 6 10 2 8 
20180803363 6 3 1 5 10 8 2 4 9 7 
20180803364 9 7 6 10 2 8 1 4 5 3 
20180803365 7 3 2 4 6 1 5 9 10 8 
20180803366 10 8 2 9 7 6 1 3 4 5 
20180803367 7 8 2 9 10 3 1 5 4 6 
20180803368 9 3 6 2 1 10 7 8 5 4 
20180803369 1 10 9 7 2 5 4 3 6 8 
20180803370 8 9 1 5 6 10 4 7 3 2 
20180803371 8 6 3 2 10 1 4 7 9 5 
20180803372 8 3 9 6 1 2 5 4 10 7 
20180803373 10 5 4 9 6 8 2 1 3 7 
20180803374 2 1 4 9 6 7 5 3 8 10 
20180803375 6 9 10 4 7 1 2 8 3 5 
20180803376 8 6 2 3 10 7 1 4 9 5 
20180803377 10 6 3 4 2 9 8 1 5 7 
20180803378 1 10 2 9 7 8 6 4 5 3 
20180803379 1 4 3 5 6 8 2 10 7 9 
20180803380 7 2 9 8 3 6 1 5 10 4 
20180803381 6 8 10 2 4 1 7 3 5 9 
20180803382 2 9 8 5 4 1 10 7 6 3 
20180803383 3 5 10 8 2 7 9 4 1 6 
20180803384 10 9 1 7 8 2 3 6 5 4 
20180803385 7 9 4 1 10 8 6 3 2 5 
20180803386 10 6 3 1 2 8 5 7 9 4 
20180803387 6 1 7 9 8 10 4 5 3 2 
20180803388 3 5 8 7 6 10 2 1 9 4 
20180803389 8 9 3 10 1 4 6 5 2 7 
20180803390 1 3 6 8 9 7 10 4 5 2 
20180803391 6 4 2 5 3 7 9 1 8 10 
20180803392 8 10 2 7 6 9 5 3 4 1 
20180803393 8 10 7 2 6 9 4 1 3 5 
20180803394 1 2 6 10 7 8 9 5 3 4 
20180803395 6 5 3 2 1 4 8 9 10 7 
20180803396 8 3 4 2 10 5 1 6 7 9 
20180803397 4 10 3 9 8 2 6 1 5 7 
20180803398 3 1 9 4 6 2 7 10 8 5 
20180803399 5 7 9 8 4 1 2 3 6 10 
20180803400 7 2 8 3 9 6 4 10 5 1 
20180803401 8 3 1 4 9 5 10 2 6 7 
20180803402 4 10 3 1 6 7 9 8 5 2 
20180803403 4 7 5 1 9 2 10 8 3 6 
20180803404 8 3 9 2 1 5 4 6 10 7 
20180803405 2 9 3 5 10 8 1 4 7 6 
20180803406 6 3 10 1 8 7 4 5 9 2 
20180803407 8 9 4 2 7 6 10 5 3 1 
20180803408 8 1 10 6 4 7 2 5 9 3 
20180803409 10 8 4 1 3 5 9 6 2 7 
20180803410 3 1 10 7 5 6 2 4 8 9 
20180803411 7 10 8 2 6 3 5 9 4 1 
20180803412 6 9 7 2 10 8 4 3 5 1 
20180803413 9 5 3 7 4 2 10 8 1 6 
20180803414 7 9 3 6 5 10 1 2 4 8 
20180803415 6 7 8 5 4 10 3 9 2 1 
20180803416 4 1 10 3 8 5 2 9 7 6 
20180803417 1 6 3 7 10 2 4 5 9 8 
20180803418 3 2 1 8 9 6 4 5 7 10 
20180803419 4 7 2 3 5 10 1 8 9 6 
20180803420 5 8 4 6 3 9 1 7 10 2 
20180803421 9 1 8 6 10 4 7 2 3 5 
20180803422 5 6 9 2 7 3 10 8 1 4 
20180803423 9 8 1 5 10 2 7 3 4 6 
20180803424 4 9 8 1 5 3 6 7 10 2 
20180803425 2 7 9 6 1 10 3 4 5 8 
20180803426 7 10 8 3 5 1 2 4 9 6 
20180803427 7 2 6 3 1 8 4 10 5 9 
20180803428 10 7 2 6 5 4 8 9 1 3 
20180803429 9 2 4 5 7 6 8 10 3 1 
20180803430 4 1 6 10 9 2 5 3 8 7 
20180803431 10 4 6 5 3 8 1 7 9 2 
20180803432 2 6 4 1 8 10 9 5 3 7 
20180803433 8 9 10 5 7 2 6 1 4 3 
20180803434 7 8 4 9 3 2 1 10 6 5 
20180803435 10 8 6 3 1 2 9 5 7 4 
20180803436 5 3 8 10 1 9 6 2 7 4 
20180803437 3 6 1 9 5 8 10 7 4 2 
20180803438 8 4 6 2 1 9 7 10 5 3 
20180803439 3 2 7 9 1 8 5 6 4 10 
20180803440 2 7 1 8 4 10 5 9 6 3 
20180803441 5 8 2 1 4 7 6 3 10 9 
20180803442 1 6 10 4 3 9 2 8 5 7 
20180803443 7 3 2 9 8 6 1 10 5 4 
20180803444 10 1 5 8 7 2 6 9 3 4 
20180803445 5 9 3 6 4 10 1 2 7 8 
20180803446 5 4 3 1 6 9 7 8 2 10 
20180803447 1 4 3 9 8 10 7 5 2 6 
20180803448 4 8 2 10 9 1 6 7 3 5 
20180803449 5 10 8 9 2 7 1 3 4 6 
20180803450 4 9 3 2 6 10 1 8 7 5 
20180803451 2 5 3 9 1 7 4 6 10 8 
20180803452 9 7 2 3 1 5 10 4 8 6 
20180803453 3 8 4 5 7 9 2 6 10 1 
20180803454 2 7 9 4 3 1 10 6 8 5 
20180803455 3 10 8 4 5 7 9 6 1 2 
20180803456 1 5 4 2 9 6 3 8 7 10 
20180803457 2 8 1 4 6 3 10 5 9 7 
20180803458 5 4 8 10 6 9 1 7 3 2 
20180803459 9 6 3 8 1 7 5 2 4 10 
20180803460 9 7 2 6 3 4 8 1 5 10 
20180803461 9 4 6 3 7 1 8 10 5 2 
20180803462 10 1 7 3 6 8 5 2 9 4 
20180803463 2 10 7 4 3 1 5 9 8 6 
20180803464 3 2 8 6 5 4 9 1 10 7 
20180803465 10 8 3 7 2 6 5 1 4 9 
20180803466 8 1 4 10 7 6 5 9 3 2 
20180803467 2 5 7 4 9 8 10 6 1 3 
20180803468 7 2 9 3 1 10 6 4 8 5 
20180803469 3 8 7 4 5 9 10 2 1 6 
20180803470 6 3 10 9 4 7 1 2 8 5 
20180803471 7 10 9 6 1 5 2 8 4 3 
20180803472 6 7 1 9 8 4 5 10 2 3 
20180803473 3 9 7 5 6 8 4 10 2 1 
20180803474 1 4 7 10 5 3 2 9 6 8 
20180803475 2 6 5 8 7 1 9 4 3 10 
20180803476 8 4 3 2 5 7 9 10 1 6 
20180803477 10 6 7 1 4 5 9 3 8 2 
20180803478 8 9 6 7 3 10 1 2 4 5 
20180803479 6 1 5 3 7 10 8 4 2 9 
20180803480 6 1 8 5 2 3 4 9 7 10 
20180803481 2 7 3 9 1 5 6 4 8 10 
20180803482 4 10 7 5 9 2 1 3 8 6 
20180803483 5 4 10 8 2 6 1 9 3 7 
20180803484 4 6 9 3 7 2 8 5 1 10 
20180803485 9 3 10 2 8 6 1 5 4 7 
20180803486 5 9 3 4 10 1 2 8 6 7 
20180803487 2 9 5 1 3 4 7 6 8 10 
20180803488 5 4 3 2 1 10 7 8 6 9 
20180803489 9 7 2 10 6 4 1 5 3 8 
20180803490 9 6 8 1 2 5 3 4 7 10 
20180803491 8 4 9 1 7 10 3 6 2 5 
20180803492 7 1 9 2 10 8 4 5 3 6 
20180803493 10 2 9 7 3 6 5 1 4 8 
20180803494 7 2 1 5 8 6 3 4 9 10 
20180803495 3 1 5 8 4 9 6 7 2 10 
20180803496 3 10 5 2 4 1 7 8 6 9 
20180803497 4 9 7 3 1 10 6 2 8 5 
20180803498 9 10 6 1 3 2 5 7 4 8 
20180803499 3 10 4 1 5 9 7 2 8 6 
20180803500 5 2 6 7 4 3 1 9 8 10 
20180803501 5 2 1 4 9 10 7 3 6 8 
20180803502 2 6 10 5 7 1 3 9 4 8 
20180803503 10 2 8 3 9 5 6 1 7 4 
20180803504 1 4 9 8 5 7 6 2 3 10 
20180803505 9 7 6 5 1 4 8 10 3 2 
20180803506 1 2 4 7 8 6 9 3 5 10 
20180803507 8 4 2 9 3 10 1 6 5 7 
20180803508 4 6 9 5 2 3 1 8 10 7 
20180803509 10 5 9 4 3 7 1 8 2 6 
20180803510 4 5 6 8 2 10 9 7 3 1 
20180803511 3 1 5 2 10 6 8 9 7 4 
20180803512 4 3 10 8 5 9 6 2 7 1 
20180803513 3 6 10 9 8 1 5 2 7 4 
20180803514 3 8 2 9 10 5 6 1 7 4 
20180803515 6 7 10 9 4 1 8 5 2 3 
20180803516 5 8 3 1 4 2 7 9 10 6 
20180803517 9 1 3 10 8 7 2 4 5 6 
20180803518 4 8 5 2 7 6 10 1 9 3 
20180803519 10 4 5 8 9 3 7 2 1 6 
20180803520 5 6 10 8 2 7 9 3 4 1 
20180803521 1 3 5 6 9 4 10 2 8 7 
20180803522 7 10 9 5 2 3 8 1 4 6 
20180803523 10 7 6 1 3 4 2 5 9 8 
20180803524 6 10 4 2 7 1 8 9 3 5 
20180803525 5 8 3 6 7 1 4 10 9 2 
20180803526 5 1 8 3 4 10 2 6 7 9 
20180803527 7 4 5 9 3 1 6 2 10 8 
20180803528 4 1 2 6 7 5 3 8 10 9 
20180803529 1 6 8 7 9 2 3 10 5 4 
20180803530 2 1 7 6 3 10 8 9 5 4 
20180803531 6 7 4 10 3 8 2 9 5 1 
20180803532 6 8 9 1 4 10 2 5 7 3 
20180803533 10 1 6 4 9 7 3 2 5 8 
20180803534 6 2 9 5 4 10 7 8 3 1 
20180803535 9 3 2 10 6 8 7 5 1 4 
20180803536 2 7 9 5 1 6 10 8 3 4 
20180803537 1 8 10 2 6 9 4 7 5 3 
20180803538 9 8 2 5 1 7 10 6 3 4 
20180803539 7 6 3 1 4 10 2 5 9 8 
20180803540 2 3 4 5 8 6 7 9 1 10 
20180803541 3 9 5 1 4 8 7 6 2 10 
20180803542 5 9 10 7 6 3 4 8 1 2 
20180803543 5 10 2 1 9 8 7 6 3 4 
20180803544 4 1 7 3 8 9 10 5 6 2 
20180803545 8 3 2 4 10 1 9 5 7 6 
20180803546 9 1 3 4 2 5 8 6 10 7 
20180803547 4 5 3 6 10 7 2 9 8 1 
20180803548 3 7 5 1 4 8 6 10 2 9 
20180803549 9 4 3 2 1 8 5 10 7 6 
20180803550 9 7 1 4 3 8 2 6 10 5 
20180803551 6 10 1 7 8 2 4 5 9 3 
20180803552 9 7 1 3 2 6 10 8 4 5 
20180803553 4 2 8 5 6 7 1 9 10 3 
20180803554 7 8 3 2 9 1 5 10 6 4 
20180803555 2 6 5 10 7 9 4 8 3 1 
20180803556 7 3 9 10 4 5 1 2 8 6 
20180803557 7 6 10 2 4 9 3 5 8 1 
20180803558 2 1 8 7 4 3 5 10 9 6 
20180803559 2 10 1 3 8 9 4 5 7 6 
20180803560 1 7 4 3 6 5 9 10 2 8 
20180803561 8 2 7 1 5 4 10 3 6 9 
20180803562 7 1 10 8 2 3 5 4 6 9 
20180803563 5 10 9 3 6 8 7 2 4 1 
20180803564 10 5 9 1 8 6 7 2 4 3 
20180803565 6 9 2 4 10 5 1 8 3 7 
20180803566 6 2 4 7 1 9 10 8 5 3 
20180803567 5 2 10 4 1 7 6 8 3 9 
20180803568 7 8 10 3 6 2 4 9 1 5 
20180803569 9 6 2 1 10 5 8 3 7 4 
20180803570 8 7 10 3 6 4 2 9 1 5 
20180803571 8 3 7 1 9 2 6 4 10 5 
20180803572 7 6 3 9 2 5 8 4 1 10 
20180803573 8 7 5 6 9 1 10 4 2 3 
20180803574 3 9 1 4 8 10 6 5 7 2 
20180803575 2 4 9 7 10 1 8 6 5 3 
20180803576 9 10 7 1 5 4 3 6 2 8 
20180803577 8 5 9 1 7 4 6 2 10 3 
20180803578 10 3 7 6 2 4 9 8 1 5 
20180803579 4 6 1 7 3 5 8 9 10 2 
20180803580 10 9 5 1 7 3 8 4 2 6 
20180803581 8 3 5 10 4 2 7 6 9 1 
20180803582 7 6 10 9 4 1 3 2 5 8 
20180803583 6 1 5 8 7 3 9 2 4 10 
20180803584 9 10 5 8 6 4 1 3 2 7 
20180803585 6 10 8 3 1 5 9 4 2 7 
20180803586 3 9 6 8 4 2 7 10 5 1 
20180803587 7 2 3 8 6 4 5 9 10 1 
20180803588 2 3 10 4 7 5 8 9 6 1 
20180803589 3 4 5 2 1 6 10 7 8 9 
20180803590 8 2 10 6 1 3 5 9 4 7 
20180803591 6 10 8 5 7 2 1 9 3 4 
20180803592 4 3 1 6 10 5 9 2 8 7 
20180803593 7 8 9 1 3 4 10 5 2 6 
20180803594 8 9 5 2 7 1 6 4 3 10 
20180803595 4 10 7 2 8 5 9 1 3 6 
20180803596 7 10 1 5 4 8 3 9 6 2 
20180803597 2 10 7 6 3 4 1 8 9 5 
20180803598 7 5 8 9 6 3 10 2 4 1 
20180803599 10 4 8 7 6 3 2 1 5 9 
20180803600 2 1 9 7 4 10 8 6 3 5 
20180803601 3 9 1 4 5 2 8 6 10 7 
20180803602 1 8 5 4 10 6 7 2 9 3 
20180803603 6 1 5 4 10 7 9 2 3 8 
20180803604 9 2 3 7 6 8 1 10 5 4 
20180803605 7 4 5 2 8 3 9 10 1 6 
20180803606 7 9 2 8 5 4 1 6 10 3 
20180803607 6 10 9 4 7 2 1 8 3 5 
20180803608 4 10 9 7 8 5 2 1 6 3 
20180803609 5 3 6 1 9 4 2 10 7 8 
20180803610 1 2 4 7 6 3 5 8 10 9 
20180803611 8 5 1 2 7 9 10 4 3 6 
20180803612 3 2 10 9 1 7 6 5 4 8 
20180803613 8 4 9 6 5 2 7 10 3 1 
20180803614 8 3 7 2 5 10 1 4 6 9 
20180803615 1 7 4 9 10 3 8 2 5 6 
20180803616 10 8 7 5 2 1 3 6 4 9 
20180803617 10 5 2 7 6 4 8 1 3 9 
20180803618 2 10 9 6 8 7 4 3 1 5 
20180803619 5 9 2 7 1 3 4 8 10 6 
20180803620 2 6 7 5 3 8 9 1 10 4 
20180803621 3 9 7 6 5 2 10 1 8 4 
20180803622 1 10 6 3 4 5 8 9 2 7 
20180803623 7 10 5 4 6 8 3 2 9 1 
20180803624 2 10 4 9 6 5 8 3 1 7 
20180803625 5 6 1 3 2 4 10 8 9 7 
20180803626 5 1 2 3 6 4 10 8 7 9 
20180803627 2 6 5 7 10 8 1 3 9 4 
20180803628 9 3 5 1 10 6 7 8 4 2 
20180803629 2 8 4 1 7 3 9 5 6 10 
20180803630 8 7 6 9 10 1 2 3 5 4 
20180803631 9 10 6 7 4 3 2 5 8 1 
20180803632 5 2 4 3 6 9 10 8 7 1 
20180803633 6 5 7 4 8 1 9 3 10 2 
20180803634 2 8 4 6 10 5 9 3 1 7 
20180803635 3 8 7 1 5 6 4 9 10 2 
20180803636 7 3 4 8 1 9 6 5 10 2 
20180803637 4 3 10 6 9 5 8 2 7 1 
20180803638 6 3 9 1 5 8 7 2 4 10 
20180803639 3 8 1 2 6 4 9 7 10 5 
20180803640 6 9 4 10 1 5 7 2 8 3 
20180803641 3 8 2 10 4 6 7 1 5 9 
20180803642 3 1 8 2 7 6 10 9 4 5 
20180803643 3 9 8 5 10 7 4 1 2 6 
20180803644 4 8 6 10 1 2 7 9 3 5 
20180803645 10 7 4 2 6 8 5 3 1 9 
20180803646 6 2 5 1 3 10 8 9 7 4 
20180803647 1 4 9 6 10 5 2 7 8 3 
20180803648 1 7 9 5 2 10 3 6 4 8 
20180803649 1 2 8 10 3 9 4 5 7 6 
20180803650 8 5 1 10 6 7 2 9 4 3 
20180803651 4 7 9 10 5 2 8 3 6 1 
20180803652 3 8 1 9 6 4 10 7 5 2 
20180803653 4 6 9 8 1 7 3 10 2 5 
20180803654 6 9 8 10 2 3 7 1 4 5 
20180803655 8 1 6 5 2 10 3 9 7 4 
20180803656 2 7 4 1 10 8 9 3 6 5 
20180803657 8 10 4 7 6 3 2 5 9 1 
20180803658 7 9 5 8 10 2 4 1 3 6 
20180803659 5 1 8 3 4 2 9 7 10 6 
20180803660 9 6 4 3 8 1 10 5 2 7 
20180803661 7 4 3 1 5 6 8 10 9 2 
20180803662 5 8 7 10 4 3 1 9 2 6 
20180803663 6 9 3 8 4 5 7 10 2 1 
20180803664 8 1 5 4 2 6 7 10 9 3 
20180803665 6 4 10 8 3 2 7 9 1 5 
20180803666 4 7 3 2 1 10 8 6 5 9 
20180803667 7 8 3 4 5 10 2 9 6 1 
20180803668 4 9 2 3 1 10 7 6 5 8 
20180803669 5 4 3 8 6 1 2 7 10 9 
20180803670 7 1 8 5 3 2 9 10 6 4 
20180803671 10 7 2 5 8 9 3 1 4 6 
20180803672 10 3 4 1 2 6 7 9 5 8 
20180803673 2 1 8 4 6 5 10 7 3 9 
20180803674 8 3 1 9 10 4 6 2 7 5 
20180803675 8 3 2 7 5 6 4 10 9 1 
20180803676 4 5 3 1 7 6 10 8 2 9 
20180803677 5 2 9 3 10 8 6 4 1 7 
20180803678 5 6 7 9 10 4 1 3 2 8 
20180803679 10 8 6 5 9 1 7 4 3 2 
20180803680 9 10 5 7 1 3 4 2 8 6 
20180803681 6 8 7 2 9 10 5 3 1 4 
20180803682 7 8 2 9 3 5 6 10 4 1 
20180803683 2 10 3 4 1 6 8 9 7 5 
20180803684 7 2 3 1 6 4 8 10 9 5 
20180803685 1 9 8 10 7 2 5 6 4 3 
20180803686 7 1 5 10 2 9 6 8 3 4 
20180803687 7 10 2 4 9 6 3 1 5 8 
20180803688 2 7 4 3 5 9 8 1 6 10 
20180803689 2 8 6 1 4 9 5 3 7 10 
20180803690 4 7 6 3 10 8 1 2 5 9 
20180803691 9 8 2 10 5 3 7 1 6 4 
20180803692 2 10 5 7 8 3 4 1 6 9 
20180803693 6 3 1 8 10 5 7 9 2 4 
20180803694 7 9 1 10 4 8 3 5 6 2 
20180803695 8 7 6 5 4 3 10 9 1 2 
20180803696 2 7 6 3 10 4 8 9 5 1 
20180803697 9 8 2 4 5 10 3 1 6 7 
20180803698 9 8 4 6 3 7 1 2 5 10 
20180803699 7 4 8 2 3 5 6 9 1 10 
20180803700 4 10 3 6 7 5 9 1 8 2 
20180803701 6 5 3 8 10 4 1 2 9 7 
20180803702 4 9 2 10 7 5 6 3 1 8 
20180803703 8 2 7 9 1 4 3 5 10 6 
20180803704 4 5 3 2 10 9 1 6 7 8 
20180803705 3 2 10 8 6 5 4 1 9 7 
20180803706 2 10 7 4 1 5 6 9 3 8 
20180803707 7 2 8 1 3 10 5 4 9 6 
20180803708 10 1 5 7 3 6 4 9 8 2 
20180803709 1 4 5 6 3 10 9 8 7 2 
20180803710 2 10 5 9 1 7 4 6 8 3 
20180803711 8 7 3 9 1 4 5 10 6 2 
20180803712 7 2 1 9 3 10 5 8 6 4 
20180803713 6 5 2 10 7 1 8 9 4 3 
20180803714 8 7 1 10 4 6 2 5 3 9 
20180803715 9 1 6 8 4 3 5 7 10 2 
20180803716 2 6 7 3 5 4 10 9 8 1 
20180803717 7 4 1 6 9 3 2 10 5 8 
20180803718 8 9 2 1 7 6 10 5 3 4 
20180803719 4 1 5 2 3 6 7 8 9 10 
20180803720 8 7 10 5 1 2 3 4 6 9 
20180803721 8 4 1 2 6 9 3 10 5 7 
20180803722 9 7 8 2 5 3 1 6 10 4 
20180803723 2 1 5 6 8 9 10 3 4 7 
20180803724 3 6 4 5 1 2 10 7 8 9 
20180803725 1 10 6 5 9 3 2 4 8 7 
20180803726 6 7 2 9 1 8 10 5 4 3 
20180803727 7 6 8 5 9 10 2 3 4 1 
20180803728 9 1 3 6 7 5 4 2 8 10 
20180803729 8 1 10 6 5 3 2 4 9 7 
20180803730 10 3 1 5 2 4 9 7 8 6 
20180803731 8 3 5 7 10 9 6 2 1 4 
20180803732 1 5 3 4 8 10 2 6 9 7 
20180803733 8 9 5 2 10 3 1 7 4 6 
20180803734 7 4 2 1 9 5 8 10 3 6 
20180803735 8 9 3 6 10 2 4 1 7 5 
20180803736 5 4 9 1 3 7 6 2 8 10 
20180803737 6 9 8 7 2 1 10 3 4 5 
20180803738 7 1 3 5 10 8 4 6 2 9 
20180803739 2 5 4 3 6 9 10 7 1 8 
20180803740 2 3 8 5 4 9 10 7 1 6 
20180803741 9 8 1 2 6 10 5 3 7 4 
20180803742 6 5 4 1 9 8 7 2 3 10 
20180803743 7 2 5 6 9 10 8 4 1 3 
20180803744 1 7 6 3 5 2 4 8 10 9 
20180803745 6 1 5 2 7 4 9 10 3 8 
20180803746 9 2 10 6 3 1 5 8 4 7 
20180803747 8 5 6 4 9 7 2 10 3 1 
20180803748 6 8 5 7 3 2 4 9 1 10 
20180803749 1 8 5 3 10 9 6 7 2 4 
20180803750 4 3 2 8 5 6 10 9 1 7 
20180803751 2 8 3 10 6 1 5 7 9 4 
20180803752 5 7 8 3 10 6 2 1 4 9 
20180803753 6 9 5 8 1 3 4 10 2 7 
20180803754 4 7 1 6 3 9 10 2 8 5 
20180803755 5 1 7 2 3 10 4 6 8 9 
20180803756 5 3 8 10 1 9 2 6 4 7 
20180803757 8 2 3 5 7 10 4 6 9 1 
20180803758 3 2 9 7 8 5 10 6 1 4 
20180803759 2 1 5 4 7 6 10 9 8 3 
20180803760 6 5 2 10 7 3 8 1 9 4 
20180803761 1 9 5 10 7 8 3 2 6 4 
20180803762 7 6 1 10 2 4 5 3 9 8 
20180803763 3 6 9 7 5 1 8 10 2 4 
20180803764 4 2 10 7 5 8 9 6 3 1 
20180803765 3 8 9 1 10 7 5 2 4 6 
20180803766 3 8 10 2 7 6 9 1 5 4 
20180803767 1 6 7 4 5 9 3 10 2 8 
20180803768 2 10 9 4 8 6 7 3 1 5 
20180803769 10 3 4 9 6 2 5 7 8 1 
20180803770 9 1 4 7 10 6 5 2 8 3 
20180803771 6 1 4 10 9 3 7 8 5 2 
20180803772 9 2 3 8 4 7 5 6 10 1 
20180803773 1 8 4 5 10 2 6 7 3 9 
20180803774 9 4 3 6 1 8 2 7 5 10 
20180803775 2 7 1 9 3 8 5 4 10 6 
20180803776 9 10 1 2 5 7 4 3 6 8 
20180803777 3 6 1 4 7 2 8 9 5 10 
20180803778 7 5 4 8 3 6 2 10 9 1 
20180803779 2 3 5 6 8 9 7 1 4 10 
20180803780 5 1 6 10 3 9 2 4 7 8 
20180803781 6 1 7 5 4 10 9 8 3 2 
20180803782 8 6 2 1 7 4 5 9 10 3 
20180803783 7 6 9 3 1 10 4 2 5 8 
20180803784 3 4 5 7 10 9 2 8 6 1 
20180803785 10 6 4 8 1 5 7 3 2 9 
20180803786 9 3 2 10 1 7 5 4 6 8 
20180803787 3 6 9 5 4 7 2 8 1 10 
20180803788 9 1 3 2 8 5 6 4 10 7 
20180803789 9 2 1 8 3 4 7 5 10 6 
20180803790 5 4 7 3 10 9 2 1 6 8 
20180803791 1 4 6 3 5 9 10 8 7 2 
20180803792 2 1 4 5 7 9 10 8 6 3 
20180803793 10 2 9 8 4 7 1 3 6 5 
20180803794 3 5 4 8 6 2 10 9 7 1 
20180803795 7 2 10 9 6 1 5 4 3 8 
20180803796 4 5 10 7 9 6 1 8 3 2 
20180803797 6 8 1 5 2 10 9 3 4 7 
20180803798 3 6 8 10 9 2 5 4 7 1 
20180803799 5 7 8 3 9 4 10 6 1 2 
20180803800 10 6 8 1 4 2 7 3 9 5 
20180803801 9 10 3 6 4 7 1 5 8 2 
20180803802 10 2 4 9 5 1 3 7 6 8 
20180803803 4 7 5 10 9 1 3 6 8 2 
20180803804 1 10 2 6 9 4 3 7 8 5 
20180803805 10 5 7 2 6 1 9 4 3 8 
20180803806 3 5 10 2 4 8 7 1 9 6 
20180803807 2 3 7 4 10 8 6 5 1 9 
20180803808 1 9 8 6 5 10 3 4 7 2 
20180803809 5 3 8 7 6 2 1 4 10 9 
20180803810 3 9 8 1 7 10 5 6 4 2 
20180803811 8 5 10 7 2 1 6 9 3 4 
20180803812 8 9 10 2 4 7 3 5 6 1 
20180803813 3 5 6 2 8 1 9 7 10 4 
20180803814 9 4 5 8 10 3 1 7 6 2 
20180803815 2 6 3 8 1 4 10 7 9 5 
20180803816 4 9 3 2 6 1 8 10 5 7 
20180803817 10 9 4 6 5 8 1 3 7 2 
20180803818 5 4 8 10 6 3 2 9 7 1 
20180803819 9 2 3 10 5 7 8 6 1 4 
20180803820 10 6 7 5 4 1 2 3 9 8 
20180803821 5 2 7 4 8 9 10 6 3 1 
20180803822 7 5 8 9 1 10 3 2 4 6 
20180803823 1 6 4 10 3 8 2 7 9 5 
20180803824 7 2 9 3 5 1 4 10 8 6 
20180803825 10 4 1 6 8 7 3 9 2 5 
20180803826 2 9 7 3 5 1 10 8 4 6 
20180803827 3 7 2 1 9 6 8 4 5 10 
20180803828 9 6 1 8 5 2 7 4 10 3 
20180803829 2 8 4 9 1 10 7 5 3 6 
20180803830 5 8 7 10 6 2 4 3 1 9 
20180803831 6 10 4 8 5 3 7 1 9 2 
20180803832 1 6 9 2 4 5 10 8 3 7 
20180803833 3 7 10 9 6 5 4 2 1 8 
20180803834 1 9 4 7 8 3 2 10 5 6 
20180803835 8 2 5 6 4 9 7 1 3 10 
20180803836 5 2 4 10 8 7 1 3 6 9 
20180803837 4 9 5 2 7 1 6 10 3 8 
20180803838 8 5 2 3 4 9 10 7 1 6 
20180803839 5 2 7 9 3 8 1 6 4 10 
20180803840 10 6 2 8 9 3 4 5 1 7 
20180803841 3 4 9 2 8 5 1 10 6 7 
20180803842 2 4 8 1 10 7 3 5 6 9 
20180803843 8 4 1 6 9 5 3 10 7 2 
20180803844 5 10 4 8 6 1 9 7 2 3 
20180803845 6 3 10 2 5 8 4 7 1 9 
20180803846 6 9 1 3 10 4 8 7 5 2 
20180803847 5 4 7 6 3 2 8 9 10 1 
20180803848 9 5 10 6 4 1 3 7 8 2 
20180803849 3 8 4 6 1 5 9 10 7 2 
20180803850 5 4 10 7 8 2 6 3 9 1 
20180803851 9 8 3 6 4 2 1 10 7 5 
20180803852 5 10 6 7 2 1 4 9 8 3 
20180803853 2 8 1 10 9 5 7 4 3 6 
20180803854 2 1 8 5 3 6 4 7 10 9 
20180803855 5 4 10 9 3 7 1 8 6 2 
20180803856 2 1 10 8 4 5 6 9 7 3 
20180803857 5 6 4 1 10 7 2 9 3 8 
20180803858 5 3 4 8 6 2 9 1 7 10 
20180803859 10 3 5 8 9 1 4 7 2 6 
20180803860 10 3 5 8 1 6 9 4 7 2 
20180803861 1 9 3 8 6 4 2 10 5 7 
20180803862 7 6 9 3 2 10 4 8 5 1 
20180803863 2 5 10 7 6 4 3 1 9 8 
20180803864 3 8 6 4 9 10 5 1 2 7 
20180803865 2 9 4 1 7 3 6 8 10 5 
20180803866 8 4 5 6 2 10 1 3 7 9 
20180803867 7 3 10 2 8 5 9 1 6 4 
20180803868 4 5 8 2 1 9 7 6 3 10 
20180803869 4 7 6 3 1 10 2 8 9 5 
20180803870 7 3 9 4 5 8 10 6 1 2 
20180803871 2 7 3 6 1 10 9 8 5 4 
20180803872 1 6 10 3 5 2 7 4 8 9 
20180803873 8 5 2 3 4 9 6 1 7 10 
20180803874 9 8 1 3 5 7 4 2 10 6 
20180803875 8 2 10 5 1 3 6 4 9 7 
20180803876 6 8 4 10 5 7 9 3 2 1 
20180803877 10 2 5 1 7 9 6 4 8 3 
20180803878 8 7 5 6 3 10 2 1 4 9 
20180803879 5 10 2 3 4 1 9 6 7 8 
20180803880 5 3 9 1 2 8 7 10 4 6 
20180803881 3 1 9 5 4 7 10 8 6 2 
20180803882 6 1 10 3 8 4 2 9 5 7 
20180803883 8 10 7 1 6 2 9 3 4 5 
20180803884 1 2 8 4 10 7 9 6 5 3 
20180803885 6 10 7 2 9 3 1 5 8 4 
20180803886 3 2 6 1 9 7 5 4 8 10 
20180803887 6 10 5 3 2 1 8 7 9 4 
20180803888 8 6 9 2 1 4 3 5 10 7 
20180803889 7 6 1 2 8 5 10 3 4 9 
20180803890 10 9 3 5 8 7 1 4 6 2 
20180803891 1 9 5 4 3 2 7 10 6 8 
20180803892 1 3 10 9 6 5 8 2 7 4 
20180803893 9 3 7 1 2 10 5 8 6 4 
20180803894 8 5 4 7 10 2 9 1 3 6 
20180803895 4 2 5 10 1 7 8 3 9 6 
20180803896 6 3 5 9 4 7 1 10 8 2 
20180803897 10 8 6 4 2 5 9 1 3 7 
20180803898 8 3 5 6 10 2 7 1 9 4 
20180803899 4 2 6 3 10 5 8 7 1 9 
20180803900 3 5 1 9 2 4 7 8 10 6 
20180803901 1 10 2 9 4 6 7 3 5 8 
20180803902 6 10 8 3 9 2 1 4 7 5 
20180803903 10 3 7 2 1 8 6 5 9 4 
20180803904 10 6 7 3 4 8 1 2 5 9 
20180803905 4 1 6 3 2 8 7 5 10 9 
20180803906 9 8 4 10 3 5 7 6 1 2 
20180803907 1 5 10 2 4 7 8 9 6 3 
20180803908 10 5 8 4 7 2 6 1 9 3 
20180803909 7 3 9 2 5 8 10 1 4 6 
20180803910 5 2 7 9 4 6 8 1 10 3 
20180803911 9 4 2 8 1 7 3 5 10 6 
20180803912 8 10 3 2 6 1 7 5 9 4 
20180803913 5 7 8 3 6 1 4 10 2 9 
20180803914 2 9 8 10 5 6 1 3 7 4 
20180803915 6 4 5 8 10 9 7 3 1 2 
20180803916 10 7 5 3 9 4 2 1 8 6 
20180803917 2 10 5 6 7 1 3 9 8 4 
20180803918 4 8 6 10 5 1 9 2 7 3 
20180803919 9 8 4 1 3 7 5 2 10 6 
20180803920 8 3 6 2 10 4 9 5 7 1 
20180803921 8 4 2 3 9 5 1 6 10 7 
20180803922 7 2 6 9 5 4 3 10 1 8 
20180803923 6 9 8 2 5 1 10 7 4 3 
20180803924 10 1 8 7 2 4 9 5 3 6 
20180803925 5 2 6 4 9 3 10 1 7 8 
20180803926 7 10 4 2 3 8 5 1 6 9 
20180803927 9 3 8 7 6 10 5 4 1 2 
20180803928 2 5 10 8 4 6 3 1 9 7 
20180803929 7 4 1 6 8 3 10 2 9 5 
20180803930 8 7 1 6 3 10 4 5 2 9 
20180803931 2 3 10 7 5 9 1 8 6 4 
20180803932 4 8 5 7 1 2 10 3 6 9 
20180803933 1 7 6 8 2 9 3 4 5 10 
20180803934 5 1 6 4 9 7 10 2 3 8 
20180803935 2 8 9 3 10 7 1 5 4 6 
20180803936 7 2 3 4 10 8 6 5 9 1 
20180803937 1 10 6 7 5 3 2 8 9 4 
20180803938 8 5 1 6 3 7 9 2 4 10 
20180803939 2 9 6 5 3 10 1 8 7 4 
20180803940 1 7 3 2 6 5 9 8 10 4 
20180803941 1 9 2 5 7 3 6 4 10 8 
20180803942 9 7 4 10 5 8 3 6 2 1 
20180803943 1 6 2 9 10 4 3 5 7 8 
20180803944 3 6 8 2 4 5 7 1 9 10 
20180803945 6 2 9 1 10 4 5 8 3 7 
20180803946 2 7 6 5 10 8 1 3 4 9 
20180803947 1 9 4 3 7 5 6 8 2 10 
20180803948 10 2 8 1 5 9 7 6 4 3 
20180803949 10 7 2 1 9 8 6 4 5 3 
20180803950 10 2 6 5 1 3 4 8 7 9 
20180803951 9 7 10 6 3 4 2 5 8 1 
20180803952 10 6 7 1 2 4 8 5 3 9 
20180803953 8 1 4 3 9 7 6 10 2 5 
20180803954 10 8 3 4 2 6 5 1 7 9 
20180803955 10 2 3 7 9 8 4 1 6 5 
20180803956 2 5 4 7 6 3 10 8 9 1 
20180803957 1 7 10 8 9 4 6 3 2 5 
20180803958 6 10 2 1 8 5 9 3 4 7 
20180803959 5 7 9 8 4 2 6 3 1 10 
20180803960 1 7 2 5 8 9 4 6 10 3 
20180803961 4 3 8 5 7 6 10 1 2 9 
20180803962 1 9 8 7 6 10 5 3 4 2 
20180803963 4 1 2 3 8 10 9 7 5 6 
20180803964 7 9 1 2 5 3 8 10 6 4 
20180803965 9 7 1 2 6 4 3 8 10 5 
20180803966 2 8 1 4 7 5 3 10 9 6 
20180803967 10 3 8 2 4 6 7 9 5 1 
20180803968 3 1 9 8 6 7 2 10 5 4 
20180803969 6 1 3 2 10 8 5 9 7 4 
20180803970 7 6 8 3 2 5 10 4 9 1 
20180803971 3 7 9 4 6 2 5 10 8 1 
20180803972 2 10 6 8 9 1 3 4 5 7 
20180803973 7 2 8 6 10 4 5 3 9 1 
20180803974 8 5 6 3 4 1 2 9 7 10 
20180803975 2 7 9 4 10 3 1 6 8 5 
20180803976 8 4 3 7 2 10 5 9 6 1 
20180803977 3 9 5 6 1 8 2 4 10 7 
20180803978 2 4 8 7 6 3 9 1 5 10 
20180803979 4 6 8 3 7 1 2 9 10 5 
20180803980 7 1 9 5 8 6 3 4 2 10 
20180803981 6 1 9 3 7 10 4 5 8 2 
20180803982 9 8 7 5 10 4 1 3 6 2 
20180803983 4 10 9 1 5 6 3 2 7 8 
20180803984 2 9 10 3 4 5 1 8 7 6 
20180803985 3 4 5 8 7 1 10 2 9 6 
